"Nom de la Station","KUGLUKTUK A"
"Province","NUNAVUT"
"Latitude","67,82"
"Longitude","-115,14"
"Altitude","22,60"
"Identification Climat","2300902"
"Identification OMM","71938"
"Identification TC","YCO"
"Toutes les heures sont exprimées en heure normale locale (HNL). Pour convertir l'heure locale en heure avancée de l'Est (HAE), ajoutez 1 heure s'il y a lieu."

"Légende"
"M","Données Manquantes"
"E","Valeur Estimée"
"ND","Non Disponible"
"**","Données fournies par un partenaire, non assujetties à un révision par les Archives climatiques nationales du Canada"

"Date/Heure","Année","Mois","Jour","Heure","Qualité des Données","Temp (°C)","Temp Indicateur","Point de rosée (°C)","Point de rosée Indicateur","Hum. rel (%)","Hum. rel. Indicateur","Dir. du vent (10s deg)","Dir. du vent Indicateur","Vit. du vent (km/h)","Vit. du vent Indicateur","Visibilité (km)","Visibilité Indicateur","Pression à la station (kPa)","Pression à la station Indicateur","Hmdx","Hmdx Indicateur","Refroid. éolien","Refroid. éolien Indicateur","Temps"
"2006-07-01 00:00","2006","07","01","00:00"," ","8,60","","5,20","","79,00","","30,00","","22,00","","24,10","","100,85","","","","","","Généralement nuageux"
"2006-07-01 01:00","2006","07","01","01:00"," ","7,10","","5,30","","88,00","","32,00","","22,00","","24,10","","100,89","","","","","","Généralement nuageux"
"2006-07-01 02:00","2006","07","01","02:00"," ","7,00","","5,40","","90,00","","28,00","","11,00","","24,10","","100,93","","","","","","Généralement nuageux"
"2006-07-01 03:00","2006","07","01","03:00"," ","6,50","","4,40","","86,00","","25,00","","11,00","","24,10","","100,95","","","","","","Généralement nuageux"
"2006-07-01 04:00","2006","07","01","04:00"," ","5,70","","4,00","","89,00","","26,00","","17,00","","24,10","","100,94","","","","","","Généralement dégagé"
"2006-07-01 05:00","2006","07","01","05:00"," ","7,00","","4,30","","83,00","","27,00","","15,00","","24,10","","100,96","","","","","","Généralement dégagé"
"2006-07-01 06:00","2006","07","01","06:00"," ","8,50","","4,60","","76,00","","26,00","","17,00","","24,10","","100,98","","","","","","Généralement nuageux"
"2006-07-01 07:00","2006","07","01","07:00"," ","10,00","","4,10","","67,00","","26,00","","7,00","","24,10","","100,98","","","","","","Généralement nuageux"
"2006-07-01 08:00","2006","07","01","08:00"," ","12,40","","5,20","","61,00","","25,00","","7,00","","24,10","","100,95","","","","","","Généralement nuageux"
"2006-07-01 09:00","2006","07","01","09:00"," ","13,90","","5,90","","58,00","","26,00","","15,00","","24,10","","100,96","","","","","","Généralement nuageux"
"2006-07-01 10:00","2006","07","01","10:00"," ","15,40","","3,80","","46,00","","25,00","","7,00","","24,10","","100,94","","","","","","Généralement nuageux"
"2006-07-01 11:00","2006","07","01","11:00"," ","17,90","","0,70","","31,00","","28,00","","7,00","","24,10","","100,90","","","","","","Généralement nuageux"
"2006-07-01 12:00","2006","07","01","12:00"," ","19,10","","3,00","","34,00","","23,00","","6,00","","24,10","","100,88","","","","","","Généralement nuageux"
"2006-07-01 13:00","2006","07","01","13:00"," ","19,60","","1,40","","30,00","","30,00","","17,00","","24,10","","100,85","","","","","","Généralement nuageux"
"2006-07-01 14:00","2006","07","01","14:00"," ","20,20","","1,30","","28,00","","28,00","","6,00","","24,10","","100,84","","","","","","Généralement dégagé"
"2006-07-01 15:00","2006","07","01","15:00"," ","22,50","","3,50","","29,00","","26,00","","6,00","","24,10","","100,81","","","","","","Généralement dégagé"
"2006-07-01 16:00","2006","07","01","16:00"," ","22,80","","6,40","","35,00","","13,00","","9,00","","24,10","","100,77","","","","","","Généralement nuageux"
"2006-07-01 17:00","2006","07","01","17:00"," ","22,50","","6,70","","36,00","","2,00","","7,00","","24,10","","100,76","","","","","","Généralement nuageux"
"2006-07-01 18:00","2006","07","01","18:00"," ","22,00","","7,80","","40,00","","0,00","","0,00","","24,10","","100,73","","","","","","Généralement nuageux"
"2006-07-01 19:00","2006","07","01","19:00"," ","17,70","","11,50","","67,00","","35,00","","22,00","","24,10","","100,79","","","","","","Nuageux"
"2006-07-01 20:00","2006","07","01","20:00"," ","16,00","","10,90","","72,00","","34,00","","22,00","","24,10","","100,82","","","","","","Généralement nuageux"
"2006-07-01 21:00","2006","07","01","21:00"," ","13,70","","10,90","","83,00","","34,00","","17,00","","19,30","","100,87","","","","","","Pluie"
"2006-07-01 22:00","2006","07","01","22:00"," ","13,10","","11,60","","91,00","","36,00","","7,00","","19,30","","100,90","","","","","","Pluie"
"2006-07-01 23:00","2006","07","01","23:00"," ","13,10","","11,60","","91,00","","13,00","","6,00","","24,10","","100,91","","","","","","Pluie"
"2006-07-02 00:00","2006","07","02","00:00"," ","12,40","","11,50","","94,00","","0,00","","0,00","","24,10","","100,93","","","","","","Pluie"
"2006-07-02 01:00","2006","07","02","01:00"," ","11,40","","10,90","","97,00","","21,00","","7,00","","24,10","","100,92","","","","","","Pluie"
"2006-07-02 02:00","2006","07","02","02:00"," ","11,80","","11,30","","97,00","","22,00","","7,00","","16,10","","100,94","","","","","","Pluie"
"2006-07-02 03:00","2006","07","02","03:00"," ","12,10","","11,80","","98,00","","22,00","","7,00","","16,10","","100,93","","","","","","Pluie"
"2006-07-02 04:00","2006","07","02","04:00"," ","12,30","","12,00","","98,00","","0,00","","0,00","","12,90","","100,90","","","","","","Pluie"
"2006-07-02 05:00","2006","07","02","05:00"," ","12,50","","12,20","","98,00","","22,00","","6,00","","24,10","","100,91","","","","","","Généralement dégagé"
"2006-07-02 06:00","2006","07","02","06:00"," ","14,40","","13,30","","93,00","","21,00","","9,00","","24,10","","100,92","","","","","","Généralement nuageux"
"2006-07-02 07:00","2006","07","02","07:00"," ","11,30","","10,10","","92,00","","1,00","","15,00","","24,10","","100,97","","","","","","Généralement nuageux"
"2006-07-02 08:00","2006","07","02","08:00"," ","11,30","","8,60","","83,00","","2,00","","19,00","","24,10","","101,00","","","","","","Nuageux"
"2006-07-02 09:00","2006","07","02","09:00"," ","11,50","","9,50","","88,00","","1,00","","9,00","","24,10","","101,03","","","","","","Généralement nuageux"
"2006-07-02 10:00","2006","07","02","10:00"," ","12,20","","8,60","","79,00","","5,00","","6,00","","24,10","","101,02","","","","","","Généralement nuageux"
"2006-07-02 11:00","2006","07","02","11:00"," ","12,90","","9,30","","79,00","","12,00","","13,00","","24,10","","100,98","","","","","","Généralement nuageux"
"2006-07-02 12:00","2006","07","02","12:00"," ","15,60","","12,10","","80,00","","7,00","","9,00","","24,10","","100,92","","","","","","Nuageux"
"2006-07-02 13:00","2006","07","02","13:00"," ","15,80","","12,10","","79,00","","6,00","","11,00","","24,10","","100,88","","","","","","Généralement nuageux"
"2006-07-02 14:00","2006","07","02","14:00"," ","15,40","","11,90","","80,00","","6,00","","11,00","","24,10","","100,85","","","","","","Généralement nuageux"
"2006-07-02 15:00","2006","07","02","15:00"," ","15,90","","12,40","","80,00","","6,00","","15,00","","24,10","","100,86","","","","","","Nuageux"
"2006-07-02 16:00","2006","07","02","16:00"," ","18,00","","11,10","","64,00","","27,00","","9,00","","24,10","","100,87","","","","","","Généralement nuageux"
"2006-07-02 17:00","2006","07","02","17:00"," ","18,00","","11,30","","65,00","","28,00","","17,00","","24,10","","100,85","","","","","","Généralement nuageux"
"2006-07-02 18:00","2006","07","02","18:00"," ","18,60","","9,70","","56,00","","25,00","","28,00","","24,10","","100,86","","","","","","Nuageux"
"2006-07-02 19:00","2006","07","02","19:00"," ","19,00","","8,70","","51,00","","27,00","","28,00","","24,10","","100,87","","","","","","Généralement nuageux"
"2006-07-02 20:00","2006","07","02","20:00"," ","17,80","","9,70","","59,00","","26,00","","17,00","","24,10","","100,88","","","","","","Généralement nuageux"
"2006-07-02 21:00","2006","07","02","21:00"," ","17,30","","9,90","","62,00","","26,00","","15,00","","24,10","","100,87","","","","","","Généralement nuageux"
"2006-07-02 22:00","2006","07","02","22:00"," ","16,20","","10,00","","67,00","","26,00","","13,00","","24,10","","100,88","","","","","","Généralement dégagé"
"2006-07-02 23:00","2006","07","02","23:00"," ","13,30","","10,30","","82,00","","26,00","","13,00","","24,10","","100,89","","","","","","Généralement nuageux"
"2006-07-03 00:00","2006","07","03","00:00"," ","14,30","","10,10","","76,00","","27,00","","11,00","","24,10","","100,89","","","","","","Généralement nuageux"
"2006-07-03 01:00","2006","07","03","01:00"," ","12,90","","10,30","","84,00","","0,00","","0,00","","24,10","","100,86","","","","","","Généralement nuageux"
"2006-07-03 02:00","2006","07","03","02:00"," ","12,70","","10,60","","87,00","","30,00","","13,00","","19,30","","100,94","","","","","","Averses de pluie"
"2006-07-03 03:00","2006","07","03","03:00"," ","10,70","","9,40","","92,00","","2,00","","24,00","","24,10","","100,94","","","","","","Pluie"
"2006-07-03 04:00","2006","07","03","04:00"," ","9,70","","7,80","","88,00","","36,00","","30,00","","24,10","","101,07","","","","","","Nuageux"
"2006-07-03 05:00","2006","07","03","05:00"," ","7,50","","5,50","","87,00","","35,00","","35,00","","24,10","","101,16","","","","","","Nuageux"
"2006-07-03 06:00","2006","07","03","06:00"," ","6,30","","4,90","","91,00","","34,00","","28,00","","9,70","","101,25","","","","","","Bruine"
"2006-07-03 07:00","2006","07","03","07:00"," ","5,50","","4,70","","95,00","","36,00","","20,00","","3,60","","101,32","","","","","","Bruine,Brouillard"
"2006-07-03 08:00","2006","07","03","08:00"," ","5,80","","5,20","","96,00","","32,00","","7,00","","4,00","","101,37","","","","","","Bruine,Brouillard"
"2006-07-03 09:00","2006","07","03","09:00"," ","6,50","","6,10","","97,00","","26,00","","6,00","","6,40","","101,39","","","","","","Bruine,Brouillard"
"2006-07-03 10:00","2006","07","03","10:00"," ","7,70","","6,50","","92,00","","22,00","","11,00","","24,10","","101,39","","","","","","Nuageux"
"2006-07-03 11:00","2006","07","03","11:00"," ","8,60","","5,80","","83,00","","23,00","","13,00","","24,10","","101,38","","","","","","Nuageux"
"2006-07-03 12:00","2006","07","03","12:00"," ","10,10","","6,20","","77,00","","24,00","","15,00","","24,10","","101,37","","","","","","Nuageux"
"2006-07-03 13:00","2006","07","03","13:00"," ","11,20","","3,70","","60,00","","29,00","","20,00","","24,10","","101,38","","","","","","Nuageux"
"2006-07-03 14:00","2006","07","03","14:00"," ","12,20","","3,80","","56,00","","26,00","","15,00","","24,10","","101,38","","","","","","Généralement nuageux"
"2006-07-03 15:00","2006","07","03","15:00"," ","13,20","","4,30","","55,00","","33,00","","17,00","","24,10","","101,42","","","","","","Généralement nuageux"
"2006-07-03 16:00","2006","07","03","16:00"," ","10,50","","5,60","","72,00","","3,00","","20,00","","24,10","","101,49","","","","","","Généralement nuageux"
"2006-07-03 17:00","2006","07","03","17:00"," ","10,20","","5,30","","72,00","","10,00","","15,00","","24,10","","101,57","","","","","","Généralement nuageux"
"2006-07-03 18:00","2006","07","03","18:00"," ","10,30","","4,50","","67,00","","5,00","","19,00","","24,10","","101,62","","","","","","Généralement nuageux"
"2006-07-03 19:00","2006","07","03","19:00"," ","9,50","","4,00","","69,00","","7,00","","15,00","","24,10","","101,67","","","","","","Généralement nuageux"
"2006-07-03 20:00","2006","07","03","20:00"," ","9,20","","3,60","","68,00","","4,00","","15,00","","24,10","","101,71","","","","","","Généralement nuageux"
"2006-07-03 21:00","2006","07","03","21:00"," ","9,00","","3,40","","68,00","","3,00","","15,00","","24,10","","101,75","","","","","","Généralement dégagé"
"2006-07-03 22:00","2006","07","03","22:00"," ","7,50","","3,30","","75,00","","1,00","","13,00","","24,10","","101,79","","","","","","Pluie"
"2006-07-03 23:00","2006","07","03","23:00"," ","7,30","","3,10","","75,00","","36,00","","13,00","","24,10","","101,83","","","","","","Généralement nuageux"
"2006-07-04 00:00","2006","07","04","00:00"," ","6,10","","2,90","","80,00","","1,00","","13,00","","24,10","","101,83","","","","","","Généralement dégagé"
"2006-07-04 01:00","2006","07","04","01:00"," ","6,40","","2,50","","76,00","","1,00","","11,00","","24,10","","101,88","","","","","","Généralement nuageux"
"2006-07-04 02:00","2006","07","04","02:00"," ","5,60","","2,50","","80,00","","36,00","","9,00","","24,10","","101,89","","","","","","Généralement nuageux"
"2006-07-04 03:00","2006","07","04","03:00"," ","6,00","","2,80","","80,00","","8,00","","6,00","","24,10","","101,90","","","","","","Généralement nuageux"
"2006-07-04 04:00","2006","07","04","04:00"," ","6,10","","3,30","","82,00","","0,00","","0,00","","24,10","","101,89","","","","","","Généralement nuageux"
"2006-07-04 05:00","2006","07","04","05:00"," ","6,10","","3,10","","81,00","","0,00","","0,00","","24,10","","101,91","","","","","","Généralement nuageux"
"2006-07-04 06:00","2006","07","04","06:00"," ","6,30","","3,60","","83,00","","12,00","","6,00","","24,10","","101,87","","","","","","Généralement nuageux"
"2006-07-04 07:00","2006","07","04","07:00"," ","7,40","","3,60","","77,00","","15,00","","9,00","","24,10","","101,87","","","","","","Généralement nuageux"
"2006-07-04 08:00","2006","07","04","08:00"," ","8,00","","3,40","","73,00","","0,00","","0,00","","24,10","","101,86","","","","","","Généralement nuageux"
"2006-07-04 09:00","2006","07","04","09:00"," ","7,70","","4,60","","81,00","","5,00","","19,00","","24,10","","101,87","","","","","","Nuageux"
"2006-07-04 10:00","2006","07","04","10:00"," ","7,70","","4,90","","82,00","","5,00","","15,00","","24,10","","101,87","","","","","","Nuageux"
"2006-07-04 11:00","2006","07","04","11:00"," ","7,40","","4,70","","83,00","","6,00","","13,00","","24,10","","101,87","","","","","","Nuageux"
"2006-07-04 12:00","2006","07","04","12:00"," ","7,80","","5,20","","84,00","","7,00","","13,00","","24,10","","101,88","","","","","","Averses de pluie"
"2006-07-04 13:00","2006","07","04","13:00"," ","7,90","","4,90","","81,00","","5,00","","13,00","","24,10","","101,86","","","","","","Averses de pluie"
"2006-07-04 14:00","2006","07","04","14:00"," ","7,60","","5,00","","84,00","","6,00","","13,00","","24,10","","101,87","","","","","","Averses de pluie"
"2006-07-04 15:00","2006","07","04","15:00"," ","7,60","","3,90","","77,00","","5,00","","9,00","","24,10","","101,85","","","","","","Averses de pluie"
"2006-07-04 16:00","2006","07","04","16:00"," ","7,70","","4,00","","77,00","","7,00","","9,00","","24,10","","101,84","","","","","","Averses de pluie"
"2006-07-04 17:00","2006","07","04","17:00"," ","8,00","","4,80","","80,00","","12,00","","11,00","","24,10","","101,83","","","","","","Averses de pluie"
"2006-07-04 18:00","2006","07","04","18:00"," ","8,80","","4,30","","73,00","","9,00","","7,00","","24,10","","101,80","","","","","","Généralement nuageux"
"2006-07-04 19:00","2006","07","04","19:00"," ","8,50","","5,50","","81,00","","9,00","","7,00","","24,10","","101,75","","","","","","Généralement nuageux"
"2006-07-04 20:00","2006","07","04","20:00"," ","9,20","","3,60","","68,00","","12,00","","6,00","","24,10","","101,75","","","","","","Généralement nuageux"
"2006-07-04 21:00","2006","07","04","21:00"," ","8,40","","3,90","","73,00","","9,00","","7,00","","24,10","","101,75","","","","","","Généralement nuageux"
"2006-07-04 22:00","2006","07","04","22:00"," ","7,90","","4,60","","80,00","","15,00","","7,00","","24,10","","101,73","","","","","","Généralement nuageux"
"2006-07-04 23:00","2006","07","04","23:00"," ","7,10","","4,20","","82,00","","15,00","","6,00","","24,10","","101,72","","","","","","Généralement dégagé"
"2006-07-05 00:00","2006","07","05","00:00"," ","6,30","","4,20","","86,00","","0,00","","0,00","","24,10","","101,70","","","","","","Généralement dégagé"
"2006-07-05 01:00","2006","07","05","01:00"," ","6,40","","2,70","","77,00","","11,00","","6,00","","24,10","","101,65","","","","","","Généralement dégagé"
"2006-07-05 02:00","2006","07","05","02:00"," ","5,40","","3,50","","88,00","","10,00","","6,00","","24,10","","101,63","","","","","","Généralement nuageux"
"2006-07-05 03:00","2006","07","05","03:00"," ","6,60","","4,30","","85,00","","0,00","","0,00","","24,10","","101,56","","","","","","Généralement nuageux"
"2006-07-05 04:00","2006","07","05","04:00"," ","6,90","","5,30","","90,00","","5,00","","7,00","","19,30","","101,54","","","","","","Pluie"
"2006-07-05 05:00","2006","07","05","05:00"," ","7,30","","4,90","","85,00","","0,00","","0,00","","24,10","","101,49","","","","","","Pluie"
"2006-07-05 06:00","2006","07","05","06:00"," ","7,80","","4,80","","81,00","","0,00","","0,00","","24,10","","101,43","","","","","","Pluie"
"2006-07-05 07:00","2006","07","05","07:00"," ","8,20","","4,30","","76,00","","18,00","","6,00","","24,10","","101,38","","","","","","Nuageux"
"2006-07-05 08:00","2006","07","05","08:00"," ","7,80","","6,00","","88,00","","30,00","","6,00","","19,30","","101,37","","","","","","Pluie"
"2006-07-05 09:00","2006","07","05","09:00"," ","9,20","","6,70","","84,00","","0,00","","0,00","","24,10","","101,32","","","","","","Généralement nuageux"
"2006-07-05 10:00","2006","07","05","10:00"," ","10,00","","7,40","","84,00","","36,00","","6,00","","24,10","","101,30","","","","","","Généralement nuageux"
"2006-07-05 11:00","2006","07","05","11:00"," ","10,80","","7,60","","81,00","","2,00","","7,00","","24,10","","101,25","","","","","","Généralement dégagé"
"2006-07-05 12:00","2006","07","05","12:00"," ","11,10","","7,70","","80,00","","5,00","","17,00","","24,10","","101,21","","","","","","Averses de pluie"
"2006-07-05 13:00","2006","07","05","13:00"," ","9,60","","6,30","","80,00","","6,00","","24,00","","24,10","","101,22","","","","","","Généralement dégagé"
"2006-07-05 14:00","2006","07","05","14:00"," ","9,60","","5,70","","77,00","","5,00","","24,00","","24,10","","101,27","","","","","","Généralement dégagé"
"2006-07-05 15:00","2006","07","05","15:00"," ","9,40","","4,30","","70,00","","6,00","","15,00","","24,10","","101,32","","","","","","Généralement nuageux"
"2006-07-05 16:00","2006","07","05","16:00"," ","9,40","","4,30","","70,00","","4,00","","20,00","","24,10","","101,34","","","","","","Généralement dégagé"
"2006-07-05 17:00","2006","07","05","17:00"," ","9,20","","3,40","","67,00","","5,00","","19,00","","24,10","","101,36","","","","","","Généralement nuageux"
"2006-07-05 18:00","2006","07","05","18:00"," ","9,10","","3,50","","68,00","","5,00","","17,00","","19,30","","101,38","","","","","","Averses de pluie"
"2006-07-05 19:00","2006","07","05","19:00"," ","8,10","","2,80","","69,00","","7,00","","17,00","","24,10","","101,35","","","","","","Généralement nuageux"
"2006-07-05 20:00","2006","07","05","20:00"," ","7,70","","1,60","","65,00","","3,00","","24,00","","24,10","","101,33","","","","","","Nuageux"
"2006-07-05 21:00","2006","07","05","21:00"," ","5,10","","1,50","","78,00","","36,00","","30,00","","24,10","","101,37","","","","","","Nuageux"
"2006-07-05 22:00","2006","07","05","22:00"," ","3,20","","0,60","","83,00","","36,00","","43,00","","24,10","","101,42","","","","","","Nuageux"
"2006-07-05 23:00","2006","07","05","23:00"," ","2,80","","0,90","","87,00","","35,00","","43,00","","16,10","","101,45","","","","","","Averses de pluie"
"2006-07-06 00:00","2006","07","06","00:00"," ","2,10","","0,90","","92,00","","34,00","","32,00","","12,90","","101,46","","","","","","Averses de pluie,Averses de neige"
"2006-07-06 01:00","2006","07","06","01:00"," ","2,20","","-0,50","","82,00","","33,00","","30,00","","12,90","","101,46","","","","","","Averses de pluie,Averses de neige"
"2006-07-06 02:00","2006","07","06","02:00"," ","2,10","","-0,60","","82,00","","33,00","","33,00","","19,30","","101,49","","","","","","Nuageux"
"2006-07-06 03:00","2006","07","06","03:00"," ","2,20","","-0,50","","82,00","","32,00","","26,00","","24,10","","101,51","","","","","","Nuageux"
"2006-07-06 04:00","2006","07","06","04:00"," ","2,50","","-0,40","","81,00","","32,00","","28,00","","24,10","","101,52","","","","","","Nuageux"
"2006-07-06 05:00","2006","07","06","05:00"," ","2,90","","-0,70","","77,00","","33,00","","22,00","","24,10","","101,52","","","","","","Nuageux"
"2006-07-06 06:00","2006","07","06","06:00"," ","3,20","","-1,80","","70,00","","32,00","","28,00","","24,10","","101,53","","","","","","Nuageux"
"2006-07-06 07:00","2006","07","06","07:00"," ","3,20","","-0,90","","74,00","","30,00","","30,00","","19,30","","101,54","","","","","","Averses de pluie,Neige roulée"
"2006-07-06 08:00","2006","07","06","08:00"," ","3,50","","-0,30","","76,00","","33,00","","24,00","","19,30","","101,57","","","","","","Averses de pluie"
"2006-07-06 09:00","2006","07","06","09:00"," ","4,60","","-1,20","","66,00","","31,00","","28,00","","24,10","","101,57","","","","","","Nuageux"
"2006-07-06 10:00","2006","07","06","10:00"," ","5,60","","-0,20","","66,00","","33,00","","26,00","","24,10","","101,60","","","","","","Généralement nuageux"
"2006-07-06 11:00","2006","07","06","11:00"," ","5,10","","-0,90","","65,00","","30,00","","24,00","","24,10","","101,63","","","","","","Nuageux"
"2006-07-06 12:00","2006","07","06","12:00"," ","6,30","","-0,70","","61,00","","31,00","","22,00","","24,10","","101,64","","","","","","Généralement nuageux"
"2006-07-06 13:00","2006","07","06","13:00"," ","6,40","","-1,50","","57,00","","32,00","","30,00","","24,10","","101,64","","","","","","Généralement nuageux"
"2006-07-06 14:00","2006","07","06","14:00"," ","6,30","","-0,50","","62,00","","31,00","","26,00","","24,10","","101,67","","","","","","Généralement nuageux"
"2006-07-06 15:00","2006","07","06","15:00"," ","7,10","","-0,30","","59,00","","31,00","","32,00","","24,10","","101,69","","","","","","Généralement nuageux"
"2006-07-06 16:00","2006","07","06","16:00"," ","7,30","","-0,30","","58,00","","33,00","","26,00","","24,10","","101,72","","","","","","Généralement nuageux"
"2006-07-06 17:00","2006","07","06","17:00"," ","8,40","","-0,20","","55,00","","33,00","","30,00","","24,10","","101,75","","","","","","Généralement nuageux"
"2006-07-06 18:00","2006","07","06","18:00"," ","7,20","","-0,10","","60,00","","33,00","","26,00","","24,10","","101,77","","","","","","Généralement dégagé"
"2006-07-06 19:00","2006","07","06","19:00"," ","6,40","","0,00","","64,00","","33,00","","32,00","","24,10","","101,80","","","","","","Généralement nuageux"
"2006-07-06 20:00","2006","07","06","20:00"," ","5,90","","-0,10","","65,00","","33,00","","24,00","","24,10","","101,84","","","","","","Généralement nuageux"
"2006-07-06 21:00","2006","07","06","21:00"," ","5,30","","-0,30","","67,00","","33,00","","28,00","","24,10","","101,84","","","","","","Généralement nuageux"
"2006-07-06 22:00","2006","07","06","22:00"," ","5,00","","-0,40","","68,00","","33,00","","20,00","","24,10","","101,88","","","","","","Généralement nuageux"
"2006-07-06 23:00","2006","07","06","23:00"," ","4,60","","-0,40","","70,00","","34,00","","24,00","","24,10","","101,92","","","","","","Généralement nuageux"
"2006-07-07 00:00","2006","07","07","00:00"," ","4,40","","-0,30","","71,00","","32,00","","9,00","","24,10","","101,93","","","","","","Généralement nuageux"
"2006-07-07 01:00","2006","07","07","01:00"," ","2,10","","-1,10","","79,00","","29,00","","9,00","","24,10","","101,96","","","","","","Généralement dégagé"
"2006-07-07 02:00","2006","07","07","02:00"," ","1,00","","-1,00","","86,00","","26,00","","11,00","","24,10","","101,99","","","","","","Généralement dégagé"
"2006-07-07 03:00","2006","07","07","03:00"," ","1,80","","-0,70","","83,00","","28,00","","11,00","","24,10","","102,00","","","","","","Généralement nuageux"
"2006-07-07 04:00","2006","07","07","04:00"," ","2,50","","0,40","","86,00","","27,00","","6,00","","24,10","","101,99","","","","","","Généralement nuageux"
"2006-07-07 05:00","2006","07","07","05:00"," ","2,60","","0,50","","86,00","","22,00","","7,00","","24,10","","102,01","","","","","","Généralement nuageux"
"2006-07-07 06:00","2006","07","07","06:00"," ","3,30","","0,50","","82,00","","21,00","","7,00","","24,10","","102,01","","","","","","Généralement nuageux"
"2006-07-07 07:00","2006","07","07","07:00"," ","4,10","","-0,20","","74,00","","24,00","","6,00","","24,10","","101,99","","","","","","Généralement nuageux"
"2006-07-07 08:00","2006","07","07","08:00"," ","5,50","","-0,60","","65,00","","30,00","","6,00","","24,10","","101,97","","","","","","Généralement nuageux"
"2006-07-07 09:00","2006","07","07","09:00"," ","7,10","","-1,70","","53,00","","26,00","","13,00","","24,10","","101,95","","","","","","Généralement nuageux"
"2006-07-07 10:00","2006","07","07","10:00"," ","7,60","","-0,70","","56,00","","0,00","","0,00","","24,10","","101,94","","","","","","Généralement nuageux"
"2006-07-07 11:00","2006","07","07","11:00"," ","7,90","","-1,20","","53,00","","8,00","","7,00","","24,10","","101,92","","","","","","Généralement dégagé"
"2006-07-07 12:00","2006","07","07","12:00"," ","9,60","","-0,60","","49,00","","6,00","","11,00","","24,10","","101,90","","","","","","Généralement dégagé"
"2006-07-07 13:00","2006","07","07","13:00"," ","9,60","","-0,60","","49,00","","3,00","","15,00","","24,10","","101,85","","","","","","Généralement dégagé"
"2006-07-07 14:00","2006","07","07","14:00"," ","10,30","","-0,80","","46,00","","9,00","","7,00","","24,10","","101,83","","","","","","Généralement dégagé"
"2006-07-07 15:00","2006","07","07","15:00"," ","10,80","","0,30","","48,00","","6,00","","13,00","","24,10","","101,81","","","","","","Généralement dégagé"
"2006-07-07 16:00","2006","07","07","16:00"," ","11,10","","0,10","","47,00","","12,00","","7,00","","24,10","","101,80","","","","","","Généralement dégagé"
"2006-07-07 17:00","2006","07","07","17:00"," ","11,60","","0,80","","47,00","","8,00","","13,00","","24,10","","101,79","","","","","","Généralement dégagé"
"2006-07-07 18:00","2006","07","07","18:00"," ","10,40","","0,60","","51,00","","9,00","","19,00","","24,10","","101,78","","","","","","Généralement dégagé"
"2006-07-07 19:00","2006","07","07","19:00"," ","11,10","","1,00","","50,00","","9,00","","19,00","","24,10","","101,76","","","","","","Généralement nuageux"
"2006-07-07 20:00","2006","07","07","20:00"," ","10,50","","1,50","","54,00","","9,00","","13,00","","24,10","","101,78","","","","","","Généralement nuageux"
"2006-07-07 21:00","2006","07","07","21:00"," ","9,70","","2,50","","61,00","","10,00","","17,00","","24,10","","101,77","","","","","","Généralement nuageux"
"2006-07-07 22:00","2006","07","07","22:00"," ","9,30","","1,80","","59,00","","12,00","","13,00","","24,10","","101,76","","","","","","Généralement nuageux"
"2006-07-07 23:00","2006","07","07","23:00"," ","8,90","","3,00","","66,00","","10,00","","11,00","","24,10","","101,76","","","","","","Généralement nuageux"
"2006-07-08 00:00","2006","07","08","00:00"," ","7,70","","3,30","","74,00","","9,00","","9,00","","24,10","","101,79","","","","","","Généralement nuageux"
"2006-07-08 01:00","2006","07","08","01:00"," ","7,70","","3,30","","74,00","","7,00","","15,00","","24,10","","101,79","","","","","","Généralement nuageux"
"2006-07-08 02:00","2006","07","08","02:00"," ","8,00","","5,60","","85,00","","2,00","","24,00","","24,10","","101,80","","","","","","Généralement nuageux"
"2006-07-08 03:00","2006","07","08","03:00"," ","6,00","","3,90","","86,00","","2,00","","26,00","","24,10","","101,81","","","","","","Généralement nuageux"
"2006-07-08 04:00","2006","07","08","04:00"," ","5,90","","0,90","","70,00","","4,00","","17,00","","24,10","","101,84","","","","","","Généralement nuageux"
"2006-07-08 05:00","2006","07","08","05:00"," ","5,10","","2,20","","82,00","","1,00","","20,00","","24,10","","101,88","","","","","","Généralement nuageux"
"2006-07-08 06:00","2006","07","08","06:00"," ","4,70","","0,80","","76,00","","2,00","","19,00","","24,10","","101,89","","","","","","Généralement nuageux"
"2006-07-08 07:00","2006","07","08","07:00"," ","5,60","","1,30","","74,00","","1,00","","15,00","","24,10","","101,92","","","","","","Généralement nuageux"
"2006-07-08 08:00","2006","07","08","08:00"," ","6,10","","1,40","","72,00","","3,00","","13,00","","24,10","","101,92","","","","","","Généralement dégagé"
"2006-07-08 09:00","2006","07","08","09:00"," ","7,80","","0,10","","58,00","","2,00","","15,00","","24,10","","101,92","","","","","","Généralement dégagé"
"2006-07-08 10:00","2006","07","08","10:00"," ","8,10","","0,20","","57,00","","4,00","","13,00","","24,10","","101,91","","","","","","Dégagé"
"2006-07-08 11:00","2006","07","08","11:00"," ","9,10","","1,30","","58,00","","5,00","","11,00","","24,10","","101,91","","","","","","Dégagé"
"2006-07-08 12:00","2006","07","08","12:00"," ","9,50","","0,10","","52,00","","4,00","","11,00","","24,10","","101,89","","","","","","Dégagé"
"2006-07-08 13:00","2006","07","08","13:00"," ","9,90","","-1,00","","47,00","","5,00","","11,00","","24,10","","101,88","","","","","","Généralement dégagé"
"2006-07-08 14:00","2006","07","08","14:00"," ","10,20","","1,10","","53,00","","10,00","","13,00","","24,10","","101,87","","","","","","Généralement dégagé"
"2006-07-08 15:00","2006","07","08","15:00"," ","10,30","","-0,50","","47,00","","11,00","","17,00","","24,10","","101,86","","","","","","Généralement dégagé"
"2006-07-08 16:00","2006","07","08","16:00"," ","10,60","","-0,30","","47,00","","6,00","","13,00","","24,10","","101,86","","","","","","Généralement dégagé"
"2006-07-08 17:00","2006","07","08","17:00"," ","10,90","","0,40","","48,00","","8,00","","19,00","","24,10","","101,84","","","","","","Dégagé"
"2006-07-08 18:00","2006","07","08","18:00"," ","10,60","","1,10","","52,00","","8,00","","13,00","","24,10","","101,83","","","","","","Dégagé"
"2006-07-08 19:00","2006","07","08","19:00"," ","10,00","","0,80","","53,00","","8,00","","11,00","","24,10","","101,81","","","","","","Dégagé"
"2006-07-08 20:00","2006","07","08","20:00"," ","10,00","","0,30","","51,00","","9,00","","11,00","","24,10","","101,79","","","","","","Dégagé"
"2006-07-08 21:00","2006","07","08","21:00"," ","9,40","","0,80","","55,00","","9,00","","9,00","","24,10","","101,77","","","","","","Dégagé"
"2006-07-08 22:00","2006","07","08","22:00"," ","8,60","","1,10","","59,00","","12,00","","9,00","","24,10","","101,76","","","","","","Dégagé"
"2006-07-08 23:00","2006","07","08","23:00"," ","7,80","","1,70","","65,00","","0,00","","0,00","","24,10","","101,76","","","","","","Dégagé"
"2006-07-09 00:00","2006","07","09","00:00"," ","6,80","","0,70","","65,00","","0,00","","0,00","","24,10","","101,76","","","","","","Dégagé"
"2006-07-09 01:00","2006","07","09","01:00"," ","6,50","","2,60","","76,00","","36,00","","26,00","","24,10","","101,78","","","","","","Dégagé"
"2006-07-09 02:00","2006","07","09","02:00"," ","6,00","","2,30","","77,00","","35,00","","13,00","","24,10","","101,76","","","","","","Dégagé"
"2006-07-09 03:00","2006","07","09","03:00"," ","4,60","","2,40","","86,00","","28,00","","9,00","","24,10","","101,76","","","","","","Dégagé"
"2006-07-09 04:00","2006","07","09","04:00"," ","3,10","","2,00","","92,00","","24,00","","7,00","","24,10","","101,77","","","","","","Dégagé"
"2006-07-09 05:00","2006","07","09","05:00"," ","5,40","","2,10","","79,00","","27,00","","7,00","","24,10","","101,76","","","","","","Dégagé"
"2006-07-09 06:00","2006","07","09","06:00"," ","6,20","","2,30","","76,00","","27,00","","7,00","","24,10","","101,75","","","","","","Dégagé"
"2006-07-09 07:00","2006","07","09","07:00"," ","7,10","","2,30","","71,00","","27,00","","7,00","","24,10","","101,74","","","","","","Dégagé"
"2006-07-09 08:00","2006","07","09","08:00"," ","8,10","","2,60","","68,00","","34,00","","7,00","","24,10","","101,73","","","","","","Généralement dégagé"
"2006-07-09 09:00","2006","07","09","09:00"," ","8,60","","3,40","","70,00","","36,00","","13,00","","24,10","","101,72","","","","","","Généralement dégagé"
"2006-07-09 10:00","2006","07","09","10:00"," ","9,80","","2,90","","62,00","","34,00","","13,00","","24,10","","101,70","","","","","","Généralement nuageux"
"2006-07-09 11:00","2006","07","09","11:00"," ","10,50","","3,30","","61,00","","2,00","","15,00","","24,10","","101,66","","","","","","Généralement nuageux"
"2006-07-09 12:00","2006","07","09","12:00"," ","10,00","","2,20","","58,00","","3,00","","9,00","","24,10","","101,66","","","","","","Généralement nuageux"
"2006-07-09 13:00","2006","07","09","13:00"," ","11,20","","3,00","","57,00","","6,00","","6,00","","24,10","","101,64","","","","","","Généralement nuageux"
"2006-07-09 14:00","2006","07","09","14:00"," ","11,60","","2,50","","54,00","","33,00","","6,00","","24,10","","101,62","","","","","","Généralement nuageux"
"2006-07-09 15:00","2006","07","09","15:00"," ","12,10","","2,10","","50,00","","36,00","","6,00","","24,10","","101,60","","","","","","Généralement nuageux"
"2006-07-09 16:00","2006","07","09","16:00"," ","12,70","","1,90","","48,00","","36,00","","9,00","","24,10","","101,58","","","","","","Généralement nuageux"
"2006-07-09 17:00","2006","07","09","17:00"," ","13,10","","2,70","","49,00","","36,00","","11,00","","24,10","","101,58","","","","","","Généralement dégagé"
"2006-07-09 18:00","2006","07","09","18:00"," ","13,40","","1,80","","45,00","","34,00","","17,00","","24,10","","101,56","","","","","","Généralement dégagé"
"2006-07-09 19:00","2006","07","09","19:00"," ","10,60","","2,70","","58,00","","1,00","","17,00","","24,10","","101,57","","","","","","Généralement nuageux"
"2006-07-09 20:00","2006","07","09","20:00"," ","9,50","","3,50","","66,00","","36,00","","20,00","","24,10","","101,58","","","","","","Généralement nuageux"
"2006-07-09 21:00","2006","07","09","21:00"," ","9,70","","3,00","","63,00","","36,00","","19,00","","24,10","","101,59","","","","","","Généralement dégagé"
"2006-07-09 22:00","2006","07","09","22:00"," ","8,20","","2,70","","68,00","","35,00","","11,00","","24,10","","101,60","","","","","","Généralement dégagé"
"2006-07-09 23:00","2006","07","09","23:00"," ","7,80","","1,40","","64,00","","33,00","","9,00","","24,10","","101,58","","","","","","Généralement dégagé"
"2006-07-10 00:00","2006","07","10","00:00"," ","5,30","","1,50","","76,00","","29,00","","11,00","","24,10","","101,59","","","","","","Généralement dégagé"
"2006-07-10 01:00","2006","07","10","01:00"," ","4,50","","1,80","","83,00","","29,00","","9,00","","24,10","","101,60","","","","","","Généralement dégagé"
"2006-07-10 02:00","2006","07","10","02:00"," ","2,90","","1,00","","87,00","","21,00","","6,00","","24,10","","101,64","","","","","","Généralement dégagé"
"2006-07-10 03:00","2006","07","10","03:00"," ","3,60","","1,30","","85,00","","27,00","","9,00","","24,10","","101,65","","","","","","Généralement dégagé"
"2006-07-10 04:00","2006","07","10","04:00"," ","3,30","","1,20","","86,00","","27,00","","9,00","","24,10","","101,66","","","","","","Généralement dégagé"
"2006-07-10 05:00","2006","07","10","05:00"," ","3,40","","1,80","","89,00","","23,00","","9,00","","24,10","","101,67","","","","","","Généralement dégagé"
"2006-07-10 06:00","2006","07","10","06:00"," ","5,30","","2,70","","83,00","","25,00","","9,00","","24,10","","101,66","","","","","","Généralement dégagé"
"2006-07-10 07:00","2006","07","10","07:00"," ","6,80","","2,20","","72,00","","26,00","","7,00","","24,10","","101,64","","","","","","Généralement dégagé"
"2006-07-10 08:00","2006","07","10","08:00"," ","8,00","","2,40","","68,00","","29,00","","7,00","","24,10","","101,62","","","","","","Généralement dégagé"
"2006-07-10 09:00","2006","07","10","09:00"," ","9,40","","2,90","","64,00","","31,00","","7,00","","24,10","","101,61","","","","","","Généralement dégagé"
"2006-07-10 10:00","2006","07","10","10:00"," ","10,20","","3,20","","62,00","","0,00","","0,00","","24,10","","101,56","","","","","","Généralement dégagé"
"2006-07-10 11:00","2006","07","10","11:00"," ","11,40","","3,20","","57,00","","34,00","","7,00","","24,10","","101,52","","","","","","Généralement dégagé"
"2006-07-10 12:00","2006","07","10","12:00"," ","11,90","","4,30","","60,00","","7,00","","11,00","","24,10","","101,50","","","","","","Dégagé"
"2006-07-10 13:00","2006","07","10","13:00"," ","12,70","","4,40","","57,00","","8,00","","9,00","","24,10","","101,49","","","","","","Dégagé"
"2006-07-10 14:00","2006","07","10","14:00"," ","13,00","","4,10","","55,00","","7,00","","13,00","","24,10","","101,48","","","","","","Dégagé"
"2006-07-10 15:00","2006","07","10","15:00"," ","13,70","","3,80","","51,00","","8,00","","11,00","","24,10","","101,46","","","","","","Dégagé"
"2006-07-10 16:00","2006","07","10","16:00"," ","14,30","","3,10","","47,00","","8,00","","17,00","","24,10","","101,44","","","","","","Dégagé"
"2006-07-10 17:00","2006","07","10","17:00"," ","14,30","","4,60","","52,00","","8,00","","19,00","","24,10","","101,41","","","","","","Dégagé"
"2006-07-10 18:00","2006","07","10","18:00"," ","14,40","","4,70","","52,00","","10,00","","19,00","","24,10","","101,37","","","","","","Dégagé"
"2006-07-10 19:00","2006","07","10","19:00"," ","14,20","","4,90","","53,00","","8,00","","17,00","","24,10","","101,36","","","","","","Dégagé"
"2006-07-10 20:00","2006","07","10","20:00"," ","13,40","","4,40","","54,00","","9,00","","15,00","","24,10","","101,34","","","","","","Dégagé"
"2006-07-10 21:00","2006","07","10","21:00"," ","12,80","","5,20","","60,00","","8,00","","11,00","","24,10","","101,33","","","","","","Dégagé"
"2006-07-10 22:00","2006","07","10","22:00"," ","11,50","","5,50","","67,00","","11,00","","13,00","","24,10","","101,33","","","","","","Dégagé"
"2006-07-10 23:00","2006","07","10","23:00"," ","10,50","","5,20","","70,00","","11,00","","11,00","","24,10","","101,29","","","","","","Dégagé"
"2006-07-11 00:00","2006","07","11","00:00"," ","9,30","","5,80","","79,00","","11,00","","13,00","","24,10","","101,29","","","","","","Dégagé"
"2006-07-11 01:00","2006","07","11","01:00"," ","7,30","","5,50","","88,00","","9,00","","7,00","","24,10","","101,27","","","","","","Dégagé"
"2006-07-11 02:00","2006","07","11","02:00"," ","8,00","","5,40","","84,00","","9,00","","9,00","","24,10","","101,27","","","","","","Dégagé"
"2006-07-11 03:00","2006","07","11","03:00"," ","7,20","","5,60","","90,00","","12,00","","7,00","","24,10","","101,27","","","","","","Dégagé"
"2006-07-11 04:00","2006","07","11","04:00"," ","8,30","","5,30","","81,00","","10,00","","7,00","","24,10","","101,26","","","","","","Dégagé"
"2006-07-11 05:00","2006","07","11","05:00"," ","9,30","","6,00","","80,00","","10,00","","9,00","","24,10","","101,24","","","","","","Dégagé"
"2006-07-11 06:00","2006","07","11","06:00"," ","10,50","","6,70","","77,00","","10,00","","9,00","","24,10","","101,22","","","","","","Dégagé"
"2006-07-11 07:00","2006","07","11","07:00"," ","11,10","","7,50","","78,00","","8,00","","9,00","","24,10","","101,19","","","","","","Dégagé"
"2006-07-11 08:00","2006","07","11","08:00"," ","12,00","","8,70","","80,00","","6,00","","13,00","","24,10","","101,17","","","","","","Dégagé"
"2006-07-11 09:00","2006","07","11","09:00"," ","12,90","","8,60","","75,00","","7,00","","13,00","","24,10","","101,17","","","","","","Généralement dégagé"
"2006-07-11 10:00","2006","07","11","10:00"," ","13,10","","6,70","","65,00","","6,00","","13,00","","24,10","","101,14","","","","","","Généralement dégagé"
"2006-07-11 11:00","2006","07","11","11:00"," ","13,30","","6,50","","63,00","","7,00","","19,00","","24,10","","101,10","","","","","","Généralement dégagé"
"2006-07-11 12:00","2006","07","11","12:00"," ","13,80","","5,10","","56,00","","8,00","","20,00","","24,10","","101,07","","","","","","Généralement dégagé"
"2006-07-11 13:00","2006","07","11","13:00"," ","14,20","","6,30","","59,00","","7,00","","19,00","","24,10","","101,04","","","","","","Généralement dégagé"
"2006-07-11 14:00","2006","07","11","14:00"," ","14,10","","5,70","","57,00","","7,00","","24,00","","24,10","","101,04","","","","","","Généralement dégagé"
"2006-07-11 15:00","2006","07","11","15:00"," ","14,40","","6,10","","57,00","","7,00","","24,00","","24,10","","101,02","","","","","","Généralement dégagé"
"2006-07-11 16:00","2006","07","11","16:00"," ","14,00","","6,50","","61,00","","8,00","","26,00","","24,10","","101,01","","","","","","Généralement dégagé"
"2006-07-11 17:00","2006","07","11","17:00"," ","13,60","","6,90","","64,00","","8,00","","19,00","","24,10","","100,98","","","","","","Généralement nuageux"
"2006-07-11 18:00","2006","07","11","18:00"," ","13,40","","7,10","","66,00","","9,00","","22,00","","24,10","","100,95","","","","","","Généralement nuageux"
"2006-07-11 19:00","2006","07","11","19:00"," ","13,90","","7,20","","64,00","","9,00","","20,00","","24,10","","100,93","","","","","","Généralement nuageux"
"2006-07-11 20:00","2006","07","11","20:00"," ","12,00","","8,50","","79,00","","8,00","","20,00","","24,10","","100,90","","","","","","Généralement nuageux"
"2006-07-11 21:00","2006","07","11","21:00"," ","11,50","","8,80","","83,00","","8,00","","19,00","","24,10","","100,88","","","","","","Généralement nuageux"
"2006-07-11 22:00","2006","07","11","22:00"," ","11,10","","8,90","","86,00","","6,00","","15,00","","24,10","","100,87","","","","","","Généralement nuageux"
"2006-07-11 23:00","2006","07","11","23:00"," ","10,50","","8,70","","89,00","","7,00","","9,00","","24,10","","100,87","","","","","","Généralement nuageux"
"2006-07-12 00:00","2006","07","12","00:00"," ","10,40","","8,60","","89,00","","0,00","","0,00","","24,10","","100,88","","","","","","Généralement nuageux"
"2006-07-12 01:00","2006","07","12","01:00"," ","9,60","","8,30","","92,00","","7,00","","7,00","","24,10","","100,86","","","","","","Généralement nuageux"
"2006-07-12 02:00","2006","07","12","02:00"," ","9,40","","7,90","","90,00","","5,00","","7,00","","24,10","","100,84","","","","","","Généralement dégagé"
"2006-07-12 03:00","2006","07","12","03:00"," ","9,60","","8,50","","93,00","","5,00","","7,00","","24,10","","100,81","","","","","","Généralement nuageux"
"2006-07-12 04:00","2006","07","12","04:00"," ","10,50","","8,70","","89,00","","10,00","","9,00","","24,10","","100,79","","","","","","Généralement nuageux"
"2006-07-12 05:00","2006","07","12","05:00"," ","11,70","","9,20","","85,00","","6,00","","7,00","","24,10","","100,79","","","","","","Généralement nuageux"
"2006-07-12 06:00","2006","07","12","06:00"," ","11,60","","9,10","","85,00","","7,00","","7,00","","24,10","","100,76","","","","","","Généralement dégagé"
"2006-07-12 07:00","2006","07","12","07:00"," ","12,30","","9,30","","82,00","","5,00","","9,00","","24,10","","100,74","","","","","","Généralement dégagé"
"2006-07-12 08:00","2006","07","12","08:00"," ","11,70","","9,60","","87,00","","2,00","","9,00","","24,10","","100,76","","","","","","Généralement dégagé"
"2006-07-12 09:00","2006","07","12","09:00"," ","12,00","","9,50","","85,00","","1,00","","15,00","","24,10","","100,75","","","","","","Généralement dégagé"
"2006-07-12 10:00","2006","07","12","10:00"," ","13,70","","10,00","","78,00","","3,00","","11,00","","24,10","","100,74","","","","","","Généralement dégagé"
"2006-07-12 11:00","2006","07","12","11:00"," ","15,20","","10,20","","72,00","","4,00","","7,00","","24,10","","100,70","","","","","","Généralement dégagé"
"2006-07-12 12:00","2006","07","12","12:00"," ","15,00","","11,40","","79,00","","35,00","","13,00","","24,10","","100,67","","","","","","Généralement dégagé"
"2006-07-12 13:00","2006","07","12","13:00"," ","17,30","","10,10","","63,00","","6,00","","19,00","","24,10","","100,63","","","","","","Généralement dégagé"
"2006-07-12 14:00","2006","07","12","14:00"," ","18,40","","9,60","","56,00","","8,00","","19,00","","24,10","","100,61","","","","","","Généralement dégagé"
"2006-07-12 15:00","2006","07","12","15:00"," ","19,00","","9,10","","53,00","","9,00","","26,00","","24,10","","100,60","","","","","","Généralement dégagé"
"2006-07-12 16:00","2006","07","12","16:00"," ","18,80","","8,90","","53,00","","8,00","","26,00","","24,10","","100,58","","","","","","Généralement dégagé"
"2006-07-12 17:00","2006","07","12","17:00"," ","18,30","","8,40","","52,00","","9,00","","20,00","","24,10","","100,54","","","","","","Généralement dégagé"
"2006-07-12 18:00","2006","07","12","18:00"," ","18,40","","7,50","","49,00","","8,00","","19,00","","24,10","","100,51","","","","","","Généralement dégagé"
"2006-07-12 19:00","2006","07","12","19:00"," ","18,40","","7,20","","48,00","","8,00","","20,00","","24,10","","100,49","","","","","","Généralement dégagé"
"2006-07-12 20:00","2006","07","12","20:00"," ","16,90","","9,00","","60,00","","9,00","","13,00","","24,10","","100,47","","","","","","Généralement dégagé"
"2006-07-12 21:00","2006","07","12","21:00"," ","15,30","","9,50","","68,00","","7,00","","11,00","","24,10","","100,46","","","","","","Généralement dégagé"
"2006-07-12 22:00","2006","07","12","22:00"," ","13,80","","9,90","","77,00","","5,00","","13,00","","24,10","","100,45","","","","","","Généralement dégagé"
"2006-07-12 23:00","2006","07","12","23:00"," ","12,20","","10,60","","90,00","","2,00","","7,00","","24,10","","100,45","","","","","","Généralement dégagé"
"2006-07-13 00:00","2006","07","13","00:00"," ","11,30","","10,20","","93,00","","4,00","","9,00","","24,10","","100,45","","","","","","Généralement dégagé"
"2006-07-13 01:00","2006","07","13","01:00"," ","11,00","","10,10","","94,00","","4,00","","7,00","","24,10","","100,44","","","","","","Généralement dégagé"
"2006-07-13 02:00","2006","07","13","02:00"," ","11,00","","9,70","","92,00","","3,00","","9,00","","24,10","","100,44","","","","","","Généralement dégagé"
"2006-07-13 03:00","2006","07","13","03:00"," ","10,00","","9,10","","94,00","","0,00","","0,00","","24,10","","100,42","","","","","","Généralement dégagé"
"2006-07-13 04:00","2006","07","13","04:00"," ","10,60","","9,70","","94,00","","0,00","","0,00","","24,10","","100,40","","","","","","Généralement dégagé"
"2006-07-13 05:00","2006","07","13","05:00"," ","11,70","","10,10","","90,00","","0,00","","0,00","","24,10","","100,40","","","","","","Généralement dégagé"
"2006-07-13 06:00","2006","07","13","06:00"," ","12,10","","10,00","","87,00","","1,00","","6,00","","24,10","","100,37","","","","","","Généralement dégagé"
"2006-07-13 07:00","2006","07","13","07:00"," ","12,70","","9,50","","81,00","","4,00","","11,00","","24,10","","100,36","","","","","","Généralement dégagé"
"2006-07-13 08:00","2006","07","13","08:00"," ","12,80","","9,60","","81,00","","5,00","","6,00","","24,10","","100,34","","","","","","Généralement dégagé"
"2006-07-13 09:00","2006","07","13","09:00"," ","13,40","","9,90","","79,00","","34,00","","7,00","","24,10","","100,32","","","","","","Généralement dégagé"
"2006-07-13 10:00","2006","07","13","10:00"," ","14,10","","9,10","","72,00","","2,00","","7,00","","24,10","","100,30","","","","","","Généralement dégagé"
"2006-07-13 11:00","2006","07","13","11:00"," ","14,60","","8,50","","67,00","","4,00","","9,00","","24,10","","100,26","","","","","","Généralement dégagé"
"2006-07-13 12:00","2006","07","13","12:00"," ","15,60","","8,70","","63,00","","6,00","","11,00","","24,10","","100,25","","","","","","Généralement dégagé"
"2006-07-13 13:00","2006","07","13","13:00"," ","16,70","","8,50","","58,00","","5,00","","11,00","","24,10","","100,23","","","","","","Généralement dégagé"
"2006-07-13 14:00","2006","07","13","14:00"," ","16,50","","8,10","","58,00","","8,00","","7,00","","24,10","","100,24","","","","","","Généralement dégagé"
"2006-07-13 15:00","2006","07","13","15:00"," ","16,80","","9,10","","60,00","","9,00","","9,00","","24,10","","100,22","","","","","","Généralement dégagé"
"2006-07-13 16:00","2006","07","13","16:00"," ","17,70","","8,90","","56,00","","6,00","","13,00","","24,10","","100,20","","","","","","Généralement dégagé"
"2006-07-13 17:00","2006","07","13","17:00"," ","18,00","","9,90","","59,00","","8,00","","11,00","","24,10","","100,15","","","","","","Généralement dégagé"
"2006-07-13 18:00","2006","07","13","18:00"," ","17,50","","10,30","","63,00","","5,00","","19,00","","24,10","","100,15","","","","","","Généralement dégagé"
"2006-07-13 19:00","2006","07","13","19:00"," ","16,40","","10,20","","67,00","","7,00","","20,00","","24,10","","100,12","","","","","","Généralement dégagé"
"2006-07-13 20:00","2006","07","13","20:00"," ","15,60","","11,00","","74,00","","6,00","","9,00","","24,10","","100,11","","","","","","Dégagé"
"2006-07-13 21:00","2006","07","13","21:00"," ","14,90","","10,40","","74,00","","6,00","","6,00","","24,10","","100,10","","","","","","Dégagé"
"2006-07-13 22:00","2006","07","13","22:00"," ","13,60","","10,10","","79,00","","6,00","","6,00","","24,10","","100,09","","","","","","Généralement dégagé"
"2006-07-13 23:00","2006","07","13","23:00"," ","12,70","","10,20","","85,00","","7,00","","6,00","","24,10","","100,10","","","","","","Généralement dégagé"
"2006-07-14 00:00","2006","07","14","00:00"," ","11,90","","10,10","","89,00","","0,00","","0,00","","19,30","","100,11","","","","","","Généralement nuageux"
"2006-07-14 01:00","2006","07","14","01:00"," ","12,00","","10,20","","89,00","","0,00","","0,00","","19,30","","100,11","","","","","","Généralement dégagé"
"2006-07-14 02:00","2006","07","14","02:00"," ","10,40","","9,90","","97,00","","0,00","","0,00","","19,30","","100,10","","","","","","Généralement nuageux"
"2006-07-14 03:00","2006","07","14","03:00"," ","12,50","","10,90","","90,00","","9,00","","9,00","","24,10","","100,10","","","","","","Généralement nuageux"
"2006-07-14 04:00","2006","07","14","04:00"," ","12,60","","11,00","","90,00","","9,00","","7,00","","24,10","","100,11","","","","","","Averses de pluie"
"2006-07-14 05:00","2006","07","14","05:00"," ","12,90","","11,20","","89,00","","0,00","","0,00","","24,10","","100,12","","","","","","Généralement nuageux"
"2006-07-14 06:00","2006","07","14","06:00"," ","13,20","","11,00","","87,00","","11,00","","6,00","","24,10","","100,06","","","","","","Généralement nuageux"
"2006-07-14 07:00","2006","07","14","07:00"," ","13,90","","11,30","","84,00","","7,00","","6,00","","24,10","","100,06","","","","","","Averses de pluie"
"2006-07-14 08:00","2006","07","14","08:00"," ","14,40","","10,60","","78,00","","6,00","","7,00","","24,10","","100,06","","","","","","Généralement nuageux"
"2006-07-14 09:00","2006","07","14","09:00"," ","14,20","","11,30","","83,00","","36,00","","9,00","","24,10","","100,10","","","","","","Généralement nuageux"
"2006-07-14 10:00","2006","07","14","10:00"," ","15,30","","10,30","","72,00","","6,00","","6,00","","24,10","","100,10","","","","","","Généralement nuageux"
"2006-07-14 11:00","2006","07","14","11:00"," ","15,40","","10,20","","71,00","","7,00","","20,00","","24,10","","100,08","","","","","","Généralement nuageux"
"2006-07-14 12:00","2006","07","14","12:00"," ","15,40","","10,60","","73,00","","8,00","","20,00","","24,10","","100,07","","","","","","Généralement nuageux"
"2006-07-14 13:00","2006","07","14","13:00"," ","18,20","","8,70","","54,00","","8,00","","19,00","","24,10","","100,08","","","","","","Généralement nuageux"
"2006-07-14 14:00","2006","07","14","14:00"," ","18,30","","8,20","","52,00","","9,00","","24,00","","24,10","","100,07","","","","","","Généralement nuageux"
"2006-07-14 15:00","2006","07","14","15:00"," ","18,90","","8,30","","50,00","","8,00","","26,00","","24,10","","100,05","","","","","","Généralement dégagé"
"2006-07-14 16:00","2006","07","14","16:00"," ","17,50","","7,20","","51,00","","8,00","","30,00","","24,10","","100,05","","","","","","Généralement dégagé"
"2006-07-14 17:00","2006","07","14","17:00"," ","16,70","","7,70","","55,00","","9,00","","24,00","","24,10","","100,04","","","","","","Généralement dégagé"
"2006-07-14 18:00","2006","07","14","18:00"," ","15,40","","7,60","","60,00","","8,00","","26,00","","24,10","","100,04","","","","","","Généralement nuageux"
"2006-07-14 19:00","2006","07","14","19:00"," ","15,00","","7,70","","62,00","","11,00","","15,00","","24,10","","100,08","","","","","","Averses de pluie"
"2006-07-14 20:00","2006","07","14","20:00"," ","15,10","","7,40","","60,00","","9,00","","15,00","","24,10","","100,07","","","","","","Averses de pluie"
"2006-07-14 21:00","2006","07","14","21:00"," ","14,30","","8,30","","67,00","","10,00","","22,00","","24,10","","100,03","","","","","","Averses de pluie"
"2006-07-14 22:00","2006","07","14","22:00"," ","14,40","","8,30","","67,00","","12,00","","17,00","","24,10","","100,03","","","","","","Averses de pluie"
"2006-07-14 23:00","2006","07","14","23:00"," ","13,80","","8,80","","72,00","","11,00","","15,00","","19,30","","100,02","","","","","","Averses de pluie"
"2006-07-15 00:00","2006","07","15","00:00"," ","13,90","","9,70","","76,00","","11,00","","7,00","","24,10","","100,00","","","","","","Généralement nuageux"
"2006-07-15 01:00","2006","07","15","01:00"," ","12,10","","10,90","","92,00","","2,00","","9,00","","24,10","","100,01","","","","","","Généralement nuageux"
"2006-07-15 02:00","2006","07","15","02:00"," ","13,90","","9,50","","75,00","","7,00","","13,00","","24,10","","100,02","","","","","","Généralement nuageux"
"2006-07-15 03:00","2006","07","15","03:00"," ","13,10","","11,40","","89,00","","3,00","","13,00","","24,10","","100,05","","","","","","Généralement nuageux"
"2006-07-15 04:00","2006","07","15","04:00"," ","13,00","","11,30","","89,00","","1,00","","19,00","","19,30","","100,06","","","","","","Averses de pluie"
"2006-07-15 05:00","2006","07","15","05:00"," ","12,90","","11,50","","91,00","","1,00","","13,00","","19,30","","100,07","","","","","","Averses de pluie"
"2006-07-15 06:00","2006","07","15","06:00"," ","12,60","","11,70","","94,00","","2,00","","9,00","","19,30","","100,06","","","","","","Averses de pluie"
"2006-07-15 07:00","2006","07","15","07:00"," ","12,90","","11,50","","91,00","","2,00","","13,00","","19,30","","100,10","","","","","","Averses de pluie"
"2006-07-15 08:00","2006","07","15","08:00"," ","13,20","","11,50","","89,00","","3,00","","9,00","","19,30","","100,10","","","","","","Averses de pluie"
"2006-07-15 09:00","2006","07","15","09:00"," ","14,00","","12,30","","89,00","","36,00","","6,00","","24,10","","100,12","","","","","","Généralement nuageux"
"2006-07-15 10:00","2006","07","15","10:00"," ","14,30","","11,20","","82,00","","0,00","","0,00","","24,10","","100,15","","","","","","Généralement nuageux"
"2006-07-15 11:00","2006","07","15","11:00"," ","15,30","","11,60","","79,00","","36,00","","6,00","","24,10","","100,17","","","","","","Généralement dégagé"
"2006-07-15 12:00","2006","07","15","12:00"," ","15,90","","12,40","","80,00","","1,00","","11,00","","24,10","","100,19","","","","","","Généralement dégagé"
"2006-07-15 13:00","2006","07","15","13:00"," ","17,40","","12,10","","71,00","","6,00","","13,00","","24,10","","100,20","","","","","","Généralement dégagé"
"2006-07-15 14:00","2006","07","15","14:00"," ","18,50","","12,80","","69,00","","3,00","","13,00","","24,10","","100,22","","","","","","Généralement dégagé"
"2006-07-15 15:00","2006","07","15","15:00"," ","16,90","","11,50","","70,00","","5,00","","17,00","","24,10","","100,23","","","","","","Généralement dégagé"
"2006-07-15 16:00","2006","07","15","16:00"," ","18,50","","9,30","","55,00","","7,00","","17,00","","24,10","","100,23","","","","","","Généralement dégagé"
"2006-07-15 17:00","2006","07","15","17:00"," ","18,50","","9,50","","56,00","","8,00","","17,00","","24,10","","100,25","","","","","","Généralement dégagé"
"2006-07-15 18:00","2006","07","15","18:00"," ","18,30","","8,00","","51,00","","8,00","","17,00","","24,10","","100,26","","","","","","Généralement dégagé"
"2006-07-15 19:00","2006","07","15","19:00"," ","18,60","","8,60","","52,00","","8,00","","13,00","","24,10","","100,26","","","","","","Généralement dégagé"
"2006-07-15 20:00","2006","07","15","20:00"," ","17,50","","9,10","","58,00","","8,00","","13,00","","24,10","","100,27","","","","","","Généralement nuageux"
"2006-07-15 21:00","2006","07","15","21:00"," ","16,40","","9,40","","63,00","","8,00","","13,00","","24,10","","100,28","","","","","","Généralement nuageux"
"2006-07-15 22:00","2006","07","15","22:00"," ","14,70","","10,20","","74,00","","8,00","","11,00","","24,10","","100,30","","","","","","Généralement dégagé"
"2006-07-15 23:00","2006","07","15","23:00"," ","13,60","","9,70","","77,00","","9,00","","13,00","","24,10","","100,31","","","","","","Généralement dégagé"
"2006-07-16 00:00","2006","07","16","00:00"," ","12,50","","8,70","","78,00","","0,00","","0,00","","24,10","","100,32","","","","","","Généralement dégagé"
"2006-07-16 01:00","2006","07","16","01:00"," ","11,60","","9,80","","89,00","","0,00","","0,00","","24,10","","100,31","","","","","","Généralement dégagé"
"2006-07-16 02:00","2006","07","16","02:00"," ","11,10","","9,30","","89,00","","0,00","","0,00","","24,10","","100,33","","","","","","Généralement dégagé"
"2006-07-16 03:00","2006","07","16","03:00"," ","10,60","","9,70","","94,00","","0,00","","0,00","","19,30","","100,34","","","","","","Généralement dégagé"
"2006-07-16 04:00","2006","07","16","04:00"," ","9,90","","9,20","","95,00","","0,00","","0,00","","24,10","","100,33","","","","","","Généralement nuageux"
"2006-07-16 05:00","2006","07","16","05:00"," ","11,90","","9,60","","86,00","","20,00","","6,00","","24,10","","100,33","","","","","","Généralement nuageux"
"2006-07-16 06:00","2006","07","16","06:00"," ","15,10","","10,80","","75,00","","0,00","","0,00","","24,10","","100,32","","","","","","Généralement nuageux"
"2006-07-16 07:00","2006","07","16","07:00"," ","16,80","","8,00","","56,00","","0,00","","0,00","","24,10","","100,30","","","","","","Généralement nuageux"
"2006-07-16 08:00","2006","07","16","08:00"," ","15,80","","11,80","","77,00","","3,00","","7,00","","24,10","","100,31","","","","","","Généralement nuageux"
"2006-07-16 09:00","2006","07","16","09:00"," ","16,50","","9,50","","63,00","","6,00","","9,00","","24,10","","100,29","","","","","","Généralement dégagé"
"2006-07-16 10:00","2006","07","16","10:00"," ","17,50","","9,10","","58,00","","8,00","","9,00","","24,10","","100,29","","","","","","Généralement dégagé"
"2006-07-16 11:00","2006","07","16","11:00"," ","18,40","","8,80","","54,00","","6,00","","13,00","","24,10","","100,26","","","","","","Généralement dégagé"
"2006-07-16 12:00","2006","07","16","12:00"," ","18,10","","10,80","","62,00","","5,00","","19,00","","24,10","","100,26","","","","","","Généralement dégagé"
"2006-07-16 13:00","2006","07","16","13:00"," ","18,70","","9,80","","56,00","","8,00","","13,00","","24,10","","100,25","","","","","","Généralement dégagé"
"2006-07-16 14:00","2006","07","16","14:00"," ","17,50","","10,10","","62,00","","7,00","","17,00","","24,10","","100,23","","","","","","Généralement dégagé"
"2006-07-16 15:00","2006","07","16","15:00"," ","17,40","","11,40","","68,00","","3,00","","19,00","","24,10","","100,24","","","","","","Généralement dégagé"
"2006-07-16 16:00","2006","07","16","16:00"," ","17,00","","10,10","","64,00","","5,00","","17,00","","24,10","","100,23","","","","","","Généralement dégagé"
"2006-07-16 17:00","2006","07","16","17:00"," ","16,80","","11,00","","69,00","","7,00","","11,00","","24,10","","100,24","","","","","","Généralement dégagé"
"2006-07-16 18:00","2006","07","16","18:00"," ","15,60","","11,40","","76,00","","5,00","","11,00","","24,10","","100,25","","","","","","Généralement nuageux"
"2006-07-16 19:00","2006","07","16","19:00"," ","15,20","","11,70","","80,00","","6,00","","11,00","","24,10","","100,23","","","","","","Averses de pluie"
"2006-07-16 20:00","2006","07","16","20:00"," ","14,70","","11,80","","83,00","","3,00","","6,00","","24,10","","100,24","","","","","","Averses de pluie"
"2006-07-16 21:00","2006","07","16","21:00"," ","14,10","","12,60","","91,00","","13,00","","6,00","","19,30","","100,24","","","","","","Averses de pluie"
"2006-07-16 22:00","2006","07","16","22:00"," ","13,60","","12,60","","94,00","","11,00","","6,00","","19,30","","100,20","","","","","","Averses de pluie"
"2006-07-16 23:00","2006","07","16","23:00"," ","14,10","","12,40","","89,00","","13,00","","6,00","","19,30","","100,19","","","","","","Généralement nuageux"
"2006-07-17 00:00","2006","07","17","00:00"," ","14,00","","13,20","","95,00","","25,00","","13,00","","19,30","","100,17","","","","","","Généralement nuageux"
"2006-07-17 01:00","2006","07","17","01:00"," ","13,50","","10,90","","84,00","","25,00","","22,00","","24,10","","100,16","","","","","","Généralement nuageux"
"2006-07-17 02:00","2006","07","17","02:00"," ","12,50","","10,90","","90,00","","31,00","","26,00","","24,10","","100,19","","","","","","Généralement nuageux"
"2006-07-17 03:00","2006","07","17","03:00"," ","11,00","","9,90","","93,00","","33,00","","32,00","","24,10","","100,21","","","","","","Nuageux"
"2006-07-17 04:00","2006","07","17","04:00"," ","11,10","","9,30","","89,00","","33,00","","33,00","","24,10","","100,30","","","","","","Nuageux"
"2006-07-17 05:00","2006","07","17","05:00"," ","10,50","","9,60","","94,00","","32,00","","22,00","","19,30","","100,35","","","","","","Averses de pluie"
"2006-07-17 06:00","2006","07","17","06:00"," ","9,90","","9,40","","97,00","","26,00","","17,00","","19,30","","100,41","","","","","","Averses de pluie"
"2006-07-17 07:00","2006","07","17","07:00"," ","10,50","","9,80","","95,00","","27,00","","13,00","","24,10","","100,42","","","","","","Averses de pluie"
"2006-07-17 08:00","2006","07","17","08:00"," ","11,80","","10,70","","93,00","","31,00","","7,00","","24,10","","100,42","","","","","","Généralement nuageux"
"2006-07-17 09:00","2006","07","17","09:00"," ","12,20","","10,10","","87,00","","2,00","","6,00","","24,10","","100,43","","","","","","Généralement nuageux"
"2006-07-17 10:00","2006","07","17","10:00"," ","12,50","","10,20","","86,00","","3,00","","7,00","","24,10","","100,44","","","","","","Généralement nuageux"
"2006-07-17 11:00","2006","07","17","11:00"," ","13,00","","10,40","","84,00","","4,00","","9,00","","24,10","","100,43","","","","","","Généralement nuageux"
"2006-07-17 12:00","2006","07","17","12:00"," ","14,00","","10,70","","80,00","","4,00","","9,00","","24,10","","100,42","","","","","","Généralement nuageux"
"2006-07-17 13:00","2006","07","17","13:00"," ","14,50","","10,10","","75,00","","4,00","","9,00","","24,10","","100,41","","","","","","Généralement nuageux"
"2006-07-17 14:00","2006","07","17","14:00"," ","14,80","","10,10","","73,00","","0,00","","0,00","","24,10","","100,40","","","","","","Généralement nuageux"
"2006-07-17 15:00","2006","07","17","15:00"," ","15,70","","10,20","","70,00","","1,00","","9,00","","24,10","","100,40","","","","","","Généralement nuageux"
"2006-07-17 16:00","2006","07","17","16:00"," ","15,80","","10,10","","69,00","","5,00","","9,00","","24,10","","100,40","","","","","","Généralement nuageux"
"2006-07-17 17:00","2006","07","17","17:00"," ","16,50","","8,30","","58,00","","3,00","","6,00","","24,10","","100,41","","","","","","Généralement nuageux"
"2006-07-17 18:00","2006","07","17","18:00"," ","16,00","","9,50","","65,00","","0,00","","0,00","","24,10","","100,40","","","","","","Généralement nuageux"
"2006-07-17 19:00","2006","07","17","19:00"," ","16,40","","10,00","","66,00","","0,00","","0,00","","24,10","","100,40","","","","","","Généralement nuageux"
"2006-07-17 20:00","2006","07","17","20:00"," ","16,30","","9,50","","64,00","","0,00","","0,00","","24,10","","100,43","","","","","","Généralement nuageux"
"2006-07-17 21:00","2006","07","17","21:00"," ","15,00","","10,70","","75,00","","0,00","","0,00","","24,10","","100,47","","","","","","Généralement nuageux"
"2006-07-17 22:00","2006","07","17","22:00"," ","15,10","","9,70","","70,00","","36,00","","20,00","","24,10","","100,52","","","","","","Nuageux"
"2006-07-17 23:00","2006","07","17","23:00"," ","13,10","","7,80","","70,00","","35,00","","26,00","","24,10","","100,56","","","","","","Nuageux"
"2006-07-18 00:00","2006","07","18","00:00"," ","12,00","","8,30","","78,00","","33,00","","22,00","","24,10","","100,61","","","","","","Nuageux"
"2006-07-18 01:00","2006","07","18","01:00"," ","11,60","","9,30","","86,00","","34,00","","26,00","","24,10","","100,63","","","","","","Nuageux"
"2006-07-18 02:00","2006","07","18","02:00"," ","10,60","","9,00","","90,00","","34,00","","24,00","","19,30","","100,70","","","","","","Pluie,Bruine"
"2006-07-18 03:00","2006","07","18","03:00"," ","10,30","","9,40","","94,00","","25,00","","11,00","","24,10","","100,70","","","","","","Pluie"
"2006-07-18 04:00","2006","07","18","04:00"," ","10,60","","10,10","","97,00","","26,00","","11,00","","8,00","","100,71","","","","","","Bruine,Brouillard"
"2006-07-18 05:00","2006","07","18","05:00"," ","10,80","","10,10","","95,00","","26,00","","13,00","","19,30","","100,71","","","","","","Nuageux"
"2006-07-18 06:00","2006","07","18","06:00"," ","10,70","","10,30","","97,00","","27,00","","13,00","","6,40","","100,73","","","","","","Bruine,Brouillard"
"2006-07-18 07:00","2006","07","18","07:00"," ","10,90","","10,20","","95,00","","28,00","","7,00","","16,10","","100,73","","","","","","Nuageux"
"2006-07-18 08:00","2006","07","18","08:00"," ","10,80","","10,30","","97,00","","1,00","","15,00","","16,10","","100,75","","","","","","Bruine"
"2006-07-18 09:00","2006","07","18","09:00"," ","10,00","","9,60","","97,00","","1,00","","15,00","","6,40","","100,75","","","","","","Bruine,Brouillard"
"2006-07-18 10:00","2006","07","18","10:00"," ","10,30","","9,60","","95,00","","35,00","","19,00","","6,40","","100,79","","","","","","Bruine,Brouillard"
"2006-07-18 11:00","2006","07","18","11:00"," ","10,70","","9,10","","90,00","","32,00","","17,00","","24,10","","100,83","","","","","","Nuageux"
"2006-07-18 12:00","2006","07","18","12:00"," ","11,60","","8,50","","81,00","","1,00","","6,00","","24,10","","100,85","","","","","","Généralement nuageux"
"2006-07-18 13:00","2006","07","18","13:00"," ","13,30","","8,60","","73,00","","36,00","","9,00","","24,10","","100,88","","","","","","Généralement dégagé"
"2006-07-18 14:00","2006","07","18","14:00"," ","14,30","","8,10","","66,00","","34,00","","7,00","","24,10","","100,87","","","","","","Généralement dégagé"
"2006-07-18 15:00","2006","07","18","15:00"," ","15,20","","8,60","","65,00","","1,00","","6,00","","24,10","","100,88","","","","","","Généralement dégagé"
"2006-07-18 16:00","2006","07","18","16:00"," ","15,50","","8,10","","61,00","","36,00","","9,00","","24,10","","100,87","","","","","","Généralement dégagé"
"2006-07-18 17:00","2006","07","18","17:00"," ","15,70","","7,70","","59,00","","3,00","","6,00","","24,10","","100,86","","","","","","Généralement dégagé"
"2006-07-18 18:00","2006","07","18","18:00"," ","16,50","","9,90","","65,00","","36,00","","6,00","","24,10","","100,86","","","","","","Généralement dégagé"
"2006-07-18 19:00","2006","07","18","19:00"," ","16,00","","9,10","","64,00","","7,00","","4,00","","24,10","","100,88","","","","","","Nuageux"
"2006-07-18 20:00","2006","07","18","20:00"," ","15,50","","10,70","","73,00","","0,00","","0,00","","24,10","","100,88","","","","","","Généralement nuageux"
"2006-07-18 21:00","2006","07","18","21:00"," ","15,40","","10,60","","73,00","","0,00","","0,00","","24,10","","100,88","","","","","","Généralement nuageux"
"2006-07-18 22:00","2006","07","18","22:00"," ","14,70","","9,60","","71,00","","36,00","","13,00","","24,10","","100,91","","","","","","Généralement nuageux"
"2006-07-18 23:00","2006","07","18","23:00"," ","14,10","","8,90","","71,00","","1,00","","6,00","","24,10","","100,92","","","","","","Généralement nuageux"
"2006-07-19 00:00","2006","07","19","00:00"," ","12,80","","10,20","","84,00","","0,00","","0,00","","24,10","","100,92","","","","","","Généralement nuageux"
"2006-07-19 01:00","2006","07","19","01:00"," ","10,90","","9,50","","91,00","","0,00","","0,00","","24,10","","100,95","","","","","","Généralement nuageux"
"2006-07-19 02:00","2006","07","19","02:00"," ","11,40","","10,00","","91,00","","0,00","","0,00","","24,10","","100,97","","","","","","Généralement nuageux"
"2006-07-19 03:00","2006","07","19","03:00"," ","11,10","","9,30","","89,00","","2,00","","9,00","","24,10","","100,97","","","","","","Généralement nuageux"
"2006-07-19 04:00","2006","07","19","04:00"," ","11,30","","9,30","","87,00","","0,00","","0,00","","24,10","","100,96","","","","","","Généralement nuageux"
"2006-07-19 05:00","2006","07","19","05:00"," ","11,30","","9,50","","89,00","","0,00","","0,00","","24,10","","100,97","","","","","","Généralement nuageux"
"2006-07-19 06:00","2006","07","19","06:00"," ","11,90","","9,40","","85,00","","8,00","","6,00","","24,10","","100,98","","","","","","Généralement nuageux"
"2006-07-19 07:00","2006","07","19","07:00"," ","12,90","","9,50","","80,00","","4,00","","6,00","","24,10","","100,98","","","","","","Généralement nuageux"
"2006-07-19 08:00","2006","07","19","08:00"," ","13,90","","9,70","","76,00","","3,00","","4,00","","24,10","","100,97","","","","","","Généralement nuageux"
"2006-07-19 09:00","2006","07","19","09:00"," ","14,40","","10,00","","75,00","","2,00","","4,00","","24,10","","100,95","","","","","","Nuageux"
"2006-07-19 10:00","2006","07","19","10:00"," ","15,60","","9,70","","68,00","","5,00","","6,00","","24,10","","100,95","","","","","","Nuageux"
"2006-07-19 11:00","2006","07","19","11:00"," ","17,50","","8,90","","57,00","","12,00","","4,00","","24,10","","100,92","","","","","","Généralement nuageux"
"2006-07-19 12:00","2006","07","19","12:00"," ","16,80","","9,50","","62,00","","6,00","","11,00","","24,10","","100,91","","","","","","Généralement nuageux"
"2006-07-19 13:00","2006","07","19","13:00"," ","17,60","","9,20","","58,00","","7,00","","13,00","","24,10","","100,87","","","","","","Généralement dégagé"
"2006-07-19 14:00","2006","07","19","14:00"," ","17,60","","7,10","","50,00","","8,00","","13,00","","24,10","","100,86","","","","","","Généralement dégagé"
"2006-07-19 15:00","2006","07","19","15:00"," ","18,60","","8,80","","53,00","","8,00","","11,00","","24,10","","100,83","","","","","","Généralement dégagé"
"2006-07-19 16:00","2006","07","19","16:00"," ","19,10","","8,80","","51,00","","8,00","","19,00","","24,10","","100,81","","","","","","Généralement dégagé"
"2006-07-19 17:00","2006","07","19","17:00"," ","18,30","","7,80","","50,00","","8,00","","22,00","","24,10","","100,78","","","","","","Généralement nuageux"
"2006-07-19 18:00","2006","07","19","18:00"," ","19,20","","8,30","","49,00","","8,00","","17,00","","24,10","","100,77","","","","","","Généralement dégagé"
"2006-07-19 19:00","2006","07","19","19:00"," ","19,40","","8,80","","50,00","","10,00","","17,00","","24,10","","100,75","","","","","","Généralement dégagé"
"2006-07-19 20:00","2006","07","19","20:00"," ","19,00","","8,50","","51,00","","12,00","","13,00","","24,10","","100,73","","","","","","Généralement dégagé"
"2006-07-19 21:00","2006","07","19","21:00"," ","17,60","","9,00","","57,00","","11,00","","11,00","","24,10","","100,71","","","","","","Généralement dégagé"
"2006-07-19 22:00","2006","07","19","22:00"," ","16,60","","9,40","","62,00","","11,00","","11,00","","24,10","","100,70","","","","","","Généralement dégagé"
"2006-07-19 23:00","2006","07","19","23:00"," ","15,10","","10,40","","73,00","","19,00","","6,00","","24,10","","100,68","","","","","","Généralement dégagé"
"2006-07-20 00:00","2006","07","20","00:00"," ","11,80","","8,70","","81,00","","20,00","","11,00","","24,10","","100,67","","","","","","Dégagé"
"2006-07-20 01:00","2006","07","20","01:00"," ","12,30","","9,10","","81,00","","20,00","","17,00","","24,10","","100,68","","","","","","Généralement dégagé"
"2006-07-20 02:00","2006","07","20","02:00"," ","11,40","","8,90","","85,00","","20,00","","15,00","","24,10","","100,67","","","","","","Généralement dégagé"
"2006-07-20 03:00","2006","07","20","03:00"," ","11,00","","9,20","","89,00","","22,00","","13,00","","24,10","","100,67","","","","","","Généralement dégagé"
"2006-07-20 04:00","2006","07","20","04:00"," ","11,70","","10,10","","90,00","","23,00","","15,00","","24,10","","100,68","","","","","","Dégagé"
"2006-07-20 05:00","2006","07","20","05:00"," ","13,10","","9,90","","81,00","","22,00","","15,00","","24,10","","100,67","","","","","","Généralement dégagé"
"2006-07-20 06:00","2006","07","20","06:00"," ","15,40","","10,20","","71,00","","22,00","","19,00","","24,10","","100,65","","","","","","Généralement dégagé"
"2006-07-20 07:00","2006","07","20","07:00"," ","17,40","","10,40","","63,00","","21,00","","20,00","","24,10","","100,64","","","","","","Généralement dégagé"
"2006-07-20 08:00","2006","07","20","08:00"," ","19,10","","10,50","","57,00","","24,00","","24,00","","24,10","","100,61","","","","","","Généralement dégagé"
"2006-07-20 09:00","2006","07","20","09:00"," ","20,90","","9,20","","47,00","","24,00","","17,00","","24,10","","100,59","","","","","","Généralement dégagé"
"2006-07-20 10:00","2006","07","20","10:00"," ","22,30","","9,60","","44,00","","24,00","","20,00","","24,10","","100,55","","","","","","Généralement dégagé"
"2006-07-20 11:00","2006","07","20","11:00"," ","23,80","","9,50","","40,00","","24,00","","11,00","","24,10","","100,51","","25,00","","","","Généralement dégagé"
"2006-07-20 12:00","2006","07","20","12:00"," ","24,70","","8,00","","34,00","","25,00","","19,00","","24,10","","100,51","","25,00","","","","Généralement nuageux"
"2006-07-20 13:00","2006","07","20","13:00"," ","24,60","","8,80","","37,00","","27,00","","26,00","","24,10","","100,49","","25,00","","","","Généralement nuageux"
"2006-07-20 14:00","2006","07","20","14:00"," ","24,30","","9,50","","39,00","","26,00","","32,00","","24,10","","100,48","","25,00","","","","Généralement nuageux"
"2006-07-20 15:00","2006","07","20","15:00"," ","22,00","","12,30","","54,00","","33,00","","17,00","","24,10","","100,51","","","","","","Généralement nuageux"
"2006-07-20 16:00","2006","07","20","16:00"," ","26,80","","10,90","","37,00","","27,00","","22,00","","24,10","","100,47","","29,00","","","","Généralement nuageux"
"2006-07-20 17:00","2006","07","20","17:00"," ","24,30","","9,70","","40,00","","26,00","","17,00","","24,10","","100,48","","25,00","","","","Généralement nuageux"
"2006-07-20 18:00","2006","07","20","18:00"," ","22,50","","12,10","","52,00","","8,00","","19,00","","24,10","","100,49","","25,00","","","","Généralement nuageux"
"2006-07-20 19:00","2006","07","20","19:00"," ","22,30","","11,10","","49,00","","11,00","","13,00","","24,10","","100,49","","","","","","Généralement dégagé"
"2006-07-20 20:00","2006","07","20","20:00"," ","23,00","","10,30","","45,00","","0,00","","0,00","","24,10","","100,50","","","","","","Généralement dégagé"
"2006-07-20 21:00","2006","07","20","21:00"," ","21,00","","11,20","","53,00","","15,00","","6,00","","24,10","","100,49","","","","","","Généralement nuageux"
"2006-07-20 22:00","2006","07","20","22:00"," ","19,30","","11,30","","60,00","","20,00","","7,00","","24,10","","100,49","","","","","","Généralement dégagé"
"2006-07-20 23:00","2006","07","20","23:00"," ","17,60","","10,60","","64,00","","21,00","","13,00","","24,10","","100,51","","","","","","Généralement dégagé"
"2006-07-21 00:00","2006","07","21","00:00"," ","15,30","","9,90","","70,00","","23,00","","17,00","","24,10","","100,55","","","","","","Généralement nuageux"
"2006-07-21 01:00","2006","07","21","01:00"," ","14,40","","12,60","","89,00","","1,00","","6,00","","24,10","","100,59","","","","","","Généralement dégagé"
"2006-07-21 02:00","2006","07","21","02:00"," ","13,40","","12,40","","94,00","","0,00","","0,00","","24,10","","100,61","","","","","","Généralement nuageux"
"2006-07-21 03:00","2006","07","21","03:00"," ","13,50","","12,30","","92,00","","0,00","","0,00","","24,10","","100,60","","","","","","Généralement dégagé"
"2006-07-21 04:00","2006","07","21","04:00"," ","13,60","","12,80","","95,00","","0,00","","0,00","","24,10","","100,61","","","","","","Généralement dégagé"
"2006-07-21 05:00","2006","07","21","05:00"," ","13,30","","11,60","","89,00","","0,00","","0,00","","24,10","","100,65","","","","","","Généralement dégagé"
"2006-07-21 06:00","2006","07","21","06:00"," ","15,10","","12,10","","82,00","","0,00","","0,00","","24,10","","100,66","","","","","","Généralement dégagé"
"2006-07-21 07:00","2006","07","21","07:00"," ","16,20","","12,60","","79,00","","0,00","","0,00","","24,10","","100,63","","","","","","Généralement nuageux"
"2006-07-21 08:00","2006","07","21","08:00"," ","17,00","","11,50","","70,00","","0,00","","0,00","","24,10","","100,58","","","","","","Généralement nuageux"
"2006-07-21 09:00","2006","07","21","09:00"," ","19,60","","9,70","","53,00","","25,00","","9,00","","24,10","","100,54","","","","","","Généralement dégagé"
"2006-07-21 10:00","2006","07","21","10:00"," ","18,90","","13,10","","69,00","","36,00","","6,00","","24,10","","100,50","","","","","","Généralement nuageux"
"2006-07-21 11:00","2006","07","21","11:00"," ","20,80","","12,30","","58,00","","35,00","","7,00","","24,10","","100,44","","","","","","Généralement nuageux"
"2006-07-21 12:00","2006","07","21","12:00"," ","22,20","","13,50","","58,00","","9,00","","9,00","","24,10","","100,40","","25,00","","","","Généralement dégagé"
"2006-07-21 13:00","2006","07","21","13:00"," ","23,80","","12,00","","48,00","","9,00","","9,00","","24,10","","100,33","","26,00","","","","Généralement dégagé"
"2006-07-21 14:00","2006","07","21","14:00"," ","27,70","","6,80","","27,00","","27,00","","26,00","","24,10","","100,26","","28,00","","","","Généralement dégagé"
"2006-07-21 15:00","2006","07","21","15:00"," ","27,20","","7,00","","28,00","","25,00","","19,00","","24,10","","100,21","","27,00","","","","Généralement nuageux"
"2006-07-21 16:00","2006","07","21","16:00"," ","19,00","","13,20","","69,00","","4,00","","28,00","","24,10","","100,26","","","","","","Averses de pluie"
"2006-07-21 17:00","2006","07","21","17:00"," ","19,50","","13,60","","69,00","","12,00","","19,00","","24,10","","100,14","","","","","","Généralement nuageux"
"2006-07-21 18:00","2006","07","21","18:00"," ","22,50","","12,10","","52,00","","15,00","","19,00","","24,10","","100,11","","25,00","","","","Généralement nuageux"
"2006-07-21 19:00","2006","07","21","19:00"," ","23,60","","10,10","","42,00","","18,00","","11,00","","24,10","","100,10","","25,00","","","","Généralement nuageux"
"2006-07-21 20:00","2006","07","21","20:00"," ","21,00","","13,70","","63,00","","3,00","","11,00","","24,10","","100,11","","","","","","Généralement nuageux"
"2006-07-21 21:00","2006","07","21","21:00"," ","19,50","","12,30","","63,00","","13,00","","15,00","","24,10","","100,04","","","","","","Généralement nuageux"
"2006-07-21 22:00","2006","07","21","22:00"," ","18,80","","12,00","","65,00","","2,00","","24,00","","24,10","","100,05","","","","","","Généralement dégagé"
"2006-07-21 23:00","2006","07","21","23:00"," ","18,00","","12,20","","69,00","","7,00","","7,00","","24,10","","99,99","","","","","","Généralement nuageux"
"2006-07-22 00:00","2006","07","22","00:00"," ","16,50","","12,50","","77,00","","18,00","","11,00","","24,10","","99,94","","","","","","Averses de pluie"
"2006-07-22 01:00","2006","07","22","01:00"," ","16,60","","11,00","","69,00","","22,00","","20,00","","24,10","","99,94","","","","","","Généralement nuageux"
"2006-07-22 02:00","2006","07","22","02:00"," ","14,00","","11,60","","85,00","","2,00","","9,00","","24,10","","99,99","","","","","","Généralement dégagé"
"2006-07-22 03:00","2006","07","22","03:00"," ","13,00","","12,00","","94,00","","18,00","","7,00","","24,10","","99,98","","","","","","Généralement dégagé"
"2006-07-22 04:00","2006","07","22","04:00"," ","12,80","","11,30","","91,00","","33,00","","13,00","","24,10","","100,06","","","","","","Généralement dégagé"
"2006-07-22 05:00","2006","07","22","05:00"," ","13,30","","10,50","","83,00","","35,00","","39,00","","24,10","","100,20","","","","","","Généralement nuageux"
"2006-07-22 06:00","2006","07","22","06:00"," ","11,60","","7,50","","76,00","","33,00","","15,00","","24,10","","100,31","","","","","","Généralement nuageux"
"2006-07-22 07:00","2006","07","22","07:00"," ","11,30","","7,80","","79,00","","35,00","","39,00","","24,10","","100,37","","","","","","Généralement nuageux"
"2006-07-22 08:00","2006","07","22","08:00"," ","11,40","","8,10","","80,00","","32,00","","19,00","","24,10","","100,47","","","","","","Généralement nuageux"
"2006-07-22 09:00","2006","07","22","09:00"," ","10,30","","7,50","","83,00","","34,00","","22,00","","24,10","","100,51","","","","","","Nuageux"
"2006-07-22 10:00","2006","07","22","10:00"," ","9,90","","6,80","","81,00","","34,00","","24,00","","24,10","","100,58","","","","","","Nuageux"
"2006-07-22 11:00","2006","07","22","11:00"," ","9,30","","6,20","","81,00","","33,00","","24,00","","24,10","","100,64","","","","","","Averses de pluie"
"2006-07-22 12:00","2006","07","22","12:00"," ","9,70","","6,00","","78,00","","34,00","","17,00","","24,10","","100,70","","","","","","Généralement nuageux"
"2006-07-22 13:00","2006","07","22","13:00"," ","10,90","","6,10","","72,00","","35,00","","11,00","","24,10","","100,72","","","","","","Généralement nuageux"
"2006-07-22 14:00","2006","07","22","14:00"," ","10,60","","3,40","","61,00","","36,00","","11,00","","24,10","","100,75","","","","","","Généralement nuageux"
"2006-07-22 15:00","2006","07","22","15:00"," ","10,30","","6,00","","75,00","","5,00","","13,00","","24,10","","100,80","","","","","","Généralement nuageux"
"2006-07-22 16:00","2006","07","22","16:00"," ","10,70","","5,60","","71,00","","6,00","","7,00","","24,10","","100,79","","","","","","Généralement nuageux"
"2006-07-22 17:00","2006","07","22","17:00"," ","10,70","","6,10","","73,00","","3,00","","17,00","","24,10","","100,82","","","","","","Généralement nuageux"
"2006-07-22 18:00","2006","07","22","18:00"," ","9,70","","5,60","","76,00","","3,00","","17,00","","24,10","","100,82","","","","","","Généralement nuageux"
"2006-07-22 19:00","2006","07","22","19:00"," ","8,60","","5,40","","80,00","","3,00","","19,00","","24,10","","100,85","","","","","","Généralement nuageux"
"2006-07-22 20:00","2006","07","22","20:00"," ","7,80","","5,40","","85,00","","6,00","","15,00","","19,30","","100,83","","","","","","Pluie"
"2006-07-22 21:00","2006","07","22","21:00"," ","8,00","","5,00","","81,00","","5,00","","11,00","","24,10","","100,83","","","","","","Pluie"
"2006-07-22 22:00","2006","07","22","22:00"," ","8,00","","5,40","","84,00","","8,00","","19,00","","24,10","","100,78","","","","","","Averses de pluie"
"2006-07-22 23:00","2006","07","22","23:00"," ","8,50","","6,10","","85,00","","9,00","","13,00","","16,10","","100,77","","","","","","Averses de pluie"
"2006-07-23 00:00","2006","07","23","00:00"," ","7,90","","7,50","","97,00","","8,00","","9,00","","4,80","","100,75","","","","","","Pluie,Brouillard"
"2006-07-23 01:00","2006","07","23","01:00"," ","7,70","","7,10","","96,00","","6,00","","19,00","","9,70","","100,70","","","","","","Pluie,Brouillard"
"2006-07-23 02:00","2006","07","23","02:00"," ","7,90","","7,30","","96,00","","6,00","","19,00","","12,90","","100,65","","","","","","Pluie"
"2006-07-23 03:00","2006","07","23","03:00"," ","7,70","","7,10","","96,00","","7,00","","28,00","","12,90","","100,59","","","","","","Pluie"
"2006-07-23 04:00","2006","07","23","04:00"," ","7,50","","6,50","","93,00","","7,00","","22,00","","12,90","","100,56","","","","","","Pluie"
"2006-07-23 05:00","2006","07","23","05:00"," ","7,20","","6,20","","93,00","","7,00","","19,00","","9,70","","100,57","","","","","","Pluie,Brouillard"
"2006-07-23 06:00","2006","07","23","06:00"," ","7,20","","6,00","","92,00","","7,00","","26,00","","8,00","","100,58","","","","","","Pluie,Brouillard"
"2006-07-23 07:00","2006","07","23","07:00"," ","7,00","","6,00","","93,00","","6,00","","32,00","","8,00","","100,55","","","","","","Pluie,Brouillard"
"2006-07-23 08:00","2006","07","23","08:00"," ","7,10","","5,90","","92,00","","5,00","","17,00","","9,70","","100,60","","","","","","Pluie,Brouillard"
"2006-07-23 09:00","2006","07","23","09:00"," ","6,70","","6,10","","96,00","","4,00","","15,00","","8,00","","100,60","","","","","","Pluie,Brouillard"
"2006-07-23 10:00","2006","07","23","10:00"," ","6,90","","5,90","","93,00","","7,00","","20,00","","9,70","","100,59","","","","","","Pluie,Brouillard"
"2006-07-23 11:00","2006","07","23","11:00"," ","6,90","","5,90","","93,00","","36,00","","26,00","","9,70","","100,62","","","","","","Pluie,Brouillard"
"2006-07-23 12:00","2006","07","23","12:00"," ","5,60","","4,60","","93,00","","35,00","","32,00","","11,30","","100,67","","","","","","Pluie"
"2006-07-23 13:00","2006","07","23","13:00"," ","5,50","","4,20","","91,00","","35,00","","33,00","","12,90","","100,72","","","","","","Pluie"
"2006-07-23 14:00","2006","07","23","14:00"," ","6,00","","4,50","","90,00","","36,00","","24,00","","12,90","","100,77","","","","","","Pluie"
"2006-07-23 15:00","2006","07","23","15:00"," ","6,30","","3,80","","84,00","","35,00","","24,00","","16,10","","100,79","","","","","","Pluie"
"2006-07-23 16:00","2006","07","23","16:00"," ","6,90","","3,50","","79,00","","35,00","","19,00","","24,10","","100,79","","","","","","Généralement nuageux"
"2006-07-23 17:00","2006","07","23","17:00"," ","7,50","","3,00","","73,00","","32,00","","26,00","","24,10","","100,79","","","","","","Généralement nuageux"
"2006-07-23 18:00","2006","07","23","18:00"," ","7,00","","2,00","","70,00","","32,00","","26,00","","24,10","","100,82","","","","","","Nuageux"
"2006-07-23 19:00","2006","07","23","19:00"," ","6,90","","2,60","","74,00","","34,00","","22,00","","24,10","","100,83","","","","","","Nuageux"
"2006-07-23 20:00","2006","07","23","20:00"," ","6,80","","2,20","","72,00","","33,00","","20,00","","24,10","","100,83","","","","","","Nuageux"
"2006-07-23 21:00","2006","07","23","21:00"," ","6,40","","2,30","","75,00","","34,00","","28,00","","24,10","","100,86","","","","","","Nuageux"
"2006-07-23 22:00","2006","07","23","22:00"," ","5,60","","2,50","","80,00","","35,00","","26,00","","24,10","","100,88","","","","","","Généralement nuageux"
"2006-07-23 23:00","2006","07","23","23:00"," ","5,20","","1,90","","79,00","","33,00","","22,00","","24,10","","100,90","","","","","","Généralement nuageux"
"2006-07-24 00:00","2006","07","24","00:00"," ","4,70","","1,80","","81,00","","35,00","","26,00","","24,10","","100,90","","","","","","Généralement nuageux"
"2006-07-24 01:00","2006","07","24","01:00"," ","4,60","","2,20","","84,00","","31,00","","22,00","","24,10","","100,92","","","","","","Généralement nuageux"
"2006-07-24 02:00","2006","07","24","02:00"," ","3,80","","1,00","","82,00","","29,00","","17,00","","24,10","","100,92","","","","","","Généralement nuageux"
"2006-07-24 03:00","2006","07","24","03:00"," ","4,10","","1,40","","83,00","","31,00","","19,00","","24,10","","100,93","","","","","","Généralement nuageux"
"2006-07-24 04:00","2006","07","24","04:00"," ","4,20","","1,50","","83,00","","33,00","","20,00","","24,10","","100,94","","","","","","Généralement nuageux"
"2006-07-24 05:00","2006","07","24","05:00"," ","4,20","","1,50","","83,00","","30,00","","19,00","","24,10","","100,94","","","","","","Généralement nuageux"
"2006-07-24 06:00","2006","07","24","06:00"," ","4,60","","1,40","","80,00","","31,00","","9,00","","24,10","","100,94","","","","","","Généralement nuageux"
"2006-07-24 07:00","2006","07","24","07:00"," ","5,00","","1,40","","78,00","","0,00","","0,00","","24,10","","100,95","","","","","","Généralement nuageux"
"2006-07-24 08:00","2006","07","24","08:00"," ","5,40","","1,60","","76,00","","28,00","","6,00","","24,10","","100,92","","","","","","Nuageux"
"2006-07-24 09:00","2006","07","24","09:00"," ","5,60","","1,80","","77,00","","27,00","","7,00","","24,10","","100,93","","","","","","Nuageux"
"2006-07-24 10:00","2006","07","24","10:00"," ","6,10","","2,20","","76,00","","29,00","","7,00","","24,10","","100,94","","","","","","Nuageux"
"2006-07-24 11:00","2006","07","24","11:00"," ","6,10","","1,90","","74,00","","0,00","","0,00","","24,10","","100,95","","","","","","Nuageux"
"2006-07-24 12:00","2006","07","24","12:00"," ","6,90","","4,40","","84,00","","0,00","","0,00","","24,10","","100,97","","","","","","Nuageux"
"2006-07-24 13:00","2006","07","24","13:00"," ","7,00","","1,70","","69,00","","0,00","","0,00","","24,10","","100,98","","","","","","Nuageux"
"2006-07-24 14:00","2006","07","24","14:00"," ","7,90","","2,60","","69,00","","34,00","","11,00","","24,10","","101,00","","","","","","Généralement nuageux"
"2006-07-24 15:00","2006","07","24","15:00"," ","9,00","","2,70","","65,00","","2,00","","11,00","","24,10","","101,03","","","","","","Généralement nuageux"
"2006-07-24 16:00","2006","07","24","16:00"," ","9,30","","2,80","","64,00","","35,00","","7,00","","24,10","","101,04","","","","","","Généralement nuageux"
"2006-07-24 17:00","2006","07","24","17:00"," ","8,70","","4,20","","73,00","","33,00","","11,00","","24,10","","101,06","","","","","","Généralement nuageux"
"2006-07-24 18:00","2006","07","24","18:00"," ","7,90","","5,70","","86,00","","35,00","","7,00","","24,10","","101,07","","","","","","Averses de pluie"
"2006-07-24 19:00","2006","07","24","19:00"," ","7,50","","6,70","","95,00","","33,00","","6,00","","6,40","","101,09","","","","","","Averses de pluie,Brouillard"
"2006-07-24 20:00","2006","07","24","20:00"," ","7,60","","6,60","","93,00","","0,00","","0,00","","16,10","","101,12","","","","","","Averses de pluie"
"2006-07-24 21:00","2006","07","24","21:00"," ","8,00","","6,40","","90,00","","5,00","","11,00","","16,10","","101,12","","","","","","Averses de pluie"
"2006-07-24 22:00","2006","07","24","22:00"," ","8,00","","5,80","","86,00","","6,00","","13,00","","24,10","","101,14","","","","","","Nuageux"
"2006-07-24 23:00","2006","07","24","23:00"," ","8,30","","5,50","","83,00","","35,00","","20,00","","24,10","","101,17","","","","","","Généralement nuageux"
"2006-07-25 00:00","2006","07","25","00:00"," ","8,00","","5,00","","81,00","","35,00","","28,00","","24,10","","101,20","","","","","","Généralement nuageux"
"2006-07-25 01:00","2006","07","25","01:00"," ","8,00","","4,80","","80,00","","35,00","","22,00","","24,10","","101,21","","","","","","Généralement nuageux"
"2006-07-25 02:00","2006","07","25","02:00"," ","7,50","","5,50","","87,00","","35,00","","22,00","","24,10","","101,24","","","","","","Généralement nuageux"
"2006-07-25 03:00","2006","07","25","03:00"," ","7,40","","5,20","","86,00","","35,00","","24,00","","24,10","","101,26","","","","","","Généralement nuageux"
"2006-07-25 04:00","2006","07","25","04:00"," ","7,20","","5,60","","90,00","","27,00","","7,00","","24,10","","101,30","","","","","","Généralement dégagé"
"2006-07-25 05:00","2006","07","25","05:00"," ","6,20","","5,00","","92,00","","24,00","","9,00","","24,10","","101,34","","","","","","Généralement dégagé"
"2006-07-25 06:00","2006","07","25","06:00"," ","6,30","","5,10","","92,00","","27,00","","11,00","","24,10","","101,38","","","","","","Généralement nuageux"
"2006-07-25 07:00","2006","07","25","07:00"," ","7,20","","5,20","","87,00","","27,00","","9,00","","24,10","","101,39","","","","","","Généralement nuageux"
"2006-07-25 08:00","2006","07","25","08:00"," ","8,30","","5,90","","85,00","","0,00","","0,00","","24,10","","101,42","","","","","","Généralement nuageux"
"2006-07-25 09:00","2006","07","25","09:00"," ","8,60","","5,80","","83,00","","0,00","","0,00","","24,10","","101,43","","","","","","Nuageux"
"2006-07-25 10:00","2006","07","25","10:00"," ","9,70","","5,80","","77,00","","33,00","","7,00","","24,10","","101,42","","","","","","Généralement dégagé"
"2006-07-25 11:00","2006","07","25","11:00"," ","11,10","","6,70","","74,00","","36,00","","9,00","","24,10","","101,43","","","","","","Généralement dégagé"
"2006-07-25 12:00","2006","07","25","12:00"," ","11,10","","6,90","","75,00","","4,00","","13,00","","24,10","","101,42","","","","","","Généralement dégagé"
"2006-07-25 13:00","2006","07","25","13:00"," ","11,30","","5,40","","67,00","","6,00","","17,00","","24,10","","101,43","","","","","","Généralement dégagé"
"2006-07-25 14:00","2006","07","25","14:00"," ","11,40","","5,30","","66,00","","5,00","","11,00","","24,10","","101,43","","","","","","Généralement dégagé"
"2006-07-25 15:00","2006","07","25","15:00"," ","12,10","","5,10","","62,00","","6,00","","11,00","","24,10","","101,43","","","","","","Généralement dégagé"
"2006-07-25 16:00","2006","07","25","16:00"," ","11,40","","4,90","","64,00","","9,00","","15,00","","24,10","","101,43","","","","","","Généralement dégagé"
"2006-07-25 17:00","2006","07","25","17:00"," ","11,60","","5,10","","64,00","","7,00","","15,00","","24,10","","101,41","","","","","","Généralement dégagé"
"2006-07-25 18:00","2006","07","25","18:00"," ","11,50","","5,00","","64,00","","8,00","","13,00","","24,10","","101,41","","","","","","Généralement dégagé"
"2006-07-25 19:00","2006","07","25","19:00"," ","11,20","","4,90","","65,00","","10,00","","11,00","","24,10","","101,40","","","","","","Dégagé"
"2006-07-25 20:00","2006","07","25","20:00"," ","10,70","","5,00","","68,00","","11,00","","11,00","","24,10","","101,39","","","","","","Dégagé"
"2006-07-25 21:00","2006","07","25","21:00"," ","10,00","","3,90","","66,00","","10,00","","9,00","","24,10","","101,38","","","","","","Dégagé"
"2006-07-25 22:00","2006","07","25","22:00"," ","8,90","","4,00","","71,00","","12,00","","9,00","","24,10","","101,39","","","","","","Dégagé"
"2006-07-25 23:00","2006","07","25","23:00"," ","7,10","","4,20","","82,00","","13,00","","7,00","","24,10","","101,38","","","","","","Dégagé"
"2006-07-26 00:00","2006","07","26","00:00"," ","5,80","","3,70","","86,00","","15,00","","6,00","","24,10","","101,40","","","","","","Généralement dégagé"
"2006-07-26 01:00","2006","07","26","01:00"," ","5,70","","3,10","","83,00","","12,00","","7,00","","24,10","","101,40","","","","","","Généralement dégagé"
"2006-07-26 02:00","2006","07","26","02:00"," ","5,80","","3,20","","83,00","","13,00","","6,00","","24,10","","101,38","","","","","","Dégagé"
"2006-07-26 03:00","2006","07","26","03:00"," ","4,30","","3,20","","93,00","","17,00","","6,00","","24,10","","101,38","","","","","","Dégagé"
"2006-07-26 04:00","2006","07","26","04:00"," ","4,10","","2,50","","89,00","","20,00","","4,00","","24,10","","101,40","","","","","","Généralement dégagé"
"2006-07-26 05:00","2006","07","26","05:00"," ","4,50","","3,20","","91,00","","20,00","","6,00","","24,10","","101,41","","","","","","Généralement dégagé"
"2006-07-26 06:00","2006","07","26","06:00"," ","7,50","","4,60","","82,00","","0,00","","0,00","","24,10","","101,39","","","","","","Généralement dégagé"
"2006-07-26 07:00","2006","07","26","07:00"," ","9,80","","6,30","","79,00","","1,00","","4,00","","24,10","","101,39","","","","","","Généralement dégagé"
"2006-07-26 08:00","2006","07","26","08:00"," ","10,40","","6,80","","78,00","","0,00","","0,00","","24,10","","101,39","","","","","","Dégagé"
"2006-07-26 09:00","2006","07","26","09:00"," ","11,00","","6,20","","72,00","","3,00","","17,00","","24,10","","101,38","","","","","","Dégagé"
"2006-07-26 10:00","2006","07","26","10:00"," ","11,50","","6,30","","70,00","","5,00","","13,00","","24,10","","101,35","","","","","","Dégagé"
"2006-07-26 11:00","2006","07","26","11:00"," ","12,00","","6,30","","68,00","","5,00","","13,00","","24,10","","101,31","","","","","","Dégagé"
"2006-07-26 12:00","2006","07","26","12:00"," ","12,30","","6,00","","65,00","","8,00","","17,00","","24,10","","101,29","","","","","","Dégagé"
"2006-07-26 13:00","2006","07","26","13:00"," ","12,40","","6,10","","65,00","","5,00","","15,00","","24,10","","101,28","","","","","","Dégagé"
"2006-07-26 14:00","2006","07","26","14:00"," ","12,60","","5,90","","64,00","","8,00","","19,00","","24,10","","101,25","","","","","","Généralement dégagé"
"2006-07-26 15:00","2006","07","26","15:00"," ","13,00","","4,60","","57,00","","7,00","","19,00","","24,10","","101,25","","","","","","Généralement dégagé"
"2006-07-26 16:00","2006","07","26","16:00"," ","12,80","","4,50","","57,00","","7,00","","19,00","","24,10","","101,24","","","","","","Généralement dégagé"
"2006-07-26 17:00","2006","07","26","17:00"," ","12,60","","4,00","","56,00","","7,00","","22,00","","24,10","","101,23","","","","","","Généralement dégagé"
"2006-07-26 18:00","2006","07","26","18:00"," ","12,40","","4,50","","59,00","","9,00","","28,00","","24,10","","101,23","","","","","","Généralement dégagé"
"2006-07-26 19:00","2006","07","26","19:00"," ","12,00","","3,70","","57,00","","9,00","","19,00","","24,10","","101,24","","","","","","Dégagé"
"2006-07-26 20:00","2006","07","26","20:00"," ","11,10","","4,10","","62,00","","9,00","","17,00","","24,10","","101,23","","","","","","Généralement dégagé"
"2006-07-26 21:00","2006","07","26","21:00"," ","10,60","","4,10","","64,00","","9,00","","22,00","","24,10","","101,23","","","","","","Généralement dégagé"
"2006-07-26 22:00","2006","07","26","22:00"," ","9,70","","3,80","","67,00","","9,00","","11,00","","24,10","","101,25","","","","","","Généralement dégagé"
"2006-07-26 23:00","2006","07","26","23:00"," ","8,30","","4,60","","77,00","","8,00","","9,00","","24,10","","101,26","","","","","","Généralement dégagé"
"2006-07-27 00:00","2006","07","27","00:00"," ","7,50","","4,90","","84,00","","8,00","","9,00","","24,10","","101,27","","","","","","Généralement dégagé"
"2006-07-27 01:00","2006","07","27","01:00"," ","5,90","","4,70","","92,00","","16,00","","6,00","","24,10","","101,30","","","","","","Généralement dégagé"
"2006-07-27 02:00","2006","07","27","02:00"," ","6,20","","4,10","","86,00","","12,00","","6,00","","24,10","","101,30","","","","","","Généralement dégagé"
"2006-07-27 03:00","2006","07","27","03:00"," ","5,90","","4,40","","90,00","","14,00","","4,00","","24,10","","101,32","","","","","","Généralement dégagé"
"2006-07-27 04:00","2006","07","27","04:00"," ","5,60","","4,60","","93,00","","13,00","","6,00","","24,10","","101,31","","","","","","Généralement dégagé"
"2006-07-27 05:00","2006","07","27","05:00"," ","6,00","","4,80","","92,00","","0,00","","0,00","","24,10","","101,36","","","","","","Généralement dégagé"
"2006-07-27 06:00","2006","07","27","06:00"," ","8,80","","4,80","","76,00","","12,00","","4,00","","24,10","","101,35","","","","","","Généralement dégagé"
"2006-07-27 07:00","2006","07","27","07:00"," ","9,50","","5,10","","74,00","","0,00","","0,00","","24,10","","101,37","","","","","","Généralement nuageux"
"2006-07-27 08:00","2006","07","27","08:00"," ","10,70","","6,50","","75,00","","8,00","","7,00","","24,10","","101,36","","","","","","Généralement nuageux"
"2006-07-27 09:00","2006","07","27","09:00"," ","11,50","","5,50","","67,00","","8,00","","7,00","","24,10","","101,37","","","","","","Généralement nuageux"
"2006-07-27 10:00","2006","07","27","10:00"," ","12,80","","5,50","","61,00","","5,00","","11,00","","24,10","","101,37","","","","","","Généralement nuageux"
"2006-07-27 11:00","2006","07","27","11:00"," ","13,60","","5,30","","57,00","","4,00","","13,00","","24,10","","101,40","","","","","","Généralement nuageux"
"2006-07-27 12:00","2006","07","27","12:00"," ","12,90","","3,90","","54,00","","4,00","","13,00","","24,10","","101,41","","","","","","Généralement dégagé"
"2006-07-27 13:00","2006","07","27","13:00"," ","13,20","","3,80","","53,00","","1,00","","9,00","","24,10","","101,42","","","","","","Généralement dégagé"
"2006-07-27 14:00","2006","07","27","14:00"," ","14,00","","4,20","","52,00","","36,00","","7,00","","24,10","","101,40","","","","","","Généralement dégagé"
"2006-07-27 15:00","2006","07","27","15:00"," ","15,50","","4,20","","47,00","","2,00","","6,00","","24,10","","101,40","","","","","","Généralement dégagé"
"2006-07-27 16:00","2006","07","27","16:00"," ","16,00","","4,70","","47,00","","36,00","","6,00","","24,10","","101,38","","","","","","Généralement dégagé"
"2006-07-27 17:00","2006","07","27","17:00"," ","16,20","","5,00","","47,00","","32,00","","9,00","","24,10","","101,39","","","","","","Généralement dégagé"
"2006-07-27 18:00","2006","07","27","18:00"," ","15,70","","4,80","","48,00","","36,00","","9,00","","24,10","","101,42","","","","","","Généralement nuageux"
"2006-07-27 19:00","2006","07","27","19:00"," ","15,50","","7,30","","58,00","","1,00","","20,00","","24,10","","101,42","","","","","","Généralement dégagé"
"2006-07-27 20:00","2006","07","27","20:00"," ","14,90","","6,10","","56,00","","2,00","","19,00","","24,10","","101,43","","","","","","Généralement nuageux"
"2006-07-27 21:00","2006","07","27","21:00"," ","14,00","","5,80","","58,00","","3,00","","7,00","","24,10","","101,45","","","","","","Généralement dégagé"
"2006-07-27 22:00","2006","07","27","22:00"," ","12,40","","6,50","","67,00","","35,00","","9,00","","24,10","","101,47","","","","","","Généralement dégagé"
"2006-07-27 23:00","2006","07","27","23:00"," ","11,70","","7,00","","73,00","","32,00","","15,00","","24,10","","101,50","","","","","","Généralement dégagé"
"2006-07-28 00:00","2006","07","28","00:00"," ","9,20","","6,90","","86,00","","33,00","","15,00","","24,10","","101,52","","","","","","Généralement dégagé"
"2006-07-28 01:00","2006","07","28","01:00"," ","8,80","","6,90","","88,00","","29,00","","13,00","","24,10","","101,55","","","","","","Généralement dégagé"
"2006-07-28 02:00","2006","07","28","02:00"," ","8,90","","7,00","","88,00","","28,00","","13,00","","24,10","","101,55","","","","","","Généralement dégagé"
"2006-07-28 03:00","2006","07","28","03:00"," ","10,40","","7,00","","79,00","","36,00","","24,00","","24,10","","101,59","","","","","","Généralement dégagé"
"2006-07-28 04:00","2006","07","28","04:00"," ","10,10","","7,10","","82,00","","35,00","","19,00","","24,10","","101,61","","","","","","Généralement dégagé"
"2006-07-28 05:00","2006","07","28","05:00"," ","10,50","","6,90","","78,00","","35,00","","15,00","","24,10","","101,66","","","","","","Généralement dégagé"
"2006-07-28 06:00","2006","07","28","06:00"," ","10,70","","6,90","","77,00","","35,00","","17,00","","24,10","","101,68","","","","","","Généralement dégagé"
"2006-07-28 07:00","2006","07","28","07:00"," ","11,20","","6,00","","70,00","","35,00","","20,00","","24,10","","101,71","","","","","","Généralement dégagé"
"2006-07-28 08:00","2006","07","28","08:00"," ","11,50","","5,70","","68,00","","35,00","","19,00","","24,10","","101,73","","","","","","Généralement dégagé"
"2006-07-28 09:00","2006","07","28","09:00"," ","12,00","","6,30","","68,00","","36,00","","15,00","","24,10","","101,76","","","","","","Généralement dégagé"
"2006-07-28 10:00","2006","07","28","10:00"," ","12,90","","6,30","","64,00","","2,00","","13,00","","24,10","","101,76","","","","","","Généralement dégagé"
"2006-07-28 11:00","2006","07","28","11:00"," ","12,80","","5,70","","62,00","","4,00","","15,00","","24,10","","101,78","","","","","","Généralement dégagé"
"2006-07-28 12:00","2006","07","28","12:00"," ","13,80","","6,70","","62,00","","2,00","","17,00","","24,10","","101,77","","","","","","Généralement dégagé"
"2006-07-28 13:00","2006","07","28","13:00"," ","13,40","","6,20","","62,00","","6,00","","13,00","","24,10","","101,81","","","","","","Généralement nuageux"
"2006-07-28 14:00","2006","07","28","14:00"," ","13,90","","5,70","","58,00","","8,00","","13,00","","24,10","","101,81","","","","","","Généralement dégagé"
"2006-07-28 15:00","2006","07","28","15:00"," ","13,30","","4,90","","57,00","","9,00","","17,00","","24,10","","101,82","","","","","","Généralement dégagé"
"2006-07-28 16:00","2006","07","28","16:00"," ","14,10","","4,80","","53,00","","5,00","","15,00","","24,10","","101,82","","","","","","Généralement dégagé"
"2006-07-28 17:00","2006","07","28","17:00"," ","14,90","","6,10","","56,00","","9,00","","9,00","","24,10","","101,79","","","","","","Généralement nuageux"
"2006-07-28 18:00","2006","07","28","18:00"," ","15,00","","6,40","","56,00","","11,00","","9,00","","24,10","","101,80","","","","","","Généralement nuageux"
"2006-07-28 19:00","2006","07","28","19:00"," ","14,90","","5,80","","54,00","","0,00","","0,00","","24,10","","101,79","","","","","","Généralement dégagé"
"2006-07-28 20:00","2006","07","28","20:00"," ","14,60","","6,10","","57,00","","36,00","","6,00","","24,10","","101,79","","","","","","Généralement dégagé"
"2006-07-28 21:00","2006","07","28","21:00"," ","14,80","","7,00","","60,00","","0,00","","0,00","","24,10","","101,77","","","","","","Généralement dégagé"
"2006-07-28 22:00","2006","07","28","22:00"," ","13,10","","6,70","","65,00","","35,00","","22,00","","24,10","","101,75","","","","","","Généralement dégagé"
"2006-07-28 23:00","2006","07","28","23:00"," ","11,90","","6,60","","70,00","","35,00","","15,00","","24,10","","101,75","","","","","","Généralement dégagé"
"2006-07-29 00:00","2006","07","29","00:00"," ","11,30","","6,70","","73,00","","34,00","","17,00","","24,10","","101,75","","","","","","Dégagé"
"2006-07-29 01:00","2006","07","29","01:00"," ","9,10","","6,00","","81,00","","27,00","","9,00","","24,10","","101,75","","","","","","Dégagé"
"2006-07-29 02:00","2006","07","29","02:00"," ","6,60","","5,40","","92,00","","23,00","","9,00","","24,10","","101,74","","","","","","Dégagé"
"2006-07-29 03:00","2006","07","29","03:00"," ","5,20","","4,10","","93,00","","23,00","","13,00","","24,10","","101,75","","","","","","Dégagé"
"2006-07-29 04:00","2006","07","29","04:00"," ","4,60","","3,50","","93,00","","22,00","","17,00","","24,10","","101,73","","","","","","Dégagé"
"2006-07-29 05:00","2006","07","29","05:00"," ","5,30","","3,80","","90,00","","22,00","","13,00","","24,10","","101,73","","","","","","Dégagé"
"2006-07-29 06:00","2006","07","29","06:00"," ","7,50","","4,90","","84,00","","22,00","","7,00","","24,10","","101,71","","","","","","Dégagé"
"2006-07-29 07:00","2006","07","29","07:00"," ","9,60","","5,70","","77,00","","22,00","","7,00","","24,10","","101,70","","","","","","Dégagé"
"2006-07-29 08:00","2006","07","29","08:00"," ","11,50","","5,20","","65,00","","0,00","","0,00","","24,10","","101,65","","","","","","Dégagé"
"2006-07-29 09:00","2006","07","29","09:00"," ","13,40","","5,10","","57,00","","0,00","","0,00","","24,10","","101,61","","","","","","Dégagé"
"2006-07-29 10:00","2006","07","29","10:00"," ","13,80","","6,30","","61,00","","0,00","","0,00","","24,10","","101,58","","","","","","Dégagé"
"2006-07-29 11:00","2006","07","29","11:00"," ","14,90","","5,40","","53,00","","35,00","","7,00","","24,10","","101,54","","","","","","Dégagé"
"2006-07-29 12:00","2006","07","29","12:00"," ","15,50","","6,10","","53,00","","36,00","","9,00","","24,10","","101,50","","","","","","Dégagé"
"2006-07-29 13:00","2006","07","29","13:00"," ","16,50","","8,10","","58,00","","5,00","","11,00","","24,10","","101,48","","","","","","Dégagé"
"2006-07-29 14:00","2006","07","29","14:00"," ","16,00","","9,30","","64,00","","7,00","","9,00","","24,10","","101,44","","","","","","Dégagé"
"2006-07-29 15:00","2006","07","29","15:00"," ","15,60","","9,50","","67,00","","6,00","","17,00","","24,10","","101,40","","","","","","Dégagé"
"2006-07-29 16:00","2006","07","29","16:00"," ","16,10","","10,00","","67,00","","8,00","","17,00","","24,10","","101,37","","","","","","Dégagé"
"2006-07-29 17:00","2006","07","29","17:00"," ","14,60","","11,40","","81,00","","7,00","","20,00","","24,10","","101,35","","","","","","Dégagé"
"2006-07-29 18:00","2006","07","29","18:00"," ","14,50","","4,30","","50,00","","9,00","","20,00","","24,10","","101,32","","","","","","Généralement dégagé"
"2006-07-29 19:00","2006","07","29","19:00"," ","13,90","","5,00","","55,00","","8,00","","17,00","","24,10","","101,32","","","","","","Dégagé"
"2006-07-29 20:00","2006","07","29","20:00"," ","13,50","","5,20","","57,00","","8,00","","15,00","","24,10","","101,29","","","","","","Généralement dégagé"
"2006-07-29 21:00","2006","07","29","21:00"," ","12,60","","5,00","","60,00","","8,00","","11,00","","24,10","","101,26","","","","","","Généralement dégagé"
"2006-07-29 22:00","2006","07","29","22:00"," ","10,90","","6,50","","74,00","","7,00","","9,00","","24,10","","101,26","","","","","","Dégagé"
"2006-07-29 23:00","2006","07","29","23:00"," ","10,10","","6,00","","76,00","","10,00","","6,00","","24,10","","101,25","","","","","","Dégagé"
"2006-07-30 00:00","2006","07","30","00:00"," ","9,00","","6,30","","83,00","","13,00","","6,00","","24,10","","101,26","","","","","","Dégagé"
"2006-07-30 01:00","2006","07","30","01:00"," ","8,30","","5,90","","85,00","","14,00","","7,00","","24,10","","101,23","","","","","","Généralement dégagé"
"2006-07-30 02:00","2006","07","30","02:00"," ","6,70","","5,10","","90,00","","18,00","","7,00","","24,10","","101,22","","","","","","Généralement dégagé"
"2006-07-30 03:00","2006","07","30","03:00"," ","7,40","","4,70","","83,00","","0,00","","0,00","","24,10","","101,23","","","","","","Généralement dégagé"
"2006-07-30 04:00","2006","07","30","04:00"," ","7,00","","4,50","","84,00","","0,00","","0,00","","24,10","","101,22","","","","","","Généralement dégagé"
"2006-07-30 05:00","2006","07","30","05:00"," ","6,50","","4,60","","88,00","","0,00","","0,00","","24,10","","101,20","","","","","","Généralement dégagé"
"2006-07-30 06:00","2006","07","30","06:00"," ","8,60","","6,70","","88,00","","0,00","","0,00","","24,10","","101,19","","","","","","Généralement nuageux"
"2006-07-30 07:00","2006","07","30","07:00"," ","10,50","","7,10","","79,00","","0,00","","0,00","","24,10","","101,17","","","","","","Généralement nuageux"
"2006-07-30 08:00","2006","07","30","08:00"," ","11,00","","8,40","","84,00","","0,00","","0,00","","24,10","","101,16","","","","","","Généralement nuageux"
"2006-07-30 09:00","2006","07","30","09:00"," ","13,60","","8,50","","71,00","","0,00","","0,00","","24,10","","101,17","","","","","","Généralement dégagé"
"2006-07-30 10:00","2006","07","30","10:00"," ","13,40","","8,30","","71,00","","7,00","","17,00","","24,10","","101,13","","","","","","Généralement dégagé"
"2006-07-30 11:00","2006","07","30","11:00"," ","14,80","","8,70","","67,00","","7,00","","22,00","","24,10","","101,11","","","","","","Généralement nuageux"
"2006-07-30 12:00","2006","07","30","12:00"," ","14,20","","6,50","","60,00","","7,00","","20,00","","24,10","","101,11","","","","","","Généralement nuageux"
"2006-07-30 13:00","2006","07","30","13:00"," ","13,40","","7,10","","66,00","","8,00","","26,00","","24,10","","101,11","","","","","","Généralement nuageux"
"2006-07-30 14:00","2006","07","30","14:00"," ","13,40","","8,10","","70,00","","7,00","","19,00","","24,10","","101,10","","","","","","Généralement nuageux"
"2006-07-30 15:00","2006","07","30","15:00"," ","14,00","","8,40","","69,00","","7,00","","22,00","","24,10","","101,06","","","","","","Généralement nuageux"
"2006-07-30 16:00","2006","07","30","16:00"," ","14,00","","6,50","","61,00","","8,00","","24,00","","24,10","","101,03","","","","","","Généralement nuageux"
"2006-07-30 17:00","2006","07","30","17:00"," ","14,40","","7,20","","62,00","","8,00","","24,00","","24,10","","101,01","","","","","","Généralement dégagé"
"2006-07-30 18:00","2006","07","30","18:00"," ","14,20","","7,80","","65,00","","8,00","","24,00","","24,10","","100,99","","","","","","Généralement nuageux"
"2006-07-30 19:00","2006","07","30","19:00"," ","14,10","","7,70","","65,00","","8,00","","24,00","","24,10","","100,99","","","","","","Généralement nuageux"
"2006-07-30 20:00","2006","07","30","20:00"," ","13,80","","6,90","","63,00","","7,00","","15,00","","24,10","","101,00","","","","","","Généralement nuageux"
"2006-07-30 21:00","2006","07","30","21:00"," ","12,10","","8,60","","79,00","","5,00","","13,00","","24,10","","100,96","","","","","","Généralement nuageux"
"2006-07-30 22:00","2006","07","30","22:00"," ","11,40","","9,00","","85,00","","6,00","","11,00","","24,10","","100,98","","","","","","Généralement dégagé"
"2006-07-30 23:00","2006","07","30","23:00"," ","11,20","","9,20","","87,00","","5,00","","11,00","","24,10","","100,94","","","","","","Généralement dégagé"
"2006-07-31 00:00","2006","07","31","00:00"," ","11,70","","9,40","","86,00","","6,00","","11,00","","24,10","","100,94","","","","","","Généralement dégagé"
"2006-07-31 01:00","2006","07","31","01:00"," ","10,60","","9,30","","92,00","","10,00","","7,00","","24,10","","100,95","","","","","","Généralement dégagé"
"2006-07-31 02:00","2006","07","31","02:00"," ","9,00","","8,20","","95,00","","0,00","","0,00","","19,30","","100,96","","","","","","Généralement dégagé"
"2006-07-31 03:00","2006","07","31","03:00"," ","8,40","","8,00","","97,00","","0,00","","0,00","","19,30","","100,98","","","","","","Généralement dégagé"
"2006-07-31 04:00","2006","07","31","04:00"," ","7,00","","7,00","","100,00","","16,00","","6,00","","0,40","","100,99","","","","","","Brouillard"
"2006-07-31 05:00","2006","07","31","05:00"," ","7,90","","7,90","","100,00","","13,00","","9,00","","16,10","","101,00","","","","","","Généralement nuageux"
"2006-07-31 06:00","2006","07","31","06:00"," ","11,00","","9,20","","89,00","","13,00","","7,00","","24,10","","101,03","","","","","","Généralement nuageux"
"2006-07-31 07:00","2006","07","31","07:00"," ","12,60","","9,80","","83,00","","10,00","","15,00","","24,10","","101,03","","","","","","Généralement nuageux"
"2006-07-31 08:00","2006","07","31","08:00"," ","14,00","","10,30","","78,00","","8,00","","13,00","","24,10","","101,03","","","","","","Généralement dégagé"
"2006-07-31 09:00","2006","07","31","09:00"," ","14,80","","10,50","","75,00","","8,00","","17,00","","24,10","","101,03","","","","","","Généralement dégagé"
"2006-07-31 10:00","2006","07","31","10:00"," ","15,50","","11,40","","77,00","","7,00","","15,00","","24,10","","101,04","","","","","","Généralement dégagé"
"2006-07-31 11:00","2006","07","31","11:00"," ","17,20","","7,70","","54,00","","14,00","","13,00","","24,10","","101,04","","","","","","Généralement dégagé"
"2006-07-31 12:00","2006","07","31","12:00"," ","18,50","","8,00","","50,00","","0,00","","0,00","","24,10","","101,03","","","","","","Généralement dégagé"
"2006-07-31 13:00","2006","07","31","13:00"," ","17,00","","8,30","","57,00","","7,00","","24,00","","24,10","","101,02","","","","","","Généralement dégagé"
"2006-07-31 14:00","2006","07","31","14:00"," ","16,60","","8,40","","58,00","","9,00","","41,00","","24,10","","101,02","","","","","","Généralement dégagé"
"2006-07-31 15:00","2006","07","31","15:00"," ","16,10","","9,30","","64,00","","9,00","","24,00","","24,10","","101,04","","","","","","Généralement dégagé"
"2006-07-31 16:00","2006","07","31","16:00"," ","16,50","","9,70","","64,00","","8,00","","28,00","","24,10","","101,03","","","","","","Généralement dégagé"
"2006-07-31 17:00","2006","07","31","17:00"," ","16,70","","10,20","","65,00","","9,00","","24,00","","24,10","","101,02","","","","","","Généralement dégagé"
"2006-07-31 18:00","2006","07","31","18:00"," ","16,10","","8,80","","62,00","","9,00","","28,00","","24,10","","101,02","","","","","","Dégagé"
"2006-07-31 19:00","2006","07","31","19:00"," ","16,20","","10,00","","67,00","","8,00","","22,00","","24,10","","101,03","","","","","","Dégagé"
"2006-07-31 20:00","2006","07","31","20:00"," ","14,40","","10,80","","79,00","","8,00","","15,00","","24,10","","101,03","","","","","","Généralement dégagé"
"2006-07-31 21:00","2006","07","31","21:00"," ","13,60","","11,00","","84,00","","7,00","","9,00","","24,10","","101,04","","","","","","Généralement dégagé"
"2006-07-31 22:00","2006","07","31","22:00"," ","12,80","","11,30","","91,00","","6,00","","9,00","","24,10","","101,03","","","","","","Dégagé"
"2006-07-31 23:00","2006","07","31","23:00"," ","12,40","","11,00","","91,00","","8,00","","11,00","","24,10","","101,04","","","","","","Dégagé"
