"Nom de la Station","GASPE A"
"Province","QUEBEC"
"Latitude","48,78"
"Longitude","-64,48"
"Altitude","34,10"
"Identification Climat","7052605"
"Identification OMM","71188"
"Identification TC","YGP"
"Toutes les heures sont exprimées en heure normale locale (HNL). Pour convertir l'heure locale en heure avancée de l'Est (HAE), ajoutez 1 heure s'il y a lieu."

"Légende"
"M","Données Manquantes"
"E","Valeur Estimée"
"ND","Non Disponible"
"**","Données fournies par un partenaire, non assujetties à un révision par les Archives climatiques nationales du Canada"

"Date/Heure","Année","Mois","Jour","Heure","Qualité des Données","Temp (°C)","Temp Indicateur","Point de rosée (°C)","Point de rosée Indicateur","Hum. rel (%)","Hum. rel. Indicateur","Dir. du vent (10s deg)","Dir. du vent Indicateur","Vit. du vent (km/h)","Vit. du vent Indicateur","Visibilité (km)","Visibilité Indicateur","Pression à la station (kPa)","Pression à la station Indicateur","Hmdx","Hmdx Indicateur","Refroid. éolien","Refroid. éolien Indicateur","Temps"
"1972-02-01 00:00","1972","02","01","00:00"," ","","","","","","","","","","","","","","","","","","",""
"1972-02-01 01:00","1972","02","01","01:00"," ","","","","","","","","","","","","","","","","","","",""
"1972-02-01 02:00","1972","02","01","02:00"," ","","","","","","","","","","","","","","","","","","",""
"1972-02-01 03:00","1972","02","01","03:00"," ","","","","","","","","","","","","","","","","","","",""
"1972-02-01 04:00","1972","02","01","04:00"," ","","","","","","","","","","","","","","","","","","",""
"1972-02-01 05:00","1972","02","01","05:00"," ","","","","","","","","","","","","","","","","","","",""
"1972-02-01 06:00","1972","02","01","06:00"," ","-22,20","","-26,70","","70,00","","30,00","","5,00","","25,00","","101,06","","","","-27,00","","Généralement dégagé"
"1972-02-01 07:00","1972","02","01","07:00"," ","-25,00","","-28,30","","74,00","","0,00","","0,00","","25,00","","101,10","","","","","","Généralement dégagé"
"1972-02-01 08:00","1972","02","01","08:00"," ","-25,00","","-28,30","","74,00","","0,00","","0,00","","25,00","","101,15","","","","","","Généralement dégagé"
"1972-02-01 09:00","1972","02","01","09:00"," ","-23,30","","-26,70","","76,00","","0,00","","0,00","","25,00","","101,18","","","","","","Généralement dégagé"
"1972-02-01 10:00","1972","02","01","10:00"," ","-18,30","","-21,70","","74,00","","0,00","","0,00","","25,00","","101,16","","","","","","Dégagé"
"1972-02-01 11:00","1972","02","01","11:00"," ","-17,80","","-21,70","","71,00","","4,00","","11,00","","25,00","","101,06","","","","-25,00","","Généralement dégagé"
"1972-02-01 12:00","1972","02","01","12:00"," ","-16,70","","-20,00","","76,00","","3,00","","13,00","","25,00","","100,98","","","","-24,00","","Généralement dégagé"
"1972-02-01 13:00","1972","02","01","13:00"," ","-12,80","","-17,80","","64,00","","3,00","","16,00","","25,00","","100,91","","","","-20,00","","Généralement dégagé"
"1972-02-01 14:00","1972","02","01","14:00"," ","-12,20","","-17,80","","63,00","","26,00","","19,00","","25,00","","100,91","","","","-20,00","","Généralement nuageux"
"1972-02-01 15:00","1972","02","01","15:00"," ","-12,20","","-17,20","","67,00","","21,00","","26,00","","24,10","","101,06","","","","-22,00","","Généralement nuageux"
"1972-02-01 16:00","1972","02","01","16:00"," ","-14,40","","-18,90","","69,00","","22,00","","26,00","","24,10","","101,19","","","","-25,00","","Généralement dégagé"
"1972-02-01 17:00","1972","02","01","17:00"," ","-16,70","","-20,00","","76,00","","26,00","","16,00","","24,10","","101,39","","","","-25,00","","Généralement dégagé"
"1972-02-01 18:00","1972","02","01","18:00"," ","","","","","","","","","","","","","","","","","","",""
"1972-02-01 19:00","1972","02","01","19:00"," ","","","","","","","","","","","","","","","","","","",""
"1972-02-01 20:00","1972","02","01","20:00"," ","","","","","","","","","","","","","","","","","","",""
"1972-02-01 21:00","1972","02","01","21:00"," ","","","","","","","","","","","","","","","","","","",""
"1972-02-01 22:00","1972","02","01","22:00"," ","","","","","","","","","","","","","","","","","","",""
"1972-02-01 23:00","1972","02","01","23:00"," ","","","","","","","","","","","","","","","","","","",""
"1972-02-02 00:00","1972","02","02","00:00"," ","","","","","","","","","","","","","","","","","","",""
"1972-02-02 01:00","1972","02","02","01:00"," ","","","","","","","","","","","","","","","","","","",""
"1972-02-02 02:00","1972","02","02","02:00"," ","","","","","","","","","","","","","","","","","","",""
"1972-02-02 03:00","1972","02","02","03:00"," ","","","","","","","","","","","","","","","","","","",""
"1972-02-02 04:00","1972","02","02","04:00"," ","","","","","","","","","","","","","","","","","","",""
"1972-02-02 05:00","1972","02","02","05:00"," ","","","","","","","","","","","","","","","","","","",""
"1972-02-02 06:00","1972","02","02","06:00"," ","-24,40","","-28,30","","71,00","","25,00","","19,00","","24,10","","102,66","","","","-36,00","","Dégagé"
"1972-02-02 07:00","1972","02","02","07:00"," ","-24,40","","-27,80","","75,00","","25,00","","29,00","","25,00","","102,69","","","","-38,00","","Généralement dégagé"
"1972-02-02 08:00","1972","02","02","08:00"," ","-23,30","","-27,80","","68,00","","25,00","","29,00","","25,00","","102,73","","","","-37,00","","Généralement dégagé"
"1972-02-02 09:00","1972","02","02","09:00"," ","-21,70","","-27,20","","61,00","","27,00","","16,00","","25,00","","102,81","","","","-31,00","","Généralement dégagé"
"1972-02-02 10:00","1972","02","02","10:00"," ","-20,00","","-25,00","","64,00","","25,00","","23,00","","25,00","","102,88","","","","-31,00","","Généralement dégagé"
"1972-02-02 11:00","1972","02","02","11:00"," ","-19,40","","-22,80","","72,00","","26,00","","26,00","","25,00","","102,81","","","","-31,00","","Dégagé"
"1972-02-02 12:00","1972","02","02","12:00"," ","-18,30","","-25,00","","56,00","","27,00","","21,00","","25,00","","102,79","","","","-29,00","","Dégagé"
"1972-02-02 13:00","1972","02","02","13:00"," ","-17,80","","-23,30","","62,00","","34,00","","21,00","","25,00","","102,74","","","","-28,00","","Dégagé"
"1972-02-02 14:00","1972","02","02","14:00"," ","-17,20","","-23,30","","60,00","","33,00","","21,00","","25,00","","102,74","","","","-27,00","","Dégagé"
"1972-02-02 15:00","1972","02","02","15:00"," ","-16,70","","-22,20","","62,00","","33,00","","10,00","","25,00","","102,79","","","","-23,00","","Dégagé"
"1972-02-02 16:00","1972","02","02","16:00"," ","-18,30","","-22,20","","69,00","","5,00","","3,00","","25,00","","102,91","","","","-21,00","","Dégagé"
"1972-02-02 17:00","1972","02","02","17:00"," ","-20,00","","-24,40","","70,00","","30,00","","6,00","","25,00","","102,95","","","","-25,00","","Dégagé"
"1972-02-02 18:00","1972","02","02","18:00"," ","","","","","","","","","","","","","","","","","","",""
"1972-02-02 19:00","1972","02","02","19:00"," ","","","","","","","","","","","","","","","","","","",""
"1972-02-02 20:00","1972","02","02","20:00"," ","","","","","","","","","","","","","","","","","","",""
"1972-02-02 21:00","1972","02","02","21:00"," ","","","","","","","","","","","","","","","","","","",""
"1972-02-02 22:00","1972","02","02","22:00"," ","","","","","","","","","","","","","","","","","","",""
"1972-02-02 23:00","1972","02","02","23:00"," ","","","","","","","","","","","","","","","","","","",""
"1972-02-03 00:00","1972","02","03","00:00"," ","","","","","","","","","","","","","","","","","","",""
"1972-02-03 01:00","1972","02","03","01:00"," ","","","","","","","","","","","","","","","","","","",""
"1972-02-03 02:00","1972","02","03","02:00"," ","","","","","","","","","","","","","","","","","","",""
"1972-02-03 03:00","1972","02","03","03:00"," ","","","","","","","","","","","","","","","","","","",""
"1972-02-03 04:00","1972","02","03","04:00"," ","","","","","","","","","","","","","","","","","","",""
"1972-02-03 05:00","1972","02","03","05:00"," ","","","","","","","","","","","","","","","","","","",""
"1972-02-03 06:00","1972","02","03","06:00"," ","-27,80","","-30,60","","76,00","","0,00","","0,00","","24,10","","103,22","","","","","","Dégagé"
"1972-02-03 07:00","1972","02","03","07:00"," ","-27,80","","-30,60","","76,00","","0,00","","0,00","","25,00","","103,22","","","","","","Généralement dégagé"
"1972-02-03 08:00","1972","02","03","08:00"," ","-26,70","","-30,00","","72,00","","0,00","","0,00","","25,00","","103,28","","","","","","Dégagé"
"1972-02-03 09:00","1972","02","03","09:00"," ","-26,10","","-28,90","","77,00","","21,00","","6,00","","25,00","","103,28","","","","-32,00","","Dégagé"
"1972-02-03 10:00","1972","02","03","10:00"," ","-20,00","","-22,80","","77,00","","0,00","","0,00","","25,00","","103,18","","","","","","Généralement dégagé"
"1972-02-03 11:00","1972","02","03","11:00"," ","-15,00","","-18,30","","74,00","","0,00","","0,00","","25,00","","103,07","","","","","","Généralement dégagé"
"1972-02-03 12:00","1972","02","03","12:00"," ","-13,90","","-17,20","","74,00","","3,00","","6,00","","25,00","","103,01","","","","-18,00","","Généralement dégagé"
"1972-02-03 13:00","1972","02","03","13:00"," ","-13,90","","-18,30","","68,00","","5,00","","16,00","","25,00","","102,98","","","","-22,00","","Généralement nuageux"
"1972-02-03 14:00","1972","02","03","14:00"," ","-12,20","","-17,20","","65,00","","5,00","","16,00","","24,10","","102,90","","","","-20,00","","Généralement nuageux"
"1972-02-03 15:00","1972","02","03","15:00"," ","-10,60","","-16,10","","62,00","","9,00","","13,00","","24,10","","102,88","","","","-17,00","","Généralement nuageux"
"1972-02-03 16:00","1972","02","03","16:00"," ","-10,60","","-16,10","","62,00","","9,00","","10,00","","24,10","","102,84","","","","-16,00","","Généralement nuageux"
"1972-02-03 17:00","1972","02","03","17:00"," ","-10,60","","-16,10","","62,00","","5,00","","6,00","","24,10","","102,83","","","","-14,00","","Généralement dégagé"
"1972-02-03 18:00","1972","02","03","18:00"," ","","","","","","","","","","","","","","","","","","",""
"1972-02-03 19:00","1972","02","03","19:00"," ","","","","","","","","","","","","","","","","","","",""
"1972-02-03 20:00","1972","02","03","20:00"," ","","","","","","","","","","","","","","","","","","",""
"1972-02-03 21:00","1972","02","03","21:00"," ","","","","","","","","","","","","","","","","","","",""
"1972-02-03 22:00","1972","02","03","22:00"," ","","","","","","","","","","","","","","","","","","",""
"1972-02-03 23:00","1972","02","03","23:00"," ","","","","","","","","","","","","","","","","","","",""
"1972-02-04 00:00","1972","02","04","00:00"," ","","","","","","","","","","","","","","","","","","",""
"1972-02-04 01:00","1972","02","04","01:00"," ","","","","","","","","","","","","","","","","","","",""
"1972-02-04 02:00","1972","02","04","02:00"," ","","","","","","","","","","","","","","","","","","",""
"1972-02-04 03:00","1972","02","04","03:00"," ","","","","","","","","","","","","","","","","","","",""
"1972-02-04 04:00","1972","02","04","04:00"," ","","","","","","","","","","","","","","","","","","",""
"1972-02-04 05:00","1972","02","04","05:00"," ","","","","","","","","","","","","","","","","","","",""
"1972-02-04 06:00","1972","02","04","06:00"," ","-9,40","","-12,20","","84,00","","9,00","","21,00","","24,10","","101,09","","","","-17,00","","Nuageux"
"1972-02-04 07:00","1972","02","04","07:00"," ","-8,30","","-11,10","","80,00","","9,00","","24,00","","24,10","","100,77","","","","-16,00","","Nuageux"
"1972-02-04 08:00","1972","02","04","08:00"," ","-7,80","","-10,00","","84,00","","9,00","","37,00","","24,10","","100,44","","","","-18,00","","Neige"
"1972-02-04 09:00","1972","02","04","09:00"," ","-7,20","","-8,30","","93,00","","9,00","","35,00","","0,20","","100,06","","","","-16,00","","Neige forte,Poudrerie élevée"
"1972-02-04 10:00","1972","02","04","10:00"," ","-6,10","","-6,70","","94,00","","9,00","","37,00","","0,40","","99,55","","","","-15,00","","Neige modérée,Poudrerie élevée"
"1972-02-04 11:00","1972","02","04","11:00"," ","-5,60","","-6,10","","95,00","","9,00","","32,00","","0,20","","99,26","","","","-14,00","","Neige forte,Poudrerie élevée"
"1972-02-04 12:00","1972","02","04","12:00"," ","-4,40","","-5,00","","96,00","","9,00","","34,00","","0,40","","98,91","","","","-13,00","","Neige modérée,Poudrerie élevée"
"1972-02-04 13:00","1972","02","04","13:00"," ","-3,90","","-4,40","","96,00","","12,00","","32,00","","0,20","","98,58","","","","-12,00","","Neige modérée,Poudrerie élevée"
"1972-02-04 14:00","1972","02","04","14:00"," ","-3,90","","-4,40","","96,00","","15,00","","34,00","","0,80","","98,25","","","","-12,00","","Neige,Poudrerie élevée"
"1972-02-04 15:00","1972","02","04","15:00"," ","0,00","","0,00","","100,00","","15,00","","31,00","","4,80","","98,15","","","","-7,00","","Averses de neige"
"1972-02-04 16:00","1972","02","04","16:00"," ","1,10","","0,00","","93,00","","16,00","","31,00","","4,80","","98,06","","","","","","Averses de neige"
"1972-02-04 17:00","1972","02","04","17:00"," ","1,70","","0,60","","91,00","","17,00","","29,00","","6,40","","98,01","","","","","","Pluie,Averses de neige,Brouillard"
"1972-02-04 18:00","1972","02","04","18:00"," ","","","","","","","","","","","","","","","","","","",""
"1972-02-04 19:00","1972","02","04","19:00"," ","","","","","","","","","","","","","","","","","","",""
"1972-02-04 20:00","1972","02","04","20:00"," ","","","","","","","","","","","","","","","","","","",""
"1972-02-04 21:00","1972","02","04","21:00"," ","","","","","","","","","","","","","","","","","","",""
"1972-02-04 22:00","1972","02","04","22:00"," ","","","","","","","","","","","","","","","","","","",""
"1972-02-04 23:00","1972","02","04","23:00"," ","","","","","","","","","","","","","","","","","","",""
"1972-02-05 00:00","1972","02","05","00:00"," ","","","","","","","","","","","","","","","","","","",""
"1972-02-05 01:00","1972","02","05","01:00"," ","","","","","","","","","","","","","","","","","","",""
"1972-02-05 02:00","1972","02","05","02:00"," ","","","","","","","","","","","","","","","","","","",""
"1972-02-05 03:00","1972","02","05","03:00"," ","","","","","","","","","","","","","","","","","","",""
"1972-02-05 04:00","1972","02","05","04:00"," ","","","","","","","","","","","","","","","","","","",""
"1972-02-05 05:00","1972","02","05","05:00"," ","","","","","","","","","","","","","","","","","","",""
"1972-02-05 06:00","1972","02","05","06:00"," ","-13,90","","-21,10","","55,00","","23,00","","32,00","","25,00","","98,65","","","","-25,00","","Généralement dégagé"
"1972-02-05 07:00","1972","02","05","07:00"," ","-14,40","","-21,70","","56,00","","","","32,00","","25,00","","98,75","","","","-26,00","","Généralement dégagé"
"1972-02-05 08:00","1972","02","05","08:00"," ","-15,00","","-21,70","","58,00","","26,00","","31,00","","25,00","","98,79","","","","-26,00","","Généralement dégagé"
"1972-02-05 09:00","1972","02","05","09:00"," ","-14,40","","-20,60","","59,00","","25,00","","31,00","","25,00","","98,85","","","","-25,00","","Généralement dégagé"
"1972-02-05 10:00","1972","02","05","10:00"," ","-14,40","","-20,00","","61,00","","25,00","","39,00","","25,00","","98,87","","","","-27,00","","Généralement dégagé"
"1972-02-05 11:00","1972","02","05","11:00"," ","-14,40","","-21,10","","57,00","","25,00","","32,00","","25,00","","98,92","","","","-26,00","","Généralement nuageux"
"1972-02-05 12:00","1972","02","05","12:00"," ","-15,00","","-20,60","","62,00","","26,00","","40,00","","25,00","","98,95","","","","-27,00","","Généralement nuageux"
"1972-02-05 13:00","1972","02","05","13:00"," ","-15,00","","-21,10","","60,00","","25,00","","34,00","","25,00","","98,98","","","","-27,00","","Nuageux"
"1972-02-05 14:00","1972","02","05","14:00"," ","-14,40","","-20,60","","62,00","","26,00","","27,00","","25,00","","99,02","","","","-25,00","","Nuageux"
"1972-02-05 15:00","1972","02","05","15:00"," ","-15,00","","-20,60","","62,00","","27,00","","32,00","","25,00","","99,10","","","","-26,00","","Nuageux"
"1972-02-05 16:00","1972","02","05","16:00"," ","-15,60","","-21,70","","59,00","","27,00","","29,00","","25,00","","99,21","","","","-27,00","","Nuageux"
"1972-02-05 17:00","1972","02","05","17:00"," ","-16,10","","-22,20","","59,00","","26,00","","32,00","","25,00","","99,29","","","","-28,00","","Nuageux"
"1972-02-05 18:00","1972","02","05","18:00"," ","","","","","","","","","","","","","","","","","","",""
"1972-02-05 19:00","1972","02","05","19:00"," ","","","","","","","","","","","","","","","","","","",""
"1972-02-05 20:00","1972","02","05","20:00"," ","","","","","","","","","","","","","","","","","","",""
"1972-02-05 21:00","1972","02","05","21:00"," ","","","","","","","","","","","","","","","","","","",""
"1972-02-05 22:00","1972","02","05","22:00"," ","","","","","","","","","","","","","","","","","","",""
"1972-02-05 23:00","1972","02","05","23:00"," ","","","","","","","","","","","","","","","","","","",""
"1972-02-06 00:00","1972","02","06","00:00"," ","","","","","","","","","","","","","","","","","","",""
"1972-02-06 01:00","1972","02","06","01:00"," ","","","","","","","","","","","","","","","","","","",""
"1972-02-06 02:00","1972","02","06","02:00"," ","","","","","","","","","","","","","","","","","","",""
"1972-02-06 03:00","1972","02","06","03:00"," ","","","","","","","","","","","","","","","","","","",""
"1972-02-06 04:00","1972","02","06","04:00"," ","","","","","","","","","","","","","","","","","","",""
"1972-02-06 05:00","1972","02","06","05:00"," ","","","","","","","","","","","","","","","","","","",""
"1972-02-06 06:00","1972","02","06","06:00"," ","-19,40","","-22,80","","74,00","","27,00","","37,00","","24,10","","99,77","","","","-33,00","","Généralement dégagé"
"1972-02-06 07:00","1972","02","06","07:00"," ","-19,40","","-22,80","","74,00","","27,00","","32,00","","24,10","","99,77","","","","-32,00","","Généralement dégagé"
"1972-02-06 08:00","1972","02","06","08:00"," ","-19,40","","-23,30","","71,00","","27,00","","32,00","","24,10","","99,78","","","","-32,00","","Généralement dégagé"
"1972-02-06 09:00","1972","02","06","09:00"," ","-18,30","","-22,80","","70,00","","27,00","","47,00","","24,10","","99,75","","","","-33,00","","Généralement dégagé"
"1972-02-06 10:00","1972","02","06","10:00"," ","-17,20","","-22,20","","67,00","","26,00","","40,00","","24,10","","99,69","","","","-30,00","","Généralement dégagé"
"1972-02-06 11:00","1972","02","06","11:00"," ","-16,10","","-22,20","","60,00","","26,00","","39,00","","24,10","","99,66","","","","-29,00","","Généralement dégagé"
"1972-02-06 12:00","1972","02","06","12:00"," ","-15,60","","-21,70","","60,00","","26,00","","40,00","","24,10","","99,60","","","","-28,00","","Généralement dégagé"
"1972-02-06 13:00","1972","02","06","13:00"," ","-15,00","","-22,20","","53,00","","26,00","","40,00","","24,10","","99,58","","","","-27,00","","Généralement dégagé"
"1972-02-06 14:00","1972","02","06","14:00"," ","-15,00","","-21,70","","56,00","","25,00","","40,00","","25,00","","99,58","","","","-27,00","","Dégagé"
"1972-02-06 15:00","1972","02","06","15:00"," ","-15,60","","-22,80","","52,00","","25,00","","35,00","","25,00","","99,63","","","","-28,00","","Généralement dégagé"
"1972-02-06 16:00","1972","02","06","16:00"," ","-16,10","","-24,40","","50,00","","25,00","","35,00","","25,00","","99,66","","","","-28,00","","Dégagé"
"1972-02-06 17:00","1972","02","06","17:00"," ","-17,20","","-22,80","","61,00","","25,00","","37,00","","25,00","","99,65","","","","-30,00","","Dégagé"
"1972-02-06 18:00","1972","02","06","18:00"," ","","","","","","","","","","","","","","","","","","",""
"1972-02-06 19:00","1972","02","06","19:00"," ","","","","","","","","","","","","","","","","","","",""
"1972-02-06 20:00","1972","02","06","20:00"," ","","","","","","","","","","","","","","","","","","",""
"1972-02-06 21:00","1972","02","06","21:00"," ","","","","","","","","","","","","","","","","","","",""
"1972-02-06 22:00","1972","02","06","22:00"," ","","","","","","","","","","","","","","","","","","",""
"1972-02-06 23:00","1972","02","06","23:00"," ","","","","","","","","","","","","","","","","","","",""
"1972-02-07 00:00","1972","02","07","00:00"," ","","","","","","","","","","","","","","","","","","",""
"1972-02-07 01:00","1972","02","07","01:00"," ","","","","","","","","","","","","","","","","","","",""
"1972-02-07 02:00","1972","02","07","02:00"," ","","","","","","","","","","","","","","","","","","",""
"1972-02-07 03:00","1972","02","07","03:00"," ","","","","","","","","","","","","","","","","","","",""
"1972-02-07 04:00","1972","02","07","04:00"," ","","","","","","","","","","","","","","","","","","",""
"1972-02-07 05:00","1972","02","07","05:00"," ","","","","","","","","","","","","","","","","","","",""
"1972-02-07 06:00","1972","02","07","06:00"," ","-19,40","","-23,90","","66,00","","27,00","","23,00","","24,10","","99,66","","","","-30,00","","Généralement dégagé"
"1972-02-07 07:00","1972","02","07","07:00"," ","-19,40","","-23,90","","66,00","","27,00","","24,00","","25,00","","99,66","","","","-31,00","","Généralement dégagé"
"1972-02-07 08:00","1972","02","07","08:00"," ","-20,00","","-23,90","","71,00","","36,00","","6,00","","25,00","","99,69","","","","-25,00","","Généralement dégagé"
"1972-02-07 09:00","1972","02","07","09:00"," ","-19,40","","-24,40","","65,00","","27,00","","19,00","","25,00","","99,69","","","","-29,00","","Généralement dégagé"
"1972-02-07 10:00","1972","02","07","10:00"," ","-14,40","","-18,90","","71,00","","27,00","","19,00","","25,00","","99,66","","","","-23,00","","Généralement dégagé"
"1972-02-07 11:00","1972","02","07","11:00"," ","-13,90","","-18,90","","66,00","","23,00","","13,00","","25,00","","99,64","","","","-21,00","","Généralement dégagé"
"1972-02-07 12:00","1972","02","07","12:00"," ","-11,70","","-16,70","","66,00","","21,00","","16,00","","25,00","","99,59","","","","-19,00","","Généralement dégagé"
"1972-02-07 13:00","1972","02","07","13:00"," ","-11,10","","-18,90","","53,00","","21,00","","16,00","","25,00","","99,56","","","","-18,00","","Généralement dégagé"
"1972-02-07 14:00","1972","02","07","14:00"," ","-11,10","","-18,90","","52,00","","22,00","","16,00","","25,00","","99,56","","","","-18,00","","Généralement dégagé"
"1972-02-07 15:00","1972","02","07","15:00"," ","-11,70","","-18,90","","56,00","","22,00","","16,00","","25,00","","99,55","","","","-19,00","","Généralement nuageux"
"1972-02-07 16:00","1972","02","07","16:00"," ","-12,80","","-20,60","","53,00","","21,00","","13,00","","25,00","","99,58","","","","-20,00","","Généralement nuageux"
"1972-02-07 17:00","1972","02","07","17:00"," ","-14,40","","-21,10","","57,00","","22,00","","19,00","","25,00","","99,65","","","","-23,00","","Généralement dégagé"
"1972-02-07 18:00","1972","02","07","18:00"," ","","","","","","","","","","","","","","","","","","",""
"1972-02-07 19:00","1972","02","07","19:00"," ","","","","","","","","","","","","","","","","","","",""
"1972-02-07 20:00","1972","02","07","20:00"," ","","","","","","","","","","","","","","","","","","",""
"1972-02-07 21:00","1972","02","07","21:00"," ","","","","","","","","","","","","","","","","","","",""
"1972-02-07 22:00","1972","02","07","22:00"," ","","","","","","","","","","","","","","","","","","",""
"1972-02-07 23:00","1972","02","07","23:00"," ","","","","","","","","","","","","","","","","","","",""
"1972-02-08 00:00","1972","02","08","00:00"," ","","","","","","","","","","","","","","","","","","",""
"1972-02-08 01:00","1972","02","08","01:00"," ","","","","","","","","","","","","","","","","","","",""
"1972-02-08 02:00","1972","02","08","02:00"," ","","","","","","","","","","","","","","","","","","",""
"1972-02-08 03:00","1972","02","08","03:00"," ","","","","","","","","","","","","","","","","","","",""
"1972-02-08 04:00","1972","02","08","04:00"," ","","","","","","","","","","","","","","","","","","",""
"1972-02-08 05:00","1972","02","08","05:00"," ","","","","","","","","","","","","","","","","","","",""
"1972-02-08 06:00","1972","02","08","06:00"," ","-25,60","","-28,90","","73,00","","27,00","","6,00","","24,10","","99,55","","","","-31,00","","Généralement dégagé"
"1972-02-08 07:00","1972","02","08","07:00"," ","-27,80","","-30,60","","76,00","","22,00","","3,00","","25,00","","99,54","","","","-31,00","","Généralement dégagé"
"1972-02-08 08:00","1972","02","08","08:00"," ","-26,10","","-29,40","","73,00","","0,00","","0,00","","25,00","","99,53","","","","","","Dégagé"
"1972-02-08 09:00","1972","02","08","09:00"," ","-22,80","","-27,80","","62,00","","27,00","","16,00","","25,00","","99,49","","","","-33,00","","Dégagé"
"1972-02-08 10:00","1972","02","08","10:00"," ","-19,40","","-27,20","","51,00","","27,00","","23,00","","25,00","","99,43","","","","-30,00","","Dégagé"
"1972-02-08 11:00","1972","02","08","11:00"," ","-18,30","","-23,30","","65,00","","27,00","","23,00","","25,00","","99,37","","","","-29,00","","Généralement dégagé"
"1972-02-08 12:00","1972","02","08","12:00"," ","-16,70","","-23,90","","55,00","","22,00","","23,00","","25,00","","99,34","","","","-27,00","","Dégagé"
"1972-02-08 13:00","1972","02","08","13:00"," ","-15,60","","-23,90","","49,00","","25,00","","21,00","","25,00","","99,34","","","","-25,00","","Généralement dégagé"
"1972-02-08 14:00","1972","02","08","14:00"," ","-15,60","","-23,90","","50,00","","23,00","","19,00","","25,00","","99,29","","","","-25,00","","Généralement dégagé"
"1972-02-08 15:00","1972","02","08","15:00"," ","-15,60","","-22,80","","54,00","","23,00","","23,00","","25,00","","99,27","","","","-26,00","","Généralement nuageux"
"1972-02-08 16:00","1972","02","08","16:00"," ","-16,10","","-23,30","","54,00","","24,00","","24,00","","25,00","","99,29","","","","-26,00","","Généralement dégagé"
"1972-02-08 17:00","1972","02","08","17:00"," ","-17,80","","-23,90","","59,00","","25,00","","27,00","","25,00","","99,34","","","","-29,00","","Généralement dégagé"
"1972-02-08 18:00","1972","02","08","18:00"," ","","","","","","","","","","","","","","","","","","",""
"1972-02-08 19:00","1972","02","08","19:00"," ","","","","","","","","","","","","","","","","","","",""
"1972-02-08 20:00","1972","02","08","20:00"," ","","","","","","","","","","","","","","","","","","",""
"1972-02-08 21:00","1972","02","08","21:00"," ","","","","","","","","","","","","","","","","","","",""
"1972-02-08 22:00","1972","02","08","22:00"," ","","","","","","","","","","","","","","","","","","",""
"1972-02-08 23:00","1972","02","08","23:00"," ","","","","","","","","","","","","","","","","","","",""
"1972-02-09 00:00","1972","02","09","00:00"," ","","","","","","","","","","","","","","","","","","",""
"1972-02-09 01:00","1972","02","09","01:00"," ","","","","","","","","","","","","","","","","","","",""
"1972-02-09 02:00","1972","02","09","02:00"," ","","","","","","","","","","","","","","","","","","",""
"1972-02-09 03:00","1972","02","09","03:00"," ","","","","","","","","","","","","","","","","","","",""
"1972-02-09 04:00","1972","02","09","04:00"," ","","","","","","","","","","","","","","","","","","",""
"1972-02-09 05:00","1972","02","09","05:00"," ","","","","","","","","","","","","","","","","","","",""
"1972-02-09 06:00","1972","02","09","06:00"," ","-13,30","","-18,30","","66,00","","27,00","","29,00","","24,10","","99,74","","","","-24,00","","Généralement dégagé"
"1972-02-09 07:00","1972","02","09","07:00"," ","-12,80","","-17,20","","70,00","","27,00","","29,00","","25,00","","99,98","","","","-23,00","","Généralement dégagé"
"1972-02-09 08:00","1972","02","09","08:00"," ","-10,60","","-15,00","","67,00","","27,00","","29,00","","25,00","","100,18","","","","-20,00","","Généralement dégagé"
"1972-02-09 09:00","1972","02","09","09:00"," ","-8,90","","-14,40","","64,00","","27,00","","32,00","","25,00","","100,26","","","","-18,00","","Généralement dégagé"
"1972-02-09 10:00","1972","02","09","10:00"," ","-7,80","","-13,30","","64,00","","27,00","","35,00","","25,00","","100,44","","","","-17,00","","Généralement dégagé"
"1972-02-09 11:00","1972","02","09","11:00"," ","-6,70","","-11,70","","67,00","","27,00","","39,00","","25,00","","100,54","","","","-16,00","","Généralement dégagé"
"1972-02-09 12:00","1972","02","09","12:00"," ","-6,10","","-11,70","","66,00","","27,00","","39,00","","25,00","","100,62","","","","-15,00","","Généralement nuageux"
"1972-02-09 13:00","1972","02","09","13:00"," ","-6,10","","-12,80","","59,00","","27,00","","31,00","","25,00","","100,70","","","","-15,00","","Généralement dégagé"
"1972-02-09 14:00","1972","02","09","14:00"," ","-6,10","","-12,80","","58,00","","29,00","","32,00","","25,00","","100,87","","","","-15,00","","Généralement dégagé"
"1972-02-09 15:00","1972","02","09","15:00"," ","-6,10","","-13,30","","55,00","","29,00","","31,00","","25,00","","100,98","","","","-15,00","","Dégagé"
"1972-02-09 16:00","1972","02","09","16:00"," ","-5,60","","-13,90","","53,00","","28,00","","18,00","","25,00","","101,15","","","","-12,00","","Dégagé"
"1972-02-09 17:00","1972","02","09","17:00"," ","-7,20","","-14,40","","57,00","","27,00","","24,00","","25,00","","101,26","","","","-15,00","","Dégagé"
"1972-02-09 18:00","1972","02","09","18:00"," ","","","","","","","","","","","","","","","","","","",""
"1972-02-09 19:00","1972","02","09","19:00"," ","","","","","","","","","","","","","","","","","","",""
"1972-02-09 20:00","1972","02","09","20:00"," ","","","","","","","","","","","","","","","","","","",""
"1972-02-09 21:00","1972","02","09","21:00"," ","","","","","","","","","","","","","","","","","","",""
"1972-02-09 22:00","1972","02","09","22:00"," ","","","","","","","","","","","","","","","","","","",""
"1972-02-09 23:00","1972","02","09","23:00"," ","","","","","","","","","","","","","","","","","","",""
"1972-02-10 00:00","1972","02","10","00:00"," ","","","","","","","","","","","","","","","","","","",""
"1972-02-10 01:00","1972","02","10","01:00"," ","","","","","","","","","","","","","","","","","","",""
"1972-02-10 02:00","1972","02","10","02:00"," ","","","","","","","","","","","","","","","","","","",""
"1972-02-10 03:00","1972","02","10","03:00"," ","","","","","","","","","","","","","","","","","","",""
"1972-02-10 04:00","1972","02","10","04:00"," ","","","","","","","","","","","","","","","","","","",""
"1972-02-10 05:00","1972","02","10","05:00"," ","","","","","","","","","","","","","","","","","","",""
"1972-02-10 06:00","1972","02","10","06:00"," ","-12,80","","-17,20","","69,00","","27,00","","21,00","","24,10","","102,15","","","","-22,00","","Généralement dégagé"
"1972-02-10 07:00","1972","02","10","07:00"," ","-13,90","","-17,80","","72,00","","27,00","","11,00","","25,00","","102,24","","","","-20,00","","Généralement dégagé"
"1972-02-10 08:00","1972","02","10","08:00"," ","-11,70","","-15,60","","74,00","","28,00","","13,00","","25,00","","102,34","","","","-18,00","","Généralement dégagé"
"1972-02-10 09:00","1972","02","10","09:00"," ","-9,40","","-13,90","","72,00","","27,00","","16,00","","25,00","","102,43","","","","-16,00","","Généralement dégagé"
"1972-02-10 10:00","1972","02","10","10:00"," ","-7,20","","-12,20","","70,00","","27,00","","16,00","","25,00","","102,43","","","","-14,00","","Généralement dégagé"
"1972-02-10 11:00","1972","02","10","11:00"," ","-6,10","","-12,80","","60,00","","36,00","","3,00","","25,00","","102,43","","","","-8,00","","Généralement dégagé"
"1972-02-10 12:00","1972","02","10","12:00"," ","-4,40","","-12,20","","55,00","","21,00","","5,00","","25,00","","102,36","","","","-7,00","","Généralement dégagé"
"1972-02-10 13:00","1972","02","10","13:00"," ","-3,30","","-10,60","","58,00","","20,00","","6,00","","25,00","","102,31","","","","-6,00","","Dégagé"
"1972-02-10 14:00","1972","02","10","14:00"," ","-6,10","","-11,10","","66,00","","5,00","","19,00","","25,00","","102,30","","","","-13,00","","Dégagé"
"1972-02-10 15:00","1972","02","10","15:00"," ","-5,60","","-12,20","","59,00","","6,00","","13,00","","25,00","","102,29","","","","-11,00","","Dégagé"
"1972-02-10 16:00","1972","02","10","16:00"," ","-8,90","","-13,90","","67,00","","5,00","","19,00","","25,00","","102,31","","","","-16,00","","Dégagé"
"1972-02-10 17:00","1972","02","10","17:00"," ","-10,00","","-13,30","","77,00","","5,00","","19,00","","25,00","","102,32","","","","-18,00","","Dégagé"
"1972-02-10 18:00","1972","02","10","18:00"," ","","","","","","","","","","","","","","","","","","",""
"1972-02-10 19:00","1972","02","10","19:00"," ","","","","","","","","","","","","","","","","","","",""
"1972-02-10 20:00","1972","02","10","20:00"," ","","","","","","","","","","","","","","","","","","",""
"1972-02-10 21:00","1972","02","10","21:00"," ","","","","","","","","","","","","","","","","","","",""
"1972-02-10 22:00","1972","02","10","22:00"," ","","","","","","","","","","","","","","","","","","",""
"1972-02-10 23:00","1972","02","10","23:00"," ","","","","","","","","","","","","","","","","","","",""
"1972-02-11 00:00","1972","02","11","00:00"," ","","","","","","","","","","","","","","","","","","",""
"1972-02-11 01:00","1972","02","11","01:00"," ","","","","","","","","","","","","","","","","","","",""
"1972-02-11 02:00","1972","02","11","02:00"," ","","","","","","","","","","","","","","","","","","",""
"1972-02-11 03:00","1972","02","11","03:00"," ","","","","","","","","","","","","","","","","","","",""
"1972-02-11 04:00","1972","02","11","04:00"," ","","","","","","","","","","","","","","","","","","",""
"1972-02-11 05:00","1972","02","11","05:00"," ","","","","","","","","","","","","","","","","","","",""
"1972-02-11 06:00","1972","02","11","06:00"," ","-22,20","","-25,00","","77,00","","24,00","","5,00","","25,00","","102,12","","","","-27,00","","Dégagé"
"1972-02-11 07:00","1972","02","11","07:00"," ","-22,20","","-25,60","","73,00","","24,00","","5,00","","25,00","","102,13","","","","-27,00","","Dégagé"
"1972-02-11 08:00","1972","02","11","08:00"," ","-20,00","","-22,80","","77,00","","0,00","","0,00","","25,00","","102,13","","","","","","Généralement dégagé"
"1972-02-11 09:00","1972","02","11","09:00"," ","-14,40","","-18,90","","71,00","","23,00","","8,00","","25,00","","102,09","","","","-20,00","","Généralement dégagé"
"1972-02-11 10:00","1972","02","11","10:00"," ","-10,00","","-15,60","","64,00","","25,00","","8,00","","25,00","","102,05","","","","-14,00","","Généralement dégagé"
"1972-02-11 11:00","1972","02","11","11:00"," ","-7,20","","-12,20","","68,00","","0,00","","0,00","","25,00","","101,95","","","","","","Généralement dégagé"
"1972-02-11 12:00","1972","02","11","12:00"," ","-5,60","","-11,70","","63,00","","18,00","","6,00","","25,00","","101,88","","","","-8,00","","Généralement dégagé"
"1972-02-11 13:00","1972","02","11","13:00"," ","-5,00","","-10,60","","65,00","","6,00","","16,00","","25,00","","101,79","","","","-11,00","","Généralement dégagé"
"1972-02-11 14:00","1972","02","11","14:00"," ","-7,20","","-12,20","","68,00","","5,00","","16,00","","25,00","","101,76","","","","-14,00","","Dégagé"
"1972-02-11 15:00","1972","02","11","15:00"," ","-8,30","","-13,30","","68,00","","5,00","","16,00","","25,00","","101,70","","","","-15,00","","Dégagé"
"1972-02-11 16:00","1972","02","11","16:00"," ","-9,40","","-14,40","","67,00","","5,00","","16,00","","25,00","","101,76","","","","-16,00","","Dégagé"
"1972-02-11 17:00","1972","02","11","17:00"," ","-11,10","","-15,60","","69,00","","5,00","","16,00","","25,00","","101,75","","","","-18,00","","Généralement dégagé"
"1972-02-11 18:00","1972","02","11","18:00"," ","","","","","","","","","","","","","","","","","","",""
"1972-02-11 19:00","1972","02","11","19:00"," ","","","","","","","","","","","","","","","","","","",""
"1972-02-11 20:00","1972","02","11","20:00"," ","","","","","","","","","","","","","","","","","","",""
"1972-02-11 21:00","1972","02","11","21:00"," ","","","","","","","","","","","","","","","","","","",""
"1972-02-11 22:00","1972","02","11","22:00"," ","","","","","","","","","","","","","","","","","","",""
"1972-02-11 23:00","1972","02","11","23:00"," ","","","","","","","","","","","","","","","","","","",""
"1972-02-12 00:00","1972","02","12","00:00"," ","","","","","","","","","","","","","","","","","","",""
"1972-02-12 01:00","1972","02","12","01:00"," ","","","","","","","","","","","","","","","","","","",""
"1972-02-12 02:00","1972","02","12","02:00"," ","","","","","","","","","","","","","","","","","","",""
"1972-02-12 03:00","1972","02","12","03:00"," ","","","","","","","","","","","","","","","","","","",""
"1972-02-12 04:00","1972","02","12","04:00"," ","","","","","","","","","","","","","","","","","","",""
"1972-02-12 05:00","1972","02","12","05:00"," ","","","","","","","","","","","","","","","","","","",""
"1972-02-12 06:00","1972","02","12","06:00"," ","-21,10","","-26,10","","65,00","","0,00","","0,00","","25,00","","101,56","","","","","","Généralement dégagé"
"1972-02-12 07:00","1972","02","12","07:00"," ","-21,10","","-26,10","","65,00","","0,00","","0,00","","25,00","","101,46","","","","","","Généralement dégagé"
"1972-02-12 08:00","1972","02","12","08:00"," ","-19,40","","-23,90","","66,00","","0,00","","0,00","","25,00","","101,41","","","","","","Généralement nuageux"
"1972-02-12 09:00","1972","02","12","09:00"," ","-15,60","","-21,70","","58,00","","0,00","","0,00","","25,00","","101,30","","","","","","Généralement nuageux"
"1972-02-12 10:00","1972","02","12","10:00"," ","-11,10","","-14,40","","75,00","","0,00","","0,00","","25,00","","101,27","","","","","","Généralement dégagé"
"1972-02-12 11:00","1972","02","12","11:00"," ","-7,20","","-11,10","","74,00","","27,00","","26,00","","25,00","","101,19","","","","-15,00","","Généralement dégagé"
"1972-02-12 12:00","1972","02","12","12:00"," ","-5,60","","-11,10","","65,00","","27,00","","26,00","","25,00","","101,11","","","","-13,00","","Généralement dégagé"
"1972-02-12 13:00","1972","02","12","13:00"," ","-5,00","","-12,20","","55,00","","27,00","","26,00","","25,00","","101,07","","","","-12,00","","Généralement dégagé"
"1972-02-12 14:00","1972","02","12","14:00"," ","-3,90","","-8,90","","68,00","","28,00","","24,00","","25,00","","101,03","","","","-11,00","","Généralement dégagé"
"1972-02-12 15:00","1972","02","12","15:00"," ","-2,80","","-7,80","","68,00","","27,00","","24,00","","25,00","","101,02","","","","-9,00","","Généralement dégagé"
"1972-02-12 16:00","1972","02","12","16:00"," ","-2,80","","-7,80","","68,00","","27,00","","29,00","","25,00","","101,10","","","","-10,00","","Généralement dégagé"
"1972-02-12 17:00","1972","02","12","17:00"," ","-4,40","","-9,40","","68,00","","27,00","","29,00","","25,00","","101,14","","","","-12,00","","Généralement dégagé"
"1972-02-12 18:00","1972","02","12","18:00"," ","","","","","","","","","","","","","","","","","","",""
"1972-02-12 19:00","1972","02","12","19:00"," ","","","","","","","","","","","","","","","","","","",""
"1972-02-12 20:00","1972","02","12","20:00"," ","","","","","","","","","","","","","","","","","","",""
"1972-02-12 21:00","1972","02","12","21:00"," ","","","","","","","","","","","","","","","","","","",""
"1972-02-12 22:00","1972","02","12","22:00"," ","","","","","","","","","","","","","","","","","","",""
"1972-02-12 23:00","1972","02","12","23:00"," ","","","","","","","","","","","","","","","","","","",""
"1972-02-13 00:00","1972","02","13","00:00"," ","","","","","","","","","","","","","","","","","","",""
"1972-02-13 01:00","1972","02","13","01:00"," ","","","","","","","","","","","","","","","","","","",""
"1972-02-13 02:00","1972","02","13","02:00"," ","","","","","","","","","","","","","","","","","","",""
"1972-02-13 03:00","1972","02","13","03:00"," ","","","","","","","","","","","","","","","","","","",""
"1972-02-13 04:00","1972","02","13","04:00"," ","","","","","","","","","","","","","","","","","","",""
"1972-02-13 05:00","1972","02","13","05:00"," ","","","","","","","","","","","","","","","","","","",""
"1972-02-13 06:00","1972","02","13","06:00"," ","-13,90","","-20,60","","58,00","","0,00","","0,00","","16,10","","101,12","","","","","","Nuageux"
"1972-02-13 07:00","1972","02","13","07:00"," ","-12,20","","-15,00","","82,00","","0,00","","0,00","","16,10","","101,27","","","","","","Généralement nuageux"
"1972-02-13 08:00","1972","02","13","08:00"," ","-11,10","","-12,20","","90,00","","0,00","","0,00","","16,10","","101,27","","","","","","Généralement nuageux"
"1972-02-13 09:00","1972","02","13","09:00"," ","-8,90","","-12,20","","76,00","","0,00","","0,00","","19,30","","101,30","","","","","","Généralement nuageux"
"1972-02-13 10:00","1972","02","13","10:00"," ","-5,60","","-10,00","","69,00","","0,00","","0,00","","19,30","","101,27","","","","","","Généralement dégagé"
"1972-02-13 11:00","1972","02","13","11:00"," ","-4,40","","-8,90","","70,00","","0,00","","0,00","","19,30","","101,25","","","","","","Généralement dégagé"
"1972-02-13 12:00","1972","02","13","12:00"," ","-6,10","","-10,60","","70,00","","6,00","","16,00","","16,10","","101,12","","","","-12,00","","Généralement nuageux"
"1972-02-13 13:00","1972","02","13","13:00"," ","-3,90","","-8,90","","68,00","","6,00","","19,00","","16,10","","101,06","","","","-10,00","","Généralement nuageux"
"1972-02-13 14:00","1972","02","13","14:00"," ","-3,30","","-8,30","","68,00","","6,00","","19,00","","16,10","","101,02","","","","-9,00","","Généralement nuageux"
"1972-02-13 15:00","1972","02","13","15:00"," ","-0,60","","-5,60","","67,00","","6,00","","10,00","","16,10","","101,01","","","","-4,00","","Nuageux"
"1972-02-13 16:00","1972","02","13","16:00"," ","0,00","","-5,60","","66,00","","0,00","","0,00","","12,90","","101,00","","","","","","Nuageux"
"1972-02-13 17:00","1972","02","13","17:00"," ","0,60","","-5,60","","66,00","","0,00","","0,00","","12,90","","100,93","","","","","","Nuageux"
"1972-02-13 18:00","1972","02","13","18:00"," ","","","","","","","","","","","","","","","","","","",""
"1972-02-13 19:00","1972","02","13","19:00"," ","","","","","","","","","","","","","","","","","","",""
"1972-02-13 20:00","1972","02","13","20:00"," ","","","","","","","","","","","","","","","","","","",""
"1972-02-13 21:00","1972","02","13","21:00"," ","","","","","","","","","","","","","","","","","","",""
"1972-02-13 22:00","1972","02","13","22:00"," ","","","","","","","","","","","","","","","","","","",""
"1972-02-13 23:00","1972","02","13","23:00"," ","","","","","","","","","","","","","","","","","","",""
"1972-02-14 00:00","1972","02","14","00:00"," ","","","","","","","","","","","","","","","","","","",""
"1972-02-14 01:00","1972","02","14","01:00"," ","","","","","","","","","","","","","","","","","","",""
"1972-02-14 02:00","1972","02","14","02:00"," ","","","","","","","","","","","","","","","","","","",""
"1972-02-14 03:00","1972","02","14","03:00"," ","","","","","","","","","","","","","","","","","","",""
"1972-02-14 04:00","1972","02","14","04:00"," ","","","","","","","","","","","","","","","","","","",""
"1972-02-14 05:00","1972","02","14","05:00"," ","","","","","","","","","","","","","","","","","","",""
"1972-02-14 06:00","1972","02","14","06:00"," ","-1,70","","-1,70","","98,00","","5,00","","19,00","","9,70","","100,55","","","","-7,00","","Neige"
"1972-02-14 07:00","1972","02","14","07:00"," ","-1,10","","-1,10","","99,00","","6,00","","13,00","","6,40","","100,30","","","","-5,00","","Neige"
"1972-02-14 08:00","1972","02","14","08:00"," ","-0,60","","-0,60","","99,00","","6,00","","10,00","","3,20","","99,97","","","","-4,00","","Pluie,Brouillard"
"1972-02-14 09:00","1972","02","14","09:00"," ","-0,60","","-0,60","","99,00","","6,00","","16,00","","3,20","","99,75","","","","-5,00","","Pluie,Brouillard"
"1972-02-14 10:00","1972","02","14","10:00"," ","-0,60","","-0,60","","100,00","","6,00","","16,00","","3,20","","99,53","","","","-5,00","","Pluie,Brouillard"
"1972-02-14 11:00","1972","02","14","11:00"," ","-0,60","","-0,60","","100,00","","5,00","","16,00","","3,20","","99,18","","","","-5,00","","Pluie,Brouillard"
"1972-02-14 12:00","1972","02","14","12:00"," ","2,80","","2,80","","100,00","","9,00","","16,00","","4,00","","99,06","","","","","","Pluie,Brouillard"
"1972-02-14 13:00","1972","02","14","13:00"," ","4,40","","3,90","","98,00","","15,00","","32,00","","4,80","","98,84","","","","","","Pluie,Brouillard"
"1972-02-14 14:00","1972","02","14","14:00"," ","4,40","","3,90","","98,00","","9,00","","16,00","","4,80","","98,73","","","","","","Pluie,Brouillard"
"1972-02-14 15:00","1972","02","14","15:00"," ","4,40","","3,90","","97,00","","6,00","","23,00","","4,80","","98,61","","","","","","Pluie,Brouillard"
"1972-02-14 16:00","1972","02","14","16:00"," ","2,80","","2,80","","100,00","","5,00","","19,00","","4,80","","98,54","","","","","","Pluie,Brouillard"
"1972-02-14 17:00","1972","02","14","17:00"," ","3,30","","3,30","","100,00","","4,00","","16,00","","4,00","","98,49","","","","","","Pluie,Brouillard"
"1972-02-14 18:00","1972","02","14","18:00"," ","","","","","","","","","","","","","","","","","","",""
"1972-02-14 19:00","1972","02","14","19:00"," ","","","","","","","","","","","","","","","","","","",""
"1972-02-14 20:00","1972","02","14","20:00"," ","","","","","","","","","","","","","","","","","","",""
"1972-02-14 21:00","1972","02","14","21:00"," ","","","","","","","","","","","","","","","","","","",""
"1972-02-14 22:00","1972","02","14","22:00"," ","","","","","","","","","","","","","","","","","","",""
"1972-02-14 23:00","1972","02","14","23:00"," ","","","","","","","","","","","","","","","","","","",""
"1972-02-15 00:00","1972","02","15","00:00"," ","","","","","","","","","","","","","","","","","","",""
"1972-02-15 01:00","1972","02","15","01:00"," ","","","","","","","","","","","","","","","","","","",""
"1972-02-15 02:00","1972","02","15","02:00"," ","","","","","","","","","","","","","","","","","","",""
"1972-02-15 03:00","1972","02","15","03:00"," ","","","","","","","","","","","","","","","","","","",""
"1972-02-15 04:00","1972","02","15","04:00"," ","","","","","","","","","","","","","","","","","","",""
"1972-02-15 05:00","1972","02","15","05:00"," ","","","","","","","","","","","","","","","","","","",""
"1972-02-15 06:00","1972","02","15","06:00"," ","2,80","","2,80","","100,00","","27,00","","19,00","","24,10","","98,58","","","","","","Généralement nuageux"
"1972-02-15 07:00","1972","02","15","07:00"," ","2,80","","0,60","","87,00","","27,00","","13,00","","24,10","","98,80","","","","","","Généralement nuageux"
"1972-02-15 08:00","1972","02","15","08:00"," ","2,80","","0,00","","81,00","","27,00","","6,00","","24,10","","98,96","","","","","","Généralement nuageux"
"1972-02-15 09:00","1972","02","15","09:00"," ","3,90","","0,00","","74,00","","24,00","","23,00","","24,10","","99,06","","","","","","Généralement nuageux"
"1972-02-15 10:00","1972","02","15","10:00"," ","4,40","","-1,10","","68,00","","24,00","","26,00","","25,00","","99,08","","","","","","Généralement nuageux"
"1972-02-15 11:00","1972","02","15","11:00"," ","5,60","","-1,10","","62,00","","27,00","","26,00","","25,00","","99,15","","","","","","Généralement nuageux"
"1972-02-15 12:00","1972","02","15","12:00"," ","5,00","","-1,10","","64,00","","25,00","","24,00","","25,00","","99,15","","","","","","Généralement dégagé"
"1972-02-15 13:00","1972","02","15","13:00"," ","5,00","","-2,20","","61,00","","25,00","","32,00","","25,00","","99,12","","","","","","Généralement dégagé"
"1972-02-15 14:00","1972","02","15","14:00"," ","4,40","","-2,20","","63,00","","23,00","","26,00","","25,00","","99,26","","","","","","Généralement nuageux"
"1972-02-15 15:00","1972","02","15","15:00"," ","5,00","","-2,20","","58,00","","23,00","","21,00","","25,00","","99,36","","","","","","Généralement nuageux"
"1972-02-15 16:00","1972","02","15","16:00"," ","4,40","","-2,20","","63,00","","25,00","","14,00","","25,00","","99,48","","","","","","Généralement nuageux"
"1972-02-15 17:00","1972","02","15","17:00"," ","2,80","","-2,20","","70,00","","0,00","","0,00","","25,00","","99,51","","","","","","Généralement nuageux"
"1972-02-15 18:00","1972","02","15","18:00"," ","","","","","","","","","","","","","","","","","","",""
"1972-02-15 19:00","1972","02","15","19:00"," ","","","","","","","","","","","","","","","","","","",""
"1972-02-15 20:00","1972","02","15","20:00"," ","","","","","","","","","","","","","","","","","","",""
"1972-02-15 21:00","1972","02","15","21:00"," ","","","","","","","","","","","","","","","","","","",""
"1972-02-15 22:00","1972","02","15","22:00"," ","","","","","","","","","","","","","","","","","","",""
"1972-02-15 23:00","1972","02","15","23:00"," ","","","","","","","","","","","","","","","","","","",""
"1972-02-16 00:00","1972","02","16","00:00"," ","","","","","","","","","","","","","","","","","","",""
"1972-02-16 01:00","1972","02","16","01:00"," ","","","","","","","","","","","","","","","","","","",""
"1972-02-16 02:00","1972","02","16","02:00"," ","","","","","","","","","","","","","","","","","","",""
"1972-02-16 03:00","1972","02","16","03:00"," ","","","","","","","","","","","","","","","","","","",""
"1972-02-16 04:00","1972","02","16","04:00"," ","","","","","","","","","","","","","","","","","","",""
"1972-02-16 05:00","1972","02","16","05:00"," ","","","","","","","","","","","","","","","","","","",""
"1972-02-16 06:00","1972","02","16","06:00"," ","2,80","","1,10","","87,00","","23,00","","13,00","","19,30","","98,82","","","","","","Nuageux"
"1972-02-16 07:00","1972","02","16","07:00"," ","3,30","","1,10","","86,00","","23,00","","6,00","","19,30","","98,84","","","","","","Généralement nuageux"
"1972-02-16 08:00","1972","02","16","08:00"," ","3,30","","1,10","","85,00","","21,00","","13,00","","19,30","","98,87","","","","","","Généralement nuageux"
"1972-02-16 09:00","1972","02","16","09:00"," ","3,30","","1,10","","85,00","","21,00","","13,00","","19,30","","98,88","","","","","","Généralement nuageux"
"1972-02-16 10:00","1972","02","16","10:00"," ","2,20","","-0,60","","84,00","","27,00","","23,00","","19,30","","99,08","","","","","","Généralement nuageux"
"1972-02-16 11:00","1972","02","16","11:00"," ","1,70","","-0,60","","85,00","","27,00","","23,00","","24,10","","99,14","","","","","","Généralement nuageux"
"1972-02-16 12:00","1972","02","16","12:00"," ","1,70","","-3,30","","70,00","","22,00","","26,00","","25,00","","99,16","","","","","","Généralement dégagé"
"1972-02-16 13:00","1972","02","16","13:00"," ","1,70","","-3,30","","70,00","","22,00","","26,00","","25,00","","99,26","","","","","","Généralement dégagé"
"1972-02-16 14:00","1972","02","16","14:00"," ","1,10","","-4,40","","67,00","","23,00","","19,00","","25,00","","99,36","","","","","","Généralement dégagé"
"1972-02-16 15:00","1972","02","16","15:00"," ","-0,60","","-6,70","","63,00","","22,00","","27,00","","25,00","","99,50","","","","-7,00","","Généralement dégagé"
"1972-02-16 16:00","1972","02","16","16:00"," ","-2,20","","-8,90","","60,00","","24,00","","31,00","","25,00","","99,69","","","","-9,00","","Généralement dégagé"
"1972-02-16 17:00","1972","02","16","17:00"," ","-4,40","","-10,00","","65,00","","29,00","","34,00","","25,00","","99,86","","","","-13,00","","Généralement dégagé"
"1972-02-16 18:00","1972","02","16","18:00"," ","","","","","","","","","","","","","","","","","","",""
"1972-02-16 19:00","1972","02","16","19:00"," ","","","","","","","","","","","","","","","","","","",""
"1972-02-16 20:00","1972","02","16","20:00"," ","","","","","","","","","","","","","","","","","","",""
"1972-02-16 21:00","1972","02","16","21:00"," ","","","","","","","","","","","","","","","","","","",""
"1972-02-16 22:00","1972","02","16","22:00"," ","","","","","","","","","","","","","","","","","","",""
"1972-02-16 23:00","1972","02","16","23:00"," ","","","","","","","","","","","","","","","","","","",""
"1972-02-17 00:00","1972","02","17","00:00"," ","","","","","","","","","","","","","","","","","","",""
"1972-02-17 01:00","1972","02","17","01:00"," ","","","","","","","","","","","","","","","","","","",""
"1972-02-17 02:00","1972","02","17","02:00"," ","","","","","","","","","","","","","","","","","","",""
"1972-02-17 03:00","1972","02","17","03:00"," ","","","","","","","","","","","","","","","","","","",""
"1972-02-17 04:00","1972","02","17","04:00"," ","","","","","","","","","","","","","","","","","","",""
"1972-02-17 05:00","1972","02","17","05:00"," ","","","","","","","","","","","","","","","","","","",""
"1972-02-17 06:00","1972","02","17","06:00"," ","-11,70","","-15,60","","71,00","","30,00","","10,00","","24,10","","101,30","","","","-17,00","","Généralement dégagé"
"1972-02-17 07:00","1972","02","17","07:00"," ","-13,30","","-16,10","","81,00","","30,00","","26,00","","25,00","","101,45","","","","-23,00","","Généralement dégagé"
"1972-02-17 08:00","1972","02","17","08:00"," ","-13,30","","-16,10","","81,00","","30,00","","29,00","","25,00","","101,51","","","","-24,00","","Généralement dégagé"
"1972-02-17 09:00","1972","02","17","09:00"," ","-12,20","","-17,80","","64,00","","29,00","","19,00","","25,00","","101,59","","","","-20,00","","Généralement dégagé"
"1972-02-17 10:00","1972","02","17","10:00"," ","-12,20","","-16,70","","67,00","","29,00","","19,00","","25,00","","101,64","","","","-20,00","","Généralement dégagé"
"1972-02-17 11:00","1972","02","17","11:00"," ","-11,10","","-16,10","","67,00","","30,00","","19,00","","25,00","","101,64","","","","-19,00","","Généralement dégagé"
"1972-02-17 12:00","1972","02","17","12:00"," ","-11,10","","-15,60","","69,00","","31,00","","23,00","","25,00","","101,65","","","","-20,00","","Généralement dégagé"
"1972-02-17 13:00","1972","02","17","13:00"," ","-11,70","","-16,70","","68,00","","32,00","","32,00","","25,00","","101,68","","","","-22,00","","Généralement dégagé"
"1972-02-17 14:00","1972","02","17","14:00"," ","-11,70","","-16,10","","68,00","","31,00","","24,00","","25,00","","101,69","","","","-21,00","","Généralement dégagé"
"1972-02-17 15:00","1972","02","17","15:00"," ","-12,20","","-16,10","","71,00","","31,00","","23,00","","25,00","","101,86","","","","-21,00","","Généralement dégagé"
"1972-02-17 16:00","1972","02","17","16:00"," ","-13,30","","-17,80","","69,00","","31,00","","29,00","","25,00","","101,95","","","","-24,00","","Généralement dégagé"
"1972-02-17 17:00","1972","02","17","17:00"," ","-14,40","","-18,90","","67,00","","31,00","","29,00","","25,00","","102,09","","","","-25,00","","Dégagé"
"1972-02-17 18:00","1972","02","17","18:00"," ","","","","","","","","","","","","","","","","","","",""
"1972-02-17 19:00","1972","02","17","19:00"," ","","","","","","","","","","","","","","","","","","",""
"1972-02-17 20:00","1972","02","17","20:00"," ","","","","","","","","","","","","","","","","","","",""
"1972-02-17 21:00","1972","02","17","21:00"," ","","","","","","","","","","","","","","","","","","",""
"1972-02-17 22:00","1972","02","17","22:00"," ","","","","","","","","","","","","","","","","","","",""
"1972-02-17 23:00","1972","02","17","23:00"," ","","","","","","","","","","","","","","","","","","",""
"1972-02-18 00:00","1972","02","18","00:00"," ","","","","","","","","","","","","","","","","","","",""
"1972-02-18 01:00","1972","02","18","01:00"," ","","","","","","","","","","","","","","","","","","",""
"1972-02-18 02:00","1972","02","18","02:00"," ","","","","","","","","","","","","","","","","","","",""
"1972-02-18 03:00","1972","02","18","03:00"," ","","","","","","","","","","","","","","","","","","",""
"1972-02-18 04:00","1972","02","18","04:00"," ","","","","","","","","","","","","","","","","","","",""
"1972-02-18 05:00","1972","02","18","05:00"," ","","","","","","","","","","","","","","","","","","",""
"1972-02-18 06:00","1972","02","18","06:00"," ","-24,40","","-27,20","","79,00","","27,00","","10,00","","25,00","","102,35","","","","-32,00","","Généralement dégagé"
"1972-02-18 07:00","1972","02","18","07:00"," ","-24,40","","-28,30","","70,00","","25,00","","6,00","","25,00","","102,42","","","","-30,00","","Généralement dégagé"
"1972-02-18 08:00","1972","02","18","08:00"," ","-23,30","","-26,70","","72,00","","0,00","","0,00","","25,00","","102,50","","","","","","Généralement dégagé"
"1972-02-18 09:00","1972","02","18","09:00"," ","-18,90","","-24,40","","64,00","","0,00","","0,00","","25,00","","102,54","","","","","","Généralement dégagé"
"1972-02-18 10:00","1972","02","18","10:00"," ","-16,10","","-23,30","","54,00","","0,00","","0,00","","25,00","","102,55","","","","","","Généralement dégagé"
"1972-02-18 11:00","1972","02","18","11:00"," ","-15,00","","-21,70","","57,00","","31,00","","13,00","","25,00","","102,56","","","","-22,00","","Généralement dégagé"
"1972-02-18 12:00","1972","02","18","12:00"," ","-14,40","","-20,00","","61,00","","33,00","","13,00","","25,00","","102,51","","","","-22,00","","Généralement dégagé"
"1972-02-18 13:00","1972","02","18","13:00"," ","-13,90","","-18,90","","66,00","","33,00","","21,00","","25,00","","102,50","","","","-23,00","","Généralement dégagé"
"1972-02-18 14:00","1972","02","18","14:00"," ","-14,40","","-18,30","","71,00","","35,00","","21,00","","25,00","","102,54","","","","-24,00","","Généralement dégagé"
"1972-02-18 15:00","1972","02","18","15:00"," ","-13,90","","-18,30","","70,00","","34,00","","21,00","","25,00","","102,54","","","","-23,00","","Généralement dégagé"
"1972-02-18 16:00","1972","02","18","16:00"," ","-14,40","","-19,40","","67,00","","34,00","","18,00","","25,00","","102,56","","","","-23,00","","Généralement dégagé"
"1972-02-18 17:00","1972","02","18","17:00"," ","-15,60","","-20,60","","67,00","","33,00","","19,00","","25,00","","102,63","","","","-25,00","","Généralement dégagé"
"1972-02-18 18:00","1972","02","18","18:00"," ","","","","","","","","","","","","","","","","","","",""
"1972-02-18 19:00","1972","02","18","19:00"," ","","","","","","","","","","","","","","","","","","",""
"1972-02-18 20:00","1972","02","18","20:00"," ","","","","","","","","","","","","","","","","","","",""
"1972-02-18 21:00","1972","02","18","21:00"," ","","","","","","","","","","","","","","","","","","",""
"1972-02-18 22:00","1972","02","18","22:00"," ","","","","","","","","","","","","","","","","","","",""
"1972-02-18 23:00","1972","02","18","23:00"," ","","","","","","","","","","","","","","","","","","",""
"1972-02-19 00:00","1972","02","19","00:00"," ","","","","","","","","","","","","","","","","","","",""
"1972-02-19 01:00","1972","02","19","01:00"," ","","","","","","","","","","","","","","","","","","",""
"1972-02-19 02:00","1972","02","19","02:00"," ","","","","","","","","","","","","","","","","","","",""
"1972-02-19 03:00","1972","02","19","03:00"," ","","","","","","","","","","","","","","","","","","",""
"1972-02-19 04:00","1972","02","19","04:00"," ","","","","","","","","","","","","","","","","","","",""
"1972-02-19 05:00","1972","02","19","05:00"," ","","","","","","","","","","","","","","","","","","",""
"1972-02-19 06:00","1972","02","19","06:00"," ","-25,60","","-28,30","","78,00","","30,00","","6,00","","25,00","","102,84","","","","-31,00","","Généralement dégagé"
"1972-02-19 07:00","1972","02","19","07:00"," ","-25,60","","-28,30","","78,00","","30,00","","6,00","","25,00","","102,89","","","","-31,00","","Généralement dégagé"
"1972-02-19 08:00","1972","02","19","08:00"," ","-23,30","","-26,70","","76,00","","0,00","","0,00","","25,00","","102,79","","","","","","Généralement dégagé"
"1972-02-19 09:00","1972","02","19","09:00"," ","-19,40","","-25,00","","63,00","","30,00","","6,00","","25,00","","102,71","","","","-24,00","","Généralement dégagé"
"1972-02-19 10:00","1972","02","19","10:00"," ","-16,10","","-23,30","","53,00","","30,00","","6,00","","25,00","","102,64","","","","-21,00","","Généralement dégagé"
"1972-02-19 11:00","1972","02","19","11:00"," ","-14,40","","-21,70","","55,00","","5,00","","16,00","","25,00","","102,64","","","","-22,00","","Généralement dégagé"
"1972-02-19 12:00","1972","02","19","12:00"," ","-13,90","","-19,40","","61,00","","6,00","","26,00","","25,00","","102,49","","","","-24,00","","Généralement dégagé"
"1972-02-19 13:00","1972","02","19","13:00"," ","-12,80","","-18,30","","63,00","","6,00","","29,00","","24,10","","102,35","","","","-23,00","","Généralement nuageux"
"1972-02-19 14:00","1972","02","19","14:00"," ","-12,20","","-16,10","","71,00","","6,00","","29,00","","16,10","","102,26","","","","-22,00","","Nuageux"
"1972-02-19 15:00","1972","02","19","15:00"," ","-12,20","","-16,10","","73,00","","9,00","","16,00","","12,90","","102,00","","","","-20,00","","Neige"
"1972-02-19 16:00","1972","02","19","16:00"," ","-12,20","","-16,10","","71,00","","9,00","","16,00","","12,90","","102,00","","","","-20,00","","Neige"
"1972-02-19 17:00","1972","02","19","17:00"," ","-12,20","","-16,10","","71,00","","9,00","","16,00","","16,10","","101,88","","","","-20,00","","Nuageux"
"1972-02-19 18:00","1972","02","19","18:00"," ","","","","","","","","","","","","","","","","","","",""
"1972-02-19 19:00","1972","02","19","19:00"," ","","","","","","","","","","","","","","","","","","",""
"1972-02-19 20:00","1972","02","19","20:00"," ","","","","","","","","","","","","","","","","","","",""
"1972-02-19 21:00","1972","02","19","21:00"," ","","","","","","","","","","","","","","","","","","",""
"1972-02-19 22:00","1972","02","19","22:00"," ","","","","","","","","","","","","","","","","","","",""
"1972-02-19 23:00","1972","02","19","23:00"," ","","","","","","","","","","","","","","","","","","",""
"1972-02-20 00:00","1972","02","20","00:00"," ","","","","","","","","","","","","","","","","","","",""
"1972-02-20 01:00","1972","02","20","01:00"," ","","","","","","","","","","","","","","","","","","",""
"1972-02-20 02:00","1972","02","20","02:00"," ","","","","","","","","","","","","","","","","","","",""
"1972-02-20 03:00","1972","02","20","03:00"," ","","","","","","","","","","","","","","","","","","",""
"1972-02-20 04:00","1972","02","20","04:00"," ","","","","","","","","","","","","","","","","","","",""
"1972-02-20 05:00","1972","02","20","05:00"," ","","","","","","","","","","","","","","","","","","",""
"1972-02-20 06:00","1972","02","20","06:00"," ","","","","","","","","","","","","","","","","","","",""
"1972-02-20 07:00","1972","02","20","07:00"," ","","","","","","","","","","","","","","","","","","",""
"1972-02-20 08:00","1972","02","20","08:00"," ","","","","","","","","","","","","","","","","","","",""
"1972-02-20 09:00","1972","02","20","09:00"," ","-5,60","","-6,10","","95,00","","25,00","","13,00","","3,20","","98,15","","","","-11,00","","Neige"
"1972-02-20 10:00","1972","02","20","10:00"," ","-5,60","","-6,70","","92,00","","25,00","","16,00","","0,80","","97,90","","","","-12,00","","Neige modérée"
"1972-02-20 11:00","1972","02","20","11:00"," ","-5,60","","-6,70","","91,00","","27,00","","16,00","","0,20","","97,70","","","","-12,00","","Neige forte"
"1972-02-20 12:00","1972","02","20","12:00"," ","-5,60","","-6,70","","91,00","","30,00","","26,00","","0,80","","97,41","","","","-13,00","","Neige modérée"
"1972-02-20 13:00","1972","02","20","13:00"," ","-5,00","","-6,70","","91,00","","30,00","","29,00","","0,20","","97,35","","","","-13,00","","Neige forte"
"1972-02-20 14:00","1972","02","20","14:00"," ","-5,00","","-6,70","","91,00","","30,00","","24,00","","2,40","","97,38","","","","-12,00","","Neige"
"1972-02-20 15:00","1972","02","20","15:00"," ","-5,00","","-6,10","","92,00","","30,00","","24,00","","3,20","","97,43","","","","-12,00","","Neige"
"1972-02-20 16:00","1972","02","20","16:00"," ","-5,60","","-6,70","","92,00","","30,00","","24,00","","4,80","","97,51","","","","-13,00","","Neige"
"1972-02-20 17:00","1972","02","20","17:00"," ","-6,10","","-8,90","","80,00","","30,00","","24,00","","4,80","","97,68","","","","-14,00","","Neige"
"1972-02-20 18:00","1972","02","20","18:00"," ","","","","","","","","","","","","","","","","","","",""
"1972-02-20 19:00","1972","02","20","19:00"," ","","","","","","","","","","","","","","","","","","",""
"1972-02-20 20:00","1972","02","20","20:00"," ","","","","","","","","","","","","","","","","","","",""
"1972-02-20 21:00","1972","02","20","21:00"," ","","","","","","","","","","","","","","","","","","",""
"1972-02-20 22:00","1972","02","20","22:00"," ","","","","","","","","","","","","","","","","","","",""
"1972-02-20 23:00","1972","02","20","23:00"," ","","","","","","","","","","","","","","","","","","",""
"1972-02-21 00:00","1972","02","21","00:00"," ","","","","","","","","","","","","","","","","","","",""
"1972-02-21 01:00","1972","02","21","01:00"," ","","","","","","","","","","","","","","","","","","",""
"1972-02-21 02:00","1972","02","21","02:00"," ","","","","","","","","","","","","","","","","","","",""
"1972-02-21 03:00","1972","02","21","03:00"," ","","","","","","","","","","","","","","","","","","",""
"1972-02-21 04:00","1972","02","21","04:00"," ","","","","","","","","","","","","","","","","","","",""
"1972-02-21 05:00","1972","02","21","05:00"," ","","","","","","","","","","","","","","","","","","",""
"1972-02-21 06:00","1972","02","21","06:00"," ","-20,60","","-22,80","","82,00","","28,00","","35,00","","25,00","","100,46","","","","-34,00","","Dégagé"
"1972-02-21 07:00","1972","02","21","07:00"," ","-20,60","","-22,80","","82,00","","27,00","","37,00","","25,00","","100,61","","","","-34,00","","Dégagé"
"1972-02-21 08:00","1972","02","21","08:00"," ","-20,00","","-22,80","","82,00","","27,00","","35,00","","25,00","","100,83","","","","-33,00","","Généralement dégagé"
"1972-02-21 09:00","1972","02","21","09:00"," ","-20,00","","-23,90","","71,00","","27,00","","43,00","","25,00","","100,86","","","","-35,00","","Généralement dégagé"
"1972-02-21 10:00","1972","02","21","10:00"," ","-18,30","","-23,30","","65,00","","27,00","","43,00","","25,00","","100,94","","","","-32,00","","Généralement dégagé"
"1972-02-21 11:00","1972","02","21","11:00"," ","-18,30","","-22,80","","66,00","","27,00","","43,00","","25,00","","100,95","","","","-32,00","","Généralement dégagé"
"1972-02-21 12:00","1972","02","21","12:00"," ","-17,20","","-23,30","","60,00","","27,00","","24,00","","25,00","","100,90","","","","-28,00","","Généralement dégagé"
"1972-02-21 13:00","1972","02","21","13:00"," ","-16,10","","-23,30","","57,00","","27,00","","24,00","","25,00","","100,92","","","","-26,00","","Généralement dégagé"
"1972-02-21 14:00","1972","02","21","14:00"," ","-15,60","","-21,70","","59,00","","30,00","","16,00","","25,00","","100,99","","","","-24,00","","Dégagé"
"1972-02-21 15:00","1972","02","21","15:00"," ","-13,90","","-20,00","","60,00","","30,00","","18,00","","25,00","","101,05","","","","-22,00","","Dégagé"
"1972-02-21 16:00","1972","02","21","16:00"," ","-14,40","","-18,90","","71,00","","26,00","","6,00","","25,00","","101,18","","","","-19,00","","Généralement dégagé"
"1972-02-21 17:00","1972","02","21","17:00"," ","-18,30","","-21,70","","73,00","","26,00","","6,00","","25,00","","101,26","","","","-23,00","","Généralement dégagé"
"1972-02-21 18:00","1972","02","21","18:00"," ","","","","","","","","","","","","","","","","","","",""
"1972-02-21 19:00","1972","02","21","19:00"," ","","","","","","","","","","","","","","","","","","",""
"1972-02-21 20:00","1972","02","21","20:00"," ","","","","","","","","","","","","","","","","","","",""
"1972-02-21 21:00","1972","02","21","21:00"," ","","","","","","","","","","","","","","","","","","",""
"1972-02-21 22:00","1972","02","21","22:00"," ","","","","","","","","","","","","","","","","","","",""
"1972-02-21 23:00","1972","02","21","23:00"," ","","","","","","","","","","","","","","","","","","",""
"1972-02-22 00:00","1972","02","22","00:00"," ","","","","","","","","","","","","","","","","","","",""
"1972-02-22 01:00","1972","02","22","01:00"," ","","","","","","","","","","","","","","","","","","",""
"1972-02-22 02:00","1972","02","22","02:00"," ","","","","","","","","","","","","","","","","","","",""
"1972-02-22 03:00","1972","02","22","03:00"," ","","","","","","","","","","","","","","","","","","",""
"1972-02-22 04:00","1972","02","22","04:00"," ","","","","","","","","","","","","","","","","","","",""
"1972-02-22 05:00","1972","02","22","05:00"," ","","","","","","","","","","","","","","","","","","",""
"1972-02-22 06:00","1972","02","22","06:00"," ","-19,40","","-22,20","","80,00","","0,00","","0,00","","4,80","","100,36","","","","","","Neige,Brouillard"
"1972-02-22 07:00","1972","02","22","07:00"," ","-16,10","","-20,00","","70,00","","8,00","","10,00","","2,40","","100,16","","","","-23,00","","Neige"
"1972-02-22 08:00","1972","02","22","08:00"," ","-12,80","","-18,30","","62,00","","9,00","","19,00","","1,60","","100,05","","","","-21,00","","Neige"
"1972-02-22 09:00","1972","02","22","09:00"," ","-12,20","","-17,20","","68,00","","9,00","","13,00","","1,60","","99,95","","","","-19,00","","Neige"
"1972-02-22 10:00","1972","02","22","10:00"," ","-11,10","","-13,30","","85,00","","6,00","","14,00","","1,20","","99,82","","","","-18,00","","Neige"
"1972-02-22 11:00","1972","02","22","11:00"," ","-11,10","","-12,80","","87,00","","9,00","","8,00","","0,80","","99,68","","","","-16,00","","Neige modérée"
"1972-02-22 12:00","1972","02","22","12:00"," ","-10,60","","-12,80","","85,00","","35,00","","8,00","","1,20","","99,58","","","","-15,00","","Neige"
"1972-02-22 13:00","1972","02","22","13:00"," ","-10,00","","-12,80","","81,00","","32,00","","24,00","","1,20","","99,52","","","","-19,00","","Neige"
"1972-02-22 14:00","1972","02","22","14:00"," ","-11,10","","-14,40","","76,00","","30,00","","35,00","","11,30","","99,54","","","","-22,00","","Neige"
"1972-02-22 15:00","1972","02","22","15:00"," ","-11,10","","-15,00","","74,00","","30,00","","32,00","","12,90","","99,60","","","","-21,00","","Neige"
"1972-02-22 16:00","1972","02","22","16:00"," ","-12,20","","-16,10","","72,00","","29,00","","37,00","","19,30","","99,70","","","","-23,00","","Généralement nuageux"
"1972-02-22 17:00","1972","02","22","17:00"," ","-12,20","","-17,20","","67,00","","29,00","","37,00","","16,10","","99,80","","","","-23,00","","Neige"
"1972-02-22 18:00","1972","02","22","18:00"," ","","","","","","","","","","","","","","","","","","",""
"1972-02-22 19:00","1972","02","22","19:00"," ","","","","","","","","","","","","","","","","","","",""
"1972-02-22 20:00","1972","02","22","20:00"," ","","","","","","","","","","","","","","","","","","",""
"1972-02-22 21:00","1972","02","22","21:00"," ","","","","","","","","","","","","","","","","","","",""
"1972-02-22 22:00","1972","02","22","22:00"," ","","","","","","","","","","","","","","","","","","",""
"1972-02-22 23:00","1972","02","22","23:00"," ","","","","","","","","","","","","","","","","","","",""
"1972-02-23 00:00","1972","02","23","00:00"," ","","","","","","","","","","","","","","","","","","",""
"1972-02-23 01:00","1972","02","23","01:00"," ","","","","","","","","","","","","","","","","","","",""
"1972-02-23 02:00","1972","02","23","02:00"," ","","","","","","","","","","","","","","","","","","",""
"1972-02-23 03:00","1972","02","23","03:00"," ","","","","","","","","","","","","","","","","","","",""
"1972-02-23 04:00","1972","02","23","04:00"," ","","","","","","","","","","","","","","","","","","",""
"1972-02-23 05:00","1972","02","23","05:00"," ","","","","","","","","","","","","","","","","","","",""
"1972-02-23 06:00","1972","02","23","06:00"," ","-27,20","","-30,00","","77,00","","28,00","","47,00","","24,10","","101,55","","","","-45,00","","Généralement dégagé"
"1972-02-23 07:00","1972","02","23","07:00"," ","-27,20","","-30,00","","77,00","","28,00","","42,00","","24,10","","101,65","","","","-44,00","","Généralement dégagé"
"1972-02-23 08:00","1972","02","23","08:00"," ","-30,00","","-35,00","","62,00","","28,00","","32,00","","25,00","","101,78","","","","-46,00","","Généralement dégagé"
"1972-02-23 09:00","1972","02","23","09:00"," ","-30,00","","-34,40","","62,00","","28,00","","32,00","","25,00","","101,87","","","","-46,00","","Généralement dégagé"
"1972-02-23 10:00","1972","02","23","10:00"," ","-23,90","","-31,10","","51,00","","28,00","","32,00","","25,00","","101,92","","","","-38,00","","Dégagé"
"1972-02-23 11:00","1972","02","23","11:00"," ","-22,80","","-29,40","","54,00","","28,00","","32,00","","25,00","","101,93","","","","-37,00","","Dégagé"
"1972-02-23 12:00","1972","02","23","12:00"," ","-21,70","","-26,70","","64,00","","27,00","","29,00","","25,00","","101,96","","","","-35,00","","Dégagé"
"1972-02-23 13:00","1972","02","23","13:00"," ","-20,60","","-28,30","","51,00","","27,00","","27,00","","25,00","","101,93","","","","-33,00","","Généralement dégagé"
"1972-02-23 14:00","1972","02","23","14:00"," ","-20,60","","-28,30","","51,00","","29,00","","32,00","","25,00","","101,96","","","","-34,00","","Généralement dégagé"
"1972-02-23 15:00","1972","02","23","15:00"," ","-20,00","","-27,80","","50,00","","28,00","","26,00","","25,00","","102,02","","","","-32,00","","Dégagé"
"1972-02-23 16:00","1972","02","23","16:00"," ","-20,60","","-26,70","","58,00","","28,00","","26,00","","25,00","","102,09","","","","-33,00","","Dégagé"
"1972-02-23 17:00","1972","02","23","17:00"," ","-21,10","","-27,20","","59,00","","28,00","","21,00","","25,00","","102,14","","","","-32,00","","Dégagé"
"1972-02-23 18:00","1972","02","23","18:00"," ","","","","","","","","","","","","","","","","","","",""
"1972-02-23 19:00","1972","02","23","19:00"," ","","","","","","","","","","","","","","","","","","",""
"1972-02-23 20:00","1972","02","23","20:00"," ","","","","","","","","","","","","","","","","","","",""
"1972-02-23 21:00","1972","02","23","21:00"," ","","","","","","","","","","","","","","","","","","",""
"1972-02-23 22:00","1972","02","23","22:00"," ","","","","","","","","","","","","","","","","","","",""
"1972-02-23 23:00","1972","02","23","23:00"," ","","","","","","","","","","","","","","","","","","",""
"1972-02-24 00:00","1972","02","24","00:00"," ","","","","","","","","","","","","","","","","","","",""
"1972-02-24 01:00","1972","02","24","01:00"," ","","","","","","","","","","","","","","","","","","",""
"1972-02-24 02:00","1972","02","24","02:00"," ","","","","","","","","","","","","","","","","","","",""
"1972-02-24 03:00","1972","02","24","03:00"," ","","","","","","","","","","","","","","","","","","",""
"1972-02-24 04:00","1972","02","24","04:00"," ","","","","","","","","","","","","","","","","","","",""
"1972-02-24 05:00","1972","02","24","05:00"," ","","","","","","","","","","","","","","","","","","",""
"1972-02-24 06:00","1972","02","24","06:00"," ","-26,10","","-28,90","","77,00","","0,00","","0,00","","25,00","","102,00","","","","","","Nuageux"
"1972-02-24 07:00","1972","02","24","07:00"," ","-25,60","","-28,30","","78,00","","0,00","","0,00","","24,10","","101,98","","","","","","Neige"
"1972-02-24 08:00","1972","02","24","08:00"," ","-24,40","","-28,30","","70,00","","0,00","","0,00","","8,00","","101,88","","","","","","Neige"
"1972-02-24 09:00","1972","02","24","09:00"," ","-22,20","","-25,60","","74,00","","0,00","","0,00","","8,00","","101,81","","","","","","Neige"
"1972-02-24 10:00","1972","02","24","10:00"," ","-20,60","","-23,30","","76,00","","0,00","","0,00","","16,10","","101,67","","","","","","Neige"
"1972-02-24 11:00","1972","02","24","11:00"," ","-17,80","","-22,20","","69,00","","0,00","","0,00","","12,90","","101,55","","","","","","Neige"
"1972-02-24 12:00","1972","02","24","12:00"," ","-16,70","","-21,10","","68,00","","0,00","","0,00","","12,90","","101,45","","","","","","Neige"
"1972-02-24 13:00","1972","02","24","13:00"," ","-17,80","","-22,20","","69,00","","8,00","","13,00","","12,90","","101,32","","","","-26,00","","Neige"
"1972-02-24 14:00","1972","02","24","14:00"," ","-16,70","","-21,10","","69,00","","7,00","","13,00","","16,10","","101,18","","","","-24,00","","Généralement nuageux"
"1972-02-24 15:00","1972","02","24","15:00"," ","-16,70","","-19,40","","78,00","","7,00","","10,00","","16,10","","101,12","","","","-23,00","","Généralement nuageux"
"1972-02-24 16:00","1972","02","24","16:00"," ","-16,70","","-21,10","","69,00","","7,00","","13,00","","19,30","","101,13","","","","-24,00","","Généralement nuageux"
"1972-02-24 17:00","1972","02","24","17:00"," ","","","","","","","7,00","","13,00","","19,30","","","","","","","","Généralement nuageux"
"1972-02-24 18:00","1972","02","24","18:00"," ","","","","","","","","","","","","","","","","","","",""
"1972-02-24 19:00","1972","02","24","19:00"," ","","","","","","","","","","","","","","","","","","",""
"1972-02-24 20:00","1972","02","24","20:00"," ","","","","","","","","","","","","","","","","","","",""
"1972-02-24 21:00","1972","02","24","21:00"," ","","","","","","","","","","","","","","","","","","",""
"1972-02-24 22:00","1972","02","24","22:00"," ","","","","","","","","","","","","","","","","","","",""
"1972-02-24 23:00","1972","02","24","23:00"," ","","","","","","","","","","","","","","","","","","",""
"1972-02-25 00:00","1972","02","25","00:00"," ","","","","","","","","","","","","","","","","","","",""
"1972-02-25 01:00","1972","02","25","01:00"," ","","","","","","","","","","","","","","","","","","",""
"1972-02-25 02:00","1972","02","25","02:00"," ","","","","","","","","","","","","","","","","","","",""
"1972-02-25 03:00","1972","02","25","03:00"," ","","","","","","","","","","","","","","","","","","",""
"1972-02-25 04:00","1972","02","25","04:00"," ","","","","","","","","","","","","","","","","","","",""
"1972-02-25 05:00","1972","02","25","05:00"," ","","","","","","","","","","","","","","","","","","",""
"1972-02-25 06:00","1972","02","25","06:00"," ","-28,90","","-36,10","","51,00","","24,00","","6,00","","25,00","","101,66","","","","-35,00","","Généralement dégagé"
"1972-02-25 07:00","1972","02","25","07:00"," ","-28,90","","-36,10","","51,00","","0,00","","0,00","","25,00","","101,91","","","","","","Généralement dégagé"
"1972-02-25 08:00","1972","02","25","08:00"," ","-27,20","","-34,40","","50,00","","0,00","","0,00","","25,00","","101,97","","","","","","Généralement dégagé"
"1972-02-25 09:00","1972","02","25","09:00"," ","-22,80","","-31,10","","47,00","","24,00","","6,00","","25,00","","102,01","","","","-28,00","","Généralement dégagé"
"1972-02-25 10:00","1972","02","25","10:00"," ","-18,90","","-23,90","","65,00","","24,00","","10,00","","25,00","","102,01","","","","-26,00","","Dégagé"
"1972-02-25 11:00","1972","02","25","11:00"," ","-13,30","","-20,00","","58,00","","0,00","","0,00","","25,00","","101,91","","","","","","Généralement dégagé"
"1972-02-25 12:00","1972","02","25","12:00"," ","-12,80","","-18,90","","60,00","","0,00","","0,00","","25,00","","101,87","","","","","","Généralement dégagé"
"1972-02-25 13:00","1972","02","25","13:00"," ","-13,30","","-20,00","","60,00","","5,00","","13,00","","25,00","","101,88","","","","-20,00","","Généralement dégagé"
"1972-02-25 14:00","1972","02","25","14:00"," ","-14,40","","-19,40","","65,00","","5,00","","16,00","","25,00","","101,92","","","","-22,00","","Généralement dégagé"
"1972-02-25 15:00","1972","02","25","15:00"," ","-13,30","","-17,80","","69,00","","8,00","","14,00","","24,10","","101,96","","","","-21,00","","Généralement dégagé"
"1972-02-25 16:00","1972","02","25","16:00"," ","-16,10","","-20,00","","72,00","","5,00","","14,00","","19,30","","102,01","","","","-24,00","","Généralement dégagé"
"1972-02-25 17:00","1972","02","25","17:00"," ","-18,30","","-21,70","","76,00","","5,00","","8,00","","24,10","","102,05","","","","-24,00","","Généralement dégagé"
"1972-02-25 18:00","1972","02","25","18:00"," ","","","","","","","","","","","","","","","","","","",""
"1972-02-25 19:00","1972","02","25","19:00"," ","","","","","","","","","","","","","","","","","","",""
"1972-02-25 20:00","1972","02","25","20:00"," ","","","","","","","","","","","","","","","","","","",""
"1972-02-25 21:00","1972","02","25","21:00"," ","","","","","","","","","","","","","","","","","","",""
"1972-02-25 22:00","1972","02","25","22:00"," ","","","","","","","","","","","","","","","","","","",""
"1972-02-25 23:00","1972","02","25","23:00"," ","","","","","","","","","","","","","","","","","","",""
"1972-02-26 00:00","1972","02","26","00:00"," ","","","","","","","","","","","","","","","","","","",""
"1972-02-26 01:00","1972","02","26","01:00"," ","","","","","","","","","","","","","","","","","","",""
"1972-02-26 02:00","1972","02","26","02:00"," ","","","","","","","","","","","","","","","","","","",""
"1972-02-26 03:00","1972","02","26","03:00"," ","","","","","","","","","","","","","","","","","","",""
"1972-02-26 04:00","1972","02","26","04:00"," ","","","","","","","","","","","","","","","","","","",""
"1972-02-26 05:00","1972","02","26","05:00"," ","","","","","","","","","","","","","","","","","","",""
"1972-02-26 06:00","1972","02","26","06:00"," ","-27,80","","-31,70","","71,00","","24,00","","5,00","","25,00","","102,42","","","","-33,00","","Généralement dégagé"
"1972-02-26 07:00","1972","02","26","07:00"," ","-28,90","","-32,80","","69,00","","24,00","","6,00","","25,00","","102,47","","","","-35,00","","Généralement dégagé"
"1972-02-26 08:00","1972","02","26","08:00"," ","-22,80","","-25,60","","77,00","","23,00","","6,00","","25,00","","102,45","","","","-28,00","","Généralement nuageux"
"1972-02-26 09:00","1972","02","26","09:00"," ","-18,30","","-21,70","","76,00","","25,00","","6,00","","25,00","","102,41","","","","-23,00","","Généralement nuageux"
"1972-02-26 10:00","1972","02","26","10:00"," ","-15,00","","-19,40","","68,00","","0,00","","0,00","","25,00","","102,36","","","","","","Généralement nuageux"
"1972-02-26 11:00","1972","02","26","11:00"," ","-13,30","","-17,20","","75,00","","6,00","","10,00","","24,10","","102,25","","","","-19,00","","Nuageux"
"1972-02-26 12:00","1972","02","26","12:00"," ","-11,10","","-16,10","","67,00","","5,00","","10,00","","24,10","","102,15","","","","-17,00","","Nuageux"
"1972-02-26 13:00","1972","02","26","13:00"," ","-7,80","","-13,30","","64,00","","18,00","","13,00","","24,10","","102,06","","","","-14,00","","Nuageux"
"1972-02-26 14:00","1972","02","26","14:00"," ","-8,30","","-15,00","","59,00","","18,00","","11,00","","24,10","","102,03","","","","-14,00","","Nuageux"
"1972-02-26 15:00","1972","02","26","15:00"," ","-9,40","","-15,00","","64,00","","18,00","","16,00","","24,10","","102,03","","","","-16,00","","Nuageux"
"1972-02-26 16:00","1972","02","26","16:00"," ","-9,40","","-13,90","","69,00","","0,00","","0,00","","19,30","","102,02","","","","","","Nuageux"
"1972-02-26 17:00","1972","02","26","17:00"," ","-10,60","","-13,90","","76,00","","0,00","","0,00","","12,90","","101,97","","","","","","Neige"
"1972-02-26 18:00","1972","02","26","18:00"," ","","","","","","","","","","","","","","","","","","",""
"1972-02-26 19:00","1972","02","26","19:00"," ","","","","","","","","","","","","","","","","","","",""
"1972-02-26 20:00","1972","02","26","20:00"," ","","","","","","","","","","","","","","","","","","",""
"1972-02-26 21:00","1972","02","26","21:00"," ","","","","","","","","","","","","","","","","","","",""
"1972-02-26 22:00","1972","02","26","22:00"," ","","","","","","","","","","","","","","","","","","",""
"1972-02-26 23:00","1972","02","26","23:00"," ","","","","","","","","","","","","","","","","","","",""
"1972-02-27 00:00","1972","02","27","00:00"," ","","","","","","","","","","","","","","","","","","",""
"1972-02-27 01:00","1972","02","27","01:00"," ","","","","","","","","","","","","","","","","","","",""
"1972-02-27 02:00","1972","02","27","02:00"," ","","","","","","","","","","","","","","","","","","",""
"1972-02-27 03:00","1972","02","27","03:00"," ","","","","","","","","","","","","","","","","","","",""
"1972-02-27 04:00","1972","02","27","04:00"," ","","","","","","","","","","","","","","","","","","",""
"1972-02-27 05:00","1972","02","27","05:00"," ","","","","","","","","","","","","","","","","","","",""
"1972-02-27 06:00","1972","02","27","06:00"," ","-14,40","","-16,70","","87,00","","27,00","","14,00","","24,10","","101,21","","","","-22,00","","Neige"
"1972-02-27 07:00","1972","02","27","07:00"," ","-13,90","","-16,10","","83,00","","25,00","","8,00","","24,10","","101,21","","","","-19,00","","Neige"
"1972-02-27 08:00","1972","02","27","08:00"," ","-13,30","","-16,70","","78,00","","25,00","","8,00","","24,10","","101,22","","","","-18,00","","Généralement dégagé"
"1972-02-27 09:00","1972","02","27","09:00"," ","-10,00","","-13,30","","76,00","","29,00","","13,00","","24,10","","101,20","","","","-16,00","","Généralement dégagé"
"1972-02-27 10:00","1972","02","27","10:00"," ","-9,40","","-13,30","","72,00","","31,00","","13,00","","24,10","","101,19","","","","-15,00","","Généralement dégagé"
"1972-02-27 11:00","1972","02","27","11:00"," ","-7,80","","-12,80","","66,00","","29,00","","21,00","","24,10","","101,20","","","","-15,00","","Généralement dégagé"
"1972-02-27 12:00","1972","02","27","12:00"," ","-7,20","","-11,70","","70,00","","34,00","","11,00","","24,10","","101,19","","","","-12,00","","Généralement nuageux"
"1972-02-27 13:00","1972","02","27","13:00"," ","-6,10","","-11,10","","68,00","","28,00","","16,00","","24,10","","101,19","","","","-12,00","","Généralement nuageux"
"1972-02-27 14:00","1972","02","27","14:00"," ","-3,90","","-9,40","","64,00","","23,00","","10,00","","24,10","","101,17","","","","-8,00","","Généralement dégagé"
"1972-02-27 15:00","1972","02","27","15:00"," ","-7,80","","-11,70","","73,00","","6,00","","21,00","","19,30","","101,19","","","","-15,00","","Généralement nuageux"
"1972-02-27 16:00","1972","02","27","16:00"," ","-8,30","","-10,60","","83,00","","4,00","","24,00","","19,30","","101,24","","","","-16,00","","Généralement nuageux"
"1972-02-27 17:00","1972","02","27","17:00"," ","-8,30","","-11,10","","82,00","","36,00","","11,00","","24,10","","101,33","","","","-14,00","","Généralement nuageux"
"1972-02-27 18:00","1972","02","27","18:00"," ","","","","","","","","","","","","","","","","","","",""
"1972-02-27 19:00","1972","02","27","19:00"," ","","","","","","","","","","","","","","","","","","",""
"1972-02-27 20:00","1972","02","27","20:00"," ","","","","","","","","","","","","","","","","","","",""
"1972-02-27 21:00","1972","02","27","21:00"," ","","","","","","","","","","","","","","","","","","",""
"1972-02-27 22:00","1972","02","27","22:00"," ","","","","","","","","","","","","","","","","","","",""
"1972-02-27 23:00","1972","02","27","23:00"," ","","","","","","","","","","","","","","","","","","",""
"1972-02-28 00:00","1972","02","28","00:00"," ","","","","","","","","","","","","","","","","","","",""
"1972-02-28 01:00","1972","02","28","01:00"," ","","","","","","","","","","","","","","","","","","",""
"1972-02-28 02:00","1972","02","28","02:00"," ","","","","","","","","","","","","","","","","","","",""
"1972-02-28 03:00","1972","02","28","03:00"," ","","","","","","","","","","","","","","","","","","",""
"1972-02-28 04:00","1972","02","28","04:00"," ","","","","","","","","","","","","","","","","","","",""
"1972-02-28 05:00","1972","02","28","05:00"," ","","","","","","","","","","","","","","","","","","",""
"1972-02-28 06:00","1972","02","28","06:00"," ","-14,40","","-16,70","","87,00","","26,00","","6,00","","24,10","","101,03","","","","-19,00","","Nuageux"
"1972-02-28 07:00","1972","02","28","07:00"," ","-12,80","","-15,00","","85,00","","24,00","","8,00","","19,30","","100,95","","","","-18,00","","Neige"
"1972-02-28 08:00","1972","02","28","08:00"," ","-4,40","","-5,60","","93,00","","18,00","","26,00","","6,40","","100,69","","","","-12,00","","Neige,Brouillard"
"1972-02-28 09:00","1972","02","28","09:00"," ","-2,80","","-5,60","","81,00","","18,00","","29,00","","6,40","","100,57","","","","-10,00","","Neige,Brouillard"
"1972-02-28 10:00","1972","02","28","10:00"," ","-2,20","","-5,00","","82,00","","18,00","","37,00","","4,80","","100,37","","","","-10,00","","Neige,Brouillard"
"1972-02-28 11:00","1972","02","28","11:00"," ","-2,20","","-5,00","","82,00","","18,00","","48,00","","4,80","","100,17","","","","-11,00","","Neige"
"1972-02-28 12:00","1972","02","28","12:00"," ","-1,70","","-4,40","","82,00","","18,00","","40,00","","4,80","","100,07","","","","-10,00","","Neige"
"1972-02-28 13:00","1972","02","28","13:00"," ","-1,10","","-3,90","","83,00","","18,00","","32,00","","12,90","","100,05","","","","-8,00","","Neige"
"1972-02-28 14:00","1972","02","28","14:00"," ","-0,60","","-2,20","","89,00","","20,00","","26,00","","6,40","","100,02","","","","-7,00","","Neige,Brouillard"
"1972-02-28 15:00","1972","02","28","15:00"," ","0,00","","-1,70","","87,00","","23,00","","18,00","","19,30","","99,93","","","","-5,00","","Nuageux"
"1972-02-28 16:00","1972","02","28","16:00"," ","0,60","","-1,10","","90,00","","19,00","","10,00","","24,10","","99,87","","","","","","Généralement nuageux"
"1972-02-28 17:00","1972","02","28","17:00"," ","-1,10","","-2,80","","87,00","","27,00","","6,00","","24,10","","99,86","","","","-3,00","","Généralement nuageux"
"1972-02-28 18:00","1972","02","28","18:00"," ","","","","","","","","","","","","","","","","","","",""
"1972-02-28 19:00","1972","02","28","19:00"," ","","","","","","","","","","","","","","","","","","",""
"1972-02-28 20:00","1972","02","28","20:00"," ","","","","","","","","","","","","","","","","","","",""
"1972-02-28 21:00","1972","02","28","21:00"," ","","","","","","","","","","","","","","","","","","",""
"1972-02-28 22:00","1972","02","28","22:00"," ","","","","","","","","","","","","","","","","","","",""
"1972-02-28 23:00","1972","02","28","23:00"," ","","","","","","","","","","","","","","","","","","",""
"1972-02-29 00:00","1972","02","29","00:00"," ","","","","","","","","","","","","","","","","","","",""
"1972-02-29 01:00","1972","02","29","01:00"," ","","","","","","","","","","","","","","","","","","",""
"1972-02-29 02:00","1972","02","29","02:00"," ","","","","","","","","","","","","","","","","","","",""
"1972-02-29 03:00","1972","02","29","03:00"," ","","","","","","","","","","","","","","","","","","",""
"1972-02-29 04:00","1972","02","29","04:00"," ","","","","","","","","","","","","","","","","","","",""
"1972-02-29 05:00","1972","02","29","05:00"," ","","","","","","","","","","","","","","","","","","",""
"1972-02-29 06:00","1972","02","29","06:00"," ","-11,10","","-15,00","","74,00","","29,00","","18,00","","25,00","","100,29","","","","-19,00","","Nuageux"
"1972-02-29 07:00","1972","02","29","07:00"," ","-11,70","","-15,60","","71,00","","29,00","","21,00","","25,00","","100,39","","","","-20,00","","Nuageux"
"1972-02-29 08:00","1972","02","29","08:00"," ","-12,20","","-16,70","","68,00","","27,00","","26,00","","25,00","","100,43","","","","-22,00","","Généralement nuageux"
"1972-02-29 09:00","1972","02","29","09:00"," ","-11,10","","-15,60","","68,00","","29,00","","19,00","","25,00","","100,51","","","","-19,00","","Généralement dégagé"
"1972-02-29 10:00","1972","02","29","10:00"," ","-10,00","","-15,60","","64,00","","29,00","","24,00","","25,00","","100,51","","","","-19,00","","Généralement nuageux"
"1972-02-29 11:00","1972","02","29","11:00"," ","-10,00","","-16,70","","59,00","","29,00","","26,00","","25,00","","100,51","","","","-19,00","","Généralement dégagé"
"1972-02-29 12:00","1972","02","29","12:00"," ","-9,40","","-16,10","","58,00","","29,00","","23,00","","25,00","","100,50","","","","-18,00","","Généralement dégagé"
"1972-02-29 13:00","1972","02","29","13:00"," ","-8,30","","-16,10","","54,00","","32,00","","19,00","","25,00","","100,48","","","","-16,00","","Généralement dégagé"
"1972-02-29 14:00","1972","02","29","14:00"," ","-8,30","","-13,90","","65,00","","34,00","","24,00","","25,00","","100,50","","","","-16,00","","Généralement nuageux"
"1972-02-29 15:00","1972","02","29","15:00"," ","-7,80","","-11,70","","73,00","","15,00","","13,00","","25,00","","100,49","","","","-14,00","","Généralement nuageux"
"1972-02-29 16:00","1972","02","29","16:00"," ","-8,30","","-12,80","","72,00","","12,00","","10,00","","25,00","","100,62","","","","-13,00","","Généralement dégagé"
"1972-02-29 17:00","1972","02","29","17:00"," ","-11,10","","-15,60","","69,00","","31,00","","16,00","","25,00","","100,77","","","","-18,00","","Généralement dégagé"
"1972-02-29 18:00","1972","02","29","18:00"," ","","","","","","","","","","","","","","","","","","",""
"1972-02-29 19:00","1972","02","29","19:00"," ","","","","","","","","","","","","","","","","","","",""
"1972-02-29 20:00","1972","02","29","20:00"," ","","","","","","","","","","","","","","","","","","",""
"1972-02-29 21:00","1972","02","29","21:00"," ","","","","","","","","","","","","","","","","","","",""
"1972-02-29 22:00","1972","02","29","22:00"," ","","","","","","","","","","","","","","","","","","",""
"1972-02-29 23:00","1972","02","29","23:00"," ","","","","","","","","","","","","","","","","","","",""
