"Nom de la Station","GASPE A"
"Province","QUEBEC"
"Latitude","48,78"
"Longitude","-64,48"
"Altitude","34,10"
"Identification Climat","7052605"
"Identification OMM","71188"
"Identification TC","YGP"
"Toutes les heures sont exprimées en heure normale locale (HNL). Pour convertir l'heure locale en heure avancée de l'Est (HAE), ajoutez 1 heure s'il y a lieu."

"Légende"
"M","Données Manquantes"
"E","Valeur Estimée"
"ND","Non Disponible"
"**","Données fournies par un partenaire, non assujetties à un révision par les Archives climatiques nationales du Canada"

"Date/Heure","Année","Mois","Jour","Heure","Qualité des Données","Temp (°C)","Temp Indicateur","Point de rosée (°C)","Point de rosée Indicateur","Hum. rel (%)","Hum. rel. Indicateur","Dir. du vent (10s deg)","Dir. du vent Indicateur","Vit. du vent (km/h)","Vit. du vent Indicateur","Visibilité (km)","Visibilité Indicateur","Pression à la station (kPa)","Pression à la station Indicateur","Hmdx","Hmdx Indicateur","Refroid. éolien","Refroid. éolien Indicateur","Temps"
"2003-03-01 00:00","2003","03","01","00:00"," ","-23,50","","-27,60","","69,00","","26,00","","6,00","","25,00","","101,65","","","","-29,00","","Dégagé"
"2003-03-01 01:00","2003","03","01","01:00"," ","-20,90","","-24,70","","71,00","","27,00","","4,00","","25,00","","101,63","","","","-24,00","","Dégagé"
"2003-03-01 02:00","2003","03","01","02:00"," ","-21,50","","-25,30","","71,00","","0,00","","0,00","","25,00","","101,61","","","","","","Dégagé"
"2003-03-01 03:00","2003","03","01","03:00"," ","-22,40","","-26,60","","69,00","","28,00","","6,00","","25,00","","101,63","","","","-28,00","","Dégagé"
"2003-03-01 04:00","2003","03","01","04:00"," ","-22,50","","-25,70","","75,00","","24,00","","6,00","","25,00","","101,63","","","","-28,00","","Dégagé"
"2003-03-01 05:00","2003","03","01","05:00"," ","-20,20","","-23,80","","73,00","","26,00","","4,00","","25,00","","101,64","","","","-24,00","","Dégagé"
"2003-03-01 06:00","2003","03","01","06:00"," ","-21,30","","-25,00","","72,00","","0,00","","0,00","","25,00","","101,66","","","","","","Dégagé"
"2003-03-01 07:00","2003","03","01","07:00"," ","-20,10","","-24,40","","69,00","","0,00","","0,00","","25,00","","101,69","","","","","","Dégagé"
"2003-03-01 08:00","2003","03","01","08:00"," ","-16,00","","-19,50","","74,00","","0,00","","0,00","","25,00","","101,70","","","","","","Dégagé"
"2003-03-01 09:00","2003","03","01","09:00"," ","-11,30","","-16,50","","65,00","","0,00","","0,00","","25,00","","101,68","","","","","","Généralement dégagé"
"2003-03-01 10:00","2003","03","01","10:00"," ","-6,70","","-12,80","","62,00","","0,00","","0,00","","25,00","","101,65","","","","","","Généralement dégagé"
"2003-03-01 11:00","2003","03","01","11:00"," ","-6,10","","-12,80","","59,00","","10,00","","11,00","","25,00","","101,60","","","","-11,00","","Généralement dégagé"
"2003-03-01 12:00","2003","03","01","12:00"," ","-5,70","","-10,90","","67,00","","9,00","","19,00","","25,00","","101,54","","","","-12,00","","Généralement dégagé"
"2003-03-01 13:00","2003","03","01","13:00"," ","-3,00","","-11,00","","54,00","","9,00","","17,00","","25,00","","101,54","","","","-9,00","","Généralement dégagé"
"2003-03-01 14:00","2003","03","01","14:00"," ","-4,50","","-11,10","","60,00","","11,00","","24,00","","25,00","","101,59","","","","-12,00","","Généralement dégagé"
"2003-03-01 15:00","2003","03","01","15:00"," ","-4,50","","-9,40","","69,00","","11,00","","20,00","","25,00","","101,62","","","","-11,00","","Généralement dégagé"
"2003-03-01 16:00","2003","03","01","16:00"," ","-4,60","","-10,10","","65,00","","13,00","","17,00","","25,00","","101,65","","","","-10,00","","Généralement dégagé"
"2003-03-01 17:00","2003","03","01","17:00"," ","-5,60","","-9,30","","75,00","","13,00","","13,00","","25,00","","101,70","","","","-11,00","","Généralement dégagé"
"2003-03-01 18:00","2003","03","01","18:00"," ","-6,80","","-10,40","","75,00","","14,00","","7,00","","25,00","","101,75","","","","-10,00","","Généralement dégagé"
"2003-03-01 19:00","2003","03","01","19:00"," ","-8,90","","-11,60","","81,00","","11,00","","6,00","","25,00","","101,73","","","","-12,00","","Dégagé"
"2003-03-01 20:00","2003","03","01","20:00"," ","-11,70","","-14,00","","83,00","","27,00","","6,00","","25,00","","101,74","","","","-15,00","","Dégagé"
"2003-03-01 21:00","2003","03","01","21:00"," ","-14,90","","-16,50","","88,00","","22,00","","4,00","","25,00","","101,74","","","","-18,00","","Dégagé"
"2003-03-01 22:00","2003","03","01","22:00"," ","-15,80","","-17,40","","87,00","","27,00","","6,00","","25,00","","101,72","","","","-20,00","","Dégagé"
"2003-03-01 23:00","2003","03","01","23:00"," ","-17,00","","-18,40","","89,00","","30,00","","4,00","","25,00","","101,68","","","","-20,00","","Dégagé"
"2003-03-02 00:00","2003","03","02","00:00"," ","-18,20","","-20,00","","86,00","","27,00","","7,00","","25,00","","101,65","","","","-24,00","","Dégagé"
"2003-03-02 01:00","2003","03","02","01:00"," ","-17,50","","-18,90","","89,00","","0,00","","0,00","","25,00","","101,63","","","","","","Dégagé"
"2003-03-02 02:00","2003","03","02","02:00"," ","-18,50","","-20,10","","87,00","","25,00","","6,00","","16,10","","101,56","","","","-23,00","","Dégagé"
"2003-03-02 03:00","2003","03","02","03:00"," ","-20,50","","-22,40","","85,00","","27,00","","4,00","","16,10","","101,47","","","","-24,00","","Dégagé"
"2003-03-02 04:00","2003","03","02","04:00"," ","-20,50","","-23,10","","80,00","","0,00","","0,00","","25,00","","101,42","","","","","","Dégagé"
"2003-03-02 05:00","2003","03","02","05:00"," ","-20,20","","-22,10","","85,00","","26,00","","4,00","","16,10","","101,37","","","","-24,00","","Généralement dégagé"
"2003-03-02 06:00","2003","03","02","06:00"," ","-18,70","","-20,90","","83,00","","25,00","","4,00","","16,10","","101,31","","","","-22,00","","Généralement dégagé"
"2003-03-02 07:00","2003","03","02","07:00"," ","-17,40","","-19,40","","84,00","","0,00","","0,00","","25,00","","101,26","","","","","","Généralement nuageux"
"2003-03-02 08:00","2003","03","02","08:00"," ","-15,90","","-18,60","","80,00","","27,00","","6,00","","25,00","","101,20","","","","-20,00","","Généralement nuageux"
"2003-03-02 09:00","2003","03","02","09:00"," ","-10,00","","-13,70","","74,00","","11,00","","4,00","","25,00","","101,10","","","","-12,00","","Généralement dégagé"
"2003-03-02 10:00","2003","03","02","10:00"," ","-3,20","","-7,10","","74,00","","27,00","","6,00","","16,10","","101,01","","","","-6,00","","Généralement nuageux"
"2003-03-02 11:00","2003","03","02","11:00"," ","-0,60","","-5,10","","72,00","","18,00","","15,00","","12,90","","100,92","","","","-5,00","","Généralement nuageux"
"2003-03-02 12:00","2003","03","02","12:00"," ","-1,40","","-5,10","","76,00","","18,00","","22,00","","9,70","","100,76","","","","-7,00","","Averses de neige"
"2003-03-02 13:00","2003","03","02","13:00"," ","-1,30","","-4,40","","79,00","","15,00","","15,00","","19,30","","100,62","","","","-6,00","","Généralement nuageux"
"2003-03-02 14:00","2003","03","02","14:00"," ","-0,70","","-4,20","","77,00","","17,00","","13,00","","19,30","","100,49","","","","-5,00","","Averses de neige"
"2003-03-02 15:00","2003","03","02","15:00"," ","-0,90","","-4,10","","79,00","","18,00","","17,00","","12,90","","100,42","","","","-6,00","","Averses de neige"
"2003-03-02 16:00","2003","03","02","16:00"," ","-1,00","","-5,40","","72,00","","17,00","","26,00","","12,90","","100,35","","","","-7,00","","Neige"
"2003-03-02 17:00","2003","03","02","17:00"," ","-1,60","","-6,20","","71,00","","12,00","","20,00","","19,30","","100,25","","","","-7,00","","Neige"
"2003-03-02 18:00","2003","03","02","18:00"," ","-2,30","","-4,60","","84,00","","8,00","","11,00","","8,00","","100,18","","","","-6,00","","Neige"
"2003-03-02 19:00","2003","03","02","19:00"," ","-2,80","","-3,50","","95,00","","9,00","","13,00","","1,60","","99,94","","","","-7,00","","Neige"
"2003-03-02 20:00","2003","03","02","20:00"," ","-2,30","","-3,30","","93,00","","9,00","","19,00","","0,60","","99,78","","","","-8,00","","Neige modérée"
"2003-03-02 21:00","2003","03","02","21:00"," ","-2,20","","-3,10","","94,00","","11,00","","9,00","","0,60","","99,58","","","","-6,00","","Neige modérée"
"2003-03-02 22:00","2003","03","02","22:00"," ","-2,60","","-3,50","","94,00","","14,00","","17,00","","0,60","","99,40","","","","-8,00","","Neige modérée"
"2003-03-02 23:00","2003","03","02","23:00"," ","-2,90","","-3,80","","93,00","","9,00","","13,00","","0,60","","99,12","","","","-8,00","","Neige modérée"
"2003-03-03 00:00","2003","03","03","00:00"," ","-2,20","","-2,70","","96,00","","8,00","","13,00","","0,60","","98,84","","","","-7,00","","Neige modérée"
"2003-03-03 01:00","2003","03","03","01:00"," ","-0,20","","-0,70","","96,00","","12,00","","9,00","","0,60","","98,58","","","","-3,00","","Neige modérée"
"2003-03-03 02:00","2003","03","03","02:00"," ","0,30","","0,10","","99,00","","12,00","","7,00","","0,60","","98,28","","","","","","Neige modérée"
"2003-03-03 03:00","2003","03","03","03:00"," ","0,50","","0,00","","96,00","","12,00","","15,00","","0,60","","98,03","","","","","","Neige modérée"
"2003-03-03 04:00","2003","03","03","04:00"," ","0,40","","0,00","","97,00","","7,00","","7,00","","0,60","","97,83","","","","","","Neige modérée"
"2003-03-03 05:00","2003","03","03","05:00"," ","0,40","","-0,20","","96,00","","9,00","","11,00","","1,20","","97,58","","","","","","Neige"
"2003-03-03 06:00","2003","03","03","06:00"," ","0,20","","0,00","","99,00","","0,00","","0,00","","1,20","","97,38","","","","","","Neige"
"2003-03-03 07:00","2003","03","03","07:00"," ","0,20","","-0,20","","97,00","","31,00","","7,00","","1,20","","97,26","","","","","","Neige"
"2003-03-03 08:00","2003","03","03","08:00"," ","0,20","","-1,60","","88,00","","31,00","","17,00","","19,30","","97,16","","","","","","Neige"
"2003-03-03 09:00","2003","03","03","09:00"," ","0,40","","-1,80","","85,00","","28,00","","17,00","","25,00","","97,17","","","","","","Généralement dégagé"
"2003-03-03 10:00","2003","03","03","10:00"," ","0,40","","-2,10","","83,00","","29,00","","26,00","","25,00","","97,11","","","","","","Généralement nuageux"
"2003-03-03 11:00","2003","03","03","11:00"," ","-2,50","","-5,60","","79,00","","27,00","","35,00","","25,00","","97,14","","","","-10,00","","Généralement dégagé"
"2003-03-03 12:00","2003","03","03","12:00"," ","-6,10","","-9,90","","74,00","","27,00","","33,00","","25,00","","97,25","","","","-15,00","","Nuageux"
"2003-03-03 13:00","2003","03","03","13:00"," ","-9,90","","-13,40","","76,00","","27,00","","44,00","","16,10","","97,40","","","","-21,00","","Nuageux"
"2003-03-03 14:00","2003","03","03","14:00"," ","-11,90","","-14,90","","78,00","","26,00","","35,00","","0,80","","97,52","","","","-23,00","","Neige,Poudrerie élevée"
"2003-03-03 15:00","2003","03","03","15:00"," ","-12,50","","-16,10","","74,00","","29,00","","30,00","","1,20","","97,72","","","","-23,00","","Neige,Poudrerie élevée"
"2003-03-03 16:00","2003","03","03","16:00"," ","-16,30","","-20,70","","69,00","","30,00","","19,00","","1,20","","97,99","","","","-26,00","","Neige,Poudrerie élevée"
"2003-03-03 17:00","2003","03","03","17:00"," ","-17,90","","-21,80","","71,00","","29,00","","32,00","","4,80","","98,24","","","","-30,00","","Neige"
"2003-03-03 18:00","2003","03","03","18:00"," ","-18,00","","-24,10","","59,00","","28,00","","35,00","","3,20","","98,38","","","","-31,00","","Neige"
"2003-03-03 19:00","2003","03","03","19:00"," ","-17,70","","-23,50","","60,00","","29,00","","30,00","","4,80","","98,53","","","","-30,00","","Neige"
"2003-03-03 20:00","2003","03","03","20:00"," ","-17,90","","-23,50","","62,00","","29,00","","44,00","","4,80","","98,64","","","","-32,00","","Neige"
"2003-03-03 21:00","2003","03","03","21:00"," ","-17,80","","-24,30","","57,00","","29,00","","30,00","","8,00","","98,79","","","","-30,00","","Neige"
"2003-03-03 22:00","2003","03","03","22:00"," ","-17,70","","-23,40","","61,00","","28,00","","33,00","","6,40","","98,89","","","","-30,00","","Neige"
"2003-03-03 23:00","2003","03","03","23:00"," ","-18,20","","-24,60","","57,00","","28,00","","41,00","","8,00","","99,07","","","","-32,00","","Neige"
"2003-03-04 00:00","2003","03","04","00:00"," ","-18,60","","-25,80","","53,00","","29,00","","32,00","","8,00","","99,22","","","","-31,00","","Poudrerie élevée"
"2003-03-04 01:00","2003","03","04","01:00"," ","-19,10","","-25,90","","55,00","","28,00","","37,00","","8,00","","99,37","","","","-33,00","","Poudrerie élevée"
"2003-03-04 02:00","2003","03","04","02:00"," ","-19,30","","-27,10","","50,00","","29,00","","41,00","","8,00","","99,51","","","","-33,00","","Poudrerie élevée"
"2003-03-04 03:00","2003","03","04","03:00"," ","-19,70","","-27,60","","49,00","","28,00","","50,00","","25,00","","99,71","","","","-35,00","","Dégagé"
"2003-03-04 04:00","2003","03","04","04:00"," ","-19,80","","-27,70","","49,00","","29,00","","30,00","","25,00","","99,91","","","","-32,00","","Dégagé"
"2003-03-04 05:00","2003","03","04","05:00"," ","-19,50","","-27,60","","49,00","","28,00","","43,00","","25,00","","100,05","","","","-34,00","","Généralement dégagé"
"2003-03-04 06:00","2003","03","04","06:00"," ","-19,60","","-28,00","","47,00","","29,00","","30,00","","25,00","","100,32","","","","-32,00","","Généralement dégagé"
"2003-03-04 07:00","2003","03","04","07:00"," ","-19,10","","-27,40","","48,00","","28,00","","19,00","","25,00","","100,44","","","","-29,00","","Généralement dégagé"
"2003-03-04 08:00","2003","03","04","08:00"," ","-17,50","","-26,40","","46,00","","27,00","","11,00","","25,00","","100,57","","","","-25,00","","Dégagé"
"2003-03-04 09:00","2003","03","04","09:00"," ","-16,20","","-25,50","","45,00","","29,00","","30,00","","25,00","","100,66","","","","-28,00","","Généralement dégagé"
"2003-03-04 10:00","2003","03","04","10:00"," ","-15,00","","-24,60","","44,00","","29,00","","28,00","","25,00","","100,72","","","","-26,00","","Généralement dégagé"
"2003-03-04 11:00","2003","03","04","11:00"," ","-13,80","","-23,80","","43,00","","28,00","","24,00","","25,00","","100,73","","","","-23,00","","Généralement dégagé"
"2003-03-04 12:00","2003","03","04","12:00"," ","-12,30","","-22,80","","41,00","","28,00","","28,00","","25,00","","100,72","","","","-22,00","","Généralement dégagé"
"2003-03-04 13:00","2003","03","04","13:00"," ","-11,30","","-23,30","","36,00","","30,00","","22,00","","25,00","","100,73","","","","-20,00","","Généralement dégagé"
"2003-03-04 14:00","2003","03","04","14:00"," ","-11,30","","-21,30","","43,00","","25,00","","24,00","","25,00","","100,77","","","","-20,00","","Généralement dégagé"
"2003-03-04 15:00","2003","03","04","15:00"," ","-11,60","","-21,00","","46,00","","24,00","","20,00","","25,00","","100,79","","","","-20,00","","Généralement dégagé"
"2003-03-04 16:00","2003","03","04","16:00"," ","-12,30","","-21,70","","45,00","","23,00","","15,00","","25,00","","100,84","","","","-20,00","","Généralement dégagé"
"2003-03-04 17:00","2003","03","04","17:00"," ","-14,10","","-22,30","","50,00","","26,00","","15,00","","25,00","","100,90","","","","-22,00","","Généralement dégagé"
"2003-03-04 18:00","2003","03","04","18:00"," ","-14,80","","-23,30","","48,00","","27,00","","15,00","","25,00","","100,93","","","","-23,00","","Généralement dégagé"
"2003-03-04 19:00","2003","03","04","19:00"," ","-17,70","","-23,00","","63,00","","30,00","","4,00","","25,00","","101,00","","","","-21,00","","Dégagé"
"2003-03-04 20:00","2003","03","04","20:00"," ","-18,10","","-24,00","","60,00","","31,00","","11,00","","25,00","","101,02","","","","-25,00","","Dégagé"
"2003-03-04 21:00","2003","03","04","21:00"," ","-20,10","","-24,70","","67,00","","23,00","","6,00","","25,00","","101,04","","","","-25,00","","Dégagé"
"2003-03-04 22:00","2003","03","04","22:00"," ","-22,10","","-26,20","","69,00","","0,00","","0,00","","25,00","","101,03","","","","","","Dégagé"
"2003-03-04 23:00","2003","03","04","23:00"," ","-21,70","","-25,90","","69,00","","23,00","","6,00","","25,00","","101,02","","","","-27,00","","Dégagé"
"2003-03-05 00:00","2003","03","05","00:00"," ","-20,90","","-25,00","","70,00","","0,00","","0,00","","25,00","","100,99","","","","","","Généralement nuageux"
"2003-03-05 01:00","2003","03","05","01:00"," ","-20,60","","-24,80","","69,00","","29,00","","6,00","","25,00","","100,95","","","","-26,00","","Généralement dégagé"
"2003-03-05 02:00","2003","03","05","02:00"," ","-23,00","","-27,20","","68,00","","28,00","","4,00","","25,00","","100,93","","","","-27,00","","Dégagé"
"2003-03-05 03:00","2003","03","05","03:00"," ","-23,50","","-27,40","","70,00","","0,00","","0,00","","25,00","","100,94","","","","","","Dégagé"
"2003-03-05 04:00","2003","03","05","04:00"," ","-24,50","","-28,60","","69,00","","27,00","","4,00","","25,00","","100,97","","","","-28,00","","Dégagé"
"2003-03-05 05:00","2003","03","05","05:00"," ","-20,80","","-23,50","","79,00","","30,00","","4,00","","25,00","","100,98","","","","-24,00","","Généralement dégagé"
"2003-03-05 06:00","2003","03","05","06:00"," ","-23,30","","-26,40","","76,00","","0,00","","0,00","","25,00","","101,03","","","","","","Généralement nuageux"
"2003-03-05 07:00","2003","03","05","07:00"," ","-19,20","","-22,60","","74,00","","0,00","","0,00","","25,00","","101,06","","","","","","Généralement nuageux"
"2003-03-05 08:00","2003","03","05","08:00"," ","-14,10","","-19,90","","61,00","","31,00","","11,00","","25,00","","101,05","","","","-21,00","","Généralement nuageux"
"2003-03-05 09:00","2003","03","05","09:00"," ","-10,40","","-17,60","","55,00","","29,00","","11,00","","25,00","","101,07","","","","-16,00","","Généralement nuageux"
"2003-03-05 10:00","2003","03","05","10:00"," ","-8,80","","-16,50","","54,00","","31,00","","6,00","","25,00","","101,09","","","","-12,00","","Généralement nuageux"
"2003-03-05 11:00","2003","03","05","11:00"," ","-8,20","","-16,10","","53,00","","23,00","","7,00","","25,00","","101,07","","","","-12,00","","Généralement nuageux"
"2003-03-05 12:00","2003","03","05","12:00"," ","-7,90","","-16,20","","51,00","","8,00","","7,00","","25,00","","101,01","","","","-12,00","","Nuageux"
"2003-03-05 13:00","2003","03","05","13:00"," ","-8,80","","-13,00","","72,00","","10,00","","19,00","","25,00","","100,99","","","","-16,00","","Nuageux"
"2003-03-05 14:00","2003","03","05","14:00"," ","-8,70","","-13,60","","68,00","","9,00","","17,00","","16,10","","100,93","","","","-16,00","","Nuageux"
"2003-03-05 15:00","2003","03","05","15:00"," ","-9,00","","-14,30","","65,00","","11,00","","13,00","","16,10","","100,86","","","","-15,00","","Nuageux"
"2003-03-05 16:00","2003","03","05","16:00"," ","-9,10","","-14,20","","66,00","","9,00","","6,00","","25,00","","100,80","","","","-12,00","","Nuageux"
"2003-03-05 17:00","2003","03","05","17:00"," ","-9,50","","-14,50","","67,00","","7,00","","7,00","","25,00","","100,78","","","","-13,00","","Nuageux"
"2003-03-05 18:00","2003","03","05","18:00"," ","-10,00","","-14,60","","69,00","","4,00","","6,00","","25,00","","100,72","","","","-14,00","","Nuageux"
"2003-03-05 19:00","2003","03","05","19:00"," ","-10,80","","-13,70","","79,00","","0,00","","0,00","","9,70","","100,68","","","","","","Neige"
"2003-03-05 20:00","2003","03","05","20:00"," ","-10,50","","-12,00","","89,00","","5,00","","4,00","","1,20","","100,55","","","","-13,00","","Neige"
"2003-03-05 21:00","2003","03","05","21:00"," ","-9,80","","-11,30","","89,00","","10,00","","4,00","","1,20","","100,48","","","","-12,00","","Neige"
"2003-03-05 22:00","2003","03","05","22:00"," ","-10,70","","-12,00","","90,00","","0,00","","0,00","","1,00","","100,40","","","","","","Neige"
"2003-03-05 23:00","2003","03","05","23:00"," ","-10,20","","-11,80","","88,00","","0,00","","0,00","","1,20","","100,31","","","","","","Neige"
"2003-03-06 00:00","2003","03","06","00:00"," ","-11,10","","-12,50","","89,00","","27,00","","7,00","","1,20","","100,24","","","","-15,00","","Neige"
"2003-03-06 01:00","2003","03","06","01:00"," ","-10,90","","-12,50","","88,00","","27,00","","7,00","","1,20","","100,15","","","","-15,00","","Neige"
"2003-03-06 02:00","2003","03","06","02:00"," ","-10,90","","-12,30","","89,00","","27,00","","7,00","","1,20","","100,13","","","","-15,00","","Neige"
"2003-03-06 03:00","2003","03","06","03:00"," ","-10,90","","-12,30","","89,00","","0,00","","0,00","","1,20","","100,09","","","","","","Neige"
"2003-03-06 04:00","2003","03","06","04:00"," ","-10,70","","-12,20","","89,00","","27,00","","4,00","","1,20","","100,11","","","","-13,00","","Neige"
"2003-03-06 05:00","2003","03","06","05:00"," ","-10,80","","-12,30","","89,00","","0,00","","0,00","","1,20","","100,13","","","","","","Neige"
"2003-03-06 06:00","2003","03","06","06:00"," ","-10,70","","-12,30","","88,00","","29,00","","4,00","","4,80","","100,14","","","","-13,00","","Neige"
"2003-03-06 07:00","2003","03","06","07:00"," ","-10,30","","-11,90","","88,00","","28,00","","6,00","","2,40","","100,17","","","","-14,00","","Neige"
"2003-03-06 08:00","2003","03","06","08:00"," ","-9,70","","-12,20","","82,00","","35,00","","7,00","","4,80","","100,21","","","","-14,00","","Neige"
"2003-03-06 09:00","2003","03","06","09:00"," ","-9,60","","-12,90","","77,00","","35,00","","6,00","","4,80","","100,28","","","","-13,00","","Neige"
"2003-03-06 10:00","2003","03","06","10:00"," ","-8,90","","-13,20","","71,00","","1,00","","9,00","","4,80","","100,30","","","","-14,00","","Neige"
"2003-03-06 11:00","2003","03","06","11:00"," ","-9,60","","-12,80","","77,00","","36,00","","13,00","","0,80","","100,31","","","","-16,00","","Neige modérée"
"2003-03-06 12:00","2003","03","06","12:00"," ","-8,90","","-13,90","","67,00","","34,00","","13,00","","6,40","","100,25","","","","-15,00","","Neige"
"2003-03-06 13:00","2003","03","06","13:00"," ","-9,30","","-13,70","","70,00","","33,00","","19,00","","4,80","","100,17","","","","-17,00","","Neige"
"2003-03-06 14:00","2003","03","06","14:00"," ","-9,30","","-14,90","","64,00","","34,00","","19,00","","6,40","","100,30","","","","-17,00","","Neige"
"2003-03-06 15:00","2003","03","06","15:00"," ","-10,50","","-16,50","","61,00","","31,00","","15,00","","25,00","","100,44","","","","-17,00","","Généralement dégagé"
"2003-03-06 16:00","2003","03","06","16:00"," ","-11,30","","-17,60","","60,00","","29,00","","17,00","","25,00","","100,50","","","","-19,00","","Généralement dégagé"
"2003-03-06 17:00","2003","03","06","17:00"," ","-12,30","","-18,80","","58,00","","29,00","","17,00","","25,00","","100,60","","","","-20,00","","Généralement dégagé"
"2003-03-06 18:00","2003","03","06","18:00"," ","-14,70","","-19,50","","67,00","","28,00","","11,00","","25,00","","100,66","","","","-21,00","","Généralement dégagé"
"2003-03-06 19:00","2003","03","06","19:00"," ","-15,00","","-19,50","","68,00","","29,00","","15,00","","25,00","","100,69","","","","-23,00","","Dégagé"
"2003-03-06 20:00","2003","03","06","20:00"," ","-15,80","","-20,60","","67,00","","28,00","","17,00","","25,00","","100,73","","","","-24,00","","Dégagé"
"2003-03-06 21:00","2003","03","06","21:00"," ","-14,90","","-22,00","","55,00","","29,00","","13,00","","25,00","","100,80","","","","-22,00","","Dégagé"
"2003-03-06 22:00","2003","03","06","22:00"," ","-15,20","","-20,80","","62,00","","29,00","","19,00","","25,00","","100,80","","","","-24,00","","Dégagé"
"2003-03-06 23:00","2003","03","06","23:00"," ","-17,30","","-22,00","","67,00","","28,00","","11,00","","25,00","","100,87","","","","-24,00","","Dégagé"
"2003-03-07 00:00","2003","03","07","00:00"," ","-16,50","","-22,00","","62,00","","28,00","","15,00","","25,00","","100,89","","","","-25,00","","Dégagé"
"2003-03-07 01:00","2003","03","07","01:00"," ","-16,50","","-21,50","","65,00","","28,00","","13,00","","25,00","","100,93","","","","-24,00","","Dégagé"
"2003-03-07 02:00","2003","03","07","02:00"," ","-16,60","","-21,60","","65,00","","28,00","","17,00","","25,00","","100,94","","","","-25,00","","Dégagé"
"2003-03-07 03:00","2003","03","07","03:00"," ","-16,10","","-20,80","","67,00","","29,00","","13,00","","25,00","","101,03","","","","-24,00","","Dégagé"
"2003-03-07 04:00","2003","03","07","04:00"," ","-17,10","","-21,10","","71,00","","27,00","","11,00","","25,00","","101,16","","","","-24,00","","Dégagé"
"2003-03-07 05:00","2003","03","07","05:00"," ","-15,60","","-22,40","","56,00","","29,00","","17,00","","25,00","","101,23","","","","-24,00","","Généralement dégagé"
"2003-03-07 06:00","2003","03","07","06:00"," ","-16,00","","-22,20","","59,00","","31,00","","19,00","","25,00","","101,34","","","","-25,00","","Averses de neige"
"2003-03-07 07:00","2003","03","07","07:00"," ","-15,70","","-22,70","","55,00","","31,00","","15,00","","25,00","","101,42","","","","-24,00","","Généralement dégagé"
"2003-03-07 08:00","2003","03","07","08:00"," ","-14,80","","-22,50","","52,00","","31,00","","15,00","","25,00","","101,43","","","","-23,00","","Généralement dégagé"
"2003-03-07 09:00","2003","03","07","09:00"," ","-14,10","","-22,40","","49,00","","31,00","","19,00","","25,00","","101,46","","","","-23,00","","Généralement dégagé"
"2003-03-07 10:00","2003","03","07","10:00"," ","-13,60","","-22,30","","48,00","","32,00","","13,00","","25,00","","101,47","","","","-21,00","","Généralement dégagé"
"2003-03-07 11:00","2003","03","07","11:00"," ","-12,70","","-22,60","","43,00","","31,00","","19,00","","25,00","","101,42","","","","-21,00","","Généralement dégagé"
"2003-03-07 12:00","2003","03","07","12:00"," ","-11,90","","-21,40","","45,00","","27,00","","20,00","","25,00","","101,32","","","","-20,00","","Généralement dégagé"
"2003-03-07 13:00","2003","03","07","13:00"," ","-9,70","","-22,60","","34,00","","29,00","","15,00","","25,00","","101,25","","","","-16,00","","Généralement dégagé"
"2003-03-07 14:00","2003","03","07","14:00"," ","-8,70","","-21,40","","35,00","","30,00","","7,00","","25,00","","101,23","","","","-13,00","","Généralement dégagé"
"2003-03-07 15:00","2003","03","07","15:00"," ","-8,30","","-21,70","","33,00","","27,00","","19,00","","25,00","","101,20","","","","-16,00","","Généralement dégagé"
"2003-03-07 16:00","2003","03","07","16:00"," ","-9,10","","-20,70","","38,00","","27,00","","22,00","","25,00","","101,20","","","","-17,00","","Généralement dégagé"
"2003-03-07 17:00","2003","03","07","17:00"," ","-11,30","","-21,80","","42,00","","27,00","","17,00","","25,00","","101,23","","","","-19,00","","Généralement dégagé"
"2003-03-07 18:00","2003","03","07","18:00"," ","-11,30","","-21,80","","42,00","","27,00","","13,00","","25,00","","101,22","","","","-18,00","","Généralement dégagé"
"2003-03-07 19:00","2003","03","07","19:00"," ","-13,70","","-21,20","","53,00","","33,00","","4,00","","25,00","","101,17","","","","-16,00","","Généralement dégagé"
"2003-03-07 20:00","2003","03","07","20:00"," ","-16,90","","-22,40","","62,00","","0,00","","0,00","","25,00","","101,16","","","","","","Généralement dégagé"
"2003-03-07 21:00","2003","03","07","21:00"," ","-16,20","","-21,40","","64,00","","1,00","","6,00","","25,00","","101,13","","","","-21,00","","Généralement dégagé"
"2003-03-07 22:00","2003","03","07","22:00"," ","-18,20","","-21,80","","73,00","","0,00","","0,00","","25,00","","101,08","","","","","","Généralement dégagé"
"2003-03-07 23:00","2003","03","07","23:00"," ","-18,10","","-22,60","","68,00","","0,00","","0,00","","25,00","","101,04","","","","","","Généralement dégagé"
"2003-03-08 00:00","2003","03","08","00:00"," ","-18,70","","-23,50","","66,00","","28,00","","4,00","","25,00","","100,99","","","","-22,00","","Généralement dégagé"
"2003-03-08 01:00","2003","03","08","01:00"," ","-17,00","","-21,10","","70,00","","0,00","","0,00","","25,00","","100,92","","","","","","Généralement dégagé"
"2003-03-08 02:00","2003","03","08","02:00"," ","-18,00","","-21,60","","73,00","","0,00","","0,00","","25,00","","100,85","","","","","","Généralement nuageux"
"2003-03-08 03:00","2003","03","08","03:00"," ","-15,40","","-19,60","","70,00","","0,00","","0,00","","25,00","","100,82","","","","","","Nuageux"
"2003-03-08 04:00","2003","03","08","04:00"," ","-16,60","","-20,10","","74,00","","0,00","","0,00","","25,00","","100,80","","","","","","Nuageux"
"2003-03-08 05:00","2003","03","08","05:00"," ","-16,50","","-19,50","","78,00","","0,00","","0,00","","25,00","","100,83","","","","","","Généralement nuageux"
"2003-03-08 06:00","2003","03","08","06:00"," ","-17,10","","-19,50","","82,00","","0,00","","0,00","","25,00","","100,85","","","","","","Généralement nuageux"
"2003-03-08 07:00","2003","03","08","07:00"," ","-15,90","","-19,60","","73,00","","22,00","","4,00","","25,00","","100,87","","","","-19,00","","Généralement dégagé"
"2003-03-08 08:00","2003","03","08","08:00"," ","-8,50","","-14,70","","61,00","","30,00","","11,00","","25,00","","100,89","","","","-14,00","","Généralement dégagé"
"2003-03-08 09:00","2003","03","08","09:00"," ","-6,10","","-13,30","","57,00","","27,00","","9,00","","25,00","","100,84","","","","-10,00","","Dégagé"
"2003-03-08 10:00","2003","03","08","10:00"," ","-4,30","","-12,50","","53,00","","27,00","","11,00","","25,00","","100,83","","","","-9,00","","Généralement dégagé"
"2003-03-08 11:00","2003","03","08","11:00"," ","-2,90","","-12,10","","49,00","","26,00","","17,00","","25,00","","100,81","","","","-8,00","","Généralement dégagé"
"2003-03-08 12:00","2003","03","08","12:00"," ","-1,80","","-11,10","","49,00","","25,00","","7,00","","25,00","","100,69","","","","-4,00","","Généralement dégagé"
"2003-03-08 13:00","2003","03","08","13:00"," ","-3,80","","-10,10","","62,00","","10,00","","19,00","","25,00","","100,69","","","","-10,00","","Généralement dégagé"
"2003-03-08 14:00","2003","03","08","14:00"," ","-4,40","","-8,70","","72,00","","9,00","","22,00","","25,00","","100,77","","","","-11,00","","Généralement dégagé"
"2003-03-08 15:00","2003","03","08","15:00"," ","-4,80","","-8,50","","75,00","","9,00","","17,00","","25,00","","100,77","","","","-11,00","","Généralement nuageux"
"2003-03-08 16:00","2003","03","08","16:00"," ","-4,90","","-8,80","","74,00","","11,00","","17,00","","25,00","","100,69","","","","-11,00","","Nuageux"
"2003-03-08 17:00","2003","03","08","17:00"," ","-6,40","","-9,40","","79,00","","11,00","","13,00","","25,00","","100,69","","","","-12,00","","Nuageux"
"2003-03-08 18:00","2003","03","08","18:00"," ","-8,60","","-10,20","","88,00","","4,00","","4,00","","25,00","","100,73","","","","-11,00","","Généralement dégagé"
"2003-03-08 19:00","2003","03","08","19:00"," ","-9,10","","-10,50","","90,00","","2,00","","4,00","","25,00","","100,64","","","","-11,00","","Généralement nuageux"
"2003-03-08 20:00","2003","03","08","20:00"," ","-9,00","","-10,60","","88,00","","0,00","","0,00","","25,00","","100,57","","","","","","Généralement nuageux"
"2003-03-08 21:00","2003","03","08","21:00"," ","-9,80","","-11,20","","89,00","","26,00","","4,00","","25,00","","100,57","","","","-12,00","","Nuageux"
"2003-03-08 22:00","2003","03","08","22:00"," ","-9,70","","-11,10","","89,00","","0,00","","0,00","","25,00","","100,46","","","","","","Nuageux"
"2003-03-08 23:00","2003","03","08","23:00"," ","-9,40","","-10,90","","89,00","","0,00","","0,00","","25,00","","100,35","","","","","","Nuageux"
"2003-03-09 00:00","2003","03","09","00:00"," ","-9,20","","-10,80","","88,00","","28,00","","6,00","","25,00","","100,21","","","","-13,00","","Nuageux"
"2003-03-09 01:00","2003","03","09","01:00"," ","-7,80","","-9,40","","88,00","","0,00","","0,00","","25,00","","100,16","","","","","","Nuageux"
"2003-03-09 02:00","2003","03","09","02:00"," ","-7,40","","-8,50","","92,00","","0,00","","0,00","","4,80","","100,01","","","","","","Neige"
"2003-03-09 03:00","2003","03","09","03:00"," ","-3,90","","-5,00","","92,00","","8,00","","13,00","","1,60","","99,77","","","","-9,00","","Neige"
"2003-03-09 04:00","2003","03","09","04:00"," ","-3,30","","-4,80","","89,00","","0,00","","0,00","","1,60","","99,61","","","","","","Neige"
"2003-03-09 05:00","2003","03","09","05:00"," ","-2,60","","-4,30","","88,00","","10,00","","6,00","","1,60","","99,41","","","","-5,00","","Neige"
"2003-03-09 06:00","2003","03","09","06:00"," ","-2,70","","-3,70","","93,00","","18,00","","7,00","","1,60","","99,27","","","","-6,00","","Neige"
"2003-03-09 07:00","2003","03","09","07:00"," ","-1,90","","-4,30","","84,00","","18,00","","15,00","","8,00","","99,17","","","","-7,00","","Neige"
"2003-03-09 08:00","2003","03","09","08:00"," ","-1,80","","-4,80","","80,00","","11,00","","4,00","","25,00","","99,02","","","","-3,00","","Neige"
"2003-03-09 09:00","2003","03","09","09:00"," ","-1,40","","-4,10","","82,00","","0,00","","0,00","","19,30","","98,88","","","","","","Neige"
"2003-03-09 10:00","2003","03","09","10:00"," ","-0,60","","-3,20","","83,00","","8,00","","4,00","","25,00","","98,77","","","","-2,00","","Neige"
"2003-03-09 11:00","2003","03","09","11:00"," ","-0,50","","-2,60","","86,00","","9,00","","7,00","","25,00","","98,65","","","","-3,00","","Nuageux"
"2003-03-09 12:00","2003","03","09","12:00"," ","0,20","","-1,80","","86,00","","9,00","","4,00","","25,00","","98,56","","","","","","Averses de neige"
"2003-03-09 13:00","2003","03","09","13:00"," ","1,10","","-1,40","","83,00","","12,00","","4,00","","12,90","","98,45","","","","","","Nuageux"
"2003-03-09 14:00","2003","03","09","14:00"," ","0,40","","-0,50","","94,00","","0,00","","0,00","","2,00","","98,43","","","","","","Averses de neige"
"2003-03-09 15:00","2003","03","09","15:00"," ","-0,10","","-1,00","","94,00","","35,00","","7,00","","1,20","","98,46","","","","-3,00","","Averses de neige"
"2003-03-09 16:00","2003","03","09","16:00"," ","-1,80","","-2,60","","94,00","","34,00","","9,00","","0,60","","98,51","","","","-5,00","","Neige modérée"
"2003-03-09 17:00","2003","03","09","17:00"," ","-2,10","","-3,30","","91,00","","29,00","","17,00","","1,00","","98,57","","","","-7,00","","Neige"
"2003-03-09 18:00","2003","03","09","18:00"," ","-4,20","","-7,10","","80,00","","29,00","","28,00","","3,20","","98,71","","","","-12,00","","Neige"
"2003-03-09 19:00","2003","03","09","19:00"," ","-6,60","","-10,60","","73,00","","27,00","","24,00","","25,00","","98,79","","","","-14,00","","Généralement nuageux"
"2003-03-09 20:00","2003","03","09","20:00"," ","-9,70","","-14,20","","70,00","","28,00","","26,00","","25,00","","98,93","","","","-19,00","","Généralement dégagé"
"2003-03-09 21:00","2003","03","09","21:00"," ","-11,20","","-16,10","","67,00","","29,00","","15,00","","25,00","","99,03","","","","-18,00","","Généralement dégagé"
"2003-03-09 22:00","2003","03","09","22:00"," ","-11,80","","-16,30","","69,00","","28,00","","19,00","","25,00","","99,13","","","","-20,00","","Généralement nuageux"
"2003-03-09 23:00","2003","03","09","23:00"," ","-13,20","","-18,60","","64,00","","29,00","","20,00","","25,00","","99,15","","","","-22,00","","Généralement dégagé"
"2003-03-10 00:00","2003","03","10","00:00"," ","-14,50","","-19,60","","65,00","","28,00","","15,00","","25,00","","99,25","","","","-22,00","","Généralement dégagé"
"2003-03-10 01:00","2003","03","10","01:00"," ","-14,70","","-20,40","","62,00","","28,00","","22,00","","25,00","","99,36","","","","-24,00","","Dégagé"
"2003-03-10 02:00","2003","03","10","02:00"," ","-16,30","","-21,40","","65,00","","28,00","","11,00","","25,00","","99,46","","","","-23,00","","Dégagé"
"2003-03-10 03:00","2003","03","10","03:00"," ","-16,20","","-23,30","","54,00","","28,00","","17,00","","25,00","","99,51","","","","-25,00","","Dégagé"
"2003-03-10 04:00","2003","03","10","04:00"," ","-18,90","","-24,60","","61,00","","24,00","","9,00","","25,00","","99,62","","","","-25,00","","Dégagé"
"2003-03-10 05:00","2003","03","10","05:00"," ","-18,30","","-24,10","","60,00","","28,00","","15,00","","25,00","","99,71","","","","-27,00","","Dégagé"
"2003-03-10 06:00","2003","03","10","06:00"," ","-18,50","","-25,30","","55,00","","27,00","","17,00","","25,00","","99,77","","","","-28,00","","Dégagé"
"2003-03-10 07:00","2003","03","10","07:00"," ","-17,00","","-24,40","","53,00","","27,00","","13,00","","25,00","","99,83","","","","-25,00","","Généralement nuageux"
"2003-03-10 08:00","2003","03","10","08:00"," ","-15,90","","-24,00","","50,00","","27,00","","19,00","","25,00","","99,90","","","","-25,00","","Nuageux"
"2003-03-10 09:00","2003","03","10","09:00"," ","-15,10","","-24,20","","46,00","","28,00","","28,00","","25,00","","99,93","","","","-26,00","","Généralement nuageux"
"2003-03-10 10:00","2003","03","10","10:00"," ","-14,50","","-23,80","","45,00","","28,00","","24,00","","25,00","","99,98","","","","-24,00","","Nuageux"
"2003-03-10 11:00","2003","03","10","11:00"," ","-13,60","","-24,60","","39,00","","31,00","","24,00","","25,00","","100,00","","","","-23,00","","Généralement nuageux"
"2003-03-10 12:00","2003","03","10","12:00"," ","-13,40","","-24,80","","38,00","","28,00","","17,00","","25,00","","100,04","","","","-21,00","","Nuageux"
"2003-03-10 13:00","2003","03","10","13:00"," ","-13,50","","-25,50","","36,00","","32,00","","22,00","","25,00","","100,06","","","","-23,00","","Généralement nuageux"
"2003-03-10 14:00","2003","03","10","14:00"," ","-13,60","","-25,50","","36,00","","27,00","","17,00","","25,00","","100,07","","","","-22,00","","Généralement nuageux"
"2003-03-10 15:00","2003","03","10","15:00"," ","-12,90","","-25,20","","35,00","","27,00","","19,00","","25,00","","100,06","","","","-21,00","","Généralement dégagé"
"2003-03-10 16:00","2003","03","10","16:00"," ","-13,10","","-24,50","","38,00","","26,00","","13,00","","25,00","","100,08","","","","-20,00","","Généralement dégagé"
"2003-03-10 17:00","2003","03","10","17:00"," ","-14,10","","-25,00","","39,00","","28,00","","13,00","","25,00","","100,15","","","","-21,00","","Généralement dégagé"
"2003-03-10 18:00","2003","03","10","18:00"," ","-19,50","","-25,10","","61,00","","0,00","","0,00","","25,00","","100,21","","","","","","Généralement dégagé"
"2003-03-10 19:00","2003","03","10","19:00"," ","-17,10","","-24,50","","53,00","","24,00","","4,00","","25,00","","100,23","","","","-20,00","","Généralement dégagé"
"2003-03-10 20:00","2003","03","10","20:00"," ","-20,00","","-24,70","","66,00","","33,00","","7,00","","25,00","","100,24","","","","-26,00","","Généralement dégagé"
"2003-03-10 21:00","2003","03","10","21:00"," ","-16,50","","-23,70","","54,00","","25,00","","13,00","","25,00","","100,25","","","","-24,00","","Dégagé"
"2003-03-10 22:00","2003","03","10","22:00"," ","-15,20","","-21,50","","59,00","","29,00","","15,00","","25,00","","100,30","","","","-23,00","","Dégagé"
"2003-03-10 23:00","2003","03","10","23:00"," ","-16,40","","-22,40","","60,00","","31,00","","11,00","","25,00","","100,38","","","","-23,00","","Généralement dégagé"
"2003-03-11 00:00","2003","03","11","00:00"," ","-17,90","","-22,70","","66,00","","28,00","","6,00","","25,00","","100,44","","","","-23,00","","Dégagé"
"2003-03-11 01:00","2003","03","11","01:00"," ","-18,80","","-23,70","","65,00","","27,00","","6,00","","25,00","","100,48","","","","-24,00","","Dégagé"
"2003-03-11 02:00","2003","03","11","02:00"," ","-17,90","","-24,10","","58,00","","29,00","","9,00","","25,00","","100,48","","","","-24,00","","Dégagé"
"2003-03-11 03:00","2003","03","11","03:00"," ","-16,80","","-23,90","","54,00","","29,00","","15,00","","25,00","","100,48","","","","-25,00","","Dégagé"
"2003-03-11 04:00","2003","03","11","04:00"," ","-16,70","","-23,60","","55,00","","27,00","","17,00","","25,00","","100,56","","","","-26,00","","Dégagé"
"2003-03-11 05:00","2003","03","11","05:00"," ","-16,80","","-23,60","","56,00","","31,00","","15,00","","25,00","","100,60","","","","-25,00","","Généralement dégagé"
"2003-03-11 06:00","2003","03","11","06:00"," ","-16,30","","-23,20","","55,00","","30,00","","15,00","","25,00","","100,64","","","","-25,00","","Généralement nuageux"
"2003-03-11 07:00","2003","03","11","07:00"," ","-15,40","","-22,40","","55,00","","27,00","","28,00","","25,00","","100,65","","","","-26,00","","Généralement nuageux"
"2003-03-11 08:00","2003","03","11","08:00"," ","-14,20","","-21,10","","56,00","","26,00","","28,00","","25,00","","100,67","","","","-25,00","","Généralement nuageux"
"2003-03-11 09:00","2003","03","11","09:00"," ","-12,20","","-19,50","","55,00","","23,00","","26,00","","25,00","","100,67","","","","-22,00","","Généralement nuageux"
"2003-03-11 10:00","2003","03","11","10:00"," ","-10,30","","-19,20","","48,00","","27,00","","20,00","","25,00","","100,61","","","","-18,00","","Généralement nuageux"
"2003-03-11 11:00","2003","03","11","11:00"," ","-8,70","","-18,10","","47,00","","24,00","","28,00","","25,00","","100,51","","","","-18,00","","Généralement dégagé"
"2003-03-11 12:00","2003","03","11","12:00"," ","-8,00","","-16,60","","50,00","","25,00","","35,00","","25,00","","100,43","","","","-18,00","","Généralement dégagé"
"2003-03-11 13:00","2003","03","11","13:00"," ","-7,80","","-16,00","","52,00","","25,00","","35,00","","25,00","","100,39","","","","-17,00","","Généralement nuageux"
"2003-03-11 14:00","2003","03","11","14:00"," ","-7,60","","-15,90","","51,00","","23,00","","33,00","","25,00","","100,39","","","","-17,00","","Nuageux"
"2003-03-11 15:00","2003","03","11","15:00"," ","-7,10","","-15,80","","50,00","","24,00","","24,00","","25,00","","100,37","","","","-15,00","","Généralement nuageux"
"2003-03-11 16:00","2003","03","11","16:00"," ","-7,20","","-16,50","","47,00","","23,00","","22,00","","25,00","","100,39","","","","-15,00","","Généralement nuageux"
"2003-03-11 17:00","2003","03","11","17:00"," ","-7,30","","-16,40","","48,00","","25,00","","24,00","","25,00","","100,42","","","","-15,00","","Généralement nuageux"
"2003-03-11 18:00","2003","03","11","18:00"," ","-9,10","","-16,90","","53,00","","26,00","","11,00","","25,00","","100,49","","","","-15,00","","Généralement dégagé"
"2003-03-11 19:00","2003","03","11","19:00"," ","-11,30","","-17,50","","60,00","","0,00","","0,00","","25,00","","100,54","","","","","","Généralement dégagé"
"2003-03-11 20:00","2003","03","11","20:00"," ","-9,20","","-16,40","","56,00","","22,00","","6,00","","25,00","","100,56","","","","-13,00","","Généralement nuageux"
"2003-03-11 21:00","2003","03","11","21:00"," ","-9,60","","-17,10","","54,00","","29,00","","6,00","","25,00","","100,59","","","","-13,00","","Généralement dégagé"
"2003-03-11 22:00","2003","03","11","22:00"," ","-7,20","","-14,90","","54,00","","25,00","","15,00","","25,00","","100,62","","","","-13,00","","Nuageux"
"2003-03-11 23:00","2003","03","11","23:00"," ","-7,30","","-14,90","","55,00","","26,00","","11,00","","25,00","","100,67","","","","-12,00","","Généralement nuageux"
"2003-03-12 00:00","2003","03","12","00:00"," ","-8,90","","-15,40","","59,00","","27,00","","13,00","","25,00","","100,64","","","","-15,00","","Dégagé"
"2003-03-12 01:00","2003","03","12","01:00"," ","-8,20","","-15,30","","57,00","","27,00","","19,00","","25,00","","100,62","","","","-15,00","","Généralement nuageux"
"2003-03-12 02:00","2003","03","12","02:00"," ","-8,30","","-14,80","","59,00","","27,00","","9,00","","25,00","","100,64","","","","-13,00","","Nuageux"
"2003-03-12 03:00","2003","03","12","03:00"," ","-7,60","","-13,90","","61,00","","28,00","","13,00","","25,00","","100,60","","","","-13,00","","Nuageux"
"2003-03-12 04:00","2003","03","12","04:00"," ","-9,40","","-13,90","","70,00","","8,00","","4,00","","25,00","","100,48","","","","-12,00","","Nuageux"
"2003-03-12 05:00","2003","03","12","05:00"," ","-8,70","","-12,70","","73,00","","19,00","","4,00","","16,10","","100,44","","","","-11,00","","Averses de neige"
"2003-03-12 06:00","2003","03","12","06:00"," ","-8,90","","-11,40","","82,00","","2,00","","6,00","","1,20","","100,41","","","","-12,00","","Averses de neige"
"2003-03-12 07:00","2003","03","12","07:00"," ","-8,50","","-11,00","","82,00","","1,00","","7,00","","6,40","","100,35","","","","-12,00","","Neige"
"2003-03-12 08:00","2003","03","12","08:00"," ","-7,40","","-10,10","","81,00","","36,00","","7,00","","9,70","","100,25","","","","-11,00","","Neige"
"2003-03-12 09:00","2003","03","12","09:00"," ","-4,20","","-9,20","","68,00","","0,00","","0,00","","25,00","","100,12","","","","","","Généralement nuageux"
"2003-03-12 10:00","2003","03","12","10:00"," ","-3,20","","-8,70","","66,00","","26,00","","22,00","","25,00","","100,05","","","","-10,00","","Généralement nuageux"
"2003-03-12 11:00","2003","03","12","11:00"," ","-2,40","","-8,20","","64,00","","26,00","","30,00","","25,00","","100,02","","","","-10,00","","Nuageux"
"2003-03-12 12:00","2003","03","12","12:00"," ","-2,30","","-9,60","","57,00","","27,00","","24,00","","25,00","","100,00","","","","-9,00","","Nuageux"
"2003-03-12 13:00","2003","03","12","13:00"," ","-1,00","","-8,90","","55,00","","25,00","","28,00","","25,00","","100,01","","","","-8,00","","Généralement nuageux"
"2003-03-12 14:00","2003","03","12","14:00"," ","-0,30","","-8,60","","53,00","","25,00","","17,00","","25,00","","100,03","","","","-5,00","","Généralement nuageux"
"2003-03-12 15:00","2003","03","12","15:00"," ","-0,40","","-10,10","","48,00","","27,00","","15,00","","25,00","","100,04","","","","-5,00","","Nuageux"
"2003-03-12 16:00","2003","03","12","16:00"," ","-0,90","","-9,30","","53,00","","23,00","","13,00","","25,00","","100,08","","","","-5,00","","Nuageux"
"2003-03-12 17:00","2003","03","12","17:00"," ","-2,70","","-8,50","","64,00","","3,00","","7,00","","25,00","","100,17","","","","-6,00","","Nuageux"
"2003-03-12 18:00","2003","03","12","18:00"," ","-4,30","","-7,70","","77,00","","0,00","","0,00","","25,00","","100,30","","","","","","Généralement nuageux"
"2003-03-12 19:00","2003","03","12","19:00"," ","-6,40","","-8,40","","86,00","","0,00","","0,00","","25,00","","100,36","","","","","","Généralement dégagé"
"2003-03-12 20:00","2003","03","12","20:00"," ","-9,50","","-10,20","","95,00","","28,00","","6,00","","25,00","","100,38","","","","-13,00","","Généralement dégagé"
"2003-03-12 21:00","2003","03","12","21:00"," ","-9,70","","-12,20","","82,00","","28,00","","9,00","","25,00","","100,37","","","","-15,00","","Généralement dégagé"
"2003-03-12 22:00","2003","03","12","22:00"," ","-9,90","","-11,20","","90,00","","0,00","","0,00","","25,00","","100,41","","","","","","Généralement dégagé"
"2003-03-12 23:00","2003","03","12","23:00"," ","-12,30","","-13,90","","88,00","","28,00","","6,00","","25,00","","100,42","","","","-16,00","","Généralement dégagé"
"2003-03-13 00:00","2003","03","13","00:00"," ","-12,90","","-13,90","","92,00","","26,00","","13,00","","25,00","","100,47","","","","-20,00","","Généralement nuageux"
"2003-03-13 01:00","2003","03","13","01:00"," ","-10,10","","-12,20","","85,00","","30,00","","11,00","","25,00","","100,50","","","","-16,00","","Généralement nuageux"
"2003-03-13 02:00","2003","03","13","02:00"," ","-9,00","","-11,40","","83,00","","29,00","","15,00","","25,00","","100,54","","","","-16,00","","Nuageux"
"2003-03-13 03:00","2003","03","13","03:00"," ","-9,30","","-10,70","","90,00","","26,00","","13,00","","4,80","","100,66","","","","-15,00","","Averses de neige"
"2003-03-13 04:00","2003","03","13","04:00"," ","-8,40","","-11,10","","81,00","","30,00","","17,00","","25,00","","100,82","","","","-15,00","","Averses de neige"
"2003-03-13 05:00","2003","03","13","05:00"," ","-9,70","","-13,70","","73,00","","31,00","","17,00","","16,10","","100,99","","","","-17,00","","Averses de neige"
"2003-03-13 06:00","2003","03","13","06:00"," ","-10,70","","-15,30","","69,00","","31,00","","20,00","","16,10","","101,11","","","","-19,00","","Neige"
"2003-03-13 07:00","2003","03","13","07:00"," ","-10,80","","-16,60","","62,00","","29,00","","19,00","","24,10","","101,18","","","","-19,00","","Généralement dégagé"
"2003-03-13 08:00","2003","03","13","08:00"," ","-10,60","","-17,40","","57,00","","30,00","","22,00","","25,00","","101,25","","","","-19,00","","Généralement dégagé"
"2003-03-13 09:00","2003","03","13","09:00"," ","-10,50","","-18,10","","54,00","","32,00","","19,00","","25,00","","101,35","","","","-18,00","","Généralement dégagé"
"2003-03-13 10:00","2003","03","13","10:00"," ","-10,20","","-19,40","","47,00","","31,00","","20,00","","25,00","","101,36","","","","-18,00","","Généralement dégagé"
"2003-03-13 11:00","2003","03","13","11:00"," ","-9,40","","-20,70","","39,00","","28,00","","22,00","","25,00","","101,37","","","","-17,00","","Généralement dégagé"
"2003-03-13 12:00","2003","03","13","12:00"," ","-8,30","","-19,60","","40,00","","31,00","","17,00","","25,00","","101,32","","","","-15,00","","Généralement dégagé"
"2003-03-13 13:00","2003","03","13","13:00"," ","-7,50","","-19,30","","38,00","","28,00","","15,00","","25,00","","101,27","","","","-14,00","","Généralement dégagé"
"2003-03-13 14:00","2003","03","13","14:00"," ","-7,10","","-19,10","","38,00","","32,00","","13,00","","25,00","","101,20","","","","-13,00","","Généralement dégagé"
"2003-03-13 15:00","2003","03","13","15:00"," ","-6,70","","-19,50","","35,00","","32,00","","19,00","","25,00","","101,19","","","","-14,00","","Généralement nuageux"
"2003-03-13 16:00","2003","03","13","16:00"," ","-6,90","","-20,10","","34,00","","31,00","","11,00","","25,00","","101,17","","","","-12,00","","Généralement nuageux"
"2003-03-13 17:00","2003","03","13","17:00"," ","-8,10","","-18,30","","44,00","","35,00","","4,00","","25,00","","101,18","","","","-10,00","","Généralement nuageux"
"2003-03-13 18:00","2003","03","13","18:00"," ","-10,40","","-16,90","","59,00","","5,00","","7,00","","25,00","","101,26","","","","-14,00","","Généralement nuageux"
"2003-03-13 19:00","2003","03","13","19:00"," ","-11,30","","-18,10","","57,00","","36,00","","13,00","","25,00","","101,30","","","","-18,00","","Généralement nuageux"
"2003-03-13 20:00","2003","03","13","20:00"," ","-13,60","","-18,90","","64,00","","25,00","","7,00","","25,00","","101,32","","","","-18,00","","Généralement nuageux"
"2003-03-13 21:00","2003","03","13","21:00"," ","-14,40","","-19,50","","65,00","","26,00","","7,00","","25,00","","101,31","","","","-19,00","","Nuageux"
"2003-03-13 22:00","2003","03","13","22:00"," ","-12,20","","-20,00","","52,00","","26,00","","7,00","","25,00","","101,24","","","","-17,00","","Nuageux"
"2003-03-13 23:00","2003","03","13","23:00"," ","-14,50","","-19,90","","63,00","","27,00","","9,00","","25,00","","101,18","","","","-20,00","","Nuageux"
"2003-03-14 00:00","2003","03","14","00:00"," ","-12,30","","-20,50","","50,00","","28,00","","11,00","","25,00","","101,12","","","","-18,00","","Nuageux"
"2003-03-14 01:00","2003","03","14","01:00"," ","-12,40","","-20,40","","51,00","","29,00","","13,00","","25,00","","101,07","","","","-19,00","","Nuageux"
"2003-03-14 02:00","2003","03","14","02:00"," ","-12,00","","-18,80","","57,00","","27,00","","15,00","","25,00","","101,02","","","","-19,00","","Nuageux"
"2003-03-14 03:00","2003","03","14","03:00"," ","-12,30","","-17,10","","67,00","","28,00","","13,00","","25,00","","101,00","","","","-19,00","","Nuageux"
"2003-03-14 04:00","2003","03","14","04:00"," ","-12,60","","-16,10","","75,00","","28,00","","9,00","","4,80","","101,04","","","","-18,00","","Neige"
"2003-03-14 05:00","2003","03","14","05:00"," ","-13,00","","-16,00","","78,00","","28,00","","9,00","","4,80","","101,09","","","","-18,00","","Neige"
"2003-03-14 06:00","2003","03","14","06:00"," ","-12,70","","-16,80","","71,00","","35,00","","7,00","","25,00","","101,17","","","","-17,00","","Neige"
"2003-03-14 07:00","2003","03","14","07:00"," ","-13,00","","-17,50","","69,00","","1,00","","15,00","","16,10","","101,24","","","","-20,00","","Neige"
"2003-03-14 08:00","2003","03","14","08:00"," ","-13,00","","-19,00","","61,00","","36,00","","13,00","","6,40","","101,19","","","","-20,00","","Neige"
"2003-03-14 09:00","2003","03","14","09:00"," ","-12,60","","-18,70","","60,00","","3,00","","15,00","","8,00","","101,28","","","","-20,00","","Averses de neige"
"2003-03-14 10:00","2003","03","14","10:00"," ","-12,30","","-17,70","","64,00","","35,00","","13,00","","6,40","","101,21","","","","-19,00","","Averses de neige"
"2003-03-14 11:00","2003","03","14","11:00"," ","-12,80","","-16,90","","71,00","","32,00","","22,00","","0,80","","101,19","","","","-22,00","","Averses de neige modérées"
"2003-03-14 12:00","2003","03","14","12:00"," ","-12,70","","-21,20","","49,00","","32,00","","22,00","","25,00","","101,16","","","","-22,00","","Nuageux"
"2003-03-14 13:00","2003","03","14","13:00"," ","-12,80","","-21,90","","46,00","","31,00","","24,00","","25,00","","101,14","","","","-22,00","","Généralement nuageux"
"2003-03-14 14:00","2003","03","14","14:00"," ","-13,10","","-22,20","","46,00","","30,00","","24,00","","25,00","","101,14","","","","-23,00","","Généralement dégagé"
"2003-03-14 15:00","2003","03","14","15:00"," ","-13,60","","-22,40","","47,00","","31,00","","22,00","","25,00","","101,17","","","","-23,00","","Généralement dégagé"
"2003-03-14 16:00","2003","03","14","16:00"," ","-13,50","","-22,90","","45,00","","31,00","","19,00","","25,00","","101,20","","","","-22,00","","Généralement dégagé"
"2003-03-14 17:00","2003","03","14","17:00"," ","-13,80","","-21,70","","51,00","","29,00","","13,00","","25,00","","101,19","","","","-21,00","","Généralement dégagé"
"2003-03-14 18:00","2003","03","14","18:00"," ","-14,70","","-22,10","","53,00","","27,00","","17,00","","25,00","","101,24","","","","-23,00","","Généralement dégagé"
"2003-03-14 19:00","2003","03","14","19:00"," ","-15,50","","-22,70","","54,00","","28,00","","19,00","","25,00","","101,24","","","","-25,00","","Généralement dégagé"
"2003-03-14 20:00","2003","03","14","20:00"," ","-14,60","","-19,40","","67,00","","27,00","","22,00","","25,00","","101,24","","","","-24,00","","Généralement dégagé"
"2003-03-14 21:00","2003","03","14","21:00"," ","-14,80","","-18,50","","73,00","","26,00","","17,00","","8,00","","101,27","","","","-23,00","","Averses de neige"
"2003-03-14 22:00","2003","03","14","22:00"," ","-13,40","","-20,60","","55,00","","30,00","","15,00","","25,00","","101,29","","","","-21,00","","Dégagé"
"2003-03-14 23:00","2003","03","14","23:00"," ","-13,40","","-21,60","","50,00","","30,00","","15,00","","25,00","","101,31","","","","-21,00","","Dégagé"
"2003-03-15 00:00","2003","03","15","00:00"," ","-13,90","","-20,30","","58,00","","31,00","","13,00","","12,90","","101,33","","","","-21,00","","Généralement dégagé"
"2003-03-15 01:00","2003","03","15","01:00"," ","-14,90","","-18,70","","73,00","","28,00","","9,00","","25,00","","101,37","","","","-21,00","","Averses de neige"
"2003-03-15 02:00","2003","03","15","02:00"," ","-15,20","","-20,80","","62,00","","28,00","","11,00","","25,00","","101,39","","","","-22,00","","Généralement dégagé"
"2003-03-15 03:00","2003","03","15","03:00"," ","-16,30","","-21,80","","62,00","","29,00","","11,00","","25,00","","101,40","","","","-23,00","","Généralement dégagé"
"2003-03-15 04:00","2003","03","15","04:00"," ","-17,20","","-23,50","","58,00","","27,00","","11,00","","25,00","","101,44","","","","-24,00","","Généralement dégagé"
"2003-03-15 05:00","2003","03","15","05:00"," ","-17,70","","-22,90","","64,00","","28,00","","11,00","","25,00","","101,47","","","","-25,00","","Généralement dégagé"
"2003-03-15 06:00","2003","03","15","06:00"," ","-17,50","","-21,80","","69,00","","28,00","","9,00","","25,00","","101,48","","","","-24,00","","Généralement dégagé"
"2003-03-15 07:00","2003","03","15","07:00"," ","-19,30","","-24,10","","66,00","","26,00","","13,00","","25,00","","101,50","","","","-28,00","","Généralement dégagé"
"2003-03-15 08:00","2003","03","15","08:00"," ","-14,00","","-21,40","","54,00","","30,00","","17,00","","25,00","","101,49","","","","-22,00","","Généralement dégagé"
"2003-03-15 09:00","2003","03","15","09:00"," ","-12,70","","-23,50","","40,00","","32,00","","20,00","","16,10","","101,46","","","","-21,00","","Généralement dégagé"
"2003-03-15 10:00","2003","03","15","10:00"," ","-11,90","","-22,60","","41,00","","29,00","","30,00","","25,00","","101,40","","","","-22,00","","Généralement nuageux"
"2003-03-15 11:00","2003","03","15","11:00"," ","-11,90","","-22,60","","41,00","","30,00","","30,00","","25,00","","101,37","","","","-22,00","","Généralement nuageux"
"2003-03-15 12:00","2003","03","15","12:00"," ","-10,80","","-21,40","","41,00","","29,00","","24,00","","25,00","","101,29","","","","-20,00","","Généralement nuageux"
"2003-03-15 13:00","2003","03","15","13:00"," ","-10,10","","-22,40","","36,00","","29,00","","24,00","","25,00","","101,18","","","","-19,00","","Généralement dégagé"
"2003-03-15 14:00","2003","03","15","14:00"," ","-9,40","","-22,50","","34,00","","31,00","","28,00","","25,00","","101,14","","","","-18,00","","Généralement dégagé"
"2003-03-15 15:00","2003","03","15","15:00"," ","-9,50","","-21,20","","38,00","","32,00","","24,00","","25,00","","101,16","","","","-18,00","","Généralement dégagé"
"2003-03-15 16:00","2003","03","15","16:00"," ","-10,10","","-21,00","","40,00","","32,00","","20,00","","25,00","","101,17","","","","-18,00","","Généralement dégagé"
"2003-03-15 17:00","2003","03","15","17:00"," ","-10,70","","-20,90","","43,00","","29,00","","13,00","","25,00","","101,23","","","","-17,00","","Généralement dégagé"
"2003-03-15 18:00","2003","03","15","18:00"," ","-12,10","","-22,20","","43,00","","30,00","","9,00","","25,00","","101,27","","","","-17,00","","Généralement dégagé"
"2003-03-15 19:00","2003","03","15","19:00"," ","-14,30","","-23,30","","46,00","","25,00","","11,00","","25,00","","101,32","","","","-21,00","","Dégagé"
"2003-03-15 20:00","2003","03","15","20:00"," ","-15,90","","-24,30","","48,00","","26,00","","13,00","","25,00","","101,39","","","","-23,00","","Dégagé"
"2003-03-15 21:00","2003","03","15","21:00"," ","-14,90","","-23,50","","48,00","","29,00","","13,00","","25,00","","101,43","","","","-22,00","","Dégagé"
"2003-03-15 22:00","2003","03","15","22:00"," ","-16,70","","-24,20","","52,00","","33,00","","11,00","","25,00","","101,47","","","","-24,00","","Dégagé"
"2003-03-15 23:00","2003","03","15","23:00"," ","-15,60","","-23,60","","50,00","","28,00","","17,00","","25,00","","101,47","","","","-24,00","","Dégagé"
"2003-03-16 00:00","2003","03","16","00:00"," ","-14,80","","-22,10","","54,00","","30,00","","7,00","","25,00","","101,52","","","","-20,00","","Généralement dégagé"
"2003-03-16 01:00","2003","03","16","01:00"," ","-17,30","","-23,50","","58,00","","32,00","","9,00","","25,00","","101,57","","","","-24,00","","Généralement dégagé"
"2003-03-16 02:00","2003","03","16","02:00"," ","-22,30","","-26,10","","71,00","","27,00","","7,00","","25,00","","101,62","","","","-28,00","","Généralement dégagé"
"2003-03-16 03:00","2003","03","16","03:00"," ","-21,60","","-26,10","","67,00","","28,00","","7,00","","25,00","","101,68","","","","-28,00","","Dégagé"
"2003-03-16 04:00","2003","03","16","04:00"," ","-24,60","","-28,30","","71,00","","29,00","","6,00","","25,00","","101,74","","","","-30,00","","Dégagé"
"2003-03-16 05:00","2003","03","16","05:00"," ","-25,10","","-29,10","","69,00","","27,00","","4,00","","25,00","","101,79","","","","-29,00","","Généralement dégagé"
"2003-03-16 06:00","2003","03","16","06:00"," ","-24,50","","-28,70","","68,00","","0,00","","0,00","","25,00","","101,85","","","","","","Dégagé"
"2003-03-16 07:00","2003","03","16","07:00"," ","-22,20","","-26,20","","70,00","","18,00","","4,00","","25,00","","101,89","","","","-26,00","","Généralement dégagé"
"2003-03-16 08:00","2003","03","16","08:00"," ","-16,10","","-23,40","","53,00","","26,00","","17,00","","25,00","","101,88","","","","-25,00","","Généralement dégagé"
"2003-03-16 09:00","2003","03","16","09:00"," ","-13,60","","-23,10","","45,00","","31,00","","11,00","","25,00","","101,90","","","","-20,00","","Généralement dégagé"
"2003-03-16 10:00","2003","03","16","10:00"," ","-11,60","","-22,30","","41,00","","30,00","","7,00","","25,00","","101,84","","","","-16,00","","Généralement dégagé"
"2003-03-16 11:00","2003","03","16","11:00"," ","-9,70","","-21,10","","39,00","","0,00","","0,00","","25,00","","101,79","","","","","","Dégagé"
"2003-03-16 12:00","2003","03","16","12:00"," ","-8,70","","-20,20","","39,00","","15,00","","4,00","","25,00","","101,72","","","","-11,00","","Dégagé"
"2003-03-16 13:00","2003","03","16","13:00"," ","-9,20","","-17,10","","53,00","","9,00","","24,00","","25,00","","101,67","","","","-18,00","","Généralement dégagé"
"2003-03-16 14:00","2003","03","16","14:00"," ","-9,20","","-15,90","","58,00","","9,00","","22,00","","25,00","","101,61","","","","-17,00","","Généralement dégagé"
"2003-03-16 15:00","2003","03","16","15:00"," ","-10,10","","-16,00","","62,00","","9,00","","28,00","","25,00","","101,61","","","","-19,00","","Généralement dégagé"
"2003-03-16 16:00","2003","03","16","16:00"," ","-10,90","","-16,80","","62,00","","9,00","","24,00","","25,00","","101,62","","","","-20,00","","Généralement dégagé"
"2003-03-16 17:00","2003","03","16","17:00"," ","-11,20","","-17,50","","60,00","","9,00","","20,00","","25,00","","101,59","","","","-19,00","","Généralement nuageux"
"2003-03-16 18:00","2003","03","16","18:00"," ","-11,00","","-17,20","","60,00","","10,00","","11,00","","25,00","","101,62","","","","-17,00","","Généralement nuageux"
"2003-03-16 19:00","2003","03","16","19:00"," ","-10,80","","-16,80","","61,00","","9,00","","7,00","","25,00","","101,64","","","","-15,00","","Nuageux"
"2003-03-16 20:00","2003","03","16","20:00"," ","-11,40","","-13,90","","82,00","","6,00","","9,00","","4,80","","101,57","","","","-17,00","","Neige"
"2003-03-16 21:00","2003","03","16","21:00"," ","-11,40","","-13,00","","88,00","","8,00","","9,00","","3,20","","101,45","","","","-17,00","","Neige"
"2003-03-16 22:00","2003","03","16","22:00"," ","-11,20","","-12,60","","89,00","","5,00","","4,00","","0,80","","101,49","","","","-14,00","","Neige modérée"
"2003-03-16 23:00","2003","03","16","23:00"," ","-11,20","","-12,80","","88,00","","2,00","","4,00","","1,00","","101,44","","","","-14,00","","Neige"
"2003-03-17 00:00","2003","03","17","00:00"," ","-11,40","","-13,00","","88,00","","24,00","","4,00","","1,20","","101,39","","","","-14,00","","Neige"
"2003-03-17 01:00","2003","03","17","01:00"," ","-11,40","","-13,10","","87,00","","4,00","","4,00","","4,80","","101,34","","","","-14,00","","Neige"
"2003-03-17 02:00","2003","03","17","02:00"," ","-10,50","","-12,50","","85,00","","9,00","","11,00","","6,40","","101,29","","","","-16,00","","Neige"
"2003-03-17 03:00","2003","03","17","03:00"," ","-10,60","","-12,30","","87,00","","9,00","","9,00","","4,80","","101,27","","","","-16,00","","Neige"
"2003-03-17 04:00","2003","03","17","04:00"," ","-10,40","","-12,30","","86,00","","10,00","","9,00","","4,80","","101,25","","","","-15,00","","Neige"
"2003-03-17 05:00","2003","03","17","05:00"," ","-10,50","","-12,20","","87,00","","10,00","","7,00","","4,80","","101,30","","","","-15,00","","Neige"
"2003-03-17 06:00","2003","03","17","06:00"," ","-10,40","","-12,10","","87,00","","9,00","","7,00","","19,30","","101,36","","","","-14,00","","Nuageux"
"2003-03-17 07:00","2003","03","17","07:00"," ","-10,00","","-12,10","","85,00","","10,00","","9,00","","9,70","","101,35","","","","-15,00","","Neige"
"2003-03-17 08:00","2003","03","17","08:00"," ","-9,30","","-12,00","","81,00","","10,00","","13,00","","19,30","","101,37","","","","-15,00","","Neige"
"2003-03-17 09:00","2003","03","17","09:00"," ","-8,70","","-10,60","","86,00","","9,00","","17,00","","9,70","","101,35","","","","-16,00","","Neige"
"2003-03-17 10:00","2003","03","17","10:00"," ","-8,40","","-10,50","","85,00","","9,00","","19,00","","4,80","","101,35","","","","-16,00","","Neige"
"2003-03-17 11:00","2003","03","17","11:00"," ","-8,00","","-10,10","","85,00","","8,00","","19,00","","9,70","","101,32","","","","-15,00","","Neige"
"2003-03-17 12:00","2003","03","17","12:00"," ","-8,00","","-10,10","","85,00","","8,00","","20,00","","12,90","","101,25","","","","-15,00","","Neige"
"2003-03-17 13:00","2003","03","17","13:00"," ","-7,80","","-9,90","","85,00","","9,00","","19,00","","4,80","","101,19","","","","-15,00","","Neige"
"2003-03-17 14:00","2003","03","17","14:00"," ","-7,80","","-9,50","","88,00","","9,00","","15,00","","4,80","","101,14","","","","-14,00","","Neige"
"2003-03-17 15:00","2003","03","17","15:00"," ","-7,80","","-9,90","","85,00","","10,00","","11,00","","6,40","","101,10","","","","-13,00","","Neige"
"2003-03-17 16:00","2003","03","17","16:00"," ","-7,90","","-9,40","","89,00","","10,00","","7,00","","1,00","","101,08","","","","-12,00","","Neige"
"2003-03-17 17:00","2003","03","17","17:00"," ","-7,90","","-9,40","","89,00","","9,00","","7,00","","1,00","","101,07","","","","-12,00","","Neige"
"2003-03-17 18:00","2003","03","17","18:00"," ","-8,10","","-9,50","","90,00","","9,00","","7,00","","1,00","","101,05","","","","-12,00","","Neige"
"2003-03-17 19:00","2003","03","17","19:00"," ","-7,90","","-9,90","","86,00","","8,00","","9,00","","6,40","","101,03","","","","-12,00","","Neige"
"2003-03-17 20:00","2003","03","17","20:00"," ","-8,20","","-9,90","","88,00","","11,00","","4,00","","4,80","","100,98","","","","-10,00","","Neige"
"2003-03-17 21:00","2003","03","17","21:00"," ","-8,30","","-9,90","","88,00","","4,00","","6,00","","4,80","","100,96","","","","-12,00","","Neige"
"2003-03-17 22:00","2003","03","17","22:00"," ","-8,40","","-9,70","","90,00","","34,00","","4,00","","6,40","","100,89","","","","-11,00","","Neige"
"2003-03-17 23:00","2003","03","17","23:00"," ","-8,60","","-10,00","","90,00","","0,00","","0,00","","4,80","","100,81","","","","","","Neige"
"2003-03-18 00:00","2003","03","18","00:00"," ","-8,60","","-9,80","","91,00","","27,00","","4,00","","16,10","","100,74","","","","-11,00","","Neige"
"2003-03-18 01:00","2003","03","18","01:00"," ","-8,70","","-10,00","","90,00","","0,00","","0,00","","19,30","","100,62","","","","","","Neige"
"2003-03-18 02:00","2003","03","18","02:00"," ","-8,90","","-10,20","","90,00","","25,00","","6,00","","16,10","","100,54","","","","-12,00","","Neige"
"2003-03-18 03:00","2003","03","18","03:00"," ","-8,80","","-10,10","","90,00","","28,00","","4,00","","16,10","","100,45","","","","-11,00","","Neige"
"2003-03-18 04:00","2003","03","18","04:00"," ","-8,60","","-10,10","","89,00","","0,00","","0,00","","16,10","","100,38","","","","","","Neige"
"2003-03-18 05:00","2003","03","18","05:00"," ","-8,90","","-10,10","","91,00","","0,00","","0,00","","4,80","","100,34","","","","","","Neige"
"2003-03-18 06:00","2003","03","18","06:00"," ","-8,10","","-9,90","","87,00","","29,00","","7,00","","19,30","","100,32","","","","-12,00","","Neige"
"2003-03-18 07:00","2003","03","18","07:00"," ","-5,70","","-8,20","","82,00","","31,00","","15,00","","16,10","","100,33","","","","-11,00","","Neige"
"2003-03-18 08:00","2003","03","18","08:00"," ","-5,60","","-8,80","","78,00","","35,00","","9,00","","16,10","","100,40","","","","-10,00","","Neige"
"2003-03-18 09:00","2003","03","18","09:00"," ","-5,30","","-9,00","","75,00","","35,00","","15,00","","16,10","","100,41","","","","-11,00","","Averses de neige"
"2003-03-18 10:00","2003","03","18","10:00"," ","-4,80","","-9,30","","71,00","","36,00","","22,00","","16,10","","100,40","","","","-12,00","","Averses de neige"
"2003-03-18 11:00","2003","03","18","11:00"," ","-5,00","","-9,30","","72,00","","36,00","","13,00","","16,10","","100,41","","","","-10,00","","Averses de neige"
"2003-03-18 12:00","2003","03","18","12:00"," ","-5,00","","-9,70","","70,00","","33,00","","20,00","","19,30","","100,40","","","","-12,00","","Averses de neige"
"2003-03-18 13:00","2003","03","18","13:00"," ","-5,00","","-10,50","","65,00","","34,00","","24,00","","16,10","","100,44","","","","-12,00","","Averses de neige"
"2003-03-18 14:00","2003","03","18","14:00"," ","-5,40","","-9,80","","71,00","","32,00","","19,00","","6,40","","100,52","","","","-12,00","","Averses de neige"
"2003-03-18 15:00","2003","03","18","15:00"," ","-5,70","","-11,80","","62,00","","33,00","","22,00","","9,70","","100,63","","","","-13,00","","Averses de neige"
"2003-03-18 16:00","2003","03","18","16:00"," ","-6,30","","-14,30","","53,00","","32,00","","32,00","","25,00","","100,71","","","","-15,00","","Averses de neige"
"2003-03-18 17:00","2003","03","18","17:00"," ","-7,40","","-16,20","","49,00","","32,00","","24,00","","25,00","","100,81","","","","-15,00","","Généralement dégagé"
"2003-03-18 18:00","2003","03","18","18:00"," ","-7,60","","-16,00","","51,00","","31,00","","22,00","","25,00","","100,94","","","","-15,00","","Généralement nuageux"
"2003-03-18 19:00","2003","03","18","19:00"," ","-7,90","","-16,10","","52,00","","34,00","","24,00","","25,00","","101,06","","","","-16,00","","Nuageux"
"2003-03-18 20:00","2003","03","18","20:00"," ","-8,90","","-16,00","","56,00","","33,00","","22,00","","25,00","","101,18","","","","-17,00","","Généralement nuageux"
"2003-03-18 21:00","2003","03","18","21:00"," ","-9,60","","-15,90","","60,00","","34,00","","35,00","","25,00","","101,30","","","","-20,00","","Généralement dégagé"
"2003-03-18 22:00","2003","03","18","22:00"," ","-10,20","","-16,80","","58,00","","34,00","","19,00","","25,00","","101,40","","","","-18,00","","Généralement dégagé"
"2003-03-18 23:00","2003","03","18","23:00"," ","-11,00","","-17,50","","59,00","","33,00","","20,00","","25,00","","101,46","","","","-19,00","","Nuageux"
"2003-03-19 00:00","2003","03","19","00:00"," ","-11,70","","-17,90","","60,00","","32,00","","19,00","","25,00","","101,53","","","","-20,00","","Généralement dégagé"
"2003-03-19 01:00","2003","03","19","01:00"," ","-11,30","","-16,40","","66,00","","32,00","","20,00","","25,00","","101,60","","","","-20,00","","Nuageux"
"2003-03-19 02:00","2003","03","19","02:00"," ","-12,00","","-17,20","","65,00","","30,00","","13,00","","25,00","","101,64","","","","-19,00","","Généralement dégagé"
"2003-03-19 03:00","2003","03","19","03:00"," ","-12,10","","-17,20","","66,00","","31,00","","19,00","","25,00","","101,69","","","","-20,00","","Généralement dégagé"
"2003-03-19 04:00","2003","03","19","04:00"," ","-12,30","","-16,90","","69,00","","31,00","","19,00","","25,00","","101,79","","","","-21,00","","Généralement dégagé"
"2003-03-19 05:00","2003","03","19","05:00"," ","-12,60","","-17,10","","69,00","","29,00","","17,00","","25,00","","101,90","","","","-20,00","","Généralement dégagé"
"2003-03-19 06:00","2003","03","19","06:00"," ","-12,40","","-17,30","","67,00","","31,00","","9,00","","25,00","","102,01","","","","-18,00","","Généralement dégagé"
"2003-03-19 07:00","2003","03","19","07:00"," ","-10,90","","-16,40","","64,00","","30,00","","11,00","","25,00","","102,12","","","","-17,00","","Généralement dégagé"
"2003-03-19 08:00","2003","03","19","08:00"," ","-9,30","","-16,10","","58,00","","29,00","","15,00","","25,00","","102,20","","","","-16,00","","Généralement dégagé"
"2003-03-19 09:00","2003","03","19","09:00"," ","-7,70","","-15,10","","55,00","","33,00","","26,00","","25,00","","102,21","","","","-16,00","","Dégagé"
"2003-03-19 10:00","2003","03","19","10:00"," ","-6,10","","-14,80","","50,00","","33,00","","15,00","","25,00","","102,20","","","","-12,00","","Généralement dégagé"
"2003-03-19 11:00","2003","03","19","11:00"," ","-4,30","","-13,60","","48,00","","31,00","","17,00","","25,00","","102,16","","","","-10,00","","Généralement dégagé"
"2003-03-19 12:00","2003","03","19","12:00"," ","-3,90","","-13,80","","46,00","","30,00","","22,00","","25,00","","102,14","","","","-10,00","","Généralement dégagé"
"2003-03-19 13:00","2003","03","19","13:00"," ","-3,20","","-14,60","","41,00","","30,00","","20,00","","25,00","","102,11","","","","-9,00","","Généralement dégagé"
"2003-03-19 14:00","2003","03","19","14:00"," ","-2,40","","-15,80","","35,00","","32,00","","13,00","","25,00","","102,08","","","","-7,00","","Généralement dégagé"
"2003-03-19 15:00","2003","03","19","15:00"," ","-1,90","","-15,80","","34,00","","33,00","","13,00","","25,00","","102,06","","","","-6,00","","Généralement dégagé"
"2003-03-19 16:00","2003","03","19","16:00"," ","-2,30","","-17,00","","31,00","","34,00","","13,00","","25,00","","102,05","","","","-7,00","","Généralement dégagé"
"2003-03-19 17:00","2003","03","19","17:00"," ","-3,40","","-17,90","","32,00","","35,00","","9,00","","25,00","","102,05","","","","-7,00","","Généralement nuageux"
"2003-03-19 18:00","2003","03","19","18:00"," ","-5,40","","-16,20","","42,00","","9,00","","7,00","","25,00","","102,04","","","","-9,00","","Nuageux"
"2003-03-19 19:00","2003","03","19","19:00"," ","-7,00","","-12,10","","67,00","","10,00","","4,00","","25,00","","102,05","","","","-9,00","","Dégagé"
"2003-03-19 20:00","2003","03","19","20:00"," ","-9,50","","-13,40","","73,00","","0,00","","0,00","","25,00","","102,03","","","","","","Généralement nuageux"
"2003-03-19 21:00","2003","03","19","21:00"," ","-11,60","","-15,00","","76,00","","0,00","","0,00","","25,00","","102,02","","","","","","Généralement dégagé"
"2003-03-19 22:00","2003","03","19","22:00"," ","-12,30","","-14,80","","82,00","","0,00","","0,00","","25,00","","101,97","","","","","","Généralement nuageux"
"2003-03-19 23:00","2003","03","19","23:00"," ","-12,00","","-15,30","","76,00","","27,00","","6,00","","25,00","","101,91","","","","-16,00","","Généralement nuageux"
"2003-03-20 00:00","2003","03","20","00:00"," ","-9,80","","-14,90","","66,00","","0,00","","0,00","","25,00","","101,88","","","","","","Nuageux"
"2003-03-20 01:00","2003","03","20","01:00"," ","-9,70","","-15,60","","62,00","","34,00","","6,00","","25,00","","101,82","","","","-13,00","","Généralement dégagé"
"2003-03-20 02:00","2003","03","20","02:00"," ","-12,10","","-16,80","","68,00","","0,00","","0,00","","25,00","","101,77","","","","","","Généralement dégagé"
"2003-03-20 03:00","2003","03","20","03:00"," ","-14,70","","-17,90","","77,00","","0,00","","0,00","","25,00","","101,74","","","","","","Généralement dégagé"
"2003-03-20 04:00","2003","03","20","04:00"," ","-17,00","","-19,70","","80,00","","0,00","","0,00","","25,00","","101,75","","","","","","Généralement dégagé"
"2003-03-20 05:00","2003","03","20","05:00"," ","-15,90","","-21,80","","60,00","","11,00","","4,00","","25,00","","101,72","","","","-19,00","","Dégagé"
"2003-03-20 06:00","2003","03","20","06:00"," ","-16,10","","-21,10","","65,00","","0,00","","0,00","","25,00","","101,71","","","","","","Généralement dégagé"
"2003-03-20 07:00","2003","03","20","07:00"," ","-10,50","","-19,50","","48,00","","0,00","","0,00","","25,00","","101,70","","","","","","Dégagé"
"2003-03-20 08:00","2003","03","20","08:00"," ","-6,10","","-17,20","","41,00","","11,00","","6,00","","25,00","","101,65","","","","-9,00","","Généralement dégagé"
"2003-03-20 09:00","2003","03","20","09:00"," ","-4,10","","-13,90","","46,00","","9,00","","11,00","","25,00","","101,57","","","","-9,00","","Généralement dégagé"
"2003-03-20 10:00","2003","03","20","10:00"," ","-2,30","","-12,60","","45,00","","9,00","","15,00","","25,00","","101,49","","","","-7,00","","Dégagé"
"2003-03-20 11:00","2003","03","20","11:00"," ","0,80","","-11,60","","39,00","","9,00","","13,00","","25,00","","101,40","","","","","","Dégagé"
"2003-03-20 12:00","2003","03","20","12:00"," ","0,80","","-10,30","","43,00","","9,00","","22,00","","25,00","","101,34","","","","","","Dégagé"
"2003-03-20 13:00","2003","03","20","13:00"," ","0,90","","-8,50","","49,00","","9,00","","20,00","","25,00","","101,30","","","","","","Dégagé"
"2003-03-20 14:00","2003","03","20","14:00"," ","0,40","","-9,50","","47,00","","9,00","","22,00","","25,00","","101,29","","","","","","Dégagé"
"2003-03-20 15:00","2003","03","20","15:00"," ","0,60","","-9,00","","49,00","","9,00","","17,00","","25,00","","101,25","","","","","","Dégagé"
"2003-03-20 16:00","2003","03","20","16:00"," ","0,70","","-10,00","","45,00","","9,00","","15,00","","25,00","","101,25","","","","","","Dégagé"
"2003-03-20 17:00","2003","03","20","17:00"," ","-0,40","","-10,70","","46,00","","9,00","","11,00","","25,00","","101,26","","","","-4,00","","Dégagé"
"2003-03-20 18:00","2003","03","20","18:00"," ","-2,70","","-9,70","","59,00","","6,00","","6,00","","25,00","","101,27","","","","-5,00","","Généralement dégagé"
"2003-03-20 19:00","2003","03","20","19:00"," ","-4,90","","-10,40","","65,00","","26,00","","4,00","","25,00","","101,28","","","","-7,00","","Dégagé"
"2003-03-20 20:00","2003","03","20","20:00"," ","-8,60","","-12,20","","75,00","","26,00","","6,00","","25,00","","101,27","","","","-12,00","","Dégagé"
"2003-03-20 21:00","2003","03","20","21:00"," ","-7,20","","-10,30","","78,00","","36,00","","4,00","","25,00","","101,25","","","","-9,00","","Dégagé"
"2003-03-20 22:00","2003","03","20","22:00"," ","-8,30","","-10,50","","84,00","","0,00","","0,00","","25,00","","101,25","","","","","","Nuageux"
"2003-03-20 23:00","2003","03","20","23:00"," ","-8,30","","-11,10","","80,00","","4,00","","4,00","","25,00","","101,25","","","","-10,00","","Nuageux"
"2003-03-21 00:00","2003","03","21","00:00"," ","-8,60","","-10,70","","85,00","","33,00","","4,00","","25,00","","101,26","","","","-11,00","","Généralement nuageux"
"2003-03-21 01:00","2003","03","21","01:00"," ","-10,70","","-13,40","","80,00","","23,00","","7,00","","25,00","","101,26","","","","-15,00","","Généralement nuageux"
"2003-03-21 02:00","2003","03","21","02:00"," ","-9,60","","-11,70","","85,00","","28,00","","4,00","","25,00","","101,18","","","","-12,00","","Généralement nuageux"
"2003-03-21 03:00","2003","03","21","03:00"," ","-8,50","","-10,60","","85,00","","0,00","","0,00","","25,00","","101,18","","","","","","Généralement dégagé"
"2003-03-21 04:00","2003","03","21","04:00"," ","-6,50","","-9,10","","82,00","","27,00","","4,00","","25,00","","101,11","","","","-8,00","","Généralement nuageux"
"2003-03-21 05:00","2003","03","21","05:00"," ","-5,10","","-8,10","","79,00","","0,00","","0,00","","25,00","","101,03","","","","","","Nuageux"
"2003-03-21 06:00","2003","03","21","06:00"," ","-3,90","","-7,90","","74,00","","0,00","","0,00","","25,00","","101,01","","","","","","Nuageux"
"2003-03-21 07:00","2003","03","21","07:00"," ","-3,00","","-8,00","","68,00","","0,00","","0,00","","25,00","","100,94","","","","","","Nuageux"
"2003-03-21 08:00","2003","03","21","08:00"," ","-2,40","","-6,60","","73,00","","0,00","","0,00","","25,00","","100,87","","","","","","Nuageux"
"2003-03-21 09:00","2003","03","21","09:00"," ","-1,50","","-4,00","","83,00","","0,00","","0,00","","4,00","","100,83","","","","","","Neige"
"2003-03-21 10:00","2003","03","21","10:00"," ","-1,90","","-3,20","","91,00","","11,00","","7,00","","12,90","","100,74","","","","-5,00","","Pluie,Granules de glace ou grésil"
"2003-03-21 11:00","2003","03","21","11:00"," ","-0,70","","-1,90","","92,00","","0,00","","0,00","","12,90","","100,62","","","","","","Pluie"
"2003-03-21 12:00","2003","03","21","12:00"," ","-0,30","","-1,20","","94,00","","10,00","","6,00","","9,70","","100,52","","","","-2,00","","Pluie"
"2003-03-21 13:00","2003","03","21","13:00"," ","0,30","","-0,40","","95,00","","11,00","","7,00","","9,70","","100,34","","","","","","Pluie"
"2003-03-21 14:00","2003","03","21","14:00"," ","1,40","","0,80","","96,00","","9,00","","13,00","","4,80","","100,13","","","","","","Pluie"
"2003-03-21 15:00","2003","03","21","15:00"," ","0,80","","0,30","","96,00","","7,00","","11,00","","4,80","","100,01","","","","","","Pluie"
"2003-03-21 16:00","2003","03","21","16:00"," ","-0,10","","-0,70","","96,00","","9,00","","13,00","","0,60","","99,94","","","","-4,00","","Pluie,Brouillard verglaçant"
"2003-03-21 17:00","2003","03","21","17:00"," ","0,10","","-0,20","","98,00","","9,00","","6,00","","0,80","","99,87","","","","","","Pluie,Brouillard"
"2003-03-21 18:00","2003","03","21","18:00"," ","0,00","","-0,40","","97,00","","23,00","","4,00","","0,80","","99,80","","","","-1,00","","Pluie,Brouillard"
"2003-03-21 19:00","2003","03","21","19:00"," ","0,10","","-0,20","","98,00","","28,00","","7,00","","3,20","","99,69","","","","","","Brouillard"
"2003-03-21 20:00","2003","03","21","20:00"," ","0,40","","0,00","","97,00","","30,00","","7,00","","4,80","","99,66","","","","","","Brouillard"
"2003-03-21 21:00","2003","03","21","21:00"," ","1,00","","0,50","","96,00","","29,00","","4,00","","25,00","","99,69","","","","","","Nuageux"
"2003-03-21 22:00","2003","03","21","22:00"," ","0,80","","0,40","","97,00","","0,00","","0,00","","16,10","","99,70","","","","","","Généralement nuageux"
"2003-03-21 23:00","2003","03","21","23:00"," ","1,30","","0,50","","94,00","","30,00","","9,00","","25,00","","99,75","","","","","","Généralement nuageux"
"2003-03-22 00:00","2003","03","22","00:00"," ","1,00","","-0,20","","92,00","","32,00","","13,00","","25,00","","99,79","","","","","","Généralement nuageux"
"2003-03-22 01:00","2003","03","22","01:00"," ","0,50","","-0,60","","92,00","","28,00","","7,00","","25,00","","99,80","","","","","","Généralement nuageux"
"2003-03-22 02:00","2003","03","22","02:00"," ","0,40","","-0,50","","94,00","","30,00","","9,00","","25,00","","99,82","","","","","","Généralement nuageux"
"2003-03-22 03:00","2003","03","22","03:00"," ","0,60","","-1,30","","87,00","","33,00","","17,00","","25,00","","99,85","","","","","","Généralement nuageux"
"2003-03-22 04:00","2003","03","22","04:00"," ","0,30","","-1,40","","88,00","","33,00","","7,00","","25,00","","99,88","","","","","","Généralement nuageux"
"2003-03-22 05:00","2003","03","22","05:00"," ","0,30","","-1,60","","87,00","","31,00","","17,00","","25,00","","99,87","","","","","","Généralement nuageux"
"2003-03-22 06:00","2003","03","22","06:00"," ","0,20","","-1,00","","92,00","","26,00","","9,00","","25,00","","99,94","","","","","","Généralement nuageux"
"2003-03-22 07:00","2003","03","22","07:00"," ","0,80","","-1,00","","88,00","","29,00","","7,00","","25,00","","99,96","","","","","","Généralement dégagé"
"2003-03-22 08:00","2003","03","22","08:00"," ","2,30","","-0,50","","82,00","","27,00","","13,00","","25,00","","99,97","","","","","","Généralement dégagé"
"2003-03-22 09:00","2003","03","22","09:00"," ","3,10","","0,00","","80,00","","25,00","","13,00","","25,00","","99,99","","","","","","Généralement dégagé"
"2003-03-22 10:00","2003","03","22","10:00"," ","5,00","","0,40","","72,00","","27,00","","7,00","","25,00","","99,98","","","","","","Généralement dégagé"
"2003-03-22 11:00","2003","03","22","11:00"," ","7,30","","0,10","","60,00","","0,00","","0,00","","25,00","","99,96","","","","","","Généralement dégagé"
"2003-03-22 12:00","2003","03","22","12:00"," ","3,40","","-0,30","","77,00","","9,00","","17,00","","25,00","","99,93","","","","","","Généralement dégagé"
"2003-03-22 13:00","2003","03","22","13:00"," ","5,40","","-0,30","","67,00","","9,00","","19,00","","25,00","","99,93","","","","","","Dégagé"
"2003-03-22 14:00","2003","03","22","14:00"," ","3,70","","-0,90","","72,00","","6,00","","19,00","","25,00","","99,95","","","","","","Dégagé"
"2003-03-22 15:00","2003","03","22","15:00"," ","2,40","","-0,90","","79,00","","9,00","","11,00","","25,00","","99,98","","","","","","Dégagé"
"2003-03-22 16:00","2003","03","22","16:00"," ","1,80","","-1,20","","80,00","","8,00","","19,00","","25,00","","100,03","","","","","","Dégagé"
"2003-03-22 17:00","2003","03","22","17:00"," ","0,70","","-1,30","","86,00","","10,00","","7,00","","25,00","","100,13","","","","","","Dégagé"
"2003-03-22 18:00","2003","03","22","18:00"," ","-2,10","","-3,30","","91,00","","22,00","","4,00","","25,00","","100,22","","","","-4,00","","Généralement dégagé"
"2003-03-22 19:00","2003","03","22","19:00"," ","-2,80","","-3,90","","92,00","","0,00","","0,00","","25,00","","100,28","","","","","","Dégagé"
"2003-03-22 20:00","2003","03","22","20:00"," ","-3,50","","-4,40","","93,00","","0,00","","0,00","","25,00","","100,33","","","","","","Dégagé"
"2003-03-22 21:00","2003","03","22","21:00"," ","-3,90","","-5,30","","90,00","","0,00","","0,00","","25,00","","100,38","","","","","","Dégagé"
"2003-03-22 22:00","2003","03","22","22:00"," ","-4,70","","-6,10","","90,00","","0,00","","0,00","","25,00","","100,42","","","","","","Dégagé"
"2003-03-22 23:00","2003","03","22","23:00"," ","-5,20","","-6,30","","92,00","","0,00","","0,00","","25,00","","100,46","","","","","","Dégagé"
"2003-03-23 00:00","2003","03","23","00:00"," ","-6,50","","-7,30","","94,00","","27,00","","4,00","","25,00","","100,50","","","","-8,00","","Dégagé"
"2003-03-23 01:00","2003","03","23","01:00"," ","-7,40","","-8,20","","94,00","","25,00","","4,00","","25,00","","100,55","","","","-9,00","","Dégagé"
"2003-03-23 02:00","2003","03","23","02:00"," ","-7,50","","-9,00","","89,00","","25,00","","4,00","","25,00","","100,59","","","","-10,00","","Dégagé"
"2003-03-23 03:00","2003","03","23","03:00"," ","-8,60","","-9,00","","97,00","","27,00","","4,00","","25,00","","100,60","","","","-11,00","","Dégagé"
"2003-03-23 04:00","2003","03","23","04:00"," ","-9,10","","-10,60","","89,00","","27,00","","7,00","","25,00","","100,66","","","","-13,00","","Dégagé"
"2003-03-23 05:00","2003","03","23","05:00"," ","-9,40","","-10,40","","92,00","","26,00","","7,00","","25,00","","100,71","","","","-13,00","","Généralement dégagé"
"2003-03-23 06:00","2003","03","23","06:00"," ","-9,20","","-10,70","","89,00","","27,00","","7,00","","25,00","","100,79","","","","-13,00","","Généralement dégagé"
"2003-03-23 07:00","2003","03","23","07:00"," ","-7,70","","-9,00","","90,00","","25,00","","6,00","","25,00","","100,83","","","","-11,00","","Généralement dégagé"
"2003-03-23 08:00","2003","03","23","08:00"," ","-1,40","","-5,10","","76,00","","0,00","","0,00","","25,00","","100,85","","","","","","Généralement dégagé"
"2003-03-23 09:00","2003","03","23","09:00"," ","0,50","","-5,80","","63,00","","12,00","","4,00","","25,00","","100,86","","","","","","Généralement dégagé"
"2003-03-23 10:00","2003","03","23","10:00"," ","0,70","","-5,50","","63,00","","9,00","","15,00","","25,00","","100,87","","","","","","Généralement dégagé"
"2003-03-23 11:00","2003","03","23","11:00"," ","0,20","","-4,90","","69,00","","9,00","","15,00","","25,00","","100,86","","","","","","Généralement dégagé"
"2003-03-23 12:00","2003","03","23","12:00"," ","0,60","","-5,20","","65,00","","9,00","","17,00","","25,00","","100,86","","","","","","Généralement nuageux"
"2003-03-23 13:00","2003","03","23","13:00"," ","0,40","","-5,90","","63,00","","9,00","","15,00","","25,00","","100,84","","","","","","Généralement nuageux"
"2003-03-23 14:00","2003","03","23","14:00"," ","0,90","","-5,50","","62,00","","8,00","","15,00","","25,00","","100,82","","","","","","Généralement nuageux"
"2003-03-23 15:00","2003","03","23","15:00"," ","0,70","","-6,20","","60,00","","9,00","","15,00","","25,00","","100,83","","","","","","Généralement nuageux"
"2003-03-23 16:00","2003","03","23","16:00"," ","0,50","","-6,40","","60,00","","9,00","","13,00","","25,00","","100,90","","","","","","Généralement nuageux"
"2003-03-23 17:00","2003","03","23","17:00"," ","-0,60","","-7,10","","61,00","","8,00","","11,00","","25,00","","100,96","","","","-4,00","","Généralement nuageux"
"2003-03-23 18:00","2003","03","23","18:00"," ","-2,10","","-6,50","","72,00","","7,00","","13,00","","25,00","","101,01","","","","-7,00","","Généralement dégagé"
"2003-03-23 19:00","2003","03","23","19:00"," ","-2,90","","-6,40","","77,00","","7,00","","4,00","","25,00","","101,10","","","","-4,00","","Dégagé"
"2003-03-23 20:00","2003","03","23","20:00"," ","-5,30","","-6,90","","88,00","","0,00","","0,00","","25,00","","101,17","","","","","","Dégagé"
"2003-03-23 21:00","2003","03","23","21:00"," ","-7,30","","-9,20","","86,00","","0,00","","0,00","","25,00","","101,20","","","","","","Dégagé"
"2003-03-23 22:00","2003","03","23","22:00"," ","-7,60","","-9,40","","87,00","","0,00","","0,00","","25,00","","101,22","","","","","","Dégagé"
"2003-03-23 23:00","2003","03","23","23:00"," ","-10,20","","-11,50","","90,00","","27,00","","4,00","","25,00","","101,23","","","","-13,00","","Dégagé"
"2003-03-24 00:00","2003","03","24","00:00"," ","-10,30","","-11,90","","88,00","","27,00","","6,00","","25,00","","101,26","","","","-14,00","","Dégagé"
"2003-03-24 01:00","2003","03","24","01:00"," ","-11,10","","-11,80","","95,00","","27,00","","7,00","","25,00","","101,27","","","","-15,00","","Dégagé"
"2003-03-24 02:00","2003","03","24","02:00"," ","-10,80","","-12,40","","88,00","","21,00","","4,00","","25,00","","101,23","","","","-13,00","","Dégagé"
"2003-03-24 03:00","2003","03","24","03:00"," ","-11,70","","-14,30","","81,00","","0,00","","0,00","","25,00","","101,24","","","","","","Dégagé"
"2003-03-24 04:00","2003","03","24","04:00"," ","-12,20","","-13,80","","88,00","","0,00","","0,00","","25,00","","101,26","","","","","","Dégagé"
"2003-03-24 05:00","2003","03","24","05:00"," ","-12,60","","-14,30","","87,00","","0,00","","0,00","","25,00","","101,32","","","","","","Dégagé"
"2003-03-24 06:00","2003","03","24","06:00"," ","-12,00","","-13,70","","87,00","","26,00","","4,00","","25,00","","101,37","","","","-15,00","","Généralement dégagé"
"2003-03-24 07:00","2003","03","24","07:00"," ","-10,10","","-12,10","","85,00","","26,00","","4,00","","25,00","","101,38","","","","-12,00","","Généralement dégagé"
"2003-03-24 08:00","2003","03","24","08:00"," ","-3,80","","-7,90","","73,00","","12,00","","4,00","","25,00","","101,38","","","","-5,00","","Généralement dégagé"
"2003-03-24 09:00","2003","03","24","09:00"," ","-2,50","","-6,10","","76,00","","10,00","","9,00","","25,00","","101,36","","","","-6,00","","Généralement dégagé"
"2003-03-24 10:00","2003","03","24","10:00"," ","-0,50","","-4,30","","75,00","","9,00","","11,00","","25,00","","101,31","","","","-4,00","","Généralement nuageux"
"2003-03-24 11:00","2003","03","24","11:00"," ","0,20","","-3,70","","75,00","","9,00","","19,00","","25,00","","101,23","","","","","","Généralement nuageux"
"2003-03-24 12:00","2003","03","24","12:00"," ","0,40","","-3,40","","76,00","","10,00","","17,00","","25,00","","101,20","","","","","","Généralement nuageux"
"2003-03-24 13:00","2003","03","24","13:00"," ","1,60","","-2,50","","74,00","","14,00","","7,00","","25,00","","101,14","","","","","","Généralement nuageux"
"2003-03-24 14:00","2003","03","24","14:00"," ","2,10","","-2,50","","72,00","","32,00","","4,00","","25,00","","101,11","","","","","","Généralement nuageux"
"2003-03-24 15:00","2003","03","24","15:00"," ","1,60","","-2,70","","73,00","","27,00","","4,00","","25,00","","101,16","","","","","","Nuageux"
"2003-03-24 16:00","2003","03","24","16:00"," ","1,90","","-2,80","","71,00","","9,00","","7,00","","25,00","","101,17","","","","","","Généralement nuageux"
"2003-03-24 17:00","2003","03","24","17:00"," ","0,80","","-2,70","","77,00","","11,00","","7,00","","25,00","","101,18","","","","","","Généralement nuageux"
"2003-03-24 18:00","2003","03","24","18:00"," ","-0,60","","-3,10","","83,00","","0,00","","0,00","","25,00","","101,24","","","","","","Généralement nuageux"
"2003-03-24 19:00","2003","03","24","19:00"," ","-2,20","","-3,90","","88,00","","23,00","","4,00","","25,00","","101,27","","","","-4,00","","Généralement dégagé"
"2003-03-24 20:00","2003","03","24","20:00"," ","-1,80","","-3,90","","86,00","","1,00","","7,00","","25,00","","101,30","","","","-4,00","","Généralement dégagé"
"2003-03-24 21:00","2003","03","24","21:00"," ","-3,00","","-4,60","","89,00","","8,00","","4,00","","25,00","","101,29","","","","-5,00","","Dégagé"
"2003-03-24 22:00","2003","03","24","22:00"," ","-4,50","","-5,70","","91,00","","0,00","","0,00","","25,00","","101,28","","","","","","Dégagé"
"2003-03-24 23:00","2003","03","24","23:00"," ","-5,30","","-6,70","","90,00","","25,00","","4,00","","25,00","","101,26","","","","-7,00","","Dégagé"
"2003-03-25 00:00","2003","03","25","00:00"," ","-6,30","","-6,90","","95,00","","27,00","","4,00","","25,00","","101,27","","","","-8,00","","Dégagé"
"2003-03-25 01:00","2003","03","25","01:00"," ","-6,50","","-7,50","","93,00","","0,00","","0,00","","25,00","","101,26","","","","","","Dégagé"
"2003-03-25 02:00","2003","03","25","02:00"," ","-6,80","","-8,00","","91,00","","0,00","","0,00","","25,00","","101,22","","","","","","Dégagé"
"2003-03-25 03:00","2003","03","25","03:00"," ","-7,40","","-8,40","","93,00","","0,00","","0,00","","25,00","","101,22","","","","","","Dégagé"
"2003-03-25 04:00","2003","03","25","04:00"," ","-8,20","","-9,20","","92,00","","0,00","","0,00","","25,00","","101,23","","","","","","Dégagé"
"2003-03-25 05:00","2003","03","25","05:00"," ","-7,30","","-9,20","","86,00","","0,00","","0,00","","25,00","","101,22","","","","","","Généralement dégagé"
"2003-03-25 06:00","2003","03","25","06:00"," ","-8,30","","-9,10","","94,00","","0,00","","0,00","","25,00","","101,17","","","","","","Généralement nuageux"
"2003-03-25 07:00","2003","03","25","07:00"," ","-4,70","","-5,60","","93,00","","0,00","","0,00","","25,00","","101,12","","","","","","Généralement nuageux"
"2003-03-25 08:00","2003","03","25","08:00"," ","-0,20","","-2,90","","82,00","","13,00","","6,00","","25,00","","101,02","","","","-2,00","","Nuageux"
"2003-03-25 09:00","2003","03","25","09:00"," ","5,50","","-0,30","","66,00","","0,00","","0,00","","25,00","","100,91","","","","","","Nuageux"
"2003-03-25 10:00","2003","03","25","10:00"," ","6,60","","-0,90","","59,00","","21,00","","19,00","","25,00","","100,83","","","","","","Nuageux"
"2003-03-25 11:00","2003","03","25","11:00"," ","5,90","","-1,20","","60,00","","19,00","","11,00","","25,00","","100,72","","","","","","Généralement nuageux"
"2003-03-25 12:00","2003","03","25","12:00"," ","3,50","","-0,90","","73,00","","19,00","","24,00","","25,00","","100,63","","","","","","Généralement nuageux"
"2003-03-25 13:00","2003","03","25","13:00"," ","3,30","","-0,90","","74,00","","22,00","","19,00","","25,00","","100,55","","","","","","Généralement nuageux"
"2003-03-25 14:00","2003","03","25","14:00"," ","3,70","","-0,80","","72,00","","21,00","","17,00","","16,10","","100,47","","","","","","Nuageux"
"2003-03-25 15:00","2003","03","25","15:00"," ","4,10","","-0,80","","70,00","","18,00","","17,00","","16,10","","100,36","","","","","","Pluie"
"2003-03-25 16:00","2003","03","25","16:00"," ","4,50","","-0,50","","70,00","","22,00","","20,00","","16,10","","100,32","","","","","","Averses de pluie"
"2003-03-25 17:00","2003","03","25","17:00"," ","4,70","","0,10","","72,00","","26,00","","19,00","","25,00","","100,28","","","","","","Nuageux"
"2003-03-25 18:00","2003","03","25","18:00"," ","4,10","","0,30","","76,00","","26,00","","20,00","","25,00","","100,27","","","","","","Nuageux"
"2003-03-25 19:00","2003","03","25","19:00"," ","4,20","","0,50","","77,00","","25,00","","19,00","","25,00","","100,32","","","","","","Nuageux"
"2003-03-25 20:00","2003","03","25","20:00"," ","4,60","","0,70","","76,00","","27,00","","11,00","","25,00","","100,31","","","","","","Nuageux"
"2003-03-25 21:00","2003","03","25","21:00"," ","3,30","","0,70","","83,00","","0,00","","0,00","","25,00","","100,29","","","","","","Nuageux"
"2003-03-25 22:00","2003","03","25","22:00"," ","4,80","","1,30","","78,00","","29,00","","11,00","","25,00","","100,30","","","","","","Nuageux"
"2003-03-25 23:00","2003","03","25","23:00"," ","4,00","","1,00","","81,00","","27,00","","17,00","","25,00","","100,31","","","","","","Nuageux"
"2003-03-26 00:00","2003","03","26","00:00"," ","3,70","","1,20","","84,00","","26,00","","9,00","","25,00","","100,34","","","","","","Nuageux"
"2003-03-26 01:00","2003","03","26","01:00"," ","3,70","","1,00","","82,00","","27,00","","13,00","","25,00","","100,34","","","","","","Généralement nuageux"
"2003-03-26 02:00","2003","03","26","02:00"," ","3,70","","1,20","","84,00","","26,00","","15,00","","25,00","","100,34","","","","","","Nuageux"
"2003-03-26 03:00","2003","03","26","03:00"," ","3,40","","1,10","","85,00","","25,00","","6,00","","25,00","","100,33","","","","","","Nuageux"
"2003-03-26 04:00","2003","03","26","04:00"," ","3,00","","0,90","","86,00","","30,00","","7,00","","25,00","","100,35","","","","","","Généralement nuageux"
"2003-03-26 05:00","2003","03","26","05:00"," ","3,70","","1,20","","84,00","","28,00","","9,00","","25,00","","100,36","","","","","","Nuageux"
"2003-03-26 06:00","2003","03","26","06:00"," ","3,80","","1,20","","83,00","","27,00","","13,00","","25,00","","100,45","","","","","","Nuageux"
"2003-03-26 07:00","2003","03","26","07:00"," ","4,00","","0,90","","80,00","","27,00","","13,00","","25,00","","100,49","","","","","","Généralement nuageux"
"2003-03-26 08:00","2003","03","26","08:00"," ","5,30","","1,40","","76,00","","27,00","","17,00","","25,00","","100,51","","","","","","Nuageux"
"2003-03-26 09:00","2003","03","26","09:00"," ","5,50","","1,50","","75,00","","26,00","","15,00","","25,00","","100,51","","","","","","Généralement nuageux"
"2003-03-26 10:00","2003","03","26","10:00"," ","6,70","","1,50","","69,00","","28,00","","19,00","","25,00","","100,50","","","","","","Nuageux"
"2003-03-26 11:00","2003","03","26","11:00"," ","5,40","","1,30","","75,00","","26,00","","11,00","","25,00","","100,52","","","","","","Nuageux"
"2003-03-26 12:00","2003","03","26","12:00"," ","6,90","","1,40","","68,00","","29,00","","7,00","","25,00","","100,51","","","","","","Nuageux"
"2003-03-26 13:00","2003","03","26","13:00"," ","6,00","","1,60","","73,00","","27,00","","6,00","","16,10","","100,53","","","","","","Pluie"
"2003-03-26 14:00","2003","03","26","14:00"," ","3,40","","1,80","","89,00","","8,00","","13,00","","4,80","","100,55","","","","","","Pluie"
"2003-03-26 15:00","2003","03","26","15:00"," ","2,30","","0,90","","90,00","","9,00","","17,00","","4,80","","100,61","","","","","","Pluie"
"2003-03-26 16:00","2003","03","26","16:00"," ","1,90","","0,70","","92,00","","8,00","","17,00","","4,80","","100,64","","","","","","Pluie"
"2003-03-26 17:00","2003","03","26","17:00"," ","1,60","","0,50","","92,00","","8,00","","13,00","","4,80","","100,69","","","","","","Pluie,Brouillard"
"2003-03-26 18:00","2003","03","26","18:00"," ","1,80","","0,80","","93,00","","9,00","","11,00","","25,00","","100,74","","","","","","Nuageux"
"2003-03-26 19:00","2003","03","26","19:00"," ","1,50","","0,20","","91,00","","9,00","","11,00","","25,00","","100,79","","","","","","Nuageux"
"2003-03-26 20:00","2003","03","26","20:00"," ","1,20","","0,20","","93,00","","5,00","","7,00","","25,00","","100,84","","","","","","Nuageux"
"2003-03-26 21:00","2003","03","26","21:00"," ","1,20","","-0,10","","91,00","","6,00","","4,00","","25,00","","100,86","","","","","","Nuageux"
"2003-03-26 22:00","2003","03","26","22:00"," ","1,00","","0,20","","94,00","","0,00","","0,00","","25,00","","100,89","","","","","","Nuageux"
"2003-03-26 23:00","2003","03","26","23:00"," ","0,80","","0,00","","94,00","","0,00","","0,00","","25,00","","100,87","","","","","","Nuageux"
"2003-03-27 00:00","2003","03","27","00:00"," ","0,60","","-0,10","","95,00","","0,00","","0,00","","25,00","","100,86","","","","","","Nuageux"
"2003-03-27 01:00","2003","03","27","01:00"," ","0,70","","0,00","","95,00","","0,00","","0,00","","25,00","","100,86","","","","","","Nuageux"
"2003-03-27 02:00","2003","03","27","02:00"," ","0,50","","-0,20","","95,00","","0,00","","0,00","","25,00","","100,81","","","","","","Pluie"
"2003-03-27 03:00","2003","03","27","03:00"," ","0,60","","0,00","","96,00","","0,00","","0,00","","25,00","","100,79","","","","","","Pluie"
"2003-03-27 04:00","2003","03","27","04:00"," ","0,30","","-0,20","","96,00","","0,00","","0,00","","25,00","","100,81","","","","","","Pluie"
"2003-03-27 05:00","2003","03","27","05:00"," ","0,20","","-0,20","","97,00","","0,00","","0,00","","12,90","","100,82","","","","","","Neige"
"2003-03-27 06:00","2003","03","27","06:00"," ","0,30","","-0,20","","96,00","","0,00","","0,00","","1,00","","100,85","","","","","","Neige"
"2003-03-27 07:00","2003","03","27","07:00"," ","0,20","","-0,40","","96,00","","26,00","","4,00","","1,20","","100,81","","","","","","Neige"
"2003-03-27 08:00","2003","03","27","08:00"," ","0,60","","0,00","","96,00","","27,00","","6,00","","1,20","","100,80","","","","","","Neige,Brouillard"
"2003-03-27 09:00","2003","03","27","09:00"," ","0,50","","-0,10","","96,00","","27,00","","7,00","","2,40","","100,78","","","","","","Neige,Brouillard"
"2003-03-27 10:00","2003","03","27","10:00"," ","0,70","","0,00","","95,00","","26,00","","9,00","","2,40","","100,76","","","","","","Pluie,Neige,Brouillard"
"2003-03-27 11:00","2003","03","27","11:00"," ","1,60","","0,70","","94,00","","27,00","","9,00","","4,80","","100,70","","","","","","Pluie,Brouillard"
"2003-03-27 12:00","2003","03","27","12:00"," ","2,60","","1,20","","90,00","","32,00","","7,00","","6,40","","100,67","","","","","","Pluie,Brouillard"
"2003-03-27 13:00","2003","03","27","13:00"," ","3,10","","1,20","","87,00","","35,00","","9,00","","25,00","","100,70","","","","","","Pluie"
"2003-03-27 14:00","2003","03","27","14:00"," ","3,50","","0,90","","83,00","","31,00","","7,00","","25,00","","100,71","","","","","","Généralement nuageux"
"2003-03-27 15:00","2003","03","27","15:00"," ","4,50","","-0,30","","71,00","","33,00","","11,00","","25,00","","100,70","","","","","","Généralement dégagé"
"2003-03-27 16:00","2003","03","27","16:00"," ","5,50","","-2,00","","58,00","","35,00","","13,00","","25,00","","100,76","","","","","","Généralement dégagé"
"2003-03-27 17:00","2003","03","27","17:00"," ","4,40","","-2,20","","62,00","","33,00","","11,00","","25,00","","100,81","","","","","","Généralement dégagé"
"2003-03-27 18:00","2003","03","27","18:00"," ","3,00","","-2,70","","66,00","","32,00","","11,00","","25,00","","100,90","","","","","","Généralement dégagé"
"2003-03-27 19:00","2003","03","27","19:00"," ","0,20","","-3,00","","79,00","","27,00","","7,00","","25,00","","100,99","","","","","","Dégagé"
"2003-03-27 20:00","2003","03","27","20:00"," ","1,10","","-3,20","","73,00","","29,00","","13,00","","25,00","","101,01","","","","","","Dégagé"
"2003-03-27 21:00","2003","03","27","21:00"," ","-1,20","","-3,90","","82,00","","26,00","","9,00","","25,00","","101,05","","","","-4,00","","Généralement dégagé"
"2003-03-27 22:00","2003","03","27","22:00"," ","0,50","","-4,20","","71,00","","30,00","","9,00","","25,00","","101,11","","","","","","Dégagé"
"2003-03-27 23:00","2003","03","27","23:00"," ","0,00","","-4,00","","74,00","","30,00","","6,00","","25,00","","101,15","","","","-2,00","","Dégagé"
"2003-03-28 00:00","2003","03","28","00:00"," ","-2,10","","-4,00","","87,00","","0,00","","0,00","","25,00","","101,20","","","","","","Généralement dégagé"
"2003-03-28 01:00","2003","03","28","01:00"," ","0,40","","-3,80","","73,00","","28,00","","11,00","","25,00","","101,25","","","","","","Généralement dégagé"
"2003-03-28 02:00","2003","03","28","02:00"," ","-0,50","","-3,50","","80,00","","31,00","","7,00","","25,00","","101,29","","","","-3,00","","Dégagé"
"2003-03-28 03:00","2003","03","28","03:00"," ","-1,80","","-3,90","","86,00","","31,00","","6,00","","25,00","","101,38","","","","-4,00","","Dégagé"
"2003-03-28 04:00","2003","03","28","04:00"," ","1,10","","-2,80","","75,00","","32,00","","11,00","","25,00","","101,52","","","","","","Généralement nuageux"
"2003-03-28 05:00","2003","03","28","05:00"," ","1,20","","-3,10","","73,00","","33,00","","11,00","","25,00","","101,64","","","","","","Généralement nuageux"
"2003-03-28 06:00","2003","03","28","06:00"," ","1,30","","-3,00","","73,00","","34,00","","19,00","","25,00","","101,82","","","","","","Généralement nuageux"
"2003-03-28 07:00","2003","03","28","07:00"," ","0,70","","-3,30","","75,00","","36,00","","11,00","","25,00","","101,96","","","","","","Généralement nuageux"
"2003-03-28 08:00","2003","03","28","08:00"," ","0,50","","-3,40","","75,00","","33,00","","13,00","","25,00","","102,07","","","","","","Nuageux"
"2003-03-28 09:00","2003","03","28","09:00"," ","0,90","","-3,70","","71,00","","33,00","","19,00","","25,00","","102,16","","","","","","Généralement nuageux"
"2003-03-28 10:00","2003","03","28","10:00"," ","1,60","","-3,90","","67,00","","30,00","","11,00","","25,00","","102,26","","","","","","Généralement nuageux"
"2003-03-28 11:00","2003","03","28","11:00"," ","2,40","","-3,50","","65,00","","34,00","","13,00","","25,00","","102,26","","","","","","Généralement dégagé"
"2003-03-28 12:00","2003","03","28","12:00"," ","3,90","","-3,80","","57,00","","34,00","","15,00","","25,00","","102,31","","","","","","Généralement dégagé"
"2003-03-28 13:00","2003","03","28","13:00"," ","4,20","","-3,80","","56,00","","2,00","","11,00","","25,00","","102,33","","","","","","Généralement dégagé"
"2003-03-28 14:00","2003","03","28","14:00"," ","4,30","","-3,70","","56,00","","3,00","","7,00","","25,00","","102,31","","","","","","Généralement nuageux"
"2003-03-28 15:00","2003","03","28","15:00"," ","3,60","","-3,00","","62,00","","9,00","","13,00","","25,00","","102,34","","","","","","Généralement dégagé"
"2003-03-28 16:00","2003","03","28","16:00"," ","3,70","","-3,80","","58,00","","13,00","","15,00","","25,00","","102,39","","","","","","Généralement dégagé"
"2003-03-28 17:00","2003","03","28","17:00"," ","1,90","","-3,90","","65,00","","9,00","","13,00","","25,00","","102,43","","","","","","Généralement dégagé"
"2003-03-28 18:00","2003","03","28","18:00"," ","0,70","","-4,40","","69,00","","9,00","","13,00","","25,00","","102,51","","","","","","Généralement dégagé"
"2003-03-28 19:00","2003","03","28","19:00"," ","0,10","","-4,60","","71,00","","11,00","","7,00","","25,00","","102,54","","","","","","Généralement dégagé"
"2003-03-28 20:00","2003","03","28","20:00"," ","-1,80","","-4,50","","82,00","","5,00","","4,00","","25,00","","102,52","","","","-3,00","","Généralement dégagé"
"2003-03-28 21:00","2003","03","28","21:00"," ","-1,80","","-4,30","","83,00","","4,00","","6,00","","25,00","","102,50","","","","-4,00","","Généralement dégagé"
"2003-03-28 22:00","2003","03","28","22:00"," ","-1,50","","-4,40","","81,00","","3,00","","6,00","","25,00","","102,44","","","","-4,00","","Dégagé"
"2003-03-28 23:00","2003","03","28","23:00"," ","-1,70","","-4,60","","81,00","","2,00","","9,00","","25,00","","102,40","","","","-5,00","","Généralement nuageux"
"2003-03-29 00:00","2003","03","29","00:00"," ","-1,00","","-4,50","","77,00","","3,00","","7,00","","25,00","","102,36","","","","-4,00","","Nuageux"
"2003-03-29 01:00","2003","03","29","01:00"," ","-0,30","","-4,50","","73,00","","4,00","","7,00","","25,00","","102,29","","","","-3,00","","Nuageux"
"2003-03-29 02:00","2003","03","29","02:00"," ","0,30","","-4,20","","72,00","","9,00","","9,00","","25,00","","102,15","","","","","","Nuageux"
"2003-03-29 03:00","2003","03","29","03:00"," ","0,00","","-4,20","","73,00","","36,00","","4,00","","25,00","","102,10","","","","-1,00","","Nuageux"
"2003-03-29 04:00","2003","03","29","04:00"," ","-0,40","","-2,90","","83,00","","11,00","","15,00","","8,00","","102,00","","","","-5,00","","Averses de neige"
"2003-03-29 05:00","2003","03","29","05:00"," ","-0,70","","-3,10","","84,00","","10,00","","26,00","","25,00","","101,81","","","","-7,00","","Averses de neige"
"2003-03-29 06:00","2003","03","29","06:00"," ","0,10","","-2,70","","81,00","","9,00","","22,00","","25,00","","101,66","","","","","","Averses de pluie"
"2003-03-29 07:00","2003","03","29","07:00"," ","2,00","","-3,10","","69,00","","19,00","","7,00","","25,00","","101,61","","","","","","Nuageux"
"2003-03-29 08:00","2003","03","29","08:00"," ","2,80","","-2,10","","70,00","","18,00","","11,00","","25,00","","101,54","","","","","","Nuageux"
"2003-03-29 09:00","2003","03","29","09:00"," ","3,20","","-1,40","","72,00","","36,00","","4,00","","25,00","","101,35","","","","","","Nuageux"
"2003-03-29 10:00","2003","03","29","10:00"," ","3,70","","-1,70","","68,00","","27,00","","13,00","","25,00","","101,25","","","","","","Nuageux"
"2003-03-29 11:00","2003","03","29","11:00"," ","4,40","","-1,70","","65,00","","20,00","","13,00","","25,00","","101,14","","","","","","Nuageux"
"2003-03-29 12:00","2003","03","29","12:00"," ","4,40","","-1,30","","66,00","","18,00","","17,00","","25,00","","100,99","","","","","","Nuageux"
"2003-03-29 13:00","2003","03","29","13:00"," ","5,50","","-0,30","","66,00","","18,00","","17,00","","25,00","","100,88","","","","","","Nuageux"
"2003-03-29 14:00","2003","03","29","14:00"," ","6,40","","1,00","","68,00","","22,00","","20,00","","25,00","","100,77","","","","","","Nuageux"
"2003-03-29 15:00","2003","03","29","15:00"," ","7,50","","2,70","","72,00","","20,00","","4,00","","25,00","","100,62","","","","","","Nuageux"
"2003-03-29 16:00","2003","03","29","16:00"," ","5,10","","0,80","","74,00","","10,00","","11,00","","25,00","","100,51","","","","","","Nuageux"
"2003-03-29 17:00","2003","03","29","17:00"," ","3,70","","0,40","","79,00","","9,00","","13,00","","25,00","","100,36","","","","","","Nuageux"
"2003-03-29 18:00","2003","03","29","18:00"," ","7,80","","5,30","","84,00","","21,00","","19,00","","25,00","","100,29","","","","","","Nuageux"
"2003-03-29 19:00","2003","03","29","19:00"," ","8,40","","6,10","","85,00","","23,00","","13,00","","25,00","","100,17","","","","","","Nuageux"
"2003-03-29 20:00","2003","03","29","20:00"," ","9,40","","6,60","","83,00","","23,00","","19,00","","25,00","","100,13","","","","","","Averses de pluie"
"2003-03-29 21:00","2003","03","29","21:00"," ","8,70","","6,50","","86,00","","27,00","","15,00","","25,00","","100,08","","","","","","Généralement dégagé"
"2003-03-29 22:00","2003","03","29","22:00"," ","5,50","","4,20","","91,00","","9,00","","9,00","","25,00","","100,03","","","","","","Généralement nuageux"
"2003-03-29 23:00","2003","03","29","23:00"," ","9,40","","7,40","","87,00","","30,00","","15,00","","25,00","","100,00","","","","","","Généralement nuageux"
"2003-03-30 00:00","2003","03","30","00:00"," ","10,00","","7,00","","82,00","","29,00","","15,00","","12,90","","100,10","","","","","","Généralement nuageux"
"2003-03-30 01:00","2003","03","30","01:00"," ","8,40","","5,50","","82,00","","25,00","","17,00","","25,00","","100,11","","","","","","Nuageux"
"2003-03-30 02:00","2003","03","30","02:00"," ","7,10","","3,40","","77,00","","27,00","","19,00","","25,00","","100,19","","","","","","Nuageux"
"2003-03-30 03:00","2003","03","30","03:00"," ","6,90","","2,90","","76,00","","27,00","","11,00","","25,00","","100,23","","","","","","Nuageux"
"2003-03-30 04:00","2003","03","30","04:00"," ","5,90","","2,10","","77,00","","23,00","","6,00","","25,00","","100,28","","","","","","Nuageux"
"2003-03-30 05:00","2003","03","30","05:00"," ","5,30","","1,80","","78,00","","27,00","","4,00","","25,00","","100,35","","","","","","Nuageux"
"2003-03-30 06:00","2003","03","30","06:00"," ","4,40","","1,40","","81,00","","24,00","","7,00","","25,00","","100,49","","","","","","Nuageux"
"2003-03-30 07:00","2003","03","30","07:00"," ","5,50","","1,30","","74,00","","25,00","","7,00","","25,00","","100,55","","","","","","Nuageux"
"2003-03-30 08:00","2003","03","30","08:00"," ","4,90","","0,60","","74,00","","23,00","","7,00","","25,00","","100,59","","","","","","Nuageux"
"2003-03-30 09:00","2003","03","30","09:00"," ","3,30","","-0,10","","78,00","","8,00","","7,00","","25,00","","100,59","","","","","","Nuageux"
"2003-03-30 10:00","2003","03","30","10:00"," ","3,70","","0,30","","78,00","","9,00","","6,00","","25,00","","100,68","","","","","","Nuageux"
"2003-03-30 11:00","2003","03","30","11:00"," ","3,10","","0,40","","82,00","","35,00","","13,00","","8,00","","100,68","","","","","","Averses de pluie"
"2003-03-30 12:00","2003","03","30","12:00"," ","2,20","","0,90","","91,00","","0,00","","0,00","","4,80","","100,81","","","","","","Pluie,Brouillard"
"2003-03-30 13:00","2003","03","30","13:00"," ","1,90","","0,60","","91,00","","2,00","","6,00","","4,80","","100,81","","","","","","Pluie,Brouillard"
"2003-03-30 14:00","2003","03","30","14:00"," ","1,20","","-0,50","","88,00","","0,00","","0,00","","4,80","","100,83","","","","","","Neige,Brouillard"
"2003-03-30 15:00","2003","03","30","15:00"," ","0,80","","-0,40","","92,00","","0,00","","0,00","","8,00","","100,84","","","","","","Neige,Brouillard"
"2003-03-30 16:00","2003","03","30","16:00"," ","0,10","","-1,30","","90,00","","36,00","","7,00","","4,80","","100,82","","","","","","Neige,Brouillard"
"2003-03-30 17:00","2003","03","30","17:00"," ","-0,10","","-2,00","","87,00","","34,00","","9,00","","12,90","","100,93","","","","-3,00","","Neige"
"2003-03-30 18:00","2003","03","30","18:00"," ","-1,10","","-2,30","","92,00","","0,00","","0,00","","1,20","","100,93","","","","","","Neige"
"2003-03-30 19:00","2003","03","30","19:00"," ","-1,50","","-2,60","","92,00","","35,00","","6,00","","1,20","","100,91","","","","-4,00","","Neige"
"2003-03-30 20:00","2003","03","30","20:00"," ","-1,70","","-2,70","","93,00","","31,00","","4,00","","1,20","","100,82","","","","-3,00","","Neige"
"2003-03-30 21:00","2003","03","30","21:00"," ","-1,80","","-2,90","","92,00","","28,00","","6,00","","1,20","","100,68","","","","-4,00","","Neige"
"2003-03-30 22:00","2003","03","30","22:00"," ","-1,90","","-3,10","","91,00","","34,00","","9,00","","1,20","","100,53","","","","-5,00","","Neige"
"2003-03-30 23:00","2003","03","30","23:00"," ","-2,10","","-3,00","","94,00","","31,00","","9,00","","0,40","","100,47","","","","-6,00","","Neige forte"
"2003-03-31 00:00","2003","03","31","00:00"," ","-2,20","","-3,00","","94,00","","30,00","","6,00","","0,40","","100,38","","","","-5,00","","Neige forte"
"2003-03-31 01:00","2003","03","31","01:00"," ","-2,10","","-3,00","","94,00","","27,00","","9,00","","0,60","","100,28","","","","-6,00","","Neige modérée"
"2003-03-31 02:00","2003","03","31","02:00"," ","-1,80","","-2,90","","92,00","","32,00","","7,00","","0,60","","100,14","","","","-4,00","","Neige modérée"
"2003-03-31 03:00","2003","03","31","03:00"," ","-1,70","","-2,80","","92,00","","32,00","","9,00","","0,60","","100,09","","","","-5,00","","Neige,Brouillard verglaçant"
"2003-03-31 04:00","2003","03","31","04:00"," ","-1,80","","-3,40","","89,00","","35,00","","6,00","","1,60","","99,96","","","","-4,00","","Neige"
"2003-03-31 05:00","2003","03","31","05:00"," ","-2,10","","-4,00","","87,00","","34,00","","13,00","","4,80","","99,87","","","","-7,00","","Neige"
"2003-03-31 06:00","2003","03","31","06:00"," ","-2,30","","-4,30","","86,00","","33,00","","11,00","","3,20","","100,02","","","","-6,00","","Neige"
"2003-03-31 07:00","2003","03","31","07:00"," ","-2,70","","-4,90","","85,00","","35,00","","11,00","","4,80","","99,80","","","","-7,00","","Neige"
"2003-03-31 08:00","2003","03","31","08:00"," ","-3,00","","-5,10","","85,00","","35,00","","15,00","","6,40","","99,84","","","","-8,00","","Neige"
"2003-03-31 09:00","2003","03","31","09:00"," ","-3,10","","-5,40","","84,00","","35,00","","11,00","","19,30","","99,68","","","","-7,00","","Neige"
"2003-03-31 10:00","2003","03","31","10:00"," ","-3,40","","-5,70","","84,00","","34,00","","19,00","","9,70","","99,53","","","","-9,00","","Neige"
"2003-03-31 11:00","2003","03","31","11:00"," ","-3,50","","-5,80","","84,00","","32,00","","11,00","","1,60","","99,34","","","","-8,00","","Neige"
"2003-03-31 12:00","2003","03","31","12:00"," ","-3,60","","-5,40","","87,00","","32,00","","17,00","","0,40","","99,20","","","","-9,00","","Neige forte"
"2003-03-31 13:00","2003","03","31","13:00"," ","-3,60","","-4,90","","91,00","","29,00","","15,00","","0,60","","99,14","","","","-9,00","","Neige modérée"
"2003-03-31 14:00","2003","03","31","14:00"," ","-3,20","","-5,10","","87,00","","32,00","","13,00","","2,40","","99,01","","","","-8,00","","Neige"
"2003-03-31 15:00","2003","03","31","15:00"," ","-3,40","","-5,30","","87,00","","29,00","","19,00","","1,20","","98,86","","","","-9,00","","Neige"
"2003-03-31 16:00","2003","03","31","16:00"," ","-3,80","","-5,50","","88,00","","31,00","","15,00","","0,60","","98,82","","","","-9,00","","Neige modérée"
"2003-03-31 17:00","2003","03","31","17:00"," ","-3,70","","-5,80","","85,00","","29,00","","17,00","","3,20","","98,87","","","","-9,00","","Neige"
"2003-03-31 18:00","2003","03","31","18:00"," ","-3,70","","-6,30","","82,00","","30,00","","17,00","","3,20","","98,78","","","","-9,00","","Neige"
"2003-03-31 19:00","2003","03","31","19:00"," ","-3,90","","-6,30","","83,00","","30,00","","13,00","","4,80","","98,79","","","","-9,00","","Neige"
"2003-03-31 20:00","2003","03","31","20:00"," ","-4,30","","-7,30","","80,00","","30,00","","26,00","","1,20","","98,80","","","","-12,00","","Neige"
"2003-03-31 21:00","2003","03","31","21:00"," ","-4,70","","-7,40","","81,00","","31,00","","17,00","","4,80","","98,91","","","","-11,00","","Neige"
"2003-03-31 22:00","2003","03","31","22:00"," ","-5,10","","-7,20","","85,00","","28,00","","11,00","","9,70","","99,00","","","","-10,00","","Neige"
"2003-03-31 23:00","2003","03","31","23:00"," ","-5,20","","-8,50","","78,00","","28,00","","19,00","","25,00","","99,12","","","","-12,00","","Averses de neige"
