"Nom de la Station","TOFINO A"
"Province","BRITISH COLUMBIA"
"Latitude","49,08"
"Longitude","-125,77"
"Altitude","24,50"
"Identification Climat","1038205"
"Identification OMM",""
"Identification TC","YAZ"
"Toutes les heures sont exprimées en heure normale locale (HNL). Pour convertir l'heure locale en heure avancée de l'Est (HAE), ajoutez 1 heure s'il y a lieu."

"Légende"
"M","Données Manquantes"
"E","Valeur Estimée"
"ND","Non Disponible"
"**","Données fournies par un partenaire, non assujetties à un révision par les Archives climatiques nationales du Canada"

"Date/Heure","Année","Mois","Jour","Heure","Qualité des Données","Temp (°C)","Temp Indicateur","Point de rosée (°C)","Point de rosée Indicateur","Hum. rel (%)","Hum. rel. Indicateur","Dir. du vent (10s deg)","Dir. du vent Indicateur","Vit. du vent (km/h)","Vit. du vent Indicateur","Visibilité (km)","Visibilité Indicateur","Pression à la station (kPa)","Pression à la station Indicateur","Hmdx","Hmdx Indicateur","Refroid. éolien","Refroid. éolien Indicateur","Temps"
"1986-04-01 00:00","1986","04","01","00:00"," ","","","","","","","","","","","","","","","","","","",""
"1986-04-01 01:00","1986","04","01","01:00"," ","","","","","","","","","","","","","","","","","","",""
"1986-04-01 02:00","1986","04","01","02:00"," ","","","","","","","","","","","","","","","","","","",""
"1986-04-01 03:00","1986","04","01","03:00"," ","","","","","","","","","","","","","","","","","","",""
"1986-04-01 04:00","1986","04","01","04:00"," ","","","","","","","","","","","","","","","","","","",""
"1986-04-01 05:00","1986","04","01","05:00"," ","","","","","","","","","","","","","","","","","","",""
"1986-04-01 06:00","1986","04","01","06:00"," ","1,90","","1,10","","95,00","","0,00","","0,00","","25,00","","100,92","","","","","","Généralement dégagé"
"1986-04-01 07:00","1986","04","01","07:00"," ","1,30","","0,50","","95,00","","0,00","","0,00","","25,00","","100,96","","","","","","Généralement dégagé"
"1986-04-01 08:00","1986","04","01","08:00"," ","4,80","","4,20","","96,00","","0,00","","0,00","","25,00","","100,96","","","","","","Généralement dégagé"
"1986-04-01 09:00","1986","04","01","09:00"," ","5,90","","3,40","","84,00","","0,00","","0,00","","25,00","","100,99","","","","","","Généralement dégagé"
"1986-04-01 10:00","1986","04","01","10:00"," ","7,40","","4,20","","80,00","","35,00","","6,00","","25,00","","101,09","","","","","","Généralement dégagé"
"1986-04-01 11:00","1986","04","01","11:00"," ","8,50","","3,50","","71,00","","0,00","","0,00","","25,00","","101,13","","","","","","Généralement dégagé"
"1986-04-01 12:00","1986","04","01","12:00"," ","10,50","","4,50","","66,00","","28,00","","19,00","","25,00","","101,16","","","","","","Généralement dégagé"
"1986-04-01 13:00","1986","04","01","13:00"," ","10,00","","2,90","","61,00","","28,00","","28,00","","25,00","","101,26","","","","","","Généralement dégagé"
"1986-04-01 14:00","1986","04","01","14:00"," ","10,30","","3,10","","61,00","","27,00","","28,00","","25,00","","101,26","","","","","","Généralement dégagé"
"1986-04-01 15:00","1986","04","01","15:00"," ","10,60","","3,10","","60,00","","28,00","","24,00","","25,00","","101,30","","","","","","Généralement dégagé"
"1986-04-01 16:00","1986","04","01","16:00"," ","10,30","","4,50","","67,00","","28,00","","28,00","","25,00","","101,33","","","","","","Généralement dégagé"
"1986-04-01 17:00","1986","04","01","17:00"," ","9,80","","4,80","","71,00","","29,00","","28,00","","25,00","","101,40","","","","","","Généralement dégagé"
"1986-04-01 18:00","1986","04","01","18:00"," ","9,10","","4,10","","71,00","","29,00","","24,00","","25,00","","101,43","","","","","","Généralement dégagé"
"1986-04-01 19:00","1986","04","01","19:00"," ","8,20","","3,40","","72,00","","29,00","","22,00","","25,00","","101,46","","","","","","Généralement dégagé"
"1986-04-01 20:00","1986","04","01","20:00"," ","7,50","","3,70","","77,00","","28,00","","15,00","","25,00","","101,57","","","","","","Dégagé"
"1986-04-01 21:00","1986","04","01","21:00"," ","6,80","","4,10","","83,00","","31,00","","11,00","","25,00","","101,63","","","","","","Dégagé"
"1986-04-01 22:00","1986","04","01","22:00"," ","","","","","","","","","","","","","","","","","","",""
"1986-04-01 23:00","1986","04","01","23:00"," ","","","","","","","","","","","","","","","","","","",""
"1986-04-02 00:00","1986","04","02","00:00"," ","","","","","","","","","","","","","","","","","","",""
"1986-04-02 01:00","1986","04","02","01:00"," ","","","","","","","","","","","","","","","","","","",""
"1986-04-02 02:00","1986","04","02","02:00"," ","","","","","","","","","","","","","","","","","","",""
"1986-04-02 03:00","1986","04","02","03:00"," ","","","","","","","","","","","","","","","","","","",""
"1986-04-02 04:00","1986","04","02","04:00"," ","","","","","","","","","","","","","","","","","","",""
"1986-04-02 05:00","1986","04","02","05:00"," ","","","","","","","","","","","","","","","","","","",""
"1986-04-02 06:00","1986","04","02","06:00"," ","0,20","","-0,30","","96,00","","0,00","","0,00","","25,00","","102,28","","","","","","Généralement dégagé"
"1986-04-02 07:00","1986","04","02","07:00"," ","1,10","","0,50","","96,00","","0,00","","0,00","","25,00","","102,38","","","","","","Généralement dégagé"
"1986-04-02 08:00","1986","04","02","08:00"," ","6,20","","4,80","","90,00","","0,00","","0,00","","25,00","","102,41","","","","","","Généralement dégagé"
"1986-04-02 09:00","1986","04","02","09:00"," ","7,00","","5,00","","87,00","","0,00","","0,00","","25,00","","102,48","","","","","","Généralement nuageux"
"1986-04-02 10:00","1986","04","02","10:00"," ","8,00","","4,80","","80,00","","0,00","","0,00","","25,00","","102,58","","","","","","Averses de pluie"
"1986-04-02 11:00","1986","04","02","11:00"," ","8,50","","5,30","","80,00","","0,00","","0,00","","25,00","","102,61","","","","","","Averses de pluie"
"1986-04-02 12:00","1986","04","02","12:00"," ","9,80","","4,40","","69,00","","17,00","","6,00","","25,00","","102,58","","","","","","Nuageux"
"1986-04-02 13:00","1986","04","02","13:00"," ","9,80","","3,90","","67,00","","17,00","","11,00","","25,00","","102,58","","","","","","Nuageux"
"1986-04-02 14:00","1986","04","02","14:00"," ","9,30","","5,60","","78,00","","19,00","","9,00","","25,00","","102,58","","","","","","Nuageux"
"1986-04-02 15:00","1986","04","02","15:00"," ","9,40","","5,10","","75,00","","19,00","","7,00","","25,00","","102,58","","","","","","Nuageux"
"1986-04-02 16:00","1986","04","02","16:00"," ","9,10","","4,10","","71,00","","19,00","","13,00","","25,00","","102,51","","","","","","Généralement nuageux"
"1986-04-02 17:00","1986","04","02","17:00"," ","8,80","","5,00","","77,00","","18,00","","11,00","","25,00","","102,51","","","","","","Nuageux"
"1986-04-02 18:00","1986","04","02","18:00"," ","8,10","","3,90","","75,00","","16,00","","7,00","","25,00","","102,48","","","","","","Nuageux"
"1986-04-02 19:00","1986","04","02","19:00"," ","7,80","","3,40","","74,00","","18,00","","7,00","","25,00","","102,48","","","","","","Nuageux"
"1986-04-02 20:00","1986","04","02","20:00"," ","7,50","","4,60","","82,00","","15,00","","11,00","","25,00","","102,45","","","","","","Nuageux"
"1986-04-02 21:00","1986","04","02","21:00"," ","7,00","","4,50","","84,00","","10,00","","4,00","","25,00","","102,41","","","","","","Nuageux"
"1986-04-02 22:00","1986","04","02","22:00"," ","","","","","","","","","","","","","","","","","","",""
"1986-04-02 23:00","1986","04","02","23:00"," ","","","","","","","","","","","","","","","","","","",""
"1986-04-03 00:00","1986","04","03","00:00"," ","","","","","","","","","","","","","","","","","","",""
"1986-04-03 01:00","1986","04","03","01:00"," ","","","","","","","","","","","","","","","","","","",""
"1986-04-03 02:00","1986","04","03","02:00"," ","","","","","","","","","","","","","","","","","","",""
"1986-04-03 03:00","1986","04","03","03:00"," ","","","","","","","","","","","","","","","","","","",""
"1986-04-03 04:00","1986","04","03","04:00"," ","","","","","","","","","","","","","","","","","","",""
"1986-04-03 05:00","1986","04","03","05:00"," ","","","","","","","","","","","","","","","","","","",""
"1986-04-03 06:00","1986","04","03","06:00"," ","5,70","","4,20","","90,00","","6,00","","6,00","","16,10","","101,90","","","","","","Averses de pluie"
"1986-04-03 07:00","1986","04","03","07:00"," ","5,70","","4,20","","90,00","","9,00","","7,00","","16,10","","101,80","","","","","","Averses de pluie"
"1986-04-03 08:00","1986","04","03","08:00"," ","6,00","","4,80","","92,00","","0,00","","0,00","","24,10","","101,80","","","","","","Nuageux"
"1986-04-03 09:00","1986","04","03","09:00"," ","6,40","","5,30","","93,00","","9,00","","11,00","","25,00","","101,74","","","","","","Pluie"
"1986-04-03 10:00","1986","04","03","10:00"," ","6,60","","5,30","","91,00","","9,00","","9,00","","16,10","","101,70","","","","","","Nuageux"
"1986-04-03 11:00","1986","04","03","11:00"," ","6,90","","5,80","","93,00","","9,00","","11,00","","12,90","","101,67","","","","","","Pluie"
"1986-04-03 12:00","1986","04","03","12:00"," ","6,90","","5,80","","93,00","","10,00","","6,00","","8,00","","101,57","","","","","","Pluie modérée,Brouillard"
"1986-04-03 13:00","1986","04","03","13:00"," ","6,70","","5,30","","90,00","","10,00","","13,00","","12,90","","101,50","","","","","","Pluie"
"1986-04-03 14:00","1986","04","03","14:00"," ","7,00","","6,20","","95,00","","8,00","","4,00","","9,70","","101,43","","","","","","Pluie,Brouillard"
"1986-04-03 15:00","1986","04","03","15:00"," ","6,80","","5,80","","93,00","","13,00","","6,00","","12,90","","101,40","","","","","","Pluie"
"1986-04-03 16:00","1986","04","03","16:00"," ","6,30","","5,30","","93,00","","11,00","","7,00","","9,70","","101,30","","","","","","Pluie,Brouillard"
"1986-04-03 17:00","1986","04","03","17:00"," ","6,00","","4,80","","92,00","","8,00","","11,00","","12,90","","101,23","","","","","","Pluie"
"1986-04-03 18:00","1986","04","03","18:00"," ","5,80","","5,20","","96,00","","7,00","","7,00","","12,90","","101,16","","","","","","Pluie"
"1986-04-03 19:00","1986","04","03","19:00"," ","5,80","","4,80","","93,00","","11,00","","13,00","","19,30","","101,09","","","","","","Pluie"
"1986-04-03 20:00","1986","04","03","20:00"," ","5,30","","4,70","","96,00","","6,00","","11,00","","9,70","","101,09","","","","","","Pluie,Brouillard"
"1986-04-03 21:00","1986","04","03","21:00"," ","5,30","","4,20","","93,00","","8,00","","17,00","","16,10","","101,06","","","","","","Pluie"
"1986-04-03 22:00","1986","04","03","22:00"," ","","","","","","","","","","","","","","","","","","",""
"1986-04-03 23:00","1986","04","03","23:00"," ","","","","","","","","","","","","","","","","","","",""
"1986-04-04 00:00","1986","04","04","00:00"," ","","","","","","","","","","","","","","","","","","",""
"1986-04-04 01:00","1986","04","04","01:00"," ","","","","","","","","","","","","","","","","","","",""
"1986-04-04 02:00","1986","04","04","02:00"," ","","","","","","","","","","","","","","","","","","",""
"1986-04-04 03:00","1986","04","04","03:00"," ","","","","","","","","","","","","","","","","","","",""
"1986-04-04 04:00","1986","04","04","04:00"," ","","","","","","","","","","","","","","","","","","",""
"1986-04-04 05:00","1986","04","04","05:00"," ","","","","","","","","","","","","","","","","","","",""
"1986-04-04 06:00","1986","04","04","06:00"," ","3,00","","2,10","","94,00","","4,00","","6,00","","25,00","","101,09","","","","","","Généralement nuageux"
"1986-04-04 07:00","1986","04","04","07:00"," ","5,10","","4,60","","97,00","","0,00","","0,00","","25,00","","101,16","","","","","","Généralement dégagé"
"1986-04-04 08:00","1986","04","04","08:00"," ","5,10","","4,20","","94,00","","0,00","","0,00","","25,00","","101,19","","","","","","Généralement dégagé"
"1986-04-04 09:00","1986","04","04","09:00"," ","7,00","","5,00","","87,00","","0,00","","0,00","","25,00","","101,23","","","","","","Généralement dégagé"
"1986-04-04 10:00","1986","04","04","10:00"," ","8,50","","5,30","","80,00","","20,00","","9,00","","25,00","","101,26","","","","","","Généralement dégagé"
"1986-04-04 11:00","1986","04","04","11:00"," ","8,90","","5,40","","79,00","","23,00","","11,00","","25,00","","101,30","","","","","","Généralement dégagé"
"1986-04-04 12:00","1986","04","04","12:00"," ","9,50","","3,30","","65,00","","24,00","","15,00","","25,00","","101,36","","","","","","Généralement dégagé"
"1986-04-04 13:00","1986","04","04","13:00"," ","10,10","","4,80","","69,00","","21,00","","19,00","","25,00","","101,36","","","","","","Généralement dégagé"
"1986-04-04 14:00","1986","04","04","14:00"," ","10,20","","3,40","","63,00","","24,00","","15,00","","25,00","","101,40","","","","","","Généralement dégagé"
"1986-04-04 15:00","1986","04","04","15:00"," ","11,00","","6,00","","71,00","","25,00","","22,00","","25,00","","101,40","","","","","","Généralement dégagé"
"1986-04-04 16:00","1986","04","04","16:00"," ","10,50","","4,00","","64,00","","28,00","","17,00","","25,00","","101,43","","","","","","Généralement dégagé"
"1986-04-04 17:00","1986","04","04","17:00"," ","9,40","","3,30","","66,00","","27,00","","19,00","","25,00","","101,46","","","","","","Généralement dégagé"
"1986-04-04 18:00","1986","04","04","18:00"," ","9,00","","4,10","","71,00","","27,00","","15,00","","25,00","","101,50","","","","","","Généralement dégagé"
"1986-04-04 19:00","1986","04","04","19:00"," ","7,70","","3,70","","76,00","","29,00","","13,00","","25,00","","101,50","","","","","","Généralement dégagé"
"1986-04-04 20:00","1986","04","04","20:00"," ","5,90","","4,30","","89,00","","31,00","","7,00","","25,00","","101,60","","","","","","Généralement dégagé"
"1986-04-04 21:00","1986","04","04","21:00"," ","4,80","","3,70","","93,00","","33,00","","6,00","","25,00","","101,70","","","","","","Dégagé"
"1986-04-04 22:00","1986","04","04","22:00"," ","","","","","","","","","","","","","","","","","","",""
"1986-04-04 23:00","1986","04","04","23:00"," ","","","","","","","","","","","","","","","","","","",""
"1986-04-05 00:00","1986","04","05","00:00"," ","","","","","","","","","","","","","","","","","","",""
"1986-04-05 01:00","1986","04","05","01:00"," ","","","","","","","","","","","","","","","","","","",""
"1986-04-05 02:00","1986","04","05","02:00"," ","","","","","","","","","","","","","","","","","","",""
"1986-04-05 03:00","1986","04","05","03:00"," ","","","","","","","","","","","","","","","","","","",""
"1986-04-05 04:00","1986","04","05","04:00"," ","","","","","","","","","","","","","","","","","","",""
"1986-04-05 05:00","1986","04","05","05:00"," ","","","","","","","","","","","","","","","","","","",""
"1986-04-05 06:00","1986","04","05","06:00"," ","0,00","","-0,70","","95,00","","1,00","","4,00","","25,00","","101,94","","","","-1,00","","Généralement dégagé"
"1986-04-05 07:00","1986","04","05","07:00"," ","1,20","","0,50","","95,00","","1,00","","6,00","","9,70","","101,97","","","","","","Brouillard"
"1986-04-05 08:00","1986","04","05","08:00"," ","5,50","","4,70","","95,00","","0,00","","0,00","","24,10","","102,04","","","","","","Généralement nuageux"
"1986-04-05 09:00","1986","04","05","09:00"," ","7,00","","3,60","","79,00","","0,00","","0,00","","25,00","","102,07","","","","","","Généralement nuageux"
"1986-04-05 10:00","1986","04","05","10:00"," ","9,00","","5,40","","78,00","","15,00","","6,00","","25,00","","102,14","","","","","","Généralement nuageux"
"1986-04-05 11:00","1986","04","05","11:00"," ","10,20","","6,10","","76,00","","26,00","","22,00","","25,00","","102,11","","","","","","Généralement nuageux"
"1986-04-05 12:00","1986","04","05","12:00"," ","10,40","","2,60","","59,00","","28,00","","20,00","","25,00","","102,07","","","","","","Généralement nuageux"
"1986-04-05 13:00","1986","04","05","13:00"," ","11,20","","3,20","","58,00","","27,00","","19,00","","25,00","","102,07","","","","","","Généralement nuageux"
"1986-04-05 14:00","1986","04","05","14:00"," ","11,10","","2,20","","54,00","","28,00","","22,00","","25,00","","102,04","","","","","","Généralement nuageux"
"1986-04-05 15:00","1986","04","05","15:00"," ","10,30","","3,50","","63,00","","29,00","","22,00","","25,00","","102,04","","","","","","Généralement nuageux"
"1986-04-05 16:00","1986","04","05","16:00"," ","10,00","","3,90","","66,00","","29,00","","20,00","","25,00","","102,04","","","","","","Généralement nuageux"
"1986-04-05 17:00","1986","04","05","17:00"," ","10,00","","3,90","","66,00","","29,00","","20,00","","25,00","","101,97","","","","","","Généralement dégagé"
"1986-04-05 18:00","1986","04","05","18:00"," ","9,20","","3,20","","66,00","","29,00","","19,00","","25,00","","101,97","","","","","","Généralement nuageux"
"1986-04-05 19:00","1986","04","05","19:00"," ","8,00","","3,90","","75,00","","29,00","","13,00","","25,00","","102,01","","","","","","Généralement nuageux"
"1986-04-05 20:00","1986","04","05","20:00"," ","7,50","","3,70","","77,00","","30,00","","13,00","","25,00","","102,04","","","","","","Généralement nuageux"
"1986-04-05 21:00","1986","04","05","21:00"," ","7,20","","3,20","","76,00","","28,00","","9,00","","25,00","","102,01","","","","","","Généralement nuageux"
"1986-04-05 22:00","1986","04","05","22:00"," ","","","","","","","","","","","","","","","","","","",""
"1986-04-05 23:00","1986","04","05","23:00"," ","","","","","","","","","","","","","","","","","","",""
"1986-04-06 00:00","1986","04","06","00:00"," ","","","","","","","","","","","","","","","","","","",""
"1986-04-06 01:00","1986","04","06","01:00"," ","","","","","","","","","","","","","","","","","","",""
"1986-04-06 02:00","1986","04","06","02:00"," ","","","","","","","","","","","","","","","","","","",""
"1986-04-06 03:00","1986","04","06","03:00"," ","","","","","","","","","","","","","","","","","","",""
"1986-04-06 04:00","1986","04","06","04:00"," ","","","","","","","","","","","","","","","","","","",""
"1986-04-06 05:00","1986","04","06","05:00"," ","","","","","","","","","","","","","","","","","","",""
"1986-04-06 06:00","1986","04","06","06:00"," ","3,80","","3,10","","95,00","","0,00","","0,00","","25,00","","101,97","","","","","","Généralement dégagé"
"1986-04-06 07:00","1986","04","06","07:00"," ","4,50","","3,60","","94,00","","0,00","","0,00","","25,00","","101,97","","","","","","Généralement dégagé"
"1986-04-06 08:00","1986","04","06","08:00"," ","8,80","","5,90","","82,00","","3,00","","6,00","","25,00","","102,01","","","","","","Généralement nuageux"
"1986-04-06 09:00","1986","04","06","09:00"," ","10,40","","4,50","","67,00","","2,00","","7,00","","25,00","","101,97","","","","","","Généralement dégagé"
"1986-04-06 10:00","1986","04","06","10:00"," ","11,30","","6,10","","71,00","","19,00","","13,00","","25,00","","101,94","","","","","","Généralement dégagé"
"1986-04-06 11:00","1986","04","06","11:00"," ","12,30","","6,00","","65,00","","28,00","","15,00","","25,00","","101,90","","","","","","Généralement dégagé"
"1986-04-06 12:00","1986","04","06","12:00"," ","12,80","","4,80","","58,00","","28,00","","11,00","","25,00","","101,84","","","","","","Généralement dégagé"
"1986-04-06 13:00","1986","04","06","13:00"," ","13,40","","5,00","","57,00","","28,00","","15,00","","25,00","","101,80","","","","","","Généralement dégagé"
"1986-04-06 14:00","1986","04","06","14:00"," ","13,40","","7,60","","68,00","","29,00","","19,00","","25,00","","101,74","","","","","","Généralement dégagé"
"1986-04-06 15:00","1986","04","06","15:00"," ","13,50","","7,60","","68,00","","28,00","","22,00","","25,00","","101,67","","","","","","Généralement dégagé"
"1986-04-06 16:00","1986","04","06","16:00"," ","12,80","","7,40","","70,00","","29,00","","22,00","","25,00","","101,60","","","","","","Généralement dégagé"
"1986-04-06 17:00","1986","04","06","17:00"," ","11,90","","7,90","","77,00","","29,00","","15,00","","25,00","","101,53","","","","","","Généralement dégagé"
"1986-04-06 18:00","1986","04","06","18:00"," ","11,50","","7,80","","78,00","","29,00","","9,00","","25,00","","101,50","","","","","","Généralement dégagé"
"1986-04-06 19:00","1986","04","06","19:00"," ","10,70","","7,10","","78,00","","0,00","","0,00","","25,00","","101,50","","","","","","Généralement dégagé"
"1986-04-06 20:00","1986","04","06","20:00"," ","7,80","","6,80","","93,00","","33,00","","4,00","","25,00","","101,53","","","","","","Généralement dégagé"
"1986-04-06 21:00","1986","04","06","21:00"," ","5,60","","5,30","","98,00","","0,00","","0,00","","25,00","","101,57","","","","","","Généralement dégagé"
"1986-04-06 22:00","1986","04","06","22:00"," ","","","","","","","","","","","","","","","","","","",""
"1986-04-06 23:00","1986","04","06","23:00"," ","","","","","","","","","","","","","","","","","","",""
"1986-04-07 00:00","1986","04","07","00:00"," ","","","","","","","","","","","","","","","","","","",""
"1986-04-07 01:00","1986","04","07","01:00"," ","","","","","","","","","","","","","","","","","","",""
"1986-04-07 02:00","1986","04","07","02:00"," ","","","","","","","","","","","","","","","","","","",""
"1986-04-07 03:00","1986","04","07","03:00"," ","","","","","","","","","","","","","","","","","","",""
"1986-04-07 04:00","1986","04","07","04:00"," ","","","","","","","","","","","","","","","","","","",""
"1986-04-07 05:00","1986","04","07","05:00"," ","","","","","","","","","","","","","","","","","","",""
"1986-04-07 06:00","1986","04","07","06:00"," ","3,00","","2,10","","17,00","","2,00","","9,00","","24,10","","101,36","","","","","","Dégagé"
"1986-04-07 07:00","1986","04","07","07:00"," ","4,50","","3,60","","94,00","","3,00","","4,00","","25,00","","101,36","","","","","","Dégagé"
"1986-04-07 08:00","1986","04","07","08:00"," ","9,50","","8,40","","93,00","","0,00","","0,00","","25,00","","101,43","","","","","","Dégagé"
"1986-04-07 09:00","1986","04","07","09:00"," ","12,50","","7,70","","73,00","","35,00","","4,00","","25,00","","101,46","","","","","","Dégagé"
"1986-04-07 10:00","1986","04","07","10:00"," ","15,00","","7,70","","62,00","","0,00","","0,00","","25,00","","101,46","","","","","","Dégagé"
"1986-04-07 11:00","1986","04","07","11:00"," ","14,00","","6,90","","62,00","","19,00","","13,00","","25,00","","101,50","","","","","","Dégagé"
"1986-04-07 12:00","1986","04","07","12:00"," ","15,10","","7,70","","61,00","","19,00","","11,00","","25,00","","101,50","","","","","","Dégagé"
"1986-04-07 13:00","1986","04","07","13:00"," ","13,90","","7,80","","67,00","","19,00","","19,00","","25,00","","101,46","","","","","","Dégagé"
"1986-04-07 14:00","1986","04","07","14:00"," ","12,30","","8,90","","80,00","","19,00","","15,00","","25,00","","101,50","","","","","","Dégagé"
"1986-04-07 15:00","1986","04","07","15:00"," ","12,20","","9,10","","81,00","","19,00","","9,00","","25,00","","101,50","","","","","","Dégagé"
"1986-04-07 16:00","1986","04","07","16:00"," ","12,20","","8,70","","79,00","","18,00","","9,00","","25,00","","101,50","","","","","","Généralement dégagé"
"1986-04-07 17:00","1986","04","07","17:00"," ","11,70","","8,60","","81,00","","19,00","","11,00","","25,00","","101,53","","","","","","Généralement dégagé"
"1986-04-07 18:00","1986","04","07","18:00"," ","10,80","","8,00","","83,00","","0,00","","0,00","","25,00","","101,53","","","","","","Généralement dégagé"
"1986-04-07 19:00","1986","04","07","19:00"," ","8,30","","7,70","","96,00","","18,00","","7,00","","1,20","","101,57","","","","","","Brouillard"
"1986-04-07 20:00","1986","04","07","20:00"," ","8,30","","7,70","","96,00","","15,00","","2,00","","0,80","","101,63","","","","","","Brouillard"
"1986-04-07 21:00","1986","04","07","21:00"," ","8,80","","7,90","","94,00","","18,00","","11,00","","24,10","","101,67","","","","","","Nuageux"
"1986-04-07 22:00","1986","04","07","22:00"," ","","","","","","","","","","","","","","","","","","",""
"1986-04-07 23:00","1986","04","07","23:00"," ","","","","","","","","","","","","","","","","","","",""
"1986-04-08 00:00","1986","04","08","00:00"," ","","","","","","","","","","","","","","","","","","",""
"1986-04-08 01:00","1986","04","08","01:00"," ","","","","","","","","","","","","","","","","","","",""
"1986-04-08 02:00","1986","04","08","02:00"," ","","","","","","","","","","","","","","","","","","",""
"1986-04-08 03:00","1986","04","08","03:00"," ","","","","","","","","","","","","","","","","","","",""
"1986-04-08 04:00","1986","04","08","04:00"," ","","","","","","","","","","","","","","","","","","",""
"1986-04-08 05:00","1986","04","08","05:00"," ","","","","","","","","","","","","","","","","","","",""
"1986-04-08 06:00","1986","04","08","06:00"," ","8,30","","8,10","","99,00","","0,00","","0,00","","2,40","","102,07","","","","","","Bruine,Brouillard"
"1986-04-08 07:00","1986","04","08","07:00"," ","8,30","","7,70","","96,00","","30,00","","4,00","","4,80","","102,07","","","","","","Pluie,Brouillard"
"1986-04-08 08:00","1986","04","08","08:00"," ","8,80","","8,30","","97,00","","31,00","","11,00","","4,80","","102,11","","","","","","Bruine,Brouillard"
"1986-04-08 09:00","1986","04","08","09:00"," ","9,10","","7,50","","90,00","","31,00","","15,00","","24,10","","102,14","","","","","","Généralement nuageux"
"1986-04-08 10:00","1986","04","08","10:00"," ","10,20","","7,40","","83,00","","33,00","","13,00","","25,00","","102,17","","","","","","Généralement nuageux"
"1986-04-08 11:00","1986","04","08","11:00"," ","10,40","","6,30","","76,00","","29,00","","17,00","","25,00","","102,21","","","","","","Généralement nuageux"
"1986-04-08 12:00","1986","04","08","12:00"," ","10,00","","5,30","","72,00","","28,00","","19,00","","25,00","","102,24","","","","","","Généralement nuageux"
"1986-04-08 13:00","1986","04","08","13:00"," ","10,40","","3,10","","61,00","","28,00","","22,00","","25,00","","102,28","","","","","","Généralement nuageux"
"1986-04-08 14:00","1986","04","08","14:00"," ","10,00","","2,90","","61,00","","29,00","","30,00","","25,00","","102,28","","","","","","Généralement dégagé"
"1986-04-08 15:00","1986","04","08","15:00"," ","9,50","","2,30","","61,00","","29,00","","28,00","","25,00","","102,24","","","","","","Généralement dégagé"
"1986-04-08 16:00","1986","04","08","16:00"," ","9,00","","0,60","","56,00","","29,00","","28,00","","25,00","","102,24","","","","","","Généralement dégagé"
"1986-04-08 17:00","1986","04","08","17:00"," ","8,40","","-0,10","","55,00","","30,00","","30,00","","25,00","","102,24","","","","","","Généralement dégagé"
"1986-04-08 18:00","1986","04","08","18:00"," ","7,50","","1,30","","65,00","","30,00","","28,00","","25,00","","102,24","","","","","","Généralement dégagé"
"1986-04-08 19:00","1986","04","08","19:00"," ","6,70","","1,10","","67,00","","29,00","","19,00","","25,00","","102,24","","","","","","Généralement dégagé"
"1986-04-08 20:00","1986","04","08","20:00"," ","6,30","","2,10","","75,00","","29,00","","13,00","","25,00","","102,24","","","","","","Généralement dégagé"
"1986-04-08 21:00","1986","04","08","21:00"," ","5,50","","2,40","","80,00","","32,00","","7,00","","25,00","","102,28","","","","","","Généralement dégagé"
"1986-04-08 22:00","1986","04","08","22:00"," ","","","","","","","","","","","","","","","","","","",""
"1986-04-08 23:00","1986","04","08","23:00"," ","","","","","","","","","","","","","","","","","","",""
"1986-04-09 00:00","1986","04","09","00:00"," ","","","","","","","","","","","","","","","","","","",""
"1986-04-09 01:00","1986","04","09","01:00"," ","","","","","","","","","","","","","","","","","","",""
"1986-04-09 02:00","1986","04","09","02:00"," ","","","","","","","","","","","","","","","","","","",""
"1986-04-09 03:00","1986","04","09","03:00"," ","","","","","","","","","","","","","","","","","","",""
"1986-04-09 04:00","1986","04","09","04:00"," ","","","","","","","","","","","","","","","","","","",""
"1986-04-09 05:00","1986","04","09","05:00"," ","","","","","","","","","","","","","","","","","","",""
"1986-04-09 06:00","1986","04","09","06:00"," ","2,40","","1,60","","95,00","","31,00","","13,00","","25,00","","102,38","","","","","","Généralement dégagé"
"1986-04-09 07:00","1986","04","09","07:00"," ","2,90","","1,60","","91,00","","32,00","","11,00","","25,00","","102,41","","","","","","Généralement dégagé"
"1986-04-09 08:00","1986","04","09","08:00"," ","5,40","","2,00","","79,00","","0,00","","0,00","","25,00","","102,48","","","","","","Généralement dégagé"
"1986-04-09 09:00","1986","04","09","09:00"," ","6,60","","0,80","","66,00","","29,00","","6,00","","25,00","","102,48","","","","","","Généralement dégagé"
"1986-04-09 10:00","1986","04","09","10:00"," ","8,60","","-0,70","","52,00","","28,00","","15,00","","25,00","","102,48","","","","","","Généralement dégagé"
"1986-04-09 11:00","1986","04","09","11:00"," ","9,20","","-2,40","","44,00","","29,00","","17,00","","25,00","","102,48","","","","","","Généralement nuageux"
"1986-04-09 12:00","1986","04","09","12:00"," ","8,40","","-1,30","","51,00","","28,00","","19,00","","25,00","","102,48","","","","","","Généralement nuageux"
"1986-04-09 13:00","1986","04","09","13:00"," ","9,60","","-0,40","","50,00","","27,00","","30,00","","25,00","","102,48","","","","","","Généralement dégagé"
"1986-04-09 14:00","1986","04","09","14:00"," ","10,30","","-0,80","","46,00","","29,00","","19,00","","25,00","","102,41","","","","","","Généralement dégagé"
"1986-04-09 15:00","1986","04","09","15:00"," ","10,60","","-0,20","","47,00","","28,00","","28,00","","25,00","","102,38","","","","","","Généralement dégagé"
"1986-04-09 16:00","1986","04","09","16:00"," ","10,30","","1,00","","53,00","","30,00","","30,00","","25,00","","102,38","","","","","","Généralement dégagé"
"1986-04-09 17:00","1986","04","09","17:00"," ","9,10","","0,00","","53,00","","30,00","","28,00","","25,00","","102,38","","","","","","Généralement dégagé"
"1986-04-09 18:00","1986","04","09","18:00"," ","8,30","","1,00","","60,00","","31,00","","24,00","","25,00","","102,38","","","","","","Généralement dégagé"
"1986-04-09 19:00","1986","04","09","19:00"," ","7,30","","1,30","","66,00","","31,00","","20,00","","25,00","","102,38","","","","","","Généralement dégagé"
"1986-04-09 20:00","1986","04","09","20:00"," ","6,30","","2,10","","75,00","","31,00","","15,00","","25,00","","102,41","","","","","","Généralement nuageux"
"1986-04-09 21:00","1986","04","09","21:00"," ","6,70","","1,10","","67,00","","31,00","","15,00","","25,00","","102,48","","","","","","Généralement nuageux"
"1986-04-09 22:00","1986","04","09","22:00"," ","","","","","","","","","","","","","","","","","","",""
"1986-04-09 23:00","1986","04","09","23:00"," ","","","","","","","","","","","","","","","","","","",""
"1986-04-10 00:00","1986","04","10","00:00"," ","","","","","","","","","","","","","","","","","","",""
"1986-04-10 01:00","1986","04","10","01:00"," ","","","","","","","","","","","","","","","","","","",""
"1986-04-10 02:00","1986","04","10","02:00"," ","","","","","","","","","","","","","","","","","","",""
"1986-04-10 03:00","1986","04","10","03:00"," ","","","","","","","","","","","","","","","","","","",""
"1986-04-10 04:00","1986","04","10","04:00"," ","","","","","","","","","","","","","","","","","","",""
"1986-04-10 05:00","1986","04","10","05:00"," ","","","","","","","","","","","","","","","","","","",""
"1986-04-10 06:00","1986","04","10","06:00"," ","2,00","","1,10","","94,00","","0,00","","0,00","","25,00","","102,48","","","","","","Généralement nuageux"
"1986-04-10 07:00","1986","04","10","07:00"," ","3,20","","1,60","","89,00","","0,00","","0,00","","25,00","","102,45","","","","","","Généralement nuageux"
"1986-04-10 08:00","1986","04","10","08:00"," ","6,90","","2,20","","72,00","","33,00","","7,00","","25,00","","102,48","","","","","","Généralement nuageux"
"1986-04-10 09:00","1986","04","10","09:00"," ","8,90","","2,70","","65,00","","28,00","","15,00","","25,00","","102,41","","","","","","Généralement nuageux"
"1986-04-10 10:00","1986","04","10","10:00"," ","8,90","","3,20","","68,00","","27,00","","20,00","","25,00","","102,48","","","","","","Nuageux"
"1986-04-10 11:00","1986","04","10","11:00"," ","9,20","","2,20","","62,00","","29,00","","22,00","","25,00","","102,41","","","","","","Nuageux"
"1986-04-10 12:00","1986","04","10","12:00"," ","9,20","","3,20","","66,00","","30,00","","20,00","","25,00","","102,41","","","","","","Nuageux"
"1986-04-10 13:00","1986","04","10","13:00"," ","10,20","","2,90","","60,00","","27,00","","19,00","","25,00","","102,38","","","","","","Généralement nuageux"
"1986-04-10 14:00","1986","04","10","14:00"," ","10,00","","1,40","","55,00","","29,00","","24,00","","25,00","","102,28","","","","","","Généralement nuageux"
"1986-04-10 15:00","1986","04","10","15:00"," ","10,20","","0,80","","52,00","","29,00","","26,00","","25,00","","102,24","","","","","","Généralement nuageux"
"1986-04-10 16:00","1986","04","10","16:00"," ","9,50","","1,80","","59,00","","30,00","","22,00","","25,00","","102,17","","","","","","Généralement nuageux"
"1986-04-10 17:00","1986","04","10","17:00"," ","8,90","","3,60","","69,00","","28,00","","19,00","","25,00","","102,14","","","","","","Généralement nuageux"
"1986-04-10 18:00","1986","04","10","18:00"," ","7,80","","5,20","","84,00","","28,00","","19,00","","25,00","","102,07","","","","","","Généralement nuageux"
"1986-04-10 19:00","1986","04","10","19:00"," ","7,30","","2,80","","73,00","","28,00","","17,00","","25,00","","102,01","","","","","","Généralement nuageux"
"1986-04-10 20:00","1986","04","10","20:00"," ","7,20","","3,20","","76,00","","28,00","","6,00","","25,00","","102,04","","","","","","Généralement nuageux"
"1986-04-10 21:00","1986","04","10","21:00"," ","6,80","","4,10","","83,00","","28,00","","4,00","","25,00","","101,97","","","","","","Généralement nuageux"
"1986-04-10 22:00","1986","04","10","22:00"," ","","","","","","","","","","","","","","","","","","",""
"1986-04-10 23:00","1986","04","10","23:00"," ","","","","","","","","","","","","","","","","","","",""
"1986-04-11 00:00","1986","04","11","00:00"," ","","","","","","","","","","","","","","","","","","",""
"1986-04-11 01:00","1986","04","11","01:00"," ","","","","","","","","","","","","","","","","","","",""
"1986-04-11 02:00","1986","04","11","02:00"," ","","","","","","","","","","","","","","","","","","",""
"1986-04-11 03:00","1986","04","11","03:00"," ","","","","","","","","","","","","","","","","","","",""
"1986-04-11 04:00","1986","04","11","04:00"," ","","","","","","","","","","","","","","","","","","",""
"1986-04-11 05:00","1986","04","11","05:00"," ","","","","","","","","","","","","","","","","","","",""
"1986-04-11 06:00","1986","04","11","06:00"," ","4,30","","3,60","","95,00","","8,00","","9,00","","12,90","","101,06","","","","","","Pluie"
"1986-04-11 07:00","1986","04","11","07:00"," ","4,40","","3,20","","92,00","","8,00","","13,00","","14,50","","100,92","","","","","","Pluie"
"1986-04-11 08:00","1986","04","11","08:00"," ","4,60","","3,20","","91,00","","8,00","","9,00","","14,50","","100,86","","","","","","Pluie"
"1986-04-11 09:00","1986","04","11","09:00"," ","4,70","","3,60","","92,00","","9,00","","11,00","","12,90","","100,75","","","","","","Pluie"
"1986-04-11 10:00","1986","04","11","10:00"," ","5,10","","4,20","","94,00","","9,00","","9,00","","12,90","","100,69","","","","","","Pluie"
"1986-04-11 11:00","1986","04","11","11:00"," ","5,50","","4,20","","91,00","","7,00","","19,00","","16,10","","100,62","","","","","","Pluie"
"1986-04-11 12:00","1986","04","11","12:00"," ","6,30","","4,90","","91,00","","6,00","","4,00","","25,00","","100,52","","","","","","Pluie"
"1986-04-11 13:00","1986","04","11","13:00"," ","6,80","","5,80","","93,00","","0,00","","0,00","","12,90","","100,48","","","","","","Pluie"
"1986-04-11 14:00","1986","04","11","14:00"," ","7,20","","5,80","","91,00","","12,00","","11,00","","9,70","","100,45","","","","","","Pluie,Brouillard"
"1986-04-11 15:00","1986","04","11","15:00"," ","7,20","","5,80","","91,00","","22,00","","11,00","","12,90","","100,38","","","","","","Averses de pluie"
"1986-04-11 16:00","1986","04","11","16:00"," ","7,80","","6,40","","91,00","","27,00","","13,00","","19,30","","100,32","","","","","","Averses de pluie"
"1986-04-11 17:00","1986","04","11","17:00"," ","7,10","","5,40","","89,00","","28,00","","7,00","","24,10","","100,28","","","","","","Averses de pluie"
"1986-04-11 18:00","1986","04","11","18:00"," ","6,20","","4,80","","90,00","","32,00","","11,00","","24,10","","100,28","","","","","","Averses de pluie"
"1986-04-11 19:00","1986","04","11","19:00"," ","6,00","","4,80","","92,00","","33,00","","4,00","","25,00","","100,28","","","","","","Généralement nuageux"
"1986-04-11 20:00","1986","04","11","20:00"," ","5,40","","4,20","","92,00","","0,00","","0,00","","25,00","","100,32","","","","","","Généralement nuageux"
"1986-04-11 21:00","1986","04","11","21:00"," ","4,90","","4,20","","95,00","","0,00","","0,00","","25,00","","100,32","","","","","","Nuageux"
"1986-04-11 22:00","1986","04","11","22:00"," ","","","","","","","","","","","","","","","","","","",""
"1986-04-11 23:00","1986","04","11","23:00"," ","","","","","","","","","","","","","","","","","","",""
"1986-04-12 00:00","1986","04","12","00:00"," ","","","","","","","","","","","","","","","","","","",""
"1986-04-12 01:00","1986","04","12","01:00"," ","","","","","","","","","","","","","","","","","","",""
"1986-04-12 02:00","1986","04","12","02:00"," ","","","","","","","","","","","","","","","","","","",""
"1986-04-12 03:00","1986","04","12","03:00"," ","","","","","","","","","","","","","","","","","","",""
"1986-04-12 04:00","1986","04","12","04:00"," ","","","","","","","","","","","","","","","","","","",""
"1986-04-12 05:00","1986","04","12","05:00"," ","","","","","","","","","","","","","","","","","","",""
"1986-04-12 06:00","1986","04","12","06:00"," ","2,30","","1,60","","95,00","","0,00","","0,00","","25,00","","100,52","","","","","","Généralement nuageux"
"1986-04-12 07:00","1986","04","12","07:00"," ","4,20","","3,10","","92,00","","0,00","","0,00","","25,00","","100,55","","","","","","Généralement nuageux"
"1986-04-12 08:00","1986","04","12","08:00"," ","6,40","","5,30","","93,00","","1,00","","4,00","","25,00","","100,62","","","","","","Généralement nuageux"
"1986-04-12 09:00","1986","04","12","09:00"," ","7,40","","5,50","","88,00","","0,00","","0,00","","25,00","","100,69","","","","","","Généralement nuageux"
"1986-04-12 10:00","1986","04","12","10:00"," ","8,20","","6,40","","88,00","","19,00","","4,00","","25,00","","100,72","","","","","","Généralement nuageux"
"1986-04-12 11:00","1986","04","12","11:00"," ","9,00","","4,50","","73,00","","21,00","","11,00","","25,00","","100,75","","","","","","Généralement dégagé"
"1986-04-12 12:00","1986","04","12","12:00"," ","10,30","","5,40","","72,00","","24,00","","15,00","","25,00","","100,75","","","","","","Généralement dégagé"
"1986-04-12 13:00","1986","04","12","13:00"," ","10,90","","4,20","","63,00","","24,00","","22,00","","25,00","","100,82","","","","","","Généralement dégagé"
"1986-04-12 14:00","1986","04","12","14:00"," ","11,00","","3,70","","61,00","","28,00","","13,00","","25,00","","100,79","","","","","","Généralement dégagé"
"1986-04-12 15:00","1986","04","12","15:00"," ","11,60","","3,30","","57,00","","27,00","","15,00","","25,00","","100,82","","","","","","Généralement dégagé"
"1986-04-12 16:00","1986","04","12","16:00"," ","11,60","","3,80","","59,00","","27,00","","19,00","","25,00","","100,82","","","","","","Généralement dégagé"
"1986-04-12 17:00","1986","04","12","17:00"," ","10,50","","4,50","","66,00","","28,00","","19,00","","25,00","","100,86","","","","","","Généralement dégagé"
"1986-04-12 18:00","1986","04","12","18:00"," ","8,70","","4,00","","72,00","","29,00","","22,00","","25,00","","100,86","","","","","","Généralement dégagé"
"1986-04-12 19:00","1986","04","12","19:00"," ","7,50","","3,70","","77,00","","30,00","","22,00","","25,00","","100,89","","","","","","Généralement dégagé"
"1986-04-12 20:00","1986","04","12","20:00"," ","6,50","","3,10","","79,00","","29,00","","15,00","","25,00","","100,96","","","","","","Généralement dégagé"
"1986-04-12 21:00","1986","04","12","21:00"," ","6,00","","3,40","","83,00","","30,00","","7,00","","25,00","","100,99","","","","","","Dégagé"
"1986-04-12 22:00","1986","04","12","22:00"," ","","","","","","","","","","","","","","","","","","",""
"1986-04-12 23:00","1986","04","12","23:00"," ","","","","","","","","","","","","","","","","","","",""
"1986-04-13 00:00","1986","04","13","00:00"," ","","","","","","","","","","","","","","","","","","",""
"1986-04-13 01:00","1986","04","13","01:00"," ","","","","","","","","","","","","","","","","","","",""
"1986-04-13 02:00","1986","04","13","02:00"," ","","","","","","","","","","","","","","","","","","",""
"1986-04-13 03:00","1986","04","13","03:00"," ","","","","","","","","","","","","","","","","","","",""
"1986-04-13 04:00","1986","04","13","04:00"," ","","","","","","","","","","","","","","","","","","",""
"1986-04-13 05:00","1986","04","13","05:00"," ","","","","","","","","","","","","","","","","","","",""
"1986-04-13 06:00","1986","04","13","06:00"," ","5,30","","-0,60","","66,00","","27,00","","9,00","","25,00","","101,40","","","","","","Généralement nuageux"
"1986-04-13 07:00","1986","04","13","07:00"," ","5,70","","-0,60","","64,00","","28,00","","15,00","","25,00","","101,46","","","","","","Généralement nuageux"
"1986-04-13 08:00","1986","04","13","08:00"," ","6,50","","-1,60","","56,00","","28,00","","15,00","","25,00","","101,53","","","","","","Nuageux"
"1986-04-13 09:00","1986","04","13","09:00"," ","6,60","","-0,90","","59,00","","29,00","","15,00","","25,00","","101,63","","","","","","Nuageux"
"1986-04-13 10:00","1986","04","13","10:00"," ","7,60","","-1,50","","52,00","","24,00","","7,00","","25,00","","101,70","","","","","","Nuageux"
"1986-04-13 11:00","1986","04","13","11:00"," ","8,40","","-0,10","","55,00","","21,00","","15,00","","25,00","","101,80","","","","","","Nuageux"
"1986-04-13 12:00","1986","04","13","12:00"," ","7,70","","-0,90","","54,00","","19,00","","7,00","","25,00","","101,80","","","","","","Nuageux"
"1986-04-13 13:00","1986","04","13","13:00"," ","7,70","","0,80","","61,00","","21,00","","15,00","","24,10","","101,84","","","","","","Nuageux"
"1986-04-13 14:00","1986","04","13","14:00"," ","6,90","","2,70","","75,00","","19,00","","20,00","","24,10","","101,87","","","","","","Averses de pluie"
"1986-04-13 15:00","1986","04","13","15:00"," ","6,40","","3,50","","82,00","","16,00","","15,00","","24,10","","101,87","","","","","","Averses de pluie"
"1986-04-13 16:00","1986","04","13","16:00"," ","5,70","","2,90","","82,00","","14,00","","17,00","","19,30","","101,87","","","","","","Pluie"
"1986-04-13 17:00","1986","04","13","17:00"," ","5,30","","4,20","","93,00","","11,00","","9,00","","19,30","","101,80","","","","","","Pluie"
"1986-04-13 18:00","1986","04","13","18:00"," ","5,20","","3,70","","90,00","","9,00","","19,00","","19,30","","101,80","","","","","","Pluie"
"1986-04-13 19:00","1986","04","13","19:00"," ","4,90","","3,30","","89,00","","7,00","","11,00","","24,10","","101,74","","","","","","Pluie"
"1986-04-13 20:00","1986","04","13","20:00"," ","4,80","","3,70","","93,00","","9,00","","13,00","","24,10","","101,74","","","","","","Pluie"
"1986-04-13 21:00","1986","04","13","21:00"," ","4,80","","3,70","","93,00","","9,00","","15,00","","24,10","","101,70","","","","","","Pluie"
"1986-04-13 22:00","1986","04","13","22:00"," ","","","","","","","","","","","","","","","","","","",""
"1986-04-13 23:00","1986","04","13","23:00"," ","","","","","","","","","","","","","","","","","","",""
"1986-04-14 00:00","1986","04","14","00:00"," ","","","","","","","","","","","","","","","","","","",""
"1986-04-14 01:00","1986","04","14","01:00"," ","","","","","","","","","","","","","","","","","","",""
"1986-04-14 02:00","1986","04","14","02:00"," ","","","","","","","","","","","","","","","","","","",""
"1986-04-14 03:00","1986","04","14","03:00"," ","","","","","","","","","","","","","","","","","","",""
"1986-04-14 04:00","1986","04","14","04:00"," ","","","","","","","","","","","","","","","","","","",""
"1986-04-14 05:00","1986","04","14","05:00"," ","","","","","","","","","","","","","","","","","","",""
"1986-04-14 06:00","1986","04","14","06:00"," ","5,20","","1,40","","76,00","","8,00","","6,00","","25,00","","101,16","","","","","","Nuageux"
"1986-04-14 07:00","1986","04","14","07:00"," ","5,50","","2,00","","78,00","","9,00","","6,00","","25,00","","101,16","","","","","","Nuageux"
"1986-04-14 08:00","1986","04","14","08:00"," ","7,20","","2,70","","73,00","","8,00","","9,00","","25,00","","101,16","","","","","","Nuageux"
"1986-04-14 09:00","1986","04","14","09:00"," ","8,30","","2,50","","67,00","","8,00","","4,00","","25,00","","101,13","","","","","","Nuageux"
"1986-04-14 10:00","1986","04","14","10:00"," ","9,60","","0,70","","54,00","","8,00","","13,00","","25,00","","101,09","","","","","","Nuageux"
"1986-04-14 11:00","1986","04","14","11:00"," ","10,30","","2,60","","59,00","","12,00","","15,00","","25,00","","101,06","","","","","","Nuageux"
"1986-04-14 12:00","1986","04","14","12:00"," ","10,70","","0,40","","49,00","","12,00","","15,00","","25,00","","101,03","","","","","","Nuageux"
"1986-04-14 13:00","1986","04","14","13:00"," ","9,90","","1,90","","57,00","","11,00","","13,00","","25,00","","100,99","","","","","","Averses de pluie"
"1986-04-14 14:00","1986","04","14","14:00"," ","9,70","","2,30","","60,00","","8,00","","15,00","","25,00","","100,96","","","","","","Nuageux"
"1986-04-14 15:00","1986","04","14","15:00"," ","11,40","","3,30","","57,00","","7,00","","11,00","","25,00","","100,89","","","","","","Généralement nuageux"
"1986-04-14 16:00","1986","04","14","16:00"," ","12,00","","2,50","","52,00","","9,00","","7,00","","25,00","","100,82","","","","","","Généralement nuageux"
"1986-04-14 17:00","1986","04","14","17:00"," ","11,80","","3,00","","55,00","","5,00","","15,00","","25,00","","100,79","","","","","","Généralement nuageux"
"1986-04-14 18:00","1986","04","14","18:00"," ","11,00","","2,20","","55,00","","4,00","","15,00","","25,00","","100,75","","","","","","Généralement nuageux"
"1986-04-14 19:00","1986","04","14","19:00"," ","9,90","","1,90","","57,00","","5,00","","9,00","","25,00","","100,72","","","","","","Généralement nuageux"
"1986-04-14 20:00","1986","04","14","20:00"," ","9,90","","1,40","","55,00","","6,00","","6,00","","25,00","","100,72","","","","","","Généralement dégagé"
"1986-04-14 21:00","1986","04","14","21:00"," ","9,30","","3,80","","68,00","","12,00","","15,00","","25,00","","100,82","","","","","","Pluie"
"1986-04-14 22:00","1986","04","14","22:00"," ","","","","","","","","","","","","","","","","","","",""
"1986-04-14 23:00","1986","04","14","23:00"," ","","","","","","","","","","","","","","","","","","",""
"1986-04-15 00:00","1986","04","15","00:00"," ","","","","","","","","","","","","","","","","","","",""
"1986-04-15 01:00","1986","04","15","01:00"," ","","","","","","","","","","","","","","","","","","",""
"1986-04-15 02:00","1986","04","15","02:00"," ","","","","","","","","","","","","","","","","","","",""
"1986-04-15 03:00","1986","04","15","03:00"," ","","","","","","","","","","","","","","","","","","",""
"1986-04-15 04:00","1986","04","15","04:00"," ","","","","","","","","","","","","","","","","","","",""
"1986-04-15 05:00","1986","04","15","05:00"," ","","","","","","","","","","","","","","","","","","",""
"1986-04-15 06:00","1986","04","15","06:00"," ","7,30","","6,30","","93,00","","0,00","","0,00","","25,00","","100,42","","","","","","Nuageux"
"1986-04-15 07:00","1986","04","15","07:00"," ","7,70","","5,50","","86,00","","15,00","","9,00","","19,30","","100,42","","","","","","Averses de pluie"
"1986-04-15 08:00","1986","04","15","08:00"," ","7,60","","6,30","","91,00","","14,00","","15,00","","12,90","","100,48","","","","","","Averses de pluie"
"1986-04-15 09:00","1986","04","15","09:00"," ","6,30","","4,40","","88,00","","22,00","","28,00","","11,30","","100,55","","","","","","Averses de pluie modérées"
"1986-04-15 10:00","1986","04","15","10:00"," ","5,60","","4,20","","91,00","","9,00","","7,00","","24,10","","100,62","","","","","","Averses de pluie"
"1986-04-15 11:00","1986","04","15","11:00"," ","6,80","","5,40","","91,00","","8,00","","6,00","","25,00","","100,65","","","","","","Généralement nuageux"
"1986-04-15 12:00","1986","04","15","12:00"," ","8,50","","3,50","","71,00","","0,00","","0,00","","25,00","","100,62","","","","","","Généralement nuageux"
"1986-04-15 13:00","1986","04","15","13:00"," ","9,50","","5,60","","77,00","","0,00","","0,00","","25,00","","100,62","","","","","","Généralement dégagé"
"1986-04-15 14:00","1986","04","15","14:00"," ","10,40","","5,40","","71,00","","16,00","","22,00","","25,00","","100,59","","","","","","Généralement dégagé"
"1986-04-15 15:00","1986","04","15","15:00"," ","9,50","","4,20","","70,00","","15,00","","22,00","","25,00","","100,55","","","","","","Généralement dégagé"
"1986-04-15 16:00","1986","04","15","16:00"," ","10,40","","5,40","","71,00","","15,00","","19,00","","25,00","","100,52","","","","","","Généralement dégagé"
"1986-04-15 17:00","1986","04","15","17:00"," ","9,90","","5,30","","73,00","","16,00","","19,00","","25,00","","100,48","","","","","","Généralement dégagé"
"1986-04-15 18:00","1986","04","15","18:00"," ","9,60","","3,30","","65,00","","6,00","","13,00","","25,00","","100,42","","","","","","Généralement dégagé"
"1986-04-15 19:00","1986","04","15","19:00"," ","8,10","","2,90","","70,00","","9,00","","9,00","","25,00","","100,38","","","","","","Généralement dégagé"
"1986-04-15 20:00","1986","04","15","20:00"," ","6,90","","3,20","","77,00","","7,00","","9,00","","25,00","","100,38","","","","","","Généralement dégagé"
"1986-04-15 21:00","1986","04","15","21:00"," ","6,20","","3,00","","80,00","","9,00","","9,00","","25,00","","100,32","","","","","","Généralement nuageux"
"1986-04-15 22:00","1986","04","15","22:00"," ","","","","","","","","","","","","","","","","","","",""
"1986-04-15 23:00","1986","04","15","23:00"," ","","","","","","","","","","","","","","","","","","",""
"1986-04-16 00:00","1986","04","16","00:00"," ","","","","","","","","","","","","","","","","","","",""
"1986-04-16 01:00","1986","04","16","01:00"," ","","","","","","","","","","","","","","","","","","",""
"1986-04-16 02:00","1986","04","16","02:00"," ","","","","","","","","","","","","","","","","","","",""
"1986-04-16 03:00","1986","04","16","03:00"," ","","","","","","","","","","","","","","","","","","",""
"1986-04-16 04:00","1986","04","16","04:00"," ","","","","","","","","","","","","","","","","","","",""
"1986-04-16 05:00","1986","04","16","05:00"," ","","","","","","","","","","","","","","","","","","",""
"1986-04-16 06:00","1986","04","16","06:00"," ","6,30","","4,00","","85,00","","9,00","","9,00","","25,00","","100,25","","","","","","Généralement nuageux"
"1986-04-16 07:00","1986","04","16","07:00"," ","7,50","","3,30","","75,00","","0,00","","0,00","","25,00","","100,32","","","","","","Nuageux"
"1986-04-16 08:00","1986","04","16","08:00"," ","8,70","","2,50","","65,00","","9,00","","7,00","","25,00","","100,35","","","","","","Généralement nuageux"
"1986-04-16 09:00","1986","04","16","09:00"," ","9,80","","3,90","","67,00","","18,00","","9,00","","25,00","","100,38","","","","","","Généralement nuageux"
"1986-04-16 10:00","1986","04","16","10:00"," ","9,40","","3,80","","68,00","","18,00","","15,00","","25,00","","100,42","","","","","","Généralement nuageux"
"1986-04-16 11:00","1986","04","16","11:00"," ","8,70","","4,40","","74,00","","18,00","","19,00","","25,00","","100,48","","","","","","Généralement nuageux"
"1986-04-16 12:00","1986","04","16","12:00"," ","9,60","","4,20","","69,00","","18,00","","19,00","","25,00","","100,52","","","","","","Généralement nuageux"
"1986-04-16 13:00","1986","04","16","13:00"," ","10,40","","6,70","","78,00","","16,00","","19,00","","25,00","","100,55","","","","","","Généralement nuageux"
"1986-04-16 14:00","1986","04","16","14:00"," ","8,80","","6,30","","84,00","","13,00","","9,00","","25,00","","100,62","","","","","","Averses de pluie"
"1986-04-16 15:00","1986","04","16","15:00"," ","8,40","","7,00","","91,00","","14,00","","15,00","","25,00","","100,69","","","","","","Averses de pluie"
"1986-04-16 16:00","1986","04","16","16:00"," ","8,50","","6,60","","88,00","","17,00","","13,00","","25,00","","100,75","","","","","","Nuageux"
"1986-04-16 17:00","1986","04","16","17:00"," ","8,30","","6,70","","90,00","","21,00","","13,00","","25,00","","100,79","","","","","","Averses de pluie"
"1986-04-16 18:00","1986","04","16","18:00"," ","8,30","","7,00","","92,00","","21,00","","6,00","","16,10","","100,82","","","","","","Averses de pluie"
"1986-04-16 19:00","1986","04","16","19:00"," ","8,10","","6,80","","91,00","","0,00","","0,00","","25,00","","100,86","","","","","","Généralement nuageux"
"1986-04-16 20:00","1986","04","16","20:00"," ","7,80","","7,20","","96,00","","0,00","","0,00","","25,00","","100,96","","","","","","Généralement nuageux"
"1986-04-16 21:00","1986","04","16","21:00"," ","7,60","","6,30","","91,00","","0,00","","0,00","","25,00","","101,03","","","","","","Généralement nuageux"
"1986-04-16 22:00","1986","04","16","22:00"," ","","","","","","","","","","","","","","","","","","",""
"1986-04-16 23:00","1986","04","16","23:00"," ","","","","","","","","","","","","","","","","","","",""
"1986-04-17 00:00","1986","04","17","00:00"," ","","","","","","","","","","","","","","","","","","",""
"1986-04-17 01:00","1986","04","17","01:00"," ","","","","","","","","","","","","","","","","","","",""
"1986-04-17 02:00","1986","04","17","02:00"," ","","","","","","","","","","","","","","","","","","",""
"1986-04-17 03:00","1986","04","17","03:00"," ","","","","","","","","","","","","","","","","","","",""
"1986-04-17 04:00","1986","04","17","04:00"," ","","","","","","","","","","","","","","","","","","",""
"1986-04-17 05:00","1986","04","17","05:00"," ","","","","","","","","","","","","","","","","","","",""
"1986-04-17 06:00","1986","04","17","06:00"," ","5,80","","5,20","","96,00","","0,00","","0,00","","25,00","","101,63","","","","","","Généralement nuageux"
"1986-04-17 07:00","1986","04","17","07:00"," ","6,90","","6,20","","96,00","","0,00","","0,00","","25,00","","101,70","","","","","","Généralement nuageux"
"1986-04-17 08:00","1986","04","17","08:00"," ","7,60","","6,90","","95,00","","30,00","","19,00","","19,30","","101,80","","","","","","Averses de pluie"
"1986-04-17 09:00","1986","04","17","09:00"," ","8,10","","6,00","","87,00","","30,00","","24,00","","24,10","","101,87","","","","","","Généralement nuageux"
"1986-04-17 10:00","1986","04","17","10:00"," ","9,00","","4,50","","73,00","","31,00","","22,00","","25,00","","101,94","","","","","","Généralement nuageux"
"1986-04-17 11:00","1986","04","17","11:00"," ","8,80","","3,60","","70,00","","28,00","","24,00","","25,00","","102,04","","","","","","Généralement nuageux"
"1986-04-17 12:00","1986","04","17","12:00"," ","9,30","","4,20","","71,00","","28,00","","28,00","","25,00","","102,14","","","","","","Nuageux"
"1986-04-17 13:00","1986","04","17","13:00"," ","9,70","","2,30","","60,00","","29,00","","26,00","","25,00","","102,17","","","","","","Nuageux"
"1986-04-17 14:00","1986","04","17","14:00"," ","9,80","","2,90","","62,00","","28,00","","28,00","","25,00","","102,28","","","","","","Nuageux"
"1986-04-17 15:00","1986","04","17","15:00"," ","9,40","","0,70","","55,00","","28,00","","30,00","","25,00","","102,28","","","","","","Nuageux"
"1986-04-17 16:00","1986","04","17","16:00"," ","8,90","","1,70","","61,00","","28,00","","22,00","","25,00","","102,34","","","","","","Généralement nuageux"
"1986-04-17 17:00","1986","04","17","17:00"," ","8,90","","1,70","","61,00","","29,00","","20,00","","25,00","","102,38","","","","","","Généralement nuageux"
"1986-04-17 18:00","1986","04","17","18:00"," ","8,40","","2,00","","64,00","","29,00","","19,00","","25,00","","102,45","","","","","","Nuageux"
"1986-04-17 19:00","1986","04","17","19:00"," ","7,80","","1,40","","64,00","","30,00","","22,00","","25,00","","102,51","","","","","","Nuageux"
"1986-04-17 20:00","1986","04","17","20:00"," ","6,90","","2,20","","72,00","","31,00","","9,00","","25,00","","102,58","","","","","","Généralement nuageux"
"1986-04-17 21:00","1986","04","17","21:00"," ","5,40","","2,00","","79,00","","0,00","","0,00","","25,00","","102,61","","","","","","Généralement nuageux"
"1986-04-17 22:00","1986","04","17","22:00"," ","","","","","","","","","","","","","","","","","","",""
"1986-04-17 23:00","1986","04","17","23:00"," ","","","","","","","","","","","","","","","","","","",""
"1986-04-18 00:00","1986","04","18","00:00"," ","","","","","","","","","","","","","","","","","","",""
"1986-04-18 01:00","1986","04","18","01:00"," ","","","","","","","","","","","","","","","","","","",""
"1986-04-18 02:00","1986","04","18","02:00"," ","","","","","","","","","","","","","","","","","","",""
"1986-04-18 03:00","1986","04","18","03:00"," ","","","","","","","","","","","","","","","","","","",""
"1986-04-18 04:00","1986","04","18","04:00"," ","","","","","","","","","","","","","","","","","","",""
"1986-04-18 05:00","1986","04","18","05:00"," ","","","","","","","","","","","","","","","","","","",""
"1986-04-18 06:00","1986","04","18","06:00"," ","5,60","","5,10","","97,00","","6,00","","9,00","","6,40","","102,58","","","","","","Pluie modérée,Brouillard"
"1986-04-18 07:00","1986","04","18","07:00"," ","6,00","","5,20","","95,00","","7,00","","4,00","","12,90","","102,58","","","","","","Pluie"
"1986-04-18 08:00","1986","04","18","08:00"," ","6,50","","6,10","","97,00","","3,00","","4,00","","11,30","","102,61","","","","","","Pluie modérée"
"1986-04-18 09:00","1986","04","18","09:00"," ","8,30","","7,70","","96,00","","18,00","","7,00","","8,00","","102,58","","","","","","Pluie,Brouillard"
"1986-04-18 10:00","1986","04","18","10:00"," ","8,70","","7,70","","93,00","","18,00","","22,00","","11,30","","102,58","","","","","","Pluie"
"1986-04-18 11:00","1986","04","18","11:00"," ","8,70","","7,40","","91,00","","18,00","","22,00","","11,30","","102,58","","","","","","Pluie"
"1986-04-18 12:00","1986","04","18","12:00"," ","9,10","","7,90","","92,00","","18,00","","19,00","","12,90","","102,58","","","","","","Pluie"
"1986-04-18 13:00","1986","04","18","13:00"," ","9,10","","7,50","","90,00","","18,00","","15,00","","12,90","","102,58","","","","","","Pluie"
"1986-04-18 14:00","1986","04","18","14:00"," ","9,20","","8,30","","94,00","","19,00","","17,00","","8,00","","102,58","","","","","","Pluie,Brouillard"
"1986-04-18 15:00","1986","04","18","15:00"," ","9,30","","8,40","","94,00","","19,00","","19,00","","12,90","","102,51","","","","","","Averses de pluie"
"1986-04-18 16:00","1986","04","18","16:00"," ","8,90","","7,90","","93,00","","17,00","","20,00","","6,40","","102,51","","","","","","Pluie,Brouillard"
"1986-04-18 17:00","1986","04","18","17:00"," ","8,90","","7,90","","93,00","","16,00","","22,00","","9,70","","102,48","","","","","","Pluie,Brouillard"
"1986-04-18 18:00","1986","04","18","18:00"," ","8,90","","7,90","","93,00","","16,00","","22,00","","9,70","","102,41","","","","","","Pluie,Brouillard"
"1986-04-18 19:00","1986","04","18","19:00"," ","8,90","","8,30","","96,00","","17,00","","24,00","","8,00","","102,41","","","","","","Pluie,Brouillard"
"1986-04-18 20:00","1986","04","18","20:00"," ","9,20","","7,90","","91,00","","17,00","","22,00","","12,90","","102,41","","","","","","Pluie"
"1986-04-18 21:00","1986","04","18","21:00"," ","9,20","","7,90","","91,00","","16,00","","24,00","","9,70","","102,41","","","","","","Pluie,Brouillard"
"1986-04-18 22:00","1986","04","18","22:00"," ","","","","","","","","","","","","","","","","","","",""
"1986-04-18 23:00","1986","04","18","23:00"," ","","","","","","","","","","","","","","","","","","",""
"1986-04-19 00:00","1986","04","19","00:00"," ","","","","","","","","","","","","","","","","","","",""
"1986-04-19 01:00","1986","04","19","01:00"," ","","","","","","","","","","","","","","","","","","",""
"1986-04-19 02:00","1986","04","19","02:00"," ","","","","","","","","","","","","","","","","","","",""
"1986-04-19 03:00","1986","04","19","03:00"," ","","","","","","","","","","","","","","","","","","",""
"1986-04-19 04:00","1986","04","19","04:00"," ","","","","","","","","","","","","","","","","","","",""
"1986-04-19 05:00","1986","04","19","05:00"," ","","","","","","","","","","","","","","","","","","",""
"1986-04-19 06:00","1986","04","19","06:00"," ","8,80","","8,30","","97,00","","13,00","","19,00","","9,70","","102,28","","","","","","Pluie modérée,Brouillard"
"1986-04-19 07:00","1986","04","19","07:00"," ","8,70","","7,70","","93,00","","13,00","","22,00","","6,40","","102,28","","","","","","Pluie modérée,Brouillard"
"1986-04-19 08:00","1986","04","19","08:00"," ","8,50","","7,70","","95,00","","13,00","","19,00","","8,00","","102,31","","","","","","Pluie modérée,Brouillard"
"1986-04-19 09:00","1986","04","19","09:00"," ","8,50","","7,70","","95,00","","13,00","","26,00","","8,00","","102,34","","","","","","Pluie modérée,Brouillard"
"1986-04-19 10:00","1986","04","19","10:00"," ","8,60","","7,70","","94,00","","13,00","","24,00","","6,40","","102,38","","","","","","Pluie modérée,Brouillard"
"1986-04-19 11:00","1986","04","19","11:00"," ","8,90","","8,30","","96,00","","13,00","","22,00","","4,80","","102,41","","","","","","Pluie modérée,Brouillard"
"1986-04-19 12:00","1986","04","19","12:00"," ","9,30","","8,80","","97,00","","13,00","","19,00","","4,00","","102,45","","","","","","Pluie modérée,Brouillard"
"1986-04-19 13:00","1986","04","19","13:00"," ","9,40","","8,80","","96,00","","13,00","","19,00","","2,40","","102,48","","","","","","Pluie forte,Brouillard"
"1986-04-19 14:00","1986","04","19","14:00"," ","9,60","","8,80","","95,00","","12,00","","20,00","","2,00","","102,45","","","","","","Pluie modérée,Brouillard"
"1986-04-19 15:00","1986","04","19","15:00"," ","9,60","","9,10","","97,00","","13,00","","24,00","","1,60","","102,45","","","","","","Pluie forte,Brouillard"
"1986-04-19 16:00","1986","04","19","16:00"," ","9,70","","9,10","","96,00","","13,00","","22,00","","1,60","","102,48","","","","","","Pluie forte,Brouillard"
"1986-04-19 17:00","1986","04","19","17:00"," ","9,80","","9,60","","99,00","","12,00","","22,00","","1,60","","102,41","","","","","","Pluie forte,Brouillard"
"1986-04-19 18:00","1986","04","19","18:00"," ","9,70","","9,10","","96,00","","11,00","","15,00","","1,60","","102,45","","","","","","Pluie forte,Brouillard"
"1986-04-19 19:00","1986","04","19","19:00"," ","9,60","","9,10","","97,00","","16,00","","11,00","","2,00","","102,41","","","","","","Pluie modérée,Brouillard"
"1986-04-19 20:00","1986","04","19","20:00"," ","9,40","","9,10","","98,00","","13,00","","15,00","","1,60","","102,41","","","","","","Pluie modérée,Brouillard"
"1986-04-19 21:00","1986","04","19","21:00"," ","9,30","","9,10","","99,00","","11,00","","13,00","","1,20","","102,45","","","","","","Pluie forte,Brouillard"
"1986-04-19 22:00","1986","04","19","22:00"," ","","","","","","","","","","","","","","","","","","",""
"1986-04-19 23:00","1986","04","19","23:00"," ","","","","","","","","","","","","","","","","","","",""
"1986-04-20 00:00","1986","04","20","00:00"," ","","","","","","","","","","","","","","","","","","",""
"1986-04-20 01:00","1986","04","20","01:00"," ","","","","","","","","","","","","","","","","","","",""
"1986-04-20 02:00","1986","04","20","02:00"," ","","","","","","","","","","","","","","","","","","",""
"1986-04-20 03:00","1986","04","20","03:00"," ","","","","","","","","","","","","","","","","","","",""
"1986-04-20 04:00","1986","04","20","04:00"," ","","","","","","","","","","","","","","","","","","",""
"1986-04-20 05:00","1986","04","20","05:00"," ","","","","","","","","","","","","","","","","","","",""
"1986-04-20 06:00","1986","04","20","06:00"," ","9,00","","8,30","","95,00","","12,00","","4,00","","19,30","","102,21","","","","","","Pluie"
"1986-04-20 07:00","1986","04","20","07:00"," ","9,10","","8,30","","95,00","","12,00","","13,00","","2,80","","102,34","","","","","","Pluie,Brouillard"
"1986-04-20 08:00","1986","04","20","08:00"," ","9,30","","8,80","","97,00","","8,00","","9,00","","11,30","","102,34","","","","","","Pluie"
"1986-04-20 09:00","1986","04","20","09:00"," ","9,50","","8,80","","95,00","","12,00","","11,00","","16,10","","102,28","","","","","","Pluie"
"1986-04-20 10:00","1986","04","20","10:00"," ","9,80","","8,90","","94,00","","13,00","","7,00","","19,30","","102,31","","","","","","Nuageux"
"1986-04-20 11:00","1986","04","20","11:00"," ","9,70","","8,80","","94,00","","14,00","","9,00","","2,40","","102,34","","","","","","Pluie,Brouillard"
"1986-04-20 12:00","1986","04","20","12:00"," ","9,90","","9,30","","96,00","","14,00","","13,00","","3,20","","102,28","","","","","","Bruine,Brouillard"
"1986-04-20 13:00","1986","04","20","13:00"," ","10,20","","9,30","","94,00","","13,00","","13,00","","2,40","","102,28","","","","","","Pluie,Brouillard"
"1986-04-20 14:00","1986","04","20","14:00"," ","10,40","","9,90","","97,00","","13,00","","7,00","","2,40","","102,24","","","","","","Pluie,Brouillard"
"1986-04-20 15:00","1986","04","20","15:00"," ","10,40","","9,80","","96,00","","15,00","","11,00","","2,40","","102,24","","","","","","Bruine,Brouillard"
"1986-04-20 16:00","1986","04","20","16:00"," ","10,00","","9,30","","95,00","","13,00","","9,00","","3,20","","102,21","","","","","","Bruine,Brouillard"
"1986-04-20 17:00","1986","04","20","17:00"," ","10,00","","8,90","","93,00","","17,00","","9,00","","4,80","","102,17","","","","","","Brouillard"
"1986-04-20 18:00","1986","04","20","18:00"," ","9,80","","8,90","","94,00","","16,00","","11,00","","6,40","","102,07","","","","","","Brouillard"
"1986-04-20 19:00","1986","04","20","19:00"," ","9,60","","8,80","","95,00","","18,00","","7,00","","4,80","","102,07","","","","","","Brouillard"
"1986-04-20 20:00","1986","04","20","20:00"," ","9,40","","8,80","","96,00","","0,00","","0,00","","3,20","","102,04","","","","","","Brouillard"
"1986-04-20 21:00","1986","04","20","21:00"," ","9,30","","9,10","","99,00","","0,00","","0,00","","1,20","","102,04","","","","","","Brouillard"
"1986-04-20 22:00","1986","04","20","22:00"," ","","","","","","","","","","","","","","","","","","",""
"1986-04-20 23:00","1986","04","20","23:00"," ","","","","","","","","","","","","","","","","","","",""
"1986-04-21 00:00","1986","04","21","00:00"," ","","","","","","","","","","","","","","","","","","",""
"1986-04-21 01:00","1986","04","21","01:00"," ","","","","","","","","","","","","","","","","","","",""
"1986-04-21 02:00","1986","04","21","02:00"," ","","","","","","","","","","","","","","","","","","",""
"1986-04-21 03:00","1986","04","21","03:00"," ","","","","","","","","","","","","","","","","","","",""
"1986-04-21 04:00","1986","04","21","04:00"," ","","","","","","","","","","","","","","","","","","",""
"1986-04-21 05:00","1986","04","21","05:00"," ","","","","","","","","","","","","","","","","","","",""
"1986-04-21 06:00","1986","04","21","06:00"," ","7,90","","6,80","","93,00","","29,00","","7,00","","11,30","","101,70","","","","","","Nuageux"
"1986-04-21 07:00","1986","04","21","07:00"," ","8,00","","6,80","","92,00","","30,00","","9,00","","16,10","","101,67","","","","","","Nuageux"
"1986-04-21 08:00","1986","04","21","08:00"," ","8,50","","7,40","","93,00","","29,00","","7,00","","16,10","","101,63","","","","","","Nuageux"
"1986-04-21 09:00","1986","04","21","09:00"," ","9,20","","7,10","","87,00","","29,00","","7,00","","16,10","","101,63","","","","","","Nuageux"
"1986-04-21 10:00","1986","04","21","10:00"," ","10,10","","7,40","","83,00","","26,00","","9,00","","16,10","","101,60","","","","","","Nuageux"
"1986-04-21 11:00","1986","04","21","11:00"," ","10,60","","7,50","","81,00","","27,00","","15,00","","16,10","","101,60","","","","","","Nuageux"
"1986-04-21 12:00","1986","04","21","12:00"," ","10,70","","6,70","","76,00","","28,00","","19,00","","25,00","","101,60","","","","","","Généralement nuageux"
"1986-04-21 13:00","1986","04","21","13:00"," ","10,80","","6,40","","74,00","","28,00","","22,00","","25,00","","101,57","","","","","","Généralement nuageux"
"1986-04-21 14:00","1986","04","21","14:00"," ","11,30","","5,70","","69,00","","28,00","","26,00","","25,00","","101,53","","","","","","Généralement nuageux"
"1986-04-21 15:00","1986","04","21","15:00"," ","11,90","","6,30","","69,00","","28,00","","20,00","","25,00","","101,50","","","","","","Généralement dégagé"
"1986-04-21 16:00","1986","04","21","16:00"," ","10,80","","4,60","","66,00","","27,00","","22,00","","25,00","","101,43","","","","","","Généralement dégagé"
"1986-04-21 17:00","1986","04","21","17:00"," ","9,30","","4,20","","71,00","","28,00","","24,00","","25,00","","101,40","","","","","","Généralement nuageux"
"1986-04-21 18:00","1986","04","21","18:00"," ","8,70","","4,40","","74,00","","27,00","","26,00","","25,00","","101,36","","","","","","Généralement nuageux"
"1986-04-21 19:00","1986","04","21","19:00"," ","8,30","","4,00","","74,00","","30,00","","19,00","","25,00","","101,36","","","","","","Nuageux"
"1986-04-21 20:00","1986","04","21","20:00"," ","7,90","","3,40","","73,00","","29,00","","22,00","","25,00","","101,33","","","","","","Nuageux"
"1986-04-21 21:00","1986","04","21","21:00"," ","7,80","","4,30","","79,00","","31,00","","15,00","","25,00","","101,36","","","","","","Généralement nuageux"
"1986-04-21 22:00","1986","04","21","22:00"," ","","","","","","","","","","","","","","","","","","",""
"1986-04-21 23:00","1986","04","21","23:00"," ","","","","","","","","","","","","","","","","","","",""
"1986-04-22 00:00","1986","04","22","00:00"," ","","","","","","","","","","","","","","","","","","",""
"1986-04-22 01:00","1986","04","22","01:00"," ","","","","","","","","","","","","","","","","","","",""
"1986-04-22 02:00","1986","04","22","02:00"," ","","","","","","","","","","","","","","","","","","",""
"1986-04-22 03:00","1986","04","22","03:00"," ","","","","","","","","","","","","","","","","","","",""
"1986-04-22 04:00","1986","04","22","04:00"," ","","","","","","","","","","","","","","","","","","",""
"1986-04-22 05:00","1986","04","22","05:00"," ","","","","","","","","","","","","","","","","","","",""
"1986-04-22 06:00","1986","04","22","06:00"," ","5,00","","-0,70","","66,00","","32,00","","13,00","","25,00","","101,53","","","","","","Dégagé"
"1986-04-22 07:00","1986","04","22","07:00"," ","6,40","","-0,50","","61,00","","29,00","","15,00","","25,00","","101,60","","","","","","Dégagé"
"1986-04-22 08:00","1986","04","22","08:00"," ","7,40","","-2,10","","51,00","","29,00","","22,00","","25,00","","101,63","","","","","","Dégagé"
"1986-04-22 09:00","1986","04","22","09:00"," ","8,00","","-2,60","","47,00","","30,00","","22,00","","25,00","","101,63","","","","","","Dégagé"
"1986-04-22 10:00","1986","04","22","10:00"," ","8,70","","-1,30","","49,00","","29,00","","28,00","","25,00","","101,67","","","","","","Dégagé"
"1986-04-22 11:00","1986","04","22","11:00"," ","8,90","","0,00","","54,00","","29,00","","22,00","","25,00","","101,70","","","","","","Dégagé"
"1986-04-22 12:00","1986","04","22","12:00"," ","9,10","","0,60","","55,00","","28,00","","28,00","","25,00","","101,70","","","","","","Dégagé"
"1986-04-22 13:00","1986","04","22","13:00"," ","9,40","","1,30","","57,00","","29,00","","33,00","","25,00","","101,70","","","","","","Généralement dégagé"
"1986-04-22 14:00","1986","04","22","14:00"," ","8,90","","0,60","","56,00","","28,00","","30,00","","25,00","","101,70","","","","","","Généralement dégagé"
"1986-04-22 15:00","1986","04","22","15:00"," ","9,00","","0,60","","56,00","","29,00","","31,00","","25,00","","101,70","","","","","","Généralement dégagé"
"1986-04-22 16:00","1986","04","22","16:00"," ","8,90","","1,10","","58,00","","28,00","","37,00","","25,00","","101,74","","","","","","Généralement dégagé"
"1986-04-22 17:00","1986","04","22","17:00"," ","8,40","","0,50","","58,00","","29,00","","33,00","","25,00","","101,70","","","","","","Généralement dégagé"
"1986-04-22 18:00","1986","04","22","18:00"," ","7,80","","0,90","","62,00","","28,00","","26,00","","25,00","","101,70","","","","","","Généralement dégagé"
"1986-04-22 19:00","1986","04","22","19:00"," ","7,00","","0,70","","64,00","","29,00","","22,00","","25,00","","101,70","","","","","","Généralement dégagé"
"1986-04-22 20:00","1986","04","22","20:00"," ","6,30","","1,10","","69,00","","28,00","","24,00","","25,00","","101,74","","","","","","Généralement dégagé"
"1986-04-22 21:00","1986","04","22","21:00"," ","6,30","","2,60","","77,00","","29,00","","22,00","","25,00","","101,84","","","","","","Généralement dégagé"
"1986-04-22 22:00","1986","04","22","22:00"," ","","","","","","","","","","","","","","","","","","",""
"1986-04-22 23:00","1986","04","22","23:00"," ","","","","","","","","","","","","","","","","","","",""
"1986-04-23 00:00","1986","04","23","00:00"," ","","","","","","","","","","","","","","","","","","",""
"1986-04-23 01:00","1986","04","23","01:00"," ","","","","","","","","","","","","","","","","","","",""
"1986-04-23 02:00","1986","04","23","02:00"," ","","","","","","","","","","","","","","","","","","",""
"1986-04-23 03:00","1986","04","23","03:00"," ","","","","","","","","","","","","","","","","","","",""
"1986-04-23 04:00","1986","04","23","04:00"," ","","","","","","","","","","","","","","","","","","",""
"1986-04-23 05:00","1986","04","23","05:00"," ","","","","","","","","","","","","","","","","","","",""
"1986-04-23 06:00","1986","04","23","06:00"," ","0,30","","-0,40","","95,00","","1,00","","6,00","","25,00","","102,01","","","","","","Dégagé"
"1986-04-23 07:00","1986","04","23","07:00"," ","3,40","","2,20","","92,00","","0,00","","0,00","","25,00","","102,04","","","","","","Généralement dégagé"
"1986-04-23 08:00","1986","04","23","08:00"," ","7,00","","0,20","","62,00","","28,00","","6,00","","25,00","","102,07","","","","","","Dégagé"
"1986-04-23 09:00","1986","04","23","09:00"," ","8,50","","-1,30","","50,00","","28,00","","15,00","","25,00","","102,07","","","","","","Généralement dégagé"
"1986-04-23 10:00","1986","04","23","10:00"," ","8,90","","0,00","","54,00","","28,00","","11,00","","25,00","","102,07","","","","","","Généralement dégagé"
"1986-04-23 11:00","1986","04","23","11:00"," ","8,90","","0,00","","54,00","","26,00","","19,00","","25,00","","102,07","","","","","","Généralement dégagé"
"1986-04-23 12:00","1986","04","23","12:00"," ","8,90","","1,70","","61,00","","24,00","","15,00","","25,00","","102,14","","","","","","Généralement dégagé"
"1986-04-23 13:00","1986","04","23","13:00"," ","9,00","","1,10","","58,00","","24,00","","15,00","","25,00","","102,14","","","","","","Généralement dégagé"
"1986-04-23 14:00","1986","04","23","14:00"," ","8,90","","-0,50","","52,00","","27,00","","22,00","","25,00","","102,07","","","","","","Généralement dégagé"
"1986-04-23 15:00","1986","04","23","15:00"," ","9,70","","2,30","","60,00","","23,00","","26,00","","25,00","","102,04","","","","","","Généralement dégagé"
"1986-04-23 16:00","1986","04","23","16:00"," ","9,10","","1,10","","57,00","","26,00","","19,00","","25,00","","102,01","","","","","","Généralement dégagé"
"1986-04-23 17:00","1986","04","23","17:00"," ","8,80","","1,70","","61,00","","25,00","","19,00","","25,00","","101,97","","","","","","Généralement dégagé"
"1986-04-23 18:00","1986","04","23","18:00"," ","8,00","","1,90","","65,00","","25,00","","15,00","","25,00","","101,94","","","","","","Généralement dégagé"
"1986-04-23 19:00","1986","04","23","19:00"," ","7,50","","1,30","","65,00","","26,00","","6,00","","25,00","","101,90","","","","","","Généralement dégagé"
"1986-04-23 20:00","1986","04","23","20:00"," ","4,00","","1,70","","85,00","","0,00","","0,00","","25,00","","101,87","","","","","","Généralement dégagé"
"1986-04-23 21:00","1986","04","23","21:00"," ","3,70","","-0,30","","75,00","","8,00","","7,00","","25,00","","101,84","","","","","","Généralement dégagé"
"1986-04-23 22:00","1986","04","23","22:00"," ","","","","","","","","","","","","","","","","","","",""
"1986-04-23 23:00","1986","04","23","23:00"," ","","","","","","","","","","","","","","","","","","",""
"1986-04-24 00:00","1986","04","24","00:00"," ","","","","","","","","","","","","","","","","","","",""
"1986-04-24 01:00","1986","04","24","01:00"," ","","","","","","","","","","","","","","","","","","",""
"1986-04-24 02:00","1986","04","24","02:00"," ","","","","","","","","","","","","","","","","","","",""
"1986-04-24 03:00","1986","04","24","03:00"," ","","","","","","","","","","","","","","","","","","",""
"1986-04-24 04:00","1986","04","24","04:00"," ","","","","","","","","","","","","","","","","","","",""
"1986-04-24 05:00","1986","04","24","05:00"," ","","","","","","","","","","","","","","","","","","",""
"1986-04-24 06:00","1986","04","24","06:00"," ","5,00","","2,80","","86,00","","8,00","","19,00","","12,90","","101,03","","","","","","Pluie"
"1986-04-24 07:00","1986","04","24","07:00"," ","4,90","","2,80","","86,00","","10,00","","13,00","","12,90","","100,92","","","","","","Pluie"
"1986-04-24 08:00","1986","04","24","08:00"," ","4,90","","2,80","","86,00","","9,00","","15,00","","12,90","","100,86","","","","","","Pluie"
"1986-04-24 09:00","1986","04","24","09:00"," ","4,90","","2,80","","86,00","","11,00","","19,00","","11,30","","100,75","","","","","","Pluie"
"1986-04-24 10:00","1986","04","24","10:00"," ","4,90","","3,70","","92,00","","12,00","","19,00","","8,00","","100,65","","","","","","Pluie,Brouillard"
"1986-04-24 11:00","1986","04","24","11:00"," ","4,50","","3,20","","91,00","","12,00","","28,00","","9,70","","100,59","","","","","","Pluie,Brouillard"
"1986-04-24 12:00","1986","04","24","12:00"," ","4,50","","3,20","","91,00","","10,00","","15,00","","12,90","","100,42","","","","","","Pluie"
"1986-04-24 13:00","1986","04","24","13:00"," ","4,50","","3,20","","91,00","","12,00","","19,00","","12,90","","100,28","","","","","","Pluie"
"1986-04-24 14:00","1986","04","24","14:00"," ","4,40","","2,70","","89,00","","12,00","","28,00","","11,30","","100,18","","","","","","Pluie modérée"
"1986-04-24 15:00","1986","04","24","15:00"," ","3,80","","2,70","","93,00","","13,00","","33,00","","8,00","","100,08","","","","","","Pluie modérée"
"1986-04-24 16:00","1986","04","24","16:00"," ","3,10","","1,60","","90,00","","12,00","","33,00","","6,40","","100,08","","","","","","Pluie forte"
"1986-04-24 17:00","1986","04","24","17:00"," ","1,40","","0,50","","94,00","","8,00","","19,00","","19,30","","99,94","","","","","","Pluie,Neige"
"1986-04-24 18:00","1986","04","24","18:00"," ","2,00","","1,10","","94,00","","7,00","","15,00","","24,10","","99,88","","","","","","Averses de pluie"
"1986-04-24 19:00","1986","04","24","19:00"," ","3,10","","1,60","","90,00","","6,00","","7,00","","25,00","","99,91","","","","","","Nuageux"
"1986-04-24 20:00","1986","04","24","20:00"," ","3,30","","2,60","","95,00","","7,00","","9,00","","25,00","","99,94","","","","","","Nuageux"
"1986-04-24 21:00","1986","04","24","21:00"," ","3,70","","2,60","","92,00","","9,00","","7,00","","19,30","","99,98","","","","","","Averses de pluie"
"1986-04-24 22:00","1986","04","24","22:00"," ","","","","","","","","","","","","","","","","","","",""
"1986-04-24 23:00","1986","04","24","23:00"," ","","","","","","","","","","","","","","","","","","",""
"1986-04-25 00:00","1986","04","25","00:00"," ","","","","","","","","","","","","","","","","","","",""
"1986-04-25 01:00","1986","04","25","01:00"," ","","","","","","","","","","","","","","","","","","",""
"1986-04-25 02:00","1986","04","25","02:00"," ","","","","","","","","","","","","","","","","","","",""
"1986-04-25 03:00","1986","04","25","03:00"," ","","","","","","","","","","","","","","","","","","",""
"1986-04-25 04:00","1986","04","25","04:00"," ","","","","","","","","","","","","","","","","","","",""
"1986-04-25 05:00","1986","04","25","05:00"," ","","","","","","","","","","","","","","","","","","",""
"1986-04-25 06:00","1986","04","25","06:00"," ","3,90","","3,10","","95,00","","9,00","","15,00","","6,40","","100,28","","","","","","Pluie,Brouillard"
"1986-04-25 07:00","1986","04","25","07:00"," ","4,10","","3,10","","93,00","","7,00","","7,00","","19,30","","100,32","","","","","","Averses de pluie"
"1986-04-25 08:00","1986","04","25","08:00"," ","4,60","","3,60","","93,00","","7,00","","15,00","","12,90","","100,35","","","","","","Averses de pluie"
"1986-04-25 09:00","1986","04","25","09:00"," ","5,70","","4,20","","90,00","","10,00","","20,00","","24,10","","100,42","","","","","","Nuageux"
"1986-04-25 10:00","1986","04","25","10:00"," ","5,50","","5,30","","98,00","","11,00","","9,00","","24,10","","100,48","","","","","","Nuageux"
"1986-04-25 11:00","1986","04","25","11:00"," ","6,50","","4,90","","89,00","","12,00","","13,00","","24,10","","100,59","","","","","","Averses de pluie"
"1986-04-25 12:00","1986","04","25","12:00"," ","7,80","","5,60","","86,00","","8,00","","17,00","","25,00","","100,65","","","","","","Généralement nuageux"
"1986-04-25 13:00","1986","04","25","13:00"," ","8,60","","4,70","","77,00","","7,00","","20,00","","25,00","","100,75","","","","","","Généralement nuageux"
"1986-04-25 14:00","1986","04","25","14:00"," ","9,50","","4,20","","70,00","","16,00","","13,00","","25,00","","100,82","","","","","","Généralement nuageux"
"1986-04-25 15:00","1986","04","25","15:00"," ","9,70","","5,10","","73,00","","16,00","","19,00","","25,00","","100,96","","","","","","Généralement dégagé"
"1986-04-25 16:00","1986","04","25","16:00"," ","9,60","","4,70","","72,00","","17,00","","19,00","","25,00","","101,06","","","","","","Généralement dégagé"
"1986-04-25 17:00","1986","04","25","17:00"," ","9,00","","3,60","","69,00","","16,00","","19,00","","25,00","","101,16","","","","","","Généralement nuageux"
"1986-04-25 18:00","1986","04","25","18:00"," ","8,30","","5,70","","84,00","","20,00","","7,00","","24,10","","101,26","","","","","","Averses de pluie"
"1986-04-25 19:00","1986","04","25","19:00"," ","7,90","","6,00","","88,00","","21,00","","4,00","","25,00","","101,30","","","","","","Généralement dégagé"
"1986-04-25 20:00","1986","04","25","20:00"," ","4,90","","4,20","","95,00","","0,00","","0,00","","25,00","","101,40","","","","","","Généralement dégagé"
"1986-04-25 21:00","1986","04","25","21:00"," ","4,20","","3,10","","92,00","","7,00","","4,00","","25,00","","101,50","","","","","","Généralement nuageux"
"1986-04-25 22:00","1986","04","25","22:00"," ","","","","","","","","","","","","","","","","","","",""
"1986-04-25 23:00","1986","04","25","23:00"," ","","","","","","","","","","","","","","","","","","",""
"1986-04-26 00:00","1986","04","26","00:00"," ","","","","","","","","","","","","","","","","","","",""
"1986-04-26 01:00","1986","04","26","01:00"," ","","","","","","","","","","","","","","","","","","",""
"1986-04-26 02:00","1986","04","26","02:00"," ","","","","","","","","","","","","","","","","","","",""
"1986-04-26 03:00","1986","04","26","03:00"," ","","","","","","","","","","","","","","","","","","",""
"1986-04-26 04:00","1986","04","26","04:00"," ","","","","","","","","","","","","","","","","","","",""
"1986-04-26 05:00","1986","04","26","05:00"," ","","","","","","","","","","","","","","","","","","",""
"1986-04-26 06:00","1986","04","26","06:00"," ","6,20","","3,90","","85,00","","10,00","","15,00","","24,10","","101,50","","","","","","Nuageux"
"1986-04-26 07:00","1986","04","26","07:00"," ","6,40","","4,90","","90,00","","11,00","","17,00","","16,10","","101,43","","","","","","Pluie"
"1986-04-26 08:00","1986","04","26","08:00"," ","6,70","","5,30","","90,00","","12,00","","15,00","","9,70","","101,36","","","","","","Pluie,Brouillard"
"1986-04-26 09:00","1986","04","26","09:00"," ","6,80","","6,20","","96,00","","13,00","","22,00","","4,80","","101,30","","","","","","Pluie modérée,Brouillard"
"1986-04-26 10:00","1986","04","26","10:00"," ","6,70","","5,70","","93,00","","13,00","","24,00","","3,20","","101,33","","","","","","Pluie forte,Brouillard"
"1986-04-26 11:00","1986","04","26","11:00"," ","6,70","","5,70","","93,00","","15,00","","30,00","","4,00","","101,30","","","","","","Pluie,Brouillard"
"1986-04-26 12:00","1986","04","26","12:00"," ","6,60","","5,30","","91,00","","13,00","","24,00","","4,00","","101,23","","","","","","Pluie modérée,Brouillard"
"1986-04-26 13:00","1986","04","26","13:00"," ","6,20","","5,20","","93,00","","14,00","","22,00","","4,00","","101,16","","","","","","Pluie modérée,Brouillard"
"1986-04-26 14:00","1986","04","26","14:00"," ","5,60","","4,20","","91,00","","12,00","","33,00","","8,00","","101,09","","","","","","Pluie,Brouillard"
"1986-04-26 15:00","1986","04","26","15:00"," ","5,30","","4,20","","93,00","","13,00","","37,00","","6,40","","100,99","","","","","","Pluie modérée,Brouillard"
"1986-04-26 16:00","1986","04","26","16:00"," ","4,80","","3,70","","93,00","","9,00","","19,00","","8,00","","100,92","","","","","","Pluie,Brouillard"
"1986-04-26 17:00","1986","04","26","17:00"," ","5,00","","3,70","","91,00","","9,00","","19,00","","19,30","","100,82","","","","","","Pluie"
"1986-04-26 18:00","1986","04","26","18:00"," ","5,60","","3,40","","86,00","","9,00","","15,00","","25,00","","100,82","","","","","","Nuageux"
"1986-04-26 19:00","1986","04","26","19:00"," ","5,80","","4,30","","90,00","","9,00","","9,00","","25,00","","100,79","","","","","","Nuageux"
"1986-04-26 20:00","1986","04","26","20:00"," ","6,10","","4,80","","91,00","","8,00","","7,00","","24,10","","100,82","","","","","","Pluie"
"1986-04-26 21:00","1986","04","26","21:00"," ","6,20","","5,20","","93,00","","10,00","","6,00","","12,90","","100,86","","","","","","Pluie"
"1986-04-26 22:00","1986","04","26","22:00"," ","","","","","","","","","","","","","","","","","","",""
"1986-04-26 23:00","1986","04","26","23:00"," ","","","","","","","","","","","","","","","","","","",""
"1986-04-27 00:00","1986","04","27","00:00"," ","","","","","","","","","","","","","","","","","","",""
"1986-04-27 01:00","1986","04","27","01:00"," ","","","","","","","","","","","","","","","","","","",""
"1986-04-27 02:00","1986","04","27","02:00"," ","","","","","","","","","","","","","","","","","","",""
"1986-04-27 03:00","1986","04","27","03:00"," ","","","","","","","","","","","","","","","","","","",""
"1986-04-27 04:00","1986","04","27","04:00"," ","","","","","","","","","","","","","","","","","","",""
"1986-04-27 05:00","1986","04","27","05:00"," ","5,30","","4,70","","96,00","","0,00","","0,00","","19,30","","100,92","","","","","","Nuageux"
"1986-04-27 06:00","1986","04","27","06:00"," ","5,70","","4,70","","93,00","","0,00","","0,00","","24,10","","100,92","","","","","","Nuageux"
"1986-04-27 07:00","1986","04","27","07:00"," ","6,80","","5,80","","93,00","","0,00","","0,00","","25,00","","100,96","","","","","","Généralement nuageux"
"1986-04-27 08:00","1986","04","27","08:00"," ","7,20","","5,00","","86,00","","24,00","","4,00","","25,00","","100,99","","","","","","Nuageux"
"1986-04-27 09:00","1986","04","27","09:00"," ","6,30","","4,00","","85,00","","26,00","","9,00","","24,10","","101,06","","","","","","Averses de pluie"
"1986-04-27 10:00","1986","04","27","10:00"," ","7,30","","5,10","","86,00","","22,00","","15,00","","24,10","","101,06","","","","","","Nuageux"
"1986-04-27 11:00","1986","04","27","11:00"," ","8,20","","4,80","","79,00","","29,00","","19,00","","25,00","","101,13","","","","","","Généralement nuageux"
"1986-04-27 12:00","1986","04","27","12:00"," ","9,30","","3,80","","68,00","","27,00","","20,00","","25,00","","101,16","","","","","","Généralement nuageux"
"1986-04-27 13:00","1986","04","27","13:00"," ","9,40","","2,80","","63,00","","24,00","","22,00","","25,00","","101,16","","","","","","Généralement nuageux"
"1986-04-27 14:00","1986","04","27","14:00"," ","7,30","","3,30","","76,00","","28,00","","22,00","","24,10","","101,19","","","","","","Généralement nuageux"
"1986-04-27 15:00","1986","04","27","15:00"," ","7,70","","2,30","","68,00","","29,00","","19,00","","25,00","","101,19","","","","","","Généralement nuageux"
"1986-04-27 16:00","1986","04","27","16:00"," ","8,10","","2,90","","70,00","","31,00","","11,00","","25,00","","101,26","","","","","","Généralement nuageux"
"1986-04-27 17:00","1986","04","27","17:00"," ","7,20","","2,70","","73,00","","29,00","","11,00","","24,10","","101,26","","","","","","Averses de pluie"
"1986-04-27 18:00","1986","04","27","18:00"," ","7,00","","1,70","","69,00","","29,00","","9,00","","25,00","","101,30","","","","","","Généralement nuageux"
"1986-04-27 19:00","1986","04","27","19:00"," ","6,50","","2,10","","73,00","","25,00","","19,00","","24,10","","101,33","","","","","","Généralement nuageux"
"1986-04-27 20:00","1986","04","27","20:00"," ","5,10","","1,40","","77,00","","29,00","","9,00","","24,10","","101,36","","","","","","Généralement nuageux"
"1986-04-27 21:00","1986","04","27","21:00"," ","","","","","","","","","","","","","","","","","","",""
"1986-04-27 22:00","1986","04","27","22:00"," ","","","","","","","","","","","","","","","","","","",""
"1986-04-27 23:00","1986","04","27","23:00"," ","","","","","","","","","","","","","","","","","","",""
"1986-04-28 00:00","1986","04","28","00:00"," ","","","","","","","","","","","","","","","","","","",""
"1986-04-28 01:00","1986","04","28","01:00"," ","","","","","","","","","","","","","","","","","","",""
"1986-04-28 02:00","1986","04","28","02:00"," ","","","","","","","","","","","","","","","","","","",""
"1986-04-28 03:00","1986","04","28","03:00"," ","","","","","","","","","","","","","","","","","","",""
"1986-04-28 04:00","1986","04","28","04:00"," ","","","","","","","","","","","","","","","","","","",""
"1986-04-28 05:00","1986","04","28","05:00"," ","2,50","","1,10","","91,00","","3,00","","11,00","","24,10","","101,43","","","","","","Généralement nuageux"
"1986-04-28 06:00","1986","04","28","06:00"," ","2,40","","1,60","","95,00","","6,00","","9,00","","24,10","","101,43","","","","","","Nuageux"
"1986-04-28 07:00","1986","04","28","07:00"," ","2,90","","2,10","","95,00","","7,00","","13,00","","24,10","","101,40","","","","","","Généralement nuageux"
"1986-04-28 08:00","1986","04","28","08:00"," ","5,40","","4,20","","92,00","","12,00","","4,00","","24,10","","101,40","","","","","","Généralement nuageux"
"1986-04-28 09:00","1986","04","28","09:00"," ","4,90","","3,30","","89,00","","11,00","","11,00","","16,10","","101,36","","","","","","Averses de pluie"
"1986-04-28 10:00","1986","04","28","10:00"," ","4,10","","2,20","","87,00","","14,00","","4,00","","24,10","","101,40","","","","","","Averses de pluie"
"1986-04-28 11:00","1986","04","28","11:00"," ","6,20","","3,90","","85,00","","14,00","","11,00","","24,10","","101,40","","","","","","Généralement nuageux"
"1986-04-28 12:00","1986","04","28","12:00"," ","5,60","","2,90","","83,00","","13,00","","13,00","","24,10","","101,36","","","","","","Averses de pluie"
"1986-04-28 13:00","1986","04","28","13:00"," ","6,20","","3,00","","80,00","","15,00","","19,00","","25,00","","101,36","","","","","","Nuageux"
"1986-04-28 14:00","1986","04","28","14:00"," ","5,40","","3,40","","87,00","","27,00","","15,00","","16,10","","101,40","","","","","","Averses de pluie"
"1986-04-28 15:00","1986","04","28","15:00"," ","5,90","","4,30","","89,00","","16,00","","7,00","","25,00","","101,36","","","","","","Généralement nuageux"
"1986-04-28 16:00","1986","04","28","16:00"," ","6,20","","2,50","","77,00","","0,00","","0,00","","25,00","","101,36","","","","","","Généralement nuageux"
"1986-04-28 17:00","1986","04","28","17:00"," ","6,50","","3,50","","81,00","","15,00","","6,00","","25,00","","101,36","","","","","","Généralement nuageux"
"1986-04-28 18:00","1986","04","28","18:00"," ","5,60","","2,40","","80,00","","3,00","","6,00","","25,00","","101,36","","","","","","Généralement nuageux"
"1986-04-28 19:00","1986","04","28","19:00"," ","4,90","","2,40","","84,00","","4,00","","6,00","","25,00","","101,36","","","","","","Généralement dégagé"
"1986-04-28 20:00","1986","04","28","20:00"," ","2,50","","1,60","","94,00","","3,00","","4,00","","25,00","","101,36","","","","","","Généralement dégagé"
"1986-04-28 21:00","1986","04","28","21:00"," ","","","","","","","","","","","","","","","","","","",""
"1986-04-28 22:00","1986","04","28","22:00"," ","","","","","","","","","","","","","","","","","","",""
"1986-04-28 23:00","1986","04","28","23:00"," ","","","","","","","","","","","","","","","","","","",""
"1986-04-29 00:00","1986","04","29","00:00"," ","","","","","","","","","","","","","","","","","","",""
"1986-04-29 01:00","1986","04","29","01:00"," ","","","","","","","","","","","","","","","","","","",""
"1986-04-29 02:00","1986","04","29","02:00"," ","","","","","","","","","","","","","","","","","","",""
"1986-04-29 03:00","1986","04","29","03:00"," ","","","","","","","","","","","","","","","","","","",""
"1986-04-29 04:00","1986","04","29","04:00"," ","","","","","","","","","","","","","","","","","","",""
"1986-04-29 05:00","1986","04","29","05:00"," ","1,90","","1,10","","95,00","","4,00","","7,00","","8,00","","101,40","","","","","","Pluie,Brouillard"
"1986-04-29 06:00","1986","04","29","06:00"," ","2,50","","1,60","","94,00","","3,00","","11,00","","9,70","","101,43","","","","","","Pluie,Brouillard"
"1986-04-29 07:00","1986","04","29","07:00"," ","3,00","","1,60","","91,00","","1,00","","7,00","","24,10","","101,43","","","","","","Généralement nuageux"
"1986-04-29 08:00","1986","04","29","08:00"," ","4,40","","3,20","","92,00","","1,00","","9,00","","25,00","","101,53","","","","","","Généralement nuageux"
"1986-04-29 09:00","1986","04","29","09:00"," ","5,90","","3,90","","87,00","","3,00","","4,00","","25,00","","101,57","","","","","","Généralement nuageux"
"1986-04-29 10:00","1986","04","29","10:00"," ","6,40","","3,50","","82,00","","21,00","","7,00","","24,10","","101,63","","","","","","Averses de pluie"
"1986-04-29 11:00","1986","04","29","11:00"," ","6,90","","4,10","","82,00","","21,00","","17,00","","25,00","","101,67","","","","","","Généralement nuageux"
"1986-04-29 12:00","1986","04","29","12:00"," ","7,70","","2,80","","71,00","","23,00","","15,00","","25,00","","101,70","","","","","","Généralement nuageux"
"1986-04-29 13:00","1986","04","29","13:00"," ","8,50","","3,50","","71,00","","21,00","","19,00","","25,00","","101,70","","","","","","Généralement dégagé"
"1986-04-29 14:00","1986","04","29","14:00"," ","8,90","","2,70","","65,00","","25,00","","19,00","","25,00","","101,74","","","","","","Généralement dégagé"
"1986-04-29 15:00","1986","04","29","15:00"," ","8,30","","2,50","","67,00","","25,00","","19,00","","25,00","","101,80","","","","","","Généralement dégagé"
"1986-04-29 16:00","1986","04","29","16:00"," ","9,20","","3,20","","66,00","","25,00","","19,00","","25,00","","101,84","","","","","","Généralement dégagé"
"1986-04-29 17:00","1986","04","29","17:00"," ","8,30","","2,00","","65,00","","26,00","","15,00","","25,00","","101,87","","","","","","Généralement dégagé"
"1986-04-29 18:00","1986","04","29","18:00"," ","8,20","","1,40","","62,00","","25,00","","15,00","","25,00","","101,90","","","","","","Généralement dégagé"
"1986-04-29 19:00","1986","04","29","19:00"," ","7,20","","1,20","","66,00","","24,00","","7,00","","25,00","","101,94","","","","","","Généralement dégagé"
"1986-04-29 20:00","1986","04","29","20:00"," ","3,50","","2,20","","91,00","","0,00","","0,00","","25,00","","101,94","","","","","","Généralement dégagé"
"1986-04-29 21:00","1986","04","29","21:00"," ","","","","","","","","","","","","","","","","","","",""
"1986-04-29 22:00","1986","04","29","22:00"," ","","","","","","","","","","","","","","","","","","",""
"1986-04-29 23:00","1986","04","29","23:00"," ","","","","","","","","","","","","","","","","","","",""
"1986-04-30 00:00","1986","04","30","00:00"," ","","","","","","","","","","","","","","","","","","",""
"1986-04-30 01:00","1986","04","30","01:00"," ","","","","","","","","","","","","","","","","","","",""
"1986-04-30 02:00","1986","04","30","02:00"," ","","","","","","","","","","","","","","","","","","",""
"1986-04-30 03:00","1986","04","30","03:00"," ","","","","","","","","","","","","","","","","","","",""
"1986-04-30 04:00","1986","04","30","04:00"," ","","","","","","","","","","","","","","","","","","",""
"1986-04-30 05:00","1986","04","30","05:00"," ","-0,80","","-1,90","","92,00","","0,00","","0,00","","25,00","","101,80","","","","","","Dégagé"
"1986-04-30 06:00","1986","04","30","06:00"," ","0,30","","-1,70","","86,00","","3,00","","4,00","","25,00","","101,74","","","","","","Généralement dégagé"
"1986-04-30 07:00","1986","04","30","07:00"," ","3,30","","2,20","","93,00","","6,00","","6,00","","25,00","","101,70","","","","","","Généralement dégagé"
"1986-04-30 08:00","1986","04","30","08:00"," ","7,30","","1,80","","68,00","","0,00","","0,00","","25,00","","101,63","","","","","","Généralement dégagé"
"1986-04-30 09:00","1986","04","30","09:00"," ","9,20","","0,00","","52,00","","8,00","","7,00","","25,00","","101,53","","","","","","Généralement dégagé"
"1986-04-30 10:00","1986","04","30","10:00"," ","10,40","","-0,80","","46,00","","6,00","","9,00","","25,00","","101,43","","","","","","Généralement nuageux"
"1986-04-30 11:00","1986","04","30","11:00"," ","11,90","","-0,90","","41,00","","6,00","","13,00","","25,00","","101,30","","","","","","Généralement nuageux"
"1986-04-30 12:00","1986","04","30","12:00"," ","13,20","","-3,30","","32,00","","4,00","","19,00","","25,00","","101,16","","","","","","Généralement nuageux"
"1986-04-30 13:00","1986","04","30","13:00"," ","14,30","","-2,70","","31,00","","9,00","","15,00","","25,00","","101,06","","","","","","Généralement nuageux"
"1986-04-30 14:00","1986","04","30","14:00"," ","13,90","","-3,60","","29,00","","10,00","","15,00","","25,00","","100,99","","","","","","Généralement nuageux"
"1986-04-30 15:00","1986","04","30","15:00"," ","13,60","","-3,10","","31,00","","10,00","","19,00","","25,00","","100,99","","","","","","Nuageux"
"1986-04-30 16:00","1986","04","30","16:00"," ","13,00","","-2,60","","34,00","","10,00","","9,00","","25,00","","100,96","","","","","","Nuageux"
"1986-04-30 17:00","1986","04","30","17:00"," ","12,30","","-1,40","","39,00","","0,00","","0,00","","25,00","","100,89","","","","","","Nuageux"
"1986-04-30 18:00","1986","04","30","18:00"," ","11,90","","-2,20","","37,00","","7,00","","13,00","","25,00","","100,82","","","","","","Nuageux"
"1986-04-30 19:00","1986","04","30","19:00"," ","11,00","","-2,50","","39,00","","8,00","","11,00","","25,00","","100,75","","","","","","Nuageux"
"1986-04-30 20:00","1986","04","30","20:00"," ","10,60","","-3,40","","37,00","","7,00","","15,00","","25,00","","100,72","","","","","","Nuageux"
"1986-04-30 21:00","1986","04","30","21:00"," ","","","","","","","","","","","","","","","","","","",""
"1986-04-30 22:00","1986","04","30","22:00"," ","","","","","","","","","","","","","","","","","","",""
"1986-04-30 23:00","1986","04","30","23:00"," ","","","","","","","","","","","","","","","","","","",""
