"Nom de la Station","NORTH BAY A"
"Province","ONTARIO"
"Latitude","46,36"
"Longitude","-79,42"
"Altitude","370,30"
"Identification Climat","6085700"
"Identification OMM","71731"
"Identification TC","YYB"
"Toutes les heures sont exprimées en heure normale locale (HNL). Pour convertir l'heure locale en heure avancée de l'Est (HAE), ajoutez 1 heure s'il y a lieu."

"Légende"
"M","Données Manquantes"
"E","Valeur Estimée"
"ND","Non Disponible"
"**","Données fournies par un partenaire, non assujetties à un révision par les Archives climatiques nationales du Canada"

"Date/Heure","Année","Mois","Jour","Heure","Qualité des Données","Temp (°C)","Temp Indicateur","Point de rosée (°C)","Point de rosée Indicateur","Hum. rel (%)","Hum. rel. Indicateur","Dir. du vent (10s deg)","Dir. du vent Indicateur","Vit. du vent (km/h)","Vit. du vent Indicateur","Visibilité (km)","Visibilité Indicateur","Pression à la station (kPa)","Pression à la station Indicateur","Hmdx","Hmdx Indicateur","Refroid. éolien","Refroid. éolien Indicateur","Temps"
"1962-01-01 00:00","1962","01","01","00:00"," ","-10,60","","-11,70","","92,00","","32,00","","39,00","","1,20","","96,64","","","","-21,00","","Neige,Poudrerie élevée"
"1962-01-01 01:00","1962","01","01","01:00"," ","-13,30","","-17,20","","72,00","","32,00","","29,00","","8,00","","96,82","","","","-24,00","","Poudrerie élevée"
"1962-01-01 02:00","1962","01","01","02:00"," ","-16,10","","-19,40","","75,00","","32,00","","34,00","","12,90","","97,00","","","","-28,00","","Dégagé"
"1962-01-01 03:00","1962","01","01","03:00"," ","-18,30","","-22,20","","71,00","","34,00","","24,00","","16,10","","97,18","","","","-29,00","","Dégagé"
"1962-01-01 04:00","1962","01","01","04:00"," ","-19,40","","-23,90","","66,00","","32,00","","19,00","","19,30","","97,26","","","","-29,00","","Dégagé"
"1962-01-01 05:00","1962","01","01","05:00"," ","-21,10","","-25,00","","69,00","","32,00","","13,00","","24,10","","97,37","","","","-30,00","","Dégagé"
"1962-01-01 06:00","1962","01","01","06:00"," ","-22,20","","-26,70","","67,00","","32,00","","11,00","","24,10","","97,44","","","","-30,00","","Dégagé"
"1962-01-01 07:00","1962","01","01","07:00"," ","-22,80","","-27,80","","63,00","","36,00","","6,00","","24,10","","97,48","","","","-28,00","","Dégagé"
"1962-01-01 08:00","1962","01","01","08:00"," ","-22,80","","-28,30","","59,00","","36,00","","16,00","","24,10","","97,49","","","","-33,00","","Généralement dégagé"
"1962-01-01 09:00","1962","01","01","09:00"," ","-23,30","","-26,10","","80,00","","36,00","","13,00","","25,00","","97,50","","","","-32,00","","Dégagé"
"1962-01-01 10:00","1962","01","01","10:00"," ","-20,60","","-23,90","","76,00","","0,00","","0,00","","25,00","","97,53","","","","","","Dégagé"
"1962-01-01 11:00","1962","01","01","11:00"," ","-18,90","","-22,80","","73,00","","0,00","","0,00","","25,00","","97,49","","","","","","Dégagé"
"1962-01-01 12:00","1962","01","01","12:00"," ","-17,80","","-22,20","","70,00","","18,00","","3,00","","24,10","","97,38","","","","-20,00","","Généralement dégagé"
"1962-01-01 13:00","1962","01","01","13:00"," ","-18,90","","-23,30","","68,00","","18,00","","8,00","","24,10","","97,27","","","","-25,00","","Généralement dégagé"
"1962-01-01 14:00","1962","01","01","14:00"," ","-17,80","","-23,30","","62,00","","18,00","","10,00","","24,10","","97,24","","","","-25,00","","Généralement dégagé"
"1962-01-01 15:00","1962","01","01","15:00"," ","-16,70","","-20,00","","76,00","","16,00","","13,00","","24,10","","97,13","","","","-24,00","","Généralement dégagé"
"1962-01-01 16:00","1962","01","01","16:00"," ","-16,10","","-21,10","","64,00","","14,00","","13,00","","24,10","","97,06","","","","-24,00","","Généralement nuageux"
"1962-01-01 17:00","1962","01","01","17:00"," ","-15,00","","-18,90","","72,00","","18,00","","19,00","","25,00","","97,00","","","","-24,00","","Nuageux"
"1962-01-01 18:00","1962","01","01","18:00"," ","-14,40","","-17,80","","75,00","","14,00","","13,00","","24,10","","96,82","","","","-22,00","","Neige"
"1962-01-01 19:00","1962","01","01","19:00"," ","-14,40","","-19,40","","66,00","","14,00","","16,00","","12,90","","96,69","","","","-22,00","","Neige"
"1962-01-01 20:00","1962","01","01","20:00"," ","-13,90","","-18,30","","71,00","","14,00","","16,00","","4,80","","96,51","","","","-22,00","","Neige"
"1962-01-01 21:00","1962","01","01","21:00"," ","-13,30","","-15,60","","82,00","","14,00","","18,00","","12,90","","96,40","","","","-22,00","","Neige"
"1962-01-01 22:00","1962","01","01","22:00"," ","-13,30","","-16,10","","81,00","","14,00","","16,00","","12,90","","96,29","","","","-21,00","","Neige"
"1962-01-01 23:00","1962","01","01","23:00"," ","-10,60","","-12,20","","86,00","","16,00","","27,00","","11,30","","96,14","","","","-20,00","","Neige"
"1962-01-02 00:00","1962","01","02","00:00"," ","-10,60","","-12,80","","83,00","","14,00","","23,00","","11,30","","96,05","","","","-19,00","","Neige"
"1962-01-02 01:00","1962","01","02","01:00"," ","-10,00","","-10,60","","95,00","","18,00","","8,00","","2,00","","95,93","","","","-14,00","","Neige"
"1962-01-02 02:00","1962","01","02","02:00"," ","-9,40","","-10,00","","94,00","","18,00","","13,00","","0,80","","95,81","","","","-15,00","","Neige modérée"
"1962-01-02 03:00","1962","01","02","03:00"," ","-8,30","","-9,40","","94,00","","20,00","","16,00","","2,00","","95,78","","","","-15,00","","Neige"
"1962-01-02 04:00","1962","01","02","04:00"," ","-8,30","","-8,90","","96,00","","20,00","","13,00","","2,40","","95,75","","","","-14,00","","Neige"
"1962-01-02 05:00","1962","01","02","05:00"," ","-7,80","","-8,30","","94,00","","23,00","","10,00","","9,70","","95,68","","","","-13,00","","Neige"
"1962-01-02 06:00","1962","01","02","06:00"," ","-7,20","","-7,80","","96,00","","32,00","","26,00","","9,70","","95,77","","","","-15,00","","Neige"
"1962-01-02 07:00","1962","01","02","07:00"," ","-9,40","","-10,60","","90,00","","36,00","","39,00","","6,40","","95,90","","","","-20,00","","Neige,Poudrerie élevée"
"1962-01-02 08:00","1962","01","02","08:00"," ","-13,30","","-15,60","","84,00","","36,00","","29,00","","16,10","","96,06","","","","-24,00","","Généralement dégagé"
"1962-01-02 09:00","1962","01","02","09:00"," ","-16,10","","-19,40","","75,00","","36,00","","29,00","","16,10","","96,10","","","","-27,00","","Généralement dégagé"
"1962-01-02 10:00","1962","01","02","10:00"," ","-17,20","","-20,60","","75,00","","2,00","","23,00","","16,10","","96,18","","","","-28,00","","Généralement dégagé"
"1962-01-02 11:00","1962","01","02","11:00"," ","-17,20","","-21,10","","71,00","","36,00","","16,00","","16,10","","96,25","","","","-26,00","","Généralement dégagé"
"1962-01-02 12:00","1962","01","02","12:00"," ","-16,10","","-20,00","","70,00","","34,00","","13,00","","16,10","","96,26","","","","-24,00","","Généralement dégagé"
"1962-01-02 13:00","1962","01","02","13:00"," ","-15,60","","-20,00","","69,00","","36,00","","11,00","","16,10","","96,24","","","","-22,00","","Généralement nuageux"
"1962-01-02 14:00","1962","01","02","14:00"," ","-14,40","","-20,00","","62,00","","32,00","","5,00","","16,10","","96,22","","","","-18,00","","Généralement dégagé"
"1962-01-02 15:00","1962","01","02","15:00"," ","-14,40","","-18,90","","68,00","","32,00","","5,00","","24,10","","96,22","","","","-18,00","","Généralement dégagé"
"1962-01-02 16:00","1962","01","02","16:00"," ","-15,00","","-20,00","","66,00","","32,00","","6,00","","25,00","","96,20","","","","-19,00","","Généralement dégagé"
"1962-01-02 17:00","1962","01","02","17:00"," ","-17,20","","-20,60","","75,00","","18,00","","3,00","","25,00","","96,07","","","","-20,00","","Généralement dégagé"
"1962-01-02 18:00","1962","01","02","18:00"," ","-18,30","","-21,70","","74,00","","20,00","","8,00","","25,00","","96,04","","","","-24,00","","Généralement dégagé"
"1962-01-02 19:00","1962","01","02","19:00"," ","-18,90","","-21,10","","83,00","","27,00","","13,00","","25,00","","96,09","","","","-27,00","","Généralement dégagé"
"1962-01-02 20:00","1962","01","02","20:00"," ","-17,20","","-20,60","","75,00","","23,00","","13,00","","25,00","","96,03","","","","-25,00","","Généralement nuageux"
"1962-01-02 21:00","1962","01","02","21:00"," ","-16,70","","-20,00","","74,00","","18,00","","8,00","","25,00","","95,96","","","","-22,00","","Nuageux"
"1962-01-02 22:00","1962","01","02","22:00"," ","-16,70","","-18,90","","83,00","","18,00","","8,00","","25,00","","95,84","","","","-22,00","","Généralement nuageux"
"1962-01-02 23:00","1962","01","02","23:00"," ","-16,70","","-19,40","","81,00","","14,00","","11,00","","9,70","","95,78","","","","-24,00","","Neige"
"1962-01-03 00:00","1962","01","03","00:00"," ","-15,00","","-17,20","","82,00","","14,00","","18,00","","11,30","","95,59","","","","-24,00","","Neige"
"1962-01-03 01:00","1962","01","03","01:00"," ","-13,90","","-15,00","","89,00","","14,00","","14,00","","12,90","","95,47","","","","-21,00","","Neige"
"1962-01-03 02:00","1962","01","03","02:00"," ","-11,10","","-12,20","","93,00","","14,00","","13,00","","2,00","","95,38","","","","-18,00","","Bruine verglaçante,Neige"
"1962-01-03 03:00","1962","01","03","03:00"," ","-10,00","","-11,10","","91,00","","14,00","","11,00","","3,20","","95,30","","","","-16,00","","Bruine verglaçante,Neige"
"1962-01-03 04:00","1962","01","03","04:00"," ","-9,40","","-10,00","","94,00","","18,00","","13,00","","1,20","","95,18","","","","-15,00","","Bruine verglaçante,Neige,Brouillard"
"1962-01-03 05:00","1962","01","03","05:00"," ","-7,20","","-7,20","","100,00","","18,00","","18,00","","0,80","","95,10","","","","-14,00","","Bruine verglaçante,Brouillard"
"1962-01-03 06:00","1962","01","03","06:00"," ","-6,10","","-6,10","","100,00","","20,00","","16,00","","0,40","","95,04","","","","-12,00","","Bruine verglaçante,Brouillard"
"1962-01-03 07:00","1962","01","03","07:00"," ","-5,60","","-5,60","","100,00","","18,00","","14,00","","0,20","","95,01","","","","-11,00","","Bruine verglaçante,Brouillard"
"1962-01-03 08:00","1962","01","03","08:00"," ","-4,40","","-4,40","","100,00","","20,00","","10,00","","0,20","","94,97","","","","-9,00","","Bruine verglaçante,Brouillard"
"1962-01-03 09:00","1962","01","03","09:00"," ","-3,30","","-3,90","","98,00","","20,00","","13,00","","0,00","","94,98","","","","-8,00","","Bruine verglaçante,Brouillard"
"1962-01-03 10:00","1962","01","03","10:00"," ","-2,20","","-2,80","","97,00","","20,00","","23,00","","0,40","","94,97","","","","-8,00","","Bruine verglaçante,Brouillard"
"1962-01-03 11:00","1962","01","03","11:00"," ","-2,20","","-2,80","","97,00","","20,00","","23,00","","2,40","","94,94","","","","-8,00","","Bruine verglaçante,Brouillard"
"1962-01-03 12:00","1962","01","03","12:00"," ","-1,70","","-2,20","","97,00","","23,00","","26,00","","3,20","","94,86","","","","-8,00","","Bruine verglaçante,Brouillard"
"1962-01-03 13:00","1962","01","03","13:00"," ","-2,20","","-2,80","","97,00","","23,00","","26,00","","0,80","","94,80","","","","-9,00","","Neige en grains,Brouillard"
"1962-01-03 14:00","1962","01","03","14:00"," ","-1,70","","-2,20","","96,00","","23,00","","26,00","","0,80","","94,79","","","","-8,00","","Neige,Neige en grains,Brouillard"
"1962-01-03 15:00","1962","01","03","15:00"," ","-1,70","","-1,70","","98,00","","23,00","","19,00","","1,00","","94,77","","","","-7,00","","Neige,Neige en grains,Brouillard"
"1962-01-03 16:00","1962","01","03","16:00"," ","-1,70","","-1,70","","98,00","","20,00","","19,00","","1,00","","94,83","","","","-7,00","","Bruine verglaçante,Neige en grains,Brouillard"
"1962-01-03 17:00","1962","01","03","17:00"," ","-1,70","","-2,20","","97,00","","25,00","","24,00","","1,00","","94,88","","","","-8,00","","Neige,Brouillard"
"1962-01-03 18:00","1962","01","03","18:00"," ","-1,70","","-2,20","","97,00","","27,00","","24,00","","4,80","","94,97","","","","-8,00","","Neige,Brouillard"
"1962-01-03 19:00","1962","01","03","19:00"," ","-7,80","","-8,90","","91,00","","36,00","","35,00","","8,00","","95,19","","","","-17,00","","Neige"
"1962-01-03 20:00","1962","01","03","20:00"," ","-9,40","","-11,10","","88,00","","36,00","","40,00","","0,80","","95,42","","","","-20,00","","Neige,Poudrerie élevée"
"1962-01-03 21:00","1962","01","03","21:00"," ","-12,80","","-15,00","","85,00","","36,00","","29,00","","8,00","","95,74","","","","-23,00","","Neige"
"1962-01-03 22:00","1962","01","03","22:00"," ","-15,00","","-17,80","","80,00","","36,00","","29,00","","12,90","","96,00","","","","-26,00","","Neige"
"1962-01-03 23:00","1962","01","03","23:00"," ","-16,70","","-19,40","","81,00","","36,00","","24,00","","24,10","","96,21","","","","-27,00","","Généralement dégagé"
"1962-01-04 00:00","1962","01","04","00:00"," ","-17,80","","-21,10","","77,00","","34,00","","23,00","","25,00","","96,35","","","","-28,00","","Généralement dégagé"
"1962-01-04 01:00","1962","01","04","01:00"," ","-20,60","","-23,90","","73,00","","36,00","","39,00","","9,70","","96,52","","","","-35,00","","Poudrerie élevée"
"1962-01-04 02:00","1962","01","04","02:00"," ","-22,80","","-26,10","","73,00","","36,00","","24,00","","19,30","","96,77","","","","-35,00","","Dégagé"
"1962-01-04 03:00","1962","01","04","03:00"," ","-23,90","","-27,80","","72,00","","36,00","","13,00","","24,10","","97,07","","","","-33,00","","Dégagé"
"1962-01-04 04:00","1962","01","04","04:00"," ","-25,00","","-28,90","","70,00","","36,00","","23,00","","24,10","","97,22","","","","-38,00","","Dégagé"
"1962-01-04 05:00","1962","01","04","05:00"," ","-26,10","","-30,00","","68,00","","36,00","","11,00","","24,10","","97,40","","","","-35,00","","Dégagé"
"1962-01-04 06:00","1962","01","04","06:00"," ","-27,20","","-31,70","","67,00","","36,00","","19,00","","24,10","","97,58","","","","-39,00","","Dégagé"
"1962-01-04 07:00","1962","01","04","07:00"," ","-27,80","","-32,20","","66,00","","36,00","","29,00","","24,10","","97,67","","","","-43,00","","Dégagé"
"1962-01-04 08:00","1962","01","04","08:00"," ","-28,30","","-32,20","","70,00","","5,00","","19,00","","24,10","","97,90","","","","-41,00","","Généralement dégagé"
"1962-01-04 09:00","1962","01","04","09:00"," ","-28,30","","-32,20","","70,00","","5,00","","23,00","","25,00","","98,00","","","","-42,00","","Généralement dégagé"
"1962-01-04 10:00","1962","01","04","10:00"," ","-26,70","","-28,90","","82,00","","5,00","","19,00","","25,00","","98,18","","","","-39,00","","Généralement dégagé"
"1962-01-04 11:00","1962","01","04","11:00"," ","-25,00","","-27,20","","82,00","","7,00","","26,00","","25,00","","98,24","","","","-38,00","","Généralement dégagé"
"1962-01-04 12:00","1962","01","04","12:00"," ","-24,40","","-28,90","","67,00","","5,00","","16,00","","25,00","","98,26","","","","-35,00","","Généralement dégagé"
"1962-01-04 13:00","1962","01","04","13:00"," ","-23,30","","-32,20","","43,00","","5,00","","19,00","","24,10","","98,26","","","","-34,00","","Généralement dégagé"
"1962-01-04 14:00","1962","01","04","14:00"," ","-22,20","","-27,20","","64,00","","9,00","","19,00","","24,10","","98,26","","","","-33,00","","Généralement dégagé"
"1962-01-04 15:00","1962","01","04","15:00"," ","-21,70","","-28,30","","55,00","","5,00","","19,00","","24,10","","98,32","","","","-32,00","","Généralement nuageux"
"1962-01-04 16:00","1962","01","04","16:00"," ","-21,70","","-26,10","","68,00","","7,00","","13,00","","19,30","","98,36","","","","-30,00","","Généralement dégagé"
"1962-01-04 17:00","1962","01","04","17:00"," ","-22,20","","-26,10","","71,00","","5,00","","18,00","","19,30","","98,35","","","","-33,00","","Généralement dégagé"
"1962-01-04 18:00","1962","01","04","18:00"," ","-22,20","","-25,60","","74,00","","9,00","","13,00","","24,10","","98,48","","","","-31,00","","Généralement dégagé"
"1962-01-04 19:00","1962","01","04","19:00"," ","-22,80","","-26,10","","73,00","","9,00","","16,00","","24,10","","98,50","","","","-33,00","","Généralement dégagé"
"1962-01-04 20:00","1962","01","04","20:00"," ","-21,70","","-26,10","","68,00","","9,00","","23,00","","24,10","","98,43","","","","-33,00","","Généralement dégagé"
"1962-01-04 21:00","1962","01","04","21:00"," ","-21,10","","-25,00","","72,00","","9,00","","24,00","","24,10","","98,39","","","","-33,00","","Généralement nuageux"
"1962-01-04 22:00","1962","01","04","22:00"," ","-21,10","","-25,00","","69,00","","9,00","","23,00","","25,00","","98,38","","","","-33,00","","Généralement nuageux"
"1962-01-04 23:00","1962","01","04","23:00"," ","-21,10","","-25,60","","66,00","","9,00","","24,00","","25,00","","98,33","","","","-33,00","","Généralement nuageux"
"1962-01-05 00:00","1962","01","05","00:00"," ","-20,00","","-23,90","","71,00","","9,00","","26,00","","25,00","","98,24","","","","-32,00","","Nuageux"
"1962-01-05 01:00","1962","01","05","01:00"," ","-20,00","","-24,40","","68,00","","9,00","","32,00","","24,10","","98,18","","","","-33,00","","Nuageux"
"1962-01-05 02:00","1962","01","05","02:00"," ","-19,40","","-22,20","","80,00","","9,00","","32,00","","24,10","","98,08","","","","-32,00","","Nuageux"
"1962-01-05 03:00","1962","01","05","03:00"," ","-19,40","","-21,70","","83,00","","9,00","","32,00","","24,10","","97,98","","","","-32,00","","Nuageux"
"1962-01-05 04:00","1962","01","05","04:00"," ","-18,90","","-21,70","","81,00","","9,00","","32,00","","24,10","","97,87","","","","-31,00","","Nuageux"
"1962-01-05 05:00","1962","01","05","05:00"," ","-18,90","","-21,70","","81,00","","9,00","","32,00","","24,10","","97,77","","","","-31,00","","Nuageux"
"1962-01-05 06:00","1962","01","05","06:00"," ","-18,90","","-21,10","","83,00","","9,00","","32,00","","16,10","","97,77","","","","-31,00","","Neige"
"1962-01-05 07:00","1962","01","05","07:00"," ","-18,90","","-21,10","","83,00","","9,00","","32,00","","11,30","","97,67","","","","-31,00","","Neige"
"1962-01-05 08:00","1962","01","05","08:00"," ","-18,30","","-19,40","","91,00","","9,00","","26,00","","1,20","","97,66","","","","-30,00","","Neige"
"1962-01-05 09:00","1962","01","05","09:00"," ","-18,30","","-20,00","","89,00","","9,00","","19,00","","2,40","","97,65","","","","-28,00","","Neige"
"1962-01-05 10:00","1962","01","05","10:00"," ","-17,80","","-20,00","","84,00","","9,00","","24,00","","2,00","","97,62","","","","-29,00","","Neige"
"1962-01-05 11:00","1962","01","05","11:00"," ","-16,70","","-18,90","","83,00","","7,00","","16,00","","3,20","","97,62","","","","-25,00","","Neige"
"1962-01-05 12:00","1962","01","05","12:00"," ","-15,60","","-17,80","","82,00","","5,00","","16,00","","2,00","","97,55","","","","-24,00","","Neige"
"1962-01-05 13:00","1962","01","05","13:00"," ","-15,00","","-17,20","","84,00","","5,00","","16,00","","6,40","","97,48","","","","-23,00","","Neige"
"1962-01-05 14:00","1962","01","05","14:00"," ","-15,00","","-16,70","","86,00","","5,00","","8,00","","4,80","","97,51","","","","-20,00","","Neige"
"1962-01-05 15:00","1962","01","05","15:00"," ","-14,40","","-16,70","","85,00","","36,00","","10,00","","4,00","","97,52","","","","-21,00","","Neige"
"1962-01-05 16:00","1962","01","05","16:00"," ","-13,90","","-15,60","","85,00","","5,00","","10,00","","4,00","","97,51","","","","-20,00","","Neige"
"1962-01-05 17:00","1962","01","05","17:00"," ","-13,90","","-15,60","","87,00","","36,00","","8,00","","11,30","","97,61","","","","-19,00","","Neige"
"1962-01-05 18:00","1962","01","05","18:00"," ","-13,30","","-15,00","","86,00","","36,00","","14,00","","4,80","","97,61","","","","-21,00","","Neige"
"1962-01-05 19:00","1962","01","05","19:00"," ","-14,40","","-17,20","","81,00","","36,00","","23,00","","9,70","","97,60","","","","-24,00","","Neige"
"1962-01-05 20:00","1962","01","05","20:00"," ","-14,40","","-17,20","","81,00","","2,00","","18,00","","12,90","","97,77","","","","-23,00","","Neige"
"1962-01-05 21:00","1962","01","05","21:00"," ","-14,40","","-16,70","","83,00","","36,00","","23,00","","16,10","","97,76","","","","-24,00","","Neige"
"1962-01-05 22:00","1962","01","05","22:00"," ","-15,00","","-17,80","","80,00","","5,00","","21,00","","24,10","","97,70","","","","-24,00","","Généralement nuageux"
"1962-01-05 23:00","1962","01","05","23:00"," ","-16,10","","-19,40","","77,00","","2,00","","23,00","","24,10","","97,69","","","","-26,00","","Généralement nuageux"
"1962-01-06 00:00","1962","01","06","00:00"," ","-16,70","","-20,00","","76,00","","2,00","","26,00","","24,10","","97,67","","","","-28,00","","Nuageux"
"1962-01-06 01:00","1962","01","06","01:00"," ","-17,20","","-20,00","","80,00","","36,00","","24,00","","24,10","","97,70","","","","-28,00","","Nuageux"
"1962-01-06 02:00","1962","01","06","02:00"," ","-17,80","","-20,00","","82,00","","2,00","","16,00","","24,10","","97,73","","","","-27,00","","Dégagé"
"1962-01-06 03:00","1962","01","06","03:00"," ","-18,30","","-20,60","","81,00","","2,00","","32,00","","24,10","","97,62","","","","-31,00","","Dégagé"
"1962-01-06 04:00","1962","01","06","04:00"," ","-18,90","","-21,70","","81,00","","5,00","","24,00","","24,10","","97,60","","","","-30,00","","Dégagé"
"1962-01-06 05:00","1962","01","06","05:00"," ","-20,00","","-22,80","","77,00","","5,00","","29,00","","24,10","","97,62","","","","-32,00","","Dégagé"
"1962-01-06 06:00","1962","01","06","06:00"," ","-20,00","","-22,80","","79,00","","5,00","","26,00","","24,10","","97,54","","","","-32,00","","Dégagé"
"1962-01-06 07:00","1962","01","06","07:00"," ","-20,60","","-23,30","","79,00","","5,00","","32,00","","24,10","","97,60","","","","-34,00","","Dégagé"
"1962-01-06 08:00","1962","01","06","08:00"," ","-21,10","","-23,90","","78,00","","5,00","","32,00","","24,10","","97,58","","","","-34,00","","Généralement dégagé"
"1962-01-06 09:00","1962","01","06","09:00"," ","-20,00","","-22,80","","77,00","","5,00","","35,00","","24,10","","97,51","","","","-33,00","","Généralement dégagé"
"1962-01-06 10:00","1962","01","06","10:00"," ","-18,90","","-22,20","","75,00","","5,00","","32,00","","24,10","","97,36","","","","-31,00","","Généralement dégagé"
"1962-01-06 11:00","1962","01","06","11:00"," ","-16,70","","-20,00","","74,00","","9,00","","23,00","","24,10","","97,30","","","","-27,00","","Généralement dégagé"
"1962-01-06 12:00","1962","01","06","12:00"," ","-15,00","","-18,30","","74,00","","7,00","","27,00","","24,10","","97,11","","","","-26,00","","Généralement dégagé"
"1962-01-06 13:00","1962","01","06","13:00"," ","-13,90","","-17,20","","76,00","","7,00","","26,00","","32,20","","96,99","","","","-24,00","","Généralement nuageux"
"1962-01-06 14:00","1962","01","06","14:00"," ","-12,80","","-16,10","","74,00","","7,00","","32,00","","32,20","","96,71","","","","-23,00","","Généralement nuageux"
"1962-01-06 15:00","1962","01","06","15:00"," ","-12,20","","-15,60","","75,00","","5,00","","23,00","","32,20","","96,64","","","","-21,00","","Généralement nuageux"
"1962-01-06 16:00","1962","01","06","16:00"," ","-11,70","","-14,40","","79,00","","7,00","","32,00","","25,00","","96,50","","","","-22,00","","Généralement nuageux"
"1962-01-06 17:00","1962","01","06","17:00"," ","-12,20","","-15,00","","80,00","","5,00","","34,00","","25,00","","96,23","","","","-23,00","","Généralement nuageux"
"1962-01-06 18:00","1962","01","06","18:00"," ","-12,20","","-14,40","","82,00","","5,00","","35,00","","25,00","","96,09","","","","-23,00","","Généralement nuageux"
"1962-01-06 19:00","1962","01","06","19:00"," ","-11,70","","-13,90","","84,00","","5,00","","35,00","","25,00","","95,87","","","","-22,00","","Neige"
"1962-01-06 20:00","1962","01","06","20:00"," ","-11,10","","-13,30","","83,00","","5,00","","31,00","","25,00","","95,73","","","","-21,00","","Généralement nuageux"
"1962-01-06 21:00","1962","01","06","21:00"," ","-10,60","","-11,70","","90,00","","5,00","","37,00","","25,00","","95,45","","","","-21,00","","Nuageux"
"1962-01-06 22:00","1962","01","06","22:00"," ","-10,60","","-11,70","","90,00","","5,00","","35,00","","2,40","","95,11","","","","-21,00","","Neige,Granules de glace ou grésil"
"1962-01-06 23:00","1962","01","06","23:00"," ","-10,60","","-11,10","","95,00","","5,00","","40,00","","0,60","","94,78","","","","-22,00","","Neige,Granules de glace ou grésil,Poudrerie élevée"
"1962-01-07 00:00","1962","01","07","00:00"," ","-10,00","","-11,10","","92,00","","5,00","","42,00","","2,40","","94,53","","","","-21,00","","Neige,Poudrerie élevée"
"1962-01-07 01:00","1962","01","07","01:00"," ","-10,00","","-11,10","","91,00","","9,00","","32,00","","2,40","","94,37","","","","-20,00","","Neige,Poudrerie élevée"
"1962-01-07 02:00","1962","01","07","02:00"," ","-10,60","","-11,70","","93,00","","7,00","","29,00","","4,80","","94,11","","","","-20,00","","Neige,Granules de glace ou grésil,Poudrerie élevée"
"1962-01-07 03:00","1962","01","07","03:00"," ","-10,00","","-10,60","","94,00","","7,00","","24,00","","1,20","","93,93","","","","-19,00","","Neige,Poudrerie élevée"
"1962-01-07 04:00","1962","01","07","04:00"," ","-10,00","","-11,10","","92,00","","5,00","","19,00","","0,40","","93,78","","","","-18,00","","Neige forte"
"1962-01-07 05:00","1962","01","07","05:00"," ","-10,00","","-11,10","","91,00","","5,00","","19,00","","1,20","","93,64","","","","-18,00","","Neige"
"1962-01-07 06:00","1962","01","07","06:00"," ","-10,00","","-11,10","","91,00","","5,00","","19,00","","1,20","","93,62","","","","-18,00","","Neige"
"1962-01-07 07:00","1962","01","07","07:00"," ","-10,00","","-10,60","","94,00","","5,00","","16,00","","1,20","","93,52","","","","-17,00","","Neige"
"1962-01-07 08:00","1962","01","07","08:00"," ","-8,90","","-10,00","","93,00","","0,00","","0,00","","1,20","","93,58","","","","","","Neige"
"1962-01-07 09:00","1962","01","07","09:00"," ","-8,90","","-10,00","","93,00","","20,00","","10,00","","0,80","","93,59","","","","-14,00","","Neige modérée,Neige en grains"
"1962-01-07 10:00","1962","01","07","10:00"," ","-9,40","","-10,60","","93,00","","20,00","","13,00","","0,80","","93,70","","","","-15,00","","Neige,Neige en grains modérée"
"1962-01-07 11:00","1962","01","07","11:00"," ","-9,40","","-10,60","","93,00","","23,00","","13,00","","1,60","","93,73","","","","-15,00","","Neige en grains,Neige roulée"
"1962-01-07 12:00","1962","01","07","12:00"," ","-9,40","","-10,00","","94,00","","23,00","","16,00","","1,60","","93,74","","","","-16,00","","Neige en grains,Neige roulée"
"1962-01-07 13:00","1962","01","07","13:00"," ","-10,00","","-10,60","","94,00","","23,00","","16,00","","1,60","","93,77","","","","-17,00","","Neige en grains"
"1962-01-07 14:00","1962","01","07","14:00"," ","-10,00","","-11,10","","91,00","","20,00","","13,00","","4,80","","93,83","","","","-16,00","","Neige"
"1962-01-07 15:00","1962","01","07","15:00"," ","-10,60","","-12,20","","87,00","","20,00","","8,00","","16,10","","93,92","","","","-15,00","","Nuageux"
"1962-01-07 16:00","1962","01","07","16:00"," ","-10,60","","-12,20","","89,00","","23,00","","8,00","","2,00","","94,02","","","","-15,00","","Neige"
"1962-01-07 17:00","1962","01","07","17:00"," ","-9,40","","-10,00","","94,00","","23,00","","13,00","","4,00","","94,10","","","","-15,00","","Neige"
"1962-01-07 18:00","1962","01","07","18:00"," ","-9,40","","-10,60","","93,00","","29,00","","11,00","","4,80","","94,12","","","","-15,00","","Neige"
"1962-01-07 19:00","1962","01","07","19:00"," ","-9,40","","-10,00","","96,00","","32,00","","8,00","","0,80","","94,12","","","","-14,00","","Neige modérée"
"1962-01-07 20:00","1962","01","07","20:00"," ","-9,40","","-10,00","","97,00","","32,00","","14,00","","0,80","","94,20","","","","-16,00","","Neige modérée"
"1962-01-07 21:00","1962","01","07","21:00"," ","-10,60","","-11,70","","92,00","","27,00","","18,00","","6,40","","94,30","","","","-18,00","","Neige"
"1962-01-07 22:00","1962","01","07","22:00"," ","-12,20","","-13,90","","85,00","","27,00","","19,00","","4,80","","94,39","","","","-20,00","","Neige"
"1962-01-07 23:00","1962","01","07","23:00"," ","-12,80","","-15,00","","83,00","","32,00","","19,00","","6,40","","94,48","","","","-21,00","","Neige"
"1962-01-08 00:00","1962","01","08","00:00"," ","-14,40","","-19,40","","66,00","","32,00","","18,00","","9,70","","94,60","","","","-23,00","","Neige"
"1962-01-08 01:00","1962","01","08","01:00"," ","-15,60","","-18,30","","78,00","","29,00","","19,00","","24,10","","94,72","","","","-25,00","","Nuageux"
"1962-01-08 02:00","1962","01","08","02:00"," ","-16,10","","-20,00","","73,00","","29,00","","19,00","","24,10","","94,84","","","","-25,00","","Nuageux"
"1962-01-08 03:00","1962","01","08","03:00"," ","-16,70","","-19,40","","81,00","","27,00","","19,00","","24,10","","94,91","","","","-26,00","","Neige"
"1962-01-08 04:00","1962","01","08","04:00"," ","-16,70","","-19,40","","81,00","","27,00","","10,00","","24,10","","94,92","","","","-23,00","","Nuageux"
"1962-01-08 05:00","1962","01","08","05:00"," ","-16,70","","-19,40","","78,00","","27,00","","6,00","","24,10","","94,94","","","","-21,00","","Nuageux"
"1962-01-08 06:00","1962","01","08","06:00"," ","-16,70","","-18,90","","83,00","","0,00","","0,00","","24,10","","94,97","","","","","","Nuageux"
"1962-01-08 07:00","1962","01","08","07:00"," ","-16,70","","-19,40","","81,00","","18,00","","3,00","","24,10","","95,02","","","","-19,00","","Nuageux"
"1962-01-08 08:00","1962","01","08","08:00"," ","-17,20","","-19,40","","82,00","","20,00","","10,00","","24,10","","95,02","","","","-24,00","","Nuageux"
"1962-01-08 09:00","1962","01","08","09:00"," ","-16,70","","-19,40","","81,00","","27,00","","8,00","","25,00","","94,94","","","","-22,00","","Nuageux"
"1962-01-08 10:00","1962","01","08","10:00"," ","-16,10","","-19,40","","77,00","","23,00","","13,00","","24,10","","95,09","","","","-24,00","","Neige"
"1962-01-08 11:00","1962","01","08","11:00"," ","-15,00","","-17,80","","78,00","","20,00","","13,00","","24,10","","95,12","","","","-22,00","","Nuageux"
"1962-01-08 12:00","1962","01","08","12:00"," ","-14,40","","-17,20","","81,00","","27,00","","16,00","","24,10","","95,11","","","","-22,00","","Nuageux"
"1962-01-08 13:00","1962","01","08","13:00"," ","-14,40","","-16,70","","83,00","","23,00","","11,00","","24,10","","95,14","","","","-21,00","","Nuageux"
"1962-01-08 14:00","1962","01","08","14:00"," ","-14,40","","-17,20","","79,00","","23,00","","10,00","","24,10","","95,22","","","","-21,00","","Nuageux"
"1962-01-08 15:00","1962","01","08","15:00"," ","-14,40","","-17,20","","79,00","","23,00","","13,00","","19,30","","95,33","","","","-22,00","","Neige"
"1962-01-08 16:00","1962","01","08","16:00"," ","-14,40","","-17,80","","77,00","","27,00","","11,00","","11,30","","95,34","","","","-21,00","","Neige"
"1962-01-08 17:00","1962","01","08","17:00"," ","-14,40","","-17,80","","77,00","","27,00","","13,00","","12,90","","95,41","","","","-22,00","","Neige"
"1962-01-08 18:00","1962","01","08","18:00"," ","-14,40","","-16,70","","85,00","","27,00","","13,00","","19,30","","95,49","","","","-22,00","","Nuageux"
"1962-01-08 19:00","1962","01","08","19:00"," ","-14,40","","-16,10","","87,00","","27,00","","13,00","","12,90","","95,55","","","","-22,00","","Neige"
"1962-01-08 20:00","1962","01","08","20:00"," ","-14,40","","-16,10","","87,00","","27,00","","13,00","","19,30","","95,62","","","","-22,00","","Nuageux"
"1962-01-08 21:00","1962","01","08","21:00"," ","-14,40","","-16,10","","87,00","","27,00","","10,00","","19,30","","95,67","","","","-21,00","","Nuageux"
"1962-01-08 22:00","1962","01","08","22:00"," ","-14,40","","-16,70","","85,00","","29,00","","10,00","","24,10","","95,70","","","","-21,00","","Neige"
"1962-01-08 23:00","1962","01","08","23:00"," ","-14,40","","-16,10","","87,00","","29,00","","10,00","","24,10","","95,74","","","","-21,00","","Neige"
"1962-01-09 00:00","1962","01","09","00:00"," ","-13,90","","-15,60","","85,00","","23,00","","5,00","","24,10","","95,78","","","","-17,00","","Neige"
"1962-01-09 01:00","1962","01","09","01:00"," ","-15,00","","-16,70","","86,00","","27,00","","3,00","","16,10","","95,84","","","","-17,00","","Neige"
"1962-01-09 02:00","1962","01","09","02:00"," ","-15,00","","-17,20","","84,00","","27,00","","6,00","","16,10","","95,95","","","","-19,00","","Neige"
"1962-01-09 03:00","1962","01","09","03:00"," ","-15,00","","-17,20","","84,00","","29,00","","6,00","","16,10","","96,02","","","","-19,00","","Neige"
"1962-01-09 04:00","1962","01","09","04:00"," ","-14,40","","-16,10","","87,00","","32,00","","6,00","","16,10","","96,04","","","","-19,00","","Neige"
"1962-01-09 05:00","1962","01","09","05:00"," ","-14,40","","-16,10","","89,00","","32,00","","5,00","","16,10","","96,09","","","","-18,00","","Neige"
"1962-01-09 06:00","1962","01","09","06:00"," ","-15,00","","-16,70","","86,00","","32,00","","8,00","","24,10","","96,19","","","","-20,00","","Nuageux"
"1962-01-09 07:00","1962","01","09","07:00"," ","-15,00","","-16,70","","86,00","","32,00","","10,00","","24,10","","96,27","","","","-21,00","","Nuageux"
"1962-01-09 08:00","1962","01","09","08:00"," ","-15,60","","-17,20","","88,00","","34,00","","6,00","","24,10","","96,36","","","","-20,00","","Nuageux"
"1962-01-09 09:00","1962","01","09","09:00"," ","-16,10","","-17,80","","88,00","","36,00","","8,00","","6,40","","96,43","","","","-22,00","","Cristaux de glace"
"1962-01-09 10:00","1962","01","09","10:00"," ","-16,10","","-18,30","","83,00","","5,00","","8,00","","19,30","","96,48","","","","-22,00","","Généralement dégagé"
"1962-01-09 11:00","1962","01","09","11:00"," ","-13,90","","-16,10","","84,00","","23,00","","2,00","","19,30","","96,53","","","","-15,00","","Généralement dégagé"
"1962-01-09 12:00","1962","01","09","12:00"," ","-12,80","","-16,10","","74,00","","23,00","","3,00","","19,30","","96,46","","","","-15,00","","Généralement dégagé"
"1962-01-09 13:00","1962","01","09","13:00"," ","-13,30","","-16,70","","75,00","","23,00","","10,00","","19,30","","96,47","","","","-19,00","","Généralement dégagé"
"1962-01-09 14:00","1962","01","09","14:00"," ","-12,80","","-16,10","","78,00","","20,00","","6,00","","19,30","","96,51","","","","-17,00","","Généralement dégagé"
"1962-01-09 15:00","1962","01","09","15:00"," ","-12,80","","-16,10","","74,00","","23,00","","8,00","","16,10","","96,56","","","","-18,00","","Généralement nuageux"
"1962-01-09 16:00","1962","01","09","16:00"," ","-13,30","","-16,10","","79,00","","29,00","","10,00","","16,10","","96,61","","","","-19,00","","Généralement dégagé"
"1962-01-09 17:00","1962","01","09","17:00"," ","-13,30","","-15,60","","82,00","","27,00","","10,00","","19,30","","96,66","","","","-19,00","","Généralement nuageux"
"1962-01-09 18:00","1962","01","09","18:00"," ","-13,90","","-16,70","","80,00","","27,00","","10,00","","19,30","","96,70","","","","-20,00","","Nuageux"
"1962-01-09 19:00","1962","01","09","19:00"," ","-15,00","","-17,80","","80,00","","32,00","","16,00","","24,10","","96,76","","","","-23,00","","Généralement dégagé"
"1962-01-09 20:00","1962","01","09","20:00"," ","-16,70","","-19,40","","78,00","","32,00","","16,00","","24,10","","96,84","","","","-25,00","","Dégagé"
"1962-01-09 21:00","1962","01","09","21:00"," ","-18,30","","-20,60","","84,00","","32,00","","13,00","","24,10","","96,89","","","","-26,00","","Dégagé"
"1962-01-09 22:00","1962","01","09","22:00"," ","-18,90","","-21,10","","83,00","","32,00","","10,00","","19,30","","96,93","","","","-26,00","","Cristaux de glace"
"1962-01-09 23:00","1962","01","09","23:00"," ","-18,90","","-20,60","","86,00","","29,00","","11,00","","24,10","","97,01","","","","-26,00","","Généralement dégagé"
"1962-01-10 00:00","1962","01","10","00:00"," ","-18,30","","-20,00","","86,00","","27,00","","11,00","","4,00","","97,08","","","","-26,00","","Averses de neige"
"1962-01-10 01:00","1962","01","10","01:00"," ","-18,30","","-20,00","","89,00","","27,00","","13,00","","16,10","","97,12","","","","-26,00","","Cristaux de glace"
"1962-01-10 02:00","1962","01","10","02:00"," ","-18,90","","-20,60","","86,00","","25,00","","13,00","","16,10","","97,27","","","","-27,00","","Cristaux de glace"
"1962-01-10 03:00","1962","01","10","03:00"," ","-18,90","","-20,60","","88,00","","25,00","","16,00","","4,80","","97,36","","","","-28,00","","Neige"
"1962-01-10 04:00","1962","01","10","04:00"," ","-19,40","","-21,10","","85,00","","27,00","","19,00","","4,80","","97,41","","","","-29,00","","Neige"
"1962-01-10 05:00","1962","01","10","05:00"," ","-19,40","","-21,10","","85,00","","27,00","","13,00","","16,10","","97,46","","","","-28,00","","Cristaux de glace"
"1962-01-10 06:00","1962","01","10","06:00"," ","-20,00","","-21,70","","88,00","","27,00","","16,00","","16,10","","97,55","","","","-29,00","","Cristaux de glace"
"1962-01-10 07:00","1962","01","10","07:00"," ","-19,40","","-20,00","","94,00","","29,00","","16,00","","16,10","","97,60","","","","-29,00","","Cristaux de glace"
"1962-01-10 08:00","1962","01","10","08:00"," ","-19,40","","-20,00","","94,00","","29,00","","16,00","","16,10","","97,72","","","","-29,00","","Cristaux de glace"
"1962-01-10 09:00","1962","01","10","09:00"," ","-19,40","","-22,20","","80,00","","27,00","","10,00","","12,90","","97,86","","","","-26,00","","Généralement dégagé"
"1962-01-10 10:00","1962","01","10","10:00"," ","-17,20","","-19,40","","85,00","","32,00","","14,00","","16,10","","97,92","","","","-25,00","","Neige"
"1962-01-10 11:00","1962","01","10","11:00"," ","-17,20","","-19,40","","85,00","","32,00","","16,00","","16,10","","97,97","","","","-26,00","","Cristaux de glace"
"1962-01-10 12:00","1962","01","10","12:00"," ","-16,10","","-18,30","","83,00","","29,00","","14,00","","16,10","","97,95","","","","-24,00","","Généralement dégagé"
"1962-01-10 13:00","1962","01","10","13:00"," ","-15,60","","-19,40","","71,00","","29,00","","11,00","","16,10","","97,89","","","","-22,00","","Généralement nuageux"
"1962-01-10 14:00","1962","01","10","14:00"," ","-15,60","","-18,90","","76,00","","23,00","","16,00","","16,10","","97,91","","","","-24,00","","Généralement dégagé"
"1962-01-10 15:00","1962","01","10","15:00"," ","-16,10","","-19,40","","75,00","","25,00","","23,00","","16,10","","97,96","","","","-26,00","","Généralement dégagé"
"1962-01-10 16:00","1962","01","10","16:00"," ","-15,60","","-19,40","","73,00","","25,00","","14,00","","16,10","","98,03","","","","-23,00","","Généralement dégagé"
"1962-01-10 17:00","1962","01","10","17:00"," ","-16,70","","-20,00","","76,00","","27,00","","16,00","","16,10","","97,99","","","","-25,00","","Généralement dégagé"
"1962-01-10 18:00","1962","01","10","18:00"," ","-17,80","","-20,00","","82,00","","27,00","","16,00","","25,00","","98,01","","","","-27,00","","Généralement dégagé"
"1962-01-10 19:00","1962","01","10","19:00"," ","-17,80","","-20,00","","82,00","","27,00","","13,00","","24,10","","98,01","","","","-26,00","","Dégagé"
"1962-01-10 20:00","1962","01","10","20:00"," ","-17,80","","-21,10","","74,00","","27,00","","14,00","","24,10","","97,99","","","","-26,00","","Dégagé"
"1962-01-10 21:00","1962","01","10","21:00"," ","-17,80","","-21,70","","72,00","","25,00","","14,00","","19,30","","97,97","","","","-26,00","","Dégagé"
"1962-01-10 22:00","1962","01","10","22:00"," ","-18,30","","-20,00","","86,00","","23,00","","13,00","","19,30","","97,90","","","","-26,00","","Dégagé"
"1962-01-10 23:00","1962","01","10","23:00"," ","-20,00","","-21,70","","85,00","","23,00","","6,00","","19,30","","97,87","","","","-25,00","","Dégagé"
"1962-01-11 00:00","1962","01","11","00:00"," ","-20,00","","-21,70","","85,00","","23,00","","10,00","","19,30","","97,81","","","","-27,00","","Généralement dégagé"
"1962-01-11 01:00","1962","01","11","01:00"," ","-18,90","","-21,10","","83,00","","23,00","","16,00","","24,10","","97,76","","","","-28,00","","Généralement dégagé"
"1962-01-11 02:00","1962","01","11","02:00"," ","-18,90","","-20,60","","86,00","","23,00","","13,00","","24,10","","97,70","","","","-27,00","","Dégagé"
"1962-01-11 03:00","1962","01","11","03:00"," ","-17,80","","-20,00","","82,00","","23,00","","13,00","","24,10","","97,66","","","","-26,00","","Dégagé"
"1962-01-11 04:00","1962","01","11","04:00"," ","-17,20","","-20,00","","78,00","","23,00","","16,00","","24,10","","97,56","","","","-26,00","","Nuageux"
"1962-01-11 05:00","1962","01","11","05:00"," ","-15,60","","-17,20","","88,00","","23,00","","10,00","","16,10","","97,49","","","","-22,00","","Neige en grains"
"1962-01-11 06:00","1962","01","11","06:00"," ","-15,00","","-16,70","","86,00","","20,00","","10,00","","16,10","","97,39","","","","-21,00","","Neige en grains"
"1962-01-11 07:00","1962","01","11","07:00"," ","-13,30","","-14,40","","91,00","","23,00","","13,00","","11,30","","97,39","","","","-20,00","","Neige"
"1962-01-11 08:00","1962","01","11","08:00"," ","-12,20","","-13,30","","90,00","","23,00","","13,00","","6,40","","97,36","","","","-19,00","","Neige"
"1962-01-11 09:00","1962","01","11","09:00"," ","-10,60","","-11,70","","90,00","","23,00","","16,00","","11,30","","97,33","","","","-18,00","","Neige"
"1962-01-11 10:00","1962","01","11","10:00"," ","-8,30","","-9,40","","92,00","","23,00","","19,00","","6,40","","97,32","","","","-16,00","","Neige"
"1962-01-11 11:00","1962","01","11","11:00"," ","-7,80","","-8,90","","91,00","","25,00","","19,00","","4,80","","97,26","","","","-15,00","","Averses de neige"
"1962-01-11 12:00","1962","01","11","12:00"," ","-7,20","","-8,90","","89,00","","23,00","","29,00","","6,40","","97,14","","","","-16,00","","Averses de neige"
"1962-01-11 13:00","1962","01","11","13:00"," ","-7,20","","-8,90","","88,00","","23,00","","29,00","","6,40","","97,09","","","","-16,00","","Averses de neige"
"1962-01-11 14:00","1962","01","11","14:00"," ","-7,20","","-8,30","","92,00","","20,00","","29,00","","3,20","","97,02","","","","-16,00","","Averses de neige"
"1962-01-11 15:00","1962","01","11","15:00"," ","-7,80","","-8,90","","93,00","","23,00","","29,00","","1,60","","96,99","","","","-17,00","","Averses de neige"
"1962-01-11 16:00","1962","01","11","16:00"," ","-7,20","","-8,30","","92,00","","23,00","","26,00","","6,40","","96,93","","","","-15,00","","Averses de neige"
"1962-01-11 17:00","1962","01","11","17:00"," ","-7,20","","-8,30","","92,00","","20,00","","23,00","","1,60","","96,87","","","","-15,00","","Averses de neige"
"1962-01-11 18:00","1962","01","11","18:00"," ","-7,80","","-8,30","","95,00","","20,00","","24,00","","3,20","","96,87","","","","-16,00","","Neige"
"1962-01-11 19:00","1962","01","11","19:00"," ","-7,80","","-8,30","","97,00","","23,00","","32,00","","6,40","","96,80","","","","-17,00","","Neige"
"1962-01-11 20:00","1962","01","11","20:00"," ","-7,20","","-7,80","","95,00","","23,00","","32,00","","12,90","","96,79","","","","-16,00","","Neige"
"1962-01-11 21:00","1962","01","11","21:00"," ","-7,20","","-7,80","","95,00","","23,00","","32,00","","6,40","","96,77","","","","-16,00","","Neige,Poudrerie élevée"
"1962-01-11 22:00","1962","01","11","22:00"," ","-7,20","","-8,30","","93,00","","23,00","","29,00","","2,40","","96,75","","","","-16,00","","Neige,Poudrerie élevée"
"1962-01-11 23:00","1962","01","11","23:00"," ","-7,20","","-8,30","","92,00","","23,00","","32,00","","2,40","","96,74","","","","-16,00","","Neige,Poudrerie élevée"
"1962-01-12 00:00","1962","01","12","00:00"," ","-7,80","","-8,30","","94,00","","20,00","","27,00","","2,40","","96,71","","","","-16,00","","Neige,Poudrerie élevée"
"1962-01-12 01:00","1962","01","12","01:00"," ","-7,80","","-8,30","","94,00","","20,00","","29,00","","1,60","","96,70","","","","-17,00","","Neige,Poudrerie élevée"
"1962-01-12 02:00","1962","01","12","02:00"," ","-7,80","","-8,30","","95,00","","23,00","","16,00","","4,80","","96,69","","","","-14,00","","Averses de neige"
"1962-01-12 03:00","1962","01","12","03:00"," ","-7,80","","-8,30","","95,00","","23,00","","19,00","","4,80","","96,73","","","","-15,00","","Averses de neige"
"1962-01-12 04:00","1962","01","12","04:00"," ","-7,80","","-8,30","","95,00","","23,00","","21,00","","1,00","","96,73","","","","-15,00","","Averses de neige"
"1962-01-12 05:00","1962","01","12","05:00"," ","-7,80","","-8,30","","95,00","","23,00","","16,00","","1,60","","96,73","","","","-14,00","","Neige"
"1962-01-12 06:00","1962","01","12","06:00"," ","-7,80","","-8,30","","94,00","","20,00","","16,00","","1,60","","96,75","","","","-14,00","","Neige"
"1962-01-12 07:00","1962","01","12","07:00"," ","-8,30","","-8,90","","95,00","","20,00","","18,00","","4,80","","96,76","","","","-15,00","","Neige"
"1962-01-12 08:00","1962","01","12","08:00"," ","-9,40","","-10,60","","93,00","","16,00","","10,00","","1,60","","96,82","","","","-15,00","","Neige"
"1962-01-12 09:00","1962","01","12","09:00"," ","-9,40","","-10,60","","93,00","","18,00","","8,00","","0,40","","96,90","","","","-14,00","","Neige forte"
"1962-01-12 10:00","1962","01","12","10:00"," ","-9,40","","-10,60","","93,00","","18,00","","8,00","","1,00","","96,96","","","","-14,00","","Neige"
"1962-01-12 11:00","1962","01","12","11:00"," ","-10,00","","-11,10","","92,00","","14,00","","13,00","","1,20","","96,99","","","","-16,00","","Neige"
"1962-01-12 12:00","1962","01","12","12:00"," ","-10,00","","-11,10","","92,00","","14,00","","8,00","","3,20","","96,98","","","","-14,00","","Neige"
"1962-01-12 13:00","1962","01","12","13:00"," ","-9,40","","-10,60","","91,00","","14,00","","14,00","","4,00","","96,97","","","","-16,00","","Neige"
"1962-01-12 14:00","1962","01","12","14:00"," ","-8,90","","-10,00","","92,00","","18,00","","13,00","","6,40","","96,98","","","","-15,00","","Neige"
"1962-01-12 15:00","1962","01","12","15:00"," ","-8,90","","-10,00","","92,00","","18,00","","13,00","","8,00","","97,03","","","","-15,00","","Neige"
"1962-01-12 16:00","1962","01","12","16:00"," ","-8,90","","-10,00","","92,00","","14,00","","11,00","","8,00","","97,10","","","","-14,00","","Neige"
"1962-01-12 17:00","1962","01","12","17:00"," ","-9,40","","-10,60","","93,00","","14,00","","6,00","","8,00","","97,13","","","","-13,00","","Neige"
"1962-01-12 18:00","1962","01","12","18:00"," ","-9,40","","-10,00","","96,00","","14,00","","8,00","","19,30","","97,16","","","","-14,00","","Neige"
"1962-01-12 19:00","1962","01","12","19:00"," ","-9,40","","-10,00","","94,00","","14,00","","6,00","","4,80","","97,19","","","","-13,00","","Averses de neige"
"1962-01-12 20:00","1962","01","12","20:00"," ","-9,40","","-10,00","","94,00","","14,00","","10,00","","16,10","","97,21","","","","-15,00","","Nuageux"
"1962-01-12 21:00","1962","01","12","21:00"," ","-9,40","","-10,00","","96,00","","14,00","","6,00","","19,30","","97,25","","","","-13,00","","Nuageux"
"1962-01-12 22:00","1962","01","12","22:00"," ","-9,40","","-10,00","","94,00","","14,00","","8,00","","12,90","","97,29","","","","-14,00","","Neige"
"1962-01-12 23:00","1962","01","12","23:00"," ","-9,40","","-10,00","","94,00","","14,00","","8,00","","9,70","","97,30","","","","-14,00","","Neige"
"1962-01-13 00:00","1962","01","13","00:00"," ","-9,40","","-10,00","","96,00","","14,00","","5,00","","9,70","","97,29","","","","-12,00","","Neige"
"1962-01-13 01:00","1962","01","13","01:00"," ","-9,40","","-10,00","","96,00","","14,00","","6,00","","4,80","","97,31","","","","-13,00","","Neige"
"1962-01-13 02:00","1962","01","13","02:00"," ","-9,40","","-10,00","","97,00","","14,00","","8,00","","6,40","","97,36","","","","-14,00","","Neige"
"1962-01-13 03:00","1962","01","13","03:00"," ","-9,40","","-10,00","","96,00","","14,00","","11,00","","4,80","","97,41","","","","-15,00","","Neige"
"1962-01-13 04:00","1962","01","13","04:00"," ","-9,40","","-10,00","","96,00","","14,00","","8,00","","6,40","","97,45","","","","-14,00","","Neige"
"1962-01-13 05:00","1962","01","13","05:00"," ","-9,40","","-10,00","","96,00","","14,00","","6,00","","4,80","","97,49","","","","-13,00","","Neige"
"1962-01-13 06:00","1962","01","13","06:00"," ","-9,40","","-10,00","","94,00","","14,00","","6,00","","4,80","","97,56","","","","-13,00","","Neige"
"1962-01-13 07:00","1962","01","13","07:00"," ","-8,90","","-9,40","","95,00","","14,00","","6,00","","4,80","","97,63","","","","-12,00","","Neige"
"1962-01-13 08:00","1962","01","13","08:00"," ","-8,90","","-9,40","","96,00","","18,00","","8,00","","4,80","","97,71","","","","-13,00","","Neige"
"1962-01-13 09:00","1962","01","13","09:00"," ","-8,30","","-9,40","","92,00","","14,00","","6,00","","1,60","","97,80","","","","-12,00","","Neige"
"1962-01-13 10:00","1962","01","13","10:00"," ","-7,80","","-8,90","","91,00","","18,00","","6,00","","2,40","","97,87","","","","-11,00","","Neige"
"1962-01-13 11:00","1962","01","13","11:00"," ","-6,70","","-7,80","","94,00","","18,00","","8,00","","4,80","","97,88","","","","-11,00","","Neige,Brouillard"
"1962-01-13 12:00","1962","01","13","12:00"," ","-6,10","","-6,70","","97,00","","18,00","","11,00","","3,20","","97,84","","","","-11,00","","Neige,Brouillard"
"1962-01-13 13:00","1962","01","13","13:00"," ","-5,60","","-5,60","","100,00","","20,00","","11,00","","12,90","","97,84","","","","-10,00","","Neige"
"1962-01-13 14:00","1962","01","13","14:00"," ","-4,40","","-5,00","","96,00","","23,00","","13,00","","9,70","","97,89","","","","-9,00","","Neige,Brouillard"
"1962-01-13 15:00","1962","01","13","15:00"," ","-3,90","","-4,40","","96,00","","18,00","","16,00","","11,30","","97,92","","","","-9,00","","Neige"
"1962-01-13 16:00","1962","01","13","16:00"," ","-3,90","","-5,00","","93,00","","23,00","","13,00","","11,30","","97,99","","","","-9,00","","Neige"
"1962-01-13 17:00","1962","01","13","17:00"," ","-3,90","","-5,60","","90,00","","18,00","","13,00","","12,90","","97,97","","","","-9,00","","Neige"
"1962-01-13 18:00","1962","01","13","18:00"," ","-3,90","","-5,00","","93,00","","18,00","","13,00","","24,10","","98,02","","","","-9,00","","Nuageux"
"1962-01-13 19:00","1962","01","13","19:00"," ","-4,40","","-5,60","","90,00","","18,00","","11,00","","24,10","","98,02","","","","-9,00","","Nuageux"
"1962-01-13 20:00","1962","01","13","20:00"," ","-4,40","","-5,60","","90,00","","18,00","","14,00","","19,30","","98,02","","","","-10,00","","Nuageux"
"1962-01-13 21:00","1962","01","13","21:00"," ","-4,40","","-5,60","","90,00","","18,00","","19,00","","24,10","","97,97","","","","-11,00","","Nuageux"
"1962-01-13 22:00","1962","01","13","22:00"," ","-5,00","","-6,10","","91,00","","18,00","","16,00","","19,30","","97,96","","","","-11,00","","Nuageux"
"1962-01-13 23:00","1962","01","13","23:00"," ","-5,60","","-6,70","","90,00","","18,00","","24,00","","19,30","","97,94","","","","-13,00","","Nuageux"
"1962-01-14 00:00","1962","01","14","00:00"," ","-5,60","","-6,70","","92,00","","18,00","","29,00","","16,10","","97,85","","","","-14,00","","Nuageux"
"1962-01-14 01:00","1962","01","14","01:00"," ","-5,60","","-6,10","","96,00","","18,00","","19,00","","16,10","","97,78","","","","-12,00","","Nuageux"
"1962-01-14 02:00","1962","01","14","02:00"," ","-5,60","","-6,10","","96,00","","18,00","","19,00","","12,90","","97,63","","","","-12,00","","Nuageux"
"1962-01-14 03:00","1962","01","14","03:00"," ","-6,10","","-7,20","","93,00","","16,00","","29,00","","19,30","","97,67","","","","-14,00","","Généralement nuageux"
"1962-01-14 04:00","1962","01","14","04:00"," ","-4,40","","-5,60","","91,00","","18,00","","29,00","","9,70","","97,57","","","","-12,00","","Poudrerie élevée"
"1962-01-14 05:00","1962","01","14","05:00"," ","-3,90","","-5,60","","90,00","","18,00","","29,00","","12,90","","97,49","","","","-11,00","","Dégagé"
"1962-01-14 06:00","1962","01","14","06:00"," ","-4,40","","-5,60","","90,00","","18,00","","27,00","","12,90","","97,44","","","","-12,00","","Généralement nuageux"
"1962-01-14 07:00","1962","01","14","07:00"," ","-3,90","","-5,60","","89,00","","18,00","","29,00","","19,30","","97,39","","","","-11,00","","Généralement dégagé"
"1962-01-14 08:00","1962","01","14","08:00"," ","-3,90","","-5,60","","89,00","","18,00","","23,00","","11,30","","97,38","","","","-11,00","","Nuageux"
"1962-01-14 09:00","1962","01","14","09:00"," ","-3,30","","-4,40","","90,00","","18,00","","24,00","","11,30","","97,39","","","","-10,00","","Nuageux"
"1962-01-14 10:00","1962","01","14","10:00"," ","-2,80","","-6,70","","74,00","","16,00","","24,00","","11,30","","97,36","","","","-9,00","","Nuageux"
"1962-01-14 11:00","1962","01","14","11:00"," ","-2,20","","-4,40","","84,00","","18,00","","27,00","","11,30","","97,29","","","","-9,00","","Nuageux"
"1962-01-14 12:00","1962","01","14","12:00"," ","-1,70","","-4,40","","82,00","","20,00","","29,00","","11,30","","97,30","","","","-9,00","","Nuageux"
"1962-01-14 13:00","1962","01","14","13:00"," ","-1,70","","-4,40","","81,00","","20,00","","31,00","","12,90","","97,26","","","","-9,00","","Nuageux"
"1962-01-14 14:00","1962","01","14","14:00"," ","-1,10","","-3,30","","86,00","","20,00","","26,00","","12,90","","97,29","","","","-7,00","","Nuageux"
"1962-01-14 15:00","1962","01","14","15:00"," ","-0,60","","-2,20","","88,00","","20,00","","24,00","","12,90","","97,29","","","","-7,00","","Nuageux"
"1962-01-14 16:00","1962","01","14","16:00"," ","-0,60","","-1,70","","91,00","","23,00","","24,00","","11,30","","97,34","","","","-7,00","","Nuageux"
"1962-01-14 17:00","1962","01","14","17:00"," ","-0,60","","-2,80","","85,00","","20,00","","23,00","","6,40","","97,43","","","","-6,00","","Neige en grains,Brume sèche"
"1962-01-14 18:00","1962","01","14","18:00"," ","-0,60","","-2,80","","85,00","","18,00","","24,00","","24,10","","97,49","","","","-7,00","","Neige en grains"
"1962-01-14 19:00","1962","01","14","19:00"," ","-0,60","","-2,80","","85,00","","23,00","","19,00","","24,10","","97,49","","","","-6,00","","Nuageux"
"1962-01-14 20:00","1962","01","14","20:00"," ","-1,10","","-2,20","","93,00","","18,00","","19,00","","4,00","","97,46","","","","-6,00","","Neige"
"1962-01-14 21:00","1962","01","14","21:00"," ","-1,70","","-2,20","","95,00","","18,00","","13,00","","1,60","","97,45","","","","-6,00","","Neige"
"1962-01-14 22:00","1962","01","14","22:00"," ","-1,70","","-2,20","","96,00","","18,00","","13,00","","1,20","","97,41","","","","-6,00","","Neige"
"1962-01-14 23:00","1962","01","14","23:00"," ","-1,70","","-2,20","","96,00","","18,00","","16,00","","1,20","","97,38","","","","-7,00","","Neige"
"1962-01-15 00:00","1962","01","15","00:00"," ","-2,20","","-2,80","","98,00","","18,00","","10,00","","1,00","","97,34","","","","-6,00","","Neige"
"1962-01-15 01:00","1962","01","15","01:00"," ","-2,20","","-2,80","","97,00","","18,00","","13,00","","1,00","","97,14","","","","-7,00","","Neige"
"1962-01-15 02:00","1962","01","15","02:00"," ","-2,20","","-2,20","","99,00","","14,00","","10,00","","1,20","","97,03","","","","-6,00","","Neige"
"1962-01-15 03:00","1962","01","15","03:00"," ","-1,70","","-1,70","","98,00","","14,00","","11,00","","1,20","","96,88","","","","-6,00","","Neige"
"1962-01-15 04:00","1962","01","15","04:00"," ","-1,10","","-1,70","","97,00","","16,00","","10,00","","1,20","","96,86","","","","-5,00","","Neige"
"1962-01-15 05:00","1962","01","15","05:00"," ","-1,10","","-1,70","","96,00","","14,00","","10,00","","1,00","","96,69","","","","-5,00","","Neige"
"1962-01-15 06:00","1962","01","15","06:00"," ","-1,10","","-1,10","","99,00","","14,00","","13,00","","1,00","","96,65","","","","-5,00","","Neige"
"1962-01-15 07:00","1962","01","15","07:00"," ","-1,70","","-1,70","","98,00","","11,00","","13,00","","1,00","","96,40","","","","-6,00","","Neige"
"1962-01-15 08:00","1962","01","15","08:00"," ","-1,70","","-1,70","","99,00","","14,00","","13,00","","0,80","","96,35","","","","-6,00","","Neige modérée"
"1962-01-15 09:00","1962","01","15","09:00"," ","-2,20","","-2,80","","98,00","","9,00","","13,00","","0,80","","96,20","","","","-7,00","","Neige modérée"
"1962-01-15 10:00","1962","01","15","10:00"," ","-1,70","","-1,70","","98,00","","9,00","","11,00","","0,80","","96,08","","","","-6,00","","Neige modérée"
"1962-01-15 11:00","1962","01","15","11:00"," ","-1,70","","-2,20","","95,00","","5,00","","10,00","","0,80","","96,03","","","","-5,00","","Neige,Brouillard"
"1962-01-15 12:00","1962","01","15","12:00"," ","-1,70","","-2,20","","95,00","","5,00","","8,00","","0,80","","95,82","","","","-5,00","","Neige,Brouillard"
"1962-01-15 13:00","1962","01","15","13:00"," ","-1,70","","-2,20","","96,00","","36,00","","11,00","","0,80","","95,62","","","","-6,00","","Neige,Brouillard"
"1962-01-15 14:00","1962","01","15","14:00"," ","-5,00","","-6,10","","92,00","","36,00","","23,00","","1,20","","95,51","","","","-12,00","","Neige"
"1962-01-15 15:00","1962","01","15","15:00"," ","-8,30","","-9,40","","92,00","","36,00","","29,00","","1,00","","95,53","","","","-17,00","","Neige,Poudrerie élevée"
"1962-01-15 16:00","1962","01","15","16:00"," ","-10,60","","-11,70","","90,00","","36,00","","39,00","","1,20","","95,63","","","","-21,00","","Neige,Poudrerie élevée"
"1962-01-15 17:00","1962","01","15","17:00"," ","-11,10","","-12,20","","93,00","","36,00","","32,00","","1,20","","95,70","","","","-21,00","","Neige,Poudrerie élevée"
"1962-01-15 18:00","1962","01","15","18:00"," ","-12,20","","-13,30","","92,00","","34,00","","32,00","","1,60","","95,88","","","","-23,00","","Neige,Poudrerie élevée"
"1962-01-15 19:00","1962","01","15","19:00"," ","-12,80","","-14,40","","87,00","","32,00","","35,00","","4,80","","96,01","","","","-24,00","","Neige"
"1962-01-15 20:00","1962","01","15","20:00"," ","-13,30","","-15,00","","86,00","","34,00","","32,00","","11,30","","96,20","","","","-24,00","","Généralement nuageux"
"1962-01-15 21:00","1962","01","15","21:00"," ","-14,40","","-17,20","","81,00","","32,00","","29,00","","24,10","","96,43","","","","-25,00","","Généralement dégagé"
"1962-01-15 22:00","1962","01","15","22:00"," ","-15,00","","-17,20","","82,00","","29,00","","24,00","","24,10","","96,58","","","","-25,00","","Généralement dégagé"
"1962-01-15 23:00","1962","01","15","23:00"," ","-16,10","","-18,90","","79,00","","29,00","","24,00","","24,10","","96,78","","","","-26,00","","Généralement dégagé"
"1962-01-16 00:00","1962","01","16","00:00"," ","-16,70","","-19,40","","78,00","","29,00","","19,00","","24,10","","96,88","","","","-26,00","","Dégagé"
"1962-01-16 01:00","1962","01","16","01:00"," ","-18,30","","-20,60","","84,00","","29,00","","19,00","","24,10","","97,05","","","","-28,00","","Dégagé"
"1962-01-16 02:00","1962","01","16","02:00"," ","-19,40","","-21,70","","83,00","","32,00","","13,00","","24,10","","97,20","","","","-28,00","","Dégagé"
"1962-01-16 03:00","1962","01","16","03:00"," ","-20,60","","-22,20","","88,00","","32,00","","13,00","","24,10","","97,28","","","","-29,00","","Dégagé"
"1962-01-16 04:00","1962","01","16","04:00"," ","-20,60","","-22,20","","85,00","","25,00","","13,00","","24,10","","97,35","","","","-29,00","","Dégagé"
"1962-01-16 05:00","1962","01","16","05:00"," ","-21,70","","-23,90","","84,00","","27,00","","8,00","","24,10","","97,37","","","","-28,00","","Cristaux de glace"
"1962-01-16 06:00","1962","01","16","06:00"," ","-21,70","","-24,40","","78,00","","27,00","","10,00","","24,10","","97,34","","","","-29,00","","Cristaux de glace"
"1962-01-16 07:00","1962","01","16","07:00"," ","-24,40","","-26,10","","87,00","","0,00","","0,00","","24,10","","97,36","","","","","","Cristaux de glace"
"1962-01-16 08:00","1962","01","16","08:00"," ","-21,70","","-23,30","","87,00","","18,00","","10,00","","24,10","","97,36","","","","-29,00","","Généralement dégagé"
"1962-01-16 09:00","1962","01","16","09:00"," ","-21,10","","-23,30","","81,00","","14,00","","5,00","","12,90","","97,38","","","","-26,00","","Généralement dégagé"
"1962-01-16 10:00","1962","01","16","10:00"," ","-18,90","","-21,10","","83,00","","14,00","","8,00","","9,70","","97,36","","","","-25,00","","Cristaux de glace"
"1962-01-16 11:00","1962","01","16","11:00"," ","-17,20","","-19,40","","85,00","","14,00","","8,00","","4,00","","97,36","","","","-23,00","","Neige"
"1962-01-16 12:00","1962","01","16","12:00"," ","-15,60","","-17,80","","84,00","","14,00","","8,00","","9,70","","97,23","","","","-21,00","","Neige"
"1962-01-16 13:00","1962","01","16","13:00"," ","-13,30","","-15,00","","86,00","","14,00","","8,00","","6,40","","97,09","","","","-18,00","","Neige"
"1962-01-16 14:00","1962","01","16","14:00"," ","-11,70","","-14,40","","81,00","","14,00","","10,00","","19,30","","97,01","","","","-17,00","","Neige"
"1962-01-16 15:00","1962","01","16","15:00"," ","-10,60","","-12,80","","84,00","","18,00","","14,00","","12,90","","96,96","","","","-17,00","","Neige"
"1962-01-16 16:00","1962","01","16","16:00"," ","-9,40","","-10,60","","91,00","","18,00","","16,00","","12,90","","96,92","","","","-16,00","","Neige"
"1962-01-16 17:00","1962","01","16","17:00"," ","-9,40","","-10,60","","91,00","","23,00","","16,00","","11,30","","96,86","","","","-16,00","","Généralement nuageux"
"1962-01-16 18:00","1962","01","16","18:00"," ","-10,60","","-12,20","","89,00","","23,00","","19,00","","11,30","","96,82","","","","-18,00","","Nuageux"
"1962-01-16 19:00","1962","01","16","19:00"," ","-9,40","","-10,60","","93,00","","23,00","","24,00","","4,80","","96,78","","","","-18,00","","Neige"
"1962-01-16 20:00","1962","01","16","20:00"," ","-9,40","","-10,60","","91,00","","25,00","","19,00","","11,30","","96,72","","","","-17,00","","Neige"
"1962-01-16 21:00","1962","01","16","21:00"," ","-9,40","","-10,60","","91,00","","23,00","","32,00","","16,10","","96,69","","","","-19,00","","Nuageux"
"1962-01-16 22:00","1962","01","16","22:00"," ","-10,00","","-11,70","","88,00","","27,00","","32,00","","24,10","","96,66","","","","-20,00","","Généralement nuageux"
"1962-01-16 23:00","1962","01","16","23:00"," ","-10,60","","-12,20","","87,00","","27,00","","40,00","","16,10","","96,66","","","","-22,00","","Généralement nuageux"
"1962-01-17 00:00","1962","01","17","00:00"," ","-12,20","","-13,90","","87,00","","27,00","","32,00","","16,10","","96,68","","","","-23,00","","Généralement nuageux"
"1962-01-17 01:00","1962","01","17","01:00"," ","-13,90","","-20,00","","59,00","","27,00","","32,00","","16,10","","96,72","","","","-25,00","","Généralement dégagé"
"1962-01-17 02:00","1962","01","17","02:00"," ","-15,60","","-20,00","","69,00","","27,00","","29,00","","24,10","","96,78","","","","-27,00","","Généralement dégagé"
"1962-01-17 03:00","1962","01","17","03:00"," ","-17,20","","-20,00","","80,00","","27,00","","29,00","","24,10","","96,88","","","","-29,00","","Dégagé"
"1962-01-17 04:00","1962","01","17","04:00"," ","-18,30","","-21,10","","79,00","","27,00","","23,00","","24,10","","96,96","","","","-29,00","","Dégagé"
"1962-01-17 05:00","1962","01","17","05:00"," ","-20,00","","-21,70","","85,00","","32,00","","32,00","","19,30","","97,13","","","","-33,00","","Dégagé"
"1962-01-17 06:00","1962","01","17","06:00"," ","-21,70","","-24,40","","78,00","","32,00","","29,00","","19,30","","97,29","","","","-35,00","","Dégagé"
"1962-01-17 07:00","1962","01","17","07:00"," ","-23,30","","-27,20","","69,00","","32,00","","29,00","","19,30","","97,46","","","","-37,00","","Généralement dégagé"
"1962-01-17 08:00","1962","01","17","08:00"," ","-25,00","","-30,00","","62,00","","29,00","","16,00","","32,20","","97,62","","","","-36,00","","Généralement dégagé"
"1962-01-17 09:00","1962","01","17","09:00"," ","-26,10","","-31,10","","64,00","","32,00","","16,00","","25,00","","97,78","","","","-37,00","","Généralement dégagé"
"1962-01-17 10:00","1962","01","17","10:00"," ","-25,60","","-31,10","","61,00","","29,00","","16,00","","25,00","","97,91","","","","-36,00","","Généralement dégagé"
"1962-01-17 11:00","1962","01","17","11:00"," ","-24,40","","-31,10","","55,00","","29,00","","19,00","","25,00","","97,95","","","","-36,00","","Généralement dégagé"
"1962-01-17 12:00","1962","01","17","12:00"," ","-24,40","","-32,80","","47,00","","29,00","","23,00","","25,00","","97,97","","","","-37,00","","Généralement dégagé"
"1962-01-17 13:00","1962","01","17","13:00"," ","-23,90","","-31,70","","49,00","","25,00","","16,00","","25,00","","98,01","","","","-34,00","","Généralement nuageux"
"1962-01-17 14:00","1962","01","17","14:00"," ","-25,00","","-31,10","","58,00","","23,00","","16,00","","25,00","","98,03","","","","-36,00","","Généralement dégagé"
"1962-01-17 15:00","1962","01","17","15:00"," ","-25,00","","-32,80","","49,00","","23,00","","19,00","","25,00","","98,09","","","","-37,00","","Dégagé"
"1962-01-17 16:00","1962","01","17","16:00"," ","-24,40","","-30,00","","59,00","","25,00","","19,00","","25,00","","98,14","","","","-36,00","","Dégagé"
"1962-01-17 17:00","1962","01","17","17:00"," ","-25,60","","-29,40","","69,00","","25,00","","19,00","","16,10","","98,16","","","","-37,00","","Généralement dégagé"
"1962-01-17 18:00","1962","01","17","18:00"," ","-26,10","","-30,00","","68,00","","23,00","","13,00","","16,10","","98,12","","","","-36,00","","Dégagé"
"1962-01-17 19:00","1962","01","17","19:00"," ","-25,60","","-29,40","","69,00","","18,00","","10,00","","16,10","","98,08","","","","-34,00","","Dégagé"
"1962-01-17 20:00","1962","01","17","20:00"," ","-25,00","","-28,30","","74,00","","18,00","","13,00","","16,10","","98,01","","","","-34,00","","Dégagé"
"1962-01-17 21:00","1962","01","17","21:00"," ","-25,00","","-28,30","","74,00","","18,00","","16,00","","16,10","","97,97","","","","-36,00","","Dégagé"
"1962-01-17 22:00","1962","01","17","22:00"," ","-24,40","","-27,80","","75,00","","20,00","","16,00","","24,10","","97,91","","","","-35,00","","Dégagé"
"1962-01-17 23:00","1962","01","17","23:00"," ","-24,40","","-27,80","","75,00","","23,00","","16,00","","24,10","","97,88","","","","-35,00","","Dégagé"
"1962-01-18 00:00","1962","01","18","00:00"," ","-23,30","","-25,00","","87,00","","20,00","","16,00","","24,10","","97,84","","","","-33,00","","Dégagé"
"1962-01-18 01:00","1962","01","18","01:00"," ","-22,20","","-24,40","","81,00","","23,00","","16,00","","24,10","","97,74","","","","-32,00","","Généralement nuageux"
"1962-01-18 02:00","1962","01","18","02:00"," ","-22,20","","-25,00","","77,00","","18,00","","10,00","","25,00","","97,70","","","","-30,00","","Dégagé"
"1962-01-18 03:00","1962","01","18","03:00"," ","-21,70","","-23,90","","81,00","","23,00","","13,00","","25,00","","97,66","","","","-30,00","","Dégagé"
"1962-01-18 04:00","1962","01","18","04:00"," ","-19,40","","-21,70","","83,00","","27,00","","19,00","","25,00","","97,58","","","","-29,00","","Dégagé"
"1962-01-18 05:00","1962","01","18","05:00"," ","-20,60","","-22,20","","88,00","","27,00","","32,00","","25,00","","97,55","","","","-34,00","","Généralement dégagé"
"1962-01-18 06:00","1962","01","18","06:00"," ","-20,00","","-21,10","","91,00","","27,00","","19,00","","25,00","","97,54","","","","-30,00","","Dégagé"
"1962-01-18 07:00","1962","01","18","07:00"," ","-18,90","","-20,60","","88,00","","27,00","","26,00","","24,10","","97,53","","","","-30,00","","Généralement dégagé"
"1962-01-18 08:00","1962","01","18","08:00"," ","-18,90","","-21,10","","83,00","","27,00","","27,00","","25,00","","97,56","","","","-31,00","","Généralement nuageux"
"1962-01-18 09:00","1962","01","18","09:00"," ","-18,90","","-20,60","","88,00","","27,00","","29,00","","25,00","","97,61","","","","-31,00","","Généralement nuageux"
"1962-01-18 10:00","1962","01","18","10:00"," ","-18,30","","-20,60","","84,00","","25,00","","23,00","","25,00","","97,66","","","","-29,00","","Généralement nuageux"
"1962-01-18 11:00","1962","01","18","11:00"," ","-17,20","","-20,00","","80,00","","27,00","","29,00","","25,00","","97,67","","","","-29,00","","Généralement dégagé"
"1962-01-18 12:00","1962","01","18","12:00"," ","-16,70","","-19,40","","78,00","","27,00","","29,00","","25,00","","97,65","","","","-28,00","","Généralement dégagé"
"1962-01-18 13:00","1962","01","18","13:00"," ","-15,60","","-19,40","","71,00","","27,00","","29,00","","25,00","","97,60","","","","-27,00","","Généralement dégagé"
"1962-01-18 14:00","1962","01","18","14:00"," ","-15,00","","-20,00","","66,00","","27,00","","35,00","","25,00","","97,60","","","","-27,00","","Généralement dégagé"
"1962-01-18 15:00","1962","01","18","15:00"," ","-14,40","","-19,40","","66,00","","27,00","","29,00","","25,00","","97,63","","","","-25,00","","Généralement dégagé"
"1962-01-18 16:00","1962","01","18","16:00"," ","-13,90","","-19,40","","63,00","","25,00","","29,00","","25,00","","97,67","","","","-24,00","","Généralement dégagé"
"1962-01-18 17:00","1962","01","18","17:00"," ","-15,60","","-19,40","","73,00","","27,00","","24,00","","25,00","","97,76","","","","-26,00","","Généralement dégagé"
"1962-01-18 18:00","1962","01","18","18:00"," ","-16,70","","-19,40","","78,00","","27,00","","19,00","","24,10","","97,83","","","","-26,00","","Dégagé"
"1962-01-18 19:00","1962","01","18","19:00"," ","-16,10","","-19,40","","77,00","","27,00","","24,00","","24,10","","97,87","","","","-26,00","","Dégagé"
"1962-01-18 20:00","1962","01","18","20:00"," ","-16,70","","-19,40","","81,00","","27,00","","23,00","","24,10","","97,93","","","","-27,00","","Dégagé"
"1962-01-18 21:00","1962","01","18","21:00"," ","-17,20","","-20,00","","80,00","","27,00","","19,00","","24,10","","97,96","","","","-27,00","","Dégagé"
"1962-01-18 22:00","1962","01","18","22:00"," ","-17,80","","-20,60","","79,00","","27,00","","29,00","","24,10","","97,97","","","","-30,00","","Dégagé"
"1962-01-18 23:00","1962","01","18","23:00"," ","-17,20","","-19,40","","82,00","","27,00","","24,00","","24,10","","98,01","","","","-28,00","","Généralement nuageux"
"1962-01-19 00:00","1962","01","19","00:00"," ","-17,80","","-20,00","","84,00","","27,00","","24,00","","24,10","","98,08","","","","-29,00","","Généralement nuageux"
"1962-01-19 01:00","1962","01","19","01:00"," ","-17,20","","-18,30","","89,00","","27,00","","14,00","","24,10","","98,06","","","","-25,00","","Neige"
"1962-01-19 02:00","1962","01","19","02:00"," ","-17,20","","-19,40","","82,00","","27,00","","16,00","","16,10","","98,08","","","","-26,00","","Neige"
"1962-01-19 03:00","1962","01","19","03:00"," ","-17,20","","-19,40","","85,00","","23,00","","11,00","","16,10","","98,13","","","","-24,00","","Neige"
"1962-01-19 04:00","1962","01","19","04:00"," ","-17,80","","-19,40","","86,00","","25,00","","8,00","","16,10","","98,12","","","","-24,00","","Neige"
"1962-01-19 05:00","1962","01","19","05:00"," ","-18,30","","-20,60","","84,00","","27,00","","13,00","","19,30","","98,13","","","","-26,00","","Nuageux"
"1962-01-19 06:00","1962","01","19","06:00"," ","-18,90","","-20,60","","88,00","","27,00","","8,00","","19,30","","98,15","","","","-25,00","","Généralement nuageux"
"1962-01-19 07:00","1962","01","19","07:00"," ","-17,80","","-19,40","","86,00","","27,00","","2,00","","9,70","","98,17","","","","-19,00","","Neige"
"1962-01-19 08:00","1962","01","19","08:00"," ","-17,20","","-19,40","","85,00","","23,00","","2,00","","8,00","","98,19","","","","-19,00","","Neige"
"1962-01-19 09:00","1962","01","19","09:00"," ","-17,20","","-20,00","","80,00","","0,00","","0,00","","6,40","","98,24","","","","","","Cristaux de glace"
"1962-01-19 10:00","1962","01","19","10:00"," ","-15,60","","-18,30","","80,00","","0,00","","0,00","","12,90","","98,28","","","","","","Généralement dégagé"
"1962-01-19 11:00","1962","01","19","11:00"," ","-15,00","","-17,80","","78,00","","14,00","","6,00","","16,10","","98,25","","","","-19,00","","Généralement dégagé"
"1962-01-19 12:00","1962","01","19","12:00"," ","-13,90","","-17,80","","72,00","","14,00","","5,00","","16,10","","98,15","","","","-17,00","","Généralement dégagé"
"1962-01-19 13:00","1962","01","19","13:00"," ","-13,30","","-17,20","","73,00","","14,00","","8,00","","16,10","","98,09","","","","-18,00","","Généralement dégagé"
"1962-01-19 14:00","1962","01","19","14:00"," ","-12,20","","-16,10","","72,00","","18,00","","5,00","","16,10","","98,07","","","","-15,00","","Généralement dégagé"
"1962-01-19 15:00","1962","01","19","15:00"," ","-12,20","","-16,10","","72,00","","20,00","","10,00","","16,10","","98,04","","","","-18,00","","Généralement dégagé"
"1962-01-19 16:00","1962","01","19","16:00"," ","-12,20","","-15,60","","75,00","","0,00","","0,00","","16,10","","98,03","","","","","","Généralement nuageux"
"1962-01-19 17:00","1962","01","19","17:00"," ","-12,20","","-15,60","","75,00","","0,00","","0,00","","24,10","","98,04","","","","","","Généralement dégagé"
"1962-01-19 18:00","1962","01","19","18:00"," ","-11,70","","-13,90","","83,00","","9,00","","3,00","","24,10","","98,04","","","","-14,00","","Généralement nuageux"
"1962-01-19 19:00","1962","01","19","19:00"," ","-15,00","","-17,20","","82,00","","9,00","","3,00","","24,10","","98,00","","","","-17,00","","Généralement nuageux"
"1962-01-19 20:00","1962","01","19","20:00"," ","-16,70","","-18,30","","85,00","","0,00","","0,00","","24,10","","97,92","","","","","","Généralement nuageux"
"1962-01-19 21:00","1962","01","19","21:00"," ","-17,20","","-20,00","","80,00","","5,00","","6,00","","24,10","","97,90","","","","-22,00","","Généralement nuageux"
"1962-01-19 22:00","1962","01","19","22:00"," ","-17,20","","-20,00","","80,00","","5,00","","10,00","","24,10","","97,87","","","","-24,00","","Généralement dégagé"
"1962-01-19 23:00","1962","01","19","23:00"," ","-16,10","","-18,30","","81,00","","9,00","","6,00","","24,10","","97,90","","","","-21,00","","Généralement dégagé"
"1962-01-20 00:00","1962","01","20","00:00"," ","-16,70","","-18,30","","85,00","","9,00","","6,00","","24,10","","97,86","","","","-21,00","","Généralement nuageux"
"1962-01-20 01:00","1962","01","20","01:00"," ","-17,20","","-18,90","","87,00","","9,00","","6,00","","24,10","","97,82","","","","-22,00","","Nuageux"
"1962-01-20 02:00","1962","01","20","02:00"," ","-16,70","","-17,80","","90,00","","7,00","","13,00","","24,10","","97,79","","","","-24,00","","Nuageux"
"1962-01-20 03:00","1962","01","20","03:00"," ","-16,70","","-18,90","","83,00","","7,00","","13,00","","24,10","","97,82","","","","-24,00","","Nuageux"
"1962-01-20 04:00","1962","01","20","04:00"," ","-16,70","","-18,90","","83,00","","7,00","","10,00","","24,10","","97,78","","","","-23,00","","Nuageux"
"1962-01-20 05:00","1962","01","20","05:00"," ","-16,70","","-18,30","","85,00","","9,00","","6,00","","24,10","","97,80","","","","-21,00","","Nuageux"
"1962-01-20 06:00","1962","01","20","06:00"," ","-15,60","","-17,20","","86,00","","7,00","","11,00","","24,10","","97,77","","","","-22,00","","Nuageux"
"1962-01-20 07:00","1962","01","20","07:00"," ","-15,60","","-17,80","","84,00","","7,00","","8,00","","24,10","","97,75","","","","-21,00","","Neige"
"1962-01-20 08:00","1962","01","20","08:00"," ","-15,00","","-17,20","","84,00","","9,00","","6,00","","24,10","","97,79","","","","-19,00","","Neige"
"1962-01-20 09:00","1962","01","20","09:00"," ","-14,40","","-16,70","","85,00","","9,00","","6,00","","3,20","","97,82","","","","-19,00","","Neige"
"1962-01-20 10:00","1962","01","20","10:00"," ","-13,30","","-15,60","","84,00","","9,00","","6,00","","8,00","","97,89","","","","-17,00","","Cristaux de glace"
"1962-01-20 11:00","1962","01","20","11:00"," ","-12,80","","-15,60","","81,00","","16,00","","5,00","","16,10","","97,92","","","","-16,00","","Généralement nuageux"
"1962-01-20 12:00","1962","01","20","12:00"," ","-11,70","","-14,40","","81,00","","20,00","","6,00","","24,10","","97,93","","","","-15,00","","Généralement nuageux"
"1962-01-20 13:00","1962","01","20","13:00"," ","-10,60","","-13,90","","76,00","","23,00","","6,00","","24,10","","97,90","","","","-14,00","","Neige"
"1962-01-20 14:00","1962","01","20","14:00"," ","-9,40","","-12,80","","75,00","","23,00","","5,00","","16,10","","97,92","","","","-12,00","","Neige"
"1962-01-20 15:00","1962","01","20","15:00"," ","-9,40","","-12,80","","78,00","","25,00","","6,00","","4,80","","97,96","","","","-13,00","","Neige"
"1962-01-20 16:00","1962","01","20","16:00"," ","-9,40","","-11,70","","83,00","","25,00","","3,00","","4,80","","98,02","","","","-11,00","","Neige"
"1962-01-20 17:00","1962","01","20","17:00"," ","-10,60","","-12,20","","89,00","","0,00","","0,00","","16,10","","98,06","","","","","","Neige"
"1962-01-20 18:00","1962","01","20","18:00"," ","-11,10","","-12,80","","87,00","","0,00","","0,00","","24,10","","98,13","","","","","","Neige"
"1962-01-20 19:00","1962","01","20","19:00"," ","-10,60","","-12,20","","89,00","","14,00","","3,00","","11,30","","98,17","","","","-12,00","","Neige"
"1962-01-20 20:00","1962","01","20","20:00"," ","-10,60","","-11,70","","90,00","","16,00","","10,00","","16,10","","98,18","","","","-16,00","","Neige"
"1962-01-20 21:00","1962","01","20","21:00"," ","-10,60","","-11,70","","89,00","","18,00","","10,00","","16,10","","98,17","","","","-16,00","","Neige"
"1962-01-20 22:00","1962","01","20","22:00"," ","-11,10","","-12,80","","88,00","","18,00","","10,00","","24,10","","98,18","","","","-17,00","","Dégagé"
"1962-01-20 23:00","1962","01","20","23:00"," ","-11,70","","-13,30","","89,00","","23,00","","10,00","","24,10","","98,25","","","","-17,00","","Dégagé"
"1962-01-21 00:00","1962","01","21","00:00"," ","-11,10","","-12,20","","91,00","","25,00","","10,00","","24,10","","98,30","","","","-17,00","","Nuageux"
"1962-01-21 01:00","1962","01","21","01:00"," ","-11,70","","-12,80","","91,00","","14,00","","8,00","","19,30","","98,21","","","","-16,00","","Nuageux"
"1962-01-21 02:00","1962","01","21","02:00"," ","-12,20","","-13,90","","87,00","","14,00","","8,00","","19,30","","98,25","","","","-17,00","","Nuageux"
"1962-01-21 03:00","1962","01","21","03:00"," ","-11,10","","-12,20","","91,00","","14,00","","10,00","","9,70","","98,27","","","","-17,00","","Neige"
"1962-01-21 04:00","1962","01","21","04:00"," ","-10,60","","-11,70","","93,00","","14,00","","10,00","","11,30","","98,27","","","","-16,00","","Neige"
"1962-01-21 05:00","1962","01","21","05:00"," ","-11,10","","-12,20","","91,00","","14,00","","11,00","","9,70","","98,20","","","","-17,00","","Neige"
"1962-01-21 06:00","1962","01","21","06:00"," ","-11,10","","-12,20","","91,00","","14,00","","11,00","","9,70","","98,18","","","","-17,00","","Neige"
"1962-01-21 07:00","1962","01","21","07:00"," ","-10,60","","-11,70","","93,00","","14,00","","10,00","","2,40","","98,11","","","","-16,00","","Neige"
"1962-01-21 08:00","1962","01","21","08:00"," ","-10,60","","-11,10","","95,00","","16,00","","18,00","","1,20","","98,06","","","","-18,00","","Neige"
"1962-01-21 09:00","1962","01","21","09:00"," ","-9,40","","-10,00","","94,00","","16,00","","11,00","","1,20","","97,98","","","","-15,00","","Neige"
"1962-01-21 10:00","1962","01","21","10:00"," ","-8,90","","-10,00","","90,00","","14,00","","18,00","","6,40","","97,87","","","","-16,00","","Neige"
"1962-01-21 11:00","1962","01","21","11:00"," ","-8,90","","-10,00","","92,00","","18,00","","19,00","","1,20","","97,86","","","","-16,00","","Neige"
"1962-01-21 12:00","1962","01","21","12:00"," ","-8,90","","-10,00","","90,00","","18,00","","19,00","","1,20","","97,64","","","","-16,00","","Neige"
"1962-01-21 13:00","1962","01","21","13:00"," ","-8,30","","-10,60","","85,00","","18,00","","16,00","","4,80","","97,47","","","","-15,00","","Neige,Brume sèche"
"1962-01-21 14:00","1962","01","21","14:00"," ","-7,80","","-9,40","","86,00","","18,00","","18,00","","12,90","","97,28","","","","-15,00","","Nuageux"
"1962-01-21 15:00","1962","01","21","15:00"," ","-7,80","","-9,40","","86,00","","18,00","","16,00","","12,90","","97,23","","","","-14,00","","Nuageux"
"1962-01-21 16:00","1962","01","21","16:00"," ","-7,20","","-8,90","","88,00","","18,00","","16,00","","3,20","","97,15","","","","-14,00","","Neige,Brume sèche"
"1962-01-21 17:00","1962","01","21","17:00"," ","-7,20","","-8,90","","87,00","","18,00","","16,00","","4,80","","97,08","","","","-14,00","","Brouillard"
"1962-01-21 18:00","1962","01","21","18:00"," ","-7,80","","-8,90","","90,00","","18,00","","16,00","","4,80","","97,03","","","","-14,00","","Neige,Brouillard"
"1962-01-21 19:00","1962","01","21","19:00"," ","-6,70","","-7,80","","94,00","","18,00","","19,00","","4,80","","96,97","","","","-14,00","","Neige,Brouillard"
"1962-01-21 20:00","1962","01","21","20:00"," ","-6,10","","-6,70","","95,00","","20,00","","26,00","","1,20","","96,96","","","","-14,00","","Neige"
"1962-01-21 21:00","1962","01","21","21:00"," ","-6,10","","-6,70","","94,00","","23,00","","26,00","","1,20","","96,92","","","","-14,00","","Neige"
"1962-01-21 22:00","1962","01","21","22:00"," ","-5,60","","-6,10","","95,00","","23,00","","16,00","","2,40","","96,88","","","","-12,00","","Neige"
"1962-01-21 23:00","1962","01","21","23:00"," ","-5,00","","-5,60","","95,00","","23,00","","16,00","","0,80","","96,82","","","","-11,00","","Brouillard"
"1962-01-22 00:00","1962","01","22","00:00"," ","-5,00","","-5,60","","95,00","","23,00","","13,00","","1,20","","96,82","","","","-10,00","","Brouillard"
"1962-01-22 01:00","1962","01","22","01:00"," ","-4,40","","-4,40","","98,00","","23,00","","13,00","","1,00","","96,80","","","","-9,00","","Neige,Neige en grains,Brouillard"
"1962-01-22 02:00","1962","01","22","02:00"," ","-4,40","","-4,40","","98,00","","25,00","","13,00","","1,20","","96,77","","","","-9,00","","Neige,Brouillard"
"1962-01-22 03:00","1962","01","22","03:00"," ","-4,40","","-5,00","","97,00","","27,00","","13,00","","1,20","","96,74","","","","-9,00","","Neige,Brouillard"
"1962-01-22 04:00","1962","01","22","04:00"," ","-4,40","","-5,00","","95,00","","27,00","","13,00","","1,60","","96,69","","","","-9,00","","Neige,Brouillard"
"1962-01-22 05:00","1962","01","22","05:00"," ","-3,90","","-4,40","","95,00","","27,00","","16,00","","2,40","","96,68","","","","-9,00","","Neige,Brouillard"
"1962-01-22 06:00","1962","01","22","06:00"," ","-4,40","","-4,40","","98,00","","25,00","","10,00","","2,40","","96,57","","","","-9,00","","Brouillard"
"1962-01-22 07:00","1962","01","22","07:00"," ","-5,60","","-6,10","","96,00","","23,00","","8,00","","2,40","","96,46","","","","-9,00","","Brouillard"
"1962-01-22 08:00","1962","01","22","08:00"," ","-6,70","","-7,80","","94,00","","23,00","","8,00","","3,20","","96,42","","","","-11,00","","Neige,Brouillard"
"1962-01-22 09:00","1962","01","22","09:00"," ","-6,10","","-6,70","","97,00","","23,00","","10,00","","1,60","","96,44","","","","-11,00","","Neige,Brouillard"
"1962-01-22 10:00","1962","01","22","10:00"," ","-6,10","","-6,70","","97,00","","23,00","","11,00","","1,20","","96,35","","","","-11,00","","Neige"
"1962-01-22 11:00","1962","01","22","11:00"," ","-6,70","","-7,20","","97,00","","23,00","","10,00","","2,40","","96,27","","","","-11,00","","Neige,Brouillard"
"1962-01-22 12:00","1962","01","22","12:00"," ","-6,70","","-7,20","","97,00","","23,00","","19,00","","1,20","","96,20","","","","-14,00","","Neige,Brouillard"
"1962-01-22 13:00","1962","01","22","13:00"," ","-6,70","","-7,20","","96,00","","23,00","","19,00","","2,40","","96,01","","","","-14,00","","Neige,Brouillard"
"1962-01-22 14:00","1962","01","22","14:00"," ","-6,70","","-7,80","","94,00","","25,00","","24,00","","1,60","","96,03","","","","-14,00","","Neige,Brouillard"
"1962-01-22 15:00","1962","01","22","15:00"," ","-6,70","","-7,20","","96,00","","25,00","","23,00","","1,60","","96,03","","","","-14,00","","Neige,Brouillard"
"1962-01-22 16:00","1962","01","22","16:00"," ","-6,70","","-7,80","","90,00","","25,00","","26,00","","6,40","","96,05","","","","-15,00","","Neige,Brouillard"
"1962-01-22 17:00","1962","01","22","17:00"," ","-7,20","","-9,40","","84,00","","23,00","","26,00","","16,10","","96,07","","","","-15,00","","Généralement nuageux"
"1962-01-22 18:00","1962","01","22","18:00"," ","-8,30","","-10,00","","88,00","","25,00","","23,00","","19,30","","96,12","","","","-16,00","","Généralement nuageux"
"1962-01-22 19:00","1962","01","22","19:00"," ","-9,40","","-10,00","","94,00","","23,00","","35,00","","19,30","","96,16","","","","-19,00","","Généralement dégagé"
"1962-01-22 20:00","1962","01","22","20:00"," ","-10,60","","-13,30","","81,00","","25,00","","34,00","","16,10","","96,18","","","","-21,00","","Généralement dégagé"
"1962-01-22 21:00","1962","01","22","21:00"," ","-11,10","","-13,30","","83,00","","25,00","","23,00","","19,30","","96,21","","","","-20,00","","Généralement dégagé"
"1962-01-22 22:00","1962","01","22","22:00"," ","-10,60","","-12,80","","84,00","","25,00","","26,00","","24,10","","96,18","","","","-20,00","","Généralement nuageux"
"1962-01-22 23:00","1962","01","22","23:00"," ","-10,60","","-12,80","","84,00","","23,00","","16,00","","25,00","","96,16","","","","-18,00","","Nuageux"
"1962-01-23 00:00","1962","01","23","00:00"," ","-11,10","","-12,80","","88,00","","20,00","","19,00","","25,00","","96,11","","","","-19,00","","Nuageux"
"1962-01-23 01:00","1962","01","23","01:00"," ","-9,40","","-11,70","","83,00","","27,00","","29,00","","12,90","","96,08","","","","-19,00","","Averses de neige"
"1962-01-23 02:00","1962","01","23","02:00"," ","-10,60","","-12,80","","84,00","","27,00","","24,00","","24,10","","96,10","","","","-19,00","","Nuageux"
"1962-01-23 03:00","1962","01","23","03:00"," ","-10,00","","-12,20","","85,00","","27,00","","23,00","","25,00","","96,10","","","","-18,00","","Généralement nuageux"
"1962-01-23 04:00","1962","01","23","04:00"," ","-10,00","","-11,70","","88,00","","27,00","","23,00","","25,00","","96,16","","","","-18,00","","Généralement nuageux"
"1962-01-23 05:00","1962","01","23","05:00"," ","-10,60","","-12,20","","86,00","","27,00","","19,00","","25,00","","96,29","","","","-18,00","","Généralement nuageux"
"1962-01-23 06:00","1962","01","23","06:00"," ","-12,80","","-15,00","","85,00","","27,00","","18,00","","25,00","","96,39","","","","-21,00","","Généralement dégagé"
"1962-01-23 07:00","1962","01","23","07:00"," ","-13,90","","-16,10","","84,00","","29,00","","16,00","","25,00","","96,54","","","","-22,00","","Généralement dégagé"
"1962-01-23 08:00","1962","01","23","08:00"," ","-15,00","","-18,30","","74,00","","27,00","","5,00","","24,10","","96,62","","","","-19,00","","Généralement dégagé"
"1962-01-23 09:00","1962","01","23","09:00"," ","-14,40","","-18,30","","73,00","","29,00","","29,00","","24,10","","96,79","","","","-25,00","","Généralement nuageux"
"1962-01-23 10:00","1962","01","23","10:00"," ","-15,00","","-19,40","","68,00","","27,00","","27,00","","25,00","","96,95","","","","-26,00","","Généralement dégagé"
"1962-01-23 11:00","1962","01","23","11:00"," ","-13,90","","-17,80","","72,00","","29,00","","26,00","","25,00","","97,03","","","","-24,00","","Généralement dégagé"
"1962-01-23 12:00","1962","01","23","12:00"," ","-13,30","","-17,80","","70,00","","27,00","","29,00","","25,00","","97,04","","","","-24,00","","Généralement dégagé"
"1962-01-23 13:00","1962","01","23","13:00"," ","-13,90","","-18,30","","69,00","","29,00","","29,00","","25,00","","97,07","","","","-24,00","","Généralement dégagé"
"1962-01-23 14:00","1962","01","23","14:00"," ","-12,80","","-16,10","","74,00","","27,00","","24,00","","25,00","","97,10","","","","-22,00","","Généralement nuageux"
"1962-01-23 15:00","1962","01","23","15:00"," ","-12,80","","-17,20","","71,00","","25,00","","19,00","","25,00","","97,18","","","","-21,00","","Généralement dégagé"
"1962-01-23 16:00","1962","01","23","16:00"," ","-13,30","","-17,80","","68,00","","27,00","","24,00","","25,00","","97,26","","","","-23,00","","Généralement dégagé"
"1962-01-23 17:00","1962","01","23","17:00"," ","-13,30","","-16,70","","75,00","","27,00","","16,00","","24,10","","97,25","","","","-21,00","","Généralement nuageux"
"1962-01-23 18:00","1962","01","23","18:00"," ","-15,60","","-17,80","","84,00","","27,00","","11,00","","24,10","","97,23","","","","-22,00","","Généralement nuageux"
"1962-01-23 19:00","1962","01","23","19:00"," ","-14,40","","-18,30","","71,00","","23,00","","10,00","","24,10","","97,22","","","","-21,00","","Dégagé"
"1962-01-23 20:00","1962","01","23","20:00"," ","-14,40","","-18,90","","68,00","","23,00","","10,00","","24,10","","97,14","","","","-21,00","","Généralement dégagé"
"1962-01-23 21:00","1962","01","23","21:00"," ","-16,10","","-20,00","","70,00","","18,00","","10,00","","25,00","","97,06","","","","-23,00","","Généralement nuageux"
"1962-01-23 22:00","1962","01","23","22:00"," ","-15,60","","-21,70","","59,00","","14,00","","8,00","","25,00","","96,99","","","","-21,00","","Nuageux"
"1962-01-23 23:00","1962","01","23","23:00"," ","-15,00","","-17,80","","78,00","","16,00","","11,00","","19,30","","96,91","","","","-22,00","","Neige"
"1962-01-24 00:00","1962","01","24","00:00"," ","-13,90","","-15,60","","87,00","","14,00","","11,00","","19,30","","96,82","","","","-20,00","","Neige"
"1962-01-24 01:00","1962","01","24","01:00"," ","-13,30","","-17,20","","72,00","","14,00","","10,00","","12,90","","96,64","","","","-19,00","","Averses de neige"
"1962-01-24 02:00","1962","01","24","02:00"," ","-13,30","","-17,20","","73,00","","14,00","","18,00","","19,30","","96,47","","","","-22,00","","Nuageux"
"1962-01-24 03:00","1962","01","24","03:00"," ","-11,10","","-12,80","","87,00","","16,00","","19,00","","16,10","","96,33","","","","-19,00","","Nuageux"
"1962-01-24 04:00","1962","01","24","04:00"," ","-10,00","","-11,70","","86,00","","14,00","","26,00","","9,70","","96,17","","","","-19,00","","Neige"
"1962-01-24 05:00","1962","01","24","05:00"," ","-9,40","","-11,10","","87,00","","18,00","","29,00","","4,80","","96,04","","","","-19,00","","Neige"
"1962-01-24 06:00","1962","01","24","06:00"," ","-8,30","","-10,00","","89,00","","18,00","","27,00","","4,80","","95,94","","","","-17,00","","Neige"
"1962-01-24 07:00","1962","01","24","07:00"," ","-8,30","","-9,40","","91,00","","20,00","","24,00","","8,00","","95,93","","","","-16,00","","Neige"
"1962-01-24 08:00","1962","01","24","08:00"," ","-7,80","","-9,40","","87,00","","20,00","","23,00","","12,90","","95,78","","","","-16,00","","Nuageux"
"1962-01-24 09:00","1962","01","24","09:00"," ","-6,70","","-7,80","","92,00","","18,00","","26,00","","11,30","","95,69","","","","-15,00","","Nuageux"
"1962-01-24 10:00","1962","01","24","10:00"," ","-5,60","","-6,70","","92,00","","18,00","","23,00","","11,30","","95,62","","","","-13,00","","Neige en grains"
"1962-01-24 11:00","1962","01","24","11:00"," ","-4,40","","-6,10","","89,00","","23,00","","32,00","","24,10","","95,52","","","","-12,00","","Nuageux"
"1962-01-24 12:00","1962","01","24","12:00"," ","-3,30","","-6,10","","82,00","","23,00","","32,00","","24,10","","95,38","","","","-11,00","","Nuageux"
"1962-01-24 13:00","1962","01","24","13:00"," ","-2,80","","-5,60","","81,00","","20,00","","29,00","","16,10","","95,27","","","","-10,00","","Nuageux"
"1962-01-24 14:00","1962","01","24","14:00"," ","-2,80","","-5,60","","81,00","","20,00","","32,00","","16,10","","95,03","","","","-10,00","","Nuageux"
"1962-01-24 15:00","1962","01","24","15:00"," ","-2,80","","-5,60","","81,00","","20,00","","32,00","","16,10","","95,01","","","","-10,00","","Nuageux"
"1962-01-24 16:00","1962","01","24","16:00"," ","-2,80","","-5,00","","84,00","","20,00","","32,00","","16,10","","94,87","","","","-10,00","","Nuageux"
"1962-01-24 17:00","1962","01","24","17:00"," ","-2,80","","-5,00","","85,00","","20,00","","32,00","","16,10","","94,84","","","","-10,00","","Nuageux"
"1962-01-24 18:00","1962","01","24","18:00"," ","-2,80","","-5,00","","85,00","","20,00","","32,00","","19,30","","94,75","","","","-10,00","","Nuageux"
"1962-01-24 19:00","1962","01","24","19:00"," ","-2,80","","-4,40","","89,00","","20,00","","35,00","","1,60","","94,69","","","","-11,00","","Neige,Poudrerie élevée"
"1962-01-24 20:00","1962","01","24","20:00"," ","-2,80","","-2,80","","98,00","","20,00","","24,00","","1,00","","94,72","","","","-9,00","","Bruine verglaçante,Neige en grains,Poudrerie élevée"
"1962-01-24 21:00","1962","01","24","21:00"," ","-2,20","","-2,20","","99,00","","20,00","","21,00","","1,00","","94,73","","","","-8,00","","Neige"
"1962-01-24 22:00","1962","01","24","22:00"," ","-2,20","","-2,20","","99,00","","25,00","","32,00","","4,00","","94,81","","","","-10,00","","Neige,Brouillard"
"1962-01-24 23:00","1962","01","24","23:00"," ","-1,70","","-2,80","","92,00","","27,00","","26,00","","24,10","","94,90","","","","-8,00","","Nuageux"
"1962-01-25 00:00","1962","01","25","00:00"," ","-2,20","","-3,90","","90,00","","27,00","","29,00","","24,10","","95,00","","","","-9,00","","Nuageux"
"1962-01-25 01:00","1962","01","25","01:00"," ","-2,20","","-3,90","","89,00","","25,00","","32,00","","11,30","","95,13","","","","-10,00","","Neige"
"1962-01-25 02:00","1962","01","25","02:00"," ","-2,20","","-3,90","","90,00","","25,00","","29,00","","9,70","","95,29","","","","-9,00","","Neige"
"1962-01-25 03:00","1962","01","25","03:00"," ","-2,20","","-3,90","","89,00","","23,00","","24,00","","12,90","","95,38","","","","-9,00","","Neige"
"1962-01-25 04:00","1962","01","25","04:00"," ","-2,20","","-3,90","","88,00","","23,00","","21,00","","9,70","","95,43","","","","-8,00","","Neige"
"1962-01-25 05:00","1962","01","25","05:00"," ","-2,80","","-3,30","","94,00","","27,00","","26,00","","9,70","","95,50","","","","-10,00","","Neige"
"1962-01-25 06:00","1962","01","25","06:00"," ","-3,30","","-3,90","","95,00","","27,00","","24,00","","11,30","","95,58","","","","-10,00","","Neige"
"1962-01-25 07:00","1962","01","25","07:00"," ","-2,20","","-3,30","","94,00","","25,00","","24,00","","11,30","","95,70","","","","-9,00","","Neige"
"1962-01-25 08:00","1962","01","25","08:00"," ","-1,70","","-2,80","","90,00","","27,00","","21,00","","25,00","","95,91","","","","-8,00","","Généralement nuageux"
"1962-01-25 09:00","1962","01","25","09:00"," ","-2,20","","-4,40","","86,00","","27,00","","29,00","","24,10","","96,03","","","","-9,00","","Généralement dégagé"
"1962-01-25 10:00","1962","01","25","10:00"," ","-2,20","","-5,00","","82,00","","27,00","","26,00","","24,10","","96,17","","","","-9,00","","Généralement dégagé"
"1962-01-25 11:00","1962","01","25","11:00"," ","-1,70","","-5,60","","74,00","","27,00","","26,00","","24,10","","96,29","","","","-8,00","","Généralement nuageux"
"1962-01-25 12:00","1962","01","25","12:00"," ","-2,20","","-6,70","","71,00","","29,00","","32,00","","24,10","","96,34","","","","-10,00","","Généralement nuageux"
"1962-01-25 13:00","1962","01","25","13:00"," ","-1,70","","-7,20","","66,00","","27,00","","26,00","","24,10","","96,43","","","","-8,00","","Généralement dégagé"
"1962-01-25 14:00","1962","01","25","14:00"," ","-2,80","","-5,60","","82,00","","32,00","","26,00","","24,10","","96,50","","","","-10,00","","Généralement dégagé"
"1962-01-25 15:00","1962","01","25","15:00"," ","-3,90","","-7,20","","77,00","","36,00","","23,00","","24,10","","96,74","","","","-11,00","","Généralement dégagé"
"1962-01-25 16:00","1962","01","25","16:00"," ","-6,10","","-9,40","","76,00","","36,00","","19,00","","25,00","","96,88","","","","-13,00","","Généralement dégagé"
"1962-01-25 17:00","1962","01","25","17:00"," ","-7,80","","-11,70","","74,00","","2,00","","19,00","","25,00","","96,98","","","","-15,00","","Généralement nuageux"
"1962-01-25 18:00","1962","01","25","18:00"," ","-10,00","","-12,80","","79,00","","36,00","","18,00","","25,00","","97,13","","","","-17,00","","Généralement dégagé"
"1962-01-25 19:00","1962","01","25","19:00"," ","-12,20","","-15,00","","80,00","","2,00","","16,00","","25,00","","97,29","","","","-20,00","","Dégagé"
"1962-01-25 20:00","1962","01","25","20:00"," ","-14,40","","-17,80","","75,00","","2,00","","23,00","","25,00","","97,37","","","","-24,00","","Dégagé"
"1962-01-25 21:00","1962","01","25","21:00"," ","-15,00","","-16,70","","88,00","","5,00","","29,00","","25,00","","97,37","","","","-26,00","","Généralement dégagé"
"1962-01-25 22:00","1962","01","25","22:00"," ","-15,60","","-17,80","","84,00","","5,00","","26,00","","25,00","","97,44","","","","-26,00","","Généralement dégagé"
"1962-01-25 23:00","1962","01","25","23:00"," ","-16,10","","-19,40","","75,00","","7,00","","23,00","","25,00","","97,45","","","","-26,00","","Généralement dégagé"
"1962-01-26 00:00","1962","01","26","00:00"," ","-16,70","","-20,00","","74,00","","9,00","","26,00","","25,00","","97,41","","","","-28,00","","Dégagé"
"1962-01-26 01:00","1962","01","26","01:00"," ","-16,70","","-20,00","","76,00","","9,00","","24,00","","32,20","","97,38","","","","-27,00","","Dégagé"
"1962-01-26 02:00","1962","01","26","02:00"," ","-16,10","","-18,90","","79,00","","9,00","","29,00","","32,20","","97,35","","","","-27,00","","Dégagé"
"1962-01-26 03:00","1962","01","26","03:00"," ","-16,10","","-19,40","","77,00","","9,00","","24,00","","32,20","","97,37","","","","-26,00","","Dégagé"
"1962-01-26 04:00","1962","01","26","04:00"," ","-15,00","","-17,80","","80,00","","9,00","","26,00","","25,00","","97,27","","","","-25,00","","Généralement nuageux"
"1962-01-26 05:00","1962","01","26","05:00"," ","-15,00","","-17,80","","78,00","","9,00","","23,00","","24,10","","97,26","","","","-25,00","","Généralement nuageux"
"1962-01-26 06:00","1962","01","26","06:00"," ","-14,40","","-17,80","","77,00","","9,00","","21,00","","25,00","","97,16","","","","-24,00","","Généralement nuageux"
"1962-01-26 07:00","1962","01","26","07:00"," ","-14,40","","-17,20","","79,00","","9,00","","21,00","","24,10","","97,03","","","","-24,00","","Généralement nuageux"
"1962-01-26 08:00","1962","01","26","08:00"," ","-12,20","","-13,90","","85,00","","11,00","","23,00","","24,10","","96,91","","","","-21,00","","Nuageux"
"1962-01-26 09:00","1962","01","26","09:00"," ","-11,10","","-12,80","","87,00","","9,00","","26,00","","19,30","","96,75","","","","-20,00","","Nuageux"
"1962-01-26 10:00","1962","01","26","10:00"," ","-10,00","","-12,80","","82,00","","14,00","","31,00","","19,30","","96,67","","","","-20,00","","Nuageux"
"1962-01-26 11:00","1962","01","26","11:00"," ","-8,30","","-10,60","","84,00","","14,00","","26,00","","19,30","","96,52","","","","-17,00","","Nuageux"
"1962-01-26 12:00","1962","01","26","12:00"," ","-6,70","","-8,30","","87,00","","14,00","","23,00","","19,30","","96,25","","","","-14,00","","Nuageux"
"1962-01-26 13:00","1962","01","26","13:00"," ","-5,00","","-7,80","","80,00","","14,00","","13,00","","19,30","","96,00","","","","-10,00","","Nuageux"
"1962-01-26 14:00","1962","01","26","14:00"," ","-2,80","","-6,70","","75,00","","16,00","","13,00","","12,90","","95,93","","","","-7,00","","Nuageux"
"1962-01-26 15:00","1962","01","26","15:00"," ","-3,30","","-4,40","","93,00","","16,00","","13,00","","1,00","","95,73","","","","-8,00","","Neige"
"1962-01-26 16:00","1962","01","26","16:00"," ","-2,20","","-3,30","","91,00","","18,00","","10,00","","0,40","","95,60","","","","-6,00","","Neige forte"
"1962-01-26 17:00","1962","01","26","17:00"," ","-2,20","","-2,80","","96,00","","18,00","","14,00","","0,80","","95,41","","","","-7,00","","Neige modérée"
"1962-01-26 18:00","1962","01","26","18:00"," ","-2,20","","-2,20","","100,00","","18,00","","13,00","","1,00","","95,38","","","","-7,00","","Neige"
"1962-01-26 19:00","1962","01","26","19:00"," ","-1,70","","-1,70","","98,00","","23,00","","23,00","","0,40","","95,42","","","","-8,00","","Neige forte"
"1962-01-26 20:00","1962","01","26","20:00"," ","-1,10","","-1,70","","98,00","","27,00","","32,00","","1,20","","95,43","","","","-8,00","","Neige"
"1962-01-26 21:00","1962","01","26","21:00"," ","-1,10","","-2,20","","93,00","","27,00","","29,00","","16,10","","95,49","","","","-8,00","","Généralement nuageux"
"1962-01-26 22:00","1962","01","26","22:00"," ","-2,80","","-3,90","","92,00","","27,00","","39,00","","8,00","","95,62","","","","-11,00","","Poudrerie élevée"
"1962-01-26 23:00","1962","01","26","23:00"," ","-5,60","","-7,80","","84,00","","27,00","","35,00","","24,10","","95,82","","","","-14,00","","Dégagé"
"1962-01-27 00:00","1962","01","27","00:00"," ","-7,20","","-10,60","","78,00","","29,00","","35,00","","24,10","","96,00","","","","-16,00","","Dégagé"
"1962-01-27 01:00","1962","01","27","01:00"," ","-9,40","","-12,20","","81,00","","32,00","","29,00","","19,30","","96,20","","","","-19,00","","Généralement dégagé"
"1962-01-27 02:00","1962","01","27","02:00"," ","-10,60","","-13,30","","81,00","","34,00","","21,00","","19,30","","96,45","","","","-19,00","","Généralement dégagé"
"1962-01-27 03:00","1962","01","27","03:00"," ","-15,00","","-18,30","","74,00","","32,00","","23,00","","24,10","","96,66","","","","-25,00","","Dégagé"
"1962-01-27 04:00","1962","01","27","04:00"," ","-15,60","","-18,90","","76,00","","32,00","","18,00","","24,10","","96,84","","","","-24,00","","Dégagé"
"1962-01-27 05:00","1962","01","27","05:00"," ","-16,70","","-19,40","","81,00","","27,00","","19,00","","24,10","","96,96","","","","-26,00","","Dégagé"
"1962-01-27 06:00","1962","01","27","06:00"," ","-18,30","","-22,80","","69,00","","27,00","","21,00","","24,10","","97,07","","","","-29,00","","Dégagé"
"1962-01-27 07:00","1962","01","27","07:00"," ","-18,90","","-24,40","","62,00","","27,00","","23,00","","24,10","","97,25","","","","-30,00","","Dégagé"
"1962-01-27 08:00","1962","01","27","08:00"," ","-20,60","","-24,40","","70,00","","27,00","","18,00","","24,10","","97,43","","","","-31,00","","Généralement dégagé"
"1962-01-27 09:00","1962","01","27","09:00"," ","-20,00","","-22,80","","77,00","","27,00","","24,00","","24,10","","97,60","","","","-31,00","","Dégagé"
"1962-01-27 10:00","1962","01","27","10:00"," ","-20,00","","-22,80","","77,00","","27,00","","32,00","","24,10","","97,70","","","","-33,00","","Dégagé"
"1962-01-27 11:00","1962","01","27","11:00"," ","-19,40","","-23,30","","72,00","","27,00","","32,00","","24,10","","97,72","","","","-32,00","","Dégagé"
"1962-01-27 12:00","1962","01","27","12:00"," ","-18,90","","-23,90","","65,00","","27,00","","32,00","","24,10","","97,68","","","","-31,00","","Dégagé"
"1962-01-27 13:00","1962","01","27","13:00"," ","-17,80","","-25,60","","50,00","","27,00","","32,00","","24,10","","97,67","","","","-30,00","","Dégagé"
"1962-01-27 14:00","1962","01","27","14:00"," ","-16,70","","-25,00","","49,00","","27,00","","32,00","","24,10","","97,67","","","","-29,00","","Dégagé"
"1962-01-27 15:00","1962","01","27","15:00"," ","-16,10","","-23,30","","53,00","","27,00","","40,00","","24,10","","97,67","","","","-29,00","","Dégagé"
"1962-01-27 16:00","1962","01","27","16:00"," ","-15,60","","-21,70","","59,00","","27,00","","32,00","","24,10","","97,67","","","","-27,00","","Dégagé"
"1962-01-27 17:00","1962","01","27","17:00"," ","-15,60","","-20,00","","67,00","","27,00","","26,00","","25,00","","97,76","","","","-26,00","","Généralement dégagé"
"1962-01-27 18:00","1962","01","27","18:00"," ","-16,70","","-21,10","","69,00","","27,00","","13,00","","25,00","","97,80","","","","-24,00","","Généralement dégagé"
"1962-01-27 19:00","1962","01","27","19:00"," ","-17,20","","-21,10","","71,00","","27,00","","19,00","","25,00","","97,83","","","","-27,00","","Dégagé"
"1962-01-27 20:00","1962","01","27","20:00"," ","-17,20","","-20,60","","75,00","","27,00","","19,00","","25,00","","97,87","","","","-27,00","","Dégagé"
"1962-01-27 21:00","1962","01","27","21:00"," ","-16,70","","-20,00","","76,00","","27,00","","26,00","","25,00","","97,88","","","","-28,00","","Dégagé"
"1962-01-27 22:00","1962","01","27","22:00"," ","-16,70","","-19,40","","81,00","","27,00","","23,00","","25,00","","97,86","","","","-27,00","","Généralement nuageux"
"1962-01-27 23:00","1962","01","27","23:00"," ","-16,70","","-20,00","","76,00","","29,00","","16,00","","25,00","","97,91","","","","-25,00","","Généralement nuageux"
"1962-01-28 00:00","1962","01","28","00:00"," ","-17,20","","-20,60","","75,00","","32,00","","16,00","","25,00","","97,95","","","","-26,00","","Nuageux"
"1962-01-28 01:00","1962","01","28","01:00"," ","-19,40","","-23,30","","72,00","","34,00","","16,00","","32,20","","98,06","","","","-29,00","","Nuageux"
"1962-01-28 02:00","1962","01","28","02:00"," ","-20,60","","-23,90","","73,00","","36,00","","24,00","","25,00","","98,08","","","","-32,00","","Nuageux"
"1962-01-28 03:00","1962","01","28","03:00"," ","-22,20","","-28,90","","54,00","","36,00","","18,00","","25,00","","98,12","","","","-33,00","","Généralement dégagé"
"1962-01-28 04:00","1962","01","28","04:00"," ","-24,40","","-31,70","","51,00","","36,00","","13,00","","25,00","","98,18","","","","-34,00","","Dégagé"
"1962-01-28 05:00","1962","01","28","05:00"," ","-26,10","","-29,40","","73,00","","5,00","","10,00","","25,00","","98,18","","","","-34,00","","Dégagé"
"1962-01-28 06:00","1962","01","28","06:00"," ","-27,20","","-32,20","","62,00","","5,00","","11,00","","25,00","","98,16","","","","-36,00","","Dégagé"
"1962-01-28 07:00","1962","01","28","07:00"," ","-27,80","","-32,20","","66,00","","5,00","","13,00","","32,20","","98,18","","","","-38,00","","Dégagé"
"1962-01-28 08:00","1962","01","28","08:00"," ","-28,30","","-32,80","","65,00","","0,00","","0,00","","25,00","","98,25","","","","","","Généralement dégagé"
"1962-01-28 09:00","1962","01","28","09:00"," ","-27,80","","-33,30","","61,00","","5,00","","10,00","","25,00","","98,24","","","","-37,00","","Dégagé"
"1962-01-28 10:00","1962","01","28","10:00"," ","-26,70","","-32,20","","58,00","","5,00","","13,00","","24,10","","98,26","","","","-37,00","","Généralement dégagé"
"1962-01-28 11:00","1962","01","28","11:00"," ","-25,60","","-31,10","","61,00","","5,00","","13,00","","24,10","","98,26","","","","-35,00","","Généralement dégagé"
"1962-01-28 12:00","1962","01","28","12:00"," ","-23,30","","-31,70","","47,00","","5,00","","10,00","","24,10","","98,17","","","","-31,00","","Généralement dégagé"
"1962-01-28 13:00","1962","01","28","13:00"," ","-22,20","","-27,20","","64,00","","5,00","","8,00","","24,10","","98,07","","","","-29,00","","Généralement nuageux"
"1962-01-28 14:00","1962","01","28","14:00"," ","-21,70","","-28,90","","52,00","","0,00","","0,00","","25,00","","98,04","","","","","","Nuageux"
"1962-01-28 15:00","1962","01","28","15:00"," ","-21,10","","-26,70","","60,00","","5,00","","3,00","","25,00","","98,05","","","","-24,00","","Nuageux"
"1962-01-28 16:00","1962","01","28","16:00"," ","-21,70","","-27,80","","59,00","","5,00","","10,00","","24,10","","98,02","","","","-29,00","","Nuageux"
"1962-01-28 17:00","1962","01","28","17:00"," ","-22,20","","-28,90","","54,00","","36,00","","6,00","","24,10","","98,00","","","","-28,00","","Nuageux"
"1962-01-28 18:00","1962","01","28","18:00"," ","-22,80","","-28,30","","59,00","","2,00","","8,00","","24,10","","97,99","","","","-30,00","","Généralement dégagé"
"1962-01-28 19:00","1962","01","28","19:00"," ","-23,90","","-29,40","","60,00","","2,00","","10,00","","24,10","","97,97","","","","-32,00","","Généralement dégagé"
"1962-01-28 20:00","1962","01","28","20:00"," ","-25,60","","-30,00","","65,00","","5,00","","13,00","","24,10","","97,95","","","","-35,00","","Dégagé"
"1962-01-28 21:00","1962","01","28","21:00"," ","-26,10","","-29,40","","73,00","","5,00","","13,00","","24,10","","97,88","","","","-36,00","","Dégagé"
"1962-01-28 22:00","1962","01","28","22:00"," ","-26,70","","-29,40","","77,00","","2,00","","14,00","","24,10","","97,89","","","","-37,00","","Dégagé"
"1962-01-28 23:00","1962","01","28","23:00"," ","-27,20","","-30,60","","72,00","","2,00","","21,00","","24,10","","97,87","","","","-40,00","","Dégagé"
"1962-01-29 00:00","1962","01","29","00:00"," ","-27,20","","-30,00","","77,00","","2,00","","16,00","","24,10","","97,85","","","","-38,00","","Dégagé"
"1962-01-29 01:00","1962","01","29","01:00"," ","-27,20","","-33,30","","57,00","","5,00","","13,00","","24,10","","97,77","","","","-37,00","","Dégagé"
"1962-01-29 02:00","1962","01","29","02:00"," ","-28,30","","-32,20","","70,00","","5,00","","16,00","","24,10","","97,71","","","","-40,00","","Dégagé"
"1962-01-29 03:00","1962","01","29","03:00"," ","-28,90","","-33,30","","64,00","","5,00","","11,00","","24,10","","97,74","","","","-38,00","","Dégagé"
"1962-01-29 04:00","1962","01","29","04:00"," ","-29,40","","-32,20","","75,00","","7,00","","10,00","","24,10","","97,75","","","","-38,00","","Dégagé"
"1962-01-29 05:00","1962","01","29","05:00"," ","-30,00","","-35,00","","62,00","","9,00","","6,00","","24,10","","97,71","","","","-37,00","","Dégagé"
"1962-01-29 06:00","1962","01","29","06:00"," ","-30,60","","-34,40","","68,00","","9,00","","13,00","","24,10","","97,59","","","","-41,00","","Dégagé"
"1962-01-29 07:00","1962","01","29","07:00"," ","-29,40","","-34,40","","63,00","","9,00","","16,00","","24,10","","97,69","","","","-41,00","","Dégagé"
"1962-01-29 08:00","1962","01","29","08:00"," ","-29,40","","-34,40","","63,00","","9,00","","16,00","","24,10","","97,59","","","","-41,00","","Généralement dégagé"
"1962-01-29 09:00","1962","01","29","09:00"," ","-27,80","","-33,30","","61,00","","11,00","","13,00","","24,10","","97,56","","","","-38,00","","Généralement nuageux"
"1962-01-29 10:00","1962","01","29","10:00"," ","-26,70","","-32,20","","58,00","","9,00","","16,00","","24,10","","97,59","","","","-38,00","","Généralement nuageux"
"1962-01-29 11:00","1962","01","29","11:00"," ","-25,00","","-29,40","","66,00","","9,00","","16,00","","24,10","","97,52","","","","-36,00","","Généralement nuageux"
"1962-01-29 12:00","1962","01","29","12:00"," ","-23,30","","-28,90","","62,00","","9,00","","13,00","","24,10","","97,40","","","","-32,00","","Nuageux"
"1962-01-29 13:00","1962","01","29","13:00"," ","-22,80","","-29,40","","56,00","","9,00","","10,00","","24,10","","97,32","","","","-31,00","","Nuageux"
"1962-01-29 14:00","1962","01","29","14:00"," ","-21,10","","-26,70","","60,00","","9,00","","13,00","","24,10","","97,15","","","","-30,00","","Nuageux"
"1962-01-29 15:00","1962","01","29","15:00"," ","-20,60","","-26,70","","58,00","","9,00","","10,00","","24,10","","97,09","","","","-28,00","","Nuageux"
"1962-01-29 16:00","1962","01","29","16:00"," ","-20,60","","-26,70","","58,00","","7,00","","16,00","","24,10","","97,04","","","","-30,00","","Nuageux"
"1962-01-29 17:00","1962","01","29","17:00"," ","-20,60","","-24,40","","70,00","","9,00","","14,00","","9,70","","96,95","","","","-29,00","","Neige"
"1962-01-29 18:00","1962","01","29","18:00"," ","-20,60","","-25,00","","67,00","","9,00","","18,00","","11,30","","96,83","","","","-31,00","","Neige"
"1962-01-29 19:00","1962","01","29","19:00"," ","-20,60","","-24,40","","70,00","","9,00","","18,00","","9,70","","96,64","","","","-31,00","","Neige"
"1962-01-29 20:00","1962","01","29","20:00"," ","-19,40","","-23,90","","66,00","","11,00","","23,00","","9,70","","96,48","","","","-30,00","","Neige"
"1962-01-29 21:00","1962","01","29","21:00"," ","-18,90","","-22,20","","75,00","","9,00","","26,00","","4,80","","96,30","","","","-30,00","","Neige"
"1962-01-29 22:00","1962","01","29","22:00"," ","-19,40","","-22,80","","75,00","","9,00","","29,00","","3,20","","96,07","","","","-32,00","","Neige"
"1962-01-29 23:00","1962","01","29","23:00"," ","-19,40","","-22,20","","77,00","","9,00","","31,00","","2,40","","95,86","","","","-32,00","","Neige"
"1962-01-30 00:00","1962","01","30","00:00"," ","-20,00","","-22,80","","79,00","","9,00","","32,00","","2,40","","95,67","","","","-33,00","","Neige"
"1962-01-30 01:00","1962","01","30","01:00"," ","-20,00","","-23,90","","71,00","","9,00","","29,00","","1,20","","95,41","","","","-32,00","","Neige"
"1962-01-30 02:00","1962","01","30","02:00"," ","-20,60","","-22,20","","85,00","","9,00","","29,00","","1,20","","95,24","","","","-33,00","","Neige"
"1962-01-30 03:00","1962","01","30","03:00"," ","-20,60","","-22,20","","85,00","","9,00","","31,00","","3,20","","95,16","","","","-34,00","","Neige"
"1962-01-30 04:00","1962","01","30","04:00"," ","-21,10","","-22,80","","84,00","","5,00","","29,00","","2,80","","95,13","","","","-34,00","","Neige"
"1962-01-30 05:00","1962","01","30","05:00"," ","-21,10","","-25,00","","72,00","","5,00","","26,00","","2,80","","95,17","","","","-33,00","","Neige"
"1962-01-30 06:00","1962","01","30","06:00"," ","-21,10","","-23,30","","81,00","","36,00","","19,00","","2,40","","95,30","","","","-32,00","","Neige"
"1962-01-30 07:00","1962","01","30","07:00"," ","-20,60","","-22,80","","82,00","","36,00","","16,00","","8,00","","95,42","","","","-30,00","","Neige"
"1962-01-30 08:00","1962","01","30","08:00"," ","-20,60","","-23,90","","76,00","","36,00","","29,00","","3,20","","95,59","","","","-33,00","","Neige,Poudrerie élevée"
"1962-01-30 09:00","1962","01","30","09:00"," ","-20,60","","-23,90","","76,00","","34,00","","32,00","","2,40","","95,73","","","","-34,00","","Neige,Poudrerie élevée"
"1962-01-30 10:00","1962","01","30","10:00"," ","-20,60","","-23,30","","79,00","","34,00","","42,00","","2,40","","95,89","","","","-35,00","","Poudrerie élevée"
"1962-01-30 11:00","1962","01","30","11:00"," ","-20,60","","-25,00","","67,00","","34,00","","40,00","","4,80","","96,10","","","","-35,00","","Poudrerie élevée"
"1962-01-30 12:00","1962","01","30","12:00"," ","-20,60","","-23,90","","73,00","","36,00","","35,00","","6,40","","96,27","","","","-34,00","","Poudrerie élevée"
"1962-01-30 13:00","1962","01","30","13:00"," ","-20,60","","-26,10","","61,00","","32,00","","32,00","","9,70","","96,36","","","","-34,00","","Poudrerie élevée"
"1962-01-30 14:00","1962","01","30","14:00"," ","-20,00","","-25,00","","65,00","","32,00","","29,00","","16,10","","96,44","","","","-32,00","","Généralement nuageux"
"1962-01-30 15:00","1962","01","30","15:00"," ","-21,10","","-26,70","","60,00","","32,00","","27,00","","19,30","","96,56","","","","-33,00","","Généralement dégagé"
"1962-01-30 16:00","1962","01","30","16:00"," ","-21,70","","-26,70","","65,00","","32,00","","26,00","","24,10","","96,72","","","","-34,00","","Généralement dégagé"
"1962-01-30 17:00","1962","01","30","17:00"," ","-22,80","","-27,80","","63,00","","32,00","","24,00","","24,10","","96,81","","","","-35,00","","Généralement dégagé"
"1962-01-30 18:00","1962","01","30","18:00"," ","-23,30","","-28,30","","65,00","","32,00","","16,00","","24,10","","96,94","","","","-33,00","","Généralement dégagé"
"1962-01-30 19:00","1962","01","30","19:00"," ","-25,00","","-31,10","","58,00","","32,00","","13,00","","24,10","","97,05","","","","-34,00","","Dégagé"
"1962-01-30 20:00","1962","01","30","20:00"," ","-26,10","","-31,10","","64,00","","32,00","","13,00","","24,10","","97,09","","","","-36,00","","Dégagé"
"1962-01-30 21:00","1962","01","30","21:00"," ","-26,70","","-31,70","","63,00","","34,00","","10,00","","24,10","","97,11","","","","-35,00","","Dégagé"
"1962-01-30 22:00","1962","01","30","22:00"," ","-26,70","","-31,70","","63,00","","36,00","","8,00","","24,10","","97,11","","","","-34,00","","Dégagé"
"1962-01-30 23:00","1962","01","30","23:00"," ","-27,80","","-32,20","","66,00","","32,00","","6,00","","24,10","","97,09","","","","-34,00","","Dégagé"
"1962-01-31 00:00","1962","01","31","00:00"," ","-27,80","","-31,70","","71,00","","36,00","","6,00","","24,10","","97,02","","","","-34,00","","Dégagé"
"1962-01-31 01:00","1962","01","31","01:00"," ","-28,30","","-31,10","","76,00","","0,00","","0,00","","24,10","","97,01","","","","","","Dégagé"
"1962-01-31 02:00","1962","01","31","02:00"," ","-27,20","","-30,60","","72,00","","0,00","","0,00","","19,30","","96,93","","","","","","Cristaux de glace"
"1962-01-31 03:00","1962","01","31","03:00"," ","-28,90","","-31,70","","75,00","","0,00","","0,00","","19,30","","96,85","","","","","","Cristaux de glace"
"1962-01-31 04:00","1962","01","31","04:00"," ","-27,80","","-30,00","","81,00","","0,00","","0,00","","12,90","","96,82","","","","","","Cristaux de glace"
"1962-01-31 05:00","1962","01","31","05:00"," ","-27,20","","-30,60","","72,00","","32,00","","6,00","","9,70","","96,83","","","","-33,00","","Cristaux de glace"
"1962-01-31 06:00","1962","01","31","06:00"," ","-29,40","","-31,10","","87,00","","0,00","","0,00","","25,00","","96,88","","","","","","Cristaux de glace"
"1962-01-31 07:00","1962","01","31","07:00"," ","-29,40","","-31,70","","81,00","","0,00","","0,00","","25,00","","96,86","","","","","","Généralement dégagé"
"1962-01-31 08:00","1962","01","31","08:00"," ","-30,00","","-32,20","","81,00","","0,00","","0,00","","24,10","","96,83","","","","","","Généralement dégagé"
"1962-01-31 09:00","1962","01","31","09:00"," ","-27,20","","-32,20","","62,00","","23,00","","5,00","","16,10","","96,85","","","","-32,00","","Nuageux"
"1962-01-31 10:00","1962","01","31","10:00"," ","-26,70","","-29,40","","77,00","","23,00","","3,00","","8,00","","96,80","","","","-30,00","","Cristaux de glace,Brouillard de glace"
"1962-01-31 11:00","1962","01","31","11:00"," ","-26,10","","-28,30","","82,00","","23,00","","6,00","","9,70","","96,79","","","","-32,00","","Cristaux de glace,Brouillard de glace"
"1962-01-31 12:00","1962","01","31","12:00"," ","-25,00","","-27,80","","78,00","","27,00","","8,00","","24,10","","96,64","","","","-32,00","","Généralement nuageux"
"1962-01-31 13:00","1962","01","31","13:00"," ","-23,30","","-30,00","","54,00","","0,00","","0,00","","24,10","","96,50","","","","","","Nuageux"
"1962-01-31 14:00","1962","01","31","14:00"," ","-23,90","","-28,90","","64,00","","23,00","","11,00","","24,10","","96,44","","","","-32,00","","Nuageux"
"1962-01-31 15:00","1962","01","31","15:00"," ","-24,40","","-28,90","","67,00","","23,00","","8,00","","24,10","","96,45","","","","-31,00","","Généralement nuageux"
"1962-01-31 16:00","1962","01","31","16:00"," ","-23,90","","-28,90","","64,00","","18,00","","3,00","","19,30","","96,46","","","","-27,00","","Nuageux"
"1962-01-31 17:00","1962","01","31","17:00"," ","-23,90","","-26,10","","83,00","","23,00","","3,00","","11,30","","96,47","","","","-27,00","","Nuageux"
"1962-01-31 18:00","1962","01","31","18:00"," ","-24,40","","-27,20","","79,00","","0,00","","0,00","","12,90","","96,49","","","","","","Neige"
"1962-01-31 19:00","1962","01","31","19:00"," ","-25,00","","-27,80","","78,00","","5,00","","8,00","","12,90","","96,54","","","","-32,00","","Généralement nuageux"
"1962-01-31 20:00","1962","01","31","20:00"," ","-26,10","","-29,40","","73,00","","36,00","","6,00","","12,90","","96,61","","","","-32,00","","Généralement dégagé"
"1962-01-31 21:00","1962","01","31","21:00"," ","-25,60","","-28,90","","74,00","","2,00","","18,00","","16,10","","96,69","","","","-37,00","","Généralement dégagé"
"1962-01-31 22:00","1962","01","31","22:00"," ","-26,70","","-30,00","","72,00","","36,00","","21,00","","16,10","","96,77","","","","-39,00","","Généralement dégagé"
"1962-01-31 23:00","1962","01","31","23:00"," ","-26,70","","-30,00","","72,00","","36,00","","24,00","","16,10","","96,86","","","","-40,00","","Dégagé"
