"Nom de la Station","KIMMIRUT A"
"Province","NUNAVUT"
"Latitude","62,85"
"Longitude","-69,88"
"Altitude","51,50"
"Identification Climat","240KFQJ"
"Identification OMM",""
"Identification TC","YLC"
"Toutes les heures sont exprimées en heure normale locale (HNL). Pour convertir l'heure locale en heure avancée de l'Est (HAE), ajoutez 1 heure s'il y a lieu."

"Légende"
"M","Données Manquantes"
"E","Valeur Estimée"
"ND","Non Disponible"
"**","Données fournies par un partenaire, non assujetties à un révision par les Archives climatiques nationales du Canada"

"Date/Heure","Année","Mois","Jour","Heure","Qualité des Données","Temp (°C)","Temp Indicateur","Point de rosée (°C)","Point de rosée Indicateur","Hum. rel (%)","Hum. rel. Indicateur","Dir. du vent (10s deg)","Dir. du vent Indicateur","Vit. du vent (km/h)","Vit. du vent Indicateur","Visibilité (km)","Visibilité Indicateur","Pression à la station (kPa)","Pression à la station Indicateur","Hmdx","Hmdx Indicateur","Refroid. éolien","Refroid. éolien Indicateur","Temps"
"2010-08-01 00:00","2010","08","01","00:00"," ","","","","","","","","","","","","","","","","","","",""
"2010-08-01 01:00","2010","08","01","01:00"," ","","","","","","","","","","","","","","","","","","",""
"2010-08-01 02:00","2010","08","01","02:00"," ","","","","","","","","","","","","","","","","","","",""
"2010-08-01 03:00","2010","08","01","03:00"," ","","","","","","","","","","","","","","","","","","",""
"2010-08-01 04:00","2010","08","01","04:00"," ","","","","","","","","","","","","","","","","","","",""
"2010-08-01 05:00","2010","08","01","05:00"," ","","","","","","","","","","","","","","","","","","",""
"2010-08-01 06:00","2010","08","01","06:00"," ","","","","","","","","","","","","","","","","","","",""
"2010-08-01 07:00","2010","08","01","07:00"," ","","","","","","","","","","","","","","","","","","",""
"2010-08-01 08:00","2010","08","01","08:00"," ","","","","","","","","","","","","","","","","","","",""
"2010-08-01 09:00","2010","08","01","09:00"," ","","","","","","","","","","","","","","","","","","",""
"2010-08-01 10:00","2010","08","01","10:00"," ","","","","","","","","","","","","","","","","","","",""
"2010-08-01 11:00","2010","08","01","11:00"," ","","","","","","","","","","","","","","","","","","",""
"2010-08-01 12:00","2010","08","01","12:00"," ","","","","","","","","","","","","","","","","","","",""
"2010-08-01 13:00","2010","08","01","13:00"," ","","","","","","","","","","","","","","","","","","",""
"2010-08-01 14:00","2010","08","01","14:00"," ","","","","","","","","","","","","","","","","","","",""
"2010-08-01 15:00","2010","08","01","15:00"," ","","","","","","","","","","","","","","","","","","",""
"2010-08-01 16:00","2010","08","01","16:00"," ","","","","","","","","","","","","","","","","","","",""
"2010-08-01 17:00","2010","08","01","17:00"," ","","","","","","","","","","","","","","","","","","",""
"2010-08-01 18:00","2010","08","01","18:00"," ","","","","","","","","","","","","","","","","","","",""
"2010-08-01 19:00","2010","08","01","19:00"," ","","","","","","","","","","","","","","","","","","",""
"2010-08-01 20:00","2010","08","01","20:00"," ","","","","","","","","","","","","","","","","","","",""
"2010-08-01 21:00","2010","08","01","21:00"," ","","","","","","","","","","","","","","","","","","",""
"2010-08-01 22:00","2010","08","01","22:00"," ","","","","","","","","","","","","","","","","","","",""
"2010-08-01 23:00","2010","08","01","23:00"," ","","","","","","","","","","","","","","","","","","",""
"2010-08-02 00:00","2010","08","02","00:00"," ","","","","","","","","","","","","","","","","","","",""
"2010-08-02 01:00","2010","08","02","01:00"," ","","","","","","","","","","","","","","","","","","",""
"2010-08-02 02:00","2010","08","02","02:00"," ","","","","","","","","","","","","","","","","","","",""
"2010-08-02 03:00","2010","08","02","03:00"," ","","","","","","","","","","","","","","","","","","",""
"2010-08-02 04:00","2010","08","02","04:00"," ","","","","","","","","","","","","","","","","","","",""
"2010-08-02 05:00","2010","08","02","05:00"," ","","","","","","","","","","","","","","","","","","",""
"2010-08-02 06:00","2010","08","02","06:00"," ","","","","","","","","","","","","","","","","","","",""
"2010-08-02 07:00","2010","08","02","07:00"," ","","","","","","","","","","","","","","","","","","",""
"2010-08-02 08:00","2010","08","02","08:00"," ","","","","","","","","","","","","","","","","","","",""
"2010-08-02 09:00","2010","08","02","09:00"," ","","","","","","","","","","","","","","","","","","",""
"2010-08-02 10:00","2010","08","02","10:00"," ","","","","","","","","","","","","","","","","","","",""
"2010-08-02 11:00","2010","08","02","11:00"," ","","","","","","","","","","","","","","","","","","",""
"2010-08-02 12:00","2010","08","02","12:00"," ","","","","","","","","","","","","","","","","","","",""
"2010-08-02 13:00","2010","08","02","13:00"," ","","","","","","","","","","","","","","","","","","",""
"2010-08-02 14:00","2010","08","02","14:00"," ","","","","","","","","","","","","","","","","","","",""
"2010-08-02 15:00","2010","08","02","15:00"," ","","","","","","","","","","","","","","","","","","",""
"2010-08-02 16:00","2010","08","02","16:00"," ","","","","","","","","","","","","","","","","","","",""
"2010-08-02 17:00","2010","08","02","17:00"," ","","","","","","","","","","","","","","","","","","",""
"2010-08-02 18:00","2010","08","02","18:00"," ","","","","","","","","","","","","","","","","","","",""
"2010-08-02 19:00","2010","08","02","19:00"," ","","","","","","","","","","","","","","","","","","",""
"2010-08-02 20:00","2010","08","02","20:00"," ","","","","","","","","","","","","","","","","","","",""
"2010-08-02 21:00","2010","08","02","21:00"," ","","","","","","","","","","","","","","","","","","",""
"2010-08-02 22:00","2010","08","02","22:00"," ","","","","","","","","","","","","","","","","","","",""
"2010-08-02 23:00","2010","08","02","23:00"," ","","","","","","","","","","","","","","","","","","",""
"2010-08-03 00:00","2010","08","03","00:00"," ","","","","","","","","","","","","","","","","","","",""
"2010-08-03 01:00","2010","08","03","01:00"," ","","","","","","","","","","","","","","","","","","",""
"2010-08-03 02:00","2010","08","03","02:00"," ","","","","","","","","","","","","","","","","","","",""
"2010-08-03 03:00","2010","08","03","03:00"," ","","","","","","","","","","","","","","","","","","",""
"2010-08-03 04:00","2010","08","03","04:00"," ","","","","","","","","","","","","","","","","","","",""
"2010-08-03 05:00","2010","08","03","05:00"," ","","","","","","","","","","","","","","","","","","",""
"2010-08-03 06:00","2010","08","03","06:00"," ","","","","","","","","","","","","","","","","","","",""
"2010-08-03 07:00","2010","08","03","07:00"," ","6,60","","5,00","","90,00","","0,00","","0,00","","24,10","","100,27","","","","","","Nuageux"
"2010-08-03 08:00","2010","08","03","08:00"," ","6,40","","4,50","","88,00","","0,00","","0,00","","24,10","","100,25","","","","","","Nuageux"
"2010-08-03 09:00","2010","08","03","09:00"," ","8,30","","5,10","","80,00","","0,00","","0,00","","24,10","","100,23","","","","","","Nuageux"
"2010-08-03 10:00","2010","08","03","10:00"," ","8,50","","5,50","","81,00","","0,00","","0,00","","24,10","","100,20","","","","","","Nuageux"
"2010-08-03 11:00","2010","08","03","11:00"," ","8,30","","5,90","","85,00","","25,00","","4,00","","24,10","","100,19","","","","","","Pluie"
"2010-08-03 12:00","2010","08","03","12:00"," ","8,80","","6,50","","85,00","","24,00","","4,00","","24,10","","100,18","","","","","","Averses de pluie"
"2010-08-03 13:00","2010","08","03","13:00"," ","9,20","","4,80","","74,00","","18,00","","7,00","","24,10","","100,16","","","","","","Averses de pluie"
"2010-08-03 14:00","2010","08","03","14:00"," ","9,30","","4,70","","73,00","","19,00","","6,00","","24,10","","100,14","","","","","","Averses de pluie"
"2010-08-03 15:00","2010","08","03","15:00"," ","9,20","","4,80","","74,00","","0,00","","0,00","","24,10","","100,11","","","","","","Averses de pluie"
"2010-08-03 16:00","2010","08","03","16:00"," ","","","","","","","","","","","","","","","","","","",""
"2010-08-03 17:00","2010","08","03","17:00"," ","","","","","","","","","","","","","","","","","","",""
"2010-08-03 18:00","2010","08","03","18:00"," ","","","","","","","","","","","","","","","","","","",""
"2010-08-03 19:00","2010","08","03","19:00"," ","","","","","","","","","","","","","","","","","","",""
"2010-08-03 20:00","2010","08","03","20:00"," ","","","","","","","","","","","","","","","","","","",""
"2010-08-03 21:00","2010","08","03","21:00"," ","","","","","","","","","","","","","","","","","","",""
"2010-08-03 22:00","2010","08","03","22:00"," ","","","","","","","","","","","","","","","","","","",""
"2010-08-03 23:00","2010","08","03","23:00"," ","","","","","","","","","","","","","","","","","","",""
"2010-08-04 00:00","2010","08","04","00:00"," ","","","","","","","","","","","","","","","","","","",""
"2010-08-04 01:00","2010","08","04","01:00"," ","","","","","","","","","","","","","","","","","","",""
"2010-08-04 02:00","2010","08","04","02:00"," ","","","","","","","","","","","","","","","","","","",""
"2010-08-04 03:00","2010","08","04","03:00"," ","","","","","","","","","","","","","","","","","","",""
"2010-08-04 04:00","2010","08","04","04:00"," ","","","","","","","","","","","","","","","","","","",""
"2010-08-04 05:00","2010","08","04","05:00"," ","","","","","","","","","","","","","","","","","","",""
"2010-08-04 06:00","2010","08","04","06:00"," ","","","","","","","","","","","","","","","","","","",""
"2010-08-04 07:00","2010","08","04","07:00"," ","9,30","","7,00","","86,00","","0,00","","0,00","","24,10","","99,36","","","","","","Généralement nuageux"
"2010-08-04 08:00","2010","08","04","08:00"," ","8,70","","6,80","","88,00","","0,00","","0,00","","24,10","","99,32","","","","","","Averses de pluie"
"2010-08-04 09:00","2010","08","04","09:00"," ","9,50","","7,60","","88,00","","0,00","","0,00","","24,10","","99,27","","","","","","Averses de pluie"
"2010-08-04 10:00","2010","08","04","10:00"," ","10,60","","6,80","","77,00","","17,00","","9,00","","24,10","","99,19","","","","","","Averses de pluie"
"2010-08-04 11:00","2010","08","04","11:00"," ","8,50","","5,50","","81,00","","19,00","","13,00","","24,10","","99,19","","","","","","Averses de pluie"
"2010-08-04 12:00","2010","08","04","12:00"," ","8,40","","5,60","","83,00","","20,00","","7,00","","24,10","","99,13","","","","","","Généralement nuageux"
"2010-08-04 13:00","2010","08","04","13:00"," ","9,30","","6,00","","80,00","","18,00","","11,00","","24,10","","99,03","","","","","","Généralement nuageux"
"2010-08-04 14:00","2010","08","04","14:00"," ","8,60","","5,60","","81,00","","17,00","","9,00","","24,10","","98,97","","","","","","Généralement nuageux"
"2010-08-04 15:00","2010","08","04","15:00"," ","8,10","","5,90","","86,00","","15,00","","6,00","","24,10","","98,93","","","","","","Nuageux"
"2010-08-04 16:00","2010","08","04","16:00"," ","","","","","","","","","","","","","","","","","","",""
"2010-08-04 17:00","2010","08","04","17:00"," ","","","","","","","","","","","","","","","","","","",""
"2010-08-04 18:00","2010","08","04","18:00"," ","","","","","","","","","","","","","","","","","","",""
"2010-08-04 19:00","2010","08","04","19:00"," ","","","","","","","","","","","","","","","","","","",""
"2010-08-04 20:00","2010","08","04","20:00"," ","","","","","","","","","","","","","","","","","","",""
"2010-08-04 21:00","2010","08","04","21:00"," ","","","","","","","","","","","","","","","","","","",""
"2010-08-04 22:00","2010","08","04","22:00"," ","","","","","","","","","","","","","","","","","","",""
"2010-08-04 23:00","2010","08","04","23:00"," ","","","","","","","","","","","","","","","","","","",""
"2010-08-05 00:00","2010","08","05","00:00"," ","","","","","","","","","","","","","","","","","","",""
"2010-08-05 01:00","2010","08","05","01:00"," ","","","","","","","","","","","","","","","","","","",""
"2010-08-05 02:00","2010","08","05","02:00"," ","","","","","","","","","","","","","","","","","","",""
"2010-08-05 03:00","2010","08","05","03:00"," ","","","","","","","","","","","","","","","","","","",""
"2010-08-05 04:00","2010","08","05","04:00"," ","","","","","","","","","","","","","","","","","","",""
"2010-08-05 05:00","2010","08","05","05:00"," ","","","","","","","","","","","","","","","","","","",""
"2010-08-05 06:00","2010","08","05","06:00"," ","","","","","","","","","","","","","","","","","","",""
"2010-08-05 07:00","2010","08","05","07:00"," ","5,30","","5,30","","100,00","","18,00","","4,00","","4,80","","98,78","","","","","","Brouillard"
"2010-08-05 08:00","2010","08","05","08:00"," ","7,00","","6,80","","99,00","","19,00","","9,00","","19,30","","98,80","","","","","","Nuageux"
"2010-08-05 09:00","2010","08","05","09:00"," ","8,30","","7,70","","96,00","","18,00","","9,00","","19,30","","98,83","","","","","","Nuageux"
"2010-08-05 10:00","2010","08","05","10:00"," ","7,60","","7,00","","96,00","","16,00","","9,00","","16,10","","98,85","","","","","","Généralement nuageux"
"2010-08-05 11:00","2010","08","05","11:00"," ","7,20","","6,60","","96,00","","17,00","","11,00","","8,00","","98,88","","","","","","Brouillard"
"2010-08-05 12:00","2010","08","05","12:00"," ","7,10","","6,30","","95,00","","19,00","","13,00","","9,70","","98,90","","","","","","Brouillard"
"2010-08-05 13:00","2010","08","05","13:00"," ","7,60","","6,60","","93,00","","19,00","","9,00","","24,10","","98,95","","","","","","Généralement nuageux"
"2010-08-05 14:00","2010","08","05","14:00"," ","8,70","","7,40","","92,00","","17,00","","4,00","","24,10","","98,94","","","","","","Généralement nuageux"
"2010-08-05 15:00","2010","08","05","15:00"," ","10,00","","7,20","","83,00","","17,00","","6,00","","24,10","","98,94","","","","","","Généralement nuageux"
"2010-08-05 16:00","2010","08","05","16:00"," ","","","","","","","","","","","","","","","","","","",""
"2010-08-05 17:00","2010","08","05","17:00"," ","","","","","","","","","","","","","","","","","","",""
"2010-08-05 18:00","2010","08","05","18:00"," ","7,80","","6,20","","90,00","","16,00","","4,00","","24,10","","99,03","","","","","","Généralement dégagé"
"2010-08-05 19:00","2010","08","05","19:00"," ","7,50","","6,10","","91,00","","16,00","","4,00","","24,10","","99,06","","","","","","Généralement dégagé"
"2010-08-05 20:00","2010","08","05","20:00"," ","","","","","","","","","","","","","","","","","","",""
"2010-08-05 21:00","2010","08","05","21:00"," ","","","","","","","","","","","","","","","","","","",""
"2010-08-05 22:00","2010","08","05","22:00"," ","","","","","","","","","","","","","","","","","","",""
"2010-08-05 23:00","2010","08","05","23:00"," ","","","","","","","","","","","","","","","","","","",""
"2010-08-06 00:00","2010","08","06","00:00"," ","","","","","","","","","","","","","","","","","","",""
"2010-08-06 01:00","2010","08","06","01:00"," ","","","","","","","","","","","","","","","","","","",""
"2010-08-06 02:00","2010","08","06","02:00"," ","","","","","","","","","","","","","","","","","","",""
"2010-08-06 03:00","2010","08","06","03:00"," ","","","","","","","","","","","","","","","","","","",""
"2010-08-06 04:00","2010","08","06","04:00"," ","","","","","","","","","","","","","","","","","","",""
"2010-08-06 05:00","2010","08","06","05:00"," ","","","","","","","","","","","","","","","","","","",""
"2010-08-06 06:00","2010","08","06","06:00"," ","10,50","","6,70","","77,00","","6,00","","6,00","","24,10","","99,00","","","","","","Généralement nuageux"
"2010-08-06 07:00","2010","08","06","07:00"," ","12,20","","7,60","","73,00","","4,00","","11,00","","24,10","","98,97","","","","","","Généralement dégagé"
"2010-08-06 08:00","2010","08","06","08:00"," ","14,50","","8,60","","68,00","","5,00","","7,00","","24,10","","98,98","","","","","","Généralement dégagé"
"2010-08-06 09:00","2010","08","06","09:00"," ","16,10","","8,80","","62,00","","0,00","","0,00","","24,10","","98,92","","","","","","Généralement dégagé"
"2010-08-06 10:00","2010","08","06","10:00"," ","17,80","","6,20","","47,00","","0,00","","0,00","","24,10","","98,88","","","","","","Généralement dégagé"
"2010-08-06 11:00","2010","08","06","11:00"," ","18,50","","6,70","","46,00","","7,00","","9,00","","24,10","","98,82","","","","","","Généralement dégagé"
"2010-08-06 12:00","2010","08","06","12:00"," ","19,50","","9,10","","51,00","","16,00","","13,00","","24,10","","98,77","","","","","","Généralement dégagé"
"2010-08-06 13:00","2010","08","06","13:00"," ","12,00","","7,30","","73,00","","19,00","","19,00","","24,10","","98,80","","","","","","Généralement dégagé"
"2010-08-06 14:00","2010","08","06","14:00"," ","12,00","","7,90","","76,00","","19,00","","11,00","","24,10","","98,79","","","","","","Généralement dégagé"
"2010-08-06 15:00","2010","08","06","15:00"," ","","","","","","","","","","","","","","","","","","",""
"2010-08-06 16:00","2010","08","06","16:00"," ","","","","","","","","","","","","","","","","","","",""
"2010-08-06 17:00","2010","08","06","17:00"," ","","","","","","","","","","","","","","","","","","",""
"2010-08-06 18:00","2010","08","06","18:00"," ","","","","","","","","","","","","","","","","","","",""
"2010-08-06 19:00","2010","08","06","19:00"," ","","","","","","","","","","","","","","","","","","",""
"2010-08-06 20:00","2010","08","06","20:00"," ","","","","","","","","","","","","","","","","","","",""
"2010-08-06 21:00","2010","08","06","21:00"," ","","","","","","","","","","","","","","","","","","",""
"2010-08-06 22:00","2010","08","06","22:00"," ","","","","","","","","","","","","","","","","","","",""
"2010-08-06 23:00","2010","08","06","23:00"," ","","","","","","","","","","","","","","","","","","",""
"2010-08-07 00:00","2010","08","07","00:00"," ","","","","","","","","","","","","","","","","","","",""
"2010-08-07 01:00","2010","08","07","01:00"," ","","","","","","","","","","","","","","","","","","",""
"2010-08-07 02:00","2010","08","07","02:00"," ","","","","","","","","","","","","","","","","","","",""
"2010-08-07 03:00","2010","08","07","03:00"," ","","","","","","","","","","","","","","","","","","",""
"2010-08-07 04:00","2010","08","07","04:00"," ","","","","","","","","","","","","","","","","","","",""
"2010-08-07 05:00","2010","08","07","05:00"," ","","","","","","","","","","","","","","","","","","",""
"2010-08-07 06:00","2010","08","07","06:00"," ","","","","","","","","","","","","","","","","","","",""
"2010-08-07 07:00","2010","08","07","07:00"," ","","","","","","","","","","","","","","","","","","",""
"2010-08-07 08:00","2010","08","07","08:00"," ","","","","","","","","","","","","","","","","","","",""
"2010-08-07 09:00","2010","08","07","09:00"," ","","","","","","","","","","","","","","","","","","",""
"2010-08-07 10:00","2010","08","07","10:00"," ","","","","","","","","","","","","","","","","","","",""
"2010-08-07 11:00","2010","08","07","11:00"," ","","","","","","","","","","","","","","","","","","",""
"2010-08-07 12:00","2010","08","07","12:00"," ","","","","","","","","","","","","","","","","","","",""
"2010-08-07 13:00","2010","08","07","13:00"," ","","","","","","","","","","","","","","","","","","",""
"2010-08-07 14:00","2010","08","07","14:00"," ","","","","","","","","","","","","","","","","","","",""
"2010-08-07 15:00","2010","08","07","15:00"," ","","","","","","","","","","","","","","","","","","",""
"2010-08-07 16:00","2010","08","07","16:00"," ","","","","","","","","","","","","","","","","","","",""
"2010-08-07 17:00","2010","08","07","17:00"," ","","","","","","","","","","","","","","","","","","",""
"2010-08-07 18:00","2010","08","07","18:00"," ","","","","","","","","","","","","","","","","","","",""
"2010-08-07 19:00","2010","08","07","19:00"," ","","","","","","","","","","","","","","","","","","",""
"2010-08-07 20:00","2010","08","07","20:00"," ","","","","","","","","","","","","","","","","","","",""
"2010-08-07 21:00","2010","08","07","21:00"," ","","","","","","","","","","","","","","","","","","",""
"2010-08-07 22:00","2010","08","07","22:00"," ","","","","","","","","","","","","","","","","","","",""
"2010-08-07 23:00","2010","08","07","23:00"," ","","","","","","","","","","","","","","","","","","",""
"2010-08-08 00:00","2010","08","08","00:00"," ","","","","","","","","","","","","","","","","","","",""
"2010-08-08 01:00","2010","08","08","01:00"," ","","","","","","","","","","","","","","","","","","",""
"2010-08-08 02:00","2010","08","08","02:00"," ","","","","","","","","","","","","","","","","","","",""
"2010-08-08 03:00","2010","08","08","03:00"," ","","","","","","","","","","","","","","","","","","",""
"2010-08-08 04:00","2010","08","08","04:00"," ","","","","","","","","","","","","","","","","","","",""
"2010-08-08 05:00","2010","08","08","05:00"," ","","","","","","","","","","","","","","","","","","",""
"2010-08-08 06:00","2010","08","08","06:00"," ","","","","","","","","","","","","","","","","","","",""
"2010-08-08 07:00","2010","08","08","07:00"," ","","","","","","","","","","","","","","","","","","",""
"2010-08-08 08:00","2010","08","08","08:00"," ","","","","","","","","","","","","","","","","","","",""
"2010-08-08 09:00","2010","08","08","09:00"," ","","","","","","","","","","","","","","","","","","",""
"2010-08-08 10:00","2010","08","08","10:00"," ","","","","","","","","","","","","","","","","","","",""
"2010-08-08 11:00","2010","08","08","11:00"," ","","","","","","","","","","","","","","","","","","",""
"2010-08-08 12:00","2010","08","08","12:00"," ","","","","","","","","","","","","","","","","","","",""
"2010-08-08 13:00","2010","08","08","13:00"," ","","","","","","","","","","","","","","","","","","",""
"2010-08-08 14:00","2010","08","08","14:00"," ","","","","","","","","","","","","","","","","","","",""
"2010-08-08 15:00","2010","08","08","15:00"," ","","","","","","","","","","","","","","","","","","",""
"2010-08-08 16:00","2010","08","08","16:00"," ","","","","","","","","","","","","","","","","","","",""
"2010-08-08 17:00","2010","08","08","17:00"," ","","","","","","","","","","","","","","","","","","",""
"2010-08-08 18:00","2010","08","08","18:00"," ","","","","","","","","","","","","","","","","","","",""
"2010-08-08 19:00","2010","08","08","19:00"," ","","","","","","","","","","","","","","","","","","",""
"2010-08-08 20:00","2010","08","08","20:00"," ","","","","","","","","","","","","","","","","","","",""
"2010-08-08 21:00","2010","08","08","21:00"," ","","","","","","","","","","","","","","","","","","",""
"2010-08-08 22:00","2010","08","08","22:00"," ","","","","","","","","","","","","","","","","","","",""
"2010-08-08 23:00","2010","08","08","23:00"," ","","","","","","","","","","","","","","","","","","",""
"2010-08-09 00:00","2010","08","09","00:00"," ","","","","","","","","","","","","","","","","","","",""
"2010-08-09 01:00","2010","08","09","01:00"," ","","","","","","","","","","","","","","","","","","",""
"2010-08-09 02:00","2010","08","09","02:00"," ","","","","","","","","","","","","","","","","","","",""
"2010-08-09 03:00","2010","08","09","03:00"," ","","","","","","","","","","","","","","","","","","",""
"2010-08-09 04:00","2010","08","09","04:00"," ","","","","","","","","","","","","","","","","","","",""
"2010-08-09 05:00","2010","08","09","05:00"," ","","","","","","","","","","","","","","","","","","",""
"2010-08-09 06:00","2010","08","09","06:00"," ","11,90","","7,20","","73,00","","0,00","","0,00","","24,10","","100,13","","","","","","Nuageux"
"2010-08-09 07:00","2010","08","09","07:00"," ","12,40","","7,00","","70,00","","9,00","","4,00","","24,10","","100,14","","","","","","Généralement nuageux"
"2010-08-09 08:00","2010","08","09","08:00"," ","12,90","","6,70","","66,00","","5,00","","6,00","","24,10","","100,17","","","","","","Généralement nuageux"
"2010-08-09 09:00","2010","08","09","09:00"," ","13,20","","7,10","","66,00","","5,00","","4,00","","24,10","","100,17","","","","","","Généralement nuageux"
"2010-08-09 10:00","2010","08","09","10:00"," ","13,60","","7,10","","65,00","","0,00","","0,00","","24,10","","100,17","","","","","","Généralement nuageux"
"2010-08-09 11:00","2010","08","09","11:00"," ","14,30","","7,90","","65,00","","5,00","","4,00","","24,10","","100,16","","","","","","Averses de pluie"
"2010-08-09 12:00","2010","08","09","12:00"," ","15,00","","5,30","","52,00","","0,00","","0,00","","24,10","","100,18","","","","","","Généralement nuageux"
"2010-08-09 13:00","2010","08","09","13:00"," ","14,20","","7,80","","65,00","","18,00","","4,00","","24,10","","100,21","","","","","","Nuageux"
"2010-08-09 14:00","2010","08","09","14:00"," ","13,80","","8,80","","72,00","","23,00","","4,00","","24,10","","100,24","","","","","","Pluie"
"2010-08-09 15:00","2010","08","09","15:00"," ","","","","","","","","","","","","","","","","","","",""
"2010-08-09 16:00","2010","08","09","16:00"," ","","","","","","","","","","","","","","","","","","",""
"2010-08-09 17:00","2010","08","09","17:00"," ","","","","","","","","","","","","","","","","","","",""
"2010-08-09 18:00","2010","08","09","18:00"," ","","","","","","","","","","","","","","","","","","",""
"2010-08-09 19:00","2010","08","09","19:00"," ","","","","","","","","","","","","","","","","","","",""
"2010-08-09 20:00","2010","08","09","20:00"," ","","","","","","","","","","","","","","","","","","",""
"2010-08-09 21:00","2010","08","09","21:00"," ","","","","","","","","","","","","","","","","","","",""
"2010-08-09 22:00","2010","08","09","22:00"," ","","","","","","","","","","","","","","","","","","",""
"2010-08-09 23:00","2010","08","09","23:00"," ","","","","","","","","","","","","","","","","","","",""
"2010-08-10 00:00","2010","08","10","00:00"," ","","","","","","","","","","","","","","","","","","",""
"2010-08-10 01:00","2010","08","10","01:00"," ","","","","","","","","","","","","","","","","","","",""
"2010-08-10 02:00","2010","08","10","02:00"," ","","","","","","","","","","","","","","","","","","",""
"2010-08-10 03:00","2010","08","10","03:00"," ","","","","","","","","","","","","","","","","","","",""
"2010-08-10 04:00","2010","08","10","04:00"," ","","","","","","","","","","","","","","","","","","",""
"2010-08-10 05:00","2010","08","10","05:00"," ","","","","","","","","","","","","","","","","","","",""
"2010-08-10 06:00","2010","08","10","06:00"," ","","","","","","","","","","","","","","","","","","",""
"2010-08-10 07:00","2010","08","10","07:00"," ","13,00","","9,10","","77,00","","3,00","","9,00","","24,10","","100,62","","","","","","Généralement nuageux"
"2010-08-10 08:00","2010","08","10","08:00"," ","14,00","","9,00","","72,00","","3,00","","4,00","","24,10","","100,63","","","","","","Généralement nuageux"
"2010-08-10 09:00","2010","08","10","09:00"," ","14,50","","8,80","","69,00","","30,00","","4,00","","24,10","","100,64","","","","","","Généralement nuageux"
"2010-08-10 10:00","2010","08","10","10:00"," ","15,60","","7,40","","58,00","","3,00","","9,00","","24,10","","100,65","","","","","","Généralement nuageux"
"2010-08-10 11:00","2010","08","10","11:00"," ","17,00","","8,70","","58,00","","32,00","","9,00","","24,10","","100,63","","","","","","Généralement nuageux"
"2010-08-10 12:00","2010","08","10","12:00"," ","18,00","","8,30","","53,00","","34,00","","4,00","","24,10","","100,61","","","","","","Généralement nuageux"
"2010-08-10 13:00","2010","08","10","13:00"," ","17,50","","8,70","","56,00","","3,00","","7,00","","24,10","","100,60","","","","","","Averses de pluie"
"2010-08-10 14:00","2010","08","10","14:00"," ","17,80","","9,10","","57,00","","36,00","","4,00","","24,10","","100,61","","","","","","Généralement nuageux"
"2010-08-10 15:00","2010","08","10","15:00"," ","18,20","","9,20","","56,00","","34,00","","6,00","","24,10","","100,62","","","","","","Généralement nuageux"
"2010-08-10 16:00","2010","08","10","16:00"," ","","","","","","","","","","","","","","","","","","",""
"2010-08-10 17:00","2010","08","10","17:00"," ","","","","","","","","","","","","","","","","","","",""
"2010-08-10 18:00","2010","08","10","18:00"," ","","","","","","","","","","","","","","","","","","",""
"2010-08-10 19:00","2010","08","10","19:00"," ","","","","","","","","","","","","","","","","","","",""
"2010-08-10 20:00","2010","08","10","20:00"," ","","","","","","","","","","","","","","","","","","",""
"2010-08-10 21:00","2010","08","10","21:00"," ","","","","","","","","","","","","","","","","","","",""
"2010-08-10 22:00","2010","08","10","22:00"," ","","","","","","","","","","","","","","","","","","",""
"2010-08-10 23:00","2010","08","10","23:00"," ","","","","","","","","","","","","","","","","","","",""
"2010-08-11 00:00","2010","08","11","00:00"," ","","","","","","","","","","","","","","","","","","",""
"2010-08-11 01:00","2010","08","11","01:00"," ","","","","","","","","","","","","","","","","","","",""
"2010-08-11 02:00","2010","08","11","02:00"," ","","","","","","","","","","","","","","","","","","",""
"2010-08-11 03:00","2010","08","11","03:00"," ","","","","","","","","","","","","","","","","","","",""
"2010-08-11 04:00","2010","08","11","04:00"," ","","","","","","","","","","","","","","","","","","",""
"2010-08-11 05:00","2010","08","11","05:00"," ","","","","","","","","","","","","","","","","","","",""
"2010-08-11 06:00","2010","08","11","06:00"," ","","","","","","","","","","","","","","","","","","",""
"2010-08-11 07:00","2010","08","11","07:00"," ","14,60","","9,30","","70,00","","34,00","","11,00","","24,10","","100,79","","","","","","Généralement nuageux"
"2010-08-11 08:00","2010","08","11","08:00"," ","15,50","","9,50","","67,00","","34,00","","13,00","","24,10","","100,78","","","","","","Généralement nuageux"
"2010-08-11 09:00","2010","08","11","09:00"," ","16,30","","9,70","","65,00","","34,00","","17,00","","24,10","","100,78","","","","","","Généralement nuageux"
"2010-08-11 10:00","2010","08","11","10:00"," ","17,70","","9,60","","59,00","","35,00","","13,00","","24,10","","100,75","","","","","","Généralement nuageux"
"2010-08-11 11:00","2010","08","11","11:00"," ","19,50","","9,10","","51,00","","36,00","","9,00","","24,10","","100,71","","","","","","Généralement nuageux"
"2010-08-11 12:00","2010","08","11","12:00"," ","20,30","","8,40","","46,00","","3,00","","19,00","","24,10","","100,69","","","","","","Généralement dégagé"
"2010-08-11 13:00","2010","08","11","13:00"," ","21,10","","7,70","","42,00","","35,00","","11,00","","24,10","","100,68","","","","","","Généralement dégagé"
"2010-08-11 14:00","2010","08","11","14:00"," ","21,80","","6,10","","36,00","","3,00","","13,00","","24,10","","100,67","","","","","","Généralement dégagé"
"2010-08-11 15:00","2010","08","11","15:00"," ","22,00","","5,90","","35,00","","3,00","","17,00","","24,10","","100,66","","","","","","Généralement dégagé"
"2010-08-11 16:00","2010","08","11","16:00"," ","","","","","","","","","","","","","","","","","","",""
"2010-08-11 17:00","2010","08","11","17:00"," ","","","","","","","","","","","","","","","","","","",""
"2010-08-11 18:00","2010","08","11","18:00"," ","","","","","","","","","","","","","","","","","","",""
"2010-08-11 19:00","2010","08","11","19:00"," ","","","","","","","","","","","","","","","","","","",""
"2010-08-11 20:00","2010","08","11","20:00"," ","","","","","","","","","","","","","","","","","","",""
"2010-08-11 21:00","2010","08","11","21:00"," ","","","","","","","","","","","","","","","","","","",""
"2010-08-11 22:00","2010","08","11","22:00"," ","","","","","","","","","","","","","","","","","","",""
"2010-08-11 23:00","2010","08","11","23:00"," ","","","","","","","","","","","","","","","","","","",""
"2010-08-12 00:00","2010","08","12","00:00"," ","","","","","","","","","","","","","","","","","","",""
"2010-08-12 01:00","2010","08","12","01:00"," ","","","","","","","","","","","","","","","","","","",""
"2010-08-12 02:00","2010","08","12","02:00"," ","","","","","","","","","","","","","","","","","","",""
"2010-08-12 03:00","2010","08","12","03:00"," ","","","","","","","","","","","","","","","","","","",""
"2010-08-12 04:00","2010","08","12","04:00"," ","","","","","","","","","","","","","","","","","","",""
"2010-08-12 05:00","2010","08","12","05:00"," ","","","","","","","","","","","","","","","","","","",""
"2010-08-12 06:00","2010","08","12","06:00"," ","","","","","","","","","","","","","","","","","","",""
"2010-08-12 07:00","2010","08","12","07:00"," ","13,80","","9,70","","76,00","","31,00","","4,00","","24,10","","100,84","","","","","","Généralement nuageux"
"2010-08-12 08:00","2010","08","12","08:00"," ","15,80","","9,70","","67,00","","33,00","","6,00","","24,10","","100,82","","","","","","Généralement dégagé"
"2010-08-12 09:00","2010","08","12","09:00"," ","17,50","","10,30","","63,00","","33,00","","9,00","","24,10","","100,80","","","","","","Généralement nuageux"
"2010-08-12 10:00","2010","08","12","10:00"," ","18,50","","9,90","","57,00","","33,00","","15,00","","24,10","","100,78","","","","","","Généralement nuageux"
"2010-08-12 11:00","2010","08","12","11:00"," ","20,10","","10,70","","55,00","","31,00","","13,00","","24,10","","100,77","","","","","","Généralement nuageux"
"2010-08-12 12:00","2010","08","12","12:00"," ","21,20","","10,30","","50,00","","33,00","","19,00","","24,10","","100,73","","","","","","Généralement dégagé"
"2010-08-12 13:00","2010","08","12","13:00"," ","22,10","","10,40","","47,00","","33,00","","15,00","","24,10","","100,69","","","","","","Généralement dégagé"
"2010-08-12 14:00","2010","08","12","14:00"," ","22,00","","9,60","","45,00","","1,00","","15,00","","24,10","","100,68","","","","","","Généralement nuageux"
"2010-08-12 15:00","2010","08","12","15:00"," ","22,60","","9,80","","44,00","","35,00","","15,00","","24,10","","100,66","","","","","","Généralement nuageux"
"2010-08-12 16:00","2010","08","12","16:00"," ","","","","","","","","","","","","","","","","","","",""
"2010-08-12 17:00","2010","08","12","17:00"," ","","","","","","","","","","","","","","","","","","",""
"2010-08-12 18:00","2010","08","12","18:00"," ","","","","","","","","","","","","","","","","","","",""
"2010-08-12 19:00","2010","08","12","19:00"," ","","","","","","","","","","","","","","","","","","",""
"2010-08-12 20:00","2010","08","12","20:00"," ","","","","","","","","","","","","","","","","","","",""
"2010-08-12 21:00","2010","08","12","21:00"," ","","","","","","","","","","","","","","","","","","",""
"2010-08-12 22:00","2010","08","12","22:00"," ","","","","","","","","","","","","","","","","","","",""
"2010-08-12 23:00","2010","08","12","23:00"," ","","","","","","","","","","","","","","","","","","",""
"2010-08-13 00:00","2010","08","13","00:00"," ","","","","","","","","","","","","","","","","","","",""
"2010-08-13 01:00","2010","08","13","01:00"," ","","","","","","","","","","","","","","","","","","",""
"2010-08-13 02:00","2010","08","13","02:00"," ","","","","","","","","","","","","","","","","","","",""
"2010-08-13 03:00","2010","08","13","03:00"," ","","","","","","","","","","","","","","","","","","",""
"2010-08-13 04:00","2010","08","13","04:00"," ","","","","","","","","","","","","","","","","","","",""
"2010-08-13 05:00","2010","08","13","05:00"," ","","","","","","","","","","","","","","","","","","",""
"2010-08-13 06:00","2010","08","13","06:00"," ","13,40","","9,30","","76,00","","0,00","","0,00","","24,10","","100,84","","","","","","Généralement nuageux"
"2010-08-13 07:00","2010","08","13","07:00"," ","14,60","","9,90","","73,00","","0,00","","0,00","","24,10","","100,84","","","","","","Généralement nuageux"
"2010-08-13 08:00","2010","08","13","08:00"," ","16,10","","9,40","","64,00","","0,00","","0,00","","24,10","","100,83","","","","","","Généralement nuageux"
"2010-08-13 09:00","2010","08","13","09:00"," ","14,60","","8,90","","69,00","","0,00","","0,00","","24,10","","100,78","","","","","","Généralement nuageux"
"2010-08-13 10:00","2010","08","13","10:00"," ","14,90","","8,00","","63,00","","14,00","","4,00","","24,10","","100,75","","","","","","Généralement nuageux"
"2010-08-13 11:00","2010","08","13","11:00"," ","19,40","","7,00","","44,00","","33,00","","13,00","","24,10","","100,70","","","","","","Généralement nuageux"
"2010-08-13 12:00","2010","08","13","12:00"," ","19,40","","5,50","","40,00","","36,00","","13,00","","24,10","","100,68","","","","","","Généralement nuageux"
"2010-08-13 13:00","2010","08","13","13:00"," ","18,60","","7,70","","49,00","","29,00","","19,00","","24,10","","100,66","","","","","","Généralement nuageux"
"2010-08-13 14:00","2010","08","13","14:00"," ","18,50","","8,00","","50,00","","31,00","","19,00","","24,10","","100,64","","","","","","Généralement nuageux"
"2010-08-13 15:00","2010","08","13","15:00"," ","","","","","","","","","","","","","","","","","","",""
"2010-08-13 16:00","2010","08","13","16:00"," ","","","","","","","","","","","","","","","","","","",""
"2010-08-13 17:00","2010","08","13","17:00"," ","","","","","","","","","","","","","","","","","","",""
"2010-08-13 18:00","2010","08","13","18:00"," ","","","","","","","","","","","","","","","","","","",""
"2010-08-13 19:00","2010","08","13","19:00"," ","","","","","","","","","","","","","","","","","","",""
"2010-08-13 20:00","2010","08","13","20:00"," ","","","","","","","","","","","","","","","","","","",""
"2010-08-13 21:00","2010","08","13","21:00"," ","","","","","","","","","","","","","","","","","","",""
"2010-08-13 22:00","2010","08","13","22:00"," ","","","","","","","","","","","","","","","","","","",""
"2010-08-13 23:00","2010","08","13","23:00"," ","","","","","","","","","","","","","","","","","","",""
"2010-08-14 00:00","2010","08","14","00:00"," ","","","","","","","","","","","","","","","","","","",""
"2010-08-14 01:00","2010","08","14","01:00"," ","","","","","","","","","","","","","","","","","","",""
"2010-08-14 02:00","2010","08","14","02:00"," ","","","","","","","","","","","","","","","","","","",""
"2010-08-14 03:00","2010","08","14","03:00"," ","","","","","","","","","","","","","","","","","","",""
"2010-08-14 04:00","2010","08","14","04:00"," ","","","","","","","","","","","","","","","","","","",""
"2010-08-14 05:00","2010","08","14","05:00"," ","","","","","","","","","","","","","","","","","","",""
"2010-08-14 06:00","2010","08","14","06:00"," ","","","","","","","","","","","","","","","","","","",""
"2010-08-14 07:00","2010","08","14","07:00"," ","","","","","","","","","","","","","","","","","","",""
"2010-08-14 08:00","2010","08","14","08:00"," ","","","","","","","","","","","","","","","","","","",""
"2010-08-14 09:00","2010","08","14","09:00"," ","","","","","","","","","","","","","","","","","","",""
"2010-08-14 10:00","2010","08","14","10:00"," ","","","","","","","","","","","","","","","","","","",""
"2010-08-14 11:00","2010","08","14","11:00"," ","","","","","","","","","","","","","","","","","","",""
"2010-08-14 12:00","2010","08","14","12:00"," ","","","","","","","","","","","","","","","","","","",""
"2010-08-14 13:00","2010","08","14","13:00"," ","","","","","","","","","","","","","","","","","","",""
"2010-08-14 14:00","2010","08","14","14:00"," ","","","","","","","","","","","","","","","","","","",""
"2010-08-14 15:00","2010","08","14","15:00"," ","","","","","","","","","","","","","","","","","","",""
"2010-08-14 16:00","2010","08","14","16:00"," ","","","","","","","","","","","","","","","","","","",""
"2010-08-14 17:00","2010","08","14","17:00"," ","","","","","","","","","","","","","","","","","","",""
"2010-08-14 18:00","2010","08","14","18:00"," ","","","","","","","","","","","","","","","","","","",""
"2010-08-14 19:00","2010","08","14","19:00"," ","","","","","","","","","","","","","","","","","","",""
"2010-08-14 20:00","2010","08","14","20:00"," ","","","","","","","","","","","","","","","","","","",""
"2010-08-14 21:00","2010","08","14","21:00"," ","","","","","","","","","","","","","","","","","","",""
"2010-08-14 22:00","2010","08","14","22:00"," ","","","","","","","","","","","","","","","","","","",""
"2010-08-14 23:00","2010","08","14","23:00"," ","","","","","","","","","","","","","","","","","","",""
"2010-08-15 00:00","2010","08","15","00:00"," ","","","","","","","","","","","","","","","","","","",""
"2010-08-15 01:00","2010","08","15","01:00"," ","","","","","","","","","","","","","","","","","","",""
"2010-08-15 02:00","2010","08","15","02:00"," ","","","","","","","","","","","","","","","","","","",""
"2010-08-15 03:00","2010","08","15","03:00"," ","","","","","","","","","","","","","","","","","","",""
"2010-08-15 04:00","2010","08","15","04:00"," ","","","","","","","","","","","","","","","","","","",""
"2010-08-15 05:00","2010","08","15","05:00"," ","","","","","","","","","","","","","","","","","","",""
"2010-08-15 06:00","2010","08","15","06:00"," ","","","","","","","","","","","","","","","","","","",""
"2010-08-15 07:00","2010","08","15","07:00"," ","","","","","","","","","","","","","","","","","","",""
"2010-08-15 08:00","2010","08","15","08:00"," ","","","","","","","","","","","","","","","","","","",""
"2010-08-15 09:00","2010","08","15","09:00"," ","","","","","","","","","","","","","","","","","","",""
"2010-08-15 10:00","2010","08","15","10:00"," ","","","","","","","","","","","","","","","","","","",""
"2010-08-15 11:00","2010","08","15","11:00"," ","","","","","","","","","","","","","","","","","","",""
"2010-08-15 12:00","2010","08","15","12:00"," ","","","","","","","","","","","","","","","","","","",""
"2010-08-15 13:00","2010","08","15","13:00"," ","","","","","","","","","","","","","","","","","","",""
"2010-08-15 14:00","2010","08","15","14:00"," ","","","","","","","","","","","","","","","","","","",""
"2010-08-15 15:00","2010","08","15","15:00"," ","","","","","","","","","","","","","","","","","","",""
"2010-08-15 16:00","2010","08","15","16:00"," ","","","","","","","","","","","","","","","","","","",""
"2010-08-15 17:00","2010","08","15","17:00"," ","","","","","","","","","","","","","","","","","","",""
"2010-08-15 18:00","2010","08","15","18:00"," ","","","","","","","","","","","","","","","","","","",""
"2010-08-15 19:00","2010","08","15","19:00"," ","","","","","","","","","","","","","","","","","","",""
"2010-08-15 20:00","2010","08","15","20:00"," ","","","","","","","","","","","","","","","","","","",""
"2010-08-15 21:00","2010","08","15","21:00"," ","","","","","","","","","","","","","","","","","","",""
"2010-08-15 22:00","2010","08","15","22:00"," ","","","","","","","","","","","","","","","","","","",""
"2010-08-15 23:00","2010","08","15","23:00"," ","","","","","","","","","","","","","","","","","","",""
"2010-08-16 00:00","2010","08","16","00:00"," ","","","","","","","","","","","","","","","","","","",""
"2010-08-16 01:00","2010","08","16","01:00"," ","","","","","","","","","","","","","","","","","","",""
"2010-08-16 02:00","2010","08","16","02:00"," ","","","","","","","","","","","","","","","","","","",""
"2010-08-16 03:00","2010","08","16","03:00"," ","","","","","","","","","","","","","","","","","","",""
"2010-08-16 04:00","2010","08","16","04:00"," ","","","","","","","","","","","","","","","","","","",""
"2010-08-16 05:00","2010","08","16","05:00"," ","","","","","","","","","","","","","","","","","","",""
"2010-08-16 06:00","2010","08","16","06:00"," ","12,10","","11,90","","99,00","","0,00","","0,00","","4,00","","99,92","","","","","","Pluie,Brouillard"
"2010-08-16 07:00","2010","08","16","07:00"," ","11,10","","10,90","","99,00","","0,00","","0,00","","4,00","","99,89","","","","","","Pluie,Brouillard"
"2010-08-16 08:00","2010","08","16","08:00"," ","","","","","","","","","","","","","","","","","","",""
"2010-08-16 09:00","2010","08","16","09:00"," ","","","","","","","","","","","","","","","","","","",""
"2010-08-16 10:00","2010","08","16","10:00"," ","","","","","","","","","","","","","","","","","","",""
"2010-08-16 11:00","2010","08","16","11:00"," ","","","","","","","","","","","","","","","","","","",""
"2010-08-16 12:00","2010","08","16","12:00"," ","","","","","","","","","","","","","","","","","","",""
"2010-08-16 13:00","2010","08","16","13:00"," ","","","","","","","","","","","","","","","","","","",""
"2010-08-16 14:00","2010","08","16","14:00"," ","","","","","","","","","","","","","","","","","","",""
"2010-08-16 15:00","2010","08","16","15:00"," ","","","","","","","","","","","","","","","","","","",""
"2010-08-16 16:00","2010","08","16","16:00"," ","","","","","","","","","","","","","","","","","","",""
"2010-08-16 17:00","2010","08","16","17:00"," ","","","","","","","","","","","","","","","","","","",""
"2010-08-16 18:00","2010","08","16","18:00"," ","","","","","","","","","","","","","","","","","","",""
"2010-08-16 19:00","2010","08","16","19:00"," ","","","","","","","","","","","","","","","","","","",""
"2010-08-16 20:00","2010","08","16","20:00"," ","","","","","","","","","","","","","","","","","","",""
"2010-08-16 21:00","2010","08","16","21:00"," ","","","","","","","","","","","","","","","","","","",""
"2010-08-16 22:00","2010","08","16","22:00"," ","","","","","","","","","","","","","","","","","","",""
"2010-08-16 23:00","2010","08","16","23:00"," ","","","","","","","","","","","","","","","","","","",""
"2010-08-17 00:00","2010","08","17","00:00"," ","","","","","","","","","","","","","","","","","","",""
"2010-08-17 01:00","2010","08","17","01:00"," ","","","","","","","","","","","","","","","","","","",""
"2010-08-17 02:00","2010","08","17","02:00"," ","","","","","","","","","","","","","","","","","","",""
"2010-08-17 03:00","2010","08","17","03:00"," ","","","","","","","","","","","","","","","","","","",""
"2010-08-17 04:00","2010","08","17","04:00"," ","","","","","","","","","","","","","","","","","","",""
"2010-08-17 05:00","2010","08","17","05:00"," ","","","","","","","","","","","","","","","","","","",""
"2010-08-17 06:00","2010","08","17","06:00"," ","","","","","","","","","","","","","","","","","","",""
"2010-08-17 07:00","2010","08","17","07:00"," ","","","","","","","","","","","","","","","","","","",""
"2010-08-17 08:00","2010","08","17","08:00"," ","","","","","","","","","","","","","","","","","","",""
"2010-08-17 09:00","2010","08","17","09:00"," ","","","","","","","","","","","","","","","","","","",""
"2010-08-17 10:00","2010","08","17","10:00"," ","","","","","","","","","","","","","","","","","","",""
"2010-08-17 11:00","2010","08","17","11:00"," ","","","","","","","","","","","","","","","","","","",""
"2010-08-17 12:00","2010","08","17","12:00"," ","","","","","","","","","","","","","","","","","","",""
"2010-08-17 13:00","2010","08","17","13:00"," ","","","","","","","","","","","","","","","","","","",""
"2010-08-17 14:00","2010","08","17","14:00"," ","","","","","","","","","","","","","","","","","","",""
"2010-08-17 15:00","2010","08","17","15:00"," ","","","","","","","","","","","","","","","","","","",""
"2010-08-17 16:00","2010","08","17","16:00"," ","","","","","","","","","","","","","","","","","","",""
"2010-08-17 17:00","2010","08","17","17:00"," ","","","","","","","","","","","","","","","","","","",""
"2010-08-17 18:00","2010","08","17","18:00"," ","","","","","","","","","","","","","","","","","","",""
"2010-08-17 19:00","2010","08","17","19:00"," ","","","","","","","","","","","","","","","","","","",""
"2010-08-17 20:00","2010","08","17","20:00"," ","","","","","","","","","","","","","","","","","","",""
"2010-08-17 21:00","2010","08","17","21:00"," ","","","","","","","","","","","","","","","","","","",""
"2010-08-17 22:00","2010","08","17","22:00"," ","","","","","","","","","","","","","","","","","","",""
"2010-08-17 23:00","2010","08","17","23:00"," ","","","","","","","","","","","","","","","","","","",""
"2010-08-18 00:00","2010","08","18","00:00"," ","","","","","","","","","","","","","","","","","","",""
"2010-08-18 01:00","2010","08","18","01:00"," ","","","","","","","","","","","","","","","","","","",""
"2010-08-18 02:00","2010","08","18","02:00"," ","","","","","","","","","","","","","","","","","","",""
"2010-08-18 03:00","2010","08","18","03:00"," ","","","","","","","","","","","","","","","","","","",""
"2010-08-18 04:00","2010","08","18","04:00"," ","","","","","","","","","","","","","","","","","","",""
"2010-08-18 05:00","2010","08","18","05:00"," ","","","","","","","","","","","","","","","","","","",""
"2010-08-18 06:00","2010","08","18","06:00"," ","","","","","","","","","","","","","","","","","","",""
"2010-08-18 07:00","2010","08","18","07:00"," ","10,40","","7,80","","84,00","","19,00","","11,00","","24,10","","99,74","","","","","","Généralement dégagé"
"2010-08-18 08:00","2010","08","18","08:00"," ","11,70","","8,80","","82,00","","19,00","","11,00","","24,10","","99,74","","","","","","Généralement dégagé"
"2010-08-18 09:00","2010","08","18","09:00"," ","12,00","","9,30","","84,00","","19,00","","15,00","","24,10","","99,74","","","","","","Généralement dégagé"
"2010-08-18 10:00","2010","08","18","10:00"," ","11,10","","8,50","","84,00","","16,00","","9,00","","24,10","","99,75","","","","","","Généralement dégagé"
"2010-08-18 11:00","2010","08","18","11:00"," ","13,30","","10,00","","80,00","","18,00","","11,00","","24,10","","99,72","","","","","","Généralement dégagé"
"2010-08-18 12:00","2010","08","18","12:00"," ","12,70","","9,10","","79,00","","16,00","","15,00","","24,10","","99,75","","","","","","Généralement dégagé"
"2010-08-18 13:00","2010","08","18","13:00"," ","11,60","","8,70","","82,00","","15,00","","11,00","","24,10","","99,85","","","","","","Généralement dégagé"
"2010-08-18 14:00","2010","08","18","14:00"," ","11,20","","8,40","","83,00","","16,00","","13,00","","24,10","","99,91","","","","","","Généralement dégagé"
"2010-08-18 15:00","2010","08","18","15:00"," ","11,00","","8,20","","83,00","","16,00","","13,00","","24,10","","99,95","","","","","","Généralement nuageux"
"2010-08-18 16:00","2010","08","18","16:00"," ","","","","","","","","","","","","","","","","","","",""
"2010-08-18 17:00","2010","08","18","17:00"," ","","","","","","","","","","","","","","","","","","",""
"2010-08-18 18:00","2010","08","18","18:00"," ","","","","","","","","","","","","","","","","","","",""
"2010-08-18 19:00","2010","08","18","19:00"," ","","","","","","","","","","","","","","","","","","",""
"2010-08-18 20:00","2010","08","18","20:00"," ","","","","","","","","","","","","","","","","","","",""
"2010-08-18 21:00","2010","08","18","21:00"," ","","","","","","","","","","","","","","","","","","",""
"2010-08-18 22:00","2010","08","18","22:00"," ","","","","","","","","","","","","","","","","","","",""
"2010-08-18 23:00","2010","08","18","23:00"," ","","","","","","","","","","","","","","","","","","",""
"2010-08-19 00:00","2010","08","19","00:00"," ","","","","","","","","","","","","","","","","","","",""
"2010-08-19 01:00","2010","08","19","01:00"," ","","","","","","","","","","","","","","","","","","",""
"2010-08-19 02:00","2010","08","19","02:00"," ","","","","","","","","","","","","","","","","","","",""
"2010-08-19 03:00","2010","08","19","03:00"," ","","","","","","","","","","","","","","","","","","",""
"2010-08-19 04:00","2010","08","19","04:00"," ","","","","","","","","","","","","","","","","","","",""
"2010-08-19 05:00","2010","08","19","05:00"," ","","","","","","","","","","","","","","","","","","",""
"2010-08-19 06:00","2010","08","19","06:00"," ","","","","","","","","","","","","","","","","","","",""
"2010-08-19 07:00","2010","08","19","07:00"," ","7,20","","6,80","","97,00","","16,00","","20,00","","8,00","","100,13","","","","","","Pluie,Brouillard"
"2010-08-19 08:00","2010","08","19","08:00"," ","7,50","","7,30","","99,00","","17,00","","15,00","","19,30","","100,19","","","","","","Pluie"
"2010-08-19 09:00","2010","08","19","09:00"," ","8,00","","7,00","","93,00","","17,00","","15,00","","24,10","","100,23","","","","","","Généralement nuageux"
"2010-08-19 10:00","2010","08","19","10:00"," ","9,50","","7,20","","86,00","","18,00","","17,00","","24,10","","100,27","","","","","","Généralement dégagé"
"2010-08-19 11:00","2010","08","19","11:00"," ","10,70","","7,50","","81,00","","18,00","","15,00","","24,10","","100,32","","","","","","Généralement dégagé"
"2010-08-19 12:00","2010","08","19","12:00"," ","9,60","","7,30","","86,00","","17,00","","13,00","","24,10","","100,36","","","","","","Généralement nuageux"
"2010-08-19 13:00","2010","08","19","13:00"," ","9,50","","6,00","","79,00","","17,00","","9,00","","24,10","","100,42","","","","","","Généralement nuageux"
"2010-08-19 14:00","2010","08","19","14:00"," ","11,00","","6,20","","72,00","","16,00","","9,00","","24,10","","100,33","","","","","","Généralement nuageux"
"2010-08-19 15:00","2010","08","19","15:00"," ","11,50","","6,80","","73,00","","16,00","","11,00","","24,10","","100,40","","","","","","Généralement nuageux"
"2010-08-19 16:00","2010","08","19","16:00"," ","","","","","","","","","","","","","","","","","","",""
"2010-08-19 17:00","2010","08","19","17:00"," ","","","","","","","","","","","","","","","","","","",""
"2010-08-19 18:00","2010","08","19","18:00"," ","","","","","","","","","","","","","","","","","","",""
"2010-08-19 19:00","2010","08","19","19:00"," ","","","","","","","","","","","","","","","","","","",""
"2010-08-19 20:00","2010","08","19","20:00"," ","","","","","","","","","","","","","","","","","","",""
"2010-08-19 21:00","2010","08","19","21:00"," ","","","","","","","","","","","","","","","","","","",""
"2010-08-19 22:00","2010","08","19","22:00"," ","","","","","","","","","","","","","","","","","","",""
"2010-08-19 23:00","2010","08","19","23:00"," ","","","","","","","","","","","","","","","","","","",""
"2010-08-20 00:00","2010","08","20","00:00"," ","","","","","","","","","","","","","","","","","","",""
"2010-08-20 01:00","2010","08","20","01:00"," ","","","","","","","","","","","","","","","","","","",""
"2010-08-20 02:00","2010","08","20","02:00"," ","","","","","","","","","","","","","","","","","","",""
"2010-08-20 03:00","2010","08","20","03:00"," ","","","","","","","","","","","","","","","","","","",""
"2010-08-20 04:00","2010","08","20","04:00"," ","","","","","","","","","","","","","","","","","","",""
"2010-08-20 05:00","2010","08","20","05:00"," ","","","","","","","","","","","","","","","","","","",""
"2010-08-20 06:00","2010","08","20","06:00"," ","9,30","","7,40","","88,00","","0,00","","0,00","","24,10","","100,64","","","","","","Généralement nuageux"
"2010-08-20 07:00","2010","08","20","07:00"," ","9,40","","7,70","","89,00","","0,00","","0,00","","24,10","","100,68","","","","","","Généralement nuageux"
"2010-08-20 08:00","2010","08","20","08:00"," ","9,00","","7,50","","90,00","","36,00","","6,00","","24,10","","100,72","","","","","","Généralement nuageux"
"2010-08-20 09:00","2010","08","20","09:00"," ","9,10","","7,20","","88,00","","18,00","","13,00","E","24,10","","100,78","","","","","","Généralement nuageux"
"2010-08-20 10:00","2010","08","20","10:00"," ","9,00","","7,10","","88,00","","18,00","","7,00","E","24,10","","100,81","","","","","","Généralement nuageux"
"2010-08-20 11:00","2010","08","20","11:00"," ","9,00","","7,70","","92,00","","18,00","","9,00","E","24,10","","100,83","","","","","","Généralement nuageux"
"2010-08-20 12:00","2010","08","20","12:00"," ","9,40","","7,70","","89,00","","14,00","","6,00","E","24,10","","100,85","","","","","","Généralement dégagé"
"2010-08-20 13:00","2010","08","20","13:00"," ","9,30","","7,40","","88,00","","19,00","","15,00","","24,10","","100,95","","","","","","Généralement nuageux"
"2010-08-20 14:00","2010","08","20","14:00"," ","9,30","","6,20","","81,00","","16,00","","13,00","","24,10","","101,00","","","","","","Nuageux"
"2010-08-20 15:00","2010","08","20","15:00"," ","","","","","","","","","","","","","","","","","","",""
"2010-08-20 16:00","2010","08","20","16:00"," ","","","","","","","","","","","","","","","","","","",""
"2010-08-20 17:00","2010","08","20","17:00"," ","","","","","","","","","","","","","","","","","","",""
"2010-08-20 18:00","2010","08","20","18:00"," ","","","","","","","","","","","","","","","","","","",""
"2010-08-20 19:00","2010","08","20","19:00"," ","","","","","","","","","","","","","","","","","","",""
"2010-08-20 20:00","2010","08","20","20:00"," ","","","","","","","","","","","","","","","","","","",""
"2010-08-20 21:00","2010","08","20","21:00"," ","","","","","","","","","","","","","","","","","","",""
"2010-08-20 22:00","2010","08","20","22:00"," ","","","","","","","","","","","","","","","","","","",""
"2010-08-20 23:00","2010","08","20","23:00"," ","","","","","","","","","","","","","","","","","","",""
"2010-08-21 00:00","2010","08","21","00:00"," ","","","","","","","","","","","","","","","","","","",""
"2010-08-21 01:00","2010","08","21","01:00"," ","","","","","","","","","","","","","","","","","","",""
"2010-08-21 02:00","2010","08","21","02:00"," ","","","","","","","","","","","","","","","","","","",""
"2010-08-21 03:00","2010","08","21","03:00"," ","","","","","","","","","","","","","","","","","","",""
"2010-08-21 04:00","2010","08","21","04:00"," ","","","","","","","","","","","","","","","","","","",""
"2010-08-21 05:00","2010","08","21","05:00"," ","","","","","","","","","","","","","","","","","","",""
"2010-08-21 06:00","2010","08","21","06:00"," ","","","","","","","","","","","","","","","","","","",""
"2010-08-21 07:00","2010","08","21","07:00"," ","","","","","","","","","","","","","","","","","","",""
"2010-08-21 08:00","2010","08","21","08:00"," ","","","","","","","","","","","","","","","","","","",""
"2010-08-21 09:00","2010","08","21","09:00"," ","","","","","","","","","","","","","","","","","","",""
"2010-08-21 10:00","2010","08","21","10:00"," ","","","","","","","","","","","","","","","","","","",""
"2010-08-21 11:00","2010","08","21","11:00"," ","","","","","","","","","","","","","","","","","","",""
"2010-08-21 12:00","2010","08","21","12:00"," ","","","","","","","","","","","","","","","","","","",""
"2010-08-21 13:00","2010","08","21","13:00"," ","","","","","","","","","","","","","","","","","","",""
"2010-08-21 14:00","2010","08","21","14:00"," ","","","","","","","","","","","","","","","","","","",""
"2010-08-21 15:00","2010","08","21","15:00"," ","","","","","","","","","","","","","","","","","","",""
"2010-08-21 16:00","2010","08","21","16:00"," ","","","","","","","","","","","","","","","","","","",""
"2010-08-21 17:00","2010","08","21","17:00"," ","","","","","","","","","","","","","","","","","","",""
"2010-08-21 18:00","2010","08","21","18:00"," ","","","","","","","","","","","","","","","","","","",""
"2010-08-21 19:00","2010","08","21","19:00"," ","","","","","","","","","","","","","","","","","","",""
"2010-08-21 20:00","2010","08","21","20:00"," ","","","","","","","","","","","","","","","","","","",""
"2010-08-21 21:00","2010","08","21","21:00"," ","","","","","","","","","","","","","","","","","","",""
"2010-08-21 22:00","2010","08","21","22:00"," ","","","","","","","","","","","","","","","","","","",""
"2010-08-21 23:00","2010","08","21","23:00"," ","","","","","","","","","","","","","","","","","","",""
"2010-08-22 00:00","2010","08","22","00:00"," ","","","","","","","","","","","","","","","","","","",""
"2010-08-22 01:00","2010","08","22","01:00"," ","","","","","","","","","","","","","","","","","","",""
"2010-08-22 02:00","2010","08","22","02:00"," ","","","","","","","","","","","","","","","","","","",""
"2010-08-22 03:00","2010","08","22","03:00"," ","","","","","","","","","","","","","","","","","","",""
"2010-08-22 04:00","2010","08","22","04:00"," ","","","","","","","","","","","","","","","","","","",""
"2010-08-22 05:00","2010","08","22","05:00"," ","","","","","","","","","","","","","","","","","","",""
"2010-08-22 06:00","2010","08","22","06:00"," ","","","","","","","","","","","","","","","","","","",""
"2010-08-22 07:00","2010","08","22","07:00"," ","","","","","","","","","","","","","","","","","","",""
"2010-08-22 08:00","2010","08","22","08:00"," ","","","","","","","","","","","","","","","","","","",""
"2010-08-22 09:00","2010","08","22","09:00"," ","","","","","","","","","","","","","","","","","","",""
"2010-08-22 10:00","2010","08","22","10:00"," ","","","","","","","","","","","","","","","","","","",""
"2010-08-22 11:00","2010","08","22","11:00"," ","","","","","","","","","","","","","","","","","","",""
"2010-08-22 12:00","2010","08","22","12:00"," ","","","","","","","","","","","","","","","","","","",""
"2010-08-22 13:00","2010","08","22","13:00"," ","","","","","","","","","","","","","","","","","","",""
"2010-08-22 14:00","2010","08","22","14:00"," ","","","","","","","","","","","","","","","","","","",""
"2010-08-22 15:00","2010","08","22","15:00"," ","","","","","","","","","","","","","","","","","","",""
"2010-08-22 16:00","2010","08","22","16:00"," ","","","","","","","","","","","","","","","","","","",""
"2010-08-22 17:00","2010","08","22","17:00"," ","","","","","","","","","","","","","","","","","","",""
"2010-08-22 18:00","2010","08","22","18:00"," ","","","","","","","","","","","","","","","","","","",""
"2010-08-22 19:00","2010","08","22","19:00"," ","","","","","","","","","","","","","","","","","","",""
"2010-08-22 20:00","2010","08","22","20:00"," ","","","","","","","","","","","","","","","","","","",""
"2010-08-22 21:00","2010","08","22","21:00"," ","","","","","","","","","","","","","","","","","","",""
"2010-08-22 22:00","2010","08","22","22:00"," ","","","","","","","","","","","","","","","","","","",""
"2010-08-22 23:00","2010","08","22","23:00"," ","","","","","","","","","","","","","","","","","","",""
"2010-08-23 00:00","2010","08","23","00:00"," ","","","","","","","","","","","","","","","","","","",""
"2010-08-23 01:00","2010","08","23","01:00"," ","","","","","","","","","","","","","","","","","","",""
"2010-08-23 02:00","2010","08","23","02:00"," ","","","","","","","","","","","","","","","","","","",""
"2010-08-23 03:00","2010","08","23","03:00"," ","","","","","","","","","","","","","","","","","","",""
"2010-08-23 04:00","2010","08","23","04:00"," ","","","","","","","","","","","","","","","","","","",""
"2010-08-23 05:00","2010","08","23","05:00"," ","","","","","","","","","","","","","","","","","","",""
"2010-08-23 06:00","2010","08","23","06:00"," ","7,10","","6,90","","99,00","","25,00","","6,00","","4,00","","100,96","","","","","","Brouillard"
"2010-08-23 07:00","2010","08","23","07:00"," ","7,70","","7,30","","97,00","","30,00","","13,00","","4,80","","100,98","","","","","","Averses de pluie,Brouillard"
"2010-08-23 08:00","2010","08","23","08:00"," ","8,10","","7,70","","97,00","","30,00","","19,00","","11,30","","101,02","","","","","","Averses de pluie"
"2010-08-23 09:00","2010","08","23","09:00"," ","9,40","","8,50","","94,00","","33,00","","7,00","","24,10","","101,00","","","","","","Averses de pluie"
"2010-08-23 10:00","2010","08","23","10:00"," ","11,10","","8,10","","82,00","","35,00","","13,00","","24,10","","100,97","","","","","","Généralement nuageux"
"2010-08-23 11:00","2010","08","23","11:00"," ","12,00","","7,30","","73,00","","34,00","","13,00","","24,10","","101,00","","","","","","Généralement nuageux"
"2010-08-23 12:00","2010","08","23","12:00"," ","12,50","","8,30","","76,00","","31,00","","13,00","","24,10","","101,03","","","","","","Généralement nuageux"
"2010-08-23 13:00","2010","08","23","13:00"," ","12,10","","8,30","","78,00","","30,00","","15,00","","24,10","","101,04","","","","","","Généralement nuageux"
"2010-08-23 14:00","2010","08","23","14:00"," ","11,80","","9,30","","85,00","","31,00","","17,00","","24,10","","101,05","","","","","","Généralement nuageux"
"2010-08-23 15:00","2010","08","23","15:00"," ","","","","","","","","","","","","","","","","","","",""
"2010-08-23 16:00","2010","08","23","16:00"," ","","","","","","","","","","","","","","","","","","",""
"2010-08-23 17:00","2010","08","23","17:00"," ","","","","","","","","","","","","","","","","","","",""
"2010-08-23 18:00","2010","08","23","18:00"," ","","","","","","","","","","","","","","","","","","",""
"2010-08-23 19:00","2010","08","23","19:00"," ","","","","","","","","","","","","","","","","","","",""
"2010-08-23 20:00","2010","08","23","20:00"," ","","","","","","","","","","","","","","","","","","",""
"2010-08-23 21:00","2010","08","23","21:00"," ","","","","","","","","","","","","","","","","","","",""
"2010-08-23 22:00","2010","08","23","22:00"," ","","","","","","","","","","","","","","","","","","",""
"2010-08-23 23:00","2010","08","23","23:00"," ","","","","","","","","","","","","","","","","","","",""
"2010-08-24 00:00","2010","08","24","00:00"," ","","","","","","","","","","","","","","","","","","",""
"2010-08-24 01:00","2010","08","24","01:00"," ","","","","","","","","","","","","","","","","","","",""
"2010-08-24 02:00","2010","08","24","02:00"," ","","","","","","","","","","","","","","","","","","",""
"2010-08-24 03:00","2010","08","24","03:00"," ","","","","","","","","","","","","","","","","","","",""
"2010-08-24 04:00","2010","08","24","04:00"," ","","","","","","","","","","","","","","","","","","",""
"2010-08-24 05:00","2010","08","24","05:00"," ","","","","","","","","","","","","","","","","","","",""
"2010-08-24 06:00","2010","08","24","06:00"," ","","","","","","","","","","","","","","","","","","",""
"2010-08-24 07:00","2010","08","24","07:00"," ","8,10","","6,90","","92,00","","0,00","","0,00","","24,10","","100,75","","","","","","Généralement nuageux"
"2010-08-24 08:00","2010","08","24","08:00"," ","8,00","","7,20","","95,00","","18,00","","9,00","","24,10","","100,77","","","","","","Averses de pluie"
"2010-08-24 09:00","2010","08","24","09:00"," ","7,90","","7,30","","96,00","","19,00","","9,00","","4,80","","100,74","","","","","","Bruine,Brouillard"
"2010-08-24 10:00","2010","08","24","10:00"," ","10,00","","8,90","","93,00","","26,00","","4,00","","24,10","","100,70","","","","","","Généralement nuageux"
"2010-08-24 11:00","2010","08","24","11:00"," ","10,60","","8,20","","85,00","","0,00","","0,00","","24,10","","100,66","","","","","","Généralement nuageux"
"2010-08-24 12:00","2010","08","24","12:00"," ","11,40","","6,90","","74,00","","27,00","","6,00","","24,10","","100,60","","","","","","Généralement nuageux"
"2010-08-24 13:00","2010","08","24","13:00"," ","11,40","","6,90","","74,00","","28,00","","7,00","","24,10","","100,59","","","","","","Généralement nuageux"
"2010-08-24 14:00","2010","08","24","14:00"," ","12,00","","6,50","","69,00","","31,00","","6,00","","24,10","","100,55","","","","","","Généralement nuageux"
"2010-08-24 15:00","2010","08","24","15:00"," ","12,30","","6,60","","68,00","","19,00","","9,00","","24,10","","100,53","","","","","","Généralement nuageux"
"2010-08-24 16:00","2010","08","24","16:00"," ","","","","","","","","","","","","","","","","","","",""
"2010-08-24 17:00","2010","08","24","17:00"," ","","","","","","","","","","","","","","","","","","",""
"2010-08-24 18:00","2010","08","24","18:00"," ","","","","","","","","","","","","","","","","","","",""
"2010-08-24 19:00","2010","08","24","19:00"," ","","","","","","","","","","","","","","","","","","",""
"2010-08-24 20:00","2010","08","24","20:00"," ","","","","","","","","","","","","","","","","","","",""
"2010-08-24 21:00","2010","08","24","21:00"," ","","","","","","","","","","","","","","","","","","",""
"2010-08-24 22:00","2010","08","24","22:00"," ","","","","","","","","","","","","","","","","","","",""
"2010-08-24 23:00","2010","08","24","23:00"," ","","","","","","","","","","","","","","","","","","",""
"2010-08-25 00:00","2010","08","25","00:00"," ","","","","","","","","","","","","","","","","","","",""
"2010-08-25 01:00","2010","08","25","01:00"," ","","","","","","","","","","","","","","","","","","",""
"2010-08-25 02:00","2010","08","25","02:00"," ","","","","","","","","","","","","","","","","","","",""
"2010-08-25 03:00","2010","08","25","03:00"," ","","","","","","","","","","","","","","","","","","",""
"2010-08-25 04:00","2010","08","25","04:00"," ","","","","","","","","","","","","","","","","","","",""
"2010-08-25 05:00","2010","08","25","05:00"," ","","","","","","","","","","","","","","","","","","",""
"2010-08-25 06:00","2010","08","25","06:00"," ","","","","","","","","","","","","","","","","","","",""
"2010-08-25 07:00","2010","08","25","07:00"," ","9,50","","7,60","","88,00","","16,00","","33,00","","8,00","","99,88","","","","","","Pluie,Brouillard"
"2010-08-25 08:00","2010","08","25","08:00"," ","9,60","","7,90","","89,00","","17,00","","22,00","","8,00","","99,82","","","","","","Pluie,Brouillard"
"2010-08-25 09:00","2010","08","25","09:00"," ","9,60","","8,30","","92,00","","15,00","","22,00","","8,00","","99,74","","","","","","Pluie modérée,Brouillard"
"2010-08-25 10:00","2010","08","25","10:00"," ","10,70","","7,70","","82,00","","16,00","","22,00","","24,10","","99,68","","","","","","Pluie"
"2010-08-25 11:00","2010","08","25","11:00"," ","10,00","","8,10","","88,00","","15,00","","22,00","","11,30","","99,68","","","","","","Pluie"
"2010-08-25 12:00","2010","08","25","12:00"," ","11,00","","8,60","","85,00","","16,00","","32,00","","24,10","","99,59","","","","","","Pluie"
"2010-08-25 13:00","2010","08","25","13:00"," ","9,70","","8,40","","92,00","","16,00","","22,00","","24,10","","99,59","","","","","","Averses de pluie"
"2010-08-25 14:00","2010","08","25","14:00"," ","9,90","","8,40","","90,00","","17,00","","15,00","","24,10","","99,61","","","","","","Nuageux"
"2010-08-25 15:00","2010","08","25","15:00"," ","9,40","","8,50","","94,00","","17,00","","22,00","","24,10","","99,61","","","","","","Nuageux"
"2010-08-25 16:00","2010","08","25","16:00"," ","","","","","","","","","","","","","","","","","","",""
"2010-08-25 17:00","2010","08","25","17:00"," ","","","","","","","","","","","","","","","","","","",""
"2010-08-25 18:00","2010","08","25","18:00"," ","","","","","","","","","","","","","","","","","","",""
"2010-08-25 19:00","2010","08","25","19:00"," ","","","","","","","","","","","","","","","","","","",""
"2010-08-25 20:00","2010","08","25","20:00"," ","","","","","","","","","","","","","","","","","","",""
"2010-08-25 21:00","2010","08","25","21:00"," ","","","","","","","","","","","","","","","","","","",""
"2010-08-25 22:00","2010","08","25","22:00"," ","","","","","","","","","","","","","","","","","","",""
"2010-08-25 23:00","2010","08","25","23:00"," ","","","","","","","","","","","","","","","","","","",""
"2010-08-26 00:00","2010","08","26","00:00"," ","","","","","","","","","","","","","","","","","","",""
"2010-08-26 01:00","2010","08","26","01:00"," ","","","","","","","","","","","","","","","","","","",""
"2010-08-26 02:00","2010","08","26","02:00"," ","","","","","","","","","","","","","","","","","","",""
"2010-08-26 03:00","2010","08","26","03:00"," ","","","","","","","","","","","","","","","","","","",""
"2010-08-26 04:00","2010","08","26","04:00"," ","","","","","","","","","","","","","","","","","","",""
"2010-08-26 05:00","2010","08","26","05:00"," ","","","","","","","","","","","","","","","","","","",""
"2010-08-26 06:00","2010","08","26","06:00"," ","","","","","","","","","","","","","","","","","","",""
"2010-08-26 07:00","2010","08","26","07:00"," ","6,10","","6,10","","100,00","","19,00","","11,00","","0,20","","99,08","","","","","","Brouillard"
"2010-08-26 08:00","2010","08","26","08:00"," ","6,60","","6,40","","99,00","","18,00","","13,00","","24,10","","99,08","","","","","","Généralement nuageux"
"2010-08-26 09:00","2010","08","26","09:00"," ","7,60","","6,80","","95,00","","16,00","","15,00","","24,10","","99,08","","","","","","Généralement nuageux"
"2010-08-26 10:00","2010","08","26","10:00"," ","9,50","","7,60","","88,00","","18,00","","19,00","","24,10","","99,10","","","","","","Généralement nuageux"
"2010-08-26 11:00","2010","08","26","11:00"," ","9,50","","7,60","","88,00","","17,00","","15,00","","24,10","","99,11","","","","","","Généralement dégagé"
"2010-08-26 12:00","2010","08","26","12:00"," ","9,30","","7,40","","88,00","","17,00","","17,00","","24,10","","99,11","","","","","","Généralement nuageux"
"2010-08-26 13:00","2010","08","26","13:00"," ","8,90","","6,40","","84,00","","16,00","","19,00","","24,10","","99,11","","","","","","Généralement nuageux"
"2010-08-26 14:00","2010","08","26","14:00"," ","8,70","","6,20","","84,00","","17,00","","7,00","","24,10","","99,13","","","","","","Généralement nuageux"
"2010-08-26 15:00","2010","08","26","15:00"," ","8,60","","6,10","","84,00","","16,00","","13,00","","24,10","","99,16","","","","","","Généralement nuageux"
"2010-08-26 16:00","2010","08","26","16:00"," ","","","","","","","","","","","","","","","","","","",""
"2010-08-26 17:00","2010","08","26","17:00"," ","","","","","","","","","","","","","","","","","","",""
"2010-08-26 18:00","2010","08","26","18:00"," ","","","","","","","","","","","","","","","","","","",""
"2010-08-26 19:00","2010","08","26","19:00"," ","","","","","","","","","","","","","","","","","","",""
"2010-08-26 20:00","2010","08","26","20:00"," ","","","","","","","","","","","","","","","","","","",""
"2010-08-26 21:00","2010","08","26","21:00"," ","","","","","","","","","","","","","","","","","","",""
"2010-08-26 22:00","2010","08","26","22:00"," ","","","","","","","","","","","","","","","","","","",""
"2010-08-26 23:00","2010","08","26","23:00"," ","","","","","","","","","","","","","","","","","","",""
"2010-08-27 00:00","2010","08","27","00:00"," ","","","","","","","","","","","","","","","","","","",""
"2010-08-27 01:00","2010","08","27","01:00"," ","","","","","","","","","","","","","","","","","","",""
"2010-08-27 02:00","2010","08","27","02:00"," ","","","","","","","","","","","","","","","","","","",""
"2010-08-27 03:00","2010","08","27","03:00"," ","","","","","","","","","","","","","","","","","","",""
"2010-08-27 04:00","2010","08","27","04:00"," ","","","","","","","","","","","","","","","","","","",""
"2010-08-27 05:00","2010","08","27","05:00"," ","","","","","","","","","","","","","","","","","","",""
"2010-08-27 06:00","2010","08","27","06:00"," ","7,50","","5,50","","87,00","","17,00","","9,00","","24,10","","99,33","","","","","","Généralement nuageux"
"2010-08-27 07:00","2010","08","27","07:00"," ","7,40","","5,60","","88,00","","18,00","","15,00","","24,10","","99,33","","","","","","Généralement nuageux"
"2010-08-27 08:00","2010","08","27","08:00"," ","7,90","","5,90","","87,00","","16,00","","11,00","","24,10","","99,33","","","","","","Généralement nuageux"
"2010-08-27 09:00","2010","08","27","09:00"," ","8,20","","5,80","","85,00","","17,00","","15,00","","24,10","","99,30","","","","","","Averses de pluie"
"2010-08-27 10:00","2010","08","27","10:00"," ","8,00","","6,20","","88,00","","17,00","","15,00","","24,10","","99,27","","","","","","Averses de pluie"
"2010-08-27 11:00","2010","08","27","11:00"," ","8,00","","6,80","","92,00","","17,00","","13,00","","24,10","","99,25","","","","","","Averses de pluie"
"2010-08-27 12:00","2010","08","27","12:00"," ","7,40","","6,60","","95,00","","17,00","","15,00","","16,10","","99,25","","","","","","Pluie"
"2010-08-27 13:00","2010","08","27","13:00"," ","8,00","","6,80","","92,00","","18,00","","13,00","","24,10","","99,21","","","","","","Averses de pluie"
"2010-08-27 14:00","2010","08","27","14:00"," ","7,70","","6,50","","92,00","","18,00","","15,00","","24,10","","99,21","","","","","","Généralement nuageux"
"2010-08-27 15:00","2010","08","27","15:00"," ","","","","","","","","","","","","","","","","","","",""
"2010-08-27 16:00","2010","08","27","16:00"," ","","","","","","","","","","","","","","","","","","",""
"2010-08-27 17:00","2010","08","27","17:00"," ","","","","","","","","","","","","","","","","","","",""
"2010-08-27 18:00","2010","08","27","18:00"," ","","","","","","","","","","","","","","","","","","",""
"2010-08-27 19:00","2010","08","27","19:00"," ","","","","","","","","","","","","","","","","","","",""
"2010-08-27 20:00","2010","08","27","20:00"," ","","","","","","","","","","","","","","","","","","",""
"2010-08-27 21:00","2010","08","27","21:00"," ","","","","","","","","","","","","","","","","","","",""
"2010-08-27 22:00","2010","08","27","22:00"," ","","","","","","","","","","","","","","","","","","",""
"2010-08-27 23:00","2010","08","27","23:00"," ","","","","","","","","","","","","","","","","","","",""
"2010-08-28 00:00","2010","08","28","00:00"," ","","","","","","","","","","","","","","","","","","",""
"2010-08-28 01:00","2010","08","28","01:00"," ","","","","","","","","","","","","","","","","","","",""
"2010-08-28 02:00","2010","08","28","02:00"," ","","","","","","","","","","","","","","","","","","",""
"2010-08-28 03:00","2010","08","28","03:00"," ","","","","","","","","","","","","","","","","","","",""
"2010-08-28 04:00","2010","08","28","04:00"," ","","","","","","","","","","","","","","","","","","",""
"2010-08-28 05:00","2010","08","28","05:00"," ","","","","","","","","","","","","","","","","","","",""
"2010-08-28 06:00","2010","08","28","06:00"," ","","","","","","","","","","","","","","","","","","",""
"2010-08-28 07:00","2010","08","28","07:00"," ","","","","","","","","","","","","","","","","","","",""
"2010-08-28 08:00","2010","08","28","08:00"," ","7,00","","7,00","","100,00","","18,00","","11,00","","0,20","","99,04","","","","","","Bruine,Brouillard"
"2010-08-28 09:00","2010","08","28","09:00"," ","6,40","","6,40","","100,00","","19,00","","13,00","","4,80","","99,05","","","","","","Bruine,Brouillard"
"2010-08-28 10:00","2010","08","28","10:00"," ","7,10","","7,10","","100,00","","18,00","","13,00","","0,80","","99,05","","","","","","Bruine,Brouillard"
"2010-08-28 11:00","2010","08","28","11:00"," ","","","","","","","","","","","","","","","","","","",""
"2010-08-28 12:00","2010","08","28","12:00"," ","","","","","","","","","","","","","","","","","","",""
"2010-08-28 13:00","2010","08","28","13:00"," ","","","","","","","","","","","","","","","","","","",""
"2010-08-28 14:00","2010","08","28","14:00"," ","","","","","","","","","","","","","","","","","","",""
"2010-08-28 15:00","2010","08","28","15:00"," ","","","","","","","","","","","","","","","","","","",""
"2010-08-28 16:00","2010","08","28","16:00"," ","","","","","","","","","","","","","","","","","","",""
"2010-08-28 17:00","2010","08","28","17:00"," ","","","","","","","","","","","","","","","","","","",""
"2010-08-28 18:00","2010","08","28","18:00"," ","","","","","","","","","","","","","","","","","","",""
"2010-08-28 19:00","2010","08","28","19:00"," ","","","","","","","","","","","","","","","","","","",""
"2010-08-28 20:00","2010","08","28","20:00"," ","","","","","","","","","","","","","","","","","","",""
"2010-08-28 21:00","2010","08","28","21:00"," ","","","","","","","","","","","","","","","","","","",""
"2010-08-28 22:00","2010","08","28","22:00"," ","","","","","","","","","","","","","","","","","","",""
"2010-08-28 23:00","2010","08","28","23:00"," ","","","","","","","","","","","","","","","","","","",""
"2010-08-29 00:00","2010","08","29","00:00"," ","","","","","","","","","","","","","","","","","","",""
"2010-08-29 01:00","2010","08","29","01:00"," ","","","","","","","","","","","","","","","","","","",""
"2010-08-29 02:00","2010","08","29","02:00"," ","","","","","","","","","","","","","","","","","","",""
"2010-08-29 03:00","2010","08","29","03:00"," ","","","","","","","","","","","","","","","","","","",""
"2010-08-29 04:00","2010","08","29","04:00"," ","","","","","","","","","","","","","","","","","","",""
"2010-08-29 05:00","2010","08","29","05:00"," ","","","","","","","","","","","","","","","","","","",""
"2010-08-29 06:00","2010","08","29","06:00"," ","","","","","","","","","","","","","","","","","","",""
"2010-08-29 07:00","2010","08","29","07:00"," ","","","","","","","","","","","","","","","","","","",""
"2010-08-29 08:00","2010","08","29","08:00"," ","","","","","","","","","","","","","","","","","","",""
"2010-08-29 09:00","2010","08","29","09:00"," ","","","","","","","","","","","","","","","","","","",""
"2010-08-29 10:00","2010","08","29","10:00"," ","","","","","","","","","","","","","","","","","","",""
"2010-08-29 11:00","2010","08","29","11:00"," ","","","","","","","","","","","","","","","","","","",""
"2010-08-29 12:00","2010","08","29","12:00"," ","","","","","","","","","","","","","","","","","","",""
"2010-08-29 13:00","2010","08","29","13:00"," ","","","","","","","","","","","","","","","","","","",""
"2010-08-29 14:00","2010","08","29","14:00"," ","","","","","","","","","","","","","","","","","","",""
"2010-08-29 15:00","2010","08","29","15:00"," ","","","","","","","","","","","","","","","","","","",""
"2010-08-29 16:00","2010","08","29","16:00"," ","","","","","","","","","","","","","","","","","","",""
"2010-08-29 17:00","2010","08","29","17:00"," ","","","","","","","","","","","","","","","","","","",""
"2010-08-29 18:00","2010","08","29","18:00"," ","","","","","","","","","","","","","","","","","","",""
"2010-08-29 19:00","2010","08","29","19:00"," ","","","","","","","","","","","","","","","","","","",""
"2010-08-29 20:00","2010","08","29","20:00"," ","","","","","","","","","","","","","","","","","","",""
"2010-08-29 21:00","2010","08","29","21:00"," ","","","","","","","","","","","","","","","","","","",""
"2010-08-29 22:00","2010","08","29","22:00"," ","","","","","","","","","","","","","","","","","","",""
"2010-08-29 23:00","2010","08","29","23:00"," ","","","","","","","","","","","","","","","","","","",""
"2010-08-30 00:00","2010","08","30","00:00"," ","","","","","","","","","","","","","","","","","","",""
"2010-08-30 01:00","2010","08","30","01:00"," ","","","","","","","","","","","","","","","","","","",""
"2010-08-30 02:00","2010","08","30","02:00"," ","","","","","","","","","","","","","","","","","","",""
"2010-08-30 03:00","2010","08","30","03:00"," ","","","","","","","","","","","","","","","","","","",""
"2010-08-30 04:00","2010","08","30","04:00"," ","","","","","","","","","","","","","","","","","","",""
"2010-08-30 05:00","2010","08","30","05:00"," ","","","","","","","","","","","","","","","","","","",""
"2010-08-30 06:00","2010","08","30","06:00"," ","8,00","","6,00","","87,00","","34,00","","13,00","","11,30","","100,18","","","","","","Averses de pluie"
"2010-08-30 07:00","2010","08","30","07:00"," ","7,70","","6,70","","93,00","","33,00","","22,00","","11,30","","100,21","","","","","","Averses de pluie"
"2010-08-30 08:00","2010","08","30","08:00"," ","8,30","","6,70","","90,00","","33,00","","17,00","","16,10","","100,22","","","","","","Averses de pluie"
"2010-08-30 09:00","2010","08","30","09:00"," ","8,50","","6,80","","89,00","","34,00","","15,00","","24,10","","100,23","","","","","","Averses de pluie"
"2010-08-30 10:00","2010","08","30","10:00"," ","8,80","","6,70","","87,00","","33,00","","19,00","","24,10","","100,26","","","","","","Averses de pluie"
"2010-08-30 11:00","2010","08","30","11:00"," ","9,10","","6,60","","84,00","","34,00","","17,00","","24,10","","100,25","","","","","","Averses de pluie"
"2010-08-30 12:00","2010","08","30","12:00"," ","10,50","","4,50","","66,00","","35,00","","17,00","","24,10","","100,25","","","","","","Généralement nuageux"
"2010-08-30 13:00","2010","08","30","13:00"," ","11,10","","5,00","","66,00","","35,00","","19,00","","24,10","","100,27","","","","","","Généralement nuageux"
"2010-08-30 14:00","2010","08","30","14:00"," ","11,30","","3,10","","57,00","","35,00","","17,00","","24,10","","100,28","","","","","","Généralement nuageux"
"2010-08-30 15:00","2010","08","30","15:00"," ","","","","","","","","","","","","","","","","","","",""
"2010-08-30 16:00","2010","08","30","16:00"," ","","","","","","","","","","","","","","","","","","",""
"2010-08-30 17:00","2010","08","30","17:00"," ","","","","","","","","","","","","","","","","","","",""
"2010-08-30 18:00","2010","08","30","18:00"," ","","","","","","","","","","","","","","","","","","",""
"2010-08-30 19:00","2010","08","30","19:00"," ","","","","","","","","","","","","","","","","","","",""
"2010-08-30 20:00","2010","08","30","20:00"," ","","","","","","","","","","","","","","","","","","",""
"2010-08-30 21:00","2010","08","30","21:00"," ","","","","","","","","","","","","","","","","","","",""
"2010-08-30 22:00","2010","08","30","22:00"," ","","","","","","","","","","","","","","","","","","",""
"2010-08-30 23:00","2010","08","30","23:00"," ","","","","","","","","","","","","","","","","","","",""
"2010-08-31 00:00","2010","08","31","00:00"," ","","","","","","","","","","","","","","","","","","",""
"2010-08-31 01:00","2010","08","31","01:00"," ","","","","","","","","","","","","","","","","","","",""
"2010-08-31 02:00","2010","08","31","02:00"," ","","","","","","","","","","","","","","","","","","",""
"2010-08-31 03:00","2010","08","31","03:00"," ","","","","","","","","","","","","","","","","","","",""
"2010-08-31 04:00","2010","08","31","04:00"," ","","","","","","","","","","","","","","","","","","",""
"2010-08-31 05:00","2010","08","31","05:00"," ","","","","","","","","","","","","","","","","","","",""
"2010-08-31 06:00","2010","08","31","06:00"," ","","","","","","","","","","","","","","","","","","",""
"2010-08-31 07:00","2010","08","31","07:00"," ","5,20","","3,30","","88,00","","30,00","","7,00","","16,10","","100,47","","","","","","Généralement nuageux"
"2010-08-31 08:00","2010","08","31","08:00"," ","5,70","","3,60","","86,00","","32,00","","6,00","","24,10","","100,43","","","","","","Généralement nuageux"
"2010-08-31 09:00","2010","08","31","09:00"," ","6,70","","4,00","","83,00","","29,00","","11,00","","24,10","","100,40","","","","","","Généralement nuageux"
"2010-08-31 10:00","2010","08","31","10:00"," ","7,20","","3,60","","78,00","","32,00","","11,00","","24,10","","100,37","","","","","","Généralement nuageux"
"2010-08-31 11:00","2010","08","31","11:00"," ","7,80","","3,20","","73,00","","32,00","","11,00","","24,10","","100,35","","","","","","Averses de pluie"
"2010-08-31 12:00","2010","08","31","12:00"," ","7,50","","3,30","","75,00","","32,00","","19,00","","24,10","","100,34","","","","","","Averses de pluie"
"2010-08-31 13:00","2010","08","31","13:00"," ","7,50","","3,50","","76,00","","28,00","","15,00","","24,10","","100,35","","","","","","Généralement nuageux"
"2010-08-31 14:00","2010","08","31","14:00"," ","8,90","","2,50","","64,00","","34,00","","13,00","","24,10","","100,34","","","","","","Averses de pluie"
"2010-08-31 15:00","2010","08","31","15:00"," ","9,30","","3,30","","66,00","","35,00","","6,00","","24,10","","100,31","","","","","","Généralement dégagé"
"2010-08-31 16:00","2010","08","31","16:00"," ","","","","","","","","","","","","","","","","","","",""
"2010-08-31 17:00","2010","08","31","17:00"," ","","","","","","","","","","","","","","","","","","",""
"2010-08-31 18:00","2010","08","31","18:00"," ","","","","","","","","","","","","","","","","","","",""
"2010-08-31 19:00","2010","08","31","19:00"," ","","","","","","","","","","","","","","","","","","",""
"2010-08-31 20:00","2010","08","31","20:00"," ","","","","","","","","","","","","","","","","","","",""
"2010-08-31 21:00","2010","08","31","21:00"," ","","","","","","","","","","","","","","","","","","",""
"2010-08-31 22:00","2010","08","31","22:00"," ","","","","","","","","","","","","","","","","","","",""
"2010-08-31 23:00","2010","08","31","23:00"," ","","","","","","","","","","","","","","","","","","",""
