"Nom de la Station","FORT ST JOHN A"
"Province","BRITISH COLUMBIA"
"Latitude","56,24"
"Longitude","-120,74"
"Altitude","694,90"
"Identification Climat","1183000"
"Identification OMM","71943"
"Identification TC","YXJ"
"Toutes les heures sont exprimées en heure normale locale (HNL). Pour convertir l'heure locale en heure avancée de l'Est (HAE), ajoutez 1 heure s'il y a lieu."

"Légende"
"M","Données Manquantes"
"E","Valeur Estimée"
"ND","Non Disponible"
"**","Données fournies par un partenaire, non assujetties à un révision par les Archives climatiques nationales du Canada"

"Date/Heure","Année","Mois","Jour","Heure","Qualité des Données","Temp (°C)","Temp Indicateur","Point de rosée (°C)","Point de rosée Indicateur","Hum. rel (%)","Hum. rel. Indicateur","Dir. du vent (10s deg)","Dir. du vent Indicateur","Vit. du vent (km/h)","Vit. du vent Indicateur","Visibilité (km)","Visibilité Indicateur","Pression à la station (kPa)","Pression à la station Indicateur","Hmdx","Hmdx Indicateur","Refroid. éolien","Refroid. éolien Indicateur","Temps"
"1967-07-01 00:00","1967","07","01","00:00"," ","11,70","","7,80","","77,00","","25,00","","8,00","","25,00","","93,98","","","","","","Généralement nuageux"
"1967-07-01 01:00","1967","07","01","01:00"," ","11,70","","7,80","","77,00","","27,00","","5,00","","25,00","","94,02","","","","","","Généralement nuageux"
"1967-07-01 02:00","1967","07","01","02:00"," ","10,00","","7,80","","87,00","","0,00","","0,00","","25,00","","94,04","","","","","","Généralement nuageux"
"1967-07-01 03:00","1967","07","01","03:00"," ","11,10","","6,70","","73,00","","18,00","","8,00","","25,00","","94,04","","","","","","Généralement nuageux"
"1967-07-01 04:00","1967","07","01","04:00"," ","10,00","","5,00","","70,00","","25,00","","13,00","","25,00","","94,09","","","","","","Généralement nuageux"
"1967-07-01 05:00","1967","07","01","05:00"," ","8,90","","6,10","","82,00","","20,00","","10,00","","25,00","","94,11","","","","","","Généralement dégagé"
"1967-07-01 06:00","1967","07","01","06:00"," ","11,10","","7,80","","80,00","","23,00","","10,00","","25,00","","94,14","","","","","","Généralement nuageux"
"1967-07-01 07:00","1967","07","01","07:00"," ","12,80","","6,70","","66,00","","25,00","","13,00","","25,00","","94,14","","","","","","Généralement nuageux"
"1967-07-01 08:00","1967","07","01","08:00"," ","13,90","","7,80","","66,00","","25,00","","11,00","","25,00","","94,11","","","","","","Généralement nuageux"
"1967-07-01 09:00","1967","07","01","09:00"," ","15,00","","8,30","","66,00","","20,00","","10,00","","25,00","","94,10","","","","","","Généralement nuageux"
"1967-07-01 10:00","1967","07","01","10:00"," ","16,10","","7,20","","56,00","","20,00","","10,00","","25,00","","94,06","","","","","","Généralement nuageux"
"1967-07-01 11:00","1967","07","01","11:00"," ","16,70","","7,20","","54,00","","20,00","","13,00","","25,00","","94,03","","","","","","Généralement nuageux"
"1967-07-01 12:00","1967","07","01","12:00"," ","17,80","","6,70","","48,00","","16,00","","14,00","","25,00","","93,97","","","","","","Généralement nuageux"
"1967-07-01 13:00","1967","07","01","13:00"," ","18,30","","7,20","","49,00","","20,00","","21,00","","25,00","","93,92","","","","","","Généralement nuageux"
"1967-07-01 14:00","1967","07","01","14:00"," ","17,80","","5,60","","45,00","","23,00","","16,00","","25,00","","93,91","","","","","","Généralement nuageux"
"1967-07-01 15:00","1967","07","01","15:00"," ","17,80","","5,60","","45,00","","20,00","","19,00","","25,00","","93,90","","","","","","Orages"
"1967-07-01 16:00","1967","07","01","16:00"," ","12,80","","6,70","","66,00","","29,00","","6,00","","25,00","","93,89","","","","","","Averses de pluie"
"1967-07-01 17:00","1967","07","01","17:00"," ","15,60","","5,60","","52,00","","23,00","","18,00","","25,00","","93,88","","","","","","Généralement nuageux"
"1967-07-01 18:00","1967","07","01","18:00"," ","15,60","","6,70","","55,00","","29,00","","19,00","","25,00","","93,90","","","","","","Généralement nuageux"
"1967-07-01 19:00","1967","07","01","19:00"," ","14,40","","7,80","","63,00","","34,00","","13,00","","25,00","","93,89","","","","","","Généralement nuageux"
"1967-07-01 20:00","1967","07","01","20:00"," ","12,80","","7,80","","73,00","","34,00","","14,00","","25,00","","93,94","","","","","","Généralement nuageux"
"1967-07-01 21:00","1967","07","01","21:00"," ","10,60","","7,80","","83,00","","36,00","","14,00","","25,00","","93,98","","","","","","Généralement dégagé"
"1967-07-01 22:00","1967","07","01","22:00"," ","8,90","","7,80","","92,00","","36,00","","13,00","","25,00","","93,96","","","","","","Généralement dégagé"
"1967-07-01 23:00","1967","07","01","23:00"," ","8,90","","7,80","","94,00","","32,00","","18,00","","25,00","","93,99","","","","","","Généralement dégagé"
"1967-07-02 00:00","1967","07","02","00:00"," ","8,30","","7,20","","94,00","","32,00","","18,00","","25,00","","94,00","","","","","","Généralement dégagé"
"1967-07-02 01:00","1967","07","02","01:00"," ","7,20","","6,70","","96,00","","32,00","","11,00","","25,00","","94,01","","","","","","Généralement dégagé"
"1967-07-02 02:00","1967","07","02","02:00"," ","7,20","","6,70","","96,00","","32,00","","5,00","","25,00","","94,03","","","","","","Généralement dégagé"
"1967-07-02 03:00","1967","07","02","03:00"," ","6,10","","5,60","","96,00","","27,00","","3,00","","25,00","","94,06","","","","","","Généralement dégagé"
"1967-07-02 04:00","1967","07","02","04:00"," ","5,00","","5,00","","100,00","","27,00","","11,00","","16,10","","94,10","","","","","","Généralement dégagé"
"1967-07-02 05:00","1967","07","02","05:00"," ","6,70","","6,10","","96,00","","0,00","","0,00","","25,00","","94,14","","","","","","Généralement dégagé"
"1967-07-02 06:00","1967","07","02","06:00"," ","8,30","","7,20","","94,00","","23,00","","8,00","","24,10","","94,15","","","","","","Généralement dégagé"
"1967-07-02 07:00","1967","07","02","07:00"," ","9,40","","7,20","","86,00","","23,00","","11,00","","24,10","","94,16","","","","","","Généralement dégagé"
"1967-07-02 08:00","1967","07","02","08:00"," ","11,10","","6,10","","71,00","","23,00","","16,00","","25,00","","94,14","","","","","","Généralement dégagé"
"1967-07-02 09:00","1967","07","02","09:00"," ","13,30","","7,20","","65,00","","20,00","","13,00","","25,00","","94,13","","","","","","Généralement dégagé"
"1967-07-02 10:00","1967","07","02","10:00"," ","14,40","","6,70","","61,00","","20,00","","11,00","","25,00","","94,11","","","","","","Généralement dégagé"
"1967-07-02 11:00","1967","07","02","11:00"," ","16,10","","4,40","","46,00","","20,00","","6,00","","25,00","","94,10","","","","","","Généralement dégagé"
"1967-07-02 12:00","1967","07","02","12:00"," ","18,30","","5,60","","43,00","","25,00","","13,00","","25,00","","94,07","","","","","","Généralement dégagé"
"1967-07-02 13:00","1967","07","02","13:00"," ","18,30","","2,80","","35,00","","25,00","","16,00","","25,00","","94,05","","","","","","Généralement dégagé"
"1967-07-02 14:00","1967","07","02","14:00"," ","18,90","","3,90","","37,00","","23,00","","11,00","","25,00","","93,99","","","","","","Généralement dégagé"
"1967-07-02 15:00","1967","07","02","15:00"," ","20,00","","4,40","","36,00","","18,00","","10,00","","25,00","","93,93","","","","","","Généralement dégagé"
"1967-07-02 16:00","1967","07","02","16:00"," ","19,40","","4,40","","37,00","","18,00","","8,00","","25,00","","93,87","","","","","","Généralement nuageux"
"1967-07-02 17:00","1967","07","02","17:00"," ","20,00","","4,40","","36,00","","27,00","","8,00","","25,00","","93,81","","","","","","Généralement nuageux"
"1967-07-02 18:00","1967","07","02","18:00"," ","20,00","","5,00","","37,00","","18,00","","6,00","","25,00","","93,77","","","","","","Nuageux"
"1967-07-02 19:00","1967","07","02","19:00"," ","18,90","","5,60","","42,00","","11,00","","8,00","","25,00","","93,73","","","","","","Nuageux"
"1967-07-02 20:00","1967","07","02","20:00"," ","17,80","","7,80","","52,00","","11,00","","11,00","","25,00","","93,71","","","","","","Nuageux"
"1967-07-02 21:00","1967","07","02","21:00"," ","16,10","","6,70","","53,00","","11,00","","13,00","","25,00","","93,69","","","","","","Nuageux"
"1967-07-02 22:00","1967","07","02","22:00"," ","15,00","","5,60","","54,00","","11,00","","16,00","","25,00","","93,66","","","","","","Nuageux"
"1967-07-02 23:00","1967","07","02","23:00"," ","13,90","","5,00","","55,00","","14,00","","16,00","","25,00","","93,61","","","","","","Généralement nuageux"
"1967-07-03 00:00","1967","07","03","00:00"," ","12,80","","6,10","","63,00","","14,00","","21,00","","25,00","","93,54","","","","","","Généralement dégagé"
"1967-07-03 01:00","1967","07","03","01:00"," ","12,80","","6,10","","63,00","","14,00","","21,00","","25,00","","93,49","","","","","","Généralement nuageux"
"1967-07-03 02:00","1967","07","03","02:00"," ","12,20","","6,10","","66,00","","14,00","","16,00","","25,00","","93,42","","","","","","Généralement dégagé"
"1967-07-03 03:00","1967","07","03","03:00"," ","11,10","","5,60","","70,00","","14,00","","13,00","","25,00","","93,36","","","","","","Généralement nuageux"
"1967-07-03 04:00","1967","07","03","04:00"," ","11,10","","5,60","","70,00","","14,00","","16,00","","25,00","","93,34","","","","","","Généralement nuageux"
"1967-07-03 05:00","1967","07","03","05:00"," ","12,20","","7,20","","71,00","","11,00","","11,00","","25,00","","93,31","","","","","","Nuageux"
"1967-07-03 06:00","1967","07","03","06:00"," ","12,20","","7,20","","71,00","","11,00","","16,00","","25,00","","93,25","","","","","","Généralement nuageux"
"1967-07-03 07:00","1967","07","03","07:00"," ","13,90","","7,80","","67,00","","11,00","","11,00","","25,00","","93,20","","","","","","Généralement nuageux"
"1967-07-03 08:00","1967","07","03","08:00"," ","15,60","","7,80","","60,00","","16,00","","13,00","","25,00","","93,15","","","","","","Généralement nuageux"
"1967-07-03 09:00","1967","07","03","09:00"," ","17,20","","7,80","","54,00","","18,00","","16,00","","25,00","","93,09","","","","","","Généralement nuageux"
"1967-07-03 10:00","1967","07","03","10:00"," ","18,90","","7,20","","47,00","","20,00","","18,00","","25,00","","93,04","","","","","","Généralement nuageux"
"1967-07-03 11:00","1967","07","03","11:00"," ","21,10","","6,70","","39,00","","23,00","","26,00","","25,00","","92,99","","","","","","Généralement nuageux"
"1967-07-03 12:00","1967","07","03","12:00"," ","22,20","","5,60","","34,00","","23,00","","26,00","","25,00","","92,94","","","","","","Généralement nuageux"
"1967-07-03 13:00","1967","07","03","13:00"," ","23,30","","6,70","","35,00","","18,00","","21,00","","25,00","","92,86","","","","","","Généralement nuageux"
"1967-07-03 14:00","1967","07","03","14:00"," ","23,90","","6,10","","32,00","","20,00","","24,00","","25,00","","92,80","","","","","","Généralement nuageux"
"1967-07-03 15:00","1967","07","03","15:00"," ","23,90","","6,10","","32,00","","20,00","","24,00","","25,00","","92,74","","","","","","Généralement nuageux"
"1967-07-03 16:00","1967","07","03","16:00"," ","24,40","","3,90","","27,00","","18,00","","29,00","","25,00","","92,67","","","","","","Généralement nuageux"
"1967-07-03 17:00","1967","07","03","17:00"," ","24,40","","4,40","","28,00","","23,00","","35,00","","25,00","","92,62","","","","","","Généralement nuageux"
"1967-07-03 18:00","1967","07","03","18:00"," ","22,80","","5,00","","31,00","","23,00","","27,00","","25,00","","92,68","","","","","","Généralement nuageux"
"1967-07-03 19:00","1967","07","03","19:00"," ","20,60","","3,90","","33,00","","25,00","","32,00","","25,00","","92,58","","","","","","Généralement nuageux"
"1967-07-03 20:00","1967","07","03","20:00"," ","19,40","","4,40","","37,00","","23,00","","26,00","","25,00","","92,58","","","","","","Généralement nuageux"
"1967-07-03 21:00","1967","07","03","21:00"," ","17,80","","3,90","","40,00","","25,00","","21,00","","25,00","","92,56","","","","","","Généralement nuageux"
"1967-07-03 22:00","1967","07","03","22:00"," ","16,70","","5,60","","48,00","","25,00","","19,00","","25,00","","92,57","","","","","","Généralement nuageux"
"1967-07-03 23:00","1967","07","03","23:00"," ","16,10","","5,60","","49,00","","25,00","","24,00","","25,00","","92,57","","","","","","Généralement nuageux"
"1967-07-04 00:00","1967","07","04","00:00"," ","15,60","","1,10","","38,00","","25,00","","29,00","","25,00","","92,56","","","","","","Généralement nuageux"
"1967-07-04 01:00","1967","07","04","01:00"," ","14,40","","0,60","","38,00","","25,00","","23,00","","25,00","","92,57","","","","","","Généralement nuageux"
"1967-07-04 02:00","1967","07","04","02:00"," ","12,80","","0,00","","42,00","","27,00","","19,00","","25,00","","92,57","","","","","","Généralement nuageux"
"1967-07-04 03:00","1967","07","04","03:00"," ","11,10","","1,70","","51,00","","25,00","","13,00","","25,00","","92,59","","","","","","Généralement dégagé"
"1967-07-04 04:00","1967","07","04","04:00"," ","8,30","","-2,20","","48,00","","23,00","","16,00","","25,00","","92,54","","","","","","Généralement dégagé"
"1967-07-04 05:00","1967","07","04","05:00"," ","10,60","","-0,60","","46,00","","23,00","","21,00","","25,00","","92,53","","","","","","Généralement dégagé"
"1967-07-04 06:00","1967","07","04","06:00"," ","11,10","","0,00","","47,00","","23,00","","24,00","","25,00","","92,51","","","","","","Généralement dégagé"
"1967-07-04 07:00","1967","07","04","07:00"," ","12,20","","0,00","","42,00","","23,00","","26,00","","25,00","","92,41","","","","","","Généralement dégagé"
"1967-07-04 08:00","1967","07","04","08:00"," ","13,90","","-1,70","","34,00","","23,00","","39,00","","25,00","","92,36","","","","","","Généralement dégagé"
"1967-07-04 09:00","1967","07","04","09:00"," ","15,00","","-1,10","","33,00","","25,00","","39,00","","25,00","","92,33","","","","","","Généralement dégagé"
"1967-07-04 10:00","1967","07","04","10:00"," ","15,60","","-1,70","","31,00","","27,00","","45,00","","25,00","","92,32","","","","","","Généralement dégagé"
"1967-07-04 11:00","1967","07","04","11:00"," ","16,10","","-1,10","","31,00","","25,00","","42,00","","25,00","","92,36","","","","","","Généralement nuageux"
"1967-07-04 12:00","1967","07","04","12:00"," ","16,70","","0,00","","32,00","","27,00","","39,00","","25,00","","92,42","","","","","","Généralement nuageux"
"1967-07-04 13:00","1967","07","04","13:00"," ","16,10","","1,10","","36,00","","29,00","","35,00","","25,00","","92,53","","","","","","Averses de pluie"
"1967-07-04 14:00","1967","07","04","14:00"," ","15,00","","2,80","","43,00","","32,00","","32,00","","25,00","","92,59","","","","","","Généralement nuageux"
"1967-07-04 15:00","1967","07","04","15:00"," ","16,10","","3,30","","42,00","","29,00","","35,00","","25,00","","92,66","","","","","","Généralement nuageux"
"1967-07-04 16:00","1967","07","04","16:00"," ","14,40","","3,30","","48,00","","32,00","","39,00","","25,00","","92,72","","","","","","Généralement nuageux"
"1967-07-04 17:00","1967","07","04","17:00"," ","13,90","","2,80","","47,00","","34,00","","27,00","","25,00","","92,76","","","","","","Généralement nuageux"
"1967-07-04 18:00","1967","07","04","18:00"," ","12,20","","5,00","","61,00","","36,00","","26,00","","25,00","","92,79","","","","","","Généralement nuageux"
"1967-07-04 19:00","1967","07","04","19:00"," ","11,70","","4,40","","62,00","","36,00","","24,00","","25,00","","92,78","","","","","","Généralement nuageux"
"1967-07-04 20:00","1967","07","04","20:00"," ","10,60","","5,00","","69,00","","36,00","","18,00","","25,00","","92,79","","","","","","Généralement nuageux"
"1967-07-04 21:00","1967","07","04","21:00"," ","9,40","","3,90","","68,00","","0,00","","0,00","","25,00","","92,83","","","","","","Généralement nuageux"
"1967-07-04 22:00","1967","07","04","22:00"," ","8,90","","4,40","","73,00","","23,00","","11,00","","25,00","","92,91","","","","","","Généralement nuageux"
"1967-07-04 23:00","1967","07","04","23:00"," ","9,40","","4,40","","70,00","","20,00","","5,00","","25,00","","92,91","","","","","","Généralement nuageux"
"1967-07-05 00:00","1967","07","05","00:00"," ","8,30","","3,90","","74,00","","18,00","","5,00","","25,00","","92,88","","","","","","Généralement nuageux"
"1967-07-05 01:00","1967","07","05","01:00"," ","8,30","","3,90","","74,00","","18,00","","5,00","","25,00","","92,89","","","","","","Généralement nuageux"
"1967-07-05 02:00","1967","07","05","02:00"," ","7,20","","3,30","","77,00","","14,00","","3,00","","25,00","","92,89","","","","","","Généralement nuageux"
"1967-07-05 03:00","1967","07","05","03:00"," ","7,80","","3,30","","74,00","","18,00","","10,00","","25,00","","92,89","","","","","","Généralement nuageux"
"1967-07-05 04:00","1967","07","05","04:00"," ","7,80","","3,90","","78,00","","18,00","","10,00","","25,00","","92,89","","","","","","Généralement nuageux"
"1967-07-05 05:00","1967","07","05","05:00"," ","8,30","","4,40","","76,00","","18,00","","5,00","","25,00","","92,93","","","","","","Généralement nuageux"
"1967-07-05 06:00","1967","07","05","06:00"," ","10,60","","5,00","","69,00","","18,00","","14,00","","25,00","","92,90","","","","","","Averses de pluie"
"1967-07-05 07:00","1967","07","05","07:00"," ","10,00","","3,90","","67,00","","14,00","","8,00","","25,00","","92,91","","","","","","Généralement dégagé"
"1967-07-05 08:00","1967","07","05","08:00"," ","13,90","","4,40","","53,00","","16,00","","10,00","","25,00","","92,90","","","","","","Généralement dégagé"
"1967-07-05 09:00","1967","07","05","09:00"," ","15,00","","2,80","","44,00","","14,00","","21,00","","25,00","","92,87","","","","","","Généralement dégagé"
"1967-07-05 10:00","1967","07","05","10:00"," ","16,10","","5,00","","48,00","","14,00","","19,00","","25,00","","92,84","","","","","","Généralement dégagé"
"1967-07-05 11:00","1967","07","05","11:00"," ","17,80","","4,40","","42,00","","23,00","","18,00","","25,00","","92,81","","","","","","Généralement nuageux"
"1967-07-05 12:00","1967","07","05","12:00"," ","17,80","","2,80","","37,00","","20,00","","13,00","","25,00","","92,77","","","","","","Généralement nuageux"
"1967-07-05 13:00","1967","07","05","13:00"," ","20,00","","1,70","","29,00","","20,00","","13,00","","25,00","","92,71","","","","","","Généralement nuageux"
"1967-07-05 14:00","1967","07","05","14:00"," ","20,60","","2,20","","30,00","","20,00","","19,00","","25,00","","92,68","","","","","","Généralement nuageux"
"1967-07-05 15:00","1967","07","05","15:00"," ","21,10","","1,70","","27,00","","23,00","","32,00","","25,00","","92,65","","","","","","Généralement nuageux"
"1967-07-05 16:00","1967","07","05","16:00"," ","20,60","","4,40","","34,00","","20,00","","29,00","","25,00","","92,64","","","","","","Généralement nuageux"
"1967-07-05 17:00","1967","07","05","17:00"," ","19,40","","4,40","","37,00","","23,00","","32,00","","25,00","","92,64","","","","","","Généralement nuageux"
"1967-07-05 18:00","1967","07","05","18:00"," ","19,40","","3,90","","35,00","","23,00","","32,00","","25,00","","92,64","","","","","","Généralement nuageux"
"1967-07-05 19:00","1967","07","05","19:00"," ","18,30","","4,40","","39,00","","20,00","","29,00","","25,00","","92,66","","","","","","Généralement nuageux"
"1967-07-05 20:00","1967","07","05","20:00"," ","16,70","","3,30","","42,00","","23,00","","29,00","","25,00","","92,68","","","","","","Généralement nuageux"
"1967-07-05 21:00","1967","07","05","21:00"," ","14,40","","3,90","","49,00","","23,00","","26,00","","25,00","","92,73","","","","","","Généralement nuageux"
"1967-07-05 22:00","1967","07","05","22:00"," ","13,90","","3,30","","50,00","","23,00","","26,00","","25,00","","92,77","","","","","","Généralement nuageux"
"1967-07-05 23:00","1967","07","05","23:00"," ","12,80","","3,30","","52,00","","20,00","","26,00","","25,00","","92,77","","","","","","Généralement nuageux"
"1967-07-06 00:00","1967","07","06","00:00"," ","12,20","","3,90","","56,00","","23,00","","26,00","","25,00","","92,75","","","","","","Nuageux"
"1967-07-06 01:00","1967","07","06","01:00"," ","11,70","","3,90","","59,00","","23,00","","24,00","","25,00","","92,74","","","","","","Généralement nuageux"
"1967-07-06 02:00","1967","07","06","02:00"," ","11,10","","4,40","","63,00","","20,00","","27,00","","25,00","","92,74","","","","","","Nuageux"
"1967-07-06 03:00","1967","07","06","03:00"," ","11,10","","4,40","","63,00","","23,00","","24,00","","25,00","","92,73","","","","","","Nuageux"
"1967-07-06 04:00","1967","07","06","04:00"," ","11,10","","3,90","","61,00","","23,00","","26,00","","25,00","","92,73","","","","","","Généralement nuageux"
"1967-07-06 05:00","1967","07","06","05:00"," ","10,60","","3,90","","64,00","","23,00","","27,00","","25,00","","92,74","","","","","","Généralement nuageux"
"1967-07-06 06:00","1967","07","06","06:00"," ","11,10","","4,40","","63,00","","23,00","","29,00","","25,00","","92,75","","","","","","Généralement nuageux"
"1967-07-06 07:00","1967","07","06","07:00"," ","11,70","","4,40","","62,00","","23,00","","29,00","","25,00","","92,75","","","","","","Généralement nuageux"
"1967-07-06 08:00","1967","07","06","08:00"," ","13,30","","5,60","","59,00","","23,00","","26,00","","25,00","","92,76","","","","","","Généralement nuageux"
"1967-07-06 09:00","1967","07","06","09:00"," ","14,40","","5,00","","53,00","","25,00","","26,00","","25,00","","92,74","","","","","","Généralement nuageux"
"1967-07-06 10:00","1967","07","06","10:00"," ","14,40","","3,90","","49,00","","23,00","","29,00","","25,00","","92,76","","","","","","Généralement nuageux"
"1967-07-06 11:00","1967","07","06","11:00"," ","15,60","","4,40","","47,00","","23,00","","24,00","","25,00","","92,72","","","","","","Généralement nuageux"
"1967-07-06 12:00","1967","07","06","12:00"," ","17,80","","3,90","","40,00","","23,00","","27,00","","25,00","","92,69","","","","","","Généralement nuageux"
"1967-07-06 13:00","1967","07","06","13:00"," ","18,30","","3,30","","36,00","","25,00","","29,00","","25,00","","92,65","","","","","","Généralement nuageux"
"1967-07-06 14:00","1967","07","06","14:00"," ","17,80","","2,20","","35,00","","23,00","","48,00","","25,00","","92,69","","","","","","Généralement nuageux"
"1967-07-06 15:00","1967","07","06","15:00"," ","15,00","","5,00","","51,00","","20,00","","37,00","","25,00","","92,74","","","","","","Généralement nuageux"
"1967-07-06 16:00","1967","07","06","16:00"," ","14,40","","3,90","","49,00","","23,00","","32,00","","25,00","","92,70","","","","","","Généralement nuageux"
"1967-07-06 17:00","1967","07","06","17:00"," ","15,60","","5,60","","51,00","","20,00","","23,00","","25,00","","92,67","","","","","","Généralement nuageux"
"1967-07-06 18:00","1967","07","06","18:00"," ","16,10","","5,00","","48,00","","25,00","","29,00","","25,00","","92,66","","","","","","Généralement dégagé"
"1967-07-06 19:00","1967","07","06","19:00"," ","15,60","","3,30","","44,00","","25,00","","32,00","","25,00","","92,66","","","","","","Généralement dégagé"
"1967-07-06 20:00","1967","07","06","20:00"," ","14,40","","4,40","","50,00","","23,00","","24,00","","25,00","","92,66","","","","","","Généralement dégagé"
"1967-07-06 21:00","1967","07","06","21:00"," ","12,20","","3,90","","58,00","","23,00","","24,00","","25,00","","92,69","","","","","","Généralement dégagé"
"1967-07-06 22:00","1967","07","06","22:00"," ","11,10","","4,40","","64,00","","23,00","","23,00","","25,00","","92,71","","","","","","Généralement dégagé"
"1967-07-06 23:00","1967","07","06","23:00"," ","10,60","","5,00","","69,00","","23,00","","18,00","","25,00","","92,71","","","","","","Généralement dégagé"
"1967-07-07 00:00","1967","07","07","00:00"," ","10,00","","5,00","","70,00","","20,00","","19,00","","25,00","","92,73","","","","","","Généralement dégagé"
"1967-07-07 01:00","1967","07","07","01:00"," ","10,00","","5,00","","72,00","","23,00","","23,00","","25,00","","92,73","","","","","","Généralement dégagé"
"1967-07-07 02:00","1967","07","07","02:00"," ","8,90","","6,10","","82,00","","23,00","","24,00","","25,00","","92,73","","","","","","Généralement dégagé"
"1967-07-07 03:00","1967","07","07","03:00"," ","8,90","","4,40","","75,00","","23,00","","27,00","","25,00","","92,74","","","","","","Généralement dégagé"
"1967-07-07 04:00","1967","07","07","04:00"," ","10,00","","4,40","","68,00","","23,00","","29,00","","25,00","","92,74","","","","","","Généralement nuageux"
"1967-07-07 05:00","1967","07","07","05:00"," ","10,60","","5,00","","69,00","","23,00","","24,00","","25,00","","92,75","","","","","","Généralement nuageux"
"1967-07-07 06:00","1967","07","07","06:00"," ","11,70","","5,60","","65,00","","23,00","","29,00","","25,00","","92,75","","","","","","Généralement nuageux"
"1967-07-07 07:00","1967","07","07","07:00"," ","12,80","","5,00","","60,00","","23,00","","35,00","","25,00","","92,75","","","","","","Généralement nuageux"
"1967-07-07 08:00","1967","07","07","08:00"," ","13,30","","5,00","","58,00","","20,00","","35,00","","25,00","","92,76","","","","","","Généralement nuageux"
"1967-07-07 09:00","1967","07","07","09:00"," ","14,40","","6,10","","56,00","","23,00","","32,00","","25,00","","92,75","","","","","","Généralement nuageux"
"1967-07-07 10:00","1967","07","07","10:00"," ","15,60","","5,60","","51,00","","23,00","","32,00","","25,00","","92,77","","","","","","Généralement nuageux"
"1967-07-07 11:00","1967","07","07","11:00"," ","16,10","","5,00","","48,00","","25,00","","29,00","","25,00","","92,76","","","","","","Généralement nuageux"
"1967-07-07 12:00","1967","07","07","12:00"," ","18,30","","6,10","","44,00","","20,00","","32,00","","25,00","","92,75","","","","","","Généralement nuageux"
"1967-07-07 13:00","1967","07","07","13:00"," ","17,20","","5,60","","46,00","","20,00","","29,00","","25,00","","92,74","","","","","","Généralement nuageux"
"1967-07-07 14:00","1967","07","07","14:00"," ","18,30","","5,60","","43,00","","20,00","","24,00","","25,00","","92,70","","","","","","Généralement nuageux"
"1967-07-07 15:00","1967","07","07","15:00"," ","18,90","","6,10","","43,00","","20,00","","29,00","","25,00","","92,67","","","","","","Généralement nuageux"
"1967-07-07 16:00","1967","07","07","16:00"," ","18,30","","6,70","","46,00","","20,00","","32,00","","25,00","","92,63","","","","","","Généralement nuageux"
"1967-07-07 17:00","1967","07","07","17:00"," ","17,80","","5,60","","45,00","","20,00","","29,00","","25,00","","92,62","","","","","","Généralement nuageux"
"1967-07-07 18:00","1967","07","07","18:00"," ","17,20","","6,70","","49,00","","20,00","","32,00","","25,00","","92,58","","","","","","Généralement nuageux"
"1967-07-07 19:00","1967","07","07","19:00"," ","15,60","","6,70","","56,00","","20,00","","32,00","","25,00","","92,57","","","","","","Généralement nuageux"
"1967-07-07 20:00","1967","07","07","20:00"," ","14,40","","6,70","","61,00","","18,00","","24,00","","25,00","","92,59","","","","","","Généralement nuageux"
"1967-07-07 21:00","1967","07","07","21:00"," ","13,30","","6,10","","62,00","","18,00","","21,00","","25,00","","92,59","","","","","","Généralement nuageux"
"1967-07-07 22:00","1967","07","07","22:00"," ","12,80","","6,10","","63,00","","20,00","","21,00","","25,00","","92,60","","","","","","Généralement nuageux"
"1967-07-07 23:00","1967","07","07","23:00"," ","11,70","","5,60","","67,00","","20,00","","24,00","","25,00","","92,59","","","","","","Généralement dégagé"
"1967-07-08 00:00","1967","07","08","00:00"," ","11,10","","5,60","","68,00","","23,00","","27,00","","25,00","","92,60","","","","","","Généralement dégagé"
"1967-07-08 01:00","1967","07","08","01:00"," ","10,60","","5,60","","71,00","","20,00","","18,00","","25,00","","92,61","","","","","","Généralement dégagé"
"1967-07-08 02:00","1967","07","08","02:00"," ","9,40","","5,00","","75,00","","23,00","","13,00","","25,00","","92,62","","","","","","Généralement dégagé"
"1967-07-08 03:00","1967","07","08","03:00"," ","9,40","","5,60","","77,00","","20,00","","11,00","","25,00","","92,61","","","","","","Généralement dégagé"
"1967-07-08 04:00","1967","07","08","04:00"," ","9,40","","5,00","","75,00","","20,00","","21,00","","25,00","","92,60","","","","","","Généralement nuageux"
"1967-07-08 05:00","1967","07","08","05:00"," ","10,00","","6,10","","76,00","","23,00","","23,00","","25,00","","92,60","","","","","","Généralement nuageux"
"1967-07-08 06:00","1967","07","08","06:00"," ","11,10","","6,10","","71,00","","23,00","","16,00","","25,00","","92,62","","","","","","Généralement nuageux"
"1967-07-08 07:00","1967","07","08","07:00"," ","12,20","","5,00","","61,00","","20,00","","23,00","","25,00","","92,64","","","","","","Généralement nuageux"
"1967-07-08 08:00","1967","07","08","08:00"," ","12,20","","6,10","","66,00","","20,00","","26,00","","25,00","","92,62","","","","","","Nuageux"
"1967-07-08 09:00","1967","07","08","09:00"," ","13,30","","6,70","","64,00","","23,00","","24,00","","25,00","","92,60","","","","","","Nuageux"
"1967-07-08 10:00","1967","07","08","10:00"," ","14,40","","6,70","","61,00","","23,00","","29,00","","25,00","","92,60","","","","","","Nuageux"
"1967-07-08 11:00","1967","07","08","11:00"," ","15,00","","6,10","","55,00","","20,00","","27,00","","25,00","","92,57","","","","","","Généralement nuageux"
"1967-07-08 12:00","1967","07","08","12:00"," ","16,10","","5,60","","49,00","","20,00","","23,00","","25,00","","92,55","","","","","","Nuageux"
"1967-07-08 13:00","1967","07","08","13:00"," ","15,60","","5,60","","52,00","","23,00","","24,00","","25,00","","92,52","","","","","","Généralement nuageux"
"1967-07-08 14:00","1967","07","08","14:00"," ","16,70","","6,70","","52,00","","20,00","","23,00","","25,00","","92,51","","","","","","Généralement nuageux"
"1967-07-08 15:00","1967","07","08","15:00"," ","16,70","","3,90","","43,00","","20,00","","21,00","","25,00","","92,47","","","","","","Généralement nuageux"
"1967-07-08 16:00","1967","07","08","16:00"," ","18,30","","5,00","","41,00","","20,00","","26,00","","25,00","","92,47","","","","","","Généralement nuageux"
"1967-07-08 17:00","1967","07","08","17:00"," ","18,30","","5,00","","41,00","","23,00","","29,00","","25,00","","92,44","","","","","","Généralement nuageux"
"1967-07-08 18:00","1967","07","08","18:00"," ","15,00","","5,60","","54,00","","29,00","","23,00","","25,00","","92,46","","","","","","Généralement nuageux"
"1967-07-08 19:00","1967","07","08","19:00"," ","12,20","","7,80","","74,00","","36,00","","13,00","","25,00","","92,55","","","","","","Généralement dégagé"
"1967-07-08 20:00","1967","07","08","20:00"," ","11,70","","7,20","","75,00","","11,00","","5,00","","25,00","","92,54","","","","","","Généralement nuageux"
"1967-07-08 21:00","1967","07","08","21:00"," ","10,60","","6,70","","76,00","","18,00","","19,00","","25,00","","92,54","","","","","","Généralement nuageux"
"1967-07-08 22:00","1967","07","08","22:00"," ","10,00","","4,40","","68,00","","18,00","","16,00","","25,00","","92,54","","","","","","Généralement dégagé"
"1967-07-08 23:00","1967","07","08","23:00"," ","10,60","","5,00","","67,00","","23,00","","21,00","","25,00","","92,56","","","","","","Généralement dégagé"
"1967-07-09 00:00","1967","07","09","00:00"," ","9,40","","3,90","","68,00","","20,00","","21,00","","25,00","","92,56","","","","","","Généralement dégagé"
"1967-07-09 01:00","1967","07","09","01:00"," ","8,90","","3,30","","69,00","","20,00","","23,00","","25,00","","92,57","","","","","","Généralement dégagé"
"1967-07-09 02:00","1967","07","09","02:00"," ","8,30","","5,00","","78,00","","23,00","","21,00","","25,00","","92,57","","","","","","Généralement dégagé"
"1967-07-09 03:00","1967","07","09","03:00"," ","6,70","","3,30","","79,00","","23,00","","23,00","","25,00","","92,59","","","","","","Généralement dégagé"
"1967-07-09 04:00","1967","07","09","04:00"," ","6,70","","3,30","","79,00","","25,00","","19,00","","25,00","","92,62","","","","","","Généralement nuageux"
"1967-07-09 05:00","1967","07","09","05:00"," ","7,80","","2,80","","72,00","","23,00","","21,00","","25,00","","92,64","","","","","","Généralement nuageux"
"1967-07-09 06:00","1967","07","09","06:00"," ","10,60","","5,00","","67,00","","25,00","","21,00","","25,00","","92,70","","","","","","Généralement nuageux"
"1967-07-09 07:00","1967","07","09","07:00"," ","10,60","","3,90","","64,00","","25,00","","24,00","","25,00","","92,73","","","","","","Généralement nuageux"
"1967-07-09 08:00","1967","07","09","08:00"," ","11,70","","5,00","","63,00","","25,00","","21,00","","25,00","","92,73","","","","","","Généralement nuageux"
"1967-07-09 09:00","1967","07","09","09:00"," ","13,30","","5,00","","58,00","","23,00","","23,00","","25,00","","92,74","","","","","","Généralement nuageux"
"1967-07-09 10:00","1967","07","09","10:00"," ","13,30","","5,00","","56,00","","25,00","","23,00","","25,00","","92,75","","","","","","Généralement nuageux"
"1967-07-09 11:00","1967","07","09","11:00"," ","12,80","","5,60","","62,00","","27,00","","26,00","","25,00","","92,80","","","","","","Nuageux"
"1967-07-09 12:00","1967","07","09","12:00"," ","13,90","","5,60","","57,00","","25,00","","29,00","","25,00","","92,83","","","","","","Nuageux"
"1967-07-09 13:00","1967","07","09","13:00"," ","14,40","","7,80","","65,00","","25,00","","32,00","","25,00","","92,87","","","","","","Nuageux"
"1967-07-09 14:00","1967","07","09","14:00"," ","14,40","","7,20","","62,00","","25,00","","29,00","","25,00","","92,92","","","","","","Généralement nuageux"
"1967-07-09 15:00","1967","07","09","15:00"," ","15,60","","8,30","","63,00","","25,00","","32,00","","25,00","","92,96","","","","","","Généralement nuageux"
"1967-07-09 16:00","1967","07","09","16:00"," ","15,00","","8,30","","64,00","","25,00","","24,00","","25,00","","93,01","","","","","","Généralement nuageux"
"1967-07-09 17:00","1967","07","09","17:00"," ","14,40","","8,30","","66,00","","27,00","","23,00","","25,00","","93,03","","","","","","Averses de pluie"
"1967-07-09 18:00","1967","07","09","18:00"," ","13,90","","8,90","","72,00","","29,00","","19,00","","24,10","","93,07","","","","","","Averses de pluie"
"1967-07-09 19:00","1967","07","09","19:00"," ","12,80","","10,00","","83,00","","23,00","","3,00","","25,00","","93,10","","","","","","Généralement nuageux"
"1967-07-09 20:00","1967","07","09","20:00"," ","13,30","","10,00","","80,00","","23,00","","13,00","","25,00","","93,14","","","","","","Généralement nuageux"
"1967-07-09 21:00","1967","07","09","21:00"," ","12,20","","10,00","","86,00","","23,00","","11,00","","25,00","","93,19","","","","","","Généralement nuageux"
"1967-07-09 22:00","1967","07","09","22:00"," ","12,20","","9,40","","82,00","","23,00","","19,00","","25,00","","93,23","","","","","","Généralement nuageux"
"1967-07-09 23:00","1967","07","09","23:00"," ","11,10","","8,30","","84,00","","23,00","","16,00","","25,00","","93,28","","","","","","Généralement dégagé"
"1967-07-10 00:00","1967","07","10","00:00"," ","9,40","","7,20","","86,00","","23,00","","16,00","","25,00","","93,33","","","","","","Généralement dégagé"
"1967-07-10 01:00","1967","07","10","01:00"," ","8,30","","6,70","","90,00","","23,00","","13,00","","25,00","","93,37","","","","","","Généralement dégagé"
"1967-07-10 02:00","1967","07","10","02:00"," ","8,30","","7,20","","92,00","","25,00","","16,00","","25,00","","93,42","","","","","","Généralement dégagé"
"1967-07-10 03:00","1967","07","10","03:00"," ","7,80","","6,70","","92,00","","23,00","","18,00","","25,00","","93,47","","","","","","Généralement dégagé"
"1967-07-10 04:00","1967","07","10","04:00"," ","7,80","","6,10","","90,00","","23,00","","13,00","","25,00","","93,54","","","","","","Généralement dégagé"
"1967-07-10 05:00","1967","07","10","05:00"," ","8,30","","6,70","","90,00","","23,00","","6,00","","25,00","","93,61","","","","","","Généralement dégagé"
"1967-07-10 06:00","1967","07","10","06:00"," ","10,00","","7,20","","83,00","","23,00","","16,00","","25,00","","93,64","","","","","","Généralement dégagé"
"1967-07-10 07:00","1967","07","10","07:00"," ","11,70","","7,20","","73,00","","23,00","","24,00","","25,00","","93,69","","","","","","Généralement nuageux"
"1967-07-10 08:00","1967","07","10","08:00"," ","13,90","","7,80","","67,00","","25,00","","23,00","","25,00","","93,74","","","","","","Généralement nuageux"
"1967-07-10 09:00","1967","07","10","09:00"," ","13,90","","8,90","","71,00","","25,00","","21,00","","25,00","","93,79","","","","","","Généralement nuageux"
"1967-07-10 10:00","1967","07","10","10:00"," ","15,60","","8,90","","65,00","","25,00","","16,00","","25,00","","93,81","","","","","","Généralement nuageux"
"1967-07-10 11:00","1967","07","10","11:00"," ","17,20","","8,30","","56,00","","23,00","","16,00","","25,00","","93,83","","","","","","Généralement dégagé"
"1967-07-10 12:00","1967","07","10","12:00"," ","18,30","","8,90","","54,00","","20,00","","26,00","","25,00","","93,83","","","","","","Généralement nuageux"
"1967-07-10 13:00","1967","07","10","13:00"," ","18,90","","8,30","","50,00","","25,00","","10,00","","25,00","","93,82","","","","","","Généralement nuageux"
"1967-07-10 14:00","1967","07","10","14:00"," ","21,10","","8,30","","44,00","","23,00","","19,00","","25,00","","93,82","","","","","","Généralement dégagé"
"1967-07-10 15:00","1967","07","10","15:00"," ","21,70","","7,20","","39,00","","23,00","","16,00","","25,00","","93,81","","","","","","Généralement dégagé"
"1967-07-10 16:00","1967","07","10","16:00"," ","21,70","","7,20","","39,00","","23,00","","11,00","","25,00","","93,80","","","","","","Généralement nuageux"
"1967-07-10 17:00","1967","07","10","17:00"," ","21,70","","6,10","","36,00","","18,00","","16,00","","25,00","","93,81","","","","","","Généralement nuageux"
"1967-07-10 18:00","1967","07","10","18:00"," ","21,10","","5,60","","37,00","","23,00","","13,00","","25,00","","93,81","","","","","","Généralement nuageux"
"1967-07-10 19:00","1967","07","10","19:00"," ","20,00","","6,10","","41,00","","18,00","","6,00","","25,00","","93,84","","","","","","Nuageux"
"1967-07-10 20:00","1967","07","10","20:00"," ","18,90","","6,70","","45,00","","18,00","","6,00","","25,00","","93,87","","","","","","Nuageux"
"1967-07-10 21:00","1967","07","10","21:00"," ","17,80","","6,70","","48,00","","16,00","","11,00","","25,00","","93,91","","","","","","Nuageux"
"1967-07-10 22:00","1967","07","10","22:00"," ","16,70","","7,20","","54,00","","20,00","","13,00","","25,00","","93,95","","","","","","Nuageux"
"1967-07-10 23:00","1967","07","10","23:00"," ","16,10","","7,20","","55,00","","20,00","","6,00","","25,00","","93,95","","","","","","Nuageux"
"1967-07-11 00:00","1967","07","11","00:00"," ","15,00","","6,70","","58,00","","16,00","","6,00","","25,00","","93,97","","","","","","Généralement nuageux"
"1967-07-11 01:00","1967","07","11","01:00"," ","13,30","","7,20","","67,00","","16,00","","10,00","","25,00","","93,99","","","","","","Nuageux"
"1967-07-11 02:00","1967","07","11","02:00"," ","12,20","","7,20","","72,00","","14,00","","10,00","","25,00","","94,03","","","","","","Nuageux"
"1967-07-11 03:00","1967","07","11","03:00"," ","13,30","","7,20","","67,00","","14,00","","8,00","","25,00","","94,04","","","","","","Nuageux"
"1967-07-11 04:00","1967","07","11","04:00"," ","12,20","","7,20","","71,00","","11,00","","10,00","","25,00","","94,05","","","","","","Généralement nuageux"
"1967-07-11 05:00","1967","07","11","05:00"," ","12,20","","7,20","","72,00","","14,00","","8,00","","25,00","","94,07","","","","","","Nuageux"
"1967-07-11 06:00","1967","07","11","06:00"," ","12,80","","7,80","","73,00","","11,00","","10,00","","25,00","","94,09","","","","","","Nuageux"
"1967-07-11 07:00","1967","07","11","07:00"," ","13,30","","8,30","","72,00","","0,00","","0,00","","25,00","","94,10","","","","","","Nuageux"
"1967-07-11 08:00","1967","07","11","08:00"," ","15,60","","9,40","","68,00","","0,00","","0,00","","25,00","","94,12","","","","","","Nuageux"
"1967-07-11 09:00","1967","07","11","09:00"," ","17,20","","9,40","","60,00","","11,00","","5,00","","24,10","","94,14","","","","","","Nuageux"
"1967-07-11 10:00","1967","07","11","10:00"," ","18,90","","8,90","","53,00","","9,00","","6,00","","24,10","","94,12","","","","","","Nuageux"
"1967-07-11 11:00","1967","07","11","11:00"," ","21,10","","6,10","","38,00","","9,00","","23,00","","25,00","","94,10","","","","","","Généralement nuageux"
"1967-07-11 12:00","1967","07","11","12:00"," ","22,80","","6,70","","35,00","","11,00","","11,00","","25,00","","94,08","","","","","","Généralement nuageux"
"1967-07-11 13:00","1967","07","11","13:00"," ","23,90","","6,10","","32,00","","14,00","","32,00","","25,00","","94,05","","","","","","Généralement nuageux"
"1967-07-11 14:00","1967","07","11","14:00"," ","25,60","","7,80","","32,00","","14,00","","16,00","","25,00","","94,02","","26,00","","","","Généralement nuageux"
"1967-07-11 15:00","1967","07","11","15:00"," ","25,00","","5,60","","29,00","","14,00","","8,00","","25,00","","93,99","","","","","","Généralement nuageux"
"1967-07-11 16:00","1967","07","11","16:00"," ","25,60","","6,70","","29,00","","11,00","","11,00","","25,00","","93,97","","25,00","","","","Généralement nuageux"
"1967-07-11 17:00","1967","07","11","17:00"," ","25,60","","6,70","","29,00","","16,00","","11,00","","25,00","","93,95","","25,00","","","","Généralement nuageux"
"1967-07-11 18:00","1967","07","11","18:00"," ","25,00","","6,70","","31,00","","14,00","","11,00","","25,00","","93,94","","25,00","","","","Généralement nuageux"
"1967-07-11 19:00","1967","07","11","19:00"," ","24,40","","8,90","","37,00","","14,00","","8,00","","25,00","","93,94","","25,00","","","","Généralement nuageux"
"1967-07-11 20:00","1967","07","11","20:00"," ","22,20","","8,30","","41,00","","9,00","","10,00","","25,00","","93,94","","","","","","Généralement nuageux"
"1967-07-11 21:00","1967","07","11","21:00"," ","21,10","","6,10","","38,00","","9,00","","13,00","","25,00","","93,94","","","","","","Généralement nuageux"
"1967-07-11 22:00","1967","07","11","22:00"," ","20,60","","7,20","","43,00","","9,00","","13,00","","25,00","","93,97","","","","","","Généralement nuageux"
"1967-07-11 23:00","1967","07","11","23:00"," ","18,30","","7,80","","51,00","","9,00","","13,00","","25,00","","93,97","","","","","","Généralement nuageux"
"1967-07-12 00:00","1967","07","12","00:00"," ","16,70","","8,30","","59,00","","7,00","","16,00","","25,00","","93,97","","","","","","Généralement dégagé"
"1967-07-12 01:00","1967","07","12","01:00"," ","15,60","","8,30","","62,00","","7,00","","13,00","","25,00","","93,94","","","","","","Généralement dégagé"
"1967-07-12 02:00","1967","07","12","02:00"," ","14,40","","8,90","","68,00","","7,00","","11,00","","25,00","","93,92","","","","","","Généralement dégagé"
"1967-07-12 03:00","1967","07","12","03:00"," ","14,40","","8,90","","68,00","","5,00","","10,00","","25,00","","93,91","","","","","","Généralement dégagé"
"1967-07-12 04:00","1967","07","12","04:00"," ","14,40","","9,40","","73,00","","5,00","","13,00","","25,00","","93,87","","","","","","Généralement nuageux"
"1967-07-12 05:00","1967","07","12","05:00"," ","13,90","","10,00","","77,00","","2,00","","6,00","","25,00","","93,88","","","","","","Généralement nuageux"
"1967-07-12 06:00","1967","07","12","06:00"," ","16,10","","9,40","","66,00","","5,00","","13,00","","25,00","","93,87","","","","","","Nuageux"
"1967-07-12 07:00","1967","07","12","07:00"," ","17,20","","9,40","","61,00","","14,00","","13,00","","25,00","","93,86","","","","","","Nuageux"
"1967-07-12 08:00","1967","07","12","08:00"," ","18,90","","10,60","","58,00","","9,00","","6,00","","16,10","","93,81","","","","","","Nuageux"
"1967-07-12 09:00","1967","07","12","09:00"," ","19,40","","10,00","","54,00","","9,00","","11,00","","19,30","","93,78","","","","","","Nuageux"
"1967-07-12 10:00","1967","07","12","10:00"," ","21,70","","10,60","","49,00","","9,00","","11,00","","24,10","","93,74","","","","","","Nuageux"
"1967-07-12 11:00","1967","07","12","11:00"," ","22,80","","10,00","","44,00","","14,00","","11,00","","24,10","","93,72","","","","","","Nuageux"
"1967-07-12 12:00","1967","07","12","12:00"," ","23,30","","10,00","","42,00","","14,00","","10,00","","25,00","","93,68","","25,00","","","","Généralement nuageux"
"1967-07-12 13:00","1967","07","12","13:00"," ","25,60","","10,00","","38,00","","9,00","","10,00","","25,00","","93,65","","27,00","","","","Généralement nuageux"
"1967-07-12 14:00","1967","07","12","14:00"," ","26,70","","12,20","","40,00","","18,00","","6,00","","25,00","","93,63","","29,00","","","","Nuageux"
"1967-07-12 15:00","1967","07","12","15:00"," ","27,20","","11,70","","37,00","","9,00","","8,00","","25,00","","93,57","","29,00","","","","Nuageux"
"1967-07-12 16:00","1967","07","12","16:00"," ","27,20","","9,40","","33,00","","32,00","","6,00","","25,00","","93,53","","28,00","","","","Généralement nuageux"
"1967-07-12 17:00","1967","07","12","17:00"," ","28,30","","9,40","","31,00","","9,00","","14,00","","25,00","","93,45","","29,00","","","","Généralement nuageux"
"1967-07-12 18:00","1967","07","12","18:00"," ","26,10","","7,20","","30,00","","7,00","","18,00","","25,00","","93,42","","26,00","","","","Généralement dégagé"
"1967-07-12 19:00","1967","07","12","19:00"," ","25,00","","8,90","","36,00","","5,00","","14,00","","25,00","","93,36","","26,00","","","","Généralement dégagé"
"1967-07-12 20:00","1967","07","12","20:00"," ","22,80","","14,40","","59,00","","9,00","","8,00","","25,00","","93,36","","26,00","","","","Généralement dégagé"
"1967-07-12 21:00","1967","07","12","21:00"," ","22,20","","13,30","","57,00","","5,00","","13,00","","25,00","","93,37","","25,00","","","","Généralement dégagé"
"1967-07-12 22:00","1967","07","12","22:00"," ","20,00","","13,90","","67,00","","36,00","","23,00","","25,00","","93,34","","","","","","Généralement nuageux"
"1967-07-12 23:00","1967","07","12","23:00"," ","19,40","","13,30","","69,00","","29,00","","13,00","","25,00","","93,26","","","","","","Orages,Averses de pluie"
"1967-07-13 00:00","1967","07","13","00:00"," ","18,90","","12,80","","68,00","","18,00","","11,00","","25,00","","93,31","","","","","","Orages"
"1967-07-13 01:00","1967","07","13","01:00"," ","16,10","","12,80","","79,00","","18,00","","40,00","","24,10","","93,49","","","","","","Orages fort,Averses de pluie"
"1967-07-13 02:00","1967","07","13","02:00"," ","17,20","","10,60","","65,00","","25,00","","16,00","","25,00","","93,30","","","","","","Généralement dégagé"
"1967-07-13 03:00","1967","07","13","03:00"," ","15,00","","11,70","","79,00","","23,00","","16,00","","25,00","","93,31","","","","","","Généralement dégagé"
"1967-07-13 04:00","1967","07","13","04:00"," ","13,90","","12,80","","92,00","","36,00","","13,00","","25,00","","93,48","","","","","","Généralement dégagé"
"1967-07-13 05:00","1967","07","13","05:00"," ","14,40","","13,30","","92,00","","34,00","","23,00","","25,00","","93,58","","","","","","Généralement dégagé"
"1967-07-13 06:00","1967","07","13","06:00"," ","15,00","","12,80","","85,00","","36,00","","29,00","","25,00","","93,58","","","","","","Généralement dégagé"
"1967-07-13 07:00","1967","07","13","07:00"," ","16,10","","12,80","","81,00","","36,00","","16,00","","25,00","","93,60","","","","","","Généralement dégagé"
"1967-07-13 08:00","1967","07","13","08:00"," ","16,10","","12,80","","79,00","","32,00","","19,00","","25,00","","93,63","","","","","","Généralement nuageux"
"1967-07-13 09:00","1967","07","13","09:00"," ","17,20","","12,80","","74,00","","29,00","","19,00","","25,00","","93,65","","","","","","Généralement nuageux"
"1967-07-13 10:00","1967","07","13","10:00"," ","17,80","","11,70","","67,00","","27,00","","18,00","","25,00","","93,66","","","","","","Généralement nuageux"
"1967-07-13 11:00","1967","07","13","11:00"," ","20,00","","11,70","","59,00","","29,00","","16,00","","25,00","","93,66","","","","","","Généralement nuageux"
"1967-07-13 12:00","1967","07","13","12:00"," ","21,70","","12,20","","55,00","","25,00","","18,00","","25,00","","93,64","","","","","","Généralement nuageux"
"1967-07-13 13:00","1967","07","13","13:00"," ","22,20","","11,10","","49,00","","27,00","","14,00","","25,00","","93,62","","","","","","Généralement nuageux"
"1967-07-13 14:00","1967","07","13","14:00"," ","23,90","","10,00","","42,00","","25,00","","19,00","","25,00","","93,59","","25,00","","","","Généralement nuageux"
"1967-07-13 15:00","1967","07","13","15:00"," ","23,30","","10,60","","45,00","","29,00","","13,00","","25,00","","93,54","","25,00","","","","Généralement nuageux"
"1967-07-13 16:00","1967","07","13","16:00"," ","22,80","","10,60","","46,00","","27,00","","32,00","","25,00","","93,56","","","","","","Orages,Averses de pluie"
"1967-07-13 17:00","1967","07","13","17:00"," ","17,20","","9,40","","61,00","","34,00","","21,00","","25,00","","93,55","","","","","","Généralement nuageux"
"1967-07-13 18:00","1967","07","13","18:00"," ","18,30","","10,00","","57,00","","34,00","","14,00","","25,00","","93,51","","","","","","Généralement dégagé"
"1967-07-13 19:00","1967","07","13","19:00"," ","18,90","","11,70","","63,00","","34,00","","11,00","","25,00","","93,59","","","","","","Généralement dégagé"
"1967-07-13 20:00","1967","07","13","20:00"," ","17,20","","11,70","","70,00","","2,00","","16,00","","25,00","","93,62","","","","","","Généralement dégagé"
"1967-07-13 21:00","1967","07","13","21:00"," ","15,60","","10,60","","73,00","","36,00","","18,00","","25,00","","93,66","","","","","","Orages"
"1967-07-13 22:00","1967","07","13","22:00"," ","15,00","","10,60","","76,00","","36,00","","8,00","","25,00","","93,73","","","","","","Orages,Averses de pluie"
"1967-07-13 23:00","1967","07","13","23:00"," ","13,30","","12,20","","91,00","","34,00","","18,00","","25,00","","93,73","","","","","","Généralement nuageux"
"1967-07-14 00:00","1967","07","14","00:00"," ","11,70","","10,60","","93,00","","34,00","","26,00","","25,00","","93,78","","","","","","Généralement nuageux"
"1967-07-14 01:00","1967","07","14","01:00"," ","11,70","","10,60","","95,00","","36,00","","29,00","","25,00","","93,79","","","","","","Nuageux"
"1967-07-14 02:00","1967","07","14","02:00"," ","10,60","","10,00","","98,00","","29,00","","6,00","","25,00","","93,79","","","","","","Généralement dégagé"
"1967-07-14 03:00","1967","07","14","03:00"," ","11,10","","10,00","","94,00","","36,00","","16,00","","25,00","","93,78","","","","","","Généralement nuageux"
"1967-07-14 04:00","1967","07","14","04:00"," ","11,10","","10,00","","94,00","","34,00","","18,00","","25,00","","93,78","","","","","","Généralement nuageux"
"1967-07-14 05:00","1967","07","14","05:00"," ","11,10","","10,00","","94,00","","27,00","","6,00","","25,00","","93,84","","","","","","Généralement nuageux"
"1967-07-14 06:00","1967","07","14","06:00"," ","12,20","","10,60","","91,00","","25,00","","6,00","","25,00","","93,86","","","","","","Généralement nuageux"
"1967-07-14 07:00","1967","07","14","07:00"," ","12,80","","10,00","","83,00","","36,00","","5,00","","25,00","","93,85","","","","","","Généralement nuageux"
"1967-07-14 08:00","1967","07","14","08:00"," ","13,90","","10,60","","82,00","","18,00","","6,00","","25,00","","93,87","","","","","","Généralement nuageux"
"1967-07-14 09:00","1967","07","14","09:00"," ","15,60","","11,70","","76,00","","18,00","","5,00","","25,00","","93,85","","","","","","Généralement dégagé"
"1967-07-14 10:00","1967","07","14","10:00"," ","17,80","","11,70","","67,00","","20,00","","21,00","","25,00","","93,82","","","","","","Généralement dégagé"
"1967-07-14 11:00","1967","07","14","11:00"," ","20,60","","8,30","","46,00","","20,00","","27,00","","25,00","","93,79","","","","","","Généralement dégagé"
"1967-07-14 12:00","1967","07","14","12:00"," ","20,60","","5,60","","37,00","","25,00","","29,00","","25,00","","93,78","","","","","","Généralement dégagé"
"1967-07-14 13:00","1967","07","14","13:00"," ","21,10","","0,00","","24,00","","25,00","","27,00","","25,00","","93,76","","","","","","Généralement dégagé"
"1967-07-14 14:00","1967","07","14","14:00"," ","22,20","","2,20","","26,00","","23,00","","35,00","","25,00","","93,78","","","","","","Généralement dégagé"
"1967-07-14 15:00","1967","07","14","15:00"," ","22,20","","1,70","","25,00","","23,00","","29,00","","25,00","","93,76","","","","","","Généralement dégagé"
"1967-07-14 16:00","1967","07","14","16:00"," ","22,20","","1,70","","25,00","","23,00","","29,00","","25,00","","93,75","","","","","","Généralement dégagé"
"1967-07-14 17:00","1967","07","14","17:00"," ","21,70","","0,60","","24,00","","23,00","","32,00","","25,00","","93,74","","","","","","Généralement dégagé"
"1967-07-14 18:00","1967","07","14","18:00"," ","21,10","","-0,60","","23,00","","23,00","","32,00","","25,00","","93,75","","","","","","Généralement dégagé"
"1967-07-14 19:00","1967","07","14","19:00"," ","20,60","","5,00","","36,00","","23,00","","21,00","","25,00","","93,74","","","","","","Généralement dégagé"
"1967-07-14 20:00","1967","07","14","20:00"," ","17,80","","2,80","","37,00","","23,00","","23,00","","25,00","","93,76","","","","","","Généralement dégagé"
"1967-07-14 21:00","1967","07","14","21:00"," ","15,60","","2,80","","41,00","","23,00","","21,00","","25,00","","93,80","","","","","","Généralement dégagé"
"1967-07-14 22:00","1967","07","14","22:00"," ","15,60","","3,30","","44,00","","25,00","","19,00","","25,00","","93,84","","","","","","Généralement dégagé"
"1967-07-14 23:00","1967","07","14","23:00"," ","13,90","","1,70","","43,00","","27,00","","19,00","","25,00","","93,88","","","","","","Généralement dégagé"
"1967-07-15 00:00","1967","07","15","00:00"," ","11,10","","7,20","","76,00","","36,00","","13,00","","25,00","","93,90","","","","","","Généralement dégagé"
"1967-07-15 01:00","1967","07","15","01:00"," ","10,00","","6,70","","79,00","","18,00","","10,00","","25,00","","93,92","","","","","","Généralement dégagé"
"1967-07-15 02:00","1967","07","15","02:00"," ","11,70","","6,70","","72,00","","14,00","","11,00","","25,00","","93,91","","","","","","Généralement nuageux"
"1967-07-15 03:00","1967","07","15","03:00"," ","10,60","","6,10","","74,00","","16,00","","13,00","","25,00","","93,90","","","","","","Généralement nuageux"
"1967-07-15 04:00","1967","07","15","04:00"," ","10,00","","3,90","","65,00","","14,00","","8,00","","25,00","","93,89","","","","","","Généralement nuageux"
"1967-07-15 05:00","1967","07","15","05:00"," ","11,10","","3,30","","59,00","","20,00","","10,00","","25,00","","93,92","","","","","","Généralement nuageux"
"1967-07-15 06:00","1967","07","15","06:00"," ","12,20","","4,40","","59,00","","23,00","","10,00","","25,00","","93,93","","","","","","Généralement nuageux"
"1967-07-15 07:00","1967","07","15","07:00"," ","13,30","","3,90","","52,00","","23,00","","18,00","","25,00","","93,94","","","","","","Généralement nuageux"
"1967-07-15 08:00","1967","07","15","08:00"," ","15,00","","4,40","","50,00","","20,00","","19,00","","25,00","","93,93","","","","","","Généralement nuageux"
"1967-07-15 09:00","1967","07","15","09:00"," ","15,60","","4,40","","48,00","","23,00","","19,00","","25,00","","93,92","","","","","","Généralement nuageux"
"1967-07-15 10:00","1967","07","15","10:00"," ","17,20","","4,40","","42,00","","23,00","","24,00","","25,00","","93,90","","","","","","Généralement nuageux"
"1967-07-15 11:00","1967","07","15","11:00"," ","17,80","","3,90","","40,00","","20,00","","14,00","","25,00","","93,85","","","","","","Généralement nuageux"
"1967-07-15 12:00","1967","07","15","12:00"," ","18,90","","5,00","","40,00","","27,00","","13,00","","25,00","","93,83","","","","","","Généralement nuageux"
"1967-07-15 13:00","1967","07","15","13:00"," ","20,00","","5,00","","37,00","","23,00","","19,00","","25,00","","93,81","","","","","","Généralement nuageux"
"1967-07-15 14:00","1967","07","15","14:00"," ","21,10","","5,60","","37,00","","23,00","","21,00","","25,00","","93,78","","","","","","Généralement nuageux"
"1967-07-15 15:00","1967","07","15","15:00"," ","20,60","","5,60","","37,00","","25,00","","24,00","","25,00","","93,77","","","","","","Généralement nuageux"
"1967-07-15 16:00","1967","07","15","16:00"," ","21,10","","4,40","","34,00","","20,00","","10,00","","25,00","","93,72","","","","","","Généralement nuageux"
"1967-07-15 17:00","1967","07","15","17:00"," ","21,70","","5,60","","35,00","","23,00","","16,00","","25,00","","93,70","","","","","","Généralement dégagé"
"1967-07-15 18:00","1967","07","15","18:00"," ","21,70","","5,00","","33,00","","23,00","","10,00","","25,00","","93,68","","","","","","Généralement dégagé"
"1967-07-15 19:00","1967","07","15","19:00"," ","21,10","","6,10","","38,00","","27,00","","8,00","","25,00","","93,64","","","","","","Généralement nuageux"
"1967-07-15 20:00","1967","07","15","20:00"," ","19,40","","7,20","","44,00","","0,00","","0,00","","25,00","","93,64","","","","","","Généralement dégagé"
"1967-07-15 21:00","1967","07","15","21:00"," ","18,90","","6,70","","45,00","","0,00","","0,00","","25,00","","93,64","","","","","","Généralement nuageux"
"1967-07-15 22:00","1967","07","15","22:00"," ","17,80","","8,30","","53,00","","0,00","","0,00","","25,00","","93,62","","","","","","Généralement nuageux"
"1967-07-15 23:00","1967","07","15","23:00"," ","17,20","","8,30","","56,00","","16,00","","8,00","","25,00","","93,62","","","","","","Généralement nuageux"
"1967-07-16 00:00","1967","07","16","00:00"," ","16,10","","8,30","","60,00","","0,00","","0,00","","25,00","","93,59","","","","","","Généralement dégagé"
"1967-07-16 01:00","1967","07","16","01:00"," ","15,60","","7,20","","58,00","","14,00","","8,00","","25,00","","93,55","","","","","","Généralement dégagé"
"1967-07-16 02:00","1967","07","16","02:00"," ","14,40","","7,80","","65,00","","16,00","","5,00","","25,00","","93,54","","","","","","Généralement dégagé"
"1967-07-16 03:00","1967","07","16","03:00"," ","11,70","","8,90","","84,00","","0,00","","0,00","","25,00","","93,52","","","","","","Généralement nuageux"
"1967-07-16 04:00","1967","07","16","04:00"," ","11,70","","8,90","","82,00","","0,00","","0,00","","25,00","","93,51","","","","","","Généralement dégagé"
"1967-07-16 05:00","1967","07","16","05:00"," ","12,20","","9,40","","84,00","","20,00","","5,00","","25,00","","93,49","","","","","","Généralement nuageux"
"1967-07-16 06:00","1967","07","16","06:00"," ","13,30","","9,40","","78,00","","20,00","","8,00","","25,00","","93,49","","","","","","Généralement dégagé"
"1967-07-16 07:00","1967","07","16","07:00"," ","15,60","","8,90","","65,00","","23,00","","13,00","","25,00","","93,47","","","","","","Généralement nuageux"
"1967-07-16 08:00","1967","07","16","08:00"," ","15,60","","8,90","","65,00","","23,00","","10,00","","25,00","","93,47","","","","","","Généralement nuageux"
"1967-07-16 09:00","1967","07","16","09:00"," ","18,30","","10,00","","57,00","","23,00","","11,00","","25,00","","93,44","","","","","","Généralement nuageux"
"1967-07-16 10:00","1967","07","16","10:00"," ","19,40","","8,90","","50,00","","23,00","","11,00","","25,00","","93,43","","","","","","Généralement nuageux"
"1967-07-16 11:00","1967","07","16","11:00"," ","20,60","","10,60","","52,00","","25,00","","19,00","","25,00","","93,37","","","","","","Généralement nuageux"
"1967-07-16 12:00","1967","07","16","12:00"," ","22,20","","10,00","","46,00","","25,00","","8,00","","25,00","","93,33","","","","","","Généralement dégagé"
"1967-07-16 13:00","1967","07","16","13:00"," ","23,30","","9,40","","41,00","","20,00","","11,00","","25,00","","93,26","","","","","","Généralement dégagé"
"1967-07-16 14:00","1967","07","16","14:00"," ","23,30","","9,40","","41,00","","16,00","","8,00","","25,00","","93,19","","","","","","Généralement dégagé"
"1967-07-16 15:00","1967","07","16","15:00"," ","25,00","","10,60","","41,00","","23,00","","13,00","","25,00","","93,12","","27,00","","","","Généralement dégagé"
"1967-07-16 16:00","1967","07","16","16:00"," ","24,40","","10,60","","41,00","","23,00","","19,00","","25,00","","93,08","","26,00","","","","Généralement dégagé"
"1967-07-16 17:00","1967","07","16","17:00"," ","24,40","","11,10","","42,00","","23,00","","19,00","","25,00","","93,03","","26,00","","","","Généralement dégagé"
"1967-07-16 18:00","1967","07","16","18:00"," ","24,40","","11,10","","42,00","","27,00","","10,00","","25,00","","92,99","","26,00","","","","Généralement dégagé"
"1967-07-16 19:00","1967","07","16","19:00"," ","22,80","","9,40","","43,00","","27,00","","16,00","","25,00","","92,98","","","","","","Généralement dégagé"
"1967-07-16 20:00","1967","07","16","20:00"," ","20,00","","8,90","","48,00","","27,00","","13,00","","25,00","","92,95","","","","","","Généralement dégagé"
"1967-07-16 21:00","1967","07","16","21:00"," ","19,40","","8,30","","49,00","","25,00","","10,00","","25,00","","92,94","","","","","","Généralement dégagé"
"1967-07-16 22:00","1967","07","16","22:00"," ","17,20","","7,20","","53,00","","29,00","","5,00","","25,00","","92,91","","","","","","Généralement dégagé"
"1967-07-16 23:00","1967","07","16","23:00"," ","17,80","","7,20","","50,00","","27,00","","5,00","","25,00","","92,89","","","","","","Généralement dégagé"
"1967-07-17 00:00","1967","07","17","00:00"," ","16,10","","6,70","","53,00","","32,00","","5,00","","25,00","","92,83","","","","","","Généralement dégagé"
"1967-07-17 01:00","1967","07","17","01:00"," ","13,90","","7,20","","63,00","","36,00","","3,00","","25,00","","92,76","","","","","","Généralement dégagé"
"1967-07-17 02:00","1967","07","17","02:00"," ","12,20","","10,00","","86,00","","36,00","","11,00","","12,90","","92,78","","","","","","Orages,Averses de pluie modérées"
"1967-07-17 03:00","1967","07","17","03:00"," ","13,30","","10,60","","85,00","","5,00","","21,00","","25,00","","92,71","","","","","","Orages"
"1967-07-17 04:00","1967","07","17","04:00"," ","11,70","","9,40","","86,00","","36,00","","19,00","","25,00","","92,62","","","","","","Généralement dégagé"
"1967-07-17 05:00","1967","07","17","05:00"," ","11,10","","8,90","","87,00","","34,00","","13,00","","25,00","","92,62","","","","","","Généralement nuageux"
"1967-07-17 06:00","1967","07","17","06:00"," ","13,30","","10,60","","85,00","","27,00","","11,00","","25,00","","92,62","","","","","","Généralement dégagé"
"1967-07-17 07:00","1967","07","17","07:00"," ","12,80","","10,00","","84,00","","36,00","","6,00","","25,00","","92,65","","","","","","Généralement dégagé"
"1967-07-17 08:00","1967","07","17","08:00"," ","15,60","","11,10","","75,00","","36,00","","11,00","","25,00","","92,62","","","","","","Généralement dégagé"
"1967-07-17 09:00","1967","07","17","09:00"," ","17,20","","11,70","","69,00","","29,00","","6,00","","25,00","","92,61","","","","","","Généralement nuageux"
"1967-07-17 10:00","1967","07","17","10:00"," ","17,80","","11,70","","67,00","","0,00","","0,00","","25,00","","92,56","","","","","","Généralement nuageux"
"1967-07-17 11:00","1967","07","17","11:00"," ","18,30","","12,20","","68,00","","23,00","","8,00","","25,00","","92,58","","","","","","Généralement nuageux"
"1967-07-17 12:00","1967","07","17","12:00"," ","21,10","","11,10","","52,00","","23,00","","16,00","","25,00","","92,53","","","","","","Généralement dégagé"
"1967-07-17 13:00","1967","07","17","13:00"," ","22,80","","10,00","","44,00","","20,00","","24,00","","25,00","","92,51","","","","","","Généralement dégagé"
"1967-07-17 14:00","1967","07","17","14:00"," ","23,30","","10,60","","45,00","","27,00","","21,00","","25,00","","92,51","","25,00","","","","Généralement dégagé"
"1967-07-17 15:00","1967","07","17","15:00"," ","21,70","","10,60","","49,00","","25,00","","40,00","","25,00","","92,61","","","","","","Généralement dégagé"
"1967-07-17 16:00","1967","07","17","16:00"," ","21,10","","8,30","","44,00","","25,00","","26,00","","25,00","","92,57","","","","","","Généralement dégagé"
"1967-07-17 17:00","1967","07","17","17:00"," ","21,70","","7,80","","40,00","","25,00","","29,00","","25,00","","92,57","","","","","","Généralement dégagé"
"1967-07-17 18:00","1967","07","17","18:00"," ","21,10","","7,80","","42,00","","25,00","","32,00","","25,00","","92,59","","","","","","Généralement dégagé"
"1967-07-17 19:00","1967","07","17","19:00"," ","18,90","","7,80","","48,00","","23,00","","29,00","","25,00","","92,63","","","","","","Généralement dégagé"
"1967-07-17 20:00","1967","07","17","20:00"," ","18,30","","7,20","","49,00","","23,00","","32,00","","25,00","","92,69","","","","","","Généralement dégagé"
"1967-07-17 21:00","1967","07","17","21:00"," ","16,70","","5,00","","47,00","","20,00","","26,00","","25,00","","92,75","","","","","","Généralement nuageux"
"1967-07-17 22:00","1967","07","17","22:00"," ","15,00","","6,70","","57,00","","20,00","","26,00","","25,00","","92,79","","","","","","Généralement nuageux"
"1967-07-17 23:00","1967","07","17","23:00"," ","14,40","","4,40","","52,00","","20,00","","32,00","","25,00","","92,80","","","","","","Généralement dégagé"
"1967-07-18 00:00","1967","07","18","00:00"," ","12,20","","3,90","","56,00","","20,00","","37,00","","25,00","","92,82","","","","","","Généralement dégagé"
"1967-07-18 01:00","1967","07","18","01:00"," ","11,10","","3,30","","59,00","","20,00","","21,00","","25,00","","92,89","","","","","","Généralement dégagé"
"1967-07-18 02:00","1967","07","18","02:00"," ","11,10","","4,40","","63,00","","20,00","","23,00","","25,00","","92,90","","","","","","Généralement dégagé"
"1967-07-18 03:00","1967","07","18","03:00"," ","11,70","","4,40","","62,00","","20,00","","29,00","","25,00","","92,94","","","","","","Généralement dégagé"
"1967-07-18 04:00","1967","07","18","04:00"," ","11,10","","3,90","","61,00","","20,00","","29,00","","25,00","","92,96","","","","","","Généralement dégagé"
"1967-07-18 05:00","1967","07","18","05:00"," ","11,10","","3,90","","61,00","","20,00","","27,00","","25,00","","93,03","","","","","","Généralement nuageux"
"1967-07-18 06:00","1967","07","18","06:00"," ","11,70","","4,40","","62,00","","20,00","","27,00","","25,00","","93,08","","","","","","Généralement dégagé"
"1967-07-18 07:00","1967","07","18","07:00"," ","12,80","","4,40","","57,00","","20,00","","29,00","","25,00","","93,11","","","","","","Généralement dégagé"
"1967-07-18 08:00","1967","07","18","08:00"," ","13,90","","4,40","","53,00","","20,00","","26,00","","25,00","","93,13","","","","","","Généralement dégagé"
"1967-07-18 09:00","1967","07","18","09:00"," ","15,60","","5,60","","51,00","","20,00","","32,00","","25,00","","93,12","","","","","","Généralement dégagé"
"1967-07-18 10:00","1967","07","18","10:00"," ","17,20","","6,10","","47,00","","20,00","","32,00","","25,00","","93,11","","","","","","Généralement dégagé"
"1967-07-18 11:00","1967","07","18","11:00"," ","18,30","","12,20","","68,00","","18,00","","32,00","","25,00","","93,12","","","","","","Généralement nuageux"
"1967-07-18 12:00","1967","07","18","12:00"," ","16,70","","5,60","","48,00","","20,00","","26,00","","25,00","","93,11","","","","","","Généralement nuageux"
"1967-07-18 13:00","1967","07","18","13:00"," ","18,90","","6,10","","43,00","","18,00","","32,00","","25,00","","93,11","","","","","","Généralement nuageux"
"1967-07-18 14:00","1967","07","18","14:00"," ","19,40","","6,70","","43,00","","23,00","","32,00","","25,00","","93,09","","","","","","Généralement nuageux"
"1967-07-18 15:00","1967","07","18","15:00"," ","18,90","","6,70","","45,00","","18,00","","32,00","","25,00","","93,09","","","","","","Généralement nuageux"
"1967-07-18 16:00","1967","07","18","16:00"," ","18,90","","6,70","","45,00","","20,00","","32,00","","25,00","","93,08","","","","","","Généralement dégagé"
"1967-07-18 17:00","1967","07","18","17:00"," ","18,30","","7,20","","47,00","","20,00","","32,00","","25,00","","93,08","","","","","","Généralement dégagé"
"1967-07-18 18:00","1967","07","18","18:00"," ","17,80","","6,10","","47,00","","23,00","","32,00","","25,00","","93,10","","","","","","Généralement dégagé"
"1967-07-18 19:00","1967","07","18","19:00"," ","16,70","","6,10","","50,00","","23,00","","32,00","","25,00","","93,12","","","","","","Généralement dégagé"
"1967-07-18 20:00","1967","07","18","20:00"," ","15,60","","6,70","","55,00","","23,00","","26,00","","25,00","","93,13","","","","","","Généralement dégagé"
"1967-07-18 21:00","1967","07","18","21:00"," ","13,90","","6,70","","61,00","","20,00","","16,00","","25,00","","93,15","","","","","","Généralement dégagé"
"1967-07-18 22:00","1967","07","18","22:00"," ","12,80","","6,10","","65,00","","20,00","","16,00","","25,00","","93,12","","","","","","Généralement dégagé"
"1967-07-18 23:00","1967","07","18","23:00"," ","11,10","","6,10","","71,00","","18,00","","16,00","","25,00","","93,14","","","","","","Généralement dégagé"
"1967-07-19 00:00","1967","07","19","00:00"," ","10,00","","6,10","","76,00","","16,00","","13,00","","25,00","","93,17","","","","","","Généralement dégagé"
"1967-07-19 01:00","1967","07","19","01:00"," ","9,40","","5,60","","77,00","","18,00","","16,00","","25,00","","93,17","","","","","","Généralement dégagé"
"1967-07-19 02:00","1967","07","19","02:00"," ","9,40","","6,10","","79,00","","16,00","","16,00","","25,00","","93,22","","","","","","Généralement dégagé"
"1967-07-19 03:00","1967","07","19","03:00"," ","10,00","","6,10","","77,00","","20,00","","23,00","","25,00","","93,23","","","","","","Généralement nuageux"
"1967-07-19 04:00","1967","07","19","04:00"," ","10,00","","6,10","","77,00","","18,00","","10,00","","25,00","","93,23","","","","","","Généralement nuageux"
"1967-07-19 05:00","1967","07","19","05:00"," ","10,00","","6,70","","79,00","","18,00","","8,00","","25,00","","93,22","","","","","","Généralement nuageux"
"1967-07-19 06:00","1967","07","19","06:00"," ","11,70","","6,70","","72,00","","20,00","","16,00","","25,00","","93,23","","","","","","Généralement nuageux"
"1967-07-19 07:00","1967","07","19","07:00"," ","13,30","","7,20","","65,00","","20,00","","24,00","","25,00","","93,23","","","","","","Généralement dégagé"
"1967-07-19 08:00","1967","07","19","08:00"," ","14,40","","7,80","","63,00","","18,00","","24,00","","25,00","","93,22","","","","","","Généralement dégagé"
"1967-07-19 09:00","1967","07","19","09:00"," ","17,20","","7,80","","54,00","","20,00","","32,00","","25,00","","93,21","","","","","","Généralement dégagé"
"1967-07-19 10:00","1967","07","19","10:00"," ","16,70","","6,70","","52,00","","23,00","","32,00","","25,00","","93,19","","","","","","Généralement dégagé"
"1967-07-19 11:00","1967","07","19","11:00"," ","18,90","","6,70","","45,00","","23,00","","32,00","","25,00","","93,17","","","","","","Généralement dégagé"
"1967-07-19 12:00","1967","07","19","12:00"," ","19,40","","7,20","","44,00","","23,00","","32,00","","25,00","","93,14","","","","","","Généralement dégagé"
"1967-07-19 13:00","1967","07","19","13:00"," ","20,60","","7,20","","41,00","","20,00","","32,00","","25,00","","93,14","","","","","","Généralement dégagé"
"1967-07-19 14:00","1967","07","19","14:00"," ","20,60","","7,20","","41,00","","23,00","","29,00","","25,00","","93,14","","","","","","Généralement nuageux"
"1967-07-19 15:00","1967","07","19","15:00"," ","20,00","","6,70","","42,00","","20,00","","32,00","","25,00","","93,13","","","","","","Généralement nuageux"
"1967-07-19 16:00","1967","07","19","16:00"," ","19,40","","6,70","","43,00","","23,00","","34,00","","25,00","","93,13","","","","","","Généralement nuageux"
"1967-07-19 17:00","1967","07","19","17:00"," ","20,00","","7,20","","43,00","","20,00","","31,00","","25,00","","93,13","","","","","","Généralement nuageux"
"1967-07-19 18:00","1967","07","19","18:00"," ","18,30","","7,20","","49,00","","18,00","","23,00","","25,00","","93,12","","","","","","Généralement nuageux"
"1967-07-19 19:00","1967","07","19","19:00"," ","17,20","","8,30","","56,00","","18,00","","18,00","","25,00","","93,13","","","","","","Généralement nuageux"
"1967-07-19 20:00","1967","07","19","20:00"," ","16,10","","7,20","","56,00","","18,00","","21,00","","25,00","","93,13","","","","","","Généralement nuageux"
"1967-07-19 21:00","1967","07","19","21:00"," ","14,40","","7,20","","62,00","","20,00","","21,00","","25,00","","93,16","","","","","","Généralement nuageux"
"1967-07-19 22:00","1967","07","19","22:00"," ","13,30","","6,10","","62,00","","20,00","","21,00","","25,00","","93,19","","","","","","Généralement nuageux"
"1967-07-19 23:00","1967","07","19","23:00"," ","12,80","","6,10","","65,00","","23,00","","18,00","","25,00","","93,21","","","","","","Généralement nuageux"
"1967-07-20 00:00","1967","07","20","00:00"," ","12,20","","6,10","","66,00","","23,00","","26,00","","25,00","","93,19","","","","","","Généralement dégagé"
"1967-07-20 01:00","1967","07","20","01:00"," ","11,70","","5,60","","67,00","","23,00","","23,00","","25,00","","93,20","","","","","","Généralement dégagé"
"1967-07-20 02:00","1967","07","20","02:00"," ","11,10","","5,60","","70,00","","23,00","","18,00","","25,00","","93,22","","","","","","Généralement dégagé"
"1967-07-20 03:00","1967","07","20","03:00"," ","10,60","","5,60","","73,00","","23,00","","14,00","","25,00","","93,23","","","","","","Généralement dégagé"
"1967-07-20 04:00","1967","07","20","04:00"," ","10,60","","6,10","","74,00","","20,00","","23,00","","25,00","","93,24","","","","","","Généralement dégagé"
"1967-07-20 05:00","1967","07","20","05:00"," ","11,10","","5,60","","70,00","","23,00","","26,00","","25,00","","93,24","","","","","","Généralement dégagé"
"1967-07-20 06:00","1967","07","20","06:00"," ","11,10","","6,10","","71,00","","23,00","","24,00","","25,00","","93,26","","","","","","Généralement dégagé"
"1967-07-20 07:00","1967","07","20","07:00"," ","13,30","","7,20","","65,00","","23,00","","26,00","","25,00","","93,29","","","","","","Généralement dégagé"
"1967-07-20 08:00","1967","07","20","08:00"," ","15,00","","7,80","","63,00","","23,00","","29,00","","25,00","","93,28","","","","","","Généralement nuageux"
"1967-07-20 09:00","1967","07","20","09:00"," ","15,60","","7,80","","59,00","","25,00","","32,00","","25,00","","93,29","","","","","","Généralement nuageux"
"1967-07-20 10:00","1967","07","20","10:00"," ","16,70","","7,80","","55,00","","23,00","","24,00","","25,00","","93,30","","","","","","Généralement nuageux"
"1967-07-20 11:00","1967","07","20","11:00"," ","17,20","","7,80","","54,00","","20,00","","29,00","","25,00","","93,29","","","","","","Généralement nuageux"
"1967-07-20 12:00","1967","07","20","12:00"," ","18,30","","8,90","","54,00","","20,00","","26,00","","25,00","","93,29","","","","","","Généralement nuageux"
"1967-07-20 13:00","1967","07","20","13:00"," ","17,20","","7,80","","54,00","","20,00","","32,00","","25,00","","93,29","","","","","","Généralement nuageux"
"1967-07-20 14:00","1967","07","20","14:00"," ","18,90","","8,90","","53,00","","20,00","","32,00","","25,00","","93,26","","","","","","Généralement nuageux"
"1967-07-20 15:00","1967","07","20","15:00"," ","18,90","","8,90","","51,00","","18,00","","29,00","","25,00","","93,24","","","","","","Généralement nuageux"
"1967-07-20 16:00","1967","07","20","16:00"," ","18,90","","8,90","","51,00","","20,00","","26,00","","25,00","","93,22","","","","","","Généralement nuageux"
"1967-07-20 17:00","1967","07","20","17:00"," ","18,90","","8,90","","51,00","","18,00","","27,00","","25,00","","93,21","","","","","","Généralement nuageux"
"1967-07-20 18:00","1967","07","20","18:00"," ","17,80","","8,30","","55,00","","18,00","","18,00","","25,00","","93,19","","","","","","Généralement nuageux"
"1967-07-20 19:00","1967","07","20","19:00"," ","17,20","","8,30","","56,00","","18,00","","18,00","","25,00","","93,20","","","","","","Généralement dégagé"
"1967-07-20 20:00","1967","07","20","20:00"," ","16,10","","8,30","","60,00","","18,00","","24,00","","25,00","","93,21","","","","","","Généralement dégagé"
"1967-07-20 21:00","1967","07","20","21:00"," ","14,40","","7,80","","63,00","","20,00","","19,00","","25,00","","93,22","","","","","","Généralement dégagé"
"1967-07-20 22:00","1967","07","20","22:00"," ","13,90","","7,80","","66,00","","20,00","","23,00","","25,00","","93,23","","","","","","Généralement nuageux"
"1967-07-20 23:00","1967","07","20","23:00"," ","12,80","","7,20","","70,00","","20,00","","23,00","","25,00","","93,23","","","","","","Généralement dégagé"
"1967-07-21 00:00","1967","07","21","00:00"," ","12,20","","6,70","","69,00","","23,00","","21,00","","25,00","","93,24","","","","","","Généralement dégagé"
"1967-07-21 01:00","1967","07","21","01:00"," ","11,10","","6,70","","73,00","","23,00","","16,00","","25,00","","93,23","","","","","","Généralement dégagé"
"1967-07-21 02:00","1967","07","21","02:00"," ","10,00","","6,10","","76,00","","20,00","","16,00","","25,00","","93,25","","","","","","Généralement dégagé"
"1967-07-21 03:00","1967","07","21","03:00"," ","10,00","","6,10","","76,00","","23,00","","16,00","","25,00","","93,25","","","","","","Généralement dégagé"
"1967-07-21 04:00","1967","07","21","04:00"," ","9,40","","6,10","","79,00","","23,00","","16,00","","25,00","","93,26","","","","","","Généralement dégagé"
"1967-07-21 05:00","1967","07","21","05:00"," ","10,00","","5,00","","70,00","","23,00","","16,00","","25,00","","93,26","","","","","","Dégagé"
"1967-07-21 06:00","1967","07","21","06:00"," ","11,70","","6,70","","72,00","","20,00","","21,00","","25,00","","93,28","","","","","","Dégagé"
"1967-07-21 07:00","1967","07","21","07:00"," ","13,30","","7,20","","67,00","","23,00","","24,00","","25,00","","93,28","","","","","","Dégagé"
"1967-07-21 08:00","1967","07","21","08:00"," ","15,00","","7,80","","63,00","","23,00","","24,00","","25,00","","93,28","","","","","","Généralement dégagé"
"1967-07-21 09:00","1967","07","21","09:00"," ","17,20","","9,40","","60,00","","20,00","","21,00","","25,00","","93,30","","","","","","Généralement dégagé"
"1967-07-21 10:00","1967","07","21","10:00"," ","18,30","","8,90","","54,00","","20,00","","26,00","","25,00","","93,29","","","","","","Généralement dégagé"
"1967-07-21 11:00","1967","07","21","11:00"," ","18,90","","8,90","","53,00","","18,00","","18,00","","25,00","","93,28","","","","","","Généralement dégagé"
"1967-07-21 12:00","1967","07","21","12:00"," ","20,60","","7,20","","41,00","","23,00","","23,00","","25,00","","93,26","","","","","","Généralement dégagé"
"1967-07-21 13:00","1967","07","21","13:00"," ","21,10","","8,30","","44,00","","20,00","","29,00","","25,00","","93,22","","","","","","Généralement dégagé"
"1967-07-21 14:00","1967","07","21","14:00"," ","21,70","","7,80","","42,00","","20,00","","21,00","","25,00","","93,20","","","","","","Généralement dégagé"
"1967-07-21 15:00","1967","07","21","15:00"," ","22,20","","8,30","","41,00","","23,00","","31,00","","25,00","","93,19","","","","","","Généralement dégagé"
"1967-07-21 16:00","1967","07","21","16:00"," ","21,70","","8,30","","43,00","","20,00","","29,00","","25,00","","93,18","","","","","","Généralement dégagé"
"1967-07-21 17:00","1967","07","21","17:00"," ","21,10","","8,90","","45,00","","25,00","","32,00","","25,00","","93,16","","","","","","Généralement dégagé"
"1967-07-21 18:00","1967","07","21","18:00"," ","20,60","","9,40","","49,00","","20,00","","23,00","","25,00","","93,17","","","","","","Généralement dégagé"
"1967-07-21 19:00","1967","07","21","19:00"," ","18,90","","8,30","","50,00","","20,00","","24,00","","25,00","","93,19","","","","","","Généralement dégagé"
"1967-07-21 20:00","1967","07","21","20:00"," ","17,20","","8,90","","58,00","","20,00","","27,00","","25,00","","93,20","","","","","","Généralement dégagé"
"1967-07-21 21:00","1967","07","21","21:00"," ","15,60","","8,30","","62,00","","20,00","","23,00","","25,00","","93,24","","","","","","Généralement dégagé"
"1967-07-21 22:00","1967","07","21","22:00"," ","15,00","","8,30","","64,00","","23,00","","24,00","","25,00","","93,23","","","","","","Généralement dégagé"
"1967-07-21 23:00","1967","07","21","23:00"," ","13,90","","7,80","","67,00","","20,00","","23,00","","25,00","","93,21","","","","","","Généralement dégagé"
"1967-07-22 00:00","1967","07","22","00:00"," ","12,20","","7,20","","72,00","","23,00","","19,00","","25,00","","93,19","","","","","","Généralement dégagé"
"1967-07-22 01:00","1967","07","22","01:00"," ","12,80","","7,20","","70,00","","23,00","","19,00","","25,00","","93,18","","","","","","Généralement dégagé"
"1967-07-22 02:00","1967","07","22","02:00"," ","11,70","","7,20","","73,00","","23,00","","21,00","","25,00","","93,19","","","","","","Généralement dégagé"
"1967-07-22 03:00","1967","07","22","03:00"," ","12,20","","7,20","","72,00","","25,00","","16,00","","25,00","","93,24","","","","","","Généralement dégagé"
"1967-07-22 04:00","1967","07","22","04:00"," ","11,70","","7,20","","75,00","","25,00","","10,00","","25,00","","93,26","","","","","","Généralement dégagé"
"1967-07-22 05:00","1967","07","22","05:00"," ","12,20","","7,80","","74,00","","25,00","","5,00","","25,00","","93,30","","","","","","Généralement dégagé"
"1967-07-22 06:00","1967","07","22","06:00"," ","13,30","","7,80","","70,00","","29,00","","19,00","","25,00","","93,32","","","","","","Généralement nuageux"
"1967-07-22 07:00","1967","07","22","07:00"," ","15,00","","7,80","","63,00","","34,00","","19,00","","25,00","","93,37","","","","","","Généralement nuageux"
"1967-07-22 08:00","1967","07","22","08:00"," ","16,10","","7,80","","58,00","","34,00","","14,00","","25,00","","93,40","","","","","","Généralement nuageux"
"1967-07-22 09:00","1967","07","22","09:00"," ","17,20","","8,30","","56,00","","29,00","","14,00","","25,00","","93,42","","","","","","Généralement nuageux"
"1967-07-22 10:00","1967","07","22","10:00"," ","17,80","","8,30","","55,00","","29,00","","8,00","","25,00","","93,42","","","","","","Généralement nuageux"
"1967-07-22 11:00","1967","07","22","11:00"," ","18,90","","8,90","","51,00","","32,00","","11,00","","25,00","","93,42","","","","","","Généralement nuageux"
"1967-07-22 12:00","1967","07","22","12:00"," ","18,90","","8,90","","51,00","","29,00","","11,00","","25,00","","93,41","","","","","","Généralement nuageux"
"1967-07-22 13:00","1967","07","22","13:00"," ","19,40","","8,90","","50,00","","9,00","","5,00","","25,00","","93,39","","","","","","Généralement nuageux"
"1967-07-22 14:00","1967","07","22","14:00"," ","20,00","","9,40","","51,00","","23,00","","14,00","","25,00","","93,38","","","","","","Généralement nuageux"
"1967-07-22 15:00","1967","07","22","15:00"," ","20,00","","9,40","","51,00","","20,00","","19,00","","25,00","","93,35","","","","","","Nuageux"
"1967-07-22 16:00","1967","07","22","16:00"," ","19,40","","10,00","","54,00","","25,00","","11,00","","25,00","","93,32","","","","","","Généralement nuageux"
"1967-07-22 17:00","1967","07","22","17:00"," ","20,60","","10,00","","50,00","","20,00","","16,00","","25,00","","93,30","","","","","","Généralement nuageux"
"1967-07-22 18:00","1967","07","22","18:00"," ","20,00","","9,40","","51,00","","20,00","","21,00","","25,00","","93,26","","","","","","Généralement nuageux"
"1967-07-22 19:00","1967","07","22","19:00"," ","19,40","","10,60","","57,00","","20,00","","13,00","","25,00","","93,24","","","","","","Généralement nuageux"
"1967-07-22 20:00","1967","07","22","20:00"," ","18,90","","10,00","","56,00","","18,00","","10,00","","25,00","","93,24","","","","","","Généralement nuageux"
"1967-07-22 21:00","1967","07","22","21:00"," ","17,80","","10,60","","64,00","","16,00","","11,00","","25,00","","93,20","","","","","","Généralement nuageux"
"1967-07-22 22:00","1967","07","22","22:00"," ","17,20","","11,10","","67,00","","14,00","","13,00","","25,00","","93,20","","","","","","Généralement nuageux"
"1967-07-22 23:00","1967","07","22","23:00"," ","16,10","","10,60","","69,00","","14,00","","11,00","","25,00","","93,18","","","","","","Généralement nuageux"
"1967-07-23 00:00","1967","07","23","00:00"," ","16,70","","10,60","","68,00","","20,00","","16,00","","25,00","","93,14","","","","","","Généralement nuageux"
"1967-07-23 01:00","1967","07","23","01:00"," ","16,10","","10,60","","69,00","","20,00","","16,00","","25,00","","93,10","","","","","","Généralement nuageux"
"1967-07-23 02:00","1967","07","23","02:00"," ","15,60","","10,00","","69,00","","20,00","","16,00","","25,00","","93,09","","","","","","Généralement nuageux"
"1967-07-23 03:00","1967","07","23","03:00"," ","15,60","","10,00","","69,00","","23,00","","21,00","","25,00","","93,07","","","","","","Généralement nuageux"
"1967-07-23 04:00","1967","07","23","04:00"," ","15,60","","10,00","","70,00","","23,00","","21,00","","25,00","","93,04","","","","","","Généralement nuageux"
"1967-07-23 05:00","1967","07","23","05:00"," ","16,10","","10,60","","69,00","","23,00","","16,00","","25,00","","93,04","","","","","","Généralement nuageux"
"1967-07-23 06:00","1967","07","23","06:00"," ","16,10","","10,60","","69,00","","23,00","","24,00","","25,00","","93,04","","","","","","Généralement nuageux"
"1967-07-23 07:00","1967","07","23","07:00"," ","17,20","","11,10","","67,00","","23,00","","29,00","","25,00","","93,04","","","","","","Généralement nuageux"
"1967-07-23 08:00","1967","07","23","08:00"," ","17,80","","11,10","","65,00","","23,00","","29,00","","25,00","","93,02","","","","","","Généralement nuageux"
"1967-07-23 09:00","1967","07","23","09:00"," ","18,90","","12,20","","65,00","","23,00","","26,00","","25,00","","93,02","","","","","","Généralement nuageux"
"1967-07-23 10:00","1967","07","23","10:00"," ","19,40","","11,70","","60,00","","23,00","","21,00","","25,00","","93,00","","","","","","Généralement nuageux"
"1967-07-23 11:00","1967","07","23","11:00"," ","20,60","","10,60","","52,00","","23,00","","27,00","","25,00","","92,97","","","","","","Généralement nuageux"
"1967-07-23 12:00","1967","07","23","12:00"," ","20,60","","10,60","","52,00","","25,00","","18,00","","25,00","","92,94","","","","","","Généralement nuageux"
"1967-07-23 13:00","1967","07","23","13:00"," ","21,70","","9,40","","46,00","","23,00","","24,00","","25,00","","92,90","","","","","","Généralement nuageux"
"1967-07-23 14:00","1967","07","23","14:00"," ","22,80","","8,30","","40,00","","25,00","","21,00","","25,00","","92,87","","","","","","Généralement nuageux"
"1967-07-23 15:00","1967","07","23","15:00"," ","23,30","","10,00","","42,00","","23,00","","24,00","","25,00","","92,82","","25,00","","","","Généralement nuageux"
"1967-07-23 16:00","1967","07","23","16:00"," ","22,80","","10,00","","44,00","","23,00","","27,00","","25,00","","92,75","","","","","","Généralement nuageux"
"1967-07-23 17:00","1967","07","23","17:00"," ","23,30","","10,60","","45,00","","20,00","","24,00","","25,00","","92,69","","25,00","","","","Généralement nuageux"
"1967-07-23 18:00","1967","07","23","18:00"," ","22,80","","10,60","","46,00","","20,00","","16,00","","25,00","","92,65","","","","","","Généralement nuageux"
"1967-07-23 19:00","1967","07","23","19:00"," ","21,70","","12,20","","55,00","","34,00","","61,00","","12,90","","92,74","","","","","","Orages,Averses de pluie"
"1967-07-23 20:00","1967","07","23","20:00"," ","10,60","","9,40","","92,00","","34,00","","43,00","","24,10","","93,05","","","","","","Orages,Averses de pluie"
"1967-07-23 21:00","1967","07","23","21:00"," ","8,90","","6,70","","86,00","","34,00","","32,00","","25,00","","93,21","","","","","","Généralement nuageux"
"1967-07-23 22:00","1967","07","23","22:00"," ","8,30","","6,70","","90,00","","32,00","","32,00","","25,00","","93,34","","","","","","Généralement nuageux"
"1967-07-23 23:00","1967","07","23","23:00"," ","7,20","","3,30","","75,00","","34,00","","31,00","","25,00","","93,45","","","","","","Généralement dégagé"
"1967-07-24 00:00","1967","07","24","00:00"," ","6,10","","5,00","","91,00","","34,00","","23,00","","25,00","","93,52","","","","","","Généralement nuageux"
"1967-07-24 01:00","1967","07","24","01:00"," ","6,70","","4,40","","85,00","","32,00","","24,00","","25,00","","93,61","","","","","","Nuageux"
"1967-07-24 02:00","1967","07","24","02:00"," ","6,10","","3,30","","82,00","","32,00","","26,00","","25,00","","93,66","","","","","","Nuageux"
"1967-07-24 03:00","1967","07","24","03:00"," ","6,10","","3,90","","85,00","","32,00","","24,00","","25,00","","93,74","","","","","","Nuageux"
"1967-07-24 04:00","1967","07","24","04:00"," ","5,60","","3,30","","84,00","","32,00","","26,00","","25,00","","93,81","","","","","","Nuageux"
"1967-07-24 05:00","1967","07","24","05:00"," ","5,60","","3,30","","87,00","","32,00","","23,00","","25,00","","93,92","","","","","","Généralement nuageux"
"1967-07-24 06:00","1967","07","24","06:00"," ","5,60","","3,30","","84,00","","32,00","","29,00","","19,30","","93,98","","","","","","Averses de pluie"
"1967-07-24 07:00","1967","07","24","07:00"," ","6,70","","3,90","","83,00","","32,00","","16,00","","24,10","","94,06","","","","","","Nuageux"
"1967-07-24 08:00","1967","07","24","08:00"," ","7,20","","3,30","","77,00","","32,00","","16,00","","24,10","","94,08","","","","","","Pluie"
"1967-07-24 09:00","1967","07","24","09:00"," ","8,90","","3,90","","71,00","","29,00","","24,00","","25,00","","94,05","","","","","","Généralement nuageux"
"1967-07-24 10:00","1967","07","24","10:00"," ","8,90","","3,30","","69,00","","29,00","","11,00","","25,00","","94,09","","","","","","Généralement nuageux"
"1967-07-24 11:00","1967","07","24","11:00"," ","10,00","","4,40","","68,00","","25,00","","19,00","","25,00","","94,06","","","","","","Généralement nuageux"
"1967-07-24 12:00","1967","07","24","12:00"," ","12,20","","3,90","","56,00","","25,00","","18,00","","25,00","","94,01","","","","","","Généralement nuageux"
"1967-07-24 13:00","1967","07","24","13:00"," ","13,30","","4,40","","55,00","","25,00","","21,00","","25,00","","93,99","","","","","","Généralement dégagé"
"1967-07-24 14:00","1967","07","24","14:00"," ","13,90","","2,80","","47,00","","25,00","","29,00","","25,00","","93,95","","","","","","Généralement dégagé"
"1967-07-24 15:00","1967","07","24","15:00"," ","15,60","","2,80","","43,00","","25,00","","19,00","","25,00","","93,90","","","","","","Généralement dégagé"
"1967-07-24 16:00","1967","07","24","16:00"," ","15,60","","3,90","","45,00","","20,00","","23,00","","25,00","","93,87","","","","","","Généralement dégagé"
"1967-07-24 17:00","1967","07","24","17:00"," ","16,10","","3,90","","44,00","","20,00","","19,00","","25,00","","93,82","","","","","","Généralement dégagé"
"1967-07-24 18:00","1967","07","24","18:00"," ","16,10","","5,00","","48,00","","18,00","","13,00","","25,00","","93,79","","","","","","Généralement dégagé"
"1967-07-24 19:00","1967","07","24","19:00"," ","15,00","","5,60","","53,00","","18,00","","13,00","","25,00","","93,73","","","","","","Généralement nuageux"
"1967-07-24 20:00","1967","07","24","20:00"," ","13,30","","6,70","","64,00","","14,00","","13,00","","25,00","","93,71","","","","","","Généralement nuageux"
"1967-07-24 21:00","1967","07","24","21:00"," ","11,70","","5,60","","65,00","","16,00","","21,00","","25,00","","93,68","","","","","","Généralement nuageux"
"1967-07-24 22:00","1967","07","24","22:00"," ","11,70","","5,00","","63,00","","16,00","","19,00","","25,00","","93,62","","","","","","Généralement nuageux"
"1967-07-24 23:00","1967","07","24","23:00"," ","10,00","","5,60","","74,00","","14,00","","14,00","","25,00","","93,61","","","","","","Généralement nuageux"
"1967-07-25 00:00","1967","07","25","00:00"," ","9,40","","3,90","","68,00","","18,00","","6,00","","25,00","","93,57","","","","","","Généralement nuageux"
"1967-07-25 01:00","1967","07","25","01:00"," ","11,10","","4,40","","64,00","","20,00","","10,00","","25,00","","93,59","","","","","","Généralement nuageux"
"1967-07-25 02:00","1967","07","25","02:00"," ","9,40","","5,00","","75,00","","20,00","","8,00","","25,00","","93,59","","","","","","Généralement nuageux"
"1967-07-25 03:00","1967","07","25","03:00"," ","9,40","","5,60","","77,00","","32,00","","8,00","","25,00","","93,60","","","","","","Généralement nuageux"
"1967-07-25 04:00","1967","07","25","04:00"," ","7,20","","5,00","","85,00","","34,00","","13,00","","25,00","","93,64","","","","","","Généralement nuageux"
"1967-07-25 05:00","1967","07","25","05:00"," ","8,90","","5,60","","80,00","","32,00","","10,00","","25,00","","93,65","","","","","","Généralement nuageux"
"1967-07-25 06:00","1967","07","25","06:00"," ","8,30","","5,60","","84,00","","36,00","","14,00","","25,00","","93,68","","","","","","Généralement nuageux"
"1967-07-25 07:00","1967","07","25","07:00"," ","8,90","","6,10","","82,00","","36,00","","16,00","","25,00","","93,74","","","","","","Généralement nuageux"
"1967-07-25 08:00","1967","07","25","08:00"," ","11,70","","6,70","","70,00","","14,00","","3,00","","25,00","","93,74","","","","","","Généralement nuageux"
"1967-07-25 09:00","1967","07","25","09:00"," ","15,00","","7,80","","63,00","","7,00","","10,00","","25,00","","93,72","","","","","","Nuageux"
"1967-07-25 10:00","1967","07","25","10:00"," ","16,10","","5,60","","49,00","","9,00","","23,00","","25,00","","93,68","","","","","","Nuageux"
"1967-07-25 11:00","1967","07","25","11:00"," ","16,70","","5,60","","48,00","","9,00","","19,00","","25,00","","93,66","","","","","","Nuageux"
"1967-07-25 12:00","1967","07","25","12:00"," ","18,30","","7,20","","49,00","","11,00","","21,00","","25,00","","93,61","","","","","","Généralement nuageux"
"1967-07-25 13:00","1967","07","25","13:00"," ","18,90","","7,20","","47,00","","14,00","","11,00","","25,00","","93,59","","","","","","Généralement dégagé"
"1967-07-25 14:00","1967","07","25","14:00"," ","20,60","","7,80","","44,00","","23,00","","6,00","","25,00","","93,55","","","","","","Généralement dégagé"
"1967-07-25 15:00","1967","07","25","15:00"," ","21,10","","7,80","","42,00","","27,00","","11,00","","25,00","","93,49","","","","","","Généralement dégagé"
"1967-07-25 16:00","1967","07","25","16:00"," ","21,70","","7,20","","39,00","","27,00","","10,00","","25,00","","93,45","","","","","","Généralement dégagé"
"1967-07-25 17:00","1967","07","25","17:00"," ","21,10","","6,70","","39,00","","29,00","","13,00","","25,00","","93,45","","","","","","Généralement nuageux"
"1967-07-25 18:00","1967","07","25","18:00"," ","20,60","","7,20","","41,00","","2,00","","10,00","","25,00","","93,43","","","","","","Généralement nuageux"
"1967-07-25 19:00","1967","07","25","19:00"," ","20,00","","7,20","","43,00","","11,00","","5,00","","25,00","","93,45","","","","","","Averses de pluie"
"1967-07-25 20:00","1967","07","25","20:00"," ","18,90","","8,90","","51,00","","5,00","","10,00","","25,00","","93,43","","","","","","Généralement nuageux"
"1967-07-25 21:00","1967","07","25","21:00"," ","17,80","","7,80","","52,00","","16,00","","5,00","","25,00","","93,46","","","","","","Averses de pluie"
"1967-07-25 22:00","1967","07","25","22:00"," ","16,70","","8,90","","61,00","","20,00","","10,00","","25,00","","93,47","","","","","","Averses de pluie"
"1967-07-25 23:00","1967","07","25","23:00"," ","16,10","","9,40","","64,00","","0,00","","0,00","","25,00","","93,46","","","","","","Généralement nuageux"
"1967-07-26 00:00","1967","07","26","00:00"," ","15,00","","6,70","","58,00","","11,00","","8,00","","25,00","","93,44","","","","","","Généralement dégagé"
"1967-07-26 01:00","1967","07","26","01:00"," ","13,90","","6,70","","61,00","","9,00","","10,00","","25,00","","93,43","","","","","","Généralement dégagé"
"1967-07-26 02:00","1967","07","26","02:00"," ","11,70","","8,30","","80,00","","2,00","","14,00","","25,00","","93,45","","","","","","Généralement dégagé"
"1967-07-26 03:00","1967","07","26","03:00"," ","10,60","","8,30","","85,00","","0,00","","0,00","","25,00","","93,42","","","","","","Généralement dégagé"
"1967-07-26 04:00","1967","07","26","04:00"," ","9,40","","7,80","","90,00","","2,00","","3,00","","25,00","","93,42","","","","","","Généralement dégagé"
"1967-07-26 05:00","1967","07","26","05:00"," ","9,40","","7,80","","90,00","","36,00","","5,00","","25,00","","93,39","","","","","","Généralement nuageux"
"1967-07-26 06:00","1967","07","26","06:00"," ","12,20","","8,30","","77,00","","16,00","","11,00","","25,00","","93,36","","","","","","Généralement nuageux"
"1967-07-26 07:00","1967","07","26","07:00"," ","13,30","","8,90","","75,00","","14,00","","5,00","","25,00","","93,34","","","","","","Généralement nuageux"
"1967-07-26 08:00","1967","07","26","08:00"," ","14,40","","8,90","","69,00","","0,00","","0,00","","25,00","","93,34","","","","","","Nuageux"
"1967-07-26 09:00","1967","07","26","09:00"," ","16,70","","8,90","","61,00","","25,00","","5,00","","25,00","","93,29","","","","","","Généralement nuageux"
"1967-07-26 10:00","1967","07","26","10:00"," ","18,90","","9,40","","55,00","","18,00","","10,00","","25,00","","93,22","","","","","","Généralement nuageux"
"1967-07-26 11:00","1967","07","26","11:00"," ","20,60","","10,60","","52,00","","18,00","","6,00","","25,00","","93,15","","","","","","Généralement nuageux"
"1967-07-26 12:00","1967","07","26","12:00"," ","21,70","","10,60","","49,00","","20,00","","18,00","","25,00","","93,09","","","","","","Généralement nuageux"
"1967-07-26 13:00","1967","07","26","13:00"," ","22,80","","10,00","","44,00","","25,00","","18,00","","25,00","","93,04","","","","","","Nuageux"
"1967-07-26 14:00","1967","07","26","14:00"," ","23,30","","10,00","","42,00","","20,00","","11,00","","25,00","","92,99","","25,00","","","","Nuageux"
"1967-07-26 15:00","1967","07","26","15:00"," ","23,90","","8,30","","37,00","","0,00","","0,00","","25,00","","92,90","","","","","","Nuageux"
"1967-07-26 16:00","1967","07","26","16:00"," ","24,40","","7,80","","35,00","","23,00","","5,00","","25,00","","92,83","","25,00","","","","Généralement nuageux"
"1967-07-26 17:00","1967","07","26","17:00"," ","25,60","","8,90","","35,00","","14,00","","11,00","","25,00","","92,76","","26,00","","","","Généralement nuageux"
"1967-07-26 18:00","1967","07","26","18:00"," ","25,60","","9,40","","36,00","","16,00","","16,00","","25,00","","92,70","","27,00","","","","Généralement nuageux"
"1967-07-26 19:00","1967","07","26","19:00"," ","23,90","","9,40","","40,00","","16,00","","16,00","","25,00","","92,66","","25,00","","","","Généralement nuageux"
"1967-07-26 20:00","1967","07","26","20:00"," ","22,80","","11,10","","47,00","","18,00","","21,00","","25,00","","92,65","","25,00","","","","Généralement nuageux"
"1967-07-26 21:00","1967","07","26","21:00"," ","22,80","","9,40","","43,00","","20,00","","24,00","","25,00","","92,60","","","","","","Généralement nuageux"
"1967-07-26 22:00","1967","07","26","22:00"," ","20,60","","9,40","","49,00","","23,00","","21,00","","25,00","","92,60","","","","","","Généralement dégagé"
"1967-07-26 23:00","1967","07","26","23:00"," ","19,40","","10,00","","54,00","","27,00","","16,00","","25,00","","92,63","","","","","","Généralement dégagé"
"1967-07-27 00:00","1967","07","27","00:00"," ","16,10","","10,00","","68,00","","32,00","","26,00","","25,00","","92,69","","","","","","Généralement dégagé"
"1967-07-27 01:00","1967","07","27","01:00"," ","13,90","","10,00","","78,00","","34,00","","21,00","","25,00","","92,75","","","","","","Généralement dégagé"
"1967-07-27 02:00","1967","07","27","02:00"," ","13,30","","10,00","","81,00","","34,00","","23,00","","25,00","","92,84","","","","","","Généralement dégagé"
"1967-07-27 03:00","1967","07","27","03:00"," ","13,30","","10,60","","85,00","","34,00","","19,00","","25,00","","92,91","","","","","","Généralement dégagé"
"1967-07-27 04:00","1967","07","27","04:00"," ","12,20","","10,60","","89,00","","34,00","","14,00","","25,00","","92,96","","","","","","Généralement nuageux"
"1967-07-27 05:00","1967","07","27","05:00"," ","12,20","","10,00","","88,00","","34,00","","16,00","","25,00","","93,00","","","","","","Généralement nuageux"
"1967-07-27 06:00","1967","07","27","06:00"," ","13,30","","12,20","","91,00","","34,00","","18,00","","25,00","","93,02","","","","","","Généralement nuageux"
"1967-07-27 07:00","1967","07","27","07:00"," ","14,40","","12,20","","87,00","","32,00","","6,00","","25,00","","93,06","","","","","","Généralement nuageux"
"1967-07-27 08:00","1967","07","27","08:00"," ","16,70","","13,30","","80,00","","29,00","","3,00","","25,00","","93,06","","","","","","Généralement nuageux"
"1967-07-27 09:00","1967","07","27","09:00"," ","17,80","","12,80","","73,00","","20,00","","8,00","","25,00","","93,07","","","","","","Nuageux"
"1967-07-27 10:00","1967","07","27","10:00"," ","18,30","","11,70","","66,00","","20,00","","6,00","","25,00","","93,07","","","","","","Nuageux"
"1967-07-27 11:00","1967","07","27","11:00"," ","19,40","","11,70","","60,00","","20,00","","11,00","","25,00","","93,07","","","","","","Généralement nuageux"
"1967-07-27 12:00","1967","07","27","12:00"," ","20,60","","11,70","","56,00","","23,00","","13,00","","25,00","","93,07","","","","","","Généralement nuageux"
"1967-07-27 13:00","1967","07","27","13:00"," ","21,70","","11,10","","52,00","","23,00","","8,00","","25,00","","93,06","","","","","","Généralement nuageux"
"1967-07-27 14:00","1967","07","27","14:00"," ","22,80","","12,20","","51,00","","18,00","","16,00","","25,00","","93,03","","25,00","","","","Généralement nuageux"
"1967-07-27 15:00","1967","07","27","15:00"," ","23,30","","11,10","","46,00","","20,00","","24,00","","25,00","","93,03","","25,00","","","","Généralement nuageux"
"1967-07-27 16:00","1967","07","27","16:00"," ","24,40","","11,10","","42,00","","20,00","","19,00","","25,00","","92,97","","26,00","","","","Généralement nuageux"
"1967-07-27 17:00","1967","07","27","17:00"," ","24,40","","11,10","","44,00","","20,00","","16,00","","25,00","","92,95","","26,00","","","","Généralement nuageux"
"1967-07-27 18:00","1967","07","27","18:00"," ","23,90","","11,70","","46,00","","23,00","","11,00","","25,00","","92,94","","26,00","","","","Généralement nuageux"
"1967-07-27 19:00","1967","07","27","19:00"," ","23,30","","11,10","","46,00","","23,00","","5,00","","25,00","","92,92","","25,00","","","","Généralement nuageux"
"1967-07-27 20:00","1967","07","27","20:00"," ","22,20","","12,20","","52,00","","20,00","","11,00","","25,00","","92,94","","25,00","","","","Généralement dégagé"
"1967-07-27 21:00","1967","07","27","21:00"," ","20,00","","11,10","","56,00","","18,00","","8,00","","25,00","","92,98","","","","","","Généralement dégagé"
"1967-07-27 22:00","1967","07","27","22:00"," ","18,90","","11,10","","60,00","","18,00","","6,00","","25,00","","92,99","","","","","","Généralement dégagé"
"1967-07-27 23:00","1967","07","27","23:00"," ","17,80","","10,60","","62,00","","20,00","","8,00","","25,00","","92,98","","","","","","Généralement dégagé"
"1967-07-28 00:00","1967","07","28","00:00"," ","17,20","","10,60","","65,00","","18,00","","8,00","","25,00","","92,99","","","","","","Dégagé"
"1967-07-28 01:00","1967","07","28","01:00"," ","15,60","","10,00","","70,00","","23,00","","13,00","","25,00","","93,01","","","","","","Dégagé"
"1967-07-28 02:00","1967","07","28","02:00"," ","15,00","","10,00","","71,00","","23,00","","11,00","","25,00","","93,03","","","","","","Dégagé"
"1967-07-28 03:00","1967","07","28","03:00"," ","15,00","","9,40","","69,00","","25,00","","11,00","","25,00","","93,04","","","","","","Généralement dégagé"
"1967-07-28 04:00","1967","07","28","04:00"," ","14,40","","9,40","","71,00","","20,00","","13,00","","25,00","","93,05","","","","","","Généralement dégagé"
"1967-07-28 05:00","1967","07","28","05:00"," ","13,30","","9,40","","78,00","","23,00","","11,00","","25,00","","93,05","","","","","","Généralement dégagé"
"1967-07-28 06:00","1967","07","28","06:00"," ","14,40","","10,00","","76,00","","18,00","","11,00","","25,00","","93,08","","","","","","Généralement dégagé"
"1967-07-28 07:00","1967","07","28","07:00"," ","16,10","","9,40","","64,00","","23,00","","16,00","","25,00","","93,09","","","","","","Généralement nuageux"
"1967-07-28 08:00","1967","07","28","08:00"," ","17,20","","9,40","","61,00","","20,00","","11,00","","25,00","","93,10","","","","","","Généralement nuageux"
"1967-07-28 09:00","1967","07","28","09:00"," ","18,30","","10,00","","59,00","","23,00","","13,00","","25,00","","93,11","","","","","","Généralement nuageux"
"1967-07-28 10:00","1967","07","28","10:00"," ","18,90","","11,10","","60,00","","20,00","","16,00","","25,00","","93,12","","","","","","Généralement nuageux"
"1967-07-28 11:00","1967","07","28","11:00"," ","20,00","","11,10","","56,00","","20,00","","19,00","","25,00","","93,10","","","","","","Généralement nuageux"
"1967-07-28 12:00","1967","07","28","12:00"," ","22,20","","10,60","","48,00","","20,00","","16,00","","25,00","","93,06","","","","","","Généralement dégagé"
"1967-07-28 13:00","1967","07","28","13:00"," ","23,90","","11,70","","46,00","","20,00","","16,00","","25,00","","93,04","","26,00","","","","Généralement dégagé"
"1967-07-28 14:00","1967","07","28","14:00"," ","23,30","","8,90","","40,00","","20,00","","19,00","","25,00","","93,00","","","","","","Orages"
"1967-07-28 15:00","1967","07","28","15:00"," ","22,20","","11,10","","49,00","","16,00","","21,00","","25,00","","92,99","","","","","","Orages"
"1967-07-28 16:00","1967","07","28","16:00"," ","24,40","","10,60","","41,00","","18,00","","21,00","","25,00","","92,92","","26,00","","","","Généralement dégagé"
"1967-07-28 17:00","1967","07","28","17:00"," ","25,60","","8,30","","34,00","","20,00","","31,00","","25,00","","92,90","","26,00","","","","Généralement dégagé"
"1967-07-28 18:00","1967","07","28","18:00"," ","23,90","","8,90","","38,00","","23,00","","29,00","","25,00","","92,91","","25,00","","","","Généralement dégagé"
"1967-07-28 19:00","1967","07","28","19:00"," ","22,80","","8,30","","40,00","","23,00","","24,00","","25,00","","92,94","","","","","","Généralement dégagé"
"1967-07-28 20:00","1967","07","28","20:00"," ","20,60","","7,80","","44,00","","23,00","","27,00","","25,00","","92,98","","","","","","Généralement dégagé"
"1967-07-28 21:00","1967","07","28","21:00"," ","19,40","","7,20","","46,00","","23,00","","34,00","","25,00","","92,99","","","","","","Généralement dégagé"
"1967-07-28 22:00","1967","07","28","22:00"," ","17,80","","6,70","","48,00","","23,00","","26,00","","25,00","","93,02","","","","","","Généralement dégagé"
"1967-07-28 23:00","1967","07","28","23:00"," ","16,10","","6,10","","51,00","","23,00","","24,00","","25,00","","93,07","","","","","","Généralement dégagé"
"1967-07-29 00:00","1967","07","29","00:00"," ","15,00","","6,10","","55,00","","23,00","","24,00","","25,00","","93,08","","","","","","Généralement dégagé"
"1967-07-29 01:00","1967","07","29","01:00"," ","14,40","","6,10","","58,00","","23,00","","21,00","","25,00","","93,13","","","","","","Généralement dégagé"
"1967-07-29 02:00","1967","07","29","02:00"," ","13,30","","6,10","","62,00","","23,00","","24,00","","25,00","","93,16","","","","","","Généralement dégagé"
"1967-07-29 03:00","1967","07","29","03:00"," ","13,30","","6,70","","64,00","","23,00","","24,00","","25,00","","93,15","","","","","","Généralement dégagé"
"1967-07-29 04:00","1967","07","29","04:00"," ","12,80","","6,10","","63,00","","23,00","","24,00","","25,00","","93,19","","","","","","Généralement dégagé"
"1967-07-29 05:00","1967","07","29","05:00"," ","12,20","","6,10","","67,00","","23,00","","21,00","","25,00","","93,21","","","","","","Généralement dégagé"
"1967-07-29 06:00","1967","07","29","06:00"," ","13,90","","7,20","","64,00","","23,00","","23,00","","25,00","","93,22","","","","","","Généralement dégagé"
"1967-07-29 07:00","1967","07","29","07:00"," ","15,00","","6,70","","58,00","","23,00","","24,00","","25,00","","93,25","","","","","","Généralement dégagé"
"1967-07-29 08:00","1967","07","29","08:00"," ","16,70","","7,80","","55,00","","23,00","","24,00","","25,00","","93,26","","","","","","Généralement dégagé"
"1967-07-29 09:00","1967","07","29","09:00"," ","18,90","","8,30","","50,00","","23,00","","32,00","","25,00","","93,26","","","","","","Généralement nuageux"
"1967-07-29 10:00","1967","07","29","10:00"," ","19,40","","6,70","","43,00","","25,00","","29,00","","25,00","","93,27","","","","","","Généralement dégagé"
"1967-07-29 11:00","1967","07","29","11:00"," ","20,60","","6,70","","40,00","","23,00","","32,00","","25,00","","93,26","","","","","","Généralement dégagé"
"1967-07-29 12:00","1967","07","29","12:00"," ","21,70","","7,20","","39,00","","23,00","","24,00","","25,00","","93,25","","","","","","Généralement dégagé"
"1967-07-29 13:00","1967","07","29","13:00"," ","21,70","","6,10","","36,00","","23,00","","32,00","","25,00","","93,24","","","","","","Généralement nuageux"
"1967-07-29 14:00","1967","07","29","14:00"," ","23,90","","8,30","","37,00","","25,00","","26,00","","25,00","","93,21","","","","","","Généralement nuageux"
"1967-07-29 15:00","1967","07","29","15:00"," ","23,30","","6,10","","33,00","","25,00","","29,00","","25,00","","93,20","","","","","","Généralement nuageux"
"1967-07-29 16:00","1967","07","29","16:00"," ","22,20","","5,60","","34,00","","25,00","","24,00","","25,00","","93,18","","","","","","Généralement nuageux"
"1967-07-29 17:00","1967","07","29","17:00"," ","22,20","","6,10","","36,00","","20,00","","24,00","","25,00","","93,16","","","","","","Généralement nuageux"
"1967-07-29 18:00","1967","07","29","18:00"," ","21,70","","6,70","","37,00","","23,00","","23,00","","25,00","","93,15","","","","","","Généralement nuageux"
"1967-07-29 19:00","1967","07","29","19:00"," ","20,60","","7,20","","41,00","","23,00","","14,00","","25,00","","93,13","","","","","","Généralement nuageux"
"1967-07-29 20:00","1967","07","29","20:00"," ","18,30","","7,20","","49,00","","23,00","","24,00","","25,00","","93,17","","","","","","Généralement nuageux"
"1967-07-29 21:00","1967","07","29","21:00"," ","16,10","","7,20","","55,00","","23,00","","18,00","","25,00","","93,18","","","","","","Généralement nuageux"
"1967-07-29 22:00","1967","07","29","22:00"," ","15,60","","7,20","","58,00","","23,00","","19,00","","25,00","","93,16","","","","","","Généralement nuageux"
"1967-07-29 23:00","1967","07","29","23:00"," ","15,00","","7,80","","61,00","","20,00","","11,00","","25,00","","93,17","","","","","","Généralement nuageux"
"1967-07-30 00:00","1967","07","30","00:00"," ","15,00","","7,80","","61,00","","20,00","","29,00","","25,00","","93,18","","","","","","Nuageux"
"1967-07-30 01:00","1967","07","30","01:00"," ","14,40","","6,70","","61,00","","23,00","","24,00","","25,00","","93,17","","","","","","Pluie"
"1967-07-30 02:00","1967","07","30","02:00"," ","12,80","","8,90","","78,00","","18,00","","8,00","","25,00","","93,13","","","","","","Pluie"
"1967-07-30 03:00","1967","07","30","03:00"," ","11,10","","9,40","","89,00","","18,00","","16,00","","25,00","","93,15","","","","","","Généralement nuageux"
"1967-07-30 04:00","1967","07","30","04:00"," ","11,70","","8,30","","79,00","","20,00","","16,00","","25,00","","93,15","","","","","","Généralement nuageux"
"1967-07-30 05:00","1967","07","30","05:00"," ","11,70","","7,80","","77,00","","18,00","","11,00","","25,00","","93,13","","","","","","Généralement nuageux"
"1967-07-30 06:00","1967","07","30","06:00"," ","12,20","","7,80","","74,00","","20,00","","16,00","","25,00","","93,11","","","","","","Généralement nuageux"
"1967-07-30 07:00","1967","07","30","07:00"," ","12,20","","7,20","","71,00","","20,00","","24,00","","25,00","","93,12","","","","","","Généralement nuageux"
"1967-07-30 08:00","1967","07","30","08:00"," ","13,30","","7,20","","67,00","","23,00","","23,00","","25,00","","93,11","","","","","","Généralement nuageux"
"1967-07-30 09:00","1967","07","30","09:00"," ","15,60","","8,30","","62,00","","23,00","","29,00","","25,00","","93,11","","","","","","Généralement nuageux"
"1967-07-30 10:00","1967","07","30","10:00"," ","15,60","","8,30","","62,00","","25,00","","19,00","","25,00","","93,07","","","","","","Généralement nuageux"
"1967-07-30 11:00","1967","07","30","11:00"," ","15,00","","7,80","","63,00","","23,00","","19,00","","25,00","","93,09","","","","","","Généralement nuageux"
"1967-07-30 12:00","1967","07","30","12:00"," ","16,70","","8,30","","57,00","","27,00","","13,00","","25,00","","93,05","","","","","","Généralement nuageux"
"1967-07-30 13:00","1967","07","30","13:00"," ","17,80","","8,30","","53,00","","23,00","","19,00","","25,00","","93,03","","","","","","Généralement nuageux"
"1967-07-30 14:00","1967","07","30","14:00"," ","18,90","","6,70","","45,00","","18,00","","19,00","","25,00","","92,99","","","","","","Généralement dégagé"
"1967-07-30 15:00","1967","07","30","15:00"," ","15,00","","8,30","","64,00","","23,00","","29,00","","24,10","","93,02","","","","","","Averses de pluie"
"1967-07-30 16:00","1967","07","30","16:00"," ","16,10","","7,20","","56,00","","18,00","","24,00","","25,00","","92,96","","","","","","Généralement nuageux"
"1967-07-30 17:00","1967","07","30","17:00"," ","16,10","","7,80","","58,00","","23,00","","24,00","","25,00","","92,98","","","","","","Nuageux"
"1967-07-30 18:00","1967","07","30","18:00"," ","15,00","","5,60","","54,00","","20,00","","23,00","","25,00","","92,99","","","","","","Nuageux"
"1967-07-30 19:00","1967","07","30","19:00"," ","13,90","","6,10","","60,00","","23,00","","16,00","","25,00","","93,03","","","","","","Nuageux"
"1967-07-30 20:00","1967","07","30","20:00"," ","13,30","","6,10","","62,00","","23,00","","14,00","","25,00","","93,04","","","","","","Nuageux"
"1967-07-30 21:00","1967","07","30","21:00"," ","12,20","","6,10","","67,00","","23,00","","27,00","","25,00","","93,05","","","","","","Nuageux"
"1967-07-30 22:00","1967","07","30","22:00"," ","11,10","","7,80","","80,00","","23,00","","16,00","","25,00","","93,06","","","","","","Nuageux"
"1967-07-30 23:00","1967","07","30","23:00"," ","10,60","","7,20","","80,00","","23,00","","21,00","","25,00","","93,04","","","","","","Nuageux"
"1967-07-31 00:00","1967","07","31","00:00"," ","10,00","","6,70","","81,00","","23,00","","16,00","","25,00","","93,02","","","","","","Nuageux"
"1967-07-31 01:00","1967","07","31","01:00"," ","9,40","","6,10","","79,00","","23,00","","19,00","","25,00","","92,99","","","","","","Nuageux"
"1967-07-31 02:00","1967","07","31","02:00"," ","8,90","","5,60","","80,00","","23,00","","21,00","","25,00","","92,97","","","","","","Nuageux"
"1967-07-31 03:00","1967","07","31","03:00"," ","8,90","","6,10","","82,00","","25,00","","16,00","","25,00","","92,97","","","","","","Pluie"
"1967-07-31 04:00","1967","07","31","04:00"," ","8,30","","7,20","","92,00","","23,00","","21,00","","25,00","","92,95","","","","","","Pluie"
"1967-07-31 05:00","1967","07","31","05:00"," ","7,80","","7,20","","96,00","","25,00","","21,00","","24,10","","92,96","","","","","","Pluie"
"1967-07-31 06:00","1967","07","31","06:00"," ","7,80","","7,20","","98,00","","25,00","","21,00","","24,10","","92,96","","","","","","Pluie"
"1967-07-31 07:00","1967","07","31","07:00"," ","7,80","","7,80","","100,00","","25,00","","16,00","","16,10","","92,96","","","","","","Nuageux"
"1967-07-31 08:00","1967","07","31","08:00"," ","9,40","","8,90","","96,00","","25,00","","14,00","","19,30","","93,00","","","","","","Nuageux"
"1967-07-31 09:00","1967","07","31","09:00"," ","10,60","","10,00","","96,00","","25,00","","19,00","","24,10","","93,01","","","","","","Généralement nuageux"
"1967-07-31 10:00","1967","07","31","10:00"," ","12,80","","11,10","","91,00","","27,00","","16,00","","25,00","","93,02","","","","","","Généralement nuageux"
"1967-07-31 11:00","1967","07","31","11:00"," ","15,60","","10,00","","69,00","","29,00","","29,00","","25,00","","93,04","","","","","","Généralement nuageux"
"1967-07-31 12:00","1967","07","31","12:00"," ","15,60","","11,10","","75,00","","27,00","","40,00","","24,10","","93,09","","","","","","Averses de pluie"
"1967-07-31 13:00","1967","07","31","13:00"," ","17,20","","10,60","","65,00","","27,00","","35,00","","25,00","","93,14","","","","","","Orages,Averses de pluie"
"1967-07-31 14:00","1967","07","31","14:00"," ","14,40","","8,30","","66,00","","2,00","","3,00","","24,10","","93,20","","","","","","Orages,Averses de pluie modérées"
"1967-07-31 15:00","1967","07","31","15:00"," ","12,20","","9,40","","82,00","","25,00","","11,00","","25,00","","93,18","","","","","","Orages,Averses de pluie"
"1967-07-31 16:00","1967","07","31","16:00"," ","13,30","","10,60","","83,00","","25,00","","13,00","","25,00","","93,19","","","","","","Généralement nuageux"
"1967-07-31 17:00","1967","07","31","17:00"," ","16,10","","11,10","","71,00","","23,00","","23,00","","25,00","","93,25","","","","","","Averses de pluie"
"1967-07-31 18:00","1967","07","31","18:00"," ","13,90","","10,00","","78,00","","25,00","","21,00","","25,00","","93,25","","","","","","Généralement nuageux"
"1967-07-31 19:00","1967","07","31","19:00"," ","14,40","","10,00","","74,00","","23,00","","19,00","","25,00","","93,26","","","","","","Généralement nuageux"
"1967-07-31 20:00","1967","07","31","20:00"," ","13,30","","10,00","","81,00","","25,00","","13,00","","25,00","","93,29","","","","","","Généralement nuageux"
"1967-07-31 21:00","1967","07","31","21:00"," ","12,80","","10,00","","84,00","","23,00","","13,00","","25,00","","93,30","","","","","","Généralement nuageux"
"1967-07-31 22:00","1967","07","31","22:00"," ","12,80","","10,60","","88,00","","23,00","","13,00","","25,00","","93,37","","","","","","Généralement nuageux"
"1967-07-31 23:00","1967","07","31","23:00"," ","12,20","","11,10","","93,00","","25,00","","19,00","","25,00","","93,38","","","","","","Généralement nuageux"
