"Nom de la Station","EDMONTON INT'L A"
"Province","ALBERTA"
"Latitude","53,32"
"Longitude","-113,58"
"Altitude","723,30"
"Identification Climat","3012205"
"Identification OMM","71123"
"Identification TC","YEG"
"Toutes les heures sont exprimées en heure normale locale (HNL). Pour convertir l'heure locale en heure avancée de l'Est (HAE), ajoutez 1 heure s'il y a lieu."

"Légende"
"M","Données Manquantes"
"E","Valeur Estimée"
"ND","Non Disponible"
"**","Données fournies par un partenaire, non assujetties à un révision par les Archives climatiques nationales du Canada"

"Date/Heure","Année","Mois","Jour","Heure","Qualité des Données","Temp (°C)","Temp Indicateur","Point de rosée (°C)","Point de rosée Indicateur","Hum. rel (%)","Hum. rel. Indicateur","Dir. du vent (10s deg)","Dir. du vent Indicateur","Vit. du vent (km/h)","Vit. du vent Indicateur","Visibilité (km)","Visibilité Indicateur","Pression à la station (kPa)","Pression à la station Indicateur","Hmdx","Hmdx Indicateur","Refroid. éolien","Refroid. éolien Indicateur","Temps"
"2000-03-01 00:00","2000","03","01","00:00"," ","-4,70","","-9,00","","72,00","","13,00","","19,00","","24,10","","92,80","","","","-11,00","","Nuageux"
"2000-03-01 01:00","2000","03","01","01:00"," ","-4,30","","-8,40","","73,00","","14,00","","19,00","","24,10","","92,80","","","","-10,00","","Nuageux"
"2000-03-01 02:00","2000","03","01","02:00"," ","-4,60","","-8,60","","74,00","","13,00","","22,00","","24,10","","92,80","","","","-11,00","","Généralement nuageux"
"2000-03-01 03:00","2000","03","01","03:00"," ","-6,40","","-9,90","","76,00","","12,00","","13,00","","24,10","","92,80","","","","-12,00","","Généralement nuageux"
"2000-03-01 04:00","2000","03","01","04:00"," ","-5,30","","-8,90","","76,00","","14,00","","11,00","","24,10","","92,77","","","","-10,00","","Nuageux"
"2000-03-01 05:00","2000","03","01","05:00"," ","-8,40","","-12,00","","75,00","","14,00","","11,00","","24,10","","92,74","","","","-14,00","","Généralement dégagé"
"2000-03-01 06:00","2000","03","01","06:00"," ","-8,60","","-11,90","","77,00","","18,00","","6,00","","24,10","","92,77","","","","-12,00","","Généralement dégagé"
"2000-03-01 07:00","2000","03","01","07:00"," ","-11,80","","-14,00","","84,00","","18,00","","9,00","","24,10","","92,77","","","","-17,00","","Dégagé"
"2000-03-01 08:00","2000","03","01","08:00"," ","-11,30","","-14,60","","77,00","","18,00","","13,00","","16,10","","92,77","","","","-18,00","","Dégagé"
"2000-03-01 09:00","2000","03","01","09:00"," ","-10,50","","-13,80","","77,00","","20,00","","6,00","","16,10","","92,80","","","","-14,00","","Dégagé"
"2000-03-01 10:00","2000","03","01","10:00"," ","-6,80","","-10,60","","74,00","","0,00","","0,00","","16,10","","92,83","","","","","","Dégagé"
"2000-03-01 11:00","2000","03","01","11:00"," ","-4,70","","-8,90","","72,00","","16,00","","6,00","","16,10","","92,83","","","","-7,00","","Généralement nuageux"
"2000-03-01 12:00","2000","03","01","12:00"," ","-2,10","","-6,80","","70,00","","19,00","","4,00","","19,30","","92,83","","","","-4,00","","Généralement dégagé"
"2000-03-01 13:00","2000","03","01","13:00"," ","0,00","","-6,00","","64,00","","17,00","","6,00","","16,10","","92,80","","","","-2,00","","Généralement nuageux"
"2000-03-01 14:00","2000","03","01","14:00"," ","0,90","","-4,50","","67,00","","11,00","","9,00","","16,10","","92,71","","","","","","Généralement nuageux"
"2000-03-01 15:00","2000","03","01","15:00"," ","1,80","","-3,20","","69,00","","13,00","","7,00","","16,10","","92,71","","","","","","Généralement dégagé"
"2000-03-01 16:00","2000","03","01","16:00"," ","1,20","","-4,20","","67,00","","13,00","","17,00","","19,30","","92,68","","","","","","Généralement nuageux"
"2000-03-01 17:00","2000","03","01","17:00"," ","1,10","","-4,30","","67,00","","12,00","","19,00","","16,10","","92,64","","","","","","Généralement nuageux"
"2000-03-01 18:00","2000","03","01","18:00"," ","0,20","","-4,80","","69,00","","12,00","","20,00","","16,10","","92,61","","","","","","Généralement nuageux"
"2000-03-01 19:00","2000","03","01","19:00"," ","-0,70","","-5,80","","68,00","","14,00","","22,00","","19,30","","92,58","","","","-6,00","","Généralement nuageux"
"2000-03-01 20:00","2000","03","01","20:00"," ","-1,30","","-6,10","","70,00","","13,00","","20,00","","19,30","","92,52","","","","-7,00","","Généralement nuageux"
"2000-03-01 21:00","2000","03","01","21:00"," ","-2,90","","-6,90","","74,00","","14,00","","17,00","","24,10","","92,52","","","","-8,00","","Généralement dégagé"
"2000-03-01 22:00","2000","03","01","22:00"," ","-0,70","","-6,10","","67,00","","15,00","","19,00","","24,10","","92,49","","","","-6,00","","Généralement nuageux"
"2000-03-01 23:00","2000","03","01","23:00"," ","-0,70","","-6,40","","65,00","","15,00","","20,00","","24,10","","92,45","","","","-6,00","","Généralement nuageux"
"2000-03-02 00:00","2000","03","02","00:00"," ","-0,10","","-6,40","","62,00","","17,00","","20,00","","24,10","","92,42","","","","-5,00","","Généralement nuageux"
"2000-03-02 01:00","2000","03","02","01:00"," ","-1,70","","-7,10","","67,00","","17,00","","22,00","","24,10","","92,39","","","","-8,00","","Généralement nuageux"
"2000-03-02 02:00","2000","03","02","02:00"," ","-3,60","","-8,30","","70,00","","18,00","","17,00","","24,10","","92,39","","","","-9,00","","Généralement dégagé"
"2000-03-02 03:00","2000","03","02","03:00"," ","-4,70","","-8,60","","74,00","","16,00","","4,00","","24,10","","92,42","","","","-6,00","","Généralement nuageux"
"2000-03-02 04:00","2000","03","02","04:00"," ","-7,40","","-10,80","","77,00","","18,00","","6,00","","24,10","","92,39","","","","-11,00","","Généralement nuageux"
"2000-03-02 05:00","2000","03","02","05:00"," ","-7,80","","-11,30","","76,00","","17,00","","7,00","","24,10","","92,39","","","","-11,00","","Généralement nuageux"
"2000-03-02 06:00","2000","03","02","06:00"," ","-7,00","","-10,80","","74,00","","13,00","","6,00","","24,10","","92,42","","","","-10,00","","Nuageux"
"2000-03-02 07:00","2000","03","02","07:00"," ","-7,20","","-10,90","","75,00","","22,00","","6,00","","24,10","","92,45","","","","-10,00","","Généralement nuageux"
"2000-03-02 08:00","2000","03","02","08:00"," ","-5,90","","-9,30","","77,00","","18,00","","6,00","","24,10","","92,49","","","","-9,00","","Généralement nuageux"
"2000-03-02 09:00","2000","03","02","09:00"," ","-5,20","","-8,80","","76,00","","22,00","","4,00","","24,10","","92,58","","","","-7,00","","Généralement nuageux"
"2000-03-02 10:00","2000","03","02","10:00"," ","-4,50","","-7,90","","77,00","","0,00","","0,00","","24,10","","92,61","","","","","","Généralement nuageux"
"2000-03-02 11:00","2000","03","02","11:00"," ","-2,00","","-6,90","","69,00","","19,00","","6,00","","24,10","","92,61","","","","-4,00","","Généralement nuageux"
"2000-03-02 12:00","2000","03","02","12:00"," ","-1,00","","-6,30","","67,00","","18,00","","6,00","","24,10","","92,61","","","","-3,00","","Généralement nuageux"
"2000-03-02 13:00","2000","03","02","13:00"," ","0,40","","-5,40","","65,00","","21,00","","6,00","","24,10","","92,61","","","","","","Généralement nuageux"
"2000-03-02 14:00","2000","03","02","14:00"," ","2,20","","-4,40","","62,00","","20,00","","6,00","","24,10","","92,58","","","","","","Généralement nuageux"
"2000-03-02 15:00","2000","03","02","15:00"," ","3,10","","-5,20","","54,00","","0,00","","0,00","","24,10","","92,58","","","","","","Généralement nuageux"
"2000-03-02 16:00","2000","03","02","16:00"," ","2,80","","-4,90","","57,00","","14,00","","7,00","","24,10","","92,58","","","","","","Généralement nuageux"
"2000-03-02 17:00","2000","03","02","17:00"," ","2,60","","-3,20","","66,00","","15,00","","6,00","","24,10","","92,58","","","","","","Généralement nuageux"
"2000-03-02 18:00","2000","03","02","18:00"," ","0,80","","-3,60","","72,00","","18,00","","6,00","","24,10","","92,58","","","","","","Généralement nuageux"
"2000-03-02 19:00","2000","03","02","19:00"," ","0,40","","-3,80","","73,00","","36,00","","6,00","","24,10","","92,68","","","","","","Généralement nuageux"
"2000-03-02 20:00","2000","03","02","20:00"," ","0,80","","-3,00","","76,00","","17,00","","4,00","","24,10","","92,71","","","","","","Généralement nuageux"
"2000-03-02 21:00","2000","03","02","21:00"," ","-0,60","","-4,40","","75,00","","12,00","","6,00","","24,10","","92,77","","","","-3,00","","Généralement nuageux"
"2000-03-02 22:00","2000","03","02","22:00"," ","-2,60","","-6,00","","77,00","","23,00","","4,00","","24,10","","92,83","","","","-4,00","","Généralement dégagé"
"2000-03-02 23:00","2000","03","02","23:00"," ","-5,30","","-7,90","","82,00","","22,00","","7,00","","24,10","","92,90","","","","-9,00","","Généralement dégagé"
"2000-03-03 00:00","2000","03","03","00:00"," ","-4,90","","-8,80","","74,00","","25,00","","11,00","","24,10","","92,96","","","","-9,00","","Généralement dégagé"
"2000-03-03 01:00","2000","03","03","01:00"," ","-4,50","","-8,70","","72,00","","20,00","","13,00","","24,10","","92,90","","","","-10,00","","Dégagé"
"2000-03-03 02:00","2000","03","03","02:00"," ","-5,20","","-9,30","","73,00","","20,00","","9,00","","24,10","","92,93","","","","-9,00","","Dégagé"
"2000-03-03 03:00","2000","03","03","03:00"," ","-8,40","","-12,20","","74,00","","19,00","","6,00","","24,10","","92,93","","","","-12,00","","Dégagé"
"2000-03-03 04:00","2000","03","03","04:00"," ","-9,00","","-12,70","","74,00","","18,00","","6,00","","24,10","","92,90","","","","-12,00","","Dégagé"
"2000-03-03 05:00","2000","03","03","05:00"," ","-8,90","","-11,90","","79,00","","18,00","","7,00","","24,10","","92,90","","","","-13,00","","Dégagé"
"2000-03-03 06:00","2000","03","03","06:00"," ","-8,60","","-11,50","","80,00","","19,00","","6,00","","24,10","","92,90","","","","-12,00","","Généralement dégagé"
"2000-03-03 07:00","2000","03","03","07:00"," ","-5,00","","-9,60","","70,00","","16,00","","7,00","","24,10","","92,83","","","","-8,00","","Généralement nuageux"
"2000-03-03 08:00","2000","03","03","08:00"," ","-3,90","","-8,70","","69,00","","17,00","","15,00","","24,10","","92,77","","","","-9,00","","Généralement nuageux"
"2000-03-03 09:00","2000","03","03","09:00"," ","-2,70","","-7,70","","68,00","","18,00","","15,00","","24,10","","92,71","","","","-8,00","","Généralement nuageux"
"2000-03-03 10:00","2000","03","03","10:00"," ","-0,70","","-6,70","","64,00","","17,00","","19,00","","24,10","","92,64","","","","-6,00","","Généralement nuageux"
"2000-03-03 11:00","2000","03","03","11:00"," ","2,20","","-5,50","","57,00","","16,00","","15,00","","24,10","","92,52","","","","","","Généralement nuageux"
"2000-03-03 12:00","2000","03","03","12:00"," ","2,00","","-3,60","","66,00","","18,00","","17,00","","24,10","","92,45","","","","","","Généralement nuageux"
"2000-03-03 13:00","2000","03","03","13:00"," ","2,60","","-3,20","","66,00","","18,00","","17,00","","24,10","","92,33","","","","","","Généralement nuageux"
"2000-03-03 14:00","2000","03","03","14:00"," ","2,90","","-2,80","","66,00","","18,00","","19,00","","24,10","","92,23","","","","","","Généralement nuageux"
"2000-03-03 15:00","2000","03","03","15:00"," ","3,00","","-2,90","","65,00","","18,00","","19,00","","24,10","","92,17","","","","","","Généralement nuageux"
"2000-03-03 16:00","2000","03","03","16:00"," ","2,80","","-3,50","","63,00","","18,00","","13,00","","24,10","","92,17","","","","","","Généralement nuageux"
"2000-03-03 17:00","2000","03","03","17:00"," ","3,60","","-3,60","","59,00","","18,00","","11,00","","24,10","","92,11","","","","","","Généralement nuageux"
"2000-03-03 18:00","2000","03","03","18:00"," ","1,20","","-4,60","","65,00","","16,00","","9,00","","24,10","","92,08","","","","","","Généralement dégagé"
"2000-03-03 19:00","2000","03","03","19:00"," ","0,60","","-5,40","","64,00","","18,00","","15,00","","24,10","","92,04","","","","","","Généralement nuageux"
"2000-03-03 20:00","2000","03","03","20:00"," ","-2,10","","-6,90","","70,00","","18,00","","15,00","","24,10","","92,08","","","","-7,00","","Généralement dégagé"
"2000-03-03 21:00","2000","03","03","21:00"," ","-2,80","","-7,20","","72,00","","19,00","","17,00","","24,10","","92,04","","","","-8,00","","Généralement nuageux"
"2000-03-03 22:00","2000","03","03","22:00"," ","-1,20","","-6,60","","67,00","","21,00","","11,00","","24,10","","92,08","","","","-5,00","","Généralement nuageux"
"2000-03-03 23:00","2000","03","03","23:00"," ","-5,50","","-8,90","","77,00","","21,00","","6,00","","24,10","","92,11","","","","-8,00","","Généralement dégagé"
"2000-03-04 00:00","2000","03","04","00:00"," ","-5,40","","-9,30","","74,00","","18,00","","6,00","","24,10","","92,04","","","","-8,00","","Généralement dégagé"
"2000-03-04 01:00","2000","03","04","01:00"," ","-7,70","","-11,00","","77,00","","18,00","","7,00","","24,10","","92,01","","","","-11,00","","Généralement dégagé"
"2000-03-04 02:00","2000","03","04","02:00"," ","-9,60","","-13,30","","74,00","","0,00","","0,00","","24,10","","92,01","","","","","","Généralement dégagé"
"2000-03-04 03:00","2000","03","04","03:00"," ","-7,10","","-10,60","","76,00","","20,00","","6,00","","24,10","","92,01","","","","-10,00","","Généralement nuageux"
"2000-03-04 04:00","2000","03","04","04:00"," ","-7,40","","-10,70","","77,00","","0,00","","0,00","","24,10","","92,04","","","","","","Généralement dégagé"
"2000-03-04 05:00","2000","03","04","05:00"," ","-9,80","","-12,90","","78,00","","27,00","","7,00","","24,10","","92,11","","","","-14,00","","Généralement dégagé"
"2000-03-04 06:00","2000","03","04","06:00"," ","-6,80","","-10,70","","74,00","","25,00","","6,00","","24,10","","92,11","","","","-10,00","","Généralement nuageux"
"2000-03-04 07:00","2000","03","04","07:00"," ","-6,30","","-10,60","","72,00","","24,00","","7,00","","24,10","","92,17","","","","-10,00","","Généralement nuageux"
"2000-03-04 08:00","2000","03","04","08:00"," ","-4,10","","-9,10","","68,00","","31,00","","7,00","","24,10","","92,20","","","","-7,00","","Généralement nuageux"
"2000-03-04 09:00","2000","03","04","09:00"," ","-0,70","","-7,50","","60,00","","32,00","","13,00","","24,10","","92,23","","","","-5,00","","Généralement nuageux"
"2000-03-04 10:00","2000","03","04","10:00"," ","-0,60","","-6,50","","64,00","","27,00","","7,00","","24,10","","92,27","","","","-3,00","","Généralement nuageux"
"2000-03-04 11:00","2000","03","04","11:00"," ","1,80","","-3,90","","66,00","","34,00","","15,00","","24,10","","92,30","","","","","","Généralement dégagé"
"2000-03-04 12:00","2000","03","04","12:00"," ","2,60","","-4,40","","60,00","","26,00","","7,00","","24,10","","92,33","","","","","","Généralement nuageux"
"2000-03-04 13:00","2000","03","04","13:00"," ","3,00","","-6,20","","51,00","","33,00","","15,00","","24,10","","92,30","","","","","","Généralement nuageux"
"2000-03-04 14:00","2000","03","04","14:00"," ","3,10","","-7,80","","45,00","","33,00","","17,00","","24,10","","92,27","","","","","","Nuageux"
"2000-03-04 15:00","2000","03","04","15:00"," ","3,00","","-8,00","","44,00","","33,00","","17,00","","24,10","","92,27","","","","","","Nuageux"
"2000-03-04 16:00","2000","03","04","16:00"," ","2,70","","-7,50","","47,00","","34,00","","13,00","","24,10","","92,30","","","","","","Nuageux"
"2000-03-04 17:00","2000","03","04","17:00"," ","2,00","","-5,90","","56,00","","1,00","","6,00","","24,10","","92,30","","","","","","Généralement nuageux"
"2000-03-04 18:00","2000","03","04","18:00"," ","1,30","","-5,50","","60,00","","2,00","","4,00","","24,10","","92,30","","","","","","Généralement nuageux"
"2000-03-04 19:00","2000","03","04","19:00"," ","0,80","","-5,70","","62,00","","0,00","","0,00","","24,10","","92,33","","","","","","Généralement nuageux"
"2000-03-04 20:00","2000","03","04","20:00"," ","-0,10","","-4,80","","71,00","","0,00","","0,00","","24,10","","92,33","","","","","","Généralement nuageux"
"2000-03-04 21:00","2000","03","04","21:00"," ","-1,10","","-4,90","","75,00","","21,00","","4,00","","24,10","","92,36","","","","-2,00","","Généralement nuageux"
"2000-03-04 22:00","2000","03","04","22:00"," ","-1,40","","-5,60","","73,00","","24,00","","4,00","","24,10","","92,42","","","","-3,00","","Généralement nuageux"
"2000-03-04 23:00","2000","03","04","23:00"," ","-1,60","","-6,80","","68,00","","0,00","","0,00","","24,10","","92,45","","","","","","Nuageux"
"2000-03-05 00:00","2000","03","05","00:00"," ","-1,70","","-7,70","","64,00","","33,00","","4,00","","24,10","","92,49","","","","-3,00","","Nuageux"
"2000-03-05 01:00","2000","03","05","01:00"," ","-1,10","","-9,00","","55,00","","30,00","","7,00","","24,10","","92,55","","","","-4,00","","Nuageux"
"2000-03-05 02:00","2000","03","05","02:00"," ","-1,60","","-8,90","","57,00","","33,00","","9,00","","24,10","","92,58","","","","-5,00","","Généralement nuageux"
"2000-03-05 03:00","2000","03","05","03:00"," ","-5,30","","-11,00","","64,00","","30,00","","7,00","","24,10","","92,61","","","","-9,00","","Généralement dégagé"
"2000-03-05 04:00","2000","03","05","04:00"," ","-7,50","","-12,40","","68,00","","28,00","","4,00","","24,10","","92,68","","","","-10,00","","Généralement nuageux"
"2000-03-05 05:00","2000","03","05","05:00"," ","-10,20","","-14,60","","70,00","","21,00","","4,00","","24,10","","92,71","","","","-13,00","","Généralement nuageux"
"2000-03-05 06:00","2000","03","05","06:00"," ","-10,10","","-13,80","","74,00","","22,00","","6,00","","24,10","","92,74","","","","-14,00","","Généralement nuageux"
"2000-03-05 07:00","2000","03","05","07:00"," ","-11,10","","-14,90","","73,00","","21,00","","6,00","","24,10","","92,77","","","","-15,00","","Généralement nuageux"
"2000-03-05 08:00","2000","03","05","08:00"," ","-10,40","","-14,60","","71,00","","24,00","","6,00","","24,10","","92,83","","","","-14,00","","Généralement nuageux"
"2000-03-05 09:00","2000","03","05","09:00"," ","-7,80","","-14,10","","61,00","","26,00","","9,00","","24,10","","92,90","","","","-12,00","","Généralement nuageux"
"2000-03-05 10:00","2000","03","05","10:00"," ","-6,70","","-13,30","","59,00","","28,00","","6,00","","24,10","","92,93","","","","-10,00","","Généralement nuageux"
"2000-03-05 11:00","2000","03","05","11:00"," ","-5,00","","-10,90","","63,00","","25,00","","6,00","","24,10","","92,96","","","","-8,00","","Généralement nuageux"
"2000-03-05 12:00","2000","03","05","12:00"," ","-2,50","","-9,50","","59,00","","24,00","","6,00","","24,10","","92,96","","","","-5,00","","Généralement nuageux"
"2000-03-05 13:00","2000","03","05","13:00"," ","-1,40","","-8,90","","57,00","","25,00","","6,00","","24,10","","92,96","","","","-4,00","","Généralement nuageux"
"2000-03-05 14:00","2000","03","05","14:00"," ","-0,70","","-8,60","","55,00","","19,00","","6,00","","24,10","","92,96","","","","-3,00","","Généralement nuageux"
"2000-03-05 15:00","2000","03","05","15:00"," ","-0,50","","-7,80","","58,00","","19,00","","6,00","","24,10","","92,96","","","","-3,00","","Généralement nuageux"
"2000-03-05 16:00","2000","03","05","16:00"," ","-0,50","","-7,90","","57,00","","18,00","","4,00","","24,10","","92,96","","","","-2,00","","Généralement nuageux"
"2000-03-05 17:00","2000","03","05","17:00"," ","-0,60","","-9,00","","53,00","","22,00","","6,00","","24,10","","92,99","","","","-3,00","","Généralement nuageux"
"2000-03-05 18:00","2000","03","05","18:00"," ","-1,90","","-9,30","","57,00","","18,00","","4,00","","24,10","","92,96","","","","-3,00","","Généralement nuageux"
"2000-03-05 19:00","2000","03","05","19:00"," ","-5,80","","-10,30","","70,00","","17,00","","4,00","","24,10","","92,96","","","","-8,00","","Généralement nuageux"
"2000-03-05 20:00","2000","03","05","20:00"," ","-8,50","","-9,90","","90,00","","18,00","","4,00","","24,10","","92,96","","","","-11,00","","Généralement nuageux"
"2000-03-05 21:00","2000","03","05","21:00"," ","-6,90","","-9,60","","81,00","","19,00","","6,00","","24,10","","92,99","","","","-10,00","","Généralement nuageux"
"2000-03-05 22:00","2000","03","05","22:00"," ","-7,80","","-10,40","","82,00","","19,00","","6,00","","24,10","","93,02","","","","-11,00","","Généralement dégagé"
"2000-03-05 23:00","2000","03","05","23:00"," ","-8,80","","-11,60","","80,00","","0,00","","0,00","","24,10","","92,99","","","","","","Généralement nuageux"
"2000-03-06 00:00","2000","03","06","00:00"," ","-10,00","","-13,20","","77,00","","18,00","","7,00","","24,10","","92,99","","","","-14,00","","Généralement nuageux"
"2000-03-06 01:00","2000","03","06","01:00"," ","-7,00","","-9,90","","80,00","","0,00","","0,00","","24,10","","92,99","","","","","","Nuageux"
"2000-03-06 02:00","2000","03","06","02:00"," ","-8,40","","-11,40","","79,00","","0,00","","0,00","","24,10","","92,99","","","","","","Nuageux"
"2000-03-06 03:00","2000","03","06","03:00"," ","-7,50","","-10,20","","81,00","","0,00","","0,00","","24,10","","92,96","","","","","","Nuageux"
"2000-03-06 04:00","2000","03","06","04:00"," ","-7,50","","-10,20","","81,00","","0,00","","0,00","","24,10","","92,96","","","","","","Nuageux"
"2000-03-06 05:00","2000","03","06","05:00"," ","-7,10","","-9,60","","82,00","","0,00","","0,00","","24,10","","92,96","","","","","","Nuageux"
"2000-03-06 06:00","2000","03","06","06:00"," ","-7,00","","-9,20","","84,00","","32,00","","6,00","","24,10","","92,93","","","","-10,00","","Nuageux"
"2000-03-06 07:00","2000","03","06","07:00"," ","-5,00","","-7,00","","86,00","","0,00","","0,00","","24,10","","92,93","","","","","","Nuageux"
"2000-03-06 08:00","2000","03","06","08:00"," ","-4,30","","-6,50","","85,00","","11,00","","9,00","","8,00","","92,93","","","","-8,00","","Neige"
"2000-03-06 09:00","2000","03","06","09:00"," ","-4,00","","-6,00","","86,00","","9,00","","11,00","","4,00","","92,90","","","","-8,00","","Neige"
"2000-03-06 10:00","2000","03","06","10:00"," ","-3,80","","-5,70","","87,00","","4,00","","7,00","","3,20","","92,90","","","","-7,00","","Neige"
"2000-03-06 11:00","2000","03","06","11:00"," ","-3,20","","-4,50","","91,00","","7,00","","7,00","","2,40","","92,87","","","","-6,00","","Neige"
"2000-03-06 12:00","2000","03","06","12:00"," ","-3,00","","-4,20","","91,00","","5,00","","6,00","","2,40","","92,80","","","","-5,00","","Neige"
"2000-03-06 13:00","2000","03","06","13:00"," ","-2,90","","-3,40","","96,00","","4,00","","13,00","","1,00","","92,74","","","","-8,00","","Neige"
"2000-03-06 14:00","2000","03","06","14:00"," ","-2,20","","-3,20","","93,00","","6,00","","22,00","","1,60","","92,61","","","","-8,00","","Neige"
"2000-03-06 15:00","2000","03","06","15:00"," ","-2,30","","-3,10","","94,00","","6,00","","20,00","","1,20","","92,58","","","","-8,00","","Neige"
"2000-03-06 16:00","2000","03","06","16:00"," ","-2,40","","-3,20","","94,00","","6,00","","20,00","","1,00","","92,55","","","","-8,00","","Neige"
"2000-03-06 17:00","2000","03","06","17:00"," ","-2,70","","-3,50","","94,00","","5,00","","22,00","","1,20","","92,55","","","","-9,00","","Neige"
"2000-03-06 18:00","2000","03","06","18:00"," ","-3,00","","-3,60","","96,00","","4,00","","17,00","","1,20","","92,55","","","","-9,00","","Neige"
"2000-03-06 19:00","2000","03","06","19:00"," ","-3,20","","-3,80","","96,00","","4,00","","17,00","","1,60","","92,52","","","","-9,00","","Neige"
"2000-03-06 20:00","2000","03","06","20:00"," ","-3,30","","-4,10","","94,00","","4,00","","13,00","","1,60","","92,52","","","","-8,00","","Neige"
"2000-03-06 21:00","2000","03","06","21:00"," ","-3,30","","-4,00","","95,00","","2,00","","15,00","","1,60","","92,52","","","","-8,00","","Neige"
"2000-03-06 22:00","2000","03","06","22:00"," ","-3,50","","-4,30","","94,00","","4,00","","15,00","","3,20","","92,49","","","","-9,00","","Neige"
"2000-03-06 23:00","2000","03","06","23:00"," ","-3,70","","-4,70","","93,00","","4,00","","13,00","","4,80","","92,52","","","","-9,00","","Neige"
"2000-03-07 00:00","2000","03","07","00:00"," ","-4,00","","-4,90","","93,00","","2,00","","11,00","","3,20","","92,52","","","","-8,00","","Neige"
"2000-03-07 01:00","2000","03","07","01:00"," ","-4,40","","-5,40","","93,00","","2,00","","15,00","","6,40","","92,52","","","","-10,00","","Neige"
"2000-03-07 02:00","2000","03","07","02:00"," ","-4,10","","-5,40","","91,00","","2,00","","15,00","","16,10","","92,52","","","","-9,00","","Neige"
"2000-03-07 03:00","2000","03","07","03:00"," ","-4,30","","-5,40","","92,00","","1,00","","13,00","","2,40","","92,55","","","","-9,00","","Neige"
"2000-03-07 04:00","2000","03","07","04:00"," ","-4,40","","-5,50","","92,00","","36,00","","17,00","","16,10","","92,61","","","","-10,00","","Neige"
"2000-03-07 05:00","2000","03","07","05:00"," ","-5,00","","-6,20","","91,00","","36,00","","15,00","","6,40","","92,68","","","","-11,00","","Neige"
"2000-03-07 06:00","2000","03","07","06:00"," ","-5,60","","-6,80","","91,00","","36,00","","15,00","","9,70","","92,74","","","","-11,00","","Neige"
"2000-03-07 07:00","2000","03","07","07:00"," ","-5,40","","-6,90","","89,00","","36,00","","17,00","","24,10","","92,80","","","","-11,00","","Neige"
"2000-03-07 08:00","2000","03","07","08:00"," ","-5,20","","-6,90","","88,00","","36,00","","15,00","","24,10","","92,90","","","","-11,00","","Neige"
"2000-03-07 09:00","2000","03","07","09:00"," ","-5,50","","-7,40","","86,00","","1,00","","17,00","","6,40","","93,02","","","","-12,00","","Neige"
"2000-03-07 10:00","2000","03","07","10:00"," ","-5,60","","-7,60","","86,00","","36,00","","22,00","","9,70","","93,09","","","","-13,00","","Neige"
"2000-03-07 11:00","2000","03","07","11:00"," ","-5,70","","-7,90","","84,00","","34,00","","24,00","","16,10","","93,18","","","","-13,00","","Neige"
"2000-03-07 12:00","2000","03","07","12:00"," ","-6,20","","-8,20","","86,00","","36,00","","22,00","","6,40","","93,28","","","","-13,00","","Neige"
"2000-03-07 13:00","2000","03","07","13:00"," ","-6,00","","-8,80","","81,00","","1,00","","20,00","","12,90","","93,31","","","","-13,00","","Neige"
"2000-03-07 14:00","2000","03","07","14:00"," ","-5,90","","-8,40","","82,00","","1,00","","17,00","","8,00","","93,40","","","","-12,00","","Neige"
"2000-03-07 15:00","2000","03","07","15:00"," ","-5,60","","-8,70","","79,00","","3,00","","17,00","","12,90","","93,47","","","","-12,00","","Neige"
"2000-03-07 16:00","2000","03","07","16:00"," ","-5,70","","-9,40","","75,00","","4,00","","19,00","","12,90","","93,56","","","","-12,00","","Neige"
"2000-03-07 17:00","2000","03","07","17:00"," ","-5,70","","-9,40","","75,00","","4,00","","13,00","","19,30","","93,65","","","","-11,00","","Neige"
"2000-03-07 18:00","2000","03","07","18:00"," ","-5,60","","-9,90","","72,00","","5,00","","9,00","","24,10","","93,72","","","","-10,00","","Neige"
"2000-03-07 19:00","2000","03","07","19:00"," ","-5,60","","-10,10","","71,00","","4,00","","11,00","","24,10","","93,81","","","","-10,00","","Neige"
"2000-03-07 20:00","2000","03","07","20:00"," ","-5,90","","-9,90","","73,00","","4,00","","6,00","","24,10","","93,88","","","","-9,00","","Neige"
"2000-03-07 21:00","2000","03","07","21:00"," ","-5,80","","-9,60","","74,00","","7,00","","9,00","","24,10","","93,94","","","","-10,00","","Neige"
"2000-03-07 22:00","2000","03","07","22:00"," ","-6,00","","-9,90","","74,00","","7,00","","9,00","","24,10","","93,97","","","","-10,00","","Neige"
"2000-03-07 23:00","2000","03","07","23:00"," ","-6,10","","-10,90","","69,00","","9,00","","15,00","","24,10","","94,03","","","","-12,00","","Neige"
"2000-03-08 00:00","2000","03","08","00:00"," ","-6,70","","-10,70","","73,00","","9,00","","13,00","","24,10","","94,07","","","","-12,00","","Neige"
"2000-03-08 01:00","2000","03","08","01:00"," ","-7,50","","-11,00","","76,00","","10,00","","17,00","","24,10","","94,07","","","","-14,00","","Neige"
"2000-03-08 02:00","2000","03","08","02:00"," ","-8,30","","-11,90","","75,00","","10,00","","15,00","","24,10","","94,10","","","","-15,00","","Neige"
"2000-03-08 03:00","2000","03","08","03:00"," ","-12,30","","-15,30","","78,00","","11,00","","13,00","","24,10","","94,10","","","","-19,00","","Généralement dégagé"
"2000-03-08 04:00","2000","03","08","04:00"," ","-14,30","","-17,10","","79,00","","10,00","","15,00","","24,10","","94,10","","","","-22,00","","Généralement dégagé"
"2000-03-08 05:00","2000","03","08","05:00"," ","-15,50","","-19,70","","70,00","","12,00","","19,00","","24,10","","94,19","","","","-25,00","","Généralement dégagé"
"2000-03-08 06:00","2000","03","08","06:00"," ","-14,10","","-18,30","","70,00","","13,00","","20,00","","24,10","","94,22","","","","-23,00","","Généralement nuageux"
"2000-03-08 07:00","2000","03","08","07:00"," ","-14,50","","-19,40","","66,00","","13,00","","19,00","","24,10","","94,22","","","","-23,00","","Généralement nuageux"
"2000-03-08 08:00","2000","03","08","08:00"," ","-14,80","","-19,70","","66,00","","13,00","","22,00","","24,10","","94,19","","","","-24,00","","Généralement nuageux"
"2000-03-08 09:00","2000","03","08","09:00"," ","-14,80","","-20,50","","62,00","","13,00","","20,00","","24,10","","94,19","","","","-24,00","","Généralement dégagé"
"2000-03-08 10:00","2000","03","08","10:00"," ","-14,20","","-20,10","","61,00","","12,00","","22,00","","24,10","","94,19","","","","-24,00","","Généralement dégagé"
"2000-03-08 11:00","2000","03","08","11:00"," ","-13,40","","-18,60","","65,00","","13,00","","26,00","","24,10","","94,16","","","","-23,00","","Généralement nuageux"
"2000-03-08 12:00","2000","03","08","12:00"," ","-12,90","","-18,20","","64,00","","13,00","","22,00","","24,10","","94,16","","","","-22,00","","Généralement nuageux"
"2000-03-08 13:00","2000","03","08","13:00"," ","-12,10","","-19,70","","53,00","","12,00","","30,00","","24,10","","94,13","","","","-22,00","","Généralement nuageux"
"2000-03-08 14:00","2000","03","08","14:00"," ","-12,10","","-19,40","","55,00","","11,00","","26,00","","24,10","","94,07","","","","-22,00","","Généralement nuageux"
"2000-03-08 15:00","2000","03","08","15:00"," ","-11,80","","-18,40","","58,00","","11,00","","32,00","","24,10","","94,03","","","","-22,00","","Nuageux"
"2000-03-08 16:00","2000","03","08","16:00"," ","-12,30","","-18,70","","59,00","","13,00","","32,00","","24,10","","93,97","","","","-23,00","","Nuageux"
"2000-03-08 17:00","2000","03","08","17:00"," ","-12,30","","-18,40","","60,00","","13,00","","28,00","","24,10","","93,94","","","","-22,00","","Généralement nuageux"
"2000-03-08 18:00","2000","03","08","18:00"," ","-12,40","","-18,90","","58,00","","14,00","","30,00","","24,10","","93,88","","","","-23,00","","Nuageux"
"2000-03-08 19:00","2000","03","08","19:00"," ","-12,70","","-18,80","","60,00","","13,00","","32,00","","24,10","","93,84","","","","-23,00","","Généralement nuageux"
"2000-03-08 20:00","2000","03","08","20:00"," ","-12,60","","-18,60","","61,00","","13,00","","30,00","","24,10","","93,81","","","","-23,00","","Nuageux"
"2000-03-08 21:00","2000","03","08","21:00"," ","-12,60","","-18,50","","61,00","","14,00","","26,00","","24,10","","93,78","","","","-22,00","","Nuageux"
"2000-03-08 22:00","2000","03","08","22:00"," ","-12,60","","-18,80","","60,00","","13,00","","30,00","","24,10","","93,72","","","","-23,00","","Nuageux"
"2000-03-08 23:00","2000","03","08","23:00"," ","-12,80","","-18,90","","60,00","","14,00","","24,00","","24,10","","93,65","","","","-22,00","","Nuageux"
"2000-03-09 00:00","2000","03","09","00:00"," ","-13,00","","-18,80","","62,00","","14,00","","30,00","","24,10","","93,56","","","","-23,00","","Neige"
"2000-03-09 01:00","2000","03","09","01:00"," ","-13,50","","-18,60","","65,00","","15,00","","26,00","","8,00","","93,53","","","","-23,00","","Neige"
"2000-03-09 02:00","2000","03","09","02:00"," ","-13,80","","-18,10","","70,00","","14,00","","28,00","","9,70","","93,43","","","","-24,00","","Neige"
"2000-03-09 03:00","2000","03","09","03:00"," ","-13,60","","-18,10","","69,00","","14,00","","24,00","","9,70","","93,37","","","","-23,00","","Neige"
"2000-03-09 04:00","2000","03","09","04:00"," ","-13,40","","-17,80","","69,00","","14,00","","22,00","","16,10","","93,31","","","","-23,00","","Neige"
"2000-03-09 05:00","2000","03","09","05:00"," ","-13,20","","-17,80","","68,00","","14,00","","19,00","","24,10","","93,31","","","","-22,00","","Nuageux"
"2000-03-09 06:00","2000","03","09","06:00"," ","-13,10","","-17,50","","69,00","","14,00","","22,00","","24,10","","93,28","","","","-22,00","","Nuageux"
"2000-03-09 07:00","2000","03","09","07:00"," ","-13,00","","-17,10","","71,00","","14,00","","17,00","","24,10","","93,28","","","","-21,00","","Nuageux"
"2000-03-09 08:00","2000","03","09","08:00"," ","-12,60","","-16,70","","71,00","","14,00","","17,00","","19,30","","93,24","","","","-20,00","","Neige"
"2000-03-09 09:00","2000","03","09","09:00"," ","-12,20","","-16,00","","73,00","","16,00","","11,00","","16,10","","93,24","","","","-18,00","","Neige"
"2000-03-09 10:00","2000","03","09","10:00"," ","-11,30","","-15,00","","74,00","","17,00","","11,00","","19,30","","93,24","","","","-17,00","","Neige"
"2000-03-09 11:00","2000","03","09","11:00"," ","-10,60","","-14,50","","73,00","","16,00","","7,00","","24,10","","93,24","","","","-15,00","","Nuageux"
"2000-03-09 12:00","2000","03","09","12:00"," ","-9,70","","-14,00","","71,00","","19,00","","6,00","","24,10","","93,24","","","","-13,00","","Nuageux"
"2000-03-09 13:00","2000","03","09","13:00"," ","-9,00","","-13,70","","69,00","","22,00","","4,00","","24,10","","93,28","","","","-11,00","","Neige"
"2000-03-09 14:00","2000","03","09","14:00"," ","-7,30","","-13,30","","62,00","","0,00","","0,00","","24,10","","93,24","","","","","","Généralement nuageux"
"2000-03-09 15:00","2000","03","09","15:00"," ","-6,90","","-12,70","","63,00","","0,00","","0,00","","24,10","","93,28","","","","","","Généralement nuageux"
"2000-03-09 16:00","2000","03","09","16:00"," ","-7,90","","-13,10","","66,00","","2,00","","4,00","","24,10","","93,31","","","","-10,00","","Généralement nuageux"
"2000-03-09 17:00","2000","03","09","17:00"," ","-8,70","","-13,70","","67,00","","0,00","","0,00","","24,10","","93,34","","","","","","Généralement nuageux"
"2000-03-09 18:00","2000","03","09","18:00"," ","-9,40","","-13,80","","70,00","","0,00","","0,00","","24,10","","93,37","","","","","","Généralement nuageux"
"2000-03-09 19:00","2000","03","09","19:00"," ","-9,60","","-13,60","","73,00","","0,00","","0,00","","24,10","","93,43","","","","","","Nuageux"
"2000-03-09 20:00","2000","03","09","20:00"," ","-9,50","","-13,80","","71,00","","34,00","","4,00","","19,30","","93,47","","","","-12,00","","Neige"
"2000-03-09 21:00","2000","03","09","21:00"," ","-10,40","","-13,70","","77,00","","0,00","","0,00","","19,30","","93,50","","","","","","Neige"
"2000-03-09 22:00","2000","03","09","22:00"," ","-9,70","","-12,60","","79,00","","27,00","","4,00","","19,30","","93,56","","","","-12,00","","Neige"
"2000-03-09 23:00","2000","03","09","23:00"," ","-9,00","","-12,10","","78,00","","28,00","","4,00","","6,40","","93,65","","","","-11,00","","Neige"
"2000-03-10 00:00","2000","03","10","00:00"," ","-9,30","","-12,00","","81,00","","26,00","","4,00","","9,70","","93,69","","","","-12,00","","Neige"
"2000-03-10 01:00","2000","03","10","01:00"," ","-8,90","","-11,30","","83,00","","0,00","","0,00","","14,50","","93,72","","","","","","Neige"
"2000-03-10 02:00","2000","03","10","02:00"," ","-9,50","","-12,10","","81,00","","26,00","","9,00","","19,30","","93,75","","","","-14,00","","Neige"
"2000-03-10 03:00","2000","03","10","03:00"," ","-11,70","","-14,50","","80,00","","24,00","","7,00","","24,10","","93,75","","","","-16,00","","Généralement nuageux"
"2000-03-10 04:00","2000","03","10","04:00"," ","-13,40","","-16,30","","79,00","","24,00","","4,00","","16,10","","93,84","","","","-16,00","","Généralement dégagé"
"2000-03-10 05:00","2000","03","10","05:00"," ","-18,90","","-20,50","","87,00","","18,00","","4,00","","1,20","","93,84","","","","-22,00","","Brouillard"
"2000-03-10 06:00","2000","03","10","06:00"," ","-19,40","","-20,20","","93,00","","20,00","","7,00","","0,60","","93,88","","","","-25,00","","Brouillard verglaçant"
"2000-03-10 07:00","2000","03","10","07:00"," ","-19,20","","-20,80","","87,00","","0,00","","0,00","","0,20","","93,94","","","","","","Brouillard verglaçant"
"2000-03-10 08:00","2000","03","10","08:00"," ","-19,60","","-20,90","","89,00","","18,00","","6,00","","0,20","","93,97","","","","-25,00","","Brouillard verglaçant"
"2000-03-10 09:00","2000","03","10","09:00"," ","-17,00","","-18,60","","87,00","","12,00","","4,00","","0,80","","94,00","","","","-20,00","","Brouillard verglaçant"
"2000-03-10 10:00","2000","03","10","10:00"," ","-15,20","","-17,20","","85,00","","16,00","","4,00","","4,80","","94,03","","","","-18,00","","Brouillard"
"2000-03-10 11:00","2000","03","10","11:00"," ","-9,60","","-12,90","","77,00","","0,00","","0,00","","9,70","","94,03","","","","","","Brume sèche"
"2000-03-10 12:00","2000","03","10","12:00"," ","-6,60","","-10,90","","71,00","","18,00","","4,00","","12,90","","94,03","","","","-9,00","","Généralement nuageux"
"2000-03-10 13:00","2000","03","10","13:00"," ","-6,10","","-11,70","","65,00","","18,00","","11,00","","19,30","","94,03","","","","-11,00","","Généralement nuageux"
"2000-03-10 14:00","2000","03","10","14:00"," ","-5,10","","-11,00","","63,00","","14,00","","13,00","","24,10","","93,97","","","","-10,00","","Généralement nuageux"
"2000-03-10 15:00","2000","03","10","15:00"," ","-6,20","","-11,40","","67,00","","14,00","","11,00","","24,10","","93,97","","","","-11,00","","Généralement nuageux"
"2000-03-10 16:00","2000","03","10","16:00"," ","-5,70","","-11,50","","64,00","","13,00","","19,00","","24,10","","93,94","","","","-12,00","","Généralement nuageux"
"2000-03-10 17:00","2000","03","10","17:00"," ","-6,10","","-12,20","","62,00","","13,00","","19,00","","24,10","","93,94","","","","-13,00","","Généralement nuageux"
"2000-03-10 18:00","2000","03","10","18:00"," ","-6,20","","-12,20","","62,00","","12,00","","19,00","","24,10","","93,91","","","","-13,00","","Nuageux"
"2000-03-10 19:00","2000","03","10","19:00"," ","-7,50","","-12,20","","69,00","","13,00","","15,00","","24,10","","93,91","","","","-14,00","","Nuageux"
"2000-03-10 20:00","2000","03","10","20:00"," ","-7,80","","-12,30","","70,00","","11,00","","17,00","","24,10","","93,88","","","","-14,00","","Généralement nuageux"
"2000-03-10 21:00","2000","03","10","21:00"," ","-7,90","","-12,80","","68,00","","12,00","","20,00","","24,10","","93,84","","","","-15,00","","Généralement nuageux"
"2000-03-10 22:00","2000","03","10","22:00"," ","-7,90","","-12,90","","67,00","","13,00","","22,00","","24,10","","93,84","","","","-16,00","","Nuageux"
"2000-03-10 23:00","2000","03","10","23:00"," ","-8,20","","-13,60","","65,00","","14,00","","20,00","","24,10","","93,81","","","","-16,00","","Généralement nuageux"
"2000-03-11 00:00","2000","03","11","00:00"," ","-8,60","","-13,60","","67,00","","13,00","","22,00","","24,10","","93,75","","","","-16,00","","Nuageux"
"2000-03-11 01:00","2000","03","11","01:00"," ","-9,00","","-14,10","","66,00","","12,00","","17,00","","24,10","","93,72","","","","-16,00","","Généralement nuageux"
"2000-03-11 02:00","2000","03","11","02:00"," ","-10,10","","-14,40","","71,00","","12,00","","9,00","","24,10","","93,72","","","","-15,00","","Généralement nuageux"
"2000-03-11 03:00","2000","03","11","03:00"," ","-9,70","","-14,10","","70,00","","12,00","","15,00","","24,10","","93,69","","","","-16,00","","Généralement nuageux"
"2000-03-11 04:00","2000","03","11","04:00"," ","-9,80","","-14,20","","70,00","","13,00","","19,00","","24,10","","93,69","","","","-17,00","","Nuageux"
"2000-03-11 05:00","2000","03","11","05:00"," ","-9,70","","-14,00","","71,00","","12,00","","15,00","","24,10","","93,69","","","","-16,00","","Nuageux"
"2000-03-11 06:00","2000","03","11","06:00"," ","-10,00","","-14,30","","71,00","","12,00","","22,00","","24,10","","93,69","","","","-18,00","","Averses de neige"
"2000-03-11 07:00","2000","03","11","07:00"," ","-10,10","","-14,60","","70,00","","11,00","","22,00","","24,10","","93,69","","","","-18,00","","Nuageux"
"2000-03-11 08:00","2000","03","11","08:00"," ","-9,70","","-14,30","","69,00","","12,00","","15,00","","19,30","","93,72","","","","-16,00","","Averses de neige"
"2000-03-11 09:00","2000","03","11","09:00"," ","-9,40","","-14,20","","68,00","","13,00","","22,00","","19,30","","93,72","","","","-17,00","","Averses de neige"
"2000-03-11 10:00","2000","03","11","10:00"," ","-9,20","","-13,50","","71,00","","13,00","","19,00","","4,00","","93,75","","","","-17,00","","Neige"
"2000-03-11 11:00","2000","03","11","11:00"," ","-9,10","","-13,30","","72,00","","13,00","","22,00","","16,10","","93,72","","","","-17,00","","Neige"
"2000-03-11 12:00","2000","03","11","12:00"," ","-8,60","","-13,80","","66,00","","15,00","","19,00","","19,30","","93,78","","","","-16,00","","Neige"
"2000-03-11 13:00","2000","03","11","13:00"," ","-8,10","","-13,30","","66,00","","14,00","","20,00","","24,10","","93,72","","","","-15,00","","Neige"
"2000-03-11 14:00","2000","03","11","14:00"," ","-7,60","","-12,80","","66,00","","16,00","","19,00","","24,10","","93,72","","","","-15,00","","Neige"
"2000-03-11 15:00","2000","03","11","15:00"," ","-7,30","","-12,30","","67,00","","14,00","","11,00","","24,10","","93,75","","","","-12,00","","Nuageux"
"2000-03-11 16:00","2000","03","11","16:00"," ","-7,20","","-11,70","","70,00","","14,00","","17,00","","24,10","","93,72","","","","-14,00","","Neige"
"2000-03-11 17:00","2000","03","11","17:00"," ","-7,00","","-11,60","","70,00","","14,00","","15,00","","16,10","","93,72","","","","-13,00","","Neige"
"2000-03-11 18:00","2000","03","11","18:00"," ","-7,40","","-11,00","","75,00","","13,00","","13,00","","4,00","","93,75","","","","-13,00","","Neige"
"2000-03-11 19:00","2000","03","11","19:00"," ","-7,90","","-10,80","","80,00","","14,00","","13,00","","2,40","","93,75","","","","-14,00","","Neige"
"2000-03-11 20:00","2000","03","11","20:00"," ","-8,00","","-10,60","","82,00","","13,00","","9,00","","4,80","","93,75","","","","-13,00","","Neige"
"2000-03-11 21:00","2000","03","11","21:00"," ","-8,00","","-10,50","","82,00","","13,00","","7,00","","3,20","","93,75","","","","-12,00","","Neige"
"2000-03-11 22:00","2000","03","11","22:00"," ","-8,10","","-10,90","","80,00","","16,00","","7,00","","4,00","","93,75","","","","-12,00","","Neige"
"2000-03-11 23:00","2000","03","11","23:00"," ","-9,90","","-12,10","","84,00","","14,00","","4,00","","9,70","","93,75","","","","-12,00","","Neige"
"2000-03-12 00:00","2000","03","12","00:00"," ","-9,80","","-12,50","","81,00","","0,00","","0,00","","8,00","","93,75","","","","","","Neige"
"2000-03-12 01:00","2000","03","12","01:00"," ","-12,70","","-15,30","","81,00","","4,00","","4,00","","12,90","","93,72","","","","-15,00","","Neige"
"2000-03-12 02:00","2000","03","12","02:00"," ","-14,50","","-16,90","","82,00","","29,00","","6,00","","6,40","","93,72","","","","-19,00","","Neige"
"2000-03-12 03:00","2000","03","12","03:00"," ","-14,50","","-16,00","","88,00","","28,00","","6,00","","4,80","","93,65","","","","-19,00","","Neige,Brouillard"
"2000-03-12 04:00","2000","03","12","04:00"," ","-14,90","","-16,90","","85,00","","24,00","","4,00","","3,20","","93,65","","","","-18,00","","Brouillard"
"2000-03-12 05:00","2000","03","12","05:00"," ","-14,90","","-16,90","","85,00","","0,00","","0,00","","4,00","","93,65","","","","","","Brouillard"
"2000-03-12 06:00","2000","03","12","06:00"," ","-12,60","","-14,40","","86,00","","24,00","","4,00","","6,40","","93,65","","","","-15,00","","Neige,Brouillard"
"2000-03-12 07:00","2000","03","12","07:00"," ","-11,60","","-13,20","","88,00","","23,00","","6,00","","4,80","","93,59","","","","-15,00","","Brouillard"
"2000-03-12 08:00","2000","03","12","08:00"," ","-10,90","","-13,50","","81,00","","18,00","","4,00","","3,20","","93,56","","","","-13,00","","Neige"
"2000-03-12 09:00","2000","03","12","09:00"," ","-10,00","","-12,60","","81,00","","0,00","","0,00","","4,00","","93,53","","","","","","Neige"
"2000-03-12 10:00","2000","03","12","10:00"," ","-10,00","","-12,40","","83,00","","17,00","","4,00","","4,80","","93,53","","","","-12,00","","Brume sèche"
"2000-03-12 11:00","2000","03","12","11:00"," ","-9,00","","-11,90","","79,00","","19,00","","6,00","","9,70","","93,43","","","","-12,00","","Brume sèche"
"2000-03-12 12:00","2000","03","12","12:00"," ","-6,20","","-11,20","","68,00","","0,00","","0,00","","9,70","","93,34","","","","","","Brume sèche"
"2000-03-12 13:00","2000","03","12","13:00"," ","-6,80","","-11,00","","72,00","","18,00","","7,00","","16,10","","93,34","","","","-10,00","","Généralement nuageux"
"2000-03-12 14:00","2000","03","12","14:00"," ","-6,10","","-10,20","","73,00","","12,00","","6,00","","16,10","","93,28","","","","-9,00","","Généralement nuageux"
"2000-03-12 15:00","2000","03","12","15:00"," ","-6,00","","-10,20","","72,00","","9,00","","7,00","","16,10","","93,24","","","","-9,00","","Nuageux"
"2000-03-12 16:00","2000","03","12","16:00"," ","-5,30","","-10,20","","68,00","","2,00","","4,00","","16,10","","93,24","","","","-7,00","","Nuageux"
"2000-03-12 17:00","2000","03","12","17:00"," ","-5,70","","-10,30","","70,00","","36,00","","4,00","","16,10","","93,24","","","","-8,00","","Nuageux"
"2000-03-12 18:00","2000","03","12","18:00"," ","-7,40","","-11,10","","75,00","","36,00","","4,00","","16,10","","93,24","","","","-9,00","","Nuageux"
"2000-03-12 19:00","2000","03","12","19:00"," ","-8,10","","-11,50","","76,00","","3,00","","7,00","","16,10","","93,28","","","","-12,00","","Nuageux"
"2000-03-12 20:00","2000","03","12","20:00"," ","-6,80","","-9,70","","80,00","","5,00","","7,00","","12,90","","93,28","","","","-10,00","","Nuageux"
"2000-03-12 21:00","2000","03","12","21:00"," ","-7,30","","-10,10","","80,00","","3,00","","4,00","","6,40","","93,28","","","","-9,00","","Neige"
"2000-03-12 22:00","2000","03","12","22:00"," ","-9,60","","-12,40","","80,00","","4,00","","6,00","","6,40","","93,31","","","","-13,00","","Neige"
"2000-03-12 23:00","2000","03","12","23:00"," ","-8,60","","-11,10","","82,00","","7,00","","4,00","","4,80","","93,28","","","","-11,00","","Neige"
"2000-03-13 00:00","2000","03","13","00:00"," ","-8,40","","-10,90","","82,00","","1,00","","4,00","","4,80","","93,31","","","","-11,00","","Neige"
"2000-03-13 01:00","2000","03","13","01:00"," ","-8,60","","-11,10","","82,00","","1,00","","6,00","","4,80","","93,31","","","","-12,00","","Neige"
"2000-03-13 02:00","2000","03","13","02:00"," ","-8,90","","-11,30","","83,00","","2,00","","6,00","","4,80","","93,34","","","","-12,00","","Neige"
"2000-03-13 03:00","2000","03","13","03:00"," ","-9,40","","-11,90","","82,00","","1,00","","7,00","","4,80","","93,37","","","","-13,00","","Neige"
"2000-03-13 04:00","2000","03","13","04:00"," ","-10,50","","-13,10","","81,00","","1,00","","7,00","","6,40","","93,37","","","","-15,00","","Neige"
"2000-03-13 05:00","2000","03","13","05:00"," ","-9,50","","-12,20","","81,00","","4,00","","4,00","","4,80","","93,40","","","","-12,00","","Neige"
"2000-03-13 06:00","2000","03","13","06:00"," ","-9,20","","-11,80","","81,00","","0,00","","0,00","","4,80","","93,43","","","","","","Neige"
"2000-03-13 07:00","2000","03","13","07:00"," ","-9,20","","-11,90","","81,00","","34,00","","4,00","","2,40","","93,43","","","","-11,00","","Neige"
"2000-03-13 08:00","2000","03","13","08:00"," ","-9,20","","-12,00","","80,00","","34,00","","7,00","","2,00","","93,50","","","","-13,00","","Neige"
"2000-03-13 09:00","2000","03","13","09:00"," ","-9,40","","-12,30","","79,00","","34,00","","7,00","","1,60","","93,50","","","","-13,00","","Neige"
"2000-03-13 10:00","2000","03","13","10:00"," ","-9,00","","-12,00","","79,00","","36,00","","9,00","","3,20","","93,53","","","","-14,00","","Neige"
"2000-03-13 11:00","2000","03","13","11:00"," ","-8,30","","-11,60","","77,00","","3,00","","6,00","","2,40","","93,53","","","","-12,00","","Neige"
"2000-03-13 12:00","2000","03","13","12:00"," ","-7,50","","-11,20","","75,00","","36,00","","7,00","","2,40","","93,50","","","","-11,00","","Neige"
"2000-03-13 13:00","2000","03","13","13:00"," ","-8,00","","-12,40","","71,00","","34,00","","11,00","","3,20","","93,53","","","","-13,00","","Neige"
"2000-03-13 14:00","2000","03","13","14:00"," ","-7,90","","-13,00","","67,00","","34,00","","13,00","","16,10","","93,53","","","","-14,00","","Neige"
"2000-03-13 15:00","2000","03","13","15:00"," ","-8,10","","-12,60","","70,00","","36,00","","15,00","","16,10","","93,53","","","","-14,00","","Neige"
"2000-03-13 16:00","2000","03","13","16:00"," ","-8,70","","-12,90","","72,00","","1,00","","11,00","","24,10","","93,53","","","","-14,00","","Nuageux"
"2000-03-13 17:00","2000","03","13","17:00"," ","-9,00","","-12,60","","75,00","","1,00","","11,00","","9,70","","93,50","","","","-14,00","","Neige"
"2000-03-13 18:00","2000","03","13","18:00"," ","-9,40","","-12,70","","77,00","","36,00","","9,00","","1,60","","93,53","","","","-14,00","","Neige"
"2000-03-13 19:00","2000","03","13","19:00"," ","-9,80","","-12,30","","82,00","","33,00","","4,00","","4,00","","93,50","","","","-12,00","","Neige"
"2000-03-13 20:00","2000","03","13","20:00"," ","-9,90","","-13,00","","78,00","","31,00","","6,00","","6,40","","93,50","","","","-13,00","","Neige"
"2000-03-13 21:00","2000","03","13","21:00"," ","-10,10","","-12,60","","82,00","","29,00","","6,00","","4,00","","93,50","","","","-14,00","","Neige"
"2000-03-13 22:00","2000","03","13","22:00"," ","-10,50","","-13,30","","80,00","","0,00","","0,00","","8,00","","93,47","","","","","","Neige"
"2000-03-13 23:00","2000","03","13","23:00"," ","-11,20","","-13,90","","80,00","","26,00","","4,00","","8,00","","93,43","","","","-14,00","","Neige"
"2000-03-14 00:00","2000","03","14","00:00"," ","-11,30","","-14,20","","79,00","","0,00","","0,00","","19,30","","93,37","","","","","","Neige"
"2000-03-14 01:00","2000","03","14","01:00"," ","-11,00","","-14,10","","78,00","","6,00","","6,00","","24,10","","93,28","","","","-15,00","","Généralement nuageux"
"2000-03-14 02:00","2000","03","14","02:00"," ","-11,40","","-14,20","","80,00","","0,00","","0,00","","24,10","","93,28","","","","","","Nuageux"
"2000-03-14 03:00","2000","03","14","03:00"," ","-11,50","","-14,40","","79,00","","7,00","","4,00","","24,10","","93,18","","","","-14,00","","Neige"
"2000-03-14 04:00","2000","03","14","04:00"," ","-11,00","","-14,10","","78,00","","11,00","","7,00","","19,30","","93,12","","","","-15,00","","Neige"
"2000-03-14 05:00","2000","03","14","05:00"," ","-11,30","","-14,20","","79,00","","12,00","","7,00","","24,10","","93,05","","","","-16,00","","Neige"
"2000-03-14 06:00","2000","03","14","06:00"," ","-11,50","","-14,90","","76,00","","11,00","","11,00","","24,10","","93,02","","","","-17,00","","Neige"
"2000-03-14 07:00","2000","03","14","07:00"," ","-11,90","","-15,70","","73,00","","11,00","","7,00","","24,10","","93,05","","","","-16,00","","Neige"
"2000-03-14 08:00","2000","03","14","08:00"," ","-11,70","","-15,60","","73,00","","9,00","","7,00","","24,10","","93,02","","","","-16,00","","Neige"
"2000-03-14 09:00","2000","03","14","09:00"," ","-11,60","","-15,30","","74,00","","10,00","","11,00","","24,10","","93,02","","","","-18,00","","Neige"
"2000-03-14 10:00","2000","03","14","10:00"," ","-10,50","","-14,50","","72,00","","11,00","","7,00","","24,10","","93,05","","","","-15,00","","Neige"
"2000-03-14 11:00","2000","03","14","11:00"," ","-9,40","","-14,20","","68,00","","11,00","","7,00","","24,10","","93,05","","","","-13,00","","Généralement nuageux"
"2000-03-14 12:00","2000","03","14","12:00"," ","-8,70","","-13,90","","66,00","","13,00","","6,00","","24,10","","93,05","","","","-12,00","","Généralement nuageux"
"2000-03-14 13:00","2000","03","14","13:00"," ","-8,90","","-14,10","","66,00","","23,00","","6,00","","24,10","","93,12","","","","-12,00","","Nuageux"
"2000-03-14 14:00","2000","03","14","14:00"," ","-8,30","","-14,10","","63,00","","0,00","","0,00","","24,10","","93,15","","","","","","Généralement nuageux"
"2000-03-14 15:00","2000","03","14","15:00"," ","-7,90","","-14,30","","60,00","","0,00","","0,00","","24,10","","93,21","","","","","","Nuageux"
"2000-03-14 16:00","2000","03","14","16:00"," ","-8,70","","-13,90","","66,00","","25,00","","6,00","","24,10","","93,28","","","","-12,00","","Nuageux"
"2000-03-14 17:00","2000","03","14","17:00"," ","-9,20","","-13,90","","69,00","","31,00","","4,00","","12,90","","93,31","","","","-11,00","","Neige"
"2000-03-14 18:00","2000","03","14","18:00"," ","-10,50","","-14,10","","75,00","","27,00","","4,00","","19,30","","93,37","","","","-13,00","","Neige"
"2000-03-14 19:00","2000","03","14","19:00"," ","-11,60","","-14,70","","78,00","","0,00","","0,00","","24,10","","93,47","","","","","","Neige"
"2000-03-14 20:00","2000","03","14","20:00"," ","-12,30","","-15,10","","80,00","","23,00","","4,00","","24,10","","93,50","","","","-15,00","","Nuageux"
"2000-03-14 21:00","2000","03","14","21:00"," ","-12,70","","-16,00","","76,00","","0,00","","0,00","","24,10","","93,56","","","","","","Nuageux"
"2000-03-14 22:00","2000","03","14","22:00"," ","-13,80","","-16,60","","79,00","","17,00","","4,00","","24,10","","93,59","","","","-17,00","","Nuageux"
"2000-03-14 23:00","2000","03","14","23:00"," ","-16,10","","-18,80","","80,00","","21,00","","6,00","","24,10","","93,59","","","","-21,00","","Généralement nuageux"
"2000-03-15 00:00","2000","03","15","00:00"," ","-15,80","","-18,40","","80,00","","20,00","","7,00","","24,10","","93,65","","","","-21,00","","Généralement nuageux"
"2000-03-15 01:00","2000","03","15","01:00"," ","-17,70","","-18,30","","95,00","","19,00","","7,00","","24,10","","93,65","","","","-23,00","","Généralement nuageux"
"2000-03-15 02:00","2000","03","15","02:00"," ","-18,50","","-19,00","","96,00","","18,00","","6,00","","1,20","","93,65","","","","-23,00","","Brouillard"
"2000-03-15 03:00","2000","03","15","03:00"," ","-20,70","","-22,80","","83,00","","18,00","","6,00","","16,10","","93,69","","","","-26,00","","Généralement nuageux"
"2000-03-15 04:00","2000","03","15","04:00"," ","-20,20","","-23,20","","77,00","","18,00","","4,00","","19,30","","93,72","","","","-24,00","","Généralement nuageux"
"2000-03-15 05:00","2000","03","15","05:00"," ","-19,90","","-22,80","","78,00","","0,00","","0,00","","24,10","","93,72","","","","","","Généralement nuageux"
"2000-03-15 06:00","2000","03","15","06:00"," ","-18,50","","-21,40","","78,00","","18,00","","6,00","","24,10","","93,72","","","","-23,00","","Généralement nuageux"
"2000-03-15 07:00","2000","03","15","07:00"," ","-16,10","","-18,50","","82,00","","14,00","","4,00","","19,30","","93,69","","","","-19,00","","Généralement nuageux"
"2000-03-15 08:00","2000","03","15","08:00"," ","-14,70","","-16,80","","84,00","","19,00","","6,00","","16,10","","93,69","","","","-19,00","","Nuageux"
"2000-03-15 09:00","2000","03","15","09:00"," ","-12,20","","-13,70","","89,00","","17,00","","9,00","","16,10","","93,69","","","","-17,00","","Neige"
"2000-03-15 10:00","2000","03","15","10:00"," ","-10,90","","-12,40","","89,00","","17,00","","9,00","","16,10","","93,69","","","","-16,00","","Nuageux"
"2000-03-15 11:00","2000","03","15","11:00"," ","-9,80","","-14,20","","70,00","","18,00","","13,00","","19,30","","93,65","","","","-16,00","","Généralement nuageux"
"2000-03-15 12:00","2000","03","15","12:00"," ","-8,70","","-13,30","","69,00","","18,00","","15,00","","24,10","","93,62","","","","-15,00","","Généralement nuageux"
"2000-03-15 13:00","2000","03","15","13:00"," ","-7,40","","-12,30","","68,00","","18,00","","15,00","","24,10","","93,56","","","","-14,00","","Généralement dégagé"
"2000-03-15 14:00","2000","03","15","14:00"," ","-6,50","","-12,10","","64,00","","16,00","","11,00","","24,10","","93,50","","","","-11,00","","Généralement nuageux"
"2000-03-15 15:00","2000","03","15","15:00"," ","-6,00","","-11,90","","63,00","","17,00","","7,00","","24,10","","93,50","","","","-9,00","","Généralement nuageux"
"2000-03-15 16:00","2000","03","15","16:00"," ","-6,90","","-12,40","","65,00","","17,00","","9,00","","24,10","","93,50","","","","-11,00","","Généralement dégagé"
"2000-03-15 17:00","2000","03","15","17:00"," ","-8,40","","-13,80","","65,00","","13,00","","7,00","","24,10","","93,47","","","","-12,00","","Généralement nuageux"
"2000-03-15 18:00","2000","03","15","18:00"," ","-10,50","","-15,00","","69,00","","12,00","","9,00","","24,10","","93,47","","","","-15,00","","Généralement nuageux"
"2000-03-15 19:00","2000","03","15","19:00"," ","-10,20","","-15,20","","67,00","","14,00","","7,00","","24,10","","93,47","","","","-14,00","","Généralement nuageux"
"2000-03-15 20:00","2000","03","15","20:00"," ","-12,80","","-16,70","","73,00","","10,00","","7,00","","24,10","","93,50","","","","-17,00","","Généralement dégagé"
"2000-03-15 21:00","2000","03","15","21:00"," ","-13,90","","-17,40","","75,00","","12,00","","7,00","","24,10","","93,53","","","","-19,00","","Généralement dégagé"
"2000-03-15 22:00","2000","03","15","22:00"," ","-16,40","","-19,60","","76,00","","12,00","","9,00","","24,10","","93,53","","","","-22,00","","Dégagé"
"2000-03-15 23:00","2000","03","15","23:00"," ","-19,20","","-22,60","","74,00","","16,00","","4,00","","24,10","","93,56","","","","-23,00","","Dégagé"
"2000-03-16 00:00","2000","03","16","00:00"," ","-19,90","","-24,30","","68,00","","18,00","","4,00","","24,10","","93,53","","","","-23,00","","Dégagé"
"2000-03-16 01:00","2000","03","16","01:00"," ","-19,50","","-23,30","","72,00","","22,00","","6,00","","24,10","","93,50","","","","-24,00","","Généralement dégagé"
"2000-03-16 02:00","2000","03","16","02:00"," ","-20,60","","-23,30","","79,00","","18,00","","6,00","","24,10","","93,50","","","","-26,00","","Généralement dégagé"
"2000-03-16 03:00","2000","03","16","03:00"," ","-19,30","","-22,20","","78,00","","14,00","","6,00","","24,10","","93,47","","","","-24,00","","Dégagé"
"2000-03-16 04:00","2000","03","16","04:00"," ","-15,30","","-17,40","","84,00","","15,00","","15,00","","24,10","","93,43","","","","-23,00","","Généralement dégagé"
"2000-03-16 05:00","2000","03","16","05:00"," ","-16,40","","-18,70","","82,00","","14,00","","11,00","","24,10","","93,37","","","","-23,00","","Généralement dégagé"
"2000-03-16 06:00","2000","03","16","06:00"," ","-13,20","","-14,80","","88,00","","13,00","","22,00","","24,10","","93,28","","","","-22,00","","Généralement dégagé"
"2000-03-16 07:00","2000","03","16","07:00"," ","-12,00","","-14,70","","80,00","","15,00","","26,00","","24,10","","93,15","","","","-22,00","","Généralement nuageux"
"2000-03-16 08:00","2000","03","16","08:00"," ","-11,80","","-15,60","","73,00","","14,00","","26,00","","16,10","","93,05","","","","-21,00","","Nuageux"
"2000-03-16 09:00","2000","03","16","09:00"," ","-10,70","","-14,50","","74,00","","14,00","","32,00","","19,30","","92,93","","","","-21,00","","Nuageux"
"2000-03-16 10:00","2000","03","16","10:00"," ","-9,40","","-13,20","","74,00","","15,00","","33,00","","19,30","","92,80","","","","-19,00","","Nuageux"
"2000-03-16 11:00","2000","03","16","11:00"," ","-8,60","","-12,60","","73,00","","15,00","","35,00","","16,10","","92,68","","","","-18,00","","Nuageux"
"2000-03-16 12:00","2000","03","16","12:00"," ","-7,50","","-11,80","","71,00","","15,00","","39,00","","12,90","","92,58","","","","-17,00","","Nuageux"
"2000-03-16 13:00","2000","03","16","13:00"," ","-6,60","","-10,80","","72,00","","14,00","","32,00","","19,30","","92,45","","","","-15,00","","Nuageux"
"2000-03-16 14:00","2000","03","16","14:00"," ","-6,50","","-10,60","","73,00","","13,00","","32,00","","19,30","","92,30","","","","-15,00","","Nuageux"
"2000-03-16 15:00","2000","03","16","15:00"," ","-6,70","","-10,90","","72,00","","13,00","","35,00","","16,10","","92,27","","","","-16,00","","Nuageux"
"2000-03-16 16:00","2000","03","16","16:00"," ","-6,10","","-10,20","","73,00","","13,00","","37,00","","19,30","","92,20","","","","-15,00","","Nuageux"
"2000-03-16 17:00","2000","03","16","17:00"," ","-5,50","","-9,70","","72,00","","14,00","","28,00","","19,30","","92,14","","","","-13,00","","Nuageux"
"2000-03-16 18:00","2000","03","16","18:00"," ","-4,70","","-9,00","","72,00","","14,00","","26,00","","19,30","","92,11","","","","-12,00","","Nuageux"
"2000-03-16 19:00","2000","03","16","19:00"," ","-5,00","","-8,50","","76,00","","14,00","","24,00","","3,20","","92,01","","","","-12,00","","Neige"
"2000-03-16 20:00","2000","03","16","20:00"," ","-5,30","","-8,40","","79,00","","17,00","","7,00","","24,10","","92,01","","","","-9,00","","Généralement nuageux"
"2000-03-16 21:00","2000","03","16","21:00"," ","-6,60","","-9,20","","82,00","","23,00","","4,00","","24,10","","92,04","","","","-9,00","","Généralement nuageux"
"2000-03-16 22:00","2000","03","16","22:00"," ","-6,00","","-8,30","","84,00","","22,00","","4,00","","16,10","","92,01","","","","-8,00","","Averses de neige"
"2000-03-16 23:00","2000","03","16","23:00"," ","-10,40","","-12,80","","83,00","","20,00","","6,00","","24,10","","92,01","","","","-14,00","","Généralement dégagé"
"2000-03-17 00:00","2000","03","17","00:00"," ","-11,20","","-14,70","","75,00","","18,00","","9,00","","24,10","","91,98","","","","-16,00","","Généralement nuageux"
"2000-03-17 01:00","2000","03","17","01:00"," ","-10,80","","-14,00","","77,00","","21,00","","9,00","","24,10","","92,01","","","","-16,00","","Généralement nuageux"
"2000-03-17 02:00","2000","03","17","02:00"," ","-10,20","","-13,10","","79,00","","21,00","","11,00","","24,10","","92,01","","","","-16,00","","Généralement nuageux"
"2000-03-17 03:00","2000","03","17","03:00"," ","-10,50","","-13,40","","79,00","","21,00","","9,00","","24,10","","92,01","","","","-15,00","","Généralement dégagé"
"2000-03-17 04:00","2000","03","17","04:00"," ","-8,30","","-11,80","","76,00","","22,00","","7,00","","24,10","","92,04","","","","-12,00","","Généralement nuageux"
"2000-03-17 05:00","2000","03","17","05:00"," ","-2,70","","-7,90","","67,00","","26,00","","20,00","","24,10","","92,08","","","","-9,00","","Nuageux"
"2000-03-17 06:00","2000","03","17","06:00"," ","-2,50","","-8,60","","63,00","","26,00","","20,00","","24,10","","92,08","","","","-8,00","","Généralement nuageux"
"2000-03-17 07:00","2000","03","17","07:00"," ","-3,60","","-9,20","","65,00","","26,00","","22,00","","24,10","","92,08","","","","-10,00","","Généralement dégagé"
"2000-03-17 08:00","2000","03","17","08:00"," ","-2,90","","-9,20","","62,00","","26,00","","24,00","","24,10","","92,11","","","","-10,00","","Généralement dégagé"
"2000-03-17 09:00","2000","03","17","09:00"," ","-2,10","","-8,40","","62,00","","27,00","","19,00","","24,10","","92,17","","","","-8,00","","Généralement nuageux"
"2000-03-17 10:00","2000","03","17","10:00"," ","-1,30","","-7,70","","62,00","","26,00","","19,00","","24,10","","92,17","","","","-7,00","","Généralement nuageux"
"2000-03-17 11:00","2000","03","17","11:00"," ","2,30","","-7,40","","49,00","","28,00","","19,00","","24,10","","92,17","","","","","","Généralement dégagé"
"2000-03-17 12:00","2000","03","17","12:00"," ","2,30","","-5,50","","56,00","","25,00","","15,00","","24,10","","92,17","","","","","","Dégagé"
"2000-03-17 13:00","2000","03","17","13:00"," ","4,00","","-6,80","","45,00","","27,00","","19,00","","24,10","","92,14","","","","","","Dégagé"
"2000-03-17 14:00","2000","03","17","14:00"," ","4,60","","-6,90","","43,00","","29,00","","28,00","","24,10","","92,14","","","","","","Généralement dégagé"
"2000-03-17 15:00","2000","03","17","15:00"," ","5,30","","-7,40","","39,00","","29,00","","26,00","","24,10","","92,11","","","","","","Généralement nuageux"
"2000-03-17 16:00","2000","03","17","16:00"," ","5,50","","-7,20","","39,00","","28,00","","20,00","","24,10","","92,14","","","","","","Généralement nuageux"
"2000-03-17 17:00","2000","03","17","17:00"," ","5,20","","-6,90","","41,00","","29,00","","19,00","","24,10","","92,20","","","","","","Généralement nuageux"
"2000-03-17 18:00","2000","03","17","18:00"," ","3,90","","-6,30","","47,00","","31,00","","13,00","","24,10","","92,27","","","","","","Généralement nuageux"
"2000-03-17 19:00","2000","03","17","19:00"," ","1,90","","-4,70","","62,00","","27,00","","7,00","","24,10","","92,30","","","","","","Généralement nuageux"
"2000-03-17 20:00","2000","03","17","20:00"," ","-0,80","","-5,90","","68,00","","25,00","","11,00","","24,10","","92,39","","","","-5,00","","Généralement dégagé"
"2000-03-17 21:00","2000","03","17","21:00"," ","-1,20","","-8,10","","59,00","","28,00","","7,00","","24,10","","92,45","","","","-4,00","","Généralement dégagé"
"2000-03-17 22:00","2000","03","17","22:00"," ","-3,00","","-9,80","","59,00","","26,00","","15,00","","24,10","","92,52","","","","-8,00","","Dégagé"
"2000-03-17 23:00","2000","03","17","23:00"," ","-1,70","","-9,50","","55,00","","27,00","","20,00","","24,10","","92,58","","","","-7,00","","Dégagé"
"2000-03-18 00:00","2000","03","18","00:00"," ","-1,40","","-10,10","","52,00","","27,00","","4,00","","24,10","","92,64","","","","-3,00","","Dégagé"
"2000-03-18 01:00","2000","03","18","01:00"," ","-3,50","","-11,40","","54,00","","23,00","","11,00","","24,10","","92,68","","","","-8,00","","Dégagé"
"2000-03-18 02:00","2000","03","18","02:00"," ","-5,60","","-12,40","","59,00","","22,00","","7,00","","24,10","","92,74","","","","-9,00","","Dégagé"
"2000-03-18 03:00","2000","03","18","03:00"," ","-6,70","","-13,50","","58,00","","23,00","","7,00","","24,10","","92,77","","","","-10,00","","Généralement dégagé"
"2000-03-18 04:00","2000","03","18","04:00"," ","-6,10","","-13,30","","57,00","","19,00","","9,00","","24,10","","92,74","","","","-10,00","","Généralement dégagé"
"2000-03-18 05:00","2000","03","18","05:00"," ","-7,30","","-14,10","","58,00","","19,00","","13,00","","24,10","","92,77","","","","-13,00","","Généralement dégagé"
"2000-03-18 06:00","2000","03","18","06:00"," ","-7,60","","-14,70","","57,00","","19,00","","17,00","","24,10","","92,74","","","","-14,00","","Généralement nuageux"
"2000-03-18 07:00","2000","03","18","07:00"," ","-7,30","","-13,90","","59,00","","18,00","","19,00","","24,10","","92,71","","","","-14,00","","Généralement nuageux"
"2000-03-18 08:00","2000","03","18","08:00"," ","-7,30","","-12,80","","65,00","","18,00","","17,00","","24,10","","92,68","","","","-14,00","","Généralement nuageux"
"2000-03-18 09:00","2000","03","18","09:00"," ","-5,00","","-11,30","","61,00","","18,00","","17,00","","24,10","","92,64","","","","-11,00","","Généralement nuageux"
"2000-03-18 10:00","2000","03","18","10:00"," ","-2,40","","-9,90","","56,00","","17,00","","17,00","","24,10","","92,55","","","","-8,00","","Généralement nuageux"
"2000-03-18 11:00","2000","03","18","11:00"," ","0,10","","-8,80","","51,00","","16,00","","17,00","","24,10","","92,45","","","","","","Généralement nuageux"
"2000-03-18 12:00","2000","03","18","12:00"," ","1,30","","-6,90","","54,00","","17,00","","17,00","","24,10","","92,39","","","","","","Généralement nuageux"
"2000-03-18 13:00","2000","03","18","13:00"," ","2,60","","-4,90","","58,00","","17,00","","15,00","","24,10","","92,27","","","","","","Généralement nuageux"
"2000-03-18 14:00","2000","03","18","14:00"," ","4,00","","-5,70","","49,00","","15,00","","19,00","","24,10","","92,08","","","","","","Généralement nuageux"
"2000-03-18 15:00","2000","03","18","15:00"," ","3,60","","-6,60","","47,00","","15,00","","28,00","","24,10","","91,95","","","","","","Généralement nuageux"
"2000-03-18 16:00","2000","03","18","16:00"," ","3,20","","-5,40","","53,00","","15,00","","22,00","","24,10","","91,82","","","","","","Généralement nuageux"
"2000-03-18 17:00","2000","03","18","17:00"," ","2,80","","-4,50","","59,00","","15,00","","24,00","","24,10","","91,63","","","","","","Généralement nuageux"
"2000-03-18 18:00","2000","03","18","18:00"," ","2,00","","-4,80","","61,00","","14,00","","24,00","","24,10","","91,51","","","","","","Généralement nuageux"
"2000-03-18 19:00","2000","03","18","19:00"," ","1,30","","-4,30","","66,00","","14,00","","22,00","","24,10","","91,38","","","","","","Généralement nuageux"
"2000-03-18 20:00","2000","03","18","20:00"," ","0,60","","-4,20","","70,00","","13,00","","20,00","","24,10","","91,26","","","","","","Généralement nuageux"
"2000-03-18 21:00","2000","03","18","21:00"," ","0,50","","-4,20","","71,00","","15,00","","17,00","","24,10","","91,13","","","","","","Nuageux"
"2000-03-18 22:00","2000","03","18","22:00"," ","-1,30","","-4,80","","77,00","","15,00","","7,00","","24,10","","91,07","","","","-4,00","","Nuageux"
"2000-03-18 23:00","2000","03","18","23:00"," ","-1,90","","-5,30","","78,00","","18,00","","13,00","","24,10","","91,00","","","","-6,00","","Nuageux"
"2000-03-19 00:00","2000","03","19","00:00"," ","-3,50","","-6,40","","80,00","","18,00","","4,00","","24,10","","90,94","","","","-5,00","","Nuageux"
"2000-03-19 01:00","2000","03","19","01:00"," ","-3,50","","-6,90","","77,00","","24,00","","4,00","","24,10","","90,91","","","","-5,00","","Nuageux"
"2000-03-19 02:00","2000","03","19","02:00"," ","-2,70","","-6,40","","76,00","","28,00","","7,00","","24,10","","90,97","","","","-6,00","","Nuageux"
"2000-03-19 03:00","2000","03","19","03:00"," ","-2,10","","-6,70","","71,00","","30,00","","13,00","","24,10","","90,94","","","","-7,00","","Nuageux"
"2000-03-19 04:00","2000","03","19","04:00"," ","-0,80","","-6,30","","66,00","","30,00","","19,00","","24,10","","91,03","","","","-6,00","","Nuageux"
"2000-03-19 05:00","2000","03","19","05:00"," ","0,00","","-4,40","","72,00","","30,00","","26,00","","24,10","","91,10","","","","-6,00","","Nuageux"
"2000-03-19 06:00","2000","03","19","06:00"," ","1,70","","-3,00","","71,00","","30,00","","30,00","","24,10","","91,19","","","","","","Nuageux"
"2000-03-19 07:00","2000","03","19","07:00"," ","2,50","","-3,70","","64,00","","32,00","","35,00","","24,10","","91,29","","","","","","Averses de pluie,Averses de neige"
"2000-03-19 08:00","2000","03","19","08:00"," ","2,30","","-3,60","","65,00","","31,00","","35,00","","24,10","","91,38","","","","","","Averses de neige"
"2000-03-19 09:00","2000","03","19","09:00"," ","2,30","","-5,90","","55,00","","31,00","","43,00","","24,10","","91,44","","","","","","Généralement nuageux"
"2000-03-19 10:00","2000","03","19","10:00"," ","1,80","","-5,70","","57,00","","29,00","","20,00","","24,10","","91,51","","","","","","Généralement nuageux"
"2000-03-19 11:00","2000","03","19","11:00"," ","2,50","","-7,10","","49,00","","29,00","","30,00","","24,10","","91,51","","","","","","Généralement dégagé"
"2000-03-19 12:00","2000","03","19","12:00"," ","3,10","","-6,80","","48,00","","30,00","","33,00","","24,10","","91,54","","","","","","Généralement dégagé"
"2000-03-19 13:00","2000","03","19","13:00"," ","3,70","","-6,90","","46,00","","32,00","","37,00","","24,10","","91,60","","","","","","Généralement dégagé"
"2000-03-19 14:00","2000","03","19","14:00"," ","3,20","","-5,70","","52,00","","32,00","","52,00","","24,10","","91,67","","","","","","Généralement dégagé"
"2000-03-19 15:00","2000","03","19","15:00"," ","2,10","","-4,50","","62,00","","31,00","","54,00","","24,10","","91,82","","","","","","Généralement nuageux"
"2000-03-19 16:00","2000","03","19","16:00"," ","1,00","","-2,90","","75,00","","29,00","","37,00","","24,10","","91,92","","","","","","Généralement nuageux"
"2000-03-19 17:00","2000","03","19","17:00"," ","0,80","","-2,30","","80,00","","28,00","","22,00","","19,30","","92,04","","","","","","Averses de neige"
"2000-03-19 18:00","2000","03","19","18:00"," ","1,00","","-2,60","","77,00","","28,00","","28,00","","6,40","","92,11","","","","","","Neige"
"2000-03-19 19:00","2000","03","19","19:00"," ","0,10","","-1,80","","87,00","","28,00","","28,00","","2,00","","92,23","","","","","","Neige"
"2000-03-19 20:00","2000","03","19","20:00"," ","1,00","","-3,60","","71,00","","30,00","","37,00","","24,10","","92,30","","","","","","Généralement nuageux"
"2000-03-19 21:00","2000","03","19","21:00"," ","-0,10","","-3,00","","81,00","","30,00","","32,00","","8,00","","92,42","","","","-7,00","","Averses de neige"
"2000-03-19 22:00","2000","03","19","22:00"," ","-0,30","","-2,70","","84,00","","31,00","","30,00","","4,80","","92,52","","","","-7,00","","Neige"
"2000-03-19 23:00","2000","03","19","23:00"," ","-0,50","","-3,00","","83,00","","31,00","","33,00","","4,80","","92,64","","","","-7,00","","Neige"
"2000-03-20 00:00","2000","03","20","00:00"," ","-0,40","","-3,00","","83,00","","31,00","","30,00","","6,40","","92,71","","","","-7,00","","Neige"
"2000-03-20 01:00","2000","03","20","01:00"," ","0,20","","-4,90","","69,00","","32,00","","32,00","","19,30","","92,80","","","","","","Neige"
"2000-03-20 02:00","2000","03","20","02:00"," ","0,40","","-5,50","","65,00","","32,00","","32,00","","19,30","","92,87","","","","","","Neige"
"2000-03-20 03:00","2000","03","20","03:00"," ","0,10","","-4,90","","69,00","","32,00","","22,00","","24,10","","92,93","","","","","","Nuageux"
"2000-03-20 04:00","2000","03","20","04:00"," ","-1,50","","-6,10","","71,00","","30,00","","22,00","","24,10","","93,05","","","","-7,00","","Généralement dégagé"
"2000-03-20 05:00","2000","03","20","05:00"," ","-3,10","","-7,20","","73,00","","29,00","","7,00","","24,10","","93,09","","","","-6,00","","Dégagé"
"2000-03-20 06:00","2000","03","20","06:00"," ","-4,10","","-8,30","","73,00","","29,00","","7,00","","24,10","","93,15","","","","-7,00","","Généralement dégagé"
"2000-03-20 07:00","2000","03","20","07:00"," ","-7,20","","-11,10","","74,00","","0,00","","0,00","","24,10","","93,15","","","","","","Généralement dégagé"
"2000-03-20 08:00","2000","03","20","08:00"," ","-5,60","","-9,30","","75,00","","27,00","","7,00","","24,10","","93,21","","","","-9,00","","Généralement dégagé"
"2000-03-20 09:00","2000","03","20","09:00"," ","-4,50","","-8,00","","76,00","","24,00","","13,00","","24,10","","93,21","","","","-10,00","","Généralement nuageux"
"2000-03-20 10:00","2000","03","20","10:00"," ","-2,10","","-6,30","","73,00","","22,00","","11,00","","24,10","","93,21","","","","-6,00","","Généralement nuageux"
"2000-03-20 11:00","2000","03","20","11:00"," ","-0,20","","-6,10","","64,00","","23,00","","15,00","","24,10","","93,15","","","","-5,00","","Généralement nuageux"
"2000-03-20 12:00","2000","03","20","12:00"," ","1,40","","-4,90","","63,00","","23,00","","13,00","","24,10","","93,09","","","","","","Généralement dégagé"
"2000-03-20 13:00","2000","03","20","13:00"," ","2,40","","-3,90","","63,00","","23,00","","11,00","","24,10","","93,09","","","","","","Généralement dégagé"
"2000-03-20 14:00","2000","03","20","14:00"," ","2,60","","-4,50","","59,00","","22,00","","11,00","","24,10","","93,05","","","","","","Généralement nuageux"
"2000-03-20 15:00","2000","03","20","15:00"," ","2,60","","-3,50","","64,00","","18,00","","15,00","","24,10","","93,05","","","","","","Généralement nuageux"
"2000-03-20 16:00","2000","03","20","16:00"," ","2,20","","-4,10","","63,00","","18,00","","19,00","","24,10","","92,99","","","","","","Généralement nuageux"
"2000-03-20 17:00","2000","03","20","17:00"," ","1,60","","-4,10","","66,00","","18,00","","19,00","","24,10","","92,96","","","","","","Généralement nuageux"
"2000-03-20 18:00","2000","03","20","18:00"," ","1,40","","-4,20","","66,00","","18,00","","20,00","","24,10","","92,93","","","","","","Généralement dégagé"
"2000-03-20 19:00","2000","03","20","19:00"," ","1,40","","-5,40","","61,00","","17,00","","17,00","","24,10","","92,90","","","","","","Généralement dégagé"
"2000-03-20 20:00","2000","03","20","20:00"," ","-1,80","","-6,20","","72,00","","18,00","","17,00","","24,10","","92,90","","","","-7,00","","Généralement dégagé"
"2000-03-20 21:00","2000","03","20","21:00"," ","-1,20","","-7,00","","65,00","","18,00","","19,00","","24,10","","92,87","","","","-7,00","","Généralement nuageux"
"2000-03-20 22:00","2000","03","20","22:00"," ","-3,10","","-7,60","","71,00","","18,00","","20,00","","24,10","","92,77","","","","-9,00","","Généralement nuageux"
"2000-03-20 23:00","2000","03","20","23:00"," ","-4,30","","-8,70","","71,00","","18,00","","17,00","","24,10","","92,74","","","","-10,00","","Généralement nuageux"
"2000-03-21 00:00","2000","03","21","00:00"," ","-4,90","","-9,20","","72,00","","19,00","","13,00","","24,10","","92,64","","","","-10,00","","Généralement nuageux"
"2000-03-21 01:00","2000","03","21","01:00"," ","-5,20","","-9,60","","71,00","","18,00","","13,00","","24,10","","92,58","","","","-10,00","","Généralement nuageux"
"2000-03-21 02:00","2000","03","21","02:00"," ","-3,50","","-8,60","","68,00","","18,00","","13,00","","24,10","","92,49","","","","-8,00","","Nuageux"
"2000-03-21 03:00","2000","03","21","03:00"," ","-3,20","","-8,00","","69,00","","18,00","","15,00","","24,10","","92,42","","","","-8,00","","Nuageux"
"2000-03-21 04:00","2000","03","21","04:00"," ","-1,40","","-8,10","","60,00","","17,00","","15,00","","24,10","","92,27","","","","-6,00","","Nuageux"
"2000-03-21 05:00","2000","03","21","05:00"," ","-3,10","","-7,70","","70,00","","18,00","","19,00","","24,10","","92,20","","","","-9,00","","Nuageux"
"2000-03-21 06:00","2000","03","21","06:00"," ","-3,80","","-9,00","","67,00","","18,00","","19,00","","24,10","","92,11","","","","-10,00","","Généralement nuageux"
"2000-03-21 07:00","2000","03","21","07:00"," ","-4,20","","-9,10","","69,00","","18,00","","15,00","","24,10","","92,08","","","","-10,00","","Généralement nuageux"
"2000-03-21 08:00","2000","03","21","08:00"," ","-3,50","","-8,00","","71,00","","18,00","","20,00","","24,10","","92,01","","","","-10,00","","Généralement nuageux"
"2000-03-21 09:00","2000","03","21","09:00"," ","-2,50","","-7,60","","68,00","","19,00","","11,00","","24,10","","92,04","","","","-7,00","","Généralement dégagé"
"2000-03-21 10:00","2000","03","21","10:00"," ","0,70","","-6,50","","59,00","","32,00","","4,00","","24,10","","92,11","","","","","","Généralement nuageux"
"2000-03-21 11:00","2000","03","21","11:00"," ","3,20","","-4,30","","58,00","","29,00","","7,00","","24,10","","92,20","","","","","","Généralement dégagé"
"2000-03-21 12:00","2000","03","21","12:00"," ","3,80","","-1,60","","68,00","","25,00","","9,00","","24,10","","92,11","","","","","","Dégagé"
"2000-03-21 13:00","2000","03","21","13:00"," ","4,50","","-2,60","","60,00","","22,00","","17,00","","24,10","","92,08","","","","","","Dégagé"
"2000-03-21 14:00","2000","03","21","14:00"," ","4,20","","-1,70","","65,00","","24,00","","9,00","","24,10","","92,11","","","","","","Généralement dégagé"
"2000-03-21 15:00","2000","03","21","15:00"," ","6,90","","-4,30","","45,00","","28,00","","22,00","","24,10","","92,20","","","","","","Généralement dégagé"
"2000-03-21 16:00","2000","03","21","16:00"," ","7,50","","-5,80","","38,00","","31,00","","28,00","","24,10","","92,27","","","","","","Généralement dégagé"
"2000-03-21 17:00","2000","03","21","17:00"," ","6,80","","-5,10","","42,00","","31,00","","24,00","","24,10","","92,36","","","","","","Généralement dégagé"
"2000-03-21 18:00","2000","03","21","18:00"," ","5,50","","-4,60","","48,00","","31,00","","22,00","","24,10","","92,45","","","","","","Généralement dégagé"
"2000-03-21 19:00","2000","03","21","19:00"," ","5,20","","-5,30","","47,00","","32,00","","22,00","","24,10","","92,55","","","","","","Dégagé"
"2000-03-21 20:00","2000","03","21","20:00"," ","2,90","","-4,90","","56,00","","32,00","","9,00","","24,10","","92,64","","","","","","Généralement dégagé"
"2000-03-21 21:00","2000","03","21","21:00"," ","-0,50","","-5,60","","68,00","","25,00","","7,00","","24,10","","92,71","","","","-3,00","","Dégagé"
"2000-03-21 22:00","2000","03","21","22:00"," ","-1,70","","-6,60","","69,00","","21,00","","7,00","","24,10","","92,77","","","","-4,00","","Dégagé"
"2000-03-21 23:00","2000","03","21","23:00"," ","-2,90","","-7,60","","70,00","","21,00","","11,00","","24,10","","92,83","","","","-7,00","","Dégagé"
"2000-03-22 00:00","2000","03","22","00:00"," ","-3,30","","-8,60","","67,00","","20,00","","13,00","","24,10","","92,87","","","","-8,00","","Dégagé"
"2000-03-22 01:00","2000","03","22","01:00"," ","-3,20","","-9,10","","64,00","","18,00","","17,00","","24,10","","92,96","","","","-9,00","","Dégagé"
"2000-03-22 02:00","2000","03","22","02:00"," ","-3,80","","-9,90","","63,00","","21,00","","11,00","","24,10","","92,99","","","","-8,00","","Dégagé"
"2000-03-22 03:00","2000","03","22","03:00"," ","-4,60","","-10,10","","65,00","","19,00","","17,00","","24,10","","93,05","","","","-10,00","","Généralement dégagé"
"2000-03-22 04:00","2000","03","22","04:00"," ","-4,40","","-10,20","","64,00","","19,00","","15,00","","24,10","","93,05","","","","-10,00","","Généralement dégagé"
"2000-03-22 05:00","2000","03","22","05:00"," ","-2,50","","-9,60","","58,00","","17,00","","9,00","","24,10","","93,02","","","","-6,00","","Généralement dégagé"
"2000-03-22 06:00","2000","03","22","06:00"," ","-5,50","","-11,00","","65,00","","18,00","","17,00","","24,10","","93,05","","","","-12,00","","Généralement dégagé"
"2000-03-22 07:00","2000","03","22","07:00"," ","-3,30","","-10,10","","59,00","","17,00","","17,00","","24,10","","92,99","","","","-9,00","","Généralement nuageux"
"2000-03-22 08:00","2000","03","22","08:00"," ","-1,50","","-8,20","","60,00","","17,00","","20,00","","24,10","","92,99","","","","-7,00","","Généralement nuageux"
"2000-03-22 09:00","2000","03","22","09:00"," ","2,00","","-7,50","","49,00","","16,00","","20,00","","24,10","","92,90","","","","","","Nuageux"
"2000-03-22 10:00","2000","03","22","10:00"," ","2,60","","-5,80","","54,00","","14,00","","22,00","","24,10","","92,77","","","","","","Nuageux"
"2000-03-22 11:00","2000","03","22","11:00"," ","3,00","","-4,30","","59,00","","13,00","","30,00","","24,10","","92,64","","","","","","Nuageux"
"2000-03-22 12:00","2000","03","22","12:00"," ","3,60","","-3,70","","59,00","","13,00","","30,00","","24,10","","92,52","","","","","","Nuageux"
"2000-03-22 13:00","2000","03","22","13:00"," ","3,60","","-3,10","","62,00","","13,00","","26,00","","24,10","","92,39","","","","","","Nuageux"
"2000-03-22 14:00","2000","03","22","14:00"," ","3,70","","-2,90","","62,00","","13,00","","32,00","","24,10","","92,17","","","","","","Généralement nuageux"
"2000-03-22 15:00","2000","03","22","15:00"," ","3,40","","-2,60","","65,00","","14,00","","30,00","","24,10","","92,11","","","","","","Généralement nuageux"
"2000-03-22 16:00","2000","03","22","16:00"," ","2,80","","-1,90","","71,00","","14,00","","24,00","","24,10","","92,01","","","","","","Généralement nuageux"
"2000-03-22 17:00","2000","03","22","17:00"," ","2,70","","-1,70","","73,00","","14,00","","22,00","","24,10","","91,95","","","","","","Généralement nuageux"
"2000-03-22 18:00","2000","03","22","18:00"," ","2,60","","-1,40","","75,00","","12,00","","13,00","","24,10","","91,85","","","","","","Généralement nuageux"
"2000-03-22 19:00","2000","03","22","19:00"," ","2,20","","-1,80","","75,00","","9,00","","6,00","","24,10","","91,82","","","","","","Généralement nuageux"
"2000-03-22 20:00","2000","03","22","20:00"," ","0,70","","-1,90","","83,00","","3,00","","6,00","","24,10","","91,76","","","","","","Généralement nuageux"
"2000-03-22 21:00","2000","03","22","21:00"," ","0,60","","-2,00","","83,00","","1,00","","6,00","","24,10","","91,73","","","","","","Nuageux"
"2000-03-22 22:00","2000","03","22","22:00"," ","0,50","","-1,90","","84,00","","31,00","","7,00","","24,10","","91,76","","","","","","Nuageux"
"2000-03-22 23:00","2000","03","22","23:00"," ","0,60","","-2,30","","81,00","","31,00","","9,00","","24,10","","91,79","","","","","","Nuageux"
"2000-03-23 00:00","2000","03","23","00:00"," ","0,40","","-2,30","","82,00","","31,00","","7,00","","24,10","","91,82","","","","","","Nuageux"
"2000-03-23 01:00","2000","03","23","01:00"," ","-0,30","","-2,70","","84,00","","28,00","","7,00","","19,30","","91,85","","","","-3,00","","Généralement nuageux"
"2000-03-23 02:00","2000","03","23","02:00"," ","0,10","","-2,40","","83,00","","30,00","","11,00","","24,10","","91,89","","","","","","Généralement nuageux"
"2000-03-23 03:00","2000","03","23","03:00"," ","0,30","","-2,50","","81,00","","28,00","","7,00","","24,10","","91,98","","","","","","Nuageux"
"2000-03-23 04:00","2000","03","23","04:00"," ","-0,80","","-2,90","","86,00","","25,00","","9,00","","24,10","","92,04","","","","-4,00","","Nuageux"
"2000-03-23 05:00","2000","03","23","05:00"," ","-1,40","","-4,10","","82,00","","27,00","","6,00","","24,10","","92,04","","","","-4,00","","Généralement nuageux"
"2000-03-23 06:00","2000","03","23","06:00"," ","-1,90","","-5,20","","78,00","","27,00","","13,00","","24,10","","92,11","","","","-6,00","","Généralement nuageux"
"2000-03-23 07:00","2000","03","23","07:00"," ","-2,50","","-6,00","","77,00","","28,00","","9,00","","24,10","","92,17","","","","-6,00","","Généralement nuageux"
"2000-03-23 08:00","2000","03","23","08:00"," ","-2,70","","-6,60","","74,00","","25,00","","7,00","","24,10","","92,23","","","","-6,00","","Généralement nuageux"
"2000-03-23 09:00","2000","03","23","09:00"," ","-2,00","","-5,60","","76,00","","23,00","","11,00","","24,10","","92,27","","","","-6,00","","Généralement nuageux"
"2000-03-23 10:00","2000","03","23","10:00"," ","-0,20","","-3,90","","76,00","","26,00","","9,00","","24,10","","92,33","","","","-3,00","","Généralement nuageux"
"2000-03-23 11:00","2000","03","23","11:00"," ","1,50","","-2,40","","75,00","","27,00","","11,00","","24,10","","92,36","","","","","","Généralement nuageux"
"2000-03-23 12:00","2000","03","23","12:00"," ","2,70","","-2,10","","71,00","","28,00","","9,00","","24,10","","92,39","","","","","","Généralement nuageux"
"2000-03-23 13:00","2000","03","23","13:00"," ","3,20","","-2,30","","67,00","","29,00","","15,00","","24,10","","92,36","","","","","","Généralement nuageux"
"2000-03-23 14:00","2000","03","23","14:00"," ","3,20","","-2,00","","69,00","","31,00","","17,00","","24,10","","92,36","","","","","","Nuageux"
"2000-03-23 15:00","2000","03","23","15:00"," ","3,50","","-2,40","","65,00","","32,00","","17,00","","24,10","","92,42","","","","","","Nuageux"
"2000-03-23 16:00","2000","03","23","16:00"," ","3,70","","-2,20","","65,00","","30,00","","13,00","","24,10","","92,42","","","","","","Généralement nuageux"
"2000-03-23 17:00","2000","03","23","17:00"," ","4,00","","-2,30","","63,00","","29,00","","11,00","","24,10","","92,45","","","","","","Généralement nuageux"
"2000-03-23 18:00","2000","03","23","18:00"," ","2,20","","-2,20","","73,00","","27,00","","7,00","","24,10","","92,45","","","","","","Généralement nuageux"
"2000-03-23 19:00","2000","03","23","19:00"," ","2,20","","-3,10","","68,00","","24,00","","6,00","","24,10","","92,49","","","","","","Généralement nuageux"
"2000-03-23 20:00","2000","03","23","20:00"," ","0,10","","-4,20","","73,00","","27,00","","9,00","","24,10","","92,52","","","","","","Généralement nuageux"
"2000-03-23 21:00","2000","03","23","21:00"," ","1,00","","-4,80","","65,00","","29,00","","11,00","","24,10","","92,58","","","","","","Généralement dégagé"
"2000-03-23 22:00","2000","03","23","22:00"," ","0,70","","-5,00","","66,00","","28,00","","11,00","","24,10","","92,61","","","","","","Généralement dégagé"
"2000-03-23 23:00","2000","03","23","23:00"," ","-0,60","","-6,00","","67,00","","29,00","","15,00","","24,10","","92,64","","","","-5,00","","Généralement dégagé"
"2000-03-24 00:00","2000","03","24","00:00"," ","-1,20","","-6,10","","69,00","","29,00","","13,00","","24,10","","92,68","","","","-5,00","","Généralement dégagé"
"2000-03-24 01:00","2000","03","24","01:00"," ","-3,80","","-7,80","","74,00","","26,00","","9,00","","24,10","","92,71","","","","-8,00","","Dégagé"
"2000-03-24 02:00","2000","03","24","02:00"," ","-3,20","","-6,90","","76,00","","27,00","","13,00","","24,10","","92,77","","","","-8,00","","Généralement dégagé"
"2000-03-24 03:00","2000","03","24","03:00"," ","-2,70","","-6,80","","73,00","","27,00","","13,00","","24,10","","92,77","","","","-7,00","","Dégagé"
"2000-03-24 04:00","2000","03","24","04:00"," ","-3,90","","-7,50","","76,00","","27,00","","13,00","","24,10","","92,80","","","","-9,00","","Généralement dégagé"
"2000-03-24 05:00","2000","03","24","05:00"," ","-5,10","","-8,80","","75,00","","25,00","","17,00","","24,10","","92,83","","","","-11,00","","Généralement dégagé"
"2000-03-24 06:00","2000","03","24","06:00"," ","-4,70","","-8,80","","73,00","","26,00","","17,00","","24,10","","92,87","","","","-11,00","","Généralement dégagé"
"2000-03-24 07:00","2000","03","24","07:00"," ","-3,90","","-8,50","","70,00","","27,00","","17,00","","24,10","","92,90","","","","-10,00","","Généralement dégagé"
"2000-03-24 08:00","2000","03","24","08:00"," ","-2,80","","-7,90","","68,00","","26,00","","17,00","","24,10","","92,93","","","","-8,00","","Généralement dégagé"
"2000-03-24 09:00","2000","03","24","09:00"," ","-1,00","","-6,30","","67,00","","27,00","","17,00","","24,10","","92,96","","","","-6,00","","Généralement dégagé"
"2000-03-24 10:00","2000","03","24","10:00"," ","0,60","","-5,20","","65,00","","27,00","","15,00","","24,10","","92,93","","","","","","Généralement dégagé"
"2000-03-24 11:00","2000","03","24","11:00"," ","1,90","","-3,90","","65,00","","26,00","","13,00","","24,10","","92,93","","","","","","Généralement dégagé"
"2000-03-24 12:00","2000","03","24","12:00"," ","2,70","","-3,50","","64,00","","25,00","","11,00","","24,10","","92,87","","","","","","Dégagé"
"2000-03-24 13:00","2000","03","24","13:00"," ","3,30","","-3,40","","61,00","","25,00","","9,00","","24,10","","92,83","","","","","","Généralement dégagé"
"2000-03-24 14:00","2000","03","24","14:00"," ","3,80","","-3,20","","60,00","","26,00","","9,00","","24,10","","92,77","","","","","","Généralement dégagé"
"2000-03-24 15:00","2000","03","24","15:00"," ","4,90","","-5,40","","47,00","","20,00","","9,00","","24,10","","92,74","","","","","","Dégagé"
"2000-03-24 16:00","2000","03","24","16:00"," ","3,70","","-2,90","","62,00","","19,00","","11,00","","24,10","","92,74","","","","","","Dégagé"
"2000-03-24 17:00","2000","03","24","17:00"," ","3,30","","-3,00","","63,00","","20,00","","9,00","","24,10","","92,74","","","","","","Dégagé"
"2000-03-24 18:00","2000","03","24","18:00"," ","1,50","","-4,40","","65,00","","18,00","","13,00","","24,10","","92,71","","","","","","Généralement dégagé"
"2000-03-24 19:00","2000","03","24","19:00"," ","0,30","","-5,10","","67,00","","18,00","","13,00","","24,10","","92,68","","","","","","Généralement dégagé"
"2000-03-24 20:00","2000","03","24","20:00"," ","1,00","","-5,70","","61,00","","18,00","","13,00","","24,10","","92,64","","","","","","Généralement dégagé"
"2000-03-24 21:00","2000","03","24","21:00"," ","-1,60","","-6,20","","71,00","","18,00","","15,00","","24,10","","92,68","","","","-6,00","","Dégagé"
"2000-03-24 22:00","2000","03","24","22:00"," ","-1,60","","-5,90","","72,00","","18,00","","15,00","","24,10","","92,64","","","","-6,00","","Dégagé"
"2000-03-24 23:00","2000","03","24","23:00"," ","-2,70","","-6,20","","77,00","","18,00","","15,00","","24,10","","92,64","","","","-8,00","","Dégagé"
"2000-03-25 00:00","2000","03","25","00:00"," ","-1,80","","-5,80","","74,00","","18,00","","17,00","","24,10","","92,58","","","","-7,00","","Dégagé"
"2000-03-25 01:00","2000","03","25","01:00"," ","-2,70","","-6,30","","76,00","","18,00","","15,00","","24,10","","92,55","","","","-8,00","","Généralement dégagé"
"2000-03-25 02:00","2000","03","25","02:00"," ","-2,70","","-6,10","","77,00","","18,00","","11,00","","24,10","","92,55","","","","-7,00","","Généralement nuageux"
"2000-03-25 03:00","2000","03","25","03:00"," ","-3,30","","-6,10","","81,00","","18,00","","7,00","","24,10","","92,49","","","","-6,00","","Nuageux"
"2000-03-25 04:00","2000","03","25","04:00"," ","-3,20","","-6,30","","79,00","","18,00","","9,00","","24,10","","92,45","","","","-7,00","","Nuageux"
"2000-03-25 05:00","2000","03","25","05:00"," ","-1,70","","-6,10","","72,00","","20,00","","11,00","","24,10","","92,45","","","","-6,00","","Nuageux"
"2000-03-25 06:00","2000","03","25","06:00"," ","-2,10","","-6,00","","75,00","","20,00","","7,00","","24,10","","92,42","","","","-5,00","","Généralement nuageux"
"2000-03-25 07:00","2000","03","25","07:00"," ","-0,60","","-5,10","","72,00","","26,00","","9,00","","24,10","","92,39","","","","-4,00","","Généralement nuageux"
"2000-03-25 08:00","2000","03","25","08:00"," ","0,70","","-4,20","","70,00","","27,00","","17,00","","24,10","","92,39","","","","","","Nuageux"
"2000-03-25 09:00","2000","03","25","09:00"," ","1,90","","-3,60","","67,00","","27,00","","20,00","","24,10","","92,42","","","","","","Nuageux"
"2000-03-25 10:00","2000","03","25","10:00"," ","2,60","","-3,40","","65,00","","29,00","","11,00","","24,10","","92,42","","","","","","Nuageux"
"2000-03-25 11:00","2000","03","25","11:00"," ","3,20","","-1,70","","70,00","","31,00","","15,00","","24,10","","92,42","","","","","","Nuageux"
"2000-03-25 12:00","2000","03","25","12:00"," ","3,80","","-1,70","","67,00","","29,00","","17,00","","24,10","","92,39","","","","","","Généralement nuageux"
"2000-03-25 13:00","2000","03","25","13:00"," ","4,70","","-1,20","","66,00","","28,00","","15,00","","24,10","","92,36","","","","","","Généralement nuageux"
"2000-03-25 14:00","2000","03","25","14:00"," ","5,90","","-0,70","","63,00","","28,00","","11,00","","24,10","","92,33","","","","","","Généralement nuageux"
"2000-03-25 15:00","2000","03","25","15:00"," ","6,10","","-1,50","","58,00","","28,00","","13,00","","24,10","","92,33","","","","","","Généralement nuageux"
"2000-03-25 16:00","2000","03","25","16:00"," ","5,60","","0,30","","69,00","","27,00","","7,00","","24,10","","92,36","","","","","","Généralement nuageux"
"2000-03-25 17:00","2000","03","25","17:00"," ","5,70","","-0,80","","63,00","","29,00","","9,00","","24,10","","92,42","","","","","","Généralement nuageux"
"2000-03-25 18:00","2000","03","25","18:00"," ","4,90","","-1,60","","63,00","","31,00","","7,00","","24,10","","92,45","","","","","","Généralement dégagé"
"2000-03-25 19:00","2000","03","25","19:00"," ","1,10","","-2,40","","77,00","","25,00","","9,00","","24,10","","92,45","","","","","","Dégagé"
"2000-03-25 20:00","2000","03","25","20:00"," ","0,30","","-3,50","","76,00","","23,00","","11,00","","24,10","","92,55","","","","","","Dégagé"
"2000-03-25 21:00","2000","03","25","21:00"," ","0,30","","-4,00","","73,00","","25,00","","7,00","","24,10","","92,58","","","","","","Généralement dégagé"
"2000-03-25 22:00","2000","03","25","22:00"," ","-0,40","","-4,90","","72,00","","26,00","","13,00","","24,10","","92,64","","","","-5,00","","Dégagé"
"2000-03-25 23:00","2000","03","25","23:00"," ","-1,50","","-5,50","","74,00","","26,00","","11,00","","24,10","","92,71","","","","-5,00","","Dégagé"
"2000-03-26 00:00","2000","03","26","00:00"," ","1,40","","-5,60","","60,00","","28,00","","13,00","","24,10","","92,80","","","","","","Généralement dégagé"
"2000-03-26 01:00","2000","03","26","01:00"," ","0,80","","-6,00","","60,00","","28,00","","17,00","","24,10","","92,87","","","","","","Dégagé"
"2000-03-26 02:00","2000","03","26","02:00"," ","-2,00","","-6,60","","71,00","","26,00","","11,00","","24,10","","92,93","","","","-6,00","","Dégagé"
"2000-03-26 03:00","2000","03","26","03:00"," ","-1,80","","-7,10","","67,00","","26,00","","15,00","","24,10","","92,93","","","","-7,00","","Dégagé"
"2000-03-26 04:00","2000","03","26","04:00"," ","-3,30","","-7,60","","72,00","","24,00","","15,00","","24,10","","92,93","","","","-8,00","","Dégagé"
"2000-03-26 05:00","2000","03","26","05:00"," ","-1,90","","-7,10","","68,00","","26,00","","17,00","","24,10","","92,96","","","","-7,00","","Généralement dégagé"
"2000-03-26 06:00","2000","03","26","06:00"," ","-1,10","","-6,80","","65,00","","27,00","","17,00","","24,10","","92,99","","","","-6,00","","Généralement dégagé"
"2000-03-26 07:00","2000","03","26","07:00"," ","-0,70","","-6,50","","65,00","","27,00","","20,00","","24,10","","93,02","","","","-6,00","","Généralement dégagé"
"2000-03-26 08:00","2000","03","26","08:00"," ","-0,10","","-6,10","","64,00","","26,00","","17,00","","24,10","","93,02","","","","-5,00","","Dégagé"
"2000-03-26 09:00","2000","03","26","09:00"," ","2,00","","-4,30","","63,00","","27,00","","13,00","","24,10","","93,02","","","","","","Dégagé"
"2000-03-26 10:00","2000","03","26","10:00"," ","3,30","","-3,80","","60,00","","27,00","","15,00","","24,10","","93,02","","","","","","Dégagé"
"2000-03-26 11:00","2000","03","26","11:00"," ","4,60","","-2,60","","60,00","","26,00","","11,00","","24,10","","92,99","","","","","","Dégagé"
"2000-03-26 12:00","2000","03","26","12:00"," ","6,30","","-0,80","","60,00","","26,00","","7,00","","24,10","","92,93","","","","","","Dégagé"
"2000-03-26 13:00","2000","03","26","13:00"," ","8,10","","-0,80","","53,00","","23,00","","9,00","","24,10","","92,87","","","","","","Dégagé"
"2000-03-26 14:00","2000","03","26","14:00"," ","8,90","","-2,20","","46,00","","21,00","","11,00","","24,10","","92,83","","","","","","Généralement dégagé"
"2000-03-26 15:00","2000","03","26","15:00"," ","9,90","","-2,50","","42,00","","20,00","","9,00","","24,10","","92,80","","","","","","Généralement dégagé"
"2000-03-26 16:00","2000","03","26","16:00"," ","10,00","","-1,30","","45,00","","21,00","","9,00","","24,10","","92,71","","","","","","Généralement nuageux"
"2000-03-26 17:00","2000","03","26","17:00"," ","9,70","","-1,10","","47,00","","21,00","","9,00","","24,10","","92,68","","","","","","Généralement nuageux"
"2000-03-26 18:00","2000","03","26","18:00"," ","7,60","","-1,70","","52,00","","17,00","","11,00","","24,10","","92,64","","","","","","Généralement dégagé"
"2000-03-26 19:00","2000","03","26","19:00"," ","4,70","","-2,80","","58,00","","17,00","","13,00","","24,10","","92,61","","","","","","Généralement nuageux"
"2000-03-26 20:00","2000","03","26","20:00"," ","3,10","","-3,20","","63,00","","17,00","","13,00","","24,10","","92,55","","","","","","Généralement dégagé"
"2000-03-26 21:00","2000","03","26","21:00"," ","2,10","","-3,10","","68,00","","18,00","","11,00","","24,10","","92,49","","","","","","Généralement dégagé"
"2000-03-26 22:00","2000","03","26","22:00"," ","1,00","","-3,70","","71,00","","15,00","","6,00","","24,10","","92,45","","","","","","Dégagé"
"2000-03-26 23:00","2000","03","26","23:00"," ","0,70","","-3,90","","71,00","","15,00","","9,00","","24,10","","92,42","","","","","","Dégagé"
"2000-03-27 00:00","2000","03","27","00:00"," ","1,50","","-4,00","","67,00","","14,00","","11,00","","24,10","","92,33","","","","","","Dégagé"
"2000-03-27 01:00","2000","03","27","01:00"," ","0,90","","-3,60","","72,00","","14,00","","17,00","","24,10","","92,27","","","","","","Généralement dégagé"
"2000-03-27 02:00","2000","03","27","02:00"," ","1,30","","-3,60","","70,00","","20,00","","6,00","","24,10","","92,23","","","","","","Généralement nuageux"
"2000-03-27 03:00","2000","03","27","03:00"," ","2,20","","-3,60","","65,00","","16,00","","11,00","","24,10","","92,20","","","","","","Généralement nuageux"
"2000-03-27 04:00","2000","03","27","04:00"," ","1,70","","-2,70","","73,00","","18,00","","11,00","","24,10","","92,17","","","","","","Nuageux"
"2000-03-27 05:00","2000","03","27","05:00"," ","1,50","","-2,40","","75,00","","17,00","","9,00","","24,10","","92,11","","","","","","Nuageux"
"2000-03-27 06:00","2000","03","27","06:00"," ","0,50","","-2,50","","80,00","","14,00","","7,00","","24,10","","92,08","","","","","","Généralement nuageux"
"2000-03-27 07:00","2000","03","27","07:00"," ","-0,50","","-3,40","","81,00","","10,00","","4,00","","24,10","","92,08","","","","-2,00","","Généralement nuageux"
"2000-03-27 08:00","2000","03","27","08:00"," ","0,80","","-2,50","","79,00","","15,00","","7,00","","24,10","","92,04","","","","","","Nuageux"
"2000-03-27 09:00","2000","03","27","09:00"," ","3,00","","-1,90","","70,00","","18,00","","7,00","","24,10","","92,01","","","","","","Nuageux"
"2000-03-27 10:00","2000","03","27","10:00"," ","5,70","","-1,10","","62,00","","16,00","","6,00","","24,10","","91,98","","","","","","Nuageux"
"2000-03-27 11:00","2000","03","27","11:00"," ","8,90","","0,40","","55,00","","18,00","","9,00","","24,10","","91,95","","","","","","Nuageux"
"2000-03-27 12:00","2000","03","27","12:00"," ","7,80","","2,00","","67,00","","17,00","","7,00","","24,10","","91,89","","","","","","Nuageux"
"2000-03-27 13:00","2000","03","27","13:00"," ","9,80","","2,10","","59,00","","17,00","","7,00","","24,10","","91,85","","","","","","Nuageux"
"2000-03-27 14:00","2000","03","27","14:00"," ","10,70","","2,00","","55,00","","20,00","","4,00","","24,10","","91,85","","","","","","Nuageux"
"2000-03-27 15:00","2000","03","27","15:00"," ","9,50","","3,30","","65,00","","13,00","","6,00","","24,10","","91,85","","","","","","Nuageux"
"2000-03-27 16:00","2000","03","27","16:00"," ","8,40","","1,20","","60,00","","8,00","","19,00","","24,10","","91,76","","","","","","Généralement nuageux"
"2000-03-27 17:00","2000","03","27","17:00"," ","6,80","","1,70","","70,00","","15,00","","6,00","","24,10","","91,73","","","","","","Généralement nuageux"
"2000-03-27 18:00","2000","03","27","18:00"," ","6,00","","0,90","","70,00","","14,00","","17,00","","24,10","","91,70","","","","","","Généralement nuageux"
"2000-03-27 19:00","2000","03","27","19:00"," ","4,40","","0,80","","77,00","","7,00","","4,00","","24,10","","91,67","","","","","","Généralement nuageux"
"2000-03-27 20:00","2000","03","27","20:00"," ","4,00","","0,40","","77,00","","0,00","","0,00","","24,10","","91,67","","","","","","Généralement nuageux"
"2000-03-27 21:00","2000","03","27","21:00"," ","3,30","","0,30","","81,00","","12,00","","7,00","","24,10","","91,67","","","","","","Nuageux"
"2000-03-27 22:00","2000","03","27","22:00"," ","2,40","","-0,10","","84,00","","11,00","","9,00","","24,10","","91,63","","","","","","Nuageux"
"2000-03-27 23:00","2000","03","27","23:00"," ","1,20","","-1,00","","85,00","","15,00","","6,00","","24,10","","91,63","","","","","","Généralement nuageux"
"2000-03-28 00:00","2000","03","28","00:00"," ","1,30","","-0,70","","87,00","","9,00","","9,00","","24,10","","91,63","","","","","","Nuageux"
"2000-03-28 01:00","2000","03","28","01:00"," ","1,00","","-1,20","","85,00","","14,00","","6,00","","24,10","","91,60","","","","","","Nuageux"
"2000-03-28 02:00","2000","03","28","02:00"," ","0,40","","-1,20","","89,00","","0,00","","0,00","","24,10","","91,57","","","","","","Nuageux"
"2000-03-28 03:00","2000","03","28","03:00"," ","0,20","","-1,40","","89,00","","11,00","","6,00","","24,10","","91,54","","","","","","Généralement nuageux"
"2000-03-28 04:00","2000","03","28","04:00"," ","-0,40","","-2,00","","89,00","","25,00","","4,00","","24,10","","91,54","","","","-2,00","","Nuageux"
"2000-03-28 05:00","2000","03","28","05:00"," ","-0,20","","-1,70","","90,00","","8,00","","4,00","","24,10","","91,57","","","","-1,00","","Nuageux"
"2000-03-28 06:00","2000","03","28","06:00"," ","0,10","","-1,50","","89,00","","25,00","","6,00","","12,90","","91,63","","","","","","Généralement nuageux"
"2000-03-28 07:00","2000","03","28","07:00"," ","1,30","","-0,50","","88,00","","25,00","","11,00","","9,70","","91,73","","","","","","Averses de pluie,Brouillard"
"2000-03-28 08:00","2000","03","28","08:00"," ","2,70","","-1,80","","72,00","","28,00","","13,00","","11,30","","91,82","","","","","","Nuageux"
"2000-03-28 09:00","2000","03","28","09:00"," ","2,20","","-1,40","","77,00","","31,00","","13,00","","11,30","","91,92","","","","","","Averses de pluie,Averses de neige"
"2000-03-28 10:00","2000","03","28","10:00"," ","","","","","","","","","","","","","","","","","","",""
"2000-03-28 11:00","2000","03","28","11:00"," ","2,70","","0,20","","84,00","","33,00","","11,00","","12,90","","92,01","","","","","","Averses de pluie,Averses de neige"
"2000-03-28 12:00","2000","03","28","12:00"," ","5,00","","1,50","","78,00","","1,00","","19,00","","19,30","","91,98","","","","","","Généralement nuageux"
"2000-03-28 13:00","2000","03","28","13:00"," ","6,40","","0,80","","67,00","","1,00","","13,00","","24,10","","91,98","","","","","","Généralement nuageux"
"2000-03-28 14:00","2000","03","28","14:00"," ","7,80","","1,30","","63,00","","2,00","","9,00","","24,10","","91,98","","","","","","Généralement nuageux"
"2000-03-28 15:00","2000","03","28","15:00"," ","8,40","","0,00","","55,00","","36,00","","11,00","","24,10","","92,01","","","","","","Généralement nuageux"
"2000-03-28 16:00","2000","03","28","16:00"," ","9,10","","-0,90","","50,00","","1,00","","7,00","","24,10","","92,01","","","","","","Généralement dégagé"
"2000-03-28 17:00","2000","03","28","17:00"," ","9,10","","-2,10","","45,00","","0,00","","0,00","","24,10","","92,04","","","","","","Généralement dégagé"
"2000-03-28 18:00","2000","03","28","18:00"," ","7,20","","0,50","","62,00","","14,00","","9,00","","24,10","","92,08","","","","","","Généralement dégagé"
"2000-03-28 19:00","2000","03","28","19:00"," ","3,70","","-0,90","","72,00","","17,00","","9,00","","24,10","","92,14","","","","","","Généralement dégagé"
"2000-03-28 20:00","2000","03","28","20:00"," ","2,20","","-1,70","","75,00","","17,00","","9,00","","24,10","","92,20","","","","","","Dégagé"
"2000-03-28 21:00","2000","03","28","21:00"," ","1,30","","-2,40","","76,00","","19,00","","9,00","","24,10","","92,27","","","","","","Dégagé"
"2000-03-28 22:00","2000","03","28","22:00"," ","0,70","","-2,50","","79,00","","16,00","","9,00","","24,10","","92,33","","","","","","Généralement dégagé"
"2000-03-28 23:00","2000","03","28","23:00"," ","0,70","","-2,60","","79,00","","18,00","","9,00","","24,10","","92,36","","","","","","Dégagé"
"2000-03-29 00:00","2000","03","29","00:00"," ","0,10","","-2,60","","82,00","","19,00","","7,00","","24,10","","92,42","","","","","","Généralement nuageux"
"2000-03-29 01:00","2000","03","29","01:00"," ","-0,70","","-2,80","","86,00","","9,00","","6,00","","24,10","","92,52","","","","-3,00","","Généralement dégagé"
"2000-03-29 02:00","2000","03","29","02:00"," ","-2,00","","-3,80","","87,00","","27,00","","7,00","","24,10","","92,58","","","","-5,00","","Généralement dégagé"
"2000-03-29 03:00","2000","03","29","03:00"," ","-0,70","","-3,30","","83,00","","35,00","","13,00","","24,10","","92,64","","","","-5,00","","Généralement dégagé"
"2000-03-29 04:00","2000","03","29","04:00"," ","-0,30","","-5,10","","70,00","","36,00","","13,00","","24,10","","92,74","","","","-4,00","","Généralement dégagé"
"2000-03-29 05:00","2000","03","29","05:00"," ","-0,10","","-6,20","","63,00","","35,00","","13,00","","24,10","","92,83","","","","-4,00","","Généralement dégagé"
"2000-03-29 06:00","2000","03","29","06:00"," ","-1,00","","-6,30","","67,00","","34,00","","9,00","","24,10","","92,93","","","","-4,00","","Généralement dégagé"
"2000-03-29 07:00","2000","03","29","07:00"," ","-1,20","","-6,40","","68,00","","34,00","","9,00","","24,10","","92,99","","","","-4,00","","Généralement nuageux"
"2000-03-29 08:00","2000","03","29","08:00"," ","0,20","","-5,40","","66,00","","32,00","","9,00","","24,10","","93,05","","","","","","Généralement nuageux"
"2000-03-29 09:00","2000","03","29","09:00"," ","2,80","","-5,50","","54,00","","33,00","","15,00","","24,10","","93,09","","","","","","Généralement nuageux"
"2000-03-29 10:00","2000","03","29","10:00"," ","4,40","","-4,90","","51,00","","35,00","","19,00","","24,10","","93,15","","","","","","Généralement dégagé"
"2000-03-29 11:00","2000","03","29","11:00"," ","5,70","","-3,90","","50,00","","36,00","","15,00","","24,10","","93,18","","","","","","Généralement dégagé"
"2000-03-29 12:00","2000","03","29","12:00"," ","6,70","","-3,50","","48,00","","34,00","","15,00","","24,10","","93,21","","","","","","Généralement dégagé"
"2000-03-29 13:00","2000","03","29","13:00"," ","7,30","","-4,20","","44,00","","35,00","","19,00","","24,10","","93,24","","","","","","Généralement dégagé"
"2000-03-29 14:00","2000","03","29","14:00"," ","8,40","","-3,00","","44,00","","1,00","","17,00","","24,10","","93,24","","","","","","Généralement dégagé"
"2000-03-29 15:00","2000","03","29","15:00"," ","8,00","","-3,10","","45,00","","30,00","","24,00","","24,10","","93,24","","","","","","Généralement dégagé"
"2000-03-29 16:00","2000","03","29","16:00"," ","8,20","","-3,10","","45,00","","33,00","","15,00","","24,10","","93,28","","","","","","Généralement dégagé"
"2000-03-29 17:00","2000","03","29","17:00"," ","8,20","","-2,70","","46,00","","32,00","","4,00","","24,10","","93,31","","","","","","Généralement dégagé"
"2000-03-29 18:00","2000","03","29","18:00"," ","6,80","","-4,10","","46,00","","31,00","","15,00","","24,10","","93,34","","","","","","Généralement dégagé"
"2000-03-29 19:00","2000","03","29","19:00"," ","3,40","","-4,00","","58,00","","32,00","","9,00","","24,10","","93,40","","","","","","Généralement dégagé"
"2000-03-29 20:00","2000","03","29","20:00"," ","1,30","","-4,20","","67,00","","29,00","","7,00","","24,10","","93,53","","","","","","Dégagé"
"2000-03-29 21:00","2000","03","29","21:00"," ","1,40","","-5,60","","60,00","","31,00","","7,00","","24,10","","93,59","","","","","","Dégagé"
"2000-03-29 22:00","2000","03","29","22:00"," ","0,40","","-6,40","","60,00","","29,00","","11,00","","24,10","","93,65","","","","","","Dégagé"
"2000-03-29 23:00","2000","03","29","23:00"," ","0,30","","-7,20","","57,00","","28,00","","11,00","","24,10","","93,65","","","","","","Dégagé"
"2000-03-30 00:00","2000","03","30","00:00"," ","-0,70","","-6,70","","64,00","","30,00","","9,00","","24,10","","93,69","","","","-4,00","","Dégagé"
"2000-03-30 01:00","2000","03","30","01:00"," ","-2,00","","-6,50","","71,00","","27,00","","9,00","","24,10","","93,72","","","","-5,00","","Dégagé"
"2000-03-30 02:00","2000","03","30","02:00"," ","-1,10","","-6,70","","66,00","","27,00","","11,00","","24,10","","93,75","","","","-5,00","","Dégagé"
"2000-03-30 03:00","2000","03","30","03:00"," ","-1,40","","-6,80","","67,00","","28,00","","9,00","","24,10","","93,81","","","","-5,00","","Dégagé"
"2000-03-30 04:00","2000","03","30","04:00"," ","-1,70","","-7,30","","66,00","","27,00","","9,00","","24,10","","93,84","","","","-5,00","","Dégagé"
"2000-03-30 05:00","2000","03","30","05:00"," ","-1,20","","-7,70","","61,00","","29,00","","9,00","","24,10","","93,88","","","","-4,00","","Dégagé"
"2000-03-30 06:00","2000","03","30","06:00"," ","-2,40","","-6,90","","71,00","","27,00","","13,00","","24,10","","93,94","","","","-7,00","","Dégagé"
"2000-03-30 07:00","2000","03","30","07:00"," ","-1,30","","-6,50","","68,00","","26,00","","11,00","","24,10","","93,94","","","","-5,00","","Dégagé"
"2000-03-30 08:00","2000","03","30","08:00"," ","1,40","","-5,80","","59,00","","24,00","","6,00","","24,10","","93,94","","","","","","Généralement dégagé"
"2000-03-30 09:00","2000","03","30","09:00"," ","2,80","","-5,40","","55,00","","27,00","","17,00","","24,10","","93,97","","","","","","Généralement dégagé"
"2000-03-30 10:00","2000","03","30","10:00"," ","4,50","","-4,70","","51,00","","26,00","","15,00","","24,10","","93,97","","","","","","Généralement dégagé"
"2000-03-30 11:00","2000","03","30","11:00"," ","6,60","","-2,60","","52,00","","26,00","","13,00","","24,10","","93,97","","","","","","Généralement dégagé"
"2000-03-30 12:00","2000","03","30","12:00"," ","8,50","","-4,60","","39,00","","26,00","","13,00","","24,10","","93,91","","","","","","Généralement dégagé"
"2000-03-30 13:00","2000","03","30","13:00"," ","9,30","","-1,80","","46,00","","25,00","","17,00","","24,10","","93,84","","","","","","Généralement dégagé"
"2000-03-30 14:00","2000","03","30","14:00"," ","9,60","","-4,10","","38,00","","25,00","","13,00","","24,10","","93,78","","","","","","Généralement dégagé"
"2000-03-30 15:00","2000","03","30","15:00"," ","9,80","","-3,60","","39,00","","22,00","","9,00","","24,10","","93,75","","","","","","Généralement dégagé"
"2000-03-30 16:00","2000","03","30","16:00"," ","10,60","","-2,70","","39,00","","26,00","","19,00","","24,10","","93,72","","","","","","Généralement nuageux"
"2000-03-30 17:00","2000","03","30","17:00"," ","9,80","","-2,30","","43,00","","23,00","","11,00","","24,10","","93,69","","","","","","Généralement nuageux"
"2000-03-30 18:00","2000","03","30","18:00"," ","8,00","","-0,50","","55,00","","21,00","","11,00","","24,10","","93,69","","","","","","Généralement nuageux"
"2000-03-30 19:00","2000","03","30","19:00"," ","6,00","","-0,30","","64,00","","24,00","","11,00","","24,10","","93,69","","","","","","Généralement nuageux"
"2000-03-30 20:00","2000","03","30","20:00"," ","4,20","","-2,10","","64,00","","27,00","","17,00","","24,10","","93,69","","","","","","Généralement dégagé"
"2000-03-30 21:00","2000","03","30","21:00"," ","1,80","","-2,70","","72,00","","26,00","","13,00","","24,10","","93,72","","","","","","Dégagé"
"2000-03-30 22:00","2000","03","30","22:00"," ","1,00","","-2,90","","75,00","","24,00","","13,00","","24,10","","93,69","","","","","","Généralement dégagé"
"2000-03-30 23:00","2000","03","30","23:00"," ","6,00","","-3,80","","49,00","","29,00","","28,00","","24,10","","93,78","","","","","","Généralement nuageux"
"2000-03-31 00:00","2000","03","31","00:00"," ","3,80","","-3,70","","58,00","","31,00","","11,00","","24,10","","93,84","","","","","","Généralement dégagé"
"2000-03-31 01:00","2000","03","31","01:00"," ","0,80","","-3,80","","71,00","","28,00","","11,00","","24,10","","93,88","","","","","","Généralement dégagé"
"2000-03-31 02:00","2000","03","31","02:00"," ","0,80","","-4,60","","67,00","","27,00","","7,00","","24,10","","93,91","","","","","","Généralement dégagé"
"2000-03-31 03:00","2000","03","31","03:00"," ","1,80","","-4,10","","65,00","","29,00","","11,00","","24,10","","93,97","","","","","","Généralement nuageux"
"2000-03-31 04:00","2000","03","31","04:00"," ","0,80","","-4,40","","68,00","","29,00","","9,00","","24,10","","94,00","","","","","","Dégagé"
"2000-03-31 05:00","2000","03","31","05:00"," ","0,60","","-5,10","","66,00","","28,00","","11,00","","24,10","","94,03","","","","","","Dégagé"
"2000-03-31 06:00","2000","03","31","06:00"," ","0,90","","-5,20","","64,00","","29,00","","13,00","","24,10","","94,07","","","","","","Généralement dégagé"
"2000-03-31 07:00","2000","03","31","07:00"," ","1,10","","-5,00","","64,00","","28,00","","11,00","","24,10","","94,10","","","","","","Généralement dégagé"
"2000-03-31 08:00","2000","03","31","08:00"," ","3,20","","-4,30","","58,00","","29,00","","13,00","","24,10","","94,13","","","","","","Généralement nuageux"
"2000-03-31 09:00","2000","03","31","09:00"," ","5,10","","-2,40","","58,00","","29,00","","13,00","","24,10","","94,16","","","","","","Généralement nuageux"
"2000-03-31 10:00","2000","03","31","10:00"," ","6,70","","-2,00","","54,00","","29,00","","15,00","","24,10","","94,19","","","","","","Généralement nuageux"
"2000-03-31 11:00","2000","03","31","11:00"," ","9,30","","-2,10","","45,00","","29,00","","11,00","","24,10","","94,13","","","","","","Généralement nuageux"
"2000-03-31 12:00","2000","03","31","12:00"," ","10,50","","-3,00","","39,00","","28,00","","15,00","","24,10","","94,07","","","","","","Généralement nuageux"
"2000-03-31 13:00","2000","03","31","13:00"," ","12,00","","-2,50","","36,00","","27,00","","15,00","","24,10","","93,97","","","","","","Généralement nuageux"
"2000-03-31 14:00","2000","03","31","14:00"," ","11,80","","-4,20","","32,00","","29,00","","22,00","","24,10","","93,88","","","","","","Généralement nuageux"
"2000-03-31 15:00","2000","03","31","15:00"," ","11,90","","-4,00","","33,00","","30,00","","17,00","","24,10","","93,78","","","","","","Nuageux"
"2000-03-31 16:00","2000","03","31","16:00"," ","12,10","","-4,40","","31,00","","28,00","","13,00","","24,10","","93,72","","","","","","Nuageux"
"2000-03-31 17:00","2000","03","31","17:00"," ","12,60","","-4,80","","29,00","","27,00","","9,00","","24,10","","93,62","","","","","","Nuageux"
"2000-03-31 18:00","2000","03","31","18:00"," ","10,60","","1,70","","54,00","","15,00","","4,00","","24,10","","93,50","","","","","","Nuageux"
"2000-03-31 19:00","2000","03","31","19:00"," ","8,00","","-1,80","","50,00","","16,00","","11,00","","24,10","","93,43","","","","","","Nuageux"
"2000-03-31 20:00","2000","03","31","20:00"," ","7,20","","-3,30","","47,00","","16,00","","17,00","","24,10","","93,34","","","","","","Nuageux"
"2000-03-31 21:00","2000","03","31","21:00"," ","5,10","","-1,30","","63,00","","18,00","","15,00","","24,10","","93,24","","","","","","Nuageux"
"2000-03-31 22:00","2000","03","31","22:00"," ","5,00","","-2,50","","58,00","","19,00","","15,00","","24,10","","93,15","","","","","","Nuageux"
"2000-03-31 23:00","2000","03","31","23:00"," ","5,40","","-1,10","","63,00","","26,00","","15,00","","24,10","","93,09","","","","","","Averses de pluie"
