"Nom de la Station","EDMONTON INT'L A"
"Province","ALBERTA"
"Latitude","53,32"
"Longitude","-113,58"
"Altitude","723,30"
"Identification Climat","3012205"
"Identification OMM","71123"
"Identification TC","YEG"
"Toutes les heures sont exprimées en heure normale locale (HNL). Pour convertir l'heure locale en heure avancée de l'Est (HAE), ajoutez 1 heure s'il y a lieu."

"Légende"
"M","Données Manquantes"
"E","Valeur Estimée"
"ND","Non Disponible"
"**","Données fournies par un partenaire, non assujetties à un révision par les Archives climatiques nationales du Canada"

"Date/Heure","Année","Mois","Jour","Heure","Qualité des Données","Temp (°C)","Temp Indicateur","Point de rosée (°C)","Point de rosée Indicateur","Hum. rel (%)","Hum. rel. Indicateur","Dir. du vent (10s deg)","Dir. du vent Indicateur","Vit. du vent (km/h)","Vit. du vent Indicateur","Visibilité (km)","Visibilité Indicateur","Pression à la station (kPa)","Pression à la station Indicateur","Hmdx","Hmdx Indicateur","Refroid. éolien","Refroid. éolien Indicateur","Temps"
"1974-11-01 00:00","1974","11","01","00:00"," ","1,10","","0,60","","94,00","","14,00","","11,00","","16,10","","93,44","","","","","","Nuageux"
"1974-11-01 01:00","1974","11","01","01:00"," ","1,70","","0,00","","91,00","","14,00","","13,00","","16,10","","93,42","","","","","","Nuageux"
"1974-11-01 02:00","1974","11","01","02:00"," ","1,10","","0,00","","92,00","","15,00","","8,00","","16,10","","93,39","","","","","","Bruine"
"1974-11-01 03:00","1974","11","01","03:00"," ","1,70","","0,00","","90,00","","16,00","","8,00","","16,10","","93,40","","","","","","Bruine"
"1974-11-01 04:00","1974","11","01","04:00"," ","1,70","","0,60","","92,00","","18,00","","3,00","","9,70","","93,45","","","","","","Bruine"
"1974-11-01 05:00","1974","11","01","05:00"," ","1,10","","0,60","","94,00","","17,00","","10,00","","8,00","","93,48","","","","","","Bruine"
"1974-11-01 06:00","1974","11","01","06:00"," ","1,10","","0,00","","95,00","","19,00","","10,00","","9,70","","93,48","","","","","","Bruine"
"1974-11-01 07:00","1974","11","01","07:00"," ","1,10","","0,60","","96,00","","19,00","","3,00","","9,70","","93,49","","","","","","Bruine,Brouillard"
"1974-11-01 08:00","1974","11","01","08:00"," ","1,70","","0,60","","95,00","","0,00","","0,00","","4,80","","93,53","","","","","","Brouillard,Fumée"
"1974-11-01 09:00","1974","11","01","09:00"," ","2,20","","1,70","","95,00","","0,00","","0,00","","3,20","","93,55","","","","","","Brouillard,Fumée"
"1974-11-01 10:00","1974","11","01","10:00"," ","2,80","","1,70","","93,00","","0,00","","0,00","","3,60","","93,57","","","","","","Brouillard,Fumée"
"1974-11-01 11:00","1974","11","01","11:00"," ","2,80","","1,70","","90,00","","0,00","","0,00","","4,00","","93,59","","","","","","Brouillard,Fumée"
"1974-11-01 12:00","1974","11","01","12:00"," ","3,30","","1,10","","84,00","","20,00","","5,00","","6,40","","93,60","","","","","","Brouillard,Fumée"
"1974-11-01 13:00","1974","11","01","13:00"," ","3,30","","0,60","","81,00","","20,00","","5,00","","8,00","","93,60","","","","","","Fumée"
"1974-11-01 14:00","1974","11","01","14:00"," ","3,30","","0,60","","79,00","","29,00","","6,00","","8,00","","93,60","","","","","","Fumée"
"1974-11-01 15:00","1974","11","01","15:00"," ","3,30","","0,60","","81,00","","28,00","","10,00","","6,40","","93,60","","","","","","Fumée"
"1974-11-01 16:00","1974","11","01","16:00"," ","3,30","","0,60","","82,00","","29,00","","8,00","","6,40","","93,64","","","","","","Fumée"
"1974-11-01 17:00","1974","11","01","17:00"," ","2,80","","0,60","","85,00","","29,00","","3,00","","6,40","","93,67","","","","","","Fumée"
"1974-11-01 18:00","1974","11","01","18:00"," ","1,70","","0,00","","90,00","","0,00","","0,00","","8,00","","93,69","","","","","","Fumée"
"1974-11-01 19:00","1974","11","01","19:00"," ","-1,10","","-2,20","","92,00","","24,00","","5,00","","8,00","","93,69","","","","-3,00","","Fumée"
"1974-11-01 20:00","1974","11","01","20:00"," ","-2,80","","-3,30","","97,00","","24,00","","3,00","","6,40","","93,70","","","","-4,00","","Brouillard,Fumée"
"1974-11-01 21:00","1974","11","01","21:00"," ","-4,40","","-5,00","","96,00","","20,00","","5,00","","4,00","","93,72","","","","-7,00","","Brouillard,Fumée"
"1974-11-01 22:00","1974","11","01","22:00"," ","-5,00","","-5,60","","96,00","","19,00","","6,00","","3,20","","93,71","","","","-8,00","","Brouillard,Fumée"
"1974-11-01 23:00","1974","11","01","23:00"," ","-4,40","","-5,00","","95,00","","18,00","","6,00","","3,20","","93,72","","","","-7,00","","Brouillard"
"1974-11-02 00:00","1974","11","02","00:00"," ","-5,00","","-5,60","","96,00","","21,00","","5,00","","4,80","","93,73","","","","-7,00","","Brouillard"
"1974-11-02 01:00","1974","11","02","01:00"," ","-4,40","","-5,60","","93,00","","0,00","","0,00","","4,80","","93,75","","","","","","Brouillard"
"1974-11-02 02:00","1974","11","02","02:00"," ","-5,00","","-6,10","","92,00","","22,00","","6,00","","9,70","","93,76","","","","-8,00","","Brouillard"
"1974-11-02 03:00","1974","11","02","03:00"," ","-3,90","","-5,60","","89,00","","0,00","","0,00","","19,30","","93,78","","","","","","Généralement nuageux"
"1974-11-02 04:00","1974","11","02","04:00"," ","-3,30","","-5,00","","90,00","","25,00","","3,00","","24,10","","93,76","","","","-5,00","","Généralement nuageux"
"1974-11-02 05:00","1974","11","02","05:00"," ","-4,40","","-5,60","","92,00","","22,00","","5,00","","25,00","","93,80","","","","-7,00","","Généralement nuageux"
"1974-11-02 06:00","1974","11","02","06:00"," ","-3,30","","-5,00","","87,00","","24,00","","6,00","","25,00","","93,81","","","","-6,00","","Généralement nuageux"
"1974-11-02 07:00","1974","11","02","07:00"," ","-4,40","","-5,60","","92,00","","24,00","","6,00","","25,00","","93,83","","","","-7,00","","Généralement nuageux"
"1974-11-02 08:00","1974","11","02","08:00"," ","-5,60","","-6,70","","90,00","","22,00","","8,00","","25,00","","93,85","","","","-9,00","","Généralement dégagé"
"1974-11-02 09:00","1974","11","02","09:00"," ","-1,70","","-2,80","","89,00","","24,00","","8,00","","25,00","","93,90","","","","-5,00","","Généralement dégagé"
"1974-11-02 10:00","1974","11","02","10:00"," ","1,10","","-1,70","","82,00","","27,00","","16,00","","25,00","","93,93","","","","","","Généralement dégagé"
"1974-11-02 11:00","1974","11","02","11:00"," ","3,30","","-1,10","","75,00","","27,00","","14,00","","25,00","","93,92","","","","","","Généralement dégagé"
"1974-11-02 12:00","1974","11","02","12:00"," ","6,10","","-1,10","","59,00","","28,00","","13,00","","25,00","","93,90","","","","","","Généralement dégagé"
"1974-11-02 13:00","1974","11","02","13:00"," ","8,30","","-1,70","","49,00","","27,00","","16,00","","25,00","","93,84","","","","","","Généralement dégagé"
"1974-11-02 14:00","1974","11","02","14:00"," ","9,40","","-2,20","","44,00","","28,00","","16,00","","25,00","","93,82","","","","","","Généralement dégagé"
"1974-11-02 15:00","1974","11","02","15:00"," ","10,00","","-3,30","","40,00","","28,00","","14,00","","25,00","","93,83","","","","","","Généralement dégagé"
"1974-11-02 16:00","1974","11","02","16:00"," ","10,00","","-2,80","","41,00","","26,00","","8,00","","25,00","","93,84","","","","","","Généralement dégagé"
"1974-11-02 17:00","1974","11","02","17:00"," ","7,80","","-2,80","","47,00","","23,00","","10,00","","25,00","","93,85","","","","","","Généralement dégagé"
"1974-11-02 18:00","1974","11","02","18:00"," ","1,70","","-4,40","","62,00","","21,00","","8,00","","25,00","","93,88","","","","","","Généralement dégagé"
"1974-11-02 19:00","1974","11","02","19:00"," ","-0,60","","-5,60","","69,00","","21,00","","10,00","","25,00","","93,89","","","","-4,00","","Généralement dégagé"
"1974-11-02 20:00","1974","11","02","20:00"," ","-1,10","","-6,10","","66,00","","19,00","","11,00","","25,00","","93,89","","","","-5,00","","Généralement dégagé"
"1974-11-02 21:00","1974","11","02","21:00"," ","-1,70","","-6,70","","68,00","","19,00","","13,00","","25,00","","93,85","","","","-6,00","","Généralement dégagé"
"1974-11-02 22:00","1974","11","02","22:00"," ","-1,70","","-6,70","","70,00","","19,00","","11,00","","25,00","","93,85","","","","-6,00","","Généralement dégagé"
"1974-11-02 23:00","1974","11","02","23:00"," ","-2,80","","-6,70","","74,00","","20,00","","8,00","","25,00","","93,84","","","","-6,00","","Généralement nuageux"
"1974-11-03 00:00","1974","11","03","00:00"," ","-1,70","","-5,60","","74,00","","21,00","","8,00","","25,00","","93,83","","","","-5,00","","Généralement nuageux"
"1974-11-03 01:00","1974","11","03","01:00"," ","-0,60","","-5,00","","71,00","","20,00","","8,00","","25,00","","93,81","","","","-3,00","","Généralement nuageux"
"1974-11-03 02:00","1974","11","03","02:00"," ","0,00","","-4,40","","72,00","","22,00","","6,00","","25,00","","93,78","","","","-2,00","","Nuageux"
"1974-11-03 03:00","1974","11","03","03:00"," ","-0,60","","-5,60","","70,00","","21,00","","10,00","","25,00","","93,74","","","","-4,00","","Généralement nuageux"
"1974-11-03 04:00","1974","11","03","04:00"," ","-1,10","","-5,60","","71,00","","21,00","","6,00","","25,00","","93,72","","","","-3,00","","Généralement nuageux"
"1974-11-03 05:00","1974","11","03","05:00"," ","-2,20","","-6,70","","72,00","","20,00","","8,00","","25,00","","93,68","","","","-5,00","","Généralement nuageux"
"1974-11-03 06:00","1974","11","03","06:00"," ","-2,80","","-7,20","","73,00","","20,00","","8,00","","25,00","","93,65","","","","-6,00","","Généralement dégagé"
"1974-11-03 07:00","1974","11","03","07:00"," ","-2,80","","-7,20","","74,00","","19,00","","14,00","","25,00","","93,61","","","","-8,00","","Généralement nuageux"
"1974-11-03 08:00","1974","11","03","08:00"," ","-4,40","","-7,20","","79,00","","19,00","","13,00","","25,00","","93,58","","","","-9,00","","Généralement nuageux"
"1974-11-03 09:00","1974","11","03","09:00"," ","0,00","","-4,40","","71,00","","18,00","","11,00","","25,00","","93,57","","","","-4,00","","Généralement nuageux"
"1974-11-03 10:00","1974","11","03","10:00"," ","5,00","","-2,80","","58,00","","23,00","","3,00","","25,00","","93,55","","","","","","Généralement nuageux"
"1974-11-03 11:00","1974","11","03","11:00"," ","7,80","","-3,30","","45,00","","23,00","","6,00","","25,00","","93,50","","","","","","Généralement nuageux"
"1974-11-03 12:00","1974","11","03","12:00"," ","9,40","","-2,20","","44,00","","28,00","","5,00","","25,00","","93,46","","","","","","Généralement nuageux"
"1974-11-03 13:00","1974","11","03","13:00"," ","11,70","","-3,90","","33,00","","26,00","","13,00","","25,00","","93,40","","","","","","Généralement dégagé"
"1974-11-03 14:00","1974","11","03","14:00"," ","12,20","","-3,90","","33,00","","24,00","","11,00","","25,00","","93,33","","","","","","Généralement nuageux"
"1974-11-03 15:00","1974","11","03","15:00"," ","12,80","","-3,30","","32,00","","28,00","","6,00","","25,00","","93,30","","","","","","Généralement dégagé"
"1974-11-03 16:00","1974","11","03","16:00"," ","12,20","","-3,30","","33,00","","23,00","","5,00","","25,00","","93,25","","","","","","Généralement nuageux"
"1974-11-03 17:00","1974","11","03","17:00"," ","9,40","","-3,30","","40,00","","20,00","","6,00","","25,00","","93,22","","","","","","Généralement nuageux"
"1974-11-03 18:00","1974","11","03","18:00"," ","3,90","","-5,60","","51,00","","18,00","","6,00","","25,00","","93,17","","","","","","Généralement nuageux"
"1974-11-03 19:00","1974","11","03","19:00"," ","1,70","","-6,10","","57,00","","17,00","","11,00","","25,00","","93,12","","","","","","Généralement dégagé"
"1974-11-03 20:00","1974","11","03","20:00"," ","0,60","","-6,10","","60,00","","18,00","","13,00","","25,00","","93,08","","","","","","Généralement dégagé"
"1974-11-03 21:00","1974","11","03","21:00"," ","-0,60","","-6,70","","62,00","","19,00","","13,00","","25,00","","93,03","","","","-5,00","","Généralement dégagé"
"1974-11-03 22:00","1974","11","03","22:00"," ","-0,60","","-6,70","","62,00","","18,00","","14,00","","25,00","","92,97","","","","-5,00","","Généralement nuageux"
"1974-11-03 23:00","1974","11","03","23:00"," ","0,60","","-6,10","","60,00","","18,00","","3,00","","25,00","","92,94","","","","","","Généralement nuageux"
"1974-11-04 00:00","1974","11","04","00:00"," ","-2,80","","-7,80","","69,00","","18,00","","8,00","","25,00","","92,88","","","","-6,00","","Généralement dégagé"
"1974-11-04 01:00","1974","11","04","01:00"," ","-4,40","","-8,30","","73,00","","0,00","","0,00","","25,00","","92,86","","","","","","Généralement dégagé"
"1974-11-04 02:00","1974","11","04","02:00"," ","-4,40","","-8,90","","71,00","","18,00","","6,00","","25,00","","92,83","","","","-7,00","","Généralement dégagé"
"1974-11-04 03:00","1974","11","04","03:00"," ","-3,90","","-7,80","","74,00","","17,00","","3,00","","25,00","","92,78","","","","-5,00","","Généralement dégagé"
"1974-11-04 04:00","1974","11","04","04:00"," ","-5,00","","-8,90","","76,00","","16,00","","5,00","","25,00","","92,73","","","","-7,00","","Généralement dégagé"
"1974-11-04 05:00","1974","11","04","05:00"," ","-5,00","","-8,90","","75,00","","0,00","","0,00","","25,00","","92,72","","","","","","Généralement dégagé"
"1974-11-04 06:00","1974","11","04","06:00"," ","-5,60","","-9,40","","76,00","","19,00","","3,00","","25,00","","92,70","","","","-7,00","","Généralement dégagé"
"1974-11-04 07:00","1974","11","04","07:00"," ","-6,70","","-10,00","","79,00","","0,00","","0,00","","25,00","","92,67","","","","","","Généralement dégagé"
"1974-11-04 08:00","1974","11","04","08:00"," ","-6,70","","-9,40","","80,00","","20,00","","3,00","","25,00","","92,66","","","","-8,00","","Généralement dégagé"
"1974-11-04 09:00","1974","11","04","09:00"," ","-2,80","","-7,20","","73,00","","19,00","","6,00","","19,30","","92,69","","","","-5,00","","Généralement dégagé"
"1974-11-04 10:00","1974","11","04","10:00"," ","2,20","","-5,00","","58,00","","27,00","","6,00","","19,30","","92,70","","","","","","Généralement dégagé"
"1974-11-04 11:00","1974","11","04","11:00"," ","5,60","","-4,40","","47,00","","29,00","","10,00","","24,10","","92,69","","","","","","Généralement dégagé"
"1974-11-04 12:00","1974","11","04","12:00"," ","8,30","","-3,30","","43,00","","31,00","","6,00","","24,10","","92,65","","","","","","Généralement dégagé"
"1974-11-04 13:00","1974","11","04","13:00"," ","10,60","","-3,90","","36,00","","30,00","","6,00","","24,10","","92,62","","","","","","Généralement dégagé"
"1974-11-04 14:00","1974","11","04","14:00"," ","12,20","","-5,00","","29,00","","27,00","","6,00","","24,10","","92,60","","","","","","Généralement dégagé"
"1974-11-04 15:00","1974","11","04","15:00"," ","12,80","","-5,60","","27,00","","30,00","","8,00","","24,10","","92,58","","","","","","Généralement dégagé"
"1974-11-04 16:00","1974","11","04","16:00"," ","12,20","","-5,60","","29,00","","28,00","","6,00","","24,10","","92,57","","","","","","Généralement dégagé"
"1974-11-04 17:00","1974","11","04","17:00"," ","5,60","","-7,20","","39,00","","20,00","","6,00","","24,10","","92,54","","","","","","Généralement dégagé"
"1974-11-04 18:00","1974","11","04","18:00"," ","2,20","","-7,80","","47,00","","21,00","","3,00","","24,10","","92,55","","","","","","Généralement dégagé"
"1974-11-04 19:00","1974","11","04","19:00"," ","-0,60","","-9,40","","51,00","","17,00","","10,00","","25,00","","92,52","","","","-4,00","","Généralement dégagé"
"1974-11-04 20:00","1974","11","04","20:00"," ","-2,20","","-10,00","","57,00","","20,00","","5,00","","25,00","","92,51","","","","-4,00","","Généralement dégagé"
"1974-11-04 21:00","1974","11","04","21:00"," ","-3,90","","-10,00","","62,00","","20,00","","10,00","","25,00","","92,51","","","","-8,00","","Dégagé"
"1974-11-04 22:00","1974","11","04","22:00"," ","-1,70","","-10,60","","51,00","","18,00","","10,00","","25,00","","92,47","","","","-5,00","","Dégagé"
"1974-11-04 23:00","1974","11","04","23:00"," ","-3,30","","-11,10","","54,00","","15,00","","10,00","","25,00","","92,42","","","","-7,00","","Dégagé"
"1974-11-05 00:00","1974","11","05","00:00"," ","-4,40","","-10,00","","63,00","","14,00","","6,00","","25,00","","92,35","","","","-7,00","","Dégagé"
"1974-11-05 01:00","1974","11","05","01:00"," ","-3,90","","-10,00","","63,00","","9,00","","5,00","","25,00","","92,32","","","","-6,00","","Dégagé"
"1974-11-05 02:00","1974","11","05","02:00"," ","-6,10","","-10,60","","71,00","","11,00","","13,00","","25,00","","92,27","","","","-11,00","","Dégagé"
"1974-11-05 03:00","1974","11","05","03:00"," ","-6,70","","-10,60","","74,00","","14,00","","13,00","","25,00","","92,19","","","","-12,00","","Dégagé"
"1974-11-05 04:00","1974","11","05","04:00"," ","-5,60","","-10,00","","69,00","","14,00","","13,00","","25,00","","92,14","","","","-11,00","","Généralement dégagé"
"1974-11-05 05:00","1974","11","05","05:00"," ","-6,10","","-10,00","","75,00","","13,00","","14,00","","25,00","","92,09","","","","-12,00","","Généralement dégagé"
"1974-11-05 06:00","1974","11","05","06:00"," ","-5,60","","-10,00","","71,00","","18,00","","8,00","","25,00","","92,02","","","","-9,00","","Généralement dégagé"
"1974-11-05 07:00","1974","11","05","07:00"," ","-5,60","","-10,00","","70,00","","25,00","","6,00","","25,00","","92,06","","","","-8,00","","Généralement dégagé"
"1974-11-05 08:00","1974","11","05","08:00"," ","-7,20","","-11,10","","73,00","","19,00","","11,00","","24,10","","92,06","","","","-12,00","","Généralement dégagé"
"1974-11-05 09:00","1974","11","05","09:00"," ","-1,70","","-7,80","","61,00","","19,00","","10,00","","25,00","","92,05","","","","-5,00","","Généralement dégagé"
"1974-11-05 10:00","1974","11","05","10:00"," ","3,90","","-6,10","","48,00","","23,00","","16,00","","24,10","","92,13","","","","","","Généralement dégagé"
"1974-11-05 11:00","1974","11","05","11:00"," ","7,80","","-5,60","","39,00","","22,00","","8,00","","24,10","","92,15","","","","","","Généralement dégagé"
"1974-11-05 12:00","1974","11","05","12:00"," ","10,60","","-5,00","","32,00","","29,00","","11,00","","24,10","","92,15","","","","","","Généralement dégagé"
"1974-11-05 13:00","1974","11","05","13:00"," ","10,00","","-5,00","","34,00","","27,00","","13,00","","25,00","","92,19","","","","","","Généralement nuageux"
"1974-11-05 14:00","1974","11","05","14:00"," ","11,10","","-5,00","","32,00","","28,00","","14,00","","25,00","","92,20","","","","","","Généralement dégagé"
"1974-11-05 15:00","1974","11","05","15:00"," ","11,70","","-4,40","","32,00","","27,00","","10,00","","25,00","","92,21","","","","","","Généralement dégagé"
"1974-11-05 16:00","1974","11","05","16:00"," ","11,10","","-4,40","","33,00","","16,00","","5,00","","25,00","","92,20","","","","","","Généralement dégagé"
"1974-11-05 17:00","1974","11","05","17:00"," ","4,40","","-7,20","","42,00","","16,00","","6,00","","25,00","","92,19","","","","","","Généralement dégagé"
"1974-11-05 18:00","1974","11","05","18:00"," ","2,20","","-7,20","","51,00","","15,00","","16,00","","25,00","","92,14","","","","","","Généralement dégagé"
"1974-11-05 19:00","1974","11","05","19:00"," ","3,90","","-6,70","","46,00","","15,00","","19,00","","25,00","","92,15","","","","","","Dégagé"
"1974-11-05 20:00","1974","11","05","20:00"," ","2,80","","-6,70","","50,00","","16,00","","19,00","","25,00","","92,14","","","","","","Dégagé"
"1974-11-05 21:00","1974","11","05","21:00"," ","0,60","","-7,20","","56,00","","18,00","","13,00","","25,00","","92,11","","","","","","Dégagé"
"1974-11-05 22:00","1974","11","05","22:00"," ","2,20","","-8,90","","44,00","","18,00","","13,00","","25,00","","92,08","","","","","","Dégagé"
"1974-11-05 23:00","1974","11","05","23:00"," ","-0,60","","-8,90","","54,00","","20,00","","6,00","","25,00","","92,04","","","","-3,00","","Généralement dégagé"
"1974-11-06 00:00","1974","11","06","00:00"," ","-0,60","","-8,30","","54,00","","16,00","","5,00","","25,00","","92,01","","","","-2,00","","Généralement nuageux"
"1974-11-06 01:00","1974","11","06","01:00"," ","-1,10","","-7,80","","60,00","","14,00","","10,00","","25,00","","92,01","","","","-5,00","","Généralement nuageux"
"1974-11-06 02:00","1974","11","06","02:00"," ","-2,20","","-8,30","","61,00","","16,00","","6,00","","25,00","","92,00","","","","-5,00","","Généralement nuageux"
"1974-11-06 03:00","1974","11","06","03:00"," ","-5,60","","-9,40","","71,00","","17,00","","11,00","","25,00","","91,99","","","","-10,00","","Généralement nuageux"
"1974-11-06 04:00","1974","11","06","04:00"," ","-5,00","","-10,00","","68,00","","18,00","","8,00","","25,00","","91,97","","","","-9,00","","Généralement nuageux"
"1974-11-06 05:00","1974","11","06","05:00"," ","-5,60","","-10,60","","69,00","","14,00","","6,00","","25,00","","91,97","","","","-8,00","","Généralement nuageux"
"1974-11-06 06:00","1974","11","06","06:00"," ","-4,40","","-9,40","","69,00","","14,00","","8,00","","25,00","","91,93","","","","-8,00","","Généralement dégagé"
"1974-11-06 07:00","1974","11","06","07:00"," ","-6,10","","-10,60","","71,00","","20,00","","8,00","","25,00","","91,94","","","","-10,00","","Généralement dégagé"
"1974-11-06 08:00","1974","11","06","08:00"," ","-5,00","","-10,00","","69,00","","17,00","","11,00","","25,00","","91,92","","","","-10,00","","Généralement dégagé"
"1974-11-06 09:00","1974","11","06","09:00"," ","-1,70","","-7,20","","65,00","","12,00","","10,00","","25,00","","91,86","","","","-5,00","","Généralement nuageux"
"1974-11-06 10:00","1974","11","06","10:00"," ","-1,10","","-5,60","","70,00","","29,00","","5,00","","25,00","","91,87","","","","-3,00","","Généralement nuageux"
"1974-11-06 11:00","1974","11","06","11:00"," ","1,10","","-5,00","","62,00","","0,00","","0,00","","24,10","","91,89","","","","","","Généralement nuageux"
"1974-11-06 12:00","1974","11","06","12:00"," ","5,00","","-5,00","","47,00","","22,00","","5,00","","24,10","","91,89","","","","","","Généralement nuageux"
"1974-11-06 13:00","1974","11","06","13:00"," ","7,80","","-3,90","","44,00","","28,00","","8,00","","24,10","","91,89","","","","","","Généralement nuageux"
"1974-11-06 14:00","1974","11","06","14:00"," ","6,70","","-3,30","","49,00","","33,00","","13,00","","24,10","","91,92","","","","","","Nuageux"
"1974-11-06 15:00","1974","11","06","15:00"," ","6,10","","-3,90","","48,00","","33,00","","11,00","","24,10","","91,98","","","","","","Nuageux"
"1974-11-06 16:00","1974","11","06","16:00"," ","5,60","","-3,30","","51,00","","34,00","","14,00","","24,10","","92,06","","","","","","Généralement nuageux"
"1974-11-06 17:00","1974","11","06","17:00"," ","3,90","","-3,90","","57,00","","31,00","","6,00","","24,10","","92,11","","","","","","Généralement nuageux"
"1974-11-06 18:00","1974","11","06","18:00"," ","2,20","","-5,00","","60,00","","27,00","","13,00","","24,10","","92,18","","","","","","Généralement nuageux"
"1974-11-06 19:00","1974","11","06","19:00"," ","1,70","","-4,40","","64,00","","24,00","","6,00","","25,00","","92,26","","","","","","Généralement dégagé"
"1974-11-06 20:00","1974","11","06","20:00"," ","-1,70","","-6,10","","71,00","","23,00","","10,00","","25,00","","92,33","","","","-5,00","","Généralement dégagé"
"1974-11-06 21:00","1974","11","06","21:00"," ","-2,80","","-6,70","","75,00","","23,00","","8,00","","25,00","","92,38","","","","-6,00","","Dégagé"
"1974-11-06 22:00","1974","11","06","22:00"," ","-2,80","","-6,70","","74,00","","23,00","","6,00","","25,00","","92,43","","","","-5,00","","Dégagé"
"1974-11-06 23:00","1974","11","06","23:00"," ","-3,90","","-6,70","","83,00","","21,00","","10,00","","25,00","","92,51","","","","-8,00","","Dégagé"
"1974-11-07 00:00","1974","11","07","00:00"," ","-5,00","","-6,70","","88,00","","24,00","","3,00","","25,00","","92,52","","","","-6,00","","Dégagé"
"1974-11-07 01:00","1974","11","07","01:00"," ","-7,20","","-9,40","","84,00","","19,00","","8,00","","25,00","","92,53","","","","-11,00","","Généralement dégagé"
"1974-11-07 02:00","1974","11","07","02:00"," ","-6,70","","-8,90","","85,00","","18,00","","14,00","","25,00","","92,54","","","","-12,00","","Dégagé"
"1974-11-07 03:00","1974","11","07","03:00"," ","-6,70","","-8,90","","86,00","","19,00","","14,00","","25,00","","92,58","","","","-12,00","","Dégagé"
"1974-11-07 04:00","1974","11","07","04:00"," ","-6,10","","-8,30","","86,00","","19,00","","6,00","","25,00","","92,54","","","","-9,00","","Dégagé"
"1974-11-07 05:00","1974","11","07","05:00"," ","-7,20","","-8,90","","87,00","","15,00","","6,00","","25,00","","92,51","","","","-10,00","","Généralement dégagé"
"1974-11-07 06:00","1974","11","07","06:00"," ","-2,80","","-5,60","","84,00","","18,00","","14,00","","25,00","","92,53","","","","-8,00","","Généralement nuageux"
"1974-11-07 07:00","1974","11","07","07:00"," ","-2,80","","-5,00","","83,00","","15,00","","10,00","","24,10","","92,48","","","","-7,00","","Généralement nuageux"
"1974-11-07 08:00","1974","11","07","08:00"," ","-3,30","","-5,60","","83,00","","16,00","","10,00","","25,00","","92,46","","","","-7,00","","Généralement nuageux"
"1974-11-07 09:00","1974","11","07","09:00"," ","-1,70","","-4,40","","84,00","","14,00","","8,00","","25,00","","92,40","","","","-5,00","","Nuageux"
"1974-11-07 10:00","1974","11","07","10:00"," ","1,70","","-1,70","","78,00","","14,00","","11,00","","25,00","","92,37","","","","","","Nuageux"
"1974-11-07 11:00","1974","11","07","11:00"," ","3,90","","-1,70","","69,00","","12,00","","24,00","","25,00","","92,30","","","","","","Nuageux"
"1974-11-07 12:00","1974","11","07","12:00"," ","3,90","","-1,70","","66,00","","13,00","","27,00","","24,10","","92,24","","","","","","Nuageux"
"1974-11-07 13:00","1974","11","07","13:00"," ","2,80","","1,10","","88,00","","13,00","","18,00","","24,10","","92,12","","","","","","Pluie"
"1974-11-07 14:00","1974","11","07","14:00"," ","2,80","","1,10","","91,00","","9,00","","16,00","","25,00","","91,99","","","","","","Généralement nuageux"
"1974-11-07 15:00","1974","11","07","15:00"," ","3,30","","1,10","","86,00","","10,00","","19,00","","25,00","","91,84","","","","","","Généralement nuageux"
"1974-11-07 16:00","1974","11","07","16:00"," ","3,30","","0,00","","78,00","","12,00","","27,00","","25,00","","91,80","","","","","","Nuageux"
"1974-11-07 17:00","1974","11","07","17:00"," ","2,20","","-1,10","","78,00","","12,00","","16,00","","25,00","","91,79","","","","","","Généralement nuageux"
"1974-11-07 18:00","1974","11","07","18:00"," ","2,20","","-1,70","","76,00","","11,00","","18,00","","25,00","","91,74","","","","","","Généralement nuageux"
"1974-11-07 19:00","1974","11","07","19:00"," ","1,70","","-2,80","","75,00","","14,00","","6,00","","25,00","","91,69","","","","","","Nuageux"
"1974-11-07 20:00","1974","11","07","20:00"," ","0,60","","-2,80","","77,00","","0,00","","0,00","","25,00","","91,66","","","","","","Nuageux"
"1974-11-07 21:00","1974","11","07","21:00"," ","-1,10","","-3,30","","83,00","","0,00","","0,00","","25,00","","91,67","","","","","","Généralement nuageux"
"1974-11-07 22:00","1974","11","07","22:00"," ","-2,80","","-5,00","","87,00","","36,00","","8,00","","25,00","","91,65","","","","-6,00","","Généralement nuageux"
"1974-11-07 23:00","1974","11","07","23:00"," ","-3,30","","-5,00","","88,00","","30,00","","6,00","","25,00","","91,72","","","","-6,00","","Généralement dégagé"
"1974-11-08 00:00","1974","11","08","00:00"," ","-1,10","","-2,80","","88,00","","29,00","","8,00","","25,00","","91,76","","","","-4,00","","Averses de neige"
"1974-11-08 01:00","1974","11","08","01:00"," ","-1,10","","-2,80","","89,00","","25,00","","6,00","","25,00","","91,83","","","","-3,00","","Nuageux"
"1974-11-08 02:00","1974","11","08","02:00"," ","0,00","","-1,10","","91,00","","27,00","","16,00","","19,30","","91,87","","","","-5,00","","Nuageux"
"1974-11-08 03:00","1974","11","08","03:00"," ","0,60","","-1,10","","89,00","","28,00","","23,00","","19,30","","91,90","","","","","","Nuageux"
"1974-11-08 04:00","1974","11","08","04:00"," ","0,60","","-1,70","","84,00","","28,00","","23,00","","19,30","","92,00","","","","","","Nuageux"
"1974-11-08 05:00","1974","11","08","05:00"," ","-0,60","","-2,80","","85,00","","26,00","","18,00","","24,10","","92,09","","","","-6,00","","Généralement nuageux"
"1974-11-08 06:00","1974","11","08","06:00"," ","0,60","","-2,20","","82,00","","27,00","","18,00","","25,00","","92,17","","","","","","Généralement nuageux"
"1974-11-08 07:00","1974","11","08","07:00"," ","0,00","","-2,80","","82,00","","28,00","","23,00","","25,00","","92,25","","","","-6,00","","Généralement dégagé"
"1974-11-08 08:00","1974","11","08","08:00"," ","0,00","","-3,30","","80,00","","27,00","","21,00","","25,00","","92,34","","","","-5,00","","Généralement dégagé"
"1974-11-08 09:00","1974","11","08","09:00"," ","0,60","","-2,80","","80,00","","27,00","","19,00","","25,00","","92,41","","","","","","Généralement dégagé"
"1974-11-08 10:00","1974","11","08","10:00"," ","2,20","","-2,20","","72,00","","28,00","","23,00","","25,00","","92,49","","","","","","Généralement dégagé"
"1974-11-08 11:00","1974","11","08","11:00"," ","3,90","","-2,80","","60,00","","31,00","","27,00","","25,00","","92,54","","","","","","Généralement dégagé"
"1974-11-08 12:00","1974","11","08","12:00"," ","5,60","","-3,30","","52,00","","31,00","","26,00","","25,00","","92,55","","","","","","Généralement dégagé"
"1974-11-08 13:00","1974","11","08","13:00"," ","6,10","","-3,90","","48,00","","30,00","","19,00","","25,00","","92,57","","","","","","Généralement dégagé"
"1974-11-08 14:00","1974","11","08","14:00"," ","6,70","","-4,40","","44,00","","29,00","","23,00","","25,00","","92,59","","","","","","Généralement dégagé"
"1974-11-08 15:00","1974","11","08","15:00"," ","6,70","","-5,60","","40,00","","30,00","","13,00","","25,00","","92,57","","","","","","Dégagé"
"1974-11-08 16:00","1974","11","08","16:00"," ","6,10","","-6,70","","40,00","","29,00","","6,00","","25,00","","92,55","","","","","","Dégagé"
"1974-11-08 17:00","1974","11","08","17:00"," ","0,00","","-8,90","","52,00","","15,00","","3,00","","25,00","","92,55","","","","-1,00","","Dégagé"
"1974-11-08 18:00","1974","11","08","18:00"," ","-2,80","","-9,40","","60,00","","16,00","","11,00","","25,00","","92,53","","","","-7,00","","Dégagé"
"1974-11-08 19:00","1974","11","08","19:00"," ","-2,20","","-9,40","","58,00","","16,00","","11,00","","25,00","","92,52","","","","-6,00","","Dégagé"
"1974-11-08 20:00","1974","11","08","20:00"," ","-2,20","","-10,00","","53,00","","16,00","","11,00","","25,00","","92,51","","","","-6,00","","Dégagé"
"1974-11-08 21:00","1974","11","08","21:00"," ","-2,80","","-8,90","","61,00","","14,00","","19,00","","25,00","","92,46","","","","-9,00","","Dégagé"
"1974-11-08 22:00","1974","11","08","22:00"," ","-1,70","","-8,30","","59,00","","15,00","","16,00","","25,00","","92,43","","","","-7,00","","Dégagé"
"1974-11-08 23:00","1974","11","08","23:00"," ","-2,80","","-8,30","","64,00","","16,00","","14,00","","25,00","","92,39","","","","-8,00","","Dégagé"
"1974-11-09 00:00","1974","11","09","00:00"," ","-3,30","","-8,30","","69,00","","15,00","","16,00","","25,00","","92,33","","","","-9,00","","Généralement dégagé"
"1974-11-09 01:00","1974","11","09","01:00"," ","-2,20","","-7,80","","67,00","","15,00","","10,00","","25,00","","92,31","","","","-6,00","","Généralement nuageux"
"1974-11-09 02:00","1974","11","09","02:00"," ","-2,20","","-7,80","","63,00","","16,00","","14,00","","25,00","","92,27","","","","-7,00","","Généralement nuageux"
"1974-11-09 03:00","1974","11","09","03:00"," ","-0,60","","-7,20","","61,00","","16,00","","10,00","","25,00","","92,25","","","","-4,00","","Nuageux"
"1974-11-09 04:00","1974","11","09","04:00"," ","-0,60","","-7,80","","59,00","","15,00","","16,00","","25,00","","92,19","","","","-5,00","","Généralement nuageux"
"1974-11-09 05:00","1974","11","09","05:00"," ","-1,70","","-7,80","","64,00","","15,00","","10,00","","25,00","","92,21","","","","-5,00","","Généralement nuageux"
"1974-11-09 06:00","1974","11","09","06:00"," ","-2,80","","-7,80","","68,00","","16,00","","5,00","","25,00","","92,22","","","","-5,00","","Généralement nuageux"
"1974-11-09 07:00","1974","11","09","07:00"," ","-5,00","","-8,90","","75,00","","16,00","","8,00","","25,00","","92,22","","","","-9,00","","Généralement nuageux"
"1974-11-09 08:00","1974","11","09","08:00"," ","-5,60","","-8,90","","76,00","","17,00","","11,00","","25,00","","92,25","","","","-10,00","","Généralement dégagé"
"1974-11-09 09:00","1974","11","09","09:00"," ","-3,90","","-7,80","","75,00","","19,00","","3,00","","25,00","","92,28","","","","-5,00","","Généralement nuageux"
"1974-11-09 10:00","1974","11","09","10:00"," ","-0,60","","-6,70","","65,00","","26,00","","10,00","","25,00","","92,34","","","","-4,00","","Généralement nuageux"
"1974-11-09 11:00","1974","11","09","11:00"," ","2,20","","-6,10","","54,00","","25,00","","6,00","","25,00","","92,37","","","","","","Généralement nuageux"
"1974-11-09 12:00","1974","11","09","12:00"," ","3,30","","-5,60","","51,00","","27,00","","8,00","","25,00","","92,38","","","","","","Généralement nuageux"
"1974-11-09 13:00","1974","11","09","13:00"," ","5,00","","-5,00","","48,00","","29,00","","13,00","","25,00","","92,38","","","","","","Généralement nuageux"
"1974-11-09 14:00","1974","11","09","14:00"," ","6,70","","-4,40","","44,00","","32,00","","13,00","","25,00","","92,38","","","","","","Généralement nuageux"
"1974-11-09 15:00","1974","11","09","15:00"," ","6,70","","-4,40","","45,00","","35,00","","14,00","","25,00","","92,43","","","","","","Généralement dégagé"
"1974-11-09 16:00","1974","11","09","16:00"," ","4,40","","-4,40","","52,00","","33,00","","5,00","","25,00","","92,48","","","","","","Généralement dégagé"
"1974-11-09 17:00","1974","11","09","17:00"," ","1,70","","-5,60","","59,00","","0,00","","0,00","","25,00","","92,54","","","","","","Généralement dégagé"
"1974-11-09 18:00","1974","11","09","18:00"," ","-4,40","","-10,00","","67,00","","18,00","","5,00","","25,00","","92,57","","","","-7,00","","Généralement dégagé"
"1974-11-09 19:00","1974","11","09","19:00"," ","-5,00","","-8,30","","77,00","","16,00","","3,00","","25,00","","92,59","","","","-6,00","","Généralement dégagé"
"1974-11-09 20:00","1974","11","09","20:00"," ","-6,10","","-10,00","","76,00","","20,00","","8,00","","25,00","","92,66","","","","-10,00","","Généralement dégagé"
"1974-11-09 21:00","1974","11","09","21:00"," ","-6,10","","-8,90","","83,00","","18,00","","10,00","","25,00","","92,70","","","","-11,00","","Dégagé"
"1974-11-09 22:00","1974","11","09","22:00"," ","-5,00","","-8,90","","76,00","","18,00","","11,00","","25,00","","92,73","","","","-10,00","","Dégagé"
"1974-11-09 23:00","1974","11","09","23:00"," ","-3,30","","-7,80","","72,00","","15,00","","6,00","","25,00","","92,73","","","","-6,00","","Généralement nuageux"
"1974-11-10 00:00","1974","11","10","00:00"," ","-1,70","","-5,60","","73,00","","17,00","","8,00","","25,00","","92,74","","","","-5,00","","Généralement nuageux"
"1974-11-10 01:00","1974","11","10","01:00"," ","-3,30","","-6,70","","77,00","","15,00","","5,00","","25,00","","92,75","","","","-5,00","","Généralement dégagé"
"1974-11-10 02:00","1974","11","10","02:00"," ","-5,60","","-7,20","","85,00","","0,00","","0,00","","25,00","","92,79","","","","","","Généralement dégagé"
"1974-11-10 03:00","1974","11","10","03:00"," ","-5,00","","-8,30","","78,00","","20,00","","11,00","","25,00","","92,83","","","","-10,00","","Généralement dégagé"
"1974-11-10 04:00","1974","11","10","04:00"," ","-6,10","","-8,30","","81,00","","18,00","","11,00","","25,00","","92,83","","","","-11,00","","Généralement dégagé"
"1974-11-10 05:00","1974","11","10","05:00"," ","-6,70","","-9,40","","79,00","","0,00","","0,00","","25,00","","92,89","","","","","","Généralement dégagé"
"1974-11-10 06:00","1974","11","10","06:00"," ","-7,20","","-9,40","","83,00","","0,00","","0,00","","25,00","","92,96","","","","","","Généralement dégagé"
"1974-11-10 07:00","1974","11","10","07:00"," ","-7,20","","-9,40","","84,00","","21,00","","3,00","","25,00","","92,97","","","","-9,00","","Généralement nuageux"
"1974-11-10 08:00","1974","11","10","08:00"," ","-5,60","","-8,90","","78,00","","24,00","","5,00","","25,00","","93,06","","","","-8,00","","Généralement nuageux"
"1974-11-10 09:00","1974","11","10","09:00"," ","-5,00","","-8,90","","74,00","","23,00","","6,00","","25,00","","93,14","","","","-8,00","","Généralement dégagé"
"1974-11-10 10:00","1974","11","10","10:00"," ","-0,60","","-6,10","","68,00","","25,00","","6,00","","25,00","","93,18","","","","-3,00","","Généralement nuageux"
"1974-11-10 11:00","1974","11","10","11:00"," ","1,70","","-5,60","","58,00","","26,00","","10,00","","25,00","","93,26","","","","","","Généralement dégagé"
"1974-11-10 12:00","1974","11","10","12:00"," ","3,90","","-5,00","","52,00","","29,00","","8,00","","25,00","","93,29","","","","","","Généralement dégagé"
"1974-11-10 13:00","1974","11","10","13:00"," ","5,00","","-4,40","","50,00","","27,00","","13,00","","25,00","","93,33","","","","","","Généralement dégagé"
"1974-11-10 14:00","1974","11","10","14:00"," ","6,10","","-4,40","","46,00","","26,00","","13,00","","25,00","","93,35","","","","","","Généralement nuageux"
"1974-11-10 15:00","1974","11","10","15:00"," ","5,60","","-5,00","","46,00","","27,00","","10,00","","25,00","","93,39","","","","","","Généralement nuageux"
"1974-11-10 16:00","1974","11","10","16:00"," ","3,30","","-5,60","","52,00","","24,00","","8,00","","25,00","","93,45","","","","","","Généralement nuageux"
"1974-11-10 17:00","1974","11","10","17:00"," ","1,70","","-6,70","","55,00","","23,00","","8,00","","25,00","","93,48","","","","","","Généralement dégagé"
"1974-11-10 18:00","1974","11","10","18:00"," ","-2,20","","-8,30","","61,00","","23,00","","5,00","","25,00","","93,55","","","","-4,00","","Généralement dégagé"
"1974-11-10 19:00","1974","11","10","19:00"," ","-4,40","","-9,40","","66,00","","23,00","","8,00","","25,00","","93,61","","","","-8,00","","Dégagé"
"1974-11-10 20:00","1974","11","10","20:00"," ","-4,40","","-9,40","","67,00","","0,00","","0,00","","25,00","","93,67","","","","","","Dégagé"
"1974-11-10 21:00","1974","11","10","21:00"," ","-5,60","","-10,00","","70,00","","24,00","","6,00","","25,00","","93,73","","","","-8,00","","Dégagé"
"1974-11-10 22:00","1974","11","10","22:00"," ","-4,40","","-8,90","","69,00","","0,00","","0,00","","25,00","","93,77","","","","","","Dégagé"
"1974-11-10 23:00","1974","11","10","23:00"," ","-5,00","","-9,40","","70,00","","23,00","","10,00","","25,00","","93,83","","","","-9,00","","Dégagé"
"1974-11-11 00:00","1974","11","11","00:00"," ","-3,90","","-8,90","","69,00","","24,00","","10,00","","25,00","","93,87","","","","-8,00","","Généralement dégagé"
"1974-11-11 01:00","1974","11","11","01:00"," ","-3,90","","-8,30","","70,00","","25,00","","5,00","","25,00","","93,89","","","","-6,00","","Généralement dégagé"
"1974-11-11 02:00","1974","11","11","02:00"," ","-3,90","","-8,30","","70,00","","27,00","","11,00","","25,00","","93,92","","","","-8,00","","Généralement dégagé"
"1974-11-11 03:00","1974","11","11","03:00"," ","-5,00","","-8,90","","72,00","","26,00","","8,00","","25,00","","93,96","","","","-9,00","","Dégagé"
"1974-11-11 04:00","1974","11","11","04:00"," ","-5,00","","-8,90","","72,00","","25,00","","5,00","","25,00","","94,03","","","","-7,00","","Dégagé"
"1974-11-11 05:00","1974","11","11","05:00"," ","-5,60","","-9,40","","74,00","","0,00","","0,00","","25,00","","94,02","","","","","","Dégagé"
"1974-11-11 06:00","1974","11","11","06:00"," ","-6,70","","-10,60","","73,00","","0,00","","0,00","","25,00","","94,06","","","","","","Dégagé"
"1974-11-11 07:00","1974","11","11","07:00"," ","-5,60","","-10,00","","69,00","","0,00","","0,00","","25,00","","94,11","","","","","","Généralement dégagé"
"1974-11-11 08:00","1974","11","11","08:00"," ","-6,70","","-11,10","","70,00","","23,00","","8,00","","25,00","","94,13","","","","-11,00","","Généralement dégagé"
"1974-11-11 09:00","1974","11","11","09:00"," ","-5,60","","-10,00","","71,00","","23,00","","6,00","","25,00","","94,14","","","","-8,00","","Généralement dégagé"
"1974-11-11 10:00","1974","11","11","10:00"," ","0,00","","-7,20","","59,00","","25,00","","16,00","","25,00","","94,14","","","","-5,00","","Généralement dégagé"
"1974-11-11 11:00","1974","11","11","11:00"," ","2,80","","-7,20","","49,00","","26,00","","16,00","","25,00","","94,14","","","","","","Généralement dégagé"
"1974-11-11 12:00","1974","11","11","12:00"," ","3,30","","-7,20","","45,00","","25,00","","11,00","","25,00","","94,10","","","","","","Généralement nuageux"
"1974-11-11 13:00","1974","11","11","13:00"," ","4,40","","-7,80","","41,00","","24,00","","8,00","","25,00","","94,04","","","","","","Généralement nuageux"
"1974-11-11 14:00","1974","11","11","14:00"," ","5,00","","-7,80","","39,00","","22,00","","3,00","","25,00","","94,00","","","","","","Généralement nuageux"
"1974-11-11 15:00","1974","11","11","15:00"," ","4,40","","-7,20","","42,00","","0,00","","0,00","","25,00","","93,94","","","","","","Généralement nuageux"
"1974-11-11 16:00","1974","11","11","16:00"," ","3,30","","-7,20","","45,00","","16,00","","6,00","","25,00","","93,89","","","","","","Généralement nuageux"
"1974-11-11 17:00","1974","11","11","17:00"," ","0,60","","-8,30","","51,00","","16,00","","8,00","","25,00","","93,82","","","","","","Généralement nuageux"
"1974-11-11 18:00","1974","11","11","18:00"," ","1,10","","-7,80","","52,00","","16,00","","14,00","","25,00","","93,76","","","","","","Généralement nuageux"
"1974-11-11 19:00","1974","11","11","19:00"," ","-1,10","","-8,30","","59,00","","15,00","","14,00","","25,00","","93,72","","","","-6,00","","Généralement nuageux"
"1974-11-11 20:00","1974","11","11","20:00"," ","-0,60","","-7,20","","61,00","","15,00","","16,00","","25,00","","93,64","","","","-5,00","","Nuageux"
"1974-11-11 21:00","1974","11","11","21:00"," ","0,00","","-6,70","","61,00","","14,00","","13,00","","25,00","","93,53","","","","-4,00","","Nuageux"
"1974-11-11 22:00","1974","11","11","22:00"," ","-0,60","","-6,10","","64,00","","15,00","","13,00","","25,00","","93,47","","","","-5,00","","Nuageux"
"1974-11-11 23:00","1974","11","11","23:00"," ","-1,10","","-6,10","","68,00","","15,00","","10,00","","25,00","","93,37","","","","-5,00","","Nuageux"
"1974-11-12 00:00","1974","11","12","00:00"," ","-2,80","","-6,70","","73,00","","14,00","","8,00","","25,00","","93,34","","","","-6,00","","Nuageux"
"1974-11-12 01:00","1974","11","12","01:00"," ","-2,20","","-6,70","","71,00","","15,00","","13,00","","25,00","","93,26","","","","-7,00","","Nuageux"
"1974-11-12 02:00","1974","11","12","02:00"," ","-2,20","","-6,10","","75,00","","12,00","","11,00","","25,00","","93,19","","","","-6,00","","Nuageux"
"1974-11-12 03:00","1974","11","12","03:00"," ","-2,80","","-6,70","","76,00","","12,00","","6,00","","25,00","","93,14","","","","-5,00","","Nuageux"
"1974-11-12 04:00","1974","11","12","04:00"," ","-3,30","","-6,70","","77,00","","0,00","","0,00","","25,00","","93,08","","","","","","Nuageux"
"1974-11-12 05:00","1974","11","12","05:00"," ","-2,80","","-6,70","","76,00","","0,00","","0,00","","25,00","","93,07","","","","","","Nuageux"
"1974-11-12 06:00","1974","11","12","06:00"," ","-2,80","","-6,10","","77,00","","0,00","","0,00","","25,00","","93,03","","","","","","Neige"
"1974-11-12 07:00","1974","11","12","07:00"," ","-2,80","","-4,40","","89,00","","0,00","","0,00","","2,40","","93,04","","","","","","Neige"
"1974-11-12 08:00","1974","11","12","08:00"," ","-2,80","","-3,90","","93,00","","0,00","","0,00","","1,60","","93,03","","","","","","Neige"
"1974-11-12 09:00","1974","11","12","09:00"," ","-2,80","","-3,30","","94,00","","0,00","","0,00","","4,80","","93,03","","","","","","Neige"
"1974-11-12 10:00","1974","11","12","10:00"," ","-2,20","","-3,30","","94,00","","32,00","","8,00","","4,80","","93,03","","","","-5,00","","Neige"
"1974-11-12 11:00","1974","11","12","11:00"," ","-1,70","","-2,80","","92,00","","34,00","","11,00","","6,40","","93,06","","","","-6,00","","Neige"
"1974-11-12 12:00","1974","11","12","12:00"," ","-1,10","","-2,80","","88,00","","31,00","","10,00","","16,10","","93,08","","","","-5,00","","Neige"
"1974-11-12 13:00","1974","11","12","13:00"," ","0,00","","-3,30","","78,00","","30,00","","13,00","","24,10","","93,11","","","","-4,00","","Généralement nuageux"
"1974-11-12 14:00","1974","11","12","14:00"," ","0,60","","-2,80","","77,00","","32,00","","8,00","","24,10","","93,14","","","","","","Généralement nuageux"
"1974-11-12 15:00","1974","11","12","15:00"," ","1,10","","-3,30","","73,00","","31,00","","8,00","","24,10","","93,19","","","","","","Généralement nuageux"
"1974-11-12 16:00","1974","11","12","16:00"," ","0,00","","-3,90","","75,00","","30,00","","5,00","","24,10","","93,29","","","","-2,00","","Généralement nuageux"
"1974-11-12 17:00","1974","11","12","17:00"," ","0,00","","-3,90","","74,00","","31,00","","10,00","","24,10","","93,37","","","","-3,00","","Généralement nuageux"
"1974-11-12 18:00","1974","11","12","18:00"," ","-1,70","","-5,60","","73,00","","0,00","","0,00","","24,10","","93,45","","","","","","Généralement nuageux"
"1974-11-12 19:00","1974","11","12","19:00"," ","-2,80","","-6,70","","74,00","","30,00","","8,00","","25,00","","93,53","","","","-6,00","","Généralement nuageux"
"1974-11-12 20:00","1974","11","12","20:00"," ","-0,60","","-5,00","","71,00","","29,00","","16,00","","25,00","","93,59","","","","-5,00","","Nuageux"
"1974-11-12 21:00","1974","11","12","21:00"," ","-0,60","","-5,60","","68,00","","31,00","","16,00","","25,00","","93,66","","","","-5,00","","Généralement nuageux"
"1974-11-12 22:00","1974","11","12","22:00"," ","-2,80","","-6,70","","74,00","","30,00","","14,00","","25,00","","93,75","","","","-8,00","","Généralement dégagé"
"1974-11-12 23:00","1974","11","12","23:00"," ","-5,00","","-8,30","","78,00","","30,00","","8,00","","25,00","","93,82","","","","-9,00","","Généralement dégagé"
"1974-11-13 00:00","1974","11","13","00:00"," ","-7,20","","-9,40","","83,00","","24,00","","6,00","","25,00","","93,87","","","","-10,00","","Dégagé"
"1974-11-13 01:00","1974","11","13","01:00"," ","-8,90","","-11,10","","84,00","","27,00","","8,00","","25,00","","93,87","","","","-13,00","","Dégagé"
"1974-11-13 02:00","1974","11","13","02:00"," ","-10,00","","-11,70","","86,00","","26,00","","8,00","","25,00","","93,91","","","","-14,00","","Dégagé"
"1974-11-13 03:00","1974","11","13","03:00"," ","-11,10","","-12,80","","87,00","","0,00","","0,00","","25,00","","93,94","","","","","","Dégagé"
"1974-11-13 04:00","1974","11","13","04:00"," ","-10,00","","-11,10","","90,00","","0,00","","0,00","","25,00","","93,98","","","","","","Dégagé"
"1974-11-13 05:00","1974","11","13","05:00"," ","-10,60","","-12,80","","84,00","","0,00","","0,00","","25,00","","94,01","","","","","","Dégagé"
"1974-11-13 06:00","1974","11","13","06:00"," ","-11,70","","-13,30","","85,00","","0,00","","0,00","","25,00","","94,01","","","","","","Dégagé"
"1974-11-13 07:00","1974","11","13","07:00"," ","-11,70","","-13,90","","83,00","","0,00","","0,00","","25,00","","94,05","","","","","","Généralement dégagé"
"1974-11-13 08:00","1974","11","13","08:00"," ","-12,80","","-14,40","","86,00","","0,00","","0,00","","25,00","","94,07","","","","","","Généralement dégagé"
"1974-11-13 09:00","1974","11","13","09:00"," ","-10,60","","-12,20","","87,00","","0,00","","0,00","","25,00","","94,07","","","","","","Généralement dégagé"
"1974-11-13 10:00","1974","11","13","10:00"," ","-6,10","","-8,30","","85,00","","0,00","","0,00","","25,00","","94,05","","","","","","Généralement dégagé"
"1974-11-13 11:00","1974","11","13","11:00"," ","-2,80","","-7,20","","74,00","","0,00","","0,00","","25,00","","94,06","","","","","","Généralement dégagé"
"1974-11-13 12:00","1974","11","13","12:00"," ","-1,10","","-5,60","","73,00","","16,00","","11,00","","25,00","","94,02","","","","-5,00","","Généralement dégagé"
"1974-11-13 13:00","1974","11","13","13:00"," ","-0,60","","-5,00","","71,00","","14,00","","13,00","","25,00","","93,87","","","","-5,00","","Généralement nuageux"
"1974-11-13 14:00","1974","11","13","14:00"," ","0,60","","-4,40","","69,00","","16,00","","14,00","","25,00","","93,86","","","","","","Généralement nuageux"
"1974-11-13 15:00","1974","11","13","15:00"," ","0,60","","-4,40","","68,00","","14,00","","16,00","","25,00","","93,81","","","","","","Généralement dégagé"
"1974-11-13 16:00","1974","11","13","16:00"," ","-1,10","","-5,00","","75,00","","14,00","","13,00","","25,00","","93,81","","","","-5,00","","Généralement dégagé"
"1974-11-13 17:00","1974","11","13","17:00"," ","-3,30","","-6,70","","78,00","","14,00","","19,00","","25,00","","93,72","","","","-9,00","","Dégagé"
"1974-11-13 18:00","1974","11","13","18:00"," ","-3,90","","-7,20","","77,00","","14,00","","26,00","","25,00","","93,56","","","","-11,00","","Dégagé"
"1974-11-13 19:00","1974","11","13","19:00"," ","-3,90","","-7,80","","76,00","","14,00","","23,00","","25,00","","93,52","","","","-11,00","","Dégagé"
"1974-11-13 20:00","1974","11","13","20:00"," ","-5,00","","-7,80","","78,00","","14,00","","21,00","","25,00","","93,50","","","","-12,00","","Dégagé"
"1974-11-13 21:00","1974","11","13","21:00"," ","-5,60","","-8,30","","81,00","","14,00","","18,00","","25,00","","93,47","","","","-12,00","","Généralement dégagé"
"1974-11-13 22:00","1974","11","13","22:00"," ","-6,70","","-9,40","","82,00","","14,00","","21,00","","25,00","","93,36","","","","-14,00","","Généralement dégagé"
"1974-11-13 23:00","1974","11","13","23:00"," ","-5,60","","-7,80","","82,00","","14,00","","26,00","","25,00","","93,25","","","","-13,00","","Généralement nuageux"
"1974-11-14 00:00","1974","11","14","00:00"," ","-6,70","","-8,30","","85,00","","15,00","","21,00","","25,00","","93,19","","","","-14,00","","Généralement dégagé"
"1974-11-14 01:00","1974","11","14","01:00"," ","-8,30","","-10,60","","83,00","","15,00","","16,00","","25,00","","93,16","","","","-15,00","","Généralement nuageux"
"1974-11-14 02:00","1974","11","14","02:00"," ","-9,40","","-10,60","","91,00","","19,00","","19,00","","25,00","","93,13","","","","-17,00","","Généralement nuageux"
"1974-11-14 03:00","1974","11","14","03:00"," ","-9,40","","-11,10","","89,00","","15,00","","18,00","","25,00","","93,05","","","","-17,00","","Généralement nuageux"
"1974-11-14 04:00","1974","11","14","04:00"," ","-10,60","","-12,20","","89,00","","19,00","","16,00","","25,00","","93,07","","","","-18,00","","Généralement dégagé"
"1974-11-14 05:00","1974","11","14","05:00"," ","-10,60","","-11,70","","90,00","","20,00","","16,00","","25,00","","93,06","","","","-18,00","","Généralement nuageux"
"1974-11-14 06:00","1974","11","14","06:00"," ","-10,00","","-12,20","","86,00","","19,00","","11,00","","25,00","","93,03","","","","-16,00","","Généralement dégagé"
"1974-11-14 07:00","1974","11","14","07:00"," ","-10,00","","-12,20","","84,00","","20,00","","13,00","","25,00","","93,04","","","","-16,00","","Généralement dégagé"
"1974-11-14 08:00","1974","11","14","08:00"," ","-8,90","","-11,70","","79,00","","23,00","","8,00","","25,00","","93,06","","","","-13,00","","Généralement dégagé"
"1974-11-14 09:00","1974","11","14","09:00"," ","-5,00","","-8,30","","76,00","","25,00","","10,00","","25,00","","93,08","","","","-9,00","","Généralement dégagé"
"1974-11-14 10:00","1974","11","14","10:00"," ","-0,60","","-6,10","","67,00","","27,00","","14,00","","25,00","","93,08","","","","-5,00","","Généralement dégagé"
"1974-11-14 11:00","1974","11","14","11:00"," ","1,10","","-5,00","","63,00","","26,00","","14,00","","25,00","","93,03","","","","","","Généralement dégagé"
"1974-11-14 12:00","1974","11","14","12:00"," ","3,30","","-4,40","","56,00","","29,00","","32,00","","25,00","","92,98","","","","","","Généralement dégagé"
"1974-11-14 13:00","1974","11","14","13:00"," ","3,90","","-3,90","","56,00","","30,00","","32,00","","25,00","","92,95","","","","","","Généralement dégagé"
"1974-11-14 14:00","1974","11","14","14:00"," ","5,60","","-4,40","","49,00","","31,00","","32,00","","25,00","","92,92","","","","","","Généralement dégagé"
"1974-11-14 15:00","1974","11","14","15:00"," ","5,00","","-4,40","","49,00","","32,00","","29,00","","25,00","","92,95","","","","","","Dégagé"
"1974-11-14 16:00","1974","11","14","16:00"," ","3,90","","-5,00","","53,00","","32,00","","18,00","","25,00","","92,97","","","","","","Généralement dégagé"
"1974-11-14 17:00","1974","11","14","17:00"," ","-0,60","","-5,60","","69,00","","19,00","","3,00","","25,00","","92,95","","","","-2,00","","Généralement nuageux"
"1974-11-14 18:00","1974","11","14","18:00"," ","-0,60","","-5,60","","69,00","","22,00","","8,00","","25,00","","92,98","","","","-3,00","","Généralement nuageux"
"1974-11-14 19:00","1974","11","14","19:00"," ","0,60","","-6,10","","60,00","","25,00","","3,00","","25,00","","92,93","","","","","","Généralement nuageux"
"1974-11-14 20:00","1974","11","14","20:00"," ","-1,70","","-6,10","","70,00","","21,00","","10,00","","25,00","","92,91","","","","-5,00","","Généralement nuageux"
"1974-11-14 21:00","1974","11","14","21:00"," ","-2,20","","-5,60","","76,00","","23,00","","5,00","","25,00","","92,96","","","","-4,00","","Généralement nuageux"
"1974-11-14 22:00","1974","11","14","22:00"," ","-2,80","","-7,20","","69,00","","26,00","","16,00","","25,00","","92,98","","","","-8,00","","Généralement dégagé"
"1974-11-14 23:00","1974","11","14","23:00"," ","-2,20","","-7,20","","67,00","","28,00","","8,00","","25,00","","92,97","","","","-5,00","","Généralement dégagé"
"1974-11-15 00:00","1974","11","15","00:00"," ","-4,40","","-8,30","","73,00","","24,00","","11,00","","25,00","","92,96","","","","-9,00","","Généralement dégagé"
"1974-11-15 01:00","1974","11","15","01:00"," ","-0,60","","-6,70","","65,00","","29,00","","18,00","","25,00","","92,94","","","","-6,00","","Généralement dégagé"
"1974-11-15 02:00","1974","11","15","02:00"," ","-1,70","","-6,70","","67,00","","28,00","","10,00","","25,00","","92,96","","","","-5,00","","Généralement dégagé"
"1974-11-15 03:00","1974","11","15","03:00"," ","-2,80","","-6,70","","73,00","","27,00","","10,00","","25,00","","92,95","","","","-7,00","","Généralement nuageux"
"1974-11-15 04:00","1974","11","15","04:00"," ","-2,80","","-7,20","","72,00","","26,00","","5,00","","25,00","","92,94","","","","-5,00","","Généralement nuageux"
"1974-11-15 05:00","1974","11","15","05:00"," ","-3,90","","-7,80","","75,00","","26,00","","14,00","","25,00","","92,93","","","","-9,00","","Généralement dégagé"
"1974-11-15 06:00","1974","11","15","06:00"," ","-3,30","","-7,20","","74,00","","24,00","","11,00","","25,00","","92,91","","","","-8,00","","Généralement nuageux"
"1974-11-15 07:00","1974","11","15","07:00"," ","-2,80","","-7,20","","73,00","","25,00","","13,00","","25,00","","92,92","","","","-7,00","","Généralement dégagé"
"1974-11-15 08:00","1974","11","15","08:00"," ","-6,10","","-8,90","","81,00","","21,00","","8,00","","25,00","","92,92","","","","-10,00","","Généralement dégagé"
"1974-11-15 09:00","1974","11","15","09:00"," ","-4,40","","-7,20","","78,00","","20,00","","10,00","","25,00","","92,92","","","","-9,00","","Généralement dégagé"
"1974-11-15 10:00","1974","11","15","10:00"," ","0,60","","-5,00","","65,00","","23,00","","8,00","","25,00","","92,89","","","","","","Généralement nuageux"
"1974-11-15 11:00","1974","11","15","11:00"," ","4,40","","-3,30","","57,00","","25,00","","14,00","","25,00","","92,86","","","","","","Généralement nuageux"
"1974-11-15 12:00","1974","11","15","12:00"," ","5,00","","-2,80","","56,00","","23,00","","13,00","","25,00","","92,81","","","","","","Généralement nuageux"
"1974-11-15 13:00","1974","11","15","13:00"," ","8,30","","-3,30","","45,00","","24,00","","18,00","","25,00","","92,80","","","","","","Généralement nuageux"
"1974-11-15 14:00","1974","11","15","14:00"," ","8,90","","-3,30","","41,00","","22,00","","13,00","","25,00","","92,69","","","","","","Généralement nuageux"
"1974-11-15 15:00","1974","11","15","15:00"," ","8,90","","-3,90","","40,00","","21,00","","11,00","","25,00","","92,65","","","","","","Généralement nuageux"
"1974-11-15 16:00","1974","11","15","16:00"," ","7,80","","-5,00","","40,00","","23,00","","8,00","","25,00","","92,66","","","","","","Généralement nuageux"
"1974-11-15 17:00","1974","11","15","17:00"," ","2,80","","-5,60","","52,00","","22,00","","11,00","","25,00","","92,63","","","","","","Généralement nuageux"
"1974-11-15 18:00","1974","11","15","18:00"," ","2,80","","-6,70","","49,00","","19,00","","14,00","","25,00","","92,56","","","","","","Généralement nuageux"
"1974-11-15 19:00","1974","11","15","19:00"," ","0,60","","-6,70","","58,00","","18,00","","18,00","","25,00","","92,48","","","","","","Généralement nuageux"
"1974-11-15 20:00","1974","11","15","20:00"," ","-1,70","","-7,20","","66,00","","18,00","","16,00","","25,00","","92,41","","","","-7,00","","Généralement dégagé"
"1974-11-15 21:00","1974","11","15","21:00"," ","1,10","","-6,10","","58,00","","17,00","","10,00","","25,00","","92,31","","","","","","Généralement dégagé"
"1974-11-15 22:00","1974","11","15","22:00"," ","0,60","","-6,10","","59,00","","17,00","","13,00","","25,00","","92,27","","","","","","Généralement dégagé"
"1974-11-15 23:00","1974","11","15","23:00"," ","1,70","","-6,10","","56,00","","18,00","","16,00","","25,00","","92,16","","","","","","Généralement dégagé"
"1974-11-16 00:00","1974","11","16","00:00"," ","3,90","","-5,60","","51,00","","18,00","","26,00","","25,00","","92,04","","","","","","Généralement dégagé"
"1974-11-16 01:00","1974","11","16","01:00"," ","2,80","","-6,70","","50,00","","19,00","","14,00","","25,00","","91,98","","","","","","Généralement nuageux"
"1974-11-16 02:00","1974","11","16","02:00"," ","0,60","","-6,10","","59,00","","18,00","","13,00","","25,00","","91,90","","","","","","Généralement nuageux"
"1974-11-16 03:00","1974","11","16","03:00"," ","-2,20","","-6,70","","73,00","","20,00","","3,00","","25,00","","91,92","","","","-3,00","","Généralement dégagé"
"1974-11-16 04:00","1974","11","16","04:00"," ","-3,90","","-7,80","","72,00","","0,00","","0,00","","25,00","","91,86","","","","","","Généralement dégagé"
"1974-11-16 05:00","1974","11","16","05:00"," ","-3,90","","-7,20","","80,00","","18,00","","10,00","","25,00","","91,80","","","","-8,00","","Généralement dégagé"
"1974-11-16 06:00","1974","11","16","06:00"," ","-5,00","","-8,30","","78,00","","0,00","","0,00","","25,00","","91,86","","","","","","Généralement dégagé"
"1974-11-16 07:00","1974","11","16","07:00"," ","-5,00","","-7,80","","82,00","","24,00","","6,00","","25,00","","91,85","","","","-8,00","","Généralement dégagé"
"1974-11-16 08:00","1974","11","16","08:00"," ","-5,00","","-8,90","","74,00","","25,00","","11,00","","25,00","","91,88","","","","-10,00","","Généralement dégagé"
"1974-11-16 09:00","1974","11","16","09:00"," ","-2,80","","-7,80","","68,00","","21,00","","10,00","","25,00","","91,89","","","","-7,00","","Généralement dégagé"
"1974-11-16 10:00","1974","11","16","10:00"," ","2,80","","-4,40","","61,00","","19,00","","10,00","","25,00","","91,88","","","","","","Généralement dégagé"
"1974-11-16 11:00","1974","11","16","11:00"," ","5,60","","-2,80","","55,00","","23,00","","8,00","","25,00","","91,87","","","","","","Généralement dégagé"
"1974-11-16 12:00","1974","11","16","12:00"," ","7,20","","-2,80","","49,00","","36,00","","14,00","","25,00","","91,87","","","","","","Généralement nuageux"
"1974-11-16 13:00","1974","11","16","13:00"," ","5,00","","-3,90","","53,00","","34,00","","35,00","","25,00","","91,99","","","","","","Généralement nuageux"
"1974-11-16 14:00","1974","11","16","14:00"," ","3,30","","-5,00","","54,00","","32,00","","39,00","","25,00","","92,19","","","","","","Généralement nuageux"
"1974-11-16 15:00","1974","11","16","15:00"," ","1,10","","-3,30","","73,00","","30,00","","26,00","","25,00","","92,27","","","","","","Averses de neige"
"1974-11-16 16:00","1974","11","16","16:00"," ","0,00","","-3,30","","79,00","","25,00","","19,00","","25,00","","92,26","","","","-5,00","","Généralement nuageux"
"1974-11-16 17:00","1974","11","16","17:00"," ","0,00","","-5,00","","68,00","","29,00","","14,00","","25,00","","92,31","","","","-4,00","","Généralement nuageux"
"1974-11-16 18:00","1974","11","16","18:00"," ","-2,80","","-7,80","","68,00","","30,00","","21,00","","25,00","","92,37","","","","-9,00","","Généralement dégagé"
"1974-11-16 19:00","1974","11","16","19:00"," ","0,60","","-15,00","","30,00","","32,00","","42,00","","25,00","","92,43","","","","","","Dégagé"
"1974-11-16 20:00","1974","11","16","20:00"," ","-0,60","","-14,40","","33,00","","30,00","","21,00","","25,00","","92,54","","","","-6,00","","Dégagé"
"1974-11-16 21:00","1974","11","16","21:00"," ","-1,70","","-13,30","","40,00","","29,00","","21,00","","25,00","","92,66","","","","-8,00","","Généralement dégagé"
"1974-11-16 22:00","1974","11","16","22:00"," ","-2,80","","-12,80","","44,00","","29,00","","19,00","","25,00","","92,69","","","","-9,00","","Généralement dégagé"
"1974-11-16 23:00","1974","11","16","23:00"," ","-2,20","","-12,80","","44,00","","30,00","","19,00","","25,00","","92,74","","","","-8,00","","Dégagé"
"1974-11-17 00:00","1974","11","17","00:00"," ","-4,40","","-13,30","","50,00","","29,00","","14,00","","25,00","","92,78","","","","-10,00","","Dégagé"
"1974-11-17 01:00","1974","11","17","01:00"," ","-3,30","","-12,80","","47,00","","32,00","","23,00","","25,00","","92,73","","","","-10,00","","Dégagé"
"1974-11-17 02:00","1974","11","17","02:00"," ","-6,10","","-13,30","","55,00","","26,00","","16,00","","25,00","","92,80","","","","-12,00","","Dégagé"
"1974-11-17 03:00","1974","11","17","03:00"," ","-8,30","","-13,90","","64,00","","25,00","","13,00","","25,00","","92,83","","","","-14,00","","Dégagé"
"1974-11-17 04:00","1974","11","17","04:00"," ","-8,90","","-14,40","","64,00","","23,00","","8,00","","25,00","","92,84","","","","-13,00","","Dégagé"
"1974-11-17 05:00","1974","11","17","05:00"," ","-9,40","","-15,00","","66,00","","22,00","","16,00","","25,00","","92,88","","","","-16,00","","Dégagé"
"1974-11-17 06:00","1974","11","17","06:00"," ","-8,90","","-14,40","","65,00","","25,00","","14,00","","25,00","","92,84","","","","-15,00","","Dégagé"
"1974-11-17 07:00","1974","11","17","07:00"," ","-10,60","","-15,00","","69,00","","23,00","","11,00","","25,00","","92,83","","","","-16,00","","Généralement dégagé"
"1974-11-17 08:00","1974","11","17","08:00"," ","-11,10","","-15,00","","72,00","","23,00","","11,00","","25,00","","92,78","","","","-17,00","","Généralement dégagé"
"1974-11-17 09:00","1974","11","17","09:00"," ","-7,80","","-13,30","","66,00","","18,00","","16,00","","25,00","","92,77","","","","-14,00","","Généralement dégagé"
"1974-11-17 10:00","1974","11","17","10:00"," ","-4,40","","-11,10","","61,00","","16,00","","5,00","","25,00","","92,76","","","","-7,00","","Généralement nuageux"
"1974-11-17 11:00","1974","11","17","11:00"," ","-0,60","","-9,40","","51,00","","12,00","","3,00","","25,00","","92,70","","","","-2,00","","Généralement nuageux"
"1974-11-17 12:00","1974","11","17","12:00"," ","-0,60","","-11,10","","44,00","","12,00","","14,00","","25,00","","92,59","","","","-5,00","","Généralement nuageux"
"1974-11-17 13:00","1974","11","17","13:00"," ","-0,60","","-11,10","","44,00","","12,00","","18,00","","25,00","","92,51","","","","-6,00","","Généralement nuageux"
"1974-11-17 14:00","1974","11","17","14:00"," ","0,00","","-10,00","","46,00","","11,00","","26,00","","25,00","","92,33","","","","-6,00","","Généralement nuageux"
"1974-11-17 15:00","1974","11","17","15:00"," ","0,00","","-10,60","","45,00","","11,00","","24,00","","25,00","","92,21","","","","-6,00","","Généralement nuageux"
"1974-11-17 16:00","1974","11","17","16:00"," ","-1,10","","-10,00","","51,00","","12,00","","27,00","","25,00","","92,13","","","","-8,00","","Généralement nuageux"
"1974-11-17 17:00","1974","11","17","17:00"," ","-1,70","","-10,00","","54,00","","11,00","","24,00","","25,00","","92,06","","","","-8,00","","Nuageux"
"1974-11-17 18:00","1974","11","17","18:00"," ","-1,70","","-9,40","","55,00","","13,00","","24,00","","25,00","","92,03","","","","-8,00","","Neige"
"1974-11-17 19:00","1974","11","17","19:00"," ","-2,80","","-8,90","","62,00","","11,00","","24,00","","25,00","","91,87","","","","-9,00","","Neige"
"1974-11-17 20:00","1974","11","17","20:00"," ","-2,20","","-10,60","","53,00","","11,00","","32,00","","25,00","","91,79","","","","-10,00","","Nuageux"
"1974-11-17 21:00","1974","11","17","21:00"," ","-2,20","","-11,10","","51,00","","11,00","","27,00","","25,00","","91,71","","","","-9,00","","Nuageux"
"1974-11-17 22:00","1974","11","17","22:00"," ","-2,20","","-11,10","","50,00","","11,00","","27,00","","25,00","","91,60","","","","-9,00","","Nuageux"
"1974-11-17 23:00","1974","11","17","23:00"," ","-2,20","","-11,10","","51,00","","11,00","","29,00","","25,00","","91,54","","","","-9,00","","Nuageux"
"1974-11-18 00:00","1974","11","18","00:00"," ","-2,20","","-11,10","","49,00","","9,00","","32,00","","25,00","","91,40","","","","-10,00","","Nuageux"
"1974-11-18 01:00","1974","11","18","01:00"," ","-2,80","","-8,90","","60,00","","10,00","","29,00","","9,70","","91,41","","","","-10,00","","Averses de neige"
"1974-11-18 02:00","1974","11","18","02:00"," ","-2,80","","-8,30","","66,00","","11,00","","16,00","","12,90","","91,45","","","","-8,00","","Averses de neige"
"1974-11-18 03:00","1974","11","18","03:00"," ","-2,80","","-7,80","","67,00","","9,00","","24,00","","24,10","","91,40","","","","-9,00","","Averses de neige"
"1974-11-18 04:00","1974","11","18","04:00"," ","-3,90","","-6,70","","80,00","","5,00","","16,00","","24,10","","91,38","","","","-9,00","","Averses de neige"
"1974-11-18 05:00","1974","11","18","05:00"," ","-3,90","","-7,20","","76,00","","6,00","","23,00","","24,10","","91,40","","","","-11,00","","Averses de neige"
"1974-11-18 06:00","1974","11","18","06:00"," ","-4,40","","-6,10","","87,00","","4,00","","16,00","","6,40","","91,45","","","","-10,00","","Averses de neige"
"1974-11-18 07:00","1974","11","18","07:00"," ","-6,10","","-7,80","","89,00","","3,00","","13,00","","24,10","","91,47","","","","-11,00","","Averses de neige"
"1974-11-18 08:00","1974","11","18","08:00"," ","-8,90","","-10,00","","90,00","","3,00","","13,00","","25,00","","91,50","","","","-15,00","","Généralement nuageux"
"1974-11-18 09:00","1974","11","18","09:00"," ","-7,20","","-8,90","","89,00","","2,00","","8,00","","25,00","","91,56","","","","-11,00","","Généralement dégagé"
"1974-11-18 10:00","1974","11","18","10:00"," ","-4,40","","-6,10","","88,00","","2,00","","13,00","","25,00","","91,60","","","","-9,00","","Généralement nuageux"
"1974-11-18 11:00","1974","11","18","11:00"," ","-3,90","","-5,60","","86,00","","3,00","","10,00","","24,10","","91,66","","","","-8,00","","Généralement nuageux"
"1974-11-18 12:00","1974","11","18","12:00"," ","-3,90","","-6,10","","85,00","","36,00","","13,00","","24,10","","91,70","","","","-9,00","","Nuageux"
"1974-11-18 13:00","1974","11","18","13:00"," ","-3,90","","-6,10","","85,00","","36,00","","13,00","","19,30","","91,73","","","","-9,00","","Neige"
"1974-11-18 14:00","1974","11","18","14:00"," ","-3,90","","-6,10","","84,00","","35,00","","10,00","","25,00","","91,78","","","","-8,00","","Neige"
"1974-11-18 15:00","1974","11","18","15:00"," ","-3,90","","-6,10","","83,00","","36,00","","13,00","","16,10","","91,81","","","","-9,00","","Neige"
"1974-11-18 16:00","1974","11","18","16:00"," ","-4,40","","-6,70","","83,00","","2,00","","13,00","","16,10","","91,86","","","","-9,00","","Neige"
"1974-11-18 17:00","1974","11","18","17:00"," ","-5,00","","-7,20","","83,00","","3,00","","10,00","","19,30","","91,92","","","","-9,00","","Neige"
"1974-11-18 18:00","1974","11","18","18:00"," ","-5,00","","-7,20","","83,00","","1,00","","14,00","","24,10","","92,00","","","","-10,00","","Neige"
"1974-11-18 19:00","1974","11","18","19:00"," ","-6,10","","-7,80","","88,00","","3,00","","16,00","","2,40","","92,01","","","","-12,00","","Neige"
"1974-11-18 20:00","1974","11","18","20:00"," ","-6,10","","-7,80","","88,00","","4,00","","13,00","","4,00","","92,05","","","","-11,00","","Neige"
"1974-11-18 21:00","1974","11","18","21:00"," ","-6,70","","-8,30","","88,00","","2,00","","5,00","","12,90","","92,10","","","","-9,00","","Neige"
"1974-11-18 22:00","1974","11","18","22:00"," ","-6,70","","-8,30","","87,00","","3,00","","5,00","","16,10","","92,15","","","","-9,00","","Neige"
"1974-11-18 23:00","1974","11","18","23:00"," ","-6,70","","-8,30","","88,00","","36,00","","6,00","","19,30","","92,22","","","","-10,00","","Neige"
"1974-11-19 00:00","1974","11","19","00:00"," ","-7,20","","-8,90","","88,00","","1,00","","8,00","","19,30","","92,25","","","","-11,00","","Neige"
"1974-11-19 01:00","1974","11","19","01:00"," ","-9,40","","-10,60","","88,00","","3,00","","5,00","","19,30","","92,29","","","","-12,00","","Neige"
"1974-11-19 02:00","1974","11","19","02:00"," ","-8,90","","-10,00","","89,00","","3,00","","3,00","","16,10","","92,32","","","","-11,00","","Neige"
"1974-11-19 03:00","1974","11","19","03:00"," ","-7,80","","-9,40","","90,00","","0,00","","0,00","","16,10","","92,33","","","","","","Neige"
"1974-11-19 04:00","1974","11","19","04:00"," ","-7,80","","-8,90","","91,00","","11,00","","5,00","","16,10","","92,34","","","","-10,00","","Neige"
"1974-11-19 05:00","1974","11","19","05:00"," ","-8,30","","-9,40","","90,00","","12,00","","11,00","","16,10","","92,34","","","","-14,00","","Neige"
"1974-11-19 06:00","1974","11","19","06:00"," ","-11,70","","-12,80","","88,00","","13,00","","8,00","","19,30","","92,35","","","","-16,00","","Neige"
"1974-11-19 07:00","1974","11","19","07:00"," ","-9,40","","-10,60","","91,00","","17,00","","10,00","","12,90","","92,42","","","","-15,00","","Neige"
"1974-11-19 08:00","1974","11","19","08:00"," ","-8,30","","-9,40","","92,00","","14,00","","11,00","","3,20","","92,40","","","","-14,00","","Neige,Brouillard"
"1974-11-19 09:00","1974","11","19","09:00"," ","-7,80","","-8,90","","90,00","","14,00","","10,00","","1,60","","92,43","","","","-13,00","","Neige"
"1974-11-19 10:00","1974","11","19","10:00"," ","-6,70","","-7,80","","90,00","","14,00","","19,00","","16,10","","92,39","","","","-14,00","","Généralement nuageux"
"1974-11-19 11:00","1974","11","19","11:00"," ","-5,60","","-7,20","","86,00","","15,00","","11,00","","16,10","","92,46","","","","-10,00","","Généralement nuageux"
"1974-11-19 12:00","1974","11","19","12:00"," ","-5,00","","-6,70","","85,00","","13,00","","18,00","","19,30","","92,43","","","","-11,00","","Nuageux"
"1974-11-19 13:00","1974","11","19","13:00"," ","-3,90","","-6,10","","85,00","","18,00","","13,00","","16,10","","92,44","","","","-9,00","","Nuageux"
"1974-11-19 14:00","1974","11","19","14:00"," ","-2,80","","-5,60","","83,00","","17,00","","13,00","","16,10","","92,40","","","","-7,00","","Généralement nuageux"
"1974-11-19 15:00","1974","11","19","15:00"," ","-2,80","","-5,00","","81,00","","14,00","","14,00","","19,30","","92,41","","","","-8,00","","Généralement nuageux"
"1974-11-19 16:00","1974","11","19","16:00"," ","-5,00","","-6,70","","86,00","","12,00","","16,00","","12,90","","92,45","","","","-11,00","","Généralement nuageux"
"1974-11-19 17:00","1974","11","19","17:00"," ","-7,80","","-9,40","","89,00","","12,00","","16,00","","8,00","","92,45","","","","-14,00","","Brouillard,Fumée"
"1974-11-19 18:00","1974","11","19","18:00"," ","-8,30","","-10,00","","89,00","","11,00","","14,00","","9,70","","92,39","","","","-14,00","","Fumée"
"1974-11-19 19:00","1974","11","19","19:00"," ","-7,80","","-9,40","","89,00","","13,00","","16,00","","12,90","","92,37","","","","-14,00","","Généralement nuageux"
"1974-11-19 20:00","1974","11","19","20:00"," ","-7,20","","-8,90","","89,00","","13,00","","8,00","","16,10","","92,37","","","","-11,00","","Nuageux"
"1974-11-19 21:00","1974","11","19","21:00"," ","-7,20","","-8,90","","87,00","","12,00","","18,00","","16,10","","92,30","","","","-14,00","","Nuageux"
"1974-11-19 22:00","1974","11","19","22:00"," ","-7,20","","-8,90","","87,00","","12,00","","18,00","","19,30","","92,26","","","","-14,00","","Nuageux"
"1974-11-19 23:00","1974","11","19","23:00"," ","-7,20","","-8,90","","87,00","","12,00","","13,00","","19,30","","92,16","","","","-13,00","","Généralement nuageux"
"1974-11-20 00:00","1974","11","20","00:00"," ","-8,30","","-10,00","","88,00","","10,00","","6,00","","19,30","","92,12","","","","-12,00","","Généralement nuageux"
"1974-11-20 01:00","1974","11","20","01:00"," ","-8,30","","-10,00","","89,00","","10,00","","3,00","","19,30","","92,13","","","","-10,00","","Généralement nuageux"
"1974-11-20 02:00","1974","11","20","02:00"," ","-8,90","","-10,60","","90,00","","4,00","","6,00","","19,30","","92,12","","","","-12,00","","Généralement nuageux"
"1974-11-20 03:00","1974","11","20","03:00"," ","-8,30","","-10,00","","89,00","","2,00","","10,00","","19,30","","92,11","","","","-13,00","","Généralement nuageux"
"1974-11-20 04:00","1974","11","20","04:00"," ","-9,40","","-10,60","","90,00","","3,00","","8,00","","19,30","","92,11","","","","-14,00","","Généralement nuageux"
"1974-11-20 05:00","1974","11","20","05:00"," ","-10,00","","-12,20","","87,00","","3,00","","5,00","","19,30","","92,17","","","","-13,00","","Généralement nuageux"
"1974-11-20 06:00","1974","11","20","06:00"," ","-9,40","","-10,60","","90,00","","30,00","","11,00","","12,90","","92,21","","","","-15,00","","Nuageux"
"1974-11-20 07:00","1974","11","20","07:00"," ","-8,90","","-10,60","","90,00","","29,00","","10,00","","8,00","","92,25","","","","-14,00","","Brouillard,Fumée"
"1974-11-20 08:00","1974","11","20","08:00"," ","-7,80","","-8,90","","91,00","","33,00","","11,00","","2,40","","92,29","","","","-13,00","","Brouillard,Fumée"
"1974-11-20 09:00","1974","11","20","09:00"," ","-7,80","","-8,90","","92,00","","30,00","","6,00","","2,40","","92,30","","","","-11,00","","Brouillard,Fumée"
"1974-11-20 10:00","1974","11","20","10:00"," ","-7,80","","-8,90","","94,00","","36,00","","10,00","","2,40","","92,32","","","","-13,00","","Brouillard,Fumée"
"1974-11-20 11:00","1974","11","20","11:00"," ","-7,80","","-8,30","","96,00","","34,00","","8,00","","2,00","","92,34","","","","-12,00","","Neige,Brouillard,Fumée"
"1974-11-20 12:00","1974","11","20","12:00"," ","-7,80","","-8,30","","97,00","","35,00","","6,00","","2,40","","92,29","","","","-11,00","","Neige,Brouillard,Fumée"
"1974-11-20 13:00","1974","11","20","13:00"," ","-7,20","","-7,80","","96,00","","33,00","","6,00","","2,40","","92,23","","","","-10,00","","Neige,Brouillard,Fumée"
"1974-11-20 14:00","1974","11","20","14:00"," ","-7,20","","-7,80","","97,00","","13,00","","6,00","","2,40","","92,17","","","","-10,00","","Neige,Brouillard,Fumée"
"1974-11-20 15:00","1974","11","20","15:00"," ","-7,80","","-7,80","","96,00","","4,00","","3,00","","2,40","","92,08","","","","-9,00","","Neige,Brouillard,Fumée"
"1974-11-20 16:00","1974","11","20","16:00"," ","-7,80","","-8,30","","95,00","","10,00","","6,00","","2,40","","92,02","","","","-11,00","","Brouillard,Fumée"
"1974-11-20 17:00","1974","11","20","17:00"," ","-7,20","","-8,30","","93,00","","7,00","","13,00","","1,60","","91,95","","","","-13,00","","Neige,Brouillard"
"1974-11-20 18:00","1974","11","20","18:00"," ","-7,20","","-8,30","","91,00","","3,00","","16,00","","4,00","","91,72","","","","-14,00","","Neige,Brouillard"
"1974-11-20 19:00","1974","11","20","19:00"," ","-6,70","","-7,80","","91,00","","9,00","","21,00","","6,40","","91,67","","","","-14,00","","Neige,Brouillard"
"1974-11-20 20:00","1974","11","20","20:00"," ","-6,10","","-7,20","","91,00","","9,00","","14,00","","6,40","","91,49","","","","-12,00","","Neige,Brouillard"
"1974-11-20 21:00","1974","11","20","21:00"," ","-6,10","","-7,20","","92,00","","9,00","","18,00","","8,00","","91,30","","","","-13,00","","Neige,Brouillard"
"1974-11-20 22:00","1974","11","20","22:00"," ","-6,10","","-7,20","","91,00","","8,00","","16,00","","9,70","","91,14","","","","-12,00","","Neige,Brouillard"
"1974-11-20 23:00","1974","11","20","23:00"," ","-6,10","","-7,20","","92,00","","6,00","","10,00","","8,00","","91,11","","","","-11,00","","Neige,Brouillard"
"1974-11-21 00:00","1974","11","21","00:00"," ","-6,10","","-7,20","","91,00","","2,00","","13,00","","9,70","","91,06","","","","-11,00","","Neige,Brouillard"
"1974-11-21 01:00","1974","11","21","01:00"," ","-6,10","","-7,20","","93,00","","1,00","","11,00","","2,40","","90,93","","","","-11,00","","Neige,Brouillard"
"1974-11-21 02:00","1974","11","21","02:00"," ","-7,20","","-8,30","","91,00","","2,00","","11,00","","3,20","","90,84","","","","-12,00","","Neige,Brouillard"
"1974-11-21 03:00","1974","11","21","03:00"," ","-7,20","","-8,30","","91,00","","4,00","","10,00","","1,20","","90,80","","","","-12,00","","Neige,Brouillard"
"1974-11-21 04:00","1974","11","21","04:00"," ","-7,20","","-8,30","","91,00","","34,00","","16,00","","1,00","","90,89","","","","-14,00","","Neige,Brouillard"
"1974-11-21 05:00","1974","11","21","05:00"," ","-7,20","","-8,30","","91,00","","32,00","","13,00","","1,60","","90,99","","","","-13,00","","Neige,Brouillard"
"1974-11-21 06:00","1974","11","21","06:00"," ","-7,20","","-8,30","","91,00","","30,00","","24,00","","6,40","","91,12","","","","-15,00","","Neige,Brouillard"
"1974-11-21 07:00","1974","11","21","07:00"," ","-7,20","","-8,30","","89,00","","30,00","","23,00","","9,70","","91,23","","","","-15,00","","Neige,Brouillard"
"1974-11-21 08:00","1974","11","21","08:00"," ","-7,20","","-8,30","","89,00","","29,00","","24,00","","3,20","","91,35","","","","-15,00","","Neige"
"1974-11-21 09:00","1974","11","21","09:00"," ","-6,70","","-8,90","","87,00","","30,00","","29,00","","9,70","","91,40","","","","-15,00","","Neige,Fumée"
"1974-11-21 10:00","1974","11","21","10:00"," ","-6,70","","-8,30","","86,00","","30,00","","31,00","","19,30","","91,52","","","","-15,00","","Nuageux"
"1974-11-21 11:00","1974","11","21","11:00"," ","-5,60","","-7,80","","85,00","","31,00","","31,00","","19,30","","91,61","","","","-14,00","","Nuageux"
"1974-11-21 12:00","1974","11","21","12:00"," ","-5,60","","-7,80","","82,00","","31,00","","27,00","","24,10","","91,67","","","","-13,00","","Généralement nuageux"
"1974-11-21 13:00","1974","11","21","13:00"," ","-5,60","","-8,90","","78,00","","31,00","","31,00","","25,00","","91,76","","","","-14,00","","Généralement nuageux"
"1974-11-21 14:00","1974","11","21","14:00"," ","-5,60","","-8,90","","77,00","","32,00","","27,00","","25,00","","91,82","","","","-13,00","","Généralement nuageux"
"1974-11-21 15:00","1974","11","21","15:00"," ","-5,60","","-8,90","","76,00","","31,00","","19,00","","25,00","","91,94","","","","-12,00","","Généralement nuageux"
"1974-11-21 16:00","1974","11","21","16:00"," ","-6,10","","-9,40","","76,00","","29,00","","18,00","","24,10","","92,02","","","","-13,00","","Nuageux"
"1974-11-21 17:00","1974","11","21","17:00"," ","-6,10","","-10,00","","75,00","","28,00","","16,00","","24,10","","92,10","","","","-12,00","","Nuageux"
"1974-11-21 18:00","1974","11","21","18:00"," ","-6,10","","-10,00","","76,00","","28,00","","13,00","","24,10","","92,11","","","","-11,00","","Nuageux"
"1974-11-21 19:00","1974","11","21","19:00"," ","-7,20","","-10,00","","80,00","","28,00","","13,00","","25,00","","92,19","","","","-13,00","","Nuageux"
"1974-11-21 20:00","1974","11","21","20:00"," ","-7,20","","-10,00","","79,00","","28,00","","11,00","","25,00","","92,24","","","","-12,00","","Nuageux"
"1974-11-21 21:00","1974","11","21","21:00"," ","-7,80","","-10,00","","83,00","","29,00","","6,00","","24,10","","92,28","","","","-11,00","","Nuageux"
"1974-11-21 22:00","1974","11","21","22:00"," ","-8,90","","-11,10","","81,00","","32,00","","8,00","","24,10","","92,31","","","","-13,00","","Généralement nuageux"
"1974-11-21 23:00","1974","11","21","23:00"," ","-10,60","","-12,80","","83,00","","28,00","","6,00","","24,10","","92,33","","","","-14,00","","Généralement dégagé"
"1974-11-22 00:00","1974","11","22","00:00"," ","-13,30","","-14,40","","89,00","","29,00","","8,00","","24,10","","92,38","","","","-18,00","","Généralement dégagé"
"1974-11-22 01:00","1974","11","22","01:00"," ","-13,30","","-14,40","","90,00","","27,00","","5,00","","25,00","","92,43","","","","-17,00","","Généralement dégagé"
"1974-11-22 02:00","1974","11","22","02:00"," ","-14,40","","-15,60","","90,00","","28,00","","6,00","","25,00","","92,50","","","","-19,00","","Généralement dégagé"
"1974-11-22 03:00","1974","11","22","03:00"," ","-15,60","","-17,20","","87,00","","26,00","","10,00","","25,00","","92,55","","","","-22,00","","Généralement dégagé"
"1974-11-22 04:00","1974","11","22","04:00"," ","-15,00","","-16,10","","91,00","","23,00","","8,00","","25,00","","92,60","","","","-20,00","","Généralement dégagé"
"1974-11-22 05:00","1974","11","22","05:00"," ","-17,20","","-18,90","","90,00","","21,00","","6,00","","25,00","","92,65","","","","-22,00","","Généralement dégagé"
"1974-11-22 06:00","1974","11","22","06:00"," ","-16,70","","-18,30","","86,00","","20,00","","5,00","","25,00","","92,70","","","","-21,00","","Généralement dégagé"
"1974-11-22 07:00","1974","11","22","07:00"," ","-17,80","","-19,40","","88,00","","22,00","","8,00","","25,00","","92,75","","","","-24,00","","Généralement dégagé"
"1974-11-22 08:00","1974","11","22","08:00"," ","-17,20","","-18,90","","89,00","","18,00","","8,00","","25,00","","92,79","","","","-23,00","","Généralement dégagé"
"1974-11-22 09:00","1974","11","22","09:00"," ","-15,00","","-16,70","","87,00","","18,00","","11,00","","19,30","","92,85","","","","-22,00","","Dégagé"
"1974-11-22 10:00","1974","11","22","10:00"," ","-11,70","","-12,80","","93,00","","17,00","","10,00","","16,10","","92,87","","","","-17,00","","Dégagé"
"1974-11-22 11:00","1974","11","22","11:00"," ","-8,90","","-10,60","","88,00","","17,00","","11,00","","16,10","","92,89","","","","-14,00","","Dégagé"
"1974-11-22 12:00","1974","11","22","12:00"," ","-5,00","","-8,90","","74,00","","19,00","","18,00","","24,10","","92,87","","","","-11,00","","Dégagé"
"1974-11-22 13:00","1974","11","22","13:00"," ","-3,30","","-8,90","","67,00","","17,00","","21,00","","25,00","","92,83","","","","-10,00","","Dégagé"
"1974-11-22 14:00","1974","11","22","14:00"," ","-2,20","","-8,30","","63,00","","17,00","","21,00","","25,00","","92,79","","","","-8,00","","Dégagé"
"1974-11-22 15:00","1974","11","22","15:00"," ","-2,80","","-8,90","","63,00","","16,00","","21,00","","25,00","","92,75","","","","-9,00","","Généralement dégagé"
"1974-11-22 16:00","1974","11","22","16:00"," ","-4,40","","-9,40","","68,00","","16,00","","21,00","","25,00","","92,76","","","","-11,00","","Généralement dégagé"
"1974-11-22 17:00","1974","11","22","17:00"," ","-6,10","","-10,60","","72,00","","16,00","","18,00","","25,00","","92,74","","","","-13,00","","Généralement dégagé"
"1974-11-22 18:00","1974","11","22","18:00"," ","-9,40","","-12,20","","80,00","","16,00","","19,00","","25,00","","92,71","","","","-17,00","","Généralement dégagé"
"1974-11-22 19:00","1974","11","22","19:00"," ","-9,40","","-12,20","","81,00","","16,00","","18,00","","25,00","","92,70","","","","-17,00","","Dégagé"
"1974-11-22 20:00","1974","11","22","20:00"," ","-8,90","","-11,70","","80,00","","16,00","","21,00","","25,00","","92,68","","","","-17,00","","Généralement nuageux"
"1974-11-22 21:00","1974","11","22","21:00"," ","-11,10","","-12,80","","85,00","","17,00","","13,00","","25,00","","92,71","","","","-18,00","","Généralement dégagé"
"1974-11-22 22:00","1974","11","22","22:00"," ","-12,20","","-14,40","","85,00","","16,00","","8,00","","25,00","","92,72","","","","-17,00","","Généralement nuageux"
"1974-11-22 23:00","1974","11","22","23:00"," ","-10,60","","-12,20","","85,00","","18,00","","10,00","","25,00","","92,75","","","","-16,00","","Généralement nuageux"
"1974-11-23 00:00","1974","11","23","00:00"," ","-10,00","","-11,70","","87,00","","19,00","","13,00","","25,00","","92,76","","","","-16,00","","Généralement nuageux"
"1974-11-23 01:00","1974","11","23","01:00"," ","-9,40","","-11,70","","82,00","","22,00","","10,00","","24,10","","92,79","","","","-15,00","","Généralement nuageux"
"1974-11-23 02:00","1974","11","23","02:00"," ","-8,90","","-11,10","","84,00","","23,00","","8,00","","24,10","","92,83","","","","-13,00","","Généralement nuageux"
"1974-11-23 03:00","1974","11","23","03:00"," ","-9,40","","-12,20","","80,00","","24,00","","8,00","","25,00","","92,88","","","","-14,00","","Généralement dégagé"
"1974-11-23 04:00","1974","11","23","04:00"," ","-10,00","","-12,80","","81,00","","26,00","","11,00","","25,00","","92,94","","","","-16,00","","Généralement dégagé"
"1974-11-23 05:00","1974","11","23","05:00"," ","-9,40","","-12,20","","80,00","","27,00","","14,00","","25,00","","93,00","","","","-16,00","","Généralement dégagé"
"1974-11-23 06:00","1974","11","23","06:00"," ","-11,10","","-13,90","","81,00","","29,00","","5,00","","25,00","","93,08","","","","-14,00","","Dégagé"
"1974-11-23 07:00","1974","11","23","07:00"," ","-12,20","","-13,90","","85,00","","26,00","","5,00","","25,00","","93,14","","","","-15,00","","Dégagé"
"1974-11-23 08:00","1974","11","23","08:00"," ","-12,20","","-14,40","","85,00","","28,00","","5,00","","25,00","","93,22","","","","-15,00","","Généralement dégagé"
"1974-11-23 09:00","1974","11","23","09:00"," ","-12,80","","-15,00","","85,00","","20,00","","5,00","","25,00","","93,27","","","","-16,00","","Généralement dégagé"
"1974-11-23 10:00","1974","11","23","10:00"," ","-8,30","","-10,60","","83,00","","22,00","","8,00","","25,00","","93,32","","","","-12,00","","Généralement dégagé"
"1974-11-23 11:00","1974","11","23","11:00"," ","-5,60","","-8,90","","77,00","","23,00","","10,00","","25,00","","93,36","","","","-10,00","","Généralement dégagé"
"1974-11-23 12:00","1974","11","23","12:00"," ","-2,20","","-8,30","","63,00","","27,00","","6,00","","25,00","","93,37","","","","-5,00","","Généralement dégagé"
"1974-11-23 13:00","1974","11","23","13:00"," ","-0,60","","-7,80","","57,00","","21,00","","6,00","","25,00","","93,35","","","","-3,00","","Généralement dégagé"
"1974-11-23 14:00","1974","11","23","14:00"," ","1,10","","-7,80","","53,00","","22,00","","16,00","","25,00","","93,35","","","","","","Généralement dégagé"
"1974-11-23 15:00","1974","11","23","15:00"," ","1,10","","-7,20","","53,00","","27,00","","6,00","","25,00","","93,37","","","","","","Généralement dégagé"
"1974-11-23 16:00","1974","11","23","16:00"," ","-1,10","","-7,80","","59,00","","14,00","","6,00","","25,00","","93,41","","","","-3,00","","Généralement nuageux"
"1974-11-23 17:00","1974","11","23","17:00"," ","-7,80","","-11,10","","75,00","","14,00","","14,00","","25,00","","93,43","","","","-14,00","","Généralement dégagé"
"1974-11-23 18:00","1974","11","23","18:00"," ","-7,20","","-10,60","","75,00","","16,00","","11,00","","25,00","","93,45","","","","-12,00","","Généralement dégagé"
"1974-11-23 19:00","1974","11","23","19:00"," ","-5,00","","-10,00","","68,00","","16,00","","10,00","","25,00","","93,44","","","","-9,00","","Généralement dégagé"
"1974-11-23 20:00","1974","11","23","20:00"," ","-6,70","","-11,10","","70,00","","17,00","","11,00","","25,00","","93,45","","","","-12,00","","Généralement dégagé"
"1974-11-23 21:00","1974","11","23","21:00"," ","-6,70","","-11,10","","72,00","","17,00","","16,00","","25,00","","93,45","","","","-13,00","","Généralement nuageux"
"1974-11-23 22:00","1974","11","23","22:00"," ","-6,70","","-11,10","","71,00","","16,00","","18,00","","25,00","","93,45","","","","-13,00","","Généralement nuageux"
"1974-11-23 23:00","1974","11","23","23:00"," ","-8,30","","-11,70","","75,00","","15,00","","18,00","","25,00","","93,46","","","","-15,00","","Généralement nuageux"
"1974-11-24 00:00","1974","11","24","00:00"," ","-7,80","","-11,70","","73,00","","15,00","","16,00","","25,00","","93,43","","","","-14,00","","Généralement nuageux"
"1974-11-24 01:00","1974","11","24","01:00"," ","-8,30","","-11,70","","78,00","","14,00","","16,00","","25,00","","93,41","","","","-15,00","","Généralement nuageux"
"1974-11-24 02:00","1974","11","24","02:00"," ","-6,70","","-10,60","","75,00","","15,00","","24,00","","25,00","","93,40","","","","-14,00","","Généralement nuageux"
"1974-11-24 03:00","1974","11","24","03:00"," ","-6,70","","-10,60","","76,00","","14,00","","21,00","","25,00","","93,38","","","","-14,00","","Nuageux"
"1974-11-24 04:00","1974","11","24","04:00"," ","-6,10","","-10,00","","74,00","","15,00","","21,00","","25,00","","93,31","","","","-13,00","","Généralement nuageux"
"1974-11-24 05:00","1974","11","24","05:00"," ","-5,60","","-9,40","","73,00","","15,00","","23,00","","25,00","","93,26","","","","-13,00","","Nuageux"
"1974-11-24 06:00","1974","11","24","06:00"," ","-5,00","","-9,40","","72,00","","14,00","","23,00","","25,00","","93,16","","","","-12,00","","Nuageux"
"1974-11-24 07:00","1974","11","24","07:00"," ","-5,00","","-8,90","","73,00","","15,00","","26,00","","25,00","","93,07","","","","-12,00","","Nuageux"
"1974-11-24 08:00","1974","11","24","08:00"," ","-5,00","","-8,90","","74,00","","15,00","","23,00","","25,00","","93,00","","","","-12,00","","Nuageux"
"1974-11-24 09:00","1974","11","24","09:00"," ","-3,90","","-8,30","","72,00","","15,00","","23,00","","25,00","","92,90","","","","-11,00","","Nuageux"
"1974-11-24 10:00","1974","11","24","10:00"," ","-2,80","","-7,80","","70,00","","16,00","","23,00","","25,00","","92,84","","","","-9,00","","Nuageux"
"1974-11-24 11:00","1974","11","24","11:00"," ","-1,70","","-6,70","","70,00","","16,00","","21,00","","25,00","","92,74","","","","-8,00","","Généralement nuageux"
"1974-11-24 12:00","1974","11","24","12:00"," ","-0,60","","-5,60","","67,00","","15,00","","26,00","","25,00","","92,57","","","","-7,00","","Généralement nuageux"
"1974-11-24 13:00","1974","11","24","13:00"," ","1,10","","-4,40","","67,00","","14,00","","31,00","","25,00","","92,40","","","","","","Généralement nuageux"
"1974-11-24 14:00","1974","11","24","14:00"," ","0,60","","-3,90","","71,00","","14,00","","32,00","","25,00","","92,25","","","","","","Généralement nuageux"
"1974-11-24 15:00","1974","11","24","15:00"," ","1,10","","-3,30","","72,00","","14,00","","29,00","","25,00","","92,13","","","","","","Généralement nuageux"
"1974-11-24 16:00","1974","11","24","16:00"," ","0,60","","-3,30","","78,00","","14,00","","29,00","","25,00","","92,02","","","","","","Généralement nuageux"
"1974-11-24 17:00","1974","11","24","17:00"," ","0,60","","-3,30","","78,00","","13,00","","10,00","","25,00","","91,89","","","","","","Nuageux"
"1974-11-24 18:00","1974","11","24","18:00"," ","-1,10","","-3,90","","81,00","","13,00","","23,00","","25,00","","91,79","","","","-7,00","","Généralement nuageux"
"1974-11-24 19:00","1974","11","24","19:00"," ","-0,60","","-3,30","","81,00","","13,00","","18,00","","25,00","","91,71","","","","-6,00","","Nuageux"
"1974-11-24 20:00","1974","11","24","20:00"," ","-1,70","","-3,30","","85,00","","13,00","","23,00","","25,00","","91,56","","","","-8,00","","Nuageux"
"1974-11-24 21:00","1974","11","24","21:00"," ","-2,20","","-3,90","","88,00","","11,00","","13,00","","25,00","","91,49","","","","-7,00","","Nuageux"
"1974-11-24 22:00","1974","11","24","22:00"," ","-2,20","","-3,90","","89,00","","12,00","","19,00","","25,00","","91,31","","","","-8,00","","Nuageux"
"1974-11-24 23:00","1974","11","24","23:00"," ","-1,70","","-3,30","","88,00","","13,00","","19,00","","25,00","","91,22","","","","-7,00","","Généralement nuageux"
"1974-11-25 00:00","1974","11","25","00:00"," ","-1,70","","-3,30","","87,00","","12,00","","18,00","","25,00","","91,15","","","","-7,00","","Nuageux"
"1974-11-25 01:00","1974","11","25","01:00"," ","-1,70","","-3,90","","87,00","","15,00","","14,00","","25,00","","91,05","","","","-6,00","","Nuageux"
"1974-11-25 02:00","1974","11","25","02:00"," ","-3,30","","-5,00","","90,00","","12,00","","16,00","","25,00","","91,00","","","","-9,00","","Nuageux"
"1974-11-25 03:00","1974","11","25","03:00"," ","-3,90","","-5,60","","89,00","","13,00","","11,00","","25,00","","90,96","","","","-8,00","","Nuageux"
"1974-11-25 04:00","1974","11","25","04:00"," ","-5,00","","-6,70","","88,00","","6,00","","8,00","","25,00","","90,92","","","","-9,00","","Nuageux"
"1974-11-25 05:00","1974","11","25","05:00"," ","-5,60","","-7,20","","89,00","","26,00","","3,00","","25,00","","90,92","","","","-7,00","","Nuageux"
"1974-11-25 06:00","1974","11","25","06:00"," ","-5,00","","-6,10","","91,00","","32,00","","14,00","","25,00","","90,94","","","","-10,00","","Nuageux"
"1974-11-25 07:00","1974","11","25","07:00"," ","-5,00","","-6,10","","91,00","","28,00","","18,00","","25,00","","91,03","","","","-11,00","","Nuageux"
"1974-11-25 08:00","1974","11","25","08:00"," ","-5,60","","-7,20","","88,00","","31,00","","13,00","","25,00","","91,18","","","","-11,00","","Généralement nuageux"
"1974-11-25 09:00","1974","11","25","09:00"," ","-1,10","","-3,90","","83,00","","31,00","","24,00","","25,00","","91,37","","","","-7,00","","Généralement nuageux"
"1974-11-25 10:00","1974","11","25","10:00"," ","0,00","","-3,30","","79,00","","31,00","","26,00","","25,00","","91,51","","","","-6,00","","Nuageux"
"1974-11-25 11:00","1974","11","25","11:00"," ","1,10","","-3,30","","72,00","","31,00","","32,00","","19,30","","91,64","","","","","","Averses de neige"
"1974-11-25 12:00","1974","11","25","12:00"," ","2,20","","-5,60","","57,00","","31,00","","32,00","","25,00","","91,69","","","","","","Généralement nuageux"
"1974-11-25 13:00","1974","11","25","13:00"," ","1,70","","-5,60","","59,00","","30,00","","32,00","","25,00","","91,76","","","","","","Généralement nuageux"
"1974-11-25 14:00","1974","11","25","14:00"," ","2,20","","-7,80","","47,00","","30,00","","35,00","","25,00","","91,79","","","","","","Généralement dégagé"
"1974-11-25 15:00","1974","11","25","15:00"," ","2,80","","-10,00","","38,00","","29,00","","48,00","","25,00","","91,90","","","","","","Généralement dégagé"
"1974-11-25 16:00","1974","11","25","16:00"," ","2,20","","-9,40","","42,00","","30,00","","35,00","","25,00","","92,08","","","","","","Généralement nuageux"
"1974-11-25 17:00","1974","11","25","17:00"," ","1,10","","-7,80","","51,00","","30,00","","27,00","","25,00","","92,23","","","","","","Généralement nuageux"
"1974-11-25 18:00","1974","11","25","18:00"," ","0,00","","-8,30","","54,00","","29,00","","26,00","","25,00","","92,37","","","","-6,00","","Généralement nuageux"
"1974-11-25 19:00","1974","11","25","19:00"," ","0,00","","-8,90","","53,00","","30,00","","26,00","","25,00","","92,48","","","","-6,00","","Généralement nuageux"
"1974-11-25 20:00","1974","11","25","20:00"," ","0,00","","-9,40","","49,00","","29,00","","29,00","","25,00","","92,58","","","","-6,00","","Nuageux"
"1974-11-25 21:00","1974","11","25","21:00"," ","-0,60","","-8,90","","55,00","","28,00","","23,00","","25,00","","92,67","","","","-6,00","","Généralement nuageux"
"1974-11-25 22:00","1974","11","25","22:00"," ","-1,70","","-10,00","","52,00","","28,00","","26,00","","25,00","","92,78","","","","-8,00","","Généralement nuageux"
"1974-11-25 23:00","1974","11","25","23:00"," ","-1,10","","-10,00","","51,00","","28,00","","27,00","","25,00","","92,88","","","","-8,00","","Généralement nuageux"
"1974-11-26 00:00","1974","11","26","00:00"," ","-3,30","","-10,60","","55,00","","28,00","","27,00","","25,00","","92,95","","","","-10,00","","Généralement dégagé"
"1974-11-26 01:00","1974","11","26","01:00"," ","-2,80","","-11,10","","54,00","","28,00","","24,00","","25,00","","93,05","","","","-9,00","","Dégagé"
"1974-11-26 02:00","1974","11","26","02:00"," ","-3,90","","-11,10","","57,00","","28,00","","26,00","","25,00","","93,10","","","","-11,00","","Généralement dégagé"
"1974-11-26 03:00","1974","11","26","03:00"," ","-3,90","","-11,10","","58,00","","28,00","","26,00","","25,00","","93,16","","","","-11,00","","Généralement dégagé"
"1974-11-26 04:00","1974","11","26","04:00"," ","-4,40","","-11,10","","60,00","","28,00","","27,00","","25,00","","93,21","","","","-12,00","","Dégagé"
"1974-11-26 05:00","1974","11","26","05:00"," ","-5,00","","-11,10","","61,00","","28,00","","24,00","","25,00","","93,32","","","","-12,00","","Dégagé"
"1974-11-26 06:00","1974","11","26","06:00"," ","-5,60","","-11,70","","61,00","","28,00","","21,00","","25,00","","93,31","","","","-12,00","","Dégagé"
"1974-11-26 07:00","1974","11","26","07:00"," ","-6,70","","-12,20","","63,00","","27,00","","23,00","","25,00","","93,34","","","","-14,00","","Dégagé"
"1974-11-26 08:00","1974","11","26","08:00"," ","-7,20","","-13,30","","64,00","","26,00","","23,00","","25,00","","93,40","","","","-15,00","","Généralement dégagé"
"1974-11-26 09:00","1974","11","26","09:00"," ","-6,70","","-12,20","","65,00","","26,00","","23,00","","25,00","","93,44","","","","-14,00","","Généralement dégagé"
"1974-11-26 10:00","1974","11","26","10:00"," ","-5,00","","-11,10","","60,00","","26,00","","26,00","","25,00","","93,50","","","","-12,00","","Généralement dégagé"
"1974-11-26 11:00","1974","11","26","11:00"," ","-2,80","","-10,60","","54,00","","27,00","","26,00","","25,00","","93,55","","","","-10,00","","Généralement dégagé"
"1974-11-26 12:00","1974","11","26","12:00"," ","-1,10","","-10,00","","51,00","","28,00","","26,00","","25,00","","93,51","","","","-7,00","","Généralement dégagé"
"1974-11-26 13:00","1974","11","26","13:00"," ","-0,60","","-10,00","","48,00","","29,00","","27,00","","25,00","","93,55","","","","-7,00","","Généralement nuageux"
"1974-11-26 14:00","1974","11","26","14:00"," ","0,60","","-8,90","","48,00","","28,00","","29,00","","25,00","","93,56","","","","","","Généralement nuageux"
"1974-11-26 15:00","1974","11","26","15:00"," ","0,00","","-9,40","","48,00","","27,00","","23,00","","25,00","","93,55","","","","-6,00","","Généralement nuageux"
"1974-11-26 16:00","1974","11","26","16:00"," ","-2,80","","-11,10","","53,00","","26,00","","18,00","","25,00","","93,56","","","","-8,00","","Généralement nuageux"
"1974-11-26 17:00","1974","11","26","17:00"," ","-3,90","","-11,70","","54,00","","24,00","","11,00","","25,00","","93,57","","","","-8,00","","Généralement nuageux"
"1974-11-26 18:00","1974","11","26","18:00"," ","-5,60","","-12,80","","57,00","","23,00","","13,00","","25,00","","93,56","","","","-11,00","","Généralement nuageux"
"1974-11-26 19:00","1974","11","26","19:00"," ","-6,70","","-12,80","","61,00","","24,00","","16,00","","25,00","","93,54","","","","-13,00","","Généralement nuageux"
"1974-11-26 20:00","1974","11","26","20:00"," ","-7,80","","-13,30","","65,00","","20,00","","10,00","","25,00","","93,49","","","","-13,00","","Généralement nuageux"
"1974-11-26 21:00","1974","11","26","21:00"," ","-8,30","","-13,30","","67,00","","21,00","","10,00","","25,00","","93,48","","","","-13,00","","Généralement nuageux"
"1974-11-26 22:00","1974","11","26","22:00"," ","-8,90","","-13,30","","69,00","","17,00","","11,00","","25,00","","93,46","","","","-14,00","","Généralement nuageux"
"1974-11-26 23:00","1974","11","26","23:00"," ","-8,30","","-13,30","","68,00","","20,00","","13,00","","25,00","","93,42","","","","-14,00","","Généralement nuageux"
"1974-11-27 00:00","1974","11","27","00:00"," ","-7,80","","-12,80","","69,00","","18,00","","10,00","","25,00","","93,40","","","","-13,00","","Généralement nuageux"
"1974-11-27 01:00","1974","11","27","01:00"," ","-6,70","","-11,70","","68,00","","16,00","","10,00","","25,00","","93,37","","","","-11,00","","Généralement nuageux"
"1974-11-27 02:00","1974","11","27","02:00"," ","-7,80","","-11,70","","74,00","","12,00","","8,00","","25,00","","93,34","","","","-12,00","","Généralement nuageux"
"1974-11-27 03:00","1974","11","27","03:00"," ","-10,60","","-13,30","","80,00","","16,00","","6,00","","25,00","","93,35","","","","-14,00","","Généralement nuageux"
"1974-11-27 04:00","1974","11","27","04:00"," ","-10,00","","-12,80","","78,00","","12,00","","13,00","","25,00","","93,34","","","","-16,00","","Généralement nuageux"
"1974-11-27 05:00","1974","11","27","05:00"," ","-9,40","","-12,20","","80,00","","12,00","","11,00","","25,00","","93,33","","","","-15,00","","Généralement nuageux"
"1974-11-27 06:00","1974","11","27","06:00"," ","-8,90","","-12,80","","76,00","","11,00","","11,00","","25,00","","93,32","","","","-14,00","","Généralement nuageux"
"1974-11-27 07:00","1974","11","27","07:00"," ","-7,20","","-11,10","","75,00","","17,00","","8,00","","25,00","","93,39","","","","-11,00","","Nuageux"
"1974-11-27 08:00","1974","11","27","08:00"," ","-6,10","","-10,60","","72,00","","11,00","","14,00","","25,00","","93,38","","","","-12,00","","Généralement nuageux"
"1974-11-27 09:00","1974","11","27","09:00"," ","-5,00","","-10,00","","67,00","","15,00","","11,00","","25,00","","93,42","","","","-10,00","","Généralement nuageux"
"1974-11-27 10:00","1974","11","27","10:00"," ","-2,80","","-9,40","","60,00","","16,00","","13,00","","25,00","","93,47","","","","-7,00","","Généralement nuageux"
"1974-11-27 11:00","1974","11","27","11:00"," ","-1,10","","-8,30","","58,00","","17,00","","18,00","","25,00","","93,51","","","","-6,00","","Généralement nuageux"
"1974-11-27 12:00","1974","11","27","12:00"," ","0,60","","-8,30","","53,00","","16,00","","13,00","","25,00","","93,53","","","","","","Généralement nuageux"
"1974-11-27 13:00","1974","11","27","13:00"," ","1,10","","-7,80","","52,00","","16,00","","11,00","","25,00","","93,57","","","","","","Généralement nuageux"
"1974-11-27 14:00","1974","11","27","14:00"," ","1,70","","-7,20","","51,00","","13,00","","13,00","","25,00","","93,60","","","","","","Généralement dégagé"
"1974-11-27 15:00","1974","11","27","15:00"," ","2,20","","-7,80","","49,00","","12,00","","10,00","","25,00","","93,64","","","","","","Généralement dégagé"
"1974-11-27 16:00","1974","11","27","16:00"," ","-1,10","","-8,30","","58,00","","15,00","","13,00","","25,00","","93,65","","","","-5,00","","Généralement dégagé"
"1974-11-27 17:00","1974","11","27","17:00"," ","-5,60","","-10,00","","71,00","","14,00","","16,00","","25,00","","93,69","","","","-12,00","","Généralement dégagé"
"1974-11-27 18:00","1974","11","27","18:00"," ","-6,10","","-9,40","","76,00","","19,00","","6,00","","25,00","","93,76","","","","-9,00","","Dégagé"
"1974-11-27 19:00","1974","11","27","19:00"," ","-9,40","","-11,70","","82,00","","14,00","","5,00","","25,00","","93,82","","","","-12,00","","Dégagé"
"1974-11-27 20:00","1974","11","27","20:00"," ","-10,00","","-12,80","","79,00","","18,00","","6,00","","25,00","","93,84","","","","-14,00","","Dégagé"
"1974-11-27 21:00","1974","11","27","21:00"," ","-10,60","","-12,80","","83,00","","17,00","","11,00","","25,00","","93,88","","","","-16,00","","Dégagé"
"1974-11-27 22:00","1974","11","27","22:00"," ","-10,60","","-13,30","","82,00","","18,00","","14,00","","25,00","","93,91","","","","-17,00","","Dégagé"
"1974-11-27 23:00","1974","11","27","23:00"," ","-11,70","","-13,30","","85,00","","17,00","","10,00","","25,00","","93,97","","","","-17,00","","Dégagé"
"1974-11-28 00:00","1974","11","28","00:00"," ","-10,60","","-13,30","","83,00","","18,00","","11,00","","25,00","","93,98","","","","-16,00","","Dégagé"
"1974-11-28 01:00","1974","11","28","01:00"," ","-11,10","","-13,30","","82,00","","18,00","","13,00","","25,00","","94,00","","","","-18,00","","Dégagé"
"1974-11-28 02:00","1974","11","28","02:00"," ","-12,20","","-14,40","","83,00","","19,00","","8,00","","25,00","","94,04","","","","-17,00","","Dégagé"
"1974-11-28 03:00","1974","11","28","03:00"," ","-12,20","","-15,00","","82,00","","17,00","","10,00","","25,00","","94,05","","","","-18,00","","Généralement dégagé"
"1974-11-28 04:00","1974","11","28","04:00"," ","-11,70","","-13,90","","81,00","","18,00","","16,00","","25,00","","94,06","","","","-19,00","","Généralement dégagé"
"1974-11-28 05:00","1974","11","28","05:00"," ","-10,60","","-13,90","","76,00","","18,00","","14,00","","25,00","","94,04","","","","-17,00","","Généralement dégagé"
"1974-11-28 06:00","1974","11","28","06:00"," ","-11,10","","-13,90","","81,00","","20,00","","8,00","","25,00","","94,04","","","","-16,00","","Généralement dégagé"
"1974-11-28 07:00","1974","11","28","07:00"," ","-12,20","","-14,40","","81,00","","17,00","","10,00","","25,00","","94,02","","","","-18,00","","Généralement dégagé"
"1974-11-28 08:00","1974","11","28","08:00"," ","-12,80","","-15,00","","81,00","","19,00","","6,00","","25,00","","94,04","","","","-17,00","","Généralement dégagé"
"1974-11-28 09:00","1974","11","28","09:00"," ","-11,70","","-14,40","","81,00","","16,00","","10,00","","24,10","","94,00","","","","-17,00","","Généralement dégagé"
"1974-11-28 10:00","1974","11","28","10:00"," ","-8,30","","-11,70","","75,00","","17,00","","8,00","","24,10","","93,98","","","","-12,00","","Généralement nuageux"
"1974-11-28 11:00","1974","11","28","11:00"," ","-5,00","","-10,00","","70,00","","15,00","","8,00","","25,00","","93,99","","","","-9,00","","Généralement dégagé"
"1974-11-28 12:00","1974","11","28","12:00"," ","-1,70","","-7,20","","66,00","","12,00","","10,00","","25,00","","93,92","","","","-5,00","","Généralement nuageux"
"1974-11-28 13:00","1974","11","28","13:00"," ","0,00","","-6,70","","61,00","","15,00","","11,00","","25,00","","93,88","","","","-4,00","","Généralement dégagé"
"1974-11-28 14:00","1974","11","28","14:00"," ","0,60","","-6,10","","60,00","","13,00","","10,00","","25,00","","93,82","","","","","","Généralement dégagé"
"1974-11-28 15:00","1974","11","28","15:00"," ","0,60","","-6,70","","57,00","","13,00","","14,00","","25,00","","93,85","","","","","","Généralement dégagé"
"1974-11-28 16:00","1974","11","28","16:00"," ","-2,80","","-8,30","","65,00","","13,00","","16,00","","25,00","","93,84","","","","-8,00","","Généralement dégagé"
"1974-11-28 17:00","1974","11","28","17:00"," ","-3,30","","-8,30","","67,00","","13,00","","21,00","","24,10","","93,79","","","","-10,00","","Généralement dégagé"
"1974-11-28 18:00","1974","11","28","18:00"," ","-3,90","","-8,90","","70,00","","16,00","","19,00","","25,00","","93,78","","","","-10,00","","Généralement dégagé"
"1974-11-28 19:00","1974","11","28","19:00"," ","-5,60","","-10,00","","73,00","","16,00","","5,00","","25,00","","93,75","","","","-8,00","","Dégagé"
"1974-11-28 20:00","1974","11","28","20:00"," ","-6,10","","-9,40","","75,00","","16,00","","11,00","","25,00","","93,73","","","","-11,00","","Dégagé"
"1974-11-28 21:00","1974","11","28","21:00"," ","-6,10","","-9,40","","76,00","","15,00","","19,00","","25,00","","93,71","","","","-13,00","","Dégagé"
"1974-11-28 22:00","1974","11","28","22:00"," ","-4,40","","-8,90","","71,00","","18,00","","19,00","","25,00","","93,71","","","","-11,00","","Dégagé"
"1974-11-28 23:00","1974","11","28","23:00"," ","-5,00","","-8,90","","74,00","","17,00","","18,00","","25,00","","93,70","","","","-11,00","","Dégagé"
"1974-11-29 00:00","1974","11","29","00:00"," ","-6,10","","-9,40","","76,00","","16,00","","19,00","","25,00","","93,67","","","","-13,00","","Dégagé"
"1974-11-29 01:00","1974","11","29","01:00"," ","-7,20","","-10,00","","80,00","","14,00","","19,00","","25,00","","93,62","","","","-14,00","","Dégagé"
"1974-11-29 02:00","1974","11","29","02:00"," ","-7,20","","-10,00","","80,00","","17,00","","18,00","","25,00","","93,63","","","","-14,00","","Dégagé"
"1974-11-29 03:00","1974","11","29","03:00"," ","-8,90","","-10,60","","85,00","","15,00","","19,00","","25,00","","93,62","","","","-16,00","","Dégagé"
"1974-11-29 04:00","1974","11","29","04:00"," ","-7,20","","-9,40","","81,00","","16,00","","19,00","","25,00","","93,60","","","","-14,00","","Dégagé"
"1974-11-29 05:00","1974","11","29","05:00"," ","-7,20","","-10,00","","80,00","","17,00","","26,00","","25,00","","93,52","","","","-15,00","","Dégagé"
"1974-11-29 06:00","1974","11","29","06:00"," ","-8,30","","-10,60","","82,00","","17,00","","19,00","","25,00","","93,53","","","","-16,00","","Généralement dégagé"
"1974-11-29 07:00","1974","11","29","07:00"," ","-8,90","","-11,10","","82,00","","17,00","","19,00","","25,00","","93,50","","","","-16,00","","Généralement dégagé"
"1974-11-29 08:00","1974","11","29","08:00"," ","-8,90","","-11,10","","81,00","","18,00","","24,00","","25,00","","93,43","","","","-17,00","","Généralement dégagé"
"1974-11-29 09:00","1974","11","29","09:00"," ","-8,90","","-11,70","","82,00","","17,00","","23,00","","25,00","","93,45","","","","-17,00","","Généralement nuageux"
"1974-11-29 10:00","1974","11","29","10:00"," ","-6,70","","-9,40","","78,00","","19,00","","21,00","","25,00","","93,51","","","","-14,00","","Généralement nuageux"
"1974-11-29 11:00","1974","11","29","11:00"," ","-4,40","","-8,30","","74,00","","18,00","","21,00","","25,00","","93,49","","","","-11,00","","Nuageux"
"1974-11-29 12:00","1974","11","29","12:00"," ","-1,10","","-6,70","","67,00","","18,00","","19,00","","25,00","","93,47","","","","-6,00","","Nuageux"
"1974-11-29 13:00","1974","11","29","13:00"," ","0,00","","-6,10","","63,00","","19,00","","19,00","","25,00","","93,43","","","","-5,00","","Généralement nuageux"
"1974-11-29 14:00","1974","11","29","14:00"," ","1,10","","-5,60","","61,00","","19,00","","19,00","","25,00","","93,38","","","","","","Nuageux"
"1974-11-29 15:00","1974","11","29","15:00"," ","-0,60","","-6,10","","66,00","","17,00","","19,00","","25,00","","93,38","","","","-6,00","","Nuageux"
"1974-11-29 16:00","1974","11","29","16:00"," ","-1,10","","-6,70","","65,00","","15,00","","16,00","","24,10","","93,36","","","","-6,00","","Nuageux"
"1974-11-29 17:00","1974","11","29","17:00"," ","-1,70","","-7,20","","66,00","","15,00","","16,00","","25,00","","93,31","","","","-7,00","","Généralement nuageux"
"1974-11-29 18:00","1974","11","29","18:00"," ","-3,30","","-7,80","","72,00","","14,00","","18,00","","25,00","","93,31","","","","-9,00","","Généralement dégagé"
"1974-11-29 19:00","1974","11","29","19:00"," ","-4,40","","-7,80","","75,00","","17,00","","16,00","","25,00","","93,28","","","","-10,00","","Généralement dégagé"
"1974-11-29 20:00","1974","11","29","20:00"," ","-4,40","","-7,80","","76,00","","18,00","","16,00","","25,00","","93,26","","","","-10,00","","Généralement dégagé"
"1974-11-29 21:00","1974","11","29","21:00"," ","-5,60","","-8,30","","81,00","","17,00","","16,00","","25,00","","93,23","","","","-12,00","","Généralement dégagé"
"1974-11-29 22:00","1974","11","29","22:00"," ","-6,10","","-8,90","","81,00","","16,00","","23,00","","25,00","","93,18","","","","-13,00","","Dégagé"
"1974-11-29 23:00","1974","11","29","23:00"," ","-6,10","","-8,90","","81,00","","18,00","","23,00","","25,00","","93,16","","","","-13,00","","Dégagé"
"1974-11-30 00:00","1974","11","30","00:00"," ","-7,20","","-10,00","","82,00","","16,00","","16,00","","25,00","","93,16","","","","-14,00","","Généralement dégagé"
"1974-11-30 01:00","1974","11","30","01:00"," ","-8,30","","-10,60","","85,00","","17,00","","18,00","","25,00","","93,06","","","","-15,00","","Généralement dégagé"
"1974-11-30 02:00","1974","11","30","02:00"," ","-8,30","","-10,60","","86,00","","17,00","","16,00","","25,00","","93,03","","","","-15,00","","Généralement dégagé"
"1974-11-30 03:00","1974","11","30","03:00"," ","-10,60","","-12,20","","87,00","","16,00","","21,00","","25,00","","92,98","","","","-19,00","","Généralement dégagé"
"1974-11-30 04:00","1974","11","30","04:00"," ","-11,70","","-13,90","","85,00","","15,00","","19,00","","25,00","","92,93","","","","-20,00","","Généralement nuageux"
"1974-11-30 05:00","1974","11","30","05:00"," ","-10,60","","-12,20","","86,00","","15,00","","19,00","","25,00","","92,86","","","","-18,00","","Généralement nuageux"
"1974-11-30 06:00","1974","11","30","06:00"," ","-11,10","","-12,80","","85,00","","13,00","","18,00","","25,00","","92,80","","","","-19,00","","Généralement nuageux"
"1974-11-30 07:00","1974","11","30","07:00"," ","-11,10","","-12,80","","86,00","","17,00","","21,00","","25,00","","92,75","","","","-19,00","","Nuageux"
"1974-11-30 08:00","1974","11","30","08:00"," ","-10,00","","-11,70","","87,00","","19,00","","10,00","","25,00","","92,70","","","","-15,00","","Généralement nuageux"
"1974-11-30 09:00","1974","11","30","09:00"," ","-10,00","","-12,20","","85,00","","16,00","","8,00","","25,00","","92,67","","","","-14,00","","Généralement nuageux"
"1974-11-30 10:00","1974","11","30","10:00"," ","-7,80","","-10,00","","85,00","","17,00","","11,00","","25,00","","92,63","","","","-13,00","","Nuageux"
"1974-11-30 11:00","1974","11","30","11:00"," ","-6,70","","-8,90","","84,00","","21,00","","8,00","","24,10","","92,63","","","","-11,00","","Nuageux"
"1974-11-30 12:00","1974","11","30","12:00"," ","-6,10","","-8,30","","82,00","","0,00","","0,00","","19,30","","92,55","","","","","","Nuageux"
"1974-11-30 13:00","1974","11","30","13:00"," ","-5,00","","-7,80","","81,00","","29,00","","13,00","","9,70","","92,53","","","","-10,00","","Fumée"
"1974-11-30 14:00","1974","11","30","14:00"," ","-5,60","","-7,80","","82,00","","29,00","","10,00","","9,70","","92,53","","","","-10,00","","Fumée"
"1974-11-30 15:00","1974","11","30","15:00"," ","-5,60","","-7,80","","84,00","","27,00","","14,00","","9,70","","92,53","","","","-11,00","","Fumée"
"1974-11-30 16:00","1974","11","30","16:00"," ","-5,60","","-7,80","","85,00","","29,00","","6,00","","16,10","","92,52","","","","-8,00","","Généralement nuageux"
"1974-11-30 17:00","1974","11","30","17:00"," ","-6,10","","-8,30","","85,00","","26,00","","10,00","","16,10","","92,58","","","","-11,00","","Généralement nuageux"
"1974-11-30 18:00","1974","11","30","18:00"," ","-6,70","","-8,90","","86,00","","21,00","","3,00","","19,30","","92,59","","","","-8,00","","Généralement nuageux"
"1974-11-30 19:00","1974","11","30","19:00"," ","-7,80","","-10,00","","83,00","","25,00","","10,00","","24,10","","92,63","","","","-13,00","","Généralement dégagé"
"1974-11-30 20:00","1974","11","30","20:00"," ","-6,10","","-8,30","","84,00","","29,00","","14,00","","24,10","","92,65","","","","-12,00","","Généralement dégagé"
"1974-11-30 21:00","1974","11","30","21:00"," ","-6,10","","-8,30","","85,00","","29,00","","5,00","","25,00","","92,70","","","","-9,00","","Généralement dégagé"
"1974-11-30 22:00","1974","11","30","22:00"," ","-5,00","","-7,80","","81,00","","26,00","","13,00","","25,00","","92,73","","","","-10,00","","Généralement dégagé"
"1974-11-30 23:00","1974","11","30","23:00"," ","-6,10","","-7,80","","90,00","","30,00","","26,00","","25,00","","92,78","","","","-14,00","","Généralement dégagé"
