"Nom de la Station","BURWASH A"
"Province","YUKON TERRITORY"
"Latitude","61,37"
"Longitude","-139,05"
"Altitude","806,20"
"Identification Climat","2100182"
"Identification OMM",""
"Identification TC","YDB"
"Toutes les heures sont exprimées en heure normale locale (HNL). Pour convertir l'heure locale en heure avancée de l'Est (HAE), ajoutez 1 heure s'il y a lieu."

"Légende"
"M","Données Manquantes"
"E","Valeur Estimée"
"ND","Non Disponible"
"**","Données fournies par un partenaire, non assujetties à un révision par les Archives climatiques nationales du Canada"

"Date/Heure","Année","Mois","Jour","Heure","Qualité des Données","Temp (°C)","Temp Indicateur","Point de rosée (°C)","Point de rosée Indicateur","Hum. rel (%)","Hum. rel. Indicateur","Dir. du vent (10s deg)","Dir. du vent Indicateur","Vit. du vent (km/h)","Vit. du vent Indicateur","Visibilité (km)","Visibilité Indicateur","Pression à la station (kPa)","Pression à la station Indicateur","Hmdx","Hmdx Indicateur","Refroid. éolien","Refroid. éolien Indicateur","Temps"
"1968-06-01 00:00","1968","06","01","00:00"," ","5,00","","-1,70","","63,00","","14,00","","16,00","","48,30","","90,74","","","","","","Généralement nuageux"
"1968-06-01 01:00","1968","06","01","01:00"," ","4,40","","-1,10","","67,00","","16,00","","19,00","","48,30","","90,67","","","","","","Généralement nuageux"
"1968-06-01 02:00","1968","06","01","02:00"," ","3,30","","-1,70","","70,00","","14,00","","19,00","","48,30","","90,64","","","","","","Généralement nuageux"
"1968-06-01 03:00","1968","06","01","03:00"," ","3,30","","-2,20","","67,00","","11,00","","13,00","","48,30","","90,62","","","","","","Généralement nuageux"
"1968-06-01 04:00","1968","06","01","04:00"," ","3,30","","-1,70","","70,00","","11,00","","24,00","","48,30","","90,59","","","","","","Généralement nuageux"
"1968-06-01 05:00","1968","06","01","05:00"," ","3,30","","-2,20","","67,00","","11,00","","10,00","","48,30","","90,57","","","","","","Généralement nuageux"
"1968-06-01 06:00","1968","06","01","06:00"," ","4,40","","-1,10","","67,00","","11,00","","10,00","","48,30","","90,52","","","","","","Généralement nuageux"
"1968-06-01 07:00","1968","06","01","07:00"," ","5,60","","-1,70","","60,00","","11,00","","19,00","","48,30","","90,50","","","","","","Généralement nuageux"
"1968-06-01 08:00","1968","06","01","08:00"," ","7,80","","-1,10","","52,00","","14,00","","23,00","","48,30","","90,46","","","","","","Nuageux"
"1968-06-01 09:00","1968","06","01","09:00"," ","9,40","","-1,10","","48,00","","14,00","","24,00","","48,30","","90,44","","","","","","Nuageux"
"1968-06-01 10:00","1968","06","01","10:00"," ","11,10","","-0,60","","44,00","","14,00","","19,00","","48,30","","90,41","","","","","","Nuageux"
"1968-06-01 11:00","1968","06","01","11:00"," ","10,00","","0,60","","53,00","","11,00","","24,00","","48,30","","90,42","","","","","","Nuageux"
"1968-06-01 12:00","1968","06","01","12:00"," ","10,00","","1,10","","54,00","","11,00","","24,00","","48,30","","90,42","","","","","","Nuageux"
"1968-06-01 13:00","1968","06","01","13:00"," ","10,60","","1,70","","53,00","","14,00","","19,00","","48,30","","90,42","","","","","","Nuageux"
"1968-06-01 14:00","1968","06","01","14:00"," ","11,10","","1,70","","51,00","","11,00","","19,00","","48,30","","90,39","","","","","","Généralement nuageux"
"1968-06-01 15:00","1968","06","01","15:00"," ","10,00","","3,30","","63,00","","11,00","","24,00","","48,30","","90,39","","","","","","Nuageux"
"1968-06-01 16:00","1968","06","01","16:00"," ","10,60","","2,20","","57,00","","11,00","","14,00","","48,30","","90,37","","","","","","Généralement nuageux"
"1968-06-01 17:00","1968","06","01","17:00"," ","11,10","","2,80","","56,00","","11,00","","14,00","","48,30","","90,33","","","","","","Généralement nuageux"
"1968-06-01 18:00","1968","06","01","18:00"," ","10,60","","2,20","","57,00","","14,00","","13,00","","48,30","","90,33","","","","","","Généralement nuageux"
"1968-06-01 19:00","1968","06","01","19:00"," ","10,60","","1,70","","55,00","","14,00","","13,00","","48,30","","90,33","","","","","","Généralement dégagé"
"1968-06-01 20:00","1968","06","01","20:00"," ","10,60","","2,20","","57,00","","16,00","","8,00","","48,30","","90,34","","","","","","Généralement dégagé"
"1968-06-01 21:00","1968","06","01","21:00"," ","10,00","","2,20","","59,00","","16,00","","13,00","","48,30","","90,38","","","","","","Généralement dégagé"
"1968-06-01 22:00","1968","06","01","22:00"," ","4,40","","1,10","","78,00","","0,00","","0,00","","48,30","","90,41","","","","","","Généralement dégagé"
"1968-06-01 23:00","1968","06","01","23:00"," ","1,70","","0,00","","87,00","","0,00","","0,00","","48,30","","90,46","","","","","","Généralement dégagé"
"1968-06-02 00:00","1968","06","02","00:00"," ","0,60","","-1,10","","89,00","","29,00","","11,00","","48,30","","90,47","","","","","","Généralement dégagé"
"1968-06-02 01:00","1968","06","02","01:00"," ","0,00","","-1,70","","89,00","","32,00","","6,00","","48,30","","90,50","","","","-2,00","","Généralement dégagé"
"1968-06-02 02:00","1968","06","02","02:00"," ","-0,60","","-1,70","","91,00","","27,00","","8,00","","48,30","","90,53","","","","-3,00","","Généralement dégagé"
"1968-06-02 03:00","1968","06","02","03:00"," ","1,10","","-0,60","","90,00","","29,00","","13,00","","48,30","","90,54","","","","","","Généralement nuageux"
"1968-06-02 04:00","1968","06","02","04:00"," ","2,80","","0,00","","83,00","","29,00","","10,00","","48,30","","90,56","","","","","","Généralement nuageux"
"1968-06-02 05:00","1968","06","02","05:00"," ","4,40","","2,20","","84,00","","27,00","","6,00","","48,30","","90,58","","","","","","Averses de pluie"
"1968-06-02 06:00","1968","06","02","06:00"," ","4,40","","3,30","","91,00","","32,00","","8,00","","16,10","","90,60","","","","","","Nuageux"
"1968-06-02 07:00","1968","06","02","07:00"," ","5,00","","3,90","","93,00","","27,00","","16,00","","12,90","","90,61","","","","","","Pluie"
"1968-06-02 08:00","1968","06","02","08:00"," ","4,40","","3,90","","95,00","","11,00","","11,00","","9,70","","90,69","","","","","","Pluie"
"1968-06-02 09:00","1968","06","02","09:00"," ","5,60","","5,00","","96,00","","9,00","","13,00","","24,10","","90,74","","","","","","Pluie"
"1968-06-02 10:00","1968","06","02","10:00"," ","7,20","","4,40","","82,00","","9,00","","8,00","","40,20","","90,74","","","","","","Nuageux"
"1968-06-02 11:00","1968","06","02","11:00"," ","8,30","","3,90","","75,00","","11,00","","6,00","","48,30","","90,73","","","","","","Nuageux"
"1968-06-02 12:00","1968","06","02","12:00"," ","10,00","","6,10","","76,00","","11,00","","26,00","","48,30","","90,69","","","","","","Généralement nuageux"
"1968-06-02 13:00","1968","06","02","13:00"," ","12,20","","5,00","","60,00","","11,00","","26,00","","48,30","","90,66","","","","","","Généralement nuageux"
"1968-06-02 14:00","1968","06","02","14:00"," ","12,80","","2,80","","51,00","","14,00","","24,00","","48,30","","90,64","","","","","","Généralement nuageux"
"1968-06-02 15:00","1968","06","02","15:00"," ","13,90","","2,80","","47,00","","14,00","","24,00","","48,30","","90,62","","","","","","Généralement nuageux"
"1968-06-02 16:00","1968","06","02","16:00"," ","13,30","","1,70","","46,00","","14,00","","32,00","","48,30","","90,64","","","","","","Généralement dégagé"
"1968-06-02 17:00","1968","06","02","17:00"," ","13,30","","1,70","","45,00","","14,00","","32,00","","48,30","","90,67","","","","","","Généralement dégagé"
"1968-06-02 18:00","1968","06","02","18:00"," ","12,80","","1,10","","45,00","","14,00","","29,00","","48,30","","90,68","","","","","","Généralement dégagé"
"1968-06-02 19:00","1968","06","02","19:00"," ","11,10","","2,20","","54,00","","11,00","","27,00","","48,30","","90,74","","","","","","Généralement dégagé"
"1968-06-02 20:00","1968","06","02","20:00"," ","10,60","","0,60","","50,00","","14,00","","23,00","","48,30","","90,84","","","","","","Généralement dégagé"
"1968-06-02 21:00","1968","06","02","21:00"," ","10,00","","2,20","","59,00","","0,00","","0,00","","48,30","","90,91","","","","","","Généralement dégagé"
"1968-06-02 22:00","1968","06","02","22:00"," ","7,80","","2,80","","71,00","","25,00","","13,00","","48,30","","91,00","","","","","","Généralement nuageux"
"1968-06-02 23:00","1968","06","02","23:00"," ","6,70","","2,80","","77,00","","16,00","","11,00","","48,30","","91,09","","","","","","Généralement dégagé"
"1968-06-03 00:00","1968","06","03","00:00"," ","2,80","","0,60","","85,00","","27,00","","8,00","","48,30","","91,13","","","","","","Généralement dégagé"
"1968-06-03 01:00","1968","06","03","01:00"," ","3,30","","0,60","","81,00","","0,00","","0,00","","48,30","","91,17","","","","","","Généralement dégagé"
"1968-06-03 02:00","1968","06","03","02:00"," ","6,10","","0,60","","67,00","","16,00","","13,00","","48,30","","91,20","","","","","","Généralement nuageux"
"1968-06-03 03:00","1968","06","03","03:00"," ","6,70","","-0,60","","60,00","","14,00","","32,00","","48,30","","91,21","","","","","","Généralement nuageux"
"1968-06-03 04:00","1968","06","03","04:00"," ","6,10","","-0,60","","63,00","","11,00","","19,00","","48,30","","91,29","","","","","","Généralement nuageux"
"1968-06-03 05:00","1968","06","03","05:00"," ","7,20","","-1,10","","55,00","","16,00","","23,00","","48,30","","91,33","","","","","","Généralement nuageux"
"1968-06-03 06:00","1968","06","03","06:00"," ","7,80","","-2,20","","49,00","","14,00","","24,00","","48,30","","91,40","","","","","","Généralement nuageux"
"1968-06-03 07:00","1968","06","03","07:00"," ","8,30","","-2,20","","48,00","","14,00","","19,00","","48,30","","91,49","","","","","","Généralement nuageux"
"1968-06-03 08:00","1968","06","03","08:00"," ","8,90","","-1,10","","49,00","","14,00","","26,00","","48,30","","91,53","","","","","","Généralement nuageux"
"1968-06-03 09:00","1968","06","03","09:00"," ","8,90","","-1,70","","47,00","","14,00","","29,00","","48,30","","91,61","","","","","","Nuageux"
"1968-06-03 10:00","1968","06","03","10:00"," ","10,00","","-2,20","","43,00","","11,00","","29,00","","48,30","","91,65","","","","","","Nuageux"
"1968-06-03 11:00","1968","06","03","11:00"," ","11,10","","-1,10","","42,00","","11,00","","26,00","","48,30","","91,68","","","","","","Nuageux"
"1968-06-03 12:00","1968","06","03","12:00"," ","12,20","","-1,70","","38,00","","14,00","","26,00","","48,30","","91,68","","","","","","Nuageux"
"1968-06-03 13:00","1968","06","03","13:00"," ","12,80","","-0,60","","39,00","","14,00","","29,00","","48,30","","91,71","","","","","","Nuageux"
"1968-06-03 14:00","1968","06","03","14:00"," ","12,80","","-1,70","","37,00","","14,00","","29,00","","48,30","","91,72","","","","","","Nuageux"
"1968-06-03 15:00","1968","06","03","15:00"," ","12,80","","-2,80","","34,00","","18,00","","29,00","","48,30","","91,74","","","","","","Généralement nuageux"
"1968-06-03 16:00","1968","06","03","16:00"," ","12,80","","-1,70","","37,00","","14,00","","19,00","","48,30","","91,76","","","","","","Généralement nuageux"
"1968-06-03 17:00","1968","06","03","17:00"," ","12,20","","-3,90","","33,00","","9,00","","19,00","","48,30","","91,78","","","","","","Généralement nuageux"
"1968-06-03 18:00","1968","06","03","18:00"," ","12,20","","-3,90","","33,00","","27,00","","19,00","","48,30","","91,79","","","","","","Généralement nuageux"
"1968-06-03 19:00","1968","06","03","19:00"," ","11,70","","0,00","","45,00","","32,00","","16,00","","48,30","","91,83","","","","","","Généralement dégagé"
"1968-06-03 20:00","1968","06","03","20:00"," ","11,10","","0,60","","48,00","","32,00","","19,00","","48,30","","91,87","","","","","","Généralement dégagé"
"1968-06-03 21:00","1968","06","03","21:00"," ","9,40","","-2,80","","42,00","","11,00","","16,00","","48,30","","91,95","","","","","","Généralement dégagé"
"1968-06-03 22:00","1968","06","03","22:00"," ","6,10","","-5,00","","45,00","","36,00","","3,00","","48,30","","92,01","","","","","","Généralement nuageux"
"1968-06-03 23:00","1968","06","03","23:00"," ","6,70","","-4,40","","45,00","","14,00","","14,00","","48,30","","92,06","","","","","","Généralement nuageux"
"1968-06-04 00:00","1968","06","04","00:00"," ","6,10","","-4,40","","47,00","","11,00","","8,00","","48,30","","92,09","","","","","","Généralement nuageux"
"1968-06-04 01:00","1968","06","04","01:00"," ","5,60","","-3,30","","52,00","","14,00","","11,00","","48,30","","92,13","","","","","","Généralement nuageux"
"1968-06-04 02:00","1968","06","04","02:00"," ","5,00","","-3,30","","55,00","","20,00","","13,00","","48,30","","92,17","","","","","","Généralement nuageux"
"1968-06-04 03:00","1968","06","04","03:00"," ","4,40","","-3,30","","56,00","","14,00","","16,00","","48,30","","92,20","","","","","","Généralement nuageux"
"1968-06-04 04:00","1968","06","04","04:00"," ","2,80","","-2,20","","69,00","","27,00","","8,00","","48,30","","92,21","","","","","","Généralement nuageux"
"1968-06-04 05:00","1968","06","04","05:00"," ","2,80","","-2,20","","69,00","","0,00","","0,00","","48,30","","92,22","","","","","","Généralement nuageux"
"1968-06-04 06:00","1968","06","04","06:00"," ","4,40","","-1,70","","65,00","","0,00","","0,00","","48,30","","92,25","","","","","","Généralement nuageux"
"1968-06-04 07:00","1968","06","04","07:00"," ","5,60","","-2,80","","56,00","","14,00","","16,00","","48,30","","92,27","","","","","","Généralement nuageux"
"1968-06-04 08:00","1968","06","04","08:00"," ","6,70","","-2,20","","54,00","","14,00","","16,00","","48,30","","92,28","","","","","","Généralement nuageux"
"1968-06-04 09:00","1968","06","04","09:00"," ","6,70","","-2,20","","54,00","","11,00","","24,00","","40,20","","92,29","","","","","","Généralement nuageux"
"1968-06-04 10:00","1968","06","04","10:00"," ","6,70","","0,00","","64,00","","14,00","","23,00","","32,20","","92,32","","","","","","Généralement nuageux"
"1968-06-04 11:00","1968","06","04","11:00"," ","7,20","","1,10","","66,00","","11,00","","13,00","","40,20","","92,32","","","","","","Nuageux"
"1968-06-04 12:00","1968","06","04","12:00"," ","7,80","","1,10","","63,00","","9,00","","10,00","","48,30","","92,28","","","","","","Généralement nuageux"
"1968-06-04 13:00","1968","06","04","13:00"," ","10,00","","2,20","","57,00","","11,00","","16,00","","48,30","","92,22","","","","","","Généralement nuageux"
"1968-06-04 14:00","1968","06","04","14:00"," ","11,70","","0,00","","45,00","","11,00","","19,00","","48,30","","92,19","","","","","","Généralement nuageux"
"1968-06-04 15:00","1968","06","04","15:00"," ","10,60","","0,60","","50,00","","11,00","","13,00","","48,30","","92,16","","","","","","Généralement nuageux"
"1968-06-04 16:00","1968","06","04","16:00"," ","10,60","","1,10","","52,00","","36,00","","16,00","","48,30","","92,14","","","","","","Généralement nuageux"
"1968-06-04 17:00","1968","06","04","17:00"," ","11,70","","1,70","","51,00","","36,00","","16,00","","32,20","","92,12","","","","","","Généralement nuageux"
"1968-06-04 18:00","1968","06","04","18:00"," ","12,20","","1,10","","47,00","","29,00","","8,00","","48,30","","92,12","","","","","","Généralement nuageux"
"1968-06-04 19:00","1968","06","04","19:00"," ","11,10","","1,10","","50,00","","29,00","","13,00","","48,30","","92,12","","","","","","Généralement nuageux"
"1968-06-04 20:00","1968","06","04","20:00"," ","10,00","","1,70","","56,00","","27,00","","13,00","","48,30","","92,16","","","","","","Généralement nuageux"
"1968-06-04 21:00","1968","06","04","21:00"," ","8,30","","1,70","","62,00","","27,00","","14,00","","48,30","","92,19","","","","","","Généralement nuageux"
"1968-06-04 22:00","1968","06","04","22:00"," ","7,20","","1,10","","66,00","","27,00","","11,00","","48,30","","92,21","","","","","","Généralement nuageux"
"1968-06-04 23:00","1968","06","04","23:00"," ","6,10","","-5,00","","45,00","","27,00","","13,00","","48,30","","92,22","","","","","","Généralement nuageux"
"1968-06-05 00:00","1968","06","05","00:00"," ","5,00","","1,10","","76,00","","20,00","","10,00","","48,30","","92,25","","","","","","Généralement nuageux"
"1968-06-05 01:00","1968","06","05","01:00"," ","3,90","","0,00","","75,00","","0,00","","0,00","","48,30","","92,25","","","","","","Généralement nuageux"
"1968-06-05 02:00","1968","06","05","02:00"," ","1,10","","-1,70","","83,00","","0,00","","0,00","","48,30","","92,28","","","","","","Généralement dégagé"
"1968-06-05 03:00","1968","06","05","03:00"," ","0,00","","-2,20","","86,00","","0,00","","0,00","","48,30","","92,29","","","","","","Généralement dégagé"
"1968-06-05 04:00","1968","06","05","04:00"," ","-0,60","","-2,20","","88,00","","0,00","","0,00","","48,30","","92,30","","","","","","Généralement dégagé"
"1968-06-05 05:00","1968","06","05","05:00"," ","3,30","","-1,70","","70,00","","0,00","","0,00","","48,30","","92,30","","","","","","Généralement dégagé"
"1968-06-05 06:00","1968","06","05","06:00"," ","4,40","","0,60","","75,00","","11,00","","19,00","","48,30","","92,29","","","","","","Généralement dégagé"
"1968-06-05 07:00","1968","06","05","07:00"," ","7,20","","-1,10","","55,00","","9,00","","16,00","","48,30","","92,28","","","","","","Généralement dégagé"
"1968-06-05 08:00","1968","06","05","08:00"," ","7,80","","-1,10","","54,00","","14,00","","13,00","","48,30","","92,27","","","","","","Généralement dégagé"
"1968-06-05 09:00","1968","06","05","09:00"," ","10,60","","-3,30","","38,00","","14,00","","16,00","","48,30","","92,23","","","","","","Généralement dégagé"
"1968-06-05 10:00","1968","06","05","10:00"," ","11,70","","-1,70","","40,00","","11,00","","19,00","","48,30","","92,20","","","","","","Généralement dégagé"
"1968-06-05 11:00","1968","06","05","11:00"," ","12,80","","-2,80","","34,00","","11,00","","16,00","","48,30","","92,18","","","","","","Généralement dégagé"
"1968-06-05 12:00","1968","06","05","12:00"," ","13,30","","-3,30","","31,00","","9,00","","23,00","","48,30","","92,11","","","","","","Généralement nuageux"
"1968-06-05 13:00","1968","06","05","13:00"," ","13,90","","-2,80","","31,00","","11,00","","23,00","","48,30","","92,08","","","","","","Généralement nuageux"
"1968-06-05 14:00","1968","06","05","14:00"," ","13,90","","-2,20","","32,00","","11,00","","26,00","","48,30","","92,04","","","","","","Généralement nuageux"
"1968-06-05 15:00","1968","06","05","15:00"," ","14,40","","-1,70","","33,00","","14,00","","24,00","","48,30","","91,99","","","","","","Généralement nuageux"
"1968-06-05 16:00","1968","06","05","16:00"," ","14,40","","-1,70","","33,00","","11,00","","19,00","","48,30","","91,97","","","","","","Généralement nuageux"
"1968-06-05 17:00","1968","06","05","17:00"," ","14,40","","-2,80","","31,00","","11,00","","19,00","","48,30","","91,94","","","","","","Généralement nuageux"
"1968-06-05 18:00","1968","06","05","18:00"," ","14,40","","-2,20","","32,00","","11,00","","23,00","","48,30","","91,92","","","","","","Généralement nuageux"
"1968-06-05 19:00","1968","06","05","19:00"," ","13,30","","-2,20","","34,00","","14,00","","16,00","","48,30","","91,91","","","","","","Généralement nuageux"
"1968-06-05 20:00","1968","06","05","20:00"," ","13,30","","-1,10","","36,00","","14,00","","16,00","","48,30","","91,92","","","","","","Généralement nuageux"
"1968-06-05 21:00","1968","06","05","21:00"," ","10,60","","-1,70","","42,00","","14,00","","10,00","","48,30","","91,91","","","","","","Généralement nuageux"
"1968-06-05 22:00","1968","06","05","22:00"," ","6,70","","-1,10","","58,00","","27,00","","10,00","","48,30","","91,96","","","","","","Généralement dégagé"
"1968-06-05 23:00","1968","06","05","23:00"," ","5,60","","-3,90","","50,00","","9,00","","8,00","","48,30","","91,97","","","","","","Généralement dégagé"
"1968-06-06 00:00","1968","06","06","00:00"," ","6,10","","-3,30","","51,00","","14,00","","16,00","","48,30","","92,00","","","","","","Généralement dégagé"
"1968-06-06 01:00","1968","06","06","01:00"," ","0,00","","-5,60","","66,00","","0,00","","0,00","","48,30","","92,04","","","","","","Généralement dégagé"
"1968-06-06 02:00","1968","06","06","02:00"," ","-1,70","","-6,10","","72,00","","11,00","","8,00","","48,30","","92,03","","","","-5,00","","Dégagé"
"1968-06-06 03:00","1968","06","06","03:00"," ","-2,20","","-5,60","","77,00","","0,00","","0,00","","48,30","","92,05","","","","","","Généralement dégagé"
"1968-06-06 04:00","1968","06","06","04:00"," ","0,60","","-3,30","","74,00","","9,00","","8,00","","48,30","","92,06","","","","","","Généralement dégagé"
"1968-06-06 05:00","1968","06","06","05:00"," ","2,20","","-3,30","","68,00","","9,00","","6,00","","48,30","","92,06","","","","","","Généralement dégagé"
"1968-06-06 06:00","1968","06","06","06:00"," ","6,70","","-1,10","","58,00","","14,00","","13,00","","48,30","","92,05","","","","","","Dégagé"
"1968-06-06 07:00","1968","06","06","07:00"," ","8,90","","-0,60","","52,00","","11,00","","23,00","","48,30","","92,03","","","","","","Généralement dégagé"
"1968-06-06 08:00","1968","06","06","08:00"," ","10,00","","-1,10","","46,00","","11,00","","19,00","","48,30","","92,00","","","","","","Généralement dégagé"
"1968-06-06 09:00","1968","06","06","09:00"," ","10,60","","0,00","","47,00","","9,00","","19,00","","48,30","","91,95","","","","","","Généralement dégagé"
"1968-06-06 10:00","1968","06","06","10:00"," ","12,80","","-1,70","","37,00","","9,00","","24,00","","48,30","","91,95","","","","","","Généralement dégagé"
"1968-06-06 11:00","1968","06","06","11:00"," ","13,30","","0,00","","40,00","","11,00","","24,00","","48,30","","91,89","","","","","","Généralement nuageux"
"1968-06-06 12:00","1968","06","06","12:00"," ","13,30","","-1,10","","36,00","","11,00","","16,00","","48,30","","91,87","","","","","","Généralement nuageux"
"1968-06-06 13:00","1968","06","06","13:00"," ","14,40","","-2,20","","32,00","","11,00","","24,00","","48,30","","91,80","","","","","","Généralement nuageux"
"1968-06-06 14:00","1968","06","06","14:00"," ","15,00","","-2,20","","31,00","","11,00","","27,00","","48,30","","91,79","","","","","","Généralement nuageux"
"1968-06-06 15:00","1968","06","06","15:00"," ","15,00","","-1,10","","33,00","","11,00","","29,00","","48,30","","91,75","","","","","","Généralement nuageux"
"1968-06-06 16:00","1968","06","06","16:00"," ","13,90","","-0,60","","37,00","","14,00","","29,00","","48,30","","91,73","","","","","","Généralement nuageux"
"1968-06-06 17:00","1968","06","06","17:00"," ","13,30","","-3,30","","31,00","","11,00","","26,00","","48,30","","91,71","","","","","","Généralement nuageux"
"1968-06-06 18:00","1968","06","06","18:00"," ","12,80","","-2,80","","34,00","","14,00","","26,00","","48,30","","91,71","","","","","","Généralement nuageux"
"1968-06-06 19:00","1968","06","06","19:00"," ","12,20","","-3,90","","33,00","","11,00","","19,00","","48,30","","91,72","","","","","","Généralement nuageux"
"1968-06-06 20:00","1968","06","06","20:00"," ","11,10","","-3,90","","35,00","","16,00","","19,00","","48,30","","91,74","","","","","","Généralement nuageux"
"1968-06-06 21:00","1968","06","06","21:00"," ","10,00","","-3,90","","37,00","","18,00","","16,00","","48,30","","91,76","","","","","","Généralement nuageux"
"1968-06-06 22:00","1968","06","06","22:00"," ","8,90","","-3,90","","41,00","","16,00","","16,00","","48,30","","91,80","","","","","","Généralement nuageux"
"1968-06-06 23:00","1968","06","06","23:00"," ","7,80","","-3,90","","44,00","","11,00","","14,00","","48,30","","91,83","","","","","","Généralement dégagé"
"1968-06-07 00:00","1968","06","07","00:00"," ","6,10","","-3,30","","51,00","","14,00","","19,00","","48,30","","91,84","","","","","","Généralement dégagé"
"1968-06-07 01:00","1968","06","07","01:00"," ","6,10","","-3,90","","49,00","","16,00","","14,00","","48,30","","91,89","","","","","","Généralement dégagé"
"1968-06-07 02:00","1968","06","07","02:00"," ","3,90","","-4,40","","55,00","","0,00","","0,00","","48,30","","91,94","","","","","","Généralement dégagé"
"1968-06-07 03:00","1968","06","07","03:00"," ","4,40","","-3,30","","56,00","","11,00","","19,00","","48,30","","91,95","","","","","","Généralement dégagé"
"1968-06-07 04:00","1968","06","07","04:00"," ","3,90","","-3,90","","57,00","","18,00","","10,00","","48,30","","91,99","","","","","","Dégagé"
"1968-06-07 05:00","1968","06","07","05:00"," ","4,40","","-2,80","","60,00","","0,00","","0,00","","48,30","","91,99","","","","","","Dégagé"
"1968-06-07 06:00","1968","06","07","06:00"," ","7,20","","-3,30","","48,00","","16,00","","16,00","","48,30","","92,01","","","","","","Généralement dégagé"
"1968-06-07 07:00","1968","06","07","07:00"," ","8,30","","-2,80","","46,00","","11,00","","16,00","","48,30","","92,02","","","","","","Généralement dégagé"
"1968-06-07 08:00","1968","06","07","08:00"," ","9,40","","-2,80","","42,00","","11,00","","19,00","","48,30","","92,02","","","","","","Généralement dégagé"
"1968-06-07 09:00","1968","06","07","09:00"," ","10,00","","-2,80","","40,00","","11,00","","16,00","","48,30","","92,03","","","","","","Généralement dégagé"
"1968-06-07 10:00","1968","06","07","10:00"," ","11,10","","-5,00","","32,00","","14,00","","18,00","","48,30","","92,02","","","","","","Généralement dégagé"
"1968-06-07 11:00","1968","06","07","11:00"," ","11,70","","-6,70","","27,00","","9,00","","13,00","","48,30","","92,05","","","","","","Généralement dégagé"
"1968-06-07 12:00","1968","06","07","12:00"," ","12,20","","-7,20","","25,00","","11,00","","13,00","","48,30","","92,02","","","","","","Généralement dégagé"
"1968-06-07 13:00","1968","06","07","13:00"," ","12,80","","-6,10","","26,00","","7,00","","8,00","","48,30","","91,99","","","","","","Généralement nuageux"
"1968-06-07 14:00","1968","06","07","14:00"," ","13,30","","-7,80","","22,00","","5,00","","6,00","","48,30","","91,96","","","","","","Généralement nuageux"
"1968-06-07 15:00","1968","06","07","15:00"," ","14,40","","-6,10","","23,00","","11,00","","19,00","","48,30","","91,95","","","","","","Généralement nuageux"
"1968-06-07 16:00","1968","06","07","16:00"," ","14,40","","-6,10","","23,00","","11,00","","23,00","","48,30","","91,89","","","","","","Généralement nuageux"
"1968-06-07 17:00","1968","06","07","17:00"," ","13,90","","-8,30","","21,00","","14,00","","19,00","","48,30","","91,85","","","","","","Généralement nuageux"
"1968-06-07 18:00","1968","06","07","18:00"," ","12,80","","-7,80","","23,00","","14,00","","19,00","","48,30","","91,82","","","","","","Généralement nuageux"
"1968-06-07 19:00","1968","06","07","19:00"," ","12,20","","-8,30","","23,00","","14,00","","32,00","","48,30","","91,82","","","","","","Généralement nuageux"
"1968-06-07 20:00","1968","06","07","20:00"," ","10,60","","-5,00","","33,00","","11,00","","26,00","","48,30","","91,81","","","","","","Généralement nuageux"
"1968-06-07 21:00","1968","06","07","21:00"," ","9,40","","-5,00","","35,00","","14,00","","29,00","","48,30","","91,81","","","","","","Nuageux"
"1968-06-07 22:00","1968","06","07","22:00"," ","8,30","","-5,00","","38,00","","11,00","","32,00","","48,30","","91,83","","","","","","Nuageux"
"1968-06-07 23:00","1968","06","07","23:00"," ","7,20","","-2,80","","50,00","","9,00","","26,00","","48,30","","91,84","","","","","","Nuageux"
"1968-06-08 00:00","1968","06","08","00:00"," ","7,20","","-4,40","","42,00","","11,00","","29,00","","48,30","","91,86","","","","","","Généralement nuageux"
"1968-06-08 01:00","1968","06","08","01:00"," ","6,10","","-2,20","","55,00","","9,00","","29,00","","48,30","","91,87","","","","","","Généralement nuageux"
"1968-06-08 02:00","1968","06","08","02:00"," ","6,10","","-3,30","","51,00","","11,00","","32,00","","48,30","","91,85","","","","","","Généralement nuageux"
"1968-06-08 03:00","1968","06","08","03:00"," ","6,70","","-3,90","","47,00","","14,00","","24,00","","48,30","","91,84","","","","","","Généralement nuageux"
"1968-06-08 04:00","1968","06","08","04:00"," ","6,10","","-5,00","","45,00","","14,00","","24,00","","48,30","","91,85","","","","","","Généralement dégagé"
"1968-06-08 05:00","1968","06","08","05:00"," ","6,70","","-2,80","","50,00","","14,00","","29,00","","48,30","","91,88","","","","","","Généralement dégagé"
"1968-06-08 06:00","1968","06","08","06:00"," ","7,80","","-2,80","","47,00","","14,00","","32,00","","48,30","","91,87","","","","","","Généralement dégagé"
"1968-06-08 07:00","1968","06","08","07:00"," ","8,90","","-0,60","","51,00","","11,00","","32,00","","48,30","","91,87","","","","","","Généralement dégagé"
"1968-06-08 08:00","1968","06","08","08:00"," ","11,10","","-0,60","","45,00","","11,00","","24,00","","48,30","","91,86","","","","","","Généralement dégagé"
"1968-06-08 09:00","1968","06","08","09:00"," ","11,10","","-0,60","","44,00","","11,00","","27,00","","48,30","","91,81","","","","","","Généralement dégagé"
"1968-06-08 10:00","1968","06","08","10:00"," ","12,80","","-1,10","","38,00","","14,00","","29,00","","48,30","","91,82","","","","","","Généralement nuageux"
"1968-06-08 11:00","1968","06","08","11:00"," ","13,90","","-1,10","","36,00","","14,00","","29,00","","48,30","","91,80","","","","","","Généralement nuageux"
"1968-06-08 12:00","1968","06","08","12:00"," ","13,90","","-0,60","","37,00","","14,00","","24,00","","48,30","","91,80","","","","","","Généralement nuageux"
"1968-06-08 13:00","1968","06","08","13:00"," ","13,90","","-1,10","","36,00","","14,00","","29,00","","48,30","","91,80","","","","","","Généralement nuageux"
"1968-06-08 14:00","1968","06","08","14:00"," ","12,80","","-2,20","","35,00","","14,00","","32,00","","48,30","","91,81","","","","","","Généralement nuageux"
"1968-06-08 15:00","1968","06","08","15:00"," ","13,30","","-1,10","","36,00","","14,00","","32,00","","48,30","","91,79","","","","","","Généralement nuageux"
"1968-06-08 16:00","1968","06","08","16:00"," ","13,90","","-1,70","","35,00","","14,00","","32,00","","48,30","","91,77","","","","","","Généralement nuageux"
"1968-06-08 17:00","1968","06","08","17:00"," ","13,90","","-1,10","","36,00","","11,00","","29,00","","48,30","","91,77","","","","","","Généralement dégagé"
"1968-06-08 18:00","1968","06","08","18:00"," ","13,90","","-1,70","","35,00","","14,00","","26,00","","48,30","","91,80","","","","","","Généralement dégagé"
"1968-06-08 19:00","1968","06","08","19:00"," ","12,80","","-1,70","","37,00","","14,00","","29,00","","48,30","","91,81","","","","","","Généralement dégagé"
"1968-06-08 20:00","1968","06","08","20:00"," ","12,20","","-1,70","","38,00","","14,00","","26,00","","48,30","","91,84","","","","","","Généralement dégagé"
"1968-06-08 21:00","1968","06","08","21:00"," ","11,10","","-1,70","","40,00","","14,00","","19,00","","48,30","","91,89","","","","","","Généralement dégagé"
"1968-06-08 22:00","1968","06","08","22:00"," ","8,30","","-1,10","","52,00","","11,00","","16,00","","48,30","","91,94","","","","","","Généralement nuageux"
"1968-06-08 23:00","1968","06","08","23:00"," ","8,90","","-1,10","","49,00","","11,00","","16,00","","48,30","","91,98","","","","","","Généralement dégagé"
"1968-06-09 00:00","1968","06","09","00:00"," ","7,20","","-1,10","","55,00","","16,00","","8,00","","48,30","","92,00","","","","","","Généralement dégagé"
"1968-06-09 01:00","1968","06","09","01:00"," ","5,60","","-2,20","","58,00","","18,00","","6,00","","48,30","","92,04","","","","","","Généralement dégagé"
"1968-06-09 02:00","1968","06","09","02:00"," ","0,60","","-3,30","","74,00","","0,00","","0,00","","48,30","","92,09","","","","","","Généralement dégagé"
"1968-06-09 03:00","1968","06","09","03:00"," ","-1,10","","-4,40","","78,00","","0,00","","0,00","","48,30","","92,11","","","","","","Généralement dégagé"
"1968-06-09 04:00","1968","06","09","04:00"," ","2,20","","-1,70","","75,00","","0,00","","0,00","","48,30","","92,15","","","","","","Généralement dégagé"
"1968-06-09 05:00","1968","06","09","05:00"," ","5,60","","-0,60","","64,00","","0,00","","0,00","","48,30","","92,16","","","","","","Généralement dégagé"
"1968-06-09 06:00","1968","06","09","06:00"," ","7,20","","1,10","","66,00","","9,00","","10,00","","48,30","","92,14","","","","","","Généralement dégagé"
"1968-06-09 07:00","1968","06","09","07:00"," ","8,90","","1,10","","58,00","","9,00","","8,00","","48,30","","92,13","","","","","","Généralement nuageux"
"1968-06-09 08:00","1968","06","09","08:00"," ","10,60","","1,70","","53,00","","11,00","","11,00","","48,30","","92,11","","","","","","Généralement nuageux"
"1968-06-09 09:00","1968","06","09","09:00"," ","11,10","","1,10","","50,00","","9,00","","11,00","","48,30","","92,06","","","","","","Généralement nuageux"
"1968-06-09 10:00","1968","06","09","10:00"," ","12,20","","-0,60","","41,00","","9,00","","16,00","","48,30","","92,03","","","","","","Généralement nuageux"
"1968-06-09 11:00","1968","06","09","11:00"," ","14,40","","-1,70","","33,00","","11,00","","13,00","","48,30","","91,99","","","","","","Généralement nuageux"
"1968-06-09 12:00","1968","06","09","12:00"," ","15,60","","0,00","","34,00","","11,00","","13,00","","48,30","","91,95","","","","","","Généralement nuageux"
"1968-06-09 13:00","1968","06","09","13:00"," ","16,10","","-1,70","","29,00","","9,00","","13,00","","48,30","","91,89","","","","","","Généralement nuageux"
"1968-06-09 14:00","1968","06","09","14:00"," ","16,70","","-1,70","","29,00","","11,00","","11,00","","48,30","","91,84","","","","","","Généralement dégagé"
"1968-06-09 15:00","1968","06","09","15:00"," ","17,20","","1,70","","34,00","","11,00","","8,00","","48,30","","91,81","","","","","","Généralement nuageux"
"1968-06-09 16:00","1968","06","09","16:00"," ","17,80","","2,20","","35,00","","16,00","","6,00","","48,30","","91,76","","","","","","Généralement nuageux"
"1968-06-09 17:00","1968","06","09","17:00"," ","18,30","","2,20","","33,00","","0,00","","0,00","","48,30","","91,70","","","","","","Généralement dégagé"
"1968-06-09 18:00","1968","06","09","18:00"," ","18,90","","3,30","","36,00","","0,00","","0,00","","48,30","","91,65","","","","","","Généralement nuageux"
"1968-06-09 19:00","1968","06","09","19:00"," ","16,70","","3,30","","41,00","","0,00","","0,00","","48,30","","91,65","","","","","","Généralement nuageux"
"1968-06-09 20:00","1968","06","09","20:00"," ","15,00","","-4,40","","26,00","","0,00","","0,00","","48,30","","91,66","","","","","","Généralement nuageux"
"1968-06-09 21:00","1968","06","09","21:00"," ","12,80","","3,30","","52,00","","0,00","","0,00","","48,30","","91,66","","","","","","Généralement nuageux"
"1968-06-09 22:00","1968","06","09","22:00"," ","11,10","","2,80","","56,00","","0,00","","0,00","","48,30","","91,67","","","","","","Généralement nuageux"
"1968-06-09 23:00","1968","06","09","23:00"," ","8,30","","1,10","","60,00","","27,00","","5,00","","48,30","","91,68","","","","","","Généralement nuageux"
"1968-06-10 00:00","1968","06","10","00:00"," ","8,90","","1,10","","58,00","","29,00","","8,00","","48,30","","91,69","","","","","","Généralement nuageux"
"1968-06-10 01:00","1968","06","10","01:00"," ","10,00","","1,10","","54,00","","29,00","","6,00","","48,30","","91,70","","","","","","Généralement nuageux"
"1968-06-10 02:00","1968","06","10","02:00"," ","10,00","","1,10","","54,00","","29,00","","6,00","","48,30","","91,71","","","","","","Généralement nuageux"
"1968-06-10 03:00","1968","06","10","03:00"," ","10,60","","1,70","","53,00","","29,00","","10,00","","48,30","","91,73","","","","","","Généralement nuageux"
"1968-06-10 04:00","1968","06","10","04:00"," ","10,60","","1,70","","53,00","","27,00","","10,00","","48,30","","91,74","","","","","","Généralement nuageux"
"1968-06-10 05:00","1968","06","10","05:00"," ","10,00","","1,70","","56,00","","27,00","","10,00","","48,30","","91,76","","","","","","Généralement nuageux"
"1968-06-10 06:00","1968","06","10","06:00"," ","12,80","","3,30","","52,00","","27,00","","13,00","","48,30","","91,76","","","","","","Généralement dégagé"
"1968-06-10 07:00","1968","06","10","07:00"," ","12,20","","3,90","","56,00","","27,00","","8,00","","48,30","","91,76","","","","","","Généralement nuageux"
"1968-06-10 08:00","1968","06","10","08:00"," ","12,80","","-3,90","","31,00","","27,00","","10,00","","48,30","","91,77","","","","","","Nuageux"
"1968-06-10 09:00","1968","06","10","09:00"," ","12,80","","3,90","","55,00","","27,00","","5,00","","32,20","","91,78","","","","","","Nuageux"
"1968-06-10 10:00","1968","06","10","10:00"," ","14,40","","6,70","","59,00","","25,00","","19,00","","32,20","","91,76","","","","","","Nuageux"
"1968-06-10 11:00","1968","06","10","11:00"," ","15,60","","6,70","","56,00","","25,00","","23,00","","32,20","","91,72","","","","","","Généralement nuageux"
"1968-06-10 12:00","1968","06","10","12:00"," ","16,10","","6,70","","54,00","","25,00","","19,00","","24,10","","91,78","","","","","","Orages,Averses de pluie modérées"
"1968-06-10 13:00","1968","06","10","13:00"," ","17,80","","5,00","","43,00","","29,00","","14,00","","32,20","","91,78","","","","","","Généralement nuageux"
"1968-06-10 14:00","1968","06","10","14:00"," ","13,30","","7,80","","68,00","","29,00","","16,00","","24,10","","91,81","","","","","","Averses de pluie modérées"
"1968-06-10 15:00","1968","06","10","15:00"," ","13,90","","8,30","","70,00","","27,00","","13,00","","32,20","","91,78","","","","","","Généralement nuageux"
"1968-06-10 16:00","1968","06","10","16:00"," ","13,90","","8,90","","73,00","","29,00","","26,00","","32,20","","91,75","","","","","","Généralement nuageux"
"1968-06-10 17:00","1968","06","10","17:00"," ","11,70","","8,90","","83,00","","29,00","","24,00","","16,10","","91,77","","","","","","Averses de pluie"
"1968-06-10 18:00","1968","06","10","18:00"," ","10,60","","9,40","","94,00","","27,00","","3,00","","24,10","","91,84","","","","","","Nuageux"
"1968-06-10 19:00","1968","06","10","19:00"," ","11,10","","9,40","","91,00","","14,00","","21,00","","32,20","","91,94","","","","","","Nuageux"
"1968-06-10 20:00","1968","06","10","20:00"," ","8,90","","7,20","","88,00","","7,00","","16,00","","32,20","","92,03","","","","","","Nuageux"
"1968-06-10 21:00","1968","06","10","21:00"," ","7,20","","6,70","","96,00","","11,00","","8,00","","24,10","","92,07","","","","","","Pluie"
"1968-06-10 22:00","1968","06","10","22:00"," ","6,70","","5,00","","87,00","","14,00","","16,00","","24,10","","92,16","","","","","","Pluie"
"1968-06-10 23:00","1968","06","10","23:00"," ","6,10","","3,90","","87,00","","14,00","","14,00","","24,10","","92,19","","","","","","Pluie"
"1968-06-11 00:00","1968","06","11","00:00"," ","5,60","","3,30","","85,00","","11,00","","13,00","","24,10","","92,24","","","","","","Nuageux"
"1968-06-11 01:00","1968","06","11","01:00"," ","5,60","","2,80","","83,00","","11,00","","16,00","","32,20","","92,28","","","","","","Nuageux"
"1968-06-11 02:00","1968","06","11","02:00"," ","5,00","","2,80","","84,00","","11,00","","13,00","","40,20","","92,31","","","","","","Généralement nuageux"
"1968-06-11 03:00","1968","06","11","03:00"," ","5,00","","2,80","","84,00","","11,00","","13,00","","40,20","","92,34","","","","","","Généralement nuageux"
"1968-06-11 04:00","1968","06","11","04:00"," ","5,60","","2,20","","81,00","","14,00","","19,00","","48,30","","92,39","","","","","","Généralement nuageux"
"1968-06-11 05:00","1968","06","11","05:00"," ","5,60","","2,20","","81,00","","14,00","","11,00","","48,30","","92,40","","","","","","Généralement nuageux"
"1968-06-11 06:00","1968","06","11","06:00"," ","7,20","","3,30","","78,00","","11,00","","13,00","","48,30","","92,39","","","","","","Généralement nuageux"
"1968-06-11 07:00","1968","06","11","07:00"," ","7,80","","4,40","","80,00","","9,00","","16,00","","48,30","","92,39","","","","","","Généralement dégagé"
"1968-06-11 08:00","1968","06","11","08:00"," ","7,80","","4,40","","78,00","","9,00","","14,00","","48,30","","92,39","","","","","","Généralement dégagé"
"1968-06-11 09:00","1968","06","11","09:00"," ","8,90","","4,40","","74,00","","11,00","","10,00","","48,30","","92,40","","","","","","Généralement dégagé"
"1968-06-11 10:00","1968","06","11","10:00"," ","11,10","","6,10","","70,00","","0,00","","0,00","","48,30","","92,34","","","","","","Généralement dégagé"
"1968-06-11 11:00","1968","06","11","11:00"," ","13,90","","7,20","","64,00","","11,00","","6,00","","48,30","","92,29","","","","","","Généralement dégagé"
"1968-06-11 12:00","1968","06","11","12:00"," ","15,60","","5,00","","49,00","","36,00","","6,00","","48,30","","92,27","","","","","","Généralement dégagé"
"1968-06-11 13:00","1968","06","11","13:00"," ","17,20","","4,40","","42,00","","0,00","","0,00","","48,30","","92,21","","","","","","Généralement nuageux"
"1968-06-11 14:00","1968","06","11","14:00"," ","18,30","","3,90","","38,00","","0,00","","0,00","","48,30","","92,17","","","","","","Généralement nuageux"
"1968-06-11 15:00","1968","06","11","15:00"," ","18,30","","3,30","","36,00","","25,00","","5,00","","48,30","","92,12","","","","","","Généralement nuageux"
"1968-06-11 16:00","1968","06","11","16:00"," ","18,30","","2,80","","35,00","","0,00","","0,00","","48,30","","92,07","","","","","","Généralement nuageux"
"1968-06-11 17:00","1968","06","11","17:00"," ","17,80","","3,30","","38,00","","32,00","","16,00","","48,30","","92,07","","","","","","Généralement nuageux"
"1968-06-11 18:00","1968","06","11","18:00"," ","15,60","","3,90","","45,00","","11,00","","11,00","","48,30","","92,10","","","","","","Généralement nuageux"
"1968-06-11 19:00","1968","06","11","19:00"," ","14,40","","3,90","","49,00","","0,00","","0,00","","48,30","","92,09","","","","","","Généralement nuageux"
"1968-06-11 20:00","1968","06","11","20:00"," ","11,10","","5,00","","65,00","","0,00","","0,00","","48,30","","92,12","","","","","","Généralement nuageux"
"1968-06-11 21:00","1968","06","11","21:00"," ","10,60","","6,70","","77,00","","0,00","","0,00","","48,30","","92,16","","","","","","Nuageux"
"1968-06-11 22:00","1968","06","11","22:00"," ","9,40","","5,60","","76,00","","0,00","","0,00","","48,30","","92,24","","","","","","Nuageux"
"1968-06-11 23:00","1968","06","11","23:00"," ","9,40","","7,20","","87,00","","0,00","","0,00","","8,00","","92,28","","","","","","Pluie"
"1968-06-12 00:00","1968","06","12","00:00"," ","8,30","","7,20","","92,00","","0,00","","0,00","","16,10","","92,31","","","","","","Pluie"
"1968-06-12 01:00","1968","06","12","01:00"," ","8,30","","7,20","","94,00","","0,00","","0,00","","16,10","","92,31","","","","","","Pluie"
"1968-06-12 02:00","1968","06","12","02:00"," ","8,90","","8,30","","96,00","","0,00","","0,00","","24,10","","92,31","","","","","","Pluie"
"1968-06-12 03:00","1968","06","12","03:00"," ","7,80","","7,20","","98,00","","0,00","","0,00","","40,20","","92,32","","","","","","Nuageux"
"1968-06-12 04:00","1968","06","12","04:00"," ","7,80","","7,20","","96,00","","0,00","","0,00","","48,30","","92,30","","","","","","Généralement nuageux"
"1968-06-12 05:00","1968","06","12","05:00"," ","8,90","","7,80","","94,00","","0,00","","0,00","","48,30","","92,30","","","","","","Généralement nuageux"
"1968-06-12 06:00","1968","06","12","06:00"," ","8,90","","7,80","","92,00","","0,00","","0,00","","48,30","","92,34","","","","","","Généralement nuageux"
"1968-06-12 07:00","1968","06","12","07:00"," ","10,00","","7,80","","87,00","","0,00","","0,00","","48,30","","92,35","","","","","","Généralement nuageux"
"1968-06-12 08:00","1968","06","12","08:00"," ","11,70","","7,80","","76,00","","9,00","","8,00","","48,30","","92,36","","","","","","Généralement nuageux"
"1968-06-12 09:00","1968","06","12","09:00"," ","12,80","","8,30","","73,00","","0,00","","0,00","","48,30","","92,35","","","","","","Généralement dégagé"
"1968-06-12 10:00","1968","06","12","10:00"," ","13,90","","7,20","","65,00","","11,00","","13,00","","48,30","","92,34","","","","","","Généralement nuageux"
"1968-06-12 11:00","1968","06","12","11:00"," ","14,40","","6,70","","59,00","","11,00","","13,00","","48,30","","92,35","","","","","","Généralement nuageux"
"1968-06-12 12:00","1968","06","12","12:00"," ","15,60","","5,60","","52,00","","11,00","","14,00","","48,30","","92,32","","","","","","Généralement dégagé"
"1968-06-12 13:00","1968","06","12","13:00"," ","16,10","","5,00","","47,00","","11,00","","19,00","","48,30","","92,32","","","","","","Généralement dégagé"
"1968-06-12 14:00","1968","06","12","14:00"," ","16,70","","5,60","","48,00","","9,00","","10,00","","48,30","","92,29","","","","","","Généralement dégagé"
"1968-06-12 15:00","1968","06","12","15:00"," ","17,80","","6,10","","46,00","","11,00","","8,00","","48,30","","92,27","","","","","","Généralement dégagé"
"1968-06-12 16:00","1968","06","12","16:00"," ","17,80","","4,40","","42,00","","11,00","","16,00","","48,30","","92,25","","","","","","Généralement nuageux"
"1968-06-12 17:00","1968","06","12","17:00"," ","18,30","","4,40","","39,00","","11,00","","16,00","","48,30","","92,22","","","","","","Généralement nuageux"
"1968-06-12 18:00","1968","06","12","18:00"," ","18,30","","5,00","","41,00","","11,00","","11,00","","48,30","","92,23","","","","","","Généralement nuageux"
"1968-06-12 19:00","1968","06","12","19:00"," ","18,30","","5,00","","41,00","","9,00","","8,00","","48,30","","92,23","","","","","","Généralement dégagé"
"1968-06-12 20:00","1968","06","12","20:00"," ","17,80","","3,90","","40,00","","14,00","","13,00","","48,30","","92,25","","","","","","Généralement dégagé"
"1968-06-12 21:00","1968","06","12","21:00"," ","16,70","","4,40","","45,00","","11,00","","16,00","","48,30","","92,29","","","","","","Généralement nuageux"
"1968-06-12 22:00","1968","06","12","22:00"," ","13,30","","4,40","","54,00","","14,00","","10,00","","48,30","","92,31","","","","","","Généralement nuageux"
"1968-06-12 23:00","1968","06","12","23:00"," ","12,20","","3,90","","57,00","","11,00","","8,00","","48,30","","92,33","","","","","","Généralement dégagé"
"1968-06-13 00:00","1968","06","13","00:00"," ","8,90","","5,00","","77,00","","0,00","","0,00","","48,30","","92,35","","","","","","Généralement dégagé"
"1968-06-13 01:00","1968","06","13","01:00"," ","8,30","","3,30","","69,00","","18,00","","5,00","","48,30","","92,38","","","","","","Généralement dégagé"
"1968-06-13 02:00","1968","06","13","02:00"," ","4,40","","2,20","","84,00","","0,00","","0,00","","48,30","","92,39","","","","","","Généralement dégagé"
"1968-06-13 03:00","1968","06","13","03:00"," ","3,90","","1,70","","84,00","","0,00","","0,00","","48,30","","92,41","","","","","","Généralement dégagé"
"1968-06-13 04:00","1968","06","13","04:00"," ","6,70","","3,90","","81,00","","0,00","","0,00","","48,30","","92,41","","","","","","Généralement dégagé"
"1968-06-13 05:00","1968","06","13","05:00"," ","10,00","","2,20","","59,00","","0,00","","0,00","","48,30","","92,41","","","","","","Généralement nuageux"
"1968-06-13 06:00","1968","06","13","06:00"," ","12,20","","4,40","","59,00","","9,00","","8,00","","48,30","","92,42","","","","","","Généralement nuageux"
"1968-06-13 07:00","1968","06","13","07:00"," ","13,30","","2,80","","49,00","","9,00","","13,00","","48,30","","92,41","","","","","","Généralement dégagé"
"1968-06-13 08:00","1968","06","13","08:00"," ","15,00","","6,10","","55,00","","9,00","","16,00","","48,30","","92,40","","","","","","Généralement dégagé"
"1968-06-13 09:00","1968","06","13","09:00"," ","16,70","","3,90","","43,00","","14,00","","23,00","","48,30","","92,39","","","","","","Généralement dégagé"
"1968-06-13 10:00","1968","06","13","10:00"," ","16,70","","5,00","","46,00","","11,00","","23,00","","48,30","","92,38","","","","","","Généralement dégagé"
"1968-06-13 11:00","1968","06","13","11:00"," ","18,90","","3,90","","37,00","","9,00","","13,00","","48,30","","92,38","","","","","","Généralement dégagé"
"1968-06-13 12:00","1968","06","13","12:00"," ","19,40","","3,30","","34,00","","11,00","","16,00","","48,30","","92,35","","","","","","Généralement dégagé"
"1968-06-13 13:00","1968","06","13","13:00"," ","20,00","","3,30","","33,00","","11,00","","6,00","","48,30","","92,32","","","","","","Généralement dégagé"
"1968-06-13 14:00","1968","06","13","14:00"," ","20,60","","4,40","","34,00","","9,00","","10,00","","48,30","","92,27","","","","","","Généralement dégagé"
"1968-06-13 15:00","1968","06","13","15:00"," ","21,10","","2,80","","30,00","","9,00","","14,00","","48,30","","92,22","","","","","","Généralement dégagé"
"1968-06-13 16:00","1968","06","13","16:00"," ","20,60","","3,30","","32,00","","11,00","","13,00","","48,30","","92,29","","","","","","Généralement dégagé"
"1968-06-13 17:00","1968","06","13","17:00"," ","20,00","","3,30","","33,00","","11,00","","16,00","","48,30","","92,15","","","","","","Généralement dégagé"
"1968-06-13 18:00","1968","06","13","18:00"," ","19,40","","3,30","","34,00","","11,00","","8,00","","48,30","","92,16","","","","","","Généralement dégagé"
"1968-06-13 19:00","1968","06","13","19:00"," ","18,30","","2,80","","35,00","","14,00","","10,00","","48,30","","92,17","","","","","","Généralement nuageux"
"1968-06-13 20:00","1968","06","13","20:00"," ","16,70","","4,40","","45,00","","0,00","","0,00","","48,30","","92,17","","","","","","Généralement nuageux"
"1968-06-13 21:00","1968","06","13","21:00"," ","15,60","","3,30","","44,00","","5,00","","19,00","","48,30","","92,25","","","","","","Généralement nuageux"
"1968-06-13 22:00","1968","06","13","22:00"," ","13,90","","5,60","","58,00","","11,00","","3,00","","48,30","","92,24","","","","","","Généralement nuageux"
"1968-06-13 23:00","1968","06","13","23:00"," ","12,80","","5,60","","63,00","","0,00","","0,00","","48,30","","92,29","","","","","","Généralement nuageux"
"1968-06-14 00:00","1968","06","14","00:00"," ","12,20","","5,00","","60,00","","0,00","","0,00","","48,30","","92,37","","","","","","Averses de pluie"
"1968-06-14 01:00","1968","06","14","01:00"," ","10,60","","8,30","","87,00","","29,00","","6,00","","32,20","","92,43","","","","","","Nuageux"
"1968-06-14 02:00","1968","06","14","02:00"," ","10,00","","7,80","","87,00","","27,00","","3,00","","32,20","","92,44","","","","","","Averses de pluie"
"1968-06-14 03:00","1968","06","14","03:00"," ","9,40","","7,80","","90,00","","2,00","","5,00","","32,20","","92,42","","","","","","Averses de pluie"
"1968-06-14 04:00","1968","06","14","04:00"," ","9,40","","8,30","","92,00","","32,00","","3,00","","32,20","","92,44","","","","","","Généralement nuageux"
"1968-06-14 05:00","1968","06","14","05:00"," ","8,90","","7,80","","94,00","","0,00","","0,00","","24,10","","92,46","","","","","","Averses de pluie"
"1968-06-14 06:00","1968","06","14","06:00"," ","8,90","","7,80","","94,00","","9,00","","5,00","","4,80","","92,48","","","","","","Pluie"
"1968-06-14 07:00","1968","06","14","07:00"," ","7,20","","6,70","","98,00","","9,00","","6,00","","16,10","","92,47","","","","","","Pluie"
"1968-06-14 08:00","1968","06","14","08:00"," ","7,20","","7,20","","100,00","","9,00","","8,00","","8,00","","92,49","","","","","","Pluie"
"1968-06-14 09:00","1968","06","14","09:00"," ","7,20","","6,70","","98,00","","0,00","","0,00","","6,40","","92,46","","","","","","Pluie"
"1968-06-14 10:00","1968","06","14","10:00"," ","8,30","","7,80","","98,00","","0,00","","0,00","","3,20","","92,44","","","","","","Pluie"
"1968-06-14 11:00","1968","06","14","11:00"," ","8,90","","7,80","","94,00","","11,00","","3,00","","6,40","","92,42","","","","","","Pluie"
"1968-06-14 12:00","1968","06","14","12:00"," ","8,90","","8,30","","96,00","","0,00","","0,00","","8,00","","92,41","","","","","","Nuageux"
"1968-06-14 13:00","1968","06","14","13:00"," ","8,90","","8,30","","96,00","","0,00","","0,00","","3,20","","92,40","","","","","","Pluie modérée"
"1968-06-14 14:00","1968","06","14","14:00"," ","8,90","","8,30","","98,00","","0,00","","0,00","","4,80","","92,35","","","","","","Pluie"
"1968-06-14 15:00","1968","06","14","15:00"," ","9,40","","8,90","","98,00","","0,00","","0,00","","12,90","","92,30","","","","","","Nuageux"
"1968-06-14 16:00","1968","06","14","16:00"," ","10,60","","8,30","","87,00","","0,00","","0,00","","32,20","","92,24","","","","","","Généralement nuageux"
"1968-06-14 17:00","1968","06","14","17:00"," ","11,10","","6,70","","75,00","","11,00","","5,00","","32,20","","92,20","","","","","","Généralement nuageux"
"1968-06-14 18:00","1968","06","14","18:00"," ","11,10","","8,30","","84,00","","0,00","","0,00","","32,20","","92,20","","","","","","Nuageux"
"1968-06-14 19:00","1968","06","14","19:00"," ","8,90","","7,20","","90,00","","0,00","","0,00","","32,20","","92,20","","","","","","Averses de pluie"
"1968-06-14 20:00","1968","06","14","20:00"," ","8,90","","7,80","","94,00","","0,00","","0,00","","32,20","","92,18","","","","","","Généralement nuageux"
"1968-06-14 21:00","1968","06","14","21:00"," ","9,40","","7,80","","90,00","","0,00","","0,00","","32,20","","92,16","","","","","","Nuageux"
"1968-06-14 22:00","1968","06","14","22:00"," ","8,90","","8,30","","96,00","","0,00","","0,00","","32,20","","92,17","","","","","","Nuageux"
"1968-06-14 23:00","1968","06","14","23:00"," ","8,30","","7,20","","92,00","","0,00","","0,00","","32,20","","92,19","","","","","","Nuageux"
"1968-06-15 00:00","1968","06","15","00:00"," ","7,80","","7,20","","98,00","","0,00","","0,00","","40,20","","92,20","","","","","","Nuageux"
"1968-06-15 01:00","1968","06","15","01:00"," ","7,20","","6,70","","98,00","","11,00","","5,00","","40,20","","92,20","","","","","","Généralement nuageux"
"1968-06-15 02:00","1968","06","15","02:00"," ","7,80","","6,10","","90,00","","11,00","","6,00","","48,30","","92,20","","","","","","Nuageux"
"1968-06-15 03:00","1968","06","15","03:00"," ","7,20","","5,60","","90,00","","11,00","","16,00","","48,30","","92,20","","","","","","Nuageux"
"1968-06-15 04:00","1968","06","15","04:00"," ","6,70","","5,60","","92,00","","14,00","","11,00","","24,10","","92,19","","","","","","Averses de pluie"
"1968-06-15 05:00","1968","06","15","05:00"," ","6,70","","5,60","","92,00","","14,00","","13,00","","40,20","","92,20","","","","","","Averses de pluie"
"1968-06-15 06:00","1968","06","15","06:00"," ","7,20","","4,40","","82,00","","14,00","","13,00","","40,20","","92,21","","","","","","Averses de pluie"
"1968-06-15 07:00","1968","06","15","07:00"," ","7,20","","5,60","","90,00","","11,00","","10,00","","40,20","","92,21","","","","","","Averses de pluie"
"1968-06-15 08:00","1968","06","15","08:00"," ","7,80","","5,60","","86,00","","11,00","","16,00","","40,20","","92,22","","","","","","Généralement nuageux"
"1968-06-15 09:00","1968","06","15","09:00"," ","8,30","","5,00","","81,00","","16,00","","19,00","","32,20","","92,24","","","","","","Généralement nuageux"
"1968-06-15 10:00","1968","06","15","10:00"," ","10,00","","5,00","","71,00","","14,00","","16,00","","32,20","","92,19","","","","","","Généralement nuageux"
"1968-06-15 11:00","1968","06","15","11:00"," ","11,70","","6,10","","68,00","","14,00","","19,00","","32,20","","92,17","","","","","","Généralement nuageux"
"1968-06-15 12:00","1968","06","15","12:00"," ","12,20","","6,70","","70,00","","11,00","","19,00","","48,30","","92,13","","","","","","Généralement nuageux"
"1968-06-15 13:00","1968","06","15","13:00"," ","13,30","","7,80","","68,00","","14,00","","23,00","","48,30","","92,07","","","","","","Généralement nuageux"
"1968-06-15 14:00","1968","06","15","14:00"," ","13,90","","7,20","","64,00","","9,00","","23,00","","48,30","","92,02","","","","","","Généralement nuageux"
"1968-06-15 15:00","1968","06","15","15:00"," ","15,00","","7,20","","61,00","","16,00","","24,00","","48,30","","91,96","","","","","","Généralement nuageux"
"1968-06-15 16:00","1968","06","15","16:00"," ","15,00","","5,60","","54,00","","11,00","","24,00","","48,30","","91,80","","","","","","Généralement dégagé"
"1968-06-15 17:00","1968","06","15","17:00"," ","15,60","","5,60","","51,00","","14,00","","24,00","","48,30","","91,79","","","","","","Généralement dégagé"
"1968-06-15 18:00","1968","06","15","18:00"," ","15,60","","4,40","","48,00","","14,00","","13,00","","48,30","","91,78","","","","","","Généralement dégagé"
"1968-06-15 19:00","1968","06","15","19:00"," ","15,00","","2,80","","43,00","","14,00","","19,00","","48,30","","91,89","","","","","","Généralement dégagé"
"1968-06-15 20:00","1968","06","15","20:00"," ","13,90","","3,30","","48,00","","16,00","","5,00","","48,30","","91,92","","","","","","Généralement dégagé"
"1968-06-15 21:00","1968","06","15","21:00"," ","11,70","","5,60","","66,00","","25,00","","10,00","","48,30","","91,98","","","","","","Généralement nuageux"
"1968-06-15 22:00","1968","06","15","22:00"," ","10,00","","6,70","","80,00","","29,00","","19,00","","48,30","","92,08","","","","","","Généralement nuageux"
"1968-06-15 23:00","1968","06","15","23:00"," ","9,40","","6,70","","81,00","","29,00","","8,00","","48,30","","92,14","","","","","","Généralement nuageux"
"1968-06-16 00:00","1968","06","16","00:00"," ","8,90","","6,10","","83,00","","0,00","","0,00","","48,30","","92,15","","","","","","Généralement nuageux"
"1968-06-16 01:00","1968","06","16","01:00"," ","8,30","","6,10","","86,00","","0,00","","0,00","","48,30","","92,16","","","","","","Généralement nuageux"
"1968-06-16 02:00","1968","06","16","02:00"," ","6,70","","3,90","","81,00","","14,00","","3,00","","48,30","","92,17","","","","","","Généralement nuageux"
"1968-06-16 03:00","1968","06","16","03:00"," ","6,10","","0,60","","69,00","","9,00","","6,00","","48,30","","92,17","","","","","","Généralement nuageux"
"1968-06-16 04:00","1968","06","16","04:00"," ","7,20","","0,00","","61,00","","14,00","","10,00","","48,30","","92,16","","","","","","Généralement nuageux"
"1968-06-16 05:00","1968","06","16","05:00"," ","7,80","","0,00","","58,00","","11,00","","13,00","","48,30","","92,17","","","","","","Généralement nuageux"
"1968-06-16 06:00","1968","06","16","06:00"," ","8,90","","0,60","","56,00","","11,00","","19,00","","48,30","","92,15","","","","","","Généralement nuageux"
"1968-06-16 07:00","1968","06","16","07:00"," ","10,00","","1,10","","54,00","","11,00","","19,00","","48,30","","92,15","","","","","","Généralement dégagé"
"1968-06-16 08:00","1968","06","16","08:00"," ","11,10","","2,20","","54,00","","9,00","","19,00","","48,30","","92,14","","","","","","Généralement dégagé"
"1968-06-16 09:00","1968","06","16","09:00"," ","11,10","","2,20","","54,00","","9,00","","16,00","","48,30","","92,10","","","","","","Généralement dégagé"
"1968-06-16 10:00","1968","06","16","10:00"," ","12,80","","2,20","","49,00","","11,00","","16,00","","48,30","","92,07","","","","","","Généralement dégagé"
"1968-06-16 11:00","1968","06","16","11:00"," ","13,30","","2,20","","47,00","","9,00","","16,00","","48,30","","92,05","","","","","","Généralement dégagé"
"1968-06-16 12:00","1968","06","16","12:00"," ","14,40","","1,70","","42,00","","11,00","","19,00","","48,30","","92,01","","","","","","Généralement dégagé"
"1968-06-16 13:00","1968","06","16","13:00"," ","15,00","","0,60","","37,00","","11,00","","19,00","","48,30","","91,95","","","","","","Généralement dégagé"
"1968-06-16 14:00","1968","06","16","14:00"," ","15,60","","0,00","","34,00","","9,00","","16,00","","48,30","","91,87","","","","","","Généralement dégagé"
"1968-06-16 15:00","1968","06","16","15:00"," ","17,20","","0,00","","31,00","","11,00","","19,00","","48,30","","91,81","","","","","","Généralement dégagé"
"1968-06-16 16:00","1968","06","16","16:00"," ","17,20","","-1,70","","27,00","","14,00","","24,00","","48,30","","91,77","","","","","","Généralement dégagé"
"1968-06-16 17:00","1968","06","16","17:00"," ","17,80","","0,00","","30,00","","14,00","","19,00","","48,30","","91,74","","","","","","Généralement dégagé"
"1968-06-16 18:00","1968","06","16","18:00"," ","17,20","","-1,10","","28,00","","14,00","","26,00","","48,30","","91,74","","","","","","Généralement dégagé"
"1968-06-16 19:00","1968","06","16","19:00"," ","16,10","","-1,10","","31,00","","11,00","","11,00","","48,30","","91,74","","","","","","Généralement dégagé"
"1968-06-16 20:00","1968","06","16","20:00"," ","15,60","","-1,10","","32,00","","14,00","","13,00","","48,30","","91,74","","","","","","Généralement dégagé"
"1968-06-16 21:00","1968","06","16","21:00"," ","13,90","","-1,70","","35,00","","11,00","","6,00","","48,30","","91,76","","","","","","Généralement dégagé"
"1968-06-16 22:00","1968","06","16","22:00"," ","8,90","","3,90","","70,00","","9,00","","8,00","","48,30","","91,79","","","","","","Généralement nuageux"
"1968-06-16 23:00","1968","06","16","23:00"," ","8,90","","1,70","","61,00","","0,00","","0,00","","48,30","","91,85","","","","","","Généralement nuageux"
"1968-06-17 00:00","1968","06","17","00:00"," ","8,30","","2,80","","68,00","","7,00","","8,00","","48,30","","91,87","","","","","","Généralement nuageux"
"1968-06-17 01:00","1968","06","17","01:00"," ","8,90","","2,80","","65,00","","7,00","","13,00","","48,30","","91,91","","","","","","Généralement nuageux"
"1968-06-17 02:00","1968","06","17","02:00"," ","8,90","","2,80","","65,00","","9,00","","10,00","","48,30","","91,94","","","","","","Nuageux"
"1968-06-17 03:00","1968","06","17","03:00"," ","9,40","","1,10","","55,00","","9,00","","13,00","","48,30","","91,96","","","","","","Généralement nuageux"
"1968-06-17 04:00","1968","06","17","04:00"," ","10,00","","0,00","","49,00","","16,00","","16,00","","48,30","","91,92","","","","","","Généralement nuageux"
"1968-06-17 05:00","1968","06","17","05:00"," ","10,60","","0,00","","49,00","","14,00","","16,00","","48,30","","91,96","","","","","","Généralement nuageux"
"1968-06-17 06:00","1968","06","17","06:00"," ","10,60","","1,10","","52,00","","14,00","","19,00","","48,30","","91,99","","","","","","Généralement nuageux"
"1968-06-17 07:00","1968","06","17","07:00"," ","11,10","","1,10","","50,00","","14,00","","16,00","","48,30","","91,99","","","","","","Généralement dégagé"
"1968-06-17 08:00","1968","06","17","08:00"," ","11,70","","2,80","","55,00","","11,00","","26,00","","48,30","","91,97","","","","","","Généralement dégagé"
"1968-06-17 09:00","1968","06","17","09:00"," ","13,30","","2,20","","47,00","","11,00","","24,00","","48,30","","91,96","","","","","","Généralement dégagé"
"1968-06-17 10:00","1968","06","17","10:00"," ","15,60","","1,10","","38,00","","11,00","","24,00","","48,30","","91,94","","","","","","Généralement nuageux"
"1968-06-17 11:00","1968","06","17","11:00"," ","15,60","","1,10","","38,00","","11,00","","19,00","","48,30","","91,93","","","","","","Généralement nuageux"
"1968-06-17 12:00","1968","06","17","12:00"," ","16,10","","0,00","","34,00","","11,00","","24,00","","48,30","","91,89","","","","","","Généralement nuageux"
"1968-06-17 13:00","1968","06","17","13:00"," ","16,70","","-1,70","","29,00","","14,00","","29,00","","48,30","","91,83","","","","","","Généralement nuageux"
"1968-06-17 14:00","1968","06","17","14:00"," ","17,20","","-1,70","","27,00","","11,00","","24,00","","48,30","","91,78","","","","","","Généralement nuageux"
"1968-06-17 15:00","1968","06","17","15:00"," ","16,10","","0,00","","34,00","","11,00","","24,00","","48,30","","91,74","","","","","","Généralement dégagé"
"1968-06-17 16:00","1968","06","17","16:00"," ","17,20","","0,60","","33,00","","11,00","","19,00","","48,30","","91,72","","","","","","Généralement dégagé"
"1968-06-17 17:00","1968","06","17","17:00"," ","17,20","","1,70","","34,00","","14,00","","24,00","","48,30","","91,68","","","","","","Généralement dégagé"
"1968-06-17 18:00","1968","06","17","18:00"," ","16,10","","0,00","","34,00","","14,00","","26,00","","48,30","","91,64","","","","","","Généralement dégagé"
"1968-06-17 19:00","1968","06","17","19:00"," ","16,10","","0,00","","34,00","","14,00","","23,00","","48,30","","91,61","","","","","","Généralement dégagé"
"1968-06-17 20:00","1968","06","17","20:00"," ","13,90","","0,00","","39,00","","14,00","","32,00","","48,30","","91,63","","","","","","Généralement nuageux"
"1968-06-17 21:00","1968","06","17","21:00"," ","12,80","","0,60","","44,00","","11,00","","19,00","","48,30","","91,66","","","","","","Généralement nuageux"
"1968-06-17 22:00","1968","06","17","22:00"," ","11,70","","-1,10","","42,00","","14,00","","11,00","","48,30","","91,69","","","","","","Généralement nuageux"
"1968-06-17 23:00","1968","06","17","23:00"," ","11,10","","0,00","","47,00","","14,00","","16,00","","48,30","","91,72","","","","","","Généralement nuageux"
"1968-06-18 00:00","1968","06","18","00:00"," ","10,00","","0,60","","51,00","","0,00","","0,00","","48,30","","91,75","","","","","","Généralement nuageux"
"1968-06-18 01:00","1968","06","18","01:00"," ","8,90","","-0,60","","51,00","","11,00","","13,00","","48,30","","91,75","","","","","","Généralement nuageux"
"1968-06-18 02:00","1968","06","18","02:00"," ","8,90","","-0,60","","51,00","","11,00","","8,00","","48,30","","91,75","","","","","","Généralement dégagé"
"1968-06-18 03:00","1968","06","18","03:00"," ","5,00","","1,10","","76,00","","0,00","","0,00","","48,30","","91,69","","","","","","Généralement nuageux"
"1968-06-18 04:00","1968","06","18","04:00"," ","4,40","","0,60","","75,00","","0,00","","0,00","","48,30","","91,67","","","","","","Généralement nuageux"
"1968-06-18 05:00","1968","06","18","05:00"," ","6,70","","3,30","","79,00","","0,00","","0,00","","48,30","","91,63","","","","","","Généralement nuageux"
"1968-06-18 06:00","1968","06","18","06:00"," ","7,80","","0,60","","61,00","","0,00","","0,00","","48,30","","91,57","","","","","","Généralement dégagé"
"1968-06-18 07:00","1968","06","18","07:00"," ","10,00","","3,30","","64,00","","0,00","","0,00","","48,30","","91,49","","","","","","Généralement dégagé"
"1968-06-18 08:00","1968","06","18","08:00"," ","10,60","","2,80","","58,00","","9,00","","5,00","","48,30","","91,39","","","","","","Généralement dégagé"
"1968-06-18 09:00","1968","06","18","09:00"," ","11,70","","1,10","","49,00","","0,00","","0,00","","48,30","","91,34","","","","","","Généralement nuageux"
"1968-06-18 10:00","1968","06","18","10:00"," ","13,90","","0,00","","39,00","","0,00","","0,00","","48,30","","91,22","","","","","","Généralement nuageux"
"1968-06-18 11:00","1968","06","18","11:00"," ","15,00","","0,60","","37,00","","16,00","","8,00","","48,30","","91,13","","","","","","Généralement nuageux"
"1968-06-18 12:00","1968","06","18","12:00"," ","16,10","","2,20","","39,00","","9,00","","10,00","","48,30","","91,04","","","","","","Généralement nuageux"
"1968-06-18 13:00","1968","06","18","13:00"," ","15,60","","1,10","","38,00","","9,00","","8,00","","48,30","","90,96","","","","","","Généralement nuageux"
"1968-06-18 14:00","1968","06","18","14:00"," ","16,10","","-0,60","","32,00","","14,00","","10,00","","48,30","","90,88","","","","","","Généralement nuageux"
"1968-06-18 15:00","1968","06","18","15:00"," ","16,70","","1,70","","37,00","","0,00","","0,00","","48,30","","90,81","","","","","","Généralement nuageux"
"1968-06-18 16:00","1968","06","18","16:00"," ","15,60","","0,00","","34,00","","11,00","","19,00","","48,30","","90,79","","","","","","Nuageux"
"1968-06-18 17:00","1968","06","18","17:00"," ","12,80","","3,30","","52,00","","16,00","","13,00","","24,10","","90,87","","","","","","Pluie"
"1968-06-18 18:00","1968","06","18","18:00"," ","12,20","","5,00","","60,00","","34,00","","5,00","","48,30","","90,77","","","","","","Généralement nuageux"
"1968-06-18 19:00","1968","06","18","19:00"," ","11,70","","2,20","","52,00","","9,00","","8,00","","48,30","","90,77","","","","","","Nuageux"
"1968-06-18 20:00","1968","06","18","20:00"," ","10,60","","5,60","","70,00","","11,00","","10,00","","48,30","","90,76","","","","","","Généralement nuageux"
"1968-06-18 21:00","1968","06","18","21:00"," ","9,40","","5,60","","78,00","","9,00","","3,00","","48,30","","90,75","","","","","","Nuageux"
"1968-06-18 22:00","1968","06","18","22:00"," ","8,30","","5,60","","82,00","","11,00","","5,00","","48,30","","90,76","","","","","","Nuageux"
"1968-06-18 23:00","1968","06","18","23:00"," ","8,30","","6,10","","86,00","","0,00","","0,00","","48,30","","90,76","","","","","","Nuageux"
"1968-06-19 00:00","1968","06","19","00:00"," ","7,20","","5,00","","86,00","","32,00","","3,00","","48,30","","90,75","","","","","","Nuageux"
"1968-06-19 01:00","1968","06","19","01:00"," ","7,20","","6,70","","96,00","","0,00","","0,00","","12,90","","90,77","","","","","","Pluie"
"1968-06-19 02:00","1968","06","19","02:00"," ","6,70","","6,10","","98,00","","0,00","","0,00","","12,90","","90,77","","","","","","Pluie"
"1968-06-19 03:00","1968","06","19","03:00"," ","7,20","","6,70","","98,00","","0,00","","0,00","","12,90","","90,78","","","","","","Pluie"
"1968-06-19 04:00","1968","06","19","04:00"," ","7,20","","6,70","","96,00","","11,00","","10,00","","8,00","","90,79","","","","","","Pluie"
"1968-06-19 05:00","1968","06","19","05:00"," ","6,10","","5,60","","98,00","","11,00","","11,00","","16,10","","90,82","","","","","","Pluie"
"1968-06-19 06:00","1968","06","19","06:00"," ","6,10","","5,60","","98,00","","14,00","","8,00","","16,10","","90,82","","","","","","Pluie"
"1968-06-19 07:00","1968","06","19","07:00"," ","7,20","","6,10","","92,00","","14,00","","14,00","","16,10","","90,84","","","","","","Nuageux"
"1968-06-19 08:00","1968","06","19","08:00"," ","8,30","","5,60","","82,00","","11,00","","10,00","","16,10","","90,85","","","","","","Nuageux"
"1968-06-19 09:00","1968","06","19","09:00"," ","10,00","","6,10","","78,00","","16,00","","16,00","","40,20","","90,85","","","","","","Généralement nuageux"
"1968-06-19 10:00","1968","06","19","10:00"," ","10,60","","4,40","","65,00","","14,00","","16,00","","48,30","","90,84","","","","","","Généralement nuageux"
"1968-06-19 11:00","1968","06","19","11:00"," ","11,10","","5,00","","65,00","","14,00","","19,00","","48,30","","90,82","","","","","","Généralement nuageux"
"1968-06-19 12:00","1968","06","19","12:00"," ","12,80","","6,10","","64,00","","11,00","","19,00","","48,30","","90,81","","","","","","Généralement nuageux"
"1968-06-19 13:00","1968","06","19","13:00"," ","13,30","","5,60","","59,00","","11,00","","23,00","","48,30","","90,78","","","","","","Généralement nuageux"
"1968-06-19 14:00","1968","06","19","14:00"," ","13,90","","4,40","","54,00","","11,00","","19,00","","48,30","","90,75","","","","","","Généralement dégagé"
"1968-06-19 15:00","1968","06","19","15:00"," ","15,00","","6,10","","55,00","","11,00","","19,00","","48,30","","90,73","","","","","","Généralement nuageux"
"1968-06-19 16:00","1968","06","19","16:00"," ","15,60","","4,40","","47,00","","16,00","","13,00","","48,30","","90,72","","","","","","Généralement nuageux"
"1968-06-19 17:00","1968","06","19","17:00"," ","15,60","","4,40","","47,00","","11,00","","16,00","","48,30","","90,72","","","","","","Généralement dégagé"
"1968-06-19 18:00","1968","06","19","18:00"," ","15,60","","4,40","","48,00","","11,00","","16,00","","48,30","","90,72","","","","","","Généralement dégagé"
"1968-06-19 19:00","1968","06","19","19:00"," ","15,00","","3,90","","47,00","","14,00","","16,00","","48,30","","90,73","","","","","","Généralement nuageux"
"1968-06-19 20:00","1968","06","19","20:00"," ","13,30","","2,80","","49,00","","16,00","","8,00","","48,30","","90,77","","","","","","Généralement nuageux"
"1968-06-19 21:00","1968","06","19","21:00"," ","12,20","","2,80","","53,00","","14,00","","8,00","","48,30","","90,82","","","","","","Généralement nuageux"
"1968-06-19 22:00","1968","06","19","22:00"," ","11,10","","2,80","","56,00","","14,00","","13,00","","48,30","","90,87","","","","","","Pluie"
"1968-06-19 23:00","1968","06","19","23:00"," ","10,00","","1,70","","56,00","","16,00","","13,00","","48,30","","90,92","","","","","","Nuageux"
"1968-06-20 00:00","1968","06","20","00:00"," ","9,40","","1,70","","58,00","","14,00","","13,00","","48,30","","90,97","","","","","","Pluie"
"1968-06-20 01:00","1968","06","20","01:00"," ","8,90","","2,20","","63,00","","16,00","","11,00","","48,30","","91,02","","","","","","Pluie"
"1968-06-20 02:00","1968","06","20","02:00"," ","7,80","","3,30","","73,00","","14,00","","13,00","","48,30","","91,05","","","","","","Pluie"
"1968-06-20 03:00","1968","06","20","03:00"," ","7,80","","3,30","","73,00","","14,00","","8,00","","48,30","","91,09","","","","","","Généralement nuageux"
"1968-06-20 04:00","1968","06","20","04:00"," ","7,80","","2,20","","67,00","","14,00","","13,00","","48,30","","91,13","","","","","","Généralement nuageux"
"1968-06-20 05:00","1968","06","20","05:00"," ","7,80","","2,20","","67,00","","14,00","","13,00","","48,30","","91,18","","","","","","Généralement nuageux"
"1968-06-20 06:00","1968","06","20","06:00"," ","9,40","","2,20","","60,00","","14,00","","19,00","","48,30","","91,20","","","","","","Généralement nuageux"
"1968-06-20 07:00","1968","06","20","07:00"," ","9,40","","2,20","","62,00","","11,00","","16,00","","48,30","","91,26","","","","","","Généralement nuageux"
"1968-06-20 08:00","1968","06","20","08:00"," ","10,60","","3,90","","63,00","","18,00","","3,00","","48,30","","91,28","","","","","","Généralement nuageux"
"1968-06-20 09:00","1968","06","20","09:00"," ","11,70","","3,90","","58,00","","11,00","","16,00","","48,30","","91,30","","","","","","Généralement nuageux"
"1968-06-20 10:00","1968","06","20","10:00"," ","12,20","","3,90","","56,00","","11,00","","11,00","","48,30","","91,33","","","","","","Généralement nuageux"
"1968-06-20 11:00","1968","06","20","11:00"," ","14,40","","4,40","","50,00","","9,00","","10,00","","48,30","","91,33","","","","","","Généralement dégagé"
"1968-06-20 12:00","1968","06","20","12:00"," ","15,00","","4,40","","50,00","","9,00","","13,00","","48,30","","91,35","","","","","","Généralement dégagé"
"1968-06-20 13:00","1968","06","20","13:00"," ","16,10","","4,40","","45,00","","11,00","","13,00","","48,30","","91,35","","","","","","Généralement dégagé"
"1968-06-20 14:00","1968","06","20","14:00"," ","17,20","","5,60","","45,00","","16,00","","16,00","","48,30","","91,34","","","","","","Généralement dégagé"
"1968-06-20 15:00","1968","06","20","15:00"," ","17,20","","5,60","","45,00","","11,00","","16,00","","48,30","","91,32","","","","","","Généralement dégagé"
"1968-06-20 16:00","1968","06","20","16:00"," ","16,70","","2,80","","40,00","","11,00","","19,00","","48,30","","91,30","","","","","","Généralement dégagé"
"1968-06-20 17:00","1968","06","20","17:00"," ","16,10","","6,10","","50,00","","29,00","","8,00","","48,30","","91,35","","","","","","Généralement dégagé"
"1968-06-20 18:00","1968","06","20","18:00"," ","15,60","","5,00","","49,00","","0,00","","0,00","","48,30","","91,36","","","","","","Généralement dégagé"
"1968-06-20 19:00","1968","06","20","19:00"," ","13,30","","5,60","","59,00","","25,00","","11,00","","48,30","","91,42","","","","","","Généralement nuageux"
"1968-06-20 20:00","1968","06","20","20:00"," ","11,70","","6,70","","71,00","","27,00","","13,00","","48,30","","91,49","","","","","","Averses de pluie"
"1968-06-20 21:00","1968","06","20","21:00"," ","10,60","","6,70","","77,00","","27,00","","5,00","","48,30","","91,61","","","","","","Averses de pluie"
"1968-06-20 22:00","1968","06","20","22:00"," ","9,40","","7,20","","85,00","","18,00","","3,00","","16,10","","91,74","","","","","","Averses de pluie"
"1968-06-20 23:00","1968","06","20","23:00"," ","8,90","","6,10","","83,00","","25,00","","5,00","","32,20","","91,79","","","","","","Nuageux"
"1968-06-21 00:00","1968","06","21","00:00"," ","8,30","","6,10","","86,00","","25,00","","3,00","","32,20","","91,85","","","","","","Nuageux"
"1968-06-21 01:00","1968","06","21","01:00"," ","7,80","","6,70","","92,00","","0,00","","0,00","","32,20","","91,87","","","","","","Averses de pluie"
"1968-06-21 02:00","1968","06","21","02:00"," ","7,80","","5,60","","86,00","","0,00","","0,00","","32,20","","91,91","","","","","","Nuageux"
"1968-06-21 03:00","1968","06","21","03:00"," ","7,20","","6,10","","92,00","","0,00","","0,00","","48,30","","91,93","","","","","","Nuageux"
"1968-06-21 04:00","1968","06","21","04:00"," ","6,70","","3,90","","81,00","","0,00","","0,00","","48,30","","91,94","","","","","","Généralement nuageux"
"1968-06-21 05:00","1968","06","21","05:00"," ","6,70","","3,30","","79,00","","14,00","","11,00","","48,30","","91,95","","","","","","Généralement nuageux"
"1968-06-21 06:00","1968","06","21","06:00"," ","7,20","","2,80","","72,00","","14,00","","13,00","","48,30","","91,97","","","","","","Généralement nuageux"
"1968-06-21 07:00","1968","06","21","07:00"," ","7,80","","2,20","","67,00","","16,00","","13,00","","48,30","","92,00","","","","","","Généralement nuageux"
"1968-06-21 08:00","1968","06","21","08:00"," ","8,30","","2,20","","66,00","","11,00","","8,00","","48,30","","92,03","","","","","","Généralement nuageux"
"1968-06-21 09:00","1968","06","21","09:00"," ","9,40","","3,30","","65,00","","11,00","","16,00","","48,30","","92,04","","","","","","Généralement nuageux"
"1968-06-21 10:00","1968","06","21","10:00"," ","10,60","","3,30","","62,00","","11,00","","16,00","","48,30","","92,04","","","","","","Généralement nuageux"
"1968-06-21 11:00","1968","06","21","11:00"," ","11,10","","3,30","","59,00","","11,00","","19,00","","48,30","","92,04","","","","","","Généralement nuageux"
"1968-06-21 12:00","1968","06","21","12:00"," ","12,20","","3,90","","57,00","","11,00","","16,00","","48,30","","92,02","","","","","","Généralement nuageux"
"1968-06-21 13:00","1968","06","21","13:00"," ","12,80","","3,90","","54,00","","11,00","","16,00","","48,30","","92,01","","","","","","Généralement nuageux"
"1968-06-21 14:00","1968","06","21","14:00"," ","12,20","","3,30","","54,00","","11,00","","19,00","","48,30","","91,99","","","","","","Généralement nuageux"
"1968-06-21 15:00","1968","06","21","15:00"," ","13,30","","4,40","","56,00","","11,00","","19,00","","48,30","","91,97","","","","","","Généralement nuageux"
"1968-06-21 16:00","1968","06","21","16:00"," ","13,90","","5,60","","57,00","","11,00","","6,00","","48,30","","91,93","","","","","","Généralement dégagé"
"1968-06-21 17:00","1968","06","21","17:00"," ","15,60","","6,70","","55,00","","9,00","","3,00","","48,30","","91,89","","","","","","Généralement dégagé"
"1968-06-21 18:00","1968","06","21","18:00"," ","15,60","","4,40","","47,00","","9,00","","3,00","","48,30","","91,88","","","","","","Généralement dégagé"
"1968-06-21 19:00","1968","06","21","19:00"," ","15,00","","4,40","","50,00","","0,00","","0,00","","48,30","","91,91","","","","","","Généralement nuageux"
"1968-06-21 20:00","1968","06","21","20:00"," ","12,80","","5,00","","60,00","","0,00","","0,00","","48,30","","91,96","","","","","","Généralement nuageux"
"1968-06-21 21:00","1968","06","21","21:00"," ","12,20","","4,40","","59,00","","27,00","","8,00","","48,30","","92,05","","","","","","Généralement nuageux"
"1968-06-21 22:00","1968","06","21","22:00"," ","8,90","","6,70","","87,00","","29,00","","16,00","","16,10","","92,12","","","","","","Averses de pluie"
"1968-06-21 23:00","1968","06","21","23:00"," ","7,80","","7,20","","96,00","","25,00","","11,00","","16,10","","92,19","","","","","","Averses de pluie"
"1968-06-22 00:00","1968","06","22","00:00"," ","7,80","","7,20","","96,00","","29,00","","11,00","","24,10","","92,20","","","","","","Nuageux"
"1968-06-22 01:00","1968","06","22","01:00"," ","7,20","","6,70","","98,00","","29,00","","3,00","","32,20","","92,24","","","","","","Nuageux"
"1968-06-22 02:00","1968","06","22","02:00"," ","6,70","","6,10","","96,00","","29,00","","8,00","","16,10","","92,27","","","","","","Averses de pluie"
"1968-06-22 03:00","1968","06","22","03:00"," ","6,70","","5,60","","92,00","","27,00","","8,00","","16,10","","92,29","","","","","","Pluie"
"1968-06-22 04:00","1968","06","22","04:00"," ","6,70","","5,00","","90,00","","29,00","","13,00","","16,10","","92,32","","","","","","Nuageux"
"1968-06-22 05:00","1968","06","22","05:00"," ","6,70","","5,60","","92,00","","27,00","","8,00","","16,10","","92,37","","","","","","Pluie"
"1968-06-22 06:00","1968","06","22","06:00"," ","7,20","","5,60","","88,00","","32,00","","8,00","","24,10","","92,40","","","","","","Nuageux"
"1968-06-22 07:00","1968","06","22","07:00"," ","6,70","","5,60","","92,00","","32,00","","16,00","","24,10","","92,43","","","","","","Nuageux"
"1968-06-22 08:00","1968","06","22","08:00"," ","7,20","","5,00","","86,00","","29,00","","13,00","","24,10","","92,44","","","","","","Averses de pluie"
"1968-06-22 09:00","1968","06","22","09:00"," ","7,80","","4,40","","80,00","","29,00","","24,00","","32,20","","92,47","","","","","","Généralement nuageux"
"1968-06-22 10:00","1968","06","22","10:00"," ","8,30","","5,00","","79,00","","29,00","","19,00","","32,20","","92,49","","","","","","Averses de pluie"
"1968-06-22 11:00","1968","06","22","11:00"," ","8,30","","5,00","","79,00","","29,00","","24,00","","32,20","","92,49","","","","","","Généralement nuageux"
"1968-06-22 12:00","1968","06","22","12:00"," ","10,00","","5,60","","75,00","","34,00","","13,00","","48,30","","92,48","","","","","","Généralement nuageux"
"1968-06-22 13:00","1968","06","22","13:00"," ","10,60","","5,60","","70,00","","29,00","","11,00","","48,30","","92,46","","","","","","Généralement dégagé"
"1968-06-22 14:00","1968","06","22","14:00"," ","11,10","","5,00","","65,00","","32,00","","13,00","","48,30","","92,44","","","","","","Généralement dégagé"
"1968-06-22 15:00","1968","06","22","15:00"," ","12,20","","5,00","","62,00","","27,00","","11,00","","48,30","","92,42","","","","","","Généralement dégagé"
"1968-06-22 16:00","1968","06","22","16:00"," ","13,90","","3,90","","51,00","","27,00","","16,00","","48,30","","92,40","","","","","","Généralement dégagé"
"1968-06-22 17:00","1968","06","22","17:00"," ","11,70","","2,80","","55,00","","27,00","","10,00","","48,30","","92,41","","","","","","Généralement dégagé"
"1968-06-22 18:00","1968","06","22","18:00"," ","13,90","","3,90","","51,00","","36,00","","5,00","","48,30","","92,38","","","","","","Généralement dégagé"
"1968-06-22 19:00","1968","06","22","19:00"," ","12,80","","5,00","","58,00","","34,00","","8,00","","48,30","","92,41","","","","","","Généralement dégagé"
"1968-06-22 20:00","1968","06","22","20:00"," ","11,70","","4,40","","61,00","","34,00","","11,00","","48,30","","92,47","","","","","","Généralement dégagé"
"1968-06-22 21:00","1968","06","22","21:00"," ","10,00","","5,00","","71,00","","34,00","","6,00","","48,30","","92,48","","","","","","Généralement dégagé"
"1968-06-22 22:00","1968","06","22","22:00"," ","7,80","","4,40","","80,00","","34,00","","5,00","","48,30","","92,51","","","","","","Généralement dégagé"
"1968-06-22 23:00","1968","06","22","23:00"," ","3,90","","3,30","","95,00","","0,00","","0,00","","48,30","","92,55","","","","","","Généralement dégagé"
"1968-06-23 00:00","1968","06","23","00:00"," ","2,80","","1,70","","93,00","","0,00","","0,00","","48,30","","92,59","","","","","","Généralement dégagé"
"1968-06-23 01:00","1968","06","23","01:00"," ","3,30","","2,80","","98,00","","0,00","","0,00","","48,30","","92,62","","","","","","Généralement dégagé"
"1968-06-23 02:00","1968","06","23","02:00"," ","3,30","","2,20","","93,00","","0,00","","0,00","","48,30","","92,65","","","","","","Généralement nuageux"
"1968-06-23 03:00","1968","06","23","03:00"," ","4,40","","3,90","","98,00","","0,00","","0,00","","48,30","","92,65","","","","","","Généralement nuageux"
"1968-06-23 04:00","1968","06","23","04:00"," ","5,60","","4,40","","93,00","","0,00","","0,00","","48,30","","92,65","","","","","","Généralement nuageux"
"1968-06-23 05:00","1968","06","23","05:00"," ","6,70","","3,30","","79,00","","0,00","","0,00","","48,30","","92,65","","","","","","Généralement nuageux"
"1968-06-23 06:00","1968","06","23","06:00"," ","7,20","","3,30","","76,00","","11,00","","13,00","","48,30","","92,61","","","","","","Généralement nuageux"
"1968-06-23 07:00","1968","06","23","07:00"," ","8,90","","3,30","","68,00","","11,00","","14,00","","48,30","","92,58","","","","","","Généralement dégagé"
"1968-06-23 08:00","1968","06","23","08:00"," ","10,60","","3,30","","60,00","","11,00","","16,00","","48,30","","92,53","","","","","","Généralement nuageux"
"1968-06-23 09:00","1968","06","23","09:00"," ","11,10","","3,90","","61,00","","9,00","","11,00","","48,30","","92,43","","","","","","Généralement nuageux"
"1968-06-23 10:00","1968","06","23","10:00"," ","11,10","","3,90","","61,00","","9,00","","13,00","","48,30","","92,41","","","","","","Généralement nuageux"
"1968-06-23 11:00","1968","06","23","11:00"," ","12,80","","5,00","","58,00","","9,00","","16,00","","48,30","","92,38","","","","","","Nuageux"
"1968-06-23 12:00","1968","06","23","12:00"," ","13,30","","5,00","","57,00","","9,00","","13,00","","48,30","","92,34","","","","","","Nuageux"
"1968-06-23 13:00","1968","06","23","13:00"," ","15,00","","2,80","","43,00","","11,00","","19,00","","48,30","","92,24","","","","","","Nuageux"
"1968-06-23 14:00","1968","06","23","14:00"," ","15,00","","3,30","","46,00","","11,00","","16,00","","48,30","","92,12","","","","","","Généralement nuageux"
"1968-06-23 15:00","1968","06","23","15:00"," ","16,10","","2,80","","40,00","","11,00","","16,00","","48,30","","92,08","","","","","","Généralement nuageux"
"1968-06-23 16:00","1968","06","23","16:00"," ","16,10","","2,20","","39,00","","11,00","","18,00","","48,30","","92,06","","","","","","Généralement nuageux"
"1968-06-23 17:00","1968","06","23","17:00"," ","16,70","","2,20","","38,00","","14,00","","16,00","","48,30","","91,92","","","","","","Généralement nuageux"
"1968-06-23 18:00","1968","06","23","18:00"," ","16,10","","0,00","","34,00","","14,00","","16,00","","48,30","","91,85","","","","","","Généralement nuageux"
"1968-06-23 19:00","1968","06","23","19:00"," ","14,40","","2,20","","44,00","","14,00","","16,00","","48,30","","91,82","","","","","","Généralement nuageux"
"1968-06-23 20:00","1968","06","23","20:00"," ","13,90","","1,70","","43,00","","11,00","","19,00","","48,30","","91,77","","","","","","Généralement nuageux"
"1968-06-23 21:00","1968","06","23","21:00"," ","12,80","","0,00","","42,00","","11,00","","16,00","","48,30","","91,75","","","","","","Généralement nuageux"
"1968-06-23 22:00","1968","06","23","22:00"," ","12,20","","1,70","","48,00","","11,00","","19,00","","48,30","","91,74","","","","","","Généralement nuageux"
"1968-06-23 23:00","1968","06","23","23:00"," ","11,10","","-0,60","","44,00","","0,00","","0,00","","48,30","","91,72","","","","","","Généralement nuageux"
"1968-06-24 00:00","1968","06","24","00:00"," ","11,10","","-1,70","","40,00","","11,00","","11,00","","48,30","","91,68","","","","","","Nuageux"
"1968-06-24 01:00","1968","06","24","01:00"," ","10,60","","-3,90","","36,00","","14,00","","24,00","","48,30","","91,66","","","","","","Nuageux"
"1968-06-24 02:00","1968","06","24","02:00"," ","10,00","","-2,80","","41,00","","14,00","","24,00","","48,30","","91,65","","","","","","Nuageux"
"1968-06-24 03:00","1968","06","24","03:00"," ","10,00","","-1,70","","45,00","","14,00","","24,00","","48,30","","91,62","","","","","","Nuageux"
"1968-06-24 04:00","1968","06","24","04:00"," ","10,00","","-2,20","","43,00","","14,00","","29,00","","48,30","","91,56","","","","","","Généralement nuageux"
"1968-06-24 05:00","1968","06","24","05:00"," ","8,90","","-0,60","","52,00","","11,00","","29,00","","48,30","","91,56","","","","","","Nuageux"
"1968-06-24 06:00","1968","06","24","06:00"," ","8,90","","0,60","","56,00","","11,00","","26,00","","48,30","","91,55","","","","","","Nuageux"
"1968-06-24 07:00","1968","06","24","07:00"," ","8,90","","1,70","","59,00","","14,00","","24,00","","48,30","","91,53","","","","","","Nuageux"
"1968-06-24 08:00","1968","06","24","08:00"," ","9,40","","2,20","","60,00","","14,00","","24,00","","48,30","","91,49","","","","","","Généralement nuageux"
"1968-06-24 09:00","1968","06","24","09:00"," ","11,10","","2,20","","54,00","","14,00","","24,00","","48,30","","91,48","","","","","","Généralement dégagé"
"1968-06-24 10:00","1968","06","24","10:00"," ","11,10","","2,80","","57,00","","9,00","","19,00","","48,30","","91,47","","","","","","Généralement nuageux"
"1968-06-24 11:00","1968","06","24","11:00"," ","13,30","","1,70","","45,00","","14,00","","19,00","","48,30","","91,46","","","","","","Généralement dégagé"
"1968-06-24 12:00","1968","06","24","12:00"," ","15,00","","2,80","","45,00","","14,00","","24,00","","48,30","","91,44","","","","","","Généralement nuageux"
"1968-06-24 13:00","1968","06","24","13:00"," ","15,00","","2,20","","42,00","","14,00","","24,00","","48,30","","91,42","","","","","","Généralement nuageux"
"1968-06-24 14:00","1968","06","24","14:00"," ","16,10","","3,90","","44,00","","14,00","","24,00","","48,30","","91,40","","","","","","Généralement nuageux"
"1968-06-24 15:00","1968","06","24","15:00"," ","15,00","","2,80","","43,00","","11,00","","19,00","","48,30","","91,39","","","","","","Généralement nuageux"
"1968-06-24 16:00","1968","06","24","16:00"," ","15,60","","2,80","","43,00","","14,00","","23,00","","48,30","","91,35","","","","","","Généralement nuageux"
"1968-06-24 17:00","1968","06","24","17:00"," ","15,00","","3,30","","46,00","","14,00","","16,00","","48,30","","91,35","","","","","","Généralement nuageux"
"1968-06-24 18:00","1968","06","24","18:00"," ","14,40","","2,80","","45,00","","14,00","","16,00","","48,30","","91,33","","","","","","Généralement nuageux"
"1968-06-24 19:00","1968","06","24","19:00"," ","14,40","","4,40","","50,00","","9,00","","6,00","","48,30","","91,34","","","","","","Généralement nuageux"
"1968-06-24 20:00","1968","06","24","20:00"," ","13,30","","3,30","","52,00","","14,00","","13,00","","48,30","","91,34","","","","","","Généralement nuageux"
"1968-06-24 21:00","1968","06","24","21:00"," ","12,20","","2,80","","53,00","","11,00","","16,00","","48,30","","91,38","","","","","","Généralement nuageux"
"1968-06-24 22:00","1968","06","24","22:00"," ","10,60","","2,80","","58,00","","16,00","","24,00","","48,30","","91,39","","","","","","Généralement dégagé"
"1968-06-24 23:00","1968","06","24","23:00"," ","9,40","","2,20","","60,00","","14,00","","10,00","","48,30","","91,40","","","","","","Généralement dégagé"
"1968-06-25 00:00","1968","06","25","00:00"," ","8,90","","2,80","","65,00","","14,00","","11,00","","48,30","","91,40","","","","","","Généralement dégagé"
"1968-06-25 01:00","1968","06","25","01:00"," ","7,80","","3,30","","73,00","","14,00","","16,00","","48,30","","91,43","","","","","","Généralement dégagé"
"1968-06-25 02:00","1968","06","25","02:00"," ","7,80","","2,80","","71,00","","16,00","","10,00","","48,30","","91,42","","","","","","Généralement nuageux"
"1968-06-25 03:00","1968","06","25","03:00"," ","8,30","","3,30","","71,00","","11,00","","8,00","","48,30","","91,40","","","","","","Généralement nuageux"
"1968-06-25 04:00","1968","06","25","04:00"," ","7,80","","3,30","","74,00","","18,00","","10,00","","48,30","","91,39","","","","","","Nuageux"
"1968-06-25 05:00","1968","06","25","05:00"," ","7,80","","3,30","","74,00","","0,00","","0,00","","48,30","","91,38","","","","","","Nuageux"
"1968-06-25 06:00","1968","06","25","06:00"," ","8,90","","3,90","","70,00","","14,00","","16,00","","32,20","","91,28","","","","","","Averses de pluie"
"1968-06-25 07:00","1968","06","25","07:00"," ","8,90","","3,90","","72,00","","0,00","","0,00","","32,20","","91,27","","","","","","Nuageux"
"1968-06-25 08:00","1968","06","25","08:00"," ","10,00","","5,00","","71,00","","0,00","","0,00","","40,20","","91,24","","","","","","Généralement nuageux"
"1968-06-25 09:00","1968","06","25","09:00"," ","11,10","","5,60","","69,00","","11,00","","13,00","","40,20","","91,18","","","","","","Généralement nuageux"
"1968-06-25 10:00","1968","06","25","10:00"," ","10,60","","6,10","","75,00","","11,00","","13,00","","40,20","","91,16","","","","","","Averses de pluie"
"1968-06-25 11:00","1968","06","25","11:00"," ","12,20","","5,60","","64,00","","7,00","","8,00","","48,30","","91,09","","","","","","Généralement nuageux"
"1968-06-25 12:00","1968","06","25","12:00"," ","13,30","","3,30","","50,00","","11,00","","3,00","","48,30","","91,04","","","","","","Généralement nuageux"
"1968-06-25 13:00","1968","06","25","13:00"," ","13,90","","3,30","","50,00","","11,00","","6,00","","48,30","","90,97","","","","","","Nuageux"
"1968-06-25 14:00","1968","06","25","14:00"," ","15,60","","1,70","","39,00","","9,00","","14,00","","48,30","","90,92","","","","","","Généralement nuageux"
"1968-06-25 15:00","1968","06","25","15:00"," ","16,10","","3,90","","44,00","","14,00","","10,00","","48,30","","90,86","","","","","","Généralement nuageux"
"1968-06-25 16:00","1968","06","25","16:00"," ","16,10","","2,20","","39,00","","9,00","","8,00","","48,30","","90,82","","","","","","Généralement nuageux"
"1968-06-25 17:00","1968","06","25","17:00"," ","16,10","","1,70","","37,00","","16,00","","13,00","","48,30","","90,80","","","","","","Généralement nuageux"
"1968-06-25 18:00","1968","06","25","18:00"," ","13,90","","6,70","","62,00","","29,00","","24,00","","48,30","","90,79","","","","","","Généralement nuageux"
"1968-06-25 19:00","1968","06","25","19:00"," ","12,80","","6,70","","66,00","","32,00","","23,00","","48,30","","90,83","","","","","","Généralement nuageux"
"1968-06-25 20:00","1968","06","25","20:00"," ","12,20","","6,10","","65,00","","29,00","","8,00","","48,30","","90,86","","","","","","Généralement nuageux"
"1968-06-25 21:00","1968","06","25","21:00"," ","11,10","","5,60","","69,00","","29,00","","8,00","","48,30","","90,90","","","","","","Généralement nuageux"
"1968-06-25 22:00","1968","06","25","22:00"," ","9,40","","5,60","","76,00","","27,00","","6,00","","48,30","","90,96","","","","","","Généralement dégagé"
"1968-06-25 23:00","1968","06","25","23:00"," ","8,30","","5,00","","81,00","","25,00","","8,00","","48,30","","91,00","","","","","","Généralement dégagé"
"1968-06-26 00:00","1968","06","26","00:00"," ","7,20","","5,00","","86,00","","27,00","","6,00","","48,30","","91,09","","","","","","Généralement dégagé"
"1968-06-26 01:00","1968","06","26","01:00"," ","8,30","","5,60","","82,00","","20,00","","6,00","","48,30","","91,11","","","","","","Généralement nuageux"
"1968-06-26 02:00","1968","06","26","02:00"," ","8,30","","5,60","","82,00","","27,00","","6,00","","48,30","","91,11","","","","","","Généralement nuageux"
"1968-06-26 03:00","1968","06","26","03:00"," ","7,20","","6,10","","92,00","","0,00","","0,00","","48,30","","91,10","","","","","","Généralement nuageux"
"1968-06-26 04:00","1968","06","26","04:00"," ","6,10","","2,20","","77,00","","0,00","","0,00","","48,30","","91,12","","","","","","Généralement nuageux"
"1968-06-26 05:00","1968","06","26","05:00"," ","6,10","","2,20","","77,00","","11,00","","8,00","","48,30","","91,13","","","","","","Généralement nuageux"
"1968-06-26 06:00","1968","06","26","06:00"," ","7,80","","3,30","","74,00","","9,00","","5,00","","48,30","","91,13","","","","","","Généralement nuageux"
"1968-06-26 07:00","1968","06","26","07:00"," ","9,40","","3,30","","65,00","","9,00","","10,00","","48,30","","91,14","","","","","","Généralement nuageux"
"1968-06-26 08:00","1968","06","26","08:00"," ","11,10","","3,30","","59,00","","9,00","","16,00","","48,30","","91,14","","","","","","Généralement dégagé"
"1968-06-26 09:00","1968","06","26","09:00"," ","12,20","","2,80","","53,00","","9,00","","14,00","","48,30","","91,12","","","","","","Généralement dégagé"
"1968-06-26 10:00","1968","06","26","10:00"," ","13,30","","2,20","","47,00","","9,00","","13,00","","48,30","","91,10","","","","","","Généralement dégagé"
"1968-06-26 11:00","1968","06","26","11:00"," ","14,40","","3,30","","46,00","","7,00","","5,00","","48,30","","91,08","","","","","","Généralement dégagé"
"1968-06-26 12:00","1968","06","26","12:00"," ","14,40","","1,10","","41,00","","11,00","","13,00","","48,30","","91,06","","","","","","Généralement dégagé"
"1968-06-26 13:00","1968","06","26","13:00"," ","16,10","","1,10","","36,00","","9,00","","13,00","","48,30","","91,05","","","","","","Généralement dégagé"
"1968-06-26 14:00","1968","06","26","14:00"," ","16,70","","2,80","","40,00","","9,00","","13,00","","48,30","","91,04","","","","","","Généralement dégagé"
"1968-06-26 15:00","1968","06","26","15:00"," ","16,70","","2,80","","40,00","","9,00","","13,00","","48,30","","91,04","","","","","","Généralement dégagé"
"1968-06-26 16:00","1968","06","26","16:00"," ","16,70","","1,10","","35,00","","2,00","","8,00","","48,30","","91,05","","","","","","Généralement dégagé"
"1968-06-26 17:00","1968","06","26","17:00"," ","15,60","","4,40","","47,00","","32,00","","13,00","","48,30","","91,06","","","","","","Généralement nuageux"
"1968-06-26 18:00","1968","06","26","18:00"," ","14,40","","4,40","","52,00","","34,00","","16,00","","48,30","","91,14","","","","","","Généralement nuageux"
"1968-06-26 19:00","1968","06","26","19:00"," ","14,40","","6,10","","57,00","","29,00","","11,00","","48,30","","91,16","","","","","","Généralement nuageux"
"1968-06-26 20:00","1968","06","26","20:00"," ","12,20","","6,10","","65,00","","32,00","","10,00","","48,30","","91,24","","","","","","Généralement nuageux"
"1968-06-26 21:00","1968","06","26","21:00"," ","11,10","","5,00","","65,00","","32,00","","8,00","","48,30","","91,27","","","","","","Averses de pluie"
"1968-06-26 22:00","1968","06","26","22:00"," ","10,60","","6,10","","73,00","","27,00","","5,00","","48,30","","91,35","","","","","","Généralement nuageux"
"1968-06-26 23:00","1968","06","26","23:00"," ","9,40","","5,60","","76,00","","0,00","","0,00","","48,30","","91,39","","","","","","Généralement nuageux"
"1968-06-27 00:00","1968","06","27","00:00"," ","9,40","","5,60","","78,00","","0,00","","0,00","","48,30","","91,46","","","","","","Nuageux"
"1968-06-27 01:00","1968","06","27","01:00"," ","8,90","","6,70","","87,00","","0,00","","0,00","","48,30","","91,50","","","","","","Nuageux"
"1968-06-27 02:00","1968","06","27","02:00"," ","8,90","","6,70","","85,00","","0,00","","0,00","","48,30","","91,54","","","","","","Nuageux"
"1968-06-27 03:00","1968","06","27","03:00"," ","8,30","","3,30","","71,00","","0,00","","0,00","","48,30","","91,60","","","","","","Généralement nuageux"
"1968-06-27 04:00","1968","06","27","04:00"," ","7,80","","1,10","","63,00","","11,00","","8,00","","48,30","","91,64","","","","","","Généralement nuageux"
"1968-06-27 05:00","1968","06","27","05:00"," ","7,80","","1,70","","65,00","","11,00","","10,00","","48,30","","91,68","","","","","","Généralement nuageux"
"1968-06-27 06:00","1968","06","27","06:00"," ","9,40","","1,70","","58,00","","11,00","","13,00","","48,30","","91,71","","","","","","Généralement nuageux"
"1968-06-27 07:00","1968","06","27","07:00"," ","10,00","","2,80","","61,00","","9,00","","16,00","","48,30","","91,75","","","","","","Généralement dégagé"
"1968-06-27 08:00","1968","06","27","08:00"," ","10,60","","3,30","","60,00","","9,00","","23,00","","48,30","","91,78","","","","","","Généralement dégagé"
"1968-06-27 09:00","1968","06","27","09:00"," ","11,70","","3,90","","58,00","","11,00","","19,00","","48,30","","91,80","","","","","","Généralement dégagé"
"1968-06-27 10:00","1968","06","27","10:00"," ","12,80","","3,90","","54,00","","9,00","","8,00","","48,30","","91,80","","","","","","Généralement dégagé"
"1968-06-27 11:00","1968","06","27","11:00"," ","15,00","","2,80","","43,00","","14,00","","6,00","","48,30","","91,81","","","","","","Généralement dégagé"
"1968-06-27 12:00","1968","06","27","12:00"," ","15,60","","3,30","","44,00","","2,00","","5,00","","48,30","","91,83","","","","","","Généralement dégagé"
"1968-06-27 13:00","1968","06","27","13:00"," ","16,10","","5,00","","47,00","","36,00","","11,00","","48,30","","91,86","","","","","","Généralement dégagé"
"1968-06-27 14:00","1968","06","27","14:00"," ","17,20","","6,10","","49,00","","29,00","","24,00","","48,30","","91,90","","","","","","Généralement dégagé"
"1968-06-27 15:00","1968","06","27","15:00"," ","17,20","","5,60","","47,00","","29,00","","16,00","","48,30","","91,93","","","","","","Généralement dégagé"
"1968-06-27 16:00","1968","06","27","16:00"," ","16,10","","6,10","","50,00","","29,00","","23,00","","48,30","","92,00","","","","","","Généralement nuageux"
"1968-06-27 17:00","1968","06","27","17:00"," ","15,00","","8,30","","65,00","","32,00","","29,00","","48,30","","92,09","","","","","","Généralement nuageux"
"1968-06-27 18:00","1968","06","27","18:00"," ","15,00","","7,20","","59,00","","32,00","","29,00","","48,30","","92,16","","","","","","Généralement nuageux"
"1968-06-27 19:00","1968","06","27","19:00"," ","14,40","","7,20","","62,00","","29,00","","19,00","","48,30","","92,27","","","","","","Généralement nuageux"
"1968-06-27 20:00","1968","06","27","20:00"," ","12,80","","7,80","","72,00","","29,00","","24,00","","48,30","","92,35","","","","","","Généralement nuageux"
"1968-06-27 21:00","1968","06","27","21:00"," ","12,20","","8,30","","76,00","","29,00","","19,00","","48,30","","92,39","","","","","","Généralement nuageux"
"1968-06-27 22:00","1968","06","27","22:00"," ","11,10","","8,90","","86,00","","29,00","","24,00","","48,30","","92,47","","","","","","Généralement nuageux"
"1968-06-27 23:00","1968","06","27","23:00"," ","10,60","","8,30","","87,00","","29,00","","24,00","","48,30","","92,52","","","","","","Généralement nuageux"
"1968-06-28 00:00","1968","06","28","00:00"," ","10,60","","7,80","","84,00","","29,00","","16,00","","48,30","","92,57","","","","","","Nuageux"
"1968-06-28 01:00","1968","06","28","01:00"," ","10,00","","8,30","","91,00","","29,00","","19,00","","16,10","","92,63","","","","","","Averses de pluie"
"1968-06-28 02:00","1968","06","28","02:00"," ","10,00","","8,30","","91,00","","32,00","","6,00","","48,30","","92,67","","","","","","Bruine"
"1968-06-28 03:00","1968","06","28","03:00"," ","10,00","","8,30","","89,00","","29,00","","13,00","","48,30","","92,71","","","","","","Nuageux"
"1968-06-28 04:00","1968","06","28","04:00"," ","10,00","","7,80","","87,00","","29,00","","8,00","","48,30","","92,75","","","","","","Nuageux"
"1968-06-28 05:00","1968","06","28","05:00"," ","10,60","","7,80","","84,00","","32,00","","6,00","","48,30","","92,81","","","","","","Nuageux"
"1968-06-28 06:00","1968","06","28","06:00"," ","10,60","","7,80","","82,00","","29,00","","10,00","","48,30","","92,85","","","","","","Nuageux"
"1968-06-28 07:00","1968","06","28","07:00"," ","11,70","","8,30","","79,00","","27,00","","16,00","","48,30","","92,91","","","","","","Nuageux"
"1968-06-28 08:00","1968","06","28","08:00"," ","12,20","","8,30","","78,00","","29,00","","16,00","","40,20","","92,95","","","","","","Pluie"
"1968-06-28 09:00","1968","06","28","09:00"," ","12,20","","8,30","","78,00","","32,00","","19,00","","40,20","","92,97","","","","","","Pluie"
"1968-06-28 10:00","1968","06","28","10:00"," ","13,30","","8,90","","74,00","","34,00","","16,00","","48,30","","92,98","","","","","","Nuageux"
"1968-06-28 11:00","1968","06","28","11:00"," ","13,90","","7,20","","64,00","","34,00","","19,00","","48,30","","92,99","","","","","","Nuageux"
"1968-06-28 12:00","1968","06","28","12:00"," ","15,00","","6,70","","57,00","","34,00","","13,00","","48,30","","92,99","","","","","","Nuageux"
"1968-06-28 13:00","1968","06","28","13:00"," ","16,70","","7,20","","53,00","","32,00","","13,00","","48,30","","92,98","","","","","","Généralement nuageux"
"1968-06-28 14:00","1968","06","28","14:00"," ","17,80","","8,30","","54,00","","29,00","","19,00","","48,30","","92,96","","","","","","Généralement nuageux"
"1968-06-28 15:00","1968","06","28","15:00"," ","17,20","","7,80","","54,00","","32,00","","16,00","","48,30","","92,93","","","","","","Généralement nuageux"
"1968-06-28 16:00","1968","06","28","16:00"," ","16,10","","7,20","","56,00","","32,00","","6,00","","48,30","","92,92","","","","","","Nuageux"
"1968-06-28 17:00","1968","06","28","17:00"," ","16,70","","7,20","","53,00","","29,00","","10,00","","48,30","","92,90","","","","","","Généralement nuageux"
"1968-06-28 18:00","1968","06","28","18:00"," ","16,70","","7,80","","56,00","","27,00","","6,00","","48,30","","92,89","","","","","","Généralement nuageux"
"1968-06-28 19:00","1968","06","28","19:00"," ","16,70","","7,80","","56,00","","0,00","","0,00","","48,30","","92,90","","","","","","Généralement nuageux"
"1968-06-28 20:00","1968","06","28","20:00"," ","16,10","","8,30","","59,00","","32,00","","10,00","","48,30","","92,93","","","","","","Généralement nuageux"
"1968-06-28 21:00","1968","06","28","21:00"," ","15,00","","8,30","","64,00","","0,00","","0,00","","48,30","","92,98","","","","","","Généralement nuageux"
"1968-06-28 22:00","1968","06","28","22:00"," ","13,30","","7,80","","68,00","","27,00","","13,00","","48,30","","93,02","","","","","","Généralement nuageux"
"1968-06-28 23:00","1968","06","28","23:00"," ","11,70","","6,70","","71,00","","25,00","","13,00","","48,30","","93,03","","","","","","Généralement nuageux"
"1968-06-29 00:00","1968","06","29","00:00"," ","12,20","","7,80","","75,00","","27,00","","8,00","","48,30","","93,04","","","","","","Généralement nuageux"
"1968-06-29 01:00","1968","06","29","01:00"," ","12,80","","7,80","","70,00","","25,00","","11,00","","48,30","","93,04","","","","","","Nuageux"
"1968-06-29 02:00","1968","06","29","02:00"," ","12,80","","7,80","","72,00","","27,00","","16,00","","48,30","","93,03","","","","","","Nuageux"
"1968-06-29 03:00","1968","06","29","03:00"," ","12,20","","7,80","","75,00","","0,00","","0,00","","48,30","","93,04","","","","","","Généralement nuageux"
"1968-06-29 04:00","1968","06","29","04:00"," ","11,10","","8,30","","82,00","","0,00","","0,00","","48,30","","93,04","","","","","","Généralement nuageux"
"1968-06-29 05:00","1968","06","29","05:00"," ","11,70","","8,90","","83,00","","0,00","","0,00","","48,30","","93,05","","","","","","Généralement nuageux"
"1968-06-29 06:00","1968","06","29","06:00"," ","12,80","","8,30","","75,00","","27,00","","8,00","","48,30","","93,04","","","","","","Nuageux"
"1968-06-29 07:00","1968","06","29","07:00"," ","13,30","","8,90","","74,00","","29,00","","6,00","","48,30","","93,04","","","","","","Nuageux"
"1968-06-29 08:00","1968","06","29","08:00"," ","14,40","","8,90","","69,00","","27,00","","6,00","","48,30","","93,05","","","","","","Généralement nuageux"
"1968-06-29 09:00","1968","06","29","09:00"," ","16,10","","8,90","","63,00","","34,00","","13,00","","48,30","","93,03","","","","","","Généralement nuageux"
"1968-06-29 10:00","1968","06","29","10:00"," ","16,70","","7,20","","53,00","","32,00","","10,00","","48,30","","92,99","","","","","","Généralement nuageux"
"1968-06-29 11:00","1968","06","29","11:00"," ","17,80","","6,70","","48,00","","0,00","","0,00","","48,30","","92,94","","","","","","Généralement nuageux"
"1968-06-29 12:00","1968","06","29","12:00"," ","19,40","","6,10","","42,00","","0,00","","0,00","","48,30","","92,87","","","","","","Généralement nuageux"
"1968-06-29 13:00","1968","06","29","13:00"," ","20,00","","7,80","","45,00","","9,00","","10,00","","48,30","","92,83","","","","","","Généralement dégagé"
"1968-06-29 14:00","1968","06","29","14:00"," ","20,00","","6,10","","40,00","","2,00","","6,00","","48,30","","92,80","","","","","","Généralement dégagé"
"1968-06-29 15:00","1968","06","29","15:00"," ","21,10","","7,80","","42,00","","9,00","","8,00","","48,30","","92,75","","","","","","Généralement nuageux"
"1968-06-29 16:00","1968","06","29","16:00"," ","20,60","","8,90","","47,00","","0,00","","0,00","","48,30","","92,71","","","","","","Généralement nuageux"
"1968-06-29 17:00","1968","06","29","17:00"," ","20,00","","6,70","","42,00","","0,00","","0,00","","48,30","","92,68","","","","","","Généralement nuageux"
"1968-06-29 18:00","1968","06","29","18:00"," ","20,00","","6,10","","40,00","","23,00","","6,00","","48,30","","92,65","","","","","","Généralement nuageux"
"1968-06-29 19:00","1968","06","29","19:00"," ","20,60","","6,10","","38,00","","27,00","","11,00","","48,30","","92,63","","","","","","Généralement nuageux"
"1968-06-29 20:00","1968","06","29","20:00"," ","18,90","","7,80","","49,00","","0,00","","0,00","","48,30","","92,64","","","","","","Généralement nuageux"
"1968-06-29 21:00","1968","06","29","21:00"," ","18,30","","6,10","","45,00","","29,00","","8,00","","48,30","","92,68","","","","","","Généralement nuageux"
"1968-06-29 22:00","1968","06","29","22:00"," ","15,60","","6,70","","56,00","","0,00","","0,00","","48,30","","92,73","","","","","","Généralement nuageux"
"1968-06-29 23:00","1968","06","29","23:00"," ","14,40","","6,70","","60,00","","0,00","","0,00","","48,30","","92,76","","","","","","Généralement nuageux"
"1968-06-30 00:00","1968","06","30","00:00"," ","13,30","","8,30","","71,00","","0,00","","0,00","","48,30","","92,78","","","","","","Généralement nuageux"
"1968-06-30 01:00","1968","06","30","01:00"," ","12,80","","8,90","","77,00","","0,00","","0,00","","48,30","","92,82","","","","","","Nuageux"
"1968-06-30 02:00","1968","06","30","02:00"," ","11,70","","8,90","","84,00","","27,00","","3,00","","48,30","","92,87","","","","","","Généralement nuageux"
"1968-06-30 03:00","1968","06","30","03:00"," ","11,10","","8,90","","87,00","","0,00","","0,00","","48,30","","92,86","","","","","","Généralement nuageux"
"1968-06-30 04:00","1968","06","30","04:00"," ","12,20","","7,80","","75,00","","29,00","","5,00","","48,30","","92,87","","","","","","Généralement nuageux"
"1968-06-30 05:00","1968","06","30","05:00"," ","13,30","","7,80","","69,00","","34,00","","5,00","","48,30","","92,88","","","","","","Généralement nuageux"
"1968-06-30 06:00","1968","06","30","06:00"," ","12,80","","7,80","","72,00","","23,00","","3,00","","48,30","","92,88","","","","","","Généralement nuageux"
"1968-06-30 07:00","1968","06","30","07:00"," ","14,40","","8,30","","66,00","","27,00","","13,00","","48,30","","92,88","","","","","","Généralement nuageux"
"1968-06-30 08:00","1968","06","30","08:00"," ","15,00","","8,30","","64,00","","34,00","","10,00","","48,30","","92,86","","","","","","Généralement nuageux"
"1968-06-30 09:00","1968","06","30","09:00"," ","16,70","","7,80","","56,00","","32,00","","14,00","","48,30","","92,88","","","","","","Généralement nuageux"
"1968-06-30 10:00","1968","06","30","10:00"," ","17,80","","7,20","","49,00","","29,00","","16,00","","48,30","","92,86","","","","","","Généralement nuageux"
"1968-06-30 11:00","1968","06","30","11:00"," ","19,40","","7,80","","47,00","","27,00","","10,00","","48,30","","92,85","","","","","","Généralement nuageux"
"1968-06-30 12:00","1968","06","30","12:00"," ","20,00","","7,80","","45,00","","29,00","","16,00","","48,30","","92,81","","","","","","Généralement dégagé"
"1968-06-30 13:00","1968","06","30","13:00"," ","17,80","","7,20","","51,00","","27,00","","16,00","","48,30","","92,83","","","","","","Averses de pluie"
"1968-06-30 14:00","1968","06","30","14:00"," ","18,90","","6,70","","45,00","","25,00","","10,00","","48,30","","92,80","","","","","","Généralement dégagé"
"1968-06-30 15:00","1968","06","30","15:00"," ","20,00","","7,80","","45,00","","32,00","","16,00","","48,30","","92,76","","","","","","Généralement dégagé"
"1968-06-30 16:00","1968","06","30","16:00"," ","18,90","","7,20","","46,00","","11,00","","10,00","","48,30","","92,75","","","","","","Généralement nuageux"
"1968-06-30 17:00","1968","06","30","17:00"," ","19,40","","7,80","","47,00","","16,00","","8,00","","48,30","","92,74","","","","","","Généralement nuageux"
"1968-06-30 18:00","1968","06","30","18:00"," ","15,00","","12,20","","84,00","","27,00","","16,00","","24,10","","92,84","","","","","","Averses de pluie"
"1968-06-30 19:00","1968","06","30","19:00"," ","11,70","","9,40","","88,00","","0,00","","0,00","","48,30","","92,89","","","","","","Averses de pluie"
"1968-06-30 20:00","1968","06","30","20:00"," ","11,70","","10,60","","93,00","","27,00","","10,00","","48,30","","92,86","","","","","","Averses de pluie"
"1968-06-30 21:00","1968","06","30","21:00"," ","11,70","","10,60","","93,00","","0,00","","0,00","","48,30","","92,88","","","","","","Généralement nuageux"
"1968-06-30 22:00","1968","06","30","22:00"," ","10,60","","9,40","","94,00","","0,00","","0,00","","48,30","","92,92","","","","","","Généralement nuageux"
"1968-06-30 23:00","1968","06","30","23:00"," ","8,90","","8,30","","98,00","","0,00","","0,00","","48,30","","92,93","","","","","","Généralement nuageux"
