"Nom de la Station","MISCOU ISLAND (AUT)"
"Province","NEW BRUNSWICK"
"Latitude","48,01"
"Longitude","-64,49"
"Altitude","4,00"
"Identification Climat","8103050"
"Identification OMM","71719"
"Identification TC","WMI"
"Toutes les heures sont exprimées en heure normale locale (HNL). Pour convertir l'heure locale en heure avancée de l'Est (HAE), ajoutez 1 heure s'il y a lieu."

"Légende"
"M","Données Manquantes"
"E","Valeur Estimée"
"ND","Non Disponible"
"**","Données fournies par un partenaire, non assujetties à un révision par les Archives climatiques nationales du Canada"

"Date/Heure","Année","Mois","Jour","Heure","Qualité des Données","Temp (°C)","Temp Indicateur","Point de rosée (°C)","Point de rosée Indicateur","Hum. rel (%)","Hum. rel. Indicateur","Dir. du vent (10s deg)","Dir. du vent Indicateur","Vit. du vent (km/h)","Vit. du vent Indicateur","Visibilité (km)","Visibilité Indicateur","Pression à la station (kPa)","Pression à la station Indicateur","Hmdx","Hmdx Indicateur","Refroid. éolien","Refroid. éolien Indicateur","Temps"
"1989-02-01 00:00","1989","02","01","00:00"," ","-1,00","","-3,50","","83,00","","19,00","","19,00","","15,00","","","M","","","-6,00","","ND"
"1989-02-01 01:00","1989","02","01","01:00"," ","0,00","","-2,60","","83,00","","21,00","","20,00","","15,00","","","M","","","-5,00","","ND"
"1989-02-01 02:00","1989","02","01","02:00"," ","0,50","","-1,50","","86,00","","21,00","","20,00","","15,00","","","M","","","","","ND"
"1989-02-01 03:00","1989","02","01","03:00"," ","2,00","","-0,70","","82,00","","21,00","","22,00","","15,00","","","M","","","","","ND"
"1989-02-01 04:00","1989","02","01","04:00"," ","2,20","","-0,50","","82,00","","22,00","","22,00","","15,00","","","M","","","","","ND"
"1989-02-01 05:00","1989","02","01","05:00"," ","2,20","","-0,70","","81,00","","21,00","","26,00","","15,00","","","M","","","","","ND"
"1989-02-01 06:00","1989","02","01","06:00"," ","2,20","","-0,50","","82,00","","21,00","","24,00","","15,00","","","M","","","","","ND"
"1989-02-01 07:00","1989","02","01","07:00"," ","2,40","","-0,80","","79,00","","22,00","","22,00","","15,00","","","M","","","","","ND"
"1989-02-01 08:00","1989","02","01","08:00"," ","2,50","","-0,60","","80,00","","21,00","","19,00","","15,00","","","M","","","","","ND"
"1989-02-01 09:00","1989","02","01","09:00"," ","2,60","","-0,50","","80,00","","21,00","","20,00","","15,00","","","M","","","","","ND"
"1989-02-01 10:00","1989","02","01","10:00"," ","3,00","","-0,20","","79,00","","21,00","","20,00","","15,00","","","M","","","","","ND"
"1989-02-01 11:00","1989","02","01","11:00"," ","4,10","","0,00","","75,00","","22,00","","28,00","","15,00","","","M","","","","","ND"
"1989-02-01 12:00","1989","02","01","12:00"," ","4,00","","0,00","","75,00","","21,00","","28,00","","15,00","","","M","","","","","ND"
"1989-02-01 13:00","1989","02","01","13:00"," ","3,50","","0,00","","78,00","","21,00","","19,00","","15,00","","","M","","","","","ND"
"1989-02-01 14:00","1989","02","01","14:00"," ","1,80","","-0,30","","86,00","","29,00","","20,00","","15,00","","","M","","","","","ND"
"1989-02-01 15:00","1989","02","01","15:00"," ","-2,00","","-3,60","","89,00","","6,00","","11,00","","15,00","","","M","","","-6,00","","ND"
"1989-02-01 16:00","1989","02","01","16:00"," ","-3,00","","-4,40","","90,00","","12,00","","9,00","","1,40","","","M","","","-7,00","","ND"
"1989-02-01 17:00","1989","02","01","17:00"," ","-2,40","","-5,80","","77,00","","29,00","","26,00","","15,00","","","M","","","-9,00","","ND"
"1989-02-01 18:00","1989","02","01","18:00"," ","-4,30","","-9,10","","69,00","","28,00","","28,00","","15,00","","","M","","","-12,00","","ND"
"1989-02-01 19:00","1989","02","01","19:00"," ","-5,20","","-11,30","","62,00","","30,00","","22,00","","15,00","","","M","","","-12,00","","ND"
"1989-02-01 20:00","1989","02","01","20:00"," ","-7,30","","-14,80","","55,00","","30,00","","20,00","","15,00","","","M","","","-14,00","","ND"
"1989-02-01 21:00","1989","02","01","21:00"," ","-8,60","","-15,70","","56,00","","29,00","","19,00","","15,00","","","M","","","-16,00","","ND"
"1989-02-01 22:00","1989","02","01","22:00"," ","-10,60","","-17,70","","56,00","","31,00","","20,00","","15,00","","","M","","","-19,00","","ND"
"1989-02-01 23:00","1989","02","01","23:00"," ","-11,70","","-18,10","","59,00","","30,00","","20,00","","15,00","","","M","","","-20,00","","ND"
"1989-02-02 00:00","1989","02","02","00:00"," ","-12,50","","-18,80","","59,00","","30,00","","20,00","","15,00","","","M","","","-21,00","","ND"
"1989-02-02 01:00","1989","02","02","01:00"," ","-13,00","","-19,60","","58,00","","30,00","","20,00","","15,00","","","M","","","-22,00","","ND"
"1989-02-02 02:00","1989","02","02","02:00"," ","-13,50","","-19,60","","60,00","","28,00","","22,00","","15,00","","","M","","","-23,00","","ND"
"1989-02-02 03:00","1989","02","02","03:00"," ","-14,30","","-20,40","","60,00","","29,00","","28,00","","15,00","","","M","","","-25,00","","ND"
"1989-02-02 04:00","1989","02","02","04:00"," ","-15,50","","-24,60","","46,00","","29,00","","30,00","","15,00","","","M","","","-27,00","","ND"
"1989-02-02 05:00","1989","02","02","05:00"," ","-15,80","","-23,60","","51,00","","28,00","","28,00","","15,00","","","M","","","-27,00","","ND"
"1989-02-02 06:00","1989","02","02","06:00"," ","-17,00","","-25,20","","49,00","","28,00","","24,00","","15,00","","","M","","","-28,00","","ND"
"1989-02-02 07:00","1989","02","02","07:00"," ","-17,50","","-25,40","","50,00","","29,00","","26,00","","15,00","","","M","","","-29,00","","ND"
"1989-02-02 08:00","1989","02","02","08:00"," ","-17,70","","-25,50","","51,00","","28,00","","22,00","","15,00","","","M","","","-28,00","","ND"
"1989-02-02 09:00","1989","02","02","09:00"," ","-17,70","","-25,70","","50,00","","28,00","","26,00","","15,00","","","M","","","-29,00","","ND"
"1989-02-02 10:00","1989","02","02","10:00"," ","-17,00","","-25,40","","48,00","","30,00","","26,00","","15,00","","","M","","","-28,00","","ND"
"1989-02-02 11:00","1989","02","02","11:00"," ","-16,30","","-24,60","","49,00","","29,00","","20,00","","15,00","","","M","","","-26,00","","ND"
"1989-02-02 12:00","1989","02","02","12:00"," ","-15,20","","-23,50","","49,00","","29,00","","17,00","","15,00","","","M","","","-24,00","","ND"
"1989-02-02 13:00","1989","02","02","13:00"," ","-14,30","","-22,80","","48,00","","27,00","","15,00","","15,00","","","M","","","-22,00","","ND"
"1989-02-02 14:00","1989","02","02","14:00"," ","-14,00","","-21,80","","52,00","","27,00","","22,00","","15,00","","","M","","","-23,00","","ND"
"1989-02-02 15:00","1989","02","02","15:00"," ","-13,30","","-22,00","","48,00","","27,00","","17,00","","15,00","","","M","","","-21,00","","ND"
"1989-02-02 16:00","1989","02","02","16:00"," ","-13,30","","-21,20","","51,00","","25,00","","11,00","","15,00","","","M","","","-20,00","","ND"
"1989-02-02 17:00","1989","02","02","17:00"," ","-13,50","","-21,40","","51,00","","27,00","","15,00","","15,00","","","M","","","-21,00","","ND"
"1989-02-02 18:00","1989","02","02","18:00"," ","-14,50","","-21,60","","55,00","","25,00","","17,00","","15,00","","","M","","","-23,00","","ND"
"1989-02-02 19:00","1989","02","02","19:00"," ","-14,80","","-22,60","","51,00","","25,00","","20,00","","15,00","","","M","","","-24,00","","ND"
"1989-02-02 20:00","1989","02","02","20:00"," ","-15,30","","-22,40","","55,00","","26,00","","19,00","","15,00","","","M","","","-24,00","","ND"
"1989-02-02 21:00","1989","02","02","21:00"," ","-14,70","","-22,40","","52,00","","28,00","","13,00","","15,00","","","M","","","-22,00","","ND"
"1989-02-02 22:00","1989","02","02","22:00"," ","-14,80","","-21,80","","55,00","","29,00","","11,00","","15,00","","","M","","","-21,00","","ND"
"1989-02-02 23:00","1989","02","02","23:00"," ","-14,10","","-21,70","","53,00","","30,00","","7,00","","15,00","","","M","","","-19,00","","ND"
"1989-02-03 00:00","1989","02","03","00:00"," ","-13,50","","-17,60","","71,00","","31,00","","15,00","","8,00","","","M","","","-21,00","","ND"
"1989-02-03 01:00","1989","02","03","01:00"," ","-13,50","","-18,70","","65,00","","5,00","","15,00","","15,00","","","M","","","-21,00","","ND"
"1989-02-03 02:00","1989","02","03","02:00"," ","-13,50","","-19,20","","62,00","","6,00","","11,00","","15,00","","","M","","","-20,00","","ND"
"1989-02-03 03:00","1989","02","03","03:00"," ","-13,80","","-20,60","","56,00","","5,00","","11,00","","15,00","","","M","","","-20,00","","ND"
"1989-02-03 04:00","1989","02","03","04:00"," ","-14,50","","-19,30","","67,00","","6,00","","15,00","","1,90","","","M","","","-22,00","","ND"
"1989-02-03 05:00","1989","02","03","05:00"," ","-14,50","","-19,10","","68,00","","5,00","","11,00","","4,80","","","M","","","-21,00","","ND"
"1989-02-03 06:00","1989","02","03","06:00"," ","-14,60","","-18,70","","71,00","","8,00","","9,00","","1,90","","","M","","","-20,00","","ND"
"1989-02-03 07:00","1989","02","03","07:00"," ","-15,00","","-18,80","","73,00","","7,00","","13,00","","5,60","","","M","","","-22,00","","ND"
"1989-02-03 08:00","1989","02","03","08:00"," ","-15,00","","-19,40","","69,00","","5,00","","9,00","","15,00","","","M","","","-21,00","","ND"
"1989-02-03 09:00","1989","02","03","09:00"," ","-15,00","","-19,30","","70,00","","6,00","","15,00","","7,20","","","M","","","-23,00","","ND"
"1989-02-03 10:00","1989","02","03","10:00"," ","-15,20","","-19,60","","69,00","","7,00","","15,00","","5,60","","","M","","","-23,00","","ND"
"1989-02-03 11:00","1989","02","03","11:00"," ","-15,10","","-19,30","","70,00","","6,00","","13,00","","7,20","","","M","","","-22,00","","ND"
"1989-02-03 12:00","1989","02","03","12:00"," ","-14,80","","-19,40","","68,00","","8,00","","13,00","","8,00","","","M","","","-22,00","","ND"
"1989-02-03 13:00","1989","02","03","13:00"," ","-15,00","","-19,40","","69,00","","7,00","","15,00","","4,00","","","M","","","-23,00","","ND"
"1989-02-03 14:00","1989","02","03","14:00"," ","-14,80","","-19,30","","69,00","","8,00","","15,00","","15,00","","","M","","","-23,00","","ND"
"1989-02-03 15:00","1989","02","03","15:00"," ","-14,60","","-19,10","","69,00","","9,00","","11,00","","8,00","","","M","","","-21,00","","ND"
"1989-02-03 16:00","1989","02","03","16:00"," ","-14,50","","-18,70","","70,00","","8,00","","9,00","","5,60","","","M","","","-20,00","","ND"
"1989-02-03 17:00","1989","02","03","17:00"," ","-14,30","","-18,10","","73,00","","8,00","","9,00","","11,30","","","M","","","-20,00","","ND"
"1989-02-03 18:00","1989","02","03","18:00"," ","-14,30","","-17,90","","74,00","","6,00","","9,00","","7,20","","","M","","","-20,00","","ND"
"1989-02-03 19:00","1989","02","03","19:00"," ","-14,00","","-17,30","","76,00","","7,00","","9,00","","11,30","","","M","","","-20,00","","ND"
"1989-02-03 20:00","1989","02","03","20:00"," ","-13,60","","-17,00","","75,00","","5,00","","9,00","","9,70","","","M","","","-19,00","","ND"
"1989-02-03 21:00","1989","02","03","21:00"," ","-13,50","","-16,80","","76,00","","3,00","","7,00","","7,20","","","M","","","-18,00","","ND"
"1989-02-03 22:00","1989","02","03","22:00"," ","-13,70","","-16,80","","77,00","","36,00","","6,00","","15,00","","","M","","","-18,00","","ND"
"1989-02-03 23:00","1989","02","03","23:00"," ","-14,10","","-17,40","","76,00","","36,00","","9,00","","15,00","","","M","","","-20,00","","ND"
"1989-02-04 00:00","1989","02","04","00:00"," ","-14,00","","-17,20","","77,00","","34,00","","11,00","","15,00","","","M","","","-20,00","","ND"
"1989-02-04 01:00","1989","02","04","01:00"," ","-14,00","","-17,20","","77,00","","33,00","","7,00","","15,00","","","M","","","-19,00","","ND"
"1989-02-04 02:00","1989","02","04","02:00"," ","-15,50","","-19,00","","74,00","","28,00","","11,00","","15,00","","","M","","","-22,00","","ND"
"1989-02-04 03:00","1989","02","04","03:00"," ","-15,00","","-18,60","","74,00","","29,00","","19,00","","15,00","","","M","","","-24,00","","ND"
"1989-02-04 04:00","1989","02","04","04:00"," ","-15,80","","-20,30","","68,00","","29,00","","15,00","","15,00","","","M","","","-24,00","","ND"
"1989-02-04 05:00","1989","02","04","05:00"," ","-16,70","","-21,60","","66,00","","30,00","","17,00","","15,00","","","M","","","-26,00","","ND"
"1989-02-04 06:00","1989","02","04","06:00"," ","-20,20","","-25,50","","63,00","","28,00","","9,00","","15,00","","","M","","","-27,00","","ND"
"1989-02-04 07:00","1989","02","04","07:00"," ","-19,50","","-24,90","","62,00","","27,00","","17,00","","15,00","","","M","","","-29,00","","ND"
"1989-02-04 08:00","1989","02","04","08:00"," ","-18,20","","-23,50","","63,00","","28,00","","20,00","","15,00","","","M","","","-28,00","","ND"
"1989-02-04 09:00","1989","02","04","09:00"," ","-17,50","","-23,80","","58,00","","28,00","","26,00","","15,00","","","M","","","-29,00","","ND"
"1989-02-04 10:00","1989","02","04","10:00"," ","-17,70","","-25,20","","52,00","","29,00","","22,00","","15,00","","","M","","","-28,00","","ND"
"1989-02-04 11:00","1989","02","04","11:00"," ","-17,20","","-25,40","","49,00","","29,00","","19,00","","15,00","","","M","","","-27,00","","ND"
"1989-02-04 12:00","1989","02","04","12:00"," ","-17,00","","-25,10","","49,00","","30,00","","22,00","","15,00","","","M","","","-27,00","","ND"
"1989-02-04 13:00","1989","02","04","13:00"," ","-17,20","","-25,10","","50,00","","29,00","","24,00","","15,00","","","M","","","-28,00","","ND"
"1989-02-04 14:00","1989","02","04","14:00"," ","-18,00","","-25,20","","53,00","","27,00","","26,00","","15,00","","","M","","","-29,00","","ND"
"1989-02-04 15:00","1989","02","04","15:00"," ","-18,00","","-25,70","","51,00","","26,00","","30,00","","15,00","","","M","","","-30,00","","ND"
"1989-02-04 16:00","1989","02","04","16:00"," ","-18,20","","-26,20","","49,00","","26,00","","30,00","","15,00","","","M","","","-30,00","","ND"
"1989-02-04 17:00","1989","02","04","17:00"," ","-18,70","","-26,60","","50,00","","26,00","","26,00","","15,00","","","M","","","-30,00","","ND"
"1989-02-04 18:00","1989","02","04","18:00"," ","-19,20","","-27,10","","50,00","","28,00","","20,00","","15,00","","","M","","","-29,00","","ND"
"1989-02-04 19:00","1989","02","04","19:00"," ","-19,80","","-27,80","","49,00","","28,00","","26,00","","15,00","","","M","","","-32,00","","ND"
"1989-02-04 20:00","1989","02","04","20:00"," ","-20,80","","-28,70","","49,00","","27,00","","17,00","","15,00","","","M","","","-31,00","","ND"
"1989-02-04 21:00","1989","02","04","21:00"," ","-21,20","","-28,70","","51,00","","27,00","","22,00","","15,00","","","M","","","-32,00","","ND"
"1989-02-04 22:00","1989","02","04","22:00"," ","-21,50","","-29,10","","50,00","","30,00","","19,00","","15,00","","","M","","","-32,00","","ND"
"1989-02-04 23:00","1989","02","04","23:00"," ","-21,70","","-29,10","","51,00","","28,00","","20,00","","15,00","","","M","","","-33,00","","ND"
"1989-02-05 00:00","1989","02","05","00:00"," ","-22,50","","-29,10","","55,00","","27,00","","17,00","","15,00","","","M","","","-33,00","","ND"
"1989-02-05 01:00","1989","02","05","01:00"," ","-22,30","","-28,20","","59,00","","26,00","","17,00","","15,00","","","M","","","-33,00","","ND"
"1989-02-05 02:00","1989","02","05","02:00"," ","-21,30","","-28,20","","54,00","","27,00","","24,00","","15,00","","","M","","","-33,00","","ND"
"1989-02-05 03:00","1989","02","05","03:00"," ","-21,10","","-28,30","","52,00","","27,00","","19,00","","15,00","","","M","","","-32,00","","ND"
"1989-02-05 04:00","1989","02","05","04:00"," ","-21,20","","-27,80","","55,00","","26,00","","19,00","","15,00","","","M","","","-32,00","","ND"
"1989-02-05 05:00","1989","02","05","05:00"," ","-20,50","","-27,60","","53,00","","27,00","","19,00","","15,00","","","M","","","-31,00","","ND"
"1989-02-05 06:00","1989","02","05","06:00"," ","-21,00","","-27,50","","56,00","","27,00","","20,00","","15,00","","","M","","","-32,00","","ND"
"1989-02-05 07:00","1989","02","05","07:00"," ","-24,00","","-29,60","","60,00","","23,00","","17,00","","15,00","","","M","","","-35,00","","ND"
"1989-02-05 08:00","1989","02","05","08:00"," ","-24,00","","-29,60","","60,00","","23,00","","19,00","","15,00","","","M","","","-35,00","","ND"
"1989-02-05 09:00","1989","02","05","09:00"," ","-22,50","","-28,70","","57,00","","24,00","","15,00","","15,00","","","M","","","-32,00","","ND"
"1989-02-05 10:00","1989","02","05","10:00"," ","-21,70","","-27,80","","58,00","","23,00","","19,00","","15,00","","","M","","","-32,00","","ND"
"1989-02-05 11:00","1989","02","05","11:00"," ","-20,10","","-26,30","","58,00","","23,00","","20,00","","15,00","","","M","","","-31,00","","ND"
"1989-02-05 12:00","1989","02","05","12:00"," ","-19,20","","-25,40","","58,00","","23,00","","24,00","","15,00","","","M","","","-30,00","","ND"
"1989-02-05 13:00","1989","02","05","13:00"," ","-17,70","","-23,80","","59,00","","24,00","","26,00","","15,00","","","M","","","-29,00","","ND"
"1989-02-05 14:00","1989","02","05","14:00"," ","-16,50","","-22,50","","60,00","","24,00","","24,00","","15,00","","","M","","","-27,00","","ND"
"1989-02-05 15:00","1989","02","05","15:00"," ","-16,00","","-22,50","","57,00","","23,00","","22,00","","15,00","","","M","","","-26,00","","ND"
"1989-02-05 16:00","1989","02","05","16:00"," ","-16,50","","-22,50","","60,00","","22,00","","11,00","","15,00","","","M","","","-23,00","","ND"
"1989-02-05 17:00","1989","02","05","17:00"," ","-19,60","","-25,50","","59,00","","22,00","","15,00","","15,00","","","M","","","-29,00","","ND"
"1989-02-05 18:00","1989","02","05","18:00"," ","-18,20","","-23,90","","61,00","","25,00","","13,00","","15,00","","","M","","","-26,00","","ND"
"1989-02-05 19:00","1989","02","05","19:00"," ","-21,00","","-26,30","","62,00","","23,00","","15,00","","15,00","","","M","","","-30,00","","ND"
"1989-02-05 20:00","1989","02","05","20:00"," ","-20,80","","-25,80","","64,00","","22,00","","13,00","","15,00","","","M","","","-29,00","","ND"
"1989-02-05 21:00","1989","02","05","21:00"," ","-22,00","","-29,30","","52,00","","22,00","","13,00","","15,00","","","M","","","-31,00","","ND"
"1989-02-05 22:00","1989","02","05","22:00"," ","-18,00","","-24,50","","57,00","","23,00","","15,00","","15,00","","","M","","","-27,00","","ND"
"1989-02-05 23:00","1989","02","05","23:00"," ","-16,80","","-23,20","","58,00","","23,00","","20,00","","15,00","","","M","","","-26,00","","ND"
"1989-02-06 00:00","1989","02","06","00:00"," ","-16,70","","-22,90","","59,00","","22,00","","17,00","","15,00","","","M","","","-26,00","","ND"
"1989-02-06 01:00","1989","02","06","01:00"," ","-17,50","","-23,50","","59,00","","23,00","","19,00","","15,00","","","M","","","-27,00","","ND"
"1989-02-06 02:00","1989","02","06","02:00"," ","-20,20","","-25,70","","61,00","","23,00","","13,00","","15,00","","","M","","","-29,00","","ND"
"1989-02-06 03:00","1989","02","06","03:00"," ","-19,20","","-24,50","","63,00","","24,00","","17,00","","15,00","","","M","","","-29,00","","ND"
"1989-02-06 04:00","1989","02","06","04:00"," ","-21,30","","-26,80","","61,00","","23,00","","15,00","","15,00","","","M","","","-31,00","","ND"
"1989-02-06 05:00","1989","02","06","05:00"," ","-20,50","","-25,40","","65,00","","23,00","","17,00","","15,00","","","M","","","-30,00","","ND"
"1989-02-06 06:00","1989","02","06","06:00"," ","-19,70","","-24,90","","63,00","","23,00","","13,00","","15,00","","","M","","","-28,00","","ND"
"1989-02-06 07:00","1989","02","06","07:00"," ","-18,80","","-24,00","","64,00","","23,00","","15,00","","15,00","","","M","","","-28,00","","ND"
"1989-02-06 08:00","1989","02","06","08:00"," ","-18,20","","-23,10","","65,00","","23,00","","11,00","","15,00","","","M","","","-25,00","","ND"
"1989-02-06 09:00","1989","02","06","09:00"," ","-17,00","","-21,80","","66,00","","23,00","","9,00","","15,00","","","M","","","-23,00","","ND"
"1989-02-06 10:00","1989","02","06","10:00"," ","-15,00","","-19,80","","67,00","","25,00","","7,00","","15,00","","","M","","","-20,00","","ND"
"1989-02-06 11:00","1989","02","06","11:00"," ","-13,80","","-18,60","","67,00","","21,00","","7,00","","15,00","","","M","","","-18,00","","ND"
"1989-02-06 12:00","1989","02","06","12:00"," ","-12,70","","-17,40","","68,00","","21,00","","6,00","","15,00","","","M","","","-17,00","","ND"
"1989-02-06 13:00","1989","02","06","13:00"," ","-12,00","","-16,10","","71,00","","19,00","","9,00","","5,60","","","M","","","-17,00","","ND"
"1989-02-06 14:00","1989","02","06","14:00"," ","-10,00","","-12,60","","81,00","","20,00","","13,00","","6,40","","","M","","","-16,00","","ND"
"1989-02-06 15:00","1989","02","06","15:00"," ","-10,00","","-12,20","","84,00","","19,00","","15,00","","4,80","","","M","","","-17,00","","ND"
"1989-02-06 16:00","1989","02","06","16:00"," ","-9,50","","-11,80","","83,00","","20,00","","9,00","","5,60","","","M","","","-14,00","","ND"
"1989-02-06 17:00","1989","02","06","17:00"," ","-8,60","","-10,90","","83,00","","21,00","","20,00","","15,00","","","M","","","-16,00","","ND"
"1989-02-06 18:00","1989","02","06","18:00"," ","-9,60","","-11,70","","85,00","","19,00","","22,00","","15,00","","","M","","","-18,00","","ND"
"1989-02-06 19:00","1989","02","06","19:00"," ","-12,00","","-14,70","","80,00","","21,00","","15,00","","15,00","","","M","","","-19,00","","ND"
"1989-02-06 20:00","1989","02","06","20:00"," ","-12,10","","-14,50","","82,00","","21,00","","13,00","","15,00","","","M","","","-19,00","","ND"
"1989-02-06 21:00","1989","02","06","21:00"," ","-15,20","","-17,70","","81,00","","23,00","","11,00","","15,00","","","M","","","-22,00","","ND"
"1989-02-06 22:00","1989","02","06","22:00"," ","-13,50","","-15,90","","82,00","","24,00","","19,00","","15,00","","","M","","","-22,00","","ND"
"1989-02-06 23:00","1989","02","06","23:00"," ","-13,80","","-16,10","","83,00","","23,00","","17,00","","15,00","","","M","","","-22,00","","ND"
"1989-02-07 00:00","1989","02","07","00:00"," ","-16,00","","-17,70","","87,00","","24,00","","17,00","","15,00","","","M","","","-25,00","","ND"
"1989-02-07 01:00","1989","02","07","01:00"," ","-17,20","","-19,80","","80,00","","25,00","","15,00","","15,00","","","M","","","-26,00","","ND"
"1989-02-07 02:00","1989","02","07","02:00"," ","-11,50","","-13,70","","84,00","","26,00","","15,00","","15,00","","","M","","","-19,00","","ND"
"1989-02-07 03:00","1989","02","07","03:00"," ","-11,30","","-13,50","","84,00","","28,00","","20,00","","15,00","","","M","","","-20,00","","ND"
"1989-02-07 04:00","1989","02","07","04:00"," ","-11,10","","-14,10","","78,00","","27,00","","20,00","","15,00","","","M","","","-19,00","","ND"
"1989-02-07 05:00","1989","02","07","05:00"," ","-11,10","","-14,70","","75,00","","28,00","","22,00","","15,00","","","M","","","-20,00","","ND"
"1989-02-07 06:00","1989","02","07","06:00"," ","-11,50","","-15,40","","73,00","","27,00","","20,00","","15,00","","","M","","","-20,00","","ND"
"1989-02-07 07:00","1989","02","07","07:00"," ","-12,00","","-16,00","","72,00","","29,00","","15,00","","15,00","","","M","","","-19,00","","ND"
"1989-02-07 08:00","1989","02","07","08:00"," ","-12,00","","-16,00","","72,00","","28,00","","17,00","","15,00","","","M","","","-20,00","","ND"
"1989-02-07 09:00","1989","02","07","09:00"," ","-11,50","","-15,70","","71,00","","28,00","","13,00","","15,00","","","M","","","-18,00","","ND"
"1989-02-07 10:00","1989","02","07","10:00"," ","-11,00","","-15,70","","68,00","","29,00","","11,00","","15,00","","","M","","","-17,00","","ND"
"1989-02-07 11:00","1989","02","07","11:00"," ","-10,00","","-15,10","","66,00","","26,00","","15,00","","15,00","","","M","","","-17,00","","ND"
"1989-02-07 12:00","1989","02","07","12:00"," ","-9,70","","-15,70","","62,00","","26,00","","15,00","","15,00","","","M","","","-16,00","","ND"
"1989-02-07 13:00","1989","02","07","13:00"," ","-9,60","","-14,00","","70,00","","24,00","","17,00","","15,00","","","M","","","-17,00","","ND"
"1989-02-07 14:00","1989","02","07","14:00"," ","-9,60","","-14,50","","67,00","","24,00","","17,00","","15,00","","","M","","","-17,00","","ND"
"1989-02-07 15:00","1989","02","07","15:00"," ","-10,00","","-15,20","","66,00","","23,00","","15,00","","15,00","","","M","","","-17,00","","ND"
"1989-02-07 16:00","1989","02","07","16:00"," ","-11,00","","-15,40","","70,00","","23,00","","9,00","","15,00","","","M","","","-16,00","","ND"
"1989-02-07 17:00","1989","02","07","17:00"," ","-12,60","","-16,40","","73,00","","21,00","","9,00","","15,00","","","M","","","-18,00","","ND"
"1989-02-07 18:00","1989","02","07","18:00"," ","-16,50","","-19,80","","76,00","","21,00","","9,00","","15,00","","","M","","","-23,00","","ND"
"1989-02-07 19:00","1989","02","07","19:00"," ","-13,30","","-16,50","","77,00","","24,00","","6,00","","15,00","","","M","","","-17,00","","ND"
"1989-02-07 20:00","1989","02","07","20:00"," ","-13,30","","-16,30","","78,00","","29,00","","6,00","","15,00","","","M","","","-17,00","","ND"
"1989-02-07 21:00","1989","02","07","21:00"," ","-15,10","","-18,00","","78,00","","24,00","","4,00","","15,00","","","M","","","-18,00","","ND"
"1989-02-07 22:00","1989","02","07","22:00"," ","-17,50","","-19,70","","83,00","","23,00","","4,00","","15,00","","","M","","","-21,00","","ND"
"1989-02-07 23:00","1989","02","07","23:00"," ","-16,20","","-17,90","","87,00","","23,00","","7,00","","15,00","","","M","","","-21,00","","ND"
"1989-02-08 00:00","1989","02","08","00:00"," ","-14,00","","-16,50","","81,00","","25,00","","9,00","","15,00","","","M","","","-20,00","","ND"
"1989-02-08 01:00","1989","02","08","01:00"," ","-15,00","","-17,40","","82,00","","25,00","","6,00","","15,00","","","M","","","-19,00","","ND"
"1989-02-08 02:00","1989","02","08","02:00"," ","-14,80","","-17,60","","79,00","","25,00","","6,00","","15,00","","","M","","","-19,00","","ND"
"1989-02-08 03:00","1989","02","08","03:00"," ","-18,30","","-20,60","","82,00","","23,00","","6,00","","15,00","","","M","","","-23,00","","ND"
"1989-02-08 04:00","1989","02","08","04:00"," ","-15,60","","-17,00","","89,00","","36,00","","6,00","","15,00","","","M","","","-20,00","","ND"
"1989-02-08 05:00","1989","02","08","05:00"," ","-19,60","","-21,70","","83,00","","26,00","","9,00","","0,00","","","M","","","-26,00","","ND"
"1989-02-08 06:00","1989","02","08","06:00"," ","-16,20","","-18,10","","85,00","","0,00","","0,00","","1,00","","","M","","","","","ND"
"1989-02-08 07:00","1989","02","08","07:00"," ","-16,50","","-18,50","","84,00","","8,00","","2,00","","0,00","","","M","","","-18,00","","ND"
"1989-02-08 08:00","1989","02","08","08:00"," ","-17,00","","-18,80","","86,00","","15,00","","4,00","","1,90","","","M","","","-20,00","","ND"
"1989-02-08 09:00","1989","02","08","09:00"," ","-13,50","","-15,10","","88,00","","23,00","","9,00","","15,00","","","M","","","-19,00","","ND"
"1989-02-08 10:00","1989","02","08","10:00"," ","-10,80","","-12,50","","87,00","","17,00","","13,00","","15,00","","","M","","","-17,00","","ND"
"1989-02-08 11:00","1989","02","08","11:00"," ","-6,60","","-7,80","","91,00","","16,00","","17,00","","11,30","","","M","","","-13,00","","ND"
"1989-02-08 12:00","1989","02","08","12:00"," ","-6,00","","-6,80","","94,00","","18,00","","22,00","","15,00","","","M","","","-13,00","","ND"
"1989-02-08 13:00","1989","02","08","13:00"," ","-5,50","","-6,70","","91,00","","18,00","","24,00","","15,00","","","M","","","-13,00","","ND"
"1989-02-08 14:00","1989","02","08","14:00"," ","-5,30","","-7,30","","86,00","","18,00","","22,00","","15,00","","","M","","","-12,00","","ND"
"1989-02-08 15:00","1989","02","08","15:00"," ","-5,00","","-6,70","","88,00","","17,00","","20,00","","15,00","","","M","","","-12,00","","ND"
"1989-02-08 16:00","1989","02","08","16:00"," ","-5,00","","-7,20","","85,00","","18,00","","20,00","","15,00","","","M","","","-12,00","","ND"
"1989-02-08 17:00","1989","02","08","17:00"," ","-4,50","","-6,30","","87,00","","17,00","","20,00","","15,00","","","M","","","-11,00","","ND"
"1989-02-08 18:00","1989","02","08","18:00"," ","-7,50","","-9,30","","87,00","","18,00","","13,00","","15,00","","","M","","","-13,00","","ND"
"1989-02-08 19:00","1989","02","08","19:00"," ","-9,10","","-10,60","","89,00","","30,00","","17,00","","15,00","","","M","","","-16,00","","ND"
"1989-02-08 20:00","1989","02","08","20:00"," ","-8,60","","-10,20","","88,00","","19,00","","13,00","","15,00","","","M","","","-15,00","","ND"
"1989-02-08 21:00","1989","02","08","21:00"," ","-6,10","","-8,70","","82,00","","21,00","","17,00","","15,00","","","M","","","-12,00","","ND"
"1989-02-08 22:00","1989","02","08","22:00"," ","-8,10","","-9,70","","88,00","","25,00","","9,00","","15,00","","","M","","","-13,00","","ND"
"1989-02-08 23:00","1989","02","08","23:00"," ","-8,60","","-10,40","","87,00","","27,00","","6,00","","15,00","","","M","","","-12,00","","ND"
"1989-02-09 00:00","1989","02","09","00:00"," ","-9,30","","-11,20","","86,00","","24,00","","7,00","","15,00","","","M","","","-13,00","","ND"
"1989-02-09 01:00","1989","02","09","01:00"," ","-8,60","","-10,50","","86,00","","27,00","","11,00","","15,00","","","M","","","-14,00","","ND"
"1989-02-09 02:00","1989","02","09","02:00"," ","-8,70","","-10,60","","86,00","","27,00","","11,00","","15,00","","","M","","","-14,00","","ND"
"1989-02-09 03:00","1989","02","09","03:00"," ","-9,80","","-11,60","","87,00","","26,00","","13,00","","15,00","","","M","","","-16,00","","ND"
"1989-02-09 04:00","1989","02","09","04:00"," ","-13,20","","-15,70","","81,00","","23,00","","15,00","","15,00","","","M","","","-21,00","","ND"
"1989-02-09 05:00","1989","02","09","05:00"," ","-9,60","","-11,60","","85,00","","23,00","","15,00","","15,00","","","M","","","-16,00","","ND"
"1989-02-09 06:00","1989","02","09","06:00"," ","-11,10","","-13,70","","81,00","","23,00","","17,00","","15,00","","","M","","","-19,00","","ND"
"1989-02-09 07:00","1989","02","09","07:00"," ","-13,60","","-16,00","","82,00","","24,00","","15,00","","15,00","","","M","","","-21,00","","ND"
"1989-02-09 08:00","1989","02","09","08:00"," ","-13,80","","-16,10","","83,00","","24,00","","15,00","","15,00","","","M","","","-21,00","","ND"
"1989-02-09 09:00","1989","02","09","09:00"," ","-11,00","","-12,90","","86,00","","25,00","","15,00","","15,00","","","M","","","-18,00","","ND"
"1989-02-09 10:00","1989","02","09","10:00"," ","-8,10","","-10,40","","83,00","","26,00","","11,00","","15,00","","","M","","","-13,00","","ND"
"1989-02-09 11:00","1989","02","09","11:00"," ","-7,30","","-10,20","","80,00","","27,00","","22,00","","15,00","","","M","","","-15,00","","ND"
"1989-02-09 12:00","1989","02","09","12:00"," ","-7,10","","-10,60","","76,00","","26,00","","24,00","","15,00","","","M","","","-15,00","","ND"
"1989-02-09 13:00","1989","02","09","13:00"," ","-6,50","","-10,10","","76,00","","26,00","","22,00","","15,00","","","M","","","-14,00","","ND"
"1989-02-09 14:00","1989","02","09","14:00"," ","-5,80","","-9,80","","73,00","","26,00","","32,00","","15,00","","","M","","","-14,00","","ND"
"1989-02-09 15:00","1989","02","09","15:00"," ","-5,70","","-9,90","","72,00","","26,00","","26,00","","15,00","","","M","","","-13,00","","ND"
"1989-02-09 16:00","1989","02","09","16:00"," ","-6,20","","-12,90","","59,00","","28,00","","26,00","","15,00","","","M","","","-14,00","","ND"
"1989-02-09 17:00","1989","02","09","17:00"," ","-8,30","","-15,90","","54,00","","29,00","","28,00","","15,00","","","M","","","-17,00","","ND"
"1989-02-09 18:00","1989","02","09","18:00"," ","-9,20","","-16,10","","57,00","","28,00","","32,00","","15,00","","","M","","","-19,00","","ND"
"1989-02-09 19:00","1989","02","09","19:00"," ","-11,30","","-16,50","","65,00","","27,00","","37,00","","15,00","","","M","","","-22,00","","ND"
"1989-02-09 20:00","1989","02","09","20:00"," ","-12,60","","-18,30","","62,00","","28,00","","35,00","","15,00","","","M","","","-24,00","","ND"
"1989-02-09 21:00","1989","02","09","21:00"," ","-13,60","","-19,00","","64,00","","28,00","","28,00","","15,00","","","M","","","-24,00","","ND"
"1989-02-09 22:00","1989","02","09","22:00"," ","-14,50","","-19,90","","63,00","","28,00","","32,00","","15,00","","","M","","","-26,00","","ND"
"1989-02-09 23:00","1989","02","09","23:00"," ","-15,20","","-20,80","","62,00","","27,00","","26,00","","15,00","","","M","","","-26,00","","ND"
"1989-02-10 00:00","1989","02","10","00:00"," ","-16,00","","-21,10","","65,00","","28,00","","32,00","","15,00","","","M","","","-28,00","","ND"
"1989-02-10 01:00","1989","02","10","01:00"," ","-16,70","","-22,00","","63,00","","28,00","","22,00","","15,00","","","M","","","-27,00","","ND"
"1989-02-10 02:00","1989","02","10","02:00"," ","-17,00","","-25,10","","49,00","","28,00","","19,00","","15,00","","","M","","","-26,00","","ND"
"1989-02-10 03:00","1989","02","10","03:00"," ","-17,00","","-24,30","","53,00","","29,00","","28,00","","15,00","","","M","","","-28,00","","ND"
"1989-02-10 04:00","1989","02","10","04:00"," ","-17,30","","-24,50","","53,00","","28,00","","24,00","","15,00","","","M","","","-28,00","","ND"
"1989-02-10 05:00","1989","02","10","05:00"," ","-17,20","","-24,90","","51,00","","27,00","","20,00","","15,00","","","M","","","-27,00","","ND"
"1989-02-10 06:00","1989","02","10","06:00"," ","-19,00","","-24,80","","60,00","","23,00","","20,00","","15,00","","","M","","","-29,00","","ND"
"1989-02-10 07:00","1989","02","10","07:00"," ","-20,50","","-26,80","","57,00","","22,00","","20,00","","15,00","","","M","","","-31,00","","ND"
"1989-02-10 08:00","1989","02","10","08:00"," ","-20,30","","-26,80","","56,00","","22,00","","22,00","","15,00","","","M","","","-31,00","","ND"
"1989-02-10 09:00","1989","02","10","09:00"," ","-20,00","","-26,60","","56,00","","23,00","","22,00","","15,00","","","M","","","-31,00","","ND"
"1989-02-10 10:00","1989","02","10","10:00"," ","-18,20","","-25,70","","52,00","","22,00","","19,00","","15,00","","","M","","","-28,00","","ND"
"1989-02-10 11:00","1989","02","10","11:00"," ","-17,70","","-24,90","","53,00","","23,00","","19,00","","15,00","","","M","","","-27,00","","ND"
"1989-02-10 12:00","1989","02","10","12:00"," ","-16,50","","-23,50","","55,00","","23,00","","17,00","","15,00","","","M","","","-25,00","","ND"
"1989-02-10 13:00","1989","02","10","13:00"," ","-15,50","","-22,60","","54,00","","23,00","","17,00","","15,00","","","M","","","-24,00","","ND"
"1989-02-10 14:00","1989","02","10","14:00"," ","-14,00","","-22,20","","50,00","","23,00","","13,00","","15,00","","","M","","","-21,00","","ND"
"1989-02-10 15:00","1989","02","10","15:00"," ","-12,80","","-21,40","","49,00","","25,00","","7,00","","15,00","","","M","","","-17,00","","ND"
"1989-02-10 16:00","1989","02","10","16:00"," ","-12,60","","-20,70","","51,00","","23,00","","13,00","","15,00","","","M","","","-19,00","","ND"
"1989-02-10 17:00","1989","02","10","17:00"," ","-13,70","","-21,20","","53,00","","22,00","","11,00","","15,00","","","M","","","-20,00","","ND"
"1989-02-10 18:00","1989","02","10","18:00"," ","-16,80","","-23,50","","56,00","","23,00","","9,00","","15,00","","","M","","","-23,00","","ND"
"1989-02-10 19:00","1989","02","10","19:00"," ","-16,70","","-22,90","","59,00","","22,00","","15,00","","15,00","","","M","","","-25,00","","ND"
"1989-02-10 20:00","1989","02","10","20:00"," ","-15,20","","-21,30","","60,00","","21,00","","9,00","","15,00","","","M","","","-21,00","","ND"
"1989-02-10 21:00","1989","02","10","21:00"," ","-17,30","","-23,20","","60,00","","21,00","","13,00","","15,00","","","M","","","-25,00","","ND"
"1989-02-10 22:00","1989","02","10","22:00"," ","-13,70","","-20,20","","58,00","","21,00","","17,00","","15,00","","","M","","","-22,00","","ND"
"1989-02-10 23:00","1989","02","10","23:00"," ","-10,70","","-18,50","","53,00","","23,00","","22,00","","15,00","","","M","","","-19,00","","ND"
"1989-02-11 00:00","1989","02","11","00:00"," ","-12,30","","-19,30","","56,00","","23,00","","22,00","","15,00","","","M","","","-21,00","","ND"
"1989-02-11 01:00","1989","02","11","01:00"," ","-11,20","","-18,80","","53,00","","22,00","","20,00","","15,00","","","M","","","-19,00","","ND"
"1989-02-11 02:00","1989","02","11","02:00"," ","-11,70","","-19,30","","53,00","","23,00","","19,00","","15,00","","","M","","","-20,00","","ND"
"1989-02-11 03:00","1989","02","11","03:00"," ","-13,00","","-19,30","","59,00","","19,00","","13,00","","15,00","","","M","","","-20,00","","ND"
"1989-02-11 04:00","1989","02","11","04:00"," ","-12,00","","-19,00","","56,00","","20,00","","19,00","","15,00","","","M","","","-20,00","","ND"
"1989-02-11 05:00","1989","02","11","05:00"," ","-11,20","","-18,50","","55,00","","20,00","","20,00","","15,00","","","M","","","-19,00","","ND"
"1989-02-11 06:00","1989","02","11","06:00"," ","-11,60","","-18,40","","57,00","","20,00","","20,00","","15,00","","","M","","","-20,00","","ND"
"1989-02-11 07:00","1989","02","11","07:00"," ","-11,50","","-19,00","","54,00","","21,00","","24,00","","15,00","","","M","","","-21,00","","ND"
"1989-02-11 08:00","1989","02","11","08:00"," ","-11,60","","-18,60","","56,00","","20,00","","19,00","","15,00","","","M","","","-20,00","","ND"
"1989-02-11 09:00","1989","02","11","09:00"," ","-11,30","","-18,40","","56,00","","21,00","","20,00","","15,00","","","M","","","-20,00","","ND"
"1989-02-11 10:00","1989","02","11","10:00"," ","-10,20","","-18,00","","53,00","","22,00","","24,00","","15,00","","","M","","","-19,00","","ND"
"1989-02-11 11:00","1989","02","11","11:00"," ","-8,20","","-15,50","","56,00","","21,00","","28,00","","15,00","","","M","","","-17,00","","ND"
"1989-02-11 12:00","1989","02","11","12:00"," ","-6,70","","-13,70","","57,00","","21,00","","22,00","","15,00","","","M","","","-14,00","","ND"
"1989-02-11 13:00","1989","02","11","13:00"," ","-6,00","","-12,60","","60,00","","20,00","","20,00","","15,00","","","M","","","-13,00","","ND"
"1989-02-11 14:00","1989","02","11","14:00"," ","-6,10","","-11,90","","63,00","","20,00","","22,00","","15,00","","","M","","","-13,00","","ND"
"1989-02-11 15:00","1989","02","11","15:00"," ","-6,00","","-11,40","","66,00","","19,00","","22,00","","15,00","","","M","","","-13,00","","ND"
"1989-02-11 16:00","1989","02","11","16:00"," ","-5,70","","-11,90","","62,00","","19,00","","19,00","","15,00","","","M","","","-12,00","","ND"
"1989-02-11 17:00","1989","02","11","17:00"," ","-7,20","","-12,90","","64,00","","19,00","","13,00","","15,00","","","M","","","-13,00","","ND"
"1989-02-11 18:00","1989","02","11","18:00"," ","-10,50","","-15,40","","67,00","","21,00","","9,00","","15,00","","","M","","","-15,00","","ND"
"1989-02-11 19:00","1989","02","11","19:00"," ","-12,80","","-16,80","","72,00","","21,00","","11,00","","15,00","","","M","","","-19,00","","ND"
"1989-02-11 20:00","1989","02","11","20:00"," ","-11,60","","-15,70","","72,00","","23,00","","11,00","","15,00","","","M","","","-18,00","","ND"
"1989-02-11 21:00","1989","02","11","21:00"," ","-10,60","","-14,70","","72,00","","24,00","","17,00","","15,00","","","M","","","-18,00","","ND"
"1989-02-11 22:00","1989","02","11","22:00"," ","-8,30","","-13,30","","67,00","","23,00","","19,00","","15,00","","","M","","","-16,00","","ND"
"1989-02-11 23:00","1989","02","11","23:00"," ","-8,70","","-13,30","","69,00","","23,00","","17,00","","15,00","","","M","","","-16,00","","ND"
"1989-02-12 00:00","1989","02","12","00:00"," ","-8,20","","-12,60","","71,00","","23,00","","20,00","","15,00","","","M","","","-16,00","","ND"
"1989-02-12 01:00","1989","02","12","01:00"," ","-9,60","","-13,10","","76,00","","21,00","","13,00","","15,00","","","M","","","-16,00","","ND"
"1989-02-12 02:00","1989","02","12","02:00"," ","-7,00","","-9,80","","80,00","","27,00","","15,00","","15,00","","","M","","","-13,00","","ND"
"1989-02-12 03:00","1989","02","12","03:00"," ","-6,70","","-10,90","","72,00","","27,00","","17,00","","15,00","","","M","","","-13,00","","ND"
"1989-02-12 04:00","1989","02","12","04:00"," ","-7,00","","-11,30","","71,00","","28,00","","13,00","","15,00","","","M","","","-13,00","","ND"
"1989-02-12 05:00","1989","02","12","05:00"," ","-7,80","","-12,40","","69,00","","28,00","","13,00","","15,00","","","M","","","-14,00","","ND"
"1989-02-12 06:00","1989","02","12","06:00"," ","-8,30","","-13,20","","68,00","","29,00","","13,00","","15,00","","","M","","","-14,00","","ND"
"1989-02-12 07:00","1989","02","12","07:00"," ","-10,70","","-16,00","","65,00","","28,00","","13,00","","15,00","","","M","","","-17,00","","ND"
"1989-02-12 08:00","1989","02","12","08:00"," ","-10,80","","-16,20","","64,00","","29,00","","11,00","","15,00","","","M","","","-17,00","","ND"
"1989-02-12 09:00","1989","02","12","09:00"," ","-10,20","","-16,20","","61,00","","28,00","","11,00","","15,00","","","M","","","-16,00","","ND"
"1989-02-12 10:00","1989","02","12","10:00"," ","-9,00","","-15,20","","61,00","","28,00","","15,00","","15,00","","","M","","","-16,00","","ND"
"1989-02-12 11:00","1989","02","12","11:00"," ","-8,20","","-15,40","","56,00","","28,00","","17,00","","15,00","","","M","","","-15,00","","ND"
"1989-02-12 12:00","1989","02","12","12:00"," ","","","","","","","","","","","","","","","","","","",""
"1989-02-12 13:00","1989","02","12","13:00"," ","-7,50","","-16,40","","49,00","","27,00","","13,00","","15,00","","","M","","","-13,00","","ND"
"1989-02-12 14:00","1989","02","12","14:00"," ","-6,80","","-15,80","","49,00","","25,00","","13,00","","15,00","","","M","","","-12,00","","ND"
"1989-02-12 15:00","1989","02","12","15:00"," ","-6,50","","-15,00","","51,00","","25,00","","7,00","","15,00","","","M","","","-10,00","","ND"
"1989-02-12 16:00","1989","02","12","16:00"," ","-7,80","","-14,80","","57,00","","25,00","","7,00","","15,00","","","M","","","-11,00","","ND"
"1989-02-12 17:00","1989","02","12","17:00"," ","-8,50","","-15,10","","59,00","","13,00","","4,00","","15,00","","","M","","","-11,00","","ND"
"1989-02-12 18:00","1989","02","12","18:00"," ","-12,80","","-17,80","","66,00","","18,00","","4,00","","15,00","","","M","","","-15,00","","ND"
"1989-02-12 19:00","1989","02","12","19:00"," ","-7,30","","-13,40","","62,00","","7,00","","13,00","","15,00","","","M","","","-13,00","","ND"
"1989-02-12 20:00","1989","02","12","20:00"," ","-8,20","","-11,80","","75,00","","6,00","","17,00","","15,00","","","M","","","-15,00","","ND"
"1989-02-12 21:00","1989","02","12","21:00"," ","-8,60","","-12,10","","76,00","","7,00","","11,00","","15,00","","","M","","","-14,00","","ND"
"1989-02-12 22:00","1989","02","12","22:00"," ","-9,10","","-12,90","","74,00","","8,00","","15,00","","15,00","","","M","","","-16,00","","ND"
"1989-02-12 23:00","1989","02","12","23:00"," ","-9,60","","-13,20","","75,00","","6,00","","13,00","","15,00","","","M","","","-16,00","","ND"
"1989-02-13 00:00","1989","02","13","00:00"," ","-9,50","","-13,60","","72,00","","7,00","","9,00","","15,00","","","M","","","-14,00","","ND"
"1989-02-13 01:00","1989","02","13","01:00"," ","-9,60","","-14,70","","66,00","","4,00","","11,00","","15,00","","","M","","","-15,00","","ND"
"1989-02-13 02:00","1989","02","13","02:00"," ","-9,70","","-15,30","","64,00","","6,00","","9,00","","15,00","","","M","","","-15,00","","ND"
"1989-02-13 03:00","1989","02","13","03:00"," ","-10,50","","-15,00","","69,00","","2,00","","11,00","","15,00","","","M","","","-16,00","","ND"
"1989-02-13 04:00","1989","02","13","04:00"," ","-10,80","","-14,50","","74,00","","36,00","","9,00","","15,00","","","M","","","-16,00","","ND"
"1989-02-13 05:00","1989","02","13","05:00"," ","-12,10","","-14,80","","80,00","","34,00","","11,00","","15,00","","","M","","","-18,00","","ND"
"1989-02-13 06:00","1989","02","13","06:00"," ","-11,70","","-14,80","","78,00","","34,00","","9,00","","15,00","","","M","","","-17,00","","ND"
"1989-02-13 07:00","1989","02","13","07:00"," ","-11,30","","-14,60","","77,00","","35,00","","7,00","","15,00","","","M","","","-16,00","","ND"
"1989-02-13 08:00","1989","02","13","08:00"," ","-10,60","","-14,10","","75,00","","34,00","","7,00","","15,00","","","M","","","-15,00","","ND"
"1989-02-13 09:00","1989","02","13","09:00"," ","-9,70","","-14,20","","70,00","","33,00","","6,00","","15,00","","","M","","","-13,00","","ND"
"1989-02-13 10:00","1989","02","13","10:00"," ","-9,20","","-13,10","","73,00","","35,00","","4,00","","15,00","","","M","","","-11,00","","ND"
"1989-02-13 11:00","1989","02","13","11:00"," ","-8,10","","-12,00","","73,00","","4,00","","2,00","","15,00","","","M","","","-9,00","","ND"
"1989-02-13 12:00","1989","02","13","12:00"," ","-7,10","","-14,40","","56,00","","10,00","","4,00","","15,00","","","M","","","-9,00","","ND"
"1989-02-13 13:00","1989","02","13","13:00"," ","-7,00","","-13,30","","61,00","","13,00","","6,00","","15,00","","","M","","","-10,00","","ND"
"1989-02-13 14:00","1989","02","13","14:00"," ","-7,00","","-13,10","","62,00","","18,00","","7,00","","15,00","","","M","","","-11,00","","ND"
"1989-02-13 15:00","1989","02","13","15:00"," ","-6,50","","-13,10","","59,00","","16,00","","9,00","","15,00","","","M","","","-11,00","","ND"
"1989-02-13 16:00","1989","02","13","16:00"," ","-7,30","","-13,30","","62,00","","17,00","","9,00","","15,00","","","M","","","-12,00","","ND"
"1989-02-13 17:00","1989","02","13","17:00"," ","-9,50","","-13,90","","70,00","","17,00","","11,00","","15,00","","","M","","","-15,00","","ND"
"1989-02-13 18:00","1989","02","13","18:00"," ","-13,50","","-16,80","","76,00","","19,00","","9,00","","15,00","","","M","","","-19,00","","ND"
"1989-02-13 19:00","1989","02","13","19:00"," ","-12,80","","-15,20","","82,00","","18,00","","9,00","","15,00","","","M","","","-18,00","","ND"
"1989-02-13 20:00","1989","02","13","20:00"," ","-8,10","","-11,90","","74,00","","17,00","","19,00","","15,00","","","M","","","-15,00","","ND"
"1989-02-13 21:00","1989","02","13","21:00"," ","-8,00","","-12,50","","70,00","","17,00","","20,00","","15,00","","","M","","","-15,00","","ND"
"1989-02-13 22:00","1989","02","13","22:00"," ","-8,10","","-12,70","","69,00","","18,00","","24,00","","15,00","","","M","","","-16,00","","ND"
"1989-02-13 23:00","1989","02","13","23:00"," ","-7,20","","-12,80","","64,00","","18,00","","20,00","","15,00","","","M","","","-14,00","","ND"
"1989-02-14 00:00","1989","02","14","00:00"," ","-7,00","","-12,00","","67,00","","18,00","","24,00","","15,00","","","M","","","-15,00","","ND"
"1989-02-14 01:00","1989","02","14","01:00"," ","-7,20","","-11,70","","70,00","","18,00","","20,00","","15,00","","","M","","","-14,00","","ND"
"1989-02-14 02:00","1989","02","14","02:00"," ","-7,10","","-10,40","","77,00","","18,00","","22,00","","15,00","","","M","","","-15,00","","ND"
"1989-02-14 03:00","1989","02","14","03:00"," ","-6,30","","-10,00","","75,00","","18,00","","28,00","","15,00","","","M","","","-14,00","","ND"
"1989-02-14 04:00","1989","02","14","04:00"," ","-6,10","","-9,30","","78,00","","18,00","","20,00","","15,00","","","M","","","-13,00","","ND"
"1989-02-14 05:00","1989","02","14","05:00"," ","-5,10","","-8,50","","77,00","","19,00","","22,00","","15,00","","","M","","","-12,00","","ND"
"1989-02-14 06:00","1989","02","14","06:00"," ","-5,10","","-7,20","","85,00","","19,00","","26,00","","4,80","","","M","","","-13,00","","ND"
"1989-02-14 07:00","1989","02","14","07:00"," ","-4,50","","-6,20","","88,00","","17,00","","32,00","","0,60","","","M","","","-13,00","","ND"
"1989-02-14 08:00","1989","02","14","08:00"," ","-4,00","","-6,00","","86,00","","17,00","","35,00","","15,00","","","M","","","-12,00","","ND"
"1989-02-14 09:00","1989","02","14","09:00"," ","-3,50","","-5,80","","84,00","","17,00","","39,00","","15,00","","","M","","","-12,00","","ND"
"1989-02-14 10:00","1989","02","14","10:00"," ","-3,30","","-5,40","","85,00","","17,00","","37,00","","12,90","","","M","","","-12,00","","ND"
"1989-02-14 11:00","1989","02","14","11:00"," ","-2,80","","-4,40","","89,00","","18,00","","39,00","","5,60","","","M","","","-11,00","","ND"
"1989-02-14 12:00","1989","02","14","12:00"," ","-2,00","","-3,20","","91,00","","17,00","","39,00","","0,50","","","M","","","-10,00","","ND"
"1989-02-14 13:00","1989","02","14","13:00"," ","-1,60","","-2,70","","92,00","","18,00","","35,00","","0,80","","","M","","","-9,00","","ND"
"1989-02-14 14:00","1989","02","14","14:00"," ","-1,20","","-2,20","","93,00","","18,00","","33,00","","9,70","","","M","","","-8,00","","ND"
"1989-02-14 15:00","1989","02","14","15:00"," ","-0,90","","-1,90","","93,00","","18,00","","37,00","","4,80","","","M","","","-8,00","","ND"
"1989-02-14 16:00","1989","02","14","16:00"," ","-0,40","","-1,50","","92,00","","18,00","","32,00","","15,00","","","M","","","-7,00","","ND"
"1989-02-14 17:00","1989","02","14","17:00"," ","-0,20","","-1,30","","92,00","","19,00","","24,00","","15,00","","","M","","","-6,00","","ND"
"1989-02-14 18:00","1989","02","14","18:00"," ","0,00","","-0,70","","95,00","","18,00","","20,00","","15,00","","","M","","","-5,00","","ND"
"1989-02-14 19:00","1989","02","14","19:00"," ","0,00","","-0,80","","94,00","","19,00","","19,00","","15,00","","","M","","","-5,00","","ND"
"1989-02-14 20:00","1989","02","14","20:00"," ","0,50","","0,00","","96,00","","21,00","","15,00","","15,00","","","M","","","","","ND"
"1989-02-14 21:00","1989","02","14","21:00"," ","0,30","","0,00","","98,00","","23,00","","15,00","","15,00","","","M","","","","","ND"
"1989-02-14 22:00","1989","02","14","22:00"," ","-0,50","","-1,40","","94,00","","24,00","","11,00","","15,00","","","M","","","-4,00","","ND"
"1989-02-14 23:00","1989","02","14","23:00"," ","-1,50","","-2,50","","93,00","","22,00","","13,00","","15,00","","","M","","","-6,00","","ND"
"1989-02-15 00:00","1989","02","15","00:00"," ","-2,80","","-3,90","","92,00","","23,00","","13,00","","15,00","","","M","","","-7,00","","ND"
"1989-02-15 01:00","1989","02","15","01:00"," ","0,20","","-1,50","","88,00","","27,00","","22,00","","15,00","","","M","","","","","ND"
"1989-02-15 02:00","1989","02","15","02:00"," ","-0,20","","-2,40","","85,00","","27,00","","24,00","","15,00","","","M","","","-6,00","","ND"
"1989-02-15 03:00","1989","02","15","03:00"," ","-0,60","","-4,10","","77,00","","28,00","","26,00","","15,00","","","M","","","-7,00","","ND"
"1989-02-15 04:00","1989","02","15","04:00"," ","-2,00","","-7,10","","68,00","","26,00","","22,00","","15,00","","","M","","","-8,00","","ND"
"1989-02-15 05:00","1989","02","15","05:00"," ","-3,00","","-9,00","","63,00","","26,00","","19,00","","15,00","","","M","","","-9,00","","ND"
"1989-02-15 06:00","1989","02","15","06:00"," ","-3,60","","-9,30","","65,00","","27,00","","15,00","","15,00","","","M","","","-9,00","","ND"
"1989-02-15 07:00","1989","02","15","07:00"," ","-3,50","","-9,70","","62,00","","26,00","","20,00","","15,00","","","M","","","-10,00","","ND"
"1989-02-15 08:00","1989","02","15","08:00"," ","-4,00","","-10,10","","62,00","","26,00","","19,00","","15,00","","","M","","","-10,00","","ND"
"1989-02-15 09:00","1989","02","15","09:00"," ","-3,20","","-9,40","","62,00","","26,00","","20,00","","15,00","","","M","","","-9,00","","ND"
"1989-02-15 10:00","1989","02","15","10:00"," ","-3,00","","-8,60","","65,00","","26,00","","17,00","","15,00","","","M","","","-9,00","","ND"
"1989-02-15 11:00","1989","02","15","11:00"," ","-3,00","","-9,80","","59,00","","26,00","","15,00","","15,00","","","M","","","-8,00","","ND"
"1989-02-15 12:00","1989","02","15","12:00"," ","-2,80","","-9,30","","61,00","","27,00","","17,00","","15,00","","","M","","","-8,00","","ND"
"1989-02-15 13:00","1989","02","15","13:00"," ","-2,70","","-9,60","","59,00","","28,00","","11,00","","15,00","","","M","","","-7,00","","ND"
"1989-02-15 14:00","1989","02","15","14:00"," ","-3,20","","-8,20","","68,00","","26,00","","7,00","","15,00","","","M","","","-6,00","","ND"
"1989-02-15 15:00","1989","02","15","15:00"," ","-3,70","","-9,40","","65,00","","22,00","","13,00","","15,00","","","M","","","-9,00","","ND"
"1989-02-15 16:00","1989","02","15","16:00"," ","-3,70","","-8,50","","69,00","","21,00","","9,00","","15,00","","","M","","","-7,00","","ND"
"1989-02-15 17:00","1989","02","15","17:00"," ","-4,00","","-8,30","","72,00","","18,00","","11,00","","15,00","","","M","","","-8,00","","ND"
"1989-02-15 18:00","1989","02","15","18:00"," ","-4,30","","-6,40","","85,00","","17,00","","15,00","","8,00","","","M","","","-10,00","","ND"
"1989-02-15 19:00","1989","02","15","19:00"," ","-4,00","","-5,70","","88,00","","18,00","","20,00","","3,20","","","M","","","-10,00","","ND"
"1989-02-15 20:00","1989","02","15","20:00"," ","-3,70","","-5,10","","90,00","","17,00","","19,00","","4,00","","","M","","","-10,00","","ND"
"1989-02-15 21:00","1989","02","15","21:00"," ","-3,00","","-4,50","","89,00","","16,00","","20,00","","4,00","","","M","","","-9,00","","ND"
"1989-02-15 22:00","1989","02","15","22:00"," ","-2,80","","-4,30","","89,00","","18,00","","22,00","","4,80","","","M","","","-9,00","","ND"
"1989-02-15 23:00","1989","02","15","23:00"," ","-2,80","","-4,10","","91,00","","17,00","","19,00","","12,90","","","M","","","-9,00","","ND"
"1989-02-16 00:00","1989","02","16","00:00"," ","-2,60","","-4,00","","90,00","","18,00","","20,00","","8,00","","","M","","","-9,00","","ND"
"1989-02-16 01:00","1989","02","16","01:00"," ","-2,40","","-3,70","","91,00","","19,00","","20,00","","1,00","","","M","","","-8,00","","ND"
"1989-02-16 02:00","1989","02","16","02:00"," ","-2,00","","-3,40","","90,00","","19,00","","24,00","","1,40","","","M","","","-8,00","","ND"
"1989-02-16 03:00","1989","02","16","03:00"," ","-2,10","","-3,30","","91,00","","20,00","","22,00","","11,30","","","M","","","-8,00","","ND"
"1989-02-16 04:00","1989","02","16","04:00"," ","-2,00","","-3,30","","91,00","","22,00","","19,00","","15,00","","","M","","","-8,00","","ND"
"1989-02-16 05:00","1989","02","16","05:00"," ","-2,20","","-3,50","","91,00","","24,00","","15,00","","15,00","","","M","","","-7,00","","ND"
"1989-02-16 06:00","1989","02","16","06:00"," ","-2,50","","-3,70","","91,00","","26,00","","19,00","","15,00","","","M","","","-8,00","","ND"
"1989-02-16 07:00","1989","02","16","07:00"," ","-3,50","","-5,20","","88,00","","27,00","","19,00","","15,00","","","M","","","-9,00","","ND"
"1989-02-16 08:00","1989","02","16","08:00"," ","-3,30","","-7,50","","73,00","","30,00","","20,00","","15,00","","","M","","","-9,00","","ND"
"1989-02-16 09:00","1989","02","16","09:00"," ","-4,00","","-9,60","","65,00","","28,00","","20,00","","15,00","","","M","","","-10,00","","ND"
"1989-02-16 10:00","1989","02","16","10:00"," ","-4,50","","-9,50","","68,00","","29,00","","22,00","","15,00","","","M","","","-11,00","","ND"
"1989-02-16 11:00","1989","02","16","11:00"," ","-9,00","","-13,30","","71,00","","32,00","","35,00","","15,00","","","M","","","-19,00","","ND"
"1989-02-16 12:00","1989","02","16","12:00"," ","-9,70","","-16,10","","60,00","","33,00","","30,00","","15,00","","","M","","","-19,00","","ND"
"1989-02-16 13:00","1989","02","16","13:00"," ","-10,20","","-17,60","","55,00","","33,00","","28,00","","15,00","","","M","","","-19,00","","ND"
"1989-02-16 14:00","1989","02","16","14:00"," ","-11,00","","-19,60","","49,00","","34,00","","22,00","","15,00","","","M","","","-20,00","","ND"
"1989-02-16 15:00","1989","02","16","15:00"," ","-11,20","","-20,30","","47,00","","33,00","","26,00","","15,00","","","M","","","-20,00","","ND"
"1989-02-16 16:00","1989","02","16","16:00"," ","-11,50","","-20,90","","46,00","","33,00","","24,00","","15,00","","","M","","","-21,00","","ND"
"1989-02-16 17:00","1989","02","16","17:00"," ","-12,50","","-21,80","","46,00","","30,00","","22,00","","15,00","","","M","","","-21,00","","ND"
"1989-02-16 18:00","1989","02","16","18:00"," ","-13,50","","-22,50","","47,00","","","M","22,00","","15,00","","","M","","","-23,00","","ND"
"1989-02-16 19:00","1989","02","16","19:00"," ","-14,30","","-24,20","","43,00","","30,00","","22,00","","15,00","","","M","","","-24,00","","ND"
"1989-02-16 20:00","1989","02","16","20:00"," ","-15,20","","-24,20","","46,00","","29,00","","22,00","","15,00","","","M","","","-25,00","","ND"
"1989-02-16 21:00","1989","02","16","21:00"," ","-15,70","","-24,90","","45,00","","30,00","","17,00","","15,00","","","M","","","-24,00","","ND"
"1989-02-16 22:00","1989","02","16","22:00"," ","-16,00","","-24,60","","48,00","","29,00","","20,00","","15,00","","","M","","","-25,00","","ND"
"1989-02-16 23:00","1989","02","16","23:00"," ","-16,00","","-25,20","","45,00","","30,00","","19,00","","15,00","","","M","","","-25,00","","ND"
"1989-02-17 00:00","1989","02","17","00:00"," ","-16,20","","-24,80","","47,00","","30,00","","22,00","","15,00","","","M","","","-26,00","","ND"
"1989-02-17 01:00","1989","02","17","01:00"," ","-16,70","","-24,90","","49,00","","30,00","","19,00","","15,00","","","M","","","-26,00","","ND"
"1989-02-17 02:00","1989","02","17","02:00"," ","-17,20","","-24,60","","53,00","","29,00","","17,00","","15,00","","","M","","","-26,00","","ND"
"1989-02-17 03:00","1989","02","17","03:00"," ","-17,70","","-25,70","","50,00","","29,00","","20,00","","15,00","","","M","","","-28,00","","ND"
"1989-02-17 04:00","1989","02","17","04:00"," ","-18,00","","-26,20","","49,00","","29,00","","22,00","","15,00","","","M","","","-28,00","","ND"
"1989-02-17 05:00","1989","02","17","05:00"," ","-18,70","","-28,30","","43,00","","30,00","","17,00","","15,00","","","M","","","-28,00","","ND"
"1989-02-17 06:00","1989","02","17","06:00"," ","-19,20","","-28,50","","44,00","","29,00","","17,00","","15,00","","","M","","","-29,00","","ND"
"1989-02-17 07:00","1989","02","17","07:00"," ","-19,70","","-28,70","","45,00","","30,00","","17,00","","15,00","","","M","","","-29,00","","ND"
"1989-02-17 08:00","1989","02","17","08:00"," ","-20,20","","-29,30","","44,00","","29,00","","17,00","","15,00","","","M","","","-30,00","","ND"
"1989-02-17 09:00","1989","02","17","09:00"," ","-20,00","","-29,60","","42,00","","29,00","","15,00","","15,00","","","M","","","-29,00","","ND"
"1989-02-17 10:00","1989","02","17","10:00"," ","-19,70","","-28,90","","44,00","","29,00","","17,00","","15,00","","","M","","","-29,00","","ND"
"1989-02-17 11:00","1989","02","17","11:00"," ","-19,20","","-28,00","","46,00","","28,00","","22,00","","15,00","","","M","","","-30,00","","ND"
"1989-02-17 12:00","1989","02","17","12:00"," ","-18,20","","-27,30","","45,00","","27,00","","13,00","","15,00","","","M","","","-26,00","","ND"
"1989-02-17 13:00","1989","02","17","13:00"," ","-17,20","","-26,80","","43,00","","27,00","","17,00","","15,00","","","M","","","-26,00","","ND"
"1989-02-17 14:00","1989","02","17","14:00"," ","-17,20","","-26,80","","43,00","","27,00","","11,00","","15,00","","","M","","","-24,00","","ND"
"1989-02-17 15:00","1989","02","17","15:00"," ","-16,30","","-26,60","","41,00","","28,00","","13,00","","15,00","","","M","","","-24,00","","ND"
"1989-02-17 16:00","1989","02","17","16:00"," ","-17,00","","-27,10","","41,00","","29,00","","15,00","","15,00","","","M","","","-25,00","","ND"
"1989-02-17 17:00","1989","02","17","17:00"," ","-17,50","","-26,50","","45,00","","28,00","","20,00","","15,00","","","M","","","-27,00","","ND"
"1989-02-17 18:00","1989","02","17","18:00"," ","-17,50","","-27,00","","43,00","","28,00","","17,00","","15,00","","","M","","","-27,00","","ND"
"1989-02-17 19:00","1989","02","17","19:00"," ","-17,50","","-27,00","","43,00","","29,00","","17,00","","15,00","","","M","","","-27,00","","ND"
"1989-02-17 20:00","1989","02","17","20:00"," ","-17,20","","-26,60","","44,00","","30,00","","20,00","","15,00","","","M","","","-27,00","","ND"
"1989-02-17 21:00","1989","02","17","21:00"," ","-17,30","","-27,50","","41,00","","30,00","","17,00","","15,00","","","M","","","-26,00","","ND"
"1989-02-17 22:00","1989","02","17","22:00"," ","-17,50","","-27,10","","43,00","","30,00","","13,00","","15,00","","","M","","","-25,00","","ND"
"1989-02-17 23:00","1989","02","17","23:00"," ","-17,80","","-27,30","","43,00","","31,00","","13,00","","15,00","","","M","","","-26,00","","ND"
"1989-02-18 00:00","1989","02","18","00:00"," ","-18,20","","-28,00","","42,00","","30,00","","15,00","","15,00","","","M","","","-27,00","","ND"
"1989-02-18 01:00","1989","02","18","01:00"," ","-18,70","","-28,20","","43,00","","29,00","","13,00","","15,00","","","M","","","-27,00","","ND"
"1989-02-18 02:00","1989","02","18","02:00"," ","-19,30","","-28,20","","45,00","","29,00","","13,00","","15,00","","","M","","","-28,00","","ND"
"1989-02-18 03:00","1989","02","18","03:00"," ","-19,50","","-28,00","","47,00","","28,00","","17,00","","15,00","","","M","","","-29,00","","ND"
"1989-02-18 04:00","1989","02","18","04:00"," ","-19,80","","-27,80","","49,00","","28,00","","13,00","","15,00","","","M","","","-28,00","","ND"
"1989-02-18 05:00","1989","02","18","05:00"," ","-20,10","","-27,80","","50,00","","28,00","","15,00","","15,00","","","M","","","-29,00","","ND"
"1989-02-18 06:00","1989","02","18","06:00"," ","-20,00","","-27,80","","50,00","","28,00","","15,00","","15,00","","","M","","","-29,00","","ND"
"1989-02-18 07:00","1989","02","18","07:00"," ","-20,30","","-27,50","","53,00","","29,00","","13,00","","15,00","","","M","","","-29,00","","ND"
"1989-02-18 08:00","1989","02","18","08:00"," ","-20,10","","-27,30","","53,00","","28,00","","13,00","","15,00","","","M","","","-29,00","","ND"
"1989-02-18 09:00","1989","02","18","09:00"," ","-19,50","","-27,00","","51,00","","28,00","","13,00","","15,00","","","M","","","-28,00","","ND"
"1989-02-18 10:00","1989","02","18","10:00"," ","-18,70","","-26,30","","51,00","","29,00","","9,00","","15,00","","","M","","","-25,00","","ND"
"1989-02-18 11:00","1989","02","18","11:00"," ","-17,50","","-25,10","","52,00","","27,00","","17,00","","15,00","","","M","","","-27,00","","ND"
"1989-02-18 12:00","1989","02","18","12:00"," ","-16,20","","-24,00","","51,00","","27,00","","15,00","","15,00","","","M","","","-24,00","","ND"
"1989-02-18 13:00","1989","02","18","13:00"," ","-15,50","","-22,80","","54,00","","28,00","","19,00","","15,00","","","M","","","-25,00","","ND"
"1989-02-18 14:00","1989","02","18","14:00"," ","-14,70","","-21,80","","55,00","","27,00","","15,00","","15,00","","","M","","","-23,00","","ND"
"1989-02-18 15:00","1989","02","18","15:00"," ","-14,60","","-21,20","","57,00","","26,00","","15,00","","15,00","","","M","","","-22,00","","ND"
"1989-02-18 16:00","1989","02","18","16:00"," ","-14,50","","-21,80","","54,00","","25,00","","11,00","","15,00","","","M","","","-21,00","","ND"
"1989-02-18 17:00","1989","02","18","17:00"," ","-14,10","","-22,10","","51,00","","27,00","","11,00","","15,00","","","M","","","-21,00","","ND"
"1989-02-18 18:00","1989","02","18","18:00"," ","-14,00","","-21,70","","52,00","","27,00","","9,00","","15,00","","","M","","","-20,00","","ND"
"1989-02-18 19:00","1989","02","18","19:00"," ","-13,70","","-21,30","","53,00","","27,00","","13,00","","15,00","","","M","","","-21,00","","ND"
"1989-02-18 20:00","1989","02","18","20:00"," ","-13,70","","-21,40","","52,00","","27,00","","9,00","","15,00","","","M","","","-19,00","","ND"
"1989-02-18 21:00","1989","02","18","21:00"," ","-16,70","","-24,00","","53,00","","23,00","","9,00","","15,00","","","M","","","-23,00","","ND"
"1989-02-18 22:00","1989","02","18","22:00"," ","-17,20","","-24,90","","51,00","","23,00","","13,00","","15,00","","","M","","","-25,00","","ND"
"1989-02-18 23:00","1989","02","18","23:00"," ","-18,00","","-26,50","","47,00","","23,00","","11,00","","15,00","","","M","","","-25,00","","ND"
"1989-02-19 00:00","1989","02","19","00:00"," ","-19,50","","-27,60","","49,00","","23,00","","9,00","","15,00","","","M","","","-26,00","","ND"
"1989-02-19 01:00","1989","02","19","01:00"," ","-19,00","","-27,10","","49,00","","21,00","","7,00","","15,00","","","M","","","-24,00","","ND"
"1989-02-19 02:00","1989","02","19","02:00"," ","-20,00","","-27,00","","54,00","","23,00","","7,00","","15,00","","","M","","","-26,00","","ND"
"1989-02-19 03:00","1989","02","19","03:00"," ","-20,00","","-26,80","","55,00","","24,00","","9,00","","15,00","","","M","","","-27,00","","ND"
"1989-02-19 04:00","1989","02","19","04:00"," ","-20,70","","-26,50","","60,00","","26,00","","7,00","","15,00","","","M","","","-26,00","","ND"
"1989-02-19 05:00","1989","02","19","05:00"," ","-20,70","","-26,80","","58,00","","26,00","","7,00","","15,00","","","M","","","-26,00","","ND"
"1989-02-19 06:00","1989","02","19","06:00"," ","-21,30","","-28,20","","54,00","","24,00","","11,00","","15,00","","","M","","","-29,00","","ND"
"1989-02-19 07:00","1989","02","19","07:00"," ","-22,00","","-28,30","","57,00","","24,00","","11,00","","15,00","","","M","","","-30,00","","ND"
"1989-02-19 08:00","1989","02","19","08:00"," ","-20,60","","-28,30","","50,00","","24,00","","11,00","","15,00","","","M","","","-28,00","","ND"
"1989-02-19 09:00","1989","02","19","09:00"," ","-17,80","","-26,30","","47,00","","23,00","","15,00","","15,00","","","M","","","-26,00","","ND"
"1989-02-19 10:00","1989","02","19","10:00"," ","-16,50","","-25,10","","47,00","","23,00","","11,00","","15,00","","","M","","","-23,00","","ND"
"1989-02-19 11:00","1989","02","19","11:00"," ","-15,10","","-23,90","","47,00","","23,00","","11,00","","15,00","","","M","","","-22,00","","ND"
"1989-02-19 12:00","1989","02","19","12:00"," ","-14,50","","-22,20","","52,00","","22,00","","7,00","","15,00","","","M","","","-19,00","","ND"
"1989-02-19 13:00","1989","02","19","13:00"," ","-12,70","","-21,70","","47,00","","23,00","","7,00","","15,00","","","M","","","-17,00","","ND"
"1989-02-19 14:00","1989","02","19","14:00"," ","-12,10","","-20,70","","49,00","","25,00","","7,00","","15,00","","","M","","","-16,00","","ND"
"1989-02-19 15:00","1989","02","19","15:00"," ","-11,30","","-19,20","","52,00","","24,00","","7,00","","15,00","","","M","","","-16,00","","ND"
"1989-02-19 16:00","1989","02","19","16:00"," ","-11,30","","-17,80","","59,00","","24,00","","7,00","","15,00","","","M","","","-16,00","","ND"
"1989-02-19 17:00","1989","02","19","17:00"," ","-13,00","","-19,00","","61,00","","24,00","","9,00","","15,00","","","M","","","-18,00","","ND"
"1989-02-19 18:00","1989","02","19","18:00"," ","-14,00","","-19,60","","63,00","","25,00","","9,00","","15,00","","","M","","","-20,00","","ND"
"1989-02-19 19:00","1989","02","19","19:00"," ","-15,00","","-19,70","","67,00","","27,00","","13,00","","15,00","","","M","","","-22,00","","ND"
"1989-02-19 20:00","1989","02","19","20:00"," ","-15,70","","-20,40","","67,00","","26,00","","7,00","","15,00","","","M","","","-21,00","","ND"
"1989-02-19 21:00","1989","02","19","21:00"," ","-17,50","","-22,50","","65,00","","25,00","","7,00","","15,00","","","M","","","-23,00","","ND"
"1989-02-19 22:00","1989","02","19","22:00"," ","-17,70","","-22,00","","69,00","","23,00","","9,00","","15,00","","","M","","","-24,00","","ND"
"1989-02-19 23:00","1989","02","19","23:00"," ","-15,60","","-21,60","","60,00","","23,00","","13,00","","15,00","","","M","","","-23,00","","ND"
"1989-02-20 00:00","1989","02","20","00:00"," ","-16,00","","-21,60","","62,00","","24,00","","6,00","","15,00","","","M","","","-20,00","","ND"
"1989-02-20 01:00","1989","02","20","01:00"," ","-17,70","","-22,50","","66,00","","24,00","","9,00","","15,00","","","M","","","-24,00","","ND"
"1989-02-20 02:00","1989","02","20","02:00"," ","-17,30","","-21,80","","68,00","","23,00","","7,00","","15,00","","","M","","","-23,00","","ND"
"1989-02-20 03:00","1989","02","20","03:00"," ","-17,00","","-21,40","","69,00","","24,00","","7,00","","15,00","","","M","","","-22,00","","ND"
"1989-02-20 04:00","1989","02","20","04:00"," ","-16,50","","-20,40","","72,00","","23,00","","6,00","","15,00","","","M","","","-21,00","","ND"
"1989-02-20 05:00","1989","02","20","05:00"," ","-15,70","","-19,70","","71,00","","23,00","","6,00","","15,00","","","M","","","-20,00","","ND"
"1989-02-20 06:00","1989","02","20","06:00"," ","-16,20","","-20,20","","71,00","","24,00","","9,00","","15,00","","","M","","","-22,00","","ND"
"1989-02-20 07:00","1989","02","20","07:00"," ","-17,00","","-21,10","","70,00","","23,00","","9,00","","15,00","","","M","","","-23,00","","ND"
"1989-02-20 08:00","1989","02","20","08:00"," ","-16,70","","-20,60","","72,00","","22,00","","4,00","","15,00","","","M","","","-20,00","","ND"
"1989-02-20 09:00","1989","02","20","09:00"," ","-15,50","","-19,70","","70,00","","21,00","","6,00","","15,00","","","M","","","-20,00","","ND"
"1989-02-20 10:00","1989","02","20","10:00"," ","-11,00","","-15,70","","68,00","","24,00","","7,00","","15,00","","","M","","","-15,00","","ND"
"1989-02-20 11:00","1989","02","20","11:00"," ","-9,00","","-14,20","","66,00","","22,00","","6,00","","15,00","","","M","","","-12,00","","ND"
"1989-02-20 12:00","1989","02","20","12:00"," ","-8,10","","-12,60","","70,00","","23,00","","9,00","","15,00","","","M","","","-13,00","","ND"
"1989-02-20 13:00","1989","02","20","13:00"," ","-6,20","","-11,10","","68,00","","24,00","","7,00","","15,00","","","M","","","-10,00","","ND"
"1989-02-20 14:00","1989","02","20","14:00"," ","-5,00","","-10,00","","68,00","","26,00","","11,00","","15,00","","","M","","","-10,00","","ND"
"1989-02-20 15:00","1989","02","20","15:00"," ","-4,60","","-10,10","","65,00","","26,00","","13,00","","15,00","","","M","","","-10,00","","ND"
"1989-02-20 16:00","1989","02","20","16:00"," ","-5,10","","-10,10","","68,00","","23,00","","9,00","","15,00","","","M","","","-9,00","","ND"
"1989-02-20 17:00","1989","02","20","17:00"," ","-7,10","","-11,00","","74,00","","24,00","","9,00","","15,00","","","M","","","-11,00","","ND"
"1989-02-20 18:00","1989","02","20","18:00"," ","-10,50","","-13,50","","79,00","","22,00","","9,00","","15,00","","","M","","","-15,00","","ND"
"1989-02-20 19:00","1989","02","20","19:00"," ","-12,20","","-15,30","","78,00","","21,00","","9,00","","15,00","","","M","","","-17,00","","ND"
"1989-02-20 20:00","1989","02","20","20:00"," ","-10,00","","-13,10","","78,00","","20,00","","9,00","","15,00","","","M","","","-15,00","","ND"
"1989-02-20 21:00","1989","02","20","21:00"," ","-8,70","","-12,20","","76,00","","19,00","","11,00","","15,00","","","M","","","-14,00","","ND"
"1989-02-20 22:00","1989","02","20","22:00"," ","-8,00","","-11,00","","79,00","","20,00","","7,00","","15,00","","","M","","","-12,00","","ND"
"1989-02-20 23:00","1989","02","20","23:00"," ","-6,80","","-9,80","","79,00","","18,00","","7,00","","15,00","","","M","","","-10,00","","ND"
"1989-02-21 00:00","1989","02","21","00:00"," ","-5,10","","-7,80","","81,00","","20,00","","13,00","","15,00","","","M","","","-10,00","","ND"
"1989-02-21 01:00","1989","02","21","01:00"," ","-7,00","","-9,10","","85,00","","21,00","","9,00","","15,00","","","M","","","-11,00","","ND"
"1989-02-21 02:00","1989","02","21","02:00"," ","-8,70","","-11,30","","81,00","","24,00","","6,00","","15,00","","","M","","","-12,00","","ND"
"1989-02-21 03:00","1989","02","21","03:00"," ","-10,70","","-13,10","","82,00","","23,00","","11,00","","15,00","","","M","","","-16,00","","ND"
"1989-02-21 04:00","1989","02","21","04:00"," ","-9,70","","-11,70","","85,00","","26,00","","7,00","","15,00","","","M","","","-14,00","","ND"
"1989-02-21 05:00","1989","02","21","05:00"," ","-10,80","","-14,10","","77,00","","26,00","","6,00","","15,00","","","M","","","-14,00","","ND"
"1989-02-21 06:00","1989","02","21","06:00"," ","-13,80","","-16,30","","81,00","","23,00","","7,00","","15,00","","","M","","","-18,00","","ND"
"1989-02-21 07:00","1989","02","21","07:00"," ","-10,50","","-12,60","","85,00","","27,00","","4,00","","15,00","","","M","","","-13,00","","ND"
"1989-02-21 08:00","1989","02","21","08:00"," ","-8,20","","-9,90","","88,00","","2,00","","4,00","","15,00","","","M","","","-10,00","","ND"
"1989-02-21 09:00","1989","02","21","09:00"," ","-4,60","","-6,10","","89,00","","8,00","","2,00","","15,00","","","M","","","-5,00","","ND"
"1989-02-21 10:00","1989","02","21","10:00"," ","-3,80","","-5,30","","89,00","","10,00","","6,00","","15,00","","","M","","","-6,00","","ND"
"1989-02-21 11:00","1989","02","21","11:00"," ","-2,70","","-5,30","","82,00","","8,00","","7,00","","15,00","","","M","","","-6,00","","ND"
"1989-02-21 12:00","1989","02","21","12:00"," ","-2,50","","-4,70","","85,00","","10,00","","13,00","","1,10","","","M","","","-7,00","","ND"
"1989-02-21 13:00","1989","02","21","13:00"," ","-2,40","","-3,60","","91,00","","10,00","","13,00","","0,60","","","M","","","-7,00","","ND"
"1989-02-21 14:00","1989","02","21","14:00"," ","-1,80","","-3,10","","91,00","","11,00","","13,00","","0,60","","","M","","","-6,00","","ND"
"1989-02-21 15:00","1989","02","21","15:00"," ","-1,20","","-2,00","","94,00","","14,00","","19,00","","0,60","","","M","","","-7,00","","ND"
"1989-02-21 16:00","1989","02","21","16:00"," ","-0,90","","-1,80","","94,00","","13,00","","17,00","","0,60","","","M","","","-6,00","","ND"
"1989-02-21 17:00","1989","02","21","17:00"," ","-0,60","","-1,60","","93,00","","11,00","","17,00","","0,30","","","M","","","-6,00","","ND"
"1989-02-21 18:00","1989","02","21","18:00"," ","-0,60","","-1,60","","93,00","","10,00","","13,00","","0,00","","","M","","","-5,00","","ND"
"1989-02-21 19:00","1989","02","21","19:00"," ","-0,40","","-1,40","","93,00","","12,00","","17,00","","0,30","","","M","","","-5,00","","ND"
"1989-02-21 20:00","1989","02","21","20:00"," ","0,00","","-0,50","","96,00","","13,00","","15,00","","15,00","","","M","","","-4,00","","ND"
"1989-02-21 21:00","1989","02","21","21:00"," ","0,20","","-0,10","","98,00","","15,00","","13,00","","15,00","","","M","","","","","ND"
"1989-02-21 22:00","1989","02","21","22:00"," ","0,40","","0,00","","97,00","","17,00","","11,00","","12,90","","","M","","","","","ND"
"1989-02-21 23:00","1989","02","21","23:00"," ","0,40","","0,00","","97,00","","27,00","","4,00","","15,00","","","M","","","","","ND"
"1989-02-22 00:00","1989","02","22","00:00"," ","0,40","","0,00","","97,00","","22,00","","6,00","","15,00","","","M","","","","","ND"
"1989-02-22 01:00","1989","02","22","01:00"," ","0,50","","0,00","","96,00","","23,00","","9,00","","15,00","","","M","","","","","ND"
"1989-02-22 02:00","1989","02","22","02:00"," ","0,50","","0,00","","96,00","","24,00","","11,00","","15,00","","","M","","","","","ND"
"1989-02-22 03:00","1989","02","22","03:00"," ","0,30","","-0,10","","97,00","","24,00","","11,00","","15,00","","","M","","","","","ND"
"1989-02-22 04:00","1989","02","22","04:00"," ","0,30","","-0,40","","95,00","","23,00","","13,00","","15,00","","","M","","","","","ND"
"1989-02-22 05:00","1989","02","22","05:00"," ","0,60","","-0,30","","94,00","","23,00","","15,00","","15,00","","","M","","","","","ND"
"1989-02-22 06:00","1989","02","22","06:00"," ","0,50","","-0,60","","92,00","","24,00","","15,00","","15,00","","","M","","","","","ND"
"1989-02-22 07:00","1989","02","22","07:00"," ","0,30","","-0,80","","92,00","","24,00","","15,00","","15,00","","","M","","","","","ND"
"1989-02-22 08:00","1989","02","22","08:00"," ","0,20","","-0,90","","92,00","","25,00","","13,00","","15,00","","","M","","","","","ND"
"1989-02-22 09:00","1989","02","22","09:00"," ","0,10","","-1,20","","91,00","","24,00","","15,00","","15,00","","","M","","","","","ND"
"1989-02-22 10:00","1989","02","22","10:00"," ","0,20","","-1,10","","91,00","","27,00","","17,00","","15,00","","","M","","","","","ND"
"1989-02-22 11:00","1989","02","22","11:00"," ","0,30","","-1,10","","90,00","","26,00","","15,00","","15,00","","","M","","","","","ND"
"1989-02-22 12:00","1989","02","22","12:00"," ","0,60","","-1,10","","88,00","","27,00","","13,00","","15,00","","","M","","","","","ND"
"1989-02-22 13:00","1989","02","22","13:00"," ","0,20","","-1,60","","88,00","","25,00","","9,00","","15,00","","","M","","","","","ND"
"1989-02-22 14:00","1989","02","22","14:00"," ","0,00","","-1,90","","87,00","","27,00","","11,00","","15,00","","","M","","","-4,00","","ND"
"1989-02-22 15:00","1989","02","22","15:00"," ","0,00","","-2,10","","86,00","","3,00","","2,00","","15,00","","","M","","","-1,00","","ND"
"1989-02-22 16:00","1989","02","22","16:00"," ","0,00","","-2,20","","85,00","","31,00","","6,00","","15,00","","","M","","","-2,00","","ND"
"1989-02-22 17:00","1989","02","22","17:00"," ","0,00","","-2,20","","85,00","","29,00","","2,00","","15,00","","","M","","","-1,00","","ND"
"1989-02-22 18:00","1989","02","22","18:00"," ","-0,30","","-2,20","","87,00","","25,00","","6,00","","15,00","","","M","","","-2,00","","ND"
"1989-02-22 19:00","1989","02","22","19:00"," ","-0,60","","-2,40","","88,00","","5,00","","4,00","","7,20","","","M","","","-2,00","","ND"
"1989-02-22 20:00","1989","02","22","20:00"," ","-0,60","","-2,20","","89,00","","11,00","","7,00","","3,20","","","M","","","-3,00","","ND"
"1989-02-22 21:00","1989","02","22","21:00"," ","-1,00","","-2,20","","92,00","","11,00","","6,00","","2,30","","","M","","","-3,00","","ND"
"1989-02-22 22:00","1989","02","22","22:00"," ","-1,00","","-2,10","","92,00","","16,00","","7,00","","8,00","","","M","","","-4,00","","ND"
"1989-02-22 23:00","1989","02","22","23:00"," ","-1,20","","-2,40","","92,00","","26,00","","6,00","","9,70","","","M","","","-3,00","","ND"
"1989-02-23 00:00","1989","02","23","00:00"," ","-1,20","","-2,70","","90,00","","28,00","","13,00","","8,00","","","M","","","-5,00","","ND"
"1989-02-23 01:00","1989","02","23","01:00"," ","-1,50","","-3,40","","87,00","","28,00","","15,00","","15,00","","","M","","","-6,00","","ND"
"1989-02-23 02:00","1989","02","23","02:00"," ","-1,80","","-3,80","","86,00","","28,00","","13,00","","15,00","","","M","","","-6,00","","ND"
"1989-02-23 03:00","1989","02","23","03:00"," ","-3,00","","-5,40","","83,00","","32,00","","9,00","","15,00","","","M","","","-7,00","","ND"
"1989-02-23 04:00","1989","02","23","04:00"," ","-3,80","","-5,40","","89,00","","35,00","","7,00","","15,00","","","M","","","-7,00","","ND"
"1989-02-23 05:00","1989","02","23","05:00"," ","-3,20","","-4,80","","89,00","","28,00","","7,00","","15,00","","","M","","","-6,00","","ND"
"1989-02-23 06:00","1989","02","23","06:00"," ","-2,80","","-5,70","","80,00","","29,00","","7,00","","15,00","","","M","","","-6,00","","ND"
"1989-02-23 07:00","1989","02","23","07:00"," ","-3,30","","-6,30","","80,00","","29,00","","9,00","","15,00","","","M","","","-7,00","","ND"
"1989-02-23 08:00","1989","02","23","08:00"," ","-4,00","","-7,50","","77,00","","28,00","","17,00","","15,00","","","M","","","-10,00","","ND"
"1989-02-23 09:00","1989","02","23","09:00"," ","-4,10","","-8,50","","71,00","","29,00","","15,00","","15,00","","","M","","","-9,00","","ND"
"1989-02-23 10:00","1989","02","23","10:00"," ","-4,50","","-8,70","","72,00","","28,00","","13,00","","15,00","","","M","","","-10,00","","ND"
"1989-02-23 11:00","1989","02","23","11:00"," ","-5,20","","-9,00","","75,00","","27,00","","17,00","","15,00","","","M","","","-11,00","","ND"
"1989-02-23 12:00","1989","02","23","12:00"," ","-6,00","","-9,80","","74,00","","27,00","","19,00","","15,00","","","M","","","-13,00","","ND"
"1989-02-23 13:00","1989","02","23","13:00"," ","-6,00","","-10,20","","72,00","","25,00","","20,00","","15,00","","","M","","","-13,00","","ND"
"1989-02-23 14:00","1989","02","23","14:00"," ","-5,50","","-10,00","","71,00","","25,00","","17,00","","15,00","","","M","","","-12,00","","ND"
"1989-02-23 15:00","1989","02","23","15:00"," ","-5,60","","-10,00","","71,00","","26,00","","17,00","","15,00","","","M","","","-12,00","","ND"
"1989-02-23 16:00","1989","02","23","16:00"," ","-5,60","","-10,20","","70,00","","27,00","","13,00","","15,00","","","M","","","-11,00","","ND"
"1989-02-23 17:00","1989","02","23","17:00"," ","-6,00","","-10,20","","72,00","","24,00","","13,00","","15,00","","","M","","","-11,00","","ND"
"1989-02-23 18:00","1989","02","23","18:00"," ","-6,60","","-10,60","","73,00","","23,00","","7,00","","15,00","","","M","","","-10,00","","ND"
"1989-02-23 19:00","1989","02","23","19:00"," ","-8,00","","-11,50","","76,00","","13,00","","9,00","","15,00","","","M","","","-13,00","","ND"
"1989-02-23 20:00","1989","02","23","20:00"," ","-7,30","","-11,70","","71,00","","35,00","","28,00","","15,00","","","M","","","-16,00","","ND"
"1989-02-23 21:00","1989","02","23","21:00"," ","-9,10","","-15,10","","62,00","","36,00","","32,00","","15,00","","","M","","","-19,00","","ND"
"1989-02-23 22:00","1989","02","23","22:00"," ","-10,10","","-15,50","","65,00","","35,00","","30,00","","15,00","","","M","","","-20,00","","ND"
"1989-02-23 23:00","1989","02","23","23:00"," ","-10,20","","-15,50","","65,00","","34,00","","26,00","","15,00","","","M","","","-19,00","","ND"
"1989-02-24 00:00","1989","02","24","00:00"," ","-9,80","","-15,00","","66,00","","35,00","","32,00","","15,00","","","M","","","-20,00","","ND"
"1989-02-24 01:00","1989","02","24","01:00"," ","-9,80","","-14,80","","67,00","","35,00","","22,00","","15,00","","","M","","","-18,00","","ND"
"1989-02-24 02:00","1989","02","24","02:00"," ","-9,80","","-14,80","","67,00","","2,00","","26,00","","15,00","","","M","","","-19,00","","ND"
"1989-02-24 03:00","1989","02","24","03:00"," ","-10,50","","-15,20","","68,00","","1,00","","26,00","","15,00","","","M","","","-20,00","","ND"
"1989-02-24 04:00","1989","02","24","04:00"," ","-11,10","","-16,20","","66,00","","2,00","","26,00","","15,00","","","M","","","-20,00","","ND"
"1989-02-24 05:00","1989","02","24","05:00"," ","-11,70","","-16,90","","65,00","","2,00","","28,00","","15,00","","","M","","","-21,00","","ND"
"1989-02-24 06:00","1989","02","24","06:00"," ","-12,10","","-16,80","","68,00","","2,00","","28,00","","15,00","","","M","","","-22,00","","ND"
"1989-02-24 07:00","1989","02","24","07:00"," ","-12,70","","-17,60","","67,00","","1,00","","26,00","","15,00","","","M","","","-22,00","","ND"
"1989-02-24 08:00","1989","02","24","08:00"," ","-13,00","","-18,00","","66,00","","1,00","","30,00","","15,00","","","M","","","-23,00","","ND"
"1989-02-24 09:00","1989","02","24","09:00"," ","-13,00","","-18,00","","66,00","","2,00","","32,00","","15,00","","","M","","","-24,00","","ND"
"1989-02-24 10:00","1989","02","24","10:00"," ","-12,60","","-17,40","","67,00","","2,00","","24,00","","15,00","","","M","","","-22,00","","ND"
"1989-02-24 11:00","1989","02","24","11:00"," ","-12,00","","-17,40","","64,00","","3,00","","26,00","","15,00","","","M","","","-22,00","","ND"
"1989-02-24 12:00","1989","02","24","12:00"," ","-11,50","","-17,10","","63,00","","3,00","","20,00","","15,00","","","M","","","-20,00","","ND"
"1989-02-24 13:00","1989","02","24","13:00"," ","-11,10","","-17,60","","59,00","","3,00","","20,00","","15,00","","","M","","","-19,00","","ND"
"1989-02-24 14:00","1989","02","24","14:00"," ","-11,00","","-17,20","","60,00","","4,00","","17,00","","15,00","","","M","","","-18,00","","ND"
"1989-02-24 15:00","1989","02","24","15:00"," ","-10,60","","-17,60","","56,00","","5,00","","17,00","","15,00","","","M","","","-18,00","","ND"
"1989-02-24 16:00","1989","02","24","16:00"," ","-10,60","","-15,50","","67,00","","5,00","","19,00","","15,00","","","M","","","-18,00","","ND"
"1989-02-24 17:00","1989","02","24","17:00"," ","-10,80","","-15,50","","68,00","","5,00","","24,00","","15,00","","","M","","","-20,00","","ND"
"1989-02-24 18:00","1989","02","24","18:00"," ","-11,00","","-15,20","","71,00","","5,00","","28,00","","15,00","","","M","","","-21,00","","ND"
"1989-02-24 19:00","1989","02","24","19:00"," ","-11,20","","-15,80","","69,00","","4,00","","28,00","","15,00","","","M","","","-21,00","","ND"
"1989-02-24 20:00","1989","02","24","20:00"," ","-11,60","","-16,90","","65,00","","3,00","","24,00","","15,00","","","M","","","-21,00","","ND"
"1989-02-24 21:00","1989","02","24","21:00"," ","-11,30","","-16,40","","66,00","","3,00","","24,00","","15,00","","","M","","","-20,00","","ND"
"1989-02-24 22:00","1989","02","24","22:00"," ","-11,20","","-16,10","","67,00","","3,00","","20,00","","15,00","","","M","","","-19,00","","ND"
"1989-02-24 23:00","1989","02","24","23:00"," ","-11,00","","-15,30","","71,00","","4,00","","20,00","","15,00","","","M","","","-19,00","","ND"
"1989-02-25 00:00","1989","02","25","00:00"," ","-11,00","","-14,80","","73,00","","3,00","","20,00","","15,00","","","M","","","-19,00","","ND"
"1989-02-25 01:00","1989","02","25","01:00"," ","-10,70","","-14,70","","72,00","","3,00","","24,00","","15,00","","","M","","","-19,00","","ND"
"1989-02-25 02:00","1989","02","25","02:00"," ","-10,50","","-14,50","","72,00","","3,00","","24,00","","15,00","","","M","","","-19,00","","ND"
"1989-02-25 03:00","1989","02","25","03:00"," ","-10,20","","-14,10","","73,00","","3,00","","24,00","","15,00","","","M","","","-19,00","","ND"
"1989-02-25 04:00","1989","02","25","04:00"," ","-9,80","","-13,80","","73,00","","4,00","","22,00","","15,00","","","M","","","-18,00","","ND"
"1989-02-25 05:00","1989","02","25","05:00"," ","-9,60","","-13,50","","73,00","","4,00","","22,00","","15,00","","","M","","","-18,00","","ND"
"1989-02-25 06:00","1989","02","25","06:00"," ","-9,80","","-13,70","","73,00","","3,00","","26,00","","15,00","","","M","","","-19,00","","ND"
"1989-02-25 07:00","1989","02","25","07:00"," ","-9,60","","-13,30","","74,00","","3,00","","28,00","","15,00","","","M","","","-19,00","","ND"
"1989-02-25 08:00","1989","02","25","08:00"," ","-9,30","","-12,80","","76,00","","3,00","","20,00","","15,00","","","M","","","-17,00","","ND"
"1989-02-25 09:00","1989","02","25","09:00"," ","-8,70","","-13,00","","71,00","","4,00","","20,00","","15,00","","","M","","","-16,00","","ND"
"1989-02-25 10:00","1989","02","25","10:00"," ","-8,70","","-13,00","","71,00","","3,00","","19,00","","15,00","","","M","","","-16,00","","ND"
"1989-02-25 11:00","1989","02","25","11:00"," ","-8,60","","-13,00","","70,00","","3,00","","20,00","","15,00","","","M","","","-16,00","","ND"
"1989-02-25 12:00","1989","02","25","12:00"," ","-8,50","","-13,10","","69,00","","4,00","","22,00","","15,00","","","M","","","-16,00","","ND"
"1989-02-25 13:00","1989","02","25","13:00"," ","-9,10","","-11,80","","81,00","","4,00","","24,00","","0,20","","","M","","","-17,00","","ND"
"1989-02-25 14:00","1989","02","25","14:00"," ","-9,30","","-11,50","","84,00","","3,00","","28,00","","0,30","","","M","","","-18,00","","ND"
"1989-02-25 15:00","1989","02","25","15:00"," ","-9,20","","-11,50","","83,00","","3,00","","28,00","","0,50","","","M","","","-18,00","","ND"
"1989-02-25 16:00","1989","02","25","16:00"," ","-9,10","","-11,20","","85,00","","3,00","","26,00","","0,80","","","M","","","-18,00","","ND"
"1989-02-25 17:00","1989","02","25","17:00"," ","-9,10","","-11,40","","83,00","","3,00","","30,00","","0,50","","","M","","","-18,00","","ND"
"1989-02-25 18:00","1989","02","25","18:00"," ","-9,00","","-11,30","","83,00","","3,00","","30,00","","7,20","","","M","","","-18,00","","ND"
"1989-02-25 19:00","1989","02","25","19:00"," ","-8,80","","-11,30","","82,00","","3,00","","28,00","","4,80","","","M","","","-18,00","","ND"
"1989-02-25 20:00","1989","02","25","20:00"," ","-8,20","","-12,40","","72,00","","3,00","","33,00","","15,00","","","M","","","-18,00","","ND"
"1989-02-25 21:00","1989","02","25","21:00"," ","-9,00","","-11,20","","84,00","","3,00","","37,00","","0,30","","","M","","","-19,00","","ND"
"1989-02-25 22:00","1989","02","25","22:00"," ","-8,60","","-10,70","","85,00","","3,00","","28,00","","0,30","","","M","","","-17,00","","ND"
"1989-02-25 23:00","1989","02","25","23:00"," ","-8,60","","-10,70","","85,00","","2,00","","32,00","","0,00","","","M","","","-18,00","","ND"
"1989-02-26 00:00","1989","02","26","00:00"," ","-8,30","","-10,50","","84,00","","2,00","","33,00","","1,90","","","M","","","-18,00","","ND"
"1989-02-26 01:00","1989","02","26","01:00"," ","-8,10","","-10,10","","85,00","","2,00","","30,00","","0,50","","","M","","","-17,00","","ND"
"1989-02-26 02:00","1989","02","26","02:00"," ","-8,10","","-10,10","","85,00","","2,00","","32,00","","0,50","","","M","","","-17,00","","ND"
"1989-02-26 03:00","1989","02","26","03:00"," ","-8,10","","-10,10","","85,00","","2,00","","30,00","","4,80","","","M","","","-17,00","","ND"
"1989-02-26 04:00","1989","02","26","04:00"," ","-8,00","","-10,20","","84,00","","36,00","","20,00","","15,00","","","M","","","-15,00","","ND"
"1989-02-26 05:00","1989","02","26","05:00"," ","-8,10","","-10,40","","83,00","","1,00","","26,00","","1,00","","","M","","","-16,00","","ND"
"1989-02-26 06:00","1989","02","26","06:00"," ","-8,10","","-10,40","","83,00","","1,00","","20,00","","3,20","","","M","","","-15,00","","ND"
"1989-02-26 07:00","1989","02","26","07:00"," ","-8,00","","-10,20","","84,00","","1,00","","17,00","","7,20","","","M","","","-15,00","","ND"
"1989-02-26 08:00","1989","02","26","08:00"," ","-7,80","","-10,20","","83,00","","36,00","","15,00","","15,00","","","M","","","-14,00","","ND"
"1989-02-26 09:00","1989","02","26","09:00"," ","-7,80","","-10,50","","81,00","","34,00","","13,00","","15,00","","","M","","","-14,00","","ND"
"1989-02-26 10:00","1989","02","26","10:00"," ","-7,00","","-10,20","","78,00","","1,00","","11,00","","15,00","","","M","","","-12,00","","ND"
"1989-02-26 11:00","1989","02","26","11:00"," ","-6,50","","-9,80","","77,00","","33,00","","9,00","","15,00","","","M","","","-11,00","","ND"
"1989-02-26 12:00","1989","02","26","12:00"," ","-5,70","","-9,10","","77,00","","27,00","","13,00","","15,00","","","M","","","-11,00","","ND"
"1989-02-26 13:00","1989","02","26","13:00"," ","-5,50","","-9,40","","74,00","","26,00","","13,00","","15,00","","","M","","","-11,00","","ND"
"1989-02-26 14:00","1989","02","26","14:00"," ","-5,10","","-9,30","","72,00","","26,00","","15,00","","15,00","","","M","","","-11,00","","ND"
"1989-02-26 15:00","1989","02","26","15:00"," ","-5,30","","-9,00","","75,00","","26,00","","13,00","","15,00","","","M","","","-10,00","","ND"
"1989-02-26 16:00","1989","02","26","16:00"," ","-5,70","","-9,20","","76,00","","24,00","","11,00","","15,00","","","M","","","-10,00","","ND"
"1989-02-26 17:00","1989","02","26","17:00"," ","-6,10","","-9,60","","76,00","","24,00","","11,00","","15,00","","","M","","","-11,00","","ND"
"1989-02-26 18:00","1989","02","26","18:00"," ","-6,80","","-10,00","","78,00","","23,00","","11,00","","15,00","","","M","","","-12,00","","ND"
"1989-02-26 19:00","1989","02","26","19:00"," ","-6,70","","-9,50","","80,00","","19,00","","7,00","","15,00","","","M","","","-10,00","","ND"
"1989-02-26 20:00","1989","02","26","20:00"," ","-7,10","","-9,70","","82,00","","21,00","","9,00","","15,00","","","M","","","-11,00","","ND"
"1989-02-26 21:00","1989","02","26","21:00"," ","-6,70","","-8,70","","86,00","","19,00","","6,00","","6,40","","","M","","","-10,00","","ND"
"1989-02-26 22:00","1989","02","26","22:00"," ","-7,10","","-9,00","","86,00","","20,00","","9,00","","11,30","","","M","","","-11,00","","ND"
"1989-02-26 23:00","1989","02","26","23:00"," ","-7,00","","-9,10","","85,00","","20,00","","9,00","","12,90","","","M","","","-11,00","","ND"
"1989-02-27 00:00","1989","02","27","00:00"," ","-7,30","","-9,20","","86,00","","20,00","","7,00","","11,30","","","M","","","-11,00","","ND"
"1989-02-27 01:00","1989","02","27","01:00"," ","-7,10","","-9,10","","86,00","","21,00","","9,00","","15,00","","","M","","","-11,00","","ND"
"1989-02-27 02:00","1989","02","27","02:00"," ","-7,70","","-9,60","","86,00","","22,00","","9,00","","15,00","","","M","","","-12,00","","ND"
"1989-02-27 03:00","1989","02","27","03:00"," ","-12,30","","-14,80","","82,00","","24,00","","7,00","","15,00","","","M","","","-17,00","","ND"
"1989-02-27 04:00","1989","02","27","04:00"," ","-11,50","","-14,00","","82,00","","25,00","","6,00","","15,00","","","M","","","-15,00","","ND"
"1989-02-27 05:00","1989","02","27","05:00"," ","-9,10","","-11,20","","85,00","","28,00","","6,00","","15,00","","","M","","","-12,00","","ND"
"1989-02-27 06:00","1989","02","27","06:00"," ","-8,60","","-10,60","","85,00","","26,00","","2,00","","15,00","","","M","","","-10,00","","ND"
"1989-02-27 07:00","1989","02","27","07:00"," ","-8,60","","-10,40","","87,00","","22,00","","4,00","","3,20","","","M","","","-11,00","","ND"
"1989-02-27 08:00","1989","02","27","08:00"," ","-9,10","","-11,10","","85,00","","29,00","","2,00","","0,00","","","M","","","-10,00","","ND"
"1989-02-27 09:00","1989","02","27","09:00"," ","-7,80","","-10,00","","84,00","","34,00","","4,00","","0,00","","","M","","","-10,00","","ND"
"1989-02-27 10:00","1989","02","27","10:00"," ","-7,30","","-9,70","","83,00","","18,00","","6,00","","1,00","","","M","","","-10,00","","ND"
"1989-02-27 11:00","1989","02","27","11:00"," ","-6,50","","-8,50","","86,00","","13,00","","4,00","","15,00","","","M","","","-8,00","","ND"
"1989-02-27 12:00","1989","02","27","12:00"," ","-6,50","","-8,60","","85,00","","18,00","","4,00","","15,00","","","M","","","-8,00","","ND"
"1989-02-27 13:00","1989","02","27","13:00"," ","-5,20","","-8,00","","81,00","","11,00","","4,00","","15,00","","","M","","","-7,00","","ND"
"1989-02-27 14:00","1989","02","27","14:00"," ","-6,00","","-8,60","","82,00","","2,00","","6,00","","15,00","","","M","","","-9,00","","ND"
"1989-02-27 15:00","1989","02","27","15:00"," ","-5,00","","-8,20","","78,00","","7,00","","4,00","","15,00","","","M","","","-7,00","","ND"
"1989-02-27 16:00","1989","02","27","16:00"," ","-5,50","","-8,50","","79,00","","13,00","","2,00","","15,00","","","M","","","-6,00","","ND"
"1989-02-27 17:00","1989","02","27","17:00"," ","-7,80","","-10,20","","83,00","","20,00","","2,00","","15,00","","","M","","","-9,00","","ND"
"1989-02-27 18:00","1989","02","27","18:00"," ","-8,00","","-10,20","","84,00","","26,00","","4,00","","15,00","","","M","","","-10,00","","ND"
"1989-02-27 19:00","1989","02","27","19:00"," ","-9,30","","-11,20","","86,00","","27,00","","6,00","","15,00","","","M","","","-13,00","","ND"
"1989-02-27 20:00","1989","02","27","20:00"," ","-10,20","","-12,20","","85,00","","28,00","","7,00","","15,00","","","M","","","-14,00","","ND"
"1989-02-27 21:00","1989","02","27","21:00"," ","-9,10","","-10,90","","87,00","","28,00","","7,00","","15,00","","","M","","","-13,00","","ND"
"1989-02-27 22:00","1989","02","27","22:00"," ","-10,80","","-12,80","","85,00","","26,00","","9,00","","15,00","","","M","","","-16,00","","ND"
"1989-02-27 23:00","1989","02","27","23:00"," ","-11,50","","-13,40","","86,00","","26,00","","9,00","","15,00","","","M","","","-17,00","","ND"
"1989-02-28 00:00","1989","02","28","00:00"," ","-14,80","","-17,30","","81,00","","25,00","","11,00","","0,00","","","M","","","-21,00","","ND"
"1989-02-28 01:00","1989","02","28","01:00"," ","-14,20","","-16,90","","80,00","","25,00","","7,00","","11,30","","","M","","","-19,00","","ND"
"1989-02-28 02:00","1989","02","28","02:00"," ","-14,50","","-17,00","","81,00","","24,00","","9,00","","15,00","","","M","","","-20,00","","ND"
"1989-02-28 03:00","1989","02","28","03:00"," ","-15,00","","-17,40","","82,00","","23,00","","6,00","","15,00","","","M","","","-19,00","","ND"
"1989-02-28 04:00","1989","02","28","04:00"," ","-16,20","","-18,40","","83,00","","24,00","","7,00","","0,00","","","M","","","-21,00","","ND"
"1989-02-28 05:00","1989","02","28","05:00"," ","-15,80","","-18,40","","80,00","","24,00","","13,00","","15,00","","","M","","","-23,00","","ND"
"1989-02-28 06:00","1989","02","28","06:00"," ","-16,00","","-18,00","","85,00","","27,00","","9,00","","15,00","","","M","","","-22,00","","ND"
"1989-02-28 07:00","1989","02","28","07:00"," ","-16,80","","-19,40","","80,00","","26,00","","11,00","","15,00","","","M","","","-24,00","","ND"
"1989-02-28 08:00","1989","02","28","08:00"," ","-15,10","","-17,20","","84,00","","27,00","","11,00","","15,00","","","M","","","-22,00","","ND"
"1989-02-28 09:00","1989","02","28","09:00"," ","-11,20","","-13,40","","84,00","","27,00","","13,00","","15,00","","","M","","","-18,00","","ND"
"1989-02-28 10:00","1989","02","28","10:00"," ","-9,10","","-11,00","","86,00","","27,00","","13,00","","15,00","","","M","","","-15,00","","ND"
"1989-02-28 11:00","1989","02","28","11:00"," ","-7,60","","-9,80","","84,00","","27,00","","13,00","","15,00","","","M","","","-13,00","","ND"
"1989-02-28 12:00","1989","02","28","12:00"," ","-6,20","","-9,40","","78,00","","25,00","","15,00","","15,00","","","M","","","-12,00","","ND"
"1989-02-28 13:00","1989","02","28","13:00"," ","-5,20","","-8,20","","79,00","","24,00","","19,00","","15,00","","","M","","","-12,00","","ND"
"1989-02-28 14:00","1989","02","28","14:00"," ","-4,60","","-8,00","","77,00","","24,00","","19,00","","15,00","","","M","","","-11,00","","ND"
"1989-02-28 15:00","1989","02","28","15:00"," ","-4,50","","-8,30","","75,00","","24,00","","17,00","","15,00","","","M","","","-10,00","","ND"
"1989-02-28 16:00","1989","02","28","16:00"," ","-4,80","","-8,80","","74,00","","24,00","","19,00","","15,00","","","M","","","-11,00","","ND"
"1989-02-28 17:00","1989","02","28","17:00"," ","-5,70","","-9,90","","72,00","","24,00","","13,00","","15,00","","","M","","","-11,00","","ND"
"1989-02-28 18:00","1989","02","28","18:00"," ","-9,10","","-12,60","","76,00","","23,00","","13,00","","15,00","","","M","","","-15,00","","ND"
"1989-02-28 19:00","1989","02","28","19:00"," ","-9,20","","-11,40","","84,00","","20,00","","13,00","","15,00","","","M","","","-15,00","","ND"
"1989-02-28 20:00","1989","02","28","20:00"," ","-11,00","","-13,20","","84,00","","19,00","","13,00","","15,00","","","M","","","-17,00","","ND"
"1989-02-28 21:00","1989","02","28","21:00"," ","-12,00","","-14,40","","82,00","","18,00","","13,00","","15,00","","","M","","","-19,00","","ND"
"1989-02-28 22:00","1989","02","28","22:00"," ","-11,70","","-13,90","","84,00","","18,00","","11,00","","15,00","","","M","","","-18,00","","ND"
"1989-02-28 23:00","1989","02","28","23:00"," ","-13,00","","-15,10","","84,00","","18,00","","9,00","","15,00","","","M","","","-18,00","","ND"
