"Nom de la Station","SEPT-ILES A"
"Province","QUEBEC"
"Latitude","50,22"
"Longitude","-66,27"
"Altitude","54,90"
"Identification Climat","7047910"
"Identification OMM",""
"Identification TC","YZV"
"Toutes les heures sont exprimées en heure normale locale (HNL). Pour convertir l'heure locale en heure avancée de l'Est (HAE), ajoutez 1 heure s'il y a lieu."

"Légende"
"M","Données Manquantes"
"E","Valeur Estimée"
"ND","Non Disponible"
"**","Données fournies par un partenaire, non assujetties à un révision par les Archives climatiques nationales du Canada"

"Date/Heure","Année","Mois","Jour","Heure","Qualité des Données","Temp (°C)","Temp Indicateur","Point de rosée (°C)","Point de rosée Indicateur","Hum. rel (%)","Hum. rel. Indicateur","Dir. du vent (10s deg)","Dir. du vent Indicateur","Vit. du vent (km/h)","Vit. du vent Indicateur","Visibilité (km)","Visibilité Indicateur","Pression à la station (kPa)","Pression à la station Indicateur","Hmdx","Hmdx Indicateur","Refroid. éolien","Refroid. éolien Indicateur","Temps"
"1997-12-01 00:00","1997","12","01","00:00"," ","-2,90","","-8,10","","67,00","","35,00","","15,00","","32,20","","99,18","","","","-8,00","","Généralement dégagé"
"1997-12-01 01:00","1997","12","01","01:00"," ","-4,20","","-8,50","","72,00","","36,00","","11,00","","32,20","","99,11","","","","-9,00","","Généralement dégagé"
"1997-12-01 02:00","1997","12","01","02:00"," ","-2,50","","-7,80","","67,00","","3,00","","9,00","","32,20","","99,11","","","","-6,00","","Généralement dégagé"
"1997-12-01 03:00","1997","12","01","03:00"," ","-4,90","","-8,80","","74,00","","32,00","","9,00","","32,20","","99,11","","","","-9,00","","Généralement dégagé"
"1997-12-01 04:00","1997","12","01","04:00"," ","-2,90","","-7,50","","71,00","","3,00","","11,00","","32,20","","99,11","","","","-7,00","","Généralement dégagé"
"1997-12-01 05:00","1997","12","01","05:00"," ","-3,60","","-7,80","","73,00","","3,00","","7,00","","32,20","","99,05","","","","-7,00","","Généralement dégagé"
"1997-12-01 06:00","1997","12","01","06:00"," ","-3,60","","-8,00","","71,00","","4,00","","9,00","","32,20","","99,05","","","","-7,00","","Généralement nuageux"
"1997-12-01 07:00","1997","12","01","07:00"," ","-2,70","","-7,40","","70,00","","2,00","","9,00","","48,30","","98,98","","","","-6,00","","Généralement nuageux"
"1997-12-01 08:00","1997","12","01","08:00"," ","-2,30","","-7,10","","70,00","","3,00","","6,00","","48,30","","99,01","","","","-5,00","","Généralement nuageux"
"1997-12-01 09:00","1997","12","01","09:00"," ","-2,30","","-6,50","","73,00","","2,00","","4,00","","48,30","","99,08","","","","-4,00","","Généralement nuageux"
"1997-12-01 10:00","1997","12","01","10:00"," ","-0,30","","-5,70","","67,00","","3,00","","19,00","","48,30","","99,05","","","","-5,00","","Généralement nuageux"
"1997-12-01 11:00","1997","12","01","11:00"," ","0,30","","-5,70","","64,00","","2,00","","13,00","","48,30","","98,95","","","","","","Généralement nuageux"
"1997-12-01 12:00","1997","12","01","12:00"," ","0,60","","-5,40","","64,00","","2,00","","17,00","","48,30","","98,81","","","","","","Généralement nuageux"
"1997-12-01 13:00","1997","12","01","13:00"," ","0,90","","-5,10","","64,00","","4,00","","19,00","","48,30","","98,74","","","","","","Généralement nuageux"
"1997-12-01 14:00","1997","12","01","14:00"," ","1,50","","-4,70","","63,00","","3,00","","19,00","","48,30","","98,71","","","","","","Généralement nuageux"
"1997-12-01 15:00","1997","12","01","15:00"," ","1,60","","-4,40","","64,00","","3,00","","15,00","","48,30","","98,71","","","","","","Généralement nuageux"
"1997-12-01 16:00","1997","12","01","16:00"," ","1,20","","-4,20","","67,00","","2,00","","13,00","","48,30","","98,64","","","","","","Nuageux"
"1997-12-01 17:00","1997","12","01","17:00"," ","0,60","","-3,80","","72,00","","1,00","","15,00","","32,20","","98,61","","","","","","Nuageux"
"1997-12-01 18:00","1997","12","01","18:00"," ","0,60","","-4,00","","71,00","","2,00","","13,00","","32,20","","98,57","","","","","","Généralement dégagé"
"1997-12-01 19:00","1997","12","01","19:00"," ","0,60","","-3,80","","72,00","","1,00","","17,00","","32,20","","98,51","","","","","","Généralement dégagé"
"1997-12-01 20:00","1997","12","01","20:00"," ","1,70","","-3,10","","70,00","","2,00","","9,00","","32,20","","98,44","","","","","","Généralement dégagé"
"1997-12-01 21:00","1997","12","01","21:00"," ","1,50","","-2,90","","72,00","","14,00","","4,00","","32,20","","98,44","","","","","","Généralement nuageux"
"1997-12-01 22:00","1997","12","01","22:00"," ","1,80","","-2,60","","73,00","","18,00","","9,00","","32,20","","98,41","","","","","","Nuageux"
"1997-12-01 23:00","1997","12","01","23:00"," ","2,00","","-2,70","","71,00","","16,00","","4,00","","32,20","","98,37","","","","","","Nuageux"
"1997-12-02 00:00","1997","12","02","00:00"," ","1,60","","-2,50","","74,00","","34,00","","9,00","","32,20","","98,31","","","","","","Nuageux"
"1997-12-02 01:00","1997","12","02","01:00"," ","1,80","","-2,20","","75,00","","36,00","","7,00","","32,20","","98,24","","","","","","Nuageux"
"1997-12-02 02:00","1997","12","02","02:00"," ","3,70","","-1,60","","68,00","","5,00","","15,00","","32,20","","98,24","","","","","","Nuageux"
"1997-12-02 03:00","1997","12","02","03:00"," ","4,10","","-1,80","","65,00","","2,00","","20,00","","32,20","","98,17","","","","","","Nuageux"
"1997-12-02 04:00","1997","12","02","04:00"," ","4,10","","-1,30","","68,00","","1,00","","17,00","","32,20","","98,10","","","","","","Généralement nuageux"
"1997-12-02 05:00","1997","12","02","05:00"," ","4,30","","-1,40","","66,00","","2,00","","19,00","","32,20","","98,10","","","","","","Généralement nuageux"
"1997-12-02 06:00","1997","12","02","06:00"," ","4,10","","-1,30","","68,00","","1,00","","28,00","","32,20","","98,10","","","","","","Généralement nuageux"
"1997-12-02 07:00","1997","12","02","07:00"," ","4,30","","-1,50","","66,00","","36,00","","28,00","","32,20","","98,07","","","","","","Généralement nuageux"
"1997-12-02 08:00","1997","12","02","08:00"," ","4,70","","-1,40","","65,00","","36,00","","28,00","","32,20","","98,07","","","","","","Généralement nuageux"
"1997-12-02 09:00","1997","12","02","09:00"," ","5,00","","-1,60","","62,00","","1,00","","28,00","","48,30","","98,07","","","","","","Généralement nuageux"
"1997-12-02 10:00","1997","12","02","10:00"," ","4,90","","-1,50","","63,00","","2,00","","37,00","","48,30","","97,97","","","","","","Généralement nuageux"
"1997-12-02 11:00","1997","12","02","11:00"," ","6,20","","-1,80","","56,00","","2,00","","28,00","","48,30","","98,00","","","","","","Généralement nuageux"
"1997-12-02 12:00","1997","12","02","12:00"," ","5,90","","-1,80","","58,00","","1,00","","37,00","","48,30","","97,97","","","","","","Généralement nuageux"
"1997-12-02 13:00","1997","12","02","13:00"," ","5,50","","-2,10","","58,00","","36,00","","39,00","","48,30","","97,97","","","","","","Généralement nuageux"
"1997-12-02 14:00","1997","12","02","14:00"," ","5,40","","-2,20","","58,00","","34,00","","37,00","","48,30","","98,00","","","","","","Généralement nuageux"
"1997-12-02 15:00","1997","12","02","15:00"," ","5,50","","-1,70","","60,00","","32,00","","28,00","","48,30","","97,97","","","","","","Généralement nuageux"
"1997-12-02 16:00","1997","12","02","16:00"," ","5,20","","-2,00","","60,00","","35,00","","37,00","","48,30","","97,97","","","","","","Généralement dégagé"
"1997-12-02 17:00","1997","12","02","17:00"," ","5,00","","-2,10","","60,00","","35,00","","28,00","","32,20","","98,04","","","","","","Généralement dégagé"
"1997-12-02 18:00","1997","12","02","18:00"," ","4,90","","-2,40","","59,00","","32,00","","28,00","","32,20","","98,00","","","","","","Généralement dégagé"
"1997-12-02 19:00","1997","12","02","19:00"," ","4,80","","-2,80","","58,00","","36,00","","39,00","","32,20","","97,97","","","","","","Dégagé"
"1997-12-02 20:00","1997","12","02","20:00"," ","4,70","","-2,90","","58,00","","34,00","","37,00","","32,20","","97,97","","","","","","Généralement dégagé"
"1997-12-02 21:00","1997","12","02","21:00"," ","4,80","","-2,50","","59,00","","34,00","","32,00","","32,20","","97,97","","","","","","Généralement dégagé"
"1997-12-02 22:00","1997","12","02","22:00"," ","4,40","","-2,90","","59,00","","33,00","","37,00","","32,20","","97,87","","","","","","Généralement dégagé"
"1997-12-02 23:00","1997","12","02","23:00"," ","4,60","","-2,90","","58,00","","34,00","","48,00","","32,20","","97,87","","","","","","Généralement dégagé"
"1997-12-03 00:00","1997","12","03","00:00"," ","4,30","","-2,70","","60,00","","34,00","","32,00","","32,20","","97,90","","","","","","Généralement dégagé"
"1997-12-03 01:00","1997","12","03","01:00"," ","4,50","","-3,00","","58,00","","33,00","","39,00","","32,20","","97,87","","","","","","Généralement dégagé"
"1997-12-03 02:00","1997","12","03","02:00"," ","4,30","","-2,80","","60,00","","34,00","","41,00","","32,20","","97,90","","","","","","Généralement nuageux"
"1997-12-03 03:00","1997","12","03","03:00"," ","4,50","","-3,00","","58,00","","33,00","","33,00","","32,20","","97,93","","","","","","Généralement nuageux"
"1997-12-03 04:00","1997","12","03","04:00"," ","4,60","","-3,20","","57,00","","33,00","","30,00","","32,20","","98,00","","","","","","Généralement nuageux"
"1997-12-03 05:00","1997","12","03","05:00"," ","4,20","","-3,10","","59,00","","35,00","","28,00","","32,20","","98,04","","","","","","Généralement nuageux"
"1997-12-03 06:00","1997","12","03","06:00"," ","4,00","","-3,40","","58,00","","34,00","","28,00","","32,20","","98,14","","","","","","Nuageux"
"1997-12-03 07:00","1997","12","03","07:00"," ","3,70","","-4,10","","57,00","","1,00","","30,00","","32,20","","98,34","","","","","","Généralement nuageux"
"1997-12-03 08:00","1997","12","03","08:00"," ","3,40","","-4,20","","57,00","","35,00","","32,00","","48,30","","98,47","","","","","","Nuageux"
"1997-12-03 09:00","1997","12","03","09:00"," ","3,20","","-4,10","","59,00","","35,00","","30,00","","48,30","","98,54","","","","","","Généralement nuageux"
"1997-12-03 10:00","1997","12","03","10:00"," ","3,20","","-4,00","","59,00","","33,00","","28,00","","48,30","","98,61","","","","","","Généralement nuageux"
"1997-12-03 11:00","1997","12","03","11:00"," ","3,10","","-4,00","","60,00","","34,00","","30,00","","48,30","","98,64","","","","","","Généralement nuageux"
"1997-12-03 12:00","1997","12","03","12:00"," ","3,50","","-3,90","","58,00","","35,00","","19,00","","48,30","","98,78","","","","","","Généralement nuageux"
"1997-12-03 13:00","1997","12","03","13:00"," ","4,00","","-3,90","","56,00","","36,00","","28,00","","48,30","","98,84","","","","","","Généralement nuageux"
"1997-12-03 14:00","1997","12","03","14:00"," ","4,00","","-3,80","","57,00","","33,00","","22,00","","48,30","","98,95","","","","","","Généralement nuageux"
"1997-12-03 15:00","1997","12","03","15:00"," ","3,10","","-3,70","","61,00","","32,00","","28,00","","48,30","","99,05","","","","","","Généralement dégagé"
"1997-12-03 16:00","1997","12","03","16:00"," ","2,90","","-3,60","","62,00","","35,00","","28,00","","48,30","","99,11","","","","","","Généralement dégagé"
"1997-12-03 17:00","1997","12","03","17:00"," ","2,90","","-3,40","","63,00","","33,00","","19,00","","32,20","","99,21","","","","","","Généralement dégagé"
"1997-12-03 18:00","1997","12","03","18:00"," ","2,50","","-3,70","","64,00","","33,00","","22,00","","32,20","","99,28","","","","","","Généralement dégagé"
"1997-12-03 19:00","1997","12","03","19:00"," ","2,10","","-3,80","","65,00","","35,00","","22,00","","32,20","","99,35","","","","","","Généralement dégagé"
"1997-12-03 20:00","1997","12","03","20:00"," ","1,40","","-4,00","","67,00","","33,00","","19,00","","32,20","","99,42","","","","","","Généralement dégagé"
"1997-12-03 21:00","1997","12","03","21:00"," ","1,10","","-4,00","","69,00","","32,00","","11,00","","32,20","","99,45","","","","","","Généralement dégagé"
"1997-12-03 22:00","1997","12","03","22:00"," ","1,00","","-4,10","","69,00","","32,00","","9,00","","32,20","","99,42","","","","","","Généralement dégagé"
"1997-12-03 23:00","1997","12","03","23:00"," ","-0,50","","-4,30","","75,00","","26,00","","13,00","","32,20","","99,38","","","","-5,00","","Généralement dégagé"
"1997-12-04 00:00","1997","12","04","00:00"," ","0,10","","-4,40","","72,00","","28,00","","11,00","","32,20","","99,35","","","","","","Dégagé"
"1997-12-04 01:00","1997","12","04","01:00"," ","0,90","","-4,50","","67,00","","29,00","","7,00","","32,20","","99,32","","","","","","Dégagé"
"1997-12-04 02:00","1997","12","04","02:00"," ","-0,60","","-4,80","","73,00","","26,00","","15,00","","32,20","","99,35","","","","-5,00","","Généralement dégagé"
"1997-12-04 03:00","1997","12","04","03:00"," ","0,30","","-4,30","","71,00","","27,00","","15,00","","32,20","","99,28","","","","","","Généralement dégagé"
"1997-12-04 04:00","1997","12","04","04:00"," ","-1,00","","-4,20","","79,00","","26,00","","9,00","","32,20","","99,28","","","","-4,00","","Dégagé"
"1997-12-04 05:00","1997","12","04","05:00"," ","-1,00","","-4,20","","79,00","","28,00","","13,00","","32,20","","99,28","","","","-5,00","","Généralement dégagé"
"1997-12-04 06:00","1997","12","04","06:00"," ","0,10","","-3,10","","79,00","","26,00","","15,00","","32,20","","99,28","","","","","","Généralement nuageux"
"1997-12-04 07:00","1997","12","04","07:00"," ","0,10","","-2,90","","80,00","","27,00","","17,00","","48,30","","99,28","","","","","","Généralement dégagé"
"1997-12-04 08:00","1997","12","04","08:00"," ","0,80","","-2,10","","81,00","","31,00","","17,00","","48,30","","99,25","","","","","","Généralement dégagé"
"1997-12-04 09:00","1997","12","04","09:00"," ","3,70","","-1,30","","70,00","","33,00","","13,00","","48,30","","99,21","","","","","","Généralement dégagé"
"1997-12-04 10:00","1997","12","04","10:00"," ","5,70","","-0,80","","63,00","","36,00","","22,00","","48,30","","99,15","","","","","","Généralement dégagé"
"1997-12-04 11:00","1997","12","04","11:00"," ","6,40","","-1,20","","58,00","","1,00","","26,00","","48,30","","99,08","","","","","","Généralement dégagé"
"1997-12-04 12:00","1997","12","04","12:00"," ","6,60","","-1,00","","58,00","","36,00","","19,00","","48,30","","99,05","","","","","","Généralement nuageux"
"1997-12-04 13:00","1997","12","04","13:00"," ","6,60","","-0,80","","59,00","","36,00","","19,00","","48,30","","99,05","","","","","","Généralement nuageux"
"1997-12-04 14:00","1997","12","04","14:00"," ","6,30","","-0,80","","60,00","","35,00","","19,00","","48,30","","99,08","","","","","","Généralement nuageux"
"1997-12-04 15:00","1997","12","04","15:00"," ","6,20","","-0,70","","61,00","","1,00","","19,00","","48,30","","99,15","","","","","","Généralement nuageux"
"1997-12-04 16:00","1997","12","04","16:00"," ","4,10","","-0,20","","74,00","","36,00","","11,00","","32,20","","99,18","","","","","","Averses de pluie"
"1997-12-04 17:00","1997","12","04","17:00"," ","4,70","","-0,10","","71,00","","35,00","","9,00","","32,20","","99,21","","","","","","Averses de pluie"
"1997-12-04 18:00","1997","12","04","18:00"," ","4,90","","-0,20","","70,00","","3,00","","13,00","","32,20","","99,25","","","","","","Nuageux"
"1997-12-04 19:00","1997","12","04","19:00"," ","4,40","","-0,50","","70,00","","4,00","","9,00","","32,20","","99,32","","","","","","Nuageux"
"1997-12-04 20:00","1997","12","04","20:00"," ","4,00","","-0,70","","71,00","","4,00","","9,00","","32,20","","99,35","","","","","","Nuageux"
"1997-12-04 21:00","1997","12","04","21:00"," ","4,00","","-0,90","","70,00","","3,00","","11,00","","32,20","","99,38","","","","","","Nuageux"
"1997-12-04 22:00","1997","12","04","22:00"," ","3,30","","-0,90","","74,00","","4,00","","13,00","","32,20","","99,42","","","","","","Nuageux"
"1997-12-04 23:00","1997","12","04","23:00"," ","2,80","","-1,00","","76,00","","2,00","","11,00","","32,20","","99,42","","","","","","Généralement nuageux"
"1997-12-05 00:00","1997","12","05","00:00"," ","2,40","","-1,40","","76,00","","3,00","","15,00","","32,20","","99,45","","","","","","Généralement nuageux"
"1997-12-05 01:00","1997","12","05","01:00"," ","2,50","","-1,60","","74,00","","4,00","","11,00","","32,20","","99,45","","","","","","Nuageux"
"1997-12-05 02:00","1997","12","05","02:00"," ","2,40","","-1,70","","74,00","","3,00","","13,00","","32,20","","99,52","","","","","","Nuageux"
"1997-12-05 03:00","1997","12","05","03:00"," ","2,20","","-2,00","","74,00","","4,00","","11,00","","32,20","","99,52","","","","","","Nuageux"
"1997-12-05 04:00","1997","12","05","04:00"," ","2,00","","-2,00","","75,00","","3,00","","13,00","","32,20","","99,52","","","","","","Nuageux"
"1997-12-05 05:00","1997","12","05","05:00"," ","2,20","","-2,00","","74,00","","3,00","","13,00","","32,20","","99,48","","","","","","Nuageux"
"1997-12-05 06:00","1997","12","05","06:00"," ","1,90","","-2,30","","74,00","","3,00","","11,00","","32,20","","99,48","","","","","","Généralement nuageux"
"1997-12-05 07:00","1997","12","05","07:00"," ","1,10","","-2,90","","75,00","","3,00","","11,00","","48,30","","99,48","","","","","","Généralement nuageux"
"1997-12-05 08:00","1997","12","05","08:00"," ","1,90","","-2,80","","71,00","","3,00","","17,00","","48,30","","99,45","","","","","","Généralement nuageux"
"1997-12-05 09:00","1997","12","05","09:00"," ","2,20","","-2,90","","69,00","","2,00","","7,00","","48,30","","99,42","","","","","","Généralement nuageux"
"1997-12-05 10:00","1997","12","05","10:00"," ","2,60","","-2,30","","70,00","","35,00","","6,00","","48,30","","99,42","","","","","","Généralement nuageux"
"1997-12-05 11:00","1997","12","05","11:00"," ","3,20","","-1,90","","69,00","","3,00","","9,00","","48,30","","99,38","","","","","","Généralement nuageux"
"1997-12-05 12:00","1997","12","05","12:00"," ","3,10","","-0,30","","78,00","","4,00","","17,00","","32,20","","99,35","","","","","","Généralement nuageux"
"1997-12-05 13:00","1997","12","05","13:00"," ","3,20","","0,40","","82,00","","4,00","","9,00","","48,30","","99,32","","","","","","Généralement nuageux"
"1997-12-05 14:00","1997","12","05","14:00"," ","3,00","","0,30","","82,00","","4,00","","9,00","","48,30","","99,28","","","","","","Généralement nuageux"
"1997-12-05 15:00","1997","12","05","15:00"," ","2,90","","0,50","","84,00","","4,00","","9,00","","32,20","","99,25","","","","","","Nuageux"
"1997-12-05 16:00","1997","12","05","16:00"," ","3,00","","0,40","","83,00","","4,00","","17,00","","32,20","","99,25","","","","","","Nuageux"
"1997-12-05 17:00","1997","12","05","17:00"," ","2,70","","0,70","","87,00","","6,00","","9,00","","32,20","","99,25","","","","","","Averses de pluie"
"1997-12-05 18:00","1997","12","05","18:00"," ","2,60","","1,30","","91,00","","8,00","","6,00","","24,10","","99,28","","","","","","Averses de pluie"
"1997-12-05 19:00","1997","12","05","19:00"," ","3,00","","1,70","","91,00","","10,00","","11,00","","24,10","","99,32","","","","","","Averses de pluie"
"1997-12-05 20:00","1997","12","05","20:00"," ","2,40","","1,10","","91,00","","8,00","","15,00","","24,10","","99,32","","","","","","Pluie"
"1997-12-05 21:00","1997","12","05","21:00"," ","1,10","","0,10","","93,00","","8,00","","11,00","","12,90","","99,32","","","","","","Neige"
"1997-12-05 22:00","1997","12","05","22:00"," ","0,30","","-0,70","","93,00","","8,00","","9,00","","9,70","","99,28","","","","","","Neige"
"1997-12-05 23:00","1997","12","05","23:00"," ","0,20","","-0,60","","94,00","","5,00","","7,00","","9,70","","99,25","","","","","","Neige"
"1997-12-06 00:00","1997","12","06","00:00"," ","0,40","","-0,50","","94,00","","9,00","","19,00","","9,70","","99,21","","","","","","Neige"
"1997-12-06 01:00","1997","12","06","01:00"," ","0,60","","-0,40","","93,00","","9,00","","15,00","","9,70","","99,21","","","","","","Neige"
"1997-12-06 02:00","1997","12","06","02:00"," ","0,80","","-0,30","","92,00","","9,00","","13,00","","9,70","","99,25","","","","","","Neige"
"1997-12-06 03:00","1997","12","06","03:00"," ","0,70","","-0,20","","94,00","","7,00","","19,00","","9,70","","99,18","","","","","","Bruine,Neige,Brouillard"
"1997-12-06 04:00","1997","12","06","04:00"," ","1,10","","0,20","","94,00","","7,00","","17,00","","24,10","","99,18","","","","","","Nuageux"
"1997-12-06 05:00","1997","12","06","05:00"," ","1,40","","0,30","","92,00","","8,00","","22,00","","16,10","","99,15","","","","","","Bruine"
"1997-12-06 06:00","1997","12","06","06:00"," ","1,40","","0,20","","92,00","","8,00","","19,00","","12,90","","99,15","","","","","","Bruine"
"1997-12-06 07:00","1997","12","06","07:00"," ","1,30","","0,20","","92,00","","6,00","","15,00","","3,20","","99,18","","","","","","Pluie,Bruine,Brouillard"
"1997-12-06 08:00","1997","12","06","08:00"," ","1,20","","0,10","","92,00","","7,00","","17,00","","3,20","","99,18","","","","","","Pluie,Brouillard"
"1997-12-06 09:00","1997","12","06","09:00"," ","1,50","","-0,30","","88,00","","6,00","","13,00","","32,20","","99,15","","","","","","Nuageux"
"1997-12-06 10:00","1997","12","06","10:00"," ","1,80","","-0,20","","87,00","","6,00","","20,00","","32,20","","99,08","","","","","","Pluie"
"1997-12-06 11:00","1997","12","06","11:00"," ","1,90","","-0,80","","82,00","","5,00","","19,00","","32,20","","99,01","","","","","","Neige"
"1997-12-06 12:00","1997","12","06","12:00"," ","1,80","","-1,30","","80,00","","6,00","","20,00","","32,20","","98,91","","","","","","Neige"
"1997-12-06 13:00","1997","12","06","13:00"," ","1,60","","-1,20","","82,00","","5,00","","13,00","","12,90","","98,88","","","","","","Neige"
"1997-12-06 14:00","1997","12","06","14:00"," ","0,70","","-1,00","","88,00","","4,00","","19,00","","3,20","","98,84","","","","","","Neige"
"1997-12-06 15:00","1997","12","06","15:00"," ","0,40","","-1,20","","89,00","","3,00","","15,00","","4,00","","98,81","","","","","","Neige"
"1997-12-06 16:00","1997","12","06","16:00"," ","0,40","","-1,40","","88,00","","5,00","","19,00","","4,80","","98,81","","","","","","Neige"
"1997-12-06 17:00","1997","12","06","17:00"," ","0,40","","-1,70","","86,00","","4,00","","19,00","","4,80","","98,81","","","","","","Neige"
"1997-12-06 18:00","1997","12","06","18:00"," ","0,10","","-1,80","","87,00","","2,00","","11,00","","4,80","","98,81","","","","","","Neige"
"1997-12-06 19:00","1997","12","06","19:00"," ","-0,10","","-2,00","","87,00","","2,00","","19,00","","4,80","","98,81","","","","-5,00","","Neige"
"1997-12-06 20:00","1997","12","06","20:00"," ","-0,20","","-2,20","","86,00","","4,00","","11,00","","4,80","","98,78","","","","-4,00","","Neige"
"1997-12-06 21:00","1997","12","06","21:00"," ","-0,40","","-2,50","","86,00","","2,00","","17,00","","16,10","","98,71","","","","-5,00","","Neige"
"1997-12-06 22:00","1997","12","06","22:00"," ","-0,70","","-3,20","","83,00","","3,00","","19,00","","24,10","","98,74","","","","-6,00","","Neige"
"1997-12-06 23:00","1997","12","06","23:00"," ","-1,40","","-3,60","","85,00","","2,00","","17,00","","16,10","","98,71","","","","-7,00","","Neige"
"1997-12-07 00:00","1997","12","07","00:00"," ","-1,80","","-4,40","","82,00","","1,00","","22,00","","16,10","","98,68","","","","-8,00","","Neige"
"1997-12-07 01:00","1997","12","07","01:00"," ","-2,50","","-4,80","","84,00","","3,00","","24,00","","16,10","","98,68","","","","-9,00","","Neige"
"1997-12-07 02:00","1997","12","07","02:00"," ","-2,80","","-5,20","","84,00","","2,00","","24,00","","16,10","","98,64","","","","-9,00","","Neige"
"1997-12-07 03:00","1997","12","07","03:00"," ","-2,90","","-5,50","","82,00","","1,00","","26,00","","16,10","","98,61","","","","-10,00","","Neige"
"1997-12-07 04:00","1997","12","07","04:00"," ","-3,00","","-6,00","","80,00","","2,00","","28,00","","16,10","","98,61","","","","-10,00","","Neige"
"1997-12-07 05:00","1997","12","07","05:00"," ","-2,90","","-6,80","","74,00","","2,00","","28,00","","24,10","","98,57","","","","-10,00","","Neige"
"1997-12-07 06:00","1997","12","07","06:00"," ","-3,00","","-6,80","","75,00","","2,00","","28,00","","24,10","","98,61","","","","-10,00","","Neige"
"1997-12-07 07:00","1997","12","07","07:00"," ","-3,20","","-6,80","","76,00","","1,00","","28,00","","19,30","","98,57","","","","-10,00","","Neige"
"1997-12-07 08:00","1997","12","07","08:00"," ","-3,20","","-7,20","","74,00","","1,00","","32,00","","4,80","","98,61","","","","-11,00","","Neige"
"1997-12-07 09:00","1997","12","07","09:00"," ","-3,60","","-7,10","","77,00","","1,00","","28,00","","4,00","","98,68","","","","-11,00","","Neige"
"1997-12-07 10:00","1997","12","07","10:00"," ","-3,70","","-7,20","","77,00","","2,00","","28,00","","4,00","","98,71","","","","-11,00","","Neige"
"1997-12-07 11:00","1997","12","07","11:00"," ","-3,00","","-7,40","","72,00","","2,00","","22,00","","24,10","","98,68","","","","-9,00","","Neige"
"1997-12-07 12:00","1997","12","07","12:00"," ","-2,90","","-7,30","","72,00","","36,00","","28,00","","24,10","","98,61","","","","-10,00","","Généralement nuageux"
"1997-12-07 13:00","1997","12","07","13:00"," ","-2,60","","-7,30","","70,00","","36,00","","28,00","","24,10","","98,64","","","","-10,00","","Généralement nuageux"
"1997-12-07 14:00","1997","12","07","14:00"," ","-2,20","","-7,20","","69,00","","3,00","","28,00","","48,30","","98,68","","","","-9,00","","Généralement nuageux"
"1997-12-07 15:00","1997","12","07","15:00"," ","-2,40","","-7,20","","70,00","","36,00","","22,00","","48,30","","98,74","","","","-9,00","","Généralement nuageux"
"1997-12-07 16:00","1997","12","07","16:00"," ","-2,90","","-7,60","","70,00","","33,00","","19,00","","32,20","","98,88","","","","-9,00","","Généralement nuageux"
"1997-12-07 17:00","1997","12","07","17:00"," ","-3,60","","-8,00","","71,00","","1,00","","28,00","","32,20","","98,95","","","","-11,00","","Généralement nuageux"
"1997-12-07 18:00","1997","12","07","18:00"," ","-4,50","","-8,80","","72,00","","2,00","","24,00","","32,20","","99,05","","","","-12,00","","Généralement dégagé"
"1997-12-07 19:00","1997","12","07","19:00"," ","-5,40","","-9,60","","72,00","","36,00","","24,00","","32,20","","99,15","","","","-13,00","","Généralement dégagé"
"1997-12-07 20:00","1997","12","07","20:00"," ","-6,10","","-10,80","","69,00","","36,00","","22,00","","32,20","","99,25","","","","-13,00","","Généralement dégagé"
"1997-12-07 21:00","1997","12","07","21:00"," ","-6,90","","-12,20","","66,00","","2,00","","26,00","","32,20","","99,28","","","","-15,00","","Généralement nuageux"
"1997-12-07 22:00","1997","12","07","22:00"," ","-7,90","","-13,10","","66,00","","2,00","","28,00","","24,10","","99,38","","","","-17,00","","Généralement nuageux"
"1997-12-07 23:00","1997","12","07","23:00"," ","-8,10","","-13,60","","65,00","","2,00","","28,00","","24,10","","99,48","","","","-17,00","","Généralement nuageux"
"1997-12-08 00:00","1997","12","08","00:00"," ","-8,90","","-14,40","","64,00","","3,00","","28,00","","24,10","","99,52","","","","-18,00","","Généralement dégagé"
"1997-12-08 01:00","1997","12","08","01:00"," ","-8,80","","-13,90","","67,00","","2,00","","30,00","","24,10","","99,62","","","","-18,00","","Généralement dégagé"
"1997-12-08 02:00","1997","12","08","02:00"," ","-8,20","","-13,50","","66,00","","2,00","","28,00","","24,10","","99,72","","","","-17,00","","Généralement dégagé"
"1997-12-08 03:00","1997","12","08","03:00"," ","-8,20","","-13,50","","66,00","","2,00","","28,00","","24,10","","99,79","","","","-17,00","","Généralement dégagé"
"1997-12-08 04:00","1997","12","08","04:00"," ","-8,00","","-13,30","","66,00","","36,00","","15,00","","24,10","","99,89","","","","-14,00","","Généralement dégagé"
"1997-12-08 05:00","1997","12","08","05:00"," ","-7,10","","-12,50","","65,00","","3,00","","22,00","","24,10","","99,89","","","","-15,00","","Généralement nuageux"
"1997-12-08 06:00","1997","12","08","06:00"," ","-6,20","","-11,90","","64,00","","2,00","","19,00","","24,10","","99,99","","","","-13,00","","Généralement nuageux"
"1997-12-08 07:00","1997","12","08","07:00"," ","-6,00","","-11,80","","63,00","","4,00","","20,00","","48,30","","100,09","","","","-13,00","","Généralement nuageux"
"1997-12-08 08:00","1997","12","08","08:00"," ","-5,80","","-11,30","","65,00","","3,00","","15,00","","48,30","","100,19","","","","-12,00","","Généralement nuageux"
"1997-12-08 09:00","1997","12","08","09:00"," ","-4,90","","-10,70","","64,00","","2,00","","19,00","","48,30","","100,29","","","","-11,00","","Généralement nuageux"
"1997-12-08 10:00","1997","12","08","10:00"," ","-4,60","","-10,30","","64,00","","4,00","","20,00","","48,30","","100,36","","","","-11,00","","Généralement nuageux"
"1997-12-08 11:00","1997","12","08","11:00"," ","-4,60","","-10,60","","63,00","","4,00","","24,00","","48,30","","100,39","","","","-12,00","","Généralement nuageux"
"1997-12-08 12:00","1997","12","08","12:00"," ","-4,50","","-10,40","","63,00","","2,00","","13,00","","48,30","","100,43","","","","-10,00","","Averses de neige"
"1997-12-08 13:00","1997","12","08","13:00"," ","-4,20","","-10,10","","63,00","","4,00","","13,00","","48,30","","100,46","","","","-9,00","","Averses de neige"
"1997-12-08 14:00","1997","12","08","14:00"," ","-4,20","","-9,70","","65,00","","1,00","","15,00","","48,30","","100,56","","","","-10,00","","Averses de neige"
"1997-12-08 15:00","1997","12","08","15:00"," ","-4,20","","-9,80","","65,00","","3,00","","13,00","","48,30","","100,63","","","","-9,00","","Averses de neige"
"1997-12-08 16:00","1997","12","08","16:00"," ","-4,20","","-9,90","","64,00","","4,00","","7,00","","48,30","","100,70","","","","-7,00","","Averses de neige"
"1997-12-08 17:00","1997","12","08","17:00"," ","-4,30","","-10,00","","64,00","","3,00","","13,00","","32,20","","100,73","","","","-9,00","","Averses de neige"
"1997-12-08 18:00","1997","12","08","18:00"," ","-4,50","","-10,00","","65,00","","3,00","","13,00","","32,20","","100,80","","","","-10,00","","Averses de neige"
"1997-12-08 19:00","1997","12","08","19:00"," ","-5,00","","-11,20","","62,00","","3,00","","15,00","","32,20","","100,83","","","","-11,00","","Averses de neige"
"1997-12-08 20:00","1997","12","08","20:00"," ","-6,00","","-11,90","","63,00","","4,00","","17,00","","32,20","","100,83","","","","-12,00","","Généralement nuageux"
"1997-12-08 21:00","1997","12","08","21:00"," ","-6,50","","-12,10","","64,00","","3,00","","15,00","","32,20","","100,87","","","","-12,00","","Généralement nuageux"
"1997-12-08 22:00","1997","12","08","22:00"," ","-7,00","","-12,40","","65,00","","2,00","","15,00","","32,20","","100,87","","","","-13,00","","Nuageux"
"1997-12-08 23:00","1997","12","08","23:00"," ","-7,50","","-13,00","","65,00","","3,00","","9,00","","32,20","","100,87","","","","-12,00","","Averses de neige"
"1997-12-09 00:00","1997","12","09","00:00"," ","-8,30","","-13,30","","67,00","","3,00","","11,00","","32,20","","100,83","","","","-14,00","","Averses de neige"
"1997-12-09 01:00","1997","12","09","01:00"," ","-8,80","","-13,10","","71,00","","1,00","","6,00","","32,20","","100,90","","","","-12,00","","Averses de neige"
"1997-12-09 02:00","1997","12","09","02:00"," ","-8,80","","-13,30","","70,00","","1,00","","9,00","","32,20","","100,90","","","","-13,00","","Nuageux"
"1997-12-09 03:00","1997","12","09","03:00"," ","-9,20","","-13,30","","72,00","","2,00","","7,00","","32,20","","100,90","","","","-13,00","","Averses de neige"
"1997-12-09 04:00","1997","12","09","04:00"," ","-9,20","","-13,60","","70,00","","2,00","","11,00","","32,20","","100,90","","","","-15,00","","Averses de neige"
"1997-12-09 05:00","1997","12","09","05:00"," ","-9,50","","-13,60","","72,00","","3,00","","7,00","","24,10","","100,87","","","","-13,00","","Averses de neige"
"1997-12-09 06:00","1997","12","09","06:00"," ","-9,80","","-13,60","","74,00","","4,00","","9,00","","24,10","","100,83","","","","-15,00","","Averses de neige"
"1997-12-09 07:00","1997","12","09","07:00"," ","-9,90","","-13,80","","73,00","","5,00","","6,00","","40,20","","100,80","","","","-13,00","","Averses de neige"
"1997-12-09 08:00","1997","12","09","08:00"," ","-9,70","","-13,60","","73,00","","5,00","","6,00","","32,20","","100,80","","","","-13,00","","Averses de neige"
"1997-12-09 09:00","1997","12","09","09:00"," ","-9,30","","-13,00","","74,00","","5,00","","7,00","","19,30","","100,80","","","","-13,00","","Averses de neige"
"1997-12-09 10:00","1997","12","09","10:00"," ","-8,60","","-12,30","","75,00","","5,00","","6,00","","9,70","","100,70","","","","-12,00","","Averses de neige"
"1997-12-09 11:00","1997","12","09","11:00"," ","-7,60","","-11,00","","77,00","","36,00","","6,00","","6,40","","100,63","","","","-11,00","","Averses de neige"
"1997-12-09 12:00","1997","12","09","12:00"," ","-7,00","","-9,60","","82,00","","0,00","","0,00","","2,40","","100,53","","","","","","Averses de neige"
"1997-12-09 13:00","1997","12","09","13:00"," ","-6,70","","-9,10","","83,00","","0,00","","0,00","","4,80","","100,46","","","","","","Averses de neige"
"1997-12-09 14:00","1997","12","09","14:00"," ","-6,20","","-8,50","","84,00","","0,00","","0,00","","9,70","","100,46","","","","","","Averses de neige"
"1997-12-09 15:00","1997","12","09","15:00"," ","-6,10","","-8,20","","85,00","","0,00","","0,00","","16,10","","100,36","","","","","","Averses de neige"
"1997-12-09 16:00","1997","12","09","16:00"," ","-6,00","","-8,90","","80,00","","27,00","","2,00","","32,20","","100,36","","","","-7,00","","Averses de neige"
"1997-12-09 17:00","1997","12","09","17:00"," ","-6,50","","-8,90","","83,00","","0,00","","0,00","","32,20","","100,33","","","","","","Averses de neige"
"1997-12-09 18:00","1997","12","09","18:00"," ","-6,30","","-9,20","","80,00","","31,00","","6,00","","32,20","","100,29","","","","-9,00","","Averses de neige"
"1997-12-09 19:00","1997","12","09","19:00"," ","-6,50","","-10,00","","76,00","","32,00","","9,00","","32,20","","100,26","","","","-11,00","","Averses de neige"
"1997-12-09 20:00","1997","12","09","20:00"," ","-9,30","","-12,60","","77,00","","34,00","","9,00","","32,20","","100,26","","","","-14,00","","Généralement nuageux"
"1997-12-09 21:00","1997","12","09","21:00"," ","-9,30","","-13,10","","74,00","","30,00","","11,00","","32,20","","100,26","","","","-15,00","","Généralement dégagé"
"1997-12-09 22:00","1997","12","09","22:00"," ","-10,60","","-14,50","","73,00","","29,00","","11,00","","32,20","","100,23","","","","-16,00","","Généralement nuageux"
"1997-12-09 23:00","1997","12","09","23:00"," ","-9,00","","-13,50","","70,00","","29,00","","9,00","","24,10","","100,23","","","","-14,00","","Averses de neige"
"1997-12-10 00:00","1997","12","10","00:00"," ","-8,80","","-12,80","","73,00","","29,00","","7,00","","32,20","","100,19","","","","-13,00","","Averses de neige"
"1997-12-10 01:00","1997","12","10","01:00"," ","-8,50","","-12,90","","70,00","","30,00","","11,00","","32,20","","100,19","","","","-14,00","","Averses de neige"
"1997-12-10 02:00","1997","12","10","02:00"," ","-8,70","","-13,30","","69,00","","29,00","","15,00","","32,20","","100,19","","","","-15,00","","Averses de neige"
"1997-12-10 03:00","1997","12","10","03:00"," ","-8,70","","-13,40","","69,00","","29,00","","11,00","","32,20","","100,19","","","","-14,00","","Nuageux"
"1997-12-10 04:00","1997","12","10","04:00"," ","-8,60","","-13,20","","69,00","","30,00","","17,00","","32,20","","100,19","","","","-15,00","","Nuageux"
"1997-12-10 05:00","1997","12","10","05:00"," ","-8,50","","-13,50","","67,00","","29,00","","11,00","","32,20","","100,19","","","","-14,00","","Nuageux"
"1997-12-10 06:00","1997","12","10","06:00"," ","-8,50","","-13,50","","67,00","","29,00","","9,00","","32,20","","100,26","","","","-13,00","","Généralement nuageux"
"1997-12-10 07:00","1997","12","10","07:00"," ","-8,90","","-13,50","","69,00","","29,00","","9,00","","48,30","","100,33","","","","-14,00","","Généralement nuageux"
"1997-12-10 08:00","1997","12","10","08:00"," ","-9,00","","-13,50","","70,00","","29,00","","7,00","","48,30","","100,43","","","","-13,00","","Généralement nuageux"
"1997-12-10 09:00","1997","12","10","09:00"," ","-8,20","","-13,80","","64,00","","30,00","","11,00","","48,30","","100,49","","","","-13,00","","Généralement nuageux"
"1997-12-10 10:00","1997","12","10","10:00"," ","-7,90","","-14,50","","59,00","","29,00","","6,00","","48,30","","100,49","","","","-11,00","","Généralement nuageux"
"1997-12-10 11:00","1997","12","10","11:00"," ","-7,30","","-13,90","","59,00","","31,00","","9,00","","48,30","","100,46","","","","-12,00","","Généralement dégagé"
"1997-12-10 12:00","1997","12","10","12:00"," ","-6,10","","-13,00","","58,00","","36,00","","15,00","","48,30","","100,46","","","","-12,00","","Dégagé"
"1997-12-10 13:00","1997","12","10","13:00"," ","-5,80","","-12,80","","58,00","","2,00","","28,00","","48,30","","100,53","","","","-14,00","","Généralement dégagé"
"1997-12-10 14:00","1997","12","10","14:00"," ","-6,10","","-12,90","","59,00","","36,00","","22,00","","48,30","","100,60","","","","-13,00","","Généralement dégagé"
"1997-12-10 15:00","1997","12","10","15:00"," ","-6,50","","-13,10","","59,00","","34,00","","13,00","","48,30","","100,70","","","","-12,00","","Généralement dégagé"
"1997-12-10 16:00","1997","12","10","16:00"," ","-8,80","","-14,40","","64,00","","34,00","","6,00","","48,30","","100,76","","","","-12,00","","Dégagé"
"1997-12-10 17:00","1997","12","10","17:00"," ","-10,40","","-14,30","","73,00","","33,00","","6,00","","32,20","","100,83","","","","-14,00","","Dégagé"
"1997-12-10 18:00","1997","12","10","18:00"," ","-12,50","","-15,70","","77,00","","33,00","","7,00","","32,20","","100,87","","","","-17,00","","Dégagé"
"1997-12-10 19:00","1997","12","10","19:00"," ","-12,10","","-16,30","","71,00","","33,00","","6,00","","32,20","","100,90","","","","-16,00","","Dégagé"
"1997-12-10 20:00","1997","12","10","20:00"," ","-11,60","","-15,10","","75,00","","30,00","","11,00","","32,20","","100,97","","","","-18,00","","Dégagé"
"1997-12-10 21:00","1997","12","10","21:00"," ","-13,70","","-16,50","","79,00","","29,00","","6,00","","32,20","","100,97","","","","-18,00","","Dégagé"
"1997-12-10 22:00","1997","12","10","22:00"," ","-12,90","","-16,40","","75,00","","33,00","","9,00","","32,20","","101,00","","","","-18,00","","Dégagé"
"1997-12-10 23:00","1997","12","10","23:00"," ","-14,80","","-17,70","","79,00","","36,00","","9,00","","32,20","","100,97","","","","-21,00","","Dégagé"
"1997-12-11 00:00","1997","12","11","00:00"," ","-14,70","","-17,70","","78,00","","36,00","","9,00","","32,20","","101,00","","","","-20,00","","Dégagé"
"1997-12-11 01:00","1997","12","11","01:00"," ","-14,80","","-17,80","","78,00","","0,00","","0,00","","32,20","","101,00","","","","","","Dégagé"
"1997-12-11 02:00","1997","12","11","02:00"," ","-15,80","","-19,30","","74,00","","0,00","","0,00","","32,20","","101,07","","","","","","Dégagé"
"1997-12-11 03:00","1997","12","11","03:00"," ","-14,90","","-16,70","","86,00","","36,00","","7,00","","32,20","","101,03","","","","-20,00","","Dégagé"
"1997-12-11 04:00","1997","12","11","04:00"," ","-15,60","","-18,30","","80,00","","0,00","","0,00","","32,20","","101,00","","","","","","Dégagé"
"1997-12-11 05:00","1997","12","11","05:00"," ","-16,80","","-19,80","","78,00","","35,00","","6,00","","32,20","","101,00","","","","-21,00","","Dégagé"
"1997-12-11 06:00","1997","12","11","06:00"," ","-15,70","","-18,50","","79,00","","35,00","","6,00","","32,20","","101,00","","","","-20,00","","Dégagé"
"1997-12-11 07:00","1997","12","11","07:00"," ","-14,60","","-17,70","","77,00","","35,00","","11,00","","48,30","","101,03","","","","-21,00","","Dégagé"
"1997-12-11 08:00","1997","12","11","08:00"," ","-13,90","","-17,10","","77,00","","35,00","","9,00","","48,30","","101,07","","","","-20,00","","Généralement dégagé"
"1997-12-11 09:00","1997","12","11","09:00"," ","-11,60","","-15,60","","72,00","","34,00","","11,00","","48,30","","101,10","","","","-18,00","","Dégagé"
"1997-12-11 10:00","1997","12","11","10:00"," ","-9,50","","-14,60","","66,00","","33,00","","6,00","","48,30","","101,07","","","","-13,00","","Dégagé"
"1997-12-11 11:00","1997","12","11","11:00"," ","-7,70","","-14,20","","60,00","","0,00","","0,00","","48,30","","101,00","","","","","","Dégagé"
"1997-12-11 12:00","1997","12","11","12:00"," ","-6,90","","-13,60","","59,00","","26,00","","7,00","","48,30","","100,93","","","","-10,00","","Dégagé"
"1997-12-11 13:00","1997","12","11","13:00"," ","-6,30","","-13,70","","56,00","","22,00","","7,00","","48,30","","100,90","","","","-10,00","","Dégagé"
"1997-12-11 14:00","1997","12","11","14:00"," ","-5,70","","-13,10","","56,00","","27,00","","11,00","","48,30","","100,87","","","","-10,00","","Dégagé"
"1997-12-11 15:00","1997","12","11","15:00"," ","-6,20","","-13,00","","59,00","","27,00","","9,00","","48,30","","100,87","","","","-10,00","","Dégagé"
"1997-12-11 16:00","1997","12","11","16:00"," ","-7,90","","-13,40","","65,00","","29,00","","13,00","","48,30","","100,87","","","","-14,00","","Dégagé"
"1997-12-11 17:00","1997","12","11","17:00"," ","-8,70","","-13,30","","69,00","","28,00","","9,00","","48,30","","100,90","","","","-13,00","","Dégagé"
"1997-12-11 18:00","1997","12","11","18:00"," ","-10,70","","-14,50","","74,00","","32,00","","9,00","","48,30","","100,87","","","","-16,00","","Dégagé"
"1997-12-11 19:00","1997","12","11","19:00"," ","-11,90","","-15,00","","78,00","","35,00","","6,00","","32,20","","100,90","","","","-16,00","","Dégagé"
"1997-12-11 20:00","1997","12","11","20:00"," ","-10,80","","-14,60","","74,00","","34,00","","7,00","","32,20","","100,87","","","","-15,00","","Dégagé"
"1997-12-11 21:00","1997","12","11","21:00"," ","-11,60","","-14,90","","76,00","","0,00","","0,00","","32,20","","100,87","","","","","","Dégagé"
"1997-12-11 22:00","1997","12","11","22:00"," ","-10,10","","-13,90","","74,00","","28,00","","15,00","","32,20","","100,83","","","","-17,00","","Dégagé"
"1997-12-11 23:00","1997","12","11","23:00"," ","-11,60","","-15,00","","76,00","","34,00","","6,00","","32,20","","100,80","","","","-15,00","","Généralement dégagé"
"1997-12-12 00:00","1997","12","12","00:00"," ","-12,10","","-15,30","","77,00","","35,00","","7,00","","32,20","","100,80","","","","-16,00","","Généralement dégagé"
"1997-12-12 01:00","1997","12","12","01:00"," ","-13,30","","-15,70","","82,00","","34,00","","7,00","","32,20","","100,80","","","","-18,00","","Généralement dégagé"
"1997-12-12 02:00","1997","12","12","02:00"," ","-12,20","","-16,00","","73,00","","34,00","","7,00","","32,20","","100,83","","","","-17,00","","Généralement dégagé"
"1997-12-12 03:00","1997","12","12","03:00"," ","-15,30","","-17,00","","87,00","","0,00","","0,00","","32,20","","100,80","","","","","","Généralement dégagé"
"1997-12-12 04:00","1997","12","12","04:00"," ","-15,80","","-18,00","","83,00","","4,00","","4,00","","32,20","","100,80","","","","-19,00","","Dégagé"
"1997-12-12 05:00","1997","12","12","05:00"," ","-17,10","","-21,50","","69,00","","36,00","","9,00","","32,20","","100,80","","","","-23,00","","Dégagé"
"1997-12-12 06:00","1997","12","12","06:00"," ","-16,10","","-19,60","","74,00","","4,00","","11,00","","32,20","","100,80","","","","-23,00","","Dégagé"
"1997-12-12 07:00","1997","12","12","07:00"," ","-15,90","","-19,20","","76,00","","4,00","","6,00","","48,30","","100,83","","","","-20,00","","Dégagé"
"1997-12-12 08:00","1997","12","12","08:00"," ","-14,90","","-18,30","","75,00","","2,00","","4,00","","48,30","","100,83","","","","-18,00","","Généralement dégagé"
"1997-12-12 09:00","1997","12","12","09:00"," ","-13,10","","-16,50","","76,00","","4,00","","7,00","","48,30","","100,80","","","","-18,00","","Généralement dégagé"
"1997-12-12 10:00","1997","12","12","10:00"," ","-10,80","","-14,40","","75,00","","3,00","","4,00","","48,30","","100,76","","","","-13,00","","Généralement dégagé"
"1997-12-12 11:00","1997","12","12","11:00"," ","-8,90","","-14,20","","65,00","","10,00","","4,00","","48,30","","100,70","","","","-11,00","","Généralement dégagé"
"1997-12-12 12:00","1997","12","12","12:00"," ","-7,50","","-13,90","","60,00","","13,00","","4,00","","48,30","","100,53","","","","-10,00","","Généralement dégagé"
"1997-12-12 13:00","1997","12","12","13:00"," ","-7,40","","-12,70","","66,00","","18,00","","7,00","","48,30","","100,46","","","","-11,00","","Généralement nuageux"
"1997-12-12 14:00","1997","12","12","14:00"," ","-7,20","","-12,30","","67,00","","18,00","","4,00","","48,30","","100,43","","","","-9,00","","Généralement nuageux"
"1997-12-12 15:00","1997","12","12","15:00"," ","-6,90","","-11,10","","72,00","","0,00","","0,00","","48,30","","100,39","","","","","","Généralement nuageux"
"1997-12-12 16:00","1997","12","12","16:00"," ","-7,90","","-11,80","","74,00","","0,00","","0,00","","48,30","","100,36","","","","","","Généralement nuageux"
"1997-12-12 17:00","1997","12","12","17:00"," ","-8,80","","-12,70","","73,00","","7,00","","7,00","","32,20","","100,29","","","","-13,00","","Généralement dégagé"
"1997-12-12 18:00","1997","12","12","18:00"," ","-10,00","","-13,10","","78,00","","6,00","","11,00","","32,20","","100,23","","","","-16,00","","Neige"
"1997-12-12 19:00","1997","12","12","19:00"," ","-10,70","","-13,10","","82,00","","6,00","","15,00","","24,10","","100,16","","","","-18,00","","Neige"
"1997-12-12 20:00","1997","12","12","20:00"," ","-10,80","","-12,90","","84,00","","5,00","","11,00","","16,10","","100,12","","","","-17,00","","Neige"
"1997-12-12 21:00","1997","12","12","21:00"," ","-9,90","","-11,90","","85,00","","6,00","","15,00","","24,10","","100,09","","","","-17,00","","Neige"
"1997-12-12 22:00","1997","12","12","22:00"," ","-9,30","","-11,20","","86,00","","4,00","","9,00","","24,10","","99,99","","","","-14,00","","Neige"
"1997-12-12 23:00","1997","12","12","23:00"," ","-9,20","","-11,20","","85,00","","0,00","","0,00","","24,10","","99,89","","","","","","Neige"
"1997-12-13 00:00","1997","12","13","00:00"," ","-9,30","","-11,20","","86,00","","5,00","","6,00","","24,10","","99,82","","","","-13,00","","Neige"
"1997-12-13 01:00","1997","12","13","01:00"," ","-9,40","","-11,40","","85,00","","36,00","","4,00","","24,10","","99,79","","","","-12,00","","Neige"
"1997-12-13 02:00","1997","12","13","02:00"," ","-9,00","","-11,10","","85,00","","1,00","","4,00","","24,10","","99,72","","","","-11,00","","Neige"
"1997-12-13 03:00","1997","12","13","03:00"," ","-8,80","","-10,70","","86,00","","32,00","","4,00","","16,10","","99,69","","","","-11,00","","Neige"
"1997-12-13 04:00","1997","12","13","04:00"," ","-8,60","","-10,40","","87,00","","9,00","","6,00","","16,10","","99,55","","","","-12,00","","Neige"
"1997-12-13 05:00","1997","12","13","05:00"," ","-8,70","","-10,60","","86,00","","5,00","","9,00","","16,10","","99,52","","","","-13,00","","Neige"
"1997-12-13 06:00","1997","12","13","06:00"," ","-8,50","","-10,50","","85,00","","3,00","","6,00","","8,00","","99,45","","","","-12,00","","Neige"
"1997-12-13 07:00","1997","12","13","07:00"," ","-8,50","","-10,50","","85,00","","6,00","","6,00","","8,00","","99,42","","","","-12,00","","Neige"
"1997-12-13 08:00","1997","12","13","08:00"," ","-8,00","","-9,80","","87,00","","1,00","","7,00","","1,60","","99,38","","","","-12,00","","Neige"
"1997-12-13 09:00","1997","12","13","09:00"," ","-7,00","","-8,70","","88,00","","36,00","","4,00","","2,40","","99,32","","","","-9,00","","Neige"
"1997-12-13 10:00","1997","12","13","10:00"," ","-6,20","","-8,00","","87,00","","0,00","","0,00","","6,40","","99,25","","","","","","Neige"
"1997-12-13 11:00","1997","12","13","11:00"," ","-4,80","","-7,00","","85,00","","0,00","","0,00","","8,00","","99,18","","","","","","Neige"
"1997-12-13 12:00","1997","12","13","12:00"," ","-4,90","","-7,40","","83,00","","28,00","","11,00","","24,10","","99,08","","","","-9,00","","Généralement nuageux"
"1997-12-13 13:00","1997","12","13","13:00"," ","-4,70","","-7,50","","81,00","","26,00","","9,00","","24,10","","99,01","","","","-9,00","","Généralement nuageux"
"1997-12-13 14:00","1997","12","13","14:00"," ","-4,80","","-7,70","","80,00","","26,00","","4,00","","32,20","","98,98","","","","-7,00","","Généralement nuageux"
"1997-12-13 15:00","1997","12","13","15:00"," ","-4,30","","-7,60","","78,00","","27,00","","7,00","","32,20","","98,98","","","","-7,00","","Généralement nuageux"
"1997-12-13 16:00","1997","12","13","16:00"," ","-4,90","","-7,40","","83,00","","31,00","","7,00","","16,10","","98,95","","","","-8,00","","Neige"
"1997-12-13 17:00","1997","12","13","17:00"," ","-5,00","","-7,20","","85,00","","36,00","","6,00","","12,90","","98,95","","","","-8,00","","Neige"
"1997-12-13 18:00","1997","12","13","18:00"," ","-5,10","","-7,00","","86,00","","33,00","","2,00","","12,90","","98,91","","","","-6,00","","Neige"
"1997-12-13 19:00","1997","12","13","19:00"," ","-5,90","","-7,90","","86,00","","34,00","","4,00","","24,10","","98,84","","","","-8,00","","Généralement nuageux"
"1997-12-13 20:00","1997","12","13","20:00"," ","-7,90","","-9,30","","90,00","","31,00","","7,00","","24,10","","98,81","","","","-12,00","","Généralement dégagé"
"1997-12-13 21:00","1997","12","13","21:00"," ","-8,60","","-10,80","","84,00","","30,00","","11,00","","24,10","","98,78","","","","-14,00","","Généralement nuageux"
"1997-12-13 22:00","1997","12","13","22:00"," ","-8,00","","-9,80","","87,00","","32,00","","9,00","","24,10","","98,78","","","","-13,00","","Généralement nuageux"
"1997-12-13 23:00","1997","12","13","23:00"," ","-7,20","","-9,10","","86,00","","34,00","","7,00","","24,10","","98,71","","","","-11,00","","Généralement nuageux"
"1997-12-14 00:00","1997","12","14","00:00"," ","-7,40","","-9,70","","84,00","","34,00","","6,00","","24,10","","98,68","","","","-11,00","","Généralement nuageux"
"1997-12-14 01:00","1997","12","14","01:00"," ","-6,10","","-8,70","","82,00","","29,00","","15,00","","24,10","","98,68","","","","-12,00","","Généralement nuageux"
"1997-12-14 02:00","1997","12","14","02:00"," ","-6,60","","-9,60","","79,00","","28,00","","13,00","","32,20","","98,68","","","","-12,00","","Généralement dégagé"
"1997-12-14 03:00","1997","12","14","03:00"," ","-9,30","","-12,00","","81,00","","31,00","","7,00","","32,20","","98,68","","","","-13,00","","Généralement dégagé"
"1997-12-14 04:00","1997","12","14","04:00"," ","-9,00","","-11,80","","80,00","","30,00","","11,00","","32,20","","98,71","","","","-14,00","","Généralement dégagé"
"1997-12-14 05:00","1997","12","14","05:00"," ","-11,60","","-14,30","","80,00","","31,00","","9,00","","32,20","","98,71","","","","-17,00","","Généralement dégagé"
"1997-12-14 06:00","1997","12","14","06:00"," ","-9,40","","-12,80","","76,00","","33,00","","13,00","","32,20","","98,68","","","","-15,00","","Généralement nuageux"
"1997-12-14 07:00","1997","12","14","07:00"," ","-10,20","","-12,90","","81,00","","32,00","","13,00","","32,20","","98,64","","","","-16,00","","Généralement nuageux"
"1997-12-14 08:00","1997","12","14","08:00"," ","-10,00","","-13,50","","76,00","","32,00","","11,00","","48,30","","98,64","","","","-16,00","","Généralement nuageux"
"1997-12-14 09:00","1997","12","14","09:00"," ","-9,50","","-12,60","","78,00","","33,00","","7,00","","48,30","","98,64","","","","-13,00","","Généralement nuageux"
"1997-12-14 10:00","1997","12","14","10:00"," ","-7,10","","-10,70","","75,00","","32,00","","9,00","","32,20","","98,61","","","","-11,00","","Nuageux"
"1997-12-14 11:00","1997","12","14","11:00"," ","-6,30","","-11,00","","69,00","","32,00","","11,00","","48,30","","98,54","","","","-11,00","","Généralement nuageux"
"1997-12-14 12:00","1997","12","14","12:00"," ","-6,20","","-13,00","","59,00","","34,00","","19,00","","48,30","","98,51","","","","-13,00","","Généralement dégagé"
"1997-12-14 13:00","1997","12","14","13:00"," ","-6,30","","-12,50","","61,00","","33,00","","19,00","","48,30","","98,51","","","","-13,00","","Généralement nuageux"
"1997-12-14 14:00","1997","12","14","14:00"," ","-6,50","","-12,50","","62,00","","31,00","","15,00","","32,20","","98,51","","","","-12,00","","Nuageux"
"1997-12-14 15:00","1997","12","14","15:00"," ","-7,30","","-13,00","","64,00","","31,00","","19,00","","32,20","","98,54","","","","-14,00","","Généralement nuageux"
"1997-12-14 16:00","1997","12","14","16:00"," ","-8,00","","-13,50","","65,00","","33,00","","24,00","","24,10","","98,57","","","","-16,00","","Généralement nuageux"
"1997-12-14 17:00","1997","12","14","17:00"," ","-9,50","","-14,80","","65,00","","33,00","","22,00","","32,20","","98,64","","","","-18,00","","Généralement dégagé"
"1997-12-14 18:00","1997","12","14","18:00"," ","-10,30","","-15,40","","66,00","","32,00","","28,00","","24,10","","98,64","","","","-20,00","","Généralement dégagé"
"1997-12-14 19:00","1997","12","14","19:00"," ","-11,10","","-15,30","","71,00","","32,00","","15,00","","32,20","","98,71","","","","-18,00","","Généralement nuageux"
"1997-12-14 20:00","1997","12","14","20:00"," ","-11,60","","-17,50","","62,00","","35,00","","19,00","","24,10","","98,84","","","","-20,00","","Généralement nuageux"
"1997-12-14 21:00","1997","12","14","21:00"," ","-12,70","","-19,00","","59,00","","35,00","","28,00","","24,10","","98,95","","","","-23,00","","Généralement nuageux"
"1997-12-14 22:00","1997","12","14","22:00"," ","-13,40","","-19,20","","62,00","","35,00","","28,00","","24,10","","99,05","","","","-24,00","","Nuageux"
"1997-12-14 23:00","1997","12","14","23:00"," ","-16,10","","-22,10","","60,00","","33,00","","37,00","","24,10","","99,18","","","","-29,00","","Nuageux"
"1997-12-15 00:00","1997","12","15","00:00"," ","-17,60","","-23,50","","60,00","","34,00","","37,00","","24,10","","99,32","","","","-31,00","","Nuageux"
"1997-12-15 01:00","1997","12","15","01:00"," ","-19,20","","-25,50","","57,00","","35,00","","43,00","","24,10","","99,45","","","","-33,00","","Nuageux"
"1997-12-15 02:00","1997","12","15","02:00"," ","-20,10","","-29,10","","45,00","","35,00","","39,00","","32,20","","99,52","","","","-34,00","","Nuageux"
"1997-12-15 03:00","1997","12","15","03:00"," ","-20,80","","-30,80","","40,00","","36,00","","37,00","","32,20","","99,62","","","","-35,00","","Généralement nuageux"
"1997-12-15 04:00","1997","12","15","04:00"," ","-21,60","","-31,00","","42,00","","34,00","","37,00","","32,20","","99,69","","","","-36,00","","Généralement nuageux"
"1997-12-15 05:00","1997","12","15","05:00"," ","-22,20","","-31,40","","43,00","","33,00","","33,00","","32,20","","99,79","","","","-36,00","","Dégagé"
"1997-12-15 06:00","1997","12","15","06:00"," ","-22,50","","-31,90","","42,00","","33,00","","33,00","","32,20","","99,92","","","","-36,00","","Dégagé"
"1997-12-15 07:00","1997","12","15","07:00"," ","-22,80","","-32,60","","40,00","","33,00","","32,00","","48,30","","100,02","","","","-37,00","","Généralement dégagé"
"1997-12-15 08:00","1997","12","15","08:00"," ","-22,80","","-32,70","","40,00","","34,00","","28,00","","48,30","","100,09","","","","-36,00","","Généralement dégagé"
"1997-12-15 09:00","1997","12","15","09:00"," ","-22,30","","-32,50","","39,00","","35,00","","28,00","","48,30","","100,19","","","","-35,00","","Généralement dégagé"
"1997-12-15 10:00","1997","12","15","10:00"," ","-21,80","","-31,40","","42,00","","36,00","","32,00","","48,30","","100,16","","","","-35,00","","Généralement dégagé"
"1997-12-15 11:00","1997","12","15","11:00"," ","-21,00","","-30,90","","41,00","","35,00","","33,00","","48,30","","100,16","","","","-34,00","","Généralement dégagé"
"1997-12-15 12:00","1997","12","15","12:00"," ","-19,90","","-29,90","","41,00","","35,00","","28,00","","48,30","","100,16","","","","-32,00","","Généralement dégagé"
"1997-12-15 13:00","1997","12","15","13:00"," ","-19,20","","-29,40","","40,00","","35,00","","28,00","","48,30","","100,23","","","","-31,00","","Généralement dégagé"
"1997-12-15 14:00","1997","12","15","14:00"," ","-18,40","","-28,80","","40,00","","36,00","","22,00","","48,30","","100,29","","","","-29,00","","Généralement dégagé"
"1997-12-15 15:00","1997","12","15","15:00"," ","-18,40","","-28,80","","40,00","","36,00","","28,00","","48,30","","100,43","","","","-30,00","","Généralement dégagé"
"1997-12-15 16:00","1997","12","15","16:00"," ","-19,50","","-28,40","","45,00","","32,00","","19,00","","48,30","","100,53","","","","-30,00","","Généralement dégagé"
"1997-12-15 17:00","1997","12","15","17:00"," ","-19,30","","-28,10","","46,00","","32,00","","15,00","","32,20","","100,70","","","","-28,00","","Dégagé"
"1997-12-15 18:00","1997","12","15","18:00"," ","-19,40","","-28,40","","45,00","","34,00","","20,00","","32,20","","100,76","","","","-30,00","","Dégagé"
"1997-12-15 19:00","1997","12","15","19:00"," ","-20,70","","-28,80","","48,00","","29,00","","7,00","","32,20","","100,90","","","","-26,00","","Dégagé"
"1997-12-15 20:00","1997","12","15","20:00"," ","-20,80","","-28,50","","50,00","","28,00","","11,00","","32,20","","100,97","","","","-29,00","","Dégagé"
"1997-12-15 21:00","1997","12","15","21:00"," ","-23,20","","-29,30","","57,00","","29,00","","6,00","","32,20","","101,00","","","","-29,00","","Dégagé"
"1997-12-15 22:00","1997","12","15","22:00"," ","-23,70","","-29,90","","57,00","","30,00","","7,00","","32,20","","101,10","","","","-30,00","","Dégagé"
"1997-12-15 23:00","1997","12","15","23:00"," ","-22,40","","-29,10","","54,00","","5,00","","2,00","","32,20","","101,10","","","","-24,00","","Dégagé"
"1997-12-16 00:00","1997","12","16","00:00"," ","-22,40","","-29,10","","54,00","","27,00","","6,00","","32,20","","101,13","","","","-28,00","","Dégagé"
"1997-12-16 01:00","1997","12","16","01:00"," ","-24,80","","-30,60","","59,00","","1,00","","6,00","","32,20","","101,17","","","","-31,00","","Dégagé"
"1997-12-16 02:00","1997","12","16","02:00"," ","-25,90","","-31,60","","59,00","","2,00","","9,00","","32,20","","101,17","","","","-34,00","","Généralement dégagé"
"1997-12-16 03:00","1997","12","16","03:00"," ","-24,10","","-30,20","","57,00","","36,00","","11,00","","32,20","","101,17","","","","-33,00","","Généralement dégagé"
"1997-12-16 04:00","1997","12","16","04:00"," ","-22,50","","-29,30","","54,00","","2,00","","9,00","","32,20","","101,13","","","","-30,00","","Généralement nuageux"
"1997-12-16 05:00","1997","12","16","05:00"," ","-21,40","","-27,50","","58,00","","1,00","","7,00","","32,20","","101,13","","","","-27,00","","Nuageux"
"1997-12-16 06:00","1997","12","16","06:00"," ","-20,80","","-27,00","","57,00","","5,00","","7,00","","32,20","","101,00","","","","-27,00","","Généralement nuageux"
"1997-12-16 07:00","1997","12","16","07:00"," ","-20,30","","-26,80","","56,00","","3,00","","6,00","","32,20","","101,03","","","","-25,00","","Généralement nuageux"
"1997-12-16 08:00","1997","12","16","08:00"," ","-19,60","","-25,60","","59,00","","4,00","","9,00","","48,30","","100,97","","","","-26,00","","Nuageux"
"1997-12-16 09:00","1997","12","16","09:00"," ","-18,80","","-25,40","","56,00","","5,00","","6,00","","48,30","","100,90","","","","-24,00","","Nuageux"
"1997-12-16 10:00","1997","12","16","10:00"," ","-17,70","","-24,90","","53,00","","4,00","","15,00","","32,20","","100,83","","","","-26,00","","Nuageux"
"1997-12-16 11:00","1997","12","16","11:00"," ","-17,10","","-24,10","","55,00","","5,00","","13,00","","8,00","","100,70","","","","-25,00","","Neige"
"1997-12-16 12:00","1997","12","16","12:00"," ","-16,50","","-22,40","","60,00","","4,00","","15,00","","8,00","","100,56","","","","-25,00","","Neige"
"1997-12-16 13:00","1997","12","16","13:00"," ","-15,50","","-20,70","","64,00","","3,00","","9,00","","6,40","","100,46","","","","-21,00","","Neige"
"1997-12-16 14:00","1997","12","16","14:00"," ","-14,90","","-19,40","","68,00","","4,00","","13,00","","4,80","","100,36","","","","-22,00","","Neige"
"1997-12-16 15:00","1997","12","16","15:00"," ","-14,50","","-18,50","","72,00","","2,00","","13,00","","3,20","","100,29","","","","-22,00","","Neige"
"1997-12-16 16:00","1997","12","16","16:00"," ","-14,10","","-17,60","","75,00","","4,00","","15,00","","2,40","","100,23","","","","-22,00","","Neige"
"1997-12-16 17:00","1997","12","16","17:00"," ","-13,70","","-17,00","","76,00","","4,00","","15,00","","8,00","","100,16","","","","-21,00","","Neige"
"1997-12-16 18:00","1997","12","16","18:00"," ","-13,50","","-16,60","","77,00","","5,00","","17,00","","6,40","","100,09","","","","-22,00","","Neige"
"1997-12-16 19:00","1997","12","16","19:00"," ","-13,40","","-16,50","","77,00","","4,00","","11,00","","16,10","","100,06","","","","-20,00","","Neige"
"1997-12-16 20:00","1997","12","16","20:00"," ","","","","","","","","","","","","","","","","","","",""
"1997-12-16 21:00","1997","12","16","21:00"," ","-12,70","","-15,60","","79,00","","3,00","","9,00","","24,10","","99,96","","","","-18,00","","Neige"
"1997-12-16 22:00","1997","12","16","22:00"," ","-12,40","","-15,30","","79,00","","4,00","","11,00","","24,10","","99,89","","","","-18,00","","Neige"
"1997-12-16 23:00","1997","12","16","23:00"," ","-11,90","","-14,70","","80,00","","3,00","","11,00","","24,10","","99,79","","","","-18,00","","Neige"
"1997-12-17 00:00","1997","12","17","00:00"," ","-11,70","","-13,70","","85,00","","4,00","","7,00","","9,70","","99,75","","","","-16,00","","Bruine verglaçante,Neige en grains"
"1997-12-17 01:00","1997","12","17","01:00"," ","-11,10","","-12,80","","87,00","","2,00","","7,00","","4,80","","99,75","","","","-15,00","","Bruine verglaçante,Neige en grains,Brouillard"
"1997-12-17 02:00","1997","12","17","02:00"," ","-10,80","","-12,20","","89,00","","5,00","","15,00","","6,40","","99,65","","","","-18,00","","Bruine verglaçante,Neige en grains,Brouillard"
"1997-12-17 03:00","1997","12","17","03:00"," ","-10,30","","-11,70","","89,00","","5,00","","13,00","","4,80","","99,59","","","","-17,00","","Bruine verglaçante,Neige en grains,Brouillard"
"1997-12-17 04:00","1997","12","17","04:00"," ","-9,70","","-11,10","","89,00","","4,00","","11,00","","4,80","","99,59","","","","-15,00","","Bruine verglaçante,Neige en grains,Brouillard"
"1997-12-17 05:00","1997","12","17","05:00"," ","-9,30","","-10,70","","90,00","","4,00","","13,00","","8,00","","99,55","","","","-15,00","","Bruine verglaçante,Neige en grains,Brouillard"
"1997-12-17 06:00","1997","12","17","06:00"," ","-8,90","","-10,20","","90,00","","5,00","","13,00","","4,80","","99,52","","","","-15,00","","Bruine verglaçante,Neige en grains,Brouillard"
"1997-12-17 07:00","1997","12","17","07:00"," ","-8,40","","-9,50","","92,00","","7,00","","15,00","","9,70","","99,52","","","","-15,00","","Bruine verglaçante,Neige en grains,Brouillard"
"1997-12-17 08:00","1997","12","17","08:00"," ","-8,00","","-9,30","","90,00","","4,00","","9,00","","6,40","","99,52","","","","-13,00","","Bruine verglaçante,Brouillard"
"1997-12-17 09:00","1997","12","17","09:00"," ","-7,90","","-9,30","","90,00","","4,00","","7,00","","6,40","","99,52","","","","-12,00","","Neige en grains,Brouillard"
"1997-12-17 10:00","1997","12","17","10:00"," ","-7,60","","-9,00","","90,00","","4,00","","13,00","","4,80","","99,52","","","","-13,00","","Neige,Brouillard"
"1997-12-17 11:00","1997","12","17","11:00"," ","-6,60","","-7,90","","90,00","","7,00","","13,00","","12,90","","99,45","","","","-12,00","","Neige"
"1997-12-17 12:00","1997","12","17","12:00"," ","-5,40","","-6,70","","91,00","","6,00","","7,00","","16,10","","99,42","","","","-9,00","","Neige"
"1997-12-17 13:00","1997","12","17","13:00"," ","-4,90","","-6,10","","91,00","","4,00","","6,00","","16,10","","99,38","","","","-8,00","","Neige"
"1997-12-17 14:00","1997","12","17","14:00"," ","-4,50","","-5,80","","91,00","","6,00","","7,00","","16,10","","99,38","","","","-8,00","","Nuageux"
"1997-12-17 15:00","1997","12","17","15:00"," ","-4,10","","-5,40","","91,00","","9,00","","7,00","","16,10","","99,38","","","","-7,00","","Nuageux"
"1997-12-17 16:00","1997","12","17","16:00"," ","-4,30","","-5,50","","91,00","","0,00","","0,00","","12,90","","99,45","","","","","","Neige"
"1997-12-17 17:00","1997","12","17","17:00"," ","-4,80","","-6,10","","91,00","","30,00","","4,00","","16,10","","99,45","","","","-7,00","","Neige"
"1997-12-17 18:00","1997","12","17","18:00"," ","-6,00","","-7,60","","88,00","","28,00","","9,00","","32,20","","99,52","","","","-10,00","","Généralement dégagé"
"1997-12-17 19:00","1997","12","17","19:00"," ","-6,40","","-8,60","","84,00","","32,00","","9,00","","32,20","","99,55","","","","-11,00","","Généralement nuageux"
"1997-12-17 20:00","1997","12","17","20:00"," ","-6,30","","-9,20","","80,00","","31,00","","17,00","","32,20","","99,55","","","","-13,00","","Généralement nuageux"
"1997-12-17 21:00","1997","12","17","21:00"," ","-8,10","","-10,80","","81,00","","31,00","","9,00","","32,20","","99,55","","","","-13,00","","Généralement nuageux"
"1997-12-17 22:00","1997","12","17","22:00"," ","-6,40","","-9,50","","79,00","","30,00","","11,00","","32,20","","99,59","","","","-11,00","","Nuageux"
"1997-12-17 23:00","1997","12","17","23:00"," ","-7,00","","-10,00","","79,00","","32,00","","6,00","","24,10","","99,62","","","","-10,00","","Nuageux"
"1997-12-18 00:00","1997","12","18","00:00"," ","-7,00","","-10,80","","74,00","","29,00","","7,00","","24,10","","99,65","","","","-11,00","","Nuageux"
"1997-12-18 01:00","1997","12","18","01:00"," ","-7,10","","-11,90","","69,00","","29,00","","19,00","","24,10","","99,69","","","","-14,00","","Nuageux"
"1997-12-18 02:00","1997","12","18","02:00"," ","-7,60","","-12,10","","70,00","","30,00","","17,00","","24,10","","99,75","","","","-14,00","","Nuageux"
"1997-12-18 03:00","1997","12","18","03:00"," ","-7,90","","-12,50","","69,00","","31,00","","17,00","","24,10","","99,79","","","","-15,00","","Nuageux"
"1997-12-18 04:00","1997","12","18","04:00"," ","-8,40","","-13,50","","67,00","","31,00","","17,00","","24,10","","99,79","","","","-15,00","","Généralement nuageux"
"1997-12-18 05:00","1997","12","18","05:00"," ","-8,90","","-14,10","","66,00","","30,00","","28,00","","24,10","","99,82","","","","-18,00","","Généralement nuageux"
"1997-12-18 06:00","1997","12","18","06:00"," ","-9,30","","-14,10","","68,00","","31,00","","19,00","","24,10","","99,89","","","","-17,00","","Généralement nuageux"
"1997-12-18 07:00","1997","12","18","07:00"," ","-9,30","","-14,70","","65,00","","31,00","","22,00","","24,10","","99,92","","","","-17,00","","Généralement nuageux"
"1997-12-18 08:00","1997","12","18","08:00"," ","-9,20","","-15,00","","63,00","","31,00","","15,00","","24,10","","99,99","","","","-16,00","","Généralement nuageux"
"1997-12-18 09:00","1997","12","18","09:00"," ","-9,30","","-15,00","","63,00","","31,00","","24,00","","24,10","","100,02","","","","-18,00","","Généralement nuageux"
"1997-12-18 10:00","1997","12","18","10:00"," ","-9,40","","-15,30","","62,00","","32,00","","24,00","","48,30","","100,02","","","","-18,00","","Généralement dégagé"
"1997-12-18 11:00","1997","12","18","11:00"," ","-8,70","","-15,20","","59,00","","32,00","","20,00","","48,30","","100,02","","","","-16,00","","Généralement dégagé"
"1997-12-18 12:00","1997","12","18","12:00"," ","-8,10","","-15,00","","58,00","","31,00","","26,00","","48,30","","99,99","","","","-16,00","","Généralement dégagé"
"1997-12-18 13:00","1997","12","18","13:00"," ","-8,00","","-14,90","","58,00","","31,00","","22,00","","48,30","","100,02","","","","-16,00","","Généralement dégagé"
"1997-12-18 14:00","1997","12","18","14:00"," ","-8,00","","-15,00","","57,00","","31,00","","15,00","","48,30","","100,09","","","","-14,00","","Généralement dégagé"
"1997-12-18 15:00","1997","12","18","15:00"," ","-8,70","","-15,50","","58,00","","30,00","","17,00","","32,20","","100,12","","","","-16,00","","Généralement dégagé"
"1997-12-18 16:00","1997","12","18","16:00"," ","-9,10","","-15,80","","58,00","","30,00","","19,00","","32,20","","100,16","","","","-17,00","","Généralement dégagé"
"1997-12-18 17:00","1997","12","18","17:00"," ","-9,00","","-15,30","","60,00","","31,00","","20,00","","24,10","","100,23","","","","-17,00","","Nuageux"
"1997-12-18 18:00","1997","12","18","18:00"," ","-10,20","","-16,00","","62,00","","33,00","","11,00","","24,10","","100,26","","","","-16,00","","Généralement dégagé"
"1997-12-18 19:00","1997","12","18","19:00"," ","-9,90","","-15,90","","61,00","","28,00","","19,00","","24,10","","100,26","","","","-18,00","","Nuageux"
"1997-12-18 20:00","1997","12","18","20:00"," ","-9,50","","-16,20","","58,00","","29,00","","11,00","","24,10","","100,26","","","","-15,00","","Généralement nuageux"
"1997-12-18 21:00","1997","12","18","21:00"," ","-12,70","","-17,10","","70,00","","30,00","","6,00","","24,10","","100,29","","","","-17,00","","Généralement nuageux"
"1997-12-18 22:00","1997","12","18","22:00"," ","-10,50","","-16,10","","63,00","","34,00","","6,00","","24,10","","100,26","","","","-14,00","","Généralement nuageux"
"1997-12-18 23:00","1997","12","18","23:00"," ","-12,70","","-17,30","","68,00","","29,00","","11,00","","24,10","","100,23","","","","-19,00","","Généralement dégagé"
"1997-12-19 00:00","1997","12","19","00:00"," ","-11,90","","-17,00","","66,00","","27,00","","11,00","","24,10","","100,19","","","","-18,00","","Généralement dégagé"
"1997-12-19 01:00","1997","12","19","01:00"," ","-13,30","","-17,50","","71,00","","28,00","","13,00","","24,10","","100,23","","","","-20,00","","Dégagé"
"1997-12-19 02:00","1997","12","19","02:00"," ","-12,20","","-17,10","","67,00","","29,00","","9,00","","24,10","","100,26","","","","-17,00","","Généralement dégagé"
"1997-12-19 03:00","1997","12","19","03:00"," ","-13,70","","-17,00","","76,00","","28,00","","13,00","","24,10","","100,23","","","","-21,00","","Généralement dégagé"
"1997-12-19 04:00","1997","12","19","04:00"," ","-14,00","","-17,90","","72,00","","33,00","","17,00","","32,20","","100,19","","","","-22,00","","Généralement nuageux"
"1997-12-19 05:00","1997","12","19","05:00"," ","-13,20","","-17,20","","72,00","","32,00","","11,00","","32,20","","100,19","","","","-19,00","","Nuageux"
"1997-12-19 06:00","1997","12","19","06:00"," ","-12,40","","-16,70","","70,00","","2,00","","9,00","","24,10","","100,19","","","","-18,00","","Généralement nuageux"
"1997-12-19 07:00","1997","12","19","07:00"," ","-13,70","","-17,40","","74,00","","2,00","","7,00","","32,20","","100,16","","","","-18,00","","Généralement nuageux"
"1997-12-19 08:00","1997","12","19","08:00"," ","-15,10","","-18,30","","76,00","","5,00","","2,00","","48,30","","100,16","","","","-17,00","","Généralement nuageux"
"1997-12-19 09:00","1997","12","19","09:00"," ","-13,40","","-17,50","","71,00","","6,00","","2,00","","48,30","","100,16","","","","-15,00","","Généralement nuageux"
"1997-12-19 10:00","1997","12","19","10:00"," ","-11,80","","-16,70","","67,00","","0,00","","0,00","","48,30","","100,12","","","","","","Généralement nuageux"
"1997-12-19 11:00","1997","12","19","11:00"," ","-9,90","","-16,80","","57,00","","1,00","","11,00","","48,30","","99,99","","","","-15,00","","Généralement nuageux"
"1997-12-19 12:00","1997","12","19","12:00"," ","-9,80","","-16,50","","58,00","","2,00","","7,00","","48,30","","99,92","","","","-14,00","","Généralement nuageux"
"1997-12-19 13:00","1997","12","19","13:00"," ","-8,60","","-15,50","","57,00","","30,00","","9,00","","48,30","","99,89","","","","-13,00","","Généralement nuageux"
"1997-12-19 14:00","1997","12","19","14:00"," ","-9,20","","-16,10","","57,00","","36,00","","13,00","","48,30","","99,85","","","","-15,00","","Généralement dégagé"
"1997-12-19 15:00","1997","12","19","15:00"," ","-10,10","","-16,50","","59,00","","34,00","","7,00","","48,30","","99,82","","","","-14,00","","Généralement dégagé"
"1997-12-19 16:00","1997","12","19","16:00"," ","-11,50","","-17,20","","63,00","","1,00","","11,00","","48,30","","99,85","","","","-17,00","","Généralement dégagé"
"1997-12-19 17:00","1997","12","19","17:00"," ","-11,40","","-17,00","","63,00","","34,00","","19,00","","32,20","","99,82","","","","-19,00","","Dégagé"
"1997-12-19 18:00","1997","12","19","18:00"," ","-12,00","","-17,30","","65,00","","35,00","","13,00","","32,20","","99,82","","","","-19,00","","Dégagé"
"1997-12-19 19:00","1997","12","19","19:00"," ","-13,40","","-18,00","","68,00","","1,00","","17,00","","32,20","","99,85","","","","-21,00","","Dégagé"
"1997-12-19 20:00","1997","12","19","20:00"," ","-13,10","","-17,70","","68,00","","35,00","","13,00","","32,20","","99,85","","","","-20,00","","Dégagé"
"1997-12-19 21:00","1997","12","19","21:00"," ","-12,70","","-17,90","","65,00","","36,00","","19,00","","32,20","","99,85","","","","-21,00","","Dégagé"
"1997-12-19 22:00","1997","12","19","22:00"," ","-13,70","","-18,50","","67,00","","34,00","","19,00","","32,20","","99,82","","","","-22,00","","Dégagé"
"1997-12-19 23:00","1997","12","19","23:00"," ","-13,40","","-18,50","","65,00","","33,00","","20,00","","32,20","","99,82","","","","-22,00","","Dégagé"
"1997-12-20 00:00","1997","12","20","00:00"," ","-14,60","","-19,00","","69,00","","32,00","","11,00","","32,20","","99,82","","","","-21,00","","Dégagé"
"1997-12-20 01:00","1997","12","20","01:00"," ","-16,30","","-20,40","","71,00","","36,00","","9,00","","32,20","","99,85","","","","-22,00","","Dégagé"
"1997-12-20 02:00","1997","12","20","02:00"," ","-17,00","","-20,10","","77,00","","1,00","","4,00","","32,20","","99,89","","","","-20,00","","Dégagé"
"1997-12-20 03:00","1997","12","20","03:00"," ","-17,50","","-20,40","","78,00","","0,00","","0,00","","32,20","","99,89","","","","","","Dégagé"
"1997-12-20 04:00","1997","12","20","04:00"," ","-17,40","","-20,60","","76,00","","2,00","","7,00","","32,20","","99,89","","","","-23,00","","Dégagé"
"1997-12-20 05:00","1997","12","20","05:00"," ","-18,80","","-22,10","","75,00","","36,00","","4,00","","32,20","","99,85","","","","-22,00","","Dégagé"
"1997-12-20 06:00","1997","12","20","06:00"," ","-19,60","","-22,90","","75,00","","36,00","","6,00","","32,20","","99,89","","","","-25,00","","Dégagé"
"1997-12-20 07:00","1997","12","20","07:00"," ","-19,10","","-24,30","","63,00","","33,00","","9,00","","48,30","","99,89","","","","-26,00","","Dégagé"
"1997-12-20 08:00","1997","12","20","08:00"," ","-17,70","","-23,30","","62,00","","0,00","","0,00","","48,30","","99,92","","","","","","Dégagé"
"1997-12-20 09:00","1997","12","20","09:00"," ","-15,50","","-22,20","","56,00","","30,00","","9,00","","48,30","","99,99","","","","-21,00","","Généralement dégagé"
"1997-12-20 10:00","1997","12","20","10:00"," ","-13,40","","-21,70","","50,00","","35,00","","7,00","","48,30","","99,99","","","","-18,00","","Dégagé"
"1997-12-20 11:00","1997","12","20","11:00"," ","-12,40","","-21,00","","49,00","","34,00","","22,00","","48,30","","99,89","","","","-21,00","","Dégagé"
"1997-12-20 12:00","1997","12","20","12:00"," ","-11,20","","-20,60","","46,00","","32,00","","11,00","","48,30","","99,85","","","","-17,00","","Généralement dégagé"
"1997-12-20 13:00","1997","12","20","13:00"," ","-10,90","","-19,70","","48,00","","32,00","","15,00","","48,30","","99,85","","","","-18,00","","Généralement nuageux"
"1997-12-20 14:00","1997","12","20","14:00"," ","-11,10","","-19,60","","49,00","","32,00","","32,00","","48,30","","99,85","","","","-21,00","","Généralement nuageux"
"1997-12-20 15:00","1997","12","20","15:00"," ","-11,90","","-20,10","","51,00","","31,00","","22,00","","48,30","","99,89","","","","-21,00","","Généralement nuageux"
"1997-12-20 16:00","1997","12","20","16:00"," ","-11,80","","-20,40","","49,00","","34,00","","22,00","","48,30","","99,96","","","","-21,00","","Généralement nuageux"
"1997-12-20 17:00","1997","12","20","17:00"," ","-12,70","","-20,90","","50,00","","36,00","","24,00","","32,20","","99,99","","","","-22,00","","Généralement dégagé"
"1997-12-20 18:00","1997","12","20","18:00"," ","-12,70","","-20,90","","50,00","","35,00","","26,00","","32,20","","100,06","","","","-22,00","","Généralement nuageux"
"1997-12-20 19:00","1997","12","20","19:00"," ","-13,50","","-21,20","","52,00","","34,00","","19,00","","32,20","","100,09","","","","-22,00","","Généralement dégagé"
"1997-12-20 20:00","1997","12","20","20:00"," ","-13,40","","-20,90","","53,00","","33,00","","17,00","","32,20","","100,09","","","","-21,00","","Généralement nuageux"
"1997-12-20 21:00","1997","12","20","21:00"," ","-12,60","","-20,20","","53,00","","36,00","","30,00","","32,20","","100,09","","","","-23,00","","Généralement nuageux"
"1997-12-20 22:00","1997","12","20","22:00"," ","-12,20","","-19,90","","53,00","","33,00","","17,00","","32,20","","100,16","","","","-20,00","","Généralement nuageux"
"1997-12-20 23:00","1997","12","20","23:00"," ","-11,90","","-20,10","","51,00","","34,00","","26,00","","32,20","","100,16","","","","-21,00","","Généralement nuageux"
"1997-12-21 00:00","1997","12","21","00:00"," ","-12,40","","-20,40","","51,00","","33,00","","28,00","","32,20","","100,19","","","","-22,00","","Généralement nuageux"
"1997-12-21 01:00","1997","12","21","01:00"," ","-12,30","","-20,10","","52,00","","33,00","","28,00","","32,20","","100,26","","","","-22,00","","Généralement nuageux"
"1997-12-21 02:00","1997","12","21","02:00"," ","-12,00","","-20,20","","50,00","","36,00","","22,00","","32,20","","100,36","","","","-21,00","","Généralement nuageux"
"1997-12-21 03:00","1997","12","21","03:00"," ","-12,30","","-20,40","","51,00","","34,00","","19,00","","32,20","","100,46","","","","-21,00","","Généralement nuageux"
"1997-12-21 04:00","1997","12","21","04:00"," ","-13,40","","-21,40","","51,00","","34,00","","26,00","","32,20","","100,53","","","","-23,00","","Généralement nuageux"
"1997-12-21 05:00","1997","12","21","05:00"," ","-13,40","","-21,30","","51,00","","34,00","","13,00","","32,20","","100,63","","","","-20,00","","Généralement nuageux"
"1997-12-21 06:00","1997","12","21","06:00"," ","-13,00","","-21,10","","51,00","","34,00","","19,00","","32,20","","100,70","","","","-21,00","","Généralement nuageux"
"1997-12-21 07:00","1997","12","21","07:00"," ","-13,40","","-21,50","","51,00","","34,00","","22,00","","32,20","","100,80","","","","-23,00","","Généralement nuageux"
"1997-12-21 08:00","1997","12","21","08:00"," ","-14,10","","-21,80","","52,00","","34,00","","20,00","","48,30","","100,90","","","","-23,00","","Généralement dégagé"
"1997-12-21 09:00","1997","12","21","09:00"," ","-14,40","","-22,40","","51,00","","34,00","","26,00","","48,30","","100,97","","","","-25,00","","Généralement nuageux"
"1997-12-21 10:00","1997","12","21","10:00"," ","-14,00","","-22,40","","49,00","","36,00","","28,00","","48,30","","101,03","","","","-24,00","","Généralement dégagé"
"1997-12-21 11:00","1997","12","21","11:00"," ","-13,10","","-21,80","","48,00","","35,00","","28,00","","48,30","","101,00","","","","-23,00","","Généralement dégagé"
"1997-12-21 12:00","1997","12","21","12:00"," ","-12,50","","-21,10","","49,00","","35,00","","28,00","","48,30","","100,97","","","","-22,00","","Généralement dégagé"
"1997-12-21 13:00","1997","12","21","13:00"," ","-12,00","","-20,90","","48,00","","31,00","","26,00","","48,30","","101,00","","","","-22,00","","Généralement dégagé"
"1997-12-21 14:00","1997","12","21","14:00"," ","-11,60","","-21,00","","46,00","","32,00","","19,00","","48,30","","101,03","","","","-20,00","","Généralement nuageux"
"1997-12-21 15:00","1997","12","21","15:00"," ","-11,30","","-20,90","","45,00","","31,00","","11,00","","48,30","","101,10","","","","-17,00","","Généralement dégagé"
"1997-12-21 16:00","1997","12","21","16:00"," ","-12,30","","-20,30","","51,00","","29,00","","13,00","","48,30","","101,17","","","","-19,00","","Généralement dégagé"
"1997-12-21 17:00","1997","12","21","17:00"," ","-12,70","","-20,00","","54,00","","31,00","","26,00","","32,20","","101,20","","","","-22,00","","Généralement dégagé"
"1997-12-21 18:00","1997","12","21","18:00"," ","-13,20","","-20,20","","56,00","","30,00","","19,00","","32,20","","101,24","","","","-22,00","","Généralement dégagé"
"1997-12-21 19:00","1997","12","21","19:00"," ","-13,50","","-20,80","","54,00","","31,00","","20,00","","32,20","","101,30","","","","-22,00","","Dégagé"
"1997-12-21 20:00","1997","12","21","20:00"," ","-14,20","","-20,90","","57,00","","32,00","","7,00","","32,20","","101,30","","","","-19,00","","Dégagé"
"1997-12-21 21:00","1997","12","21","21:00"," ","-14,70","","-21,00","","59,00","","30,00","","19,00","","32,20","","101,30","","","","-24,00","","Dégagé"
"1997-12-21 22:00","1997","12","21","22:00"," ","-14,50","","-21,10","","57,00","","27,00","","6,00","","32,20","","101,30","","","","-19,00","","Dégagé"
"1997-12-21 23:00","1997","12","21","23:00"," ","-16,30","","-21,70","","63,00","","29,00","","9,00","","32,20","","101,27","","","","-22,00","","Dégagé"
"1997-12-22 00:00","1997","12","22","00:00"," ","-14,70","","-20,50","","61,00","","31,00","","4,00","","32,20","","101,27","","","","-18,00","","Généralement dégagé"
"1997-12-22 01:00","1997","12","22","01:00"," ","-13,60","","-19,70","","60,00","","27,00","","11,00","","32,20","","101,27","","","","-20,00","","Généralement nuageux"
"1997-12-22 02:00","1997","12","22","02:00"," ","-14,00","","-19,80","","61,00","","28,00","","13,00","","32,20","","101,27","","","","-21,00","","Généralement nuageux"
"1997-12-22 03:00","1997","12","22","03:00"," ","-14,40","","-20,40","","60,00","","30,00","","13,00","","32,20","","101,27","","","","-22,00","","Généralement dégagé"
"1997-12-22 04:00","1997","12","22","04:00"," ","-16,00","","-20,90","","66,00","","36,00","","9,00","","32,20","","101,24","","","","-22,00","","Généralement dégagé"
"1997-12-22 05:00","1997","12","22","05:00"," ","-17,20","","-22,60","","63,00","","31,00","","7,00","","32,20","","101,24","","","","-22,00","","Généralement dégagé"
"1997-12-22 06:00","1997","12","22","06:00"," ","-14,30","","-21,00","","57,00","","29,00","","24,00","","32,20","","101,30","","","","-24,00","","Généralement dégagé"
"1997-12-22 07:00","1997","12","22","07:00"," ","-15,20","","-21,20","","60,00","","29,00","","19,00","","48,30","","101,37","","","","-24,00","","Généralement dégagé"
"1997-12-22 08:00","1997","12","22","08:00"," ","-15,60","","-22,30","","56,00","","33,00","","9,00","","48,30","","101,51","","","","-22,00","","Généralement dégagé"
"1997-12-22 09:00","1997","12","22","09:00"," ","-14,10","","-22,20","","50,00","","33,00","","19,00","","48,30","","101,54","","","","-23,00","","Généralement dégagé"
"1997-12-22 10:00","1997","12","22","10:00"," ","-13,50","","-22,50","","47,00","","32,00","","28,00","","48,30","","101,54","","","","-24,00","","Généralement dégagé"
"1997-12-22 11:00","1997","12","22","11:00"," ","-12,70","","-22,30","","44,00","","32,00","","28,00","","48,30","","101,54","","","","-23,00","","Dégagé"
"1997-12-22 12:00","1997","12","22","12:00"," ","-12,10","","-21,90","","44,00","","33,00","","28,00","","48,30","","101,54","","","","-22,00","","Généralement dégagé"
"1997-12-22 13:00","1997","12","22","13:00"," ","-11,70","","-22,80","","39,00","","29,00","","19,00","","48,30","","101,54","","","","-20,00","","Dégagé"
"1997-12-22 14:00","1997","12","22","14:00"," ","-11,50","","-22,30","","40,00","","30,00","","28,00","","48,30","","101,57","","","","-21,00","","Dégagé"
"1997-12-22 15:00","1997","12","22","15:00"," ","-11,60","","-22,70","","39,00","","30,00","","19,00","","48,30","","101,64","","","","-20,00","","Dégagé"
"1997-12-22 16:00","1997","12","22","16:00"," ","-12,60","","-22,70","","43,00","","28,00","","15,00","","48,30","","101,77","","","","-20,00","","Dégagé"
"1997-12-22 17:00","1997","12","22","17:00"," ","-14,00","","-22,20","","50,00","","28,00","","11,00","","32,20","","101,81","","","","-20,00","","Dégagé"
"1997-12-22 18:00","1997","12","22","18:00"," ","-14,70","","-22,00","","54,00","","30,00","","13,00","","32,20","","101,88","","","","-22,00","","Dégagé"
"1997-12-22 19:00","1997","12","22","19:00"," ","-14,50","","-22,50","","51,00","","28,00","","11,00","","32,20","","101,94","","","","-21,00","","Généralement dégagé"
"1997-12-22 20:00","1997","12","22","20:00"," ","-14,80","","-23,10","","49,00","","24,00","","15,00","","32,20","","101,94","","","","-23,00","","Généralement nuageux"
"1997-12-22 21:00","1997","12","22","21:00"," ","-16,10","","-23,70","","52,00","","33,00","","4,00","","32,20","","101,91","","","","-19,00","","Généralement dégagé"
"1997-12-22 22:00","1997","12","22","22:00"," ","-16,90","","-23,70","","56,00","","0,00","","0,00","","32,20","","101,88","","","","","","Généralement dégagé"
"1997-12-22 23:00","1997","12","22","23:00"," ","-20,10","","-26,00","","59,00","","36,00","","2,00","","32,20","","101,88","","","","-22,00","","Dégagé"
"1997-12-23 00:00","1997","12","23","00:00"," ","-22,30","","-27,40","","63,00","","29,00","","7,00","","32,20","","101,84","","","","-28,00","","Dégagé"
"1997-12-23 01:00","1997","12","23","01:00"," ","-18,30","","-24,20","","60,00","","34,00","","22,00","","32,20","","101,84","","","","-29,00","","Dégagé"
"1997-12-23 02:00","1997","12","23","02:00"," ","-20,10","","-25,60","","61,00","","36,00","","7,00","","32,20","","101,84","","","","-26,00","","Généralement dégagé"
"1997-12-23 03:00","1997","12","23","03:00"," ","-17,80","","-24,80","","54,00","","3,00","","4,00","","32,20","","101,81","","","","-21,00","","Généralement dégagé"
"1997-12-23 04:00","1997","12","23","04:00"," ","-19,50","","-25,80","","57,00","","36,00","","2,00","","32,20","","101,77","","","","-21,00","","Généralement dégagé"
"1997-12-23 05:00","1997","12","23","05:00"," ","-18,40","","-24,80","","57,00","","7,00","","2,00","","32,20","","101,74","","","","-20,00","","Généralement dégagé"
"1997-12-23 06:00","1997","12","23","06:00"," ","-18,90","","-25,20","","58,00","","4,00","","2,00","","32,20","","101,74","","","","-21,00","","Généralement dégagé"
"1997-12-23 07:00","1997","12","23","07:00"," ","-18,70","","-25,00","","58,00","","1,00","","4,00","","48,30","","101,77","","","","-22,00","","Généralement nuageux"
"1997-12-23 08:00","1997","12","23","08:00"," ","-17,90","","-24,30","","57,00","","4,00","","17,00","","48,30","","101,77","","","","-27,00","","Nuageux"
"1997-12-23 09:00","1997","12","23","09:00"," ","-16,10","","-23,30","","54,00","","4,00","","13,00","","48,30","","101,74","","","","-24,00","","Nuageux"
"1997-12-23 10:00","1997","12","23","10:00"," ","-14,80","","-22,60","","51,00","","5,00","","9,00","","48,30","","101,71","","","","-21,00","","Nuageux"
"1997-12-23 11:00","1997","12","23","11:00"," ","-13,40","","-20,70","","54,00","","5,00","","9,00","","48,30","","101,64","","","","-19,00","","Nuageux"
"1997-12-23 12:00","1997","12","23","12:00"," ","-11,70","","-18,80","","56,00","","6,00","","11,00","","48,30","","101,51","","","","-18,00","","Nuageux"
"1997-12-23 13:00","1997","12","23","13:00"," ","-10,50","","-15,10","","69,00","","6,00","","9,00","","12,90","","101,44","","","","-15,00","","Averses de neige"
"1997-12-23 14:00","1997","12","23","14:00"," ","-10,30","","-14,00","","74,00","","5,00","","13,00","","16,10","","101,37","","","","-17,00","","Averses de neige"
"1997-12-23 15:00","1997","12","23","15:00"," ","-11,00","","-14,70","","74,00","","5,00","","13,00","","24,10","","101,34","","","","-17,00","","Nuageux"
"1997-12-23 16:00","1997","12","23","16:00"," ","-11,90","","-14,60","","80,00","","5,00","","15,00","","24,10","","101,30","","","","-19,00","","Nuageux"
"1997-12-23 17:00","1997","12","23","17:00"," ","-10,40","","-12,30","","86,00","","5,00","","15,00","","9,70","","101,27","","","","-17,00","","Averses de neige"
"1997-12-23 18:00","1997","12","23","18:00"," ","-9,60","","-11,70","","85,00","","5,00","","13,00","","8,00","","101,24","","","","-16,00","","Averses de neige"
"1997-12-23 19:00","1997","12","23","19:00"," ","-9,60","","-11,80","","84,00","","7,00","","22,00","","11,30","","101,20","","","","-18,00","","Neige"
"1997-12-23 20:00","1997","12","23","20:00"," ","-9,50","","-11,90","","83,00","","6,00","","22,00","","24,10","","101,17","","","","-18,00","","Neige"
"1997-12-23 21:00","1997","12","23","21:00"," ","-8,70","","-10,90","","84,00","","7,00","","17,00","","24,10","","101,07","","","","-16,00","","Nuageux"
"1997-12-23 22:00","1997","12","23","22:00"," ","-8,20","","-10,20","","85,00","","9,00","","26,00","","1,60","","101,00","","","","-17,00","","Neige"
"1997-12-23 23:00","1997","12","23","23:00"," ","-7,40","","-9,30","","86,00","","10,00","","11,00","","2,00","","100,97","","","","-12,00","","Neige"
"1997-12-24 00:00","1997","12","24","00:00"," ","-6,80","","-8,50","","88,00","","8,00","","11,00","","1,60","","100,90","","","","-12,00","","Neige"
"1997-12-24 01:00","1997","12","24","01:00"," ","-5,30","","-7,10","","87,00","","17,00","","17,00","","2,40","","100,90","","","","-11,00","","Neige"
"1997-12-24 02:00","1997","12","24","02:00"," ","-5,20","","-7,20","","86,00","","17,00","","13,00","","2,40","","100,90","","","","-10,00","","Neige"
"1997-12-24 03:00","1997","12","24","03:00"," ","-5,10","","-7,30","","85,00","","18,00","","13,00","","3,20","","100,90","","","","-10,00","","Neige"
"1997-12-24 04:00","1997","12","24","04:00"," ","-4,60","","-6,60","","86,00","","17,00","","19,00","","4,00","","100,87","","","","-11,00","","Neige"
"1997-12-24 05:00","1997","12","24","05:00"," ","-4,80","","-6,80","","86,00","","21,00","","11,00","","2,40","","100,83","","","","-9,00","","Neige"
"1997-12-24 06:00","1997","12","24","06:00"," ","-5,60","","-7,50","","86,00","","30,00","","9,00","","4,80","","100,90","","","","-10,00","","Neige"
"1997-12-24 07:00","1997","12","24","07:00"," ","-6,60","","-8,50","","86,00","","30,00","","9,00","","16,10","","100,93","","","","-11,00","","Neige"
"1997-12-24 08:00","1997","12","24","08:00"," ","-7,60","","-9,70","","85,00","","30,00","","7,00","","12,90","","101,03","","","","-11,00","","Neige"
"1997-12-24 09:00","1997","12","24","09:00"," ","-7,90","","-10,20","","84,00","","31,00","","9,00","","40,20","","101,10","","","","-12,00","","Généralement dégagé"
"1997-12-24 10:00","1997","12","24","10:00"," ","-6,30","","-9,10","","80,00","","29,00","","11,00","","48,30","","101,10","","","","-11,00","","Généralement dégagé"
"1997-12-24 11:00","1997","12","24","11:00"," ","-6,10","","-9,10","","79,00","","27,00","","13,00","","48,30","","101,10","","","","-11,00","","Généralement dégagé"
"1997-12-24 12:00","1997","12","24","12:00"," ","-5,60","","-10,00","","71,00","","28,00","","15,00","","48,30","","101,10","","","","-11,00","","Généralement dégagé"
"1997-12-24 13:00","1997","12","24","13:00"," ","-5,10","","-9,90","","69,00","","30,00","","13,00","","48,30","","101,13","","","","-10,00","","Généralement dégagé"
"1997-12-24 14:00","1997","12","24","14:00"," ","-4,90","","-10,80","","63,00","","28,00","","13,00","","48,30","","101,20","","","","-10,00","","Dégagé"
"1997-12-24 15:00","1997","12","24","15:00"," ","-6,10","","-10,70","","70,00","","26,00","","11,00","","48,30","","101,27","","","","-11,00","","Généralement dégagé"
"1997-12-24 16:00","1997","12","24","16:00"," ","-10,90","","-12,90","","85,00","","27,00","","4,00","","48,30","","101,27","","","","-13,00","","Généralement dégagé"
"1997-12-24 17:00","1997","12","24","17:00"," ","-9,10","","-12,00","","79,00","","28,00","","2,00","","32,20","","101,20","","","","-10,00","","Dégagé"
"1997-12-24 18:00","1997","12","24","18:00"," ","-11,60","","-14,40","","80,00","","29,00","","7,00","","32,20","","101,20","","","","-16,00","","Dégagé"
"1997-12-24 19:00","1997","12","24","19:00"," ","-12,70","","-16,00","","76,00","","35,00","","4,00","","32,20","","101,24","","","","-15,00","","Dégagé"
"1997-12-24 20:00","1997","12","24","20:00"," ","-13,90","","-15,90","","85,00","","1,00","","6,00","","32,20","","101,27","","","","-18,00","","Dégagé"
"1997-12-24 21:00","1997","12","24","21:00"," ","-14,70","","-17,50","","79,00","","36,00","","6,00","","32,20","","101,27","","","","-19,00","","Dégagé"
"1997-12-24 22:00","1997","12","24","22:00"," ","-14,30","","-16,70","","82,00","","6,00","","4,00","","32,20","","101,27","","","","-17,00","","Généralement dégagé"
"1997-12-24 23:00","1997","12","24","23:00"," ","-14,90","","-18,00","","77,00","","8,00","","6,00","","32,20","","101,24","","","","-19,00","","Généralement dégagé"
"1997-12-25 00:00","1997","12","25","00:00"," ","-13,80","","-14,40","","95,00","","35,00","","6,00","","32,20","","101,24","","","","-18,00","","Généralement nuageux"
"1997-12-25 01:00","1997","12","25","01:00"," ","-13,30","","-15,60","","83,00","","2,00","","6,00","","32,20","","101,20","","","","-17,00","","Généralement nuageux"
"1997-12-25 02:00","1997","12","25","02:00"," ","-14,10","","-17,00","","79,00","","4,00","","4,00","","32,20","","101,17","","","","-17,00","","Généralement dégagé"
"1997-12-25 03:00","1997","12","25","03:00"," ","-14,30","","-16,70","","82,00","","3,00","","4,00","","32,20","","101,10","","","","-17,00","","Généralement dégagé"
"1997-12-25 04:00","1997","12","25","04:00"," ","-15,10","","-18,00","","78,00","","6,00","","6,00","","32,20","","101,10","","","","-19,00","","Généralement dégagé"
"1997-12-25 05:00","1997","12","25","05:00"," ","-14,70","","-17,20","","81,00","","7,00","","7,00","","32,20","","101,00","","","","-19,00","","Généralement dégagé"
"1997-12-25 06:00","1997","12","25","06:00"," ","-14,10","","-16,80","","80,00","","8,00","","6,00","","32,20","","101,00","","","","-18,00","","Généralement dégagé"
"1997-12-25 07:00","1997","12","25","07:00"," ","-13,70","","-16,30","","81,00","","6,00","","6,00","","32,20","","101,00","","","","-18,00","","Nuageux"
"1997-12-25 08:00","1997","12","25","08:00"," ","-12,70","","-15,30","","81,00","","3,00","","4,00","","40,20","","101,00","","","","-15,00","","Nuageux"
"1997-12-25 09:00","1997","12","25","09:00"," ","-11,20","","-13,90","","80,00","","5,00","","6,00","","48,30","","100,97","","","","-15,00","","Nuageux"
"1997-12-25 10:00","1997","12","25","10:00"," ","-9,50","","-11,90","","83,00","","4,00","","13,00","","32,20","","100,83","","","","-16,00","","Nuageux"
"1997-12-25 11:00","1997","12","25","11:00"," ","-8,00","","-10,40","","83,00","","5,00","","13,00","","32,20","","100,73","","","","-14,00","","Nuageux"
"1997-12-25 12:00","1997","12","25","12:00"," ","-6,80","","-9,20","","83,00","","4,00","","9,00","","32,20","","100,70","","","","-11,00","","Nuageux"
"1997-12-25 13:00","1997","12","25","13:00"," ","-6,80","","-9,30","","82,00","","5,00","","11,00","","32,20","","100,60","","","","-12,00","","Nuageux"
"1997-12-25 14:00","1997","12","25","14:00"," ","-6,50","","-8,90","","83,00","","2,00","","6,00","","32,20","","100,63","","","","-9,00","","Nuageux"
"1997-12-25 15:00","1997","12","25","15:00"," ","-6,60","","-8,90","","84,00","","4,00","","13,00","","32,20","","100,46","","","","-12,00","","Nuageux"
"1997-12-25 16:00","1997","12","25","16:00"," ","-6,60","","-8,70","","85,00","","5,00","","11,00","","8,00","","100,39","","","","-12,00","","Neige"
"1997-12-25 17:00","1997","12","25","17:00"," ","-6,10","","-7,90","","87,00","","6,00","","15,00","","4,80","","100,29","","","","-12,00","","Neige"
"1997-12-25 18:00","1997","12","25","18:00"," ","-5,60","","-7,50","","86,00","","5,00","","13,00","","16,10","","100,26","","","","-11,00","","Neige"
"1997-12-25 19:00","1997","12","25","19:00"," ","-4,00","","-6,00","","86,00","","9,00","","17,00","","16,10","","100,19","","","","-10,00","","Neige"
"1997-12-25 20:00","1997","12","25","20:00"," ","-3,80","","-5,70","","87,00","","9,00","","13,00","","16,10","","100,16","","","","-9,00","","Neige"
"1997-12-25 21:00","1997","12","25","21:00"," ","-3,40","","-5,30","","87,00","","9,00","","15,00","","19,30","","100,06","","","","-9,00","","Neige"
"1997-12-25 22:00","1997","12","25","22:00"," ","-3,50","","-5,40","","87,00","","9,00","","17,00","","19,30","","99,96","","","","-9,00","","Neige"
"1997-12-25 23:00","1997","12","25","23:00"," ","-3,70","","-5,60","","87,00","","7,00","","15,00","","19,30","","99,89","","","","-9,00","","Neige"
"1997-12-26 00:00","1997","12","26","00:00"," ","-3,90","","-5,80","","87,00","","5,00","","11,00","","19,30","","99,79","","","","-8,00","","Neige"
"1997-12-26 01:00","1997","12","26","01:00"," ","-4,30","","-6,40","","85,00","","5,00","","13,00","","19,30","","99,72","","","","-9,00","","Neige"
"1997-12-26 02:00","1997","12","26","02:00"," ","-4,40","","-6,30","","87,00","","5,00","","9,00","","19,30","","99,69","","","","-8,00","","Neige"
"1997-12-26 03:00","1997","12","26","03:00"," ","-4,30","","-6,30","","86,00","","2,00","","11,00","","16,10","","99,65","","","","-9,00","","Neige"
"1997-12-26 04:00","1997","12","26","04:00"," ","-4,20","","-6,00","","87,00","","4,00","","11,00","","4,80","","99,62","","","","-9,00","","Neige"
"1997-12-26 05:00","1997","12","26","05:00"," ","-4,10","","-6,00","","87,00","","3,00","","13,00","","8,00","","99,62","","","","-9,00","","Neige"
"1997-12-26 06:00","1997","12","26","06:00"," ","-4,20","","-6,10","","87,00","","4,00","","9,00","","16,10","","99,65","","","","-8,00","","Neige"
"1997-12-26 07:00","1997","12","26","07:00"," ","-4,10","","-5,80","","88,00","","5,00","","13,00","","3,20","","99,62","","","","-9,00","","Neige"
"1997-12-26 08:00","1997","12","26","08:00"," ","-3,90","","-5,80","","87,00","","5,00","","15,00","","2,40","","99,62","","","","-9,00","","Bruine verglaçante,Neige en grains,Brouillard"
"1997-12-26 09:00","1997","12","26","09:00"," ","-3,60","","-5,40","","87,00","","5,00","","13,00","","2,40","","99,55","","","","-8,00","","Bruine verglaçante,Neige en grains,Brouillard"
"1997-12-26 10:00","1997","12","26","10:00"," ","-3,40","","-5,10","","88,00","","5,00","","9,00","","1,60","","99,52","","","","-7,00","","Neige,Neige en grains"
"1997-12-26 11:00","1997","12","26","11:00"," ","-3,00","","-4,70","","88,00","","5,00","","13,00","","3,20","","99,42","","","","-8,00","","Neige,Neige en grains,Brouillard"
"1997-12-26 12:00","1997","12","26","12:00"," ","-2,30","","-3,90","","89,00","","6,00","","7,00","","1,60","","99,35","","","","-5,00","","Neige,Neige en grains,Brouillard"
"1997-12-26 13:00","1997","12","26","13:00"," ","-1,50","","-3,00","","89,00","","8,00","","9,00","","1,20","","99,28","","","","-5,00","","Neige"
"1997-12-26 14:00","1997","12","26","14:00"," ","-1,30","","-2,90","","89,00","","9,00","","15,00","","1,20","","99,25","","","","-6,00","","Neige"
"1997-12-26 15:00","1997","12","26","15:00"," ","-1,40","","-3,00","","89,00","","10,00","","17,00","","1,20","","99,25","","","","-7,00","","Neige"
"1997-12-26 16:00","1997","12","26","16:00"," ","-1,70","","-3,30","","89,00","","10,00","","19,00","","2,00","","99,25","","","","-7,00","","Neige"
"1997-12-26 17:00","1997","12","26","17:00"," ","-1,60","","-3,20","","89,00","","9,00","","13,00","","3,20","","99,21","","","","-6,00","","Neige"
"1997-12-26 18:00","1997","12","26","18:00"," ","-1,70","","-3,20","","89,00","","9,00","","7,00","","1,20","","99,18","","","","-4,00","","Neige"
"1997-12-26 19:00","1997","12","26","19:00"," ","-1,80","","-3,20","","90,00","","9,00","","6,00","","1,20","","99,18","","","","-4,00","","Neige"
"1997-12-26 20:00","1997","12","26","20:00"," ","-2,90","","-4,70","","87,00","","5,00","","6,00","","1,60","","99,18","","","","-5,00","","Neige"
"1997-12-26 21:00","1997","12","26","21:00"," ","-3,20","","-4,90","","88,00","","4,00","","4,00","","16,10","","99,15","","","","-5,00","","Neige"
"1997-12-26 22:00","1997","12","26","22:00"," ","-3,10","","-4,90","","87,00","","3,00","","6,00","","16,10","","99,15","","","","-6,00","","Neige"
"1997-12-26 23:00","1997","12","26","23:00"," ","-3,30","","-5,20","","87,00","","4,00","","6,00","","16,10","","99,08","","","","-6,00","","Neige"
"1997-12-27 00:00","1997","12","27","00:00"," ","-3,80","","-5,60","","87,00","","33,00","","2,00","","19,30","","99,08","","","","-5,00","","Neige"
"1997-12-27 01:00","1997","12","27","01:00"," ","-2,90","","-4,60","","88,00","","27,00","","6,00","","19,30","","99,11","","","","-5,00","","Neige"
"1997-12-27 02:00","1997","12","27","02:00"," ","-3,60","","-6,70","","79,00","","28,00","","17,00","","24,10","","99,15","","","","-9,00","","Neige"
"1997-12-27 03:00","1997","12","27","03:00"," ","-3,90","","-7,00","","79,00","","28,00","","13,00","","24,10","","99,21","","","","-9,00","","Nuageux"
"1997-12-27 04:00","1997","12","27","04:00"," ","-4,70","","-7,50","","81,00","","27,00","","13,00","","32,20","","99,25","","","","-10,00","","Généralement nuageux"
"1997-12-27 05:00","1997","12","27","05:00"," ","-6,40","","-9,60","","78,00","","28,00","","11,00","","32,20","","99,25","","","","-11,00","","Généralement dégagé"
"1997-12-27 06:00","1997","12","27","06:00"," ","-7,60","","-10,90","","77,00","","28,00","","15,00","","32,20","","99,32","","","","-14,00","","Généralement dégagé"
"1997-12-27 07:00","1997","12","27","07:00"," ","-8,40","","-11,80","","76,00","","28,00","","6,00","","48,30","","99,38","","","","-12,00","","Généralement dégagé"
"1997-12-27 08:00","1997","12","27","08:00"," ","-10,70","","-13,50","","80,00","","29,00","","6,00","","48,30","","99,48","","","","-14,00","","Généralement dégagé"
"1997-12-27 09:00","1997","12","27","09:00"," ","-9,30","","-11,70","","83,00","","30,00","","6,00","","48,30","","99,45","","","","-13,00","","Généralement nuageux"
"1997-12-27 10:00","1997","12","27","10:00"," ","-7,10","","-10,10","","79,00","","0,00","","0,00","","48,30","","99,48","","","","","","Généralement nuageux"
"1997-12-27 11:00","1997","12","27","11:00"," ","-6,00","","-9,90","","74,00","","25,00","","9,00","","48,30","","99,52","","","","-10,00","","Généralement nuageux"
"1997-12-27 12:00","1997","12","27","12:00"," ","-5,40","","-8,50","","79,00","","27,00","","9,00","","16,10","","99,52","","","","-9,00","","Averses de neige"
"1997-12-27 13:00","1997","12","27","13:00"," ","-5,10","","-8,90","","75,00","","27,00","","15,00","","32,20","","99,52","","","","-11,00","","Averses de neige"
"1997-12-27 14:00","1997","12","27","14:00"," ","-5,00","","-8,60","","76,00","","25,00","","7,00","","32,20","","99,52","","","","-8,00","","Généralement nuageux"
"1997-12-27 15:00","1997","12","27","15:00"," ","-5,60","","-8,80","","78,00","","0,00","","0,00","","32,20","","99,55","","","","","","Généralement nuageux"
"1997-12-27 16:00","1997","12","27","16:00"," ","-7,20","","-9,60","","83,00","","0,00","","0,00","","32,20","","99,55","","","","","","Généralement nuageux"
"1997-12-27 17:00","1997","12","27","17:00"," ","-10,00","","-10,90","","93,00","","31,00","","6,00","","32,20","","99,55","","","","-14,00","","Généralement dégagé"
"1997-12-27 18:00","1997","12","27","18:00"," ","-6,30","","-10,30","","73,00","","28,00","","19,00","","32,20","","99,62","","","","-13,00","","Généralement dégagé"
"1997-12-27 19:00","1997","12","27","19:00"," ","-7,80","","-12,80","","67,00","","30,00","","22,00","","32,20","","99,79","","","","-15,00","","Généralement dégagé"
"1997-12-27 20:00","1997","12","27","20:00"," ","-11,00","","-16,30","","65,00","","31,00","","20,00","","32,20","","99,85","","","","-19,00","","Généralement dégagé"
"1997-12-27 21:00","1997","12","27","21:00"," ","-11,90","","-17,30","","64,00","","32,00","","22,00","","32,20","","99,96","","","","-21,00","","Généralement dégagé"
"1997-12-27 22:00","1997","12","27","22:00"," ","-13,70","","-18,90","","65,00","","32,00","","22,00","","32,20","","100,02","","","","-23,00","","Dégagé"
"1997-12-27 23:00","1997","12","27","23:00"," ","-16,20","","-20,30","","71,00","","30,00","","15,00","","32,20","","100,09","","","","-24,00","","Dégagé"
"1997-12-28 00:00","1997","12","28","00:00"," ","-15,80","","-21,10","","64,00","","33,00","","17,00","","32,20","","100,16","","","","-24,00","","Dégagé"
"1997-12-28 01:00","1997","12","28","01:00"," ","-18,50","","-22,60","","70,00","","32,00","","17,00","","32,20","","100,26","","","","-28,00","","Dégagé"
"1997-12-28 02:00","1997","12","28","02:00"," ","-20,10","","-24,10","","70,00","","32,00","","22,00","","32,20","","100,33","","","","-31,00","","Dégagé"
"1997-12-28 03:00","1997","12","28","03:00"," ","-21,00","","-25,20","","69,00","","31,00","","9,00","","32,20","","100,33","","","","-28,00","","Dégagé"
"1997-12-28 04:00","1997","12","28","04:00"," ","-21,50","","-28,40","","54,00","","34,00","","15,00","","32,20","","100,29","","","","-31,00","","Dégagé"
"1997-12-28 05:00","1997","12","28","05:00"," ","-22,30","","-27,90","","60,00","","35,00","","13,00","","32,20","","100,33","","","","-31,00","","Dégagé"
"1997-12-28 06:00","1997","12","28","06:00"," ","-23,30","","-29,50","","57,00","","33,00","","19,00","","32,20","","100,26","","","","-34,00","","Dégagé"
"1997-12-28 07:00","1997","12","28","07:00"," ","-21,40","","-28,90","","51,00","","31,00","","13,00","","32,20","","100,33","","","","-30,00","","Généralement dégagé"
"1997-12-28 08:00","1997","12","28","08:00"," ","-21,40","","-29,10","","50,00","","34,00","","17,00","","48,30","","100,36","","","","-31,00","","Généralement dégagé"
"1997-12-28 09:00","1997","12","28","09:00"," ","-20,60","","-27,90","","52,00","","0,00","","0,00","","48,30","","100,39","","","","","","Dégagé"
"1997-12-28 10:00","1997","12","28","10:00"," ","-18,50","","-26,20","","51,00","","0,00","","0,00","","48,30","","100,43","","","","","","Dégagé"
"1997-12-28 11:00","1997","12","28","11:00"," ","-18,20","","-26,90","","46,00","","2,00","","20,00","","48,30","","100,36","","","","-28,00","","Dégagé"
"1997-12-28 12:00","1997","12","28","12:00"," ","-17,10","","-26,70","","43,00","","36,00","","17,00","","48,30","","100,23","","","","-26,00","","Dégagé"
"1997-12-28 13:00","1997","12","28","13:00"," ","-16,10","","-24,30","","49,00","","31,00","","4,00","","48,30","","100,19","","","","-19,00","","Dégagé"
"1997-12-28 14:00","1997","12","28","14:00"," ","-16,30","","-24,10","","51,00","","30,00","","6,00","","48,30","","100,23","","","","-21,00","","Dégagé"
"1997-12-28 15:00","1997","12","28","15:00"," ","-16,30","","-24,00","","51,00","","0,00","","0,00","","48,30","","100,26","","","","","","Dégagé"
"1997-12-28 16:00","1997","12","28","16:00"," ","-18,10","","-24,60","","57,00","","0,00","","0,00","","48,30","","100,26","","","","","","Généralement dégagé"
"1997-12-28 17:00","1997","12","28","17:00"," ","-21,80","","-26,20","","67,00","","31,00","","9,00","","32,20","","100,33","","","","-29,00","","Dégagé"
"1997-12-28 18:00","1997","12","28","18:00"," ","-19,50","","-25,60","","58,00","","33,00","","13,00","","32,20","","100,36","","","","-28,00","","Dégagé"
"1997-12-28 19:00","1997","12","28","19:00"," ","-21,20","","-29,00","","49,00","","34,00","","11,00","","32,20","","100,33","","","","-29,00","","Généralement dégagé"
"1997-12-28 20:00","1997","12","28","20:00"," ","-20,30","","-26,70","","57,00","","0,00","","0,00","","32,20","","100,33","","","","","","Généralement dégagé"
"1997-12-28 21:00","1997","12","28","21:00"," ","-21,90","","-28,00","","58,00","","0,00","","0,00","","32,20","","100,33","","","","","","Généralement dégagé"
"1997-12-28 22:00","1997","12","28","22:00"," ","-20,70","","-26,00","","62,00","","33,00","","7,00","","32,20","","100,33","","","","-26,00","","Généralement dégagé"
"1997-12-28 23:00","1997","12","28","23:00"," ","-20,80","","-25,80","","64,00","","0,00","","0,00","","32,20","","100,33","","","","","","Généralement dégagé"
"1997-12-29 00:00","1997","12","29","00:00"," ","-21,70","","-26,40","","66,00","","33,00","","9,00","","32,20","","100,36","","","","-29,00","","Généralement nuageux"
"1997-12-29 01:00","1997","12","29","01:00"," ","-18,90","","-25,50","","56,00","","33,00","","11,00","","32,20","","100,39","","","","-26,00","","Généralement dégagé"
"1997-12-29 02:00","1997","12","29","02:00"," ","-19,20","","-25,20","","59,00","","34,00","","7,00","","32,20","","100,46","","","","-25,00","","Généralement dégagé"
"1997-12-29 03:00","1997","12","29","03:00"," ","-19,90","","-25,60","","60,00","","33,00","","13,00","","32,20","","100,46","","","","-28,00","","Généralement dégagé"
"1997-12-29 04:00","1997","12","29","04:00"," ","-19,00","","-25,40","","57,00","","33,00","","11,00","","32,20","","100,49","","","","-26,00","","Généralement dégagé"
"1997-12-29 05:00","1997","12","29","05:00"," ","-18,20","","-24,90","","56,00","","35,00","","7,00","","32,20","","100,49","","","","-24,00","","Averses de neige"
"1997-12-29 06:00","1997","12","29","06:00"," ","-19,20","","-24,50","","63,00","","3,00","","7,00","","32,20","","100,53","","","","-25,00","","Averses de neige"
"1997-12-29 07:00","1997","12","29","07:00"," ","-18,50","","-23,30","","66,00","","2,00","","11,00","","8,00","","100,56","","","","-26,00","","Averses de neige"
"1997-12-29 08:00","1997","12","29","08:00"," ","-18,20","","-22,70","","68,00","","5,00","","9,00","","4,80","","100,60","","","","-25,00","","Neige"
"1997-12-29 09:00","1997","12","29","09:00"," ","-17,10","","-21,40","","69,00","","2,00","","4,00","","4,00","","100,60","","","","-20,00","","Neige"
"1997-12-29 10:00","1997","12","29","10:00"," ","-16,20","","-20,10","","72,00","","7,00","","9,00","","3,20","","100,60","","","","-22,00","","Neige"
"1997-12-29 11:00","1997","12","29","11:00"," ","-15,40","","-19,00","","74,00","","6,00","","7,00","","1,20","","100,56","","","","-20,00","","Neige"
"1997-12-29 12:00","1997","12","29","12:00"," ","-14,50","","-18,00","","75,00","","4,00","","4,00","","1,20","","100,53","","","","-17,00","","Neige"
"1997-12-29 13:00","1997","12","29","13:00"," ","-13,90","","-17,30","","75,00","","4,00","","9,00","","2,00","","100,49","","","","-20,00","","Neige"
"1997-12-29 14:00","1997","12","29","14:00"," ","-13,00","","-16,20","","77,00","","3,00","","9,00","","2,00","","100,53","","","","-18,00","","Neige"
"1997-12-29 15:00","1997","12","29","15:00"," ","-12,40","","-15,30","","79,00","","5,00","","11,00","","2,00","","100,53","","","","-18,00","","Neige"
"1997-12-29 16:00","1997","12","29","16:00"," ","-11,80","","-14,50","","80,00","","5,00","","15,00","","2,40","","100,53","","","","-19,00","","Neige"
"1997-12-29 17:00","1997","12","29","17:00"," ","-11,20","","-13,40","","84,00","","4,00","","11,00","","2,40","","100,53","","","","-17,00","","Neige"
"1997-12-29 18:00","1997","12","29","18:00"," ","-10,90","","-13,10","","84,00","","5,00","","15,00","","2,40","","100,53","","","","-18,00","","Neige"
"1997-12-29 19:00","1997","12","29","19:00"," ","-11,10","","-13,40","","83,00","","4,00","","11,00","","9,70","","100,56","","","","-17,00","","Neige"
"1997-12-29 20:00","1997","12","29","20:00"," ","-10,80","","-13,20","","82,00","","2,00","","6,00","","12,90","","100,70","","","","-14,00","","Neige"
"1997-12-29 21:00","1997","12","29","21:00"," ","-10,80","","-13,10","","83,00","","4,00","","9,00","","16,10","","100,56","","","","-16,00","","Généralement nuageux"
"1997-12-29 22:00","1997","12","29","22:00"," ","-11,30","","-13,70","","82,00","","4,00","","13,00","","16,10","","100,53","","","","-18,00","","Généralement nuageux"
"1997-12-29 23:00","1997","12","29","23:00"," ","-12,80","","-14,90","","84,00","","0,00","","0,00","","32,20","","100,49","","","","","","Généralement dégagé"
"1997-12-30 00:00","1997","12","30","00:00"," ","-12,80","","-14,80","","85,00","","6,00","","4,00","","32,20","","100,46","","","","-15,00","","Généralement dégagé"
"1997-12-30 01:00","1997","12","30","01:00"," ","-12,70","","-15,20","","82,00","","5,00","","13,00","","32,20","","100,46","","","","-20,00","","Généralement dégagé"
"1997-12-30 02:00","1997","12","30","02:00"," ","-13,00","","-15,10","","84,00","","4,00","","15,00","","32,20","","100,29","","","","-20,00","","Généralement dégagé"
"1997-12-30 03:00","1997","12","30","03:00"," ","-12,30","","-14,90","","81,00","","5,00","","19,00","","32,20","","100,26","","","","-21,00","","Généralement dégagé"
"1997-12-30 04:00","1997","12","30","04:00"," ","-11,00","","-13,50","","82,00","","5,00","","19,00","","32,20","","100,12","","","","-19,00","","Généralement nuageux"
"1997-12-30 05:00","1997","12","30","05:00"," ","-9,80","","-12,40","","81,00","","5,00","","22,00","","32,20","","99,96","","","","-18,00","","Nuageux"
"1997-12-30 06:00","1997","12","30","06:00"," ","-8,30","","-10,90","","81,00","","5,00","","22,00","","24,10","","99,75","","","","-16,00","","Nuageux"
"1997-12-30 07:00","1997","12","30","07:00"," ","-7,20","","-9,70","","82,00","","5,00","","19,00","","24,10","","99,52","","","","-14,00","","Neige"
"1997-12-30 08:00","1997","12","30","08:00"," ","-5,90","","-8,40","","82,00","","5,00","","24,00","","24,10","","99,32","","","","-13,00","","Neige"
"1997-12-30 09:00","1997","12","30","09:00"," ","-5,40","","-7,80","","83,00","","6,00","","24,00","","24,10","","98,95","","","","-13,00","","Neige"
"1997-12-30 10:00","1997","12","30","10:00"," ","-4,70","","-6,70","","86,00","","4,00","","15,00","","2,40","","98,61","","","","-10,00","","Neige"
"1997-12-30 11:00","1997","12","30","11:00"," ","-4,50","","-6,30","","87,00","","6,00","","22,00","","0,80","","98,27","","","","-11,00","","Neige modérée"
"1997-12-30 12:00","1997","12","30","12:00"," ","-5,00","","-6,90","","86,00","","4,00","","24,00","","0,60","","97,73","","","","-12,00","","Neige modérée"
"1997-12-30 13:00","1997","12","30","13:00"," ","-5,10","","-7,20","","85,00","","4,00","","26,00","","1,00","","97,33","","","","-13,00","","Neige"
"1997-12-30 14:00","1997","12","30","14:00"," ","-3,40","","-6,30","","80,00","","4,00","","28,00","","2,00","","97,09","","","","-11,00","","Neige"
"1997-12-30 15:00","1997","12","30","15:00"," ","-3,50","","-5,40","","87,00","","3,00","","15,00","","0,80","","96,92","","","","-9,00","","Neige modérée"
"1997-12-30 16:00","1997","12","30","16:00"," ","-3,90","","-6,00","","85,00","","3,00","","28,00","","0,60","","96,76","","","","-11,00","","Neige modérée"
"1997-12-30 17:00","1997","12","30","17:00"," ","-4,00","","-6,40","","83,00","","3,00","","28,00","","1,20","","96,55","","","","-11,00","","Neige"
"1997-12-30 18:00","1997","12","30","18:00"," ","-4,40","","-7,00","","82,00","","1,00","","28,00","","2,00","","96,45","","","","-12,00","","Neige"
"1997-12-30 19:00","1997","12","30","19:00"," ","-4,70","","-8,00","","78,00","","36,00","","28,00","","8,00","","96,42","","","","-12,00","","Neige"
"1997-12-30 20:00","1997","12","30","20:00"," ","-5,00","","-8,40","","77,00","","1,00","","28,00","","8,00","","96,42","","","","-13,00","","Neige,Poudrerie élevée"
"1997-12-30 21:00","1997","12","30","21:00"," ","-5,00","","-9,20","","72,00","","33,00","","19,00","","24,10","","96,42","","","","-11,00","","Nuageux"
"1997-12-30 22:00","1997","12","30","22:00"," ","-6,60","","-11,40","","69,00","","34,00","","28,00","","32,20","","96,45","","","","-15,00","","Généralement dégagé"
"1997-12-30 23:00","1997","12","30","23:00"," ","-7,70","","-13,10","","65,00","","35,00","","22,00","","32,20","","96,49","","","","-15,00","","Généralement dégagé"
"1997-12-31 00:00","1997","12","31","00:00"," ","-8,20","","-13,70","","65,00","","34,00","","28,00","","32,20","","96,52","","","","-17,00","","Généralement dégagé"
"1997-12-31 01:00","1997","12","31","01:00"," ","-9,10","","-14,20","","66,00","","32,00","","28,00","","32,20","","96,69","","","","-18,00","","Généralement dégagé"
"1997-12-31 02:00","1997","12","31","02:00"," ","-10,70","","-16,40","","63,00","","33,00","","28,00","","32,20","","96,89","","","","-20,00","","Généralement dégagé"
"1997-12-31 03:00","1997","12","31","03:00"," ","-11,90","","-17,60","","63,00","","33,00","","28,00","","32,20","","97,03","","","","-22,00","","Généralement dégagé"
"1997-12-31 04:00","1997","12","31","04:00"," ","-12,70","","-18,80","","60,00","","32,00","","28,00","","32,20","","97,23","","","","-23,00","","Généralement dégagé"
"1997-12-31 05:00","1997","12","31","05:00"," ","-13,20","","-19,30","","60,00","","32,00","","33,00","","32,20","","97,33","","","","-24,00","","Généralement dégagé"
"1997-12-31 06:00","1997","12","31","06:00"," ","-13,30","","-19,60","","59,00","","33,00","","28,00","","32,20","","97,50","","","","-24,00","","Généralement dégagé"
"1997-12-31 07:00","1997","12","31","07:00"," ","-13,60","","-20,00","","58,00","","34,00","","30,00","","32,20","","97,73","","","","-24,00","","Généralement dégagé"
"1997-12-31 08:00","1997","12","31","08:00"," ","-14,60","","-20,10","","63,00","","32,00","","22,00","","48,30","","97,93","","","","-24,00","","Généralement dégagé"
"1997-12-31 09:00","1997","12","31","09:00"," ","-13,80","","-20,30","","58,00","","33,00","","28,00","","48,30","","98,10","","","","-24,00","","Généralement nuageux"
"1997-12-31 10:00","1997","12","31","10:00"," ","-14,10","","-20,60","","58,00","","33,00","","28,00","","48,30","","98,27","","","","-25,00","","Généralement nuageux"
"1997-12-31 11:00","1997","12","31","11:00"," ","-14,60","","-20,70","","60,00","","33,00","","28,00","","48,30","","98,31","","","","-25,00","","Généralement nuageux"
"1997-12-31 12:00","1997","12","31","12:00"," ","-14,70","","-20,90","","59,00","","33,00","","28,00","","48,30","","98,47","","","","-25,00","","Généralement nuageux"
"1997-12-31 13:00","1997","12","31","13:00"," ","-15,00","","-21,10","","60,00","","32,00","","37,00","","48,30","","98,71","","","","-27,00","","Généralement dégagé"
"1997-12-31 14:00","1997","12","31","14:00"," ","-15,70","","-21,40","","62,00","","31,00","","19,00","","48,30","","98,88","","","","-25,00","","Généralement nuageux"
"1997-12-31 15:00","1997","12","31","15:00"," ","-16,60","","-22,50","","60,00","","31,00","","28,00","","48,30","","99,08","","","","-28,00","","Généralement nuageux"
"1997-12-31 16:00","1997","12","31","16:00"," ","-18,20","","-24,10","","60,00","","30,00","","22,00","","48,30","","99,35","","","","-29,00","","Généralement nuageux"
"1997-12-31 17:00","1997","12","31","17:00"," ","-20,30","","-27,70","","52,00","","32,00","","30,00","","32,20","","99,52","","","","-33,00","","Généralement dégagé"
"1997-12-31 18:00","1997","12","31","18:00"," ","-21,50","","-30,50","","44,00","","32,00","","24,00","","32,20","","99,65","","","","-33,00","","Généralement dégagé"
"1997-12-31 19:00","1997","12","31","19:00"," ","-22,20","","-30,70","","46,00","","31,00","","30,00","","32,20","","99,85","","","","-35,00","","Généralement dégagé"
"1997-12-31 20:00","1997","12","31","20:00"," ","-22,30","","-31,40","","43,00","","31,00","","22,00","","32,20","","100,02","","","","-34,00","","Généralement dégagé"
"1997-12-31 21:00","1997","12","31","21:00"," ","-23,10","","-31,90","","44,00","","33,00","","28,00","","32,20","","100,09","","","","-36,00","","Dégagé"
"1997-12-31 22:00","1997","12","31","22:00"," ","-23,30","","-32,60","","42,00","","32,00","","37,00","","32,20","","100,16","","","","-38,00","","Dégagé"
"1997-12-31 23:00","1997","12","31","23:00"," ","-24,20","","-32,90","","44,00","","31,00","","19,00","","32,20","","100,26","","","","-36,00","","Dégagé"
