"Nom de la Station","SYDNEY A"
"Province","NOVA SCOTIA"
"Latitude","46,17"
"Longitude","-60,05"
"Altitude","61,90"
"Identification Climat","8205700"
"Identification OMM","71707"
"Identification TC","YQY"
"Toutes les heures sont exprimées en heure normale locale (HNL). Pour convertir l'heure locale en heure avancée de l'Est (HAE), ajoutez 1 heure s'il y a lieu."

"Légende"
"M","Données Manquantes"
"E","Valeur Estimée"
"ND","Non Disponible"
"**","Données fournies par un partenaire, non assujetties à un révision par les Archives climatiques nationales du Canada"

"Date/Heure","Année","Mois","Jour","Heure","Qualité des Données","Temp (°C)","Temp Indicateur","Point de rosée (°C)","Point de rosée Indicateur","Hum. rel (%)","Hum. rel. Indicateur","Dir. du vent (10s deg)","Dir. du vent Indicateur","Vit. du vent (km/h)","Vit. du vent Indicateur","Visibilité (km)","Visibilité Indicateur","Pression à la station (kPa)","Pression à la station Indicateur","Hmdx","Hmdx Indicateur","Refroid. éolien","Refroid. éolien Indicateur","Temps"
"2000-01-01 00:00","2000","01","01","00:00"," ","-12,90","","-15,30","","82,00","","25,00","","6,00","","24,10","","101,08","","","","-17,00","","Généralement dégagé"
"2000-01-01 01:00","2000","01","01","01:00"," ","-13,60","","-15,70","","84,00","","20,00","","6,00","","24,10","","101,08","","","","-18,00","","Généralement dégagé"
"2000-01-01 02:00","2000","01","01","02:00"," ","-14,80","","-16,30","","88,00","","19,00","","6,00","","24,10","","101,12","","","","-19,00","","Dégagé"
"2000-01-01 03:00","2000","01","01","03:00"," ","-14,10","","-15,80","","87,00","","23,00","","11,00","","24,10","","101,19","","","","-21,00","","Dégagé"
"2000-01-01 04:00","2000","01","01","04:00"," ","-14,10","","-15,70","","88,00","","22,00","","9,00","","24,10","","101,19","","","","-20,00","","Dégagé"
"2000-01-01 05:00","2000","01","01","05:00"," ","-16,80","","-18,00","","90,00","","18,00","","6,00","","24,10","","101,25","","","","-21,00","","Généralement dégagé"
"2000-01-01 06:00","2000","01","01","06:00"," ","-13,50","","-15,00","","88,00","","26,00","","13,00","","24,10","","101,29","","","","-20,00","","Dégagé"
"2000-01-01 07:00","2000","01","01","07:00"," ","-13,00","","-15,00","","85,00","","24,00","","15,00","","24,10","","101,32","","","","-20,00","","Généralement dégagé"
"2000-01-01 08:00","2000","01","01","08:00"," ","-11,90","","-13,90","","85,00","","25,00","","13,00","","24,10","","101,45","","","","-19,00","","Généralement dégagé"
"2000-01-01 09:00","2000","01","01","09:00"," ","-11,60","","-13,70","","84,00","","23,00","","11,00","","24,10","","101,56","","","","-18,00","","Généralement dégagé"
"2000-01-01 10:00","2000","01","01","10:00"," ","-7,90","","-10,90","","79,00","","25,00","","7,00","","24,10","","101,62","","","","-12,00","","Généralement dégagé"
"2000-01-01 11:00","2000","01","01","11:00"," ","-6,80","","-10,90","","73,00","","29,00","","17,00","","24,10","","101,59","","","","-13,00","","Dégagé"
"2000-01-01 12:00","2000","01","01","12:00"," ","-5,60","","-10,90","","66,00","","27,00","","17,00","","24,10","","101,59","","","","-12,00","","Généralement dégagé"
"2000-01-01 13:00","2000","01","01","13:00"," ","-5,10","","-10,40","","66,00","","28,00","","17,00","","24,10","","101,52","","","","-11,00","","Généralement dégagé"
"2000-01-01 14:00","2000","01","01","14:00"," ","-4,60","","-10,20","","65,00","","26,00","","11,00","","24,10","","101,56","","","","-9,00","","Généralement dégagé"
"2000-01-01 15:00","2000","01","01","15:00"," ","-4,40","","-10,40","","63,00","","23,00","","6,00","","24,10","","101,56","","","","-7,00","","Généralement nuageux"
"2000-01-01 16:00","2000","01","01","16:00"," ","-6,00","","-10,60","","70,00","","22,00","","7,00","","24,10","","101,62","","","","-9,00","","Généralement nuageux"
"2000-01-01 17:00","2000","01","01","17:00"," ","-7,60","","-11,30","","75,00","","19,00","","9,00","","24,10","","101,62","","","","-12,00","","Nuageux"
"2000-01-01 18:00","2000","01","01","18:00"," ","-8,00","","-11,10","","78,00","","18,00","","9,00","","24,10","","101,59","","","","-13,00","","Nuageux"
"2000-01-01 19:00","2000","01","01","19:00"," ","-6,60","","-10,10","","76,00","","20,00","","13,00","","24,10","","101,56","","","","-12,00","","Nuageux"
"2000-01-01 20:00","2000","01","01","20:00"," ","-5,80","","-10,20","","71,00","","22,00","","17,00","","24,10","","101,59","","","","-12,00","","Nuageux"
"2000-01-01 21:00","2000","01","01","21:00"," ","-5,10","","-9,80","","70,00","","22,00","","19,00","","12,90","","101,56","","","","-12,00","","Averses de neige"
"2000-01-01 22:00","2000","01","01","22:00"," ","-5,40","","-7,00","","88,00","","21,00","","13,00","","4,80","","101,49","","","","-11,00","","Averses de neige"
"2000-01-01 23:00","2000","01","01","23:00"," ","-5,00","","-6,30","","91,00","","18,00","","11,00","","12,90","","101,39","","","","-10,00","","Averses de neige"
"2000-01-02 00:00","2000","01","02","00:00"," ","-4,10","","-5,20","","92,00","","20,00","","7,00","","19,30","","101,32","","","","-7,00","","Averses de neige"
"2000-01-02 01:00","2000","01","02","01:00"," ","-3,00","","-4,30","","91,00","","19,00","","11,00","","24,10","","101,22","","","","-7,00","","Généralement dégagé"
"2000-01-02 02:00","2000","01","02","02:00"," ","-1,80","","-3,10","","91,00","","21,00","","11,00","","24,10","","101,22","","","","-6,00","","Nuageux"
"2000-01-02 03:00","2000","01","02","03:00"," ","-0,80","","-2,40","","89,00","","22,00","","11,00","","24,10","","101,22","","","","-5,00","","Généralement nuageux"
"2000-01-02 04:00","2000","01","02","04:00"," ","-0,50","","-2,10","","89,00","","24,00","","15,00","","24,10","","101,25","","","","-5,00","","Généralement dégagé"
"2000-01-02 05:00","2000","01","02","05:00"," ","-0,20","","-2,30","","86,00","","25,00","","13,00","","24,10","","101,32","","","","-4,00","","Généralement nuageux"
"2000-01-02 06:00","2000","01","02","06:00"," ","0,20","","-2,40","","83,00","","23,00","","15,00","","24,10","","101,35","","","","","","Généralement dégagé"
"2000-01-02 07:00","2000","01","02","07:00"," ","-0,50","","-2,90","","84,00","","26,00","","15,00","","24,10","","101,45","","","","-5,00","","Généralement nuageux"
"2000-01-02 08:00","2000","01","02","08:00"," ","-0,90","","-3,90","","80,00","","30,00","","9,00","","24,10","","101,49","","","","-4,00","","Nuageux"
"2000-01-02 09:00","2000","01","02","09:00"," ","-1,40","","-3,70","","84,00","","22,00","","9,00","","24,10","","101,66","","","","-5,00","","Nuageux"
"2000-01-02 10:00","2000","01","02","10:00"," ","0,30","","-3,80","","74,00","","23,00","","9,00","","24,10","","101,72","","","","","","Nuageux"
"2000-01-02 11:00","2000","01","02","11:00"," ","0,80","","-5,60","","62,00","","30,00","","9,00","","24,10","","101,66","","","","","","Généralement nuageux"
"2000-01-02 12:00","2000","01","02","12:00"," ","1,20","","-5,40","","61,00","","25,00","","13,00","","24,10","","101,66","","","","","","Généralement nuageux"
"2000-01-02 13:00","2000","01","02","13:00"," ","1,20","","-5,50","","61,00","","26,00","","11,00","","24,10","","101,62","","","","","","Nuageux"
"2000-01-02 14:00","2000","01","02","14:00"," ","1,40","","-5,10","","62,00","","26,00","","30,00","","24,10","","101,56","","","","","","Nuageux"
"2000-01-02 15:00","2000","01","02","15:00"," ","1,10","","-4,20","","68,00","","29,00","","6,00","","24,10","","101,62","","","","","","Nuageux"
"2000-01-02 16:00","2000","01","02","16:00"," ","1,20","","-3,90","","69,00","","26,00","","9,00","","24,10","","101,66","","","","","","Nuageux"
"2000-01-02 17:00","2000","01","02","17:00"," ","0,10","","-4,10","","73,00","","0,00","","0,00","","24,10","","101,69","","","","","","Nuageux"
"2000-01-02 18:00","2000","01","02","18:00"," ","-1,30","","-3,80","","83,00","","21,00","","4,00","","24,10","","101,69","","","","-3,00","","Nuageux"
"2000-01-02 19:00","2000","01","02","19:00"," ","-2,60","","-4,40","","87,00","","0,00","","0,00","","24,10","","101,69","","","","","","Généralement nuageux"
"2000-01-02 20:00","2000","01","02","20:00"," ","-1,20","","-3,70","","83,00","","10,00","","4,00","","24,10","","101,66","","","","-3,00","","Nuageux"
"2000-01-02 21:00","2000","01","02","21:00"," ","-0,90","","-3,60","","82,00","","9,00","","7,00","","24,10","","101,62","","","","-3,00","","Nuageux"
"2000-01-02 22:00","2000","01","02","22:00"," ","-0,70","","-3,30","","83,00","","11,00","","7,00","","24,10","","101,59","","","","-3,00","","Nuageux"
"2000-01-02 23:00","2000","01","02","23:00"," ","-0,40","","-2,90","","83,00","","10,00","","11,00","","24,10","","101,49","","","","-4,00","","Nuageux"
"2000-01-03 00:00","2000","01","03","00:00"," ","-0,60","","-1,60","","93,00","","10,00","","9,00","","4,80","","101,42","","","","-4,00","","Averses de neige"
"2000-01-03 01:00","2000","01","03","01:00"," ","-0,40","","-1,00","","96,00","","10,00","","15,00","","1,20","","101,29","","","","-5,00","","Neige"
"2000-01-03 02:00","2000","01","03","02:00"," ","-0,20","","-0,80","","96,00","","11,00","","15,00","","6,40","","101,12","","","","-5,00","","Neige"
"2000-01-03 03:00","2000","01","03","03:00"," ","0,10","","-0,40","","96,00","","12,00","","17,00","","12,90","","100,95","","","","","","Pluie,Neige"
"2000-01-03 04:00","2000","01","03","04:00"," ","0,30","","-0,20","","96,00","","12,00","","20,00","","12,90","","100,68","","","","","","Pluie"
"2000-01-03 05:00","2000","01","03","05:00"," ","0,90","","0,10","","94,00","","13,00","","28,00","","6,40","","100,34","","","","","","Pluie,Brouillard"
"2000-01-03 06:00","2000","01","03","06:00"," ","1,50","","1,20","","98,00","","17,00","","17,00","","4,00","","100,14","","","","","","Pluie,Brouillard"
"2000-01-03 07:00","2000","01","03","07:00"," ","1,90","","1,60","","98,00","","23,00","","13,00","","4,80","","100,07","","","","","","Pluie,Brouillard"
"2000-01-03 08:00","2000","01","03","08:00"," ","3,90","","3,60","","98,00","","21,00","","20,00","","9,70","","99,84","","","","","","Pluie,Brouillard"
"2000-01-03 09:00","2000","01","03","09:00"," ","4,80","","4,40","","97,00","","22,00","","26,00","","12,90","","99,84","","","","","","Pluie"
"2000-01-03 10:00","2000","01","03","10:00"," ","6,90","","6,40","","97,00","","23,00","","22,00","","9,70","","99,91","","","","","","Averses de pluie,Brouillard"
"2000-01-03 11:00","2000","01","03","11:00"," ","7,00","","6,60","","97,00","","23,00","","28,00","","9,70","","99,87","","","","","","Brouillard"
"2000-01-03 12:00","2000","01","03","12:00"," ","7,80","","7,10","","95,00","","23,00","","26,00","","12,90","","99,77","","","","","","Généralement nuageux"
"2000-01-03 13:00","2000","01","03","13:00"," ","8,60","","7,80","","95,00","","23,00","","24,00","","12,90","","99,77","","","","","","Nuageux"
"2000-01-03 14:00","2000","01","03","14:00"," ","8,30","","7,50","","95,00","","23,00","","32,00","","9,70","","99,81","","","","","","Brouillard"
"2000-01-03 15:00","2000","01","03","15:00"," ","9,60","","7,30","","86,00","","26,00","","41,00","","12,90","","99,97","","","","","","Nuageux"
"2000-01-03 16:00","2000","01","03","16:00"," ","4,20","","0,70","","78,00","","28,00","","44,00","","24,10","","100,34","","","","","","Généralement nuageux"
"2000-01-03 17:00","2000","01","03","17:00"," ","1,40","","-2,90","","73,00","","28,00","","32,00","","24,10","","100,58","","","","","","Généralement dégagé"
"2000-01-03 18:00","2000","01","03","18:00"," ","0,40","","-4,00","","72,00","","30,00","","22,00","","24,10","","100,85","","","","","","Généralement nuageux"
"2000-01-03 19:00","2000","01","03","19:00"," ","-0,40","","-5,40","","69,00","","30,00","","15,00","","24,10","","101,19","","","","-5,00","","Généralement nuageux"
"2000-01-03 20:00","2000","01","03","20:00"," ","-2,00","","-7,20","","68,00","","31,00","","39,00","","24,10","","101,35","","","","-10,00","","Généralement dégagé"
"2000-01-03 21:00","2000","01","03","21:00"," ","-3,00","","-8,00","","68,00","","33,00","","24,00","","24,10","","101,69","","","","-10,00","","Généralement dégagé"
"2000-01-03 22:00","2000","01","03","22:00"," ","-3,20","","-8,50","","67,00","","33,00","","17,00","","24,10","","101,79","","","","-9,00","","Généralement dégagé"
"2000-01-03 23:00","2000","01","03","23:00"," ","-3,80","","-8,50","","70,00","","32,00","","19,00","","24,10","","101,93","","","","-10,00","","Généralement dégagé"
"2000-01-04 00:00","2000","01","04","00:00"," ","-4,50","","-8,50","","74,00","","28,00","","7,00","","24,10","","101,99","","","","-8,00","","Généralement dégagé"
"2000-01-04 01:00","2000","01","04","01:00"," ","-4,70","","-8,70","","74,00","","30,00","","11,00","","24,10","","102,03","","","","-9,00","","Généralement dégagé"
"2000-01-04 02:00","2000","01","04","02:00"," ","-5,00","","-8,80","","75,00","","30,00","","15,00","","24,10","","102,03","","","","-11,00","","Généralement dégagé"
"2000-01-04 03:00","2000","01","04","03:00"," ","-5,00","","-8,60","","76,00","","25,00","","7,00","","24,10","","102,20","","","","-8,00","","Généralement dégagé"
"2000-01-04 04:00","2000","01","04","04:00"," ","-5,60","","-8,30","","81,00","","20,00","","7,00","","24,10","","102,20","","","","-9,00","","Généralement dégagé"
"2000-01-04 05:00","2000","01","04","05:00"," ","-5,20","","-8,20","","79,00","","25,00","","6,00","","24,10","","102,26","","","","-8,00","","Généralement dégagé"
"2000-01-04 06:00","2000","01","04","06:00"," ","-5,30","","-7,60","","84,00","","26,00","","9,00","","24,10","","102,23","","","","-9,00","","Généralement dégagé"
"2000-01-04 07:00","2000","01","04","07:00"," ","-5,10","","-7,80","","81,00","","0,00","","0,00","","24,10","","102,20","","","","","","Généralement nuageux"
"2000-01-04 08:00","2000","01","04","08:00"," ","-4,80","","-7,20","","83,00","","22,00","","6,00","","24,10","","102,23","","","","-8,00","","Nuageux"
"2000-01-04 09:00","2000","01","04","09:00"," ","-4,00","","-7,50","","77,00","","25,00","","4,00","","24,10","","102,26","","","","-6,00","","Nuageux"
"2000-01-04 10:00","2000","01","04","10:00"," ","-3,30","","-7,10","","75,00","","0,00","","0,00","","24,10","","102,23","","","","","","Nuageux"
"2000-01-04 11:00","2000","01","04","11:00"," ","-2,60","","-7,10","","71,00","","12,00","","9,00","","24,10","","102,20","","","","-6,00","","Nuageux"
"2000-01-04 12:00","2000","01","04","12:00"," ","-2,00","","-6,40","","72,00","","13,00","","13,00","","24,10","","102,03","","","","-6,00","","Nuageux"
"2000-01-04 13:00","2000","01","04","13:00"," ","-1,40","","-5,90","","71,00","","13,00","","20,00","","24,10","","101,86","","","","-7,00","","Nuageux"
"2000-01-04 14:00","2000","01","04","14:00"," ","-2,20","","-3,50","","91,00","","12,00","","20,00","","3,20","","101,66","","","","-8,00","","Neige"
"2000-01-04 15:00","2000","01","04","15:00"," ","-0,90","","-2,50","","89,00","","13,00","","22,00","","6,40","","101,49","","","","-7,00","","Pluie verglaçante,Granules de glace ou grésil"
"2000-01-04 16:00","2000","01","04","16:00"," ","-0,30","","-1,40","","92,00","","13,00","","30,00","","4,00","","101,25","","","","-7,00","","Pluie verglaçante,Brouillard"
"2000-01-04 17:00","2000","01","04","17:00"," ","-0,10","","-1,20","","92,00","","14,00","","24,00","","6,40","","101,08","","","","-6,00","","Pluie verglaçante,Brouillard"
"2000-01-04 18:00","2000","01","04","18:00"," ","0,60","","-0,20","","94,00","","14,00","","30,00","","4,80","","100,78","","","","","","Bruine,Brouillard"
"2000-01-04 19:00","2000","01","04","19:00"," ","1,40","","0,70","","95,00","","15,00","","37,00","","6,40","","100,51","","","","","","Pluie,Brouillard"
"2000-01-04 20:00","2000","01","04","20:00"," ","3,40","","3,00","","97,00","","16,00","","26,00","","6,40","","100,31","","","","","","Pluie modérée,Brouillard"
"2000-01-04 21:00","2000","01","04","21:00"," ","4,00","","3,70","","98,00","","20,00","","11,00","","12,90","","100,07","","","","","","Averses de pluie"
"2000-01-04 22:00","2000","01","04","22:00"," ","7,50","","7,40","","99,00","","20,00","","32,00","","3,20","","99,84","","","","","","Bruine,Brouillard"
"2000-01-04 23:00","2000","01","04","23:00"," ","9,70","","9,40","","98,00","","21,00","","32,00","","3,20","","99,70","","","","","","Bruine,Brouillard"
"2000-01-05 00:00","2000","01","05","00:00"," ","10,20","","9,90","","98,00","","21,00","","32,00","","3,20","","99,64","","","","","","Pluie,Brouillard"
"2000-01-05 01:00","2000","01","05","01:00"," ","10,80","","10,40","","97,00","","21,00","","39,00","","4,80","","99,47","","","","","","Bruine,Brouillard"
"2000-01-05 02:00","2000","01","05","02:00"," ","11,20","","10,80","","97,00","","21,00","","41,00","","6,40","","99,37","","","","","","Bruine,Brouillard"
"2000-01-05 03:00","2000","01","05","03:00"," ","11,20","","10,80","","97,00","","21,00","","46,00","","4,80","","99,30","","","","","","Bruine,Brouillard"
"2000-01-05 04:00","2000","01","05","04:00"," ","10,90","","10,20","","95,00","","21,00","","46,00","","4,80","","99,13","","","","","","Bruine,Brouillard"
"2000-01-05 05:00","2000","01","05","05:00"," ","11,30","","10,60","","95,00","","21,00","","44,00","","6,40","","99,06","","","","","","Pluie,Brouillard"
"2000-01-05 06:00","2000","01","05","06:00"," ","11,30","","10,60","","95,00","","20,00","","48,00","","4,80","","98,86","","","","","","Bruine,Brouillard"
"2000-01-05 07:00","2000","01","05","07:00"," ","11,40","","10,70","","95,00","","20,00","","43,00","","4,80","","98,73","","","","","","Pluie modérée,Brouillard"
"2000-01-05 08:00","2000","01","05","08:00"," ","12,30","","11,60","","95,00","","22,00","","48,00","","4,80","","98,66","","","","","","Pluie modérée,Brouillard"
"2000-01-05 09:00","2000","01","05","09:00"," ","10,80","","9,50","","92,00","","28,00","","33,00","","12,90","","98,80","","","","","","Pluie"
"2000-01-05 10:00","2000","01","05","10:00"," ","9,30","","8,40","","94,00","","28,00","","11,00","","9,70","","98,76","","","","","","Bruine,Brouillard"
"2000-01-05 11:00","2000","01","05","11:00"," ","8,80","","8,30","","97,00","","19,00","","13,00","","9,70","","98,69","","","","","","Pluie,Brouillard"
"2000-01-05 12:00","2000","01","05","12:00"," ","8,60","","7,80","","95,00","","24,00","","20,00","","9,70","","98,69","","","","","","Pluie,Brouillard"
"2000-01-05 13:00","2000","01","05","13:00"," ","8,10","","7,60","","97,00","","24,00","","11,00","","9,70","","98,66","","","","","","Pluie,Brouillard"
"2000-01-05 14:00","2000","01","05","14:00"," ","2,00","","0,80","","92,00","","32,00","","26,00","","9,70","","98,80","","","","","","Pluie,Neige"
"2000-01-05 15:00","2000","01","05","15:00"," ","0,00","","-0,60","","96,00","","31,00","","20,00","","1,60","","98,96","","","","-5,00","","Neige"
"2000-01-05 16:00","2000","01","05","16:00"," ","-1,00","","-2,00","","93,00","","31,00","","26,00","","1,20","","99,10","","","","-7,00","","Neige"
"2000-01-05 17:00","2000","01","05","17:00"," ","-1,90","","-3,60","","88,00","","31,00","","20,00","","19,30","","99,40","","","","-8,00","","Neige"
"2000-01-05 18:00","2000","01","05","18:00"," ","-3,00","","-5,00","","86,00","","31,00","","17,00","","24,10","","99,47","","","","-9,00","","Neige"
"2000-01-05 19:00","2000","01","05","19:00"," ","-3,80","","-6,20","","83,00","","31,00","","39,00","","24,10","","99,70","","","","-12,00","","Averses de neige"
"2000-01-05 20:00","2000","01","05","20:00"," ","-4,20","","-6,20","","86,00","","31,00","","24,00","","16,10","","99,94","","","","-11,00","","Averses de neige"
"2000-01-05 21:00","2000","01","05","21:00"," ","-4,60","","-8,10","","76,00","","31,00","","32,00","","24,10","","100,11","","","","-13,00","","Averses de neige"
"2000-01-05 22:00","2000","01","05","22:00"," ","-5,20","","-8,90","","75,00","","32,00","","32,00","","24,10","","100,38","","","","-13,00","","Averses de neige"
"2000-01-05 23:00","2000","01","05","23:00"," ","-5,70","","-9,50","","75,00","","32,00","","24,00","","24,10","","100,55","","","","-13,00","","Averses de neige"
"2000-01-06 00:00","2000","01","06","00:00"," ","-6,50","","-10,80","","71,00","","30,00","","30,00","","24,10","","100,71","","","","-15,00","","Averses de neige"
"2000-01-06 01:00","2000","01","06","01:00"," ","-7,10","","-11,40","","71,00","","30,00","","35,00","","24,10","","100,92","","","","-16,00","","Généralement nuageux"
"2000-01-06 02:00","2000","01","06","02:00"," ","-7,60","","-12,20","","70,00","","30,00","","33,00","","24,10","","101,15","","","","-17,00","","Généralement nuageux"
"2000-01-06 03:00","2000","01","06","03:00"," ","-8,00","","-12,50","","70,00","","29,00","","28,00","","24,10","","101,35","","","","-17,00","","Averses de neige"
"2000-01-06 04:00","2000","01","06","04:00"," ","-8,20","","-12,70","","70,00","","29,00","","24,00","","24,10","","101,59","","","","-16,00","","Averses de neige"
"2000-01-06 05:00","2000","01","06","05:00"," ","-8,40","","-12,80","","71,00","","29,00","","24,00","","24,10","","101,69","","","","-17,00","","Averses de neige"
"2000-01-06 06:00","2000","01","06","06:00"," ","-8,60","","-12,40","","74,00","","29,00","","20,00","","24,10","","101,86","","","","-16,00","","Averses de neige"
"2000-01-06 07:00","2000","01","06","07:00"," ","-8,90","","-13,30","","70,00","","29,00","","28,00","","24,10","","102,03","","","","-18,00","","Averses de neige"
"2000-01-06 08:00","2000","01","06","08:00"," ","-9,20","","-13,30","","72,00","","29,00","","22,00","","24,10","","102,20","","","","-17,00","","Averses de neige"
"2000-01-06 09:00","2000","01","06","09:00"," ","-8,80","","-14,30","","64,00","","30,00","","28,00","","24,10","","102,30","","","","-18,00","","Généralement dégagé"
"2000-01-06 10:00","2000","01","06","10:00"," ","-8,30","","-14,40","","61,00","","29,00","","20,00","","24,10","","102,50","","","","-16,00","","Généralement dégagé"
"2000-01-06 11:00","2000","01","06","11:00"," ","-7,70","","-14,00","","61,00","","28,00","","24,00","","24,10","","102,60","","","","-16,00","","Généralement dégagé"
"2000-01-06 12:00","2000","01","06","12:00"," ","-7,70","","-13,90","","61,00","","29,00","","24,00","","24,10","","102,60","","","","-16,00","","Généralement dégagé"
"2000-01-06 13:00","2000","01","06","13:00"," ","-7,50","","-14,20","","59,00","","30,00","","19,00","","24,10","","102,60","","","","-15,00","","Généralement nuageux"
"2000-01-06 14:00","2000","01","06","14:00"," ","-7,50","","-14,60","","57,00","","29,00","","24,00","","24,10","","102,67","","","","-15,00","","Généralement nuageux"
"2000-01-06 15:00","2000","01","06","15:00"," ","-7,50","","-15,00","","55,00","","30,00","","22,00","","24,10","","102,73","","","","-15,00","","Généralement dégagé"
"2000-01-06 16:00","2000","01","06","16:00"," ","-8,00","","-14,80","","58,00","","31,00","","11,00","","24,10","","102,80","","","","-13,00","","Généralement dégagé"
"2000-01-06 17:00","2000","01","06","17:00"," ","-9,00","","-14,70","","63,00","","29,00","","13,00","","24,10","","102,83","","","","-15,00","","Généralement dégagé"
"2000-01-06 18:00","2000","01","06","18:00"," ","-10,40","","-13,80","","76,00","","19,00","","7,00","","24,10","","102,94","","","","-14,00","","Généralement dégagé"
"2000-01-06 19:00","2000","01","06","19:00"," ","-10,00","","-12,00","","85,00","","23,00","","7,00","","24,10","","102,97","","","","-14,00","","Généralement dégagé"
"2000-01-06 20:00","2000","01","06","20:00"," ","-9,10","","-11,30","","84,00","","21,00","","6,00","","24,10","","102,97","","","","-12,00","","Généralement nuageux"
"2000-01-06 21:00","2000","01","06","21:00"," ","-8,40","","-10,70","","83,00","","21,00","","7,00","","24,10","","102,97","","","","-12,00","","Averses de neige"
"2000-01-06 22:00","2000","01","06","22:00"," ","-8,60","","-11,00","","83,00","","21,00","","9,00","","24,10","","102,97","","","","-13,00","","Averses de neige"
"2000-01-06 23:00","2000","01","06","23:00"," ","-8,00","","-10,60","","82,00","","21,00","","6,00","","24,10","","102,94","","","","-11,00","","Neige"
"2000-01-07 00:00","2000","01","07","00:00"," ","-8,70","","-10,90","","84,00","","20,00","","9,00","","24,10","","102,87","","","","-13,00","","Généralement nuageux"
"2000-01-07 01:00","2000","01","07","01:00"," ","-8,60","","-10,40","","87,00","","19,00","","11,00","","24,10","","102,80","","","","-14,00","","Averses de neige"
"2000-01-07 02:00","2000","01","07","02:00"," ","-9,50","","-11,60","","85,00","","19,00","","11,00","","24,10","","102,77","","","","-15,00","","Généralement nuageux"
"2000-01-07 03:00","2000","01","07","03:00"," ","-9,90","","-12,50","","81,00","","18,00","","9,00","","24,10","","102,73","","","","-15,00","","Généralement nuageux"
"2000-01-07 04:00","2000","01","07","04:00"," ","-9,70","","-13,00","","77,00","","21,00","","6,00","","24,10","","102,67","","","","-13,00","","Généralement nuageux"
"2000-01-07 05:00","2000","01","07","05:00"," ","-8,90","","-12,10","","78,00","","19,00","","11,00","","24,10","","102,60","","","","-14,00","","Généralement nuageux"
"2000-01-07 06:00","2000","01","07","06:00"," ","-8,40","","-11,20","","80,00","","19,00","","9,00","","24,10","","102,53","","","","-13,00","","Nuageux"
"2000-01-07 07:00","2000","01","07","07:00"," ","-8,30","","-10,70","","83,00","","17,00","","11,00","","24,10","","102,46","","","","-14,00","","Généralement nuageux"
"2000-01-07 08:00","2000","01","07","08:00"," ","-6,70","","-9,00","","84,00","","16,00","","13,00","","24,10","","102,36","","","","-12,00","","Généralement nuageux"
"2000-01-07 09:00","2000","01","07","09:00"," ","-4,30","","-6,80","","83,00","","18,00","","11,00","","24,10","","102,30","","","","-9,00","","Nuageux"
"2000-01-07 10:00","2000","01","07","10:00"," ","-3,20","","-5,80","","82,00","","17,00","","11,00","","24,10","","102,23","","","","-7,00","","Nuageux"
"2000-01-07 11:00","2000","01","07","11:00"," ","-1,80","","-4,20","","84,00","","18,00","","9,00","","24,10","","102,06","","","","-5,00","","Nuageux"
"2000-01-07 12:00","2000","01","07","12:00"," ","-0,30","","-2,20","","87,00","","17,00","","15,00","","24,10","","101,86","","","","-5,00","","Nuageux"
"2000-01-07 13:00","2000","01","07","13:00"," ","0,40","","-1,00","","90,00","","18,00","","19,00","","9,70","","101,62","","","","","","Averses de pluie,Averses de neige"
"2000-01-07 14:00","2000","01","07","14:00"," ","1,00","","-0,80","","88,00","","17,00","","19,00","","24,10","","101,49","","","","","","Nuageux"
"2000-01-07 15:00","2000","01","07","15:00"," ","1,40","","-0,40","","88,00","","17,00","","19,00","","24,10","","101,39","","","","","","Nuageux"
"2000-01-07 16:00","2000","01","07","16:00"," ","1,40","","0,00","","90,00","","16,00","","20,00","","9,70","","101,19","","","","","","Averses de pluie,Averses de neige"
"2000-01-07 17:00","2000","01","07","17:00"," ","1,50","","0,10","","90,00","","15,00","","20,00","","12,90","","101,02","","","","","","Nuageux"
"2000-01-07 18:00","2000","01","07","18:00"," ","1,70","","0,60","","92,00","","15,00","","20,00","","12,90","","100,82","","","","","","Averses de pluie"
"2000-01-07 19:00","2000","01","07","19:00"," ","2,10","","1,20","","94,00","","16,00","","22,00","","12,90","","100,65","","","","","","Averses de pluie"
"2000-01-07 20:00","2000","01","07","20:00"," ","2,20","","1,50","","95,00","","15,00","","20,00","","12,90","","100,44","","","","","","Pluie modérée"
"2000-01-07 21:00","2000","01","07","21:00"," ","3,40","","2,80","","96,00","","14,00","","28,00","","12,90","","99,91","","","","","","Pluie modérée"
"2000-01-07 22:00","2000","01","07","22:00"," ","3,60","","3,20","","97,00","","15,00","","24,00","","12,90","","99,64","","","","","","Pluie modérée"
"2000-01-07 23:00","2000","01","07","23:00"," ","3,60","","3,20","","97,00","","21,00","","11,00","","16,10","","99,54","","","","","","Pluie"
"2000-01-08 00:00","2000","01","08","00:00"," ","3,00","","2,70","","98,00","","27,00","","22,00","","24,10","","99,37","","","","","","Nuageux"
"2000-01-08 01:00","2000","01","08","01:00"," ","1,80","","0,80","","93,00","","28,00","","19,00","","24,10","","99,30","","","","","","Nuageux"
"2000-01-08 02:00","2000","01","08","02:00"," ","1,20","","-0,40","","89,00","","27,00","","19,00","","24,10","","99,37","","","","","","Nuageux"
"2000-01-08 03:00","2000","01","08","03:00"," ","0,60","","-1,00","","89,00","","29,00","","22,00","","24,10","","99,33","","","","","","Nuageux"
"2000-01-08 04:00","2000","01","08","04:00"," ","0,40","","-1,80","","85,00","","30,00","","28,00","","24,10","","99,37","","","","","","Averses de neige"
"2000-01-08 05:00","2000","01","08","05:00"," ","0,10","","-2,80","","81,00","","29,00","","32,00","","24,10","","99,43","","","","","","Averses de neige"
"2000-01-08 06:00","2000","01","08","06:00"," ","-0,20","","-2,90","","82,00","","30,00","","24,00","","24,10","","99,57","","","","-6,00","","Averses de neige"
"2000-01-08 07:00","2000","01","08","07:00"," ","-0,60","","-4,40","","75,00","","29,00","","32,00","","24,10","","99,64","","","","-7,00","","Averses de neige"
"2000-01-08 08:00","2000","01","08","08:00"," ","-0,90","","-4,20","","78,00","","29,00","","28,00","","24,10","","99,81","","","","-7,00","","Généralement nuageux"
"2000-01-08 09:00","2000","01","08","09:00"," ","-0,70","","-3,40","","82,00","","27,00","","20,00","","24,10","","99,87","","","","-6,00","","Généralement nuageux"
"2000-01-08 10:00","2000","01","08","10:00"," ","-0,50","","-4,80","","73,00","","27,00","","32,00","","24,10","","100,04","","","","-7,00","","Généralement nuageux"
"2000-01-08 11:00","2000","01","08","11:00"," ","-1,30","","-8,00","","60,00","","27,00","","39,00","","24,10","","100,14","","","","-9,00","","Averses de neige"
"2000-01-08 12:00","2000","01","08","12:00"," ","-1,30","","-8,10","","60,00","","28,00","","46,00","","24,10","","100,11","","","","-10,00","","Généralement dégagé"
"2000-01-08 13:00","2000","01","08","13:00"," ","-2,20","","-7,60","","66,00","","27,00","","30,00","","9,70","","100,11","","","","-9,00","","Averses de neige"
"2000-01-08 14:00","2000","01","08","14:00"," ","-2,30","","-8,20","","64,00","","27,00","","37,00","","12,90","","100,21","","","","-10,00","","Averses de neige"
"2000-01-08 15:00","2000","01","08","15:00"," ","-2,80","","-8,10","","67,00","","28,00","","30,00","","24,10","","100,31","","","","-10,00","","Averses de neige"
"2000-01-08 16:00","2000","01","08","16:00"," ","-4,30","","-6,80","","83,00","","29,00","","26,00","","4,00","","100,48","","","","-12,00","","Averses de neige"
"2000-01-08 17:00","2000","01","08","17:00"," ","-4,30","","-8,80","","71,00","","27,00","","30,00","","24,10","","100,58","","","","-12,00","","Généralement dégagé"
"2000-01-08 18:00","2000","01","08","18:00"," ","-4,80","","-8,20","","77,00","","26,00","","20,00","","24,10","","100,71","","","","-11,00","","Généralement dégagé"
"2000-01-08 19:00","2000","01","08","19:00"," ","-5,10","","-8,10","","79,00","","26,00","","22,00","","24,10","","100,82","","","","-12,00","","Généralement dégagé"
"2000-01-08 20:00","2000","01","08","20:00"," ","-5,40","","-10,10","","69,00","","27,00","","30,00","","24,10","","100,85","","","","-14,00","","Généralement dégagé"
"2000-01-08 21:00","2000","01","08","21:00"," ","-5,80","","-10,50","","69,00","","25,00","","17,00","","24,10","","100,92","","","","-12,00","","Généralement dégagé"
"2000-01-08 22:00","2000","01","08","22:00"," ","-6,10","","-9,30","","78,00","","26,00","","17,00","","19,30","","100,98","","","","-12,00","","Averses de neige"
"2000-01-08 23:00","2000","01","08","23:00"," ","-6,20","","-10,40","","72,00","","26,00","","15,00","","24,10","","101,05","","","","-12,00","","Averses de neige"
"2000-01-09 00:00","2000","01","09","00:00"," ","-6,80","","-10,40","","75,00","","27,00","","11,00","","24,10","","101,08","","","","-12,00","","Averses de neige"
"2000-01-09 01:00","2000","01","09","01:00"," ","-7,10","","-10,80","","75,00","","25,00","","19,00","","24,10","","101,12","","","","-14,00","","Averses de neige"
"2000-01-09 02:00","2000","01","09","02:00"," ","-7,50","","-11,00","","76,00","","24,00","","7,00","","24,10","","101,22","","","","-11,00","","Averses de neige"
"2000-01-09 03:00","2000","01","09","03:00"," ","-7,20","","-11,00","","74,00","","24,00","","15,00","","24,10","","101,25","","","","-13,00","","Généralement dégagé"
"2000-01-09 04:00","2000","01","09","04:00"," ","-7,70","","-11,30","","75,00","","26,00","","13,00","","24,10","","101,25","","","","-13,00","","Généralement dégagé"
"2000-01-09 05:00","2000","01","09","05:00"," ","-8,10","","-11,20","","78,00","","23,00","","7,00","","24,10","","101,25","","","","-12,00","","Généralement nuageux"
"2000-01-09 06:00","2000","01","09","06:00"," ","-7,40","","-10,60","","78,00","","22,00","","7,00","","24,10","","101,22","","","","-11,00","","Nuageux"
"2000-01-09 07:00","2000","01","09","07:00"," ","-7,10","","-10,40","","77,00","","21,00","","6,00","","24,10","","101,29","","","","-10,00","","Généralement nuageux"
"2000-01-09 08:00","2000","01","09","08:00"," ","-6,80","","-10,30","","76,00","","22,00","","11,00","","24,10","","101,32","","","","-12,00","","Nuageux"
"2000-01-09 09:00","2000","01","09","09:00"," ","-6,50","","-9,60","","79,00","","19,00","","11,00","","24,10","","101,32","","","","-11,00","","Nuageux"
"2000-01-09 10:00","2000","01","09","10:00"," ","-5,40","","-9,30","","74,00","","20,00","","11,00","","24,10","","101,32","","","","-10,00","","Nuageux"
"2000-01-09 11:00","2000","01","09","11:00"," ","-4,70","","-9,40","","70,00","","20,00","","17,00","","16,10","","101,29","","","","-11,00","","Averses de neige"
"2000-01-09 12:00","2000","01","09","12:00"," ","-4,40","","-6,30","","87,00","","18,00","","15,00","","3,20","","101,12","","","","-10,00","","Averses de neige"
"2000-01-09 13:00","2000","01","09","13:00"," ","-3,20","","-4,60","","90,00","","17,00","","13,00","","3,20","","101,02","","","","-8,00","","Neige"
"2000-01-09 14:00","2000","01","09","14:00"," ","-1,90","","-2,80","","94,00","","16,00","","17,00","","3,20","","100,95","","","","-7,00","","Neige"
"2000-01-09 15:00","2000","01","09","15:00"," ","0,10","","-0,70","","94,00","","18,00","","19,00","","3,20","","100,88","","","","","","Neige"
"2000-01-09 16:00","2000","01","09","16:00"," ","0,50","","-0,40","","94,00","","19,00","","19,00","","3,20","","100,82","","","","","","Pluie,Neige"
"2000-01-09 17:00","2000","01","09","17:00"," ","0,50","","-0,20","","95,00","","19,00","","15,00","","3,20","","100,78","","","","","","Neige"
"2000-01-09 18:00","2000","01","09","18:00"," ","0,90","","0,10","","94,00","","18,00","","17,00","","9,70","","100,78","","","","","","Neige"
"2000-01-09 19:00","2000","01","09","19:00"," ","1,10","","0,30","","94,00","","19,00","","17,00","","9,70","","100,75","","","","","","Pluie"
"2000-01-09 20:00","2000","01","09","20:00"," ","0,90","","0,20","","95,00","","19,00","","15,00","","11,30","","100,75","","","","","","Pluie"
"2000-01-09 21:00","2000","01","09","21:00"," ","1,10","","0,70","","97,00","","20,00","","13,00","","24,10","","100,71","","","","","","Pluie"
"2000-01-09 22:00","2000","01","09","22:00"," ","0,80","","0,40","","97,00","","20,00","","11,00","","24,10","","100,71","","","","","","Généralement nuageux"
"2000-01-09 23:00","2000","01","09","23:00"," ","1,60","","1,20","","97,00","","23,00","","15,00","","24,10","","100,68","","","","","","Généralement nuageux"
"2000-01-10 00:00","2000","01","10","00:00"," ","1,00","","0,40","","96,00","","25,00","","11,00","","24,10","","100,71","","","","","","Généralement dégagé"
"2000-01-10 01:00","2000","01","10","01:00"," ","0,50","","-0,30","","94,00","","25,00","","17,00","","24,10","","100,75","","","","","","Généralement dégagé"
"2000-01-10 02:00","2000","01","10","02:00"," ","0,60","","-0,30","","94,00","","27,00","","13,00","","24,10","","100,82","","","","","","Nuageux"
"2000-01-10 03:00","2000","01","10","03:00"," ","0,80","","-0,60","","90,00","","27,00","","6,00","","24,10","","100,88","","","","","","Nuageux"
"2000-01-10 04:00","2000","01","10","04:00"," ","1,00","","-1,50","","83,00","","30,00","","17,00","","24,10","","100,95","","","","","","Nuageux"
"2000-01-10 05:00","2000","01","10","05:00"," ","0,00","","-2,30","","84,00","","31,00","","13,00","","24,10","","100,95","","","","-4,00","","Généralement dégagé"
"2000-01-10 06:00","2000","01","10","06:00"," ","-1,20","","-3,20","","86,00","","31,00","","11,00","","24,10","","101,12","","","","-5,00","","Généralement dégagé"
"2000-01-10 07:00","2000","01","10","07:00"," ","-1,10","","-4,30","","79,00","","32,00","","7,00","","24,10","","101,25","","","","-4,00","","Généralement nuageux"
"2000-01-10 08:00","2000","01","10","08:00"," ","-2,50","","-5,40","","80,00","","32,00","","13,00","","24,10","","101,35","","","","-7,00","","Généralement dégagé"
"2000-01-10 09:00","2000","01","10","09:00"," ","-1,40","","-4,40","","80,00","","34,00","","13,00","","24,10","","101,42","","","","-6,00","","Généralement dégagé"
"2000-01-10 10:00","2000","01","10","10:00"," ","-1,00","","-4,80","","75,00","","35,00","","13,00","","24,10","","101,52","","","","-5,00","","Généralement dégagé"
"2000-01-10 11:00","2000","01","10","11:00"," ","-1,20","","-5,60","","72,00","","30,00","","20,00","","24,10","","101,56","","","","-7,00","","Généralement nuageux"
"2000-01-10 12:00","2000","01","10","12:00"," ","-1,20","","-6,20","","69,00","","35,00","","20,00","","24,10","","101,45","","","","-7,00","","Généralement dégagé"
"2000-01-10 13:00","2000","01","10","13:00"," ","-1,20","","-6,60","","67,00","","33,00","","17,00","","24,10","","101,59","","","","-6,00","","Généralement nuageux"
"2000-01-10 14:00","2000","01","10","14:00"," ","","","","","","","","","","","","","","","","","","",""
"2000-01-10 15:00","2000","01","10","15:00"," ","-1,70","","-6,60","","69,00","","36,00","","15,00","","24,10","","101,62","","","","-7,00","","Généralement nuageux"
"2000-01-10 16:00","2000","01","10","16:00"," ","-2,10","","-6,90","","70,00","","4,00","","9,00","","24,10","","101,66","","","","-6,00","","Généralement nuageux"
"2000-01-10 17:00","2000","01","10","17:00"," ","-3,00","","-6,70","","76,00","","6,00","","9,00","","24,10","","101,59","","","","-7,00","","Généralement nuageux"
"2000-01-10 18:00","2000","01","10","18:00"," ","-4,30","","-7,20","","80,00","","3,00","","9,00","","24,10","","101,66","","","","-8,00","","Généralement dégagé"
"2000-01-10 19:00","2000","01","10","19:00"," ","-5,40","","-7,60","","84,00","","5,00","","6,00","","24,10","","101,62","","","","-8,00","","Généralement dégagé"
"2000-01-10 20:00","2000","01","10","20:00"," ","-6,30","","-8,30","","86,00","","8,00","","6,00","","24,10","","101,56","","","","-9,00","","Généralement dégagé"
"2000-01-10 21:00","2000","01","10","21:00"," ","-5,10","","-7,10","","86,00","","10,00","","7,00","","24,10","","101,56","","","","-8,00","","Généralement nuageux"
"2000-01-10 22:00","2000","01","10","22:00"," ","-5,00","","-6,80","","87,00","","13,00","","6,00","","24,10","","101,49","","","","-8,00","","Généralement nuageux"
"2000-01-10 23:00","2000","01","10","23:00"," ","-3,20","","-5,50","","84,00","","12,00","","15,00","","24,10","","101,35","","","","-8,00","","Généralement nuageux"
"2000-01-11 00:00","2000","01","11","00:00"," ","-1,80","","-4,50","","82,00","","13,00","","20,00","","24,10","","101,15","","","","-8,00","","Généralement nuageux"
"2000-01-11 01:00","2000","01","11","01:00"," ","-1,20","","-4,40","","79,00","","13,00","","26,00","","24,10","","101,05","","","","-8,00","","Nuageux"
"2000-01-11 02:00","2000","01","11","02:00"," ","-0,80","","-3,90","","79,00","","13,00","","30,00","","24,10","","100,82","","","","-8,00","","Nuageux"
"2000-01-11 03:00","2000","01","11","03:00"," ","-0,30","","-3,20","","81,00","","13,00","","33,00","","24,10","","100,61","","","","-7,00","","Nuageux"
"2000-01-11 04:00","2000","01","11","04:00"," ","0,30","","-2,10","","84,00","","14,00","","28,00","","24,10","","100,38","","","","","","Nuageux"
"2000-01-11 05:00","2000","01","11","05:00"," ","1,00","","-1,40","","84,00","","13,00","","43,00","","24,10","","100,11","","","","","","Nuageux"
"2000-01-11 06:00","2000","01","11","06:00"," ","1,50","","-0,60","","86,00","","13,00","","48,00","","12,90","","99,77","","","","","","Averses de neige"
"2000-01-11 07:00","2000","01","11","07:00"," ","1,50","","0,70","","94,00","","13,00","","39,00","","9,70","","99,64","","","","","","Pluie modérée"
"2000-01-11 08:00","2000","01","11","08:00"," ","2,10","","1,30","","94,00","","14,00","","46,00","","3,20","","99,40","","","","","","Pluie modérée,Brouillard"
"2000-01-11 09:00","2000","01","11","09:00"," ","3,00","","2,40","","96,00","","15,00","","44,00","","6,40","","99,30","","","","","","Pluie,Brouillard"
"2000-01-11 10:00","2000","01","11","10:00"," ","4,20","","3,60","","96,00","","16,00","","32,00","","6,40","","99,27","","","","","","Pluie,Brouillard"
"2000-01-11 11:00","2000","01","11","11:00"," ","5,70","","5,50","","99,00","","18,00","","28,00","","6,40","","99,10","","","","","","Bruine,Brouillard"
"2000-01-11 12:00","2000","01","11","12:00"," ","7,00","","6,00","","93,00","","23,00","","24,00","","16,10","","99,10","","","","","","Généralement nuageux"
"2000-01-11 13:00","2000","01","11","13:00"," ","7,70","","5,30","","85,00","","22,00","","28,00","","24,10","","99,10","","","","","","Généralement dégagé"
"2000-01-11 14:00","2000","01","11","14:00"," ","7,70","","5,00","","83,00","","21,00","","17,00","","24,10","","99,10","","","","","","Généralement dégagé"
"2000-01-11 15:00","2000","01","11","15:00"," ","7,00","","3,90","","81,00","","21,00","","32,00","","16,10","","99,17","","","","","","Généralement dégagé"
"2000-01-11 16:00","2000","01","11","16:00"," ","5,90","","3,40","","84,00","","20,00","","24,00","","16,10","","99,27","","","","","","Dégagé"
"2000-01-11 17:00","2000","01","11","17:00"," ","5,20","","3,10","","86,00","","22,00","","22,00","","16,10","","99,37","","","","","","Dégagé"
"2000-01-11 18:00","2000","01","11","18:00"," ","4,60","","2,90","","89,00","","21,00","","26,00","","16,10","","99,40","","","","","","Dégagé"
"2000-01-11 19:00","2000","01","11","19:00"," ","3,80","","2,50","","91,00","","21,00","","20,00","","16,10","","99,43","","","","","","Dégagé"
"2000-01-11 20:00","2000","01","11","20:00"," ","3,50","","2,10","","91,00","","20,00","","26,00","","16,10","","99,40","","","","","","Dégagé"
"2000-01-11 21:00","2000","01","11","21:00"," ","3,20","","2,20","","93,00","","20,00","","26,00","","16,10","","99,40","","","","","","Dégagé"
"2000-01-11 22:00","2000","01","11","22:00"," ","3,10","","2,00","","92,00","","20,00","","19,00","","16,10","","99,33","","","","","","Dégagé"
"2000-01-11 23:00","2000","01","11","23:00"," ","3,50","","2,40","","92,00","","20,00","","17,00","","16,10","","99,30","","","","","","Dégagé"
"2000-01-12 00:00","2000","01","12","00:00"," ","","","","","","","","","","","","","","","","","","",""
"2000-01-12 01:00","2000","01","12","01:00"," ","1,70","","0,80","","94,00","","9,00","","7,00","","16,10","","99,03","","","","","","Dégagé"
"2000-01-12 02:00","2000","01","12","02:00"," ","1,60","","0,60","","93,00","","12,00","","11,00","","16,10","","98,83","","","","","","Généralement dégagé"
"2000-01-12 03:00","2000","01","12","03:00"," ","2,00","","0,60","","90,00","","12,00","","15,00","","16,10","","98,66","","","","","","Nuageux"
"2000-01-12 04:00","2000","01","12","04:00"," ","3,60","","1,70","","87,00","","13,00","","28,00","","19,30","","98,56","","","","","","Nuageux"
"2000-01-12 05:00","2000","01","12","05:00"," ","4,50","","3,10","","91,00","","12,00","","28,00","","19,30","","98,19","","","","","","Averses de pluie"
"2000-01-12 06:00","2000","01","12","06:00"," ","5,00","","4,20","","95,00","","12,00","","39,00","","8,00","","97,92","","","","","","Orages,Averses de pluie forte"
"2000-01-12 07:00","2000","01","12","07:00"," ","5,10","","4,30","","95,00","","18,00","","30,00","","12,90","","97,89","","","","","","Averses de pluie modérées"
"2000-01-12 08:00","2000","01","12","08:00"," ","4,40","","3,70","","95,00","","19,00","","30,00","","8,00","","97,92","","","","","","Brouillard"
"2000-01-12 09:00","2000","01","12","09:00"," ","4,30","","3,30","","93,00","","18,00","","17,00","","16,10","","97,85","","","","","","Nuageux"
"2000-01-12 10:00","2000","01","12","10:00"," ","4,50","","3,00","","90,00","","19,00","","28,00","","16,10","","97,72","","","","","","Nuageux"
"2000-01-12 11:00","2000","01","12","11:00"," ","4,50","","3,10","","91,00","","20,00","","22,00","","24,10","","97,58","","","","","","Nuageux"
"2000-01-12 12:00","2000","01","12","12:00"," ","2,70","","0,90","","88,00","","23,00","","28,00","","12,90","","97,48","","","","","","Nuageux"
"2000-01-12 13:00","2000","01","12","13:00"," ","1,50","","0,00","","90,00","","25,00","","32,00","","16,10","","97,52","","","","","","Averses de neige"
"2000-01-12 14:00","2000","01","12","14:00"," ","1,00","","-0,80","","88,00","","25,00","","43,00","","6,40","","97,62","","","","","","Averses de neige"
"2000-01-12 15:00","2000","01","12","15:00"," ","0,20","","-1,70","","87,00","","25,00","","46,00","","4,80","","97,79","","","","","","Averses de neige"
"2000-01-12 16:00","2000","01","12","16:00"," ","-0,20","","-3,00","","81,00","","25,00","","52,00","","12,90","","97,85","","","","-9,00","","Averses de neige"
"2000-01-12 17:00","2000","01","12","17:00"," ","-1,20","","-3,00","","88,00","","25,00","","43,00","","6,40","","97,99","","","","-9,00","","Neige"
"2000-01-12 18:00","2000","01","12","18:00"," ","-1,20","","-3,50","","84,00","","25,00","","41,00","","8,00","","98,12","","","","-9,00","","Neige"
"2000-01-12 19:00","2000","01","12","19:00"," ","-1,40","","-3,90","","83,00","","25,00","","33,00","","9,70","","98,19","","","","-9,00","","Neige"
"2000-01-12 20:00","2000","01","12","20:00"," ","-1,60","","-3,80","","85,00","","26,00","","35,00","","9,70","","98,32","","","","-9,00","","Neige"
"2000-01-12 21:00","2000","01","12","21:00"," ","-1,80","","-4,30","","83,00","","25,00","","28,00","","16,10","","98,36","","","","-9,00","","Neige"
"2000-01-12 22:00","2000","01","12","22:00"," ","-2,40","","-5,20","","81,00","","24,00","","46,00","","24,10","","98,42","","","","-11,00","","Averses de neige"
"2000-01-12 23:00","2000","01","12","23:00"," ","-2,60","","-5,50","","80,00","","25,00","","30,00","","19,30","","98,59","","","","-10,00","","Averses de neige"
"2000-01-13 00:00","2000","01","13","00:00"," ","-3,00","","-5,90","","80,00","","25,00","","33,00","","24,10","","98,69","","","","-11,00","","Averses de neige"
"2000-01-13 01:00","2000","01","13","01:00"," ","-3,30","","-6,70","","77,00","","23,00","","24,00","","24,10","","98,83","","","","-10,00","","Averses de neige"
"2000-01-13 02:00","2000","01","13","02:00"," ","-3,80","","-7,30","","77,00","","25,00","","37,00","","24,10","","98,93","","","","-12,00","","Nuageux"
"2000-01-13 03:00","2000","01","13","03:00"," ","-4,20","","-8,10","","74,00","","25,00","","37,00","","24,10","","99,03","","","","-13,00","","Généralement nuageux"
"2000-01-13 04:00","2000","01","13","04:00"," ","-4,80","","-8,90","","73,00","","25,00","","35,00","","24,10","","99,06","","","","-13,00","","Nuageux"
"2000-01-13 05:00","2000","01","13","05:00"," ","-5,30","","-9,70","","71,00","","25,00","","43,00","","24,10","","99,10","","","","-15,00","","Généralement dégagé"
"2000-01-13 06:00","2000","01","13","06:00"," ","-5,90","","-10,00","","73,00","","25,00","","41,00","","24,10","","99,20","","","","-15,00","","Généralement dégagé"
"2000-01-13 07:00","2000","01","13","07:00"," ","-6,20","","-10,30","","73,00","","25,00","","32,00","","24,10","","99,23","","","","-15,00","","Généralement nuageux"
"2000-01-13 08:00","2000","01","13","08:00"," ","-6,60","","-11,20","","70,00","","26,00","","22,00","","24,10","","99,30","","","","-14,00","","Généralement nuageux"
"2000-01-13 09:00","2000","01","13","09:00"," ","-6,70","","-11,30","","70,00","","26,00","","28,00","","24,10","","99,40","","","","-15,00","","Averses de neige"
"2000-01-13 10:00","2000","01","13","10:00"," ","-6,60","","-11,30","","69,00","","26,00","","33,00","","24,10","","99,43","","","","-15,00","","Averses de neige"
"2000-01-13 11:00","2000","01","13","11:00"," ","-6,50","","-11,60","","67,00","","27,00","","24,00","","24,10","","99,50","","","","-14,00","","Averses de neige"
"2000-01-13 12:00","2000","01","13","12:00"," ","-6,50","","-11,60","","67,00","","27,00","","24,00","","19,30","","99,50","","","","-14,00","","Averses de neige"
"2000-01-13 13:00","2000","01","13","13:00"," ","-6,40","","-10,80","","71,00","","24,00","","28,00","","16,10","","99,50","","","","-15,00","","Averses de neige"
"2000-01-13 14:00","2000","01","13","14:00"," ","-6,30","","-11,00","","69,00","","26,00","","28,00","","16,10","","99,50","","","","-14,00","","Averses de neige"
"2000-01-13 15:00","2000","01","13","15:00"," ","-6,60","","-11,80","","66,00","","26,00","","28,00","","24,10","","99,60","","","","-15,00","","Averses de neige"
"2000-01-13 16:00","2000","01","13","16:00"," ","-6,60","","-10,50","","74,00","","27,00","","19,00","","16,10","","99,64","","","","-13,00","","Averses de neige"
"2000-01-13 17:00","2000","01","13","17:00"," ","-7,10","","-10,60","","76,00","","26,00","","9,00","","24,10","","99,64","","","","-11,00","","Averses de neige"
"2000-01-13 18:00","2000","01","13","18:00"," ","-7,50","","-10,00","","82,00","","21,00","","6,00","","24,10","","99,64","","","","-11,00","","Généralement nuageux"
"2000-01-13 19:00","2000","01","13","19:00"," ","-7,20","","-9,90","","81,00","","23,00","","6,00","","24,10","","99,60","","","","-10,00","","Averses de neige"
"2000-01-13 20:00","2000","01","13","20:00"," ","-8,30","","-10,10","","87,00","","18,00","","6,00","","24,10","","99,64","","","","-12,00","","Averses de neige"
"2000-01-13 21:00","2000","01","13","21:00"," ","-7,80","","-9,70","","86,00","","5,00","","6,00","","24,10","","99,40","","","","-11,00","","Généralement nuageux"
"2000-01-13 22:00","2000","01","13","22:00"," ","-7,60","","-9,40","","87,00","","0,00","","0,00","","24,10","","99,47","","","","","","Nuageux"
"2000-01-13 23:00","2000","01","13","23:00"," ","-7,30","","-9,30","","86,00","","0,00","","0,00","","24,10","","99,37","","","","","","Nuageux"
"2000-01-14 00:00","2000","01","14","00:00"," ","-7,20","","-9,50","","84,00","","36,00","","7,00","","24,10","","99,17","","","","-11,00","","Nuageux"
"2000-01-14 01:00","2000","01","14","01:00"," ","-6,80","","-8,90","","85,00","","31,00","","7,00","","24,10","","99,20","","","","-10,00","","Nuageux"
"2000-01-14 02:00","2000","01","14","02:00"," ","-6,20","","-8,60","","83,00","","35,00","","7,00","","24,10","","99,03","","","","-10,00","","Nuageux"
"2000-01-14 03:00","2000","01","14","03:00"," ","-6,10","","-9,40","","77,00","","33,00","","15,00","","9,70","","99,00","","","","-12,00","","Averses de neige"
"2000-01-14 04:00","2000","01","14","04:00"," ","-6,70","","-8,30","","88,00","","33,00","","9,00","","2,40","","98,93","","","","-11,00","","Averses de neige"
"2000-01-14 05:00","2000","01","14","05:00"," ","-6,50","","-8,10","","88,00","","32,00","","13,00","","2,40","","98,90","","","","-12,00","","Averses de neige"
"2000-01-14 06:00","2000","01","14","06:00"," ","-6,80","","-8,30","","89,00","","31,00","","13,00","","2,40","","98,86","","","","-12,00","","Neige"
"2000-01-14 07:00","2000","01","14","07:00"," ","-6,80","","-8,20","","90,00","","29,00","","17,00","","3,20","","98,86","","","","-13,00","","Neige"
"2000-01-14 08:00","2000","01","14","08:00"," ","-7,10","","-8,80","","88,00","","29,00","","19,00","","9,70","","98,90","","","","-14,00","","Averses de neige"
"2000-01-14 09:00","2000","01","14","09:00"," ","-7,10","","-9,50","","83,00","","26,00","","15,00","","24,10","","98,96","","","","-13,00","","Averses de neige"
"2000-01-14 10:00","2000","01","14","10:00"," ","-6,40","","-9,30","","80,00","","27,00","","19,00","","24,10","","99,00","","","","-13,00","","Généralement dégagé"
"2000-01-14 11:00","2000","01","14","11:00"," ","-5,40","","-8,80","","77,00","","26,00","","24,00","","24,10","","99,00","","","","-13,00","","Généralement dégagé"
"2000-01-14 12:00","2000","01","14","12:00"," ","-4,10","","-9,60","","65,00","","29,00","","28,00","","24,10","","99,06","","","","-12,00","","Averses de neige"
"2000-01-14 13:00","2000","01","14","13:00"," ","-4,30","","-10,10","","64,00","","29,00","","19,00","","24,10","","99,20","","","","-10,00","","Averses de neige"
"2000-01-14 14:00","2000","01","14","14:00"," ","-5,20","","-9,60","","71,00","","29,00","","22,00","","24,10","","99,30","","","","-12,00","","Averses de neige"
"2000-01-14 15:00","2000","01","14","15:00"," ","-6,00","","-11,40","","66,00","","27,00","","26,00","","24,10","","99,43","","","","-14,00","","Averses de neige"
"2000-01-14 16:00","2000","01","14","16:00"," ","-7,20","","-11,80","","70,00","","27,00","","26,00","","24,10","","99,57","","","","-15,00","","Averses de neige"
"2000-01-14 17:00","2000","01","14","17:00"," ","-8,70","","-13,40","","69,00","","27,00","","22,00","","24,10","","99,74","","","","-17,00","","Averses de neige"
"2000-01-14 18:00","2000","01","14","18:00"," ","-9,70","","-14,20","","70,00","","27,00","","19,00","","24,10","","99,87","","","","-17,00","","Généralement dégagé"
"2000-01-14 19:00","2000","01","14","19:00"," ","-10,10","","-14,70","","69,00","","27,00","","24,00","","24,10","","99,97","","","","-19,00","","Généralement nuageux"
"2000-01-14 20:00","2000","01","14","20:00"," ","-10,70","","-14,80","","72,00","","26,00","","20,00","","24,10","","100,07","","","","-19,00","","Généralement nuageux"
"2000-01-14 21:00","2000","01","14","21:00"," ","-12,00","","-15,50","","75,00","","25,00","","13,00","","24,10","","100,18","","","","-19,00","","Généralement nuageux"
"2000-01-14 22:00","2000","01","14","22:00"," ","-13,30","","-16,00","","80,00","","24,00","","13,00","","24,10","","100,21","","","","-20,00","","Généralement nuageux"
"2000-01-14 23:00","2000","01","14","23:00"," ","-13,70","","-16,50","","79,00","","23,00","","15,00","","24,10","","100,28","","","","-21,00","","Généralement dégagé"
"2000-01-15 00:00","2000","01","15","00:00"," ","-13,40","","-16,60","","77,00","","25,00","","20,00","","24,10","","100,31","","","","-22,00","","Dégagé"
"2000-01-15 01:00","2000","01","15","01:00"," ","-13,80","","-17,50","","74,00","","24,00","","17,00","","24,10","","100,38","","","","-22,00","","Dégagé"
"2000-01-15 02:00","2000","01","15","02:00"," ","-14,10","","-18,20","","71,00","","25,00","","22,00","","24,10","","100,48","","","","-23,00","","Dégagé"
"2000-01-15 03:00","2000","01","15","03:00"," ","-15,00","","-19,00","","71,00","","23,00","","19,00","","24,10","","100,51","","","","-24,00","","Dégagé"
"2000-01-15 04:00","2000","01","15","04:00"," ","-15,80","","-19,10","","76,00","","22,00","","15,00","","24,10","","100,61","","","","-24,00","","Dégagé"
"2000-01-15 05:00","2000","01","15","05:00"," ","-15,90","","-19,20","","76,00","","25,00","","15,00","","24,10","","100,68","","","","-24,00","","Dégagé"
"2000-01-15 06:00","2000","01","15","06:00"," ","-15,90","","-19,00","","77,00","","23,00","","13,00","","24,10","","100,75","","","","-23,00","","Dégagé"
"2000-01-15 07:00","2000","01","15","07:00"," ","-15,40","","-18,60","","76,00","","23,00","","15,00","","24,10","","100,82","","","","-23,00","","Dégagé"
"2000-01-15 08:00","2000","01","15","08:00"," ","-15,00","","-17,90","","78,00","","23,00","","13,00","","24,10","","100,88","","","","-22,00","","Généralement dégagé"
"2000-01-15 09:00","2000","01","15","09:00"," ","-12,50","","-15,70","","77,00","","24,00","","15,00","","24,10","","100,98","","","","-20,00","","Généralement dégagé"
"2000-01-15 10:00","2000","01","15","10:00"," ","-10,70","","-14,70","","72,00","","27,00","","24,00","","24,10","","101,08","","","","-19,00","","Généralement dégagé"
"2000-01-15 11:00","2000","01","15","11:00"," ","-10,10","","-14,50","","70,00","","28,00","","22,00","","16,10","","101,08","","","","-18,00","","Averses de neige"
"2000-01-15 12:00","2000","01","15","12:00"," ","-9,50","","-17,20","","53,00","","27,00","","30,00","","24,10","","101,08","","","","-19,00","","Généralement dégagé"
"2000-01-15 13:00","2000","01","15","13:00"," ","-9,90","","-15,50","","64,00","","28,00","","24,00","","8,00","","101,15","","","","-18,00","","Averses de neige"
"2000-01-15 14:00","2000","01","15","14:00"," ","-10,60","","-16,00","","64,00","","28,00","","26,00","","16,10","","101,25","","","","-20,00","","Averses de neige"
"2000-01-15 15:00","2000","01","15","15:00"," ","-10,00","","-16,10","","61,00","","27,00","","17,00","","24,10","","101,32","","","","-17,00","","Averses de neige"
"2000-01-15 16:00","2000","01","15","16:00"," ","-11,20","","-19,60","","50,00","","28,00","","26,00","","24,10","","101,45","","","","-20,00","","Averses de neige"
"2000-01-15 17:00","2000","01","15","17:00"," ","-11,80","","-20,30","","49,00","","29,00","","19,00","","24,10","","101,52","","","","-20,00","","Généralement dégagé"
"2000-01-15 18:00","2000","01","15","18:00"," ","-12,20","","-18,50","","59,00","","28,00","","19,00","","24,10","","101,62","","","","-20,00","","Généralement dégagé"
"2000-01-15 19:00","2000","01","15","19:00"," ","-12,10","","-18,00","","61,00","","28,00","","19,00","","24,10","","101,69","","","","-20,00","","Averses de neige"
"2000-01-15 20:00","2000","01","15","20:00"," ","-12,50","","-17,60","","66,00","","28,00","","17,00","","24,10","","101,76","","","","-20,00","","Averses de neige"
"2000-01-15 21:00","2000","01","15","21:00"," ","-12,20","","-16,60","","70,00","","27,00","","17,00","","24,10","","101,79","","","","-20,00","","Averses de neige"
"2000-01-15 22:00","2000","01","15","22:00"," ","-12,30","","-16,00","","74,00","","26,00","","11,00","","24,10","","101,82","","","","-18,00","","Averses de neige"
"2000-01-15 23:00","2000","01","15","23:00"," ","-12,20","","-15,60","","76,00","","25,00","","11,00","","24,10","","101,86","","","","-18,00","","Averses de neige"
"2000-01-16 00:00","2000","01","16","00:00"," ","-11,70","","-15,10","","76,00","","25,00","","13,00","","24,10","","101,86","","","","-18,00","","Généralement nuageux"
"2000-01-16 01:00","2000","01","16","01:00"," ","-10,10","","-16,30","","60,00","","30,00","","20,00","","24,10","","101,82","","","","-18,00","","Averses de neige"
"2000-01-16 02:00","2000","01","16","02:00"," ","-10,10","","-16,10","","61,00","","33,00","","20,00","","24,10","","101,89","","","","-18,00","","Averses de neige"
"2000-01-16 03:00","2000","01","16","03:00"," ","-9,80","","-15,70","","62,00","","32,00","","17,00","","24,10","","101,96","","","","-17,00","","Averses de neige"
"2000-01-16 04:00","2000","01","16","04:00"," ","-9,70","","-15,60","","62,00","","32,00","","19,00","","24,10","","101,93","","","","-17,00","","Averses de neige"
"2000-01-16 05:00","2000","01","16","05:00"," ","-9,80","","-15,70","","62,00","","31,00","","19,00","","24,10","","101,89","","","","-17,00","","Averses de neige"
"2000-01-16 06:00","2000","01","16","06:00"," ","-9,90","","-16,00","","61,00","","32,00","","20,00","","24,10","","101,96","","","","-18,00","","Averses de neige"
"2000-01-16 07:00","2000","01","16","07:00"," ","-9,80","","-15,90","","61,00","","32,00","","15,00","","24,10","","101,99","","","","-16,00","","Averses de neige"
"2000-01-16 08:00","2000","01","16","08:00"," ","-9,70","","-16,20","","59,00","","33,00","","15,00","","24,10","","101,99","","","","-16,00","","Averses de neige"
"2000-01-16 09:00","2000","01","16","09:00"," ","-9,70","","-16,00","","60,00","","33,00","","20,00","","24,10","","101,93","","","","-17,00","","Généralement nuageux"
"2000-01-16 10:00","2000","01","16","10:00"," ","-9,30","","-15,00","","63,00","","34,00","","15,00","","24,10","","101,86","","","","-16,00","","Averses de neige"
"2000-01-16 11:00","2000","01","16","11:00"," ","-8,50","","-13,60","","67,00","","34,00","","15,00","","24,10","","101,79","","","","-15,00","","Averses de neige"
"2000-01-16 12:00","2000","01","16","12:00"," ","-8,60","","-12,90","","71,00","","35,00","","11,00","","16,10","","101,66","","","","-14,00","","Neige"
"2000-01-16 13:00","2000","01","16","13:00"," ","-8,40","","-12,80","","71,00","","35,00","","7,00","","19,30","","101,52","","","","-12,00","","Neige"
"2000-01-16 14:00","2000","01","16","14:00"," ","-8,30","","-13,30","","67,00","","30,00","","13,00","","9,70","","101,52","","","","-14,00","","Neige"
"2000-01-16 15:00","2000","01","16","15:00"," ","-8,50","","-12,70","","72,00","","32,00","","9,00","","9,70","","101,45","","","","-13,00","","Neige"
"2000-01-16 16:00","2000","01","16","16:00"," ","-8,70","","-12,30","","75,00","","32,00","","9,00","","12,90","","101,42","","","","-13,00","","Neige"
"2000-01-16 17:00","2000","01","16","17:00"," ","-8,90","","-13,10","","72,00","","28,00","","9,00","","24,10","","101,39","","","","-14,00","","Neige"
"2000-01-16 18:00","2000","01","16","18:00"," ","-9,10","","-13,10","","73,00","","0,00","","0,00","","19,30","","101,29","","","","","","Neige"
"2000-01-16 19:00","2000","01","16","19:00"," ","-9,40","","-12,00","","81,00","","18,00","","4,00","","19,30","","101,19","","","","-12,00","","Neige"
"2000-01-16 20:00","2000","01","16","20:00"," ","-10,10","","-12,20","","85,00","","19,00","","6,00","","19,30","","101,05","","","","-14,00","","Neige"
"2000-01-16 21:00","2000","01","16","21:00"," ","-9,60","","-12,00","","83,00","","0,00","","0,00","","24,10","","100,88","","","","","","Neige"
"2000-01-16 22:00","2000","01","16","22:00"," ","-9,40","","-12,50","","78,00","","11,00","","6,00","","24,10","","100,71","","","","-13,00","","Nuageux"
"2000-01-16 23:00","2000","01","16","23:00"," ","-8,00","","-11,70","","75,00","","12,00","","9,00","","24,10","","100,68","","","","-13,00","","Averses de neige"
"2000-01-17 00:00","2000","01","17","00:00"," ","-7,70","","-11,50","","74,00","","9,00","","7,00","","24,10","","100,61","","","","-11,00","","Averses de neige"
"2000-01-17 01:00","2000","01","17","01:00"," ","-7,20","","-10,40","","78,00","","8,00","","9,00","","24,10","","100,41","","","","-12,00","","Neige"
"2000-01-17 02:00","2000","01","17","02:00"," ","-6,80","","-10,80","","73,00","","8,00","","11,00","","24,10","","100,41","","","","-12,00","","Neige"
"2000-01-17 03:00","2000","01","17","03:00"," ","-6,80","","-10,80","","73,00","","7,00","","19,00","","24,10","","100,31","","","","-14,00","","Neige"
"2000-01-17 04:00","2000","01","17","04:00"," ","-6,70","","-10,20","","76,00","","7,00","","15,00","","24,10","","100,24","","","","-13,00","","Neige"
"2000-01-17 05:00","2000","01","17","05:00"," ","-6,30","","-10,10","","74,00","","7,00","","15,00","","24,10","","100,11","","","","-12,00","","Neige"
"2000-01-17 06:00","2000","01","17","06:00"," ","-6,00","","-9,60","","76,00","","7,00","","19,00","","24,10","","100,04","","","","-13,00","","Neige"
"2000-01-17 07:00","2000","01","17","07:00"," ","-5,90","","-9,70","","74,00","","6,00","","19,00","","24,10","","99,94","","","","-13,00","","Neige"
"2000-01-17 08:00","2000","01","17","08:00"," ","-5,10","","-8,50","","77,00","","8,00","","24,00","","24,10","","99,91","","","","-12,00","","Neige"
"2000-01-17 09:00","2000","01","17","09:00"," ","-4,30","","-7,70","","77,00","","9,00","","19,00","","16,10","","99,91","","","","-10,00","","Neige"
"2000-01-17 10:00","2000","01","17","10:00"," ","-3,30","","-7,60","","72,00","","7,00","","26,00","","16,10","","99,81","","","","-10,00","","Neige"
"2000-01-17 11:00","2000","01","17","11:00"," ","-2,90","","-7,30","","72,00","","7,00","","26,00","","12,90","","99,74","","","","-10,00","","Neige"
"2000-01-17 12:00","2000","01","17","12:00"," ","-3,10","","-6,50","","77,00","","5,00","","30,00","","9,70","","99,64","","","","-11,00","","Neige"
"2000-01-17 13:00","2000","01","17","13:00"," ","-3,70","","-6,20","","83,00","","5,00","","30,00","","1,20","","99,50","","","","-11,00","","Neige"
"2000-01-17 14:00","2000","01","17","14:00"," ","-3,90","","-5,90","","86,00","","4,00","","30,00","","1,20","","99,43","","","","-12,00","","Neige"
"2000-01-17 15:00","2000","01","17","15:00"," ","-4,00","","-6,60","","82,00","","4,00","","33,00","","1,20","","99,40","","","","-12,00","","Neige"
"2000-01-17 16:00","2000","01","17","16:00"," ","-3,90","","-5,60","","88,00","","4,00","","33,00","","1,00","","99,40","","","","-12,00","","Neige"
"2000-01-17 17:00","2000","01","17","17:00"," ","-3,40","","-4,70","","91,00","","4,00","","32,00","","1,20","","99,43","","","","-11,00","","Neige"
"2000-01-17 18:00","2000","01","17","18:00"," ","-2,70","","-3,90","","91,00","","5,00","","28,00","","1,00","","99,37","","","","-10,00","","Neige"
"2000-01-17 19:00","2000","01","17","19:00"," ","-2,10","","-3,60","","89,00","","5,00","","24,00","","4,00","","99,37","","","","-8,00","","Neige"
"2000-01-17 20:00","2000","01","17","20:00"," ","-2,30","","-3,30","","93,00","","4,00","","30,00","","2,40","","99,37","","","","-9,00","","Neige"
"2000-01-17 21:00","2000","01","17","21:00"," ","-2,20","","-3,80","","89,00","","4,00","","37,00","","3,20","","99,37","","","","-10,00","","Neige"
"2000-01-17 22:00","2000","01","17","22:00"," ","-2,30","","-3,90","","89,00","","4,00","","37,00","","3,20","","99,37","","","","-10,00","","Neige"
"2000-01-17 23:00","2000","01","17","23:00"," ","-2,70","","-4,00","","91,00","","4,00","","32,00","","3,20","","99,33","","","","-10,00","","Neige,Poudrerie élevée"
"2000-01-18 00:00","2000","01","18","00:00"," ","-2,50","","-4,40","","87,00","","3,00","","33,00","","12,90","","99,27","","","","-10,00","","Neige"
"2000-01-18 01:00","2000","01","18","01:00"," ","-2,30","","-4,20","","87,00","","4,00","","37,00","","12,90","","99,17","","","","-10,00","","Neige"
"2000-01-18 02:00","2000","01","18","02:00"," ","-2,20","","-4,50","","84,00","","3,00","","35,00","","12,90","","99,17","","","","-10,00","","Neige"
"2000-01-18 03:00","2000","01","18","03:00"," ","-2,10","","-4,60","","83,00","","3,00","","37,00","","12,90","","99,17","","","","-10,00","","Neige"
"2000-01-18 04:00","2000","01","18","04:00"," ","-2,20","","-4,60","","84,00","","3,00","","35,00","","6,40","","99,06","","","","-10,00","","Neige"
"2000-01-18 05:00","2000","01","18","05:00"," ","-2,20","","-4,60","","84,00","","3,00","","37,00","","16,10","","99,03","","","","-10,00","","Neige"
"2000-01-18 06:00","2000","01","18","06:00"," ","-2,10","","-5,30","","79,00","","3,00","","30,00","","19,30","","99,03","","","","-9,00","","Nuageux"
"2000-01-18 07:00","2000","01","18","07:00"," ","-2,40","","-4,10","","88,00","","3,00","","30,00","","4,00","","99,03","","","","-10,00","","Neige"
"2000-01-18 08:00","2000","01","18","08:00"," ","-2,30","","-4,10","","87,00","","3,00","","28,00","","1,60","","99,06","","","","-9,00","","Neige"
"2000-01-18 09:00","2000","01","18","09:00"," ","-2,10","","-3,60","","89,00","","2,00","","30,00","","3,20","","99,13","","","","-9,00","","Neige"
"2000-01-18 10:00","2000","01","18","10:00"," ","-2,10","","-3,60","","89,00","","1,00","","28,00","","4,00","","99,06","","","","-9,00","","Neige"
"2000-01-18 11:00","2000","01","18","11:00"," ","-1,80","","-4,90","","79,00","","1,00","","30,00","","12,90","","99,00","","","","-9,00","","Nuageux"
"2000-01-18 12:00","2000","01","18","12:00"," ","-1,90","","-5,10","","79,00","","1,00","","32,00","","12,90","","98,96","","","","-9,00","","Neige"
"2000-01-18 13:00","2000","01","18","13:00"," ","-2,20","","-4,30","","85,00","","2,00","","33,00","","4,00","","98,93","","","","-10,00","","Neige"
"2000-01-18 14:00","2000","01","18","14:00"," ","-2,20","","-4,10","","87,00","","1,00","","24,00","","3,20","","98,90","","","","-9,00","","Neige"
"2000-01-18 15:00","2000","01","18","15:00"," ","-2,40","","-4,00","","89,00","","35,00","","22,00","","3,20","","98,93","","","","-9,00","","Neige"
"2000-01-18 16:00","2000","01","18","16:00"," ","-2,30","","-4,20","","87,00","","35,00","","22,00","","12,90","","98,93","","","","-8,00","","Neige"
"2000-01-18 17:00","2000","01","18","17:00"," ","-2,30","","-3,90","","89,00","","35,00","","24,00","","9,70","","98,93","","","","-9,00","","Neige,Brouillard"
"2000-01-18 18:00","2000","01","18","18:00"," ","-2,50","","-5,10","","82,00","","34,00","","20,00","","12,90","","98,96","","","","-8,00","","Averses de neige"
"2000-01-18 19:00","2000","01","18","19:00"," ","-2,70","","-4,00","","91,00","","34,00","","28,00","","8,00","","98,93","","","","-10,00","","Neige"
"2000-01-18 20:00","2000","01","18","20:00"," ","-2,50","","-4,00","","89,00","","35,00","","28,00","","1,20","","99,00","","","","-10,00","","Neige,Poudrerie élevée"
"2000-01-18 21:00","2000","01","18","21:00"," ","-2,50","","-4,60","","85,00","","34,00","","28,00","","8,00","","99,03","","","","-10,00","","Averses de neige"
"2000-01-18 22:00","2000","01","18","22:00"," ","-2,70","","-5,80","","79,00","","33,00","","30,00","","16,10","","99,03","","","","-10,00","","Averses de neige"
"2000-01-18 23:00","2000","01","18","23:00"," ","-3,10","","-6,80","","76,00","","33,00","","24,00","","24,10","","99,10","","","","-10,00","","Averses de neige"
"2000-01-19 00:00","2000","01","19","00:00"," ","-3,60","","-7,30","","75,00","","32,00","","24,00","","24,10","","99,06","","","","-10,00","","Averses de neige"
"2000-01-19 01:00","2000","01","19","01:00"," ","-3,70","","-7,60","","74,00","","32,00","","20,00","","24,10","","99,06","","","","-10,00","","Averses de neige"
"2000-01-19 02:00","2000","01","19","02:00"," ","-3,70","","-7,50","","75,00","","33,00","","17,00","","24,10","","99,17","","","","-9,00","","Averses de neige"
"2000-01-19 03:00","2000","01","19","03:00"," ","-4,30","","-7,80","","77,00","","28,00","","15,00","","24,10","","99,23","","","","-10,00","","Averses de neige"
"2000-01-19 04:00","2000","01","19","04:00"," ","-5,00","","-7,60","","82,00","","28,00","","15,00","","8,00","","99,27","","","","-11,00","","Averses de neige"
"2000-01-19 05:00","2000","01","19","05:00"," ","-5,30","","-7,60","","84,00","","27,00","","13,00","","12,90","","99,30","","","","-10,00","","Averses de neige"
"2000-01-19 06:00","2000","01","19","06:00"," ","-5,20","","-8,00","","81,00","","29,00","","15,00","","16,10","","99,33","","","","-11,00","","Averses de neige"
"2000-01-19 07:00","2000","01","19","07:00"," ","-5,40","","-8,20","","81,00","","27,00","","11,00","","24,10","","99,40","","","","-10,00","","Averses de neige"
"2000-01-19 08:00","2000","01","19","08:00"," ","-5,30","","-8,50","","78,00","","29,00","","17,00","","24,10","","99,47","","","","-11,00","","Averses de neige"
"2000-01-19 09:00","2000","01","19","09:00"," ","-5,60","","-9,20","","76,00","","29,00","","15,00","","24,10","","99,57","","","","-11,00","","Averses de neige"
"2000-01-19 10:00","2000","01","19","10:00"," ","-4,90","","-9,50","","70,00","","27,00","","11,00","","24,10","","99,64","","","","-9,00","","Averses de neige"
"2000-01-19 11:00","2000","01","19","11:00"," ","-4,60","","-8,90","","72,00","","24,00","","9,00","","24,10","","99,67","","","","-8,00","","Averses de neige"
"2000-01-19 12:00","2000","01","19","12:00"," ","-4,60","","-9,00","","71,00","","26,00","","15,00","","24,10","","99,64","","","","-10,00","","Averses de neige"
"2000-01-19 13:00","2000","01","19","13:00"," ","-4,70","","-9,60","","69,00","","28,00","","15,00","","24,10","","99,60","","","","-10,00","","Averses de neige"
"2000-01-19 14:00","2000","01","19","14:00"," ","-4,80","","-10,30","","65,00","","27,00","","9,00","","24,10","","99,67","","","","-9,00","","Averses de neige"
"2000-01-19 15:00","2000","01","19","15:00"," ","-4,80","","-9,50","","70,00","","30,00","","9,00","","24,10","","99,67","","","","-9,00","","Averses de neige"
"2000-01-19 16:00","2000","01","19","16:00"," ","-5,10","","-9,20","","73,00","","0,00","","0,00","","24,10","","99,84","","","","","","Averses de neige"
"2000-01-19 17:00","2000","01","19","17:00"," ","-5,20","","-8,80","","76,00","","6,00","","4,00","","24,10","","99,84","","","","-7,00","","Averses de neige"
"2000-01-19 18:00","2000","01","19","18:00"," ","-6,30","","-9,10","","80,00","","5,00","","4,00","","24,10","","99,84","","","","-8,00","","Averses de neige"
"2000-01-19 19:00","2000","01","19","19:00"," ","-7,50","","-9,40","","86,00","","0,00","","0,00","","24,10","","99,87","","","","","","Généralement dégagé"
"2000-01-19 20:00","2000","01","19","20:00"," ","-12,00","","-14,00","","85,00","","0,00","","0,00","","24,10","","99,94","","","","","","Généralement dégagé"
"2000-01-19 21:00","2000","01","19","21:00"," ","-9,00","","-10,80","","87,00","","0,00","","0,00","","24,10","","99,94","","","","","","Généralement nuageux"
"2000-01-19 22:00","2000","01","19","22:00"," ","-8,30","","-9,90","","88,00","","0,00","","0,00","","24,10","","99,97","","","","","","Généralement nuageux"
"2000-01-19 23:00","2000","01","19","23:00"," ","-9,10","","-10,90","","87,00","","30,00","","9,00","","24,10","","99,84","","","","-14,00","","Généralement dégagé"
"2000-01-20 00:00","2000","01","20","00:00"," ","-11,10","","-12,60","","89,00","","0,00","","0,00","","24,10","","99,84","","","","","","Généralement dégagé"
"2000-01-20 01:00","2000","01","20","01:00"," ","-7,70","","-9,20","","89,00","","32,00","","9,00","","24,10","","99,74","","","","-12,00","","Généralement nuageux"
"2000-01-20 02:00","2000","01","20","02:00"," ","-5,40","","-8,90","","76,00","","4,00","","9,00","","24,10","","99,77","","","","-9,00","","Nuageux"
"2000-01-20 03:00","2000","01","20","03:00"," ","-4,30","","-9,20","","69,00","","1,00","","9,00","","24,10","","99,60","","","","-8,00","","Nuageux"
"2000-01-20 04:00","2000","01","20","04:00"," ","-4,00","","-9,30","","67,00","","2,00","","26,00","","24,10","","99,50","","","","-11,00","","Nuageux"
"2000-01-20 05:00","2000","01","20","05:00"," ","-4,30","","-9,00","","70,00","","36,00","","32,00","","24,10","","99,37","","","","-12,00","","Nuageux"
"2000-01-20 06:00","2000","01","20","06:00"," ","-4,30","","-8,40","","73,00","","35,00","","26,00","","24,10","","99,30","","","","-12,00","","Nuageux"
"2000-01-20 07:00","2000","01","20","07:00"," ","-4,20","","-9,20","","68,00","","36,00","","39,00","","24,10","","99,20","","","","-13,00","","Nuageux"
"2000-01-20 08:00","2000","01","20","08:00"," ","-3,90","","-8,00","","73,00","","35,00","","46,00","","24,10","","99,13","","","","-13,00","","Nuageux"
"2000-01-20 09:00","2000","01","20","09:00"," ","-3,90","","-8,20","","72,00","","34,00","","43,00","","24,10","","99,03","","","","-13,00","","Nuageux"
"2000-01-20 10:00","2000","01","20","10:00"," ","-3,90","","-8,10","","73,00","","34,00","","54,00","","24,10","","98,93","","","","-14,00","","Nuageux"
"2000-01-20 11:00","2000","01","20","11:00"," ","-4,20","","-8,10","","74,00","","34,00","","46,00","","24,10","","98,86","","","","-14,00","","Nuageux"
"2000-01-20 12:00","2000","01","20","12:00"," ","-4,20","","-8,60","","71,00","","33,00","","33,00","","24,10","","98,73","","","","-12,00","","Généralement nuageux"
"2000-01-20 13:00","2000","01","20","13:00"," ","-4,10","","-9,10","","68,00","","33,00","","46,00","","24,10","","98,73","","","","-13,00","","Généralement nuageux"
"2000-01-20 14:00","2000","01","20","14:00"," ","-3,90","","-9,30","","66,00","","32,00","","43,00","","24,10","","98,76","","","","-13,00","","Généralement nuageux"
"2000-01-20 15:00","2000","01","20","15:00"," ","-4,30","","-10,10","","64,00","","31,00","","37,00","","24,10","","98,83","","","","-13,00","","Généralement nuageux"
"2000-01-20 16:00","2000","01","20","16:00"," ","-5,00","","-10,50","","65,00","","31,00","","48,00","","24,10","","98,96","","","","-15,00","","Généralement dégagé"
"2000-01-20 17:00","2000","01","20","17:00"," ","-5,90","","-11,80","","63,00","","30,00","","35,00","","24,10","","99,10","","","","-15,00","","Généralement dégagé"
"2000-01-20 18:00","2000","01","20","18:00"," ","-6,80","","-12,30","","65,00","","29,00","","30,00","","24,10","","99,23","","","","-15,00","","Généralement dégagé"
"2000-01-20 19:00","2000","01","20","19:00"," ","-7,00","","-13,00","","62,00","","29,00","","24,00","","24,10","","99,47","","","","-15,00","","Généralement dégagé"
"2000-01-20 20:00","2000","01","20","20:00"," ","-7,30","","-13,00","","64,00","","29,00","","20,00","","24,10","","99,47","","","","-14,00","","Généralement dégagé"
"2000-01-20 21:00","2000","01","20","21:00"," ","-7,50","","-12,90","","65,00","","28,00","","19,00","","24,10","","99,57","","","","-15,00","","Nuageux"
"2000-01-20 22:00","2000","01","20","22:00"," ","-8,00","","-12,70","","69,00","","24,00","","9,00","","24,10","","99,60","","","","-13,00","","Généralement nuageux"
"2000-01-20 23:00","2000","01","20","23:00"," ","-9,70","","-12,80","","78,00","","25,00","","9,00","","24,10","","99,60","","","","-15,00","","Généralement dégagé"
"2000-01-21 00:00","2000","01","21","00:00"," ","-11,80","","-14,30","","82,00","","22,00","","7,00","","24,10","","99,50","","","","-16,00","","Généralement dégagé"
"2000-01-21 01:00","2000","01","21","01:00"," ","-11,80","","-13,50","","87,00","","23,00","","13,00","","24,10","","99,60","","","","-18,00","","Dégagé"
"2000-01-21 02:00","2000","01","21","02:00"," ","-14,80","","-16,70","","85,00","","20,00","","6,00","","24,10","","99,57","","","","-19,00","","Généralement nuageux"
"2000-01-21 03:00","2000","01","21","03:00"," ","-14,50","","-16,30","","86,00","","22,00","","4,00","","24,10","","99,50","","","","-17,00","","Généralement nuageux"
"2000-01-21 04:00","2000","01","21","04:00"," ","-14,70","","-17,10","","82,00","","0,00","","0,00","","24,10","","99,43","","","","","","Généralement nuageux"
"2000-01-21 05:00","2000","01","21","05:00"," ","-14,10","","-16,20","","84,00","","7,00","","4,00","","24,10","","99,40","","","","-17,00","","Généralement nuageux"
"2000-01-21 06:00","2000","01","21","06:00"," ","-10,00","","-11,90","","86,00","","8,00","","13,00","","24,10","","99,30","","","","-16,00","","Nuageux"
"2000-01-21 07:00","2000","01","21","07:00"," ","-5,00","","-8,60","","76,00","","6,00","","24,00","","24,10","","99,06","","","","-12,00","","Nuageux"
"2000-01-21 08:00","2000","01","21","08:00"," ","-4,30","","-8,20","","74,00","","6,00","","26,00","","24,10","","98,80","","","","-12,00","","Nuageux"
"2000-01-21 09:00","2000","01","21","09:00"," ","-3,30","","-7,00","","76,00","","7,00","","35,00","","9,70","","98,49","","","","-11,00","","Neige"
"2000-01-21 10:00","2000","01","21","10:00"," ","-2,90","","-4,10","","91,00","","7,00","","43,00","","0,60","","98,16","","","","-12,00","","Neige modérée,Poudrerie élevée"
"2000-01-21 11:00","2000","01","21","11:00"," ","-1,80","","-3,10","","91,00","","7,00","","37,00","","0,60","","97,65","","","","-10,00","","Neige modérée,Poudrerie élevée"
"2000-01-21 12:00","2000","01","21","12:00"," ","-0,60","","-1,60","","93,00","","6,00","","41,00","","0,60","","97,04","","","","-8,00","","Pluie,Neige modérée,Poudrerie élevée"
"2000-01-21 13:00","2000","01","21","13:00"," ","1,50","","1,00","","96,00","","9,00","","52,00","","3,20","","96,61","","","","","","Pluie"
"2000-01-21 14:00","2000","01","21","14:00"," ","2,90","","2,40","","97,00","","10,00","","41,00","","6,40","","96,44","","","","","","Pluie,Brouillard"
"2000-01-21 15:00","2000","01","21","15:00"," ","3,60","","3,20","","97,00","","12,00","","33,00","","6,40","","96,27","","","","","","Pluie,Brouillard"
"2000-01-21 16:00","2000","01","21","16:00"," ","3,80","","3,40","","97,00","","13,00","","30,00","","4,80","","96,10","","","","","","Brouillard"
"2000-01-21 17:00","2000","01","21","17:00"," ","4,70","","3,30","","91,00","","13,00","","37,00","","6,40","","95,93","","","","","","Brouillard"
"2000-01-21 18:00","2000","01","21","18:00"," ","4,60","","1,80","","82,00","","14,00","","50,00","","6,40","","95,83","","","","","","Bruine,Brouillard"
"2000-01-21 19:00","2000","01","21","19:00"," ","3,70","","1,10","","83,00","","15,00","","37,00","","6,40","","95,77","","","","","","Bruine,Brouillard"
"2000-01-21 20:00","2000","01","21","20:00"," ","3,00","","-1,00","","75,00","","17,00","","52,00","","9,70","","95,73","","","","","","Bruine"
"2000-01-21 21:00","2000","01","21","21:00"," ","1,00","","-1,50","","83,00","","18,00","","69,00","","4,80","","95,70","","","","","","Pluie,Brouillard"
"2000-01-21 22:00","2000","01","21","22:00"," ","0,20","","-1,90","","86,00","","18,00","","63,00","","4,00","","95,80","","","","","","Neige,Poudrerie élevée"
"2000-01-21 23:00","2000","01","21","23:00"," ","-0,40","","-2,70","","84,00","","19,00","","59,00","","12,90","","96,14","","","","-9,00","","Neige"
"2000-01-22 00:00","2000","01","22","00:00"," ","-1,70","","-5,30","","76,00","","20,00","","61,00","","12,90","","96,41","","","","-11,00","","Nuageux"
"2000-01-22 01:00","2000","01","22","01:00"," ","-3,00","","-6,50","","77,00","","21,00","","57,00","","12,90","","96,81","","","","-13,00","","Neige"
"2000-01-22 02:00","2000","01","22","02:00"," ","-3,90","","-7,70","","75,00","","21,00","","54,00","","24,10","","97,11","","","","-14,00","","Averses de neige"
"2000-01-22 03:00","2000","01","22","03:00"," ","-4,00","","-7,70","","75,00","","20,00","","46,00","","24,10","","97,38","","","","-13,00","","Averses de neige"
"2000-01-22 04:00","2000","01","22","04:00"," ","-4,70","","-8,30","","76,00","","20,00","","32,00","","12,90","","97,58","","","","-13,00","","Averses de neige"
"2000-01-22 05:00","2000","01","22","05:00"," ","-5,20","","-8,60","","77,00","","21,00","","24,00","","24,10","","97,75","","","","-12,00","","Généralement dégagé"
"2000-01-22 06:00","2000","01","22","06:00"," ","-5,50","","-8,80","","78,00","","20,00","","19,00","","24,10","","97,89","","","","-12,00","","Généralement dégagé"
"2000-01-22 07:00","2000","01","22","07:00"," ","-6,00","","-9,30","","77,00","","22,00","","13,00","","24,10","","97,95","","","","-11,00","","Généralement dégagé"
"2000-01-22 08:00","2000","01","22","08:00"," ","-6,30","","-9,10","","80,00","","21,00","","15,00","","24,10","","98,05","","","","-12,00","","Généralement nuageux"
"2000-01-22 09:00","2000","01","22","09:00"," ","-6,90","","-10,50","","75,00","","22,00","","26,00","","24,10","","98,12","","","","-15,00","","Généralement dégagé"
"2000-01-22 10:00","2000","01","22","10:00"," ","-6,70","","-11,90","","66,00","","22,00","","32,00","","24,10","","98,19","","","","-15,00","","Généralement dégagé"
"2000-01-22 11:00","2000","01","22","11:00"," ","-6,40","","-12,10","","64,00","","22,00","","26,00","","24,10","","98,22","","","","-14,00","","Généralement dégagé"
"2000-01-22 12:00","2000","01","22","12:00"," ","-6,20","","-13,00","","59,00","","21,00","","33,00","","24,10","","98,22","","","","-15,00","","Généralement dégagé"
"2000-01-22 13:00","2000","01","22","13:00"," ","-6,10","","-13,30","","57,00","","21,00","","32,00","","24,10","","98,19","","","","-15,00","","Généralement dégagé"
"2000-01-22 14:00","2000","01","22","14:00"," ","-6,90","","-14,30","","56,00","","23,00","","30,00","","24,10","","98,32","","","","-15,00","","Généralement nuageux"
"2000-01-22 15:00","2000","01","22","15:00"," ","-7,50","","-14,50","","57,00","","21,00","","26,00","","19,30","","98,46","","","","-16,00","","Généralement nuageux"
"2000-01-22 16:00","2000","01","22","16:00"," ","-8,80","","-14,60","","63,00","","24,00","","20,00","","19,30","","98,56","","","","-16,00","","Averses de neige"
"2000-01-22 17:00","2000","01","22","17:00"," ","-10,10","","-16,90","","57,00","","23,00","","30,00","","24,10","","98,73","","","","-20,00","","Généralement nuageux"
"2000-01-22 18:00","2000","01","22","18:00"," ","-11,50","","-16,90","","64,00","","25,00","","22,00","","19,30","","98,86","","","","-20,00","","Averses de neige"
"2000-01-22 19:00","2000","01","22","19:00"," ","-12,20","","-18,40","","60,00","","25,00","","24,00","","24,10","","99,03","","","","-21,00","","Nuageux"
"2000-01-22 20:00","2000","01","22","20:00"," ","-12,90","","-18,10","","65,00","","24,00","","22,00","","24,10","","99,13","","","","-22,00","","Généralement nuageux"
"2000-01-22 21:00","2000","01","22","21:00"," ","-13,70","","-16,10","","82,00","","26,00","","17,00","","6,40","","99,27","","","","-22,00","","Averses de neige"
"2000-01-22 22:00","2000","01","22","22:00"," ","-14,10","","-18,60","","69,00","","24,00","","22,00","","24,10","","99,37","","","","-23,00","","Généralement nuageux"
"2000-01-22 23:00","2000","01","22","23:00"," ","-14,90","","-21,10","","59,00","","24,00","","22,00","","24,10","","99,50","","","","-24,00","","Généralement dégagé"
"2000-01-23 00:00","2000","01","23","00:00"," ","-15,30","","-22,30","","55,00","","23,00","","26,00","","24,10","","99,64","","","","-26,00","","Généralement dégagé"
"2000-01-23 01:00","2000","01","23","01:00"," ","-15,60","","-22,40","","56,00","","24,00","","22,00","","24,10","","99,74","","","","-25,00","","Généralement dégagé"
"2000-01-23 02:00","2000","01","23","02:00"," ","-15,70","","-23,20","","53,00","","23,00","","20,00","","24,10","","99,87","","","","-25,00","","Généralement nuageux"
"2000-01-23 03:00","2000","01","23","03:00"," ","-15,60","","-22,10","","57,00","","24,00","","30,00","","24,10","","99,97","","","","-27,00","","Averses de neige"
"2000-01-23 04:00","2000","01","23","04:00"," ","-15,60","","-20,40","","67,00","","24,00","","24,00","","24,10","","100,14","","","","-26,00","","Averses de neige"
"2000-01-23 05:00","2000","01","23","05:00"," ","-15,30","","-19,40","","71,00","","23,00","","20,00","","24,10","","100,24","","","","-25,00","","Averses de neige"
"2000-01-23 06:00","2000","01","23","06:00"," ","-15,20","","-19,30","","71,00","","23,00","","15,00","","24,10","","100,38","","","","-23,00","","Averses de neige"
"2000-01-23 07:00","2000","01","23","07:00"," ","-15,60","","-19,50","","72,00","","23,00","","11,00","","24,10","","100,51","","","","-22,00","","Généralement dégagé"
"2000-01-23 08:00","2000","01","23","08:00"," ","-15,40","","-19,10","","73,00","","22,00","","17,00","","19,30","","100,65","","","","-24,00","","Généralement nuageux"
"2000-01-23 09:00","2000","01","23","09:00"," ","-14,50","","-18,70","","70,00","","23,00","","13,00","","19,30","","100,85","","","","-22,00","","Généralement dégagé"
"2000-01-23 10:00","2000","01","23","10:00"," ","-13,50","","-18,70","","65,00","","25,00","","20,00","","19,30","","100,95","","","","-22,00","","Généralement dégagé"
"2000-01-23 11:00","2000","01","23","11:00"," ","-12,60","","-21,10","","49,00","","26,00","","35,00","","24,10","","101,05","","","","-24,00","","Généralement dégagé"
"2000-01-23 12:00","2000","01","23","12:00"," ","-12,00","","-20,20","","50,00","","27,00","","32,00","","24,10","","101,12","","","","-22,00","","Généralement dégagé"
"2000-01-23 13:00","2000","01","23","13:00"," ","-11,40","","-19,10","","53,00","","24,00","","28,00","","24,10","","101,15","","","","-21,00","","Généralement dégagé"
"2000-01-23 14:00","2000","01","23","14:00"," ","-11,20","","-18,90","","53,00","","25,00","","26,00","","24,10","","101,25","","","","-20,00","","Généralement dégagé"
"2000-01-23 15:00","2000","01","23","15:00"," ","-10,80","","-18,10","","55,00","","26,00","","26,00","","24,10","","101,39","","","","-20,00","","Généralement dégagé"
"2000-01-23 16:00","2000","01","23","16:00"," ","-11,20","","-18,50","","55,00","","26,00","","22,00","","24,10","","101,52","","","","-20,00","","Généralement dégagé"
"2000-01-23 17:00","2000","01","23","17:00"," ","-12,60","","-18,40","","62,00","","23,00","","11,00","","24,10","","101,69","","","","-19,00","","Généralement dégagé"
"2000-01-23 18:00","2000","01","23","18:00"," ","-13,20","","-18,20","","66,00","","25,00","","17,00","","24,10","","101,82","","","","-21,00","","Généralement dégagé"
"2000-01-23 19:00","2000","01","23","19:00"," ","-13,10","","-18,10","","66,00","","26,00","","13,00","","24,10","","101,93","","","","-20,00","","Généralement dégagé"
"2000-01-23 20:00","2000","01","23","20:00"," ","-14,40","","-18,70","","70,00","","24,00","","7,00","","24,10","","101,99","","","","-19,00","","Généralement dégagé"
"2000-01-23 21:00","2000","01","23","21:00"," ","-14,70","","-18,80","","71,00","","26,00","","7,00","","24,10","","102,03","","","","-19,00","","Généralement dégagé"
"2000-01-23 22:00","2000","01","23","22:00"," ","-16,10","","-19,80","","73,00","","0,00","","0,00","","24,10","","102,09","","","","","","Généralement dégagé"
"2000-01-23 23:00","2000","01","23","23:00"," ","-16,60","","-20,10","","74,00","","18,00","","6,00","","24,10","","102,13","","","","-21,00","","Dégagé"
"2000-01-24 00:00","2000","01","24","00:00"," ","-16,90","","-20,60","","73,00","","22,00","","7,00","","24,10","","102,13","","","","-22,00","","Dégagé"
"2000-01-24 01:00","2000","01","24","01:00"," ","-16,70","","-20,20","","74,00","","25,00","","6,00","","24,10","","102,20","","","","-21,00","","Dégagé"
"2000-01-24 02:00","2000","01","24","02:00"," ","-16,20","","-19,70","","74,00","","23,00","","4,00","","24,10","","102,23","","","","-19,00","","Dégagé"
"2000-01-24 03:00","2000","01","24","03:00"," ","-16,70","","-20,10","","75,00","","0,00","","0,00","","24,10","","102,23","","","","","","Généralement dégagé"
"2000-01-24 04:00","2000","01","24","04:00"," ","-16,00","","-19,30","","76,00","","19,00","","4,00","","24,10","","102,16","","","","-19,00","","Généralement dégagé"
"2000-01-24 05:00","2000","01","24","05:00"," ","-14,80","","-18,10","","76,00","","26,00","","4,00","","24,10","","102,16","","","","-18,00","","Généralement nuageux"
"2000-01-24 06:00","2000","01","24","06:00"," ","-14,40","","-17,40","","78,00","","26,00","","4,00","","24,10","","102,16","","","","-17,00","","Généralement nuageux"
"2000-01-24 07:00","2000","01","24","07:00"," ","-13,90","","-17,00","","77,00","","0,00","","0,00","","24,10","","102,09","","","","","","Nuageux"
"2000-01-24 08:00","2000","01","24","08:00"," ","-13,40","","-16,70","","76,00","","27,00","","4,00","","24,10","","102,09","","","","-16,00","","Nuageux"
"2000-01-24 09:00","2000","01","24","09:00"," ","-11,40","","-14,10","","80,00","","35,00","","4,00","","24,10","","102,03","","","","-14,00","","Nuageux"
"2000-01-24 10:00","2000","01","24","10:00"," ","-9,10","","-11,10","","85,00","","0,00","","0,00","","24,10","","102,03","","","","","","Nuageux"
"2000-01-24 11:00","2000","01","24","11:00"," ","-5,80","","-8,00","","84,00","","9,00","","7,00","","24,10","","101,82","","","","-9,00","","Nuageux"
"2000-01-24 12:00","2000","01","24","12:00"," ","-2,70","","-5,70","","80,00","","12,00","","19,00","","24,10","","101,69","","","","-8,00","","Nuageux"
"2000-01-24 13:00","2000","01","24","13:00"," ","-2,10","","-4,80","","82,00","","10,00","","26,00","","4,80","","101,52","","","","-9,00","","Neige"
"2000-01-24 14:00","2000","01","24","14:00"," ","-2,20","","-3,30","","92,00","","10,00","","20,00","","1,60","","101,25","","","","-8,00","","Neige"
"2000-01-24 15:00","2000","01","24","15:00"," ","-1,90","","-2,90","","93,00","","10,00","","26,00","","1,20","","101,29","","","","-8,00","","Neige"
"2000-01-24 16:00","2000","01","24","16:00"," ","-1,40","","-2,40","","93,00","","9,00","","22,00","","0,80","","101,12","","","","-7,00","","Neige modérée"
"2000-01-24 17:00","2000","01","24","17:00"," ","-1,00","","-2,00","","93,00","","8,00","","28,00","","1,00","","100,98","","","","-8,00","","Neige"
"2000-01-24 18:00","2000","01","24","18:00"," ","-0,80","","-1,80","","93,00","","7,00","","24,00","","1,00","","100,85","","","","-7,00","","Neige"
"2000-01-24 19:00","2000","01","24","19:00"," ","-0,50","","-1,20","","95,00","","7,00","","24,00","","2,40","","100,68","","","","-6,00","","Neige"
"2000-01-24 20:00","2000","01","24","20:00"," ","-0,20","","-1,00","","94,00","","6,00","","28,00","","4,00","","100,58","","","","-7,00","","Pluie verglaçante,Neige,Granules de glace ou grésil"
"2000-01-24 21:00","2000","01","24","21:00"," ","-0,30","","-0,90","","96,00","","4,00","","20,00","","1,60","","100,51","","","","-6,00","","Neige"
"2000-01-24 22:00","2000","01","24","22:00"," ","-0,30","","-0,90","","96,00","","4,00","","20,00","","1,60","","100,51","","","","-6,00","","Pluie verglaçante,Neige"
"2000-01-24 23:00","2000","01","24","23:00"," ","-0,30","","-1,10","","94,00","","36,00","","26,00","","3,20","","100,48","","","","-6,00","","Bruine verglaçante,Neige"
"2000-01-25 00:00","2000","01","25","00:00"," ","-0,80","","-1,70","","94,00","","36,00","","26,00","","3,20","","100,58","","","","-7,00","","Bruine verglaçante,Neige"
"2000-01-25 01:00","2000","01","25","01:00"," ","-1,10","","-2,10","","93,00","","35,00","","22,00","","24,10","","100,68","","","","-7,00","","Nuageux"
"2000-01-25 02:00","2000","01","25","02:00"," ","-2,10","","-3,40","","91,00","","36,00","","30,00","","24,10","","100,82","","","","-9,00","","Nuageux"
"2000-01-25 03:00","2000","01","25","03:00"," ","-1,80","","-3,30","","89,00","","35,00","","22,00","","24,10","","100,92","","","","-8,00","","Nuageux"
"2000-01-25 04:00","2000","01","25","04:00"," ","-1,80","","-3,20","","90,00","","34,00","","13,00","","24,10","","101,05","","","","-6,00","","Nuageux"
"2000-01-25 05:00","2000","01","25","05:00"," ","-2,00","","-3,20","","91,00","","35,00","","13,00","","24,10","","101,08","","","","-6,00","","Nuageux"
"2000-01-25 06:00","2000","01","25","06:00"," ","-1,80","","-2,90","","92,00","","35,00","","11,00","","24,10","","101,22","","","","-6,00","","Nuageux"
"2000-01-25 07:00","2000","01","25","07:00"," ","-1,70","","-3,00","","91,00","","36,00","","13,00","","24,10","","101,25","","","","-6,00","","Nuageux"
"2000-01-25 08:00","2000","01","25","08:00"," ","-1,60","","-2,70","","92,00","","36,00","","13,00","","24,10","","101,32","","","","-6,00","","Nuageux"
"2000-01-25 09:00","2000","01","25","09:00"," ","-1,40","","-2,60","","92,00","","36,00","","9,00","","24,10","","101,35","","","","-5,00","","Nuageux"
"2000-01-25 10:00","2000","01","25","10:00"," ","-1,60","","-2,80","","92,00","","1,00","","13,00","","24,10","","101,45","","","","-6,00","","Nuageux"
"2000-01-25 11:00","2000","01","25","11:00"," ","-1,50","","-2,70","","92,00","","3,00","","11,00","","24,10","","101,42","","","","-5,00","","Nuageux"
"2000-01-25 12:00","2000","01","25","12:00"," ","-1,40","","-2,60","","92,00","","4,00","","9,00","","24,10","","101,32","","","","-5,00","","Nuageux"
"2000-01-25 13:00","2000","01","25","13:00"," ","-1,40","","-2,70","","91,00","","3,00","","11,00","","24,10","","101,25","","","","-5,00","","Nuageux"
"2000-01-25 14:00","2000","01","25","14:00"," ","-1,10","","-2,50","","90,00","","6,00","","11,00","","16,10","","101,15","","","","-5,00","","Pluie verglaçante"
"2000-01-25 15:00","2000","01","25","15:00"," ","-0,70","","-4,30","","77,00","","9,00","","15,00","","16,10","","101,08","","","","-5,00","","Pluie verglaçante"
"2000-01-25 16:00","2000","01","25","16:00"," ","-0,70","","-2,00","","91,00","","8,00","","19,00","","8,00","","100,98","","","","-6,00","","Pluie verglaçante,Brouillard"
"2000-01-25 17:00","2000","01","25","17:00"," ","-0,30","","-1,40","","92,00","","9,00","","20,00","","8,00","","100,95","","","","-6,00","","Pluie verglaçante,Brouillard"
"2000-01-25 18:00","2000","01","25","18:00"," ","-0,10","","-1,10","","93,00","","10,00","","20,00","","8,00","","100,75","","","","-5,00","","Pluie verglaçante,Brouillard"
"2000-01-25 19:00","2000","01","25","19:00"," ","0,10","","-0,90","","93,00","","9,00","","19,00","","8,00","","100,68","","","","","","Pluie,Brouillard"
"2000-01-25 20:00","2000","01","25","20:00"," ","0,10","","-0,80","","94,00","","10,00","","19,00","","8,00","","100,48","","","","","","Pluie,Brouillard"
"2000-01-25 21:00","2000","01","25","21:00"," ","0,60","","-0,20","","94,00","","10,00","","9,00","","4,80","","100,28","","","","","","Pluie,Brouillard"
"2000-01-25 22:00","2000","01","25","22:00"," ","1,30","","0,70","","96,00","","12,00","","9,00","","0,80","","100,01","","","","","","Bruine,Brouillard"
"2000-01-25 23:00","2000","01","25","23:00"," ","6,10","","5,20","","94,00","","18,00","","22,00","","0,40","","99,91","","","","","","Pluie,Brouillard"
"2000-01-26 00:00","2000","01","26","00:00"," ","9,00","","8,50","","97,00","","19,00","","26,00","","0,40","","99,87","","","","","","Pluie,Brouillard"
"2000-01-26 01:00","2000","01","26","01:00"," ","9,20","","8,60","","96,00","","19,00","","26,00","","0,40","","99,87","","","","","","Bruine,Brouillard"
"2000-01-26 02:00","2000","01","26","02:00"," ","9,60","","9,20","","97,00","","18,00","","28,00","","2,40","","99,81","","","","","","Bruine,Brouillard"
"2000-01-26 03:00","2000","01","26","03:00"," ","9,80","","9,20","","96,00","","19,00","","28,00","","6,40","","99,81","","","","","","Pluie,Brouillard"
"2000-01-26 04:00","2000","01","26","04:00"," ","10,40","","10,00","","97,00","","19,00","","37,00","","9,70","","99,81","","","","","","Pluie modérée,Brouillard"
"2000-01-26 05:00","2000","01","26","05:00"," ","10,40","","9,70","","95,00","","18,00","","24,00","","24,10","","99,77","","","","","","Averses de pluie"
"2000-01-26 06:00","2000","01","26","06:00"," ","10,60","","9,80","","95,00","","18,00","","37,00","","9,70","","99,81","","","","","","Averses de pluie,Brouillard"
"2000-01-26 07:00","2000","01","26","07:00"," ","10,80","","9,90","","94,00","","19,00","","39,00","","24,10","","99,87","","","","","","Averses de pluie"
"2000-01-26 08:00","2000","01","26","08:00"," ","10,00","","9,60","","97,00","","19,00","","30,00","","12,90","","99,87","","","","","","Averses de pluie"
"2000-01-26 09:00","2000","01","26","09:00"," ","10,60","","9,40","","92,00","","20,00","","33,00","","4,80","","99,94","","","","","","Brouillard"
"2000-01-26 10:00","2000","01","26","10:00"," ","9,10","","8,50","","96,00","","19,00","","28,00","","1,20","","100,01","","","","","","Brouillard"
"2000-01-26 11:00","2000","01","26","11:00"," ","9,40","","8,70","","95,00","","18,00","","20,00","","8,00","","99,97","","","","","","Brouillard"
"2000-01-26 12:00","2000","01","26","12:00"," ","10,20","","9,50","","95,00","","19,00","","28,00","","8,00","","99,94","","","","","","Bruine,Brouillard"
"2000-01-26 13:00","2000","01","26","13:00"," ","10,40","","9,80","","96,00","","18,00","","24,00","","9,70","","99,91","","","","","","Brouillard"
"2000-01-26 14:00","2000","01","26","14:00"," ","9,80","","9,40","","97,00","","19,00","","22,00","","1,60","","99,94","","","","","","Brouillard"
"2000-01-26 15:00","2000","01","26","15:00"," ","9,60","","9,20","","97,00","","19,00","","19,00","","1,20","","100,01","","","","","","Brouillard"
"2000-01-26 16:00","2000","01","26","16:00"," ","8,90","","8,40","","97,00","","19,00","","15,00","","1,00","","100,07","","","","","","Brouillard"
"2000-01-26 17:00","2000","01","26","17:00"," ","8,50","","7,90","","96,00","","19,00","","22,00","","4,00","","100,14","","","","","","Brouillard"
"2000-01-26 18:00","2000","01","26","18:00"," ","7,70","","7,10","","96,00","","19,00","","15,00","","4,80","","100,18","","","","","","Brouillard"
"2000-01-26 19:00","2000","01","26","19:00"," ","6,70","","6,20","","97,00","","18,00","","13,00","","12,90","","100,14","","","","","","Nuageux"
"2000-01-26 20:00","2000","01","26","20:00"," ","6,20","","5,80","","97,00","","18,00","","11,00","","12,90","","100,21","","","","","","Nuageux"
"2000-01-26 21:00","2000","01","26","21:00"," ","5,80","","5,00","","95,00","","20,00","","7,00","","12,90","","100,18","","","","","","Nuageux"
"2000-01-26 22:00","2000","01","26","22:00"," ","5,90","","5,20","","95,00","","21,00","","11,00","","9,70","","100,11","","","","","","Averses de pluie,Brouillard"
"2000-01-26 23:00","2000","01","26","23:00"," ","4,70","","4,40","","98,00","","17,00","","6,00","","16,10","","100,01","","","","","","Nuageux"
"2000-01-27 00:00","2000","01","27","00:00"," ","5,20","","4,70","","97,00","","13,00","","7,00","","0,80","","99,91","","","","","","Brouillard"
"2000-01-27 01:00","2000","01","27","01:00"," ","5,40","","4,80","","96,00","","13,00","","7,00","","0,80","","99,81","","","","","","Brouillard"
"2000-01-27 02:00","2000","01","27","02:00"," ","5,40","","4,80","","96,00","","12,00","","11,00","","1,60","","99,67","","","","","","Averses de pluie,Brouillard"
"2000-01-27 03:00","2000","01","27","03:00"," ","9,20","","8,70","","97,00","","16,00","","20,00","","6,40","","99,54","","","","","","Pluie modérée,Brouillard"
"2000-01-27 04:00","2000","01","27","04:00"," ","10,00","","9,50","","97,00","","17,00","","33,00","","12,90","","99,40","","","","","","Pluie"
"2000-01-27 05:00","2000","01","27","05:00"," ","9,40","","8,70","","95,00","","16,00","","32,00","","1,20","","99,30","","","","","","Averses de pluie,Brouillard"
"2000-01-27 06:00","2000","01","27","06:00"," ","9,60","","9,00","","96,00","","16,00","","37,00","","3,20","","99,27","","","","","","Bruine,Brouillard"
"2000-01-27 07:00","2000","01","27","07:00"," ","9,90","","9,30","","96,00","","17,00","","32,00","","0,80","","99,13","","","","","","Bruine,Brouillard"
"2000-01-27 08:00","2000","01","27","08:00"," ","9,60","","9,20","","97,00","","17,00","","32,00","","0,80","","99,10","","","","","","Bruine,Brouillard"
"2000-01-27 09:00","2000","01","27","09:00"," ","9,60","","9,20","","97,00","","16,00","","32,00","","0,80","","99,10","","","","","","Pluie,Bruine,Brouillard"
"2000-01-27 10:00","2000","01","27","10:00"," ","10,30","","9,80","","97,00","","17,00","","28,00","","1,00","","99,10","","","","","","Pluie,Bruine,Brouillard"
"2000-01-27 11:00","2000","01","27","11:00"," ","10,40","","9,80","","96,00","","18,00","","26,00","","1,20","","99,00","","","","","","Pluie,Brouillard"
"2000-01-27 12:00","2000","01","27","12:00"," ","9,80","","9,30","","97,00","","18,00","","17,00","","9,70","","98,83","","","","","","Averses de pluie,Brouillard"
"2000-01-27 13:00","2000","01","27","13:00"," ","9,50","","8,80","","95,00","","16,00","","19,00","","12,90","","98,63","","","","","","Averses de pluie"
"2000-01-27 14:00","2000","01","27","14:00"," ","9,50","","8,80","","95,00","","16,00","","24,00","","12,90","","98,56","","","","","","Averses de pluie"
"2000-01-27 15:00","2000","01","27","15:00"," ","9,80","","8,60","","92,00","","18,00","","26,00","","9,70","","98,53","","","","","","Averses de pluie"
"2000-01-27 16:00","2000","01","27","16:00"," ","8,60","","7,70","","94,00","","19,00","","24,00","","4,80","","98,56","","","","","","Averses de pluie,Brouillard"
"2000-01-27 17:00","2000","01","27","17:00"," ","7,30","","6,50","","95,00","","20,00","","28,00","","8,00","","98,59","","","","","","Averses de pluie,Brouillard"
"2000-01-27 18:00","2000","01","27","18:00"," ","4,10","","3,00","","93,00","","25,00","","41,00","","24,10","","98,86","","","","","","Nuageux"
"2000-01-27 19:00","2000","01","27","19:00"," ","1,10","","-0,60","","88,00","","22,00","","28,00","","24,10","","99,33","","","","","","Généralement nuageux"
"2000-01-27 20:00","2000","01","27","20:00"," ","0,30","","-1,40","","88,00","","24,00","","30,00","","24,10","","99,43","","","","","","Généralement nuageux"
"2000-01-27 21:00","2000","01","27","21:00"," ","-0,10","","-1,90","","88,00","","23,00","","30,00","","24,10","","99,57","","","","-7,00","","Généralement nuageux"
"2000-01-27 22:00","2000","01","27","22:00"," ","-0,20","","-2,10","","87,00","","23,00","","15,00","","24,10","","99,70","","","","-5,00","","Généralement nuageux"
"2000-01-27 23:00","2000","01","27","23:00"," ","0,20","","-1,30","","90,00","","20,00","","11,00","","24,10","","99,77","","","","","","Averses de neige"
"2000-01-28 00:00","2000","01","28","00:00"," ","0,40","","-1,70","","86,00","","22,00","","17,00","","24,10","","99,77","","","","","","Nuageux"
"2000-01-28 01:00","2000","01","28","01:00"," ","-0,40","","-2,70","","84,00","","21,00","","19,00","","24,10","","99,81","","","","-6,00","","Généralement dégagé"
"2000-01-28 02:00","2000","01","28","02:00"," ","-1,00","","-3,30","","84,00","","21,00","","24,00","","24,10","","99,84","","","","-7,00","","Généralement dégagé"
"2000-01-28 03:00","2000","01","28","03:00"," ","-0,90","","-3,60","","82,00","","21,00","","24,00","","24,10","","99,94","","","","-7,00","","Généralement nuageux"
"2000-01-28 04:00","2000","01","28","04:00"," ","-1,30","","-4,70","","78,00","","22,00","","24,00","","24,10","","100,01","","","","-7,00","","Généralement nuageux"
"2000-01-28 05:00","2000","01","28","05:00"," ","-1,70","","-5,30","","76,00","","22,00","","17,00","","24,10","","100,04","","","","-7,00","","Généralement nuageux"
"2000-01-28 06:00","2000","01","28","06:00"," ","-2,50","","-6,30","","75,00","","23,00","","9,00","","24,10","","100,11","","","","-6,00","","Généralement nuageux"
"2000-01-28 07:00","2000","01","28","07:00"," ","-2,50","","-6,50","","74,00","","21,00","","11,00","","24,10","","100,11","","","","-7,00","","Généralement nuageux"
"2000-01-28 08:00","2000","01","28","08:00"," ","-3,40","","-6,70","","78,00","","23,00","","9,00","","24,10","","100,18","","","","-7,00","","Généralement dégagé"
"2000-01-28 09:00","2000","01","28","09:00"," ","-3,20","","-6,00","","81,00","","20,00","","7,00","","24,10","","100,21","","","","-6,00","","Généralement dégagé"
"2000-01-28 10:00","2000","01","28","10:00"," ","-2,50","","-7,30","","70,00","","25,00","","13,00","","24,10","","100,18","","","","-7,00","","Généralement dégagé"
"2000-01-28 11:00","2000","01","28","11:00"," ","-1,70","","-7,80","","63,00","","19,00","","6,00","","24,10","","100,18","","","","-4,00","","Généralement nuageux"
"2000-01-28 12:00","2000","01","28","12:00"," ","-1,70","","-8,80","","58,00","","25,00","","6,00","","24,10","","100,07","","","","-4,00","","Nuageux"
"2000-01-28 13:00","2000","01","28","13:00"," ","-1,80","","-8,90","","58,00","","28,00","","9,00","","24,10","","99,94","","","","-5,00","","Généralement nuageux"
"2000-01-28 14:00","2000","01","28","14:00"," ","-1,80","","-9,30","","57,00","","23,00","","6,00","","24,10","","99,94","","","","-4,00","","Généralement nuageux"
"2000-01-28 15:00","2000","01","28","15:00"," ","-1,60","","-8,20","","61,00","","12,00","","4,00","","24,10","","99,94","","","","-3,00","","Généralement nuageux"
"2000-01-28 16:00","2000","01","28","16:00"," ","-1,30","","-7,80","","61,00","","11,00","","6,00","","24,10","","99,87","","","","-4,00","","Généralement nuageux"
"2000-01-28 17:00","2000","01","28","17:00"," ","-2,30","","-8,00","","65,00","","25,00","","6,00","","24,10","","99,97","","","","-5,00","","Généralement dégagé"
"2000-01-28 18:00","2000","01","28","18:00"," ","-4,10","","-7,40","","78,00","","26,00","","4,00","","24,10","","100,01","","","","-6,00","","Généralement dégagé"
"2000-01-28 19:00","2000","01","28","19:00"," ","-4,40","","-7,30","","80,00","","33,00","","11,00","","24,10","","100,04","","","","-9,00","","Généralement dégagé"
"2000-01-28 20:00","2000","01","28","20:00"," ","-5,00","","-8,00","","79,00","","29,00","","9,00","","24,10","","100,07","","","","-9,00","","Généralement dégagé"
"2000-01-28 21:00","2000","01","28","21:00"," ","-5,10","","-8,40","","78,00","","28,00","","7,00","","24,10","","100,18","","","","-8,00","","Généralement dégagé"
"2000-01-28 22:00","2000","01","28","22:00"," ","-4,80","","-9,00","","72,00","","27,00","","13,00","","24,10","","100,21","","","","-10,00","","Généralement dégagé"
"2000-01-28 23:00","2000","01","28","23:00"," ","-5,30","","-9,00","","75,00","","29,00","","11,00","","24,10","","100,24","","","","-10,00","","Généralement nuageux"
"2000-01-29 00:00","2000","01","29","00:00"," ","-6,30","","-10,80","","70,00","","28,00","","11,00","","24,10","","100,31","","","","-11,00","","Averses de neige"
"2000-01-29 01:00","2000","01","29","01:00"," ","-6,90","","-10,70","","74,00","","25,00","","9,00","","24,10","","100,34","","","","-11,00","","Averses de neige"
"2000-01-29 02:00","2000","01","29","02:00"," ","-7,10","","-11,40","","71,00","","25,00","","13,00","","24,10","","100,44","","","","-13,00","","Averses de neige"
"2000-01-29 03:00","2000","01","29","03:00"," ","-7,60","","-11,40","","74,00","","26,00","","7,00","","24,10","","100,48","","","","-11,00","","Averses de neige"
"2000-01-29 04:00","2000","01","29","04:00"," ","-7,70","","-11,30","","75,00","","25,00","","11,00","","24,10","","100,51","","","","-13,00","","Averses de neige"
"2000-01-29 05:00","2000","01","29","05:00"," ","-8,20","","-10,90","","81,00","","29,00","","9,00","","4,80","","100,58","","","","-13,00","","Averses de neige"
"2000-01-29 06:00","2000","01","29","06:00"," ","-8,20","","-10,90","","81,00","","29,00","","9,00","","4,80","","100,65","","","","-13,00","","Averses de neige"
"2000-01-29 07:00","2000","01","29","07:00"," ","-9,00","","-11,10","","85,00","","28,00","","6,00","","8,00","","100,75","","","","-12,00","","Averses de neige"
"2000-01-29 08:00","2000","01","29","08:00"," ","-8,60","","-10,50","","86,00","","30,00","","7,00","","2,40","","100,78","","","","-12,00","","Averses de neige"
"2000-01-29 09:00","2000","01","29","09:00"," ","-6,20","","-8,20","","86,00","","31,00","","6,00","","4,00","","100,85","","","","-9,00","","Averses de neige"
"2000-01-29 10:00","2000","01","29","10:00"," ","-6,00","","-8,50","","82,00","","36,00","","17,00","","16,10","","100,95","","","","-12,00","","Averses de neige"
"2000-01-29 11:00","2000","01","29","11:00"," ","-5,20","","-8,80","","76,00","","35,00","","20,00","","24,10","","101,02","","","","-12,00","","Généralement dégagé"
"2000-01-29 12:00","2000","01","29","12:00"," ","-4,40","","-9,10","","70,00","","36,00","","15,00","","24,10","","100,95","","","","-10,00","","Généralement dégagé"
"2000-01-29 13:00","2000","01","29","13:00"," ","-3,90","","-8,60","","70,00","","35,00","","15,00","","24,10","","100,98","","","","-9,00","","Généralement dégagé"
"2000-01-29 14:00","2000","01","29","14:00"," ","-3,70","","-8,10","","71,00","","1,00","","30,00","","24,10","","100,98","","","","-11,00","","Généralement dégagé"
"2000-01-29 15:00","2000","01","29","15:00"," ","-3,30","","-7,70","","72,00","","36,00","","24,00","","24,10","","101,05","","","","-10,00","","Généralement dégagé"
"2000-01-29 16:00","2000","01","29","16:00"," ","-3,00","","-7,70","","70,00","","35,00","","19,00","","24,10","","101,12","","","","-9,00","","Généralement dégagé"
"2000-01-29 17:00","2000","01","29","17:00"," ","-3,80","","-8,40","","70,00","","33,00","","13,00","","24,10","","101,15","","","","-9,00","","Généralement dégagé"
"2000-01-29 18:00","2000","01","29","18:00"," ","-5,50","","-10,70","","67,00","","31,00","","9,00","","24,10","","101,19","","","","-10,00","","Dégagé"
"2000-01-29 19:00","2000","01","29","19:00"," ","-6,30","","-10,90","","70,00","","31,00","","13,00","","24,10","","101,22","","","","-12,00","","Dégagé"
"2000-01-29 20:00","2000","01","29","20:00"," ","-6,20","","-10,00","","74,00","","30,00","","9,00","","24,10","","101,29","","","","-10,00","","Dégagé"
"2000-01-29 21:00","2000","01","29","21:00"," ","-7,00","","-9,60","","82,00","","26,00","","11,00","","24,10","","101,32","","","","-12,00","","Généralement dégagé"
"2000-01-29 22:00","2000","01","29","22:00"," ","-5,90","","-9,00","","79,00","","27,00","","13,00","","24,10","","101,29","","","","-11,00","","Généralement dégagé"
"2000-01-29 23:00","2000","01","29","23:00"," ","-4,60","","-7,50","","80,00","","30,00","","9,00","","24,10","","101,29","","","","-8,00","","Généralement dégagé"
"2000-01-30 00:00","2000","01","30","00:00"," ","-4,20","","-7,30","","79,00","","27,00","","9,00","","24,10","","101,22","","","","-8,00","","Généralement dégagé"
"2000-01-30 01:00","2000","01","30","01:00"," ","-4,10","","-7,40","","78,00","","26,00","","7,00","","24,10","","101,19","","","","-7,00","","Généralement nuageux"
"2000-01-30 02:00","2000","01","30","02:00"," ","-4,10","","-7,90","","75,00","","28,00","","7,00","","24,10","","101,15","","","","-7,00","","Généralement nuageux"
"2000-01-30 03:00","2000","01","30","03:00"," ","-4,70","","-8,40","","75,00","","27,00","","15,00","","24,10","","101,15","","","","-10,00","","Généralement nuageux"
"2000-01-30 04:00","2000","01","30","04:00"," ","-5,20","","-8,10","","80,00","","28,00","","17,00","","24,10","","101,05","","","","-11,00","","Généralement nuageux"
"2000-01-30 05:00","2000","01","30","05:00"," ","-5,20","","-8,20","","79,00","","25,00","","9,00","","24,10","","101,02","","","","-9,00","","Généralement nuageux"
"2000-01-30 06:00","2000","01","30","06:00"," ","-6,20","","-9,20","","79,00","","25,00","","15,00","","24,10","","100,98","","","","-12,00","","Généralement dégagé"
"2000-01-30 07:00","2000","01","30","07:00"," ","-7,10","","-9,70","","82,00","","24,00","","13,00","","24,10","","100,95","","","","-13,00","","Généralement dégagé"
"2000-01-30 08:00","2000","01","30","08:00"," ","-7,10","","-9,60","","82,00","","23,00","","15,00","","24,10","","100,92","","","","-13,00","","Généralement dégagé"
"2000-01-30 09:00","2000","01","30","09:00"," ","-5,40","","-9,80","","71,00","","24,00","","17,00","","24,10","","100,88","","","","-11,00","","Dégagé"
"2000-01-30 10:00","2000","01","30","10:00"," ","-4,20","","-9,30","","68,00","","26,00","","20,00","","24,10","","100,88","","","","-11,00","","Dégagé"
"2000-01-30 11:00","2000","01","30","11:00"," ","-3,30","","-8,40","","68,00","","26,00","","19,00","","24,10","","100,88","","","","-9,00","","Généralement dégagé"
"2000-01-30 12:00","2000","01","30","12:00"," ","-2,70","","-8,00","","67,00","","33,00","","22,00","","24,10","","100,85","","","","-9,00","","Généralement dégagé"
"2000-01-30 13:00","2000","01","30","13:00"," ","-3,00","","-8,20","","67,00","","34,00","","24,00","","24,10","","100,85","","","","-10,00","","Généralement dégagé"
"2000-01-30 14:00","2000","01","30","14:00"," ","-2,70","","-8,10","","66,00","","32,00","","22,00","","24,10","","100,82","","","","-9,00","","Généralement nuageux"
"2000-01-30 15:00","2000","01","30","15:00"," ","-2,40","","-7,60","","67,00","","33,00","","17,00","","24,10","","100,88","","","","-8,00","","Généralement nuageux"
"2000-01-30 16:00","2000","01","30","16:00"," ","-2,30","","-7,40","","68,00","","30,00","","19,00","","24,10","","100,92","","","","-8,00","","Généralement nuageux"
"2000-01-30 17:00","2000","01","30","17:00"," ","-2,90","","-8,10","","67,00","","30,00","","17,00","","24,10","","100,98","","","","-8,00","","Généralement dégagé"
"2000-01-30 18:00","2000","01","30","18:00"," ","-3,30","","-7,80","","71,00","","30,00","","20,00","","24,10","","101,02","","","","-9,00","","Généralement nuageux"
"2000-01-30 19:00","2000","01","30","19:00"," ","-3,90","","-7,80","","74,00","","32,00","","9,00","","24,10","","101,08","","","","-8,00","","Généralement dégagé"
"2000-01-30 20:00","2000","01","30","20:00"," ","-4,80","","-8,70","","74,00","","28,00","","9,00","","24,10","","101,12","","","","-9,00","","Généralement dégagé"
"2000-01-30 21:00","2000","01","30","21:00"," ","-6,70","","-8,80","","85,00","","29,00","","13,00","","24,10","","101,15","","","","-12,00","","Dégagé"
"2000-01-30 22:00","2000","01","30","22:00"," ","-6,50","","-9,30","","80,00","","24,00","","9,00","","24,10","","101,19","","","","-11,00","","Généralement dégagé"
"2000-01-30 23:00","2000","01","30","23:00"," ","-7,30","","-9,40","","85,00","","22,00","","7,00","","24,10","","101,19","","","","-11,00","","Généralement dégagé"
"2000-01-31 00:00","2000","01","31","00:00"," ","-6,80","","-9,00","","84,00","","23,00","","11,00","","24,10","","101,19","","","","-12,00","","Généralement nuageux"
"2000-01-31 01:00","2000","01","31","01:00"," ","-6,40","","-8,70","","84,00","","23,00","","11,00","","24,10","","101,19","","","","-11,00","","Nuageux"
"2000-01-31 02:00","2000","01","31","02:00"," ","-5,70","","-8,00","","84,00","","24,00","","9,00","","24,10","","101,19","","","","-10,00","","Nuageux"
"2000-01-31 03:00","2000","01","31","03:00"," ","-6,40","","-8,50","","85,00","","22,00","","6,00","","24,10","","101,22","","","","-9,00","","Généralement nuageux"
"2000-01-31 04:00","2000","01","31","04:00"," ","-9,20","","-11,10","","86,00","","19,00","","6,00","","24,10","","101,22","","","","-13,00","","Généralement dégagé"
"2000-01-31 05:00","2000","01","31","05:00"," ","-9,30","","-11,20","","86,00","","20,00","","7,00","","24,10","","101,19","","","","-13,00","","Généralement dégagé"
"2000-01-31 06:00","2000","01","31","06:00"," ","-9,20","","-11,20","","85,00","","20,00","","6,00","","24,10","","101,22","","","","-13,00","","Généralement dégagé"
"2000-01-31 07:00","2000","01","31","07:00"," ","-9,90","","-11,60","","87,00","","19,00","","7,00","","24,10","","101,19","","","","-14,00","","Généralement dégagé"
"2000-01-31 08:00","2000","01","31","08:00"," ","-7,50","","-8,90","","90,00","","20,00","","9,00","","24,10","","101,19","","","","-12,00","","Nuageux"
"2000-01-31 09:00","2000","01","31","09:00"," ","-4,80","","-6,90","","85,00","","19,00","","9,00","","24,10","","101,15","","","","-9,00","","Nuageux"
"2000-01-31 10:00","2000","01","31","10:00"," ","-3,40","","-5,70","","84,00","","18,00","","11,00","","24,10","","101,15","","","","-8,00","","Nuageux"
"2000-01-31 11:00","2000","01","31","11:00"," ","-2,60","","-5,00","","84,00","","19,00","","9,00","","24,10","","101,08","","","","-6,00","","Nuageux"
"2000-01-31 12:00","2000","01","31","12:00"," ","-1,70","","-4,90","","79,00","","18,00","","13,00","","24,10","","100,95","","","","-6,00","","Nuageux"
"2000-01-31 13:00","2000","01","31","13:00"," ","-1,40","","-4,50","","79,00","","17,00","","20,00","","24,10","","100,75","","","","-7,00","","Nuageux"
"2000-01-31 14:00","2000","01","31","14:00"," ","-1,00","","-3,80","","81,00","","18,00","","20,00","","24,10","","100,68","","","","-7,00","","Nuageux"
"2000-01-31 15:00","2000","01","31","15:00"," ","-0,50","","-3,10","","83,00","","15,00","","22,00","","24,10","","100,51","","","","-6,00","","Nuageux"
"2000-01-31 16:00","2000","01","31","16:00"," ","-0,50","","-2,70","","85,00","","15,00","","20,00","","24,10","","100,41","","","","-6,00","","Nuageux"
"2000-01-31 17:00","2000","01","31","17:00"," ","-0,30","","-1,90","","89,00","","14,00","","20,00","","4,80","","100,31","","","","-6,00","","Averses de neige"
"2000-01-31 18:00","2000","01","31","18:00"," ","0,00","","-1,40","","90,00","","13,00","","26,00","","4,80","","100,14","","","","-6,00","","Neige,Granules de glace ou grésil"
"2000-01-31 19:00","2000","01","31","19:00"," ","0,50","","-0,50","","93,00","","14,00","","35,00","","16,10","","99,84","","","","","","Pluie"
"2000-01-31 20:00","2000","01","31","20:00"," ","1,10","","0,10","","93,00","","14,00","","37,00","","12,90","","99,57","","","","","","Pluie"
"2000-01-31 21:00","2000","01","31","21:00"," ","1,60","","0,80","","94,00","","14,00","","35,00","","12,90","","99,33","","","","","","Pluie"
"2000-01-31 22:00","2000","01","31","22:00"," ","2,60","","1,20","","90,00","","14,00","","50,00","","9,70","","99,06","","","","","","Pluie modérée,Brouillard"
"2000-01-31 23:00","2000","01","31","23:00"," ","4,10","","3,20","","94,00","","15,00","","48,00","","8,00","","98,80","","","","","","Pluie,Brouillard"
