"Nom de la Station","TIMMINS VICTOR POWER A"
"Province","ONTARIO"
"Latitude","48,57"
"Longitude","-81,38"
"Altitude","294,70"
"Identification Climat","6078285"
"Identification OMM","71739"
"Identification TC","YTS"
"Toutes les heures sont exprimées en heure normale locale (HNL). Pour convertir l'heure locale en heure avancée de l'Est (HAE), ajoutez 1 heure s'il y a lieu."

"Légende"
"M","Données Manquantes"
"E","Valeur Estimée"
"ND","Non Disponible"
"**","Données fournies par un partenaire, non assujetties à un révision par les Archives climatiques nationales du Canada"

"Date/Heure","Année","Mois","Jour","Heure","Qualité des Données","Temp (°C)","Temp Indicateur","Point de rosée (°C)","Point de rosée Indicateur","Hum. rel (%)","Hum. rel. Indicateur","Dir. du vent (10s deg)","Dir. du vent Indicateur","Vit. du vent (km/h)","Vit. du vent Indicateur","Visibilité (km)","Visibilité Indicateur","Pression à la station (kPa)","Pression à la station Indicateur","Hmdx","Hmdx Indicateur","Refroid. éolien","Refroid. éolien Indicateur","Temps"
"1972-06-01 00:00","1972","06","01","00:00"," ","7,80","","1,70","","66,00","","29,00","","6,00","","24,10","","97,31","","","","","","Nuageux"
"1972-06-01 01:00","1972","06","01","01:00"," ","7,80","","2,80","","72,00","","28,00","","5,00","","24,10","","97,30","","","","","","Nuageux"
"1972-06-01 02:00","1972","06","01","02:00"," ","5,60","","3,30","","85,00","","0,00","","0,00","","24,10","","97,25","","","","","","Généralement dégagé"
"1972-06-01 03:00","1972","06","01","03:00"," ","5,00","","3,30","","89,00","","21,00","","5,00","","24,10","","97,21","","","","","","Généralement dégagé"
"1972-06-01 04:00","1972","06","01","04:00"," ","4,40","","3,30","","93,00","","14,00","","6,00","","24,10","","97,19","","","","","","Généralement nuageux"
"1972-06-01 05:00","1972","06","01","05:00"," ","5,60","","4,40","","91,00","","16,00","","3,00","","24,10","","97,24","","","","","","Nuageux"
"1972-06-01 06:00","1972","06","01","06:00"," ","6,10","","4,40","","89,00","","15,00","","3,00","","24,10","","97,26","","","","","","Nuageux"
"1972-06-01 07:00","1972","06","01","07:00"," ","7,80","","5,00","","84,00","","18,00","","5,00","","24,10","","97,28","","","","","","Généralement nuageux"
"1972-06-01 08:00","1972","06","01","08:00"," ","10,00","","5,60","","73,00","","18,00","","6,00","","24,10","","97,30","","","","","","Généralement nuageux"
"1972-06-01 09:00","1972","06","01","09:00"," ","12,20","","6,10","","66,00","","21,00","","6,00","","24,10","","97,27","","","","","","Généralement nuageux"
"1972-06-01 10:00","1972","06","01","10:00"," ","13,90","","3,90","","51,00","","0,00","","0,00","","24,10","","97,23","","","","","","Généralement nuageux"
"1972-06-01 11:00","1972","06","01","11:00"," ","16,10","","4,40","","46,00","","29,00","","6,00","","24,10","","97,17","","","","","","Généralement dégagé"
"1972-06-01 12:00","1972","06","01","12:00"," ","17,80","","5,00","","44,00","","27,00","","10,00","","24,10","","97,14","","","","","","Généralement dégagé"
"1972-06-01 13:00","1972","06","01","13:00"," ","18,30","","4,40","","40,00","","33,00","","10,00","","24,10","","97,11","","","","","","Généralement dégagé"
"1972-06-01 14:00","1972","06","01","14:00"," ","18,90","","4,40","","39,00","","36,00","","11,00","","24,10","","97,14","","","","","","Nuageux"
"1972-06-01 15:00","1972","06","01","15:00"," ","18,90","","6,10","","44,00","","3,00","","6,00","","24,10","","97,14","","","","","","Nuageux"
"1972-06-01 16:00","1972","06","01","16:00"," ","18,90","","5,00","","41,00","","3,00","","5,00","","24,10","","97,15","","","","","","Généralement nuageux"
"1972-06-01 17:00","1972","06","01","17:00"," ","18,30","","6,10","","46,00","","11,00","","6,00","","24,10","","97,15","","","","","","Généralement nuageux"
"1972-06-01 18:00","1972","06","01","18:00"," ","17,80","","6,10","","46,00","","8,00","","5,00","","24,10","","97,16","","","","","","Généralement nuageux"
"1972-06-01 19:00","1972","06","01","19:00"," ","17,80","","7,80","","53,00","","1,00","","5,00","","24,10","","97,15","","","","","","Généralement nuageux"
"1972-06-01 20:00","1972","06","01","20:00"," ","17,20","","7,20","","51,00","","33,00","","5,00","","24,10","","97,15","","","","","","Généralement nuageux"
"1972-06-01 21:00","1972","06","01","21:00"," ","15,00","","7,20","","60,00","","34,00","","8,00","","24,10","","97,18","","","","","","Généralement nuageux"
"1972-06-01 22:00","1972","06","01","22:00"," ","14,40","","7,20","","63,00","","35,00","","8,00","","24,10","","97,20","","","","","","Généralement nuageux"
"1972-06-01 23:00","1972","06","01","23:00"," ","12,80","","7,20","","68,00","","35,00","","6,00","","24,10","","97,21","","","","","","Généralement dégagé"
"1972-06-02 00:00","1972","06","02","00:00"," ","11,10","","6,10","","72,00","","33,00","","6,00","","24,10","","97,23","","","","","","Dégagé"
"1972-06-02 01:00","1972","06","02","01:00"," ","10,60","","6,10","","73,00","","36,00","","3,00","","24,10","","97,24","","","","","","Généralement dégagé"
"1972-06-02 02:00","1972","06","02","02:00"," ","8,30","","6,10","","85,00","","1,00","","13,00","","24,10","","97,24","","","","","","Généralement dégagé"
"1972-06-02 03:00","1972","06","02","03:00"," ","8,30","","5,60","","83,00","","2,00","","6,00","","24,10","","97,23","","","","","","Généralement dégagé"
"1972-06-02 04:00","1972","06","02","04:00"," ","7,20","","5,00","","85,00","","5,00","","5,00","","24,10","","97,23","","","","","","Généralement dégagé"
"1972-06-02 05:00","1972","06","02","05:00"," ","6,70","","3,90","","82,00","","0,00","","0,00","","24,10","","97,24","","","","","","Généralement dégagé"
"1972-06-02 06:00","1972","06","02","06:00"," ","7,80","","4,40","","77,00","","32,00","","5,00","","24,10","","97,28","","","","","","Dégagé"
"1972-06-02 07:00","1972","06","02","07:00"," ","10,60","","4,40","","66,00","","2,00","","3,00","","25,00","","97,28","","","","","","Dégagé"
"1972-06-02 08:00","1972","06","02","08:00"," ","14,40","","4,40","","52,00","","12,00","","6,00","","24,10","","97,27","","","","","","Dégagé"
"1972-06-02 09:00","1972","06","02","09:00"," ","16,10","","4,40","","46,00","","0,00","","0,00","","24,10","","97,22","","","","","","Dégagé"
"1972-06-02 10:00","1972","06","02","10:00"," ","18,90","","3,90","","37,00","","0,00","","0,00","","24,10","","97,20","","","","","","Généralement dégagé"
"1972-06-02 11:00","1972","06","02","11:00"," ","20,00","","3,30","","33,00","","0,00","","0,00","","24,10","","97,18","","","","","","Généralement dégagé"
"1972-06-02 12:00","1972","06","02","12:00"," ","20,00","","3,30","","33,00","","5,00","","5,00","","24,10","","97,12","","","","","","Généralement nuageux"
"1972-06-02 13:00","1972","06","02","13:00"," ","21,10","","2,20","","29,00","","27,00","","6,00","","24,10","","97,06","","","","","","Généralement nuageux"
"1972-06-02 14:00","1972","06","02","14:00"," ","22,80","","1,70","","25,00","","27,00","","8,00","","24,10","","97,03","","","","","","Généralement nuageux"
"1972-06-02 15:00","1972","06","02","15:00"," ","21,70","","3,90","","31,00","","0,00","","0,00","","24,10","","96,98","","","","","","Généralement nuageux"
"1972-06-02 16:00","1972","06","02","16:00"," ","22,80","","3,30","","29,00","","0,00","","0,00","","24,10","","96,95","","","","","","Généralement nuageux"
"1972-06-02 17:00","1972","06","02","17:00"," ","24,40","","3,30","","26,00","","24,00","","8,00","","24,10","","96,92","","","","","","Généralement dégagé"
"1972-06-02 18:00","1972","06","02","18:00"," ","23,30","","3,30","","27,00","","24,00","","6,00","","24,10","","96,87","","","","","","Généralement dégagé"
"1972-06-02 19:00","1972","06","02","19:00"," ","22,80","","4,40","","32,00","","22,00","","8,00","","24,10","","96,84","","","","","","Généralement dégagé"
"1972-06-02 20:00","1972","06","02","20:00"," ","20,00","","6,70","","43,00","","19,00","","8,00","","24,10","","96,86","","","","","","Généralement dégagé"
"1972-06-02 21:00","1972","06","02","21:00"," ","17,20","","8,30","","57,00","","20,00","","5,00","","16,10","","96,88","","","","","","Généralement dégagé"
"1972-06-02 22:00","1972","06","02","22:00"," ","14,40","","8,30","","65,00","","18,00","","6,00","","16,10","","96,88","","","","","","Généralement dégagé"
"1972-06-02 23:00","1972","06","02","23:00"," ","13,90","","8,30","","68,00","","21,00","","6,00","","16,10","","96,88","","","","","","Généralement dégagé"
"1972-06-03 00:00","1972","06","03","00:00"," ","12,20","","7,80","","74,00","","20,00","","5,00","","16,10","","96,90","","","","","","Généralement dégagé"
"1972-06-03 01:00","1972","06","03","01:00"," ","11,10","","7,20","","78,00","","18,00","","8,00","","16,10","","96,87","","","","","","Généralement dégagé"
"1972-06-03 02:00","1972","06","03","02:00"," ","11,10","","6,10","","72,00","","21,00","","8,00","","24,10","","96,87","","","","","","Généralement dégagé"
"1972-06-03 03:00","1972","06","03","03:00"," ","10,60","","6,10","","75,00","","21,00","","8,00","","24,10","","96,88","","","","","","Généralement dégagé"
"1972-06-03 04:00","1972","06","03","04:00"," ","12,20","","8,30","","76,00","","22,00","","8,00","","16,10","","96,95","","","","","","Averses de pluie"
"1972-06-03 05:00","1972","06","03","05:00"," ","12,20","","9,40","","84,00","","0,00","","0,00","","6,40","","97,01","","","","","","Averses de pluie"
"1972-06-03 06:00","1972","06","03","06:00"," ","11,10","","10,00","","92,00","","18,00","","6,00","","12,90","","97,03","","","","","","Généralement nuageux"
"1972-06-03 07:00","1972","06","03","07:00"," ","11,70","","10,60","","93,00","","17,00","","6,00","","12,90","","97,05","","","","","","Généralement nuageux"
"1972-06-03 08:00","1972","06","03","08:00"," ","13,30","","11,10","","87,00","","21,00","","8,00","","19,30","","97,13","","","","","","Généralement nuageux"
"1972-06-03 09:00","1972","06","03","09:00"," ","15,60","","12,80","","82,00","","21,00","","6,00","","19,30","","97,05","","","","","","Généralement nuageux"
"1972-06-03 10:00","1972","06","03","10:00"," ","19,40","","10,00","","56,00","","24,00","","13,00","","19,30","","97,02","","","","","","Généralement dégagé"
"1972-06-03 11:00","1972","06","03","11:00"," ","21,70","","11,10","","52,00","","27,00","","5,00","","19,30","","97,02","","","","","","Généralement dégagé"
"1972-06-03 12:00","1972","06","03","12:00"," ","23,30","","11,70","","48,00","","0,00","","0,00","","19,30","","97,02","","25,00","","","","Généralement dégagé"
"1972-06-03 13:00","1972","06","03","13:00"," ","25,60","","12,20","","43,00","","25,00","","11,00","","19,30","","97,02","","28,00","","","","Généralement dégagé"
"1972-06-03 14:00","1972","06","03","14:00"," ","26,10","","11,10","","39,00","","30,00","","8,00","","19,30","","96,93","","28,00","","","","Généralement nuageux"
"1972-06-03 15:00","1972","06","03","15:00"," ","17,80","","12,80","","72,00","","15,00","","8,00","","16,10","","97,00","","","","","","Orages,Averses de pluie modérées"
"1972-06-03 16:00","1972","06","03","16:00"," ","15,60","","14,40","","92,00","","31,00","","16,00","","12,90","","97,25","","","","","","Averses de pluie"
"1972-06-03 17:00","1972","06","03","17:00"," ","15,60","","14,40","","93,00","","1,00","","16,00","","24,10","","97,20","","","","","","Orages"
"1972-06-03 18:00","1972","06","03","18:00"," ","15,60","","13,30","","88,00","","2,00","","19,00","","24,10","","97,17","","","","","","Généralement nuageux"
"1972-06-03 19:00","1972","06","03","19:00"," ","16,10","","13,30","","85,00","","0,00","","0,00","","24,10","","97,36","","","","","","Généralement nuageux"
"1972-06-03 20:00","1972","06","03","20:00"," ","15,00","","13,30","","89,00","","34,00","","19,00","","9,70","","97,52","","","","","","Averses de pluie"
"1972-06-03 21:00","1972","06","03","21:00"," ","13,90","","6,70","","60,00","","33,00","","10,00","","24,10","","97,62","","","","","","Nuageux"
"1972-06-03 22:00","1972","06","03","22:00"," ","13,30","","11,70","","90,00","","33,00","","16,00","","24,10","","97,70","","","","","","Nuageux"
"1972-06-03 23:00","1972","06","03","23:00"," ","12,20","","10,60","","90,00","","36,00","","8,00","","24,10","","97,76","","","","","","Généralement dégagé"
"1972-06-04 00:00","1972","06","04","00:00"," ","11,10","","10,00","","92,00","","3,00","","6,00","","16,10","","97,78","","","","","","Généralement dégagé"
"1972-06-04 01:00","1972","06","04","01:00"," ","10,60","","8,30","","89,00","","36,00","","5,00","","16,10","","97,80","","","","","","Généralement dégagé"
"1972-06-04 02:00","1972","06","04","02:00"," ","9,40","","7,20","","87,00","","34,00","","11,00","","16,10","","97,90","","","","","","Généralement dégagé"
"1972-06-04 03:00","1972","06","04","03:00"," ","8,90","","5,60","","81,00","","33,00","","6,00","","16,10","","98,05","","","","","","Généralement nuageux"
"1972-06-04 04:00","1972","06","04","04:00"," ","8,30","","5,00","","79,00","","2,00","","13,00","","16,10","","98,14","","","","","","Généralement nuageux"
"1972-06-04 05:00","1972","06","04","05:00"," ","7,20","","5,60","","89,00","","35,00","","19,00","","16,10","","98,30","","","","","","Averses de pluie"
"1972-06-04 06:00","1972","06","04","06:00"," ","6,10","","3,90","","85,00","","4,00","","11,00","","16,10","","98,45","","","","","","Généralement nuageux"
"1972-06-04 07:00","1972","06","04","07:00"," ","6,10","","3,90","","86,00","","3,00","","16,00","","16,10","","98,52","","","","","","Averses de pluie"
"1972-06-04 08:00","1972","06","04","08:00"," ","6,70","","3,30","","79,00","","2,00","","16,00","","19,30","","98,62","","","","","","Nuageux"
"1972-06-04 09:00","1972","06","04","09:00"," ","6,70","","2,80","","75,00","","1,00","","16,00","","24,10","","98,71","","","","","","Généralement nuageux"
"1972-06-04 10:00","1972","06","04","10:00"," ","10,00","","3,30","","62,00","","2,00","","16,00","","24,10","","98,74","","","","","","Généralement nuageux"
"1972-06-04 11:00","1972","06","04","11:00"," ","10,00","","2,20","","59,00","","36,00","","18,00","","24,10","","98,76","","","","","","Généralement dégagé"
"1972-06-04 12:00","1972","06","04","12:00"," ","11,10","","3,30","","58,00","","35,00","","19,00","","24,10","","98,79","","","","","","Généralement dégagé"
"1972-06-04 13:00","1972","06","04","13:00"," ","12,80","","2,20","","50,00","","36,00","","13,00","","24,10","","98,79","","","","","","Généralement nuageux"
"1972-06-04 14:00","1972","06","04","14:00"," ","13,90","","1,70","","45,00","","36,00","","10,00","","24,10","","98,79","","","","","","Généralement nuageux"
"1972-06-04 15:00","1972","06","04","15:00"," ","14,40","","2,80","","45,00","","36,00","","13,00","","24,10","","98,82","","","","","","Généralement dégagé"
"1972-06-04 16:00","1972","06","04","16:00"," ","13,90","","2,80","","47,00","","36,00","","13,00","","24,10","","98,83","","","","","","Généralement nuageux"
"1972-06-04 17:00","1972","06","04","17:00"," ","13,30","","2,20","","47,00","","2,00","","19,00","","24,10","","98,85","","","","","","Généralement dégagé"
"1972-06-04 18:00","1972","06","04","18:00"," ","12,80","","2,80","","50,00","","34,00","","13,00","","24,10","","98,84","","","","","","Généralement dégagé"
"1972-06-04 19:00","1972","06","04","19:00"," ","12,20","","3,30","","54,00","","34,00","","10,00","","24,10","","98,86","","","","","","Généralement dégagé"
"1972-06-04 20:00","1972","06","04","20:00"," ","11,10","","3,30","","60,00","","34,00","","8,00","","24,10","","98,85","","","","","","Généralement dégagé"
"1972-06-04 21:00","1972","06","04","21:00"," ","9,40","","2,80","","64,00","","33,00","","6,00","","24,10","","98,87","","","","","","Généralement dégagé"
"1972-06-04 22:00","1972","06","04","22:00"," ","8,30","","2,80","","68,00","","36,00","","6,00","","24,10","","98,87","","","","","","Généralement dégagé"
"1972-06-04 23:00","1972","06","04","23:00"," ","5,60","","3,30","","85,00","","0,00","","0,00","","24,10","","98,87","","","","","","Dégagé"
"1972-06-05 00:00","1972","06","05","00:00"," ","5,00","","3,30","","89,00","","0,00","","0,00","","24,10","","98,87","","","","","","Dégagé"
"1972-06-05 01:00","1972","06","05","01:00"," ","4,40","","2,80","","88,00","","0,00","","0,00","","24,10","","98,87","","","","","","Dégagé"
"1972-06-05 02:00","1972","06","05","02:00"," ","2,20","","1,70","","96,00","","0,00","","0,00","","24,10","","98,87","","","","","","Dégagé"
"1972-06-05 03:00","1972","06","05","03:00"," ","2,20","","1,70","","97,00","","0,00","","0,00","","24,10","","98,84","","","","","","Dégagé"
"1972-06-05 04:00","1972","06","05","04:00"," ","2,20","","1,70","","96,00","","0,00","","0,00","","24,10","","98,82","","","","","","Généralement dégagé"
"1972-06-05 05:00","1972","06","05","05:00"," ","2,20","","1,70","","96,00","","15,00","","5,00","","24,10","","98,82","","","","","","Généralement dégagé"
"1972-06-05 06:00","1972","06","05","06:00"," ","4,40","","2,80","","89,00","","17,00","","5,00","","24,10","","98,82","","","","","","Généralement dégagé"
"1972-06-05 07:00","1972","06","05","07:00"," ","7,80","","3,90","","77,00","","18,00","","6,00","","24,10","","98,82","","","","","","Généralement dégagé"
"1972-06-05 08:00","1972","06","05","08:00"," ","11,10","","3,30","","60,00","","17,00","","16,00","","24,10","","98,75","","","","","","Généralement dégagé"
"1972-06-05 09:00","1972","06","05","09:00"," ","13,90","","3,30","","48,00","","20,00","","19,00","","24,10","","98,67","","","","","","Généralement dégagé"
"1972-06-05 10:00","1972","06","05","10:00"," ","16,10","","3,90","","44,00","","20,00","","16,00","","24,10","","98,60","","","","","","Généralement nuageux"
"1972-06-05 11:00","1972","06","05","11:00"," ","16,10","","3,90","","43,00","","20,00","","16,00","","24,10","","98,51","","","","","","Généralement nuageux"
"1972-06-05 12:00","1972","06","05","12:00"," ","18,90","","3,90","","36,00","","17,00","","19,00","","24,10","","98,34","","","","","","Généralement nuageux"
"1972-06-05 13:00","1972","06","05","13:00"," ","20,00","","3,30","","33,00","","20,00","","23,00","","24,10","","98,25","","","","","","Généralement nuageux"
"1972-06-05 14:00","1972","06","05","14:00"," ","21,10","","2,80","","30,00","","20,00","","16,00","","24,10","","98,14","","","","","","Nuageux"
"1972-06-05 15:00","1972","06","05","15:00"," ","21,10","","4,40","","34,00","","20,00","","16,00","","24,10","","98,05","","","","","","Nuageux"
"1972-06-05 16:00","1972","06","05","16:00"," ","21,10","","6,10","","38,00","","16,00","","19,00","","24,10","","97,97","","","","","","Nuageux"
"1972-06-05 17:00","1972","06","05","17:00"," ","21,10","","7,20","","42,00","","17,00","","13,00","","24,10","","97,90","","","","","","Généralement nuageux"
"1972-06-05 18:00","1972","06","05","18:00"," ","18,90","","7,80","","49,00","","17,00","","5,00","","24,10","","97,79","","","","","","Averses de pluie"
"1972-06-05 19:00","1972","06","05","19:00"," ","18,90","","8,30","","50,00","","18,00","","8,00","","24,10","","97,73","","","","","","Averses de pluie"
"1972-06-05 20:00","1972","06","05","20:00"," ","17,20","","9,40","","61,00","","20,00","","10,00","","19,30","","97,69","","","","","","Averses de pluie"
"1972-06-05 21:00","1972","06","05","21:00"," ","16,70","","8,90","","60,00","","22,00","","24,00","","16,10","","97,72","","","","","","Averses de pluie"
"1972-06-05 22:00","1972","06","05","22:00"," ","14,40","","10,60","","78,00","","21,00","","8,00","","19,30","","97,67","","","","","","Averses de pluie"
"1972-06-05 23:00","1972","06","05","23:00"," ","14,40","","8,90","","70,00","","20,00","","14,00","","24,10","","97,59","","","","","","Généralement dégagé"
"1972-06-06 00:00","1972","06","06","00:00"," ","14,40","","7,80","","63,00","","20,00","","19,00","","24,10","","97,50","","","","","","Généralement nuageux"
"1972-06-06 01:00","1972","06","06","01:00"," ","14,40","","7,20","","63,00","","22,00","","23,00","","24,10","","97,43","","","","","","Généralement nuageux"
"1972-06-06 02:00","1972","06","06","02:00"," ","13,90","","7,80","","65,00","","21,00","","11,00","","24,10","","97,35","","","","","","Nuageux"
"1972-06-06 03:00","1972","06","06","03:00"," ","13,90","","6,70","","61,00","","24,00","","19,00","","24,10","","97,34","","","","","","Nuageux"
"1972-06-06 04:00","1972","06","06","04:00"," ","12,20","","10,00","","88,00","","24,00","","13,00","","8,00","","97,33","","","","","","Bruine"
"1972-06-06 05:00","1972","06","06","05:00"," ","12,20","","10,60","","91,00","","27,00","","16,00","","4,80","","97,33","","","","","","Bruine,Brouillard"
"1972-06-06 06:00","1972","06","06","06:00"," ","12,20","","11,10","","94,00","","30,00","","24,00","","3,20","","97,40","","","","","","Bruine,Brouillard"
"1972-06-06 07:00","1972","06","06","07:00"," ","12,20","","10,60","","91,00","","33,00","","24,00","","3,20","","97,52","","","","","","Bruine,Brouillard"
"1972-06-06 08:00","1972","06","06","08:00"," ","12,20","","10,00","","88,00","","33,00","","27,00","","12,90","","97,68","","","","","","Bruine"
"1972-06-06 09:00","1972","06","06","09:00"," ","13,30","","10,00","","80,00","","36,00","","24,00","","16,10","","97,74","","","","","","Généralement nuageux"
"1972-06-06 10:00","1972","06","06","10:00"," ","16,10","","7,20","","54,00","","33,00","","24,00","","24,10","","97,80","","","","","","Généralement nuageux"
"1972-06-06 11:00","1972","06","06","11:00"," ","18,30","","3,90","","38,00","","34,00","","24,00","","24,10","","97,83","","","","","","Généralement nuageux"
"1972-06-06 12:00","1972","06","06","12:00"," ","18,90","","2,20","","34,00","","36,00","","16,00","","24,10","","97,86","","","","","","Généralement nuageux"
"1972-06-06 13:00","1972","06","06","13:00"," ","20,00","","2,80","","32,00","","32,00","","24,00","","24,10","","97,89","","","","","","Généralement nuageux"
"1972-06-06 14:00","1972","06","06","14:00"," ","20,60","","0,60","","27,00","","34,00","","24,00","","24,10","","97,89","","","","","","Généralement nuageux"
"1972-06-06 15:00","1972","06","06","15:00"," ","20,60","","1,10","","28,00","","33,00","","24,00","","24,10","","97,92","","","","","","Généralement dégagé"
"1972-06-06 16:00","1972","06","06","16:00"," ","19,40","","1,10","","30,00","","36,00","","24,00","","24,10","","97,97","","","","","","Généralement dégagé"
"1972-06-06 17:00","1972","06","06","17:00"," ","20,60","","1,70","","29,00","","35,00","","24,00","","25,00","","97,99","","","","","","Généralement dégagé"
"1972-06-06 18:00","1972","06","06","18:00"," ","20,00","","2,20","","32,00","","34,00","","24,00","","25,00","","98,01","","","","","","Généralement dégagé"
"1972-06-06 19:00","1972","06","06","19:00"," ","19,40","","2,20","","33,00","","35,00","","24,00","","25,00","","98,06","","","","","","Généralement dégagé"
"1972-06-06 20:00","1972","06","06","20:00"," ","17,20","","3,90","","41,00","","34,00","","8,00","","25,00","","98,08","","","","","","Généralement dégagé"
"1972-06-06 21:00","1972","06","06","21:00"," ","15,00","","5,00","","52,00","","34,00","","6,00","","24,10","","98,09","","","","","","Généralement dégagé"
"1972-06-06 22:00","1972","06","06","22:00"," ","12,20","","5,60","","63,00","","29,00","","5,00","","24,10","","98,11","","","","","","Généralement dégagé"
"1972-06-06 23:00","1972","06","06","23:00"," ","11,70","","5,60","","67,00","","29,00","","5,00","","24,10","","98,13","","","","","","Généralement dégagé"
"1972-06-07 00:00","1972","06","07","00:00"," ","8,30","","6,10","","84,00","","0,00","","0,00","","24,10","","98,13","","","","","","Généralement dégagé"
"1972-06-07 01:00","1972","06","07","01:00"," ","8,90","","6,10","","86,00","","20,00","","6,00","","24,10","","98,12","","","","","","Généralement nuageux"
"1972-06-07 02:00","1972","06","07","02:00"," ","8,90","","6,10","","86,00","","24,00","","6,00","","24,10","","98,11","","","","","","Nuageux"
"1972-06-07 03:00","1972","06","07","03:00"," ","8,90","","6,70","","86,00","","21,00","","6,00","","24,10","","98,07","","","","","","Averses de pluie"
"1972-06-07 04:00","1972","06","07","04:00"," ","8,90","","6,70","","86,00","","13,00","","5,00","","24,10","","98,07","","","","","","Averses de pluie"
"1972-06-07 05:00","1972","06","07","05:00"," ","8,90","","8,30","","95,00","","0,00","","0,00","","16,10","","98,12","","","","","","Pluie"
"1972-06-07 06:00","1972","06","07","06:00"," ","10,00","","8,30","","87,00","","17,00","","6,00","","19,30","","98,04","","","","","","Nuageux"
"1972-06-07 07:00","1972","06","07","07:00"," ","10,60","","7,80","","83,00","","17,00","","6,00","","16,10","","98,03","","","","","","Averses de pluie"
"1972-06-07 08:00","1972","06","07","08:00"," ","12,20","","8,90","","80,00","","21,00","","8,00","","19,30","","98,04","","","","","","Nuageux"
"1972-06-07 09:00","1972","06","07","09:00"," ","13,90","","8,90","","72,00","","18,00","","5,00","","19,30","","98,02","","","","","","Nuageux"
"1972-06-07 10:00","1972","06","07","10:00"," ","16,10","","8,90","","62,00","","19,00","","5,00","","19,30","","97,94","","","","","","Nuageux"
"1972-06-07 11:00","1972","06","07","11:00"," ","18,90","","9,40","","54,00","","21,00","","5,00","","19,30","","97,84","","","","","","Généralement nuageux"
"1972-06-07 12:00","1972","06","07","12:00"," ","21,70","","10,60","","50,00","","15,00","","5,00","","19,30","","97,73","","","","","","Généralement dégagé"
"1972-06-07 13:00","1972","06","07","13:00"," ","22,20","","10,60","","47,00","","25,00","","8,00","","19,30","","97,65","","","","","","Généralement dégagé"
"1972-06-07 14:00","1972","06","07","14:00"," ","23,30","","10,00","","43,00","","0,00","","0,00","","16,10","","97,55","","25,00","","","","Généralement dégagé"
"1972-06-07 15:00","1972","06","07","15:00"," ","22,80","","10,60","","47,00","","0,00","","0,00","","16,10","","97,50","","","","","","Généralement nuageux"
"1972-06-07 16:00","1972","06","07","16:00"," ","23,90","","11,10","","44,00","","0,00","","0,00","","16,10","","97,44","","26,00","","","","Généralement nuageux"
"1972-06-07 17:00","1972","06","07","17:00"," ","23,90","","11,10","","44,00","","0,00","","0,00","","16,10","","97,40","","26,00","","","","Généralement nuageux"
"1972-06-07 18:00","1972","06","07","18:00"," ","23,90","","10,60","","43,00","","11,00","","6,00","","16,10","","97,28","","25,00","","","","Généralement dégagé"
"1972-06-07 19:00","1972","06","07","19:00"," ","21,70","","11,70","","52,00","","11,00","","14,00","","11,30","","97,24","","","","","","Orages,Averses de pluie"
"1972-06-07 20:00","1972","06","07","20:00"," ","18,30","","13,90","","75,00","","2,00","","13,00","","4,80","","97,32","","","","","","Orages,Averses de pluie"
"1972-06-07 21:00","1972","06","07","21:00"," ","15,60","","13,30","","89,00","","4,00","","13,00","","11,30","","97,40","","","","","","Généralement dégagé"
"1972-06-07 22:00","1972","06","07","22:00"," ","14,40","","12,20","","89,00","","6,00","","6,00","","19,30","","97,33","","","","","","Généralement dégagé"
"1972-06-07 23:00","1972","06","07","23:00"," ","13,90","","12,20","","90,00","","34,00","","6,00","","19,30","","97,38","","","","","","Généralement dégagé"
"1972-06-08 00:00","1972","06","08","00:00"," ","12,80","","11,70","","94,00","","0,00","","0,00","","24,10","","97,38","","","","","","Généralement nuageux"
"1972-06-08 01:00","1972","06","08","01:00"," ","12,80","","11,70","","94,00","","0,00","","0,00","","6,40","","97,34","","","","","","Brouillard"
"1972-06-08 02:00","1972","06","08","02:00"," ","12,80","","11,70","","94,00","","3,00","","16,00","","4,80","","97,31","","","","","","Brouillard"
"1972-06-08 03:00","1972","06","08","03:00"," ","12,20","","11,10","","93,00","","3,00","","10,00","","6,40","","97,29","","","","","","Brouillard"
"1972-06-08 04:00","1972","06","08","04:00"," ","11,70","","10,00","","91,00","","36,00","","5,00","","9,70","","97,34","","","","","","Brouillard"
"1972-06-08 05:00","1972","06","08","05:00"," ","11,10","","9,40","","90,00","","3,00","","13,00","","12,90","","97,32","","","","","","Nuageux"
"1972-06-08 06:00","1972","06","08","06:00"," ","10,60","","8,90","","89,00","","3,00","","8,00","","16,10","","97,36","","","","","","Nuageux"
"1972-06-08 07:00","1972","06","08","07:00"," ","10,60","","9,40","","92,00","","3,00","","8,00","","9,70","","97,39","","","","","","Brouillard"
"1972-06-08 08:00","1972","06","08","08:00"," ","11,10","","10,00","","92,00","","3,00","","8,00","","9,70","","97,37","","","","","","Brouillard"
"1972-06-08 09:00","1972","06","08","09:00"," ","12,20","","10,00","","87,00","","0,00","","0,00","","9,70","","97,36","","","","","","Brouillard"
"1972-06-08 10:00","1972","06","08","10:00"," ","15,00","","11,10","","77,00","","0,00","","0,00","","12,90","","97,29","","","","","","Généralement nuageux"
"1972-06-08 11:00","1972","06","08","11:00"," ","17,80","","10,60","","64,00","","0,00","","0,00","","19,30","","97,23","","","","","","Généralement nuageux"
"1972-06-08 12:00","1972","06","08","12:00"," ","18,90","","7,80","","50,00","","13,00","","5,00","","19,30","","97,19","","","","","","Généralement nuageux"
"1972-06-08 13:00","1972","06","08","13:00"," ","18,30","","11,10","","62,00","","21,00","","10,00","","19,30","","97,15","","","","","","Nuageux"
"1972-06-08 14:00","1972","06","08","14:00"," ","16,10","","13,30","","82,00","","27,00","","8,00","","3,20","","97,15","","","","","","Pluie,Brouillard"
"1972-06-08 15:00","1972","06","08","15:00"," ","13,90","","12,20","","88,00","","4,00","","10,00","","6,40","","97,15","","","","","","Pluie,Brouillard"
"1972-06-08 16:00","1972","06","08","16:00"," ","13,90","","11,10","","84,00","","4,00","","11,00","","9,70","","97,10","","","","","","Averses de pluie"
"1972-06-08 17:00","1972","06","08","17:00"," ","11,10","","7,80","","81,00","","3,00","","24,00","","4,80","","97,16","","","","","","Averses de pluie"
"1972-06-08 18:00","1972","06","08","18:00"," ","9,40","","7,20","","86,00","","4,00","","19,00","","6,40","","97,16","","","","","","Averses de pluie"
"1972-06-08 19:00","1972","06","08","19:00"," ","8,30","","7,80","","95,00","","2,00","","14,00","","6,40","","97,25","","","","","","Averses de pluie"
"1972-06-08 20:00","1972","06","08","20:00"," ","8,30","","6,70","","90,00","","1,00","","19,00","","12,90","","97,33","","","","","","Averses de pluie"
"1972-06-08 21:00","1972","06","08","21:00"," ","7,80","","6,70","","92,00","","1,00","","24,00","","19,30","","97,44","","","","","","Généralement nuageux"
"1972-06-08 22:00","1972","06","08","22:00"," ","6,70","","5,60","","92,00","","2,00","","24,00","","24,10","","97,52","","","","","","Généralement nuageux"
"1972-06-08 23:00","1972","06","08","23:00"," ","4,40","","0,60","","76,00","","2,00","","16,00","","24,10","","97,61","","","","","","Généralement nuageux"
"1972-06-09 00:00","1972","06","09","00:00"," ","2,80","","0,60","","83,00","","35,00","","19,00","","19,30","","97,67","","","","","","Averses de pluie"
"1972-06-09 01:00","1972","06","09","01:00"," ","2,80","","-0,60","","80,00","","33,00","","19,00","","24,10","","97,74","","","","","","Nuageux"
"1972-06-09 02:00","1972","06","09","02:00"," ","1,70","","-1,10","","79,00","","33,00","","19,00","","24,10","","97,76","","","","","","Nuageux"
"1972-06-09 03:00","1972","06","09","03:00"," ","1,10","","-1,70","","81,00","","34,00","","21,00","","24,10","","97,74","","","","","","Nuageux"
"1972-06-09 04:00","1972","06","09","04:00"," ","1,10","","-1,70","","83,00","","33,00","","21,00","","24,10","","97,77","","","","","","Nuageux"
"1972-06-09 05:00","1972","06","09","05:00"," ","1,10","","-1,70","","83,00","","35,00","","19,00","","24,10","","97,81","","","","","","Nuageux"
"1972-06-09 06:00","1972","06","09","06:00"," ","0,60","","-0,60","","91,00","","36,00","","24,00","","24,10","","97,88","","","","","","Nuageux"
"1972-06-09 07:00","1972","06","09","07:00"," ","0,60","","-2,20","","83,00","","1,00","","24,00","","24,10","","97,95","","","","","","Nuageux"
"1972-06-09 08:00","1972","06","09","08:00"," ","-0,60","","-2,20","","90,00","","35,00","","24,00","","4,80","","98,06","","","","-7,00","","Neige,Brouillard"
"1972-06-09 09:00","1972","06","09","09:00"," ","0,00","","-2,20","","85,00","","35,00","","24,00","","4,80","","98,09","","","","-6,00","","Brouillard"
"1972-06-09 10:00","1972","06","09","10:00"," ","0,60","","-2,20","","82,00","","1,00","","19,00","","9,70","","98,16","","","","","","Neige,Brouillard"
"1972-06-09 11:00","1972","06","09","11:00"," ","2,20","","-1,10","","77,00","","35,00","","24,00","","19,30","","98,18","","","","","","Nuageux"
"1972-06-09 12:00","1972","06","09","12:00"," ","3,90","","-1,70","","66,00","","36,00","","23,00","","19,30","","98,22","","","","","","Nuageux"
"1972-06-09 13:00","1972","06","09","13:00"," ","3,90","","-1,70","","66,00","","36,00","","24,00","","19,30","","98,23","","","","","","Généralement nuageux"
"1972-06-09 14:00","1972","06","09","14:00"," ","3,90","","-2,80","","61,00","","1,00","","24,00","","19,30","","98,29","","","","","","Nuageux"
"1972-06-09 15:00","1972","06","09","15:00"," ","3,30","","-2,80","","65,00","","35,00","","24,00","","24,10","","98,33","","","","","","Nuageux"
"1972-06-09 16:00","1972","06","09","16:00"," ","2,80","","-3,30","","64,00","","36,00","","24,00","","24,10","","98,36","","","","","","Nuageux"
"1972-06-09 17:00","1972","06","09","17:00"," ","3,90","","-2,80","","63,00","","2,00","","19,00","","24,10","","98,41","","","","","","Généralement nuageux"
"1972-06-09 18:00","1972","06","09","18:00"," ","4,40","","-2,20","","62,00","","36,00","","24,00","","24,10","","98,42","","","","","","Généralement nuageux"
"1972-06-09 19:00","1972","06","09","19:00"," ","2,80","","-5,00","","56,00","","34,00","","24,00","","24,10","","98,50","","","","","","Généralement nuageux"
"1972-06-09 20:00","1972","06","09","20:00"," ","2,20","","-3,90","","65,00","","36,00","","24,00","","24,10","","98,56","","","","","","Généralement nuageux"
"1972-06-09 21:00","1972","06","09","21:00"," ","0,60","","-3,30","","74,00","","35,00","","40,00","","24,10","","98,65","","","","","","Nuageux"
"1972-06-09 22:00","1972","06","09","22:00"," ","0,00","","-3,30","","78,00","","35,00","","24,00","","24,10","","98,71","","","","-6,00","","Nuageux"
"1972-06-09 23:00","1972","06","09","23:00"," ","-0,60","","-3,90","","78,00","","35,00","","24,00","","24,10","","98,73","","","","-7,00","","Nuageux"
"1972-06-10 00:00","1972","06","10","00:00"," ","-0,60","","-3,30","","81,00","","1,00","","24,00","","24,10","","98,77","","","","-7,00","","Nuageux"
"1972-06-10 01:00","1972","06","10","01:00"," ","-1,10","","-3,90","","82,00","","1,00","","24,00","","24,10","","98,80","","","","-7,00","","Nuageux"
"1972-06-10 02:00","1972","06","10","02:00"," ","-1,70","","-4,40","","80,00","","1,00","","24,00","","24,10","","98,83","","","","-8,00","","Nuageux"
"1972-06-10 03:00","1972","06","10","03:00"," ","-1,70","","-4,40","","81,00","","36,00","","16,00","","24,10","","98,85","","","","-7,00","","Nuageux"
"1972-06-10 04:00","1972","06","10","04:00"," ","-2,20","","-5,60","","78,00","","36,00","","16,00","","24,10","","98,88","","","","-7,00","","Nuageux"
"1972-06-10 05:00","1972","06","10","05:00"," ","-2,20","","-5,60","","78,00","","36,00","","16,00","","24,10","","98,92","","","","-7,00","","Nuageux"
"1972-06-10 06:00","1972","06","10","06:00"," ","-2,20","","-5,60","","78,00","","35,00","","16,00","","24,10","","98,97","","","","-7,00","","Nuageux"
"1972-06-10 07:00","1972","06","10","07:00"," ","-2,20","","-5,60","","78,00","","35,00","","23,00","","24,10","","99,02","","","","-8,00","","Nuageux"
"1972-06-10 08:00","1972","06","10","08:00"," ","-1,70","","-5,60","","76,00","","34,00","","23,00","","24,10","","99,08","","","","-8,00","","Nuageux"
"1972-06-10 09:00","1972","06","10","09:00"," ","-1,10","","-4,40","","77,00","","36,00","","16,00","","24,10","","99,08","","","","-6,00","","Nuageux"
"1972-06-10 10:00","1972","06","10","10:00"," ","0,60","","-2,80","","79,00","","34,00","","13,00","","24,10","","99,08","","","","","","Généralement nuageux"
"1972-06-10 11:00","1972","06","10","11:00"," ","1,70","","-3,90","","66,00","","3,00","","16,00","","25,00","","99,08","","","","","","Généralement nuageux"
"1972-06-10 12:00","1972","06","10","12:00"," ","3,30","","-4,40","","56,00","","2,00","","13,00","","25,00","","99,01","","","","","","Généralement dégagé"
"1972-06-10 13:00","1972","06","10","13:00"," ","5,00","","-3,90","","53,00","","1,00","","13,00","","25,00","","98,97","","","","","","Généralement dégagé"
"1972-06-10 14:00","1972","06","10","14:00"," ","7,20","","-3,90","","46,00","","32,00","","13,00","","25,00","","98,89","","","","","","Généralement dégagé"
"1972-06-10 15:00","1972","06","10","15:00"," ","8,90","","-2,80","","44,00","","34,00","","24,00","","25,00","","98,80","","","","","","Généralement dégagé"
"1972-06-10 16:00","1972","06","10","16:00"," ","10,60","","-2,80","","40,00","","31,00","","16,00","","24,10","","98,74","","","","","","Généralement dégagé"
"1972-06-10 17:00","1972","06","10","17:00"," ","10,00","","-3,30","","40,00","","33,00","","8,00","","24,10","","98,68","","","","","","Généralement dégagé"
"1972-06-10 18:00","1972","06","10","18:00"," ","11,70","","-2,20","","39,00","","30,00","","14,00","","24,10","","98,64","","","","","","Généralement dégagé"
"1972-06-10 19:00","1972","06","10","19:00"," ","11,10","","-3,30","","38,00","","31,00","","13,00","","24,10","","98,60","","","","","","Généralement dégagé"
"1972-06-10 20:00","1972","06","10","20:00"," ","8,90","","-1,70","","48,00","","36,00","","6,00","","24,10","","98,57","","","","","","Généralement dégagé"
"1972-06-10 21:00","1972","06","10","21:00"," ","7,80","","-1,10","","53,00","","0,00","","0,00","","24,10","","98,57","","","","","","Généralement dégagé"
"1972-06-10 22:00","1972","06","10","22:00"," ","5,00","","-0,60","","65,00","","0,00","","0,00","","24,10","","98,57","","","","","","Généralement dégagé"
"1972-06-10 23:00","1972","06","10","23:00"," ","2,20","","-1,10","","79,00","","0,00","","0,00","","24,10","","98,54","","","","","","Dégagé"
"1972-06-11 00:00","1972","06","11","00:00"," ","0,00","","-1,10","","91,00","","18,00","","6,00","","24,10","","98,51","","","","-2,00","","Dégagé"
"1972-06-11 01:00","1972","06","11","01:00"," ","0,00","","-1,10","","93,00","","17,00","","6,00","","24,10","","98,46","","","","-2,00","","Dégagé"
"1972-06-11 02:00","1972","06","11","02:00"," ","-0,60","","-2,20","","89,00","","18,00","","5,00","","24,10","","98,43","","","","-2,00","","Dégagé"
"1972-06-11 03:00","1972","06","11","03:00"," ","-0,60","","-1,70","","92,00","","16,00","","5,00","","24,10","","98,36","","","","-2,00","","Dégagé"
"1972-06-11 04:00","1972","06","11","04:00"," ","-0,60","","-2,20","","89,00","","20,00","","8,00","","24,10","","98,35","","","","-3,00","","Généralement dégagé"
"1972-06-11 05:00","1972","06","11","05:00"," ","0,00","","-1,70","","89,00","","17,00","","8,00","","24,10","","98,26","","","","-3,00","","Généralement nuageux"
"1972-06-11 06:00","1972","06","11","06:00"," ","1,70","","-0,60","","86,00","","17,00","","8,00","","24,10","","98,20","","","","","","Généralement nuageux"
"1972-06-11 07:00","1972","06","11","07:00"," ","5,60","","0,60","","72,00","","18,00","","10,00","","24,10","","98,16","","","","","","Généralement nuageux"
"1972-06-11 08:00","1972","06","11","08:00"," ","7,80","","1,70","","64,00","","18,00","","6,00","","24,10","","98,10","","","","","","Généralement nuageux"
"1972-06-11 09:00","1972","06","11","09:00"," ","10,60","","0,60","","51,00","","22,00","","8,00","","24,10","","98,04","","","","","","Généralement nuageux"
"1972-06-11 10:00","1972","06","11","10:00"," ","13,30","","0,60","","43,00","","24,00","","13,00","","24,10","","98,01","","","","","","Généralement nuageux"
"1972-06-11 11:00","1972","06","11","11:00"," ","16,10","","1,10","","37,00","","25,00","","13,00","","24,10","","97,90","","","","","","Généralement nuageux"
"1972-06-11 12:00","1972","06","11","12:00"," ","17,80","","3,30","","39,00","","24,00","","26,00","","24,10","","97,84","","","","","","Généralement nuageux"
"1972-06-11 13:00","1972","06","11","13:00"," ","17,20","","3,30","","40,00","","24,00","","26,00","","24,10","","97,77","","","","","","Généralement nuageux"
"1972-06-11 14:00","1972","06","11","14:00"," ","18,90","","2,80","","34,00","","28,00","","23,00","","24,10","","97,71","","","","","","Généralement nuageux"
"1972-06-11 15:00","1972","06","11","15:00"," ","19,40","","3,30","","34,00","","28,00","","23,00","","24,10","","97,63","","","","","","Nuageux"
"1972-06-11 16:00","1972","06","11","16:00"," ","19,40","","3,30","","34,00","","27,00","","19,00","","24,10","","97,61","","","","","","Généralement nuageux"
"1972-06-11 17:00","1972","06","11","17:00"," ","19,40","","1,70","","31,00","","26,00","","23,00","","24,10","","97,56","","","","","","Nuageux"
"1972-06-11 18:00","1972","06","11","18:00"," ","20,00","","1,70","","30,00","","27,00","","16,00","","24,10","","97,52","","","","","","Généralement nuageux"
"1972-06-11 19:00","1972","06","11","19:00"," ","18,90","","2,20","","33,00","","26,00","","16,00","","24,10","","97,47","","","","","","Généralement nuageux"
"1972-06-11 20:00","1972","06","11","20:00"," ","18,30","","2,20","","34,00","","26,00","","19,00","","24,10","","97,43","","","","","","Généralement nuageux"
"1972-06-11 21:00","1972","06","11","21:00"," ","16,70","","3,30","","41,00","","25,00","","19,00","","24,10","","97,48","","","","","","Généralement nuageux"
"1972-06-11 22:00","1972","06","11","22:00"," ","15,60","","3,30","","45,00","","24,00","","16,00","","24,10","","97,54","","","","","","Généralement nuageux"
"1972-06-11 23:00","1972","06","11","23:00"," ","13,90","","2,80","","47,00","","26,00","","24,00","","24,10","","97,60","","","","","","Nuageux"
"1972-06-12 00:00","1972","06","12","00:00"," ","12,80","","3,30","","52,00","","26,00","","24,00","","24,10","","97,60","","","","","","Nuageux"
"1972-06-12 01:00","1972","06","12","01:00"," ","12,20","","3,30","","55,00","","25,00","","19,00","","24,10","","97,62","","","","","","Nuageux"
"1972-06-12 02:00","1972","06","12","02:00"," ","11,10","","3,30","","60,00","","24,00","","16,00","","24,10","","97,58","","","","","","Généralement dégagé"
"1972-06-12 03:00","1972","06","12","03:00"," ","10,60","","3,90","","63,00","","26,00","","16,00","","24,10","","97,56","","","","","","Généralement nuageux"
"1972-06-12 04:00","1972","06","12","04:00"," ","10,00","","3,90","","65,00","","24,00","","11,00","","24,10","","97,57","","","","","","Généralement nuageux"
"1972-06-12 05:00","1972","06","12","05:00"," ","9,40","","3,90","","66,00","","24,00","","13,00","","24,10","","97,58","","","","","","Nuageux"
"1972-06-12 06:00","1972","06","12","06:00"," ","10,00","","3,30","","64,00","","26,00","","10,00","","24,10","","97,61","","","","","","Généralement nuageux"
"1972-06-12 07:00","1972","06","12","07:00"," ","11,10","","3,30","","58,00","","24,00","","13,00","","24,10","","97,62","","","","","","Généralement nuageux"
"1972-06-12 08:00","1972","06","12","08:00"," ","12,20","","4,40","","59,00","","25,00","","10,00","","24,10","","97,62","","","","","","Généralement nuageux"
"1972-06-12 09:00","1972","06","12","09:00"," ","13,90","","5,00","","56,00","","30,00","","10,00","","24,10","","97,59","","","","","","Généralement nuageux"
"1972-06-12 10:00","1972","06","12","10:00"," ","16,10","","5,60","","51,00","","34,00","","8,00","","24,10","","97,57","","","","","","Généralement dégagé"
"1972-06-12 11:00","1972","06","12","11:00"," ","17,20","","6,10","","48,00","","33,00","","6,00","","24,10","","97,55","","","","","","Généralement nuageux"
"1972-06-12 12:00","1972","06","12","12:00"," ","18,90","","6,10","","44,00","","28,00","","8,00","","24,10","","97,54","","","","","","Généralement nuageux"
"1972-06-12 13:00","1972","06","12","13:00"," ","20,00","","7,20","","43,00","","0,00","","0,00","","25,00","","97,49","","","","","","Généralement nuageux"
"1972-06-12 14:00","1972","06","12","14:00"," ","20,60","","6,10","","39,00","","31,00","","19,00","","25,00","","97,47","","","","","","Généralement nuageux"
"1972-06-12 15:00","1972","06","12","15:00"," ","21,70","","6,70","","38,00","","28,00","","8,00","","25,00","","97,42","","","","","","Généralement nuageux"
"1972-06-12 16:00","1972","06","12","16:00"," ","21,70","","6,70","","39,00","","34,00","","19,00","","24,10","","97,40","","","","","","Généralement nuageux"
"1972-06-12 17:00","1972","06","12","17:00"," ","21,70","","7,20","","40,00","","34,00","","16,00","","24,10","","97,40","","","","","","Généralement nuageux"
"1972-06-12 18:00","1972","06","12","18:00"," ","21,10","","6,70","","39,00","","3,00","","11,00","","24,10","","97,40","","","","","","Généralement nuageux"
"1972-06-12 19:00","1972","06","12","19:00"," ","20,60","","7,80","","45,00","","3,00","","16,00","","24,10","","97,43","","","","","","Généralement nuageux"
"1972-06-12 20:00","1972","06","12","20:00"," ","18,90","","7,80","","49,00","","3,00","","10,00","","24,10","","97,49","","","","","","Généralement dégagé"
"1972-06-12 21:00","1972","06","12","21:00"," ","16,70","","5,60","","48,00","","4,00","","10,00","","24,10","","97,58","","","","","","Généralement dégagé"
"1972-06-12 22:00","1972","06","12","22:00"," ","14,40","","3,30","","48,00","","5,00","","8,00","","24,10","","97,63","","","","","","Généralement dégagé"
"1972-06-12 23:00","1972","06","12","23:00"," ","13,30","","3,30","","51,00","","6,00","","6,00","","24,10","","97,67","","","","","","Généralement dégagé"
"1972-06-13 00:00","1972","06","13","00:00"," ","12,20","","2,80","","52,00","","8,00","","5,00","","24,10","","97,70","","","","","","Généralement dégagé"
"1972-06-13 01:00","1972","06","13","01:00"," ","10,00","","4,40","","67,00","","6,00","","6,00","","24,10","","97,76","","","","","","Dégagé"
"1972-06-13 02:00","1972","06","13","02:00"," ","8,30","","3,30","","70,00","","4,00","","5,00","","19,30","","97,74","","","","","","Dégagé"
"1972-06-13 03:00","1972","06","13","03:00"," ","8,30","","3,30","","70,00","","7,00","","6,00","","19,30","","97,74","","","","","","Généralement dégagé"
"1972-06-13 04:00","1972","06","13","04:00"," ","7,80","","2,80","","72,00","","10,00","","6,00","","19,30","","97,76","","","","","","Généralement dégagé"
"1972-06-13 05:00","1972","06","13","05:00"," ","7,20","","2,80","","72,00","","8,00","","8,00","","19,30","","97,80","","","","","","Généralement dégagé"
"1972-06-13 06:00","1972","06","13","06:00"," ","7,80","","3,30","","72,00","","11,00","","8,00","","19,30","","97,80","","","","","","Nuageux"
"1972-06-13 07:00","1972","06","13","07:00"," ","11,10","","4,40","","63,00","","12,00","","6,00","","19,30","","97,80","","","","","","Généralement dégagé"
"1972-06-13 08:00","1972","06","13","08:00"," ","14,40","","6,70","","59,00","","0,00","","0,00","","19,30","","97,81","","","","","","Généralement dégagé"
"1972-06-13 09:00","1972","06","13","09:00"," ","16,70","","8,90","","59,00","","10,00","","5,00","","19,30","","97,81","","","","","","Généralement dégagé"
"1972-06-13 10:00","1972","06","13","10:00"," ","18,90","","10,00","","57,00","","12,00","","5,00","","19,30","","97,79","","","","","","Généralement dégagé"
"1972-06-13 11:00","1972","06","13","11:00"," ","21,10","","10,00","","49,00","","0,00","","0,00","","19,30","","97,74","","","","","","Généralement dégagé"
"1972-06-13 12:00","1972","06","13","12:00"," ","22,20","","8,90","","43,00","","18,00","","6,00","","19,30","","97,67","","","","","","Généralement dégagé"
"1972-06-13 13:00","1972","06","13","13:00"," ","23,90","","6,10","","32,00","","17,00","","5,00","","19,30","","97,61","","","","","","Généralement dégagé"
"1972-06-13 14:00","1972","06","13","14:00"," ","25,00","","7,80","","33,00","","16,00","","5,00","","19,30","","97,52","","25,00","","","","Généralement dégagé"
"1972-06-13 15:00","1972","06","13","15:00"," ","25,60","","7,20","","32,00","","21,00","","6,00","","19,30","","97,45","","26,00","","","","Généralement nuageux"
"1972-06-13 16:00","1972","06","13","16:00"," ","25,60","","6,70","","31,00","","19,00","","19,00","","19,30","","97,42","","25,00","","","","Nuageux"
"1972-06-13 17:00","1972","06","13","17:00"," ","26,10","","7,20","","31,00","","19,00","","19,00","","24,10","","97,37","","26,00","","","","Généralement nuageux"
"1972-06-13 18:00","1972","06","13","18:00"," ","25,00","","7,80","","33,00","","19,00","","11,00","","19,30","","97,34","","25,00","","","","Généralement nuageux"
"1972-06-13 19:00","1972","06","13","19:00"," ","23,90","","7,20","","35,00","","18,00","","13,00","","19,30","","97,30","","","","","","Généralement dégagé"
"1972-06-13 20:00","1972","06","13","20:00"," ","21,10","","7,20","","42,00","","18,00","","13,00","","19,30","","97,31","","","","","","Généralement nuageux"
"1972-06-13 21:00","1972","06","13","21:00"," ","18,90","","7,20","","48,00","","17,00","","10,00","","19,30","","97,25","","","","","","Généralement nuageux"
"1972-06-13 22:00","1972","06","13","22:00"," ","17,80","","8,30","","55,00","","18,00","","10,00","","24,10","","97,29","","","","","","Généralement nuageux"
"1972-06-13 23:00","1972","06","13","23:00"," ","16,10","","9,40","","63,00","","19,00","","10,00","","24,10","","97,32","","","","","","Généralement nuageux"
"1972-06-14 00:00","1972","06","14","00:00"," ","15,60","","10,60","","71,00","","20,00","","11,00","","24,10","","97,33","","","","","","Généralement dégagé"
"1972-06-14 01:00","1972","06","14","01:00"," ","15,00","","10,60","","76,00","","19,00","","13,00","","19,30","","97,25","","","","","","Généralement nuageux"
"1972-06-14 02:00","1972","06","14","02:00"," ","13,90","","10,60","","81,00","","18,00","","10,00","","19,30","","97,20","","","","","","Généralement dégagé"
"1972-06-14 03:00","1972","06","14","03:00"," ","13,30","","10,60","","84,00","","18,00","","13,00","","16,10","","97,10","","","","","","Généralement dégagé"
"1972-06-14 04:00","1972","06","14","04:00"," ","13,90","","11,10","","85,00","","18,00","","16,00","","12,90","","97,08","","","","","","Nuageux"
"1972-06-14 05:00","1972","06","14","05:00"," ","14,40","","12,20","","88,00","","18,00","","13,00","","6,40","","97,05","","","","","","Brume sèche"
"1972-06-14 06:00","1972","06","14","06:00"," ","15,60","","13,30","","87,00","","17,00","","16,00","","6,40","","96,94","","","","","","Brume sèche"
"1972-06-14 07:00","1972","06","14","07:00"," ","16,10","","13,90","","87,00","","17,00","","16,00","","3,20","","96,89","","","","","","Brume sèche"
"1972-06-14 08:00","1972","06","14","08:00"," ","17,20","","15,00","","85,00","","18,00","","11,00","","3,20","","96,80","","","","","","Brume sèche"
"1972-06-14 09:00","1972","06","14","09:00"," ","16,70","","15,60","","95,00","","18,00","","19,00","","1,20","","96,72","","","","","","Averses de pluie,Brouillard"
"1972-06-14 10:00","1972","06","14","10:00"," ","17,20","","16,70","","96,00","","17,00","","13,00","","1,20","","96,64","","","","","","Averses de pluie,Brouillard"
"1972-06-14 11:00","1972","06","14","11:00"," ","18,30","","17,20","","96,00","","18,00","","23,00","","1,20","","96,63","","","","","","Averses de pluie,Brouillard"
"1972-06-14 12:00","1972","06","14","12:00"," ","18,30","","17,20","","94,00","","17,00","","19,00","","1,20","","96,60","","","","","","Averses de pluie,Brouillard"
"1972-06-14 13:00","1972","06","14","13:00"," ","18,90","","17,80","","94,00","","18,00","","11,00","","3,20","","96,57","","","","","","Brouillard"
"1972-06-14 14:00","1972","06","14","14:00"," ","21,70","","18,90","","84,00","","21,00","","24,00","","6,40","","96,54","","28,00","","","","Brume sèche"
"1972-06-14 15:00","1972","06","14","15:00"," ","21,70","","18,30","","82,00","","21,00","","19,00","","8,00","","96,51","","28,00","","","","Brume sèche"
"1972-06-14 16:00","1972","06","14","16:00"," ","22,20","","17,80","","76,00","","23,00","","24,00","","19,30","","96,50","","28,00","","","","Généralement nuageux"
"1972-06-14 17:00","1972","06","14","17:00"," ","23,30","","17,80","","71,00","","23,00","","23,00","","24,10","","96,48","","29,00","","","","Généralement nuageux"
"1972-06-14 18:00","1972","06","14","18:00"," ","22,80","","13,90","","58,00","","23,00","","16,00","","24,10","","96,48","","26,00","","","","Généralement nuageux"
"1972-06-14 19:00","1972","06","14","19:00"," ","22,20","","17,20","","74,00","","23,00","","21,00","","24,10","","96,49","","28,00","","","","Généralement nuageux"
"1972-06-14 20:00","1972","06","14","20:00"," ","21,70","","17,80","","78,00","","23,00","","16,00","","24,10","","96,49","","28,00","","","","Généralement nuageux"
"1972-06-14 21:00","1972","06","14","21:00"," ","21,10","","17,80","","81,00","","20,00","","6,00","","24,10","","96,49","","27,00","","","","Nuageux"
"1972-06-14 22:00","1972","06","14","22:00"," ","20,00","","18,30","","90,00","","28,00","","8,00","","19,30","","96,52","","26,00","","","","Averses de pluie"
"1972-06-14 23:00","1972","06","14","23:00"," ","17,80","","17,20","","95,00","","22,00","","6,00","","16,10","","96,49","","","","","","Averses de pluie"
"1972-06-15 00:00","1972","06","15","00:00"," ","17,20","","16,70","","97,00","","22,00","","6,00","","19,30","","96,48","","","","","","Averses de pluie"
"1972-06-15 01:00","1972","06","15","01:00"," ","16,70","","15,00","","90,00","","24,00","","8,00","","24,10","","96,49","","","","","","Nuageux"
"1972-06-15 02:00","1972","06","15","02:00"," ","15,60","","12,80","","84,00","","24,00","","10,00","","24,10","","96,49","","","","","","Généralement dégagé"
"1972-06-15 03:00","1972","06","15","03:00"," ","14,40","","12,80","","91,00","","22,00","","6,00","","24,10","","96,48","","","","","","Généralement nuageux"
"1972-06-15 04:00","1972","06","15","04:00"," ","13,90","","12,20","","90,00","","21,00","","8,00","","19,30","","96,51","","","","","","Généralement nuageux"
"1972-06-15 05:00","1972","06","15","05:00"," ","13,30","","12,20","","92,00","","20,00","","5,00","","19,30","","96,56","","","","","","Généralement nuageux"
"1972-06-15 06:00","1972","06","15","06:00"," ","13,90","","12,20","","90,00","","21,00","","5,00","","19,30","","96,56","","","","","","Généralement nuageux"
"1972-06-15 07:00","1972","06","15","07:00"," ","14,40","","12,80","","89,00","","22,00","","6,00","","19,30","","96,56","","","","","","Généralement nuageux"
"1972-06-15 08:00","1972","06","15","08:00"," ","15,60","","12,20","","81,00","","27,00","","11,00","","19,30","","96,60","","","","","","Généralement nuageux"
"1972-06-15 09:00","1972","06","15","09:00"," ","17,80","","11,70","","68,00","","30,00","","16,00","","24,10","","96,60","","","","","","Généralement dégagé"
"1972-06-15 10:00","1972","06","15","10:00"," ","20,60","","11,70","","58,00","","27,00","","19,00","","24,10","","96,65","","","","","","Généralement dégagé"
"1972-06-15 11:00","1972","06","15","11:00"," ","21,10","","12,80","","57,00","","24,00","","11,00","","24,10","","96,70","","","","","","Généralement nuageux"
"1972-06-15 12:00","1972","06","15","12:00"," ","21,10","","10,00","","49,00","","30,00","","8,00","","24,10","","96,77","","","","","","Généralement nuageux"
"1972-06-15 13:00","1972","06","15","13:00"," ","21,10","","11,10","","54,00","","27,00","","11,00","","24,10","","96,82","","","","","","Généralement nuageux"
"1972-06-15 14:00","1972","06","15","14:00"," ","17,80","","11,70","","67,00","","30,00","","19,00","","24,10","","96,96","","","","","","Averses de pluie"
"1972-06-15 15:00","1972","06","15","15:00"," ","17,80","","11,70","","68,00","","36,00","","27,00","","24,10","","97,06","","","","","","Généralement nuageux"
"1972-06-15 16:00","1972","06","15","16:00"," ","17,20","","13,30","","77,00","","35,00","","29,00","","19,30","","97,24","","","","","","Averses de pluie"
"1972-06-15 17:00","1972","06","15","17:00"," ","12,80","","8,90","","79,00","","34,00","","24,00","","24,10","","97,40","","","","","","Averses de pluie"
"1972-06-15 18:00","1972","06","15","18:00"," ","10,60","","8,30","","87,00","","34,00","","24,00","","12,90","","97,53","","","","","","Nuageux"
"1972-06-15 19:00","1972","06","15","19:00"," ","9,40","","7,80","","89,00","","34,00","","24,00","","12,90","","97,64","","","","","","Nuageux"
"1972-06-15 20:00","1972","06","15","20:00"," ","7,80","","6,70","","93,00","","34,00","","24,00","","9,70","","97,78","","","","","","Bruine"
"1972-06-15 21:00","1972","06","15","21:00"," ","7,20","","6,10","","93,00","","34,00","","16,00","","11,30","","97,92","","","","","","Bruine"
"1972-06-15 22:00","1972","06","15","22:00"," ","6,70","","5,60","","93,00","","35,00","","16,00","","19,30","","98,00","","","","","","Nuageux"
"1972-06-15 23:00","1972","06","15","23:00"," ","6,70","","5,00","","89,00","","36,00","","8,00","","19,30","","98,11","","","","","","Nuageux"
"1972-06-16 00:00","1972","06","16","00:00"," ","6,10","","5,00","","91,00","","34,00","","13,00","","24,10","","98,16","","","","","","Nuageux"
"1972-06-16 01:00","1972","06","16","01:00"," ","6,10","","5,00","","94,00","","33,00","","13,00","","19,30","","98,20","","","","","","Nuageux"
"1972-06-16 02:00","1972","06","16","02:00"," ","6,10","","4,40","","92,00","","35,00","","13,00","","24,10","","98,23","","","","","","Nuageux"
"1972-06-16 03:00","1972","06","16","03:00"," ","5,60","","4,40","","92,00","","35,00","","10,00","","12,90","","98,32","","","","","","Averses de pluie"
"1972-06-16 04:00","1972","06","16","04:00"," ","5,00","","3,30","","88,00","","35,00","","11,00","","24,10","","98,41","","","","","","Généralement nuageux"
"1972-06-16 05:00","1972","06","16","05:00"," ","3,90","","2,20","","90,00","","36,00","","8,00","","24,10","","98,48","","","","","","Généralement nuageux"
"1972-06-16 06:00","1972","06","16","06:00"," ","3,90","","2,20","","89,00","","35,00","","8,00","","24,10","","98,54","","","","","","Généralement nuageux"
"1972-06-16 07:00","1972","06","16","07:00"," ","4,40","","1,10","","78,00","","35,00","","19,00","","25,00","","98,60","","","","","","Généralement dégagé"
"1972-06-16 08:00","1972","06","16","08:00"," ","5,00","","0,00","","69,00","","36,00","","23,00","","24,10","","98,72","","","","","","Généralement nuageux"
"1972-06-16 09:00","1972","06","16","09:00"," ","6,70","","0,00","","63,00","","36,00","","16,00","","24,10","","98,76","","","","","","Généralement nuageux"
"1972-06-16 10:00","1972","06","16","10:00"," ","7,20","","-0,60","","58,00","","3,00","","16,00","","24,10","","98,79","","","","","","Généralement nuageux"
"1972-06-16 11:00","1972","06","16","11:00"," ","7,80","","-0,60","","55,00","","35,00","","24,00","","24,10","","98,82","","","","","","Généralement nuageux"
"1972-06-16 12:00","1972","06","16","12:00"," ","8,90","","-1,10","","49,00","","4,00","","16,00","","24,10","","98,86","","","","","","Généralement nuageux"
"1972-06-16 13:00","1972","06","16","13:00"," ","8,30","","-1,70","","49,00","","1,00","","19,00","","24,10","","98,79","","","","","","Généralement dégagé"
"1972-06-16 14:00","1972","06","16","14:00"," ","10,60","","-2,20","","40,00","","33,00","","19,00","","24,10","","98,82","","","","","","Généralement dégagé"
"1972-06-16 15:00","1972","06","16","15:00"," ","10,00","","-1,70","","44,00","","36,00","","16,00","","24,10","","98,82","","","","","","Généralement dégagé"
"1972-06-16 16:00","1972","06","16","16:00"," ","11,10","","-1,70","","41,00","","35,00","","16,00","","24,10","","98,80","","","","","","Généralement dégagé"
"1972-06-16 17:00","1972","06","16","17:00"," ","11,70","","-1,70","","39,00","","35,00","","13,00","","24,10","","98,78","","","","","","Généralement dégagé"
"1972-06-16 18:00","1972","06","16","18:00"," ","12,20","","-1,70","","38,00","","36,00","","6,00","","24,10","","98,78","","","","","","Dégagé"
"1972-06-16 19:00","1972","06","16","19:00"," ","12,20","","-1,70","","38,00","","36,00","","10,00","","24,10","","98,78","","","","","","Dégagé"
"1972-06-16 20:00","1972","06","16","20:00"," ","11,10","","-0,60","","45,00","","33,00","","8,00","","24,10","","98,84","","","","","","Dégagé"
"1972-06-16 21:00","1972","06","16","21:00"," ","9,40","","-0,60","","51,00","","33,00","","8,00","","24,10","","98,90","","","","","","Dégagé"
"1972-06-16 22:00","1972","06","16","22:00"," ","7,20","","0,60","","61,00","","36,00","","8,00","","25,00","","98,95","","","","","","Dégagé"
"1972-06-16 23:00","1972","06","16","23:00"," ","6,10","","0,00","","65,00","","36,00","","8,00","","25,00","","98,97","","","","","","Dégagé"
"1972-06-17 00:00","1972","06","17","00:00"," ","4,40","","0,00","","73,00","","2,00","","6,00","","25,00","","98,99","","","","","","Dégagé"
"1972-06-17 01:00","1972","06","17","01:00"," ","3,90","","0,00","","75,00","","2,00","","5,00","","25,00","","98,99","","","","","","Dégagé"
"1972-06-17 02:00","1972","06","17","02:00"," ","2,80","","-1,10","","78,00","","0,00","","0,00","","25,00","","98,99","","","","","","Dégagé"
"1972-06-17 03:00","1972","06","17","03:00"," ","1,70","","-0,60","","85,00","","0,00","","0,00","","25,00","","98,99","","","","","","Dégagé"
"1972-06-17 04:00","1972","06","17","04:00"," ","0,60","","-0,60","","91,00","","0,00","","0,00","","24,10","","99,03","","","","","","Dégagé"
"1972-06-17 05:00","1972","06","17","05:00"," ","0,00","","-1,10","","92,00","","0,00","","0,00","","24,10","","99,04","","","","","","Dégagé"
"1972-06-17 06:00","1972","06","17","06:00"," ","2,20","","0,00","","87,00","","0,00","","0,00","","24,10","","99,09","","","","","","Dégagé"
"1972-06-17 07:00","1972","06","17","07:00"," ","4,40","","1,10","","78,00","","0,00","","0,00","","24,10","","99,11","","","","","","Dégagé"
"1972-06-17 08:00","1972","06","17","08:00"," ","10,00","","2,20","","59,00","","19,00","","6,00","","24,10","","99,13","","","","","","Dégagé"
"1972-06-17 09:00","1972","06","17","09:00"," ","11,70","","0,60","","47,00","","0,00","","0,00","","24,10","","99,13","","","","","","Dégagé"
"1972-06-17 10:00","1972","06","17","10:00"," ","13,90","","1,10","","43,00","","18,00","","8,00","","24,10","","99,11","","","","","","Dégagé"
"1972-06-17 11:00","1972","06","17","11:00"," ","15,00","","1,10","","39,00","","27,00","","23,00","","24,10","","99,07","","","","","","Dégagé"
"1972-06-17 12:00","1972","06","17","12:00"," ","16,10","","1,10","","37,00","","21,00","","19,00","","24,10","","99,04","","","","","","Dégagé"
"1972-06-17 13:00","1972","06","17","13:00"," ","17,20","","1,70","","36,00","","17,00","","16,00","","24,10","","98,94","","","","","","Dégagé"
"1972-06-17 14:00","1972","06","17","14:00"," ","18,90","","1,10","","32,00","","18,00","","10,00","","24,10","","98,90","","","","","","Dégagé"
"1972-06-17 15:00","1972","06","17","15:00"," ","20,60","","2,20","","30,00","","17,00","","6,00","","24,10","","98,84","","","","","","Dégagé"
"1972-06-17 16:00","1972","06","17","16:00"," ","21,10","","-1,10","","23,00","","22,00","","13,00","","24,10","","98,76","","","","","","Dégagé"
"1972-06-17 17:00","1972","06","17","17:00"," ","21,10","","0,60","","26,00","","19,00","","6,00","","24,10","","98,74","","","","","","Dégagé"
"1972-06-17 18:00","1972","06","17","18:00"," ","21,70","","0,60","","25,00","","26,00","","13,00","","24,10","","98,72","","","","","","Dégagé"
"1972-06-17 19:00","1972","06","17","19:00"," ","20,00","","2,80","","32,00","","21,00","","8,00","","24,10","","98,70","","","","","","Dégagé"
"1972-06-17 20:00","1972","06","17","20:00"," ","18,30","","3,30","","37,00","","19,00","","6,00","","24,10","","98,70","","","","","","Dégagé"
"1972-06-17 21:00","1972","06","17","21:00"," ","14,40","","6,70","","59,00","","16,00","","8,00","","24,10","","98,70","","","","","","Généralement dégagé"
"1972-06-17 22:00","1972","06","17","22:00"," ","12,20","","5,60","","65,00","","16,00","","8,00","","24,10","","98,70","","","","","","Généralement dégagé"
"1972-06-17 23:00","1972","06","17","23:00"," ","12,20","","5,00","","62,00","","18,00","","5,00","","25,00","","98,70","","","","","","Dégagé"
"1972-06-18 00:00","1972","06","18","00:00"," ","10,60","","4,40","","65,00","","21,00","","8,00","","25,00","","98,72","","","","","","Dégagé"
"1972-06-18 01:00","1972","06","18","01:00"," ","9,40","","5,00","","74,00","","21,00","","5,00","","25,00","","98,75","","","","","","Dégagé"
"1972-06-18 02:00","1972","06","18","02:00"," ","7,80","","4,40","","80,00","","19,00","","6,00","","25,00","","98,76","","","","","","Dégagé"
"1972-06-18 03:00","1972","06","18","03:00"," ","7,20","","4,40","","84,00","","19,00","","8,00","","25,00","","98,76","","","","","","Dégagé"
"1972-06-18 04:00","1972","06","18","04:00"," ","6,70","","4,40","","85,00","","20,00","","6,00","","24,10","","98,80","","","","","","Dégagé"
"1972-06-18 05:00","1972","06","18","05:00"," ","6,10","","4,40","","90,00","","19,00","","5,00","","24,10","","98,84","","","","","","Dégagé"
"1972-06-18 06:00","1972","06","18","06:00"," ","8,90","","5,00","","77,00","","16,00","","5,00","","24,10","","98,85","","","","","","Dégagé"
"1972-06-18 07:00","1972","06","18","07:00"," ","11,10","","5,60","","69,00","","0,00","","0,00","","24,10","","98,83","","","","","","Dégagé"
"1972-06-18 08:00","1972","06","18","08:00"," ","14,40","","3,30","","47,00","","21,00","","16,00","","24,10","","98,86","","","","","","Dégagé"
"1972-06-18 09:00","1972","06","18","09:00"," ","16,70","","4,40","","44,00","","22,00","","19,00","","24,10","","98,81","","","","","","Dégagé"
"1972-06-18 10:00","1972","06","18","10:00"," ","18,90","","3,90","","38,00","","18,00","","19,00","","24,10","","98,76","","","","","","Dégagé"
"1972-06-18 11:00","1972","06","18","11:00"," ","20,60","","2,20","","30,00","","19,00","","19,00","","24,10","","98,69","","","","","","Dégagé"
"1972-06-18 12:00","1972","06","18","12:00"," ","21,70","","2,80","","29,00","","19,00","","19,00","","24,10","","98,64","","","","","","Dégagé"
"1972-06-18 13:00","1972","06","18","13:00"," ","22,80","","2,20","","26,00","","20,00","","19,00","","24,10","","98,56","","","","","","Dégagé"
"1972-06-18 14:00","1972","06","18","14:00"," ","24,40","","3,30","","25,00","","19,00","","24,00","","24,10","","98,50","","","","","","Dégagé"
"1972-06-18 15:00","1972","06","18","15:00"," ","24,40","","3,30","","25,00","","18,00","","24,00","","24,10","","98,46","","","","","","Dégagé"
"1972-06-18 16:00","1972","06","18","16:00"," ","25,00","","2,80","","24,00","","20,00","","24,00","","24,10","","98,40","","","","","","Dégagé"
"1972-06-18 17:00","1972","06","18","17:00"," ","25,00","","3,90","","26,00","","18,00","","16,00","","24,10","","98,32","","","","","","Dégagé"
"1972-06-18 18:00","1972","06","18","18:00"," ","24,40","","3,30","","25,00","","19,00","","24,00","","24,10","","98,30","","","","","","Dégagé"
"1972-06-18 19:00","1972","06","18","19:00"," ","23,90","","3,90","","28,00","","20,00","","13,00","","24,10","","98,28","","","","","","Dégagé"
"1972-06-18 20:00","1972","06","18","20:00"," ","20,60","","5,00","","37,00","","20,00","","8,00","","24,10","","98,25","","","","","","Dégagé"
"1972-06-18 21:00","1972","06","18","21:00"," ","17,20","","5,60","","46,00","","19,00","","8,00","","24,10","","98,27","","","","","","Généralement dégagé"
"1972-06-18 22:00","1972","06","18","22:00"," ","15,00","","4,40","","49,00","","19,00","","11,00","","24,10","","98,31","","","","","","Généralement dégagé"
"1972-06-18 23:00","1972","06","18","23:00"," ","13,90","","5,00","","55,00","","18,00","","10,00","","24,10","","98,35","","","","","","Dégagé"
"1972-06-19 00:00","1972","06","19","00:00"," ","13,30","","5,60","","59,00","","19,00","","6,00","","24,10","","98,34","","","","","","Dégagé"
"1972-06-19 01:00","1972","06","19","01:00"," ","11,70","","5,60","","66,00","","19,00","","10,00","","24,10","","98,28","","","","","","Dégagé"
"1972-06-19 02:00","1972","06","19","02:00"," ","10,60","","5,00","","69,00","","18,00","","10,00","","24,10","","98,23","","","","","","Généralement dégagé"
"1972-06-19 03:00","1972","06","19","03:00"," ","8,30","","4,40","","77,00","","18,00","","6,00","","24,10","","98,19","","","","","","Généralement dégagé"
"1972-06-19 04:00","1972","06","19","04:00"," ","7,80","","4,40","","79,00","","18,00","","6,00","","24,10","","98,18","","","","","","Généralement dégagé"
"1972-06-19 05:00","1972","06","19","05:00"," ","8,30","","5,00","","81,00","","18,00","","10,00","","24,10","","98,15","","","","","","Généralement dégagé"
"1972-06-19 06:00","1972","06","19","06:00"," ","11,10","","5,00","","67,00","","18,00","","10,00","","24,10","","98,15","","","","","","Généralement dégagé"
"1972-06-19 07:00","1972","06","19","07:00"," ","14,40","","7,20","","61,00","","17,00","","10,00","","24,10","","98,12","","","","","","Généralement nuageux"
"1972-06-19 08:00","1972","06","19","08:00"," ","17,80","","10,00","","59,00","","23,00","","13,00","","19,30","","98,09","","","","","","Généralement dégagé"
"1972-06-19 09:00","1972","06","19","09:00"," ","20,00","","9,40","","50,00","","24,00","","16,00","","16,10","","98,05","","","","","","Généralement nuageux"
"1972-06-19 10:00","1972","06","19","10:00"," ","22,80","","7,80","","38,00","","22,00","","19,00","","16,10","","97,99","","","","","","Généralement nuageux"
"1972-06-19 11:00","1972","06","19","11:00"," ","23,30","","2,20","","26,00","","19,00","","24,00","","16,10","","97,90","","","","","","Généralement nuageux"
"1972-06-19 12:00","1972","06","19","12:00"," ","24,40","","6,70","","32,00","","19,00","","24,00","","19,30","","97,80","","","","","","Généralement dégagé"
"1972-06-19 13:00","1972","06","19","13:00"," ","26,10","","3,90","","24,00","","19,00","","24,00","","24,10","","97,71","","25,00","","","","Généralement dégagé"
"1972-06-19 14:00","1972","06","19","14:00"," ","27,20","","2,20","","21,00","","18,00","","24,00","","24,10","","97,62","","26,00","","","","Généralement nuageux"
"1972-06-19 15:00","1972","06","19","15:00"," ","27,80","","3,30","","21,00","","19,00","","24,00","","24,10","","97,57","","27,00","","","","Généralement nuageux"
"1972-06-19 16:00","1972","06","19","16:00"," ","27,80","","5,60","","24,00","","22,00","","24,00","","24,10","","97,51","","27,00","","","","Généralement dégagé"
"1972-06-19 17:00","1972","06","19","17:00"," ","27,20","","7,20","","28,00","","21,00","","16,00","","24,10","","97,46","","27,00","","","","Généralement dégagé"
"1972-06-19 18:00","1972","06","19","18:00"," ","26,70","","7,80","","31,00","","21,00","","24,00","","24,10","","97,44","","27,00","","","","Généralement dégagé"
"1972-06-19 19:00","1972","06","19","19:00"," ","25,60","","8,90","","35,00","","21,00","","16,00","","24,10","","97,40","","26,00","","","","Dégagé"
"1972-06-19 20:00","1972","06","19","20:00"," ","22,80","","10,00","","44,00","","20,00","","10,00","","16,10","","97,41","","","","","","Généralement dégagé"
"1972-06-19 21:00","1972","06","19","21:00"," ","20,60","","10,00","","52,00","","21,00","","13,00","","16,10","","97,43","","","","","","Généralement dégagé"
"1972-06-19 22:00","1972","06","19","22:00"," ","20,00","","10,60","","54,00","","20,00","","16,00","","16,10","","97,42","","","","","","Généralement dégagé"
"1972-06-19 23:00","1972","06","19","23:00"," ","18,90","","11,70","","62,00","","22,00","","19,00","","19,30","","97,39","","","","","","Généralement dégagé"
"1972-06-20 00:00","1972","06","20","00:00"," ","18,30","","12,20","","66,00","","21,00","","16,00","","16,10","","97,37","","","","","","Généralement dégagé"
"1972-06-20 01:00","1972","06","20","01:00"," ","17,80","","12,20","","69,00","","21,00","","10,00","","16,10","","97,34","","","","","","Généralement dégagé"
"1972-06-20 02:00","1972","06","20","02:00"," ","16,10","","11,70","","75,00","","21,00","","6,00","","16,10","","97,30","","","","","","Généralement dégagé"
"1972-06-20 03:00","1972","06","20","03:00"," ","15,00","","11,10","","79,00","","20,00","","5,00","","12,90","","97,22","","","","","","Généralement dégagé"
"1972-06-20 04:00","1972","06","20","04:00"," ","14,40","","11,10","","79,00","","18,00","","6,00","","4,80","","97,14","","","","","","Brume sèche"
"1972-06-20 05:00","1972","06","20","05:00"," ","15,00","","11,10","","78,00","","18,00","","8,00","","4,00","","97,12","","","","","","Brume sèche"
"1972-06-20 06:00","1972","06","20","06:00"," ","15,60","","11,70","","78,00","","18,00","","6,00","","4,80","","97,11","","","","","","Brume sèche"
"1972-06-20 07:00","1972","06","20","07:00"," ","16,70","","12,20","","74,00","","28,00","","8,00","","4,80","","97,10","","","","","","Brume sèche"
"1972-06-20 08:00","1972","06","20","08:00"," ","16,10","","12,80","","82,00","","4,00","","5,00","","4,00","","97,02","","","","","","Pluie,Brouillard"
"1972-06-20 09:00","1972","06","20","09:00"," ","15,00","","13,90","","93,00","","0,00","","0,00","","2,00","","97,03","","","","","","Orages,Pluie modérée,Brouillard"
"1972-06-20 10:00","1972","06","20","10:00"," ","13,90","","13,30","","96,00","","5,00","","13,00","","0,80","","96,91","","","","","","Orages,Pluie forte,Brouillard"
"1972-06-20 11:00","1972","06","20","11:00"," ","11,70","","11,10","","96,00","","36,00","","24,00","","4,00","","96,84","","","","","","Pluie,Brouillard"
"1972-06-20 12:00","1972","06","20","12:00"," ","10,00","","8,90","","93,00","","36,00","","24,00","","4,00","","96,77","","","","","","Pluie,Brouillard"
"1972-06-20 13:00","1972","06","20","13:00"," ","9,40","","8,30","","94,00","","2,00","","32,00","","9,70","","96,75","","","","","","Pluie"
"1972-06-20 14:00","1972","06","20","14:00"," ","7,80","","6,70","","91,00","","1,00","","29,00","","19,30","","96,70","","","","","","Pluie"
"1972-06-20 15:00","1972","06","20","15:00"," ","7,20","","6,10","","93,00","","35,00","","29,00","","4,80","","96,80","","","","","","Pluie,Brouillard"
"1972-06-20 16:00","1972","06","20","16:00"," ","6,10","","6,10","","100,00","","1,00","","24,00","","1,60","","96,86","","","","","","Pluie,Brouillard"
"1972-06-20 17:00","1972","06","20","17:00"," ","5,60","","4,40","","93,00","","1,00","","24,00","","4,80","","96,92","","","","","","Pluie,Brouillard"
"1972-06-20 18:00","1972","06","20","18:00"," ","5,60","","4,40","","93,00","","34,00","","24,00","","6,40","","97,00","","","","","","Bruine,Brouillard"
"1972-06-20 19:00","1972","06","20","19:00"," ","5,00","","3,90","","93,00","","34,00","","16,00","","6,40","","97,14","","","","","","Pluie,Brouillard"
"1972-06-20 20:00","1972","06","20","20:00"," ","3,90","","2,80","","93,00","","35,00","","24,00","","6,40","","97,22","","","","","","Pluie,Brouillard"
"1972-06-20 21:00","1972","06","20","21:00"," ","3,90","","2,20","","91,00","","36,00","","24,00","","16,10","","97,26","","","","","","Pluie"
"1972-06-20 22:00","1972","06","20","22:00"," ","3,30","","2,20","","91,00","","34,00","","16,00","","19,30","","97,32","","","","","","Nuageux"
"1972-06-20 23:00","1972","06","20","23:00"," ","3,30","","2,20","","91,00","","35,00","","11,00","","19,30","","97,36","","","","","","Généralement nuageux"
"1972-06-21 00:00","1972","06","21","00:00"," ","3,30","","2,20","","92,00","","35,00","","8,00","","19,30","","97,42","","","","","","Généralement nuageux"
"1972-06-21 01:00","1972","06","21","01:00"," ","3,30","","2,20","","91,00","","35,00","","6,00","","19,30","","97,48","","","","","","Généralement nuageux"
"1972-06-21 02:00","1972","06","21","02:00"," ","3,30","","1,70","","91,00","","36,00","","10,00","","19,30","","97,46","","","","","","Généralement nuageux"
"1972-06-21 03:00","1972","06","21","03:00"," ","3,30","","1,70","","91,00","","35,00","","5,00","","16,10","","97,48","","","","","","Nuageux"
"1972-06-21 04:00","1972","06","21","04:00"," ","3,30","","1,70","","91,00","","36,00","","10,00","","16,10","","97,46","","","","","","Nuageux"
"1972-06-21 05:00","1972","06","21","05:00"," ","3,30","","2,20","","94,00","","34,00","","10,00","","4,00","","97,45","","","","","","Bruine,Brouillard"
"1972-06-21 06:00","1972","06","21","06:00"," ","3,30","","2,80","","94,00","","36,00","","16,00","","1,60","","97,48","","","","","","Bruine,Brouillard"
"1972-06-21 07:00","1972","06","21","07:00"," ","3,90","","2,80","","92,00","","35,00","","6,00","","2,40","","97,53","","","","","","Bruine,Brouillard"
"1972-06-21 08:00","1972","06","21","08:00"," ","5,60","","2,80","","85,00","","33,00","","6,00","","24,10","","97,58","","","","","","Généralement nuageux"
"1972-06-21 09:00","1972","06","21","09:00"," ","7,80","","3,90","","76,00","","33,00","","10,00","","24,10","","97,60","","","","","","Généralement dégagé"
"1972-06-21 10:00","1972","06","21","10:00"," ","10,00","","3,90","","66,00","","33,00","","10,00","","24,10","","97,58","","","","","","Généralement dégagé"
"1972-06-21 11:00","1972","06","21","11:00"," ","12,80","","4,40","","58,00","","2,00","","5,00","","24,10","","97,58","","","","","","Généralement nuageux"
"1972-06-21 12:00","1972","06","21","12:00"," ","14,40","","4,40","","51,00","","34,00","","16,00","","24,10","","97,54","","","","","","Généralement nuageux"
"1972-06-21 13:00","1972","06","21","13:00"," ","16,70","","5,60","","48,00","","34,00","","16,00","","24,10","","97,54","","","","","","Nuageux"
"1972-06-21 14:00","1972","06","21","14:00"," ","17,20","","2,80","","39,00","","35,00","","16,00","","24,10","","97,54","","","","","","Nuageux"
"1972-06-21 15:00","1972","06","21","15:00"," ","17,20","","4,40","","43,00","","2,00","","16,00","","24,10","","97,55","","","","","","Nuageux"
"1972-06-21 16:00","1972","06","21","16:00"," ","16,70","","6,70","","52,00","","1,00","","24,00","","25,00","","97,59","","","","","","Généralement nuageux"
"1972-06-21 17:00","1972","06","21","17:00"," ","14,40","","4,40","","52,00","","3,00","","24,00","","25,00","","97,63","","","","","","Généralement nuageux"
"1972-06-21 18:00","1972","06","21","18:00"," ","12,80","","1,10","","46,00","","3,00","","24,00","","25,00","","97,68","","","","","","Généralement nuageux"
"1972-06-21 19:00","1972","06","21","19:00"," ","11,10","","0,60","","48,00","","2,00","","24,00","","25,00","","97,78","","","","","","Généralement nuageux"
"1972-06-21 20:00","1972","06","21","20:00"," ","9,40","","-4,40","","38,00","","3,00","","24,00","","25,00","","97,92","","","","","","Généralement nuageux"
"1972-06-21 21:00","1972","06","21","21:00"," ","7,80","","-4,40","","42,00","","3,00","","24,00","","25,00","","98,02","","","","","","Généralement nuageux"
"1972-06-21 22:00","1972","06","21","22:00"," ","6,10","","-3,90","","48,00","","3,00","","24,00","","25,00","","98,07","","","","","","Généralement nuageux"
"1972-06-21 23:00","1972","06","21","23:00"," ","5,60","","-2,80","","56,00","","2,00","","24,00","","25,00","","98,10","","","","","","Généralement nuageux"
"1972-06-22 00:00","1972","06","22","00:00"," ","4,40","","-1,70","","65,00","","2,00","","19,00","","25,00","","98,12","","","","","","Généralement nuageux"
"1972-06-22 01:00","1972","06","22","01:00"," ","3,30","","-2,80","","65,00","","2,00","","16,00","","25,00","","98,13","","","","","","Généralement nuageux"
"1972-06-22 02:00","1972","06","22","02:00"," ","1,70","","-3,30","","69,00","","35,00","","19,00","","25,00","","98,15","","","","","","Généralement nuageux"
"1972-06-22 03:00","1972","06","22","03:00"," ","0,60","","-3,30","","75,00","","36,00","","13,00","","25,00","","98,16","","","","","","Généralement nuageux"
"1972-06-22 04:00","1972","06","22","04:00"," ","0,00","","-2,80","","81,00","","35,00","","13,00","","25,00","","98,19","","","","-4,00","","Généralement nuageux"
"1972-06-22 05:00","1972","06","22","05:00"," ","-0,60","","-3,30","","81,00","","36,00","","19,00","","25,00","","98,25","","","","-6,00","","Nuageux"
"1972-06-22 06:00","1972","06","22","06:00"," ","0,00","","-2,80","","82,00","","2,00","","16,00","","25,00","","98,32","","","","-5,00","","Nuageux"
"1972-06-22 07:00","1972","06","22","07:00"," ","1,10","","-2,80","","77,00","","3,00","","19,00","","24,10","","98,36","","","","","","Nuageux"
"1972-06-22 08:00","1972","06","22","08:00"," ","2,20","","-2,80","","70,00","","2,00","","24,00","","24,10","","98,40","","","","","","Nuageux"
"1972-06-22 09:00","1972","06","22","09:00"," ","4,40","","-2,20","","62,00","","2,00","","24,00","","24,10","","98,37","","","","","","Nuageux"
"1972-06-22 10:00","1972","06","22","10:00"," ","5,00","","-2,20","","58,00","","1,00","","16,00","","24,10","","98,37","","","","","","Nuageux"
"1972-06-22 11:00","1972","06","22","11:00"," ","6,70","","-2,20","","53,00","","3,00","","16,00","","24,10","","98,39","","","","","","Nuageux"
"1972-06-22 12:00","1972","06","22","12:00"," ","8,30","","-1,10","","51,00","","3,00","","16,00","","24,10","","98,35","","","","","","Nuageux"
"1972-06-22 13:00","1972","06","22","13:00"," ","12,20","","-1,70","","39,00","","4,00","","32,00","","24,10","","98,28","","","","","","Nuageux"
"1972-06-22 14:00","1972","06","22","14:00"," ","11,70","","-2,20","","38,00","","2,00","","32,00","","24,10","","98,26","","","","","","Nuageux"
"1972-06-22 15:00","1972","06","22","15:00"," ","11,70","","-2,20","","38,00","","3,00","","24,00","","24,10","","98,23","","","","","","Nuageux"
"1972-06-22 16:00","1972","06","22","16:00"," ","11,70","","-1,10","","41,00","","2,00","","24,00","","24,10","","98,26","","","","","","Généralement nuageux"
"1972-06-22 17:00","1972","06","22","17:00"," ","12,20","","-1,10","","41,00","","2,00","","24,00","","24,10","","98,26","","","","","","Généralement nuageux"
"1972-06-22 18:00","1972","06","22","18:00"," ","11,70","","-0,60","","43,00","","3,00","","23,00","","24,10","","98,23","","","","","","Généralement nuageux"
"1972-06-22 19:00","1972","06","22","19:00"," ","10,60","","-0,60","","46,00","","2,00","","24,00","","24,10","","98,22","","","","","","Généralement nuageux"
"1972-06-22 20:00","1972","06","22","20:00"," ","9,40","","-0,60","","51,00","","1,00","","24,00","","24,10","","98,24","","","","","","Généralement nuageux"
"1972-06-22 21:00","1972","06","22","21:00"," ","8,30","","0,00","","56,00","","1,00","","24,00","","24,10","","98,20","","","","","","Généralement nuageux"
"1972-06-22 22:00","1972","06","22","22:00"," ","8,30","","0,60","","60,00","","2,00","","24,00","","24,10","","98,18","","","","","","Généralement nuageux"
"1972-06-22 23:00","1972","06","22","23:00"," ","7,80","","1,10","","63,00","","1,00","","24,00","","24,10","","98,16","","","","","","Généralement nuageux"
"1972-06-23 00:00","1972","06","23","00:00"," ","7,20","","1,10","","64,00","","36,00","","24,00","","24,10","","98,11","","","","","","Nuageux"
"1972-06-23 01:00","1972","06","23","01:00"," ","7,20","","0,60","","63,00","","36,00","","24,00","","24,10","","98,03","","","","","","Nuageux"
"1972-06-23 02:00","1972","06","23","02:00"," ","7,20","","0,60","","63,00","","36,00","","24,00","","24,10","","97,95","","","","","","Nuageux"
"1972-06-23 03:00","1972","06","23","03:00"," ","7,20","","0,60","","63,00","","36,00","","24,00","","24,10","","97,86","","","","","","Nuageux"
"1972-06-23 04:00","1972","06","23","04:00"," ","7,20","","0,60","","63,00","","36,00","","24,00","","24,10","","97,82","","","","","","Nuageux"
"1972-06-23 05:00","1972","06","23","05:00"," ","6,70","","0,60","","63,00","","36,00","","24,00","","24,10","","97,77","","","","","","Généralement nuageux"
"1972-06-23 06:00","1972","06","23","06:00"," ","6,70","","3,30","","79,00","","36,00","","24,00","","16,10","","97,80","","","","","","Pluie"
"1972-06-23 07:00","1972","06","23","07:00"," ","6,70","","2,80","","75,00","","36,00","","24,00","","24,10","","97,81","","","","","","Nuageux"
"1972-06-23 08:00","1972","06","23","08:00"," ","6,70","","3,90","","83,00","","3,00","","24,00","","4,80","","97,84","","","","","","Bruine,Brouillard"
"1972-06-23 09:00","1972","06","23","09:00"," ","6,70","","5,60","","93,00","","1,00","","24,00","","1,60","","97,82","","","","","","Bruine,Brouillard"
"1972-06-23 10:00","1972","06","23","10:00"," ","7,20","","6,10","","93,00","","2,00","","24,00","","4,80","","97,83","","","","","","Pluie,Brouillard"
"1972-06-23 11:00","1972","06","23","11:00"," ","7,80","","6,70","","92,00","","1,00","","24,00","","4,80","","97,83","","","","","","Bruine,Brouillard"
"1972-06-23 12:00","1972","06","23","12:00"," ","8,30","","7,80","","95,00","","1,00","","24,00","","4,80","","97,85","","","","","","Averses de pluie,Bruine,Brouillard"
"1972-06-23 13:00","1972","06","23","13:00"," ","9,40","","8,30","","93,00","","2,00","","16,00","","4,80","","97,89","","","","","","Averses de pluie,Bruine,Brouillard"
"1972-06-23 14:00","1972","06","23","14:00"," ","10,60","","9,40","","94,00","","36,00","","24,00","","1,60","","97,88","","","","","","Bruine,Brouillard"
"1972-06-23 15:00","1972","06","23","15:00"," ","11,10","","10,00","","92,00","","3,00","","24,00","","19,30","","97,87","","","","","","Nuageux"
"1972-06-23 16:00","1972","06","23","16:00"," ","11,10","","10,60","","96,00","","2,00","","23,00","","24,10","","97,87","","","","","","Nuageux"
"1972-06-23 17:00","1972","06","23","17:00"," ","11,70","","10,60","","94,00","","2,00","","23,00","","16,10","","97,87","","","","","","Nuageux"
"1972-06-23 18:00","1972","06","23","18:00"," ","12,20","","11,10","","94,00","","36,00","","23,00","","8,00","","97,87","","","","","","Averses de pluie,Brouillard"
"1972-06-23 19:00","1972","06","23","19:00"," ","12,80","","11,70","","95,00","","2,00","","16,00","","12,90","","97,84","","","","","","Nuageux"
"1972-06-23 20:00","1972","06","23","20:00"," ","12,80","","11,70","","93,00","","1,00","","11,00","","16,10","","97,84","","","","","","Nuageux"
"1972-06-23 21:00","1972","06","23","21:00"," ","12,20","","11,70","","97,00","","36,00","","19,00","","8,00","","97,83","","","","","","Averses de pluie,Brouillard"
"1972-06-23 22:00","1972","06","23","22:00"," ","11,70","","11,10","","98,00","","1,00","","14,00","","4,80","","97,82","","","","","","Bruine,Brouillard"
"1972-06-23 23:00","1972","06","23","23:00"," ","11,70","","11,70","","98,00","","2,00","","11,00","","3,20","","97,82","","","","","","Bruine,Brouillard"
"1972-06-24 00:00","1972","06","24","00:00"," ","11,70","","11,10","","96,00","","2,00","","11,00","","6,40","","97,75","","","","","","Bruine,Brouillard"
"1972-06-24 01:00","1972","06","24","01:00"," ","12,20","","11,70","","97,00","","3,00","","13,00","","6,40","","97,73","","","","","","Bruine,Brouillard"
"1972-06-24 02:00","1972","06","24","02:00"," ","12,20","","11,70","","96,00","","3,00","","13,00","","4,80","","97,64","","","","","","Bruine,Brouillard"
"1972-06-24 03:00","1972","06","24","03:00"," ","12,20","","12,20","","97,00","","3,00","","16,00","","1,60","","97,61","","","","","","Bruine,Brouillard"
"1972-06-24 04:00","1972","06","24","04:00"," ","12,80","","12,20","","96,00","","3,00","","16,00","","4,80","","97,61","","","","","","Bruine,Brouillard"
"1972-06-24 05:00","1972","06","24","05:00"," ","12,80","","12,20","","96,00","","2,00","","13,00","","1,60","","97,60","","","","","","Brouillard"
"1972-06-24 06:00","1972","06","24","06:00"," ","12,80","","12,20","","96,00","","2,00","","19,00","","1,60","","97,62","","","","","","Bruine,Brouillard"
"1972-06-24 07:00","1972","06","24","07:00"," ","12,80","","12,20","","96,00","","2,00","","16,00","","1,60","","97,60","","","","","","Bruine,Brouillard"
"1972-06-24 08:00","1972","06","24","08:00"," ","13,30","","12,20","","94,00","","3,00","","24,00","","8,00","","97,60","","","","","","Brouillard"
"1972-06-24 09:00","1972","06","24","09:00"," ","13,90","","12,80","","94,00","","3,00","","24,00","","8,00","","97,62","","","","","","Brouillard"
"1972-06-24 10:00","1972","06","24","10:00"," ","13,90","","12,80","","92,00","","2,00","","16,00","","8,00","","97,61","","","","","","Brouillard"
"1972-06-24 11:00","1972","06","24","11:00"," ","14,40","","13,30","","91,00","","3,00","","24,00","","6,40","","97,62","","","","","","Brouillard"
"1972-06-24 12:00","1972","06","24","12:00"," ","15,60","","13,30","","87,00","","4,00","","24,00","","8,00","","97,58","","","","","","Brouillard"
"1972-06-24 13:00","1972","06","24","13:00"," ","16,10","","13,30","","84,00","","4,00","","11,00","","11,30","","97,63","","","","","","Nuageux"
"1972-06-24 14:00","1972","06","24","14:00"," ","16,70","","13,90","","83,00","","5,00","","16,00","","16,10","","97,60","","","","","","Nuageux"
"1972-06-24 15:00","1972","06","24","15:00"," ","17,20","","13,90","","81,00","","4,00","","16,00","","16,10","","97,56","","","","","","Nuageux"
"1972-06-24 16:00","1972","06","24","16:00"," ","17,80","","13,90","","79,00","","3,00","","11,00","","16,10","","97,54","","","","","","Nuageux"
"1972-06-24 17:00","1972","06","24","17:00"," ","18,30","","13,90","","75,00","","3,00","","13,00","","16,10","","97,54","","","","","","Nuageux"
"1972-06-24 18:00","1972","06","24","18:00"," ","17,80","","14,40","","81,00","","5,00","","8,00","","16,10","","97,56","","","","","","Nuageux"
"1972-06-24 19:00","1972","06","24","19:00"," ","17,20","","14,40","","84,00","","2,00","","6,00","","16,10","","97,53","","","","","","Nuageux"
"1972-06-24 20:00","1972","06","24","20:00"," ","16,70","","15,00","","89,00","","1,00","","11,00","","16,10","","97,51","","","","","","Généralement nuageux"
"1972-06-24 21:00","1972","06","24","21:00"," ","16,70","","14,40","","87,00","","36,00","","13,00","","12,90","","97,51","","","","","","Généralement nuageux"
"1972-06-24 22:00","1972","06","24","22:00"," ","16,10","","13,90","","89,00","","36,00","","10,00","","12,90","","97,48","","","","","","Généralement nuageux"
"1972-06-24 23:00","1972","06","24","23:00"," ","15,00","","13,30","","89,00","","35,00","","10,00","","16,10","","97,46","","","","","","Généralement dégagé"
"1972-06-25 00:00","1972","06","25","00:00"," ","14,40","","13,30","","91,00","","36,00","","13,00","","19,30","","97,41","","","","","","Généralement nuageux"
"1972-06-25 01:00","1972","06","25","01:00"," ","14,40","","13,30","","93,00","","36,00","","10,00","","19,30","","97,38","","","","","","Nuageux"
"1972-06-25 02:00","1972","06","25","02:00"," ","15,00","","13,90","","92,00","","36,00","","13,00","","19,30","","97,33","","","","","","Généralement nuageux"
"1972-06-25 03:00","1972","06","25","03:00"," ","15,00","","13,30","","92,00","","36,00","","10,00","","19,30","","97,30","","","","","","Nuageux"
"1972-06-25 04:00","1972","06","25","04:00"," ","14,40","","13,30","","93,00","","36,00","","10,00","","19,30","","97,30","","","","","","Nuageux"
"1972-06-25 05:00","1972","06","25","05:00"," ","13,90","","12,80","","92,00","","36,00","","8,00","","16,10","","97,30","","","","","","Nuageux"
"1972-06-25 06:00","1972","06","25","06:00"," ","13,90","","12,80","","92,00","","36,00","","11,00","","16,10","","97,30","","","","","","Nuageux"
"1972-06-25 07:00","1972","06","25","07:00"," ","13,90","","12,20","","90,00","","36,00","","13,00","","16,10","","97,32","","","","","","Nuageux"
"1972-06-25 08:00","1972","06","25","08:00"," ","13,90","","12,80","","95,00","","35,00","","13,00","","3,20","","97,35","","","","","","Bruine,Brouillard"
"1972-06-25 09:00","1972","06","25","09:00"," ","13,90","","12,80","","94,00","","35,00","","13,00","","12,90","","97,35","","","","","","Nuageux"
"1972-06-25 10:00","1972","06","25","10:00"," ","13,90","","12,80","","95,00","","34,00","","16,00","","12,90","","97,37","","","","","","Nuageux"
"1972-06-25 11:00","1972","06","25","11:00"," ","13,30","","11,70","","89,00","","35,00","","16,00","","12,90","","97,36","","","","","","Nuageux"
"1972-06-25 12:00","1972","06","25","12:00"," ","14,40","","11,70","","85,00","","36,00","","8,00","","16,10","","97,36","","","","","","Nuageux"
"1972-06-25 13:00","1972","06","25","13:00"," ","14,40","","12,20","","85,00","","35,00","","16,00","","16,10","","97,37","","","","","","Nuageux"
"1972-06-25 14:00","1972","06","25","14:00"," ","14,40","","12,20","","87,00","","34,00","","13,00","","9,70","","97,36","","","","","","Bruine,Brouillard"
"1972-06-25 15:00","1972","06","25","15:00"," ","15,00","","12,20","","83,00","","36,00","","11,00","","12,90","","97,37","","","","","","Nuageux"
"1972-06-25 16:00","1972","06","25","16:00"," ","16,10","","13,30","","84,00","","34,00","","19,00","","12,90","","97,37","","","","","","Nuageux"
"1972-06-25 17:00","1972","06","25","17:00"," ","16,10","","13,90","","85,00","","1,00","","13,00","","16,10","","97,38","","","","","","Nuageux"
"1972-06-25 18:00","1972","06","25","18:00"," ","16,70","","13,90","","84,00","","34,00","","11,00","","16,10","","97,38","","","","","","Nuageux"
"1972-06-25 19:00","1972","06","25","19:00"," ","16,70","","15,00","","91,00","","36,00","","10,00","","1,60","","97,39","","","","","","Pluie,Brouillard"
"1972-06-25 20:00","1972","06","25","20:00"," ","16,10","","15,00","","95,00","","9,00","","8,00","","1,20","","97,41","","","","","","Pluie,Brouillard"
"1972-06-25 21:00","1972","06","25","21:00"," ","15,60","","14,40","","95,00","","35,00","","3,00","","6,40","","97,44","","","","","","Brouillard"
"1972-06-25 22:00","1972","06","25","22:00"," ","15,00","","15,00","","98,00","","36,00","","5,00","","9,70","","97,42","","","","","","Brouillard"
"1972-06-25 23:00","1972","06","25","23:00"," ","15,00","","13,90","","95,00","","35,00","","3,00","","16,10","","97,44","","","","","","Nuageux"
"1972-06-26 00:00","1972","06","26","00:00"," ","15,00","","13,90","","95,00","","1,00","","3,00","","4,80","","97,45","","","","","","Brouillard"
"1972-06-26 01:00","1972","06","26","01:00"," ","15,00","","14,40","","97,00","","36,00","","3,00","","0,80","","97,45","","","","","","Brouillard"
"1972-06-26 02:00","1972","06","26","02:00"," ","15,00","","14,40","","97,00","","36,00","","3,00","","0,80","","97,42","","","","","","Brouillard"
"1972-06-26 03:00","1972","06","26","03:00"," ","15,00","","14,40","","98,00","","36,00","","5,00","","0,40","","97,42","","","","","","Brouillard"
"1972-06-26 04:00","1972","06","26","04:00"," ","15,00","","14,40","","98,00","","36,00","","3,00","","1,60","","97,42","","","","","","Bruine,Brouillard"
"1972-06-26 05:00","1972","06","26","05:00"," ","15,00","","14,40","","98,00","","36,00","","5,00","","2,00","","97,42","","","","","","Bruine,Brouillard"
"1972-06-26 06:00","1972","06","26","06:00"," ","15,00","","13,90","","95,00","","36,00","","10,00","","2,00","","97,48","","","","","","Bruine,Brouillard"
"1972-06-26 07:00","1972","06","26","07:00"," ","15,00","","14,40","","97,00","","36,00","","8,00","","1,60","","97,50","","","","","","Brouillard"
"1972-06-26 08:00","1972","06","26","08:00"," ","15,60","","15,00","","97,00","","3,00","","6,00","","6,40","","97,53","","","","","","Brouillard"
"1972-06-26 09:00","1972","06","26","09:00"," ","16,10","","15,00","","93,00","","36,00","","6,00","","8,00","","97,57","","","","","","Brouillard"
"1972-06-26 10:00","1972","06","26","10:00"," ","16,70","","15,00","","89,00","","36,00","","10,00","","12,90","","97,57","","","","","","Nuageux"
"1972-06-26 11:00","1972","06","26","11:00"," ","18,90","","14,40","","76,00","","36,00","","13,00","","24,10","","97,55","","","","","","Généralement nuageux"
"1972-06-26 12:00","1972","06","26","12:00"," ","18,90","","14,40","","73,00","","5,00","","10,00","","24,10","","97,52","","","","","","Généralement nuageux"
"1972-06-26 13:00","1972","06","26","13:00"," ","19,40","","14,40","","71,00","","36,00","","10,00","","24,10","","97,52","","","","","","Nuageux"
"1972-06-26 14:00","1972","06","26","14:00"," ","20,00","","13,90","","67,00","","1,00","","8,00","","24,10","","97,52","","","","","","Généralement nuageux"
"1972-06-26 15:00","1972","06","26","15:00"," ","18,90","","15,60","","80,00","","34,00","","11,00","","8,00","","97,52","","","","","","Averses de pluie"
"1972-06-26 16:00","1972","06","26","16:00"," ","21,70","","15,00","","65,00","","30,00","","5,00","","16,10","","97,46","","26,00","","","","Averses de pluie"
"1972-06-26 17:00","1972","06","26","17:00"," ","18,30","","16,70","","91,00","","33,00","","16,00","","9,70","","97,47","","","","","","Averses de pluie"
"1972-06-26 18:00","1972","06","26","18:00"," ","20,60","","17,20","","82,00","","28,00","","5,00","","16,10","","97,48","","26,00","","","","Averses de pluie"
"1972-06-26 19:00","1972","06","26","19:00"," ","20,60","","17,20","","82,00","","28,00","","5,00","","19,30","","97,48","","26,00","","","","Généralement nuageux"
"1972-06-26 20:00","1972","06","26","20:00"," ","18,90","","16,70","","88,00","","24,00","","3,00","","19,30","","97,47","","","","","","Généralement dégagé"
"1972-06-26 21:00","1972","06","26","21:00"," ","16,70","","15,60","","95,00","","22,00","","3,00","","16,10","","97,51","","","","","","Généralement nuageux"
"1972-06-26 22:00","1972","06","26","22:00"," ","17,20","","15,60","","92,00","","3,00","","13,00","","4,80","","97,64","","","","","","Orages,Averses de pluie"
"1972-06-26 23:00","1972","06","26","23:00"," ","16,10","","15,60","","96,00","","21,00","","8,00","","16,10","","97,57","","","","","","Généralement nuageux"
"1972-06-27 00:00","1972","06","27","00:00"," ","15,60","","14,40","","96,00","","25,00","","8,00","","16,10","","97,54","","","","","","Généralement dégagé"
"1972-06-27 01:00","1972","06","27","01:00"," ","14,40","","13,90","","97,00","","0,00","","0,00","","16,10","","97,56","","","","","","Généralement dégagé"
"1972-06-27 02:00","1972","06","27","02:00"," ","13,90","","13,30","","96,00","","28,00","","5,00","","6,40","","97,56","","","","","","Brouillard"
"1972-06-27 03:00","1972","06","27","03:00"," ","12,20","","11,70","","98,00","","0,00","","0,00","","6,40","","97,60","","","","","","Brouillard"
"1972-06-27 04:00","1972","06","27","04:00"," ","12,20","","11,70","","97,00","","31,00","","5,00","","0,40","","97,62","","","","","","Brouillard"
"1972-06-27 05:00","1972","06","27","05:00"," ","10,60","","10,00","","98,00","","18,00","","5,00","","0,20","","97,68","","","","","","Brouillard"
"1972-06-27 06:00","1972","06","27","06:00"," ","12,20","","12,20","","98,00","","0,00","","0,00","","0,20","","97,72","","","","","","Brouillard"
"1972-06-27 07:00","1972","06","27","07:00"," ","13,30","","12,80","","97,00","","36,00","","5,00","","0,40","","97,76","","","","","","Brouillard"
"1972-06-27 08:00","1972","06","27","08:00"," ","15,60","","15,00","","96,00","","0,00","","0,00","","2,80","","97,76","","","","","","Brouillard"
"1972-06-27 09:00","1972","06","27","09:00"," ","18,30","","16,10","","86,00","","0,00","","0,00","","24,10","","97,78","","","","","","Généralement dégagé"
"1972-06-27 10:00","1972","06","27","10:00"," ","20,00","","16,10","","78,00","","36,00","","8,00","","25,00","","97,79","","25,00","","","","Généralement dégagé"
"1972-06-27 11:00","1972","06","27","11:00"," ","22,80","","14,40","","58,00","","2,00","","5,00","","25,00","","97,76","","26,00","","","","Généralement dégagé"
"1972-06-27 12:00","1972","06","27","12:00"," ","24,40","","12,20","","46,00","","6,00","","6,00","","25,00","","97,73","","27,00","","","","Généralement dégagé"
"1972-06-27 13:00","1972","06","27","13:00"," ","25,00","","9,40","","37,00","","35,00","","3,00","","25,00","","97,70","","26,00","","","","Généralement dégagé"
"1972-06-27 14:00","1972","06","27","14:00"," ","26,10","","7,20","","31,00","","34,00","","6,00","","25,00","","97,69","","26,00","","","","Généralement dégagé"
"1972-06-27 15:00","1972","06","27","15:00"," ","26,70","","7,20","","29,00","","34,00","","3,00","","25,00","","97,68","","27,00","","","","Généralement dégagé"
"1972-06-27 16:00","1972","06","27","16:00"," ","27,20","","8,30","","30,00","","36,00","","8,00","","25,00","","97,63","","28,00","","","","Généralement dégagé"
"1972-06-27 17:00","1972","06","27","17:00"," ","27,20","","6,70","","28,00","","4,00","","10,00","","25,00","","97,61","","27,00","","","","Généralement dégagé"
"1972-06-27 18:00","1972","06","27","18:00"," ","27,20","","7,80","","30,00","","6,00","","3,00","","24,10","","97,61","","28,00","","","","Généralement dégagé"
"1972-06-27 19:00","1972","06","27","19:00"," ","26,70","","7,20","","30,00","","2,00","","6,00","","24,10","","97,62","","27,00","","","","Généralement dégagé"
"1972-06-27 20:00","1972","06","27","20:00"," ","25,00","","9,40","","38,00","","10,00","","5,00","","24,10","","97,65","","26,00","","","","Généralement dégagé"
"1972-06-27 21:00","1972","06","27","21:00"," ","21,10","","13,30","","62,00","","12,00","","3,00","","24,10","","97,70","","","","","","Généralement dégagé"
"1972-06-27 22:00","1972","06","27","22:00"," ","20,00","","12,20","","60,00","","0,00","","0,00","","24,10","","97,74","","","","","","Généralement dégagé"
"1972-06-27 23:00","1972","06","27","23:00"," ","16,10","","13,30","","84,00","","0,00","","0,00","","24,10","","97,76","","","","","","Dégagé"
"1972-06-28 00:00","1972","06","28","00:00"," ","15,60","","13,30","","87,00","","0,00","","0,00","","24,10","","97,76","","","","","","Dégagé"
"1972-06-28 01:00","1972","06","28","01:00"," ","13,90","","12,80","","92,00","","0,00","","0,00","","24,10","","97,78","","","","","","Dégagé"
"1972-06-28 02:00","1972","06","28","02:00"," ","12,80","","11,70","","92,00","","0,00","","0,00","","19,30","","97,78","","","","","","Dégagé"
"1972-06-28 03:00","1972","06","28","03:00"," ","12,20","","10,60","","91,00","","18,00","","5,00","","19,30","","97,78","","","","","","Dégagé"
"1972-06-28 04:00","1972","06","28","04:00"," ","12,20","","11,10","","90,00","","13,00","","5,00","","19,30","","97,78","","","","","","Dégagé"
"1972-06-28 05:00","1972","06","28","05:00"," ","12,80","","10,00","","86,00","","18,00","","5,00","","19,30","","97,84","","","","","","Généralement dégagé"
"1972-06-28 06:00","1972","06","28","06:00"," ","13,90","","11,10","","83,00","","14,00","","5,00","","19,30","","97,86","","","","","","Généralement dégagé"
"1972-06-28 07:00","1972","06","28","07:00"," ","18,30","","13,30","","73,00","","0,00","","0,00","","19,30","","97,86","","","","","","Généralement dégagé"
"1972-06-28 08:00","1972","06","28","08:00"," ","22,80","","13,30","","56,00","","17,00","","5,00","","19,30","","97,86","","26,00","","","","Dégagé"
"1972-06-28 09:00","1972","06","28","09:00"," ","24,40","","12,80","","47,00","","18,00","","3,00","","16,10","","97,81","","27,00","","","","Dégagé"
"1972-06-28 10:00","1972","06","28","10:00"," ","26,70","","11,70","","39,00","","18,00","","3,00","","16,10","","97,78","","29,00","","","","Généralement dégagé"
"1972-06-28 11:00","1972","06","28","11:00"," ","27,20","","10,60","","36,00","","14,00","","8,00","","24,10","","97,78","","29,00","","","","Généralement dégagé"
"1972-06-28 12:00","1972","06","28","12:00"," ","27,80","","11,10","","35,00","","0,00","","0,00","","24,10","","97,78","","30,00","","","","Généralement nuageux"
"1972-06-28 13:00","1972","06","28","13:00"," ","27,80","","10,60","","35,00","","15,00","","5,00","","24,10","","97,74","","29,00","","","","Généralement nuageux"
"1972-06-28 14:00","1972","06","28","14:00"," ","28,30","","12,20","","37,00","","24,00","","6,00","","24,10","","97,71","","31,00","","","","Généralement nuageux"
"1972-06-28 15:00","1972","06","28","15:00"," ","29,40","","10,60","","31,00","","18,00","","6,00","","24,10","","97,68","","31,00","","","","Généralement dégagé"
"1972-06-28 16:00","1972","06","28","16:00"," ","29,40","","10,60","","31,00","","18,00","","5,00","","24,10","","97,64","","31,00","","","","Généralement dégagé"
"1972-06-28 17:00","1972","06","28","17:00"," ","29,40","","10,60","","32,00","","14,00","","10,00","","24,10","","97,57","","31,00","","","","Généralement dégagé"
"1972-06-28 18:00","1972","06","28","18:00"," ","28,30","","11,10","","35,00","","14,00","","16,00","","24,10","","97,57","","30,00","","","","Généralement dégagé"
"1972-06-28 19:00","1972","06","28","19:00"," ","26,10","","12,80","","45,00","","14,00","","6,00","","24,10","","97,58","","29,00","","","","Généralement dégagé"
"1972-06-28 20:00","1972","06","28","20:00"," ","23,30","","13,90","","54,00","","14,00","","5,00","","24,10","","97,60","","27,00","","","","Généralement dégagé"
"1972-06-28 21:00","1972","06","28","21:00"," ","22,20","","13,90","","58,00","","14,00","","6,00","","24,10","","97,64","","26,00","","","","Généralement dégagé"
"1972-06-28 22:00","1972","06","28","22:00"," ","20,60","","11,70","","56,00","","14,00","","8,00","","24,10","","97,66","","","","","","Généralement dégagé"
"1972-06-28 23:00","1972","06","28","23:00"," ","19,40","","11,70","","60,00","","15,00","","10,00","","24,10","","97,67","","","","","","Généralement dégagé"
"1972-06-29 00:00","1972","06","29","00:00"," ","18,30","","12,20","","67,00","","16,00","","6,00","","19,30","","97,68","","","","","","Généralement dégagé"
"1972-06-29 01:00","1972","06","29","01:00"," ","18,30","","12,80","","69,00","","18,00","","11,00","","16,10","","97,70","","","","","","Généralement nuageux"
"1972-06-29 02:00","1972","06","29","02:00"," ","17,20","","12,80","","75,00","","18,00","","8,00","","16,10","","97,70","","","","","","Généralement dégagé"
"1972-06-29 03:00","1972","06","29","03:00"," ","16,10","","12,80","","81,00","","19,00","","8,00","","16,10","","97,70","","","","","","Généralement dégagé"
"1972-06-29 04:00","1972","06","29","04:00"," ","16,70","","12,80","","76,00","","27,00","","8,00","","16,10","","97,68","","","","","","Généralement dégagé"
"1972-06-29 05:00","1972","06","29","05:00"," ","15,60","","12,80","","82,00","","27,00","","5,00","","16,10","","97,69","","","","","","Généralement dégagé"
"1972-06-29 06:00","1972","06","29","06:00"," ","16,70","","13,30","","81,00","","19,00","","6,00","","8,00","","97,70","","","","","","Brume sèche"
"1972-06-29 07:00","1972","06","29","07:00"," ","20,60","","15,60","","71,00","","21,00","","6,00","","6,40","","97,74","","25,00","","","","Brume sèche"
"1972-06-29 08:00","1972","06","29","08:00"," ","22,80","","16,10","","65,00","","18,00","","6,00","","11,30","","97,74","","27,00","","","","Généralement dégagé"
"1972-06-29 09:00","1972","06","29","09:00"," ","24,40","","15,60","","58,00","","18,00","","5,00","","9,70","","97,74","","29,00","","","","Brume sèche"
"1972-06-29 10:00","1972","06","29","10:00"," ","26,70","","13,30","","44,00","","17,00","","5,00","","11,30","","97,72","","30,00","","","","Généralement dégagé"
"1972-06-29 11:00","1972","06","29","11:00"," ","27,80","","12,80","","41,00","","22,00","","5,00","","11,30","","97,70","","30,00","","","","Généralement dégagé"
"1972-06-29 12:00","1972","06","29","12:00"," ","27,80","","13,30","","41,00","","22,00","","5,00","","11,30","","97,68","","31,00","","","","Généralement dégagé"
"1972-06-29 13:00","1972","06","29","13:00"," ","29,40","","12,80","","36,00","","0,00","","0,00","","11,30","","97,62","","32,00","","","","Généralement dégagé"
"1972-06-29 14:00","1972","06","29","14:00"," ","28,90","","12,20","","37,00","","16,00","","3,00","","11,30","","97,58","","31,00","","","","Généralement dégagé"
"1972-06-29 15:00","1972","06","29","15:00"," ","28,90","","14,40","","41,00","","13,00","","5,00","","9,70","","97,54","","33,00","","","","Brume sèche"
"1972-06-29 16:00","1972","06","29","16:00"," ","28,30","","13,90","","42,00","","14,00","","16,00","","12,90","","97,52","","32,00","","","","Généralement dégagé"
"1972-06-29 17:00","1972","06","29","17:00"," ","27,80","","14,40","","45,00","","15,00","","18,00","","12,90","","97,50","","31,00","","","","Généralement nuageux"
"1972-06-29 18:00","1972","06","29","18:00"," ","26,10","","14,40","","49,00","","17,00","","6,00","","12,90","","97,49","","30,00","","","","Généralement nuageux"
"1972-06-29 19:00","1972","06","29","19:00"," ","25,60","","16,10","","55,00","","17,00","","3,00","","12,90","","97,48","","30,00","","","","Nuageux"
"1972-06-29 20:00","1972","06","29","20:00"," ","22,80","","16,70","","68,00","","14,00","","6,00","","19,30","","97,49","","28,00","","","","Généralement nuageux"
"1972-06-29 21:00","1972","06","29","21:00"," ","21,70","","15,60","","69,00","","16,00","","8,00","","19,30","","97,49","","26,00","","","","Nuageux"
"1972-06-29 22:00","1972","06","29","22:00"," ","20,00","","15,60","","76,00","","21,00","","8,00","","24,10","","97,47","","","","","","Généralement nuageux"
"1972-06-29 23:00","1972","06","29","23:00"," ","19,40","","15,60","","79,00","","19,00","","5,00","","24,10","","97,45","","","","","","Généralement nuageux"
"1972-06-30 00:00","1972","06","30","00:00"," ","17,20","","15,00","","85,00","","18,00","","8,00","","19,30","","97,42","","","","","","Nuageux"
"1972-06-30 01:00","1972","06","30","01:00"," ","17,80","","15,00","","81,00","","29,00","","5,00","","19,30","","97,42","","","","","","Nuageux"
"1972-06-30 02:00","1972","06","30","02:00"," ","16,10","","14,40","","90,00","","18,00","","6,00","","16,10","","97,40","","","","","","Généralement nuageux"
"1972-06-30 03:00","1972","06","30","03:00"," ","15,00","","13,90","","92,00","","18,00","","8,00","","16,10","","97,37","","","","","","Généralement dégagé"
"1972-06-30 04:00","1972","06","30","04:00"," ","14,40","","13,30","","93,00","","17,00","","10,00","","4,80","","97,34","","","","","","Brouillard"
"1972-06-30 05:00","1972","06","30","05:00"," ","13,90","","12,80","","93,00","","19,00","","6,00","","4,80","","97,32","","","","","","Brouillard"
"1972-06-30 06:00","1972","06","30","06:00"," ","15,00","","13,30","","90,00","","20,00","","8,00","","4,80","","97,30","","","","","","Brume sèche"
"1972-06-30 07:00","1972","06","30","07:00"," ","17,20","","14,40","","83,00","","20,00","","10,00","","6,40","","97,30","","","","","","Brume sèche"
"1972-06-30 08:00","1972","06","30","08:00"," ","20,00","","15,00","","73,00","","23,00","","8,00","","6,40","","97,28","","","","","","Brume sèche"
"1972-06-30 09:00","1972","06","30","09:00"," ","22,80","","15,00","","60,00","","24,00","","8,00","","8,00","","97,20","","27,00","","","","Brume sèche"
"1972-06-30 10:00","1972","06","30","10:00"," ","24,40","","14,40","","54,00","","22,00","","13,00","","8,00","","97,16","","28,00","","","","Brume sèche"
"1972-06-30 11:00","1972","06","30","11:00"," ","26,70","","15,60","","50,00","","24,00","","16,00","","8,00","","97,08","","31,00","","","","Brume sèche"
"1972-06-30 12:00","1972","06","30","12:00"," ","27,20","","15,00","","48,00","","16,00","","16,00","","8,00","","97,03","","31,00","","","","Brume sèche"
"1972-06-30 13:00","1972","06","30","13:00"," ","27,20","","15,60","","50,00","","21,00","","16,00","","8,00","","96,94","","32,00","","","","Brume sèche"
"1972-06-30 14:00","1972","06","30","14:00"," ","26,70","","15,60","","51,00","","20,00","","16,00","","8,00","","96,84","","31,00","","","","Brume sèche"
"1972-06-30 15:00","1972","06","30","15:00"," ","27,80","","15,00","","47,00","","19,00","","16,00","","8,00","","96,74","","32,00","","","","Brume sèche"
"1972-06-30 16:00","1972","06","30","16:00"," ","27,80","","13,30","","41,00","","22,00","","16,00","","8,00","","96,70","","31,00","","","","Brume sèche"
"1972-06-30 17:00","1972","06","30","17:00"," ","26,70","","13,90","","45,00","","23,00","","16,00","","9,70","","96,65","","30,00","","","","Brume sèche"
"1972-06-30 18:00","1972","06","30","18:00"," ","25,60","","13,90","","49,00","","24,00","","16,00","","9,70","","96,64","","29,00","","","","Averses de pluie,Brume sèche"
"1972-06-30 19:00","1972","06","30","19:00"," ","23,90","","13,30","","53,00","","28,00","","16,00","","9,70","","96,64","","27,00","","","","Averses de pluie,Brume sèche"
"1972-06-30 20:00","1972","06","30","20:00"," ","21,70","","15,60","","67,00","","22,00","","6,00","","9,70","","96,60","","26,00","","","","Brume sèche"
"1972-06-30 21:00","1972","06","30","21:00"," ","20,00","","15,60","","74,00","","20,00","","6,00","","9,70","","96,61","","","","","","Brume sèche"
"1972-06-30 22:00","1972","06","30","22:00"," ","18,90","","16,10","","86,00","","18,00","","13,00","","12,90","","96,61","","","","","","Orages"
"1972-06-30 23:00","1972","06","30","23:00"," ","17,20","","15,60","","89,00","","21,00","","6,00","","16,10","","96,63","","","","","","Dégagé"
