"Nom de la Station","GOOSE A"
"Province","NEWFOUNDLAND"
"Latitude","53,32"
"Longitude","-60,42"
"Altitude","48,80"
"Identification Climat","8501900"
"Identification OMM","71816"
"Identification TC","YYR"
"Toutes les heures sont exprimées en heure normale locale (HNL). Pour convertir l'heure locale en heure avancée de l'Est (HAE), ajoutez 1 heure s'il y a lieu."

"Légende"
"M","Données Manquantes"
"E","Valeur Estimée"
"ND","Non Disponible"
"**","Données fournies par un partenaire, non assujetties à un révision par les Archives climatiques nationales du Canada"

"Date/Heure","Année","Mois","Jour","Heure","Qualité des Données","Temp (°C)","Temp Indicateur","Point de rosée (°C)","Point de rosée Indicateur","Hum. rel (%)","Hum. rel. Indicateur","Dir. du vent (10s deg)","Dir. du vent Indicateur","Vit. du vent (km/h)","Vit. du vent Indicateur","Visibilité (km)","Visibilité Indicateur","Pression à la station (kPa)","Pression à la station Indicateur","Hmdx","Hmdx Indicateur","Refroid. éolien","Refroid. éolien Indicateur","Temps"
"1993-08-01 00:00","1993","08","01","00:00"," ","16,50","","15,70","","95,00","","25,00","","19,00","","24,10","","99,97","","","","","","Dégagé"
"1993-08-01 01:00","1993","08","01","01:00"," ","16,00","","15,30","","95,00","","24,00","","13,00","","24,10","","100,01","","","","","","Dégagé"
"1993-08-01 02:00","1993","08","01","02:00"," ","16,30","","15,10","","93,00","","26,00","","15,00","","24,10","","100,01","","","","","","Dégagé"
"1993-08-01 03:00","1993","08","01","03:00"," ","16,00","","14,90","","93,00","","28,00","","11,00","","24,10","","100,01","","","","","","Dégagé"
"1993-08-01 04:00","1993","08","01","04:00"," ","16,40","","14,90","","91,00","","27,00","","13,00","","24,10","","100,01","","","","","","Généralement dégagé"
"1993-08-01 05:00","1993","08","01","05:00"," ","16,00","","14,60","","91,00","","20,00","","11,00","","24,10","","100,01","","","","","","Dégagé"
"1993-08-01 06:00","1993","08","01","06:00"," ","17,00","","15,30","","90,00","","25,00","","19,00","","24,10","","100,04","","","","","","Dégagé"
"1993-08-01 07:00","1993","08","01","07:00"," ","19,00","","15,50","","80,00","","26,00","","22,00","","24,10","","100,11","","","","","","Dégagé"
"1993-08-01 08:00","1993","08","01","08:00"," ","20,40","","15,20","","72,00","","26,00","","22,00","","24,10","","100,11","","","","","","Dégagé"
"1993-08-01 09:00","1993","08","01","09:00"," ","22,00","","15,40","","66,00","","26,00","","22,00","","24,10","","100,11","","26,00","","","","Dégagé"
"1993-08-01 10:00","1993","08","01","10:00"," ","23,60","","15,60","","61,00","","25,00","","20,00","","24,10","","100,11","","28,00","","","","Généralement dégagé"
"1993-08-01 11:00","1993","08","01","11:00"," ","25,80","","14,80","","51,00","","26,00","","22,00","","24,10","","100,14","","30,00","","","","Généralement nuageux"
"1993-08-01 12:00","1993","08","01","12:00"," ","27,10","","12,90","","41,00","","24,00","","20,00","","24,10","","100,11","","30,00","","","","Généralement nuageux"
"1993-08-01 13:00","1993","08","01","13:00"," ","27,80","","12,60","","39,00","","25,00","","22,00","","24,10","","100,07","","30,00","","","","Généralement dégagé"
"1993-08-01 14:00","1993","08","01","14:00"," ","28,40","","12,70","","38,00","","24,00","","13,00","","24,10","","100,01","","31,00","","","","Dégagé"
"1993-08-01 15:00","1993","08","01","15:00"," ","29,80","","12,70","","35,00","","25,00","","22,00","","24,10","","100,01","","32,00","","","","Généralement dégagé"
"1993-08-01 16:00","1993","08","01","16:00"," ","29,60","","12,60","","35,00","","25,00","","19,00","","24,10","","100,01","","32,00","","","","Généralement dégagé"
"1993-08-01 17:00","1993","08","01","17:00"," ","30,00","","11,60","","32,00","","25,00","","15,00","","24,10","","99,94","","32,00","","","","Généralement dégagé"
"1993-08-01 18:00","1993","08","01","18:00"," ","29,80","","11,70","","33,00","","25,00","","19,00","","24,10","","99,94","","32,00","","","","Généralement nuageux"
"1993-08-01 19:00","1993","08","01","19:00"," ","28,70","","12,20","","36,00","","23,00","","11,00","","24,10","","99,97","","31,00","","","","Généralement dégagé"
"1993-08-01 20:00","1993","08","01","20:00"," ","26,90","","11,70","","39,00","","21,00","","7,00","","24,10","","100,04","","29,00","","","","Généralement dégagé"
"1993-08-01 21:00","1993","08","01","21:00"," ","24,80","","12,00","","45,00","","20,00","","7,00","","24,10","","100,11","","27,00","","","","Généralement dégagé"
"1993-08-01 22:00","1993","08","01","22:00"," ","22,50","","11,90","","51,00","","20,00","","9,00","","24,10","","100,14","","25,00","","","","Généralement dégagé"
"1993-08-01 23:00","1993","08","01","23:00"," ","21,30","","11,70","","54,00","","18,00","","7,00","","24,10","","100,14","","","","","","Généralement nuageux"
"1993-08-02 00:00","1993","08","02","00:00"," ","21,80","","11,40","","52,00","","30,00","","9,00","","24,10","","100,21","","","","","","Nuageux"
"1993-08-02 01:00","1993","08","02","01:00"," ","20,20","","12,80","","62,00","","21,00","","11,00","","24,10","","100,21","","","","","","Généralement nuageux"
"1993-08-02 02:00","1993","08","02","02:00"," ","19,50","","13,30","","67,00","","0,00","","0,00","","24,10","","100,24","","","","","","Généralement nuageux"
"1993-08-02 03:00","1993","08","02","03:00"," ","20,00","","14,00","","68,00","","0,00","","0,00","","24,10","","100,28","","","","","","Généralement nuageux"
"1993-08-02 04:00","1993","08","02","04:00"," ","19,30","","14,30","","73,00","","20,00","","9,00","","24,10","","100,28","","","","","","Généralement nuageux"
"1993-08-02 05:00","1993","08","02","05:00"," ","20,10","","14,30","","69,00","","19,00","","7,00","","24,10","","100,34","","","","","","Généralement nuageux"
"1993-08-02 06:00","1993","08","02","06:00"," ","20,60","","15,00","","70,00","","19,00","","9,00","","24,10","","100,38","","25,00","","","","Généralement nuageux"
"1993-08-02 07:00","1993","08","02","07:00"," ","22,40","","14,70","","62,00","","19,00","","13,00","","24,10","","100,38","","26,00","","","","Généralement nuageux"
"1993-08-02 08:00","1993","08","02","08:00"," ","24,00","","15,50","","59,00","","25,00","","6,00","","24,10","","100,41","","28,00","","","","Généralement nuageux"
"1993-08-02 09:00","1993","08","02","09:00"," ","26,20","","14,90","","50,00","","26,00","","11,00","","24,10","","100,41","","30,00","","","","Généralement dégagé"
"1993-08-02 10:00","1993","08","02","10:00"," ","28,40","","13,20","","39,00","","24,00","","17,00","","24,10","","100,38","","31,00","","","","Généralement dégagé"
"1993-08-02 11:00","1993","08","02","11:00"," ","29,50","","13,40","","37,00","","24,00","","17,00","","24,10","","100,31","","33,00","","","","Généralement dégagé"
"1993-08-02 12:00","1993","08","02","12:00"," ","31,00","","13,10","","34,00","","24,00","","13,00","","24,10","","100,28","","34,00","","","","Généralement dégagé"
"1993-08-02 13:00","1993","08","02","13:00"," ","31,20","","12,40","","32,00","","25,00","","17,00","","24,10","","100,24","","34,00","","","","Généralement nuageux"
"1993-08-02 14:00","1993","08","02","14:00"," ","31,60","","12,90","","32,00","","21,00","","20,00","","24,10","","100,17","","34,00","","","","Généralement dégagé"
"1993-08-02 15:00","1993","08","02","15:00"," ","31,40","","11,30","","29,00","","19,00","","11,00","","24,10","","100,14","","33,00","","","","Généralement dégagé"
"1993-08-02 16:00","1993","08","02","16:00"," ","31,60","","9,80","","26,00","","23,00","","17,00","","24,10","","100,11","","33,00","","","","Généralement nuageux"
"1993-08-02 17:00","1993","08","02","17:00"," ","30,90","","9,40","","26,00","","19,00","","17,00","","24,10","","100,04","","32,00","","","","Généralement nuageux"
"1993-08-02 18:00","1993","08","02","18:00"," ","28,80","","11,50","","34,00","","21,00","","28,00","","24,10","","100,11","","31,00","","","","Généralement nuageux"
"1993-08-02 19:00","1993","08","02","19:00"," ","27,10","","12,10","","39,00","","21,00","","19,00","","24,10","","100,14","","29,00","","","","Généralement nuageux"
"1993-08-02 20:00","1993","08","02","20:00"," ","25,70","","14,20","","49,00","","21,00","","19,00","","24,10","","100,21","","29,00","","","","Généralement nuageux"
"1993-08-02 21:00","1993","08","02","21:00"," ","24,20","","14,90","","56,00","","21,00","","13,00","","24,10","","100,24","","28,00","","","","Généralement nuageux"
"1993-08-02 22:00","1993","08","02","22:00"," ","23,40","","15,60","","62,00","","20,00","","13,00","","24,10","","100,24","","28,00","","","","Nuageux"
"1993-08-02 23:00","1993","08","02","23:00"," ","22,60","","16,00","","66,00","","19,00","","9,00","","24,10","","100,21","","27,00","","","","Nuageux"
"1993-08-03 00:00","1993","08","03","00:00"," ","22,10","","16,30","","70,00","","19,00","","15,00","","24,10","","100,21","","27,00","","","","Nuageux"
"1993-08-03 01:00","1993","08","03","01:00"," ","21,50","","16,40","","73,00","","19,00","","9,00","","24,10","","100,14","","26,00","","","","Généralement nuageux"
"1993-08-03 02:00","1993","08","03","02:00"," ","20,60","","16,40","","77,00","","19,00","","11,00","","24,10","","100,14","","25,00","","","","Nuageux"
"1993-08-03 03:00","1993","08","03","03:00"," ","20,20","","16,40","","79,00","","19,00","","6,00","","24,10","","100,14","","25,00","","","","Nuageux"
"1993-08-03 04:00","1993","08","03","04:00"," ","19,70","","16,30","","81,00","","16,00","","13,00","","24,10","","100,11","","","","","","Nuageux"
"1993-08-03 05:00","1993","08","03","05:00"," ","19,70","","15,90","","79,00","","20,00","","9,00","","24,10","","100,11","","","","","","Nuageux"
"1993-08-03 06:00","1993","08","03","06:00"," ","19,90","","15,90","","78,00","","17,00","","6,00","","24,10","","100,07","","","","","","Nuageux"
"1993-08-03 07:00","1993","08","03","07:00"," ","20,60","","15,80","","74,00","","21,00","","13,00","","19,30","","100,07","","25,00","","","","Généralement nuageux"
"1993-08-03 08:00","1993","08","03","08:00"," ","21,10","","16,00","","73,00","","21,00","","11,00","","19,30","","100,07","","26,00","","","","Généralement nuageux"
"1993-08-03 09:00","1993","08","03","09:00"," ","23,40","","16,30","","64,00","","22,00","","11,00","","19,30","","100,04","","28,00","","","","Généralement dégagé"
"1993-08-03 10:00","1993","08","03","10:00"," ","25,00","","16,60","","60,00","","27,00","","7,00","","19,30","","100,01","","30,00","","","","Généralement dégagé"
"1993-08-03 11:00","1993","08","03","11:00"," ","27,00","","16,70","","53,00","","26,00","","17,00","","19,30","","99,94","","32,00","","","","Généralement dégagé"
"1993-08-03 12:00","1993","08","03","12:00"," ","27,60","","16,00","","49,00","","21,00","","15,00","","19,30","","99,87","","32,00","","","","Généralement dégagé"
"1993-08-03 13:00","1993","08","03","13:00"," ","29,60","","14,80","","41,00","","21,00","","19,00","","19,30","","99,80","","33,00","","","","Généralement dégagé"
"1993-08-03 14:00","1993","08","03","14:00"," ","29,10","","14,90","","42,00","","22,00","","26,00","","19,30","","99,74","","33,00","","","","Généralement dégagé"
"1993-08-03 15:00","1993","08","03","15:00"," ","29,40","","14,20","","40,00","","21,00","","24,00","","24,10","","99,74","","33,00","","","","Généralement nuageux"
"1993-08-03 16:00","1993","08","03","16:00"," ","29,00","","14,40","","41,00","","23,00","","22,00","","19,30","","99,70","","33,00","","","","Généralement nuageux"
"1993-08-03 17:00","1993","08","03","17:00"," ","27,80","","15,60","","48,00","","27,00","","22,00","","19,30","","99,70","","32,00","","","","Généralement nuageux"
"1993-08-03 18:00","1993","08","03","18:00"," ","27,20","","16,20","","51,00","","27,00","","19,00","","19,30","","99,74","","32,00","","","","Généralement nuageux"
"1993-08-03 19:00","1993","08","03","19:00"," ","26,40","","16,20","","54,00","","27,00","","22,00","","19,30","","99,74","","31,00","","","","Généralement dégagé"
"1993-08-03 20:00","1993","08","03","20:00"," ","24,20","","16,60","","63,00","","26,00","","11,00","","19,30","","99,80","","29,00","","","","Généralement dégagé"
"1993-08-03 21:00","1993","08","03","21:00"," ","23,00","","15,60","","63,00","","19,00","","6,00","","19,30","","99,90","","27,00","","","","Dégagé"
"1993-08-03 22:00","1993","08","03","22:00"," ","22,20","","15,90","","67,00","","20,00","","6,00","","19,30","","99,90","","27,00","","","","Dégagé"
"1993-08-03 23:00","1993","08","03","23:00"," ","22,20","","15,30","","65,00","","23,00","","15,00","","24,10","","99,94","","26,00","","","","Dégagé"
"1993-08-04 00:00","1993","08","04","00:00"," ","22,00","","15,10","","65,00","","25,00","","28,00","","24,10","","100,04","","26,00","","","","Généralement dégagé"
"1993-08-04 01:00","1993","08","04","01:00"," ","21,40","","15,20","","68,00","","25,00","","19,00","","24,10","","99,97","","25,00","","","","Généralement dégagé"
"1993-08-04 02:00","1993","08","04","02:00"," ","20,40","","15,10","","72,00","","23,00","","11,00","","24,10","","100,04","","","","","","Généralement dégagé"
"1993-08-04 03:00","1993","08","04","03:00"," ","20,00","","15,00","","73,00","","27,00","","7,00","","24,10","","100,07","","","","","","Dégagé"
"1993-08-04 04:00","1993","08","04","04:00"," ","18,50","","14,80","","79,00","","20,00","","6,00","","24,10","","100,11","","","","","","Généralement dégagé"
"1993-08-04 05:00","1993","08","04","05:00"," ","18,50","","14,80","","79,00","","22,00","","7,00","","24,10","","100,14","","","","","","Généralement dégagé"
"1993-08-04 06:00","1993","08","04","06:00"," ","19,20","","15,80","","80,00","","20,00","","6,00","","24,10","","100,21","","","","","","Généralement dégagé"
"1993-08-04 07:00","1993","08","04","07:00"," ","20,80","","14,40","","67,00","","26,00","","13,00","","24,10","","100,24","","","","","","Généralement dégagé"
"1993-08-04 08:00","1993","08","04","08:00"," ","22,40","","13,60","","58,00","","27,00","","26,00","","24,10","","100,24","","26,00","","","","Généralement dégagé"
"1993-08-04 09:00","1993","08","04","09:00"," ","23,50","","13,20","","53,00","","26,00","","26,00","","24,10","","100,24","","26,00","","","","Généralement dégagé"
"1993-08-04 10:00","1993","08","04","10:00"," ","24,40","","12,90","","49,00","","24,00","","24,00","","24,10","","100,24","","27,00","","","","Généralement dégagé"
"1993-08-04 11:00","1993","08","04","11:00"," ","25,80","","12,20","","43,00","","24,00","","26,00","","24,10","","100,21","","28,00","","","","Généralement dégagé"
"1993-08-04 12:00","1993","08","04","12:00"," ","27,30","","11,70","","38,00","","25,00","","24,00","","24,10","","100,21","","29,00","","","","Généralement dégagé"
"1993-08-04 13:00","1993","08","04","13:00"," ","28,10","","11,30","","35,00","","30,00","","24,00","","24,10","","100,17","","30,00","","","","Généralement nuageux"
"1993-08-04 14:00","1993","08","04","14:00"," ","28,40","","10,10","","32,00","","27,00","","19,00","","24,10","","100,17","","30,00","","","","Généralement nuageux"
"1993-08-04 15:00","1993","08","04","15:00"," ","29,60","","9,80","","29,00","","27,00","","24,00","","24,10","","100,17","","31,00","","","","Généralement nuageux"
"1993-08-04 16:00","1993","08","04","16:00"," ","29,40","","7,90","","26,00","","26,00","","26,00","","24,10","","100,17","","30,00","","","","Généralement nuageux"
"1993-08-04 17:00","1993","08","04","17:00"," ","29,30","","9,30","","29,00","","27,00","","13,00","","24,10","","100,21","","30,00","","","","Généralement nuageux"
"1993-08-04 18:00","1993","08","04","18:00"," ","28,20","","9,40","","31,00","","27,00","","9,00","","24,10","","100,17","","29,00","","","","Généralement nuageux"
"1993-08-04 19:00","1993","08","04","19:00"," ","27,30","","10,10","","34,00","","26,00","","7,00","","24,10","","100,17","","29,00","","","","Généralement nuageux"
"1993-08-04 20:00","1993","08","04","20:00"," ","25,60","","10,40","","38,00","","26,00","","6,00","","24,10","","100,17","","27,00","","","","Généralement nuageux"
"1993-08-04 21:00","1993","08","04","21:00"," ","23,20","","11,70","","48,00","","18,00","","11,00","","24,10","","100,17","","25,00","","","","Généralement nuageux"
"1993-08-04 22:00","1993","08","04","22:00"," ","22,20","","11,60","","51,00","","20,00","","11,00","","24,10","","100,21","","","","","","Généralement dégagé"
"1993-08-04 23:00","1993","08","04","23:00"," ","21,90","","11,70","","52,00","","20,00","","4,00","","24,10","","100,21","","","","","","Généralement nuageux"
"1993-08-05 00:00","1993","08","05","00:00"," ","21,60","","11,80","","54,00","","19,00","","4,00","","24,10","","100,17","","","","","","Généralement dégagé"
"1993-08-05 01:00","1993","08","05","01:00"," ","20,20","","12,20","","60,00","","12,00","","4,00","","24,10","","100,11","","","","","","Généralement nuageux"
"1993-08-05 02:00","1993","08","05","02:00"," ","21,00","","12,20","","57,00","","17,00","","11,00","","24,10","","100,07","","","","","","Généralement nuageux"
"1993-08-05 03:00","1993","08","05","03:00"," ","20,90","","12,30","","58,00","","17,00","","15,00","","24,10","","100,04","","","","","","Généralement nuageux"
"1993-08-05 04:00","1993","08","05","04:00"," ","20,60","","12,80","","61,00","","19,00","","9,00","","24,10","","100,04","","","","","","Généralement nuageux"
"1993-08-05 05:00","1993","08","05","05:00"," ","19,80","","13,20","","66,00","","18,00","","11,00","","24,10","","100,01","","","","","","Généralement nuageux"
"1993-08-05 06:00","1993","08","05","06:00"," ","20,40","","13,90","","66,00","","19,00","","20,00","","24,10","","100,01","","","","","","Généralement nuageux"
"1993-08-05 07:00","1993","08","05","07:00"," ","20,20","","14,70","","71,00","","19,00","","15,00","","24,10","","100,01","","","","","","Nuageux"
"1993-08-05 08:00","1993","08","05","08:00"," ","20,60","","15,20","","71,00","","23,00","","19,00","","24,10","","100,01","","25,00","","","","Nuageux"
"1993-08-05 09:00","1993","08","05","09:00"," ","19,60","","16,60","","83,00","","23,00","","9,00","","16,10","","100,01","","","","","","Averses de pluie"
"1993-08-05 10:00","1993","08","05","10:00"," ","18,80","","17,20","","91,00","","19,00","","6,00","","9,70","","99,97","","","","","","Averses de pluie,Brouillard"
"1993-08-05 11:00","1993","08","05","11:00"," ","18,60","","17,50","","93,00","","20,00","","6,00","","12,90","","99,94","","","","","","Averses de pluie"
"1993-08-05 12:00","1993","08","05","12:00"," ","18,60","","17,20","","92,00","","19,00","","6,00","","8,00","","99,94","","","","","","Pluie,Brouillard"
"1993-08-05 13:00","1993","08","05","13:00"," ","17,80","","17,30","","97,00","","18,00","","9,00","","8,00","","99,90","","","","","","Pluie,Brouillard"
"1993-08-05 14:00","1993","08","05","14:00"," ","19,20","","17,30","","89,00","","19,00","","6,00","","24,10","","99,84","","","","","","Généralement nuageux"
"1993-08-05 15:00","1993","08","05","15:00"," ","21,40","","17,10","","77,00","","18,00","","11,00","","24,10","","99,80","","27,00","","","","Généralement nuageux"
"1993-08-05 16:00","1993","08","05","16:00"," ","21,60","","16,90","","75,00","","16,00","","7,00","","24,10","","99,80","","27,00","","","","Généralement nuageux"
"1993-08-05 17:00","1993","08","05","17:00"," ","19,60","","16,60","","83,00","","24,00","","11,00","","24,10","","99,80","","","","","","Généralement nuageux"
"1993-08-05 18:00","1993","08","05","18:00"," ","20,50","","16,00","","75,00","","18,00","","11,00","","24,10","","99,80","","25,00","","","","Généralement dégagé"
"1993-08-05 19:00","1993","08","05","19:00"," ","19,90","","16,40","","80,00","","19,00","","7,00","","24,10","","99,84","","","","","","Généralement dégagé"
"1993-08-05 20:00","1993","08","05","20:00"," ","19,80","","16,40","","81,00","","18,00","","9,00","","24,10","","99,84","","","","","","Généralement dégagé"
"1993-08-05 21:00","1993","08","05","21:00"," ","19,40","","15,80","","80,00","","18,00","","6,00","","24,10","","99,84","","","","","","Généralement dégagé"
"1993-08-05 22:00","1993","08","05","22:00"," ","19,40","","14,90","","75,00","","17,00","","15,00","","24,10","","99,87","","","","","","Généralement dégagé"
"1993-08-05 23:00","1993","08","05","23:00"," ","18,40","","14,40","","78,00","","20,00","","11,00","","24,10","","99,90","","","","","","Généralement dégagé"
"1993-08-06 00:00","1993","08","06","00:00"," ","18,80","","14,60","","77,00","","26,00","","11,00","","24,10","","99,94","","","","","","Généralement nuageux"
"1993-08-06 01:00","1993","08","06","01:00"," ","17,60","","14,40","","81,00","","26,00","","19,00","","24,10","","99,94","","","","","","Généralement nuageux"
"1993-08-06 02:00","1993","08","06","02:00"," ","16,30","","14,00","","86,00","","25,00","","15,00","","24,10","","99,94","","","","","","Généralement dégagé"
"1993-08-06 03:00","1993","08","06","03:00"," ","15,00","","13,30","","89,00","","24,00","","7,00","","24,10","","99,94","","","","","","Dégagé"
"1993-08-06 04:00","1993","08","06","04:00"," ","14,50","","13,50","","94,00","","23,00","","9,00","","24,10","","99,97","","","","","","Généralement dégagé"
"1993-08-06 05:00","1993","08","06","05:00"," ","14,20","","12,70","","91,00","","24,00","","13,00","","24,10","","100,01","","","","","","Généralement dégagé"
"1993-08-06 06:00","1993","08","06","06:00"," ","15,20","","12,70","","85,00","","24,00","","15,00","","24,10","","100,04","","","","","","Généralement dégagé"
"1993-08-06 07:00","1993","08","06","07:00"," ","16,70","","12,60","","77,00","","24,00","","22,00","","24,10","","100,04","","","","","","Généralement dégagé"
"1993-08-06 08:00","1993","08","06","08:00"," ","17,80","","12,30","","70,00","","26,00","","15,00","","24,10","","100,11","","","","","","Généralement dégagé"
"1993-08-06 09:00","1993","08","06","09:00"," ","18,40","","11,70","","65,00","","25,00","","22,00","","24,10","","100,11","","","","","","Généralement dégagé"
"1993-08-06 10:00","1993","08","06","10:00"," ","19,30","","11,00","","59,00","","25,00","","19,00","","24,10","","100,11","","","","","","Généralement dégagé"
"1993-08-06 11:00","1993","08","06","11:00"," ","19,60","","9,90","","53,00","","27,00","","30,00","","24,10","","100,11","","","","","","Généralement dégagé"
"1993-08-06 12:00","1993","08","06","12:00"," ","20,50","","9,50","","49,00","","24,00","","31,00","","24,10","","100,11","","","","","","Généralement dégagé"
"1993-08-06 13:00","1993","08","06","13:00"," ","21,80","","9,20","","45,00","","24,00","","30,00","","24,10","","100,07","","","","","","Généralement dégagé"
"1993-08-06 14:00","1993","08","06","14:00"," ","21,70","","8,90","","44,00","","28,00","","22,00","","24,10","","100,07","","","","","","Généralement nuageux"
"1993-08-06 15:00","1993","08","06","15:00"," ","21,80","","8,60","","43,00","","28,00","","20,00","","24,10","","100,11","","","","","","Généralement nuageux"
"1993-08-06 16:00","1993","08","06","16:00"," ","21,20","","9,30","","46,00","","29,00","","19,00","","24,10","","100,14","","","","","","Généralement nuageux"
"1993-08-06 17:00","1993","08","06","17:00"," ","20,40","","9,90","","51,00","","30,00","","15,00","","24,10","","100,21","","","","","","Généralement nuageux"
"1993-08-06 18:00","1993","08","06","18:00"," ","20,40","","9,50","","50,00","","29,00","","20,00","","24,10","","100,24","","","","","","Généralement nuageux"
"1993-08-06 19:00","1993","08","06","19:00"," ","19,20","","9,50","","53,00","","28,00","","15,00","","24,10","","100,31","","","","","","Généralement nuageux"
"1993-08-06 20:00","1993","08","06","20:00"," ","18,30","","9,80","","58,00","","26,00","","6,00","","24,10","","100,38","","","","","","Généralement nuageux"
"1993-08-06 21:00","1993","08","06","21:00"," ","16,10","","9,80","","66,00","","30,00","","15,00","","24,10","","100,48","","","","","","Généralement nuageux"
"1993-08-06 22:00","1993","08","06","22:00"," ","16,10","","10,80","","71,00","","36,00","","9,00","","24,10","","100,55","","","","","","Généralement nuageux"
"1993-08-06 23:00","1993","08","06","23:00"," ","15,70","","11,00","","74,00","","0,00","","0,00","","24,10","","100,58","","","","","","Généralement nuageux"
"1993-08-07 00:00","1993","08","07","00:00"," ","15,60","","11,10","","75,00","","0,00","","0,00","","24,10","","100,65","","","","","","Généralement nuageux"
"1993-08-07 01:00","1993","08","07","01:00"," ","14,30","","12,30","","88,00","","5,00","","11,00","","24,10","","100,65","","","","","","Généralement nuageux"
"1993-08-07 02:00","1993","08","07","02:00"," ","13,80","","12,10","","90,00","","4,00","","9,00","","24,10","","100,71","","","","","","Généralement nuageux"
"1993-08-07 03:00","1993","08","07","03:00"," ","13,60","","11,70","","88,00","","4,00","","7,00","","24,10","","100,75","","","","","","Généralement nuageux"
"1993-08-07 04:00","1993","08","07","04:00"," ","12,60","","11,10","","91,00","","0,00","","0,00","","24,10","","100,78","","","","","","Généralement dégagé"
"1993-08-07 05:00","1993","08","07","05:00"," ","12,00","","10,80","","92,00","","32,00","","6,00","","24,10","","100,85","","","","","","Généralement nuageux"
"1993-08-07 06:00","1993","08","07","06:00"," ","13,40","","11,70","","90,00","","33,00","","6,00","","24,10","","100,88","","","","","","Généralement nuageux"
"1993-08-07 07:00","1993","08","07","07:00"," ","13,40","","11,50","","88,00","","2,00","","6,00","","24,10","","100,95","","","","","","Généralement nuageux"
"1993-08-07 08:00","1993","08","07","08:00"," ","15,30","","12,80","","85,00","","36,00","","7,00","","24,10","","101,02","","","","","","Généralement nuageux"
"1993-08-07 09:00","1993","08","07","09:00"," ","16,40","","12,70","","79,00","","36,00","","7,00","","24,10","","101,02","","","","","","Généralement dégagé"
"1993-08-07 10:00","1993","08","07","10:00"," ","19,10","","12,60","","66,00","","5,00","","6,00","","24,10","","100,98","","","","","","Généralement dégagé"
"1993-08-07 11:00","1993","08","07","11:00"," ","19,70","","13,60","","68,00","","4,00","","19,00","","24,10","","100,95","","","","","","Généralement dégagé"
"1993-08-07 12:00","1993","08","07","12:00"," ","20,70","","10,70","","53,00","","5,00","","7,00","","24,10","","100,92","","","","","","Généralement nuageux"
"1993-08-07 13:00","1993","08","07","13:00"," ","23,30","","2,40","","25,00","","26,00","","26,00","","24,10","","100,95","","","","","","Généralement dégagé"
"1993-08-07 14:00","1993","08","07","14:00"," ","21,80","","4,50","","32,00","","30,00","","20,00","","24,10","","100,98","","","","","","Généralement dégagé"
"1993-08-07 15:00","1993","08","07","15:00"," ","22,00","","4,80","","33,00","","27,00","","17,00","","24,10","","101,02","","","","","","Généralement dégagé"
"1993-08-07 16:00","1993","08","07","16:00"," ","22,40","","4,80","","32,00","","29,00","","17,00","","24,10","","101,05","","","","","","Généralement dégagé"
"1993-08-07 17:00","1993","08","07","17:00"," ","22,00","","4,30","","31,00","","29,00","","19,00","","24,10","","101,12","","","","","","Généralement dégagé"
"1993-08-07 18:00","1993","08","07","18:00"," ","21,80","","4,30","","32,00","","31,00","","17,00","","24,10","","101,15","","","","","","Généralement dégagé"
"1993-08-07 19:00","1993","08","07","19:00"," ","20,20","","5,00","","37,00","","34,00","","15,00","","24,10","","101,19","","","","","","Généralement dégagé"
"1993-08-07 20:00","1993","08","07","20:00"," ","18,20","","5,70","","44,00","","34,00","","15,00","","24,10","","101,32","","","","","","Généralement dégagé"
"1993-08-07 21:00","1993","08","07","21:00"," ","15,40","","12,60","","84,00","","3,00","","11,00","","24,10","","101,42","","","","","","Généralement dégagé"
"1993-08-07 22:00","1993","08","07","22:00"," ","14,40","","12,30","","87,00","","4,00","","4,00","","24,10","","101,42","","","","","","Généralement dégagé"
"1993-08-07 23:00","1993","08","07","23:00"," ","13,70","","11,70","","88,00","","35,00","","7,00","","24,10","","101,46","","","","","","Dégagé"
"1993-08-08 00:00","1993","08","08","00:00"," ","12,10","","10,50","","90,00","","36,00","","4,00","","24,10","","101,46","","","","","","Généralement dégagé"
"1993-08-08 01:00","1993","08","08","01:00"," ","12,10","","10,20","","88,00","","34,00","","9,00","","24,10","","101,49","","","","","","Nuageux"
"1993-08-08 02:00","1993","08","08","02:00"," ","12,10","","9,80","","86,00","","27,00","","4,00","","24,10","","101,49","","","","","","Généralement nuageux"
"1993-08-08 03:00","1993","08","08","03:00"," ","10,40","","6,40","","76,00","","29,00","","4,00","","24,10","","101,52","","","","","","Généralement nuageux"
"1993-08-08 04:00","1993","08","08","04:00"," ","9,80","","6,10","","78,00","","31,00","","7,00","","24,10","","101,59","","","","","","Généralement nuageux"
"1993-08-08 05:00","1993","08","08","05:00"," ","9,80","","6,20","","79,00","","29,00","","9,00","","24,10","","101,66","","","","","","Généralement nuageux"
"1993-08-08 06:00","1993","08","08","06:00"," ","9,90","","6,30","","78,00","","28,00","","11,00","","24,10","","101,69","","","","","","Généralement nuageux"
"1993-08-08 07:00","1993","08","08","07:00"," ","10,50","","7,10","","80,00","","28,00","","6,00","","24,10","","101,73","","","","","","Généralement nuageux"
"1993-08-08 08:00","1993","08","08","08:00"," ","11,90","","8,00","","77,00","","30,00","","11,00","","24,10","","101,76","","","","","","Généralement nuageux"
"1993-08-08 09:00","1993","08","08","09:00"," ","13,90","","10,20","","79,00","","5,00","","4,00","","24,10","","101,76","","","","","","Généralement nuageux"
"1993-08-08 10:00","1993","08","08","10:00"," ","14,70","","10,10","","74,00","","24,00","","4,00","","24,10","","101,73","","","","","","Généralement dégagé"
"1993-08-08 11:00","1993","08","08","11:00"," ","16,50","","11,20","","71,00","","12,00","","11,00","","24,10","","101,73","","","","","","Généralement dégagé"
"1993-08-08 12:00","1993","08","08","12:00"," ","17,30","","11,30","","68,00","","9,00","","15,00","","24,10","","101,73","","","","","","Généralement dégagé"
"1993-08-08 13:00","1993","08","08","13:00"," ","18,30","","10,20","","59,00","","9,00","","15,00","","24,10","","101,66","","","","","","Généralement dégagé"
"1993-08-08 14:00","1993","08","08","14:00"," ","19,20","","9,70","","54,00","","6,00","","15,00","","24,10","","101,66","","","","","","Généralement dégagé"
"1993-08-08 15:00","1993","08","08","15:00"," ","19,20","","9,10","","52,00","","8,00","","15,00","","24,10","","101,66","","","","","","Généralement dégagé"
"1993-08-08 16:00","1993","08","08","16:00"," ","19,20","","10,00","","55,00","","6,00","","17,00","","24,10","","101,66","","","","","","Généralement dégagé"
"1993-08-08 17:00","1993","08","08","17:00"," ","19,00","","9,50","","54,00","","6,00","","13,00","","24,10","","101,66","","","","","","Généralement nuageux"
"1993-08-08 18:00","1993","08","08","18:00"," ","18,90","","9,90","","56,00","","5,00","","13,00","","24,10","","101,66","","","","","","Généralement nuageux"
"1993-08-08 19:00","1993","08","08","19:00"," ","17,30","","10,00","","62,00","","6,00","","9,00","","24,10","","101,69","","","","","","Généralement nuageux"
"1993-08-08 20:00","1993","08","08","20:00"," ","15,70","","10,80","","72,00","","5,00","","4,00","","24,10","","101,73","","","","","","Généralement dégagé"
"1993-08-08 21:00","1993","08","08","21:00"," ","14,80","","12,00","","83,00","","34,00","","7,00","","24,10","","101,76","","","","","","Généralement dégagé"
"1993-08-08 22:00","1993","08","08","22:00"," ","13,50","","11,60","","88,00","","4,00","","9,00","","24,10","","101,83","","","","","","Généralement dégagé"
"1993-08-08 23:00","1993","08","08","23:00"," ","12,90","","11,00","","88,00","","0,00","","0,00","","24,10","","101,83","","","","","","Généralement dégagé"
"1993-08-09 00:00","1993","08","09","00:00"," ","12,30","","11,00","","92,00","","28,00","","4,00","","24,10","","101,79","","","","","","Dégagé"
"1993-08-09 01:00","1993","08","09","01:00"," ","11,30","","9,70","","90,00","","30,00","","11,00","","24,10","","101,83","","","","","","Généralement dégagé"
"1993-08-09 02:00","1993","08","09","02:00"," ","11,30","","9,50","","89,00","","29,00","","11,00","","24,10","","101,86","","","","","","Généralement nuageux"
"1993-08-09 03:00","1993","08","09","03:00"," ","13,70","","10,00","","78,00","","27,00","","7,00","","24,10","","101,93","","","","","","Généralement nuageux"
"1993-08-09 04:00","1993","08","09","04:00"," ","12,10","","10,00","","87,00","","25,00","","6,00","","19,30","","101,93","","","","","","Généralement nuageux"
"1993-08-09 05:00","1993","08","09","05:00"," ","11,20","","11,20","","100,00","","25,00","","4,00","","0,80","","101,96","","","","","","Brouillard"
"1993-08-09 06:00","1993","08","09","06:00"," ","11,50","","11,50","","100,00","","0,00","","0,00","","0,40","","102,00","","","","","","Brouillard"
"1993-08-09 07:00","1993","08","09","07:00"," ","12,30","","12,30","","100,00","","6,00","","6,00","","0,40","","102,03","","","","","","Brouillard"
"1993-08-09 08:00","1993","08","09","08:00"," ","13,30","","12,60","","96,00","","6,00","","4,00","","4,80","","102,06","","","","","","Brouillard"
"1993-08-09 09:00","1993","08","09","09:00"," ","15,90","","13,20","","84,00","","3,00","","7,00","","24,10","","102,06","","","","","","Généralement dégagé"
"1993-08-09 10:00","1993","08","09","10:00"," ","18,60","","13,70","","73,00","","3,00","","11,00","","24,10","","102,03","","","","","","Généralement dégagé"
"1993-08-09 11:00","1993","08","09","11:00"," ","20,20","","13,60","","66,00","","4,00","","11,00","","24,10","","101,96","","","","","","Généralement nuageux"
"1993-08-09 12:00","1993","08","09","12:00"," ","21,20","","13,90","","63,00","","6,00","","15,00","","24,10","","101,96","","25,00","","","","Généralement nuageux"
"1993-08-09 13:00","1993","08","09","13:00"," ","22,60","","13,40","","56,00","","6,00","","15,00","","24,10","","101,93","","26,00","","","","Généralement nuageux"
"1993-08-09 14:00","1993","08","09","14:00"," ","22,50","","14,20","","60,00","","6,00","","19,00","","24,10","","101,93","","26,00","","","","Généralement nuageux"
"1993-08-09 15:00","1993","08","09","15:00"," ","22,10","","13,10","","57,00","","7,00","","17,00","","24,10","","101,86","","25,00","","","","Généralement nuageux"
"1993-08-09 16:00","1993","08","09","16:00"," ","22,50","","12,70","","54,00","","6,00","","17,00","","24,10","","101,86","","25,00","","","","Généralement nuageux"
"1993-08-09 17:00","1993","08","09","17:00"," ","21,70","","11,00","","51,00","","6,00","","15,00","","24,10","","101,86","","","","","","Nuageux"
"1993-08-09 18:00","1993","08","09","18:00"," ","21,40","","12,50","","57,00","","5,00","","17,00","","24,10","","101,86","","","","","","Nuageux"
"1993-08-09 19:00","1993","08","09","19:00"," ","20,10","","12,20","","61,00","","5,00","","17,00","","24,10","","101,89","","","","","","Nuageux"
"1993-08-09 20:00","1993","08","09","20:00"," ","19,20","","11,70","","62,00","","1,00","","7,00","","24,10","","101,96","","","","","","Généralement nuageux"
"1993-08-09 21:00","1993","08","09","21:00"," ","19,10","","10,80","","59,00","","32,00","","4,00","","24,10","","101,96","","","","","","Généralement dégagé"
"1993-08-09 22:00","1993","08","09","22:00"," ","17,50","","11,70","","69,00","","32,00","","4,00","","24,10","","102,00","","","","","","Généralement dégagé"
"1993-08-09 23:00","1993","08","09","23:00"," ","16,40","","12,00","","75,00","","0,00","","0,00","","24,10","","101,96","","","","","","Généralement dégagé"
"1993-08-10 00:00","1993","08","10","00:00"," ","16,60","","13,30","","81,00","","7,00","","9,00","","24,10","","102,03","","","","","","Généralement nuageux"
"1993-08-10 01:00","1993","08","10","01:00"," ","15,40","","13,90","","91,00","","7,00","","4,00","","24,10","","102,03","","","","","","Généralement nuageux"
"1993-08-10 02:00","1993","08","10","02:00"," ","15,80","","13,10","","84,00","","4,00","","6,00","","24,10","","102,03","","","","","","Généralement nuageux"
"1993-08-10 03:00","1993","08","10","03:00"," ","14,60","","11,50","","82,00","","0,00","","0,00","","24,10","","102,06","","","","","","Nuageux"
"1993-08-10 04:00","1993","08","10","04:00"," ","14,80","","11,00","","78,00","","19,00","","7,00","","24,10","","102,10","","","","","","Généralement nuageux"
"1993-08-10 05:00","1993","08","10","05:00"," ","15,40","","10,30","","72,00","","20,00","","17,00","","24,10","","102,10","","","","","","Généralement dégagé"
"1993-08-10 06:00","1993","08","10","06:00"," ","15,20","","10,00","","71,00","","19,00","","17,00","","24,10","","102,16","","","","","","Généralement dégagé"
"1993-08-10 07:00","1993","08","10","07:00"," ","16,80","","10,20","","65,00","","20,00","","13,00","","24,10","","102,20","","","","","","Généralement dégagé"
"1993-08-10 08:00","1993","08","10","08:00"," ","18,60","","10,50","","59,00","","19,00","","11,00","","24,10","","102,16","","","","","","Généralement dégagé"
"1993-08-10 09:00","1993","08","10","09:00"," ","20,70","","10,50","","52,00","","17,00","","17,00","","24,10","","102,16","","","","","","Généralement dégagé"
"1993-08-10 10:00","1993","08","10","10:00"," ","21,60","","10,30","","49,00","","17,00","","19,00","","24,10","","102,13","","","","","","Généralement dégagé"
"1993-08-10 11:00","1993","08","10","11:00"," ","21,80","","10,40","","48,00","","19,00","","24,00","","24,10","","102,10","","","","","","Généralement nuageux"
"1993-08-10 12:00","1993","08","10","12:00"," ","19,80","","10,30","","54,00","","22,00","","15,00","","24,10","","102,13","","","","","","Généralement nuageux"
"1993-08-10 13:00","1993","08","10","13:00"," ","21,90","","9,90","","46,00","","16,00","","13,00","","24,10","","102,06","","","","","","Généralement nuageux"
"1993-08-10 14:00","1993","08","10","14:00"," ","20,00","","11,00","","56,00","","20,00","","22,00","","24,10","","102,10","","","","","","Généralement nuageux"
"1993-08-10 15:00","1993","08","10","15:00"," ","19,90","","11,80","","60,00","","18,00","","22,00","","24,10","","102,06","","","","","","Généralement nuageux"
"1993-08-10 16:00","1993","08","10","16:00"," ","18,80","","11,30","","62,00","","21,00","","19,00","","24,10","","102,10","","","","","","Généralement nuageux"
"1993-08-10 17:00","1993","08","10","17:00"," ","19,20","","12,20","","64,00","","20,00","","19,00","","24,10","","102,06","","","","","","Généralement nuageux"
"1993-08-10 18:00","1993","08","10","18:00"," ","19,20","","12,30","","64,00","","20,00","","13,00","","24,10","","102,03","","","","","","Généralement nuageux"
"1993-08-10 19:00","1993","08","10","19:00"," ","18,80","","12,30","","66,00","","20,00","","13,00","","24,10","","102,03","","","","","","Généralement nuageux"
"1993-08-10 20:00","1993","08","10","20:00"," ","18,20","","12,30","","68,00","","18,00","","15,00","","24,10","","102,03","","","","","","Généralement nuageux"
"1993-08-10 21:00","1993","08","10","21:00"," ","17,60","","12,30","","71,00","","17,00","","9,00","","24,10","","102,03","","","","","","Généralement nuageux"
"1993-08-10 22:00","1993","08","10","22:00"," ","16,80","","13,30","","80,00","","18,00","","9,00","","24,10","","102,03","","","","","","Averses de pluie"
"1993-08-10 23:00","1993","08","10","23:00"," ","16,80","","13,00","","78,00","","18,00","","9,00","","19,30","","102,03","","","","","","Averses de pluie"
"1993-08-11 00:00","1993","08","11","00:00"," ","17,20","","13,00","","76,00","","17,00","","15,00","","24,10","","102,03","","","","","","Nuageux"
"1993-08-11 01:00","1993","08","11","01:00"," ","15,70","","13,00","","84,00","","17,00","","15,00","","19,30","","101,96","","","","","","Averses de pluie"
"1993-08-11 02:00","1993","08","11","02:00"," ","15,10","","13,20","","88,00","","17,00","","7,00","","19,30","","101,93","","","","","","Nuageux"
"1993-08-11 03:00","1993","08","11","03:00"," ","15,20","","12,90","","86,00","","19,00","","11,00","","24,10","","101,86","","","","","","Généralement nuageux"
"1993-08-11 04:00","1993","08","11","04:00"," ","15,20","","13,00","","87,00","","20,00","","9,00","","19,30","","101,86","","","","","","Nuageux"
"1993-08-11 05:00","1993","08","11","05:00"," ","15,70","","13,00","","84,00","","21,00","","15,00","","19,30","","101,86","","","","","","Nuageux"
"1993-08-11 06:00","1993","08","11","06:00"," ","15,90","","13,00","","83,00","","21,00","","15,00","","19,30","","101,86","","","","","","Généralement nuageux"
"1993-08-11 07:00","1993","08","11","07:00"," ","17,40","","13,60","","79,00","","20,00","","15,00","","19,30","","101,86","","","","","","Généralement dégagé"
"1993-08-11 08:00","1993","08","11","08:00"," ","19,30","","13,90","","71,00","","20,00","","19,00","","19,30","","101,83","","","","","","Généralement dégagé"
"1993-08-11 09:00","1993","08","11","09:00"," ","20,30","","13,40","","65,00","","21,00","","20,00","","24,10","","101,83","","","","","","Généralement nuageux"
"1993-08-11 10:00","1993","08","11","10:00"," ","21,30","","12,60","","58,00","","22,00","","17,00","","24,10","","101,83","","","","","","Généralement nuageux"
"1993-08-11 11:00","1993","08","11","11:00"," ","22,10","","12,50","","55,00","","20,00","","22,00","","24,10","","101,73","","25,00","","","","Généralement nuageux"
"1993-08-11 12:00","1993","08","11","12:00"," ","21,40","","13,80","","62,00","","20,00","","24,00","","24,10","","101,69","","25,00","","","","Nuageux"
"1993-08-11 13:00","1993","08","11","13:00"," ","20,50","","14,30","","68,00","","26,00","","19,00","","16,10","","101,69","","","","","","Averses de pluie"
"1993-08-11 14:00","1993","08","11","14:00"," ","18,80","","15,90","","83,00","","26,00","","11,00","","19,30","","101,66","","","","","","Généralement nuageux"
"1993-08-11 15:00","1993","08","11","15:00"," ","18,80","","16,00","","84,00","","24,00","","13,00","","16,10","","101,62","","","","","","Averses de pluie"
"1993-08-11 16:00","1993","08","11","16:00"," ","18,50","","15,50","","83,00","","20,00","","15,00","","19,30","","101,62","","","","","","Averses de pluie"
"1993-08-11 17:00","1993","08","11","17:00"," ","18,60","","15,40","","82,00","","20,00","","11,00","","19,30","","101,52","","","","","","Averses de pluie"
"1993-08-11 18:00","1993","08","11","18:00"," ","18,60","","14,90","","79,00","","20,00","","13,00","","19,30","","101,52","","","","","","Pluie"
"1993-08-11 19:00","1993","08","11","19:00"," ","18,00","","14,20","","79,00","","21,00","","11,00","","24,10","","101,52","","","","","","Pluie"
"1993-08-11 20:00","1993","08","11","20:00"," ","17,40","","13,90","","80,00","","20,00","","9,00","","24,10","","101,52","","","","","","Pluie"
"1993-08-11 21:00","1993","08","11","21:00"," ","16,60","","15,10","","91,00","","20,00","","9,00","","19,30","","101,49","","","","","","Pluie"
"1993-08-11 22:00","1993","08","11","22:00"," ","16,00","","14,20","","89,00","","21,00","","9,00","","19,30","","101,46","","","","","","Pluie"
"1993-08-11 23:00","1993","08","11","23:00"," ","15,60","","14,60","","94,00","","19,00","","11,00","","16,10","","101,39","","","","","","Pluie"
"1993-08-12 00:00","1993","08","12","00:00"," ","15,10","","14,90","","99,00","","19,00","","17,00","","16,10","","101,32","","","","","","Pluie"
"1993-08-12 01:00","1993","08","12","01:00"," ","14,30","","12,50","","89,00","","21,00","","20,00","","19,30","","101,29","","","","","","Pluie"
"1993-08-12 02:00","1993","08","12","02:00"," ","13,80","","12,60","","93,00","","20,00","","20,00","","16,10","","101,22","","","","","","Pluie"
"1993-08-12 03:00","1993","08","12","03:00"," ","13,90","","12,60","","92,00","","20,00","","15,00","","19,30","","101,19","","","","","","Nuageux"
"1993-08-12 04:00","1993","08","12","04:00"," ","14,60","","12,20","","86,00","","23,00","","15,00","","19,30","","101,19","","","","","","Nuageux"
"1993-08-12 05:00","1993","08","12","05:00"," ","14,20","","12,30","","88,00","","20,00","","13,00","","24,10","","101,19","","","","","","Nuageux"
"1993-08-12 06:00","1993","08","12","06:00"," ","14,10","","12,40","","89,00","","22,00","","7,00","","24,10","","101,15","","","","","","Généralement nuageux"
"1993-08-12 07:00","1993","08","12","07:00"," ","14,80","","13,00","","89,00","","20,00","","4,00","","24,10","","101,19","","","","","","Généralement nuageux"
"1993-08-12 08:00","1993","08","12","08:00"," ","15,30","","13,00","","86,00","","24,00","","19,00","","24,10","","101,09","","","","","","Généralement nuageux"
"1993-08-12 09:00","1993","08","12","09:00"," ","17,80","","13,90","","78,00","","27,00","","24,00","","24,10","","101,12","","","","","","Généralement nuageux"
"1993-08-12 10:00","1993","08","12","10:00"," ","18,20","","13,10","","72,00","","27,00","","20,00","","24,10","","101,12","","","","","","Généralement nuageux"
"1993-08-12 11:00","1993","08","12","11:00"," ","18,20","","13,00","","72,00","","24,00","","24,00","","24,10","","101,09","","","","","","Nuageux"
"1993-08-12 12:00","1993","08","12","12:00"," ","18,80","","13,00","","69,00","","24,00","","19,00","","24,10","","101,05","","","","","","Généralement nuageux"
"1993-08-12 13:00","1993","08","12","13:00"," ","20,50","","13,20","","63,00","","22,00","","20,00","","24,10","","100,98","","","","","","Généralement nuageux"
"1993-08-12 14:00","1993","08","12","14:00"," ","21,80","","13,40","","59,00","","25,00","","15,00","","24,10","","100,92","","25,00","","","","Généralement dégagé"
"1993-08-12 15:00","1993","08","12","15:00"," ","23,20","","13,20","","53,00","","26,00","","13,00","","24,10","","100,88","","26,00","","","","Orages"
"1993-08-12 16:00","1993","08","12","16:00"," ","20,90","","16,20","","75,00","","30,00","","11,00","","19,30","","100,88","","26,00","","","","Orages,Averses de pluie"
"1993-08-12 17:00","1993","08","12","17:00"," ","17,40","","14,90","","85,00","","30,00","","7,00","","19,30","","100,92","","","","","","Orages,Averses de pluie"
"1993-08-12 18:00","1993","08","12","18:00"," ","17,90","","15,70","","87,00","","36,00","","7,00","","19,30","","100,98","","","","","","Orages"
"1993-08-12 19:00","1993","08","12","19:00"," ","17,20","","15,30","","88,00","","22,00","","15,00","","24,10","","100,92","","","","","","Averses de pluie"
"1993-08-12 20:00","1993","08","12","20:00"," ","15,90","","15,00","","94,00","","0,00","","0,00","","24,10","","100,95","","","","","","Généralement dégagé"
"1993-08-12 21:00","1993","08","12","21:00"," ","14,90","","14,20","","96,00","","25,00","","7,00","","24,10","","101,02","","","","","","Généralement dégagé"
"1993-08-12 22:00","1993","08","12","22:00"," ","14,20","","13,60","","96,00","","29,00","","4,00","","24,10","","101,02","","","","","","Dégagé"
"1993-08-12 23:00","1993","08","12","23:00"," ","13,70","","13,40","","98,00","","23,00","","2,00","","24,10","","101,02","","","","","","Dégagé"
"1993-08-13 00:00","1993","08","13","00:00"," ","13,10","","13,00","","99,00","","28,00","","7,00","","0,20","","101,02","","","","","","Brouillard"
"1993-08-13 01:00","1993","08","13","01:00"," ","12,30","","12,20","","100,00","","24,00","","6,00","","4,80","","101,02","","","","","","Brouillard"
"1993-08-13 02:00","1993","08","13","02:00"," ","11,70","","11,70","","100,00","","25,00","","6,00","","4,80","","101,02","","","","","","Brouillard"
"1993-08-13 03:00","1993","08","13","03:00"," ","11,10","","11,10","","100,00","","26,00","","7,00","","0,40","","101,02","","","","","","Brouillard"
"1993-08-13 04:00","1993","08","13","04:00"," ","11,20","","11,10","","99,00","","27,00","","9,00","","6,40","","101,02","","","","","","Brouillard"
"1993-08-13 05:00","1993","08","13","05:00"," ","11,70","","11,70","","100,00","","27,00","","11,00","","0,20","","101,02","","","","","","Brouillard"
"1993-08-13 06:00","1993","08","13","06:00"," ","11,70","","11,70","","100,00","","28,00","","11,00","","0,40","","101,02","","","","","","Brouillard"
"1993-08-13 07:00","1993","08","13","07:00"," ","12,30","","12,30","","100,00","","25,00","","11,00","","0,40","","101,02","","","","","","Brouillard"
"1993-08-13 08:00","1993","08","13","08:00"," ","14,40","","13,90","","97,00","","25,00","","11,00","","9,70","","101,02","","","","","","Brouillard"
"1993-08-13 09:00","1993","08","13","09:00"," ","17,40","","15,00","","86,00","","24,00","","7,00","","24,10","","100,98","","","","","","Dégagé"
"1993-08-13 10:00","1993","08","13","10:00"," ","19,80","","15,50","","76,00","","22,00","","4,00","","24,10","","100,95","","","","","","Dégagé"
"1993-08-13 11:00","1993","08","13","11:00"," ","22,00","","16,00","","69,00","","26,00","","6,00","","24,10","","100,88","","27,00","","","","Généralement dégagé"
"1993-08-13 12:00","1993","08","13","12:00"," ","24,20","","14,70","","55,00","","24,00","","7,00","","24,10","","100,82","","28,00","","","","Généralement dégagé"
"1993-08-13 13:00","1993","08","13","13:00"," ","25,60","","12,60","","44,00","","19,00","","9,00","","24,10","","100,78","","28,00","","","","Généralement dégagé"
"1993-08-13 14:00","1993","08","13","14:00"," ","26,40","","14,20","","47,00","","27,00","","7,00","","24,10","","100,71","","30,00","","","","Généralement dégagé"
"1993-08-13 15:00","1993","08","13","15:00"," ","27,40","","12,60","","40,00","","24,00","","7,00","","24,10","","100,65","","30,00","","","","Généralement dégagé"
"1993-08-13 16:00","1993","08","13","16:00"," ","28,60","","12,40","","37,00","","24,00","","7,00","","24,10","","100,65","","31,00","","","","Généralement nuageux"
"1993-08-13 17:00","1993","08","13","17:00"," ","27,60","","12,20","","39,00","","15,00","","13,00","","24,10","","100,58","","30,00","","","","Généralement nuageux"
"1993-08-13 18:00","1993","08","13","18:00"," ","27,20","","11,70","","38,00","","13,00","","13,00","","24,10","","100,55","","29,00","","","","Généralement nuageux"
"1993-08-13 19:00","1993","08","13","19:00"," ","26,30","","11,70","","40,00","","13,00","","11,00","","24,10","","100,48","","28,00","","","","Généralement dégagé"
"1993-08-13 20:00","1993","08","13","20:00"," ","24,30","","12,40","","47,00","","19,00","","9,00","","24,10","","100,48","","27,00","","","","Généralement dégagé"
"1993-08-13 21:00","1993","08","13","21:00"," ","21,70","","13,80","","61,00","","30,00","","4,00","","24,10","","100,55","","25,00","","","","Généralement dégagé"
"1993-08-13 22:00","1993","08","13","22:00"," ","20,50","","13,40","","64,00","","20,00","","9,00","","24,10","","100,55","","","","","","Généralement dégagé"
"1993-08-13 23:00","1993","08","13","23:00"," ","19,20","","13,80","","71,00","","21,00","","9,00","","24,10","","100,55","","","","","","Généralement dégagé"
"1993-08-14 00:00","1993","08","14","00:00"," ","18,30","","13,10","","72,00","","22,00","","11,00","","24,10","","100,55","","","","","","Généralement dégagé"
"1993-08-14 01:00","1993","08","14","01:00"," ","17,00","","13,30","","79,00","","21,00","","6,00","","24,10","","100,51","","","","","","Généralement dégagé"
"1993-08-14 02:00","1993","08","14","02:00"," ","16,20","","12,50","","79,00","","20,00","","7,00","","24,10","","100,55","","","","","","Généralement dégagé"
"1993-08-14 03:00","1993","08","14","03:00"," ","15,30","","12,60","","84,00","","21,00","","9,00","","24,10","","100,55","","","","","","Dégagé"
"1993-08-14 04:00","1993","08","14","04:00"," ","14,80","","12,50","","86,00","","21,00","","9,00","","24,10","","100,55","","","","","","Généralement dégagé"
"1993-08-14 05:00","1993","08","14","05:00"," ","14,20","","11,90","","86,00","","24,00","","6,00","","24,10","","100,58","","","","","","Généralement dégagé"
"1993-08-14 06:00","1993","08","14","06:00"," ","15,80","","11,10","","74,00","","26,00","","11,00","","24,10","","100,65","","","","","","Généralement nuageux"
"1993-08-14 07:00","1993","08","14","07:00"," ","18,20","","11,00","","63,00","","27,00","","13,00","","24,10","","100,68","","","","","","Généralement dégagé"
"1993-08-14 08:00","1993","08","14","08:00"," ","19,50","","12,30","","63,00","","28,00","","11,00","","24,10","","100,75","","","","","","Généralement nuageux"
"1993-08-14 09:00","1993","08","14","09:00"," ","21,80","","13,30","","59,00","","32,00","","19,00","","24,10","","100,82","","25,00","","","","Généralement dégagé"
"1993-08-14 10:00","1993","08","14","10:00"," ","21,20","","13,80","","63,00","","35,00","","11,00","","24,10","","100,88","","","","","","Généralement nuageux"
"1993-08-14 11:00","1993","08","14","11:00"," ","23,60","","15,20","","59,00","","34,00","","17,00","","24,10","","100,88","","28,00","","","","Généralement dégagé"
"1993-08-14 12:00","1993","08","14","12:00"," ","24,00","","14,70","","56,00","","36,00","","15,00","","24,10","","100,82","","28,00","","","","Généralement nuageux"
"1993-08-14 13:00","1993","08","14","13:00"," ","23,80","","13,00","","51,00","","34,00","","13,00","","24,10","","100,78","","27,00","","","","Généralement nuageux"
"1993-08-14 14:00","1993","08","14","14:00"," ","24,80","","12,20","","46,00","","4,00","","13,00","","24,10","","100,78","","27,00","","","","Généralement dégagé"
"1993-08-14 15:00","1993","08","14","15:00"," ","25,00","","9,30","","37,00","","1,00","","11,00","","24,10","","100,78","","26,00","","","","Généralement dégagé"
"1993-08-14 16:00","1993","08","14","16:00"," ","26,20","","11,10","","39,00","","5,00","","6,00","","24,10","","100,75","","28,00","","","","Généralement dégagé"
"1993-08-14 17:00","1993","08","14","17:00"," ","26,40","","10,80","","38,00","","2,00","","7,00","","24,10","","100,75","","28,00","","","","Dégagé"
"1993-08-14 18:00","1993","08","14","18:00"," ","24,60","","9,70","","39,00","","6,00","","7,00","","24,10","","100,71","","26,00","","","","Dégagé"
"1993-08-14 19:00","1993","08","14","19:00"," ","23,40","","11,40","","47,00","","8,00","","4,00","","24,10","","100,75","","25,00","","","","Dégagé"
"1993-08-14 20:00","1993","08","14","20:00"," ","21,40","","7,40","","40,00","","32,00","","13,00","","24,10","","100,82","","","","","","Généralement dégagé"
"1993-08-14 21:00","1993","08","14","21:00"," ","18,60","","5,40","","42,00","","29,00","","9,00","","24,10","","100,88","","","","","","Généralement dégagé"
"1993-08-14 22:00","1993","08","14","22:00"," ","18,10","","5,20","","43,00","","28,00","","15,00","","24,10","","100,88","","","","","","Généralement dégagé"
"1993-08-14 23:00","1993","08","14","23:00"," ","16,30","","10,90","","70,00","","5,00","","11,00","","24,10","","100,92","","","","","","Généralement dégagé"
"1993-08-15 00:00","1993","08","15","00:00"," ","15,00","","9,90","","72,00","","3,00","","17,00","","24,10","","100,98","","","","","","Généralement dégagé"
"1993-08-15 01:00","1993","08","15","01:00"," ","14,30","","9,20","","72,00","","4,00","","13,00","","24,10","","100,98","","","","","","Dégagé"
"1993-08-15 02:00","1993","08","15","02:00"," ","13,00","","8,90","","76,00","","5,00","","11,00","","24,10","","100,98","","","","","","Généralement dégagé"
"1993-08-15 03:00","1993","08","15","03:00"," ","12,30","","8,50","","78,00","","32,00","","11,00","","24,10","","100,98","","","","","","Généralement nuageux"
"1993-08-15 04:00","1993","08","15","04:00"," ","11,30","","8,00","","80,00","","29,00","","13,00","","24,10","","100,98","","","","","","Généralement nuageux"
"1993-08-15 05:00","1993","08","15","05:00"," ","10,90","","7,90","","82,00","","29,00","","11,00","","24,10","","101,02","","","","","","Généralement dégagé"
"1993-08-15 06:00","1993","08","15","06:00"," ","11,90","","8,60","","80,00","","29,00","","11,00","","24,10","","101,02","","","","","","Généralement dégagé"
"1993-08-15 07:00","1993","08","15","07:00"," ","14,10","","8,80","","70,00","","27,00","","13,00","","24,10","","101,05","","","","","","Généralement dégagé"
"1993-08-15 08:00","1993","08","15","08:00"," ","15,80","","9,30","","65,00","","28,00","","7,00","","24,10","","101,02","","","","","","Généralement dégagé"
"1993-08-15 09:00","1993","08","15","09:00"," ","18,80","","7,80","","49,00","","1,00","","11,00","","24,10","","101,02","","","","","","Généralement dégagé"
"1993-08-15 10:00","1993","08","15","10:00"," ","19,40","","7,70","","47,00","","11,00","","6,00","","24,10","","100,98","","","","","","Généralement dégagé"
"1993-08-15 11:00","1993","08","15","11:00"," ","20,60","","6,60","","40,00","","5,00","","15,00","","24,10","","100,95","","","","","","Généralement nuageux"
"1993-08-15 12:00","1993","08","15","12:00"," ","20,20","","3,90","","34,00","","36,00","","11,00","","24,10","","100,88","","","","","","Généralement nuageux"
"1993-08-15 13:00","1993","08","15","13:00"," ","20,80","","5,90","","38,00","","5,00","","15,00","","24,10","","100,82","","","","","","Généralement nuageux"
"1993-08-15 14:00","1993","08","15","14:00"," ","21,20","","6,60","","39,00","","3,00","","7,00","","24,10","","100,78","","","","","","Généralement nuageux"
"1993-08-15 15:00","1993","08","15","15:00"," ","20,80","","6,90","","41,00","","8,00","","11,00","","24,10","","100,78","","","","","","Généralement dégagé"
"1993-08-15 16:00","1993","08","15","16:00"," ","21,80","","8,00","","41,00","","34,00","","9,00","","24,10","","100,78","","","","","","Généralement nuageux"
"1993-08-15 17:00","1993","08","15","17:00"," ","21,00","","4,70","","34,00","","1,00","","17,00","","24,10","","100,78","","","","","","Généralement nuageux"
"1993-08-15 18:00","1993","08","15","18:00"," ","20,10","","3,10","","32,00","","35,00","","19,00","","24,10","","100,82","","","","","","Généralement nuageux"
"1993-08-15 19:00","1993","08","15","19:00"," ","19,10","","2,60","","33,00","","36,00","","15,00","","24,10","","100,85","","","","","","Généralement nuageux"
"1993-08-15 20:00","1993","08","15","20:00"," ","17,70","","1,30","","33,00","","35,00","","20,00","","24,10","","100,98","","","","","","Généralement nuageux"
"1993-08-15 21:00","1993","08","15","21:00"," ","16,00","","0,30","","34,00","","35,00","","19,00","","24,10","","101,02","","","","","","Généralement nuageux"
"1993-08-15 22:00","1993","08","15","22:00"," ","14,50","","8,60","","68,00","","2,00","","17,00","","24,10","","101,12","","","","","","Généralement dégagé"
"1993-08-15 23:00","1993","08","15","23:00"," ","13,20","","7,30","","67,00","","2,00","","11,00","","24,10","","101,19","","","","","","Généralement dégagé"
"1993-08-16 00:00","1993","08","16","00:00"," ","11,10","","6,40","","73,00","","30,00","","9,00","","24,10","","101,22","","","","","","Dégagé"
"1993-08-16 01:00","1993","08","16","01:00"," ","9,90","","1,70","","57,00","","28,00","","13,00","","24,10","","101,25","","","","","","Dégagé"
"1993-08-16 02:00","1993","08","16","02:00"," ","9,40","","0,90","","55,00","","29,00","","17,00","","24,10","","101,29","","","","","","Dégagé"
"1993-08-16 03:00","1993","08","16","03:00"," ","8,50","","0,60","","58,00","","28,00","","19,00","","24,10","","101,29","","","","","","Dégagé"
"1993-08-16 04:00","1993","08","16","04:00"," ","7,60","","0,70","","62,00","","29,00","","22,00","","24,10","","101,32","","","","","","Dégagé"
"1993-08-16 05:00","1993","08","16","05:00"," ","7,60","","0,60","","61,00","","28,00","","19,00","","24,10","","101,32","","","","","","Dégagé"
"1993-08-16 06:00","1993","08","16","06:00"," ","9,20","","0,90","","56,00","","27,00","","19,00","","24,10","","101,32","","","","","","Généralement dégagé"
"1993-08-16 07:00","1993","08","16","07:00"," ","11,30","","1,50","","51,00","","27,00","","19,00","","24,10","","101,35","","","","","","Généralement dégagé"
"1993-08-16 08:00","1993","08","16","08:00"," ","13,30","","2,40","","48,00","","27,00","","19,00","","24,10","","101,39","","","","","","Généralement dégagé"
"1993-08-16 09:00","1993","08","16","09:00"," ","15,60","","3,00","","43,00","","26,00","","17,00","","24,10","","101,39","","","","","","Généralement dégagé"
"1993-08-16 10:00","1993","08","16","10:00"," ","17,40","","3,60","","40,00","","25,00","","19,00","","24,10","","101,32","","","","","","Généralement nuageux"
"1993-08-16 11:00","1993","08","16","11:00"," ","18,80","","1,90","","32,00","","28,00","","11,00","","24,10","","101,29","","","","","","Généralement nuageux"
"1993-08-16 12:00","1993","08","16","12:00"," ","20,60","","2,30","","30,00","","25,00","","22,00","","24,10","","101,22","","","","","","Généralement nuageux"
"1993-08-16 13:00","1993","08","16","13:00"," ","20,60","","1,00","","27,00","","29,00","","26,00","","24,10","","101,22","","","","","","Nuageux"
"1993-08-16 14:00","1993","08","16","14:00"," ","20,90","","0,80","","26,00","","29,00","","22,00","","24,10","","101,19","","","","","","Généralement nuageux"
"1993-08-16 15:00","1993","08","16","15:00"," ","21,30","","0,20","","25,00","","29,00","","22,00","","24,10","","101,12","","","","","","Généralement nuageux"
"1993-08-16 16:00","1993","08","16","16:00"," ","21,80","","1,40","","26,00","","28,00","","19,00","","24,10","","101,09","","","","","","Généralement dégagé"
"1993-08-16 17:00","1993","08","16","17:00"," ","21,20","","1,60","","27,00","","29,00","","15,00","","24,10","","101,09","","","","","","Généralement nuageux"
"1993-08-16 18:00","1993","08","16","18:00"," ","21,00","","-0,60","","24,00","","27,00","","22,00","","24,10","","101,09","","","","","","Généralement dégagé"
"1993-08-16 19:00","1993","08","16","19:00"," ","19,60","","0,20","","27,00","","27,00","","15,00","","24,10","","101,12","","","","","","Généralement dégagé"
"1993-08-16 20:00","1993","08","16","20:00"," ","18,40","","-0,50","","28,00","","27,00","","13,00","","24,10","","101,15","","","","","","Généralement dégagé"
"1993-08-16 21:00","1993","08","16","21:00"," ","14,70","","0,70","","38,00","","26,00","","13,00","","24,10","","101,19","","","","","","Généralement dégagé"
"1993-08-16 22:00","1993","08","16","22:00"," ","14,00","","1,50","","43,00","","24,00","","13,00","","24,10","","101,19","","","","","","Généralement dégagé"
"1993-08-16 23:00","1993","08","16","23:00"," ","13,00","","2,50","","49,00","","25,00","","11,00","","24,10","","101,19","","","","","","Généralement dégagé"
"1993-08-17 00:00","1993","08","17","00:00"," ","11,40","","2,30","","53,00","","25,00","","7,00","","24,10","","101,19","","","","","","Généralement dégagé"
"1993-08-17 01:00","1993","08","17","01:00"," ","9,70","","2,80","","62,00","","26,00","","11,00","","24,10","","101,15","","","","","","Généralement dégagé"
"1993-08-17 02:00","1993","08","17","02:00"," ","8,70","","2,30","","64,00","","25,00","","9,00","","24,10","","101,12","","","","","","Généralement dégagé"
"1993-08-17 03:00","1993","08","17","03:00"," ","8,00","","2,70","","69,00","","26,00","","11,00","","24,10","","101,12","","","","","","Généralement dégagé"
"1993-08-17 04:00","1993","08","17","04:00"," ","7,10","","3,80","","79,00","","24,00","","11,00","","24,10","","101,12","","","","","","Dégagé"
"1993-08-17 05:00","1993","08","17","05:00"," ","6,80","","4,40","","85,00","","21,00","","6,00","","24,10","","101,15","","","","","","Dégagé"
"1993-08-17 06:00","1993","08","17","06:00"," ","7,60","","4,70","","82,00","","23,00","","9,00","","24,10","","101,15","","","","","","Généralement dégagé"
"1993-08-17 07:00","1993","08","17","07:00"," ","9,80","","5,10","","73,00","","23,00","","15,00","","24,10","","101,19","","","","","","Généralement dégagé"
"1993-08-17 08:00","1993","08","17","08:00"," ","13,40","","4,20","","54,00","","26,00","","6,00","","24,10","","101,19","","","","","","Généralement dégagé"
"1993-08-17 09:00","1993","08","17","09:00"," ","16,80","","4,40","","44,00","","24,00","","13,00","","24,10","","101,15","","","","","","Généralement dégagé"
"1993-08-17 10:00","1993","08","17","10:00"," ","19,30","","3,10","","34,00","","24,00","","6,00","","24,10","","101,12","","","","","","Généralement dégagé"
"1993-08-17 11:00","1993","08","17","11:00"," ","20,30","","2,40","","31,00","","16,00","","9,00","","24,10","","101,09","","","","","","Généralement dégagé"
"1993-08-17 12:00","1993","08","17","12:00"," ","21,40","","2,30","","28,00","","9,00","","7,00","","24,10","","101,02","","","","","","Généralement dégagé"
"1993-08-17 13:00","1993","08","17","13:00"," ","23,00","","3,70","","28,00","","19,00","","9,00","","24,10","","100,98","","","","","","Généralement dégagé"
"1993-08-17 14:00","1993","08","17","14:00"," ","23,10","","4,30","","29,00","","5,00","","19,00","","24,10","","100,95","","","","","","Généralement dégagé"
"1993-08-17 15:00","1993","08","17","15:00"," ","23,20","","4,50","","30,00","","4,00","","15,00","","24,10","","100,92","","","","","","Généralement dégagé"
"1993-08-17 16:00","1993","08","17","16:00"," ","24,20","","3,90","","27,00","","7,00","","15,00","","24,10","","100,88","","","","","","Généralement dégagé"
"1993-08-17 17:00","1993","08","17","17:00"," ","23,20","","5,20","","31,00","","8,00","","11,00","","24,10","","100,88","","","","","","Généralement nuageux"
"1993-08-17 18:00","1993","08","17","18:00"," ","21,80","","7,20","","39,00","","7,00","","15,00","","24,10","","100,88","","","","","","Généralement dégagé"
"1993-08-17 19:00","1993","08","17","19:00"," ","20,80","","4,50","","34,00","","9,00","","11,00","","24,10","","100,92","","","","","","Généralement dégagé"
"1993-08-17 20:00","1993","08","17","20:00"," ","19,80","","9,00","","50,00","","12,00","","7,00","","24,10","","100,98","","","","","","Généralement dégagé"
"1993-08-17 21:00","1993","08","17","21:00"," ","17,20","","8,30","","56,00","","33,00","","6,00","","24,10","","101,02","","","","","","Généralement dégagé"
"1993-08-17 22:00","1993","08","17","22:00"," ","15,80","","6,30","","53,00","","26,00","","7,00","","24,10","","101,05","","","","","","Généralement dégagé"
"1993-08-17 23:00","1993","08","17","23:00"," ","15,00","","5,10","","52,00","","31,00","","13,00","","24,10","","101,09","","","","","","Généralement dégagé"
"1993-08-18 00:00","1993","08","18","00:00"," ","13,10","","4,70","","57,00","","30,00","","15,00","","24,10","","101,12","","","","","","Généralement dégagé"
"1993-08-18 01:00","1993","08","18","01:00"," ","13,10","","4,20","","55,00","","32,00","","9,00","","24,10","","101,19","","","","","","Dégagé"
"1993-08-18 02:00","1993","08","18","02:00"," ","11,70","","4,40","","61,00","","27,00","","7,00","","24,10","","101,19","","","","","","Dégagé"
"1993-08-18 03:00","1993","08","18","03:00"," ","11,30","","4,80","","64,00","","30,00","","13,00","","24,10","","101,22","","","","","","Dégagé"
"1993-08-18 04:00","1993","08","18","04:00"," ","10,20","","5,00","","70,00","","29,00","","11,00","","24,10","","101,22","","","","","","Dégagé"
"1993-08-18 05:00","1993","08","18","05:00"," ","9,20","","5,10","","75,00","","26,00","","7,00","","24,10","","101,22","","","","","","Dégagé"
"1993-08-18 06:00","1993","08","18","06:00"," ","9,50","","4,80","","72,00","","27,00","","9,00","","24,10","","101,29","","","","","","Dégagé"
"1993-08-18 07:00","1993","08","18","07:00"," ","12,10","","6,10","","67,00","","27,00","","11,00","","24,10","","101,29","","","","","","Généralement dégagé"
"1993-08-18 08:00","1993","08","18","08:00"," ","14,70","","7,30","","61,00","","22,00","","7,00","","24,10","","101,29","","","","","","Généralement dégagé"
"1993-08-18 09:00","1993","08","18","09:00"," ","17,80","","7,40","","51,00","","24,00","","9,00","","24,10","","101,25","","","","","","Généralement dégagé"
"1993-08-18 10:00","1993","08","18","10:00"," ","20,40","","7,40","","43,00","","23,00","","11,00","","24,10","","101,22","","","","","","Généralement dégagé"
"1993-08-18 11:00","1993","08","18","11:00"," ","22,30","","5,70","","34,00","","27,00","","9,00","","24,10","","101,12","","","","","","Généralement dégagé"
"1993-08-18 12:00","1993","08","18","12:00"," ","22,90","","6,20","","34,00","","27,00","","19,00","","24,10","","101,02","","","","","","Généralement dégagé"
"1993-08-18 13:00","1993","08","18","13:00"," ","24,80","","6,60","","31,00","","24,00","","19,00","","24,10","","100,98","","25,00","","","","Généralement dégagé"
"1993-08-18 14:00","1993","08","18","14:00"," ","25,80","","6,40","","29,00","","20,00","","17,00","","24,10","","100,92","","26,00","","","","Généralement dégagé"
"1993-08-18 15:00","1993","08","18","15:00"," ","25,60","","5,40","","27,00","","29,00","","19,00","","24,10","","100,88","","25,00","","","","Généralement dégagé"
"1993-08-18 16:00","1993","08","18","16:00"," ","25,40","","5,00","","27,00","","27,00","","15,00","","24,10","","100,85","","25,00","","","","Généralement dégagé"
"1993-08-18 17:00","1993","08","18","17:00"," ","25,20","","4,70","","27,00","","27,00","","17,00","","24,10","","100,78","","","","","","Généralement dégagé"
"1993-08-18 18:00","1993","08","18","18:00"," ","25,50","","5,00","","27,00","","27,00","","7,00","","24,10","","100,78","","25,00","","","","Généralement dégagé"
"1993-08-18 19:00","1993","08","18","19:00"," ","23,80","","5,60","","31,00","","25,00","","9,00","","24,10","","100,78","","","","","","Généralement dégagé"
"1993-08-18 20:00","1993","08","18","20:00"," ","21,50","","6,00","","37,00","","21,00","","9,00","","24,10","","100,78","","","","","","Dégagé"
"1993-08-18 21:00","1993","08","18","21:00"," ","18,40","","6,20","","45,00","","19,00","","11,00","","24,10","","100,82","","","","","","Dégagé"
"1993-08-18 22:00","1993","08","18","22:00"," ","16,30","","7,10","","55,00","","20,00","","11,00","","24,10","","100,78","","","","","","Dégagé"
"1993-08-18 23:00","1993","08","18","23:00"," ","15,60","","7,80","","60,00","","21,00","","11,00","","24,10","","100,75","","","","","","Généralement dégagé"
"1993-08-19 00:00","1993","08","19","00:00"," ","14,70","","8,40","","66,00","","22,00","","15,00","","24,10","","100,71","","","","","","Généralement dégagé"
"1993-08-19 01:00","1993","08","19","01:00"," ","13,40","","8,10","","70,00","","20,00","","13,00","","24,10","","100,68","","","","","","Dégagé"
"1993-08-19 02:00","1993","08","19","02:00"," ","13,30","","7,80","","69,00","","21,00","","11,00","","24,10","","100,68","","","","","","Dégagé"
"1993-08-19 03:00","1993","08","19","03:00"," ","12,60","","7,30","","70,00","","20,00","","7,00","","24,10","","100,65","","","","","","Généralement nuageux"
"1993-08-19 04:00","1993","08","19","04:00"," ","13,40","","7,30","","67,00","","25,00","","11,00","","24,10","","100,65","","","","","","Généralement nuageux"
"1993-08-19 05:00","1993","08","19","05:00"," ","14,50","","6,80","","60,00","","26,00","","17,00","","24,10","","100,65","","","","","","Généralement nuageux"
"1993-08-19 06:00","1993","08","19","06:00"," ","17,20","","5,90","","47,00","","27,00","","11,00","","24,10","","100,65","","","","","","Généralement nuageux"
"1993-08-19 07:00","1993","08","19","07:00"," ","17,30","","6,90","","50,00","","27,00","","9,00","","24,10","","100,68","","","","","","Généralement nuageux"
"1993-08-19 08:00","1993","08","19","08:00"," ","18,10","","7,40","","50,00","","24,00","","15,00","","24,10","","100,68","","","","","","Généralement nuageux"
"1993-08-19 09:00","1993","08","19","09:00"," ","20,30","","8,50","","47,00","","24,00","","22,00","","24,10","","100,65","","","","","","Généralement nuageux"
"1993-08-19 10:00","1993","08","19","10:00"," ","20,90","","9,50","","48,00","","27,00","","11,00","","24,10","","100,61","","","","","","Généralement nuageux"
"1993-08-19 11:00","1993","08","19","11:00"," ","23,30","","9,20","","41,00","","25,00","","13,00","","24,10","","100,55","","","","","","Généralement nuageux"
"1993-08-19 12:00","1993","08","19","12:00"," ","25,00","","10,00","","39,00","","25,00","","26,00","","24,10","","100,48","","26,00","","","","Nuageux"
"1993-08-19 13:00","1993","08","19","13:00"," ","25,20","","9,80","","38,00","","26,00","","22,00","","24,10","","100,44","","26,00","","","","Nuageux"
"1993-08-19 14:00","1993","08","19","14:00"," ","18,80","","13,30","","70,00","","29,00","","11,00","","16,10","","100,55","","","","","","Averses de pluie"
"1993-08-19 15:00","1993","08","19","15:00"," ","20,80","","13,10","","62,00","","22,00","","17,00","","24,10","","100,48","","","","","","Généralement nuageux"
"1993-08-19 16:00","1993","08","19","16:00"," ","23,10","","10,80","","46,00","","19,00","","11,00","","24,10","","100,44","","25,00","","","","Généralement nuageux"
"1993-08-19 17:00","1993","08","19","17:00"," ","22,70","","12,60","","53,00","","19,00","","11,00","","24,10","","100,34","","25,00","","","","Généralement nuageux"
"1993-08-19 18:00","1993","08","19","18:00"," ","22,70","","12,10","","51,00","","19,00","","15,00","","24,10","","100,31","","25,00","","","","Généralement nuageux"
"1993-08-19 19:00","1993","08","19","19:00"," ","22,00","","12,20","","54,00","","21,00","","11,00","","24,10","","100,28","","","","","","Généralement nuageux"
"1993-08-19 20:00","1993","08","19","20:00"," ","21,20","","12,50","","58,00","","21,00","","11,00","","24,10","","100,24","","","","","","Nuageux"
"1993-08-19 21:00","1993","08","19","21:00"," ","20,70","","12,20","","58,00","","19,00","","11,00","","24,10","","100,17","","","","","","Généralement nuageux"
"1993-08-19 22:00","1993","08","19","22:00"," ","20,60","","12,40","","59,00","","20,00","","13,00","","24,10","","100,11","","","","","","Nuageux"
"1993-08-19 23:00","1993","08","19","23:00"," ","20,80","","10,80","","53,00","","20,00","","17,00","","24,10","","100,07","","","","","","Nuageux"
"1993-08-20 00:00","1993","08","20","00:00"," ","20,40","","9,70","","50,00","","18,00","","19,00","","24,10","","100,01","","","","","","Nuageux"
"1993-08-20 01:00","1993","08","20","01:00"," ","19,60","","9,50","","52,00","","19,00","","19,00","","24,10","","99,97","","","","","","Généralement nuageux"
"1993-08-20 02:00","1993","08","20","02:00"," ","19,00","","9,70","","55,00","","19,00","","20,00","","24,10","","99,90","","","","","","Généralement nuageux"
"1993-08-20 03:00","1993","08","20","03:00"," ","18,20","","10,30","","60,00","","20,00","","22,00","","24,10","","99,84","","","","","","Généralement nuageux"
"1993-08-20 04:00","1993","08","20","04:00"," ","17,60","","11,10","","66,00","","22,00","","24,00","","24,10","","99,84","","","","","","Généralement nuageux"
"1993-08-20 05:00","1993","08","20","05:00"," ","17,20","","11,30","","68,00","","19,00","","24,00","","24,10","","99,80","","","","","","Généralement nuageux"
"1993-08-20 06:00","1993","08","20","06:00"," ","17,60","","11,80","","69,00","","19,00","","20,00","","24,10","","99,74","","","","","","Généralement nuageux"
"1993-08-20 07:00","1993","08","20","07:00"," ","18,50","","12,20","","67,00","","19,00","","24,00","","24,10","","99,70","","","","","","Généralement nuageux"
"1993-08-20 08:00","1993","08","20","08:00"," ","20,40","","12,90","","62,00","","21,00","","22,00","","24,10","","99,67","","","","","","Généralement nuageux"
"1993-08-20 09:00","1993","08","20","09:00"," ","22,20","","13,00","","56,00","","21,00","","24,00","","24,10","","99,60","","25,00","","","","Généralement nuageux"
"1993-08-20 10:00","1993","08","20","10:00"," ","21,70","","12,20","","55,00","","22,00","","30,00","","24,10","","99,57","","","","","","Généralement nuageux"
"1993-08-20 11:00","1993","08","20","11:00"," ","21,10","","13,40","","61,00","","20,00","","20,00","","19,30","","99,50","","","","","","Averses de pluie"
"1993-08-20 12:00","1993","08","20","12:00"," ","20,90","","14,00","","65,00","","22,00","","22,00","","19,30","","99,47","","","","","","Averses de pluie"
"1993-08-20 13:00","1993","08","20","13:00"," ","20,90","","13,90","","64,00","","22,00","","26,00","","19,30","","99,40","","","","","","Averses de pluie"
"1993-08-20 14:00","1993","08","20","14:00"," ","21,50","","13,70","","61,00","","23,00","","20,00","","24,10","","99,37","","25,00","","","","Nuageux"
"1993-08-20 15:00","1993","08","20","15:00"," ","20,40","","14,60","","69,00","","25,00","","15,00","","24,10","","99,37","","","","","","Averses de pluie"
"1993-08-20 16:00","1993","08","20","16:00"," ","21,90","","14,20","","62,00","","24,00","","17,00","","24,10","","99,30","","25,00","","","","Nuageux"
"1993-08-20 17:00","1993","08","20","17:00"," ","21,80","","14,20","","62,00","","26,00","","9,00","","24,10","","99,26","","25,00","","","","Nuageux"
"1993-08-20 18:00","1993","08","20","18:00"," ","21,80","","14,20","","62,00","","21,00","","28,00","","24,10","","99,23","","25,00","","","","Averses de pluie"
"1993-08-20 19:00","1993","08","20","19:00"," ","20,80","","15,20","","71,00","","20,00","","15,00","","24,10","","99,23","","25,00","","","","Averses de pluie"
"1993-08-20 20:00","1993","08","20","20:00"," ","20,80","","15,20","","71,00","","23,00","","9,00","","24,10","","99,20","","25,00","","","","Nuageux"
"1993-08-20 21:00","1993","08","20","21:00"," ","17,20","","14,90","","86,00","","31,00","","19,00","","24,10","","99,26","","","","","","Averses de pluie"
"1993-08-20 22:00","1993","08","20","22:00"," ","15,80","","14,50","","92,00","","26,00","","15,00","","24,10","","99,30","","","","","","Averses de pluie"
"1993-08-20 23:00","1993","08","20","23:00"," ","15,80","","14,60","","93,00","","27,00","","17,00","","24,10","","99,37","","","","","","Averses de pluie"
"1993-08-21 00:00","1993","08","21","00:00"," ","15,40","","14,20","","93,00","","27,00","","19,00","","24,10","","99,37","","","","","","Averses de pluie"
"1993-08-21 01:00","1993","08","21","01:00"," ","14,80","","13,90","","94,00","","25,00","","20,00","","24,10","","99,40","","","","","","Averses de pluie"
"1993-08-21 02:00","1993","08","21","02:00"," ","14,60","","13,80","","95,00","","23,00","","15,00","","16,10","","99,40","","","","","","Averses de pluie"
"1993-08-21 03:00","1993","08","21","03:00"," ","14,60","","13,70","","94,00","","25,00","","15,00","","16,10","","99,40","","","","","","Pluie"
"1993-08-21 04:00","1993","08","21","04:00"," ","14,10","","13,00","","93,00","","24,00","","15,00","","24,10","","99,47","","","","","","Nuageux"
"1993-08-21 05:00","1993","08","21","05:00"," ","14,00","","11,80","","86,00","","27,00","","7,00","","24,10","","99,47","","","","","","Généralement nuageux"
"1993-08-21 06:00","1993","08","21","06:00"," ","13,10","","9,80","","80,00","","29,00","","15,00","","24,10","","99,53","","","","","","Généralement nuageux"
"1993-08-21 07:00","1993","08","21","07:00"," ","12,50","","9,40","","81,00","","30,00","","13,00","","24,10","","99,60","","","","","","Généralement nuageux"
"1993-08-21 08:00","1993","08","21","08:00"," ","13,00","","8,60","","75,00","","27,00","","17,00","","24,10","","99,67","","","","","","Généralement nuageux"
"1993-08-21 09:00","1993","08","21","09:00"," ","14,70","","9,70","","72,00","","29,00","","17,00","","24,10","","99,70","","","","","","Généralement nuageux"
"1993-08-21 10:00","1993","08","21","10:00"," ","14,30","","9,30","","72,00","","28,00","","13,00","","24,10","","99,74","","","","","","Généralement nuageux"
"1993-08-21 11:00","1993","08","21","11:00"," ","15,30","","9,10","","67,00","","21,00","","9,00","","24,10","","99,74","","","","","","Généralement nuageux"
"1993-08-21 12:00","1993","08","21","12:00"," ","16,50","","9,60","","64,00","","25,00","","15,00","","24,10","","99,70","","","","","","Généralement nuageux"
"1993-08-21 13:00","1993","08","21","13:00"," ","18,20","","8,10","","52,00","","26,00","","20,00","","24,10","","99,70","","","","","","Généralement nuageux"
"1993-08-21 14:00","1993","08","21","14:00"," ","16,60","","8,60","","59,00","","35,00","","15,00","","24,10","","99,74","","","","","","Généralement nuageux"
"1993-08-21 15:00","1993","08","21","15:00"," ","17,30","","7,30","","52,00","","30,00","","26,00","","24,10","","99,77","","","","","","Généralement nuageux"
"1993-08-21 16:00","1993","08","21","16:00"," ","17,30","","6,80","","50,00","","29,00","","19,00","","24,10","","99,84","","","","","","Généralement nuageux"
"1993-08-21 17:00","1993","08","21","17:00"," ","15,40","","5,40","","51,00","","31,00","","20,00","","24,10","","99,94","","","","","","Généralement nuageux"
"1993-08-21 18:00","1993","08","21","18:00"," ","15,00","","4,40","","49,00","","30,00","","19,00","","24,10","","100,04","","","","","","Généralement nuageux"
"1993-08-21 19:00","1993","08","21","19:00"," ","14,00","","4,20","","52,00","","33,00","","13,00","","24,10","","100,14","","","","","","Généralement nuageux"
"1993-08-21 20:00","1993","08","21","20:00"," ","13,40","","4,00","","53,00","","31,00","","15,00","","24,10","","100,21","","","","","","Généralement nuageux"
"1993-08-21 21:00","1993","08","21","21:00"," ","11,90","","4,30","","60,00","","30,00","","11,00","","24,10","","100,28","","","","","","Généralement nuageux"
"1993-08-21 22:00","1993","08","21","22:00"," ","10,70","","4,50","","65,00","","29,00","","7,00","","24,10","","100,34","","","","","","Généralement nuageux"
"1993-08-21 23:00","1993","08","21","23:00"," ","10,70","","3,80","","62,00","","32,00","","19,00","","24,10","","100,38","","","","","","Généralement nuageux"
"1993-08-22 00:00","1993","08","22","00:00"," ","9,50","","3,80","","67,00","","30,00","","11,00","","24,10","","100,44","","","","","","Généralement dégagé"
"1993-08-22 01:00","1993","08","22","01:00"," ","8,00","","3,80","","75,00","","30,00","","13,00","","24,10","","100,48","","","","","","Généralement dégagé"
"1993-08-22 02:00","1993","08","22","02:00"," ","7,60","","3,90","","77,00","","30,00","","15,00","","24,10","","100,48","","","","","","Généralement dégagé"
"1993-08-22 03:00","1993","08","22","03:00"," ","7,10","","3,90","","80,00","","26,00","","9,00","","24,10","","100,58","","","","","","Dégagé"
"1993-08-22 04:00","1993","08","22","04:00"," ","7,10","","4,00","","81,00","","27,00","","15,00","","24,10","","100,65","","","","","","Généralement dégagé"
"1993-08-22 05:00","1993","08","22","05:00"," ","6,90","","4,10","","82,00","","25,00","","13,00","","24,10","","100,71","","","","","","Généralement dégagé"
"1993-08-22 06:00","1993","08","22","06:00"," ","6,80","","3,90","","82,00","","26,00","","15,00","","24,10","","100,78","","","","","","Généralement dégagé"
"1993-08-22 07:00","1993","08","22","07:00"," ","8,40","","4,30","","75,00","","27,00","","19,00","","24,10","","100,82","","","","","","Généralement nuageux"
"1993-08-22 08:00","1993","08","22","08:00"," ","9,30","","4,60","","73,00","","29,00","","17,00","","24,10","","100,82","","","","","","Généralement nuageux"
"1993-08-22 09:00","1993","08","22","09:00"," ","10,70","","4,70","","66,00","","25,00","","11,00","","24,10","","100,82","","","","","","Généralement nuageux"
"1993-08-22 10:00","1993","08","22","10:00"," ","11,90","","4,80","","62,00","","28,00","","13,00","","24,10","","100,78","","","","","","Généralement nuageux"
"1993-08-22 11:00","1993","08","22","11:00"," ","12,50","","4,80","","59,00","","26,00","","15,00","","24,10","","100,71","","","","","","Généralement nuageux"
"1993-08-22 12:00","1993","08","22","12:00"," ","15,00","","5,50","","53,00","","29,00","","11,00","","24,10","","100,68","","","","","","Généralement nuageux"
"1993-08-22 13:00","1993","08","22","13:00"," ","15,50","","5,00","","50,00","","25,00","","19,00","","24,10","","100,65","","","","","","Généralement nuageux"
"1993-08-22 14:00","1993","08","22","14:00"," ","16,40","","4,90","","46,00","","24,00","","13,00","","24,10","","100,55","","","","","","Généralement dégagé"
"1993-08-22 15:00","1993","08","22","15:00"," ","16,20","","4,40","","45,00","","24,00","","11,00","","24,10","","100,51","","","","","","Généralement dégagé"
"1993-08-22 16:00","1993","08","22","16:00"," ","16,80","","4,60","","44,00","","26,00","","13,00","","24,10","","100,48","","","","","","Généralement dégagé"
"1993-08-22 17:00","1993","08","22","17:00"," ","17,40","","4,50","","42,00","","29,00","","17,00","","24,10","","100,44","","","","","","Généralement nuageux"
"1993-08-22 18:00","1993","08","22","18:00"," ","17,40","","3,50","","40,00","","26,00","","13,00","","24,10","","100,41","","","","","","Généralement dégagé"
"1993-08-22 19:00","1993","08","22","19:00"," ","16,00","","4,10","","45,00","","22,00","","4,00","","24,10","","100,41","","","","","","Généralement dégagé"
"1993-08-22 20:00","1993","08","22","20:00"," ","14,20","","5,70","","57,00","","25,00","","7,00","","24,10","","100,41","","","","","","Généralement dégagé"
"1993-08-22 21:00","1993","08","22","21:00"," ","11,80","","6,30","","69,00","","21,00","","7,00","","24,10","","100,38","","","","","","Généralement dégagé"
"1993-08-22 22:00","1993","08","22","22:00"," ","10,60","","5,40","","70,00","","21,00","","4,00","","24,10","","100,38","","","","","","Généralement dégagé"
"1993-08-22 23:00","1993","08","22","23:00"," ","9,20","","5,50","","78,00","","20,00","","2,00","","24,10","","100,31","","","","","","Généralement dégagé"
"1993-08-23 00:00","1993","08","23","00:00"," ","8,50","","5,00","","79,00","","22,00","","7,00","","24,10","","100,24","","","","","","Généralement dégagé"
"1993-08-23 01:00","1993","08","23","01:00"," ","8,10","","4,30","","77,00","","23,00","","9,00","","24,10","","100,24","","","","","","Généralement dégagé"
"1993-08-23 02:00","1993","08","23","02:00"," ","8,50","","6,60","","88,00","","21,00","","15,00","","24,10","","100,28","","","","","","Généralement dégagé"
"1993-08-23 03:00","1993","08","23","03:00"," ","9,30","","5,60","","78,00","","22,00","","7,00","","24,10","","100,17","","","","","","Généralement dégagé"
"1993-08-23 04:00","1993","08","23","04:00"," ","9,00","","6,20","","83,00","","17,00","","6,00","","24,10","","100,14","","","","","","Généralement dégagé"
"1993-08-23 05:00","1993","08","23","05:00"," ","9,90","","5,40","","74,00","","15,00","","9,00","","24,10","","100,11","","","","","","Généralement dégagé"
"1993-08-23 06:00","1993","08","23","06:00"," ","10,90","","6,60","","75,00","","18,00","","11,00","","24,10","","100,11","","","","","","Généralement dégagé"
"1993-08-23 07:00","1993","08","23","07:00"," ","12,00","","7,60","","75,00","","16,00","","4,00","","24,10","","100,14","","","","","","Généralement nuageux"
"1993-08-23 08:00","1993","08","23","08:00"," ","13,70","","8,20","","69,00","","20,00","","6,00","","24,10","","100,11","","","","","","Généralement dégagé"
"1993-08-23 09:00","1993","08","23","09:00"," ","16,40","","9,00","","62,00","","18,00","","7,00","","24,10","","100,04","","","","","","Généralement dégagé"
"1993-08-23 10:00","1993","08","23","10:00"," ","19,40","","9,00","","51,00","","24,00","","24,00","","24,10","","100,01","","","","","","Généralement dégagé"
"1993-08-23 11:00","1993","08","23","11:00"," ","19,40","","8,80","","50,00","","25,00","","26,00","","24,10","","99,97","","","","","","Généralement nuageux"
"1993-08-23 12:00","1993","08","23","12:00"," ","20,70","","9,30","","48,00","","24,00","","26,00","","24,10","","99,94","","","","","","Généralement nuageux"
"1993-08-23 13:00","1993","08","23","13:00"," ","21,30","","9,10","","46,00","","26,00","","26,00","","24,10","","99,90","","","","","","Généralement nuageux"
"1993-08-23 14:00","1993","08","23","14:00"," ","18,20","","13,10","","72,00","","24,00","","22,00","","24,10","","99,90","","","","","","Généralement nuageux"
"1993-08-23 15:00","1993","08","23","15:00"," ","20,40","","12,00","","59,00","","21,00","","19,00","","24,10","","99,90","","","","","","Généralement nuageux"
"1993-08-23 16:00","1993","08","23","16:00"," ","21,80","","9,30","","45,00","","25,00","","22,00","","24,10","","99,94","","","","","","Généralement dégagé"
"1993-08-23 17:00","1993","08","23","17:00"," ","21,20","","5,10","","35,00","","29,00","","26,00","","24,10","","100,01","","","","","","Généralement dégagé"
"1993-08-23 18:00","1993","08","23","18:00"," ","18,90","","6,00","","43,00","","30,00","","22,00","","24,10","","100,11","","","","","","Généralement dégagé"
"1993-08-23 19:00","1993","08","23","19:00"," ","17,10","","5,40","","46,00","","29,00","","13,00","","24,10","","100,21","","","","","","Généralement dégagé"
"1993-08-23 20:00","1993","08","23","20:00"," ","15,60","","3,20","","43,00","","29,00","","13,00","","24,10","","100,31","","","","","","Généralement dégagé"
"1993-08-23 21:00","1993","08","23","21:00"," ","13,80","","4,30","","53,00","","29,00","","19,00","","24,10","","100,41","","","","","","Généralement dégagé"
"1993-08-23 22:00","1993","08","23","22:00"," ","12,70","","4,20","","56,00","","28,00","","17,00","","24,10","","100,48","","","","","","Dégagé"
"1993-08-23 23:00","1993","08","23","23:00"," ","11,10","","4,30","","63,00","","30,00","","13,00","","24,10","","100,51","","","","","","Dégagé"
"1993-08-24 00:00","1993","08","24","00:00"," ","9,90","","3,40","","64,00","","29,00","","11,00","","24,10","","100,58","","","","","","Dégagé"
"1993-08-24 01:00","1993","08","24","01:00"," ","8,70","","3,20","","68,00","","29,00","","13,00","","24,10","","100,68","","","","","","Généralement dégagé"
"1993-08-24 02:00","1993","08","24","02:00"," ","8,30","","2,90","","69,00","","30,00","","13,00","","24,10","","100,71","","","","","","Dégagé"
"1993-08-24 03:00","1993","08","24","03:00"," ","7,90","","2,50","","69,00","","28,00","","11,00","","24,10","","100,75","","","","","","Généralement dégagé"
"1993-08-24 04:00","1993","08","24","04:00"," ","6,90","","2,50","","74,00","","29,00","","11,00","","24,10","","100,82","","","","","","Généralement dégagé"
"1993-08-24 05:00","1993","08","24","05:00"," ","7,40","","2,00","","69,00","","31,00","","15,00","","24,10","","100,95","","","","","","Généralement dégagé"
"1993-08-24 06:00","1993","08","24","06:00"," ","7,40","","2,00","","69,00","","29,00","","15,00","","24,10","","101,02","","","","","","Généralement nuageux"
"1993-08-24 07:00","1993","08","24","07:00"," ","8,10","","2,30","","67,00","","27,00","","17,00","","24,10","","101,09","","","","","","Généralement nuageux"
"1993-08-24 08:00","1993","08","24","08:00"," ","9,70","","3,10","","63,00","","28,00","","19,00","","24,10","","101,19","","","","","","Généralement nuageux"
"1993-08-24 09:00","1993","08","24","09:00"," ","9,90","","2,80","","61,00","","29,00","","22,00","","24,10","","101,29","","","","","","Généralement nuageux"
"1993-08-24 10:00","1993","08","24","10:00"," ","11,10","","3,20","","58,00","","31,00","","9,00","","24,10","","101,29","","","","","","Généralement nuageux"
"1993-08-24 11:00","1993","08","24","11:00"," ","12,10","","3,20","","55,00","","31,00","","17,00","","24,10","","101,29","","","","","","Généralement nuageux"
"1993-08-24 12:00","1993","08","24","12:00"," ","12,70","","3,40","","53,00","","29,00","","15,00","","24,10","","101,29","","","","","","Généralement dégagé"
"1993-08-24 13:00","1993","08","24","13:00"," ","13,90","","3,90","","51,00","","30,00","","9,00","","24,10","","101,25","","","","","","Généralement nuageux"
"1993-08-24 14:00","1993","08","24","14:00"," ","13,70","","4,00","","52,00","","6,00","","6,00","","24,10","","101,29","","","","","","Généralement nuageux"
"1993-08-24 15:00","1993","08","24","15:00"," ","14,10","","4,40","","52,00","","9,00","","7,00","","24,10","","101,32","","","","","","Nuageux"
"1993-08-24 16:00","1993","08","24","16:00"," ","14,10","","4,50","","52,00","","7,00","","7,00","","24,10","","101,32","","","","","","Nuageux"
"1993-08-24 17:00","1993","08","24","17:00"," ","13,50","","4,90","","56,00","","8,00","","11,00","","24,10","","101,39","","","","","","Nuageux"
"1993-08-24 18:00","1993","08","24","18:00"," ","13,10","","5,40","","59,00","","9,00","","11,00","","24,10","","101,39","","","","","","Généralement nuageux"
"1993-08-24 19:00","1993","08","24","19:00"," ","12,30","","5,50","","63,00","","9,00","","7,00","","24,10","","101,39","","","","","","Généralement nuageux"
"1993-08-24 20:00","1993","08","24","20:00"," ","12,20","","5,50","","64,00","","10,00","","6,00","","24,10","","101,42","","","","","","Généralement nuageux"
"1993-08-24 21:00","1993","08","24","21:00"," ","10,80","","5,40","","69,00","","8,00","","7,00","","24,10","","101,39","","","","","","Généralement dégagé"
"1993-08-24 22:00","1993","08","24","22:00"," ","9,90","","5,40","","74,00","","7,00","","7,00","","24,10","","101,42","","","","","","Généralement dégagé"
"1993-08-24 23:00","1993","08","24","23:00"," ","8,80","","5,80","","81,00","","12,00","","7,00","","24,10","","101,42","","","","","","Généralement dégagé"
"1993-08-25 00:00","1993","08","25","00:00"," ","8,10","","5,40","","83,00","","11,00","","6,00","","24,10","","101,39","","","","","","Généralement dégagé"
"1993-08-25 01:00","1993","08","25","01:00"," ","7,20","","5,40","","88,00","","2,00","","7,00","","24,10","","101,35","","","","","","Généralement dégagé"
"1993-08-25 02:00","1993","08","25","02:00"," ","6,50","","5,10","","91,00","","1,00","","7,00","","24,10","","101,32","","","","","","Généralement dégagé"
"1993-08-25 03:00","1993","08","25","03:00"," ","5,60","","4,30","","91,00","","36,00","","7,00","","24,10","","101,32","","","","","","Généralement dégagé"
"1993-08-25 04:00","1993","08","25","04:00"," ","5,20","","4,00","","92,00","","1,00","","7,00","","24,10","","101,29","","","","","","Généralement dégagé"
"1993-08-25 05:00","1993","08","25","05:00"," ","4,50","","3,40","","92,00","","1,00","","7,00","","24,10","","101,22","","","","","","Généralement nuageux"
"1993-08-25 06:00","1993","08","25","06:00"," ","4,90","","3,90","","93,00","","1,00","","6,00","","24,10","","101,22","","","","","","Généralement nuageux"
"1993-08-25 07:00","1993","08","25","07:00"," ","7,10","","5,50","","89,00","","6,00","","6,00","","24,10","","101,12","","","","","","Nuageux"
"1993-08-25 08:00","1993","08","25","08:00"," ","8,50","","6,00","","84,00","","10,00","","6,00","","24,10","","101,09","","","","","","Généralement nuageux"
"1993-08-25 09:00","1993","08","25","09:00"," ","11,50","","5,90","","68,00","","12,00","","9,00","","24,10","","100,98","","","","","","Généralement nuageux"
"1993-08-25 10:00","1993","08","25","10:00"," ","12,90","","5,70","","62,00","","12,00","","7,00","","24,10","","100,88","","","","","","Généralement nuageux"
"1993-08-25 11:00","1993","08","25","11:00"," ","14,50","","6,40","","58,00","","6,00","","11,00","","24,10","","100,78","","","","","","Nuageux"
"1993-08-25 12:00","1993","08","25","12:00"," ","14,50","","8,10","","66,00","","3,00","","11,00","","19,30","","100,65","","","","","","Averses de pluie"
"1993-08-25 13:00","1993","08","25","13:00"," ","15,50","","8,60","","64,00","","9,00","","4,00","","19,30","","100,58","","","","","","Averses de pluie"
"1993-08-25 14:00","1993","08","25","14:00"," ","14,80","","7,60","","62,00","","19,00","","17,00","","19,30","","100,48","","","","","","Pluie"
"1993-08-25 15:00","1993","08","25","15:00"," ","13,10","","9,20","","77,00","","18,00","","17,00","","16,10","","100,38","","","","","","Pluie"
"1993-08-25 16:00","1993","08","25","16:00"," ","12,40","","9,50","","83,00","","16,00","","11,00","","16,10","","100,31","","","","","","Averses de pluie"
"1993-08-25 17:00","1993","08","25","17:00"," ","12,20","","9,40","","83,00","","15,00","","7,00","","12,90","","100,21","","","","","","Averses de pluie"
"1993-08-25 18:00","1993","08","25","18:00"," ","11,90","","9,80","","87,00","","0,00","","0,00","","12,90","","100,11","","","","","","Pluie"
"1993-08-25 19:00","1993","08","25","19:00"," ","11,30","","10,00","","92,00","","18,00","","11,00","","9,70","","100,04","","","","","","Pluie,Brouillard"
"1993-08-25 20:00","1993","08","25","20:00"," ","11,00","","9,90","","93,00","","18,00","","7,00","","9,70","","99,94","","","","","","Pluie,Brouillard"
"1993-08-25 21:00","1993","08","25","21:00"," ","10,60","","10,00","","96,00","","18,00","","11,00","","9,70","","99,80","","","","","","Pluie,Brouillard"
"1993-08-25 22:00","1993","08","25","22:00"," ","11,00","","9,60","","91,00","","18,00","","15,00","","19,30","","99,67","","","","","","Pluie"
"1993-08-25 23:00","1993","08","25","23:00"," ","11,00","","9,70","","92,00","","19,00","","15,00","","19,30","","99,53","","","","","","Nuageux"
"1993-08-26 00:00","1993","08","26","00:00"," ","11,00","","9,80","","92,00","","19,00","","9,00","","19,30","","99,43","","","","","","Nuageux"
"1993-08-26 01:00","1993","08","26","01:00"," ","11,20","","10,20","","94,00","","21,00","","6,00","","19,30","","99,37","","","","","","Nuageux"
"1993-08-26 02:00","1993","08","26","02:00"," ","11,20","","10,10","","93,00","","20,00","","4,00","","19,30","","99,26","","","","","","Nuageux"
"1993-08-26 03:00","1993","08","26","03:00"," ","11,40","","10,40","","94,00","","21,00","","6,00","","19,30","","99,16","","","","","","Généralement nuageux"
"1993-08-26 04:00","1993","08","26","04:00"," ","11,50","","10,70","","95,00","","22,00","","6,00","","24,10","","99,13","","","","","","Généralement nuageux"
"1993-08-26 05:00","1993","08","26","05:00"," ","12,20","","11,60","","96,00","","24,00","","11,00","","24,10","","99,16","","","","","","Nuageux"
"1993-08-26 06:00","1993","08","26","06:00"," ","13,80","","12,30","","91,00","","29,00","","15,00","","24,10","","99,26","","","","","","Généralement nuageux"
"1993-08-26 07:00","1993","08","26","07:00"," ","13,30","","10,80","","85,00","","29,00","","19,00","","24,10","","99,37","","","","","","Généralement nuageux"
"1993-08-26 08:00","1993","08","26","08:00"," ","13,30","","10,30","","82,00","","29,00","","22,00","","24,10","","99,43","","","","","","Averses de pluie"
"1993-08-26 09:00","1993","08","26","09:00"," ","13,10","","10,70","","85,00","","30,00","","22,00","","19,30","","99,50","","","","","","Averses de pluie"
"1993-08-26 10:00","1993","08","26","10:00"," ","13,70","","9,30","","75,00","","32,00","","26,00","","24,10","","99,60","","","","","","Nuageux"
"1993-08-26 11:00","1993","08","26","11:00"," ","13,30","","7,80","","69,00","","32,00","","26,00","","24,10","","99,74","","","","","","Généralement nuageux"
"1993-08-26 12:00","1993","08","26","12:00"," ","13,20","","7,60","","69,00","","32,00","","22,00","","24,10","","99,74","","","","","","Averses de pluie"
"1993-08-26 13:00","1993","08","26","13:00"," ","11,90","","8,50","","80,00","","32,00","","26,00","","19,30","","99,84","","","","","","Averses de pluie"
"1993-08-26 14:00","1993","08","26","14:00"," ","11,50","","7,60","","77,00","","32,00","","26,00","","24,10","","99,94","","","","","","Nuageux"
"1993-08-26 15:00","1993","08","26","15:00"," ","11,30","","6,30","","71,00","","32,00","","31,00","","24,10","","100,04","","","","","","Nuageux"
"1993-08-26 16:00","1993","08","26","16:00"," ","10,90","","6,30","","73,00","","33,00","","24,00","","24,10","","100,14","","","","","","Nuageux"
"1993-08-26 17:00","1993","08","26","17:00"," ","11,30","","5,90","","69,00","","33,00","","24,00","","24,10","","100,24","","","","","","Nuageux"
"1993-08-26 18:00","1993","08","26","18:00"," ","11,90","","5,40","","64,00","","34,00","","22,00","","24,10","","100,31","","","","","","Généralement nuageux"
"1993-08-26 19:00","1993","08","26","19:00"," ","12,70","","4,70","","58,00","","32,00","","28,00","","24,10","","100,38","","","","","","Généralement nuageux"
"1993-08-26 20:00","1993","08","26","20:00"," ","12,10","","3,20","","55,00","","32,00","","31,00","","24,10","","100,44","","","","","","Généralement nuageux"
"1993-08-26 21:00","1993","08","26","21:00"," ","11,90","","3,40","","56,00","","32,00","","26,00","","24,10","","100,48","","","","","","Nuageux"
"1993-08-26 22:00","1993","08","26","22:00"," ","11,50","","3,10","","56,00","","33,00","","24,00","","24,10","","100,58","","","","","","Nuageux"
"1993-08-26 23:00","1993","08","26","23:00"," ","10,90","","2,90","","58,00","","33,00","","22,00","","24,10","","100,61","","","","","","Généralement nuageux"
"1993-08-27 00:00","1993","08","27","00:00"," ","10,00","","2,90","","61,00","","33,00","","17,00","","24,10","","100,68","","","","","","Généralement nuageux"
"1993-08-27 01:00","1993","08","27","01:00"," ","9,50","","2,80","","63,00","","33,00","","17,00","","24,10","","100,68","","","","","","Généralement nuageux"
"1993-08-27 02:00","1993","08","27","02:00"," ","9,10","","2,80","","65,00","","32,00","","19,00","","24,10","","100,75","","","","","","Généralement nuageux"
"1993-08-27 03:00","1993","08","27","03:00"," ","8,70","","2,90","","67,00","","31,00","","20,00","","24,10","","100,78","","","","","","Nuageux"
"1993-08-27 04:00","1993","08","27","04:00"," ","8,30","","2,50","","67,00","","32,00","","17,00","","24,10","","100,82","","","","","","Généralement nuageux"
"1993-08-27 05:00","1993","08","27","05:00"," ","7,90","","2,30","","68,00","","33,00","","17,00","","24,10","","100,88","","","","","","Nuageux"
"1993-08-27 06:00","1993","08","27","06:00"," ","7,70","","2,40","","69,00","","33,00","","15,00","","24,10","","100,92","","","","","","Généralement nuageux"
"1993-08-27 07:00","1993","08","27","07:00"," ","7,80","","2,70","","70,00","","32,00","","11,00","","24,10","","101,02","","","","","","Généralement nuageux"
"1993-08-27 08:00","1993","08","27","08:00"," ","8,10","","2,50","","68,00","","34,00","","19,00","","24,10","","101,05","","","","","","Généralement nuageux"
"1993-08-27 09:00","1993","08","27","09:00"," ","9,10","","1,80","","60,00","","34,00","","26,00","","24,10","","101,05","","","","","","Généralement nuageux"
"1993-08-27 10:00","1993","08","27","10:00"," ","10,00","","1,50","","55,00","","36,00","","19,00","","24,10","","101,09","","","","","","Généralement nuageux"
"1993-08-27 11:00","1993","08","27","11:00"," ","11,30","","1,50","","51,00","","2,00","","19,00","","24,10","","101,05","","","","","","Généralement nuageux"
"1993-08-27 12:00","1993","08","27","12:00"," ","12,50","","2,20","","49,00","","3,00","","22,00","","24,10","","101,02","","","","","","Généralement nuageux"
"1993-08-27 13:00","1993","08","27","13:00"," ","12,60","","2,00","","48,00","","2,00","","20,00","","24,10","","101,02","","","","","","Généralement dégagé"
"1993-08-27 14:00","1993","08","27","14:00"," ","14,50","","2,40","","44,00","","35,00","","22,00","","24,10","","101,02","","","","","","Généralement dégagé"
"1993-08-27 15:00","1993","08","27","15:00"," ","14,50","","3,40","","47,00","","2,00","","19,00","","24,10","","101,02","","","","","","Généralement nuageux"
"1993-08-27 16:00","1993","08","27","16:00"," ","14,10","","3,10","","47,00","","1,00","","19,00","","24,10","","101,02","","","","","","Nuageux"
"1993-08-27 17:00","1993","08","27","17:00"," ","12,30","","4,70","","60,00","","8,00","","17,00","","24,10","","101,02","","","","","","Généralement nuageux"
"1993-08-27 18:00","1993","08","27","18:00"," ","12,10","","4,00","","58,00","","7,00","","15,00","","24,10","","101,09","","","","","","Généralement nuageux"
"1993-08-27 19:00","1993","08","27","19:00"," ","10,70","","4,70","","66,00","","10,00","","9,00","","24,10","","101,12","","","","","","Nuageux"
"1993-08-27 20:00","1993","08","27","20:00"," ","9,90","","4,50","","69,00","","7,00","","6,00","","24,10","","101,12","","","","","","Généralement nuageux"
"1993-08-27 21:00","1993","08","27","21:00"," ","9,50","","4,70","","72,00","","5,00","","13,00","","24,10","","101,19","","","","","","Généralement nuageux"
"1993-08-27 22:00","1993","08","27","22:00"," ","9,20","","2,40","","62,00","","2,00","","11,00","","24,10","","101,22","","","","","","Généralement nuageux"
"1993-08-27 23:00","1993","08","27","23:00"," ","7,40","","2,00","","69,00","","2,00","","9,00","","24,10","","101,19","","","","","","Généralement nuageux"
"1993-08-28 00:00","1993","08","28","00:00"," ","5,80","","0,80","","70,00","","34,00","","9,00","","24,10","","101,19","","","","","","Généralement nuageux"
"1993-08-28 01:00","1993","08","28","01:00"," ","4,90","","0,10","","71,00","","33,00","","7,00","","24,10","","101,12","","","","","","Généralement dégagé"
"1993-08-28 02:00","1993","08","28","02:00"," ","3,90","","0,60","","79,00","","32,00","","9,00","","24,10","","101,09","","","","","","Dégagé"
"1993-08-28 03:00","1993","08","28","03:00"," ","2,60","","0,00","","83,00","","31,00","","9,00","","24,10","","101,12","","","","","","Dégagé"
"1993-08-28 04:00","1993","08","28","04:00"," ","2,60","","-0,10","","82,00","","30,00","","7,00","","24,10","","101,15","","","","","","Généralement nuageux"
"1993-08-28 05:00","1993","08","28","05:00"," ","3,00","","0,20","","82,00","","29,00","","6,00","","24,10","","101,12","","","","","","Généralement nuageux"
"1993-08-28 06:00","1993","08","28","06:00"," ","4,00","","1,10","","81,00","","0,00","","0,00","","24,10","","101,09","","","","","","Généralement nuageux"
"1993-08-28 07:00","1993","08","28","07:00"," ","5,10","","1,50","","77,00","","36,00","","4,00","","24,10","","101,02","","","","","","Nuageux"
"1993-08-28 08:00","1993","08","28","08:00"," ","6,30","","3,60","","83,00","","4,00","","9,00","","24,10","","100,98","","","","","","Nuageux"
"1993-08-28 09:00","1993","08","28","09:00"," ","6,30","","4,50","","88,00","","5,00","","11,00","","19,30","","100,92","","","","","","Nuageux"
"1993-08-28 10:00","1993","08","28","10:00"," ","7,20","","4,80","","84,00","","3,00","","7,00","","24,10","","100,88","","","","","","Nuageux"
"1993-08-28 11:00","1993","08","28","11:00"," ","7,90","","5,70","","86,00","","10,00","","7,00","","24,10","","100,75","","","","","","Nuageux"
"1993-08-28 12:00","1993","08","28","12:00"," ","8,50","","4,70","","77,00","","11,00","","11,00","","24,10","","100,65","","","","","","Nuageux"
"1993-08-28 13:00","1993","08","28","13:00"," ","8,10","","5,30","","82,00","","11,00","","9,00","","12,90","","100,61","","","","","","Averses de pluie"
"1993-08-28 14:00","1993","08","28","14:00"," ","7,70","","5,90","","88,00","","7,00","","7,00","","12,90","","100,51","","","","","","Averses de pluie"
"1993-08-28 15:00","1993","08","28","15:00"," ","7,30","","6,30","","93,00","","7,00","","11,00","","12,90","","100,44","","","","","","Pluie"
"1993-08-28 16:00","1993","08","28","16:00"," ","7,50","","6,80","","95,00","","6,00","","15,00","","12,90","","100,34","","","","","","Pluie modérée"
"1993-08-28 17:00","1993","08","28","17:00"," ","8,00","","7,40","","96,00","","6,00","","13,00","","9,70","","100,24","","","","","","Pluie modérée,Brouillard"
"1993-08-28 18:00","1993","08","28","18:00"," ","8,50","","8,10","","97,00","","6,00","","17,00","","8,00","","100,14","","","","","","Pluie,Brouillard"
"1993-08-28 19:00","1993","08","28","19:00"," ","8,70","","8,10","","96,00","","8,00","","15,00","","6,40","","100,07","","","","","","Pluie,Brouillard"
"1993-08-28 20:00","1993","08","28","20:00"," ","8,70","","8,30","","97,00","","8,00","","19,00","","8,00","","100,01","","","","","","Pluie,Brouillard"
"1993-08-28 21:00","1993","08","28","21:00"," ","8,90","","8,60","","98,00","","7,00","","19,00","","8,00","","99,90","","","","","","Pluie,Brouillard"
"1993-08-28 22:00","1993","08","28","22:00"," ","8,80","","8,50","","98,00","","7,00","","20,00","","8,00","","99,77","","","","","","Pluie,Brouillard"
"1993-08-28 23:00","1993","08","28","23:00"," ","9,10","","8,50","","96,00","","7,00","","19,00","","8,00","","99,70","","","","","","Pluie,Brouillard"
"1993-08-29 00:00","1993","08","29","00:00"," ","9,10","","8,40","","95,00","","8,00","","19,00","","8,00","","99,60","","","","","","Pluie,Brouillard"
"1993-08-29 01:00","1993","08","29","01:00"," ","8,70","","8,10","","96,00","","7,00","","17,00","","8,00","","99,50","","","","","","Pluie,Brouillard"
"1993-08-29 02:00","1993","08","29","02:00"," ","8,90","","7,40","","90,00","","7,00","","13,00","","8,00","","99,43","","","","","","Pluie,Brouillard"
"1993-08-29 03:00","1993","08","29","03:00"," ","8,70","","8,00","","95,00","","8,00","","11,00","","8,00","","99,43","","","","","","Pluie,Brouillard"
"1993-08-29 04:00","1993","08","29","04:00"," ","8,60","","8,00","","96,00","","8,00","","7,00","","8,00","","99,40","","","","","","Pluie,Brouillard"
"1993-08-29 05:00","1993","08","29","05:00"," ","8,70","","8,30","","97,00","","4,00","","11,00","","8,00","","99,37","","","","","","Pluie,Brouillard"
"1993-08-29 06:00","1993","08","29","06:00"," ","8,50","","8,50","","100,00","","6,00","","9,00","","8,00","","99,37","","","","","","Pluie,Brouillard"
"1993-08-29 07:00","1993","08","29","07:00"," ","8,90","","8,60","","98,00","","3,00","","11,00","","4,80","","99,37","","","","","","Pluie,Brouillard"
"1993-08-29 08:00","1993","08","29","08:00"," ","8,90","","8,50","","97,00","","1,00","","11,00","","4,80","","99,37","","","","","","Pluie,Brouillard"
"1993-08-29 09:00","1993","08","29","09:00"," ","9,30","","8,70","","96,00","","2,00","","13,00","","4,80","","99,43","","","","","","Pluie,Brouillard"
"1993-08-29 10:00","1993","08","29","10:00"," ","9,70","","8,80","","94,00","","31,00","","11,00","","6,40","","99,47","","","","","","Pluie,Brouillard"
"1993-08-29 11:00","1993","08","29","11:00"," ","10,90","","9,30","","90,00","","32,00","","17,00","","8,00","","99,47","","","","","","Pluie,Brouillard"
"1993-08-29 12:00","1993","08","29","12:00"," ","10,70","","9,00","","89,00","","32,00","","15,00","","8,00","","99,47","","","","","","Pluie,Brouillard"
"1993-08-29 13:00","1993","08","29","13:00"," ","10,70","","7,60","","81,00","","33,00","","26,00","","12,90","","99,50","","","","","","Pluie"
"1993-08-29 14:00","1993","08","29","14:00"," ","10,70","","7,50","","80,00","","33,00","","30,00","","16,10","","99,53","","","","","","Pluie"
"1993-08-29 15:00","1993","08","29","15:00"," ","10,30","","6,20","","76,00","","33,00","","24,00","","24,10","","99,64","","","","","","Nuageux"
"1993-08-29 16:00","1993","08","29","16:00"," ","10,00","","6,20","","77,00","","32,00","","19,00","","24,10","","99,74","","","","","","Averses de pluie"
"1993-08-29 17:00","1993","08","29","17:00"," ","9,20","","5,50","","78,00","","31,00","","24,00","","24,10","","99,84","","","","","","Averses de pluie"
"1993-08-29 18:00","1993","08","29","18:00"," ","8,80","","5,40","","79,00","","31,00","","26,00","","24,10","","99,87","","","","","","Averses de pluie"
"1993-08-29 19:00","1993","08","29","19:00"," ","8,10","","4,80","","79,00","","32,00","","26,00","","24,10","","99,94","","","","","","Averses de pluie"
"1993-08-29 20:00","1993","08","29","20:00"," ","7,50","","3,90","","78,00","","32,00","","26,00","","24,10","","100,01","","","","","","Averses de pluie"
"1993-08-29 21:00","1993","08","29","21:00"," ","6,50","","3,40","","80,00","","32,00","","22,00","","24,10","","100,11","","","","","","Averses de pluie"
"1993-08-29 22:00","1993","08","29","22:00"," ","5,60","","2,90","","83,00","","32,00","","30,00","","24,10","","100,14","","","","","","Averses de pluie"
"1993-08-29 23:00","1993","08","29","23:00"," ","5,10","","2,70","","85,00","","32,00","","26,00","","19,30","","100,14","","","","","","Averses de pluie"
"1993-08-30 00:00","1993","08","30","00:00"," ","4,90","","2,70","","86,00","","32,00","","22,00","","19,30","","100,17","","","","","","Averses de pluie"
"1993-08-30 01:00","1993","08","30","01:00"," ","4,80","","2,30","","84,00","","32,00","","20,00","","24,10","","100,21","","","","","","Nuageux"
"1993-08-30 02:00","1993","08","30","02:00"," ","4,90","","2,60","","85,00","","32,00","","33,00","","19,30","","100,28","","","","","","Averses de pluie"
"1993-08-30 03:00","1993","08","30","03:00"," ","4,60","","2,50","","86,00","","31,00","","19,00","","12,90","","100,28","","","","","","Averses de pluie"
"1993-08-30 04:00","1993","08","30","04:00"," ","4,40","","2,90","","90,00","","31,00","","20,00","","12,90","","100,34","","","","","","Averses de pluie"
"1993-08-30 05:00","1993","08","30","05:00"," ","4,50","","2,90","","89,00","","31,00","","19,00","","19,30","","100,38","","","","","","Averses de pluie"
"1993-08-30 06:00","1993","08","30","06:00"," ","4,90","","2,30","","83,00","","31,00","","24,00","","19,30","","100,44","","","","","","Averses de pluie"
"1993-08-30 07:00","1993","08","30","07:00"," ","5,50","","1,70","","77,00","","32,00","","26,00","","24,10","","100,48","","","","","","Averses de pluie"
"1993-08-30 08:00","1993","08","30","08:00"," ","5,80","","1,80","","75,00","","32,00","","33,00","","24,10","","100,55","","","","","","Nuageux"
"1993-08-30 09:00","1993","08","30","09:00"," ","6,40","","1,50","","71,00","","33,00","","28,00","","24,10","","100,55","","","","","","Nuageux"
"1993-08-30 10:00","1993","08","30","10:00"," ","6,80","","1,80","","70,00","","35,00","","26,00","","24,10","","100,61","","","","","","Nuageux"
"1993-08-30 11:00","1993","08","30","11:00"," ","7,10","","2,60","","73,00","","32,00","","20,00","","24,10","","100,65","","","","","","Nuageux"
"1993-08-30 12:00","1993","08","30","12:00"," ","7,60","","2,50","","70,00","","33,00","","33,00","","24,10","","100,68","","","","","","Averses de pluie"
"1993-08-30 13:00","1993","08","30","13:00"," ","8,00","","1,20","","62,00","","35,00","","31,00","","24,10","","100,75","","","","","","Nuageux"
"1993-08-30 14:00","1993","08","30","14:00"," ","8,20","","1,70","","64,00","","31,00","","19,00","","24,10","","100,82","","","","","","Nuageux"
"1993-08-30 15:00","1993","08","30","15:00"," ","8,20","","1,70","","64,00","","33,00","","28,00","","24,10","","100,85","","","","","","Averses de pluie"
"1993-08-30 16:00","1993","08","30","16:00"," ","8,20","","2,20","","66,00","","33,00","","20,00","","24,10","","100,98","","","","","","Averses de pluie"
"1993-08-30 17:00","1993","08","30","17:00"," ","8,30","","2,30","","66,00","","33,00","","33,00","","24,10","","101,02","","","","","","Averses de pluie"
"1993-08-30 18:00","1993","08","30","18:00"," ","8,20","","2,30","","66,00","","36,00","","30,00","","24,10","","101,09","","","","","","Averses de pluie"
"1993-08-30 19:00","1993","08","30","19:00"," ","7,80","","2,90","","71,00","","35,00","","26,00","","24,10","","101,19","","","","","","Généralement nuageux"
"1993-08-30 20:00","1993","08","30","20:00"," ","7,10","","2,30","","71,00","","36,00","","19,00","","24,10","","101,29","","","","","","Généralement nuageux"
"1993-08-30 21:00","1993","08","30","21:00"," ","6,70","","2,20","","73,00","","36,00","","11,00","","24,10","","101,32","","","","","","Généralement nuageux"
"1993-08-30 22:00","1993","08","30","22:00"," ","6,30","","2,20","","75,00","","36,00","","11,00","","24,10","","101,32","","","","","","Généralement nuageux"
"1993-08-30 23:00","1993","08","30","23:00"," ","5,90","","2,10","","77,00","","33,00","","6,00","","24,10","","101,39","","","","","","Généralement nuageux"
"1993-08-31 00:00","1993","08","31","00:00"," ","5,60","","1,90","","77,00","","32,00","","17,00","","24,10","","101,42","","","","","","Généralement nuageux"
"1993-08-31 01:00","1993","08","31","01:00"," ","4,90","","0,00","","71,00","","30,00","","7,00","","24,10","","101,42","","","","","","Généralement dégagé"
"1993-08-31 02:00","1993","08","31","02:00"," ","4,20","","0,10","","75,00","","27,00","","13,00","","24,10","","101,42","","","","","","Généralement dégagé"
"1993-08-31 03:00","1993","08","31","03:00"," ","3,30","","0,70","","83,00","","30,00","","15,00","","24,10","","101,39","","","","","","Dégagé"
"1993-08-31 04:00","1993","08","31","04:00"," ","2,90","","0,00","","81,00","","30,00","","19,00","","24,10","","101,39","","","","","","Dégagé"
"1993-08-31 05:00","1993","08","31","05:00"," ","1,50","","-0,50","","87,00","","28,00","","15,00","","24,10","","101,42","","","","","","Dégagé"
"1993-08-31 06:00","1993","08","31","06:00"," ","2,80","","-0,40","","80,00","","28,00","","17,00","","24,10","","101,42","","","","","","Dégagé"
"1993-08-31 07:00","1993","08","31","07:00"," ","3,90","","0,30","","77,00","","27,00","","7,00","","24,10","","101,42","","","","","","Dégagé"
"1993-08-31 08:00","1993","08","31","08:00"," ","6,60","","1,10","","68,00","","24,00","","11,00","","24,10","","101,42","","","","","","Généralement dégagé"
"1993-08-31 09:00","1993","08","31","09:00"," ","8,70","","1,50","","60,00","","25,00","","6,00","","24,10","","101,35","","","","","","Dégagé"
"1993-08-31 10:00","1993","08","31","10:00"," ","10,30","","1,70","","55,00","","24,00","","9,00","","24,10","","101,22","","","","","","Généralement dégagé"
"1993-08-31 11:00","1993","08","31","11:00"," ","11,50","","-0,30","","44,00","","24,00","","4,00","","24,10","","101,15","","","","","","Généralement dégagé"
"1993-08-31 12:00","1993","08","31","12:00"," ","12,10","","0,80","","46,00","","23,00","","7,00","","24,10","","101,05","","","","","","Généralement nuageux"
"1993-08-31 13:00","1993","08","31","13:00"," ","13,50","","0,50","","41,00","","21,00","","6,00","","24,10","","100,92","","","","","","Généralement nuageux"
"1993-08-31 14:00","1993","08","31","14:00"," ","13,70","","0,90","","42,00","","18,00","","11,00","","24,10","","100,88","","","","","","Généralement nuageux"
"1993-08-31 15:00","1993","08","31","15:00"," ","13,30","","1,50","","45,00","","12,00","","7,00","","24,10","","100,82","","","","","","Généralement nuageux"
"1993-08-31 16:00","1993","08","31","16:00"," ","13,90","","1,80","","44,00","","9,00","","7,00","","24,10","","100,78","","","","","","Généralement nuageux"
"1993-08-31 17:00","1993","08","31","17:00"," ","12,90","","3,10","","51,00","","8,00","","15,00","","24,10","","100,58","","","","","","Généralement nuageux"
"1993-08-31 18:00","1993","08","31","18:00"," ","12,50","","4,80","","59,00","","9,00","","9,00","","24,10","","100,51","","","","","","Nuageux"
"1993-08-31 19:00","1993","08","31","19:00"," ","10,90","","5,70","","70,00","","11,00","","6,00","","24,10","","100,44","","","","","","Nuageux"
"1993-08-31 20:00","1993","08","31","20:00"," ","10,90","","5,10","","67,00","","13,00","","7,00","","24,10","","100,44","","","","","","Nuageux"
"1993-08-31 21:00","1993","08","31","21:00"," ","10,40","","4,60","","67,00","","14,00","","11,00","","24,10","","100,38","","","","","","Nuageux"
"1993-08-31 22:00","1993","08","31","22:00"," ","10,70","","3,90","","63,00","","17,00","","7,00","","24,10","","100,34","","","","","","Nuageux"
"1993-08-31 23:00","1993","08","31","23:00"," ","10,00","","5,60","","74,00","","18,00","","9,00","","19,30","","100,28","","","","","","Averses de pluie"
