"Nom de la Station","DANIELS HARBOUR"
"Province","NEWFOUNDLAND"
"Latitude","50,24"
"Longitude","-57,58"
"Altitude","19,00"
"Identification Climat","8401400"
"Identification OMM","71185"
"Identification TC","WDH"
"Toutes les heures sont exprimées en heure normale locale (HNL). Pour convertir l'heure locale en heure avancée de l'Est (HAE), ajoutez 1 heure s'il y a lieu."

"Légende"
"M","Données Manquantes"
"E","Valeur Estimée"
"ND","Non Disponible"
"**","Données fournies par un partenaire, non assujetties à un révision par les Archives climatiques nationales du Canada"

"Date/Heure","Année","Mois","Jour","Heure","Qualité des Données","Temp (°C)","Temp Indicateur","Point de rosée (°C)","Point de rosée Indicateur","Hum. rel (%)","Hum. rel. Indicateur","Dir. du vent (10s deg)","Dir. du vent Indicateur","Vit. du vent (km/h)","Vit. du vent Indicateur","Visibilité (km)","Visibilité Indicateur","Pression à la station (kPa)","Pression à la station Indicateur","Hmdx","Hmdx Indicateur","Refroid. éolien","Refroid. éolien Indicateur","Temps"
"1987-11-01 00:00","1987","11","01","00:00"," ","","","","","","","","","","","","","","","","","","",""
"1987-11-01 00:30","1987","11","01","00:30"," ","1,20","","0,00","","92,00","","5,00","","19,00","","19,30","","101,51","","","","","","Nuageux"
"1987-11-01 01:00","1987","11","01","01:00"," ","","","","","","","","","","","","","","","","","","",""
"1987-11-01 01:30","1987","11","01","01:30"," ","1,00","","0,00","","93,00","","5,00","","15,00","","19,30","","101,44","","","","","","Nuageux"
"1987-11-01 02:00","1987","11","01","02:00"," ","","","","","","","","","","","","","","","","","","",""
"1987-11-01 02:30","1987","11","01","02:30"," ","0,80","","0,00","","95,00","","5,00","","19,00","","19,30","","101,41","","","","","","Nuageux"
"1987-11-01 03:00","1987","11","01","03:00"," ","","","","","","","","","","","","","","","","","","",""
"1987-11-01 03:30","1987","11","01","03:30"," ","0,60","","-0,50","","92,00","","5,00","","19,00","","19,30","","101,41","","","","","","Nuageux"
"1987-11-01 04:00","1987","11","01","04:00"," ","","","","","","","","","","","","","","","","","","",""
"1987-11-01 04:30","1987","11","01","04:30"," ","0,50","","-1,30","","88,00","","5,00","","15,00","","19,30","","101,41","","","","","","Nuageux"
"1987-11-01 05:00","1987","11","01","05:00"," ","","","","","","","","","","","","","","","","","","",""
"1987-11-01 05:30","1987","11","01","05:30"," ","0,20","","-1,00","","91,00","","5,00","","11,00","","24,10","","101,41","","","","","","Généralement nuageux"
"1987-11-01 06:00","1987","11","01","06:00"," ","","","","","","","","","","","","","","","","","","",""
"1987-11-01 06:30","1987","11","01","06:30"," ","0,20","","-1,00","","91,00","","5,00","","17,00","","24,10","","101,41","","","","","","Généralement nuageux"
"1987-11-01 07:00","1987","11","01","07:00"," ","","","","","","","","","","","","","","","","","","",""
"1987-11-01 07:30","1987","11","01","07:30"," ","0,30","","-1,10","","90,00","","36,00","","17,00","","24,10","","101,41","","","","","","Nuageux"
"1987-11-01 08:00","1987","11","01","08:00"," ","","","","","","","","","","","","","","","","","","",""
"1987-11-01 08:30","1987","11","01","08:30"," ","-0,20","","-2,00","","88,00","","36,00","","19,00","","24,10","","101,41","","","","-5,00","","Nuageux"
"1987-11-01 09:00","1987","11","01","09:00"," ","","","","","","","","","","","","","","","","","","",""
"1987-11-01 09:30","1987","11","01","09:30"," ","0,00","","-1,00","","93,00","","32,00","","22,00","","24,10","","101,34","","","","-6,00","","Généralement nuageux"
"1987-11-01 10:00","1987","11","01","10:00"," ","","","","","","","","","","","","","","","","","","",""
"1987-11-01 10:30","1987","11","01","10:30"," ","0,30","","-1,20","","90,00","","32,00","","26,00","","24,10","","101,37","","","","","","Généralement nuageux"
"1987-11-01 11:00","1987","11","01","11:00"," ","","","","","","","","","","","","","","","","","","",""
"1987-11-01 11:30","1987","11","01","11:30"," ","0,30","","-1,20","","90,00","","33,00","","26,00","","24,10","","101,37","","","","","","Généralement nuageux"
"1987-11-01 12:00","1987","11","01","12:00"," ","","","","","","","","","","","","","","","","","","",""
"1987-11-01 12:30","1987","11","01","12:30"," ","0,50","","-0,90","","90,00","","32,00","","17,00","","24,10","","101,31","","","","","","Généralement nuageux"
"1987-11-01 13:00","1987","11","01","13:00"," ","","","","","","","","","","","","","","","","","","",""
"1987-11-01 13:30","1987","11","01","13:30"," ","0,30","","-0,90","","92,00","","32,00","","26,00","","24,10","","101,37","","","","","","Généralement nuageux"
"1987-11-01 14:00","1987","11","01","14:00"," ","","","","","","","","","","","","","","","","","","",""
"1987-11-01 14:30","1987","11","01","14:30"," ","0,40","","-1,30","","89,00","","32,00","","22,00","","24,10","","101,27","","","","","","Généralement nuageux"
"1987-11-01 15:00","1987","11","01","15:00"," ","","","","","","","","","","","","","","","","","","",""
"1987-11-01 15:30","1987","11","01","15:30"," ","0,40","","-1,00","","90,00","","32,00","","28,00","","24,10","","101,27","","","","","","Généralement nuageux"
"1987-11-01 16:00","1987","11","01","16:00"," ","","","","","","","","","","","","","","","","","","",""
"1987-11-01 16:30","1987","11","01","16:30"," ","-0,50","","-1,80","","91,00","","32,00","","26,00","","19,30","","101,27","","","","-7,00","","Neige"
"1987-11-01 17:00","1987","11","01","17:00"," ","","","","","","","","","","","","","","","","","","",""
"1987-11-01 17:30","1987","11","01","17:30"," ","-0,30","","-3,20","","80,00","","32,00","","28,00","","19,30","","101,20","","","","-7,00","","Neige"
"1987-11-01 18:00","1987","11","01","18:00"," ","","","","","","","","","","","","","","","","","","",""
"1987-11-01 18:30","1987","11","01","18:30"," ","-0,10","","-1,90","","88,00","","32,00","","26,00","","19,30","","101,31","","","","-6,00","","Neige"
"1987-11-01 19:00","1987","11","01","19:00"," ","","","","","","","","","","","","","","","","","","",""
"1987-11-01 19:30","1987","11","01","19:30"," ","0,40","","-1,00","","90,00","","36,00","","28,00","","19,30","","101,20","","","","","","Neige"
"1987-11-01 20:00","1987","11","01","20:00"," ","","","","","","","","","","","","","","","","","","",""
"1987-11-01 20:30","1987","11","01","20:30"," ","0,60","","-0,90","","90,00","","36,00","","28,00","","19,30","","101,20","","","","","","Neige"
"1987-11-01 21:00","1987","11","01","21:00"," ","","","","","","","","","","","","","","","","","","",""
"1987-11-01 21:30","1987","11","01","21:30"," ","0,30","","-1,20","","90,00","","32,00","","30,00","","16,10","","101,17","","","","","","Neige roulée"
"1987-11-01 22:00","1987","11","01","22:00"," ","","","","","","","","","","","","","","","","","","",""
"1987-11-01 22:30","1987","11","01","22:30"," ","0,00","","-1,50","","90,00","","32,00","","28,00","","19,30","","101,20","","","","-6,00","","Neige roulée"
"1987-11-01 23:00","1987","11","01","23:00"," ","","","","","","","","","","","","","","","","","","",""
"1987-11-01 23:30","1987","11","01","23:30"," ","0,30","","-1,70","","86,00","","32,00","","28,00","","19,30","","101,17","","","","","","Neige roulée"
"1987-11-02 00:00","1987","11","02","00:00"," ","","","","","","","","","","","","","","","","","","",""
"1987-11-02 00:30","1987","11","02","00:30"," ","0,30","","-1,70","","86,00","","32,00","","26,00","","19,30","","101,10","","","","","","Neige roulée"
"1987-11-02 01:00","1987","11","02","01:00"," ","","","","","","","","","","","","","","","","","","",""
"1987-11-02 01:30","1987","11","02","01:30"," ","0,30","","-1,20","","90,00","","33,00","","28,00","","16,10","","101,10","","","","","","Neige"
"1987-11-02 02:00","1987","11","02","02:00"," ","","","","","","","","","","","","","","","","","","",""
"1987-11-02 02:30","1987","11","02","02:30"," ","0,20","","-0,80","","93,00","","33,00","","30,00","","16,10","","101,07","","","","","","Neige"
"1987-11-02 03:00","1987","11","02","03:00"," ","","","","","","","","","","","","","","","","","","",""
"1987-11-02 03:30","1987","11","02","03:30"," ","0,40","","-1,30","","89,00","","33,00","","31,00","","16,10","","101,07","","","","","","Neige"
"1987-11-02 04:00","1987","11","02","04:00"," ","","","","","","","","","","","","","","","","","","",""
"1987-11-02 04:30","1987","11","02","04:30"," ","0,30","","-1,40","","89,00","","33,00","","28,00","","16,10","","101,07","","","","","","Nuageux"
"1987-11-02 05:00","1987","11","02","05:00"," ","","","","","","","","","","","","","","","","","","",""
"1987-11-02 05:30","1987","11","02","05:30"," ","0,30","","-1,40","","89,00","","32,00","","30,00","","16,10","","101,04","","","","","","Neige roulée"
"1987-11-02 06:00","1987","11","02","06:00"," ","","","","","","","","","","","","","","","","","","",""
"1987-11-02 06:30","1987","11","02","06:30"," ","0,20","","-1,00","","91,00","","33,00","","30,00","","19,30","","101,10","","","","","","Neige roulée"
"1987-11-02 07:00","1987","11","02","07:00"," ","","","","","","","","","","","","","","","","","","",""
"1987-11-02 07:30","1987","11","02","07:30"," ","0,30","","-1,20","","90,00","","33,00","","28,00","","19,30","","101,27","","","","","","Neige roulée"
"1987-11-02 08:00","1987","11","02","08:00"," ","","","","","","","","","","","","","","","","","","",""
"1987-11-02 08:30","1987","11","02","08:30"," ","-0,30","","-0,60","","98,00","","34,00","","28,00","","19,30","","101,41","","","","-7,00","","Généralement nuageux"
"1987-11-02 09:00","1987","11","02","09:00"," ","","","","","","","","","","","","","","","","","","",""
"1987-11-02 09:30","1987","11","02","09:30"," ","0,10","","0,10","","100,00","","33,00","","28,00","","19,30","","101,41","","","","","","Généralement nuageux"
"1987-11-02 10:00","1987","11","02","10:00"," ","","","","","","","","","","","","","","","","","","",""
"1987-11-02 10:30","1987","11","02","10:30"," ","0,10","","-0,50","","96,00","","36,00","","22,00","","19,30","","101,44","","","","","","Généralement nuageux"
"1987-11-02 11:00","1987","11","02","11:00"," ","","","","","","","","","","","","","","","","","","",""
"1987-11-02 11:30","1987","11","02","11:30"," ","-0,60","","-2,20","","89,00","","33,00","","28,00","","19,30","","101,44","","","","-7,00","","Généralement nuageux"
"1987-11-02 12:00","1987","11","02","12:00"," ","","","","","","","","","","","","","","","","","","",""
"1987-11-02 12:30","1987","11","02","12:30"," ","1,50","","-2,40","","75,00","","34,00","","30,00","","19,30","","101,47","","","","","","Généralement nuageux"
"1987-11-02 13:00","1987","11","02","13:00"," ","","","","","","","","","","","","","","","","","","",""
"1987-11-02 13:30","1987","11","02","13:30"," ","-0,70","","-2,20","","90,00","","32,00","","22,00","","19,30","","101,44","","","","-6,00","","Généralement nuageux"
"1987-11-02 14:00","1987","11","02","14:00"," ","","","","","","","","","","","","","","","","","","",""
"1987-11-02 14:30","1987","11","02","14:30"," ","-0,70","","-2,20","","90,00","","32,00","","15,00","","19,30","","101,51","","","","-5,00","","Généralement nuageux"
"1987-11-02 15:00","1987","11","02","15:00"," ","","","","","","","","","","","","","","","","","","",""
"1987-11-02 15:30","1987","11","02","15:30"," ","0,40","","0,40","","100,00","","28,00","","19,00","","24,10","","101,51","","","","","","Généralement nuageux"
"1987-11-02 16:00","1987","11","02","16:00"," ","","","","","","","","","","","","","","","","","","",""
"1987-11-02 16:30","1987","11","02","16:30"," ","-0,70","","-0,80","","100,00","","32,00","","19,00","","24,10","","101,54","","","","-6,00","","Généralement nuageux"
"1987-11-02 17:00","1987","11","02","17:00"," ","","","","","","","","","","","","","","","","","","",""
"1987-11-02 17:30","1987","11","02","17:30"," ","0,20","","-1,60","","87,00","","28,00","","28,00","","24,10","","101,54","","","","","","Généralement nuageux"
"1987-11-02 18:00","1987","11","02","18:00"," ","","","","","","","","","","","","","","","","","","",""
"1987-11-02 18:30","1987","11","02","18:30"," ","0,30","","-0,70","","93,00","","28,00","","28,00","","24,10","","101,54","","","","","","Généralement nuageux"
"1987-11-02 19:00","1987","11","02","19:00"," ","","","","","","","","","","","","","","","","","","",""
"1987-11-02 19:30","1987","11","02","19:30"," ","0,00","","-0,40","","97,00","","30,00","","22,00","","24,10","","101,54","","","","-6,00","","Généralement nuageux"
"1987-11-02 20:00","1987","11","02","20:00"," ","","","","","","","","","","","","","","","","","","",""
"1987-11-02 20:30","1987","11","02","20:30"," ","0,60","","-2,10","","82,00","","28,00","","19,00","","24,10","","101,47","","","","","","Nuageux"
"1987-11-02 21:00","1987","11","02","21:00"," ","","","","","","","","","","","","","","","","","","",""
"1987-11-02 21:30","1987","11","02","21:30"," ","0,60","","-2,10","","82,00","","27,00","","28,00","","24,10","","101,47","","","","","","Nuageux"
"1987-11-02 22:00","1987","11","02","22:00"," ","","","","","","","","","","","","","","","","","","",""
"1987-11-02 22:30","1987","11","02","22:30"," ","0,20","","-0,50","","95,00","","30,00","","15,00","","24,10","","101,44","","","","","","Nuageux"
"1987-11-02 23:00","1987","11","02","23:00"," ","","","","","","","","","","","","","","","","","","",""
"1987-11-02 23:30","1987","11","02","23:30"," ","0,20","","-0,50","","95,00","","30,00","","26,00","","24,10","","101,41","","","","","","Nuageux"
"1987-11-03 00:00","1987","11","03","00:00"," ","","","","","","","","","","","","","","","","","","",""
"1987-11-03 00:30","1987","11","03","00:30"," ","0,30","","0,20","","100,00","","27,00","","28,00","","24,10","","101,37","","","","","","Nuageux"
"1987-11-03 01:00","1987","11","03","01:00"," ","","","","","","","","","","","","","","","","","","",""
"1987-11-03 01:30","1987","11","03","01:30"," ","-0,50","","-0,80","","98,00","","27,00","","30,00","","24,10","","101,24","","","","-7,00","","Nuageux"
"1987-11-03 02:00","1987","11","03","02:00"," ","","","","","","","","","","","","","","","","","","",""
"1987-11-03 02:30","1987","11","03","02:30"," ","-0,60","","-0,80","","99,00","","27,00","","28,00","","24,10","","101,20","","","","-7,00","","Nuageux"
"1987-11-03 03:00","1987","11","03","03:00"," ","","","","","","","","","","","","","","","","","","",""
"1987-11-03 03:30","1987","11","03","03:30"," ","-0,50","","-1,10","","96,00","","23,00","","28,00","","24,10","","101,07","","","","-7,00","","Nuageux"
"1987-11-03 04:00","1987","11","03","04:00"," ","","","","","","","","","","","","","","","","","","",""
"1987-11-03 04:30","1987","11","03","04:30"," ","-0,30","","-1,10","","94,00","","23,00","","26,00","","24,10","","101,00","","","","-6,00","","Nuageux"
"1987-11-03 05:00","1987","11","03","05:00"," ","","","","","","","","","","","","","","","","","","",""
"1987-11-03 05:30","1987","11","03","05:30"," ","-0,20","","-1,00","","94,00","","23,00","","28,00","","24,10","","100,83","","","","-7,00","","Nuageux"
"1987-11-03 06:00","1987","11","03","06:00"," ","","","","","","","","","","","","","","","","","","",""
"1987-11-03 06:30","1987","11","03","06:30"," ","-0,40","","-1,20","","94,00","","23,00","","30,00","","16,10","","100,76","","","","-7,00","","Neige"
"1987-11-03 07:00","1987","11","03","07:00"," ","","","","","","","","","","","","","","","","","","",""
"1987-11-03 07:30","1987","11","03","07:30"," ","-0,80","","-2,20","","90,00","","23,00","","31,00","","19,30","","100,56","","","","-8,00","","Neige"
"1987-11-03 08:00","1987","11","03","08:00"," ","","","","","","","","","","","","","","","","","","",""
"1987-11-03 08:30","1987","11","03","08:30"," ","2,00","","1,50","","96,00","","23,00","","33,00","","19,30","","100,53","","","","","","Averses de neige"
"1987-11-03 09:00","1987","11","03","09:00"," ","","","","","","","","","","","","","","","","","","",""
"1987-11-03 09:30","1987","11","03","09:30"," ","2,00","","1,50","","96,00","","22,00","","37,00","","19,30","","100,49","","","","","","Nuageux"
"1987-11-03 10:00","1987","11","03","10:00"," ","","","","","","","","","","","","","","","","","","",""
"1987-11-03 10:30","1987","11","03","10:30"," ","4,20","","3,60","","96,00","","21,00","","56,00","","19,30","","100,19","","","","","","Nuageux"
"1987-11-03 11:00","1987","11","03","11:00"," ","","","","","","","","","","","","","","","","","","",""
"1987-11-03 11:30","1987","11","03","11:30"," ","5,00","","0,40","","72,00","","23,00","","56,00","","16,10","","100,06","","","","","","Averses de pluie"
"1987-11-03 12:00","1987","11","03","12:00"," ","","","","","","","","","","","","","","","","","","",""
"1987-11-03 12:30","1987","11","03","12:30"," ","4,00","","0,80","","79,00","","23,00","","39,00","","6,40","","99,99","","","","","","Averses de pluie,Brouillard"
"1987-11-03 13:00","1987","11","03","13:00"," ","","","","","","","","","","","","","","","","","","",""
"1987-11-03 13:30","1987","11","03","13:30"," ","3,00","","2,10","","94,00","","24,00","","54,00","","6,40","","99,78","","","","","","Pluie modérée,Granules de glace ou grésil,Brouillard"
"1987-11-03 14:00","1987","11","03","14:00"," ","","","","","","","","","","","","","","","","","","",""
"1987-11-03 14:30","1987","11","03","14:30"," ","3,50","","2,20","","91,00","","25,00","","46,00","","6,40","","99,78","","","","","","Pluie,Brouillard"
"1987-11-03 15:00","1987","11","03","15:00"," ","","","","","","","","","","","","","","","","","","",""
"1987-11-03 15:30","1987","11","03","15:30"," ","2,90","","1,10","","88,00","","27,00","","28,00","","8,00","","99,68","","","","","","Brouillard"
"1987-11-03 16:00","1987","11","03","16:00"," ","","","","","","","","","","","","","","","","","","",""
"1987-11-03 16:30","1987","11","03","16:30"," ","3,00","","0,70","","85,00","","27,00","","30,00","","8,00","","99,68","","","","","","Brouillard"
"1987-11-03 17:00","1987","11","03","17:00"," ","","","","","","","","","","","","","","","","","","",""
"1987-11-03 17:30","1987","11","03","17:30"," ","2,20","","0,70","","90,00","","27,00","","26,00","","8,00","","99,75","","","","","","Brouillard"
"1987-11-03 18:00","1987","11","03","18:00"," ","","","","","","","","","","","","","","","","","","",""
"1987-11-03 18:30","1987","11","03","18:30"," ","3,40","","0,70","","83,00","","27,00","","28,00","","12,90","","99,78","","","","","","Nuageux"
"1987-11-03 19:00","1987","11","03","19:00"," ","","","","","","","","","","","","","","","","","","",""
"1987-11-03 19:30","1987","11","03","19:30"," ","3,50","","1,70","","88,00","","32,00","","26,00","","16,10","","99,78","","","","","","Nuageux"
"1987-11-03 20:00","1987","11","03","20:00"," ","","","","","","","","","","","","","","","","","","",""
"1987-11-03 20:30","1987","11","03","20:30"," ","3,80","","0,80","","81,00","","32,00","","26,00","","19,30","","99,85","","","","","","Nuageux"
"1987-11-03 21:00","1987","11","03","21:00"," ","","","","","","","","","","","","","","","","","","",""
"1987-11-03 21:30","1987","11","03","21:30"," ","4,00","","-0,30","","74,00","","32,00","","22,00","","19,30","","99,85","","","","","","Nuageux"
"1987-11-03 22:00","1987","11","03","22:00"," ","","","","","","","","","","","","","","","","","","",""
"1987-11-03 22:30","1987","11","03","22:30"," ","3,80","","-0,80","","72,00","","32,00","","26,00","","24,10","","99,78","","","","","","Nuageux"
"1987-11-03 23:00","1987","11","03","23:00"," ","","","","","","","","","","","","","","","","","","",""
"1987-11-03 23:30","1987","11","03","23:30"," ","3,60","","-1,40","","70,00","","32,00","","22,00","","24,10","","99,75","","","","","","Nuageux"
"1987-11-04 00:00","1987","11","04","00:00"," ","","","","","","","","","","","","","","","","","","",""
"1987-11-04 00:30","1987","11","04","00:30"," ","4,00","","0,30","","77,00","","30,00","","28,00","","24,10","","99,78","","","","","","Nuageux"
"1987-11-04 01:00","1987","11","04","01:00"," ","","","","","","","","","","","","","","","","","","",""
"1987-11-04 01:30","1987","11","04","01:30"," ","4,50","","-1,90","","63,00","","30,00","","28,00","","24,10","","99,78","","","","","","Généralement nuageux"
"1987-11-04 02:00","1987","11","04","02:00"," ","","","","","","","","","","","","","","","","","","",""
"1987-11-04 02:30","1987","11","04","02:30"," ","4,00","","-0,80","","71,00","","30,00","","30,00","","24,10","","99,75","","","","","","Généralement nuageux"
"1987-11-04 03:00","1987","11","04","03:00"," ","","","","","","","","","","","","","","","","","","",""
"1987-11-04 03:30","1987","11","04","03:30"," ","3,00","","-2,00","","70,00","","32,00","","30,00","","24,10","","99,78","","","","","","Nuageux"
"1987-11-04 04:00","1987","11","04","04:00"," ","","","","","","","","","","","","","","","","","","",""
"1987-11-04 04:30","1987","11","04","04:30"," ","2,50","","-2,60","","69,00","","32,00","","28,00","","24,10","","99,85","","","","","","Nuageux"
"1987-11-04 05:00","1987","11","04","05:00"," ","","","","","","","","","","","","","","","","","","",""
"1987-11-04 05:30","1987","11","04","05:30"," ","2,00","","-2,10","","74,00","","33,00","","28,00","","24,10","","99,89","","","","","","Nuageux"
"1987-11-04 06:00","1987","11","04","06:00"," ","","","","","","","","","","","","","","","","","","",""
"1987-11-04 06:30","1987","11","04","06:30"," ","1,00","","-1,50","","83,00","","33,00","","30,00","","24,10","","99,95","","","","","","Généralement nuageux"
"1987-11-04 07:00","1987","11","04","07:00"," ","","","","","","","","","","","","","","","","","","",""
"1987-11-04 07:30","1987","11","04","07:30"," ","1,00","","-1,50","","83,00","","33,00","","33,00","","24,10","","100,02","","","","","","Généralement nuageux"
"1987-11-04 08:00","1987","11","04","08:00"," ","","","","","","","","","","","","","","","","","","",""
"1987-11-04 08:30","1987","11","04","08:30"," ","1,00","","-1,90","","81,00","","32,00","","28,00","","24,10","","100,12","","","","","","Généralement dégagé"
"1987-11-04 09:00","1987","11","04","09:00"," ","","","","","","","","","","","","","","","","","","",""
"1987-11-04 09:30","1987","11","04","09:30"," ","1,00","","-0,50","","90,00","","32,00","","28,00","","24,10","","100,19","","","","","","Généralement dégagé"
"1987-11-04 10:00","1987","11","04","10:00"," ","","","","","","","","","","","","","","","","","","",""
"1987-11-04 10:30","1987","11","04","10:30"," ","1,10","","-3,60","","71,00","","32,00","","26,00","","24,10","","100,19","","","","","","Généralement dégagé"
"1987-11-04 11:00","1987","11","04","11:00"," ","","","","","","","","","","","","","","","","","","",""
"1987-11-04 11:30","1987","11","04","11:30"," ","0,70","","-4,30","","69,00","","32,00","","19,00","","24,10","","100,19","","","","","","Généralement nuageux"
"1987-11-04 12:00","1987","11","04","12:00"," ","","","","","","","","","","","","","","","","","","",""
"1987-11-04 12:30","1987","11","04","12:30"," ","0,80","","-3,60","","72,00","","32,00","","26,00","","24,10","","100,19","","","","","","Généralement nuageux"
"1987-11-04 13:00","1987","11","04","13:00"," ","","","","","","","","","","","","","","","","","","",""
"1987-11-04 13:30","1987","11","04","13:30"," ","1,00","","-4,20","","68,00","","32,00","","22,00","","24,10","","100,12","","","","","","Généralement dégagé"
"1987-11-04 14:00","1987","11","04","14:00"," ","","","","","","","","","","","","","","","","","","",""
"1987-11-04 14:30","1987","11","04","14:30"," ","1,20","","-4,20","","67,00","","32,00","","26,00","","24,10","","100,12","","","","","","Généralement dégagé"
"1987-11-04 15:00","1987","11","04","15:00"," ","","","","","","","","","","","","","","","","","","",""
"1987-11-04 15:30","1987","11","04","15:30"," ","1,80","","-3,40","","68,00","","32,00","","22,00","","24,10","","100,19","","","","","","Généralement dégagé"
"1987-11-04 16:00","1987","11","04","16:00"," ","","","","","","","","","","","","","","","","","","",""
"1987-11-04 16:30","1987","11","04","16:30"," ","2,00","","-3,20","","68,00","","30,00","","22,00","","24,10","","100,19","","","","","","Généralement dégagé"
"1987-11-04 17:00","1987","11","04","17:00"," ","","","","","","","","","","","","","","","","","","",""
"1987-11-04 17:30","1987","11","04","17:30"," ","2,00","","-3,20","","68,00","","32,00","","26,00","","24,10","","100,19","","","","","","Généralement dégagé"
"1987-11-04 18:00","1987","11","04","18:00"," ","","","","","","","","","","","","","","","","","","",""
"1987-11-04 18:30","1987","11","04","18:30"," ","2,20","","-3,40","","66,00","","33,00","","26,00","","24,10","","100,22","","","","","","Généralement dégagé"
"1987-11-04 19:00","1987","11","04","19:00"," ","","","","","","","","","","","","","","","","","","",""
"1987-11-04 19:30","1987","11","04","19:30"," ","2,50","","-3,90","","63,00","","33,00","","19,00","","24,10","","100,33","","","","","","Généralement dégagé"
"1987-11-04 20:00","1987","11","04","20:00"," ","","","","","","","","","","","","","","","","","","",""
"1987-11-04 20:30","1987","11","04","20:30"," ","2,70","","-5,20","","56,00","","30,00","","13,00","","24,10","","100,33","","","","","","Généralement nuageux"
"1987-11-04 21:00","1987","11","04","21:00"," ","","","","","","","","","","","","","","","","","","",""
"1987-11-04 21:30","1987","11","04","21:30"," ","2,70","","-5,20","","56,00","","33,00","","17,00","","24,10","","100,29","","","","","","Généralement nuageux"
"1987-11-04 22:00","1987","11","04","22:00"," ","","","","","","","","","","","","","","","","","","",""
"1987-11-04 22:30","1987","11","04","22:30"," ","2,70","","-5,20","","56,00","","32,00","","11,00","","24,10","","100,29","","","","","","Généralement nuageux"
"1987-11-04 23:00","1987","11","04","23:00"," ","","","","","","","","","","","","","","","","","","",""
"1987-11-04 23:30","1987","11","04","23:30"," ","2,60","","-3,90","","62,00","","32,00","","19,00","","24,10","","100,26","","","","","","Généralement nuageux"
"1987-11-05 00:00","1987","11","05","00:00"," ","","","","","","","","","","","","","","","","","","",""
"1987-11-05 00:30","1987","11","05","00:30"," ","2,90","","-5,20","","55,00","","28,00","","11,00","","24,10","","100,29","","","","","","Généralement nuageux"
"1987-11-05 01:00","1987","11","05","01:00"," ","","","","","","","","","","","","","","","","","","",""
"1987-11-05 01:30","1987","11","05","01:30"," ","2,80","","-4,50","","59,00","","28,00","","15,00","","24,10","","100,29","","","","","","Généralement nuageux"
"1987-11-05 02:00","1987","11","05","02:00"," ","","","","","","","","","","","","","","","","","","",""
"1987-11-05 02:30","1987","11","05","02:30"," ","2,50","","-3,20","","66,00","","28,00","","15,00","","24,10","","100,29","","","","","","Généralement dégagé"
"1987-11-05 03:00","1987","11","05","03:00"," ","","","","","","","","","","","","","","","","","","",""
"1987-11-05 03:30","1987","11","05","03:30"," ","2,00","","-1,50","","78,00","","32,00","","9,00","","24,10","","100,29","","","","","","Généralement dégagé"
"1987-11-05 04:00","1987","11","05","04:00"," ","","","","","","","","","","","","","","","","","","",""
"1987-11-05 04:30","1987","11","05","04:30"," ","-1,00","","-5,10","","74,00","","14,00","","13,00","","24,10","","100,29","","","","-5,00","","Généralement dégagé"
"1987-11-05 05:00","1987","11","05","05:00"," ","","","","","","","","","","","","","","","","","","",""
"1987-11-05 05:30","1987","11","05","05:30"," ","-1,50","","-5,70","","73,00","","10,00","","33,00","","24,10","","100,29","","","","-9,00","","Généralement dégagé"
"1987-11-05 06:00","1987","11","05","06:00"," ","","","","","","","","","","","","","","","","","","",""
"1987-11-05 06:30","1987","11","05","06:30"," ","-2,80","","-6,30","","77,00","","11,00","","15,00","","24,10","","100,22","","","","-8,00","","Généralement dégagé"
"1987-11-05 07:00","1987","11","05","07:00"," ","","","","","","","","","","","","","","","","","","",""
"1987-11-05 07:30","1987","11","05","07:30"," ","-3,10","","-5,70","","82,00","","11,00","","19,00","","32,20","","100,19","","","","-9,00","","Généralement dégagé"
"1987-11-05 08:00","1987","11","05","08:00"," ","","","","","","","","","","","","","","","","","","",""
"1987-11-05 08:30","1987","11","05","08:30"," ","-3,40","","-5,40","","86,00","","14,00","","11,00","","24,10","","100,22","","","","-8,00","","Généralement dégagé"
"1987-11-05 09:00","1987","11","05","09:00"," ","","","","","","","","","","","","","","","","","","",""
"1987-11-05 09:30","1987","11","05","09:30"," ","-3,30","","-6,60","","78,00","","14,00","","7,00","","24,10","","100,19","","","","-6,00","","Généralement dégagé"
"1987-11-05 10:00","1987","11","05","10:00"," ","","","","","","","","","","","","","","","","","","",""
"1987-11-05 10:30","1987","11","05","10:30"," ","-3,00","","-5,70","","81,00","","9,00","","7,00","","24,10","","100,12","","","","-6,00","","Généralement nuageux"
"1987-11-05 11:00","1987","11","05","11:00"," ","","","","","","","","","","","","","","","","","","",""
"1987-11-05 11:30","1987","11","05","11:30"," ","-1,00","","-3,80","","81,00","","9,00","","11,00","","24,10","","100,02","","","","-5,00","","Généralement nuageux"
"1987-11-05 12:00","1987","11","05","12:00"," ","","","","","","","","","","","","","","","","","","",""
"1987-11-05 12:30","1987","11","05","12:30"," ","2,20","","-1,00","","79,00","","9,00","","7,00","","24,10","","99,99","","","","","","Généralement nuageux"
"1987-11-05 13:00","1987","11","05","13:00"," ","","","","","","","","","","","","","","","","","","",""
"1987-11-05 13:30","1987","11","05","13:30"," ","2,90","","0,20","","83,00","","14,00","","19,00","","24,10","","99,89","","","","","","Nuageux"
"1987-11-05 14:00","1987","11","05","14:00"," ","","","","","","","","","","","","","","","","","","",""
"1987-11-05 14:30","1987","11","05","14:30"," ","3,40","","-0,40","","76,00","","14,00","","22,00","","24,10","","99,85","","","","","","Nuageux"
"1987-11-05 15:00","1987","11","05","15:00"," ","","","","","","","","","","","","","","","","","","",""
"1987-11-05 15:30","1987","11","05","15:30"," ","4,00","","0,80","","79,00","","14,00","","28,00","","24,10","","99,78","","","","","","Nuageux"
"1987-11-05 16:00","1987","11","05","16:00"," ","","","","","","","","","","","","","","","","","","",""
"1987-11-05 16:30","1987","11","05","16:30"," ","3,00","","1,10","","87,00","","12,00","","28,00","","24,10","","99,68","","","","","","Nuageux"
"1987-11-05 17:00","1987","11","05","17:00"," ","","","","","","","","","","","","","","","","","","",""
"1987-11-05 17:30","1987","11","05","17:30"," ","3,00","","3,00","","100,00","","12,00","","30,00","","24,10","","99,65","","","","","","Nuageux"
"1987-11-05 18:00","1987","11","05","18:00"," ","","","","","","","","","","","","","","","","","","",""
"1987-11-05 18:30","1987","11","05","18:30"," ","3,40","","1,60","","88,00","","14,00","","28,00","","24,10","","99,55","","","","","","Nuageux"
"1987-11-05 19:00","1987","11","05","19:00"," ","","","","","","","","","","","","","","","","","","",""
"1987-11-05 19:30","1987","11","05","19:30"," ","3,50","","2,20","","91,00","","14,00","","30,00","","24,10","","99,38","","","","","","Nuageux"
"1987-11-05 20:00","1987","11","05","20:00"," ","","","","","","","","","","","","","","","","","","",""
"1987-11-05 20:30","1987","11","05","20:30"," ","3,60","","2,20","","91,00","","14,00","","28,00","","24,10","","99,31","","","","","","Nuageux"
"1987-11-05 21:00","1987","11","05","21:00"," ","","","","","","","","","","","","","","","","","","",""
"1987-11-05 21:30","1987","11","05","21:30"," ","3,60","","2,20","","91,00","","12,00","","28,00","","24,10","","99,24","","","","","","Nuageux"
"1987-11-05 22:00","1987","11","05","22:00"," ","","","","","","","","","","","","","","","","","","",""
"1987-11-05 22:30","1987","11","05","22:30"," ","3,50","","2,60","","94,00","","14,00","","46,00","","24,10","","99,01","","","","","","Averses de pluie"
"1987-11-05 23:00","1987","11","05","23:00"," ","","","","","","","","","","","","","","","","","","",""
"1987-11-05 23:30","1987","11","05","23:30"," ","3,20","","2,60","","96,00","","14,00","","44,00","","19,30","","98,87","","","","","","Averses de pluie"
"1987-11-06 00:00","1987","11","06","00:00"," ","","","","","","","","","","","","","","","","","","",""
"1987-11-06 00:30","1987","11","06","00:30"," ","5,60","","5,60","","100,00","","14,00","","46,00","","19,30","","98,77","","","","","","Averses de pluie"
"1987-11-06 01:00","1987","11","06","01:00"," ","","","","","","","","","","","","","","","","","","",""
"1987-11-06 01:30","1987","11","06","01:30"," ","6,00","","3,40","","83,00","","14,00","","37,00","","19,30","","98,67","","","","","","Nuageux"
"1987-11-06 02:00","1987","11","06","02:00"," ","","","","","","","","","","","","","","","","","","",""
"1987-11-06 02:30","1987","11","06","02:30"," ","6,60","","4,00","","83,00","","14,00","","37,00","","19,30","","98,67","","","","","","Averses de pluie"
"1987-11-06 03:00","1987","11","06","03:00"," ","","","","","","","","","","","","","","","","","","",""
"1987-11-06 03:30","1987","11","06","03:30"," ","6,90","","4,50","","85,00","","14,00","","37,00","","19,30","","98,50","","","","","","Averses de pluie"
"1987-11-06 04:00","1987","11","06","04:00"," ","","","","","","","","","","","","","","","","","","",""
"1987-11-06 04:30","1987","11","06","04:30"," ","7,40","","4,60","","83,00","","14,00","","33,00","","19,30","","98,37","","","","","","Averses de pluie"
"1987-11-06 05:00","1987","11","06","05:00"," ","","","","","","","","","","","","","","","","","","",""
"1987-11-06 05:30","1987","11","06","05:30"," ","7,40","","4,50","","82,00","","14,00","","37,00","","19,30","","98,33","","","","","","Averses de pluie"
"1987-11-06 06:00","1987","11","06","06:00"," ","","","","","","","","","","","","","","","","","","",""
"1987-11-06 06:30","1987","11","06","06:30"," ","7,00","","5,80","","92,00","","14,00","","26,00","","19,30","","98,37","","","","","","Pluie"
"1987-11-06 07:00","1987","11","06","07:00"," ","","","","","","","","","","","","","","","","","","",""
"1987-11-06 07:30","1987","11","06","07:30"," ","8,00","","4,80","","80,00","","21,00","","28,00","","9,70","","98,16","","","","","","Pluie,Brouillard"
"1987-11-06 08:00","1987","11","06","08:00"," ","","","","","","","","","","","","","","","","","","",""
"1987-11-06 08:30","1987","11","06","08:30"," ","8,00","","6,80","","92,00","","24,00","","19,00","","8,00","","98,16","","","","","","Pluie,Brouillard"
"1987-11-06 09:00","1987","11","06","09:00"," ","","","","","","","","","","","","","","","","","","",""
"1987-11-06 09:30","1987","11","06","09:30"," ","5,50","","4,20","","91,00","","27,00","","26,00","","4,80","","97,96","","","","","","Pluie,Brouillard"
"1987-11-06 10:00","1987","11","06","10:00"," ","","","","","","","","","","","","","","","","","","",""
"1987-11-06 10:30","1987","11","06","10:30"," ","5,00","","2,80","","86,00","","27,00","","28,00","","4,80","","97,96","","","","","","Pluie,Brouillard"
"1987-11-06 11:00","1987","11","06","11:00"," ","","","","","","","","","","","","","","","","","","",""
"1987-11-06 11:30","1987","11","06","11:30"," ","5,00","","3,70","","91,00","","27,00","","28,00","","4,80","","97,79","","","","","","Pluie,Brouillard"
"1987-11-06 12:00","1987","11","06","12:00"," ","","","","","","","","","","","","","","","","","","",""
"1987-11-06 12:30","1987","11","06","12:30"," ","3,00","","3,00","","100,00","","27,00","","28,00","","4,80","","97,72","","","","","","Pluie,Brouillard"
"1987-11-06 13:00","1987","11","06","13:00"," ","","","","","","","","","","","","","","","","","","",""
"1987-11-06 13:30","1987","11","06","13:30"," ","3,00","","1,60","","91,00","","26,00","","31,00","","3,20","","97,62","","","","","","Pluie,Brouillard"
"1987-11-06 14:00","1987","11","06","14:00"," ","","","","","","","","","","","","","","","","","","",""
"1987-11-06 14:30","1987","11","06","14:30"," ","3,50","","3,50","","100,00","","26,00","","33,00","","3,20","","97,59","","","","","","Pluie,Brouillard"
"1987-11-06 15:00","1987","11","06","15:00"," ","","","","","","","","","","","","","","","","","","",""
"1987-11-06 15:30","1987","11","06","15:30"," ","3,50","","2,20","","91,00","","25,00","","35,00","","3,20","","97,66","","","","","","Pluie,Brouillard"
"1987-11-06 16:00","1987","11","06","16:00"," ","","","","","","","","","","","","","","","","","","",""
"1987-11-06 16:30","1987","11","06","16:30"," ","3,70","","2,60","","92,00","","23,00","","56,00","","3,20","","97,76","","","","","","Pluie,Neige roulée,Brouillard"
"1987-11-06 17:00","1987","11","06","17:00"," ","","","","","","","","","","","","","","","","","","",""
"1987-11-06 17:30","1987","11","06","17:30"," ","3,50","","2,60","","94,00","","23,00","","59,00","","3,20","","97,93","","","","","","Pluie,Brouillard"
"1987-11-06 18:00","1987","11","06","18:00"," ","","","","","","","","","","","","","","","","","","",""
"1987-11-06 18:30","1987","11","06","18:30"," ","3,20","","2,10","","92,00","","23,00","","46,00","","3,20","","98,06","","","","","","Pluie,Brouillard"
"1987-11-06 19:00","1987","11","06","19:00"," ","","","","","","","","","","","","","","","","","","",""
"1987-11-06 19:30","1987","11","06","19:30"," ","2,70","","1,60","","92,00","","23,00","","37,00","","9,70","","98,16","","","","","","Brouillard"
"1987-11-06 20:00","1987","11","06","20:00"," ","","","","","","","","","","","","","","","","","","",""
"1987-11-06 20:30","1987","11","06","20:30"," ","2,50","","1,60","","94,00","","23,00","","46,00","","12,90","","98,26","","","","","","Nuageux"
"1987-11-06 21:00","1987","11","06","21:00"," ","","","","","","","","","","","","","","","","","","",""
"1987-11-06 21:30","1987","11","06","21:30"," ","2,20","","1,10","","92,00","","23,00","","41,00","","12,90","","98,33","","","","","","Nuageux"
"1987-11-06 22:00","1987","11","06","22:00"," ","","","","","","","","","","","","","","","","","","",""
"1987-11-06 22:30","1987","11","06","22:30"," ","1,50","","0,00","","90,00","","23,00","","46,00","","3,20","","98,43","","","","","","Neige"
"1987-11-06 23:00","1987","11","06","23:00"," ","","","","","","","","","","","","","","","","","","",""
"1987-11-06 23:30","1987","11","06","23:30"," ","0,50","","-0,90","","90,00","","23,00","","37,00","","3,20","","98,50","","","","","","Neige"
"1987-11-07 00:00","1987","11","07","00:00"," ","","","","","","","","","","","","","","","","","","",""
"1987-11-07 00:30","1987","11","07","00:30"," ","0,20","","-1,30","","90,00","","23,00","","41,00","","3,20","","98,57","","","","","","Neige"
"1987-11-07 01:00","1987","11","07","01:00"," ","","","","","","","","","","","","","","","","","","",""
"1987-11-07 01:30","1987","11","07","01:30"," ","0,00","","-1,50","","90,00","","23,00","","39,00","","6,40","","98,70","","","","-7,00","","Neige"
"1987-11-07 02:00","1987","11","07","02:00"," ","","","","","","","","","","","","","","","","","","",""
"1987-11-07 02:30","1987","11","07","02:30"," ","-0,20","","-1,80","","89,00","","23,00","","46,00","","8,00","","98,64","","","","-8,00","","Neige"
"1987-11-07 03:00","1987","11","07","03:00"," ","","","","","","","","","","","","","","","","","","",""
"1987-11-07 03:30","1987","11","07","03:30"," ","-0,40","","-2,00","","89,00","","23,00","","46,00","","12,90","","98,67","","","","-8,00","","Neige"
"1987-11-07 04:00","1987","11","07","04:00"," ","","","","","","","","","","","","","","","","","","",""
"1987-11-07 04:30","1987","11","07","04:30"," ","-0,60","","-2,10","","90,00","","23,00","","44,00","","12,90","","98,74","","","","-9,00","","Neige"
"1987-11-07 05:00","1987","11","07","05:00"," ","","","","","","","","","","","","","","","","","","",""
"1987-11-07 05:30","1987","11","07","05:30"," ","-0,80","","-2,20","","90,00","","23,00","","41,00","","9,70","","98,80","","","","-9,00","","Neige"
"1987-11-07 06:00","1987","11","07","06:00"," ","","","","","","","","","","","","","","","","","","",""
"1987-11-07 06:30","1987","11","07","06:30"," ","-1,00","","-2,40","","90,00","","23,00","","46,00","","9,70","","98,87","","","","-9,00","","Neige"
"1987-11-07 07:00","1987","11","07","07:00"," ","","","","","","","","","","","","","","","","","","",""
"1987-11-07 07:30","1987","11","07","07:30"," ","-1,40","","-2,70","","91,00","","23,00","","41,00","","6,40","","98,91","","","","-9,00","","Neige"
"1987-11-07 08:00","1987","11","07","08:00"," ","","","","","","","","","","","","","","","","","","",""
"1987-11-07 08:30","1987","11","07","08:30"," ","-1,60","","-3,00","","90,00","","23,00","","37,00","","12,90","","99,01","","","","-9,00","","Neige"
"1987-11-07 09:00","1987","11","07","09:00"," ","","","","","","","","","","","","","","","","","","",""
"1987-11-07 09:30","1987","11","07","09:30"," ","-2,00","","-3,30","","91,00","","23,00","","39,00","","12,90","","99,08","","","","-10,00","","Neige"
"1987-11-07 10:00","1987","11","07","10:00"," ","","","","","","","","","","","","","","","","","","",""
"1987-11-07 10:30","1987","11","07","10:30"," ","-2,30","","-3,60","","91,00","","27,00","","28,00","","16,10","","99,14","","","","-9,00","","Neige"
"1987-11-07 11:00","1987","11","07","11:00"," ","","","","","","","","","","","","","","","","","","",""
"1987-11-07 11:30","1987","11","07","11:30"," ","-2,50","","-4,20","","88,00","","27,00","","37,00","","9,70","","99,18","","","","-10,00","","Neige"
"1987-11-07 12:00","1987","11","07","12:00"," ","","","","","","","","","","","","","","","","","","",""
"1987-11-07 12:30","1987","11","07","12:30"," ","-2,50","","-4,20","","88,00","","27,00","","39,00","","9,70","","99,11","","","","-11,00","","Neige"
"1987-11-07 13:00","1987","11","07","13:00"," ","","","","","","","","","","","","","","","","","","",""
"1987-11-07 13:30","1987","11","07","13:30"," ","-4,00","","-4,80","","94,00","","27,00","","44,00","","9,70","","99,18","","","","-13,00","","Neige"
"1987-11-07 14:00","1987","11","07","14:00"," ","","","","","","","","","","","","","","","","","","",""
"1987-11-07 14:30","1987","11","07","14:30"," ","-4,00","","-4,80","","94,00","","26,00","","46,00","","11,30","","99,18","","","","-13,00","","Neige"
"1987-11-07 15:00","1987","11","07","15:00"," ","","","","","","","","","","","","","","","","","","",""
"1987-11-07 15:30","1987","11","07","15:30"," ","-2,20","","-3,60","","90,00","","27,00","","48,00","","12,90","","99,21","","","","-11,00","","Neige"
"1987-11-07 16:00","1987","11","07","16:00"," ","","","","","","","","","","","","","","","","","","",""
"1987-11-07 16:30","1987","11","07","16:30"," ","-2,00","","-3,90","","87,00","","25,00","","41,00","","12,90","","99,35","","","","-10,00","","Neige"
"1987-11-07 17:00","1987","11","07","17:00"," ","","","","","","","","","","","","","","","","","","",""
"1987-11-07 17:30","1987","11","07","17:30"," ","-1,90","","-3,90","","86,00","","25,00","","33,00","","9,70","","99,41","","","","-9,00","","Neige"
"1987-11-07 18:00","1987","11","07","18:00"," ","","","","","","","","","","","","","","","","","","",""
"1987-11-07 18:30","1987","11","07","18:30"," ","-1,60","","-3,90","","84,00","","25,00","","41,00","","9,70","","99,41","","","","-10,00","","Neige"
"1987-11-07 19:00","1987","11","07","19:00"," ","","","","","","","","","","","","","","","","","","",""
"1987-11-07 19:30","1987","11","07","19:30"," ","-1,60","","-3,90","","84,00","","27,00","","46,00","","9,70","","99,48","","","","-10,00","","Neige"
"1987-11-07 20:00","1987","11","07","20:00"," ","","","","","","","","","","","","","","","","","","",""
"1987-11-07 20:30","1987","11","07","20:30"," ","-3,00","","-5,40","","83,00","","27,00","","37,00","","9,70","","99,55","","","","-11,00","","Neige"
"1987-11-07 21:00","1987","11","07","21:00"," ","","","","","","","","","","","","","","","","","","",""
"1987-11-07 21:30","1987","11","07","21:30"," ","-2,80","","-3,90","","92,00","","26,00","","39,00","","9,70","","99,58","","","","-11,00","","Neige"
"1987-11-07 22:00","1987","11","07","22:00"," ","","","","","","","","","","","","","","","","","","",""
"1987-11-07 22:30","1987","11","07","22:30"," ","-3,00","","-5,40","","83,00","","26,00","","37,00","","9,70","","99,65","","","","-11,00","","Neige"
"1987-11-07 23:00","1987","11","07","23:00"," ","","","","","","","","","","","","","","","","","","",""
"1987-11-07 23:30","1987","11","07","23:30"," ","-3,00","","-5,40","","83,00","","26,00","","41,00","","9,70","","99,65","","","","-11,00","","Neige"
"1987-11-08 00:00","1987","11","08","00:00"," ","","","","","","","","","","","","","","","","","","",""
"1987-11-08 00:30","1987","11","08","00:30"," ","-3,00","","-5,60","","82,00","","27,00","","44,00","","9,70","","99,65","","","","-12,00","","Neige"
"1987-11-08 01:00","1987","11","08","01:00"," ","","","","","","","","","","","","","","","","","","",""
"1987-11-08 01:30","1987","11","08","01:30"," ","-3,00","","-6,40","","77,00","","25,00","","52,00","","9,70","","99,68","","","","-12,00","","Neige"
"1987-11-08 02:00","1987","11","08","02:00"," ","","","","","","","","","","","","","","","","","","",""
"1987-11-08 02:30","1987","11","08","02:30"," ","-3,20","","-6,00","","81,00","","27,00","","46,00","","9,70","","99,68","","","","-12,00","","Neige"
"1987-11-08 03:00","1987","11","08","03:00"," ","","","","","","","","","","","","","","","","","","",""
"1987-11-08 03:30","1987","11","08","03:30"," ","-2,50","","-4,20","","88,00","","27,00","","46,00","","12,90","","99,68","","","","-11,00","","Neige"
"1987-11-08 04:00","1987","11","08","04:00"," ","","","","","","","","","","","","","","","","","","",""
"1987-11-08 04:30","1987","11","08","04:30"," ","-2,50","","-4,20","","88,00","","25,00","","50,00","","12,90","","99,68","","","","-12,00","","Neige"
"1987-11-08 05:00","1987","11","08","05:00"," ","","","","","","","","","","","","","","","","","","",""
"1987-11-08 05:30","1987","11","08","05:30"," ","-2,20","","-3,90","","88,00","","25,00","","48,00","","12,90","","99,75","","","","-11,00","","Neige"
"1987-11-08 06:00","1987","11","08","06:00"," ","","","","","","","","","","","","","","","","","","",""
"1987-11-08 06:30","1987","11","08","06:30"," ","-3,50","","-5,40","","87,00","","24,00","","52,00","","9,70","","99,78","","","","-13,00","","Neige"
"1987-11-08 07:00","1987","11","08","07:00"," ","","","","","","","","","","","","","","","","","","",""
"1987-11-08 07:30","1987","11","08","07:30"," ","-3,50","","-5,40","","87,00","","24,00","","52,00","","9,70","","99,79","","","","-13,00","","Neige"
"1987-11-08 08:00","1987","11","08","08:00"," ","","","","","","","","","","","","","","","","","","",""
"1987-11-08 08:30","1987","11","08","08:30"," ","-1,10","","-1,10","","100,00","","24,00","","48,00","","12,90","","99,89","","","","-9,00","","Généralement nuageux"
"1987-11-08 09:00","1987","11","08","09:00"," ","","","","","","","","","","","","","","","","","","",""
"1987-11-08 09:30","1987","11","08","09:30"," ","-0,60","","-5,00","","72,00","","26,00","","50,00","","12,90","","99,92","","","","-9,00","","Neige"
"1987-11-08 10:00","1987","11","08","10:00"," ","","","","","","","","","","","","","","","","","","",""
"1987-11-08 10:30","1987","11","08","10:30"," ","0,50","","-4,80","","68,00","","24,00","","56,00","","12,90","","99,89","","","","","","Neige"
"1987-11-08 11:00","1987","11","08","11:00"," ","","","","","","","","","","","","","","","","","","",""
"1987-11-08 11:30","1987","11","08","11:30"," ","0,50","","-0,90","","90,00","","24,00","","56,00","","12,90","","99,89","","","","","","Généralement nuageux"
"1987-11-08 12:00","1987","11","08","12:00"," ","","","","","","","","","","","","","","","","","","",""
"1987-11-08 12:30","1987","11","08","12:30"," ","1,40","","0,50","","94,00","","24,00","","56,00","","19,30","","99,85","","","","","","Généralement nuageux"
"1987-11-08 13:00","1987","11","08","13:00"," ","","","","","","","","","","","","","","","","","","",""
"1987-11-08 13:30","1987","11","08","13:30"," ","0,50","","0,00","","96,00","","25,00","","56,00","","19,30","","99,78","","","","","","Généralement nuageux"
"1987-11-08 14:00","1987","11","08","14:00"," ","","","","","","","","","","","","","","","","","","",""
"1987-11-08 14:30","1987","11","08","14:30"," ","1,20","","0,50","","95,00","","25,00","","46,00","","19,30","","99,78","","","","","","Généralement nuageux"
"1987-11-08 15:00","1987","11","08","15:00"," ","","","","","","","","","","","","","","","","","","",""
"1987-11-08 15:30","1987","11","08","15:30"," ","0,00","","-2,40","","84,00","","25,00","","56,00","","12,90","","99,68","","","","-9,00","","Neige"
"1987-11-08 16:00","1987","11","08","16:00"," ","","","","","","","","","","","","","","","","","","",""
"1987-11-08 16:30","1987","11","08","16:30"," ","0,10","","-1,80","","87,00","","25,00","","59,00","","12,90","","99,99","","","","","","Neige"
"1987-11-08 17:00","1987","11","08","17:00"," ","","","","","","","","","","","","","","","","","","",""
"1987-11-08 17:30","1987","11","08","17:30"," ","1,00","","-1,50","","83,00","","25,00","","59,00","","9,70","","99,99","","","","","","Neige"
"1987-11-08 18:00","1987","11","08","18:00"," ","","","","","","","","","","","","","","","","","","",""
"1987-11-08 18:30","1987","11","08","18:30"," ","0,40","","-0,50","","94,00","","24,00","","61,00","","9,70","","99,95","","","","","","Neige"
"1987-11-08 19:00","1987","11","08","19:00"," ","","","","","","","","","","","","","","","","","","",""
"1987-11-08 19:30","1987","11","08","19:30"," ","-0,50","","-1,30","","94,00","","25,00","","65,00","","6,40","","99,92","","","","-10,00","","Neige"
"1987-11-08 20:00","1987","11","08","20:00"," ","","","","","","","","","","","","","","","","","","",""
"1987-11-08 20:30","1987","11","08","20:30"," ","-0,70","","-1,60","","94,00","","25,00","","56,00","","9,70","","99,99","","","","-9,00","","Neige"
"1987-11-08 21:00","1987","11","08","21:00"," ","","","","","","","","","","","","","","","","","","",""
"1987-11-08 21:30","1987","11","08","21:30"," ","-0,60","","-1,60","","93,00","","25,00","","59,00","","12,90","","99,99","","","","-10,00","","Neige"
"1987-11-08 22:00","1987","11","08","22:00"," ","","","","","","","","","","","","","","","","","","",""
"1987-11-08 22:30","1987","11","08","22:30"," ","0,40","","-1,50","","87,00","","25,00","","33,00","","16,10","","100,02","","","","","","Neige"
"1987-11-08 23:00","1987","11","08","23:00"," ","","","","","","","","","","","","","","","","","","",""
"1987-11-08 23:30","1987","11","08","23:30"," ","-2,00","","-3,60","","89,00","","25,00","","46,00","","16,10","","100,06","","","","-11,00","","Neige"
"1987-11-09 00:00","1987","11","09","00:00"," ","","","","","","","","","","","","","","","","","","",""
"1987-11-09 00:30","1987","11","09","00:30"," ","-1,00","","-2,40","","90,00","","26,00","","50,00","","16,10","","100,06","","","","-10,00","","Neige"
"1987-11-09 01:00","1987","11","09","01:00"," ","","","","","","","","","","","","","","","","","","",""
"1987-11-09 01:30","1987","11","09","01:30"," ","-1,50","","-1,70","","98,00","","26,00","","46,00","","16,10","","100,12","","","","-10,00","","Neige"
"1987-11-09 02:00","1987","11","09","02:00"," ","","","","","","","","","","","","","","","","","","",""
"1987-11-09 02:30","1987","11","09","02:30"," ","-1,50","","-3,00","","89,00","","26,00","","52,00","","16,10","","100,16","","","","-10,00","","Neige"
"1987-11-09 03:00","1987","11","09","03:00"," ","","","","","","","","","","","","","","","","","","",""
"1987-11-09 03:30","1987","11","09","03:30"," ","-1,60","","-2,80","","92,00","","27,00","","52,00","","16,10","","100,22","","","","-10,00","","Neige"
"1987-11-09 04:00","1987","11","09","04:00"," ","","","","","","","","","","","","","","","","","","",""
"1987-11-09 04:30","1987","11","09","04:30"," ","-1,60","","-3,40","","88,00","","27,00","","48,00","","16,10","","100,19","","","","-10,00","","Généralement nuageux"
"1987-11-09 05:00","1987","11","09","05:00"," ","","","","","","","","","","","","","","","","","","",""
"1987-11-09 05:30","1987","11","09","05:30"," ","-2,50","","-4,20","","88,00","","26,00","","46,00","","16,10","","100,46","","","","-11,00","","Généralement nuageux"
"1987-11-09 06:00","1987","11","09","06:00"," ","","","","","","","","","","","","","","","","","","",""
"1987-11-09 06:30","1987","11","09","06:30"," ","-2,40","","-4,50","","85,00","","24,00","","46,00","","16,10","","100,53","","","","-11,00","","Nuageux"
"1987-11-09 07:00","1987","11","09","07:00"," ","","","","","","","","","","","","","","","","","","",""
"1987-11-09 07:30","1987","11","09","07:30"," ","-2,00","","-3,90","","87,00","","26,00","","46,00","","16,10","","100,56","","","","-11,00","","Nuageux"
"1987-11-09 08:00","1987","11","09","08:00"," ","","","","","","","","","","","","","","","","","","",""
"1987-11-09 08:30","1987","11","09","08:30"," ","-1,20","","-2,20","","93,00","","25,00","","37,00","","12,90","","100,66","","","","-9,00","","Nuageux"
"1987-11-09 09:00","1987","11","09","09:00"," ","","","","","","","","","","","","","","","","","","",""
"1987-11-09 09:30","1987","11","09","09:30"," ","-1,00","","-2,40","","90,00","","25,00","","46,00","","12,90","","100,66","","","","-9,00","","Nuageux"
"1987-11-09 10:00","1987","11","09","10:00"," ","","","","","","","","","","","","","","","","","","",""
"1987-11-09 10:30","1987","11","09","10:30"," ","-0,80","","-2,40","","89,00","","25,00","","41,00","","12,90","","100,66","","","","-9,00","","Nuageux"
"1987-11-09 11:00","1987","11","09","11:00"," ","","","","","","","","","","","","","","","","","","",""
"1987-11-09 11:30","1987","11","09","11:30"," ","-0,50","","-2,40","","87,00","","25,00","","46,00","","12,90","","100,70","","","","-9,00","","Nuageux"
"1987-11-09 12:00","1987","11","09","12:00"," ","","","","","","","","","","","","","","","","","","",""
"1987-11-09 12:30","1987","11","09","12:30"," ","-0,40","","-2,00","","89,00","","25,00","","44,00","","12,90","","100,66","","","","-8,00","","Nuageux"
"1987-11-09 13:00","1987","11","09","13:00"," ","","","","","","","","","","","","","","","","","","",""
"1987-11-09 13:30","1987","11","09","13:30"," ","0,90","","-0,50","","90,00","","25,00","","46,00","","9,70","","100,66","","","","","","Averses de neige"
"1987-11-09 14:00","1987","11","09","14:00"," ","","","","","","","","","","","","","","","","","","",""
"1987-11-09 14:30","1987","11","09","14:30"," ","1,50","","0,00","","90,00","","25,00","","41,00","","12,90","","100,63","","","","","","Averses de neige"
"1987-11-09 15:00","1987","11","09","15:00"," ","","","","","","","","","","","","","","","","","","",""
"1987-11-09 15:30","1987","11","09","15:30"," ","1,50","","0,00","","90,00","","24,00","","39,00","","12,90","","100,63","","","","","","Averses de neige"
"1987-11-09 16:00","1987","11","09","16:00"," ","","","","","","","","","","","","","","","","","","",""
"1987-11-09 16:30","1987","11","09","16:30"," ","2,40","","2,00","","97,00","","24,00","","46,00","","12,90","","100,66","","","","","","Nuageux"
"1987-11-09 17:00","1987","11","09","17:00"," ","","","","","","","","","","","","","","","","","","",""
"1987-11-09 17:30","1987","11","09","17:30"," ","2,40","","-2,00","","73,00","","24,00","","46,00","","12,90","","100,66","","","","","","Nuageux"
"1987-11-09 18:00","1987","11","09","18:00"," ","","","","","","","","","","","","","","","","","","",""
"1987-11-09 18:30","1987","11","09","18:30"," ","2,60","","-2,00","","72,00","","24,00","","37,00","","12,90","","100,66","","","","","","Nuageux"
"1987-11-09 19:00","1987","11","09","19:00"," ","","","","","","","","","","","","","","","","","","",""
"1987-11-09 19:30","1987","11","09","19:30"," ","2,40","","-2,00","","73,00","","26,00","","37,00","","9,70","","100,66","","","","","","Neige"
"1987-11-09 20:00","1987","11","09","20:00"," ","","","","","","","","","","","","","","","","","","",""
"1987-11-09 20:30","1987","11","09","20:30"," ","2,10","","-2,60","","71,00","","24,00","","39,00","","9,70","","100,66","","","","","","Neige"
"1987-11-09 21:00","1987","11","09","21:00"," ","","","","","","","","","","","","","","","","","","",""
"1987-11-09 21:30","1987","11","09","21:30"," ","3,40","","-3,20","","62,00","","24,00","","41,00","","9,70","","100,66","","","","","","Neige"
"1987-11-09 22:00","1987","11","09","22:00"," ","","","","","","","","","","","","","","","","","","",""
"1987-11-09 22:30","1987","11","09","22:30"," ","2,00","","-2,60","","71,00","","27,00","","37,00","","12,90","","100,70","","","","","","Généralement nuageux"
"1987-11-09 23:00","1987","11","09","23:00"," ","","","","","","","","","","","","","","","","","","",""
"1987-11-09 23:30","1987","11","09","23:30"," ","2,00","","-3,20","","68,00","","27,00","","37,00","","12,90","","100,73","","","","","","Généralement nuageux"
"1987-11-10 00:00","1987","11","10","00:00"," ","","","","","","","","","","","","","","","","","","",""
"1987-11-10 00:30","1987","11","10","00:30"," ","2,20","","-2,60","","70,00","","27,00","","28,00","","16,10","","100,73","","","","","","Généralement nuageux"
"1987-11-10 01:00","1987","11","10","01:00"," ","","","","","","","","","","","","","","","","","","",""
"1987-11-10 01:30","1987","11","10","01:30"," ","2,00","","-2,10","","74,00","","27,00","","30,00","","16,10","","100,76","","","","","","Généralement nuageux"
"1987-11-10 02:00","1987","11","10","02:00"," ","","","","","","","","","","","","","","","","","","",""
"1987-11-10 02:30","1987","11","10","02:30"," ","1,90","","-1,50","","78,00","","27,00","","28,00","","19,30","","100,76","","","","","","Généralement nuageux"
"1987-11-10 03:00","1987","11","10","03:00"," ","","","","","","","","","","","","","","","","","","",""
"1987-11-10 03:30","1987","11","10","03:30"," ","1,50","","0,00","","90,00","","27,00","","28,00","","24,10","","100,83","","","","","","Généralement nuageux"
"1987-11-10 04:00","1987","11","10","04:00"," ","","","","","","","","","","","","","","","","","","",""
"1987-11-10 04:30","1987","11","10","04:30"," ","1,20","","-0,50","","88,00","","27,00","","30,00","","24,10","","100,90","","","","","","Généralement nuageux"
"1987-11-10 05:00","1987","11","10","05:00"," ","","","","","","","","","","","","","","","","","","",""
"1987-11-10 05:30","1987","11","10","05:30"," ","1,00","","0,00","","93,00","","27,00","","30,00","","24,10","","101,08","","","","","","Généralement nuageux"
"1987-11-10 06:00","1987","11","10","06:00"," ","","","","","","","","","","","","","","","","","","",""
"1987-11-10 06:30","1987","11","10","06:30"," ","0,80","","0,00","","95,00","","27,00","","28,00","","24,10","","100,97","","","","","","Généralement nuageux"
"1987-11-10 07:00","1987","11","10","07:00"," ","","","","","","","","","","","","","","","","","","",""
"1987-11-10 07:30","1987","11","10","07:30"," ","0,60","","-0,50","","92,00","","27,00","","28,00","","24,10","","101,07","","","","","","Généralement nuageux"
"1987-11-10 08:00","1987","11","10","08:00"," ","","","","","","","","","","","","","","","","","","",""
"1987-11-10 08:30","1987","11","10","08:30"," ","1,00","","1,00","","100,00","","27,00","","37,00","","24,10","","101,14","","","","","","Généralement nuageux"
"1987-11-10 09:00","1987","11","10","09:00"," ","","","","","","","","","","","","","","","","","","",""
"1987-11-10 09:30","1987","11","10","09:30"," ","1,00","","0,00","","93,00","","27,00","","33,00","","24,10","","101,20","","","","","","Généralement nuageux"
"1987-11-10 10:00","1987","11","10","10:00"," ","","","","","","","","","","","","","","","","","","",""
"1987-11-10 10:30","1987","11","10","10:30"," ","1,00","","0,50","","96,00","","27,00","","33,00","","24,10","","101,27","","","","","","Généralement nuageux"
"1987-11-10 11:00","1987","11","10","11:00"," ","","","","","","","","","","","","","","","","","","",""
"1987-11-10 11:30","1987","11","10","11:30"," ","0,80","","-1,00","","88,00","","27,00","","37,00","","19,30","","101,31","","","","","","Généralement nuageux"
"1987-11-10 12:00","1987","11","10","12:00"," ","","","","","","","","","","","","","","","","","","",""
"1987-11-10 12:30","1987","11","10","12:30"," ","1,40","","-1,00","","84,00","","24,00","","37,00","","24,10","","101,24","","","","","","Généralement nuageux"
"1987-11-10 13:00","1987","11","10","13:00"," ","","","","","","","","","","","","","","","","","","",""
"1987-11-10 13:30","1987","11","10","13:30"," ","1,40","","-0,50","","87,00","","24,00","","39,00","","24,10","","101,27","","","","","","Généralement nuageux"
"1987-11-10 14:00","1987","11","10","14:00"," ","","","","","","","","","","","","","","","","","","",""
"1987-11-10 14:30","1987","11","10","14:30"," ","1,60","","-1,50","","80,00","","24,00","","41,00","","24,10","","101,24","","","","","","Généralement dégagé"
"1987-11-10 15:00","1987","11","10","15:00"," ","","","","","","","","","","","","","","","","","","",""
"1987-11-10 15:30","1987","11","10","15:30"," ","1,40","","-0,50","","87,00","","24,00","","43,00","","24,10","","101,24","","","","","","Généralement dégagé"
"1987-11-10 16:00","1987","11","10","16:00"," ","","","","","","","","","","","","","","","","","","",""
"1987-11-10 16:30","1987","11","10","16:30"," ","1,20","","-1,00","","85,00","","25,00","","33,00","","24,10","","101,20","","","","","","Généralement nuageux"
"1987-11-10 17:00","1987","11","10","17:00"," ","","","","","","","","","","","","","","","","","","",""
"1987-11-10 17:30","1987","11","10","17:30"," ","1,00","","-0,50","","90,00","","25,00","","30,00","","24,10","","101,20","","","","","","Généralement nuageux"
"1987-11-10 18:00","1987","11","10","18:00"," ","","","","","","","","","","","","","","","","","","",""
"1987-11-10 18:30","1987","11","10","18:30"," ","1,00","","-0,50","","90,00","","26,00","","28,00","","24,10","","101,24","","","","","","Généralement nuageux"
"1987-11-10 19:00","1987","11","10","19:00"," ","","","","","","","","","","","","","","","","","","",""
"1987-11-10 19:30","1987","11","10","19:30"," ","0,80","","0,00","","95,00","","27,00","","28,00","","24,10","","101,27","","","","","","Généralement nuageux"
"1987-11-10 20:00","1987","11","10","20:00"," ","","","","","","","","","","","","","","","","","","",""
"1987-11-10 20:30","1987","11","10","20:30"," ","0,50","","-3,10","","77,00","","27,00","","28,00","","24,10","","101,31","","","","","","Nuageux"
"1987-11-10 21:00","1987","11","10","21:00"," ","","","","","","","","","","","","","","","","","","",""
"1987-11-10 21:30","1987","11","10","21:30"," ","0,30","","-1,70","","86,00","","27,00","","30,00","","24,10","","101,31","","","","","","Nuageux"
"1987-11-10 22:00","1987","11","10","22:00"," ","","","","","","","","","","","","","","","","","","",""
"1987-11-10 22:30","1987","11","10","22:30"," ","0,90","","-1,00","","87,00","","23,00","","28,00","","24,10","","101,31","","","","","","Nuageux"
"1987-11-10 23:00","1987","11","10","23:00"," ","","","","","","","","","","","","","","","","","","",""
"1987-11-10 23:30","1987","11","10","23:30"," ","1,40","","-1,00","","84,00","","27,00","","26,00","","24,10","","101,31","","","","","","Nuageux"
"1987-11-11 00:00","1987","11","11","00:00"," ","","","","","","","","","","","","","","","","","","",""
"1987-11-11 00:30","1987","11","11","00:30"," ","1,00","","0,00","","93,00","","30,00","","67,00","","24,10","","101,34","","","","","","Nuageux"
"1987-11-11 01:00","1987","11","11","01:00"," ","","","","","","","","","","","","","","","","","","",""
"1987-11-11 01:30","1987","11","11","01:30"," ","1,50","","0,00","","90,00","","27,00","","28,00","","24,10","","101,37","","","","","","Nuageux"
"1987-11-11 02:00","1987","11","11","02:00"," ","","","","","","","","","","","","","","","","","","",""
"1987-11-11 02:30","1987","11","11","02:30"," ","1,30","","0,00","","91,00","","30,00","","30,00","","24,10","","101,37","","","","","","Nuageux"
"1987-11-11 03:00","1987","11","11","03:00"," ","","","","","","","","","","","","","","","","","","",""
"1987-11-11 03:30","1987","11","11","03:30"," ","1,00","","0,50","","96,00","","27,00","","28,00","","24,10","","101,37","","","","","","Nuageux"
"1987-11-11 04:00","1987","11","11","04:00"," ","","","","","","","","","","","","","","","","","","",""
"1987-11-11 04:30","1987","11","11","04:30"," ","1,00","","0,00","","93,00","","29,00","","33,00","","24,10","","101,37","","","","","","Nuageux"
"1987-11-11 05:00","1987","11","11","05:00"," ","","","","","","","","","","","","","","","","","","",""
"1987-11-11 05:30","1987","11","11","05:30"," ","2,30","","-1,70","","75,00","","33,00","","30,00","","24,10","","101,41","","","","","","Généralement nuageux"
"1987-11-11 06:00","1987","11","11","06:00"," ","","","","","","","","","","","","","","","","","","",""
"1987-11-11 06:30","1987","11","11","06:30"," ","1,00","","-3,00","","75,00","","30,00","","30,00","","24,10","","101,47","","","","","","Généralement nuageux"
"1987-11-11 07:00","1987","11","11","07:00"," ","","","","","","","","","","","","","","","","","","",""
"1987-11-11 07:30","1987","11","11","07:30"," ","-1,00","","-2,40","","90,00","","31,00","","28,00","","24,10","","101,51","","","","-8,00","","Généralement nuageux"
"1987-11-11 08:00","1987","11","11","08:00"," ","","","","","","","","","","","","","","","","","","",""
"1987-11-11 08:30","1987","11","11","08:30"," ","-1,90","","-2,50","","96,00","","31,00","","19,00","","24,10","","101,71","","","","-7,00","","Généralement nuageux"
"1987-11-11 09:00","1987","11","11","09:00"," ","","","","","","","","","","","","","","","","","","",""
"1987-11-11 09:30","1987","11","11","09:30"," ","-1,30","","-2,00","","95,00","","30,00","","17,00","","24,10","","101,75","","","","-6,00","","Généralement nuageux"
"1987-11-11 10:00","1987","11","11","10:00"," ","","","","","","","","","","","","","","","","","","",""
"1987-11-11 10:30","1987","11","11","10:30"," ","-1,60","","-7,70","","63,00","","27,00","","24,00","","24,10","","101,78","","","","-8,00","","Généralement nuageux"
"1987-11-11 11:00","1987","11","11","11:00"," ","","","","","","","","","","","","","","","","","","",""
"1987-11-11 11:30","1987","11","11","11:30"," ","-1,50","","-8,10","","61,00","","30,00","","15,00","","32,20","","101,71","","","","-6,00","","Généralement dégagé"
"1987-11-11 12:00","1987","11","11","12:00"," ","","","","","","","","","","","","","","","","","","",""
"1987-11-11 12:30","1987","11","11","12:30"," ","-1,60","","-9,90","","53,00","","30,00","","19,00","","32,20","","101,71","","","","-7,00","","Généralement dégagé"
"1987-11-11 13:00","1987","11","11","13:00"," ","","","","","","","","","","","","","","","","","","",""
"1987-11-11 13:30","1987","11","11","13:30"," ","-1,20","","-12,50","","42,00","","30,00","","9,00","","24,10","","101,68","","","","-4,00","","Généralement dégagé"
"1987-11-11 14:00","1987","11","11","14:00"," ","","","","","","","","","","","","","","","","","","",""
"1987-11-11 14:30","1987","11","11","14:30"," ","-1,40","","-1,70","","98,00","","30,00","","13,00","","24,10","","101,64","","","","-6,00","","Généralement dégagé"
"1987-11-11 15:00","1987","11","11","15:00"," ","","","","","","","","","","","","","","","","","","",""
"1987-11-11 15:30","1987","11","11","15:30"," ","-1,50","","-2,20","","95,00","","27,00","","17,00","","24,10","","101,64","","","","-7,00","","Généralement dégagé"
"1987-11-11 16:00","1987","11","11","16:00"," ","","","","","","","","","","","","","","","","","","",""
"1987-11-11 16:30","1987","11","11","16:30"," ","-1,80","","-2,80","","93,00","","27,00","","15,00","","24,10","","101,54","","","","-7,00","","Généralement dégagé"
"1987-11-11 17:00","1987","11","11","17:00"," ","","","","","","","","","","","","","","","","","","",""
"1987-11-11 17:30","1987","11","11","17:30"," ","-2,00","","-4,50","","83,00","","18,00","","13,00","","24,10","","101,51","","","","-6,00","","Généralement dégagé"
"1987-11-11 18:00","1987","11","11","18:00"," ","","","","","","","","","","","","","","","","","","",""
"1987-11-11 18:30","1987","11","11","18:30"," ","-1,90","","-4,20","","84,00","","18,00","","11,00","","24,10","","101,51","","","","-6,00","","Généralement dégagé"
"1987-11-11 19:00","1987","11","11","19:00"," ","","","","","","","","","","","","","","","","","","",""
"1987-11-11 19:30","1987","11","11","19:30"," ","-2,50","","-4,50","","86,00","","18,00","","7,00","","24,10","","101,51","","","","-5,00","","Dégagé"
"1987-11-11 20:00","1987","11","11","20:00"," ","","","","","","","","","","","","","","","","","","",""
"1987-11-11 20:30","1987","11","11","20:30"," ","-3,20","","-5,70","","83,00","","14,00","","4,00","","24,10","","101,47","","","","-5,00","","Dégagé"
"1987-11-11 21:00","1987","11","11","21:00"," ","","","","","","","","","","","","","","","","","","",""
"1987-11-11 21:30","1987","11","11","21:30"," ","-4,00","","-7,00","","80,00","","14,00","","4,00","","24,10","","101,44","","","","-6,00","","Dégagé"
"1987-11-11 22:00","1987","11","11","22:00"," ","","","","","","","","","","","","","","","","","","",""
"1987-11-11 22:30","1987","11","11","22:30"," ","-4,20","","-7,00","","81,00","","9,00","","17,00","","24,10","","101,37","","","","-10,00","","Dégagé"
"1987-11-11 23:00","1987","11","11","23:00"," ","","","","","","","","","","","","","","","","","","",""
"1987-11-11 23:30","1987","11","11","23:30"," ","-4,60","","-7,60","","79,00","","9,00","","15,00","","24,10","","101,31","","","","-10,00","","Dégagé"
"1987-11-12 00:00","1987","11","12","00:00"," ","","","","","","","","","","","","","","","","","","",""
"1987-11-12 00:30","1987","11","12","00:30"," ","-5,00","","-7,90","","80,00","","9,00","","15,00","","24,10","","101,24","","","","-11,00","","Dégagé"
"1987-11-12 01:00","1987","11","12","01:00"," ","","","","","","","","","","","","","","","","","","",""
"1987-11-12 01:30","1987","11","12","01:30"," ","-5,40","","-7,50","","85,00","","9,00","","17,00","","24,10","","101,10","","","","-11,00","","Dégagé"
"1987-11-12 02:00","1987","11","12","02:00"," ","","","","","","","","","","","","","","","","","","",""
"1987-11-12 02:30","1987","11","12","02:30"," ","-6,00","","-8,80","","81,00","","9,00","","13,00","","24,10","","101,07","","","","-11,00","","Dégagé"
"1987-11-12 03:00","1987","11","12","03:00"," ","","","","","","","","","","","","","","","","","","",""
"1987-11-12 03:30","1987","11","12","03:30"," ","-7,00","","-9,60","","82,00","","9,00","","15,00","","24,10","","101,00","","","","-13,00","","Dégagé"
"1987-11-12 04:00","1987","11","12","04:00"," ","","","","","","","","","","","","","","","","","","",""
"1987-11-12 04:30","1987","11","12","04:30"," ","-7,20","","-9,60","","83,00","","9,00","","17,00","","24,10","","100,87","","","","-14,00","","Dégagé"
"1987-11-12 05:00","1987","11","12","05:00"," ","","","","","","","","","","","","","","","","","","",""
"1987-11-12 05:30","1987","11","12","05:30"," ","-7,10","","-9,30","","84,00","","9,00","","15,00","","24,10","","100,83","","","","-13,00","","Dégagé"
"1987-11-12 06:00","1987","11","12","06:00"," ","","","","","","","","","","","","","","","","","","",""
"1987-11-12 06:30","1987","11","12","06:30"," ","-7,00","","-10,00","","79,00","","9,00","","11,00","","24,10","","100,76","","","","-12,00","","Dégagé"
"1987-11-12 07:00","1987","11","12","07:00"," ","","","","","","","","","","","","","","","","","","",""
"1987-11-12 07:30","1987","11","12","07:30"," ","-8,00","","-10,50","","82,00","","9,00","","7,00","","24,10","","100,76","","","","-12,00","","Généralement dégagé"
"1987-11-12 08:00","1987","11","12","08:00"," ","","","","","","","","","","","","","","","","","","",""
"1987-11-12 08:30","1987","11","12","08:30"," ","-8,20","","-10,10","","86,00","","9,00","","7,00","","24,10","","100,63","","","","-12,00","","Généralement nuageux"
"1987-11-12 09:00","1987","11","12","09:00"," ","","","","","","","","","","","","","","","","","","",""
"1987-11-12 09:30","1987","11","12","09:30"," ","-7,80","","-10,80","","79,00","","14,00","","13,00","","24,10","","100,63","","","","-14,00","","Généralement nuageux"
"1987-11-12 10:00","1987","11","12","10:00"," ","","","","","","","","","","","","","","","","","","",""
"1987-11-12 10:30","1987","11","12","10:30"," ","-5,20","","-7,50","","84,00","","14,00","","26,00","","24,10","","100,46","","","","-13,00","","Généralement nuageux"
"1987-11-12 11:00","1987","11","12","11:00"," ","","","","","","","","","","","","","","","","","","",""
"1987-11-12 11:30","1987","11","12","11:30"," ","-5,20","","-7,50","","84,00","","12,00","","20,00","","24,10","","100,36","","","","-12,00","","Généralement nuageux"
"1987-11-12 12:00","1987","11","12","12:00"," ","","","","","","","","","","","","","","","","","","",""
"1987-11-12 12:30","1987","11","12","12:30"," ","-4,00","","-6,30","","84,00","","9,00","","11,00","","24,10","","100,09","","","","-8,00","","Généralement nuageux"
"1987-11-12 13:00","1987","11","12","13:00"," ","","","","","","","","","","","","","","","","","","",""
"1987-11-12 13:30","1987","11","12","13:30"," ","-3,20","","-4,50","","91,00","","9,00","","11,00","","24,10","","99,99","","","","-7,00","","Nuageux"
"1987-11-12 14:00","1987","11","12","14:00"," ","","","","","","","","","","","","","","","","","","",""
"1987-11-12 14:30","1987","11","12","14:30"," ","-2,60","","-3,90","","91,00","","9,00","","15,00","","24,10","","99,75","","","","-8,00","","Nuageux"
"1987-11-12 15:00","1987","11","12","15:00"," ","","","","","","","","","","","","","","","","","","",""
"1987-11-12 15:30","1987","11","12","15:30"," ","-2,60","","-3,90","","91,00","","9,00","","9,00","","24,10","","99,75","","","","-6,00","","Nuageux"
"1987-11-12 16:00","1987","11","12","16:00"," ","","","","","","","","","","","","","","","","","","",""
"1987-11-12 16:30","1987","11","12","16:30"," ","0,40","","-0,50","","94,00","","9,00","","15,00","","24,10","","99,55","","","","","","Nuageux"
"1987-11-12 17:00","1987","11","12","17:00"," ","","","","","","","","","","","","","","","","","","",""
"1987-11-12 17:30","1987","11","12","17:30"," ","0,50","","0,50","","100,00","","6,00","","33,00","","19,30","","99,21","","","","","","Nuageux"
"1987-11-12 18:00","1987","11","12","18:00"," ","","","","","","","","","","","","","","","","","","",""
"1987-11-12 18:30","1987","11","12","18:30"," ","0,50","","0,50","","100,00","","6,00","","35,00","","19,30","","99,08","","","","","","Pluie"
"1987-11-12 19:00","1987","11","12","19:00"," ","","","","","","","","","","","","","","","","","","",""
"1987-11-12 19:30","1987","11","12","19:30"," ","0,60","","0,60","","100,00","","5,00","","28,00","","16,10","","98,94","","","","","","Pluie verglaçante"
"1987-11-12 20:00","1987","11","12","20:00"," ","","","","","","","","","","","","","","","","","","",""
"1987-11-12 20:30","1987","11","12","20:30"," ","0,20","","-1,20","","90,00","","5,00","","28,00","","12,90","","98,60","","","","","","Pluie verglaçante"
"1987-11-12 21:00","1987","11","12","21:00"," ","","","","","","","","","","","","","","","","","","",""
"1987-11-12 21:30","1987","11","12","21:30"," ","1,00","","1,00","","100,00","","6,00","","30,00","","12,90","","98,23","","","","","","Pluie verglaçante"
"1987-11-12 22:00","1987","11","12","22:00"," ","","","","","","","","","","","","","","","","","","",""
"1987-11-12 22:30","1987","11","12","22:30"," ","1,20","","0,50","","95,00","","6,00","","28,00","","12,90","","98,06","","","","","","Pluie verglaçante"
"1987-11-12 23:00","1987","11","12","23:00"," ","","","","","","","","","","","","","","","","","","",""
"1987-11-12 23:30","1987","11","12","23:30"," ","1,50","","1,50","","100,00","","6,00","","31,00","","12,90","","98,06","","","","","","Pluie verglaçante"
"1987-11-13 00:00","1987","11","13","00:00"," ","","","","","","","","","","","","","","","","","","",""
"1987-11-13 00:30","1987","11","13","00:30"," ","1,00","","1,00","","100,00","","4,00","","31,00","","12,90","","97,96","","","","","","Pluie verglaçante"
"1987-11-13 01:00","1987","11","13","01:00"," ","","","","","","","","","","","","","","","","","","",""
"1987-11-13 01:30","1987","11","13","01:30"," ","1,50","","1,50","","100,00","","4,00","","31,00","","12,90","","97,82","","","","","","Pluie"
"1987-11-13 02:00","1987","11","13","02:00"," ","","","","","","","","","","","","","","","","","","",""
"1987-11-13 02:30","1987","11","13","02:30"," ","1,20","","1,20","","100,00","","4,00","","28,00","","12,90","","97,69","","","","","","Généralement nuageux"
"1987-11-13 03:00","1987","11","13","03:00"," ","","","","","","","","","","","","","","","","","","",""
"1987-11-13 03:30","1987","11","13","03:30"," ","1,20","","0,50","","95,00","","4,00","","28,00","","12,90","","97,69","","","","","","Généralement nuageux"
"1987-11-13 04:00","1987","11","13","04:00"," ","","","","","","","","","","","","","","","","","","",""
"1987-11-13 04:30","1987","11","13","04:30"," ","0,90","","0,90","","100,00","","3,00","","33,00","","12,90","","97,55","","","","","","Généralement nuageux"
"1987-11-13 05:00","1987","11","13","05:00"," ","","","","","","","","","","","","","","","","","","",""
"1987-11-13 05:30","1987","11","13","05:30"," ","1,00","","1,00","","100,00","","3,00","","37,00","","12,90","","97,62","","","","","","Généralement nuageux"
"1987-11-13 06:00","1987","11","13","06:00"," ","","","","","","","","","","","","","","","","","","",""
"1987-11-13 06:30","1987","11","13","06:30"," ","1,00","","1,00","","100,00","","3,00","","37,00","","12,90","","97,52","","","","","","Généralement nuageux"
"1987-11-13 07:00","1987","11","13","07:00"," ","","","","","","","","","","","","","","","","","","",""
"1987-11-13 07:30","1987","11","13","07:30"," ","1,00","","-0,50","","90,00","","3,00","","20,00","","8,00","","97,55","","","","","","Neige"
"1987-11-13 08:00","1987","11","13","08:00"," ","","","","","","","","","","","","","","","","","","",""
"1987-11-13 08:30","1987","11","13","08:30"," ","0,80","","0,00","","95,00","","5,00","","19,00","","1,60","","97,59","","","","","","Neige"
"1987-11-13 09:00","1987","11","13","09:00"," ","","","","","","","","","","","","","","","","","","",""
"1987-11-13 09:30","1987","11","13","09:30"," ","0,60","","-0,50","","92,00","","5,00","","22,00","","1,60","","97,72","","","","","","Neige"
"1987-11-13 10:00","1987","11","13","10:00"," ","","","","","","","","","","","","","","","","","","",""
"1987-11-13 10:30","1987","11","13","10:30"," ","0,50","","-0,90","","90,00","","5,00","","37,00","","1,60","","97,76","","","","","","Neige"
"1987-11-13 11:00","1987","11","13","11:00"," ","","","","","","","","","","","","","","","","","","",""
"1987-11-13 11:30","1987","11","13","11:30"," ","0,70","","-0,90","","89,00","","5,00","","35,00","","2,40","","97,82","","","","","","Neige"
"1987-11-13 12:00","1987","11","13","12:00"," ","","","","","","","","","","","","","","","","","","",""
"1987-11-13 12:30","1987","11","13","12:30"," ","0,60","","-0,50","","92,00","","5,00","","37,00","","2,40","","97,96","","","","","","Neige"
"1987-11-13 13:00","1987","11","13","13:00"," ","","","","","","","","","","","","","","","","","","",""
"1987-11-13 13:30","1987","11","13","13:30"," ","0,80","","0,00","","95,00","","5,00","","33,00","","3,20","","98,13","","","","","","Neige"
"1987-11-13 14:00","1987","11","13","14:00"," ","","","","","","","","","","","","","","","","","","",""
"1987-11-13 14:30","1987","11","13","14:30"," ","1,20","","-0,50","","88,00","","36,00","","28,00","","3,20","","98,30","","","","","","Neige"
"1987-11-13 15:00","1987","11","13","15:00"," ","","","","","","","","","","","","","","","","","","",""
"1987-11-13 15:30","1987","11","13","15:30"," ","1,60","","-0,50","","86,00","","36,00","","33,00","","3,20","","98,60","","","","","","Neige"
"1987-11-13 16:00","1987","11","13","16:00"," ","","","","","","","","","","","","","","","","","","",""
"1987-11-13 16:30","1987","11","13","16:30"," ","1,30","","0,50","","95,00","","36,00","","28,00","","3,20","","98,67","","","","","","Neige"
"1987-11-13 17:00","1987","11","13","17:00"," ","","","","","","","","","","","","","","","","","","",""
"1987-11-13 17:30","1987","11","13","17:30"," ","1,00","","1,00","","100,00","","36,00","","33,00","","4,80","","98,87","","","","","","Neige"
"1987-11-13 18:00","1987","11","13","18:00"," ","","","","","","","","","","","","","","","","","","",""
"1987-11-13 18:30","1987","11","13","18:30"," ","1,00","","0,00","","93,00","","36,00","","33,00","","4,80","","99,01","","","","","","Neige"
"1987-11-13 19:00","1987","11","13","19:00"," ","","","","","","","","","","","","","","","","","","",""
"1987-11-13 19:30","1987","11","13","19:30"," ","1,00","","0,00","","93,00","","36,00","","28,00","","6,40","","99,21","","","","","","Neige"
"1987-11-13 20:00","1987","11","13","20:00"," ","","","","","","","","","","","","","","","","","","",""
"1987-11-13 20:30","1987","11","13","20:30"," ","1,30","","-0,50","","88,00","","36,00","","26,00","","8,00","","99,35","","","","","","Neige"
"1987-11-13 21:00","1987","11","13","21:00"," ","","","","","","","","","","","","","","","","","","",""
"1987-11-13 21:30","1987","11","13","21:30"," ","1,50","","0,00","","90,00","","36,00","","19,00","","16,10","","99,48","","","","","","Nuageux"
"1987-11-13 22:00","1987","11","13","22:00"," ","","","","","","","","","","","","","","","","","","",""
"1987-11-13 22:30","1987","11","13","22:30"," ","2,00","","-0,40","","84,00","","36,00","","19,00","","19,30","","99,65","","","","","","Nuageux"
"1987-11-13 23:00","1987","11","13","23:00"," ","","","","","","","","","","","","","","","","","","",""
"1987-11-13 23:30","1987","11","13","23:30"," ","2,20","","-0,40","","83,00","","32,00","","19,00","","24,10","","99,72","","","","","","Nuageux"
"1987-11-14 00:00","1987","11","14","00:00"," ","","","","","","","","","","","","","","","","","","",""
"1987-11-14 00:30","1987","11","14","00:30"," ","0,50","","0,50","","100,00","","32,00","","22,00","","24,10","","99,82","","","","","","Nuageux"
"1987-11-14 01:00","1987","11","14","01:00"," ","","","","","","","","","","","","","","","","","","",""
"1987-11-14 01:30","1987","11","14","01:30"," ","0,20","","-0,30","","96,00","","30,00","","28,00","","24,10","","99,89","","","","","","Nuageux"
"1987-11-14 02:00","1987","11","14","02:00"," ","","","","","","","","","","","","","","","","","","",""
"1987-11-14 02:30","1987","11","14","02:30"," ","0,20","","-0,30","","96,00","","30,00","","28,00","","24,10","","99,99","","","","","","Nuageux"
"1987-11-14 03:00","1987","11","14","03:00"," ","","","","","","","","","","","","","","","","","","",""
"1987-11-14 03:30","1987","11","14","03:30"," ","0,20","","-0,30","","96,00","","27,00","","17,00","","24,10","","100,09","","","","","","Nuageux"
"1987-11-14 04:00","1987","11","14","04:00"," ","","","","","","","","","","","","","","","","","","",""
"1987-11-14 04:30","1987","11","14","04:30"," ","0,00","","0,00","","100,00","","27,00","","22,00","","24,10","","100,12","","","","-6,00","","Généralement nuageux"
"1987-11-14 05:00","1987","11","14","05:00"," ","","","","","","","","","","","","","","","","","","",""
"1987-11-14 05:30","1987","11","14","05:30"," ","0,00","","0,00","","100,00","","27,00","","19,00","","24,10","","100,26","","","","-5,00","","Généralement nuageux"
"1987-11-14 06:00","1987","11","14","06:00"," ","","","","","","","","","","","","","","","","","","",""
"1987-11-14 06:30","1987","11","14","06:30"," ","0,00","","-0,20","","98,00","","27,00","","28,00","","24,10","","100,29","","","","-6,00","","Généralement nuageux"
"1987-11-14 07:00","1987","11","14","07:00"," ","","","","","","","","","","","","","","","","","","",""
"1987-11-14 07:30","1987","11","14","07:30"," ","-0,10","","-0,50","","97,00","","27,00","","28,00","","32,20","","100,39","","","","-6,00","","Généralement nuageux"
"1987-11-14 08:00","1987","11","14","08:00"," ","","","","","","","","","","","","","","","","","","",""
"1987-11-14 08:30","1987","11","14","08:30"," ","-0,30","","-0,80","","96,00","","23,00","","26,00","","24,10","","100,46","","","","-6,00","","Nuageux"
"1987-11-14 09:00","1987","11","14","09:00"," ","","","","","","","","","","","","","","","","","","",""
"1987-11-14 09:30","1987","11","14","09:30"," ","-0,50","","-1,30","","94,00","","23,00","","19,00","","24,10","","100,53","","","","-6,00","","Nuageux"
"1987-11-14 10:00","1987","11","14","10:00"," ","","","","","","","","","","","","","","","","","","",""
"1987-11-14 10:30","1987","11","14","10:30"," ","-0,80","","-2,20","","90,00","","23,00","","26,00","","24,10","","100,56","","","","-7,00","","Nuageux"
"1987-11-14 11:00","1987","11","14","11:00"," ","","","","","","","","","","","","","","","","","","",""
"1987-11-14 11:30","1987","11","14","11:30"," ","-0,60","","-1,60","","93,00","","27,00","","28,00","","24,10","","100,56","","","","-7,00","","Nuageux"
"1987-11-14 12:00","1987","11","14","12:00"," ","","","","","","","","","","","","","","","","","","",""
"1987-11-14 12:30","1987","11","14","12:30"," ","-0,40","","-1,20","","94,00","","27,00","","28,00","","24,10","","100,56","","","","-7,00","","Généralement nuageux"
"1987-11-14 13:00","1987","11","14","13:00"," ","","","","","","","","","","","","","","","","","","",""
"1987-11-14 13:30","1987","11","14","13:30"," ","0,00","","-1,30","","91,00","","27,00","","26,00","","24,10","","100,60","","","","-6,00","","Généralement nuageux"
"1987-11-14 14:00","1987","11","14","14:00"," ","","","","","","","","","","","","","","","","","","",""
"1987-11-14 14:30","1987","11","14","14:30"," ","0,30","","-0,90","","92,00","","23,00","","28,00","","24,10","","100,63","","","","","","Généralement nuageux"
"1987-11-14 15:00","1987","11","14","15:00"," ","","","","","","","","","","","","","","","","","","",""
"1987-11-14 15:30","1987","11","14","15:30"," ","0,50","","-0,90","","90,00","","23,00","","19,00","","24,10","","100,63","","","","","","Généralement nuageux"
"1987-11-14 16:00","1987","11","14","16:00"," ","","","","","","","","","","","","","","","","","","",""
"1987-11-14 16:30","1987","11","14","16:30"," ","0,70","","-0,90","","89,00","","23,00","","26,00","","24,10","","100,63","","","","","","Nuageux"
"1987-11-14 17:00","1987","11","14","17:00"," ","","","","","","","","","","","","","","","","","","",""
"1987-11-14 17:30","1987","11","14","17:30"," ","0,80","","0,00","","95,00","","23,00","","28,00","","24,10","","100,70","","","","","","Nuageux"
"1987-11-14 18:00","1987","11","14","18:00"," ","","","","","","","","","","","","","","","","","","",""
"1987-11-14 18:30","1987","11","14","18:30"," ","1,00","","0,00","","93,00","","23,00","","19,00","","24,10","","100,73","","","","","","Nuageux"
"1987-11-14 19:00","1987","11","14","19:00"," ","","","","","","","","","","","","","","","","","","",""
"1987-11-14 19:30","1987","11","14","19:30"," ","0,90","","-0,50","","90,00","","23,00","","22,00","","24,10","","100,63","","","","","","Nuageux"
"1987-11-14 20:00","1987","11","14","20:00"," ","","","","","","","","","","","","","","","","","","",""
"1987-11-14 20:30","1987","11","14","20:30"," ","1,00","","0,50","","96,00","","18,00","","7,00","","24,10","","100,63","","","","","","Nuageux"
"1987-11-14 21:00","1987","11","14","21:00"," ","","","","","","","","","","","","","","","","","","",""
"1987-11-14 21:30","1987","11","14","21:30"," ","0,80","","0,50","","98,00","","15,00","","13,00","","19,30","","100,60","","","","","","Neige"
"1987-11-14 22:00","1987","11","14","22:00"," ","","","","","","","","","","","","","","","","","","",""
"1987-11-14 22:30","1987","11","14","22:30"," ","1,00","","1,00","","100,00","","18,00","","17,00","","16,10","","100,56","","","","","","Neige"
"1987-11-14 23:00","1987","11","14","23:00"," ","","","","","","","","","","","","","","","","","","",""
"1987-11-14 23:30","1987","11","14","23:30"," ","1,20","","0,50","","95,00","","18,00","","9,00","","16,10","","100,53","","","","","","Neige"
"1987-11-15 00:00","1987","11","15","00:00"," ","","","","","","","","","","","","","","","","","","",""
"1987-11-15 00:30","1987","11","15","00:30"," ","1,30","","0,00","","91,00","","18,00","","7,00","","16,10","","100,46","","","","","","Pluie"
"1987-11-15 01:00","1987","11","15","01:00"," ","","","","","","","","","","","","","","","","","","",""
"1987-11-15 01:30","1987","11","15","01:30"," ","1,20","","1,20","","100,00","","18,00","","6,00","","16,10","","100,43","","","","","","Pluie"
"1987-11-15 02:00","1987","11","15","02:00"," ","","","","","","","","","","","","","","","","","","",""
"1987-11-15 02:30","1987","11","15","02:30"," ","0,90","","0,00","","94,00","","9,00","","4,00","","16,10","","100,33","","","","","","Pluie"
"1987-11-15 03:00","1987","11","15","03:00"," ","","","","","","","","","","","","","","","","","","",""
"1987-11-15 03:30","1987","11","15","03:30"," ","0,50","","0,50","","100,00","","6,00","","6,00","","16,10","","100,33","","","","","","Pluie"
"1987-11-15 04:00","1987","11","15","04:00"," ","","","","","","","","","","","","","","","","","","",""
"1987-11-15 04:30","1987","11","15","04:30"," ","0,50","","-0,50","","93,00","","12,00","","6,00","","12,90","","100,33","","","","","","Pluie"
"1987-11-15 05:00","1987","11","15","05:00"," ","","","","","","","","","","","","","","","","","","",""
"1987-11-15 05:30","1987","11","15","05:30"," ","0,50","","0,50","","100,00","","27,00","","4,00","","12,90","","100,39","","","","","","Pluie"
"1987-11-15 06:00","1987","11","15","06:00"," ","","","","","","","","","","","","","","","","","","",""
"1987-11-15 06:30","1987","11","15","06:30"," ","1,50","","0,50","","93,00","","33,00","","28,00","","12,90","","100,43","","","","","","Pluie"
"1987-11-15 07:00","1987","11","15","07:00"," ","","","","","","","","","","","","","","","","","","",""
"1987-11-15 07:30","1987","11","15","07:30"," ","1,50","","0,50","","93,00","","33,00","","30,00","","24,10","","100,53","","","","","","Nuageux"
"1987-11-15 08:00","1987","11","15","08:00"," ","","","","","","","","","","","","","","","","","","",""
"1987-11-15 08:30","1987","11","15","08:30"," ","1,60","","1,00","","96,00","","32,00","","26,00","","19,30","","100,66","","","","","","Nuageux"
"1987-11-15 09:00","1987","11","15","09:00"," ","","","","","","","","","","","","","","","","","","",""
"1987-11-15 09:30","1987","11","15","09:30"," ","1,20","","0,00","","92,00","","32,00","","28,00","","19,30","","100,76","","","","","","Nuageux"
"1987-11-15 10:00","1987","11","15","10:00"," ","","","","","","","","","","","","","","","","","","",""
"1987-11-15 10:30","1987","11","15","10:30"," ","0,70","","-0,90","","89,00","","32,00","","30,00","","19,30","","100,87","","","","","","Nuageux"
"1987-11-15 11:00","1987","11","15","11:00"," ","","","","","","","","","","","","","","","","","","",""
"1987-11-15 11:30","1987","11","15","11:30"," ","0,00","","-1,00","","93,00","","32,00","","28,00","","19,30","","100,90","","","","-6,00","","Nuageux"
"1987-11-15 12:00","1987","11","15","12:00"," ","","","","","","","","","","","","","","","","","","",""
"1987-11-15 12:30","1987","11","15","12:30"," ","-0,70","","-1,30","","96,00","","32,00","","22,00","","19,30","","100,90","","","","-6,00","","Généralement nuageux"
"1987-11-15 13:00","1987","11","15","13:00"," ","","","","","","","","","","","","","","","","","","",""
"1987-11-15 13:30","1987","11","15","13:30"," ","-1,00","","-2,20","","91,00","","32,00","","22,00","","19,30","","100,97","","","","-7,00","","Généralement nuageux"
"1987-11-15 14:00","1987","11","15","14:00"," ","","","","","","","","","","","","","","","","","","",""
"1987-11-15 14:30","1987","11","15","14:30"," ","-2,20","","-3,90","","88,00","","32,00","","30,00","","19,30","","101,07","","","","-9,00","","Généralement nuageux"
"1987-11-15 15:00","1987","11","15","15:00"," ","","","","","","","","","","","","","","","","","","",""
"1987-11-15 15:30","1987","11","15","15:30"," ","-2,20","","-3,90","","88,00","","33,00","","28,00","","19,30","","101,10","","","","-9,00","","Généralement nuageux"
"1987-11-15 16:00","1987","11","15","16:00"," ","","","","","","","","","","","","","","","","","","",""
"1987-11-15 16:30","1987","11","15","16:30"," ","-5,00","","-6,30","","91,00","","32,00","","30,00","","19,30","","101,17","","","","-13,00","","Généralement nuageux"
"1987-11-15 17:00","1987","11","15","17:00"," ","","","","","","","","","","","","","","","","","","",""
"1987-11-15 17:30","1987","11","15","17:30"," ","-4,40","","-6,30","","87,00","","30,00","","33,00","","19,30","","101,20","","","","-13,00","","Généralement nuageux"
"1987-11-15 18:00","1987","11","15","18:00"," ","","","","","","","","","","","","","","","","","","",""
"1987-11-15 18:30","1987","11","15","18:30"," ","-4,40","","-6,30","","87,00","","30,00","","35,00","","19,30","","101,24","","","","-13,00","","Généralement nuageux"
"1987-11-15 19:00","1987","11","15","19:00"," ","","","","","","","","","","","","","","","","","","",""
"1987-11-15 19:30","1987","11","15","19:30"," ","-4,50","","-6,00","","89,00","","33,00","","39,00","","19,30","","101,27","","","","-13,00","","Généralement nuageux"
"1987-11-15 20:00","1987","11","15","20:00"," ","","","","","","","","","","","","","","","","","","",""
"1987-11-15 20:30","1987","11","15","20:30"," ","-4,50","","-6,00","","89,00","","33,00","","44,00","","19,30","","101,31","","","","-14,00","","Nuageux"
"1987-11-15 21:00","1987","11","15","21:00"," ","","","","","","","","","","","","","","","","","","",""
"1987-11-15 21:30","1987","11","15","21:30"," ","-5,50","","-7,10","","88,00","","33,00","","30,00","","19,30","","101,31","","","","-14,00","","Nuageux"
"1987-11-15 22:00","1987","11","15","22:00"," ","","","","","","","","","","","","","","","","","","",""
"1987-11-15 22:30","1987","11","15","22:30"," ","-5,50","","-6,80","","91,00","","33,00","","33,00","","19,30","","101,37","","","","-14,00","","Nuageux"
"1987-11-15 23:00","1987","11","15","23:00"," ","","","","","","","","","","","","","","","","","","",""
"1987-11-15 23:30","1987","11","15","23:30"," ","-6,50","","-8,00","","89,00","","33,00","","33,00","","19,30","","101,41","","","","-15,00","","Généralement nuageux"
"1987-11-16 00:00","1987","11","16","00:00"," ","","","","","","","","","","","","","","","","","","",""
"1987-11-16 00:30","1987","11","16","00:30"," ","-6,80","","-10,40","","75,00","","32,00","","37,00","","19,30","","101,47","","","","-16,00","","Généralement nuageux"
"1987-11-16 01:00","1987","11","16","01:00"," ","","","","","","","","","","","","","","","","","","",""
"1987-11-16 01:30","1987","11","16","01:30"," ","-7,10","","-10,80","","75,00","","32,00","","35,00","","19,30","","101,54","","","","-16,00","","Généralement nuageux"
"1987-11-16 02:00","1987","11","16","02:00"," ","","","","","","","","","","","","","","","","","","",""
"1987-11-16 02:30","1987","11","16","02:30"," ","-7,30","","-10,40","","78,00","","32,00","","37,00","","19,30","","101,61","","","","-17,00","","Nuageux"
"1987-11-16 03:00","1987","11","16","03:00"," ","","","","","","","","","","","","","","","","","","",""
"1987-11-16 03:30","1987","11","16","03:30"," ","-7,50","","-9,50","","85,00","","32,00","","28,00","","6,40","","101,64","","","","-16,00","","Neige"
"1987-11-16 04:00","1987","11","16","04:00"," ","","","","","","","","","","","","","","","","","","",""
"1987-11-16 04:30","1987","11","16","04:30"," ","-7,40","","-9,30","","86,00","","32,00","","30,00","","4,80","","101,71","","","","-16,00","","Neige"
"1987-11-16 05:00","1987","11","16","05:00"," ","","","","","","","","","","","","","","","","","","",""
"1987-11-16 05:30","1987","11","16","05:30"," ","-7,00","","-8,90","","86,00","","32,00","","28,00","","6,40","","101,85","","","","-15,00","","Neige"
"1987-11-16 06:00","1987","11","16","06:00"," ","","","","","","","","","","","","","","","","","","",""
"1987-11-16 06:30","1987","11","16","06:30"," ","-6,40","","-8,30","","86,00","","32,00","","26,00","","9,70","","101,91","","","","-14,00","","Neige"
"1987-11-16 07:00","1987","11","16","07:00"," ","","","","","","","","","","","","","","","","","","",""
"1987-11-16 07:30","1987","11","16","07:30"," ","-6,50","","-8,30","","87,00","","32,00","","28,00","","8,00","","101,98","","","","-15,00","","Neige"
"1987-11-16 08:00","1987","11","16","08:00"," ","","","","","","","","","","","","","","","","","","",""
"1987-11-16 08:30","1987","11","16","08:30"," ","-6,00","","-8,80","","81,00","","32,00","","28,00","","9,70","","101,98","","","","-14,00","","Neige"
"1987-11-16 09:00","1987","11","16","09:00"," ","","","","","","","","","","","","","","","","","","",""
"1987-11-16 09:30","1987","11","16","09:30"," ","-5,70","","-8,90","","78,00","","32,00","","30,00","","9,70","","102,05","","","","-14,00","","Neige"
"1987-11-16 10:00","1987","11","16","10:00"," ","","","","","","","","","","","","","","","","","","",""
"1987-11-16 10:30","1987","11","16","10:30"," ","-6,30","","-8,40","","85,00","","32,00","","37,00","","9,70","","102,05","","","","-16,00","","Neige"
"1987-11-16 11:00","1987","11","16","11:00"," ","","","","","","","","","","","","","","","","","","",""
"1987-11-16 11:30","1987","11","16","11:30"," ","-6,50","","-8,70","","84,00","","32,00","","28,00","","6,40","","102,05","","","","-15,00","","Neige"
"1987-11-16 12:00","1987","11","16","12:00"," ","","","","","","","","","","","","","","","","","","",""
"1987-11-16 12:30","1987","11","16","12:30"," ","-7,20","","-9,60","","83,00","","32,00","","28,00","","6,40","","102,05","","","","-16,00","","Neige"
"1987-11-16 13:00","1987","11","16","13:00"," ","","","","","","","","","","","","","","","","","","",""
"1987-11-16 13:30","1987","11","16","13:30"," ","-7,50","","-9,50","","85,00","","32,00","","30,00","","6,40","","102,12","","","","-16,00","","Neige"
"1987-11-16 14:00","1987","11","16","14:00"," ","","","","","","","","","","","","","","","","","","",""
"1987-11-16 14:30","1987","11","16","14:30"," ","-7,70","","-9,90","","84,00","","32,00","","28,00","","9,70","","102,15","","","","-16,00","","Neige"
"1987-11-16 15:00","1987","11","16","15:00"," ","","","","","","","","","","","","","","","","","","",""
"1987-11-16 15:30","1987","11","16","15:30"," ","-7,60","","-9,90","","84,00","","32,00","","28,00","","12,90","","102,25","","","","-16,00","","Neige"
"1987-11-16 16:00","1987","11","16","16:00"," ","","","","","","","","","","","","","","","","","","",""
"1987-11-16 16:30","1987","11","16","16:30"," ","-6,00","","-6,00","","100,00","","32,00","","28,00","","16,10","","102,35","","","","-14,00","","Généralement nuageux"
"1987-11-16 17:00","1987","11","16","17:00"," ","","","","","","","","","","","","","","","","","","",""
"1987-11-16 17:30","1987","11","16","17:30"," ","-5,50","","-6,50","","93,00","","32,00","","43,00","","16,10","","102,42","","","","-15,00","","Généralement nuageux"
"1987-11-16 18:00","1987","11","16","18:00"," ","","","","","","","","","","","","","","","","","","",""
"1987-11-16 18:30","1987","11","16","18:30"," ","-5,20","","-7,10","","87,00","","33,00","","37,00","","16,10","","102,52","","","","-14,00","","Généralement nuageux"
"1987-11-16 19:00","1987","11","16","19:00"," ","","","","","","","","","","","","","","","","","","",""
"1987-11-16 19:30","1987","11","16","19:30"," ","-5,50","","-8,40","","80,00","","34,00","","37,00","","16,10","","102,56","","","","-14,00","","Généralement dégagé"
"1987-11-16 20:00","1987","11","16","20:00"," ","","","","","","","","","","","","","","","","","","",""
"1987-11-16 20:30","1987","11","16","20:30"," ","-5,60","","-8,10","","82,00","","34,00","","37,00","","16,10","","102,59","","","","-15,00","","Généralement dégagé"
"1987-11-16 21:00","1987","11","16","21:00"," ","","","","","","","","","","","","","","","","","","",""
"1987-11-16 21:30","1987","11","16","21:30"," ","-5,60","","-7,40","","87,00","","34,00","","26,00","","16,10","","102,62","","","","-13,00","","Généralement nuageux"
"1987-11-16 22:00","1987","11","16","22:00"," ","","","","","","","","","","","","","","","","","","",""
"1987-11-16 22:30","1987","11","16","22:30"," ","-5,80","","-7,40","","88,00","","34,00","","28,00","","16,10","","102,62","","","","-14,00","","Généralement nuageux"
"1987-11-16 23:00","1987","11","16","23:00"," ","","","","","","","","","","","","","","","","","","",""
"1987-11-16 23:30","1987","11","16","23:30"," ","-6,00","","-7,40","","90,00","","33,00","","28,00","","16,10","","102,62","","","","-14,00","","Généralement nuageux"
"1987-11-17 00:00","1987","11","17","00:00"," ","","","","","","","","","","","","","","","","","","",""
"1987-11-17 00:30","1987","11","17","00:30"," ","-6,00","","-7,40","","90,00","","36,00","","28,00","","19,30","","102,59","","","","-14,00","","Généralement nuageux"
"1987-11-17 01:00","1987","11","17","01:00"," ","","","","","","","","","","","","","","","","","","",""
"1987-11-17 01:30","1987","11","17","01:30"," ","-6,30","","-8,00","","88,00","","32,00","","30,00","","19,30","","102,59","","","","-15,00","","Généralement nuageux"
"1987-11-17 02:00","1987","11","17","02:00"," ","","","","","","","","","","","","","","","","","","",""
"1987-11-17 02:30","1987","11","17","02:30"," ","-6,20","","-8,00","","87,00","","33,00","","22,00","","19,30","","102,62","","","","-13,00","","Généralement nuageux"
"1987-11-17 03:00","1987","11","17","03:00"," ","","","","","","","","","","","","","","","","","","",""
"1987-11-17 03:30","1987","11","17","03:30"," ","-5,60","","-7,40","","87,00","","33,00","","28,00","","19,30","","102,66","","","","-14,00","","Généralement nuageux"
"1987-11-17 04:00","1987","11","17","04:00"," ","","","","","","","","","","","","","","","","","","",""
"1987-11-17 04:30","1987","11","17","04:30"," ","-5,60","","-7,40","","87,00","","33,00","","28,00","","19,30","","102,66","","","","-14,00","","Généralement nuageux"
"1987-11-17 05:00","1987","11","17","05:00"," ","","","","","","","","","","","","","","","","","","",""
"1987-11-17 05:30","1987","11","17","05:30"," ","-5,80","","-8,10","","83,00","","33,00","","30,00","","19,30","","102,66","","","","-14,00","","Généralement nuageux"
"1987-11-17 06:00","1987","11","17","06:00"," ","","","","","","","","","","","","","","","","","","",""
"1987-11-17 06:30","1987","11","17","06:30"," ","-4,80","","-6,30","","89,00","","32,00","","24,00","","19,30","","102,62","","","","-12,00","","Généralement dégagé"
"1987-11-17 07:00","1987","11","17","07:00"," ","","","","","","","","","","","","","","","","","","",""
"1987-11-17 07:30","1987","11","17","07:30"," ","-6,80","","-8,60","","87,00","","9,00","","4,00","","24,10","","102,59","","","","-9,00","","Généralement dégagé"
"1987-11-17 08:00","1987","11","17","08:00"," ","","","","","","","","","","","","","","","","","","",""
"1987-11-17 08:30","1987","11","17","08:30"," ","-7,00","","-9,30","","84,00","","14,00","","15,00","","24,10","","102,73","","","","-13,00","","Généralement nuageux"
"1987-11-17 09:00","1987","11","17","09:00"," ","","","","","","","","","","","","","","","","","","",""
"1987-11-17 09:30","1987","11","17","09:30"," ","-7,20","","-9,30","","85,00","","14,00","","7,00","","24,10","","102,69","","","","-11,00","","Généralement nuageux"
"1987-11-17 10:00","1987","11","17","10:00"," ","","","","","","","","","","","","","","","","","","",""
"1987-11-17 10:30","1987","11","17","10:30"," ","-6,80","","-10,00","","78,00","","18,00","","9,00","","24,10","","102,73","","","","-11,00","","Généralement dégagé"
"1987-11-17 11:00","1987","11","17","11:00"," ","","","","","","","","","","","","","","","","","","",""
"1987-11-17 11:30","1987","11","17","11:30"," ","-6,80","","-10,00","","78,00","","21,00","","17,00","","24,10","","102,59","","","","-13,00","","Généralement dégagé"
"1987-11-17 12:00","1987","11","17","12:00"," ","","","","","","","","","","","","","","","","","","",""
"1987-11-17 12:30","1987","11","17","12:30"," ","-3,80","","-5,10","","90,00","","23,00","","22,00","","24,10","","102,59","","","","-10,00","","Généralement dégagé"
"1987-11-17 13:00","1987","11","17","13:00"," ","","","","","","","","","","","","","","","","","","",""
"1987-11-17 13:30","1987","11","17","13:30"," ","-3,50","","-6,00","","83,00","","23,00","","28,00","","24,10","","102,39","","","","-11,00","","Généralement nuageux"
"1987-11-17 14:00","1987","11","17","14:00"," ","","","","","","","","","","","","","","","","","","",""
"1987-11-17 14:30","1987","11","17","14:30"," ","-3,40","","-5,10","","88,00","","23,00","","28,00","","24,10","","102,39","","","","-11,00","","Généralement nuageux"
"1987-11-17 15:00","1987","11","17","15:00"," ","","","","","","","","","","","","","","","","","","",""
"1987-11-17 15:30","1987","11","17","15:30"," ","-3,00","","-5,10","","85,00","","23,00","","28,00","","24,10","","102,22","","","","-10,00","","Généralement nuageux"
"1987-11-17 16:00","1987","11","17","16:00"," ","","","","","","","","","","","","","","","","","","",""
"1987-11-17 16:30","1987","11","17","16:30"," ","-1,20","","-2,20","","93,00","","23,00","","33,00","","24,10","","102,29","","","","-8,00","","Généralement nuageux"
"1987-11-17 17:00","1987","11","17","17:00"," ","","","","","","","","","","","","","","","","","","",""
"1987-11-17 17:30","1987","11","17","17:30"," ","-0,50","","-0,80","","98,00","","23,00","","35,00","","24,10","","102,18","","","","-8,00","","Généralement nuageux"
"1987-11-17 18:00","1987","11","17","18:00"," ","","","","","","","","","","","","","","","","","","",""
"1987-11-17 18:30","1987","11","17","18:30"," ","0,10","","-0,50","","96,00","","23,00","","39,00","","19,30","","102,08","","","","","","Neige"
"1987-11-17 19:00","1987","11","17","19:00"," ","","","","","","","","","","","","","","","","","","",""
"1987-11-17 19:30","1987","11","17","19:30"," ","-0,60","","-0,60","","100,00","","20,00","","28,00","","19,30","","101,98","","","","-7,00","","Neige"
"1987-11-17 20:00","1987","11","17","20:00"," ","","","","","","","","","","","","","","","","","","",""
"1987-11-17 20:30","1987","11","17","20:30"," ","0,30","","-0,70","","93,00","","20,00","","30,00","","19,30","","101,91","","","","","","Généralement nuageux"
"1987-11-17 21:00","1987","11","17","21:00"," ","","","","","","","","","","","","","","","","","","",""
"1987-11-17 21:30","1987","11","17","21:30"," ","0,00","","0,00","","100,00","","20,00","","28,00","","19,30","","101,78","","","","-6,00","","Nuageux"
"1987-11-17 22:00","1987","11","17","22:00"," ","","","","","","","","","","","","","","","","","","",""
"1987-11-17 22:30","1987","11","17","22:30"," ","0,40","","0,00","","97,00","","20,00","","37,00","","19,30","","101,64","","","","","","Neige"
"1987-11-17 23:00","1987","11","17","23:00"," ","","","","","","","","","","","","","","","","","","",""
"1987-11-17 23:30","1987","11","17","23:30"," ","1,60","","1,00","","96,00","","21,00","","46,00","","12,90","","101,58","","","","","","Pluie"
"1987-11-18 00:00","1987","11","18","00:00"," ","","","","","","","","","","","","","","","","","","",""
"1987-11-18 00:30","1987","11","18","00:30"," ","1,80","","1,50","","98,00","","23,00","","37,00","","12,90","","101,41","","","","","","Pluie"
"1987-11-18 01:00","1987","11","18","01:00"," ","","","","","","","","","","","","","","","","","","",""
"1987-11-18 01:30","1987","11","18","01:30"," ","1,60","","1,00","","96,00","","23,00","","41,00","","12,90","","101,34","","","","","","Pluie"
"1987-11-18 02:00","1987","11","18","02:00"," ","","","","","","","","","","","","","","","","","","",""
"1987-11-18 02:30","1987","11","18","02:30"," ","1,20","","0,50","","95,00","","23,00","","46,00","","16,10","","101,27","","","","","","Pluie"
"1987-11-18 03:00","1987","11","18","03:00"," ","","","","","","","","","","","","","","","","","","",""
"1987-11-18 03:30","1987","11","18","03:30"," ","1,50","","1,00","","96,00","","23,00","","46,00","","","","","","","","","","ND"
"1987-11-18 04:00","1987","11","18","04:00"," ","","","","","","","","","","","","","","","","","","",""
"1987-11-18 04:30","1987","11","18","04:30"," ","1,80","","1,50","","98,00","","23,00","","46,00","","12,90","","101,18","","","","","","Pluie"
"1987-11-18 05:00","1987","11","18","05:00"," ","","","","","","","","","","","","","","","","","","",""
"1987-11-18 05:30","1987","11","18","05:30"," ","2,20","","2,00","","98,00","","23,00","","41,00","","16,10","","101,00","","","","","","Pluie"
"1987-11-18 06:00","1987","11","18","06:00"," ","","","","","","","","","","","","","","","","","","",""
"1987-11-18 06:30","1987","11","18","06:30"," ","2,30","","1,10","","92,00","","23,00","","37,00","","12,90","","100,90","","","","","","Pluie"
"1987-11-18 07:00","1987","11","18","07:00"," ","","","","","","","","","","","","","","","","","","",""
"1987-11-18 07:30","1987","11","18","07:30"," ","3,00","","2,60","","97,00","","23,00","","46,00","","6,40","","100,90","","","","","","Pluie,Brouillard"
"1987-11-18 08:00","1987","11","18","08:00"," ","","","","","","","","","","","","","","","","","","",""
"1987-11-18 08:30","1987","11","18","08:30"," ","4,50","","4,10","","97,00","","23,00","","46,00","","6,40","","100,90","","","","","","Pluie,Brouillard"
"1987-11-18 09:00","1987","11","18","09:00"," ","","","","","","","","","","","","","","","","","","",""
"1987-11-18 09:30","1987","11","18","09:30"," ","5,10","","4,60","","97,00","","21,00","","41,00","","6,40","","100,83","","","","","","Brouillard"
"1987-11-18 10:00","1987","11","18","10:00"," ","","","","","","","","","","","","","","","","","","",""
"1987-11-18 10:30","1987","11","18","10:30"," ","6,00","","6,00","","100,00","","20,00","","30,00","","6,40","","100,73","","","","","","Bruine,Brouillard"
"1987-11-18 11:00","1987","11","18","11:00"," ","","","","","","","","","","","","","","","","","","",""
"1987-11-18 11:30","1987","11","18","11:30"," ","6,40","","6,10","","98,00","","21,00","","37,00","","6,40","","100,53","","","","","","Pluie,Brouillard"
"1987-11-18 12:00","1987","11","18","12:00"," ","","","","","","","","","","","","","","","","","","",""
"1987-11-18 12:30","1987","11","18","12:30"," ","8,00","","7,60","","97,00","","21,00","","46,00","","6,40","","100,43","","","","","","Bruine,Brouillard"
"1987-11-18 13:00","1987","11","18","13:00"," ","","","","","","","","","","","","","","","","","","",""
"1987-11-18 13:30","1987","11","18","13:30"," ","7,50","","7,50","","100,00","","21,00","","46,00","","6,40","","100,26","","","","","","Bruine,Brouillard"
"1987-11-18 14:00","1987","11","18","14:00"," ","","","","","","","","","","","","","","","","","","",""
"1987-11-18 14:30","1987","11","18","14:30"," ","7,50","","6,30","","92,00","","21,00","","46,00","","6,40","","100,12","","","","","","Averses de pluie,Brouillard"
"1987-11-18 15:00","1987","11","18","15:00"," ","","","","","","","","","","","","","","","","","","",""
"1987-11-18 15:30","1987","11","18","15:30"," ","7,90","","7,20","","96,00","","21,00","","48,00","","6,40","","99,92","","","","","","Pluie modérée,Brouillard"
"1987-11-18 16:00","1987","11","18","16:00"," ","","","","","","","","","","","","","","","","","","",""
"1987-11-18 16:30","1987","11","18","16:30"," ","8,00","","8,00","","100,00","","23,00","","37,00","","4,80","","99,92","","","","","","Pluie modérée,Brouillard"
"1987-11-18 17:00","1987","11","18","17:00"," ","","","","","","","","","","","","","","","","","","",""
"1987-11-18 17:30","1987","11","18","17:30"," ","8,10","","8,10","","100,00","","23,00","","56,00","","4,80","","99,75","","","","","","Pluie modérée,Brouillard"
"1987-11-18 18:00","1987","11","18","18:00"," ","","","","","","","","","","","","","","","","","","",""
"1987-11-18 18:30","1987","11","18","18:30"," ","8,30","","8,30","","100,00","","23,00","","46,00","","4,80","","99,78","","","","","","Pluie,Brouillard"
"1987-11-18 19:00","1987","11","18","19:00"," ","","","","","","","","","","","","","","","","","","",""
"1987-11-18 19:30","1987","11","18","19:30"," ","8,50","","8,50","","100,00","","23,00","","41,00","","4,80","","99,75","","","","","","Pluie,Brouillard"
"1987-11-18 20:00","1987","11","18","20:00"," ","","","","","","","","","","","","","","","","","","",""
"1987-11-18 20:30","1987","11","18","20:30"," ","8,70","","8,70","","100,00","","23,00","","46,00","","4,80","","99,68","","","","","","Pluie,Brouillard"
"1987-11-18 21:00","1987","11","18","21:00"," ","","","","","","","","","","","","","","","","","","",""
"1987-11-18 21:30","1987","11","18","21:30"," ","8,50","","8,50","","100,00","","23,00","","41,00","","0,80","","99,75","","","","","","Brouillard"
"1987-11-18 22:00","1987","11","18","22:00"," ","","","","","","","","","","","","","","","","","","",""
"1987-11-18 22:30","1987","11","18","22:30"," ","8,20","","8,20","","100,00","","23,00","","37,00","","0,80","","99,75","","","","","","Brouillard"
"1987-11-18 23:00","1987","11","18","23:00"," ","","","","","","","","","","","","","","","","","","",""
"1987-11-18 23:30","1987","11","18","23:30"," ","7,00","","7,00","","100,00","","23,00","","28,00","","0,80","","99,75","","","","","","Brouillard"
"1987-11-19 00:00","1987","11","19","00:00"," ","","","","","","","","","","","","","","","","","","",""
"1987-11-19 00:30","1987","11","19","00:30"," ","5,00","","5,00","","100,00","","21,00","","30,00","","0,20","","99,68","","","","","","Brouillard"
"1987-11-19 01:00","1987","11","19","01:00"," ","","","","","","","","","","","","","","","","","","",""
"1987-11-19 01:30","1987","11","19","01:30"," ","5,50","","5,50","","100,00","","21,00","","35,00","","0,20","","99,68","","","","","","Brouillard"
"1987-11-19 02:00","1987","11","19","02:00"," ","","","","","","","","","","","","","","","","","","",""
"1987-11-19 02:30","1987","11","19","02:30"," ","5,50","","5,50","","100,00","","21,00","","30,00","","0,20","","99,68","","","","","","Brouillard"
"1987-11-19 03:00","1987","11","19","03:00"," ","","","","","","","","","","","","","","","","","","",""
"1987-11-19 03:30","1987","11","19","03:30"," ","6,00","","6,00","","100,00","","21,00","","33,00","","0,80","","99,68","","","","","","Brouillard"
"1987-11-19 04:00","1987","11","19","04:00"," ","","","","","","","","","","","","","","","","","","",""
"1987-11-19 04:30","1987","11","19","04:30"," ","6,00","","6,00","","100,00","","21,00","","30,00","","0,80","","99,75","","","","","","Brouillard"
"1987-11-19 05:00","1987","11","19","05:00"," ","","","","","","","","","","","","","","","","","","",""
"1987-11-19 05:30","1987","11","19","05:30"," ","6,20","","6,20","","100,00","","21,00","","33,00","","0,80","","99,82","","","","","","Brouillard"
"1987-11-19 06:00","1987","11","19","06:00"," ","","","","","","","","","","","","","","","","","","",""
"1987-11-19 06:30","1987","11","19","06:30"," ","5,80","","5,80","","100,00","","22,00","","33,00","","6,40","","99,89","","","","","","Brouillard"
"1987-11-19 07:00","1987","11","19","07:00"," ","","","","","","","","","","","","","","","","","","",""
"1987-11-19 07:30","1987","11","19","07:30"," ","5,00","","3,70","","91,00","","22,00","","30,00","","6,40","","99,95","","","","","","Brouillard"
"1987-11-19 08:00","1987","11","19","08:00"," ","","","","","","","","","","","","","","","","","","",""
"1987-11-19 08:30","1987","11","19","08:30"," ","4,20","","2,20","","87,00","","22,00","","33,00","","6,40","","100,19","","","","","","Brouillard"
"1987-11-19 09:00","1987","11","19","09:00"," ","","","","","","","","","","","","","","","","","","",""
"1987-11-19 09:30","1987","11","19","09:30"," ","3,90","","1,70","","86,00","","22,00","","33,00","","6,40","","100,33","","","","","","Brouillard"
"1987-11-19 10:00","1987","11","19","10:00"," ","","","","","","","","","","","","","","","","","","",""
"1987-11-19 10:30","1987","11","19","10:30"," ","3,60","","2,20","","91,00","","24,00","","30,00","","6,40","","100,39","","","","","","Brouillard"
"1987-11-19 11:00","1987","11","19","11:00"," ","","","","","","","","","","","","","","","","","","",""
"1987-11-19 11:30","1987","11","19","11:30"," ","3,50","","2,20","","91,00","","24,00","","33,00","","6,40","","100,43","","","","","","Brouillard"
"1987-11-19 12:00","1987","11","19","12:00"," ","","","","","","","","","","","","","","","","","","",""
"1987-11-19 12:30","1987","11","19","12:30"," ","3,30","","0,20","","80,00","","28,00","","20,00","","8,00","","100,46","","","","","","Brouillard"
"1987-11-19 13:00","1987","11","19","13:00"," ","","","","","","","","","","","","","","","","","","",""
"1987-11-19 13:30","1987","11","19","13:30"," ","2,90","","-1,50","","73,00","","28,00","","28,00","","24,10","","100,56","","","","","","Généralement nuageux"
"1987-11-19 14:00","1987","11","19","14:00"," ","","","","","","","","","","","","","","","","","","",""
"1987-11-19 14:30","1987","11","19","14:30"," ","2,90","","-0,90","","76,00","","28,00","","19,00","","24,10","","100,66","","","","","","Généralement nuageux"
"1987-11-19 15:00","1987","11","19","15:00"," ","","","","","","","","","","","","","","","","","","",""
"1987-11-19 15:30","1987","11","19","15:30"," ","2,70","","0,10","","83,00","","25,00","","28,00","","24,10","","100,76","","","","","","Généralement nuageux"
"1987-11-19 16:00","1987","11","19","16:00"," ","","","","","","","","","","","","","","","","","","",""
"1987-11-19 16:30","1987","11","19","16:30"," ","2,50","","-2,00","","72,00","","23,00","","26,00","","24,10","","100,83","","","","","","Généralement nuageux"
"1987-11-19 17:00","1987","11","19","17:00"," ","","","","","","","","","","","","","","","","","","",""
"1987-11-19 17:30","1987","11","19","17:30"," ","2,20","","-1,00","","79,00","","23,00","","26,00","","24,10","","100,93","","","","","","Généralement nuageux"
"1987-11-19 18:00","1987","11","19","18:00"," ","","","","","","","","","","","","","","","","","","",""
"1987-11-19 18:30","1987","11","19","18:30"," ","2,00","","-0,40","","84,00","","23,00","","28,00","","24,10","","101,07","","","","","","Nuageux"
"1987-11-19 19:00","1987","11","19","19:00"," ","","","","","","","","","","","","","","","","","","",""
"1987-11-19 19:30","1987","11","19","19:30"," ","1,80","","0,60","","92,00","","23,00","","28,00","","24,10","","101,10","","","","","","Nuageux"
"1987-11-19 20:00","1987","11","19","20:00"," ","","","","","","","","","","","","","","","","","","",""
"1987-11-19 20:30","1987","11","19","20:30"," ","1,60","","0,50","","92,00","","23,00","","28,00","","24,10","","101,20","","","","","","Généralement nuageux"
"1987-11-19 21:00","1987","11","19","21:00"," ","","","","","","","","","","","","","","","","","","",""
"1987-11-19 21:30","1987","11","19","21:30"," ","1,20","","0,50","","95,00","","23,00","","30,00","","24,10","","101,31","","","","","","Généralement nuageux"
"1987-11-19 22:00","1987","11","19","22:00"," ","","","","","","","","","","","","","","","","","","",""
"1987-11-19 22:30","1987","11","19","22:30"," ","1,10","","0,00","","92,00","","23,00","","28,00","","24,10","","101,37","","","","","","Généralement nuageux"
"1987-11-19 23:00","1987","11","19","23:00"," ","","","","","","","","","","","","","","","","","","",""
"1987-11-19 23:30","1987","11","19","23:30"," ","1,00","","0,00","","93,00","","23,00","","26,00","","24,10","","101,41","","","","","","Généralement nuageux"
"1987-11-20 00:00","1987","11","20","00:00"," ","","","","","","","","","","","","","","","","","","",""
"1987-11-20 00:30","1987","11","20","00:30"," ","1,20","","-1,00","","85,00","","23,00","","22,00","","24,10","","101,47","","","","","","Généralement dégagé"
"1987-11-20 01:00","1987","11","20","01:00"," ","","","","","","","","","","","","","","","","","","",""
"1987-11-20 01:30","1987","11","20","01:30"," ","1,40","","-1,50","","81,00","","23,00","","22,00","","24,10","","101,51","","","","","","Dégagé"
"1987-11-20 02:00","1987","11","20","02:00"," ","","","","","","","","","","","","","","","","","","",""
"1987-11-20 02:30","1987","11","20","02:30"," ","1,50","","-1,00","","83,00","","23,00","","26,00","","24,10","","101,58","","","","","","Dégagé"
"1987-11-20 03:00","1987","11","20","03:00"," ","","","","","","","","","","","","","","","","","","",""
"1987-11-20 03:30","1987","11","20","03:30"," ","1,70","","0,00","","88,00","","23,00","","26,00","","24,10","","101,61","","","","","","Dégagé"
"1987-11-20 04:00","1987","11","20","04:00"," ","","","","","","","","","","","","","","","","","","",""
"1987-11-20 04:30","1987","11","20","04:30"," ","1,50","","0,00","","90,00","","23,00","","22,00","","24,10","","101,68","","","","","","Dégagé"
"1987-11-20 05:00","1987","11","20","05:00"," ","","","","","","","","","","","","","","","","","","",""
"1987-11-20 05:30","1987","11","20","05:30"," ","1,20","","0,00","","92,00","","14,00","","15,00","","24,10","","101,71","","","","","","Dégagé"
"1987-11-20 06:00","1987","11","20","06:00"," ","","","","","","","","","","","","","","","","","","",""
"1987-11-20 06:30","1987","11","20","06:30"," ","1,00","","0,00","","93,00","","14,00","","11,00","","24,10","","101,75","","","","","","Dégagé"
"1987-11-20 07:00","1987","11","20","07:00"," ","","","","","","","","","","","","","","","","","","",""
"1987-11-20 07:30","1987","11","20","07:30"," ","-1,40","","-2,20","","94,00","","14,00","","13,00","","24,10","","101,81","","","","-6,00","","Dégagé"
"1987-11-20 08:00","1987","11","20","08:00"," ","","","","","","","","","","","","","","","","","","",""
"1987-11-20 08:30","1987","11","20","08:30"," ","-1,00","","-3,00","","86,00","","12,00","","15,00","","24,10","","101,85","","","","-6,00","","Généralement dégagé"
"1987-11-20 09:00","1987","11","20","09:00"," ","","","","","","","","","","","","","","","","","","",""
"1987-11-20 09:30","1987","11","20","09:30"," ","1,00","","0,50","","96,00","","12,00","","11,00","","24,10","","101,85","","","","","","Généralement dégagé"
"1987-11-20 10:00","1987","11","20","10:00"," ","","","","","","","","","","","","","","","","","","",""
"1987-11-20 10:30","1987","11","20","10:30"," ","2,00","","-2,60","","71,00","","12,00","","15,00","","24,10","","101,81","","","","","","Généralement dégagé"
"1987-11-20 11:00","1987","11","20","11:00"," ","","","","","","","","","","","","","","","","","","",""
"1987-11-20 11:30","1987","11","20","11:30"," ","3,00","","-3,80","","61,00","","14,00","","9,00","","24,10","","101,75","","","","","","Généralement dégagé"
"1987-11-20 12:00","1987","11","20","12:00"," ","","","","","","","","","","","","","","","","","","",""
"1987-11-20 12:30","1987","11","20","12:30"," ","4,00","","-3,80","","57,00","","18,00","","4,00","","24,10","","101,71","","","","","","Généralement nuageux"
"1987-11-20 13:00","1987","11","20","13:00"," ","","","","","","","","","","","","","","","","","","",""
"1987-11-20 13:30","1987","11","20","13:30"," ","3,00","","-3,80","","61,00","","24,00","","7,00","","24,10","","101,75","","","","","","Généralement nuageux"
"1987-11-20 14:00","1987","11","20","14:00"," ","","","","","","","","","","","","","","","","","","",""
"1987-11-20 14:30","1987","11","20","14:30"," ","3,00","","-4,50","","58,00","","5,00","","2,00","","24,10","","101,71","","","","","","Généralement nuageux"
"1987-11-20 15:00","1987","11","20","15:00"," ","","","","","","","","","","","","","","","","","","",""
"1987-11-20 15:30","1987","11","20","15:30"," ","3,10","","-3,60","","61,00","","9,00","","11,00","","24,10","","101,61","","","","","","Nuageux"
"1987-11-20 16:00","1987","11","20","16:00"," ","","","","","","","","","","","","","","","","","","",""
"1987-11-20 16:30","1987","11","20","16:30"," ","3,00","","-2,00","","70,00","","9,00","","11,00","","24,10","","101,68","","","","","","Nuageux"
"1987-11-20 17:00","1987","11","20","17:00"," ","","","","","","","","","","","","","","","","","","",""
"1987-11-20 17:30","1987","11","20","17:30"," ","2,80","","-0,90","","77,00","","14,00","","26,00","","24,10","","101,54","","","","","","Nuageux"
"1987-11-20 18:00","1987","11","20","18:00"," ","","","","","","","","","","","","","","","","","","",""
"1987-11-20 18:30","1987","11","20","18:30"," ","2,60","","-0,40","","81,00","","14,00","","19,00","","24,10","","101,47","","","","","","Nuageux"
"1987-11-20 19:00","1987","11","20","19:00"," ","","","","","","","","","","","","","","","","","","",""
"1987-11-20 19:30","1987","11","20","19:30"," ","2,50","","-0,40","","81,00","","14,00","","22,00","","24,10","","101,37","","","","","","Nuageux"
"1987-11-20 20:00","1987","11","20","20:00"," ","","","","","","","","","","","","","","","","","","",""
"1987-11-20 20:30","1987","11","20","20:30"," ","2,40","","-0,40","","82,00","","9,00","","26,00","","24,10","","101,17","","","","","","Nuageux"
"1987-11-20 21:00","1987","11","20","21:00"," ","","","","","","","","","","","","","","","","","","",""
"1987-11-20 21:30","1987","11","20","21:30"," ","2,20","","-0,40","","83,00","","14,00","","28,00","","24,10","","101,07","","","","","","Nuageux"
"1987-11-20 22:00","1987","11","20","22:00"," ","","","","","","","","","","","","","","","","","","",""
"1987-11-20 22:30","1987","11","20","22:30"," ","2,00","","-0,40","","84,00","","14,00","","28,00","","19,30","","100,80","","","","","","Pluie"
"1987-11-20 23:00","1987","11","20","23:00"," ","","","","","","","","","","","","","","","","","","",""
"1987-11-20 23:30","1987","11","20","23:30"," ","2,40","","-1,00","","78,00","","9,00","","44,00","","16,10","","100,49","","","","","","Pluie"
"1987-11-21 00:00","1987","11","21","00:00"," ","","","","","","","","","","","","","","","","","","",""
"1987-11-21 00:30","1987","11","21","00:30"," ","3,50","","2,60","","94,00","","12,00","","37,00","","16,10","","100,46","","","","","","Pluie modérée"
"1987-11-21 01:00","1987","11","21","01:00"," ","","","","","","","","","","","","","","","","","","",""
"1987-11-21 01:30","1987","11","21","01:30"," ","3,80","","1,70","","86,00","","8,00","","28,00","","16,10","","100,20","","","","","","Pluie modérée"
"1987-11-21 02:00","1987","11","21","02:00"," ","","","","","","","","","","","","","","","","","","",""
"1987-11-21 02:30","1987","11","21","02:30"," ","5,20","","0,20","","70,00","","9,00","","65,00","","16,10","","99,75","","","","","","Pluie modérée"
"1987-11-21 03:00","1987","11","21","03:00"," ","","","","","","","","","","","","","","","","","","",""
"1987-11-21 03:30","1987","11","21","03:30"," ","4,40","","2,30","","86,00","","14,00","","56,00","","16,10","","99,48","","","","","","Pluie modérée"
"1987-11-21 04:00","1987","11","21","04:00"," ","","","","","","","","","","","","","","","","","","",""
"1987-11-21 04:30","1987","11","21","04:30"," ","4,40","","1,80","","83,00","","20,00","","56,00","","16,10","","99,35","","","","","","Pluie modérée"
"1987-11-21 05:00","1987","11","21","05:00"," ","","","","","","","","","","","","","","","","","","",""
"1987-11-21 05:30","1987","11","21","05:30"," ","6,20","","3,40","","82,00","","16,00","","37,00","","16,10","","99,31","","","","","","Nuageux"
"1987-11-21 06:00","1987","11","21","06:00"," ","","","","","","","","","","","","","","","","","","",""
"1987-11-21 06:30","1987","11","21","06:30"," ","6,90","","6,20","","96,00","","16,00","","37,00","","16,10","","99,28","","","","","","Généralement nuageux"
"1987-11-21 07:00","1987","11","21","07:00"," ","","","","","","","","","","","","","","","","","","",""
"1987-11-21 07:30","1987","11","21","07:30"," ","9,30","","8,80","","97,00","","16,00","","33,00","","16,10","","99,35","","","","","","Nuageux"
"1987-11-21 08:00","1987","11","21","08:00"," ","","","","","","","","","","","","","","","","","","",""
"1987-11-21 08:30","1987","11","21","08:30"," ","9,50","","8,40","","93,00","","14,00","","19,00","","19,30","","99,48","","","","","","Nuageux"
"1987-11-21 09:00","1987","11","21","09:00"," ","","","","","","","","","","","","","","","","","","",""
"1987-11-21 09:30","1987","11","21","09:30"," ","9,70","","8,40","","91,00","","14,00","","17,00","","24,10","","99,58","","","","","","Nuageux"
"1987-11-21 10:00","1987","11","21","10:00"," ","","","","","","","","","","","","","","","","","","",""
"1987-11-21 10:30","1987","11","21","10:30"," ","9,20","","8,30","","94,00","","23,00","","26,00","","24,10","","99,78","","","","","","Nuageux"
"1987-11-21 11:00","1987","11","21","11:00"," ","","","","","","","","","","","","","","","","","","",""
"1987-11-21 11:30","1987","11","21","11:30"," ","8,80","","8,30","","97,00","","23,00","","28,00","","24,10","","99,85","","","","","","Nuageux"
"1987-11-21 12:00","1987","11","21","12:00"," ","","","","","","","","","","","","","","","","","","",""
"1987-11-21 12:30","1987","11","21","12:30"," ","8,50","","7,70","","95,00","","5,00","","4,00","","16,10","","99,68","","","","","","Pluie"
"1987-11-21 13:00","1987","11","21","13:00"," ","","","","","","","","","","","","","","","","","","",""
"1987-11-21 13:30","1987","11","21","13:30"," ","8,30","","7,20","","93,00","","5,00","","7,00","","12,90","","99,68","","","","","","Pluie"
"1987-11-21 14:00","1987","11","21","14:00"," ","","","","","","","","","","","","","","","","","","",""
"1987-11-21 14:30","1987","11","21","14:30"," ","8,00","","7,20","","95,00","","5,00","","19,00","","4,80","","99,55","","","","","","Pluie,Brouillard"
"1987-11-21 15:00","1987","11","21","15:00"," ","","","","","","","","","","","","","","","","","","",""
"1987-11-21 15:30","1987","11","21","15:30"," ","7,70","","6,70","","93,00","","5,00","","15,00","","4,80","","99,38","","","","","","Pluie,Brouillard"
"1987-11-21 16:00","1987","11","21","16:00"," ","","","","","","","","","","","","","","","","","","",""
"1987-11-21 16:30","1987","11","21","16:30"," ","7,50","","6,70","","95,00","","5,00","","11,00","","6,40","","99,24","","","","","","Pluie,Brouillard"
"1987-11-21 17:00","1987","11","21","17:00"," ","","","","","","","","","","","","","","","","","","",""
"1987-11-21 17:30","1987","11","21","17:30"," ","7,50","","6,70","","95,00","","12,00","","20,00","","6,40","","99,08","","","","","","Pluie,Brouillard"
"1987-11-21 18:00","1987","11","21","18:00"," ","","","","","","","","","","","","","","","","","","",""
"1987-11-21 18:30","1987","11","21","18:30"," ","11,50","","8,60","","82,00","","14,00","","30,00","","6,40","","98,94","","","","","","Averses de pluie,Brouillard"
"1987-11-21 19:00","1987","11","21","19:00"," ","","","","","","","","","","","","","","","","","","",""
"1987-11-21 19:30","1987","11","21","19:30"," ","13,00","","12,00","","94,00","","12,00","","33,00","","6,40","","98,80","","","","","","Averses de pluie,Brouillard"
"1987-11-21 20:00","1987","11","21","20:00"," ","","","","","","","","","","","","","","","","","","",""
"1987-11-21 20:30","1987","11","21","20:30"," ","14,00","","14,00","","100,00","","18,00","","39,00","","6,40","","98,77","","","","","","Averses de pluie,Brouillard"
"1987-11-21 21:00","1987","11","21","21:00"," ","","","","","","","","","","","","","","","","","","",""
"1987-11-21 21:30","1987","11","21","21:30"," ","15,00","","15,00","","100,00","","15,00","","43,00","","12,90","","98,74","","","","","","Nuageux"
"1987-11-21 22:00","1987","11","21","22:00"," ","","","","","","","","","","","","","","","","","","",""
"1987-11-21 22:30","1987","11","21","22:30"," ","14,80","","14,70","","100,00","","15,00","","33,00","","12,90","","98,70","","","","","","Nuageux"
"1987-11-21 23:00","1987","11","21","23:00"," ","","","","","","","","","","","","","","","","","","",""
"1987-11-21 23:30","1987","11","21","23:30"," ","14,00","","13,70","","98,00","","15,00","","33,00","","12,90","","98,70","","","","","","Nuageux"
"1987-11-22 00:00","1987","11","22","00:00"," ","","","","","","","","","","","","","","","","","","",""
"1987-11-22 00:30","1987","11","22","00:30"," ","14,00","","13,30","","95,00","","15,00","","28,00","","12,90","","98,70","","","","","","Pluie"
"1987-11-22 01:00","1987","11","22","01:00"," ","","","","","","","","","","","","","","","","","","",""
"1987-11-22 01:30","1987","11","22","01:30"," ","13,00","","12,70","","98,00","","13,00","","28,00","","16,10","","98,67","","","","","","Nuageux"
"1987-11-22 02:00","1987","11","22","02:00"," ","","","","","","","","","","","","","","","","","","",""
"1987-11-22 02:30","1987","11","22","02:30"," ","12,80","","11,60","","93,00","","15,00","","28,00","","16,10","","98,57","","","","","","Nuageux"
"1987-11-22 03:00","1987","11","22","03:00"," ","","","","","","","","","","","","","","","","","","",""
"1987-11-22 03:30","1987","11","22","03:30"," ","13,20","","10,90","","86,00","","15,00","","28,00","","16,10","","98,47","","","","","","Nuageux"
"1987-11-22 04:00","1987","11","22","04:00"," ","","","","","","","","","","","","","","","","","","",""
"1987-11-22 04:30","1987","11","22","04:30"," ","13,00","","11,50","","91,00","","18,00","","31,00","","16,10","","98,70","","","","","","Nuageux"
"1987-11-22 05:00","1987","11","22","05:00"," ","","","","","","","","","","","","","","","","","","",""
"1987-11-22 05:30","1987","11","22","05:30"," ","13,00","","12,70","","98,00","","16,00","","37,00","","16,10","","98,67","","","","","","Généralement nuageux"
"1987-11-22 06:00","1987","11","22","06:00"," ","","","","","","","","","","","","","","","","","","",""
"1987-11-22 06:30","1987","11","22","06:30"," ","12,50","","11,50","","94,00","","15,00","","56,00","","16,10","","98,57","","","","","","Généralement nuageux"
"1987-11-22 07:00","1987","11","22","07:00"," ","","","","","","","","","","","","","","","","","","",""
"1987-11-22 07:30","1987","11","22","07:30"," ","12,00","","11,70","","98,00","","15,00","","46,00","","16,10","","98,70","","","","","","Généralement nuageux"
"1987-11-22 08:00","1987","11","22","08:00"," ","","","","","","","","","","","","","","","","","","",""
"1987-11-22 08:30","1987","11","22","08:30"," ","11,00","","10,60","","97,00","","15,00","","39,00","","24,10","","98,80","","","","","","Généralement dégagé"
"1987-11-22 09:00","1987","11","22","09:00"," ","","","","","","","","","","","","","","","","","","",""
"1987-11-22 09:30","1987","11","22","09:30"," ","12,00","","11,00","","94,00","","18,00","","39,00","","24,10","","99,21","","","","","","Généralement dégagé"
"1987-11-22 10:00","1987","11","22","10:00"," ","","","","","","","","","","","","","","","","","","",""
"1987-11-22 10:30","1987","11","22","10:30"," ","8,00","","7,20","","95,00","","18,00","","28,00","","24,10","","99,35","","","","","","Généralement dégagé"
"1987-11-22 11:00","1987","11","22","11:00"," ","","","","","","","","","","","","","","","","","","",""
"1987-11-22 11:30","1987","11","22","11:30"," ","8,00","","6,80","","92,00","","18,00","","26,00","","24,10","","99,38","","","","","","Généralement dégagé"
"1987-11-22 12:00","1987","11","22","12:00"," ","","","","","","","","","","","","","","","","","","",""
"1987-11-22 12:30","1987","11","22","12:30"," ","5,00","","4,60","","97,00","","23,00","","26,00","","24,10","","99,45","","","","","","Généralement nuageux"
"1987-11-22 13:00","1987","11","22","13:00"," ","","","","","","","","","","","","","","","","","","",""
"1987-11-22 13:30","1987","11","22","13:30"," ","4,00","","3,10","","94,00","","24,00","","22,00","","24,10","","99,48","","","","","","Généralement nuageux"
"1987-11-22 14:00","1987","11","22","14:00"," ","","","","","","","","","","","","","","","","","","",""
"1987-11-22 14:30","1987","11","22","14:30"," ","5,00","","5,00","","100,00","","24,00","","20,00","","19,30","","99,51","","","","","","Nuageux"
"1987-11-22 15:00","1987","11","22","15:00"," ","","","","","","","","","","","","","","","","","","",""
"1987-11-22 15:30","1987","11","22","15:30"," ","4,00","","3,60","","97,00","","6,00","","7,00","","19,30","","99,58","","","","","","Nuageux"
"1987-11-22 16:00","1987","11","22","16:00"," ","","","","","","","","","","","","","","","","","","",""
"1987-11-22 16:30","1987","11","22","16:30"," ","4,00","","4,00","","100,00","","0,00","","0,00","","9,70","","99,65","","","","","","Pluie,Brouillard"
"1987-11-22 17:00","1987","11","22","17:00"," ","","","","","","","","","","","","","","","","","","",""
"1987-11-22 17:30","1987","11","22","17:30"," ","4,20","","4,20","","100,00","","0,00","","0,00","","9,70","","99,58","","","","","","Pluie,Brouillard"
"1987-11-22 18:00","1987","11","22","18:00"," ","","","","","","","","","","","","","","","","","","",""
"1987-11-22 18:30","1987","11","22","18:30"," ","4,00","","4,00","","100,00","","27,00","","19,00","","8,00","","99,58","","","","","","Pluie,Brouillard"
"1987-11-22 19:00","1987","11","22","19:00"," ","","","","","","","","","","","","","","","","","","",""
"1987-11-22 19:30","1987","11","22","19:30"," ","3,50","","3,50","","100,00","","27,00","","22,00","","8,00","","99,55","","","","","","Pluie,Brouillard"
"1987-11-22 20:00","1987","11","22","20:00"," ","","","","","","","","","","","","","","","","","","",""
"1987-11-22 20:30","1987","11","22","20:30"," ","3,00","","3,00","","100,00","","23,00","","26,00","","6,40","","99,55","","","","","","Pluie,Brouillard"
"1987-11-22 21:00","1987","11","22","21:00"," ","","","","","","","","","","","","","","","","","","",""
"1987-11-22 21:30","1987","11","22","21:30"," ","2,60","","2,00","","96,00","","23,00","","28,00","","6,40","","99,58","","","","","","Pluie,Brouillard"
"1987-11-22 22:00","1987","11","22","22:00"," ","","","","","","","","","","","","","","","","","","",""
"1987-11-22 22:30","1987","11","22","22:30"," ","2,50","","1,60","","94,00","","23,00","","30,00","","6,40","","99,68","","","","","","Pluie,Brouillard"
"1987-11-22 23:00","1987","11","22","23:00"," ","","","","","","","","","","","","","","","","","","",""
"1987-11-22 23:30","1987","11","22","23:30"," ","2,20","","1,50","","95,00","","23,00","","28,00","","9,70","","99,75","","","","","","Pluie,Brouillard"
"1987-11-23 00:00","1987","11","23","00:00"," ","","","","","","","","","","","","","","","","","","",""
"1987-11-23 00:30","1987","11","23","00:30"," ","2,20","","1,50","","95,00","","24,00","","33,00","","9,70","","99,75","","","","","","Pluie,Brouillard"
"1987-11-23 01:00","1987","11","23","01:00"," ","","","","","","","","","","","","","","","","","","",""
"1987-11-23 01:30","1987","11","23","01:30"," ","2,00","","1,50","","96,00","","24,00","","37,00","","9,70","","99,85","","","","","","Pluie,Brouillard"
"1987-11-23 02:00","1987","11","23","02:00"," ","","","","","","","","","","","","","","","","","","",""
"1987-11-23 02:30","1987","11","23","02:30"," ","1,80","","1,50","","98,00","","23,00","","33,00","","16,10","","99,99","","","","","","Nuageux"
"1987-11-23 03:00","1987","11","23","03:00"," ","","","","","","","","","","","","","","","","","","",""
"1987-11-23 03:30","1987","11","23","03:30"," ","1,60","","0,50","","92,00","","23,00","","28,00","","19,30","","100,12","","","","","","Nuageux"
"1987-11-23 04:00","1987","11","23","04:00"," ","","","","","","","","","","","","","","","","","","",""
"1987-11-23 04:30","1987","11","23","04:30"," ","1,50","","0,50","","93,00","","23,00","","37,00","","19,30","","100,16","","","","","","Nuageux"
"1987-11-23 05:00","1987","11","23","05:00"," ","","","","","","","","","","","","","","","","","","",""
"1987-11-23 05:30","1987","11","23","05:30"," ","1,40","","0,00","","90,00","","23,00","","37,00","","19,30","","100,22","","","","","","Nuageux"
"1987-11-23 06:00","1987","11","23","06:00"," ","","","","","","","","","","","","","","","","","","",""
"1987-11-23 06:30","1987","11","23","06:30"," ","1,20","","0,00","","92,00","","23,00","","56,00","","19,30","","100,36","","","","","","Nuageux"
"1987-11-23 07:00","1987","11","23","07:00"," ","","","","","","","","","","","","","","","","","","",""
"1987-11-23 07:30","1987","11","23","07:30"," ","1,00","","0,00","","93,00","","23,00","","48,00","","19,30","","100,33","","","","","","Nuageux"
"1987-11-23 08:00","1987","11","23","08:00"," ","","","","","","","","","","","","","","","","","","",""
"1987-11-23 08:30","1987","11","23","08:30"," ","2,00","","0,60","","90,00","","24,00","","46,00","","19,30","","100,39","","","","","","Nuageux"
"1987-11-23 09:00","1987","11","23","09:00"," ","","","","","","","","","","","","","","","","","","",""
"1987-11-23 09:30","1987","11","23","09:30"," ","1,00","","0,00","","93,00","","21,00","","33,00","","16,10","","100,46","","","","","","Nuageux"
"1987-11-23 10:00","1987","11","23","10:00"," ","","","","","","","","","","","","","","","","","","",""
"1987-11-23 10:30","1987","11","23","10:30"," ","1,00","","1,00","","100,00","","24,00","","46,00","","3,20","","100,56","","","","","","Neige"
"1987-11-23 11:00","1987","11","23","11:00"," ","","","","","","","","","","","","","","","","","","",""
"1987-11-23 11:30","1987","11","23","11:30"," ","0,80","","0,50","","98,00","","27,00","","44,00","","3,20","","100,56","","","","","","Neige"
"1987-11-23 12:00","1987","11","23","12:00"," ","","","","","","","","","","","","","","","","","","",""
"1987-11-23 12:30","1987","11","23","12:30"," ","0,40","","-0,10","","96,00","","24,00","","33,00","","3,20","","100,60","","","","","","Neige"
"1987-11-23 13:00","1987","11","23","13:00"," ","","","","","","","","","","","","","","","","","","",""
"1987-11-23 13:30","1987","11","23","13:30"," ","0,50","","0,50","","100,00","","24,00","","43,00","","3,20","","100,63","","","","","","Neige"
"1987-11-23 14:00","1987","11","23","14:00"," ","","","","","","","","","","","","","","","","","","",""
"1987-11-23 14:30","1987","11","23","14:30"," ","0,00","","0,00","","100,00","","24,00","","46,00","","3,20","","100,66","","","","-8,00","","Neige"
"1987-11-23 15:00","1987","11","23","15:00"," ","","","","","","","","","","","","","","","","","","",""
"1987-11-23 15:30","1987","11","23","15:30"," ","0,00","","0,00","","100,00","","24,00","","39,00","","12,90","","100,80","","","","-7,00","","Nuageux"
"1987-11-23 16:00","1987","11","23","16:00"," ","","","","","","","","","","","","","","","","","","",""
"1987-11-23 16:30","1987","11","23","16:30"," ","-0,40","","-2,00","","89,00","","23,00","","30,00","","12,90","","101,04","","","","-7,00","","Nuageux"
"1987-11-23 17:00","1987","11","23","17:00"," ","","","","","","","","","","","","","","","","","","",""
"1987-11-23 17:30","1987","11","23","17:30"," ","-0,50","","-1,80","","91,00","","23,00","","28,00","","12,90","","101,20","","","","-7,00","","Nuageux"
"1987-11-23 18:00","1987","11","23","18:00"," ","","","","","","","","","","","","","","","","","","",""
"1987-11-23 18:30","1987","11","23","18:30"," ","-0,60","","-2,10","","90,00","","23,00","","30,00","","16,10","","101,37","","","","-7,00","","Nuageux"
"1987-11-23 19:00","1987","11","23","19:00"," ","","","","","","","","","","","","","","","","","","",""
"1987-11-23 19:30","1987","11","23","19:30"," ","-0,70","","-1,60","","94,00","","23,00","","28,00","","16,10","","101,51","","","","-7,00","","Nuageux"
"1987-11-23 20:00","1987","11","23","20:00"," ","","","","","","","","","","","","","","","","","","",""
"1987-11-23 20:30","1987","11","23","20:30"," ","-0,90","","-2,40","","90,00","","23,00","","28,00","","19,30","","101,71","","","","-7,00","","Nuageux"
"1987-11-23 21:00","1987","11","23","21:00"," ","","","","","","","","","","","","","","","","","","",""
"1987-11-23 21:30","1987","11","23","21:30"," ","-1,00","","-2,40","","90,00","","23,00","","26,00","","19,30","","101,85","","","","-7,00","","Nuageux"
"1987-11-23 22:00","1987","11","23","22:00"," ","","","","","","","","","","","","","","","","","","",""
"1987-11-23 22:30","1987","11","23","22:30"," ","-0,90","","-1,90","","93,00","","23,00","","28,00","","19,30","","101,91","","","","-7,00","","Nuageux"
"1987-11-23 23:00","1987","11","23","23:00"," ","","","","","","","","","","","","","","","","","","",""
"1987-11-23 23:30","1987","11","23","23:30"," ","-0,60","","-1,60","","93,00","","27,00","","28,00","","24,10","","102,02","","","","-7,00","","Nuageux"
"1987-11-24 00:00","1987","11","24","00:00"," ","","","","","","","","","","","","","","","","","","",""
"1987-11-24 00:30","1987","11","24","00:30"," ","-0,40","","-1,50","","92,00","","27,00","","28,00","","24,10","","102,12","","","","-7,00","","Nuageux"
"1987-11-24 01:00","1987","11","24","01:00"," ","","","","","","","","","","","","","","","","","","",""
"1987-11-24 01:30","1987","11","24","01:30"," ","-0,20","","-1,80","","89,00","","27,00","","26,00","","24,10","","102,15","","","","-6,00","","Nuageux"
"1987-11-24 02:00","1987","11","24","02:00"," ","","","","","","","","","","","","","","","","","","",""
"1987-11-24 02:30","1987","11","24","02:30"," ","0,30","","-2,10","","84,00","","27,00","","26,00","","24,10","","102,25","","","","","","Nuageux"
"1987-11-24 03:00","1987","11","24","03:00"," ","","","","","","","","","","","","","","","","","","",""
"1987-11-24 03:30","1987","11","24","03:30"," ","0,40","","-0,50","","94,00","","23,00","","30,00","","24,10","","102,29","","","","","","Nuageux"
"1987-11-24 04:00","1987","11","24","04:00"," ","","","","","","","","","","","","","","","","","","",""
"1987-11-24 04:30","1987","11","24","04:30"," ","0,00","","-1,00","","93,00","","23,00","","28,00","","24,10","","102,39","","","","-6,00","","Nuageux"
"1987-11-24 05:00","1987","11","24","05:00"," ","","","","","","","","","","","","","","","","","","",""
"1987-11-24 05:30","1987","11","24","05:30"," ","0,10","","-0,90","","93,00","","23,00","","28,00","","24,10","","102,42","","","","","","Nuageux"
"1987-11-24 06:00","1987","11","24","06:00"," ","","","","","","","","","","","","","","","","","","",""
"1987-11-24 06:30","1987","11","24","06:30"," ","0,40","","-1,30","","89,00","","23,00","","26,00","","24,10","","102,52","","","","","","Nuageux"
"1987-11-24 07:00","1987","11","24","07:00"," ","","","","","","","","","","","","","","","","","","",""
"1987-11-24 07:30","1987","11","24","07:30"," ","0,50","","-1,40","","87,00","","23,00","","22,00","","24,10","","102,57","","","","","","Nuageux"
"1987-11-24 08:00","1987","11","24","08:00"," ","","","","","","","","","","","","","","","","","","",""
"1987-11-24 08:30","1987","11","24","08:30"," ","0,60","","-1,40","","86,00","","18,00","","26,00","","24,10","","102,52","","","","","","Généralement nuageux"
"1987-11-24 09:00","1987","11","24","09:00"," ","","","","","","","","","","","","","","","","","","",""
"1987-11-24 09:30","1987","11","24","09:30"," ","0,40","","-1,30","","89,00","","18,00","","22,00","","24,10","","102,59","","","","","","Généralement nuageux"
"1987-11-24 10:00","1987","11","24","10:00"," ","","","","","","","","","","","","","","","","","","",""
"1987-11-24 10:30","1987","11","24","10:30"," ","-1,30","","-1,90","","96,00","","18,00","","26,00","","24,10","","102,56","","","","-8,00","","Généralement nuageux"
"1987-11-24 11:00","1987","11","24","11:00"," ","","","","","","","","","","","","","","","","","","",""
"1987-11-24 11:30","1987","11","24","11:30"," ","-2,20","","-3,30","","92,00","","18,00","","30,00","","24,10","","102,52","","","","-9,00","","Généralement dégagé"
"1987-11-24 12:00","1987","11","24","12:00"," ","","","","","","","","","","","","","","","","","","",""
"1987-11-24 12:30","1987","11","24","12:30"," ","-2,00","","-3,60","","89,00","","23,00","","28,00","","24,10","","102,42","","","","-9,00","","Généralement nuageux"
"1987-11-24 13:00","1987","11","24","13:00"," ","","","","","","","","","","","","","","","","","","",""
"1987-11-24 13:30","1987","11","24","13:30"," ","2,20","","1,10","","92,00","","23,00","","26,00","","24,10","","102,39","","","","","","Généralement nuageux"
"1987-11-24 14:00","1987","11","24","14:00"," ","","","","","","","","","","","","","","","","","","",""
"1987-11-24 14:30","1987","11","24","14:30"," ","3,50","","-3,20","","61,00","","21,00","","31,00","","24,10","","102,45","","","","","","Généralement nuageux"
"1987-11-24 15:00","1987","11","24","15:00"," ","","","","","","","","","","","","","","","","","","",""
"1987-11-24 15:30","1987","11","24","15:30"," ","3,40","","-5,90","","51,00","","18,00","","15,00","","24,10","","102,39","","","","","","Généralement nuageux"
"1987-11-24 16:00","1987","11","24","16:00"," ","","","","","","","","","","","","","","","","","","",""
"1987-11-24 16:30","1987","11","24","16:30"," ","2,90","","-3,80","","61,00","","16,00","","17,00","","24,10","","102,35","","","","","","Généralement nuageux"
"1987-11-24 17:00","1987","11","24","17:00"," ","","","","","","","","","","","","","","","","","","",""
"1987-11-24 17:30","1987","11","24","17:30"," ","4,10","","-5,90","","48,00","","21,00","","19,00","","24,10","","102,32","","","","","","Généralement nuageux"
"1987-11-24 18:00","1987","11","24","18:00"," ","","","","","","","","","","","","","","","","","","",""
"1987-11-24 18:30","1987","11","24","18:30"," ","4,20","","-4,50","","53,00","","18,00","","19,00","","24,10","","102,29","","","","","","Généralement nuageux"
"1987-11-24 19:00","1987","11","24","19:00"," ","","","","","","","","","","","","","","","","","","",""
"1987-11-24 19:30","1987","11","24","19:30"," ","4,50","","-3,10","","58,00","","18,00","","20,00","","24,10","","102,25","","","","","","Généralement nuageux"
"1987-11-24 20:00","1987","11","24","20:00"," ","","","","","","","","","","","","","","","","","","",""
"1987-11-24 20:30","1987","11","24","20:30"," ","5,00","","-2,40","","59,00","","21,00","","19,00","","24,10","","102,18","","","","","","Nuageux"
"1987-11-24 21:00","1987","11","24","21:00"," ","","","","","","","","","","","","","","","","","","",""
"1987-11-24 21:30","1987","11","24","21:30"," ","5,10","","-1,30","","63,00","","21,00","","28,00","","24,10","","102,15","","","","","","Nuageux"
"1987-11-24 22:00","1987","11","24","22:00"," ","","","","","","","","","","","","","","","","","","",""
"1987-11-24 22:30","1987","11","24","22:30"," ","5,70","","0,40","","69,00","","19,00","","28,00","","24,10","","102,08","","","","","","Nuageux"
"1987-11-24 23:00","1987","11","24","23:00"," ","","","","","","","","","","","","","","","","","","",""
"1987-11-24 23:30","1987","11","24","23:30"," ","5,90","","1,50","","73,00","","19,00","","28,00","","24,10","","102,05","","","","","","Nuageux"
"1987-11-25 00:00","1987","11","25","00:00"," ","","","","","","","","","","","","","","","","","","",""
"1987-11-25 00:30","1987","11","25","00:30"," ","5,90","","1,50","","73,00","","21,00","","28,00","","24,10","","101,88","","","","","","Nuageux"
"1987-11-25 01:00","1987","11","25","01:00"," ","","","","","","","","","","","","","","","","","","",""
"1987-11-25 01:30","1987","11","25","01:30"," ","5,50","","3,40","","86,00","","22,00","","30,00","","24,10","","101,88","","","","","","Nuageux"
"1987-11-25 02:00","1987","11","25","02:00"," ","","","","","","","","","","","","","","","","","","",""
"1987-11-25 02:30","1987","11","25","02:30"," ","5,00","","3,70","","91,00","","21,00","","30,00","","24,10","","101,85","","","","","","Nuageux"
"1987-11-25 03:00","1987","11","25","03:00"," ","","","","","","","","","","","","","","","","","","",""
"1987-11-25 03:30","1987","11","25","03:30"," ","4,90","","4,20","","95,00","","23,00","","28,00","","19,30","","101,85","","","","","","Nuageux"
"1987-11-25 04:00","1987","11","25","04:00"," ","","","","","","","","","","","","","","","","","","",""
"1987-11-25 04:30","1987","11","25","04:30"," ","4,50","","4,50","","100,00","","22,00","","33,00","","9,70","","101,85","","","","","","Pluie,Brouillard"
"1987-11-25 05:00","1987","11","25","05:00"," ","","","","","","","","","","","","","","","","","","",""
"1987-11-25 05:30","1987","11","25","05:30"," ","4,40","","4,10","","98,00","","21,00","","28,00","","9,70","","101,81","","","","","","Pluie,Brouillard"
"1987-11-25 06:00","1987","11","25","06:00"," ","","","","","","","","","","","","","","","","","","",""
"1987-11-25 06:30","1987","11","25","06:30"," ","4,30","","3,10","","92,00","","24,00","","30,00","","9,70","","101,81","","","","","","Pluie,Brouillard"
"1987-11-25 07:00","1987","11","25","07:00"," ","","","","","","","","","","","","","","","","","","",""
"1987-11-25 07:30","1987","11","25","07:30"," ","4,40","","3,10","","91,00","","24,00","","22,00","","6,40","","101,81","","","","","","Pluie,Brouillard"
"1987-11-25 08:00","1987","11","25","08:00"," ","","","","","","","","","","","","","","","","","","",""
"1987-11-25 08:30","1987","11","25","08:30"," ","3,10","","2,60","","97,00","","28,00","","19,00","","6,40","","101,91","","","","","","Pluie,Brouillard"
"1987-11-25 09:00","1987","11","25","09:00"," ","","","","","","","","","","","","","","","","","","",""
"1987-11-25 09:30","1987","11","25","09:30"," ","2,90","","1,60","","91,00","","30,00","","20,00","","6,40","","101,95","","","","","","Pluie,Brouillard"
"1987-11-25 10:00","1987","11","25","10:00"," ","","","","","","","","","","","","","","","","","","",""
"1987-11-25 10:30","1987","11","25","10:30"," ","2,40","","1,10","","91,00","","32,00","","17,00","","6,40","","101,98","","","","","","Pluie,Brouillard"
"1987-11-25 11:00","1987","11","25","11:00"," ","","","","","","","","","","","","","","","","","","",""
"1987-11-25 11:30","1987","11","25","11:30"," ","1,50","","0,00","","90,00","","32,00","","19,00","","6,40","","102,05","","","","","","Pluie,Neige,Brouillard"
"1987-11-25 12:00","1987","11","25","12:00"," ","","","","","","","","","","","","","","","","","","",""
"1987-11-25 12:30","1987","11","25","12:30"," ","1,30","","0,50","","95,00","","36,00","","28,00","","6,40","","102,05","","","","","","Neige,Brouillard"
"1987-11-25 13:00","1987","11","25","13:00"," ","","","","","","","","","","","","","","","","","","",""
"1987-11-25 13:30","1987","11","25","13:30"," ","1,00","","-0,50","","90,00","","36,00","","19,00","","6,40","","102,02","","","","","","Neige,Brouillard"
"1987-11-25 14:00","1987","11","25","14:00"," ","","","","","","","","","","","","","","","","","","",""
"1987-11-25 14:30","1987","11","25","14:30"," ","0,50","","-0,90","","90,00","","36,00","","28,00","","6,40","","102,08","","","","","","Neige,Brouillard"
"1987-11-25 15:00","1987","11","25","15:00"," ","","","","","","","","","","","","","","","","","","",""
"1987-11-25 15:30","1987","11","25","15:30"," ","0,00","","0,00","","100,00","","34,00","","28,00","","6,40","","102,15","","","","-6,00","","Neige,Brouillard"
"1987-11-25 16:00","1987","11","25","16:00"," ","","","","","","","","","","","","","","","","","","",""
"1987-11-25 16:30","1987","11","25","16:30"," ","-1,00","","-1,00","","100,00","","36,00","","28,00","","6,40","","102,29","","","","-8,00","","Neige,Brouillard"
"1987-11-25 17:00","1987","11","25","17:00"," ","","","","","","","","","","","","","","","","","","",""
"1987-11-25 17:30","1987","11","25","17:30"," ","-1,00","","-3,80","","81,00","","36,00","","30,00","","12,90","","102,35","","","","-8,00","","Neige"
"1987-11-25 18:00","1987","11","25","18:00"," ","","","","","","","","","","","","","","","","","","",""
"1987-11-25 18:30","1987","11","25","18:30"," ","-2,00","","-5,10","","79,00","","36,00","","28,00","","12,90","","102,45","","","","-9,00","","Neige"
"1987-11-25 19:00","1987","11","25","19:00"," ","","","","","","","","","","","","","","","","","","",""
"1987-11-25 19:30","1987","11","25","19:30"," ","-2,00","","-5,10","","79,00","","36,00","","28,00","","12,90","","102,42","","","","-9,00","","Neige"
"1987-11-25 20:00","1987","11","25","20:00"," ","","","","","","","","","","","","","","","","","","",""
"1987-11-25 20:30","1987","11","25","20:30"," ","-2,30","","-3,60","","91,00","","5,00","","19,00","","16,10","","102,49","","","","-8,00","","Nuageux"
"1987-11-25 21:00","1987","11","25","21:00"," ","","","","","","","","","","","","","","","","","","",""
"1987-11-25 21:30","1987","11","25","21:30"," ","-2,50","","-4,20","","88,00","","5,00","","26,00","","12,90","","102,56","","","","-9,00","","Neige"
"1987-11-25 22:00","1987","11","25","22:00"," ","","","","","","","","","","","","","","","","","","",""
"1987-11-25 22:30","1987","11","25","22:30"," ","-2,80","","-4,80","","86,00","","36,00","","28,00","","16,10","","102,52","","","","-10,00","","Neige"
"1987-11-25 23:00","1987","11","25","23:00"," ","","","","","","","","","","","","","","","","","","",""
"1987-11-25 23:30","1987","11","25","23:30"," ","-2,60","","-4,50","","87,00","","36,00","","11,00","","16,10","","102,59","","","","-7,00","","Nuageux"
"1987-11-26 00:00","1987","11","26","00:00"," ","","","","","","","","","","","","","","","","","","",""
"1987-11-26 00:30","1987","11","26","00:30"," ","-4,00","","-8,90","","69,00","","33,00","","19,00","","16,10","","102,59","","","","-10,00","","Nuageux"
"1987-11-26 01:00","1987","11","26","01:00"," ","","","","","","","","","","","","","","","","","","",""
"1987-11-26 01:30","1987","11","26","01:30"," ","-4,30","","-5,70","","90,00","","33,00","","22,00","","16,10","","102,59","","","","-11,00","","Nuageux"
"1987-11-26 02:00","1987","11","26","02:00"," ","","","","","","","","","","","","","","","","","","",""
"1987-11-26 02:30","1987","11","26","02:30"," ","-4,30","","-5,70","","90,00","","33,00","","28,00","","19,30","","102,56","","","","-12,00","","Nuageux"
"1987-11-26 03:00","1987","11","26","03:00"," ","","","","","","","","","","","","","","","","","","",""
"1987-11-26 03:30","1987","11","26","03:30"," ","-4,80","","-6,30","","89,00","","33,00","","26,00","","19,30","","102,56","","","","-12,00","","Nuageux"
"1987-11-26 04:00","1987","11","26","04:00"," ","","","","","","","","","","","","","","","","","","",""
"1987-11-26 04:30","1987","11","26","04:30"," ","-4,70","","-6,90","","85,00","","33,00","","30,00","","24,10","","102,59","","","","-13,00","","Nuageux"
"1987-11-26 05:00","1987","11","26","05:00"," ","","","","","","","","","","","","","","","","","","",""
"1987-11-26 05:30","1987","11","26","05:30"," ","-4,60","","-6,30","","88,00","","30,00","","26,00","","24,10","","102,62","","","","-12,00","","Généralement nuageux"
"1987-11-26 06:00","1987","11","26","06:00"," ","","","","","","","","","","","","","","","","","","",""
"1987-11-26 06:30","1987","11","26","06:30"," ","-4,60","","-6,30","","88,00","","30,00","","26,00","","24,10","","102,69","","","","-12,00","","Généralement nuageux"
"1987-11-26 07:00","1987","11","26","07:00"," ","","","","","","","","","","","","","","","","","","",""
"1987-11-26 07:30","1987","11","26","07:30"," ","-4,70","","-6,60","","87,00","","33,00","","19,00","","24,10","","102,69","","","","-11,00","","Généralement nuageux"
"1987-11-26 08:00","1987","11","26","08:00"," ","","","","","","","","","","","","","","","","","","",""
"1987-11-26 08:30","1987","11","26","08:30"," ","-6,00","","-7,40","","90,00","","33,00","","19,00","","24,10","","102,83","","","","-13,00","","Généralement nuageux"
"1987-11-26 09:00","1987","11","26","09:00"," ","","","","","","","","","","","","","","","","","","",""
"1987-11-26 09:30","1987","11","26","09:30"," ","-6,20","","-8,00","","87,00","","33,00","","19,00","","24,10","","102,86","","","","-13,00","","Généralement nuageux"
"1987-11-26 10:00","1987","11","26","10:00"," ","","","","","","","","","","","","","","","","","","",""
"1987-11-26 10:30","1987","11","26","10:30"," ","-6,50","","-7,60","","92,00","","33,00","","31,00","","16,10","","102,86","","","","-15,00","","Neige"
"1987-11-26 11:00","1987","11","26","11:00"," ","","","","","","","","","","","","","","","","","","",""
"1987-11-26 11:30","1987","11","26","11:30"," ","-6,80","","-6,80","","100,00","","30,00","","19,00","","6,40","","102,86","","","","-14,00","","Neige,Brouillard"
"1987-11-26 12:00","1987","11","26","12:00"," ","","","","","","","","","","","","","","","","","","",""
"1987-11-26 12:30","1987","11","26","12:30"," ","-6,50","","-7,60","","92,00","","30,00","","13,00","","6,40","","102,89","","","","-12,00","","Neige,Brouillard"
"1987-11-26 13:00","1987","11","26","13:00"," ","","","","","","","","","","","","","","","","","","",""
"1987-11-26 13:30","1987","11","26","13:30"," ","-6,60","","-9,30","","81,00","","33,00","","19,00","","8,00","","102,86","","","","-13,00","","Neige"
"1987-11-26 14:00","1987","11","26","14:00"," ","","","","","","","","","","","","","","","","","","",""
"1987-11-26 14:30","1987","11","26","14:30"," ","-6,80","","-11,40","","70,00","","32,00","","20,00","","8,00","","102,89","","","","-14,00","","Neige"
"1987-11-26 15:00","1987","11","26","15:00"," ","","","","","","","","","","","","","","","","","","",""
"1987-11-26 15:30","1987","11","26","15:30"," ","-6,30","","-10,80","","70,00","","32,00","","9,00","","8,00","","102,93","","","","-11,00","","Neige"
"1987-11-26 16:00","1987","11","26","16:00"," ","","","","","","","","","","","","","","","","","","",""
"1987-11-26 16:30","1987","11","26","16:30"," ","-6,40","","-8,10","","88,00","","32,00","","7,00","","9,70","","102,93","","","","-10,00","","Neige"
"1987-11-26 17:00","1987","11","26","17:00"," ","","","","","","","","","","","","","","","","","","",""
"1987-11-26 17:30","1987","11","26","17:30"," ","-6,20","","-8,10","","86,00","","9,00","","11,00","","12,90","","102,96","","","","-11,00","","Neige"
"1987-11-26 18:00","1987","11","26","18:00"," ","","","","","","","","","","","","","","","","","","",""
"1987-11-26 18:30","1987","11","26","18:30"," ","-6,20","","-8,10","","86,00","","9,00","","9,00","","12,90","","102,96","","","","-10,00","","Neige"
"1987-11-26 19:00","1987","11","26","19:00"," ","","","","","","","","","","","","","","","","","","",""
"1987-11-26 19:30","1987","11","26","19:30"," ","-6,00","","-8,40","","83,00","","9,00","","11,00","","16,10","","103,00","","","","-11,00","","Généralement dégagé"
"1987-11-26 20:00","1987","11","26","20:00"," ","","","","","","","","","","","","","","","","","","",""
"1987-11-26 20:30","1987","11","26","20:30"," ","-6,10","","-8,40","","84,00","","9,00","","7,00","","19,30","","103,00","","","","-9,00","","Généralement dégagé"
"1987-11-26 21:00","1987","11","26","21:00"," ","","","","","","","","","","","","","","","","","","",""
"1987-11-26 21:30","1987","11","26","21:30"," ","-6,60","","-8,70","","85,00","","14,00","","7,00","","24,10","","103,03","","","","-10,00","","Généralement dégagé"
"1987-11-26 22:00","1987","11","26","22:00"," ","","","","","","","","","","","","","","","","","","",""
"1987-11-26 22:30","1987","11","26","22:30"," ","-7,00","","-9,60","","82,00","","18,00","","11,00","","24,10","","102,93","","","","-12,00","","Généralement dégagé"
"1987-11-26 23:00","1987","11","26","23:00"," ","","","","","","","","","","","","","","","","","","",""
"1987-11-26 23:30","1987","11","26","23:30"," ","-7,20","","-9,30","","85,00","","18,00","","17,00","","24,10","","102,89","","","","-14,00","","Généralement dégagé"
"1987-11-27 00:00","1987","11","27","00:00"," ","","","","","","","","","","","","","","","","","","",""
"1987-11-27 00:30","1987","11","27","00:30"," ","-7,40","","-8,90","","89,00","","18,00","","19,00","","24,10","","102,83","","","","-14,00","","Généralement dégagé"
"1987-11-27 01:00","1987","11","27","01:00"," ","","","","","","","","","","","","","","","","","","",""
"1987-11-27 01:30","1987","11","27","01:30"," ","-7,50","","-9,90","","83,00","","18,00","","19,00","","24,10","","102,86","","","","-15,00","","Généralement dégagé"
"1987-11-27 02:00","1987","11","27","02:00"," ","","","","","","","","","","","","","","","","","","",""
"1987-11-27 02:30","1987","11","27","02:30"," ","-7,80","","-10,10","","83,00","","18,00","","19,00","","24,10","","102,83","","","","-15,00","","Généralement dégagé"
"1987-11-27 03:00","1987","11","27","03:00"," ","","","","","","","","","","","","","","","","","","",""
"1987-11-27 03:30","1987","11","27","03:30"," ","-7,50","","-9,90","","83,00","","23,00","","19,00","","24,10","","102,83","","","","-15,00","","Généralement dégagé"
"1987-11-27 04:00","1987","11","27","04:00"," ","","","","","","","","","","","","","","","","","","",""
"1987-11-27 04:30","1987","11","27","04:30"," ","-7,40","","-10,00","","81,00","","23,00","","15,00","","24,10","","102,79","","","","-14,00","","Dégagé"
"1987-11-27 05:00","1987","11","27","05:00"," ","","","","","","","","","","","","","","","","","","",""
"1987-11-27 05:30","1987","11","27","05:30"," ","-7,20","","-10,40","","78,00","","23,00","","19,00","","24,10","","102,73","","","","-14,00","","Généralement dégagé"
"1987-11-27 06:00","1987","11","27","06:00"," ","","","","","","","","","","","","","","","","","","",""
"1987-11-27 06:30","1987","11","27","06:30"," ","-7,00","","-10,40","","77,00","","23,00","","17,00","","24,10","","102,79","","","","-13,00","","Généralement dégagé"
"1987-11-27 07:00","1987","11","27","07:00"," ","","","","","","","","","","","","","","","","","","",""
"1987-11-27 07:30","1987","11","27","07:30"," ","-7,10","","-9,60","","82,00","","23,00","","19,00","","24,10","","102,69","","","","-14,00","","Généralement dégagé"
"1987-11-27 08:00","1987","11","27","08:00"," ","","","","","","","","","","","","","","","","","","",""
"1987-11-27 08:30","1987","11","27","08:30"," ","-5,80","","-7,40","","88,00","","18,00","","17,00","","24,10","","102,76","","","","-12,00","","Généralement dégagé"
"1987-11-27 09:00","1987","11","27","09:00"," ","","","","","","","","","","","","","","","","","","",""
"1987-11-27 09:30","1987","11","27","09:30"," ","-3,50","","-4,20","","95,00","","18,00","","17,00","","24,10","","102,73","","","","-9,00","","Généralement dégagé"
"1987-11-27 10:00","1987","11","27","10:00"," ","","","","","","","","","","","","","","","","","","",""
"1987-11-27 10:30","1987","11","27","10:30"," ","-1,90","","-2,30","","97,00","","21,00","","22,00","","24,10","","102,73","","","","-8,00","","Généralement dégagé"
"1987-11-27 11:00","1987","11","27","11:00"," ","","","","","","","","","","","","","","","","","","",""
"1987-11-27 11:30","1987","11","27","11:30"," ","-1,00","","-1,40","","97,00","","21,00","","30,00","","24,10","","102,62","","","","-8,00","","Généralement dégagé"
"1987-11-27 12:00","1987","11","27","12:00"," ","","","","","","","","","","","","","","","","","","",""
"1987-11-27 12:30","1987","11","27","12:30"," ","0,00","","-4,00","","74,00","","24,00","","37,00","","24,10","","102,56","","","","-7,00","","Généralement dégagé"
"1987-11-27 13:00","1987","11","27","13:00"," ","","","","","","","","","","","","","","","","","","",""
"1987-11-27 13:30","1987","11","27","13:30"," ","0,10","","-0,60","","95,00","","24,00","","35,00","","24,10","","102,49","","","","","","Généralement nuageux"
"1987-11-27 14:00","1987","11","27","14:00"," ","","","","","","","","","","","","","","","","","","",""
"1987-11-27 14:30","1987","11","27","14:30"," ","0,00","","-4,00","","74,00","","24,00","","37,00","","24,10","","102,42","","","","-7,00","","Généralement dégagé"
"1987-11-27 15:00","1987","11","27","15:00"," ","","","","","","","","","","","","","","","","","","",""
"1987-11-27 15:30","1987","11","27","15:30"," ","-0,10","","-3,90","","76,00","","24,00","","37,00","","24,10","","102,42","","","","-7,00","","Généralement nuageux"
"1987-11-27 16:00","1987","11","27","16:00"," ","","","","","","","","","","","","","","","","","","",""
"1987-11-27 16:30","1987","11","27","16:30"," ","-0,40","","-2,50","","86,00","","23,00","","26,00","","24,10","","102,35","","","","-7,00","","Généralement dégagé"
"1987-11-27 17:00","1987","11","27","17:00"," ","","","","","","","","","","","","","","","","","","",""
"1987-11-27 17:30","1987","11","27","17:30"," ","-0,60","","-2,40","","88,00","","18,00","","19,00","","24,10","","102,29","","","","-6,00","","Généralement dégagé"
"1987-11-27 18:00","1987","11","27","18:00"," ","","","","","","","","","","","","","","","","","","",""
"1987-11-27 18:30","1987","11","27","18:30"," ","-1,00","","-2,40","","90,00","","18,00","","26,00","","24,10","","102,25","","","","-7,00","","Généralement dégagé"
"1987-11-27 19:00","1987","11","27","19:00"," ","","","","","","","","","","","","","","","","","","",""
"1987-11-27 19:30","1987","11","27","19:30"," ","-2,20","","-3,30","","92,00","","18,00","","19,00","","24,10","","102,18","","","","-8,00","","Généralement dégagé"
"1987-11-27 20:00","1987","11","27","20:00"," ","","","","","","","","","","","","","","","","","","",""
"1987-11-27 20:30","1987","11","27","20:30"," ","-2,70","","-3,90","","92,00","","18,00","","26,00","","24,10","","102,18","","","","-10,00","","Généralement dégagé"
"1987-11-27 21:00","1987","11","27","21:00"," ","","","","","","","","","","","","","","","","","","",""
"1987-11-27 21:30","1987","11","27","21:30"," ","-3,00","","-4,50","","89,00","","23,00","","30,00","","24,10","","102,15","","","","-10,00","","Généralement dégagé"
"1987-11-27 22:00","1987","11","27","22:00"," ","","","","","","","","","","","","","","","","","","",""
"1987-11-27 22:30","1987","11","27","22:30"," ","-2,90","","-4,50","","89,00","","23,00","","33,00","","24,10","","102,08","","","","-11,00","","Généralement dégagé"
"1987-11-27 23:00","1987","11","27","23:00"," ","","","","","","","","","","","","","","","","","","",""
"1987-11-27 23:30","1987","11","27","23:30"," ","-2,60","","-4,20","","89,00","","23,00","","30,00","","24,10","","102,02","","","","-10,00","","Généralement dégagé"
"1987-11-28 00:00","1987","11","28","00:00"," ","","","","","","","","","","","","","","","","","","",""
"1987-11-28 00:30","1987","11","28","00:30"," ","-2,50","","-4,20","","88,00","","23,00","","37,00","","24,10","","101,95","","","","-10,00","","Généralement nuageux"
"1987-11-28 01:00","1987","11","28","01:00"," ","","","","","","","","","","","","","","","","","","",""
"1987-11-28 01:30","1987","11","28","01:30"," ","-2,40","","-3,30","","94,00","","23,00","","30,00","","24,10","","101,95","","","","-10,00","","Généralement nuageux"
"1987-11-28 02:00","1987","11","28","02:00"," ","","","","","","","","","","","","","","","","","","",""
"1987-11-28 02:30","1987","11","28","02:30"," ","-2,00","","-3,90","","87,00","","23,00","","33,00","","24,10","","101,88","","","","-9,00","","Généralement nuageux"
"1987-11-28 03:00","1987","11","28","03:00"," ","","","","","","","","","","","","","","","","","","",""
"1987-11-28 03:30","1987","11","28","03:30"," ","-1,50","","-3,30","","88,00","","23,00","","33,00","","24,10","","102,03","","","","-9,00","","Généralement nuageux"
"1987-11-28 04:00","1987","11","28","04:00"," ","","","","","","","","","","","","","","","","","","",""
"1987-11-28 04:30","1987","11","28","04:30"," ","-1,20","","-3,00","","88,00","","23,00","","30,00","","24,10","","101,64","","","","-8,00","","Généralement nuageux"
"1987-11-28 05:00","1987","11","28","05:00"," ","","","","","","","","","","","","","","","","","","",""
"1987-11-28 05:30","1987","11","28","05:30"," ","-1,00","","-3,30","","84,00","","23,00","","37,00","","24,10","","101,58","","","","-8,00","","Généralement nuageux"
"1987-11-28 06:00","1987","11","28","06:00"," ","","","","","","","","","","","","","","","","","","",""
"1987-11-28 06:30","1987","11","28","06:30"," ","-1,00","","-2,70","","88,00","","23,00","","30,00","","12,90","","101,54","","","","-8,00","","Neige"
"1987-11-28 07:00","1987","11","28","07:00"," ","","","","","","","","","","","","","","","","","","",""
"1987-11-28 07:30","1987","11","28","07:30"," ","-1,30","","-3,00","","88,00","","23,00","","28,00","","4,80","","101,58","","","","-8,00","","Neige"
"1987-11-28 08:00","1987","11","28","08:00"," ","","","","","","","","","","","","","","","","","","",""
"1987-11-28 08:30","1987","11","28","08:30"," ","-1,50","","-3,60","","85,00","","23,00","","30,00","","4,80","","101,61","","","","-8,00","","Neige"
"1987-11-28 09:00","1987","11","28","09:00"," ","","","","","","","","","","","","","","","","","","",""
"1987-11-28 09:30","1987","11","28","09:30"," ","-1,80","","-4,20","","83,00","","23,00","","28,00","","6,40","","101,68","","","","-9,00","","Neige"
"1987-11-28 10:00","1987","11","28","10:00"," ","","","","","","","","","","","","","","","","","","",""
"1987-11-28 10:30","1987","11","28","10:30"," ","-2,20","","-3,30","","92,00","","32,00","","26,00","","9,70","","101,68","","","","-9,00","","Neige"
"1987-11-28 11:00","1987","11","28","11:00"," ","","","","","","","","","","","","","","","","","","",""
"1987-11-28 11:30","1987","11","28","11:30"," ","-2,50","","-4,50","","86,00","","32,00","","22,00","","16,10","","101,68","","","","-9,00","","Neige"
"1987-11-28 12:00","1987","11","28","12:00"," ","","","","","","","","","","","","","","","","","","",""
"1987-11-28 12:30","1987","11","28","12:30"," ","-2,60","","-3,90","","91,00","","32,00","","19,00","","16,10","","101,68","","","","-8,00","","Neige"
"1987-11-28 13:00","1987","11","28","13:00"," ","","","","","","","","","","","","","","","","","","",""
"1987-11-28 13:30","1987","11","28","13:30"," ","-2,60","","-3,90","","91,00","","27,00","","20,00","","16,10","","101,68","","","","-9,00","","Neige"
"1987-11-28 14:00","1987","11","28","14:00"," ","","","","","","","","","","","","","","","","","","",""
"1987-11-28 14:30","1987","11","28","14:30"," ","-2,80","","-4,80","","86,00","","27,00","","28,00","","16,10","","101,61","","","","-10,00","","Neige"
"1987-11-28 15:00","1987","11","28","15:00"," ","","","","","","","","","","","","","","","","","","",""
"1987-11-28 15:30","1987","11","28","15:30"," ","-3,00","","-4,50","","89,00","","27,00","","26,00","","19,30","","101,68","","","","-10,00","","Neige"
"1987-11-28 16:00","1987","11","28","16:00"," ","","","","","","","","","","","","","","","","","","",""
"1987-11-28 16:30","1987","11","28","16:30"," ","-2,40","","-3,90","","89,00","","30,00","","28,00","","19,30","","101,71","","","","-9,00","","Généralement nuageux"
"1987-11-28 17:00","1987","11","28","17:00"," ","","","","","","","","","","","","","","","","","","",""
"1987-11-28 17:30","1987","11","28","17:30"," ","-2,80","","-3,90","","92,00","","30,00","","24,00","","19,30","","101,71","","","","-9,00","","Généralement nuageux"
"1987-11-28 18:00","1987","11","28","18:00"," ","","","","","","","","","","","","","","","","","","",""
"1987-11-28 18:30","1987","11","28","18:30"," ","-1,80","","-2,80","","93,00","","30,00","","30,00","","19,30","","101,75","","","","-9,00","","Nuageux"
"1987-11-28 19:00","1987","11","28","19:00"," ","","","","","","","","","","","","","","","","","","",""
"1987-11-28 19:30","1987","11","28","19:30"," ","-0,50","","-1,80","","91,00","","30,00","","28,00","","19,30","","101,78","","","","-7,00","","Nuageux"
"1987-11-28 20:00","1987","11","28","20:00"," ","","","","","","","","","","","","","","","","","","",""
"1987-11-28 20:30","1987","11","28","20:30"," ","-1,00","","-1,00","","100,00","","33,00","","30,00","","19,30","","101,81","","","","-8,00","","Nuageux"
"1987-11-28 21:00","1987","11","28","21:00"," ","","","","","","","","","","","","","","","","","","",""
"1987-11-28 21:30","1987","11","28","21:30"," ","-1,00","","-1,60","","96,00","","33,00","","33,00","","19,30","","101,88","","","","-8,00","","Généralement nuageux"
"1987-11-28 22:00","1987","11","28","22:00"," ","","","","","","","","","","","","","","","","","","",""
"1987-11-28 22:30","1987","11","28","22:30"," ","-1,20","","-1,60","","97,00","","36,00","","26,00","","19,30","","101,95","","","","-8,00","","Généralement nuageux"
"1987-11-28 23:00","1987","11","28","23:00"," ","","","","","","","","","","","","","","","","","","",""
"1987-11-28 23:30","1987","11","28","23:30"," ","-1,60","","-2,80","","92,00","","33,00","","28,00","","19,30","","101,98","","","","-8,00","","Généralement nuageux"
"1987-11-29 00:00","1987","11","29","00:00"," ","","","","","","","","","","","","","","","","","","",""
"1987-11-29 00:30","1987","11","29","00:30"," ","-1,90","","-2,50","","96,00","","33,00","","22,00","","19,30","","102,02","","","","-8,00","","Généralement nuageux"
"1987-11-29 01:00","1987","11","29","01:00"," ","","","","","","","","","","","","","","","","","","",""
"1987-11-29 01:30","1987","11","29","01:30"," ","-2,00","","-3,90","","87,00","","33,00","","28,00","","16,10","","102,05","","","","-9,00","","Neige"
"1987-11-29 02:00","1987","11","29","02:00"," ","","","","","","","","","","","","","","","","","","",""
"1987-11-29 02:30","1987","11","29","02:30"," ","-2,10","","-8,40","","62,00","","33,00","","17,00","","19,30","","102,09","","","","-7,00","","Généralement dégagé"
"1987-11-29 03:00","1987","11","29","03:00"," ","","","","","","","","","","","","","","","","","","",""
"1987-11-29 03:30","1987","11","29","03:30"," ","-2,00","","-5,70","","76,00","","32,00","","17,00","","19,30","","102,12","","","","-7,00","","Généralement nuageux"
"1987-11-29 04:00","1987","11","29","04:00"," ","","","","","","","","","","","","","","","","","","",""
"1987-11-29 04:30","1987","11","29","04:30"," ","-2,00","","-6,40","","72,00","","30,00","","15,00","","19,30","","102,18","","","","-7,00","","Généralement nuageux"
"1987-11-29 05:00","1987","11","29","05:00"," ","","","","","","","","","","","","","","","","","","",""
"1987-11-29 05:30","1987","11","29","05:30"," ","-2,40","","-4,80","","84,00","","30,00","","15,00","","19,30","","102,18","","","","-7,00","","Généralement dégagé"
"1987-11-29 06:00","1987","11","29","06:00"," ","","","","","","","","","","","","","","","","","","",""
"1987-11-29 06:30","1987","11","29","06:30"," ","-2,50","","-3,10","","96,00","","30,00","","11,00","","19,30","","102,22","","","","-7,00","","Généralement nuageux"
"1987-11-29 07:00","1987","11","29","07:00"," ","","","","","","","","","","","","","","","","","","",""
"1987-11-29 07:30","1987","11","29","07:30"," ","-2,40","","-3,70","","91,00","","30,00","","19,00","","19,30","","102,18","","","","-8,00","","Généralement nuageux"
"1987-11-29 08:00","1987","11","29","08:00"," ","","","","","","","","","","","","","","","","","","",""
"1987-11-29 08:30","1987","11","29","08:30"," ","-2,20","","-3,20","","93,00","","30,00","","15,00","","19,30","","102,25","","","","-7,00","","Généralement nuageux"
"1987-11-29 09:00","1987","11","29","09:00"," ","","","","","","","","","","","","","","","","","","",""
"1987-11-29 09:30","1987","11","29","09:30"," ","-2,00","","-3,60","","89,00","","27,00","","11,00","","24,10","","102,08","","","","-6,00","","Généralement nuageux"
"1987-11-29 10:00","1987","11","29","10:00"," ","","","","","","","","","","","","","","","","","","",""
"1987-11-29 10:30","1987","11","29","10:30"," ","-1,80","","-3,90","","85,00","","27,00","","19,00","","24,10","","102,05","","","","-7,00","","Généralement nuageux"
"1987-11-29 11:00","1987","11","29","11:00"," ","","","","","","","","","","","","","","","","","","",""
"1987-11-29 11:30","1987","11","29","11:30"," ","-2,40","","-3,30","","94,00","","27,00","","26,00","","24,10","","101,98","","","","-9,00","","Généralement nuageux"
"1987-11-29 12:00","1987","11","29","12:00"," ","","","","","","","","","","","","","","","","","","",""
"1987-11-29 12:30","1987","11","29","12:30"," ","-2,50","","-3,90","","90,00","","27,00","","28,00","","24,10","","101,91","","","","-10,00","","Généralement nuageux"
"1987-11-29 13:00","1987","11","29","13:00"," ","","","","","","","","","","","","","","","","","","",""
"1987-11-29 13:30","1987","11","29","13:30"," ","-2,20","","-3,30","","92,00","","27,00","","26,00","","24,10","","101,85","","","","-9,00","","Généralement nuageux"
"1987-11-29 14:00","1987","11","29","14:00"," ","","","","","","","","","","","","","","","","","","",""
"1987-11-29 14:30","1987","11","29","14:30"," ","-2,00","","-3,60","","89,00","","27,00","","26,00","","24,10","","101,85","","","","-9,00","","Généralement dégagé"
"1987-11-29 15:00","1987","11","29","15:00"," ","","","","","","","","","","","","","","","","","","",""
"1987-11-29 15:30","1987","11","29","15:30"," ","-1,80","","-3,60","","87,00","","27,00","","28,00","","24,10","","101,71","","","","-9,00","","Généralement nuageux"
"1987-11-29 16:00","1987","11","29","16:00"," ","","","","","","","","","","","","","","","","","","",""
"1987-11-29 16:30","1987","11","29","16:30"," ","-1,00","","-2,40","","90,00","","26,00","","28,00","","19,30","","101,64","","","","-8,00","","Nuageux"
"1987-11-29 17:00","1987","11","29","17:00"," ","","","","","","","","","","","","","","","","","","",""
"1987-11-29 17:30","1987","11","29","17:30"," ","-0,80","","-2,20","","90,00","","27,00","","30,00","","12,90","","101,61","","","","-8,00","","Neige"
"1987-11-29 18:00","1987","11","29","18:00"," ","","","","","","","","","","","","","","","","","","",""
"1987-11-29 18:30","1987","11","29","18:30"," ","-0,20","","-0,70","","96,00","","27,00","","33,00","","12,90","","101,61","","","","-7,00","","Neige"
"1987-11-29 19:00","1987","11","29","19:00"," ","","","","","","","","","","","","","","","","","","",""
"1987-11-29 19:30","1987","11","29","19:30"," ","0,00","","0,00","","100,00","","27,00","","33,00","","12,90","","101,58","","","","-7,00","","Neige"
"1987-11-29 20:00","1987","11","29","20:00"," ","","","","","","","","","","","","","","","","","","",""
"1987-11-29 20:30","1987","11","29","20:30"," ","-0,50","","-1,30","","94,00","","30,00","","28,00","","12,90","","101,61","","","","-7,00","","Neige"
"1987-11-29 21:00","1987","11","29","21:00"," ","","","","","","","","","","","","","","","","","","",""
"1987-11-29 21:30","1987","11","29","21:30"," ","-0,50","","-0,50","","100,00","","27,00","","28,00","","12,90","","101,61","","","","-7,00","","Neige"
"1987-11-29 22:00","1987","11","29","22:00"," ","","","","","","","","","","","","","","","","","","",""
"1987-11-29 22:30","1987","11","29","22:30"," ","-0,50","","-0,80","","98,00","","30,00","","24,00","","12,90","","101,54","","","","-6,00","","Neige"
"1987-11-29 23:00","1987","11","29","23:00"," ","","","","","","","","","","","","","","","","","","",""
"1987-11-29 23:30","1987","11","29","23:30"," ","-0,50","","-0,50","","100,00","","30,00","","20,00","","19,30","","101,54","","","","-6,00","","Généralement nuageux"
"1987-11-30 00:00","1987","11","30","00:00"," ","","","","","","","","","","","","","","","","","","",""
"1987-11-30 00:30","1987","11","30","00:30"," ","0,20","","-1,30","","90,00","","30,00","","19,00","","19,30","","101,61","","","","","","Généralement nuageux"
"1987-11-30 01:00","1987","11","30","01:00"," ","","","","","","","","","","","","","","","","","","",""
"1987-11-30 01:30","1987","11","30","01:30"," ","-0,50","","-0,80","","98,00","","30,00","","20,00","","19,30","","101,64","","","","-6,00","","Généralement nuageux"
"1987-11-30 02:00","1987","11","30","02:00"," ","","","","","","","","","","","","","","","","","","",""
"1987-11-30 02:30","1987","11","30","02:30"," ","-0,90","","-1,40","","96,00","","32,00","","15,00","","19,30","","101,64","","","","-6,00","","Généralement nuageux"
"1987-11-30 03:00","1987","11","30","03:00"," ","","","","","","","","","","","","","","","","","","",""
"1987-11-30 03:30","1987","11","30","03:30"," ","0,20","","-1,30","","90,00","","33,00","","13,00","","19,30","","101,68","","","","","","Généralement nuageux"
"1987-11-30 04:00","1987","11","30","04:00"," ","","","","","","","","","","","","","","","","","","",""
"1987-11-30 04:30","1987","11","30","04:30"," ","-0,50","","-0,80","","98,00","","36,00","","19,00","","19,30","","101,64","","","","-6,00","","Nuageux"
"1987-11-30 05:00","1987","11","30","05:00"," ","","","","","","","","","","","","","","","","","","",""
"1987-11-30 05:30","1987","11","30","05:30"," ","-2,50","","-2,80","","98,00","","9,00","","9,00","","19,30","","101,71","","","","-6,00","","Nuageux"
"1987-11-30 06:00","1987","11","30","06:00"," ","","","","","","","","","","","","","","","","","","",""
"1987-11-30 06:30","1987","11","30","06:30"," ","-2,50","","-3,10","","96,00","","9,00","","11,00","","19,30","","101,71","","","","-7,00","","Nuageux"
"1987-11-30 07:00","1987","11","30","07:00"," ","","","","","","","","","","","","","","","","","","",""
"1987-11-30 07:30","1987","11","30","07:30"," ","-2,90","","-3,40","","96,00","","9,00","","11,00","","19,30","","101,81","","","","-7,00","","Nuageux"
"1987-11-30 08:00","1987","11","30","08:00"," ","","","","","","","","","","","","","","","","","","",""
"1987-11-30 08:30","1987","11","30","08:30"," ","-2,80","","-3,90","","92,00","","9,00","","9,00","","24,10","","101,81","","","","-6,00","","Nuageux"
"1987-11-30 09:00","1987","11","30","09:00"," ","","","","","","","","","","","","","","","","","","",""
"1987-11-30 09:30","1987","11","30","09:30"," ","-2,60","","-4,20","","89,00","","9,00","","9,00","","24,10","","101,78","","","","-6,00","","Nuageux"
"1987-11-30 10:00","1987","11","30","10:00"," ","","","","","","","","","","","","","","","","","","",""
"1987-11-30 10:30","1987","11","30","10:30"," ","-1,90","","-2,50","","96,00","","12,00","","7,00","","9,70","","101,75","","","","-5,00","","Neige"
"1987-11-30 11:00","1987","11","30","11:00"," ","","","","","","","","","","","","","","","","","","",""
"1987-11-30 11:30","1987","11","30","11:30"," ","-1,80","","-2,80","","93,00","","10,00","","6,00","","9,70","","101,71","","","","-4,00","","Neige"
"1987-11-30 12:00","1987","11","30","12:00"," ","","","","","","","","","","","","","","","","","","",""
"1987-11-30 12:30","1987","11","30","12:30"," ","-1,80","","-2,80","","93,00","","6,00","","15,00","","3,20","","101,61","","","","-7,00","","Neige"
"1987-11-30 13:00","1987","11","30","13:00"," ","","","","","","","","","","","","","","","","","","",""
"1987-11-30 13:30","1987","11","30","13:30"," ","-1,30","","-1,60","","98,00","","6,00","","17,00","","3,20","","101,54","","","","-6,00","","Neige"
"1987-11-30 14:00","1987","11","30","14:00"," ","","","","","","","","","","","","","","","","","","",""
"1987-11-30 14:30","1987","11","30","14:30"," ","-1,20","","-2,20","","93,00","","15,00","","15,00","","2,40","","101,44","","","","-6,00","","Neige"
"1987-11-30 15:00","1987","11","30","15:00"," ","","","","","","","","","","","","","","","","","","",""
"1987-11-30 15:30","1987","11","30","15:30"," ","-1,20","","-2,20","","93,00","","15,00","","15,00","","2,40","","101,44","","","","-6,00","","Neige"
"1987-11-30 16:00","1987","11","30","16:00"," ","","","","","","","","","","","","","","","","","","",""
"1987-11-30 16:30","1987","11","30","16:30"," ","-1,00","","-2,40","","90,00","","14,00","","19,00","","2,40","","101,37","","","","-6,00","","Neige"
"1987-11-30 17:00","1987","11","30","17:00"," ","","","","","","","","","","","","","","","","","","",""
"1987-11-30 17:30","1987","11","30","17:30"," ","-0,80","","-2,20","","90,00","","14,00","","26,00","","12,90","","101,34","","","","-7,00","","Nuageux"
"1987-11-30 18:00","1987","11","30","18:00"," ","","","","","","","","","","","","","","","","","","",""
"1987-11-30 18:30","1987","11","30","18:30"," ","-0,80","","-2,20","","90,00","","12,00","","19,00","","12,90","","101,37","","","","-6,00","","Nuageux"
"1987-11-30 19:00","1987","11","30","19:00"," ","","","","","","","","","","","","","","","","","","",""
"1987-11-30 19:30","1987","11","30","19:30"," ","-1,00","","-2,20","","91,00","","9,00","","17,00","","16,10","","101,37","","","","-6,00","","Nuageux"
"1987-11-30 20:00","1987","11","30","20:00"," ","","","","","","","","","","","","","","","","","","",""
"1987-11-30 20:30","1987","11","30","20:30"," ","-1,30","","-1,90","","96,00","","14,00","","19,00","","16,10","","101,34","","","","-7,00","","Nuageux"
"1987-11-30 21:00","1987","11","30","21:00"," ","","","","","","","","","","","","","","","","","","",""
"1987-11-30 21:30","1987","11","30","21:30"," ","-1,50","","-2,50","","93,00","","14,00","","30,00","","16,10","","101,27","","","","-8,00","","Nuageux"
"1987-11-30 22:00","1987","11","30","22:00"," ","","","","","","","","","","","","","","","","","","",""
"1987-11-30 22:30","1987","11","30","22:30"," ","-1,20","","-2,40","","92,00","","14,00","","28,00","","19,30","","101,17","","","","-8,00","","Nuageux"
"1987-11-30 23:00","1987","11","30","23:00"," ","","","","","","","","","","","","","","","","","","",""
"1987-11-30 23:30","1987","11","30","23:30"," ","-1,30","","-1,90","","96,00","","9,00","","19,00","","19,30","","101,10","","","","-7,00","","Nuageux"
