"Nom de la Station","ST JOHN'S A"
"Province","NEWFOUNDLAND"
"Latitude","47,62"
"Longitude","-52,74"
"Altitude","140,50"
"Identification Climat","8403506"
"Identification OMM","71801"
"Identification TC","YYT"
"Toutes les heures sont exprimées en heure normale locale (HNL). Pour convertir l'heure locale en heure avancée de l'Est (HAE), ajoutez 1 heure s'il y a lieu."

"Légende"
"M","Données Manquantes"
"E","Valeur Estimée"
"ND","Non Disponible"
"**","Données fournies par un partenaire, non assujetties à un révision par les Archives climatiques nationales du Canada"

"Date/Heure","Année","Mois","Jour","Heure","Qualité des Données","Temp (°C)","Temp Indicateur","Point de rosée (°C)","Point de rosée Indicateur","Hum. rel (%)","Hum. rel. Indicateur","Dir. du vent (10s deg)","Dir. du vent Indicateur","Vit. du vent (km/h)","Vit. du vent Indicateur","Visibilité (km)","Visibilité Indicateur","Pression à la station (kPa)","Pression à la station Indicateur","Hmdx","Hmdx Indicateur","Refroid. éolien","Refroid. éolien Indicateur","Temps"
"1958-06-01 00:00","1958","06","01","00:00"," ","8,90","","7,20","","89,00","","27,00","","16,00","","24,10","","99,68","","","","","","Généralement nuageux"
"1958-06-01 01:00","1958","06","01","01:00"," ","8,30","","6,70","","89,00","","29,00","","11,00","","24,10","","99,64","","","","","","Généralement nuageux"
"1958-06-01 02:00","1958","06","01","02:00"," ","8,30","","7,20","","93,00","","29,00","","16,00","","24,10","","99,62","","","","","","Généralement nuageux"
"1958-06-01 03:00","1958","06","01","03:00"," ","7,80","","6,70","","93,00","","29,00","","19,00","","24,10","","99,57","","","","","","Nuageux"
"1958-06-01 04:00","1958","06","01","04:00"," ","7,80","","6,70","","93,00","","27,00","","16,00","","24,10","","99,57","","","","","","Nuageux"
"1958-06-01 05:00","1958","06","01","05:00"," ","8,30","","7,20","","93,00","","34,00","","19,00","","24,10","","99,55","","","","","","Généralement nuageux"
"1958-06-01 06:00","1958","06","01","06:00"," ","9,40","","7,80","","89,00","","32,00","","19,00","","16,10","","99,53","","","","","","Nuageux"
"1958-06-01 07:00","1958","06","01","07:00"," ","8,90","","7,80","","93,00","","34,00","","27,00","","6,40","","99,54","","","","","","Brouillard"
"1958-06-01 08:00","1958","06","01","08:00"," ","8,90","","8,30","","96,00","","34,00","","24,00","","1,60","","99,59","","","","","","Brouillard"
"1958-06-01 09:00","1958","06","01","09:00"," ","7,80","","7,80","","100,00","","34,00","","24,00","","3,20","","99,61","","","","","","Brouillard"
"1958-06-01 10:00","1958","06","01","10:00"," ","7,80","","7,20","","96,00","","36,00","","24,00","","4,80","","99,61","","","","","","Brouillard"
"1958-06-01 11:00","1958","06","01","11:00"," ","8,90","","8,30","","96,00","","36,00","","16,00","","3,20","","99,64","","","","","","Bruine,Brouillard"
"1958-06-01 12:00","1958","06","01","12:00"," ","8,90","","8,30","","96,00","","2,00","","21,00","","2,40","","99,66","","","","","","Bruine,Brouillard"
"1958-06-01 13:00","1958","06","01","13:00"," ","8,90","","8,30","","96,00","","2,00","","24,00","","3,20","","99,66","","","","","","Pluie,Brouillard"
"1958-06-01 14:00","1958","06","01","14:00"," ","8,30","","8,30","","100,00","","5,00","","24,00","","0,20","","99,69","","","","","","Bruine,Brouillard"
"1958-06-01 15:00","1958","06","01","15:00"," ","7,20","","7,20","","100,00","","7,00","","24,00","","0,20","","99,71","","","","","","Bruine,Brouillard"
"1958-06-01 16:00","1958","06","01","16:00"," ","7,20","","7,20","","100,00","","7,00","","23,00","","0,00","","99,72","","","","","","Bruine,Brouillard"
"1958-06-01 17:00","1958","06","01","17:00"," ","7,20","","7,20","","100,00","","7,00","","24,00","","0,40","","99,72","","","","","","Pluie,Bruine,Brouillard"
"1958-06-01 18:00","1958","06","01","18:00"," ","7,80","","7,80","","100,00","","7,00","","27,00","","0,20","","99,74","","","","","","Pluie,Bruine,Brouillard"
"1958-06-01 19:00","1958","06","01","19:00"," ","7,80","","7,80","","100,00","","9,00","","32,00","","0,20","","99,76","","","","","","Bruine,Brouillard"
"1958-06-01 20:00","1958","06","01","20:00"," ","7,80","","7,80","","100,00","","9,00","","29,00","","0,20","","99,80","","","","","","Bruine,Brouillard"
"1958-06-01 21:00","1958","06","01","21:00"," ","7,80","","7,80","","100,00","","9,00","","32,00","","0,20","","99,87","","","","","","Bruine,Brouillard"
"1958-06-01 22:00","1958","06","01","22:00"," ","7,80","","7,80","","100,00","","9,00","","32,00","","0,20","","99,89","","","","","","Bruine,Brouillard"
"1958-06-01 23:00","1958","06","01","23:00"," ","8,30","","8,30","","100,00","","11,00","","24,00","","0,40","","99,95","","","","","","Pluie,Brouillard"
"1958-06-02 00:00","1958","06","02","00:00"," ","8,30","","8,30","","100,00","","11,00","","16,00","","0,40","","100,01","","","","","","Pluie,Brouillard"
"1958-06-02 01:00","1958","06","02","01:00"," ","7,80","","7,80","","100,00","","14,00","","10,00","","0,40","","100,06","","","","","","Bruine,Brouillard"
"1958-06-02 02:00","1958","06","02","02:00"," ","7,80","","7,80","","100,00","","11,00","","13,00","","2,40","","100,09","","","","","","Pluie,Brouillard"
"1958-06-02 03:00","1958","06","02","03:00"," ","8,30","","8,30","","100,00","","14,00","","19,00","","0,40","","100,13","","","","","","Pluie,Brouillard"
"1958-06-02 04:00","1958","06","02","04:00"," ","7,20","","7,20","","100,00","","14,00","","10,00","","0,40","","100,17","","","","","","Pluie,Brouillard"
"1958-06-02 05:00","1958","06","02","05:00"," ","7,20","","7,20","","100,00","","16,00","","8,00","","0,40","","100,23","","","","","","Brouillard"
"1958-06-02 06:00","1958","06","02","06:00"," ","7,20","","7,20","","100,00","","14,00","","19,00","","0,20","","100,28","","","","","","Pluie,Brouillard"
"1958-06-02 07:00","1958","06","02","07:00"," ","7,20","","7,20","","100,00","","11,00","","23,00","","0,20","","100,33","","","","","","Pluie,Brouillard"
"1958-06-02 08:00","1958","06","02","08:00"," ","7,20","","7,20","","100,00","","11,00","","24,00","","0,00","","100,35","","","","","","Bruine,Brouillard"
"1958-06-02 09:00","1958","06","02","09:00"," ","7,20","","7,20","","100,00","","14,00","","21,00","","0,20","","100,38","","","","","","Brouillard"
"1958-06-02 10:00","1958","06","02","10:00"," ","7,20","","7,20","","100,00","","14,00","","26,00","","0,20","","100,38","","","","","","Brouillard"
"1958-06-02 11:00","1958","06","02","11:00"," ","7,20","","7,20","","100,00","","14,00","","21,00","","0,20","","100,43","","","","","","Brouillard"
"1958-06-02 12:00","1958","06","02","12:00"," ","7,80","","7,80","","100,00","","14,00","","19,00","","0,40","","100,45","","","","","","Brouillard"
"1958-06-02 13:00","1958","06","02","13:00"," ","8,30","","8,30","","100,00","","16,00","","18,00","","0,20","","100,46","","","","","","Brouillard"
"1958-06-02 14:00","1958","06","02","14:00"," ","8,30","","8,30","","100,00","","16,00","","19,00","","0,20","","100,46","","","","","","Brouillard"
"1958-06-02 15:00","1958","06","02","15:00"," ","8,30","","8,30","","100,00","","16,00","","18,00","","0,20","","100,48","","","","","","Brouillard"
"1958-06-02 16:00","1958","06","02","16:00"," ","8,30","","8,30","","100,00","","16,00","","13,00","","0,20","","100,51","","","","","","Brouillard"
"1958-06-02 17:00","1958","06","02","17:00"," ","8,30","","8,30","","100,00","","16,00","","11,00","","2,40","","100,46","","","","","","Brouillard"
"1958-06-02 18:00","1958","06","02","18:00"," ","8,30","","8,30","","100,00","","16,00","","11,00","","2,40","","100,54","","","","","","Brouillard"
"1958-06-02 19:00","1958","06","02","19:00"," ","8,30","","8,30","","100,00","","16,00","","10,00","","4,80","","100,57","","","","","","Brouillard,Brume sèche"
"1958-06-02 20:00","1958","06","02","20:00"," ","8,30","","8,30","","100,00","","16,00","","10,00","","8,00","","100,60","","","","","","Brume sèche"
"1958-06-02 21:00","1958","06","02","21:00"," ","8,30","","8,30","","100,00","","16,00","","13,00","","8,00","","100,64","","","","","","Brume sèche"
"1958-06-02 22:00","1958","06","02","22:00"," ","8,30","","7,80","","96,00","","16,00","","8,00","","8,00","","100,64","","","","","","Bruine,Brume sèche"
"1958-06-02 23:00","1958","06","02","23:00"," ","8,90","","8,30","","96,00","","18,00","","10,00","","16,10","","100,60","","","","","","Généralement nuageux"
"1958-06-03 00:00","1958","06","03","00:00"," ","7,80","","7,20","","96,00","","16,00","","11,00","","16,10","","100,58","","","","","","Généralement nuageux"
"1958-06-03 01:00","1958","06","03","01:00"," ","6,10","","5,60","","96,00","","18,00","","8,00","","8,00","","100,57","","","","","","Brouillard,Brume sèche"
"1958-06-03 02:00","1958","06","03","02:00"," ","6,70","","6,70","","100,00","","20,00","","11,00","","12,90","","100,55","","","","","","Dégagé"
"1958-06-03 03:00","1958","06","03","03:00"," ","6,70","","6,70","","100,00","","20,00","","13,00","","16,10","","100,56","","","","","","Dégagé"
"1958-06-03 04:00","1958","06","03","04:00"," ","8,30","","7,20","","93,00","","20,00","","13,00","","16,10","","100,57","","","","","","Généralement dégagé"
"1958-06-03 05:00","1958","06","03","05:00"," ","10,00","","7,80","","86,00","","23,00","","8,00","","24,10","","100,58","","","","","","Généralement dégagé"
"1958-06-03 06:00","1958","06","03","06:00"," ","11,70","","8,90","","83,00","","20,00","","11,00","","24,10","","100,59","","","","","","Généralement dégagé"
"1958-06-03 07:00","1958","06","03","07:00"," ","12,20","","8,90","","80,00","","16,00","","10,00","","16,10","","100,62","","","","","","Généralement dégagé"
"1958-06-03 08:00","1958","06","03","08:00"," ","12,80","","10,00","","83,00","","16,00","","8,00","","16,10","","100,64","","","","","","Généralement dégagé"
"1958-06-03 09:00","1958","06","03","09:00"," ","13,90","","10,00","","77,00","","16,00","","8,00","","24,10","","100,65","","","","","","Généralement dégagé"
"1958-06-03 10:00","1958","06","03","10:00"," ","14,40","","9,40","","72,00","","16,00","","16,00","","24,10","","100,68","","","","","","Généralement dégagé"
"1958-06-03 11:00","1958","06","03","11:00"," ","15,60","","10,00","","70,00","","16,00","","26,00","","24,10","","100,68","","","","","","Généralement dégagé"
"1958-06-03 12:00","1958","06","03","12:00"," ","16,10","","10,00","","67,00","","14,00","","23,00","","24,10","","100,68","","","","","","Généralement dégagé"
"1958-06-03 13:00","1958","06","03","13:00"," ","16,70","","11,10","","70,00","","16,00","","24,00","","24,10","","100,68","","","","","","Généralement dégagé"
"1958-06-03 14:00","1958","06","03","14:00"," ","15,00","","9,40","","69,00","","16,00","","26,00","","24,10","","100,68","","","","","","Généralement dégagé"
"1958-06-03 15:00","1958","06","03","15:00"," ","16,70","","11,10","","70,00","","18,00","","27,00","","24,10","","100,69","","","","","","Généralement dégagé"
"1958-06-03 16:00","1958","06","03","16:00"," ","16,10","","8,90","","62,00","","18,00","","29,00","","24,10","","100,71","","","","","","Généralement dégagé"
"1958-06-03 17:00","1958","06","03","17:00"," ","15,60","","9,40","","67,00","","18,00","","24,00","","24,10","","100,74","","","","","","Généralement nuageux"
"1958-06-03 18:00","1958","06","03","18:00"," ","15,00","","9,40","","69,00","","20,00","","19,00","","24,10","","100,72","","","","","","Généralement nuageux"
"1958-06-03 19:00","1958","06","03","19:00"," ","13,30","","9,40","","77,00","","23,00","","14,00","","24,10","","100,77","","","","","","Nuageux"
"1958-06-03 20:00","1958","06","03","20:00"," ","12,80","","10,00","","83,00","","23,00","","13,00","","19,30","","100,79","","","","","","Nuageux"
"1958-06-03 21:00","1958","06","03","21:00"," ","13,30","","9,40","","77,00","","23,00","","11,00","","19,30","","100,83","","","","","","Nuageux"
"1958-06-03 22:00","1958","06","03","22:00"," ","12,80","","10,60","","86,00","","25,00","","6,00","","19,30","","100,86","","","","","","Nuageux"
"1958-06-03 23:00","1958","06","03","23:00"," ","8,90","","8,30","","96,00","","36,00","","18,00","","3,20","","100,89","","","","","","Bruine,Brouillard"
"1958-06-04 00:00","1958","06","04","00:00"," ","6,10","","5,00","","93,00","","2,00","","21,00","","12,90","","100,93","","","","","","Nuageux"
"1958-06-04 01:00","1958","06","04","01:00"," ","4,40","","3,30","","93,00","","36,00","","29,00","","12,90","","100,97","","","","","","Nuageux"
"1958-06-04 02:00","1958","06","04","02:00"," ","4,40","","2,80","","89,00","","36,00","","27,00","","9,70","","100,98","","","","","","Brouillard"
"1958-06-04 03:00","1958","06","04","03:00"," ","4,40","","3,90","","96,00","","2,00","","32,00","","4,00","","101,00","","","","","","Pluie,Brouillard"
"1958-06-04 04:00","1958","06","04","04:00"," ","3,30","","3,30","","100,00","","2,00","","29,00","","9,70","","101,04","","","","","","Pluie,Brouillard"
"1958-06-04 05:00","1958","06","04","05:00"," ","3,30","","3,30","","100,00","","2,00","","27,00","","11,30","","101,10","","","","","","Pluie"
"1958-06-04 06:00","1958","06","04","06:00"," ","3,30","","3,30","","100,00","","2,00","","27,00","","11,30","","101,15","","","","","","Pluie"
"1958-06-04 07:00","1958","06","04","07:00"," ","3,30","","3,30","","100,00","","2,00","","27,00","","4,80","","101,18","","","","","","Pluie,Bruine,Brouillard"
"1958-06-04 08:00","1958","06","04","08:00"," ","3,30","","2,80","","96,00","","2,00","","29,00","","12,90","","101,23","","","","","","Nuageux"
"1958-06-04 09:00","1958","06","04","09:00"," ","2,80","","1,70","","92,00","","2,00","","29,00","","16,10","","101,21","","","","","","Nuageux"
"1958-06-04 10:00","1958","06","04","10:00"," ","2,80","","1,70","","92,00","","2,00","","32,00","","16,10","","101,23","","","","","","Nuageux"
"1958-06-04 11:00","1958","06","04","11:00"," ","3,30","","0,60","","82,00","","2,00","","32,00","","19,30","","101,21","","","","","","Nuageux"
"1958-06-04 12:00","1958","06","04","12:00"," ","3,90","","1,10","","82,00","","36,00","","40,00","","19,30","","101,21","","","","","","Nuageux"
"1958-06-04 13:00","1958","06","04","13:00"," ","3,90","","0,00","","76,00","","2,00","","35,00","","19,30","","101,20","","","","","","Nuageux"
"1958-06-04 14:00","1958","06","04","14:00"," ","4,40","","1,10","","79,00","","2,00","","32,00","","19,30","","101,17","","","","","","Nuageux"
"1958-06-04 15:00","1958","06","04","15:00"," ","3,90","","0,00","","76,00","","2,00","","27,00","","19,30","","101,17","","","","","","Nuageux"
"1958-06-04 16:00","1958","06","04","16:00"," ","3,90","","0,00","","76,00","","2,00","","29,00","","19,30","","101,17","","","","","","Nuageux"
"1958-06-04 17:00","1958","06","04","17:00"," ","3,30","","0,00","","79,00","","2,00","","26,00","","19,30","","101,12","","","","","","Nuageux"
"1958-06-04 18:00","1958","06","04","18:00"," ","2,80","","0,00","","82,00","","2,00","","27,00","","19,30","","101,14","","","","","","Nuageux"
"1958-06-04 19:00","1958","06","04","19:00"," ","2,20","","0,00","","85,00","","5,00","","26,00","","16,10","","101,16","","","","","","Nuageux"
"1958-06-04 20:00","1958","06","04","20:00"," ","2,20","","0,00","","85,00","","2,00","","24,00","","16,10","","101,15","","","","","","Nuageux"
"1958-06-04 21:00","1958","06","04","21:00"," ","1,70","","0,60","","92,00","","2,00","","21,00","","16,10","","101,11","","","","","","Nuageux"
"1958-06-04 22:00","1958","06","04","22:00"," ","1,70","","0,60","","92,00","","2,00","","26,00","","16,10","","101,07","","","","","","Bruine"
"1958-06-04 23:00","1958","06","04","23:00"," ","1,70","","0,00","","89,00","","2,00","","19,00","","16,10","","101,00","","","","","","Bruine"
"1958-06-05 00:00","1958","06","05","00:00"," ","1,10","","0,00","","92,00","","36,00","","21,00","","16,10","","100,94","","","","","","Nuageux"
"1958-06-05 01:00","1958","06","05","01:00"," ","1,10","","0,00","","92,00","","2,00","","19,00","","16,10","","100,84","","","","","","Nuageux"
"1958-06-05 02:00","1958","06","05","02:00"," ","1,10","","-1,10","","85,00","","2,00","","16,00","","16,10","","100,78","","","","","","Nuageux"
"1958-06-05 03:00","1958","06","05","03:00"," ","1,10","","-1,10","","85,00","","34,00","","11,00","","16,10","","100,73","","","","","","Nuageux"
"1958-06-05 04:00","1958","06","05","04:00"," ","0,60","","-1,10","","88,00","","34,00","","13,00","","16,10","","100,73","","","","","","Nuageux"
"1958-06-05 05:00","1958","06","05","05:00"," ","0,60","","-1,10","","88,00","","34,00","","11,00","","16,10","","100,73","","","","","","Nuageux"
"1958-06-05 06:00","1958","06","05","06:00"," ","1,10","","-2,20","","78,00","","2,00","","14,00","","16,10","","100,73","","","","","","Nuageux"
"1958-06-05 07:00","1958","06","05","07:00"," ","2,20","","-1,70","","75,00","","36,00","","16,00","","24,10","","100,71","","","","","","Généralement nuageux"
"1958-06-05 08:00","1958","06","05","08:00"," ","2,20","","-1,70","","75,00","","36,00","","14,00","","24,10","","100,68","","","","","","Généralement nuageux"
"1958-06-05 09:00","1958","06","05","09:00"," ","3,30","","-1,70","","70,00","","2,00","","13,00","","24,10","","100,63","","","","","","Généralement nuageux"
"1958-06-05 10:00","1958","06","05","10:00"," ","3,90","","-1,70","","67,00","","5,00","","19,00","","24,10","","100,59","","","","","","Généralement dégagé"
"1958-06-05 11:00","1958","06","05","11:00"," ","3,90","","-1,10","","70,00","","5,00","","19,00","","24,10","","100,55","","","","","","Généralement dégagé"
"1958-06-05 12:00","1958","06","05","12:00"," ","5,00","","-1,10","","65,00","","7,00","","16,00","","24,10","","100,45","","","","","","Généralement dégagé"
"1958-06-05 13:00","1958","06","05","13:00"," ","6,10","","-1,10","","60,00","","5,00","","16,00","","24,10","","100,40","","","","","","Généralement dégagé"
"1958-06-05 14:00","1958","06","05","14:00"," ","6,10","","-1,70","","57,00","","5,00","","24,00","","24,10","","100,32","","","","","","Généralement dégagé"
"1958-06-05 15:00","1958","06","05","15:00"," ","6,10","","-3,30","","51,00","","5,00","","16,00","","24,10","","100,26","","","","","","Généralement dégagé"
"1958-06-05 16:00","1958","06","05","16:00"," ","6,10","","-3,30","","51,00","","5,00","","13,00","","24,10","","100,21","","","","","","Généralement dégagé"
"1958-06-05 17:00","1958","06","05","17:00"," ","6,70","","-4,40","","45,00","","5,00","","5,00","","24,10","","100,17","","","","","","Généralement dégagé"
"1958-06-05 18:00","1958","06","05","18:00"," ","6,70","","-4,40","","45,00","","9,00","","3,00","","24,10","","100,16","","","","","","Généralement dégagé"
"1958-06-05 19:00","1958","06","05","19:00"," ","5,60","","-3,30","","53,00","","18,00","","6,00","","24,10","","100,12","","","","","","Généralement dégagé"
"1958-06-05 20:00","1958","06","05","20:00"," ","2,80","","-2,80","","67,00","","23,00","","10,00","","24,10","","100,11","","","","","","Généralement dégagé"
"1958-06-05 21:00","1958","06","05","21:00"," ","3,30","","-0,60","","76,00","","25,00","","10,00","","24,10","","100,07","","","","","","Généralement dégagé"
"1958-06-05 22:00","1958","06","05","22:00"," ","2,80","","1,10","","89,00","","27,00","","19,00","","24,10","","100,05","","","","","","Généralement dégagé"
"1958-06-05 23:00","1958","06","05","23:00"," ","2,80","","1,70","","92,00","","27,00","","21,00","","24,10","","99,98","","","","","","Généralement dégagé"
"1958-06-06 00:00","1958","06","06","00:00"," ","2,20","","1,10","","92,00","","27,00","","16,00","","24,10","","99,94","","","","","","Dégagé"
"1958-06-06 01:00","1958","06","06","01:00"," ","1,70","","0,60","","92,00","","25,00","","16,00","","24,10","","99,85","","","","","","Dégagé"
"1958-06-06 02:00","1958","06","06","02:00"," ","1,70","","0,60","","92,00","","25,00","","16,00","","24,10","","99,81","","","","","","Dégagé"
"1958-06-06 03:00","1958","06","06","03:00"," ","1,10","","0,60","","96,00","","27,00","","16,00","","16,10","","99,77","","","","","","Généralement dégagé"
"1958-06-06 04:00","1958","06","06","04:00"," ","1,10","","1,10","","100,00","","27,00","","21,00","","0,20","","99,75","","","","","","Brouillard"
"1958-06-06 05:00","1958","06","06","05:00"," ","1,70","","1,70","","100,00","","27,00","","23,00","","0,40","","99,77","","","","","","Brouillard"
"1958-06-06 06:00","1958","06","06","06:00"," ","2,20","","2,20","","100,00","","27,00","","16,00","","0,60","","99,79","","","","","","Brouillard"
"1958-06-06 07:00","1958","06","06","07:00"," ","2,80","","1,70","","92,00","","25,00","","13,00","","16,10","","99,79","","","","","","Généralement dégagé"
"1958-06-06 08:00","1958","06","06","08:00"," ","5,00","","2,20","","82,00","","23,00","","13,00","","16,10","","99,78","","","","","","Généralement nuageux"
"1958-06-06 09:00","1958","06","06","09:00"," ","8,90","","1,10","","58,00","","25,00","","13,00","","24,10","","99,73","","","","","","Généralement nuageux"
"1958-06-06 10:00","1958","06","06","10:00"," ","8,90","","2,80","","66,00","","16,00","","14,00","","24,10","","99,67","","","","","","Généralement nuageux"
"1958-06-06 11:00","1958","06","06","11:00"," ","10,00","","4,40","","68,00","","14,00","","19,00","","24,10","","99,62","","","","","","Généralement dégagé"
"1958-06-06 12:00","1958","06","06","12:00"," ","12,80","","4,40","","57,00","","23,00","","16,00","","24,10","","99,56","","","","","","Généralement nuageux"
"1958-06-06 13:00","1958","06","06","13:00"," ","12,20","","2,80","","52,00","","20,00","","19,00","","24,10","","99,55","","","","","","Généralement nuageux"
"1958-06-06 14:00","1958","06","06","14:00"," ","13,30","","2,20","","47,00","","20,00","","23,00","","24,10","","99,50","","","","","","Généralement nuageux"
"1958-06-06 15:00","1958","06","06","15:00"," ","12,20","","1,70","","48,00","","20,00","","21,00","","24,10","","99,45","","","","","","Généralement nuageux"
"1958-06-06 16:00","1958","06","06","16:00"," ","12,20","","1,70","","48,00","","23,00","","19,00","","24,10","","99,43","","","","","","Généralement nuageux"
"1958-06-06 17:00","1958","06","06","17:00"," ","10,00","","2,20","","58,00","","20,00","","19,00","","24,10","","99,44","","","","","","Généralement nuageux"
"1958-06-06 18:00","1958","06","06","18:00"," ","8,90","","2,80","","66,00","","20,00","","24,00","","24,10","","99,44","","","","","","Nuageux"
"1958-06-06 19:00","1958","06","06","19:00"," ","7,20","","2,80","","73,00","","23,00","","16,00","","24,10","","99,45","","","","","","Nuageux"
"1958-06-06 20:00","1958","06","06","20:00"," ","6,70","","3,30","","79,00","","20,00","","18,00","","24,10","","99,46","","","","","","Nuageux"
"1958-06-06 21:00","1958","06","06","21:00"," ","6,10","","3,30","","82,00","","20,00","","19,00","","24,10","","99,37","","","","","","Nuageux"
"1958-06-06 22:00","1958","06","06","22:00"," ","6,10","","3,90","","86,00","","20,00","","24,00","","24,10","","99,34","","","","","","Pluie"
"1958-06-06 23:00","1958","06","06","23:00"," ","6,10","","4,40","","89,00","","20,00","","26,00","","16,10","","99,26","","","","","","Pluie"
"1958-06-07 00:00","1958","06","07","00:00"," ","5,60","","5,00","","96,00","","20,00","","24,00","","12,90","","99,18","","","","","","Pluie"
"1958-06-07 01:00","1958","06","07","01:00"," ","6,70","","5,60","","93,00","","23,00","","27,00","","16,10","","99,16","","","","","","Nuageux"
"1958-06-07 02:00","1958","06","07","02:00"," ","6,70","","5,60","","93,00","","20,00","","26,00","","12,90","","99,11","","","","","","Bruine"
"1958-06-07 03:00","1958","06","07","03:00"," ","6,70","","5,60","","93,00","","20,00","","21,00","","4,80","","99,07","","","","","","Pluie,Brouillard"
"1958-06-07 04:00","1958","06","07","04:00"," ","6,70","","5,60","","93,00","","20,00","","19,00","","12,90","","99,06","","","","","","Bruine"
"1958-06-07 05:00","1958","06","07","05:00"," ","6,70","","5,60","","93,00","","20,00","","21,00","","12,90","","99,03","","","","","","Généralement nuageux"
"1958-06-07 06:00","1958","06","07","06:00"," ","7,20","","6,70","","96,00","","20,00","","19,00","","12,90","","98,98","","","","","","Nuageux"
"1958-06-07 07:00","1958","06","07","07:00"," ","7,80","","7,20","","96,00","","20,00","","16,00","","8,00","","98,97","","","","","","Bruine,Brouillard"
"1958-06-07 08:00","1958","06","07","08:00"," ","8,90","","8,30","","96,00","","23,00","","18,00","","6,40","","98,96","","","","","","Bruine,Brouillard"
"1958-06-07 09:00","1958","06","07","09:00"," ","8,90","","8,90","","100,00","","23,00","","13,00","","1,60","","98,88","","","","","","Brouillard"
"1958-06-07 10:00","1958","06","07","10:00"," ","10,00","","8,90","","93,00","","23,00","","13,00","","4,80","","98,85","","","","","","Bruine,Brouillard"
"1958-06-07 11:00","1958","06","07","11:00"," ","10,00","","8,90","","93,00","","27,00","","16,00","","4,80","","98,82","","","","","","Bruine,Brouillard"
"1958-06-07 12:00","1958","06","07","12:00"," ","11,10","","9,40","","90,00","","29,00","","16,00","","12,90","","98,80","","","","","","Nuageux"
"1958-06-07 13:00","1958","06","07","13:00"," ","12,80","","7,80","","72,00","","29,00","","10,00","","16,10","","98,72","","","","","","Généralement nuageux"
"1958-06-07 14:00","1958","06","07","14:00"," ","12,80","","7,20","","69,00","","29,00","","10,00","","24,10","","98,75","","","","","","Généralement nuageux"
"1958-06-07 15:00","1958","06","07","15:00"," ","13,90","","5,00","","55,00","","32,00","","14,00","","24,10","","98,69","","","","","","Généralement nuageux"
"1958-06-07 16:00","1958","06","07","16:00"," ","10,60","","7,20","","80,00","","5,00","","18,00","","24,10","","98,77","","","","","","Généralement nuageux"
"1958-06-07 17:00","1958","06","07","17:00"," ","9,40","","6,70","","83,00","","2,00","","24,00","","24,10","","98,80","","","","","","Généralement nuageux"
"1958-06-07 18:00","1958","06","07","18:00"," ","7,20","","2,80","","73,00","","2,00","","24,00","","24,10","","98,90","","","","","","Généralement nuageux"
"1958-06-07 19:00","1958","06","07","19:00"," ","6,10","","2,20","","76,00","","2,00","","26,00","","24,10","","98,92","","","","","","Généralement nuageux"
"1958-06-07 20:00","1958","06","07","20:00"," ","5,60","","2,80","","82,00","","2,00","","26,00","","24,10","","99,00","","","","","","Généralement nuageux"
"1958-06-07 21:00","1958","06","07","21:00"," ","4,40","","2,20","","85,00","","2,00","","29,00","","24,10","","99,06","","","","","","Généralement dégagé"
"1958-06-07 22:00","1958","06","07","22:00"," ","3,90","","2,20","","89,00","","2,00","","24,00","","24,10","","99,09","","","","","","Généralement nuageux"
"1958-06-07 23:00","1958","06","07","23:00"," ","2,80","","1,70","","92,00","","34,00","","19,00","","24,10","","99,15","","","","","","Généralement dégagé"
"1958-06-08 00:00","1958","06","08","00:00"," ","2,80","","1,70","","92,00","","34,00","","16,00","","24,10","","99,19","","","","","","Dégagé"
"1958-06-08 01:00","1958","06","08","01:00"," ","2,20","","1,70","","96,00","","32,00","","16,00","","24,10","","99,24","","","","","","Dégagé"
"1958-06-08 02:00","1958","06","08","02:00"," ","2,20","","1,70","","96,00","","29,00","","21,00","","24,10","","99,28","","","","","","Dégagé"
"1958-06-08 03:00","1958","06","08","03:00"," ","2,80","","2,20","","96,00","","29,00","","23,00","","24,10","","99,31","","","","","","Dégagé"
"1958-06-08 04:00","1958","06","08","04:00"," ","3,30","","2,20","","92,00","","27,00","","19,00","","24,10","","99,37","","","","","","Dégagé"
"1958-06-08 05:00","1958","06","08","05:00"," ","4,40","","1,70","","82,00","","27,00","","18,00","","24,10","","99,42","","","","","","Généralement dégagé"
"1958-06-08 06:00","1958","06","08","06:00"," ","6,70","","2,20","","73,00","","27,00","","19,00","","24,10","","99,46","","","","","","Généralement dégagé"
"1958-06-08 07:00","1958","06","08","07:00"," ","8,30","","2,20","","65,00","","27,00","","24,00","","24,10","","99,49","","","","","","Généralement nuageux"
"1958-06-08 08:00","1958","06","08","08:00"," ","9,40","","1,70","","58,00","","27,00","","24,00","","24,10","","99,49","","","","","","Généralement nuageux"
"1958-06-08 09:00","1958","06","08","09:00"," ","10,00","","1,10","","54,00","","29,00","","24,00","","24,10","","99,44","","","","","","Nuageux"
"1958-06-08 10:00","1958","06","08","10:00"," ","10,00","","1,10","","54,00","","27,00","","23,00","","24,10","","99,44","","","","","","Nuageux"
"1958-06-08 11:00","1958","06","08","11:00"," ","11,70","","2,20","","52,00","","29,00","","29,00","","24,10","","99,40","","","","","","Généralement nuageux"
"1958-06-08 12:00","1958","06","08","12:00"," ","13,90","","3,90","","51,00","","27,00","","29,00","","24,10","","99,36","","","","","","Généralement nuageux"
"1958-06-08 13:00","1958","06","08","13:00"," ","15,60","","4,40","","48,00","","25,00","","23,00","","24,10","","99,36","","","","","","Généralement dégagé"
"1958-06-08 14:00","1958","06","08","14:00"," ","17,20","","1,10","","34,00","","27,00","","29,00","","24,10","","99,36","","","","","","Généralement dégagé"
"1958-06-08 15:00","1958","06","08","15:00"," ","16,70","","0,60","","34,00","","27,00","","40,00","","24,10","","99,33","","","","","","Généralement dégagé"
"1958-06-08 16:00","1958","06","08","16:00"," ","16,70","","0,60","","34,00","","27,00","","32,00","","24,10","","99,36","","","","","","Généralement nuageux"
"1958-06-08 17:00","1958","06","08","17:00"," ","13,90","","2,80","","47,00","","25,00","","32,00","","24,10","","99,36","","","","","","Généralement nuageux"
"1958-06-08 18:00","1958","06","08","18:00"," ","12,80","","4,40","","57,00","","27,00","","32,00","","24,10","","99,39","","","","","","Généralement dégagé"
"1958-06-08 19:00","1958","06","08","19:00"," ","11,70","","6,10","","69,00","","25,00","","24,00","","24,10","","99,38","","","","","","Généralement dégagé"
"1958-06-08 20:00","1958","06","08","20:00"," ","10,60","","3,30","","61,00","","25,00","","29,00","","24,10","","99,39","","","","","","Généralement dégagé"
"1958-06-08 21:00","1958","06","08","21:00"," ","8,90","","3,30","","68,00","","25,00","","40,00","","24,10","","99,38","","","","","","Généralement nuageux"
"1958-06-08 22:00","1958","06","08","22:00"," ","8,30","","3,30","","71,00","","25,00","","37,00","","24,10","","99,36","","","","","","Généralement nuageux"
"1958-06-08 23:00","1958","06","08","23:00"," ","8,30","","3,30","","71,00","","25,00","","40,00","","24,10","","99,35","","","","","","Généralement nuageux"
"1958-06-09 00:00","1958","06","09","00:00"," ","7,80","","3,90","","76,00","","27,00","","39,00","","24,10","","99,31","","","","","","Généralement nuageux"
"1958-06-09 01:00","1958","06","09","01:00"," ","8,30","","2,80","","68,00","","27,00","","32,00","","24,10","","99,29","","","","","","Nuageux"
"1958-06-09 02:00","1958","06","09","02:00"," ","8,30","","3,90","","74,00","","25,00","","35,00","","24,10","","99,22","","","","","","Nuageux"
"1958-06-09 03:00","1958","06","09","03:00"," ","8,30","","3,30","","71,00","","25,00","","39,00","","24,10","","99,17","","","","","","Généralement nuageux"
"1958-06-09 04:00","1958","06","09","04:00"," ","8,30","","3,30","","71,00","","25,00","","29,00","","24,10","","99,17","","","","","","Généralement nuageux"
"1958-06-09 05:00","1958","06","09","05:00"," ","8,30","","3,30","","71,00","","25,00","","32,00","","24,10","","99,15","","","","","","Généralement nuageux"
"1958-06-09 06:00","1958","06","09","06:00"," ","8,90","","4,40","","74,00","","25,00","","24,00","","24,10","","99,17","","","","","","Généralement nuageux"
"1958-06-09 07:00","1958","06","09","07:00"," ","9,40","","5,00","","74,00","","25,00","","32,00","","24,10","","99,15","","","","","","Nuageux"
"1958-06-09 08:00","1958","06","09","08:00"," ","10,60","","4,40","","66,00","","25,00","","24,00","","24,10","","99,08","","","","","","Averses de pluie"
"1958-06-09 09:00","1958","06","09","09:00"," ","10,00","","7,20","","83,00","","23,00","","27,00","","19,30","","98,96","","","","","","Averses de pluie"
"1958-06-09 10:00","1958","06","09","10:00"," ","11,10","","8,90","","86,00","","25,00","","24,00","","12,90","","98,85","","","","","","Averses de pluie"
"1958-06-09 11:00","1958","06","09","11:00"," ","11,10","","9,40","","90,00","","23,00","","35,00","","12,90","","98,78","","","","","","Averses de pluie"
"1958-06-09 12:00","1958","06","09","12:00"," ","12,20","","10,00","","86,00","","25,00","","32,00","","16,10","","98,61","","","","","","Nuageux"
"1958-06-09 13:00","1958","06","09","13:00"," ","12,80","","9,40","","80,00","","23,00","","40,00","","16,10","","98,55","","","","","","Nuageux"
"1958-06-09 14:00","1958","06","09","14:00"," ","11,70","","9,40","","86,00","","25,00","","35,00","","16,10","","98,45","","","","","","Averses de pluie"
"1958-06-09 15:00","1958","06","09","15:00"," ","11,70","","8,90","","83,00","","25,00","","29,00","","16,10","","98,34","","","","","","Averses de pluie"
"1958-06-09 16:00","1958","06","09","16:00"," ","10,60","","9,40","","93,00","","25,00","","23,00","","12,90","","98,33","","","","","","Nuageux"
"1958-06-09 17:00","1958","06","09","17:00"," ","10,60","","8,90","","89,00","","25,00","","24,00","","16,10","","98,33","","","","","","Nuageux"
"1958-06-09 18:00","1958","06","09","18:00"," ","10,00","","8,90","","93,00","","25,00","","26,00","","16,10","","98,26","","","","","","Généralement nuageux"
"1958-06-09 19:00","1958","06","09","19:00"," ","9,40","","8,30","","93,00","","25,00","","24,00","","12,90","","98,17","","","","","","Nuageux"
"1958-06-09 20:00","1958","06","09","20:00"," ","9,40","","8,90","","96,00","","25,00","","27,00","","4,80","","98,10","","","","","","Brouillard"
"1958-06-09 21:00","1958","06","09","21:00"," ","9,40","","8,90","","96,00","","25,00","","24,00","","12,90","","98,02","","","","","","Nuageux"
"1958-06-09 22:00","1958","06","09","22:00"," ","8,90","","7,80","","93,00","","27,00","","26,00","","16,10","","97,95","","","","","","Nuageux"
"1958-06-09 23:00","1958","06","09","23:00"," ","8,30","","6,10","","86,00","","27,00","","24,00","","16,10","","97,87","","","","","","Nuageux"
"1958-06-10 00:00","1958","06","10","00:00"," ","7,80","","5,00","","82,00","","27,00","","23,00","","16,10","","97,83","","","","","","Nuageux"
"1958-06-10 01:00","1958","06","10","01:00"," ","6,70","","2,20","","73,00","","27,00","","27,00","","24,10","","97,84","","","","","","Généralement dégagé"
"1958-06-10 02:00","1958","06","10","02:00"," ","5,60","","0,60","","70,00","","29,00","","29,00","","24,10","","97,85","","","","","","Dégagé"
"1958-06-10 03:00","1958","06","10","03:00"," ","4,40","","0,60","","76,00","","29,00","","40,00","","24,10","","97,85","","","","","","Généralement dégagé"
"1958-06-10 04:00","1958","06","10","04:00"," ","4,40","","0,60","","76,00","","29,00","","32,00","","24,10","","97,93","","","","","","Généralement nuageux"
"1958-06-10 05:00","1958","06","10","05:00"," ","5,00","","0,60","","73,00","","29,00","","35,00","","24,10","","98,02","","","","","","Généralement dégagé"
"1958-06-10 06:00","1958","06","10","06:00"," ","5,60","","-1,10","","62,00","","29,00","","32,00","","24,10","","98,06","","","","","","Généralement dégagé"
"1958-06-10 07:00","1958","06","10","07:00"," ","6,10","","-3,30","","51,00","","29,00","","48,00","","24,10","","98,08","","","","","","Généralement dégagé"
"1958-06-10 08:00","1958","06","10","08:00"," ","7,20","","-2,20","","51,00","","29,00","","56,00","","24,10","","98,09","","","","","","Généralement dégagé"
"1958-06-10 09:00","1958","06","10","09:00"," ","8,90","","-1,70","","48,00","","29,00","","45,00","","24,10","","98,16","","","","","","Généralement nuageux"
"1958-06-10 10:00","1958","06","10","10:00"," ","8,30","","-2,20","","47,00","","29,00","","35,00","","24,10","","98,18","","","","","","Généralement dégagé"
"1958-06-10 11:00","1958","06","10","11:00"," ","9,40","","-2,80","","42,00","","27,00","","40,00","","24,10","","98,18","","","","","","Généralement dégagé"
"1958-06-10 12:00","1958","06","10","12:00"," ","10,00","","-1,70","","44,00","","29,00","","48,00","","24,10","","98,19","","","","","","Généralement nuageux"
"1958-06-10 13:00","1958","06","10","13:00"," ","9,40","","-1,10","","48,00","","29,00","","40,00","","24,10","","98,21","","","","","","Généralement nuageux"
"1958-06-10 14:00","1958","06","10","14:00"," ","9,40","","-1,70","","46,00","","29,00","","29,00","","24,10","","98,24","","","","","","Généralement nuageux"
"1958-06-10 15:00","1958","06","10","15:00"," ","9,40","","0,00","","52,00","","27,00","","29,00","","24,10","","98,27","","","","","","Généralement nuageux"
"1958-06-10 16:00","1958","06","10","16:00"," ","8,30","","1,10","","60,00","","27,00","","32,00","","24,10","","98,29","","","","","","Averses de pluie"
"1958-06-10 17:00","1958","06","10","17:00"," ","7,80","","1,10","","63,00","","27,00","","32,00","","24,10","","98,33","","","","","","Généralement nuageux"
"1958-06-10 18:00","1958","06","10","18:00"," ","7,80","","-1,10","","53,00","","29,00","","24,00","","24,10","","98,36","","","","","","Généralement nuageux"
"1958-06-10 19:00","1958","06","10","19:00"," ","7,20","","-1,10","","55,00","","29,00","","29,00","","24,10","","98,41","","","","","","Généralement nuageux"
"1958-06-10 20:00","1958","06","10","20:00"," ","7,20","","-0,60","","58,00","","29,00","","29,00","","24,10","","98,46","","","","","","Généralement nuageux"
"1958-06-10 21:00","1958","06","10","21:00"," ","6,70","","-0,60","","60,00","","29,00","","32,00","","24,10","","98,48","","","","","","Généralement dégagé"
"1958-06-10 22:00","1958","06","10","22:00"," ","6,70","","0,00","","62,00","","29,00","","26,00","","24,10","","98,52","","","","","","Généralement dégagé"
"1958-06-10 23:00","1958","06","10","23:00"," ","6,70","","0,60","","65,00","","29,00","","24,00","","24,10","","98,63","","","","","","Généralement dégagé"
"1958-06-11 00:00","1958","06","11","00:00"," ","6,70","","0,60","","65,00","","29,00","","32,00","","24,10","","98,63","","","","","","Généralement dégagé"
"1958-06-11 01:00","1958","06","11","01:00"," ","6,10","","-0,60","","62,00","","29,00","","32,00","","24,10","","98,60","","","","","","Généralement dégagé"
"1958-06-11 02:00","1958","06","11","02:00"," ","5,60","","1,10","","73,00","","29,00","","29,00","","24,10","","98,60","","","","","","Généralement dégagé"
"1958-06-11 03:00","1958","06","11","03:00"," ","5,60","","1,10","","73,00","","29,00","","39,00","","24,10","","98,61","","","","","","Généralement dégagé"
"1958-06-11 04:00","1958","06","11","04:00"," ","6,10","","1,10","","70,00","","29,00","","32,00","","24,10","","98,69","","","","","","Dégagé"
"1958-06-11 05:00","1958","06","11","05:00"," ","6,70","","1,10","","68,00","","29,00","","29,00","","24,10","","98,71","","","","","","Dégagé"
"1958-06-11 06:00","1958","06","11","06:00"," ","7,20","","2,20","","70,00","","29,00","","32,00","","24,10","","98,69","","","","","","Dégagé"
"1958-06-11 07:00","1958","06","11","07:00"," ","8,90","","1,70","","61,00","","29,00","","45,00","","24,10","","98,67","","","","","","Généralement dégagé"
"1958-06-11 08:00","1958","06","11","08:00"," ","8,90","","2,20","","63,00","","29,00","","32,00","","24,10","","98,83","","","","","","Généralement dégagé"
"1958-06-11 09:00","1958","06","11","09:00"," ","10,60","","2,20","","56,00","","29,00","","32,00","","24,10","","98,80","","","","","","Généralement dégagé"
"1958-06-11 10:00","1958","06","11","10:00"," ","12,80","","2,80","","51,00","","29,00","","32,00","","24,10","","98,84","","","","","","Généralement dégagé"
"1958-06-11 11:00","1958","06","11","11:00"," ","13,90","","2,80","","47,00","","29,00","","32,00","","24,10","","98,86","","","","","","Généralement dégagé"
"1958-06-11 12:00","1958","06","11","12:00"," ","15,60","","2,80","","42,00","","32,00","","39,00","","24,10","","98,90","","","","","","Généralement dégagé"
"1958-06-11 13:00","1958","06","11","13:00"," ","15,60","","2,80","","42,00","","32,00","","40,00","","24,10","","98,95","","","","","","Généralement nuageux"
"1958-06-11 14:00","1958","06","11","14:00"," ","16,10","","3,30","","42,00","","34,00","","35,00","","24,10","","98,98","","","","","","Généralement nuageux"
"1958-06-11 15:00","1958","06","11","15:00"," ","14,40","","3,30","","47,00","","34,00","","27,00","","24,10","","99,08","","","","","","Généralement nuageux"
"1958-06-11 16:00","1958","06","11","16:00"," ","14,40","","-0,60","","36,00","","34,00","","26,00","","24,10","","99,13","","","","","","Généralement dégagé"
"1958-06-11 17:00","1958","06","11","17:00"," ","13,30","","4,40","","55,00","","36,00","","32,00","","24,10","","99,21","","","","","","Généralement nuageux"
"1958-06-11 18:00","1958","06","11","18:00"," ","11,10","","3,30","","59,00","","2,00","","27,00","","24,10","","99,23","","","","","","Généralement dégagé"
"1958-06-11 19:00","1958","06","11","19:00"," ","11,10","","4,40","","64,00","","36,00","","24,00","","24,10","","99,32","","","","","","Généralement nuageux"
"1958-06-11 20:00","1958","06","11","20:00"," ","10,00","","3,90","","66,00","","34,00","","26,00","","24,10","","99,40","","","","","","Généralement dégagé"
"1958-06-11 21:00","1958","06","11","21:00"," ","7,80","","3,90","","76,00","","32,00","","11,00","","24,10","","99,52","","","","","","Généralement dégagé"
"1958-06-11 22:00","1958","06","11","22:00"," ","7,20","","4,40","","82,00","","29,00","","11,00","","24,10","","99,57","","","","","","Généralement dégagé"
"1958-06-11 23:00","1958","06","11","23:00"," ","6,70","","4,40","","86,00","","32,00","","19,00","","24,10","","99,58","","","","","","Dégagé"
"1958-06-12 00:00","1958","06","12","00:00"," ","6,10","","3,90","","86,00","","32,00","","18,00","","24,10","","99,60","","","","","","Dégagé"
"1958-06-12 01:00","1958","06","12","01:00"," ","6,10","","3,30","","82,00","","34,00","","24,00","","24,10","","99,60","","","","","","Dégagé"
"1958-06-12 02:00","1958","06","12","02:00"," ","6,10","","3,90","","86,00","","32,00","","19,00","","24,10","","99,64","","","","","","Généralement nuageux"
"1958-06-12 03:00","1958","06","12","03:00"," ","6,10","","3,90","","86,00","","34,00","","19,00","","24,10","","99,69","","","","","","Nuageux"
"1958-06-12 04:00","1958","06","12","04:00"," ","6,10","","3,30","","82,00","","34,00","","13,00","","24,10","","99,74","","","","","","Généralement nuageux"
"1958-06-12 05:00","1958","06","12","05:00"," ","6,10","","2,80","","79,00","","36,00","","6,00","","24,10","","99,77","","","","","","Nuageux"
"1958-06-12 06:00","1958","06","12","06:00"," ","6,10","","2,80","","79,00","","32,00","","13,00","","24,10","","99,83","","","","","","Nuageux"
"1958-06-12 07:00","1958","06","12","07:00"," ","6,10","","2,80","","79,00","","36,00","","11,00","","24,10","","99,89","","","","","","Nuageux"
"1958-06-12 08:00","1958","06","12","08:00"," ","6,70","","2,80","","76,00","","34,00","","11,00","","24,10","","99,93","","","","","","Nuageux"
"1958-06-12 09:00","1958","06","12","09:00"," ","6,70","","3,90","","82,00","","36,00","","6,00","","24,10","","99,93","","","","","","Averses de pluie"
"1958-06-12 10:00","1958","06","12","10:00"," ","5,60","","3,90","","89,00","","5,00","","6,00","","16,10","","99,95","","","","","","Averses de pluie"
"1958-06-12 11:00","1958","06","12","11:00"," ","5,60","","5,00","","96,00","","7,00","","5,00","","12,90","","99,92","","","","","","Pluie"
"1958-06-12 12:00","1958","06","12","12:00"," ","6,10","","4,40","","89,00","","7,00","","8,00","","16,10","","99,95","","","","","","Pluie"
"1958-06-12 13:00","1958","06","12","13:00"," ","7,20","","4,40","","82,00","","5,00","","11,00","","24,10","","99,94","","","","","","Nuageux"
"1958-06-12 14:00","1958","06","12","14:00"," ","6,70","","3,90","","82,00","","5,00","","10,00","","24,10","","99,95","","","","","","Nuageux"
"1958-06-12 15:00","1958","06","12","15:00"," ","7,80","","3,90","","76,00","","5,00","","10,00","","24,10","","99,93","","","","","","Généralement nuageux"
"1958-06-12 16:00","1958","06","12","16:00"," ","7,80","","3,90","","76,00","","11,00","","14,00","","24,10","","99,89","","","","","","Généralement dégagé"
"1958-06-12 17:00","1958","06","12","17:00"," ","7,20","","2,80","","73,00","","14,00","","11,00","","24,10","","99,92","","","","","","Généralement dégagé"
"1958-06-12 18:00","1958","06","12","18:00"," ","6,10","","2,20","","76,00","","11,00","","13,00","","24,10","","99,95","","","","","","Généralement dégagé"
"1958-06-12 19:00","1958","06","12","19:00"," ","5,00","","2,80","","86,00","","14,00","","10,00","","24,10","","99,90","","","","","","Généralement dégagé"
"1958-06-12 20:00","1958","06","12","20:00"," ","3,90","","2,80","","92,00","","14,00","","10,00","","16,10","","99,91","","","","","","Généralement dégagé"
"1958-06-12 21:00","1958","06","12","21:00"," ","3,30","","2,20","","92,00","","14,00","","5,00","","16,10","","99,93","","","","","","Généralement dégagé"
"1958-06-12 22:00","1958","06","12","22:00"," ","3,30","","2,20","","92,00","","14,00","","3,00","","16,10","","99,94","","","","","","Généralement dégagé"
"1958-06-12 23:00","1958","06","12","23:00"," ","2,80","","2,20","","96,00","","0,00","","0,00","","16,10","","99,97","","","","","","Généralement dégagé"
"1958-06-13 00:00","1958","06","13","00:00"," ","2,80","","2,20","","96,00","","14,00","","6,00","","16,10","","99,97","","","","","","Généralement dégagé"
"1958-06-13 01:00","1958","06","13","01:00"," ","3,30","","3,30","","100,00","","14,00","","5,00","","12,90","","99,93","","","","","","Nuageux"
"1958-06-13 02:00","1958","06","13","02:00"," ","3,30","","2,80","","96,00","","0,00","","0,00","","12,90","","99,89","","","","","","Généralement nuageux"
"1958-06-13 03:00","1958","06","13","03:00"," ","3,30","","2,80","","96,00","","0,00","","0,00","","3,20","","99,92","","","","","","Brouillard"
"1958-06-13 04:00","1958","06","13","04:00"," ","4,40","","3,30","","93,00","","9,00","","3,00","","12,90","","99,95","","","","","","Généralement nuageux"
"1958-06-13 05:00","1958","06","13","05:00"," ","4,40","","3,30","","93,00","","9,00","","3,00","","12,90","","99,96","","","","","","Généralement nuageux"
"1958-06-13 06:00","1958","06","13","06:00"," ","5,00","","3,30","","89,00","","11,00","","5,00","","12,90","","99,97","","","","","","Généralement nuageux"
"1958-06-13 07:00","1958","06","13","07:00"," ","5,60","","3,30","","86,00","","14,00","","6,00","","12,90","","99,99","","","","","","Généralement nuageux"
"1958-06-13 08:00","1958","06","13","08:00"," ","6,70","","3,90","","82,00","","14,00","","6,00","","16,10","","99,98","","","","","","Nuageux"
"1958-06-13 09:00","1958","06","13","09:00"," ","8,30","","3,90","","74,00","","14,00","","6,00","","16,10","","99,94","","","","","","Généralement nuageux"
"1958-06-13 10:00","1958","06","13","10:00"," ","8,90","","3,30","","68,00","","16,00","","11,00","","24,10","","99,94","","","","","","Généralement nuageux"
"1958-06-13 11:00","1958","06","13","11:00"," ","10,00","","4,40","","68,00","","18,00","","8,00","","24,10","","99,93","","","","","","Généralement nuageux"
"1958-06-13 12:00","1958","06","13","12:00"," ","10,60","","5,60","","71,00","","18,00","","11,00","","24,10","","99,94","","","","","","Généralement nuageux"
"1958-06-13 13:00","1958","06","13","13:00"," ","10,00","","5,60","","74,00","","16,00","","16,00","","24,10","","99,91","","","","","","Généralement nuageux"
"1958-06-13 14:00","1958","06","13","14:00"," ","9,40","","5,00","","74,00","","16,00","","13,00","","24,10","","99,88","","","","","","Généralement nuageux"
"1958-06-13 15:00","1958","06","13","15:00"," ","9,40","","6,70","","83,00","","14,00","","13,00","","24,10","","99,85","","","","","","Généralement nuageux"
"1958-06-13 16:00","1958","06","13","16:00"," ","8,90","","7,20","","89,00","","16,00","","16,00","","12,90","","99,85","","","","","","Nuageux"
"1958-06-13 17:00","1958","06","13","17:00"," ","7,80","","6,70","","93,00","","16,00","","16,00","","4,80","","99,83","","","","","","Brouillard"
"1958-06-13 18:00","1958","06","13","18:00"," ","7,80","","7,20","","96,00","","16,00","","16,00","","0,80","","99,82","","","","","","Brouillard"
"1958-06-13 19:00","1958","06","13","19:00"," ","8,30","","7,80","","96,00","","18,00","","16,00","","3,20","","99,84","","","","","","Brouillard"
"1958-06-13 20:00","1958","06","13","20:00"," ","8,30","","7,80","","96,00","","18,00","","18,00","","0,60","","99,87","","","","","","Brouillard"
"1958-06-13 21:00","1958","06","13","21:00"," ","8,30","","7,80","","96,00","","20,00","","23,00","","3,20","","99,88","","","","","","Pluie,Brouillard"
"1958-06-13 22:00","1958","06","13","22:00"," ","8,30","","7,80","","96,00","","18,00","","16,00","","4,80","","99,86","","","","","","Pluie,Brouillard"
"1958-06-13 23:00","1958","06","13","23:00"," ","7,80","","7,20","","96,00","","18,00","","18,00","","1,60","","99,84","","","","","","Pluie,Brouillard"
"1958-06-14 00:00","1958","06","14","00:00"," ","6,70","","6,70","","100,00","","16,00","","8,00","","1,20","","99,77","","","","","","Brouillard"
"1958-06-14 01:00","1958","06","14","01:00"," ","6,70","","6,70","","100,00","","14,00","","10,00","","0,40","","99,67","","","","","","Brouillard"
"1958-06-14 02:00","1958","06","14","02:00"," ","6,10","","6,10","","100,00","","16,00","","16,00","","0,40","","99,64","","","","","","Bruine,Brouillard"
"1958-06-14 03:00","1958","06","14","03:00"," ","6,10","","6,10","","100,00","","16,00","","16,00","","0,40","","99,60","","","","","","Bruine,Brouillard"
"1958-06-14 04:00","1958","06","14","04:00"," ","6,10","","6,10","","100,00","","16,00","","14,00","","0,40","","99,55","","","","","","Brouillard"
"1958-06-14 05:00","1958","06","14","05:00"," ","6,10","","6,10","","100,00","","16,00","","5,00","","0,40","","99,57","","","","","","Brouillard"
"1958-06-14 06:00","1958","06","14","06:00"," ","6,10","","6,10","","100,00","","0,00","","0,00","","0,40","","99,57","","","","","","Bruine,Brouillard"
"1958-06-14 07:00","1958","06","14","07:00"," ","7,20","","7,20","","100,00","","16,00","","8,00","","0,40","","99,55","","","","","","Bruine,Brouillard"
"1958-06-14 08:00","1958","06","14","08:00"," ","6,70","","6,70","","100,00","","16,00","","16,00","","0,40","","99,43","","","","","","Brouillard"
"1958-06-14 09:00","1958","06","14","09:00"," ","6,70","","6,70","","100,00","","14,00","","21,00","","0,20","","99,33","","","","","","Bruine,Brouillard"
"1958-06-14 10:00","1958","06","14","10:00"," ","7,20","","7,20","","100,00","","16,00","","19,00","","0,20","","99,34","","","","","","Bruine,Brouillard"
"1958-06-14 11:00","1958","06","14","11:00"," ","7,20","","7,20","","100,00","","16,00","","23,00","","0,20","","99,24","","","","","","Bruine,Brouillard"
"1958-06-14 12:00","1958","06","14","12:00"," ","7,20","","7,20","","100,00","","16,00","","26,00","","0,40","","99,21","","","","","","Pluie,Bruine,Brouillard"
"1958-06-14 13:00","1958","06","14","13:00"," ","7,20","","7,20","","100,00","","16,00","","32,00","","0,20","","99,10","","","","","","Bruine,Brouillard"
"1958-06-14 14:00","1958","06","14","14:00"," ","6,70","","6,70","","100,00","","16,00","","27,00","","0,20","","99,04","","","","","","Bruine,Brouillard"
"1958-06-14 15:00","1958","06","14","15:00"," ","6,70","","6,70","","100,00","","16,00","","35,00","","0,20","","98,88","","","","","","Bruine,Brouillard"
"1958-06-14 16:00","1958","06","14","16:00"," ","6,70","","6,70","","100,00","","16,00","","32,00","","0,00","","98,72","","","","","","Bruine,Brouillard"
"1958-06-14 17:00","1958","06","14","17:00"," ","6,70","","6,70","","100,00","","16,00","","32,00","","0,00","","98,68","","","","","","Bruine,Brouillard"
"1958-06-14 18:00","1958","06","14","18:00"," ","6,70","","6,70","","100,00","","16,00","","39,00","","0,00","","98,50","","","","","","Bruine,Brouillard"
"1958-06-14 19:00","1958","06","14","19:00"," ","6,10","","6,10","","100,00","","16,00","","32,00","","0,00","","98,44","","","","","","Bruine,Brouillard"
"1958-06-14 20:00","1958","06","14","20:00"," ","6,10","","6,10","","100,00","","16,00","","24,00","","0,00","","98,34","","","","","","Bruine,Brouillard"
"1958-06-14 21:00","1958","06","14","21:00"," ","6,70","","6,70","","100,00","","16,00","","23,00","","0,20","","98,17","","","","","","Pluie,Brouillard"
"1958-06-14 22:00","1958","06","14","22:00"," ","6,70","","6,70","","100,00","","16,00","","24,00","","0,20","","97,96","","","","","","Pluie,Brouillard"
"1958-06-14 23:00","1958","06","14","23:00"," ","7,20","","7,20","","100,00","","18,00","","16,00","","2,40","","97,85","","","","","","Pluie modérée,Brouillard"
"1958-06-15 00:00","1958","06","15","00:00"," ","8,30","","8,30","","100,00","","18,00","","27,00","","2,40","","97,66","","","","","","Pluie modérée,Brouillard"
"1958-06-15 01:00","1958","06","15","01:00"," ","8,90","","8,90","","100,00","","18,00","","24,00","","2,40","","97,56","","","","","","Pluie,Brouillard"
"1958-06-15 02:00","1958","06","15","02:00"," ","10,00","","10,00","","100,00","","20,00","","24,00","","6,40","","97,51","","","","","","Brouillard"
"1958-06-15 03:00","1958","06","15","03:00"," ","10,00","","10,00","","100,00","","20,00","","13,00","","12,90","","97,50","","","","","","Nuageux"
"1958-06-15 04:00","1958","06","15","04:00"," ","10,60","","10,60","","100,00","","18,00","","16,00","","1,60","","97,50","","","","","","Brouillard"
"1958-06-15 05:00","1958","06","15","05:00"," ","11,70","","11,70","","100,00","","23,00","","21,00","","12,90","","97,51","","","","","","Pluie"
"1958-06-15 06:00","1958","06","15","06:00"," ","12,20","","11,70","","96,00","","25,00","","13,00","","9,70","","97,51","","","","","","Pluie,Brouillard"
"1958-06-15 07:00","1958","06","15","07:00"," ","12,20","","11,70","","96,00","","27,00","","29,00","","16,10","","97,57","","","","","","Nuageux"
"1958-06-15 08:00","1958","06","15","08:00"," ","11,10","","11,10","","100,00","","29,00","","29,00","","8,00","","97,60","","","","","","Brouillard"
"1958-06-15 09:00","1958","06","15","09:00"," ","10,60","","10,00","","96,00","","29,00","","32,00","","16,10","","97,59","","","","","","Nuageux"
"1958-06-15 10:00","1958","06","15","10:00"," ","11,10","","9,40","","90,00","","29,00","","32,00","","19,30","","97,68","","","","","","Généralement nuageux"
"1958-06-15 11:00","1958","06","15","11:00"," ","13,30","","8,30","","72,00","","29,00","","29,00","","24,10","","97,71","","","","","","Généralement nuageux"
"1958-06-15 12:00","1958","06","15","12:00"," ","15,00","","3,30","","46,00","","27,00","","26,00","","24,10","","97,77","","","","","","Généralement dégagé"
"1958-06-15 13:00","1958","06","15","13:00"," ","15,60","","1,70","","39,00","","27,00","","29,00","","24,10","","97,81","","","","","","Généralement dégagé"
"1958-06-15 14:00","1958","06","15","14:00"," ","16,10","","2,80","","41,00","","27,00","","29,00","","24,10","","97,88","","","","","","Généralement dégagé"
"1958-06-15 15:00","1958","06","15","15:00"," ","15,60","","1,70","","39,00","","27,00","","24,00","","24,10","","97,93","","","","","","Généralement dégagé"
"1958-06-15 16:00","1958","06","15","16:00"," ","15,60","","2,20","","41,00","","27,00","","24,00","","24,10","","97,90","","","","","","Généralement dégagé"
"1958-06-15 17:00","1958","06","15","17:00"," ","13,90","","1,70","","43,00","","25,00","","24,00","","24,10","","98,04","","","","","","Généralement dégagé"
"1958-06-15 18:00","1958","06","15","18:00"," ","12,20","","2,80","","52,00","","27,00","","19,00","","24,10","","98,14","","","","","","Généralement dégagé"
"1958-06-15 19:00","1958","06","15","19:00"," ","11,10","","2,80","","56,00","","25,00","","23,00","","24,10","","98,20","","","","","","Généralement dégagé"
"1958-06-15 20:00","1958","06","15","20:00"," ","9,40","","0,60","","54,00","","25,00","","19,00","","24,10","","98,28","","","","","","Généralement dégagé"
"1958-06-15 21:00","1958","06","15","21:00"," ","8,30","","0,60","","58,00","","25,00","","19,00","","24,10","","98,34","","","","","","Généralement dégagé"
"1958-06-15 22:00","1958","06","15","22:00"," ","7,80","","1,70","","65,00","","25,00","","26,00","","24,10","","98,37","","","","","","Dégagé"
"1958-06-15 23:00","1958","06","15","23:00"," ","6,70","","3,30","","79,00","","25,00","","19,00","","24,10","","98,43","","","","","","Dégagé"
"1958-06-16 00:00","1958","06","16","00:00"," ","6,70","","3,90","","82,00","","25,00","","19,00","","24,10","","98,46","","","","","","Dégagé"
"1958-06-16 01:00","1958","06","16","01:00"," ","6,70","","4,40","","86,00","","23,00","","23,00","","24,10","","98,46","","","","","","Dégagé"
"1958-06-16 02:00","1958","06","16","02:00"," ","6,70","","3,30","","79,00","","20,00","","23,00","","24,10","","98,49","","","","","","Dégagé"
"1958-06-16 03:00","1958","06","16","03:00"," ","6,10","","3,90","","86,00","","20,00","","16,00","","24,10","","98,54","","","","","","Généralement dégagé"
"1958-06-16 04:00","1958","06","16","04:00"," ","6,70","","4,40","","86,00","","20,00","","24,00","","24,10","","98,55","","","","","","Généralement nuageux"
"1958-06-16 05:00","1958","06","16","05:00"," ","7,80","","4,40","","79,00","","20,00","","23,00","","24,10","","98,59","","","","","","Généralement nuageux"
"1958-06-16 06:00","1958","06","16","06:00"," ","7,80","","4,40","","79,00","","20,00","","19,00","","24,10","","98,61","","","","","","Averses de pluie"
"1958-06-16 07:00","1958","06","16","07:00"," ","8,90","","4,40","","74,00","","20,00","","26,00","","16,10","","98,60","","","","","","Averses de pluie"
"1958-06-16 08:00","1958","06","16","08:00"," ","7,80","","5,60","","86,00","","20,00","","32,00","","12,90","","98,53","","","","","","Averses de pluie"
"1958-06-16 09:00","1958","06","16","09:00"," ","7,80","","6,70","","93,00","","18,00","","26,00","","12,90","","98,48","","","","","","Averses de pluie"
"1958-06-16 10:00","1958","06","16","10:00"," ","9,40","","7,80","","89,00","","20,00","","37,00","","16,10","","98,42","","","","","","Averses de pluie"
"1958-06-16 11:00","1958","06","16","11:00"," ","10,60","","8,30","","86,00","","20,00","","37,00","","16,10","","98,42","","","","","","Nuageux"
"1958-06-16 12:00","1958","06","16","12:00"," ","12,20","","8,90","","80,00","","20,00","","24,00","","16,10","","98,45","","","","","","Nuageux"
"1958-06-16 13:00","1958","06","16","13:00"," ","11,70","","9,40","","86,00","","20,00","","27,00","","16,10","","98,42","","","","","","Nuageux"
"1958-06-16 14:00","1958","06","16","14:00"," ","10,60","","8,90","","89,00","","20,00","","35,00","","12,90","","98,40","","","","","","Nuageux"
"1958-06-16 15:00","1958","06","16","15:00"," ","11,10","","9,40","","90,00","","20,00","","24,00","","16,10","","98,34","","","","","","Averses de pluie"
"1958-06-16 16:00","1958","06","16","16:00"," ","10,00","","7,80","","86,00","","20,00","","35,00","","16,10","","98,34","","","","","","Nuageux"
"1958-06-16 17:00","1958","06","16","17:00"," ","8,30","","7,20","","93,00","","18,00","","21,00","","12,90","","98,32","","","","","","Averses de pluie"
"1958-06-16 18:00","1958","06","16","18:00"," ","7,20","","6,70","","96,00","","18,00","","23,00","","11,30","","98,26","","","","","","Averses de pluie"
"1958-06-16 19:00","1958","06","16","19:00"," ","7,20","","6,70","","96,00","","16,00","","21,00","","11,30","","98,13","","","","","","Pluie"
"1958-06-16 20:00","1958","06","16","20:00"," ","6,70","","6,10","","96,00","","16,00","","24,00","","6,40","","98,07","","","","","","Pluie,Brouillard"
"1958-06-16 21:00","1958","06","16","21:00"," ","7,20","","7,20","","100,00","","18,00","","18,00","","2,00","","98,01","","","","","","Pluie,Brouillard"
"1958-06-16 22:00","1958","06","16","22:00"," ","7,20","","7,20","","100,00","","16,00","","24,00","","4,80","","97,87","","","","","","Pluie,Brouillard"
"1958-06-16 23:00","1958","06","16","23:00"," ","7,20","","7,20","","100,00","","16,00","","32,00","","0,40","","97,59","","","","","","Pluie,Brouillard"
"1958-06-17 00:00","1958","06","17","00:00"," ","7,20","","7,20","","100,00","","18,00","","16,00","","0,20","","97,65","","","","","","Brouillard"
"1958-06-17 01:00","1958","06","17","01:00"," ","8,30","","8,30","","100,00","","20,00","","21,00","","3,20","","97,61","","","","","","Bruine,Brouillard"
"1958-06-17 02:00","1958","06","17","02:00"," ","8,90","","8,90","","100,00","","23,00","","23,00","","12,90","","97,58","","","","","","Généralement nuageux"
"1958-06-17 03:00","1958","06","17","03:00"," ","9,40","","9,40","","100,00","","27,00","","24,00","","12,90","","97,63","","","","","","Nuageux"
"1958-06-17 04:00","1958","06","17","04:00"," ","8,90","","8,30","","96,00","","27,00","","24,00","","16,10","","97,77","","","","","","Généralement nuageux"
"1958-06-17 05:00","1958","06","17","05:00"," ","8,90","","8,30","","96,00","","25,00","","26,00","","16,10","","97,88","","","","","","Généralement dégagé"
"1958-06-17 06:00","1958","06","17","06:00"," ","10,00","","8,90","","93,00","","25,00","","23,00","","24,10","","97,91","","","","","","Généralement dégagé"
"1958-06-17 07:00","1958","06","17","07:00"," ","12,20","","8,90","","80,00","","25,00","","19,00","","24,10","","98,04","","","","","","Généralement dégagé"
"1958-06-17 08:00","1958","06","17","08:00"," ","13,30","","9,40","","77,00","","23,00","","24,00","","24,10","","98,07","","","","","","Généralement nuageux"
"1958-06-17 09:00","1958","06","17","09:00"," ","13,90","","7,20","","64,00","","23,00","","29,00","","24,10","","98,16","","","","","","Généralement dégagé"
"1958-06-17 10:00","1958","06","17","10:00"," ","13,90","","5,60","","57,00","","25,00","","32,00","","24,10","","98,20","","","","","","Généralement nuageux"
"1958-06-17 11:00","1958","06","17","11:00"," ","15,60","","6,70","","55,00","","25,00","","37,00","","24,10","","98,20","","","","","","Généralement dégagé"
"1958-06-17 12:00","1958","06","17","12:00"," ","16,70","","7,20","","54,00","","25,00","","29,00","","24,10","","98,23","","","","","","Généralement dégagé"
"1958-06-17 13:00","1958","06","17","13:00"," ","16,70","","4,40","","44,00","","25,00","","40,00","","24,10","","98,25","","","","","","Généralement dégagé"
"1958-06-17 14:00","1958","06","17","14:00"," ","17,80","","6,70","","48,00","","23,00","","40,00","","24,10","","98,33","","","","","","Généralement nuageux"
"1958-06-17 15:00","1958","06","17","15:00"," ","17,20","","6,10","","48,00","","23,00","","40,00","","24,10","","98,32","","","","","","Généralement dégagé"
"1958-06-17 16:00","1958","06","17","16:00"," ","15,00","","8,90","","67,00","","23,00","","45,00","","16,10","","98,35","","","","","","Généralement dégagé"
"1958-06-17 17:00","1958","06","17","17:00"," ","14,40","","7,80","","64,00","","23,00","","32,00","","16,10","","98,39","","","","","","Généralement dégagé"
"1958-06-17 18:00","1958","06","17","18:00"," ","13,30","","6,70","","64,00","","23,00","","32,00","","16,10","","98,44","","","","","","Généralement dégagé"
"1958-06-17 19:00","1958","06","17","19:00"," ","12,80","","6,10","","64,00","","23,00","","27,00","","16,10","","98,49","","","","","","Généralement dégagé"
"1958-06-17 20:00","1958","06","17","20:00"," ","10,60","","7,80","","83,00","","23,00","","23,00","","16,10","","98,60","","","","","","Généralement dégagé"
"1958-06-17 21:00","1958","06","17","21:00"," ","9,40","","7,20","","86,00","","25,00","","16,00","","16,10","","98,67","","","","","","Généralement dégagé"
"1958-06-17 22:00","1958","06","17","22:00"," ","8,30","","6,70","","89,00","","23,00","","6,00","","19,30","","98,70","","","","","","Dégagé"
"1958-06-17 23:00","1958","06","17","23:00"," ","6,70","","5,60","","93,00","","23,00","","10,00","","19,30","","98,71","","","","","","Dégagé"
"1958-06-18 00:00","1958","06","18","00:00"," ","7,20","","6,10","","93,00","","25,00","","10,00","","19,30","","98,73","","","","","","Dégagé"
"1958-06-18 01:00","1958","06","18","01:00"," ","7,20","","5,60","","89,00","","25,00","","13,00","","19,30","","98,75","","","","","","Généralement dégagé"
"1958-06-18 02:00","1958","06","18","02:00"," ","7,20","","6,70","","96,00","","27,00","","23,00","","19,30","","98,72","","","","","","Généralement nuageux"
"1958-06-18 03:00","1958","06","18","03:00"," ","7,20","","6,70","","96,00","","25,00","","21,00","","12,90","","98,72","","","","","","Généralement nuageux"
"1958-06-18 04:00","1958","06","18","04:00"," ","7,20","","6,10","","93,00","","25,00","","16,00","","16,10","","98,78","","","","","","Généralement nuageux"
"1958-06-18 05:00","1958","06","18","05:00"," ","8,30","","6,10","","86,00","","25,00","","16,00","","16,10","","98,84","","","","","","Généralement dégagé"
"1958-06-18 06:00","1958","06","18","06:00"," ","10,00","","5,60","","74,00","","27,00","","24,00","","24,10","","98,85","","","","","","Généralement dégagé"
"1958-06-18 07:00","1958","06","18","07:00"," ","11,70","","5,00","","64,00","","25,00","","27,00","","24,10","","98,90","","","","","","Généralement dégagé"
"1958-06-18 08:00","1958","06","18","08:00"," ","12,80","","6,10","","64,00","","27,00","","24,00","","24,10","","98,93","","","","","","Généralement dégagé"
"1958-06-18 09:00","1958","06","18","09:00"," ","12,20","","6,10","","66,00","","29,00","","21,00","","24,10","","99,00","","","","","","Généralement dégagé"
"1958-06-18 10:00","1958","06","18","10:00"," ","12,80","","6,70","","66,00","","27,00","","23,00","","24,10","","99,04","","","","","","Généralement dégagé"
"1958-06-18 11:00","1958","06","18","11:00"," ","13,90","","6,70","","62,00","","27,00","","18,00","","24,10","","99,00","","","","","","Généralement dégagé"
"1958-06-18 12:00","1958","06","18","12:00"," ","15,60","","7,20","","58,00","","27,00","","24,00","","24,10","","99,00","","","","","","Généralement nuageux"
"1958-06-18 13:00","1958","06","18","13:00"," ","16,10","","6,10","","51,00","","27,00","","24,00","","24,10","","99,02","","","","","","Généralement dégagé"
"1958-06-18 14:00","1958","06","18","14:00"," ","16,70","","5,00","","46,00","","29,00","","24,00","","24,10","","99,03","","","","","","Généralement dégagé"
"1958-06-18 15:00","1958","06","18","15:00"," ","17,20","","5,60","","46,00","","27,00","","21,00","","24,10","","99,04","","","","","","Généralement dégagé"
"1958-06-18 16:00","1958","06","18","16:00"," ","16,70","","5,00","","46,00","","27,00","","24,00","","24,10","","99,07","","","","","","Généralement dégagé"
"1958-06-18 17:00","1958","06","18","17:00"," ","16,70","","6,70","","52,00","","27,00","","24,00","","24,10","","99,10","","","","","","Généralement dégagé"
"1958-06-18 18:00","1958","06","18","18:00"," ","15,00","","7,20","","60,00","","25,00","","21,00","","24,10","","99,18","","","","","","Généralement dégagé"
"1958-06-18 19:00","1958","06","18","19:00"," ","13,90","","7,80","","67,00","","25,00","","24,00","","24,10","","99,26","","","","","","Généralement dégagé"
"1958-06-18 20:00","1958","06","18","20:00"," ","9,40","","7,20","","86,00","","25,00","","23,00","","24,10","","99,30","","","","","","Généralement dégagé"
"1958-06-18 21:00","1958","06","18","21:00"," ","8,90","","7,20","","89,00","","27,00","","24,00","","24,10","","99,40","","","","","","Généralement dégagé"
"1958-06-18 22:00","1958","06","18","22:00"," ","8,90","","6,70","","86,00","","25,00","","21,00","","24,10","","99,43","","","","","","Dégagé"
"1958-06-18 23:00","1958","06","18","23:00"," ","7,80","","6,70","","93,00","","25,00","","32,00","","24,10","","99,44","","","","","","Généralement dégagé"
"1958-06-19 00:00","1958","06","19","00:00"," ","8,30","","7,20","","93,00","","25,00","","29,00","","16,10","","99,49","","","","","","Généralement dégagé"
"1958-06-19 01:00","1958","06","19","01:00"," ","8,30","","7,20","","93,00","","27,00","","24,00","","16,10","","99,57","","","","","","Généralement nuageux"
"1958-06-19 02:00","1958","06","19","02:00"," ","8,30","","7,20","","93,00","","27,00","","23,00","","16,10","","99,63","","","","","","Généralement nuageux"
"1958-06-19 03:00","1958","06","19","03:00"," ","7,80","","6,70","","93,00","","25,00","","26,00","","16,10","","99,68","","","","","","Généralement dégagé"
"1958-06-19 04:00","1958","06","19","04:00"," ","7,80","","6,70","","93,00","","25,00","","27,00","","16,10","","99,77","","","","","","Généralement dégagé"
"1958-06-19 05:00","1958","06","19","05:00"," ","8,30","","6,70","","89,00","","25,00","","24,00","","16,10","","99,85","","","","","","Généralement dégagé"
"1958-06-19 06:00","1958","06","19","06:00"," ","8,30","","6,10","","86,00","","27,00","","21,00","","24,10","","99,93","","","","","","Généralement dégagé"
"1958-06-19 07:00","1958","06","19","07:00"," ","10,00","","6,70","","80,00","","25,00","","23,00","","24,10","","100,00","","","","","","Généralement dégagé"
"1958-06-19 08:00","1958","06","19","08:00"," ","12,20","","6,10","","66,00","","27,00","","26,00","","24,10","","100,00","","","","","","Généralement dégagé"
"1958-06-19 09:00","1958","06","19","09:00"," ","13,30","","7,20","","66,00","","29,00","","29,00","","24,10","","100,06","","","","","","Généralement dégagé"
"1958-06-19 10:00","1958","06","19","10:00"," ","15,00","","5,00","","51,00","","27,00","","29,00","","24,10","","100,11","","","","","","Généralement dégagé"
"1958-06-19 11:00","1958","06","19","11:00"," ","16,70","","5,00","","46,00","","29,00","","23,00","","24,10","","100,11","","","","","","Généralement dégagé"
"1958-06-19 12:00","1958","06","19","12:00"," ","16,70","","3,90","","43,00","","27,00","","24,00","","24,10","","100,14","","","","","","Généralement dégagé"
"1958-06-19 13:00","1958","06","19","13:00"," ","17,80","","1,70","","34,00","","25,00","","24,00","","24,10","","100,16","","","","","","Généralement nuageux"
"1958-06-19 14:00","1958","06","19","14:00"," ","17,20","","2,80","","38,00","","25,00","","13,00","","24,10","","100,20","","","","","","Généralement nuageux"
"1958-06-19 15:00","1958","06","19","15:00"," ","17,20","","5,00","","44,00","","18,00","","14,00","","24,10","","100,21","","","","","","Généralement nuageux"
"1958-06-19 16:00","1958","06","19","16:00"," ","15,60","","4,40","","48,00","","16,00","","13,00","","24,10","","100,23","","","","","","Généralement nuageux"
"1958-06-19 17:00","1958","06","19","17:00"," ","16,70","","3,90","","43,00","","16,00","","16,00","","24,10","","100,24","","","","","","Généralement nuageux"
"1958-06-19 18:00","1958","06","19","18:00"," ","16,70","","3,90","","43,00","","25,00","","6,00","","24,10","","100,30","","","","","","Généralement dégagé"
"1958-06-19 19:00","1958","06","19","19:00"," ","15,00","","5,60","","53,00","","25,00","","13,00","","24,10","","100,34","","","","","","Généralement dégagé"
"1958-06-19 20:00","1958","06","19","20:00"," ","12,80","","7,20","","69,00","","25,00","","19,00","","24,10","","100,41","","","","","","Généralement dégagé"
"1958-06-19 21:00","1958","06","19","21:00"," ","11,70","","5,60","","66,00","","27,00","","21,00","","24,10","","100,45","","","","","","Généralement dégagé"
"1958-06-19 22:00","1958","06","19","22:00"," ","10,60","","5,00","","68,00","","25,00","","13,00","","24,10","","100,47","","","","","","Généralement dégagé"
"1958-06-19 23:00","1958","06","19","23:00"," ","9,40","","5,00","","74,00","","27,00","","24,00","","24,10","","100,49","","","","","","Dégagé"
"1958-06-20 00:00","1958","06","20","00:00"," ","9,40","","4,40","","71,00","","27,00","","26,00","","24,10","","100,49","","","","","","Dégagé"
"1958-06-20 01:00","1958","06","20","01:00"," ","8,90","","4,40","","74,00","","27,00","","19,00","","24,10","","100,50","","","","","","Dégagé"
"1958-06-20 02:00","1958","06","20","02:00"," ","8,90","","5,00","","77,00","","27,00","","21,00","","24,10","","100,51","","","","","","Dégagé"
"1958-06-20 03:00","1958","06","20","03:00"," ","8,30","","4,40","","76,00","","27,00","","18,00","","24,10","","100,55","","","","","","Dégagé"
"1958-06-20 04:00","1958","06","20","04:00"," ","8,30","","4,40","","76,00","","25,00","","19,00","","24,10","","100,57","","","","","","Généralement dégagé"
"1958-06-20 05:00","1958","06","20","05:00"," ","10,00","","4,40","","68,00","","27,00","","21,00","","24,10","","100,61","","","","","","Généralement dégagé"
"1958-06-20 06:00","1958","06","20","06:00"," ","12,20","","4,40","","59,00","","27,00","","16,00","","24,10","","100,66","","","","","","Généralement dégagé"
"1958-06-20 07:00","1958","06","20","07:00"," ","13,90","","3,90","","51,00","","29,00","","16,00","","24,10","","100,71","","","","","","Généralement nuageux"
"1958-06-20 08:00","1958","06","20","08:00"," ","15,60","","5,60","","51,00","","29,00","","19,00","","24,10","","100,68","","","","","","Généralement nuageux"
"1958-06-20 09:00","1958","06","20","09:00"," ","17,20","","3,90","","41,00","","27,00","","16,00","","24,10","","100,67","","","","","","Généralement nuageux"
"1958-06-20 10:00","1958","06","20","10:00"," ","17,80","","3,30","","38,00","","27,00","","14,00","","24,10","","100,68","","","","","","Généralement nuageux"
"1958-06-20 11:00","1958","06","20","11:00"," ","18,90","","2,80","","34,00","","27,00","","14,00","","24,10","","100,75","","","","","","Généralement nuageux"
"1958-06-20 12:00","1958","06","20","12:00"," ","18,30","","5,00","","41,00","","23,00","","14,00","","24,10","","100,70","","","","","","Généralement nuageux"
"1958-06-20 13:00","1958","06","20","13:00"," ","19,40","","5,00","","39,00","","0,00","","0,00","","24,10","","100,67","","","","","","Généralement nuageux"
"1958-06-20 14:00","1958","06","20","14:00"," ","18,90","","2,20","","33,00","","25,00","","8,00","","24,10","","100,64","","","","","","Généralement nuageux"
"1958-06-20 15:00","1958","06","20","15:00"," ","16,70","","3,90","","43,00","","20,00","","21,00","","24,10","","100,62","","","","","","Généralement nuageux"
"1958-06-20 16:00","1958","06","20","16:00"," ","17,20","","5,60","","46,00","","23,00","","16,00","","24,10","","100,60","","","","","","Généralement nuageux"
"1958-06-20 17:00","1958","06","20","17:00"," ","18,30","","5,60","","43,00","","27,00","","13,00","","24,10","","100,60","","","","","","Généralement nuageux"
"1958-06-20 18:00","1958","06","20","18:00"," ","17,20","","6,10","","48,00","","25,00","","11,00","","24,10","","100,63","","","","","","Généralement nuageux"
"1958-06-20 19:00","1958","06","20","19:00"," ","15,60","","6,10","","53,00","","25,00","","10,00","","24,10","","100,66","","","","","","Généralement dégagé"
"1958-06-20 20:00","1958","06","20","20:00"," ","13,30","","6,70","","64,00","","25,00","","10,00","","24,10","","100,68","","","","","","Généralement dégagé"
"1958-06-20 21:00","1958","06","20","21:00"," ","11,70","","4,40","","61,00","","25,00","","13,00","","24,10","","100,67","","","","","","Généralement dégagé"
"1958-06-20 22:00","1958","06","20","22:00"," ","10,60","","3,90","","63,00","","27,00","","14,00","","24,10","","100,65","","","","","","Généralement dégagé"
"1958-06-20 23:00","1958","06","20","23:00"," ","10,60","","3,90","","63,00","","25,00","","16,00","","24,10","","100,63","","","","","","Généralement dégagé"
"1958-06-21 00:00","1958","06","21","00:00"," ","9,40","","5,00","","74,00","","25,00","","16,00","","24,10","","100,61","","","","","","Généralement dégagé"
"1958-06-21 01:00","1958","06","21","01:00"," ","10,00","","4,40","","68,00","","25,00","","13,00","","24,10","","100,59","","","","","","Généralement dégagé"
"1958-06-21 02:00","1958","06","21","02:00"," ","10,00","","4,40","","68,00","","25,00","","11,00","","24,10","","100,55","","","","","","Généralement dégagé"
"1958-06-21 03:00","1958","06","21","03:00"," ","9,40","","4,40","","71,00","","25,00","","8,00","","24,10","","100,56","","","","","","Généralement nuageux"
"1958-06-21 04:00","1958","06","21","04:00"," ","10,60","","3,90","","63,00","","25,00","","10,00","","24,10","","100,55","","","","","","Généralement nuageux"
"1958-06-21 05:00","1958","06","21","05:00"," ","10,00","","4,40","","68,00","","27,00","","10,00","","24,10","","100,51","","","","","","Nuageux"
"1958-06-21 06:00","1958","06","21","06:00"," ","11,70","","6,70","","71,00","","0,00","","0,00","","24,10","","100,53","","","","","","Nuageux"
"1958-06-21 07:00","1958","06","21","07:00"," ","12,80","","6,10","","64,00","","0,00","","0,00","","24,10","","100,53","","","","","","Nuageux"
"1958-06-21 08:00","1958","06","21","08:00"," ","13,90","","5,60","","57,00","","18,00","","3,00","","24,10","","100,51","","","","","","Généralement nuageux"
"1958-06-21 09:00","1958","06","21","09:00"," ","13,90","","5,00","","55,00","","20,00","","10,00","","24,10","","100,50","","","","","","Nuageux"
"1958-06-21 10:00","1958","06","21","10:00"," ","13,30","","6,70","","64,00","","0,00","","0,00","","24,10","","100,49","","","","","","Nuageux"
"1958-06-21 11:00","1958","06","21","11:00"," ","14,40","","5,60","","55,00","","23,00","","10,00","","24,10","","100,48","","","","","","Nuageux"
"1958-06-21 12:00","1958","06","21","12:00"," ","13,90","","6,10","","59,00","","23,00","","8,00","","24,10","","100,44","","","","","","Pluie"
"1958-06-21 13:00","1958","06","21","13:00"," ","15,00","","3,90","","47,00","","23,00","","13,00","","24,10","","100,39","","","","","","Pluie"
"1958-06-21 14:00","1958","06","21","14:00"," ","15,60","","4,40","","48,00","","20,00","","16,00","","24,10","","100,35","","","","","","Nuageux"
"1958-06-21 15:00","1958","06","21","15:00"," ","15,60","","4,40","","48,00","","20,00","","6,00","","24,10","","100,32","","","","","","Généralement nuageux"
"1958-06-21 16:00","1958","06","21","16:00"," ","15,60","","5,60","","51,00","","20,00","","13,00","","24,10","","100,28","","","","","","Généralement nuageux"
"1958-06-21 17:00","1958","06","21","17:00"," ","14,40","","5,60","","55,00","","16,00","","13,00","","24,10","","100,26","","","","","","Généralement dégagé"
"1958-06-21 18:00","1958","06","21","18:00"," ","14,40","","5,00","","53,00","","20,00","","16,00","","24,10","","100,26","","","","","","Généralement dégagé"
"1958-06-21 19:00","1958","06","21","19:00"," ","12,20","","4,40","","59,00","","20,00","","13,00","","24,10","","100,26","","","","","","Généralement dégagé"
"1958-06-21 20:00","1958","06","21","20:00"," ","10,60","","5,00","","68,00","","20,00","","16,00","","24,10","","100,26","","","","","","Généralement dégagé"
"1958-06-21 21:00","1958","06","21","21:00"," ","8,90","","5,60","","80,00","","20,00","","16,00","","24,10","","100,26","","","","","","Généralement dégagé"
"1958-06-21 22:00","1958","06","21","22:00"," ","8,30","","6,10","","86,00","","20,00","","23,00","","24,10","","100,22","","","","","","Généralement dégagé"
"1958-06-21 23:00","1958","06","21","23:00"," ","8,30","","5,60","","83,00","","20,00","","21,00","","24,10","","100,17","","","","","","Généralement dégagé"
"1958-06-22 00:00","1958","06","22","00:00"," ","8,30","","6,70","","89,00","","20,00","","16,00","","19,30","","100,11","","","","","","Généralement dégagé"
"1958-06-22 01:00","1958","06","22","01:00"," ","8,30","","8,30","","100,00","","18,00","","24,00","","0,20","","100,08","","","","","","Brouillard"
"1958-06-22 02:00","1958","06","22","02:00"," ","8,90","","8,90","","100,00","","16,00","","16,00","","0,80","","100,02","","","","","","Brouillard"
"1958-06-22 03:00","1958","06","22","03:00"," ","8,90","","8,90","","100,00","","16,00","","24,00","","4,00","","99,96","","","","","","Brouillard"
"1958-06-22 04:00","1958","06","22","04:00"," ","8,90","","8,90","","100,00","","16,00","","29,00","","4,00","","99,91","","","","","","Brouillard"
"1958-06-22 05:00","1958","06","22","05:00"," ","8,90","","8,90","","100,00","","16,00","","23,00","","0,20","","99,89","","","","","","Bruine,Brouillard"
"1958-06-22 06:00","1958","06","22","06:00"," ","8,90","","8,90","","100,00","","16,00","","27,00","","0,20","","99,84","","","","","","Bruine,Brouillard"
"1958-06-22 07:00","1958","06","22","07:00"," ","8,30","","8,30","","100,00","","16,00","","23,00","","0,20","","99,84","","","","","","Bruine,Brouillard"
"1958-06-22 08:00","1958","06","22","08:00"," ","8,90","","8,90","","100,00","","16,00","","24,00","","0,40","","99,80","","","","","","Bruine,Brouillard"
"1958-06-22 09:00","1958","06","22","09:00"," ","8,90","","8,90","","100,00","","16,00","","26,00","","0,40","","99,77","","","","","","Bruine,Brouillard"
"1958-06-22 10:00","1958","06","22","10:00"," ","8,90","","8,90","","100,00","","16,00","","29,00","","0,40","","99,73","","","","","","Bruine,Brouillard"
"1958-06-22 11:00","1958","06","22","11:00"," ","8,90","","8,90","","100,00","","16,00","","23,00","","0,20","","99,71","","","","","","Pluie,Brouillard"
"1958-06-22 12:00","1958","06","22","12:00"," ","8,90","","8,90","","100,00","","16,00","","24,00","","0,20","","99,68","","","","","","Pluie,Brouillard"
"1958-06-22 13:00","1958","06","22","13:00"," ","8,90","","8,90","","100,00","","14,00","","21,00","","0,20","","99,61","","","","","","Bruine,Brouillard"
"1958-06-22 14:00","1958","06","22","14:00"," ","8,30","","8,30","","100,00","","14,00","","24,00","","0,20","","99,57","","","","","","Brouillard"
"1958-06-22 15:00","1958","06","22","15:00"," ","8,30","","8,30","","100,00","","16,00","","21,00","","0,20","","99,51","","","","","","Brouillard"
"1958-06-22 16:00","1958","06","22","16:00"," ","8,30","","8,30","","100,00","","16,00","","24,00","","0,20","","99,46","","","","","","Bruine,Brouillard"
"1958-06-22 17:00","1958","06","22","17:00"," ","7,80","","7,80","","100,00","","16,00","","19,00","","0,20","","99,44","","","","","","Brouillard"
"1958-06-22 18:00","1958","06","22","18:00"," ","7,80","","7,80","","100,00","","16,00","","23,00","","0,20","","99,39","","","","","","Brouillard"
"1958-06-22 19:00","1958","06","22","19:00"," ","8,30","","8,30","","100,00","","16,00","","23,00","","0,20","","99,36","","","","","","Bruine,Brouillard"
"1958-06-22 20:00","1958","06","22","20:00"," ","7,80","","7,80","","100,00","","16,00","","21,00","","0,20","","99,33","","","","","","Bruine,Brouillard"
"1958-06-22 21:00","1958","06","22","21:00"," ","7,80","","7,80","","100,00","","16,00","","24,00","","0,20","","99,31","","","","","","Pluie,Brouillard"
"1958-06-22 22:00","1958","06","22","22:00"," ","7,80","","7,80","","100,00","","16,00","","19,00","","0,20","","99,21","","","","","","Pluie,Brouillard"
"1958-06-22 23:00","1958","06","22","23:00"," ","7,80","","7,80","","100,00","","18,00","","24,00","","0,20","","99,15","","","","","","Pluie,Brouillard"
"1958-06-23 00:00","1958","06","23","00:00"," ","8,30","","8,30","","100,00","","16,00","","23,00","","2,40","","99,12","","","","","","Pluie,Bruine,Brouillard"
"1958-06-23 01:00","1958","06","23","01:00"," ","8,90","","8,90","","100,00","","16,00","","24,00","","1,60","","98,96","","","","","","Bruine,Brouillard"
"1958-06-23 02:00","1958","06","23","02:00"," ","8,30","","8,30","","100,00","","16,00","","26,00","","0,40","","98,85","","","","","","Bruine,Brouillard"
"1958-06-23 03:00","1958","06","23","03:00"," ","7,80","","7,80","","100,00","","18,00","","23,00","","1,60","","98,79","","","","","","Bruine,Brouillard"
"1958-06-23 04:00","1958","06","23","04:00"," ","8,30","","8,30","","100,00","","20,00","","27,00","","6,40","","98,86","","","","","","Pluie,Brouillard"
"1958-06-23 05:00","1958","06","23","05:00"," ","9,40","","9,40","","100,00","","25,00","","19,00","","8,00","","98,81","","","","","","Pluie,Brouillard"
"1958-06-23 06:00","1958","06","23","06:00"," ","10,60","","10,00","","96,00","","27,00","","23,00","","12,90","","98,81","","","","","","Pluie"
"1958-06-23 07:00","1958","06","23","07:00"," ","11,10","","10,60","","96,00","","25,00","","16,00","","9,70","","98,76","","","","","","Pluie"
"1958-06-23 08:00","1958","06","23","08:00"," ","12,20","","11,70","","96,00","","18,00","","11,00","","9,70","","98,69","","","","","","Pluie"
"1958-06-23 09:00","1958","06","23","09:00"," ","15,60","","13,90","","90,00","","25,00","","24,00","","16,10","","98,74","","","","","","Généralement nuageux"
"1958-06-23 10:00","1958","06","23","10:00"," ","12,80","","11,70","","93,00","","25,00","","21,00","","16,10","","98,76","","","","","","Généralement nuageux"
"1958-06-23 11:00","1958","06","23","11:00"," ","15,00","","13,30","","90,00","","25,00","","21,00","","19,30","","98,76","","","","","","Nuageux"
"1958-06-23 12:00","1958","06","23","12:00"," ","16,10","","13,90","","87,00","","25,00","","27,00","","24,10","","98,74","","","","","","Généralement nuageux"
"1958-06-23 13:00","1958","06","23","13:00"," ","16,70","","12,80","","78,00","","25,00","","29,00","","24,10","","98,74","","","","","","Généralement nuageux"
"1958-06-23 14:00","1958","06","23","14:00"," ","17,20","","12,80","","75,00","","25,00","","29,00","","24,10","","98,76","","","","","","Généralement dégagé"
"1958-06-23 15:00","1958","06","23","15:00"," ","18,90","","9,40","","54,00","","25,00","","29,00","","24,10","","98,81","","","","","","Généralement dégagé"
"1958-06-23 16:00","1958","06","23","16:00"," ","19,40","","10,00","","54,00","","25,00","","26,00","","24,10","","98,82","","","","","","Généralement dégagé"
"1958-06-23 17:00","1958","06","23","17:00"," ","17,80","","8,90","","56,00","","25,00","","26,00","","24,10","","98,84","","","","","","Généralement dégagé"
"1958-06-23 18:00","1958","06","23","18:00"," ","15,60","","8,30","","62,00","","25,00","","24,00","","24,10","","98,90","","","","","","Généralement nuageux"
"1958-06-23 19:00","1958","06","23","19:00"," ","13,30","","8,90","","74,00","","27,00","","23,00","","24,10","","98,98","","","","","","Généralement nuageux"
"1958-06-23 20:00","1958","06","23","20:00"," ","11,10","","8,90","","86,00","","25,00","","24,00","","24,10","","99,04","","","","","","Généralement dégagé"
"1958-06-23 21:00","1958","06","23","21:00"," ","10,00","","8,90","","93,00","","25,00","","23,00","","24,10","","99,11","","","","","","Généralement dégagé"
"1958-06-23 22:00","1958","06","23","22:00"," ","9,40","","8,30","","93,00","","25,00","","24,00","","24,10","","99,10","","","","","","Généralement dégagé"
"1958-06-23 23:00","1958","06","23","23:00"," ","9,40","","8,90","","96,00","","27,00","","24,00","","19,30","","99,12","","","","","","Nuageux"
"1958-06-24 00:00","1958","06","24","00:00"," ","8,90","","8,30","","96,00","","27,00","","14,00","","16,10","","99,13","","","","","","Généralement nuageux"
"1958-06-24 01:00","1958","06","24","01:00"," ","8,90","","8,30","","96,00","","25,00","","13,00","","16,10","","99,12","","","","","","Généralement nuageux"
"1958-06-24 02:00","1958","06","24","02:00"," ","9,40","","8,30","","93,00","","25,00","","6,00","","24,10","","99,07","","","","","","Généralement nuageux"
"1958-06-24 03:00","1958","06","24","03:00"," ","9,40","","8,30","","93,00","","25,00","","10,00","","24,10","","99,09","","","","","","Généralement nuageux"
"1958-06-24 04:00","1958","06","24","04:00"," ","8,90","","7,80","","93,00","","27,00","","16,00","","24,10","","99,12","","","","","","Généralement nuageux"
"1958-06-24 05:00","1958","06","24","05:00"," ","8,90","","7,80","","93,00","","27,00","","16,00","","24,10","","99,15","","","","","","Généralement nuageux"
"1958-06-24 06:00","1958","06","24","06:00"," ","8,90","","7,80","","93,00","","27,00","","11,00","","24,10","","99,17","","","","","","Généralement nuageux"
"1958-06-24 07:00","1958","06","24","07:00"," ","12,80","","8,90","","77,00","","27,00","","16,00","","24,10","","99,20","","","","","","Généralement dégagé"
"1958-06-24 08:00","1958","06","24","08:00"," ","13,90","","8,90","","72,00","","27,00","","19,00","","24,10","","99,21","","","","","","Généralement dégagé"
"1958-06-24 09:00","1958","06","24","09:00"," ","16,10","","8,90","","62,00","","27,00","","19,00","","24,10","","99,19","","","","","","Généralement dégagé"
"1958-06-24 10:00","1958","06","24","10:00"," ","17,80","","8,30","","54,00","","27,00","","16,00","","24,10","","99,21","","","","","","Généralement dégagé"
"1958-06-24 11:00","1958","06","24","11:00"," ","18,90","","8,30","","50,00","","29,00","","19,00","","24,10","","99,24","","","","","","Généralement dégagé"
"1958-06-24 12:00","1958","06","24","12:00"," ","20,60","","7,80","","44,00","","27,00","","21,00","","24,10","","99,24","","","","","","Généralement nuageux"
"1958-06-24 13:00","1958","06","24","13:00"," ","21,10","","7,80","","42,00","","29,00","","26,00","","24,10","","99,25","","","","","","Généralement dégagé"
"1958-06-24 14:00","1958","06","24","14:00"," ","20,60","","7,80","","44,00","","27,00","","24,00","","24,10","","99,25","","","","","","Généralement dégagé"
"1958-06-24 15:00","1958","06","24","15:00"," ","21,10","","7,80","","42,00","","25,00","","24,00","","24,10","","99,26","","","","","","Généralement dégagé"
"1958-06-24 16:00","1958","06","24","16:00"," ","21,10","","8,90","","46,00","","27,00","","23,00","","24,10","","99,31","","","","","","Généralement dégagé"
"1958-06-24 17:00","1958","06","24","17:00"," ","19,40","","8,30","","49,00","","25,00","","24,00","","24,10","","99,35","","","","","","Généralement nuageux"
"1958-06-24 18:00","1958","06","24","18:00"," ","17,80","","8,90","","56,00","","25,00","","24,00","","24,10","","99,41","","","","","","Généralement nuageux"
"1958-06-24 19:00","1958","06","24","19:00"," ","16,70","","8,30","","58,00","","32,00","","13,00","","24,10","","99,53","","","","","","Généralement nuageux"
"1958-06-24 20:00","1958","06","24","20:00"," ","13,30","","8,90","","74,00","","2,00","","6,00","","24,10","","99,58","","","","","","Généralement nuageux"
"1958-06-24 21:00","1958","06","24","21:00"," ","10,60","","8,30","","86,00","","2,00","","10,00","","24,10","","99,66","","","","","","Généralement nuageux"
"1958-06-24 22:00","1958","06","24","22:00"," ","9,40","","7,20","","86,00","","2,00","","8,00","","24,10","","99,72","","","","","","Généralement dégagé"
"1958-06-24 23:00","1958","06","24","23:00"," ","9,40","","5,00","","74,00","","0,00","","0,00","","24,10","","99,73","","","","","","Généralement nuageux"
"1958-06-25 00:00","1958","06","25","00:00"," ","8,30","","5,00","","80,00","","0,00","","0,00","","24,10","","99,75","","","","","","Généralement nuageux"
"1958-06-25 01:00","1958","06","25","01:00"," ","8,30","","5,00","","80,00","","36,00","","3,00","","24,10","","99,78","","","","","","Généralement nuageux"
"1958-06-25 02:00","1958","06","25","02:00"," ","7,80","","4,40","","79,00","","34,00","","5,00","","24,10","","99,78","","","","","","Généralement nuageux"
"1958-06-25 03:00","1958","06","25","03:00"," ","7,80","","4,40","","79,00","","36,00","","6,00","","24,10","","99,79","","","","","","Généralement nuageux"
"1958-06-25 04:00","1958","06","25","04:00"," ","6,70","","5,00","","89,00","","0,00","","0,00","","24,10","","99,84","","","","","","Généralement nuageux"
"1958-06-25 05:00","1958","06","25","05:00"," ","7,20","","5,60","","89,00","","36,00","","8,00","","24,10","","99,85","","","","","","Généralement nuageux"
"1958-06-25 06:00","1958","06","25","06:00"," ","8,30","","5,60","","83,00","","5,00","","8,00","","24,10","","99,90","","","","","","Généralement dégagé"
"1958-06-25 07:00","1958","06","25","07:00"," ","8,90","","6,70","","86,00","","7,00","","8,00","","24,10","","99,97","","","","","","Généralement nuageux"
"1958-06-25 08:00","1958","06","25","08:00"," ","7,20","","6,10","","93,00","","5,00","","10,00","","19,30","","99,99","","","","","","Généralement nuageux"
"1958-06-25 09:00","1958","06","25","09:00"," ","8,90","","6,10","","83,00","","5,00","","13,00","","24,10","","99,96","","","","","","Généralement dégagé"
"1958-06-25 10:00","1958","06","25","10:00"," ","10,60","","6,70","","77,00","","5,00","","10,00","","24,10","","99,98","","","","","","Généralement dégagé"
"1958-06-25 11:00","1958","06","25","11:00"," ","10,60","","7,20","","80,00","","5,00","","13,00","","24,10","","99,99","","","","","","Généralement nuageux"
"1958-06-25 12:00","1958","06","25","12:00"," ","11,10","","7,80","","80,00","","2,00","","18,00","","24,10","","100,00","","","","","","Généralement dégagé"
"1958-06-25 13:00","1958","06","25","13:00"," ","10,60","","7,20","","80,00","","5,00","","13,00","","24,10","","100,00","","","","","","Généralement nuageux"
"1958-06-25 14:00","1958","06","25","14:00"," ","10,00","","7,80","","86,00","","5,00","","10,00","","24,10","","100,00","","","","","","Généralement nuageux"
"1958-06-25 15:00","1958","06","25","15:00"," ","10,00","","7,20","","83,00","","5,00","","16,00","","24,10","","100,05","","","","","","Généralement nuageux"
"1958-06-25 16:00","1958","06","25","16:00"," ","10,00","","7,20","","83,00","","2,00","","10,00","","24,10","","100,07","","","","","","Généralement nuageux"
"1958-06-25 17:00","1958","06","25","17:00"," ","8,90","","7,20","","89,00","","5,00","","13,00","","9,70","","100,13","","","","","","Brouillard"
"1958-06-25 18:00","1958","06","25","18:00"," ","8,90","","7,80","","93,00","","36,00","","8,00","","12,90","","100,20","","","","","","Généralement nuageux"
"1958-06-25 19:00","1958","06","25","19:00"," ","8,30","","7,20","","93,00","","36,00","","10,00","","12,90","","100,24","","","","","","Nuageux"
"1958-06-25 20:00","1958","06","25","20:00"," ","8,30","","7,20","","93,00","","2,00","","10,00","","12,90","","100,27","","","","","","Nuageux"
"1958-06-25 21:00","1958","06","25","21:00"," ","7,80","","6,70","","93,00","","36,00","","16,00","","9,70","","100,26","","","","","","Brouillard"
"1958-06-25 22:00","1958","06","25","22:00"," ","7,80","","7,20","","96,00","","36,00","","16,00","","8,00","","100,31","","","","","","Brouillard"
"1958-06-25 23:00","1958","06","25","23:00"," ","7,80","","6,70","","93,00","","34,00","","11,00","","4,80","","100,32","","","","","","Brouillard"
"1958-06-26 00:00","1958","06","26","00:00"," ","7,80","","6,70","","93,00","","34,00","","13,00","","4,80","","100,32","","","","","","Brouillard"
"1958-06-26 01:00","1958","06","26","01:00"," ","7,20","","6,10","","93,00","","32,00","","16,00","","16,10","","100,31","","","","","","Nuageux"
"1958-06-26 02:00","1958","06","26","02:00"," ","7,20","","6,10","","93,00","","34,00","","19,00","","16,10","","100,30","","","","","","Nuageux"
"1958-06-26 03:00","1958","06","26","03:00"," ","7,20","","6,10","","93,00","","36,00","","19,00","","12,90","","100,34","","","","","","Nuageux"
"1958-06-26 04:00","1958","06","26","04:00"," ","7,20","","6,10","","93,00","","34,00","","16,00","","16,10","","100,44","","","","","","Nuageux"
"1958-06-26 05:00","1958","06","26","05:00"," ","7,20","","6,10","","93,00","","34,00","","21,00","","24,10","","100,49","","","","","","Nuageux"
"1958-06-26 06:00","1958","06","26","06:00"," ","7,20","","6,10","","93,00","","34,00","","19,00","","24,10","","100,52","","","","","","Nuageux"
"1958-06-26 07:00","1958","06","26","07:00"," ","8,30","","6,70","","89,00","","34,00","","19,00","","24,10","","100,62","","","","","","Nuageux"
"1958-06-26 08:00","1958","06","26","08:00"," ","8,90","","6,70","","86,00","","36,00","","16,00","","24,10","","100,58","","","","","","Généralement nuageux"
"1958-06-26 09:00","1958","06","26","09:00"," ","9,40","","6,70","","83,00","","2,00","","26,00","","24,10","","100,62","","","","","","Généralement nuageux"
"1958-06-26 10:00","1958","06","26","10:00"," ","10,60","","6,10","","74,00","","34,00","","21,00","","24,10","","100,62","","","","","","Généralement nuageux"
"1958-06-26 11:00","1958","06","26","11:00"," ","10,60","","5,00","","68,00","","34,00","","24,00","","24,10","","100,63","","","","","","Généralement nuageux"
"1958-06-26 12:00","1958","06","26","12:00"," ","10,60","","5,00","","68,00","","36,00","","18,00","","24,10","","100,62","","","","","","Généralement nuageux"
"1958-06-26 13:00","1958","06","26","13:00"," ","10,00","","5,00","","71,00","","2,00","","13,00","","24,10","","100,65","","","","","","Généralement nuageux"
"1958-06-26 14:00","1958","06","26","14:00"," ","9,40","","6,70","","83,00","","2,00","","16,00","","24,10","","100,66","","","","","","Généralement nuageux"
"1958-06-26 15:00","1958","06","26","15:00"," ","9,40","","6,70","","83,00","","2,00","","8,00","","24,10","","100,69","","","","","","Généralement nuageux"
"1958-06-26 16:00","1958","06","26","16:00"," ","8,90","","7,20","","89,00","","7,00","","14,00","","24,10","","100,70","","","","","","Nuageux"
"1958-06-26 17:00","1958","06","26","17:00"," ","8,30","","6,70","","89,00","","5,00","","16,00","","19,30","","100,74","","","","","","Nuageux"
"1958-06-26 18:00","1958","06","26","18:00"," ","7,80","","6,70","","93,00","","5,00","","10,00","","16,10","","100,78","","","","","","Nuageux"
"1958-06-26 19:00","1958","06","26","19:00"," ","7,20","","6,10","","93,00","","5,00","","5,00","","16,10","","100,78","","","","","","Nuageux"
"1958-06-26 20:00","1958","06","26","20:00"," ","6,70","","5,60","","93,00","","5,00","","8,00","","16,10","","100,77","","","","","","Nuageux"
"1958-06-26 21:00","1958","06","26","21:00"," ","6,10","","5,60","","96,00","","7,00","","5,00","","16,10","","100,80","","","","","","Nuageux"
"1958-06-26 22:00","1958","06","26","22:00"," ","6,10","","5,00","","93,00","","0,00","","0,00","","16,10","","100,73","","","","","","Nuageux"
"1958-06-26 23:00","1958","06","26","23:00"," ","6,70","","5,60","","93,00","","20,00","","3,00","","16,10","","100,68","","","","","","Pluie"
"1958-06-27 00:00","1958","06","27","00:00"," ","6,70","","5,00","","89,00","","20,00","","3,00","","16,10","","100,65","","","","","","Pluie"
"1958-06-27 01:00","1958","06","27","01:00"," ","6,70","","5,60","","93,00","","0,00","","0,00","","16,10","","100,66","","","","","","Pluie"
"1958-06-27 02:00","1958","06","27","02:00"," ","6,70","","6,70","","100,00","","16,00","","3,00","","12,90","","100,62","","","","","","Pluie"
"1958-06-27 03:00","1958","06","27","03:00"," ","6,70","","6,70","","100,00","","16,00","","8,00","","12,90","","100,56","","","","","","Pluie"
"1958-06-27 04:00","1958","06","27","04:00"," ","6,70","","6,10","","96,00","","16,00","","10,00","","12,90","","100,56","","","","","","Pluie"
"1958-06-27 05:00","1958","06","27","05:00"," ","6,10","","5,00","","93,00","","16,00","","14,00","","8,00","","100,54","","","","","","Pluie,Brouillard"
"1958-06-27 06:00","1958","06","27","06:00"," ","6,10","","5,00","","93,00","","16,00","","19,00","","8,00","","100,52","","","","","","Pluie,Brouillard"
"1958-06-27 07:00","1958","06","27","07:00"," ","6,10","","5,00","","93,00","","16,00","","29,00","","8,00","","100,47","","","","","","Pluie,Brouillard"
"1958-06-27 08:00","1958","06","27","08:00"," ","5,60","","5,60","","100,00","","16,00","","32,00","","9,70","","100,35","","","","","","Pluie,Brouillard"
"1958-06-27 09:00","1958","06","27","09:00"," ","5,60","","5,00","","96,00","","16,00","","29,00","","12,90","","100,26","","","","","","Pluie"
"1958-06-27 10:00","1958","06","27","10:00"," ","6,10","","6,10","","100,00","","16,00","","32,00","","12,90","","100,18","","","","","","Pluie"
"1958-06-27 11:00","1958","06","27","11:00"," ","6,10","","5,60","","96,00","","16,00","","39,00","","9,70","","100,14","","","","","","Pluie"
"1958-06-27 12:00","1958","06","27","12:00"," ","6,10","","6,10","","100,00","","16,00","","35,00","","4,80","","99,98","","","","","","Pluie,Brouillard"
"1958-06-27 13:00","1958","06","27","13:00"," ","6,10","","6,10","","100,00","","16,00","","29,00","","2,40","","99,80","","","","","","Pluie,Brouillard"
"1958-06-27 14:00","1958","06","27","14:00"," ","7,20","","7,20","","100,00","","16,00","","29,00","","0,20","","99,64","","","","","","Pluie,Brouillard"
"1958-06-27 15:00","1958","06","27","15:00"," ","6,70","","6,70","","100,00","","16,00","","32,00","","0,60","","99,32","","","","","","Pluie,Bruine,Brouillard"
"1958-06-27 16:00","1958","06","27","16:00"," ","8,30","","8,30","","100,00","","18,00","","29,00","","4,00","","99,15","","","","","","Pluie,Brouillard"
"1958-06-27 17:00","1958","06","27","17:00"," ","8,90","","8,90","","100,00","","18,00","","29,00","","0,40","","98,92","","","","","","Pluie,Bruine,Brouillard"
"1958-06-27 18:00","1958","06","27","18:00"," ","10,00","","10,00","","100,00","","18,00","","24,00","","4,00","","98,73","","","","","","Pluie,Bruine,Brouillard"
"1958-06-27 19:00","1958","06","27","19:00"," ","12,20","","11,70","","96,00","","23,00","","23,00","","8,00","","98,58","","","","","","Brouillard"
"1958-06-27 20:00","1958","06","27","20:00"," ","12,80","","12,80","","100,00","","25,00","","23,00","","8,00","","98,53","","","","","","Bruine,Brouillard"
"1958-06-27 21:00","1958","06","27","21:00"," ","12,80","","12,80","","100,00","","25,00","","23,00","","1,60","","98,53","","","","","","Bruine,Brouillard"
"1958-06-27 22:00","1958","06","27","22:00"," ","12,20","","12,20","","100,00","","27,00","","19,00","","1,60","","98,52","","","","","","Bruine,Brouillard"
"1958-06-27 23:00","1958","06","27","23:00"," ","11,70","","11,70","","100,00","","29,00","","23,00","","1,60","","98,59","","","","","","Bruine,Brouillard"
"1958-06-28 00:00","1958","06","28","00:00"," ","11,70","","11,10","","96,00","","29,00","","21,00","","12,90","","98,63","","","","","","Nuageux"
"1958-06-28 01:00","1958","06","28","01:00"," ","11,10","","10,60","","96,00","","29,00","","19,00","","12,90","","98,65","","","","","","Nuageux"
"1958-06-28 02:00","1958","06","28","02:00"," ","11,10","","10,60","","96,00","","29,00","","16,00","","12,90","","98,67","","","","","","Nuageux"
"1958-06-28 03:00","1958","06","28","03:00"," ","10,00","","9,40","","96,00","","29,00","","23,00","","12,90","","98,70","","","","","","Nuageux"
"1958-06-28 04:00","1958","06","28","04:00"," ","9,40","","8,90","","96,00","","29,00","","23,00","","12,90","","98,77","","","","","","Nuageux"
"1958-06-28 05:00","1958","06","28","05:00"," ","8,90","","8,90","","100,00","","27,00","","24,00","","0,40","","98,79","","","","","","Brouillard"
"1958-06-28 06:00","1958","06","28","06:00"," ","8,90","","8,90","","100,00","","27,00","","23,00","","6,40","","98,81","","","","","","Brouillard"
"1958-06-28 07:00","1958","06","28","07:00"," ","10,60","","10,00","","96,00","","27,00","","29,00","","16,10","","98,84","","","","","","Généralement nuageux"
"1958-06-28 08:00","1958","06","28","08:00"," ","11,10","","10,60","","96,00","","27,00","","24,00","","12,90","","98,83","","","","","","Généralement nuageux"
"1958-06-28 09:00","1958","06","28","09:00"," ","13,30","","11,70","","90,00","","27,00","","19,00","","12,90","","98,87","","","","","","Nuageux"
"1958-06-28 10:00","1958","06","28","10:00"," ","14,40","","12,80","","90,00","","27,00","","24,00","","12,90","","98,85","","","","","","Nuageux"
"1958-06-28 11:00","1958","06","28","11:00"," ","14,40","","12,80","","90,00","","27,00","","24,00","","12,90","","98,90","","","","","","Nuageux"
"1958-06-28 12:00","1958","06","28","12:00"," ","16,10","","13,90","","87,00","","27,00","","19,00","","12,90","","98,96","","","","","","Généralement nuageux"
"1958-06-28 13:00","1958","06","28","13:00"," ","16,10","","13,90","","87,00","","29,00","","19,00","","16,10","","98,92","","","","","","Nuageux"
"1958-06-28 14:00","1958","06","28","14:00"," ","16,10","","12,80","","81,00","","29,00","","23,00","","16,10","","98,97","","","","","","Généralement nuageux"
"1958-06-28 15:00","1958","06","28","15:00"," ","17,20","","12,80","","75,00","","27,00","","27,00","","24,10","","99,00","","","","","","Généralement dégagé"
"1958-06-28 16:00","1958","06","28","16:00"," ","18,30","","13,30","","73,00","","27,00","","26,00","","24,10","","99,00","","","","","","Généralement dégagé"
"1958-06-28 17:00","1958","06","28","17:00"," ","18,30","","12,80","","70,00","","25,00","","16,00","","24,10","","98,99","","","","","","Généralement dégagé"
"1958-06-28 18:00","1958","06","28","18:00"," ","17,20","","11,70","","70,00","","27,00","","21,00","","24,10","","99,00","","","","","","Généralement nuageux"
"1958-06-28 19:00","1958","06","28","19:00"," ","12,20","","10,00","","86,00","","5,00","","19,00","","24,10","","99,15","","","","","","Généralement nuageux"
"1958-06-28 20:00","1958","06","28","20:00"," ","8,30","","8,30","","100,00","","5,00","","16,00","","2,40","","99,30","","","","","","Brouillard"
"1958-06-28 21:00","1958","06","28","21:00"," ","8,30","","7,80","","96,00","","36,00","","16,00","","12,90","","99,43","","","","","","Nuageux"
"1958-06-28 22:00","1958","06","28","22:00"," ","8,90","","7,20","","89,00","","34,00","","13,00","","16,10","","99,48","","","","","","Nuageux"
"1958-06-28 23:00","1958","06","28","23:00"," ","9,40","","6,70","","83,00","","34,00","","13,00","","16,10","","99,51","","","","","","Nuageux"
"1958-06-29 00:00","1958","06","29","00:00"," ","8,90","","5,60","","80,00","","34,00","","13,00","","16,10","","99,61","","","","","","Nuageux"
"1958-06-29 01:00","1958","06","29","01:00"," ","7,20","","5,00","","86,00","","34,00","","11,00","","16,10","","99,65","","","","","","Généralement nuageux"
"1958-06-29 02:00","1958","06","29","02:00"," ","6,70","","5,60","","93,00","","34,00","","16,00","","16,10","","99,76","","","","","","Nuageux"
"1958-06-29 03:00","1958","06","29","03:00"," ","6,70","","5,60","","93,00","","34,00","","16,00","","16,10","","99,83","","","","","","Nuageux"
"1958-06-29 04:00","1958","06","29","04:00"," ","6,70","","6,10","","96,00","","36,00","","16,00","","3,20","","99,94","","","","","","Brouillard"
"1958-06-29 05:00","1958","06","29","05:00"," ","7,20","","6,70","","96,00","","36,00","","16,00","","9,70","","100,02","","","","","","Brouillard"
"1958-06-29 06:00","1958","06","29","06:00"," ","7,80","","6,70","","93,00","","34,00","","13,00","","16,10","","100,16","","","","","","Nuageux"
"1958-06-29 07:00","1958","06","29","07:00"," ","8,30","","5,00","","80,00","","2,00","","16,00","","12,90","","100,21","","","","","","Généralement nuageux"
"1958-06-29 08:00","1958","06","29","08:00"," ","8,90","","7,80","","93,00","","2,00","","21,00","","6,40","","100,30","","","","","","Brouillard"
"1958-06-29 09:00","1958","06","29","09:00"," ","8,90","","7,20","","89,00","","2,00","","21,00","","6,40","","100,37","","","","","","Brouillard"
"1958-06-29 10:00","1958","06","29","10:00"," ","8,90","","7,20","","89,00","","5,00","","16,00","","12,90","","100,44","","","","","","Généralement nuageux"
"1958-06-29 11:00","1958","06","29","11:00"," ","10,60","","7,80","","83,00","","5,00","","16,00","","16,10","","100,49","","","","","","Généralement dégagé"
"1958-06-29 12:00","1958","06","29","12:00"," ","11,10","","5,00","","66,00","","7,00","","16,00","","16,10","","100,53","","","","","","Généralement nuageux"
"1958-06-29 13:00","1958","06","29","13:00"," ","10,60","","5,00","","68,00","","5,00","","19,00","","16,10","","100,58","","","","","","Généralement nuageux"
"1958-06-29 14:00","1958","06","29","14:00"," ","10,60","","5,60","","71,00","","5,00","","16,00","","16,10","","100,61","","","","","","Généralement nuageux"
"1958-06-29 15:00","1958","06","29","15:00"," ","10,60","","5,60","","71,00","","5,00","","16,00","","16,10","","100,62","","","","","","Généralement nuageux"
"1958-06-29 16:00","1958","06","29","16:00"," ","10,00","","6,70","","80,00","","7,00","","13,00","","16,10","","100,62","","","","","","Généralement nuageux"
"1958-06-29 17:00","1958","06","29","17:00"," ","10,00","","5,00","","71,00","","5,00","","11,00","","16,10","","100,63","","","","","","Généralement nuageux"
"1958-06-29 18:00","1958","06","29","18:00"," ","10,00","","5,00","","71,00","","0,00","","0,00","","16,10","","100,73","","","","","","Généralement nuageux"
"1958-06-29 19:00","1958","06","29","19:00"," ","6,70","","6,10","","96,00","","14,00","","6,00","","2,40","","100,72","","","","","","Brouillard"
"1958-06-29 20:00","1958","06","29","20:00"," ","6,10","","6,10","","100,00","","18,00","","11,00","","0,40","","100,75","","","","","","Brouillard"
"1958-06-29 21:00","1958","06","29","21:00"," ","6,10","","6,10","","100,00","","20,00","","5,00","","0,40","","100,79","","","","","","Brouillard"
"1958-06-29 22:00","1958","06","29","22:00"," ","6,10","","6,10","","100,00","","16,00","","3,00","","0,40","","100,76","","","","","","Brouillard"
"1958-06-29 23:00","1958","06","29","23:00"," ","5,00","","5,00","","100,00","","20,00","","3,00","","0,40","","100,76","","","","","","Brouillard"
"1958-06-30 00:00","1958","06","30","00:00"," ","4,40","","4,40","","100,00","","18,00","","8,00","","0,40","","100,73","","","","","","Brouillard"
"1958-06-30 01:00","1958","06","30","01:00"," ","5,00","","5,00","","100,00","","18,00","","5,00","","0,40","","100,73","","","","","","Brouillard"
"1958-06-30 02:00","1958","06","30","02:00"," ","5,00","","5,00","","100,00","","18,00","","11,00","","0,20","","100,71","","","","","","Brouillard"
"1958-06-30 03:00","1958","06","30","03:00"," ","5,00","","5,00","","100,00","","20,00","","6,00","","0,00","","100,70","","","","","","Brouillard"
"1958-06-30 04:00","1958","06","30","04:00"," ","5,00","","5,00","","100,00","","18,00","","13,00","","0,20","","100,68","","","","","","Brouillard"
"1958-06-30 05:00","1958","06","30","05:00"," ","4,40","","4,40","","100,00","","18,00","","13,00","","0,40","","100,69","","","","","","Brouillard"
"1958-06-30 06:00","1958","06","30","06:00"," ","5,00","","5,00","","100,00","","16,00","","13,00","","0,40","","100,68","","","","","","Brouillard"
"1958-06-30 07:00","1958","06","30","07:00"," ","5,60","","5,60","","100,00","","14,00","","10,00","","0,40","","100,66","","","","","","Brouillard"
"1958-06-30 08:00","1958","06","30","08:00"," ","6,10","","6,10","","100,00","","16,00","","16,00","","0,40","","100,64","","","","","","Bruine,Brouillard"
"1958-06-30 09:00","1958","06","30","09:00"," ","6,10","","6,10","","100,00","","16,00","","19,00","","1,20","","100,62","","","","","","Brouillard"
"1958-06-30 10:00","1958","06","30","10:00"," ","7,20","","6,70","","96,00","","18,00","","21,00","","9,70","","100,59","","","","","","Brouillard"
"1958-06-30 11:00","1958","06","30","11:00"," ","7,80","","6,70","","93,00","","16,00","","24,00","","12,90","","100,48","","","","","","Nuageux"
"1958-06-30 12:00","1958","06","30","12:00"," ","7,20","","6,70","","96,00","","16,00","","24,00","","4,00","","100,43","","","","","","Bruine,Brouillard"
"1958-06-30 13:00","1958","06","30","13:00"," ","7,20","","7,20","","100,00","","16,00","","16,00","","0,40","","100,36","","","","","","Bruine,Brouillard"
"1958-06-30 14:00","1958","06","30","14:00"," ","7,80","","7,80","","100,00","","16,00","","21,00","","2,00","","100,32","","","","","","Bruine,Brouillard"
"1958-06-30 15:00","1958","06","30","15:00"," ","7,80","","7,80","","100,00","","16,00","","21,00","","0,40","","100,21","","","","","","Brouillard"
"1958-06-30 16:00","1958","06","30","16:00"," ","7,80","","7,80","","100,00","","16,00","","19,00","","0,40","","100,17","","","","","","Brouillard"
"1958-06-30 17:00","1958","06","30","17:00"," ","7,20","","7,20","","100,00","","16,00","","24,00","","0,40","","100,13","","","","","","Brouillard"
"1958-06-30 18:00","1958","06","30","18:00"," ","7,20","","7,20","","100,00","","18,00","","5,00","","0,40","","100,11","","","","","","Pluie,Brouillard"
"1958-06-30 19:00","1958","06","30","19:00"," ","7,20","","7,20","","100,00","","0,00","","0,00","","0,40","","100,07","","","","","","Pluie,Brouillard"
"1958-06-30 20:00","1958","06","30","20:00"," ","7,20","","7,20","","100,00","","14,00","","8,00","","0,40","","100,06","","","","","","Pluie,Brouillard"
"1958-06-30 21:00","1958","06","30","21:00"," ","7,20","","7,20","","100,00","","14,00","","13,00","","0,40","","99,98","","","","","","Pluie,Brouillard"
"1958-06-30 22:00","1958","06","30","22:00"," ","7,20","","7,20","","100,00","","14,00","","13,00","","0,40","","99,94","","","","","","Bruine,Brouillard"
"1958-06-30 23:00","1958","06","30","23:00"," ","7,20","","7,20","","100,00","","11,00","","5,00","","0,40","","99,90","","","","","","Bruine,Brouillard"
