"Nom de la Station","THUNDER BAY A"
"Province","ONTARIO"
"Latitude","48,37"
"Longitude","-89,33"
"Altitude","199,00"
"Identification Climat","6048261"
"Identification OMM",""
"Identification TC","YQT"
"Toutes les heures sont exprimées en heure normale locale (HNL). Pour convertir l'heure locale en heure avancée de l'Est (HAE), ajoutez 1 heure s'il y a lieu."

"Légende"
"M","Données Manquantes"
"E","Valeur Estimée"
"ND","Non Disponible"
"**","Données fournies par un partenaire, non assujetties à un révision par les Archives climatiques nationales du Canada"

"Date/Heure","Année","Mois","Jour","Heure","Qualité des Données","Temp (°C)","Temp Indicateur","Point de rosée (°C)","Point de rosée Indicateur","Hum. rel (%)","Hum. rel. Indicateur","Dir. du vent (10s deg)","Dir. du vent Indicateur","Vit. du vent (km/h)","Vit. du vent Indicateur","Visibilité (km)","Visibilité Indicateur","Pression à la station (kPa)","Pression à la station Indicateur","Hmdx","Hmdx Indicateur","Refroid. éolien","Refroid. éolien Indicateur","Temps"
"1988-09-01 00:00","1988","09","01","00:00"," ","15,10","","15,00","","99,00","","8,00","","4,00","","9,70","","98,90","","","","","","Orages,Averses de pluie modérées"
"1988-09-01 01:00","1988","09","01","01:00"," ","15,50","","15,40","","99,00","","6,00","","4,00","","3,20","","98,86","","","","","","Orages,Averses de pluie,Brouillard"
"1988-09-01 02:00","1988","09","01","02:00"," ","15,50","","15,30","","99,00","","33,00","","7,00","","3,20","","98,73","","","","","","Orages,Averses de pluie,Brouillard"
"1988-09-01 03:00","1988","09","01","03:00"," ","16,50","","16,20","","98,00","","16,00","","15,00","","9,70","","98,67","","","","","","Orages,Averses de pluie,Brouillard"
"1988-09-01 04:00","1988","09","01","04:00"," ","18,10","","16,60","","91,00","","31,00","","7,00","","16,10","","98,70","","","","","","Orages,Averses de pluie"
"1988-09-01 05:00","1988","09","01","05:00"," ","18,50","","16,00","","85,00","","17,00","","15,00","","16,10","","98,63","","","","","","Orages,Averses de pluie"
"1988-09-01 06:00","1988","09","01","06:00"," ","17,10","","15,80","","92,00","","21,00","","13,00","","9,70","","98,67","","","","","","Orages,Averses de pluie"
"1988-09-01 07:00","1988","09","01","07:00"," ","16,70","","15,70","","94,00","","27,00","","4,00","","12,90","","98,60","","","","","","Averses de pluie"
"1988-09-01 08:00","1988","09","01","08:00"," ","16,50","","16,10","","98,00","","18,00","","4,00","","16,10","","98,50","","","","","","Nuageux"
"1988-09-01 09:00","1988","09","01","09:00"," ","17,00","","16,30","","96,00","","23,00","","13,00","","19,30","","98,57","","","","","","Averses de pluie"
"1988-09-01 10:00","1988","09","01","10:00"," ","18,50","","17,50","","94,00","","26,00","","11,00","","19,30","","98,57","","","","","","Généralement nuageux"
"1988-09-01 11:00","1988","09","01","11:00"," ","20,30","","18,50","","90,00","","25,00","","22,00","","19,30","","98,67","","27,00","","","","Généralement nuageux"
"1988-09-01 12:00","1988","09","01","12:00"," ","21,20","","17,40","","79,00","","25,00","","20,00","","24,10","","98,73","","27,00","","","","Généralement nuageux"
"1988-09-01 13:00","1988","09","01","13:00"," ","23,40","","17,50","","70,00","","25,00","","30,00","","24,10","","98,76","","29,00","","","","Généralement nuageux"
"1988-09-01 14:00","1988","09","01","14:00"," ","23,30","","17,80","","71,00","","28,00","","19,00","","24,10","","98,73","","29,00","","","","Généralement nuageux"
"1988-09-01 15:00","1988","09","01","15:00"," ","25,00","","17,70","","64,00","","25,00","","15,00","","24,10","","98,73","","31,00","","","","Généralement nuageux"
"1988-09-01 16:00","1988","09","01","16:00"," ","25,50","","17,30","","60,00","","25,00","","15,00","","24,10","","98,73","","31,00","","","","Généralement dégagé"
"1988-09-01 17:00","1988","09","01","17:00"," ","25,60","","17,00","","59,00","","25,00","","13,00","","24,10","","98,76","","31,00","","","","Généralement dégagé"
"1988-09-01 18:00","1988","09","01","18:00"," ","24,00","","18,50","","71,00","","18,00","","9,00","","24,10","","98,80","","30,00","","","","Généralement dégagé"
"1988-09-01 19:00","1988","09","01","19:00"," ","22,20","","18,20","","78,00","","20,00","","9,00","","24,10","","98,80","","28,00","","","","Généralement dégagé"
"1988-09-01 20:00","1988","09","01","20:00"," ","20,60","","17,20","","81,00","","22,00","","15,00","","24,10","","98,83","","26,00","","","","Généralement dégagé"
"1988-09-01 21:00","1988","09","01","21:00"," ","19,30","","16,60","","85,00","","25,00","","9,00","","24,10","","98,86","","","","","","Généralement dégagé"
"1988-09-01 22:00","1988","09","01","22:00"," ","18,80","","16,50","","87,00","","23,00","","7,00","","24,10","","98,86","","","","","","Généralement nuageux"
"1988-09-01 23:00","1988","09","01","23:00"," ","18,00","","16,20","","89,00","","27,00","","7,00","","24,10","","98,83","","","","","","Généralement nuageux"
"1988-09-02 00:00","1988","09","02","00:00"," ","17,50","","15,40","","87,00","","29,00","","7,00","","24,10","","98,86","","","","","","Généralement nuageux"
"1988-09-02 01:00","1988","09","02","01:00"," ","16,40","","13,70","","84,00","","23,00","","11,00","","24,10","","98,86","","","","","","Généralement nuageux"
"1988-09-02 02:00","1988","09","02","02:00"," ","15,70","","13,30","","85,00","","23,00","","11,00","","24,10","","98,80","","","","","","Averses de pluie"
"1988-09-02 03:00","1988","09","02","03:00"," ","14,40","","13,00","","91,00","","27,00","","4,00","","24,10","","98,80","","","","","","Généralement nuageux"
"1988-09-02 04:00","1988","09","02","04:00"," ","12,00","","11,50","","97,00","","33,00","","4,00","","24,10","","98,83","","","","","","Généralement dégagé"
"1988-09-02 05:00","1988","09","02","05:00"," ","10,90","","10,70","","99,00","","0,00","","0,00","","24,10","","98,80","","","","","","Généralement dégagé"
"1988-09-02 06:00","1988","09","02","06:00"," ","10,90","","10,70","","99,00","","0,00","","0,00","","24,10","","98,80","","","","","","Généralement dégagé"
"1988-09-02 07:00","1988","09","02","07:00"," ","10,70","","10,40","","98,00","","0,00","","0,00","","24,10","","98,76","","","","","","Généralement dégagé"
"1988-09-02 08:00","1988","09","02","08:00"," ","13,80","","13,10","","96,00","","0,00","","0,00","","24,10","","98,76","","","","","","Généralement nuageux"
"1988-09-02 09:00","1988","09","02","09:00"," ","15,30","","14,30","","94,00","","0,00","","0,00","","19,30","","98,80","","","","","","Nuageux"
"1988-09-02 10:00","1988","09","02","10:00"," ","15,90","","14,40","","91,00","","18,00","","6,00","","19,30","","98,80","","","","","","Nuageux"
"1988-09-02 11:00","1988","09","02","11:00"," ","17,30","","14,80","","85,00","","35,00","","4,00","","16,10","","98,76","","","","","","Nuageux"
"1988-09-02 12:00","1988","09","02","12:00"," ","17,90","","15,10","","84,00","","0,00","","0,00","","16,10","","98,76","","","","","","Nuageux"
"1988-09-02 13:00","1988","09","02","13:00"," ","16,80","","15,50","","92,00","","9,00","","11,00","","19,30","","98,73","","","","","","Généralement nuageux"
"1988-09-02 14:00","1988","09","02","14:00"," ","17,60","","15,60","","88,00","","9,00","","11,00","","19,30","","98,73","","","","","","Averses de pluie"
"1988-09-02 15:00","1988","09","02","15:00"," ","19,80","","16,00","","79,00","","6,00","","9,00","","24,10","","98,76","","","","","","Généralement nuageux"
"1988-09-02 16:00","1988","09","02","16:00"," ","20,00","","15,10","","73,00","","10,00","","11,00","","24,10","","98,76","","","","","","Généralement dégagé"
"1988-09-02 17:00","1988","09","02","17:00"," ","17,60","","15,80","","89,00","","7,00","","15,00","","24,10","","98,80","","","","","","Orages"
"1988-09-02 18:00","1988","09","02","18:00"," ","18,30","","15,50","","84,00","","7,00","","6,00","","24,10","","98,80","","","","","","Généralement nuageux"
"1988-09-02 19:00","1988","09","02","19:00"," ","17,60","","15,40","","87,00","","6,00","","11,00","","24,10","","98,86","","","","","","Généralement nuageux"
"1988-09-02 20:00","1988","09","02","20:00"," ","16,60","","15,60","","94,00","","5,00","","7,00","","24,10","","98,93","","","","","","Généralement nuageux"
"1988-09-02 21:00","1988","09","02","21:00"," ","16,70","","15,20","","91,00","","0,00","","0,00","","19,30","","98,90","","","","","","Nuageux"
"1988-09-02 22:00","1988","09","02","22:00"," ","15,70","","15,60","","99,00","","12,00","","13,00","","3,20","","98,93","","","","","","Brouillard"
"1988-09-02 23:00","1988","09","02","23:00"," ","15,70","","15,30","","97,00","","12,00","","4,00","","4,80","","98,96","","","","","","Brouillard"
"1988-09-03 00:00","1988","09","03","00:00"," ","15,00","","14,80","","99,00","","11,00","","4,00","","4,80","","98,96","","","","","","Brouillard"
"1988-09-03 01:00","1988","09","03","01:00"," ","13,50","","13,50","","100,00","","0,00","","0,00","","4,80","","98,96","","","","","","Brouillard"
"1988-09-03 02:00","1988","09","03","02:00"," ","17,60","","13,40","","76,00","","5,00","","6,00","","12,90","","98,96","","","","","","Généralement nuageux"
"1988-09-03 03:00","1988","09","03","03:00"," ","15,20","","14,30","","94,00","","5,00","","7,00","","12,90","","98,96","","","","","","Nuageux"
"1988-09-03 04:00","1988","09","03","04:00"," ","14,80","","14,40","","98,00","","1,00","","4,00","","9,70","","98,96","","","","","","Brouillard"
"1988-09-03 05:00","1988","09","03","05:00"," ","13,40","","13,40","","100,00","","35,00","","6,00","","9,70","","99,00","","","","","","Brouillard"
"1988-09-03 06:00","1988","09","03","06:00"," ","14,60","","14,30","","98,00","","34,00","","7,00","","9,70","","99,03","","","","","","Brouillard"
"1988-09-03 07:00","1988","09","03","07:00"," ","14,10","","13,90","","99,00","","0,00","","0,00","","9,70","","99,10","","","","","","Brouillard"
"1988-09-03 08:00","1988","09","03","08:00"," ","15,80","","14,50","","92,00","","3,00","","6,00","","9,70","","99,10","","","","","","Brouillard"
"1988-09-03 09:00","1988","09","03","09:00"," ","17,30","","14,80","","85,00","","5,00","","7,00","","11,30","","99,13","","","","","","Généralement dégagé"
"1988-09-03 10:00","1988","09","03","10:00"," ","19,50","","15,20","","76,00","","4,00","","9,00","","19,30","","99,10","","","","","","Généralement dégagé"
"1988-09-03 11:00","1988","09","03","11:00"," ","21,70","","15,40","","67,00","","5,00","","11,00","","24,10","","99,06","","26,00","","","","Généralement dégagé"
"1988-09-03 12:00","1988","09","03","12:00"," ","22,70","","14,90","","61,00","","4,00","","17,00","","24,10","","99,06","","27,00","","","","Généralement dégagé"
"1988-09-03 13:00","1988","09","03","13:00"," ","23,20","","15,30","","61,00","","7,00","","11,00","","24,10","","99,03","","27,00","","","","Généralement dégagé"
"1988-09-03 14:00","1988","09","03","14:00"," ","23,20","","14,90","","60,00","","10,00","","7,00","","24,10","","99,00","","27,00","","","","Généralement nuageux"
"1988-09-03 15:00","1988","09","03","15:00"," ","23,10","","15,30","","61,00","","3,00","","17,00","","24,10","","99,00","","27,00","","","","Généralement nuageux"
"1988-09-03 16:00","1988","09","03","16:00"," ","22,60","","15,80","","65,00","","4,00","","24,00","","24,10","","99,00","","27,00","","","","Généralement nuageux"
"1988-09-03 17:00","1988","09","03","17:00"," ","21,50","","16,10","","71,00","","2,00","","15,00","","24,10","","99,00","","26,00","","","","Généralement nuageux"
"1988-09-03 18:00","1988","09","03","18:00"," ","22,20","","15,70","","67,00","","2,00","","17,00","","24,10","","99,00","","27,00","","","","Généralement nuageux"
"1988-09-03 19:00","1988","09","03","19:00"," ","18,40","","16,40","","88,00","","0,00","","0,00","","24,10","","99,06","","","","","","Généralement nuageux"
"1988-09-03 20:00","1988","09","03","20:00"," ","18,80","","16,90","","89,00","","0,00","","0,00","","24,10","","99,03","","","","","","Généralement nuageux"
"1988-09-03 21:00","1988","09","03","21:00"," ","20,10","","14,30","","69,00","","1,00","","19,00","","24,10","","99,06","","","","","","Averses de pluie"
"1988-09-03 22:00","1988","09","03","22:00"," ","20,00","","14,10","","69,00","","1,00","","20,00","","24,10","","99,06","","","","","","Nuageux"
"1988-09-03 23:00","1988","09","03","23:00"," ","19,20","","13,90","","71,00","","1,00","","26,00","","24,10","","99,06","","","","","","Généralement nuageux"
"1988-09-04 00:00","1988","09","04","00:00"," ","18,80","","13,20","","70,00","","3,00","","19,00","","24,10","","99,03","","","","","","Généralement nuageux"
"1988-09-04 01:00","1988","09","04","01:00"," ","17,70","","12,60","","72,00","","1,00","","17,00","","24,10","","99,03","","","","","","Généralement dégagé"
"1988-09-04 02:00","1988","09","04","02:00"," ","16,50","","12,70","","78,00","","5,00","","7,00","","24,10","","99,00","","","","","","Généralement dégagé"
"1988-09-04 03:00","1988","09","04","03:00"," ","16,50","","12,80","","79,00","","36,00","","19,00","","24,10","","98,96","","","","","","Généralement dégagé"
"1988-09-04 04:00","1988","09","04","04:00"," ","15,40","","12,90","","85,00","","3,00","","15,00","","24,10","","99,00","","","","","","Généralement dégagé"
"1988-09-04 05:00","1988","09","04","05:00"," ","15,20","","12,40","","83,00","","3,00","","11,00","","24,10","","99,00","","","","","","Généralement dégagé"
"1988-09-04 06:00","1988","09","04","06:00"," ","14,80","","11,50","","81,00","","3,00","","19,00","","24,10","","99,06","","","","","","Généralement nuageux"
"1988-09-04 07:00","1988","09","04","07:00"," ","14,10","","10,70","","80,00","","2,00","","28,00","","24,10","","99,10","","","","","","Généralement nuageux"
"1988-09-04 08:00","1988","09","04","08:00"," ","12,70","","10,10","","84,00","","2,00","","20,00","","24,10","","99,16","","","","","","Nuageux"
"1988-09-04 09:00","1988","09","04","09:00"," ","12,40","","8,70","","78,00","","2,00","","28,00","","24,10","","99,16","","","","","","Généralement nuageux"
"1988-09-04 10:00","1988","09","04","10:00"," ","12,30","","7,60","","73,00","","36,00","","28,00","","24,10","","99,20","","","","","","Généralement nuageux"
"1988-09-04 11:00","1988","09","04","11:00"," ","12,50","","6,60","","67,00","","1,00","","24,00","","24,10","","99,23","","","","","","Généralement dégagé"
"1988-09-04 12:00","1988","09","04","12:00"," ","13,40","","5,80","","60,00","","1,00","","26,00","","24,10","","99,20","","","","","","Généralement dégagé"
"1988-09-04 13:00","1988","09","04","13:00"," ","14,20","","5,80","","57,00","","2,00","","20,00","","24,10","","99,20","","","","","","Généralement dégagé"
"1988-09-04 14:00","1988","09","04","14:00"," ","14,90","","4,00","","48,00","","36,00","","26,00","","24,10","","99,16","","","","","","Généralement dégagé"
"1988-09-04 15:00","1988","09","04","15:00"," ","15,10","","4,10","","48,00","","1,00","","22,00","","24,10","","99,13","","","","","","Généralement dégagé"
"1988-09-04 16:00","1988","09","04","16:00"," ","15,10","","4,90","","50,00","","36,00","","24,00","","24,10","","99,10","","","","","","Généralement nuageux"
"1988-09-04 17:00","1988","09","04","17:00"," ","15,80","","4,70","","48,00","","31,00","","28,00","","24,10","","99,03","","","","","","Généralement nuageux"
"1988-09-04 18:00","1988","09","04","18:00"," ","14,70","","4,90","","52,00","","34,00","","20,00","","24,10","","99,03","","","","","","Généralement dégagé"
"1988-09-04 19:00","1988","09","04","19:00"," ","13,50","","4,60","","55,00","","34,00","","17,00","","24,10","","99,03","","","","","","Généralement dégagé"
"1988-09-04 20:00","1988","09","04","20:00"," ","11,10","","5,70","","69,00","","32,00","","7,00","","24,10","","99,00","","","","","","Généralement dégagé"
"1988-09-04 21:00","1988","09","04","21:00"," ","8,30","","5,70","","84,00","","31,00","","7,00","","24,10","","99,06","","","","","","Généralement dégagé"
"1988-09-04 22:00","1988","09","04","22:00"," ","7,60","","5,90","","89,00","","28,00","","6,00","","24,10","","99,03","","","","","","Généralement dégagé"
"1988-09-04 23:00","1988","09","04","23:00"," ","8,40","","6,90","","90,00","","31,00","","6,00","","24,10","","99,03","","","","","","Généralement dégagé"
"1988-09-05 00:00","1988","09","05","00:00"," ","7,50","","6,40","","93,00","","29,00","","7,00","","24,10","","99,00","","","","","","Généralement dégagé"
"1988-09-05 01:00","1988","09","05","01:00"," ","6,30","","5,90","","97,00","","27,00","","4,00","","24,10","","99,03","","","","","","Généralement dégagé"
"1988-09-05 02:00","1988","09","05","02:00"," ","7,10","","5,40","","89,00","","25,00","","4,00","","24,10","","99,00","","","","","","Dégagé"
"1988-09-05 03:00","1988","09","05","03:00"," ","6,00","","4,60","","91,00","","25,00","","6,00","","24,10","","99,00","","","","","","Dégagé"
"1988-09-05 04:00","1988","09","05","04:00"," ","5,90","","5,10","","95,00","","23,00","","6,00","","24,10","","99,00","","","","","","Généralement dégagé"
"1988-09-05 05:00","1988","09","05","05:00"," ","5,20","","4,50","","95,00","","29,00","","11,00","","24,10","","99,03","","","","","","Généralement nuageux"
"1988-09-05 06:00","1988","09","05","06:00"," ","5,70","","4,80","","94,00","","28,00","","9,00","","24,10","","99,03","","","","","","Généralement nuageux"
"1988-09-05 07:00","1988","09","05","07:00"," ","6,80","","4,70","","87,00","","27,00","","6,00","","24,10","","99,06","","","","","","Généralement nuageux"
"1988-09-05 08:00","1988","09","05","08:00"," ","8,30","","4,90","","79,00","","26,00","","4,00","","24,10","","99,06","","","","","","Généralement nuageux"
"1988-09-05 09:00","1988","09","05","09:00"," ","9,50","","2,60","","62,00","","35,00","","22,00","","24,10","","99,06","","","","","","Généralement nuageux"
"1988-09-05 10:00","1988","09","05","10:00"," ","10,20","","4,90","","69,00","","32,00","","11,00","","24,10","","99,10","","","","","","Généralement nuageux"
"1988-09-05 11:00","1988","09","05","11:00"," ","11,40","","4,90","","64,00","","30,00","","15,00","","24,10","","99,06","","","","","","Généralement nuageux"
"1988-09-05 12:00","1988","09","05","12:00"," ","11,70","","3,80","","58,00","","36,00","","22,00","","24,10","","99,06","","","","","","Généralement nuageux"
"1988-09-05 13:00","1988","09","05","13:00"," ","13,20","","3,20","","51,00","","35,00","","22,00","","24,10","","99,00","","","","","","Généralement nuageux"
"1988-09-05 14:00","1988","09","05","14:00"," ","13,80","","3,50","","50,00","","35,00","","20,00","","24,10","","99,00","","","","","","Généralement dégagé"
"1988-09-05 15:00","1988","09","05","15:00"," ","13,70","","4,40","","53,00","","30,00","","17,00","","24,10","","99,00","","","","","","Généralement nuageux"
"1988-09-05 16:00","1988","09","05","16:00"," ","14,60","","4,20","","50,00","","32,00","","20,00","","24,10","","98,96","","","","","","Généralement dégagé"
"1988-09-05 17:00","1988","09","05","17:00"," ","14,30","","3,40","","48,00","","34,00","","17,00","","24,10","","98,96","","","","","","Généralement dégagé"
"1988-09-05 18:00","1988","09","05","18:00"," ","14,00","","3,20","","48,00","","32,00","","17,00","","24,10","","99,00","","","","","","Généralement nuageux"
"1988-09-05 19:00","1988","09","05","19:00"," ","13,00","","3,60","","53,00","","32,00","","9,00","","24,10","","99,03","","","","","","Généralement nuageux"
"1988-09-05 20:00","1988","09","05","20:00"," ","10,00","","5,00","","71,00","","29,00","","7,00","","24,10","","99,03","","","","","","Généralement dégagé"
"1988-09-05 21:00","1988","09","05","21:00"," ","8,70","","5,00","","77,00","","26,00","","7,00","","24,10","","99,06","","","","","","Dégagé"
"1988-09-05 22:00","1988","09","05","22:00"," ","7,80","","5,10","","83,00","","24,00","","6,00","","24,10","","99,10","","","","","","Dégagé"
"1988-09-05 23:00","1988","09","05","23:00"," ","7,10","","5,30","","88,00","","26,00","","4,00","","24,10","","99,06","","","","","","Dégagé"
"1988-09-06 00:00","1988","09","06","00:00"," ","6,60","","4,90","","89,00","","25,00","","7,00","","24,10","","99,06","","","","","","Dégagé"
"1988-09-06 01:00","1988","09","06","01:00"," ","6,50","","4,90","","89,00","","22,00","","4,00","","24,10","","99,06","","","","","","Généralement nuageux"
"1988-09-06 02:00","1988","09","06","02:00"," ","7,40","","5,10","","85,00","","23,00","","7,00","","24,10","","99,00","","","","","","Généralement nuageux"
"1988-09-06 03:00","1988","09","06","03:00"," ","7,80","","5,40","","85,00","","24,00","","7,00","","24,10","","99,00","","","","","","Nuageux"
"1988-09-06 04:00","1988","09","06","04:00"," ","8,70","","5,70","","81,00","","24,00","","7,00","","24,10","","98,96","","","","","","Généralement nuageux"
"1988-09-06 05:00","1988","09","06","05:00"," ","8,90","","5,90","","81,00","","26,00","","9,00","","24,10","","99,00","","","","","","Nuageux"
"1988-09-06 06:00","1988","09","06","06:00"," ","9,00","","5,50","","79,00","","25,00","","9,00","","24,10","","99,03","","","","","","Généralement nuageux"
"1988-09-06 07:00","1988","09","06","07:00"," ","9,00","","5,80","","80,00","","24,00","","11,00","","24,10","","99,06","","","","","","Généralement nuageux"
"1988-09-06 08:00","1988","09","06","08:00"," ","10,00","","6,90","","81,00","","27,00","","13,00","","24,10","","99,06","","","","","","Généralement nuageux"
"1988-09-06 09:00","1988","09","06","09:00"," ","11,70","","7,90","","77,00","","28,00","","7,00","","24,10","","99,10","","","","","","Généralement nuageux"
"1988-09-06 10:00","1988","09","06","10:00"," ","14,80","","7,50","","62,00","","27,00","","17,00","","24,10","","99,10","","","","","","Généralement nuageux"
"1988-09-06 11:00","1988","09","06","11:00"," ","16,30","","6,80","","53,00","","28,00","","15,00","","24,10","","99,03","","","","","","Généralement nuageux"
"1988-09-06 12:00","1988","09","06","12:00"," ","16,30","","5,90","","50,00","","29,00","","17,00","","24,10","","99,00","","","","","","Généralement nuageux"
"1988-09-06 13:00","1988","09","06","13:00"," ","16,70","","5,70","","48,00","","28,00","","17,00","","24,10","","98,96","","","","","","Généralement nuageux"
"1988-09-06 14:00","1988","09","06","14:00"," ","17,30","","6,40","","49,00","","29,00","","13,00","","24,10","","98,96","","","","","","Généralement nuageux"
"1988-09-06 15:00","1988","09","06","15:00"," ","17,30","","5,90","","47,00","","27,00","","11,00","","24,10","","98,90","","","","","","Généralement nuageux"
"1988-09-06 16:00","1988","09","06","16:00"," ","18,30","","5,60","","43,00","","27,00","","9,00","","24,10","","98,86","","","","","","Généralement nuageux"
"1988-09-06 17:00","1988","09","06","17:00"," ","17,50","","7,50","","52,00","","30,00","","11,00","","24,10","","98,80","","","","","","Généralement dégagé"
"1988-09-06 18:00","1988","09","06","18:00"," ","18,20","","6,50","","46,00","","28,00","","7,00","","24,10","","98,76","","","","","","Généralement dégagé"
"1988-09-06 19:00","1988","09","06","19:00"," ","17,10","","7,10","","52,00","","22,00","","4,00","","24,10","","98,76","","","","","","Généralement dégagé"
"1988-09-06 20:00","1988","09","06","20:00"," ","13,70","","8,40","","70,00","","21,00","","7,00","","24,10","","98,76","","","","","","Généralement dégagé"
"1988-09-06 21:00","1988","09","06","21:00"," ","13,00","","7,30","","68,00","","22,00","","13,00","","24,10","","98,80","","","","","","Dégagé"
"1988-09-06 22:00","1988","09","06","22:00"," ","8,80","","7,00","","89,00","","30,00","","6,00","","24,10","","98,80","","","","","","Dégagé"
"1988-09-06 23:00","1988","09","06","23:00"," ","7,70","","6,50","","92,00","","30,00","","4,00","","24,10","","98,80","","","","","","Dégagé"
"1988-09-07 00:00","1988","09","07","00:00"," ","7,00","","6,10","","94,00","","28,00","","4,00","","24,10","","98,76","","","","","","Dégagé"
"1988-09-07 01:00","1988","09","07","01:00"," ","7,00","","6,30","","95,00","","0,00","","0,00","","24,10","","98,76","","","","","","Dégagé"
"1988-09-07 02:00","1988","09","07","02:00"," ","5,80","","4,90","","94,00","","0,00","","0,00","","24,10","","98,76","","","","","","Dégagé"
"1988-09-07 03:00","1988","09","07","03:00"," ","4,70","","4,10","","96,00","","0,00","","0,00","","24,10","","98,70","","","","","","Dégagé"
"1988-09-07 04:00","1988","09","07","04:00"," ","3,30","","3,10","","99,00","","29,00","","4,00","","24,10","","98,70","","","","","","Dégagé"
"1988-09-07 05:00","1988","09","07","05:00"," ","3,60","","3,20","","97,00","","0,00","","0,00","","24,10","","98,67","","","","","","Dégagé"
"1988-09-07 06:00","1988","09","07","06:00"," ","3,20","","3,20","","100,00","","0,00","","0,00","","24,10","","98,67","","","","","","Dégagé"
"1988-09-07 07:00","1988","09","07","07:00"," ","2,50","","2,50","","100,00","","0,00","","0,00","","24,10","","98,67","","","","","","Dégagé"
"1988-09-07 08:00","1988","09","07","08:00"," ","6,40","","6,40","","100,00","","27,00","","4,00","","24,10","","98,63","","","","","","Dégagé"
"1988-09-07 09:00","1988","09","07","09:00"," ","10,30","","8,70","","90,00","","0,00","","0,00","","24,10","","98,57","","","","","","Dégagé"
"1988-09-07 10:00","1988","09","07","10:00"," ","15,10","","11,50","","79,00","","5,00","","6,00","","24,10","","98,50","","","","","","Dégagé"
"1988-09-07 11:00","1988","09","07","11:00"," ","18,00","","12,60","","71,00","","14,00","","7,00","","24,10","","98,43","","","","","","Dégagé"
"1988-09-07 12:00","1988","09","07","12:00"," ","20,10","","12,10","","60,00","","20,00","","15,00","","24,10","","98,37","","","","","","Dégagé"
"1988-09-07 13:00","1988","09","07","13:00"," ","21,20","","14,20","","64,00","","22,00","","19,00","","24,10","","98,27","","25,00","","","","Dégagé"
"1988-09-07 14:00","1988","09","07","14:00"," ","22,30","","13,00","","56,00","","22,00","","15,00","","24,10","","98,20","","25,00","","","","Dégagé"
"1988-09-07 15:00","1988","09","07","15:00"," ","23,00","","10,20","","44,00","","21,00","","20,00","","24,10","","98,13","","","","","","Dégagé"
"1988-09-07 16:00","1988","09","07","16:00"," ","22,30","","8,90","","42,00","","22,00","","28,00","","24,10","","98,10","","","","","","Dégagé"
"1988-09-07 17:00","1988","09","07","17:00"," ","21,60","","9,40","","46,00","","21,00","","20,00","","24,10","","98,03","","","","","","Dégagé"
"1988-09-07 18:00","1988","09","07","18:00"," ","19,50","","9,90","","54,00","","19,00","","17,00","","24,10","","98,00","","","","","","Généralement dégagé"
"1988-09-07 19:00","1988","09","07","19:00"," ","17,10","","10,20","","64,00","","16,00","","7,00","","24,10","","97,93","","","","","","Généralement dégagé"
"1988-09-07 20:00","1988","09","07","20:00"," ","15,70","","10,60","","72,00","","7,00","","4,00","","24,10","","97,97","","","","","","Généralement dégagé"
"1988-09-07 21:00","1988","09","07","21:00"," ","15,60","","10,50","","72,00","","18,00","","4,00","","24,10","","98,00","","","","","","Généralement dégagé"
"1988-09-07 22:00","1988","09","07","22:00"," ","12,80","","10,20","","84,00","","0,00","","0,00","","24,10","","97,93","","","","","","Généralement nuageux"
"1988-09-07 23:00","1988","09","07","23:00"," ","12,20","","10,40","","89,00","","36,00","","4,00","","24,10","","97,93","","","","","","Généralement nuageux"
"1988-09-08 00:00","1988","09","08","00:00"," ","14,20","","10,50","","78,00","","23,00","","13,00","","24,10","","97,90","","","","","","Nuageux"
"1988-09-08 01:00","1988","09","08","01:00"," ","18,30","","9,50","","57,00","","23,00","","20,00","","24,10","","97,80","","","","","","Nuageux"
"1988-09-08 02:00","1988","09","08","02:00"," ","17,90","","9,60","","58,00","","22,00","","13,00","","24,10","","97,80","","","","","","Nuageux"
"1988-09-08 03:00","1988","09","08","03:00"," ","17,00","","9,80","","62,00","","20,00","","7,00","","24,10","","97,73","","","","","","Généralement nuageux"
"1988-09-08 04:00","1988","09","08","04:00"," ","15,50","","9,90","","69,00","","25,00","","4,00","","24,10","","97,73","","","","","","Généralement nuageux"
"1988-09-08 05:00","1988","09","08","05:00"," ","15,90","","10,00","","68,00","","22,00","","7,00","","24,10","","97,73","","","","","","Généralement nuageux"
"1988-09-08 06:00","1988","09","08","06:00"," ","15,30","","10,00","","71,00","","22,00","","7,00","","24,10","","97,73","","","","","","Généralement nuageux"
"1988-09-08 07:00","1988","09","08","07:00"," ","12,40","","10,00","","85,00","","24,00","","4,00","","24,10","","97,77","","","","","","Généralement nuageux"
"1988-09-08 08:00","1988","09","08","08:00"," ","13,50","","11,00","","85,00","","27,00","","4,00","","19,30","","97,73","","","","","","Généralement nuageux"
"1988-09-08 09:00","1988","09","08","09:00"," ","13,90","","11,40","","85,00","","0,00","","0,00","","19,30","","97,73","","","","","","Nuageux"
"1988-09-08 10:00","1988","09","08","10:00"," ","14,30","","11,30","","82,00","","0,00","","0,00","","19,30","","97,80","","","","","","Nuageux"
"1988-09-08 11:00","1988","09","08","11:00"," ","14,50","","12,60","","88,00","","0,00","","0,00","","19,30","","97,80","","","","","","Nuageux"
"1988-09-08 12:00","1988","09","08","12:00"," ","15,80","","13,40","","86,00","","0,00","","0,00","","19,30","","97,73","","","","","","Nuageux"
"1988-09-08 13:00","1988","09","08","13:00"," ","17,70","","13,50","","76,00","","21,00","","7,00","","19,30","","97,73","","","","","","Nuageux"
"1988-09-08 14:00","1988","09","08","14:00"," ","20,80","","13,40","","63,00","","24,00","","9,00","","19,30","","97,70","","","","","","Généralement dégagé"
"1988-09-08 15:00","1988","09","08","15:00"," ","22,20","","9,70","","45,00","","25,00","","30,00","","19,30","","97,63","","","","","","Généralement nuageux"
"1988-09-08 16:00","1988","09","08","16:00"," ","21,90","","7,10","","38,00","","31,00","","37,00","","24,10","","97,73","","","","","","Généralement nuageux"
"1988-09-08 17:00","1988","09","08","17:00"," ","16,60","","9,00","","61,00","","30,00","","22,00","","24,10","","97,87","","","","","","Généralement nuageux"
"1988-09-08 18:00","1988","09","08","18:00"," ","16,70","","9,30","","61,00","","30,00","","17,00","","24,10","","97,90","","","","","","Généralement dégagé"
"1988-09-08 19:00","1988","09","08","19:00"," ","15,40","","9,00","","66,00","","28,00","","6,00","","24,10","","97,93","","","","","","Généralement dégagé"
"1988-09-08 20:00","1988","09","08","20:00"," ","13,40","","9,30","","76,00","","22,00","","7,00","","24,10","","98,03","","","","","","Généralement dégagé"
"1988-09-08 21:00","1988","09","08","21:00"," ","9,90","","7,80","","87,00","","27,00","","6,00","","24,10","","98,07","","","","","","Dégagé"
"1988-09-08 22:00","1988","09","08","22:00"," ","7,80","","6,20","","90,00","","27,00","","11,00","","24,10","","98,10","","","","","","Dégagé"
"1988-09-08 23:00","1988","09","08","23:00"," ","7,40","","5,90","","90,00","","28,00","","7,00","","24,10","","98,13","","","","","","Dégagé"
"1988-09-09 00:00","1988","09","09","00:00"," ","6,80","","5,90","","94,00","","30,00","","7,00","","24,10","","98,13","","","","","","Dégagé"
"1988-09-09 01:00","1988","09","09","01:00"," ","6,70","","5,50","","92,00","","30,00","","7,00","","24,10","","98,13","","","","","","Dégagé"
"1988-09-09 02:00","1988","09","09","02:00"," ","6,30","","5,10","","92,00","","28,00","","9,00","","24,10","","98,10","","","","","","Dégagé"
"1988-09-09 03:00","1988","09","09","03:00"," ","6,90","","5,80","","93,00","","29,00","","11,00","","24,10","","98,07","","","","","","Dégagé"
"1988-09-09 04:00","1988","09","09","04:00"," ","6,50","","5,30","","92,00","","29,00","","11,00","","24,10","","98,03","","","","","","Dégagé"
"1988-09-09 05:00","1988","09","09","05:00"," ","6,30","","5,30","","93,00","","27,00","","9,00","","24,10","","98,03","","","","","","Dégagé"
"1988-09-09 06:00","1988","09","09","06:00"," ","12,60","","4,10","","56,00","","23,00","","17,00","","19,30","","98,03","","","","","","Dégagé"
"1988-09-09 07:00","1988","09","09","07:00"," ","13,00","","3,90","","54,00","","23,00","","19,00","","16,10","","98,10","","","","","","Dégagé"
"1988-09-09 08:00","1988","09","09","08:00"," ","13,50","","4,40","","54,00","","22,00","","19,00","","12,90","","98,10","","","","","","Dégagé"
"1988-09-09 09:00","1988","09","09","09:00"," ","15,00","","4,90","","51,00","","24,00","","20,00","","12,90","","98,10","","","","","","Dégagé"
"1988-09-09 10:00","1988","09","09","10:00"," ","16,60","","5,80","","49,00","","25,00","","19,00","","12,90","","98,07","","","","","","Dégagé"
"1988-09-09 11:00","1988","09","09","11:00"," ","18,20","","4,60","","41,00","","27,00","","37,00","","19,30","","98,03","","","","","","Dégagé"
"1988-09-09 12:00","1988","09","09","12:00"," ","19,50","","3,70","","35,00","","26,00","","31,00","","24,10","","98,00","","","","","","Dégagé"
"1988-09-09 13:00","1988","09","09","13:00"," ","20,10","","2,40","","31,00","","26,00","","37,00","","24,10","","97,97","","","","","","Dégagé"
"1988-09-09 14:00","1988","09","09","14:00"," ","20,60","","1,10","","27,00","","27,00","","33,00","","24,10","","98,00","","","","","","Généralement dégagé"
"1988-09-09 15:00","1988","09","09","15:00"," ","20,60","","2,30","","30,00","","28,00","","46,00","","24,10","","98,03","","","","","","Généralement dégagé"
"1988-09-09 16:00","1988","09","09","16:00"," ","20,40","","4,00","","34,00","","29,00","","37,00","","24,10","","98,10","","","","","","Généralement dégagé"
"1988-09-09 17:00","1988","09","09","17:00"," ","19,00","","4,50","","38,00","","28,00","","39,00","","24,10","","98,20","","","","","","Généralement dégagé"
"1988-09-09 18:00","1988","09","09","18:00"," ","17,70","","4,50","","42,00","","28,00","","19,00","","24,10","","98,30","","","","","","Généralement nuageux"
"1988-09-09 19:00","1988","09","09","19:00"," ","16,90","","4,70","","45,00","","29,00","","20,00","","24,10","","98,37","","","","","","Généralement dégagé"
"1988-09-09 20:00","1988","09","09","20:00"," ","15,90","","4,30","","46,00","","29,00","","31,00","","24,10","","98,47","","","","","","Généralement dégagé"
"1988-09-09 21:00","1988","09","09","21:00"," ","14,60","","5,70","","55,00","","30,00","","24,00","","24,10","","98,60","","","","","","Généralement nuageux"
"1988-09-09 22:00","1988","09","09","22:00"," ","13,40","","5,90","","60,00","","30,00","","26,00","","24,10","","98,70","","","","","","Généralement dégagé"
"1988-09-09 23:00","1988","09","09","23:00"," ","12,60","","5,50","","62,00","","30,00","","28,00","","24,10","","98,76","","","","","","Généralement dégagé"
"1988-09-10 00:00","1988","09","10","00:00"," ","11,80","","6,40","","70,00","","30,00","","19,00","","24,10","","98,86","","","","","","Dégagé"
"1988-09-10 01:00","1988","09","10","01:00"," ","11,30","","6,40","","72,00","","24,00","","11,00","","24,10","","98,90","","","","","","Dégagé"
"1988-09-10 02:00","1988","09","10","02:00"," ","10,30","","6,40","","77,00","","22,00","","4,00","","24,10","","98,96","","","","","","Dégagé"
"1988-09-10 03:00","1988","09","10","03:00"," ","7,40","","5,70","","89,00","","25,00","","4,00","","24,10","","99,00","","","","","","Dégagé"
"1988-09-10 04:00","1988","09","10","04:00"," ","8,00","","6,30","","89,00","","26,00","","9,00","","24,10","","99,06","","","","","","Dégagé"
"1988-09-10 05:00","1988","09","10","05:00"," ","6,10","","4,90","","92,00","","24,00","","11,00","","24,10","","99,16","","","","","","Dégagé"
"1988-09-10 06:00","1988","09","10","06:00"," ","5,40","","4,60","","95,00","","25,00","","9,00","","24,10","","99,23","","","","","","Généralement dégagé"
"1988-09-10 07:00","1988","09","10","07:00"," ","5,10","","4,80","","98,00","","27,00","","6,00","","24,10","","99,30","","","","","","Généralement dégagé"
"1988-09-10 08:00","1988","09","10","08:00"," ","10,10","","8,20","","88,00","","27,00","","11,00","","24,10","","99,36","","","","","","Dégagé"
"1988-09-10 09:00","1988","09","10","09:00"," ","12,80","","9,00","","78,00","","28,00","","19,00","","24,10","","99,40","","","","","","Dégagé"
"1988-09-10 10:00","1988","09","10","10:00"," ","14,90","","7,90","","63,00","","28,00","","24,00","","24,10","","99,40","","","","","","Généralement dégagé"
"1988-09-10 11:00","1988","09","10","11:00"," ","16,00","","7,90","","59,00","","30,00","","20,00","","24,10","","99,43","","","","","","Généralement dégagé"
"1988-09-10 12:00","1988","09","10","12:00"," ","17,50","","8,00","","54,00","","31,00","","22,00","","24,10","","99,43","","","","","","Généralement dégagé"
"1988-09-10 13:00","1988","09","10","13:00"," ","18,60","","8,50","","52,00","","31,00","","20,00","","24,10","","99,46","","","","","","Généralement dégagé"
"1988-09-10 14:00","1988","09","10","14:00"," ","18,70","","8,20","","50,00","","33,00","","19,00","","24,10","","99,46","","","","","","Généralement dégagé"
"1988-09-10 15:00","1988","09","10","15:00"," ","18,80","","8,10","","50,00","","31,00","","20,00","","24,10","","99,43","","","","","","Généralement dégagé"
"1988-09-10 16:00","1988","09","10","16:00"," ","18,80","","7,70","","49,00","","32,00","","15,00","","24,10","","99,46","","","","","","Généralement nuageux"
"1988-09-10 17:00","1988","09","10","17:00"," ","17,90","","8,20","","53,00","","33,00","","11,00","","24,10","","99,50","","","","","","Nuageux"
"1988-09-10 18:00","1988","09","10","18:00"," ","16,50","","8,70","","60,00","","33,00","","6,00","","24,10","","99,50","","","","","","Nuageux"
"1988-09-10 19:00","1988","09","10","19:00"," ","14,50","","9,10","","70,00","","0,00","","0,00","","24,10","","99,53","","","","","","Nuageux"
"1988-09-10 20:00","1988","09","10","20:00"," ","11,70","","8,80","","82,00","","26,00","","6,00","","24,10","","99,60","","","","","","Nuageux"
"1988-09-10 21:00","1988","09","10","21:00"," ","9,30","","8,40","","94,00","","0,00","","0,00","","24,10","","99,66","","","","","","Nuageux"
"1988-09-10 22:00","1988","09","10","22:00"," ","8,00","","7,50","","97,00","","0,00","","0,00","","24,10","","99,66","","","","","","Nuageux"
"1988-09-10 23:00","1988","09","10","23:00"," ","7,90","","7,50","","97,00","","32,00","","4,00","","24,10","","99,70","","","","","","Généralement nuageux"
"1988-09-11 00:00","1988","09","11","00:00"," ","6,40","","5,60","","95,00","","24,00","","4,00","","24,10","","99,83","","","","","","Généralement nuageux"
"1988-09-11 01:00","1988","09","11","01:00"," ","8,40","","8,10","","98,00","","21,00","","6,00","","24,10","","99,89","","","","","","Nuageux"
"1988-09-11 02:00","1988","09","11","02:00"," ","8,20","","7,90","","98,00","","0,00","","0,00","","24,10","","99,83","","","","","","Nuageux"
"1988-09-11 03:00","1988","09","11","03:00"," ","8,30","","7,60","","96,00","","0,00","","0,00","","24,10","","99,83","","","","","","Nuageux"
"1988-09-11 04:00","1988","09","11","04:00"," ","8,60","","8,00","","96,00","","0,00","","0,00","","24,10","","99,80","","","","","","Nuageux"
"1988-09-11 05:00","1988","09","11","05:00"," ","10,40","","9,30","","93,00","","10,00","","4,00","","24,10","","99,83","","","","","","Nuageux"
"1988-09-11 06:00","1988","09","11","06:00"," ","11,00","","9,10","","88,00","","3,00","","4,00","","24,10","","99,86","","","","","","Nuageux"
"1988-09-11 07:00","1988","09","11","07:00"," ","12,80","","9,80","","82,00","","9,00","","15,00","","24,10","","99,89","","","","","","Nuageux"
"1988-09-11 08:00","1988","09","11","08:00"," ","12,50","","10,40","","87,00","","9,00","","15,00","","24,10","","99,86","","","","","","Nuageux"
"1988-09-11 09:00","1988","09","11","09:00"," ","13,40","","11,30","","87,00","","5,00","","20,00","","24,10","","99,96","","","","","","Nuageux"
"1988-09-11 10:00","1988","09","11","10:00"," ","14,10","","11,30","","83,00","","9,00","","22,00","","24,10","","99,80","","","","","","Nuageux"
"1988-09-11 11:00","1988","09","11","11:00"," ","14,80","","10,50","","76,00","","10,00","","20,00","","24,10","","99,86","","","","","","Généralement nuageux"
"1988-09-11 12:00","1988","09","11","12:00"," ","15,40","","11,10","","76,00","","8,00","","26,00","","24,10","","99,80","","","","","","Généralement dégagé"
"1988-09-11 13:00","1988","09","11","13:00"," ","15,20","","10,10","","72,00","","9,00","","26,00","","24,10","","99,73","","","","","","Généralement nuageux"
"1988-09-11 14:00","1988","09","11","14:00"," ","15,00","","9,10","","68,00","","11,00","","26,00","","24,10","","99,56","","","","","","Généralement nuageux"
"1988-09-11 15:00","1988","09","11","15:00"," ","14,80","","8,80","","67,00","","11,00","","22,00","","24,10","","99,50","","","","","","Nuageux"
"1988-09-11 16:00","1988","09","11","16:00"," ","14,20","","10,20","","77,00","","10,00","","22,00","","24,10","","99,40","","","","","","Nuageux"
"1988-09-11 17:00","1988","09","11","17:00"," ","13,90","","10,60","","81,00","","9,00","","19,00","","24,10","","99,30","","","","","","Généralement nuageux"
"1988-09-11 18:00","1988","09","11","18:00"," ","13,30","","10,90","","85,00","","8,00","","15,00","","24,10","","99,23","","","","","","Généralement nuageux"
"1988-09-11 19:00","1988","09","11","19:00"," ","13,10","","11,00","","87,00","","8,00","","19,00","","24,10","","99,10","","","","","","Généralement nuageux"
"1988-09-11 20:00","1988","09","11","20:00"," ","13,10","","11,30","","89,00","","8,00","","13,00","","24,10","","99,13","","","","","","Généralement nuageux"
"1988-09-11 21:00","1988","09","11","21:00"," ","13,40","","11,60","","89,00","","5,00","","7,00","","24,10","","99,13","","","","","","Généralement nuageux"
"1988-09-11 22:00","1988","09","11","22:00"," ","13,50","","11,30","","86,00","","8,00","","11,00","","24,10","","99,03","","","","","","Généralement nuageux"
"1988-09-11 23:00","1988","09","11","23:00"," ","13,10","","11,60","","91,00","","9,00","","9,00","","24,10","","98,96","","","","","","Généralement nuageux"
"1988-09-12 00:00","1988","09","12","00:00"," ","13,00","","11,90","","93,00","","9,00","","7,00","","24,10","","98,83","","","","","","Généralement nuageux"
"1988-09-12 01:00","1988","09","12","01:00"," ","13,10","","12,40","","95,00","","9,00","","7,00","","24,10","","98,80","","","","","","Généralement nuageux"
"1988-09-12 02:00","1988","09","12","02:00"," ","13,20","","12,70","","97,00","","10,00","","4,00","","24,10","","98,70","","","","","","Généralement nuageux"
"1988-09-12 03:00","1988","09","12","03:00"," ","13,00","","12,90","","99,00","","0,00","","0,00","","19,30","","98,60","","","","","","Nuageux"
"1988-09-12 04:00","1988","09","12","04:00"," ","11,30","","11,10","","99,00","","21,00","","4,00","","16,10","","98,60","","","","","","Nuageux"
"1988-09-12 05:00","1988","09","12","05:00"," ","11,20","","11,00","","99,00","","25,00","","4,00","","16,10","","98,50","","","","","","Nuageux"
"1988-09-12 06:00","1988","09","12","06:00"," ","11,30","","11,00","","98,00","","23,00","","4,00","","19,30","","98,50","","","","","","Généralement nuageux"
"1988-09-12 07:00","1988","09","12","07:00"," ","11,60","","11,30","","98,00","","21,00","","4,00","","16,10","","98,50","","","","","","Généralement nuageux"
"1988-09-12 08:00","1988","09","12","08:00"," ","12,50","","12,10","","97,00","","0,00","","0,00","","12,90","","98,40","","","","","","Nuageux"
"1988-09-12 09:00","1988","09","12","09:00"," ","15,00","","14,10","","94,00","","27,00","","9,00","","16,10","","98,47","","","","","","Nuageux"
"1988-09-12 10:00","1988","09","12","10:00"," ","16,10","","12,50","","79,00","","30,00","","20,00","","24,10","","98,70","","","","","","Nuageux"
"1988-09-12 11:00","1988","09","12","11:00"," ","14,70","","11,30","","80,00","","30,00","","22,00","","24,10","","98,80","","","","","","Nuageux"
"1988-09-12 12:00","1988","09","12","12:00"," ","14,10","","9,80","","75,00","","32,00","","22,00","","24,10","","98,86","","","","","","Généralement nuageux"
"1988-09-12 13:00","1988","09","12","13:00"," ","15,40","","9,50","","68,00","","33,00","","24,00","","24,10","","98,86","","","","","","Généralement nuageux"
"1988-09-12 14:00","1988","09","12","14:00"," ","15,90","","9,10","","64,00","","32,00","","17,00","","24,10","","98,90","","","","","","Généralement nuageux"
"1988-09-12 15:00","1988","09","12","15:00"," ","16,30","","8,50","","60,00","","33,00","","20,00","","24,10","","98,93","","","","","","Généralement nuageux"
"1988-09-12 16:00","1988","09","12","16:00"," ","16,40","","7,80","","57,00","","34,00","","24,00","","24,10","","98,96","","","","","","Généralement nuageux"
"1988-09-12 17:00","1988","09","12","17:00"," ","15,40","","7,00","","57,00","","33,00","","26,00","","24,10","","99,00","","","","","","Généralement nuageux"
"1988-09-12 18:00","1988","09","12","18:00"," ","14,80","","7,30","","61,00","","34,00","","19,00","","24,10","","99,10","","","","","","Généralement nuageux"
"1988-09-12 19:00","1988","09","12","19:00"," ","13,10","","6,40","","64,00","","33,00","","15,00","","24,10","","99,16","","","","","","Généralement nuageux"
"1988-09-12 20:00","1988","09","12","20:00"," ","11,00","","6,60","","74,00","","31,00","","11,00","","24,10","","99,26","","","","","","Généralement nuageux"
"1988-09-12 21:00","1988","09","12","21:00"," ","10,10","","6,30","","77,00","","26,00","","4,00","","24,10","","99,30","","","","","","Généralement nuageux"
"1988-09-12 22:00","1988","09","12","22:00"," ","9,70","","6,30","","79,00","","25,00","","7,00","","24,10","","99,33","","","","","","Généralement dégagé"
"1988-09-12 23:00","1988","09","12","23:00"," ","8,40","","6,50","","88,00","","25,00","","6,00","","24,10","","99,36","","","","","","Généralement dégagé"
"1988-09-13 00:00","1988","09","13","00:00"," ","6,60","","4,90","","89,00","","26,00","","6,00","","24,10","","99,40","","","","","","Généralement dégagé"
"1988-09-13 01:00","1988","09","13","01:00"," ","5,90","","4,70","","92,00","","27,00","","4,00","","24,10","","99,36","","","","","","Généralement dégagé"
"1988-09-13 02:00","1988","09","13","02:00"," ","5,90","","5,40","","97,00","","24,00","","4,00","","24,10","","99,36","","","","","","Généralement dégagé"
"1988-09-13 03:00","1988","09","13","03:00"," ","5,20","","5,00","","98,00","","31,00","","4,00","","24,10","","99,30","","","","","","Généralement nuageux"
"1988-09-13 04:00","1988","09","13","04:00"," ","6,10","","5,90","","98,00","","26,00","","4,00","","24,10","","99,30","","","","","","Généralement nuageux"
"1988-09-13 05:00","1988","09","13","05:00"," ","6,60","","6,40","","98,00","","0,00","","0,00","","24,10","","99,26","","","","","","Généralement nuageux"
"1988-09-13 06:00","1988","09","13","06:00"," ","7,90","","7,50","","97,00","","24,00","","6,00","","24,10","","99,23","","","","","","Généralement nuageux"
"1988-09-13 07:00","1988","09","13","07:00"," ","6,30","","6,30","","100,00","","25,00","","4,00","","24,10","","99,16","","","","","","Généralement nuageux"
"1988-09-13 08:00","1988","09","13","08:00"," ","7,30","","7,10","","99,00","","29,00","","4,00","","24,10","","99,20","","","","","","Généralement nuageux"
"1988-09-13 09:00","1988","09","13","09:00"," ","10,50","","8,30","","86,00","","25,00","","7,00","","24,10","","99,10","","","","","","Généralement nuageux"
"1988-09-13 10:00","1988","09","13","10:00"," ","12,80","","8,00","","73,00","","23,00","","11,00","","24,10","","99,00","","","","","","Généralement dégagé"
"1988-09-13 11:00","1988","09","13","11:00"," ","14,50","","8,50","","67,00","","23,00","","7,00","","24,10","","98,90","","","","","","Généralement dégagé"
"1988-09-13 12:00","1988","09","13","12:00"," ","17,50","","8,30","","55,00","","23,00","","15,00","","24,10","","98,73","","","","","","Dégagé"
"1988-09-13 13:00","1988","09","13","13:00"," ","19,50","","8,40","","49,00","","27,00","","22,00","","24,10","","98,70","","","","","","Dégagé"
"1988-09-13 14:00","1988","09","13","14:00"," ","20,70","","9,70","","49,00","","30,00","","19,00","","24,10","","98,63","","","","","","Généralement dégagé"
"1988-09-13 15:00","1988","09","13","15:00"," ","21,90","","10,20","","48,00","","28,00","","22,00","","24,10","","98,57","","","","","","Généralement dégagé"
"1988-09-13 16:00","1988","09","13","16:00"," ","21,10","","9,70","","48,00","","30,00","","28,00","","24,10","","98,60","","","","","","Généralement dégagé"
"1988-09-13 17:00","1988","09","13","17:00"," ","19,50","","9,00","","51,00","","31,00","","15,00","","24,10","","98,60","","","","","","Généralement dégagé"
"1988-09-13 18:00","1988","09","13","18:00"," ","18,90","","9,30","","54,00","","29,00","","17,00","","24,10","","98,60","","","","","","Généralement dégagé"
"1988-09-13 19:00","1988","09","13","19:00"," ","17,10","","9,80","","62,00","","29,00","","11,00","","24,10","","98,67","","","","","","Généralement dégagé"
"1988-09-13 20:00","1988","09","13","20:00"," ","14,10","","7,80","","66,00","","31,00","","11,00","","24,10","","98,80","","","","","","Généralement dégagé"
"1988-09-13 21:00","1988","09","13","21:00"," ","11,00","","7,10","","77,00","","27,00","","7,00","","24,10","","98,86","","","","","","Dégagé"
"1988-09-13 22:00","1988","09","13","22:00"," ","10,40","","8,00","","85,00","","25,00","","6,00","","24,10","","98,90","","","","","","Généralement dégagé"
"1988-09-13 23:00","1988","09","13","23:00"," ","9,30","","7,30","","87,00","","27,00","","11,00","","24,10","","99,00","","","","","","Généralement dégagé"
"1988-09-14 00:00","1988","09","14","00:00"," ","9,80","","6,90","","82,00","","31,00","","11,00","","24,10","","99,03","","","","","","Généralement dégagé"
"1988-09-14 01:00","1988","09","14","01:00"," ","10,50","","6,60","","77,00","","26,00","","4,00","","24,10","","99,10","","","","","","Dégagé"
"1988-09-14 02:00","1988","09","14","02:00"," ","7,80","","5,90","","88,00","","24,00","","7,00","","24,10","","99,16","","","","","","Dégagé"
"1988-09-14 03:00","1988","09","14","03:00"," ","6,30","","5,00","","92,00","","23,00","","4,00","","24,10","","99,20","","","","","","Dégagé"
"1988-09-14 04:00","1988","09","14","04:00"," ","5,00","","4,20","","95,00","","24,00","","4,00","","24,10","","99,26","","","","","","Dégagé"
"1988-09-14 05:00","1988","09","14","05:00"," ","5,70","","4,40","","91,00","","24,00","","4,00","","24,10","","99,33","","","","","","Dégagé"
"1988-09-14 06:00","1988","09","14","06:00"," ","6,30","","5,60","","95,00","","21,00","","4,00","","24,10","","99,40","","","","","","Dégagé"
"1988-09-14 07:00","1988","09","14","07:00"," ","3,30","","2,60","","95,00","","25,00","","6,00","","24,10","","99,50","","","","","","Dégagé"
"1988-09-14 08:00","1988","09","14","08:00"," ","7,90","","6,70","","92,00","","26,00","","4,00","","24,10","","99,56","","","","","","Dégagé"
"1988-09-14 09:00","1988","09","14","09:00"," ","11,30","","8,10","","81,00","","24,00","","6,00","","24,10","","99,56","","","","","","Dégagé"
"1988-09-14 10:00","1988","09","14","10:00"," ","14,60","","6,90","","60,00","","33,00","","17,00","","24,10","","99,60","","","","","","Dégagé"
"1988-09-14 11:00","1988","09","14","11:00"," ","15,90","","6,70","","54,00","","31,00","","15,00","","24,10","","99,60","","","","","","Généralement dégagé"
"1988-09-14 12:00","1988","09","14","12:00"," ","17,60","","6,20","","47,00","","33,00","","19,00","","24,10","","99,66","","","","","","Généralement dégagé"
"1988-09-14 13:00","1988","09","14","13:00"," ","17,10","","6,10","","48,00","","33,00","","9,00","","24,10","","99,66","","","","","","Généralement dégagé"
"1988-09-14 14:00","1988","09","14","14:00"," ","18,50","","6,90","","47,00","","34,00","","15,00","","24,10","","99,70","","","","","","Généralement dégagé"
"1988-09-14 15:00","1988","09","14","15:00"," ","18,40","","6,40","","45,00","","36,00","","17,00","","24,10","","99,66","","","","","","Généralement dégagé"
"1988-09-14 16:00","1988","09","14","16:00"," ","18,00","","4,40","","41,00","","34,00","","19,00","","24,10","","99,70","","","","","","Généralement dégagé"
"1988-09-14 17:00","1988","09","14","17:00"," ","17,90","","4,50","","41,00","","36,00","","15,00","","24,10","","99,80","","","","","","Généralement dégagé"
"1988-09-14 18:00","1988","09","14","18:00"," ","15,90","","5,80","","51,00","","34,00","","6,00","","24,10","","99,80","","","","","","Généralement nuageux"
"1988-09-14 19:00","1988","09","14","19:00"," ","15,10","","5,80","","54,00","","0,00","","0,00","","24,10","","99,86","","","","","","Généralement nuageux"
"1988-09-14 20:00","1988","09","14","20:00"," ","12,90","","6,60","","66,00","","12,00","","7,00","","24,10","","99,96","","","","","","Généralement nuageux"
"1988-09-14 21:00","1988","09","14","21:00"," ","7,80","","6,40","","91,00","","0,00","","0,00","","24,10","","100,06","","","","","","Généralement nuageux"
"1988-09-14 22:00","1988","09","14","22:00"," ","7,50","","5,90","","90,00","","0,00","","0,00","","24,10","","100,06","","","","","","Généralement dégagé"
"1988-09-14 23:00","1988","09","14","23:00"," ","8,10","","7,00","","93,00","","0,00","","0,00","","24,10","","100,16","","","","","","Généralement dégagé"
"1988-09-15 00:00","1988","09","15","00:00"," ","5,80","","5,20","","96,00","","0,00","","0,00","","24,10","","100,16","","","","","","Dégagé"
"1988-09-15 01:00","1988","09","15","01:00"," ","4,10","","4,00","","99,00","","0,00","","0,00","","24,10","","100,19","","","","","","Généralement dégagé"
"1988-09-15 02:00","1988","09","15","02:00"," ","5,10","","4,80","","98,00","","25,00","","6,00","","24,10","","100,23","","","","","","Dégagé"
"1988-09-15 03:00","1988","09","15","03:00"," ","3,10","","3,00","","99,00","","25,00","","4,00","","24,10","","100,26","","","","","","Dégagé"
"1988-09-15 04:00","1988","09","15","04:00"," ","3,70","","3,60","","99,00","","23,00","","4,00","","19,30","","100,29","","","","","","Généralement dégagé"
"1988-09-15 05:00","1988","09","15","05:00"," ","3,00","","2,80","","98,00","","24,00","","6,00","","24,10","","100,29","","","","","","Généralement dégagé"
"1988-09-15 06:00","1988","09","15","06:00"," ","2,80","","2,80","","100,00","","26,00","","6,00","","24,10","","100,36","","","","","","Généralement nuageux"
"1988-09-15 07:00","1988","09","15","07:00"," ","3,90","","3,80","","99,00","","26,00","","4,00","","24,10","","100,39","","","","","","Nuageux"
"1988-09-15 08:00","1988","09","15","08:00"," ","5,10","","4,60","","97,00","","24,00","","4,00","","24,10","","100,39","","","","","","Généralement nuageux"
"1988-09-15 09:00","1988","09","15","09:00"," ","6,30","","6,00","","98,00","","28,00","","4,00","","24,10","","100,46","","","","","","Généralement nuageux"
"1988-09-15 10:00","1988","09","15","10:00"," ","10,40","","9,10","","92,00","","0,00","","0,00","","24,10","","100,46","","","","","","Généralement nuageux"
"1988-09-15 11:00","1988","09","15","11:00"," ","14,00","","10,70","","81,00","","6,00","","7,00","","24,10","","100,39","","","","","","Généralement nuageux"
"1988-09-15 12:00","1988","09","15","12:00"," ","15,20","","11,00","","76,00","","8,00","","11,00","","24,10","","100,36","","","","","","Généralement nuageux"
"1988-09-15 13:00","1988","09","15","13:00"," ","16,20","","10,80","","70,00","","14,00","","13,00","","24,10","","100,33","","","","","","Généralement nuageux"
"1988-09-15 14:00","1988","09","15","14:00"," ","17,00","","10,60","","66,00","","16,00","","15,00","","24,10","","100,26","","","","","","Généralement nuageux"
"1988-09-15 15:00","1988","09","15","15:00"," ","17,60","","10,80","","64,00","","16,00","","13,00","","24,10","","100,19","","","","","","Généralement nuageux"
"1988-09-15 16:00","1988","09","15","16:00"," ","18,10","","8,10","","52,00","","17,00","","15,00","","24,10","","100,19","","","","","","Généralement nuageux"
"1988-09-15 17:00","1988","09","15","17:00"," ","17,00","","8,40","","57,00","","17,00","","13,00","","24,10","","100,16","","","","","","Généralement nuageux"
"1988-09-15 18:00","1988","09","15","18:00"," ","16,10","","8,60","","61,00","","16,00","","7,00","","24,10","","100,13","","","","","","Généralement dégagé"
"1988-09-15 19:00","1988","09","15","19:00"," ","13,50","","8,40","","71,00","","10,00","","4,00","","24,10","","100,09","","","","","","Généralement nuageux"
"1988-09-15 20:00","1988","09","15","20:00"," ","12,40","","8,90","","79,00","","7,00","","4,00","","24,10","","100,09","","","","","","Généralement nuageux"
"1988-09-15 21:00","1988","09","15","21:00"," ","11,00","","9,10","","88,00","","5,00","","4,00","","24,10","","100,09","","","","","","Généralement nuageux"
"1988-09-15 22:00","1988","09","15","22:00"," ","11,90","","9,40","","85,00","","0,00","","0,00","","24,10","","100,09","","","","","","Généralement nuageux"
"1988-09-15 23:00","1988","09","15","23:00"," ","12,20","","9,00","","81,00","","0,00","","0,00","","24,10","","100,09","","","","","","Généralement nuageux"
"1988-09-16 00:00","1988","09","16","00:00"," ","12,10","","9,90","","86,00","","8,00","","6,00","","24,10","","100,06","","","","","","Nuageux"
"1988-09-16 01:00","1988","09","16","01:00"," ","12,60","","9,70","","83,00","","11,00","","4,00","","24,10","","100,06","","","","","","Nuageux"
"1988-09-16 02:00","1988","09","16","02:00"," ","12,40","","10,10","","86,00","","0,00","","0,00","","24,10","","99,96","","","","","","Nuageux"
"1988-09-16 03:00","1988","09","16","03:00"," ","12,60","","11,10","","91,00","","9,00","","7,00","","24,10","","99,89","","","","","","Nuageux"
"1988-09-16 04:00","1988","09","16","04:00"," ","12,70","","11,20","","91,00","","8,00","","7,00","","24,10","","99,86","","","","","","Nuageux"
"1988-09-16 05:00","1988","09","16","05:00"," ","12,90","","10,80","","87,00","","13,00","","13,00","","24,10","","99,86","","","","","","Averses de pluie"
"1988-09-16 06:00","1988","09","16","06:00"," ","12,40","","11,00","","91,00","","7,00","","4,00","","24,10","","99,80","","","","","","Averses de pluie"
"1988-09-16 07:00","1988","09","16","07:00"," ","12,50","","10,50","","88,00","","7,00","","6,00","","24,10","","99,76","","","","","","Pluie"
"1988-09-16 08:00","1988","09","16","08:00"," ","12,70","","10,50","","86,00","","7,00","","9,00","","24,10","","99,66","","","","","","Nuageux"
"1988-09-16 09:00","1988","09","16","09:00"," ","12,90","","11,30","","90,00","","12,00","","11,00","","19,30","","99,63","","","","","","Nuageux"
"1988-09-16 10:00","1988","09","16","10:00"," ","13,80","","12,30","","91,00","","12,00","","17,00","","19,30","","99,53","","","","","","Pluie"
"1988-09-16 11:00","1988","09","16","11:00"," ","14,00","","12,40","","90,00","","8,00","","6,00","","19,30","","99,40","","","","","","Nuageux"
"1988-09-16 12:00","1988","09","16","12:00"," ","15,60","","12,70","","83,00","","10,00","","11,00","","19,30","","99,33","","","","","","Généralement nuageux"
"1988-09-16 13:00","1988","09","16","13:00"," ","15,50","","11,80","","79,00","","13,00","","19,00","","24,10","","99,23","","","","","","Nuageux"
"1988-09-16 14:00","1988","09","16","14:00"," ","15,00","","12,10","","83,00","","12,00","","11,00","","16,10","","99,13","","","","","","Pluie"
"1988-09-16 15:00","1988","09","16","15:00"," ","13,70","","12,90","","95,00","","10,00","","11,00","","16,10","","99,03","","","","","","Pluie"
"1988-09-16 16:00","1988","09","16","16:00"," ","13,30","","13,10","","99,00","","14,00","","15,00","","12,90","","98,93","","","","","","Pluie"
"1988-09-16 17:00","1988","09","16","17:00"," ","13,50","","13,30","","99,00","","15,00","","7,00","","12,90","","98,86","","","","","","Pluie"
"1988-09-16 18:00","1988","09","16","18:00"," ","13,60","","13,20","","97,00","","15,00","","13,00","","11,30","","98,76","","","","","","Nuageux"
"1988-09-16 19:00","1988","09","16","19:00"," ","14,40","","13,70","","96,00","","16,00","","13,00","","9,70","","98,70","","","","","","Brouillard"
"1988-09-16 20:00","1988","09","16","20:00"," ","14,30","","13,70","","96,00","","16,00","","13,00","","9,70","","98,70","","","","","","Pluie,Brouillard"
"1988-09-16 21:00","1988","09","16","21:00"," ","14,40","","14,10","","98,00","","16,00","","9,00","","6,40","","98,67","","","","","","Pluie modérée,Brouillard"
"1988-09-16 22:00","1988","09","16","22:00"," ","14,90","","14,50","","98,00","","20,00","","7,00","","9,70","","98,60","","","","","","Brouillard"
"1988-09-16 23:00","1988","09","16","23:00"," ","14,80","","14,50","","98,00","","18,00","","7,00","","11,30","","98,60","","","","","","Pluie"
"1988-09-17 00:00","1988","09","17","00:00"," ","15,00","","14,50","","97,00","","20,00","","6,00","","9,70","","98,53","","","","","","Brouillard"
"1988-09-17 01:00","1988","09","17","01:00"," ","14,90","","14,50","","98,00","","0,00","","0,00","","9,70","","98,50","","","","","","Brouillard"
"1988-09-17 02:00","1988","09","17","02:00"," ","14,50","","14,50","","100,00","","0,00","","0,00","","9,70","","98,50","","","","","","Brouillard"
"1988-09-17 03:00","1988","09","17","03:00"," ","14,30","","14,30","","100,00","","0,00","","0,00","","9,70","","98,47","","","","","","Brouillard"
"1988-09-17 04:00","1988","09","17","04:00"," ","14,10","","14,10","","100,00","","0,00","","0,00","","8,00","","98,43","","","","","","Brouillard"
"1988-09-17 05:00","1988","09","17","05:00"," ","13,70","","13,70","","100,00","","0,00","","0,00","","4,80","","98,47","","","","","","Averses de pluie,Brouillard"
"1988-09-17 06:00","1988","09","17","06:00"," ","13,60","","13,60","","100,00","","0,00","","0,00","","2,40","","98,47","","","","","","Averses de pluie,Brouillard"
"1988-09-17 07:00","1988","09","17","07:00"," ","13,60","","13,60","","100,00","","0,00","","0,00","","1,60","","98,43","","","","","","Brouillard"
"1988-09-17 08:00","1988","09","17","08:00"," ","14,00","","13,90","","99,00","","28,00","","4,00","","6,40","","98,47","","","","","","Brouillard"
"1988-09-17 09:00","1988","09","17","09:00"," ","15,60","","14,90","","95,00","","27,00","","13,00","","19,30","","98,53","","","","","","Généralement nuageux"
"1988-09-17 10:00","1988","09","17","10:00"," ","16,50","","14,70","","89,00","","28,00","","19,00","","24,10","","98,53","","","","","","Généralement nuageux"
"1988-09-17 11:00","1988","09","17","11:00"," ","17,70","","14,50","","81,00","","31,00","","19,00","","24,10","","98,53","","","","","","Généralement nuageux"
"1988-09-17 12:00","1988","09","17","12:00"," ","18,60","","14,50","","77,00","","30,00","","17,00","","24,10","","98,57","","","","","","Généralement nuageux"
"1988-09-17 13:00","1988","09","17","13:00"," ","18,80","","13,90","","73,00","","30,00","","20,00","","24,10","","98,60","","","","","","Nuageux"
"1988-09-17 14:00","1988","09","17","14:00"," ","18,60","","13,90","","74,00","","30,00","","11,00","","24,10","","98,63","","","","","","Nuageux"
"1988-09-17 15:00","1988","09","17","15:00"," ","18,60","","14,00","","75,00","","33,00","","11,00","","24,10","","98,70","","","","","","Nuageux"
"1988-09-17 16:00","1988","09","17","16:00"," ","18,50","","14,10","","76,00","","31,00","","11,00","","24,10","","98,73","","","","","","Nuageux"
"1988-09-17 17:00","1988","09","17","17:00"," ","18,70","","13,80","","73,00","","29,00","","9,00","","24,10","","98,76","","","","","","Généralement nuageux"
"1988-09-17 18:00","1988","09","17","18:00"," ","18,40","","13,90","","75,00","","33,00","","4,00","","24,10","","98,80","","","","","","Généralement nuageux"
"1988-09-17 19:00","1988","09","17","19:00"," ","17,40","","14,60","","84,00","","0,00","","0,00","","24,10","","98,80","","","","","","Généralement dégagé"
"1988-09-17 20:00","1988","09","17","20:00"," ","14,40","","13,60","","95,00","","0,00","","0,00","","24,10","","98,83","","","","","","Dégagé"
"1988-09-17 21:00","1988","09","17","21:00"," ","12,80","","12,60","","99,00","","0,00","","0,00","","19,30","","98,86","","","","","","Dégagé"
"1988-09-17 22:00","1988","09","17","22:00"," ","11,00","","10,70","","98,00","","29,00","","6,00","","16,10","","98,90","","","","","","Généralement dégagé"
"1988-09-17 23:00","1988","09","17","23:00"," ","11,40","","11,40","","100,00","","0,00","","0,00","","19,30","","98,96","","","","","","Généralement dégagé"
"1988-09-18 00:00","1988","09","18","00:00"," ","9,90","","9,90","","100,00","","0,00","","0,00","","2,00","","98,96","","","","","","Brouillard"
"1988-09-18 01:00","1988","09","18","01:00"," ","8,40","","8,40","","100,00","","0,00","","0,00","","2,00","","98,96","","","","","","Brouillard"
"1988-09-18 02:00","1988","09","18","02:00"," ","8,50","","8,50","","100,00","","0,00","","0,00","","1,60","","99,00","","","","","","Brouillard"
"1988-09-18 03:00","1988","09","18","03:00"," ","7,80","","7,80","","100,00","","0,00","","0,00","","3,20","","99,00","","","","","","Brouillard"
"1988-09-18 04:00","1988","09","18","04:00"," ","9,70","","9,70","","100,00","","0,00","","0,00","","1,60","","99,00","","","","","","Brouillard"
"1988-09-18 05:00","1988","09","18","05:00"," ","8,90","","8,90","","100,00","","25,00","","4,00","","0,40","","99,00","","","","","","Brouillard"
"1988-09-18 06:00","1988","09","18","06:00"," ","7,80","","7,80","","100,00","","27,00","","4,00","","0,40","","98,96","","","","","","Brouillard"
"1988-09-18 07:00","1988","09","18","07:00"," ","8,60","","8,60","","100,00","","26,00","","4,00","","0,40","","99,03","","","","","","Brouillard"
"1988-09-18 08:00","1988","09","18","08:00"," ","8,00","","7,90","","99,00","","30,00","","4,00","","4,00","","99,00","","","","","","Brouillard"
"1988-09-18 09:00","1988","09","18","09:00"," ","11,40","","11,40","","100,00","","0,00","","0,00","","19,30","","99,03","","","","","","Généralement nuageux"
"1988-09-18 10:00","1988","09","18","10:00"," ","15,10","","13,60","","91,00","","18,00","","4,00","","24,10","","99,00","","","","","","Généralement dégagé"
"1988-09-18 11:00","1988","09","18","11:00"," ","17,50","","14,00","","80,00","","9,00","","15,00","","24,10","","99,00","","","","","","Généralement dégagé"
"1988-09-18 12:00","1988","09","18","12:00"," ","17,90","","13,40","","75,00","","9,00","","20,00","","24,10","","99,00","","","","","","Généralement nuageux"
"1988-09-18 13:00","1988","09","18","13:00"," ","18,10","","13,00","","72,00","","10,00","","26,00","","24,10","","98,90","","","","","","Généralement dégagé"
"1988-09-18 14:00","1988","09","18","14:00"," ","18,00","","13,60","","76,00","","11,00","","22,00","","24,10","","98,86","","","","","","Généralement dégagé"
"1988-09-18 15:00","1988","09","18","15:00"," ","17,20","","12,90","","76,00","","11,00","","17,00","","24,10","","98,86","","","","","","Généralement nuageux"
"1988-09-18 16:00","1988","09","18","16:00"," ","17,20","","13,20","","77,00","","7,00","","22,00","","24,10","","98,76","","","","","","Nuageux"
"1988-09-18 17:00","1988","09","18","17:00"," ","16,30","","13,00","","81,00","","9,00","","20,00","","24,10","","98,76","","","","","","Nuageux"
"1988-09-18 18:00","1988","09","18","18:00"," ","15,70","","12,70","","82,00","","10,00","","15,00","","24,10","","98,80","","","","","","Nuageux"
"1988-09-18 19:00","1988","09","18","19:00"," ","15,30","","12,30","","82,00","","8,00","","17,00","","24,10","","98,76","","","","","","Nuageux"
"1988-09-18 20:00","1988","09","18","20:00"," ","15,20","","12,20","","82,00","","8,00","","15,00","","24,10","","98,80","","","","","","Nuageux"
"1988-09-18 21:00","1988","09","18","21:00"," ","15,00","","12,50","","85,00","","9,00","","9,00","","24,10","","98,76","","","","","","Nuageux"
"1988-09-18 22:00","1988","09","18","22:00"," ","14,80","","12,60","","87,00","","10,00","","13,00","","24,10","","98,60","","","","","","Nuageux"
"1988-09-18 23:00","1988","09","18","23:00"," ","14,40","","13,00","","91,00","","8,00","","17,00","","24,10","","98,47","","","","","","Averses de pluie"
"1988-09-19 00:00","1988","09","19","00:00"," ","14,50","","13,40","","93,00","","8,00","","19,00","","24,10","","98,43","","","","","","Nuageux"
"1988-09-19 01:00","1988","09","19","01:00"," ","14,60","","13,80","","95,00","","8,00","","22,00","","24,10","","98,33","","","","","","Nuageux"
"1988-09-19 02:00","1988","09","19","02:00"," ","14,40","","14,10","","98,00","","7,00","","22,00","","6,40","","98,23","","","","","","Brouillard"
"1988-09-19 03:00","1988","09","19","03:00"," ","14,10","","14,10","","100,00","","8,00","","15,00","","4,80","","98,23","","","","","","Orages,Averses de pluie,Brouillard"
"1988-09-19 04:00","1988","09","19","04:00"," ","14,00","","14,00","","100,00","","7,00","","20,00","","2,40","","98,10","","","","","","Orages,Averses de pluie forte,Brouillard"
"1988-09-19 05:00","1988","09","19","05:00"," ","14,20","","14,20","","100,00","","7,00","","22,00","","4,00","","98,00","","","","","","Averses de pluie,Brouillard"
"1988-09-19 06:00","1988","09","19","06:00"," ","14,30","","14,30","","100,00","","9,00","","20,00","","4,80","","98,00","","","","","","Averses de pluie,Brouillard"
"1988-09-19 07:00","1988","09","19","07:00"," ","14,70","","14,70","","100,00","","8,00","","15,00","","3,20","","97,87","","","","","","Brouillard"
"1988-09-19 08:00","1988","09","19","08:00"," ","14,70","","14,70","","100,00","","7,00","","11,00","","0,40","","97,80","","","","","","Brouillard"
"1988-09-19 09:00","1988","09","19","09:00"," ","15,20","","15,20","","100,00","","9,00","","9,00","","0,40","","97,63","","","","","","Brouillard"
"1988-09-19 10:00","1988","09","19","10:00"," ","15,80","","15,80","","100,00","","10,00","","17,00","","1,20","","97,60","","","","","","Brouillard"
"1988-09-19 11:00","1988","09","19","11:00"," ","16,50","","16,50","","100,00","","11,00","","19,00","","3,20","","97,44","","","","","","Brouillard"
"1988-09-19 12:00","1988","09","19","12:00"," ","16,20","","16,20","","100,00","","11,00","","19,00","","3,20","","97,34","","","","","","Pluie,Brouillard"
"1988-09-19 13:00","1988","09","19","13:00"," ","16,00","","16,00","","100,00","","5,00","","13,00","","4,00","","97,24","","","","","","Brouillard"
"1988-09-19 14:00","1988","09","19","14:00"," ","15,90","","15,90","","100,00","","7,00","","11,00","","1,60","","97,14","","","","","","Averses de pluie,Brouillard"
"1988-09-19 15:00","1988","09","19","15:00"," ","16,00","","16,00","","100,00","","7,00","","11,00","","1,60","","97,04","","","","","","Bruine,Brouillard"
"1988-09-19 16:00","1988","09","19","16:00"," ","16,10","","16,10","","100,00","","6,00","","11,00","","2,40","","96,97","","","","","","Bruine,Brouillard"
"1988-09-19 17:00","1988","09","19","17:00"," ","15,90","","15,90","","100,00","","8,00","","9,00","","1,60","","96,94","","","","","","Bruine,Brouillard"
"1988-09-19 18:00","1988","09","19","18:00"," ","16,10","","16,10","","100,00","","8,00","","6,00","","1,60","","96,94","","","","","","Bruine,Brouillard"
"1988-09-19 19:00","1988","09","19","19:00"," ","16,00","","16,00","","100,00","","8,00","","7,00","","1,00","","96,87","","","","","","Brouillard"
"1988-09-19 20:00","1988","09","19","20:00"," ","15,60","","15,60","","100,00","","5,00","","7,00","","0,60","","96,84","","","","","","Brouillard"
"1988-09-19 21:00","1988","09","19","21:00"," ","15,80","","15,80","","100,00","","5,00","","6,00","","1,20","","96,84","","","","","","Bruine,Brouillard"
"1988-09-19 22:00","1988","09","19","22:00"," ","16,50","","16,50","","100,00","","5,00","","6,00","","2,40","","96,84","","","","","","Averses de pluie,Brouillard"
"1988-09-19 23:00","1988","09","19","23:00"," ","16,40","","16,40","","100,00","","7,00","","4,00","","3,20","","96,77","","","","","","Averses de pluie,Brouillard"
"1988-09-20 00:00","1988","09","20","00:00"," ","16,90","","16,90","","100,00","","5,00","","9,00","","4,00","","96,74","","","","","","Averses de pluie,Brouillard"
"1988-09-20 01:00","1988","09","20","01:00"," ","16,50","","16,50","","100,00","","6,00","","17,00","","2,80","","96,74","","","","","","Averses de pluie,Bruine,Brouillard"
"1988-09-20 02:00","1988","09","20","02:00"," ","16,10","","16,10","","100,00","","5,00","","13,00","","3,20","","96,74","","","","","","Averses de pluie,Bruine,Brouillard"
"1988-09-20 03:00","1988","09","20","03:00"," ","16,40","","16,40","","100,00","","3,00","","4,00","","8,00","","96,74","","","","","","Bruine,Brouillard"
"1988-09-20 04:00","1988","09","20","04:00"," ","15,50","","14,50","","94,00","","35,00","","30,00","","12,90","","96,84","","","","","","Averses de pluie"
"1988-09-20 05:00","1988","09","20","05:00"," ","12,20","","11,30","","94,00","","33,00","","17,00","","12,90","","97,04","","","","","","Averses de pluie"
"1988-09-20 06:00","1988","09","20","06:00"," ","10,20","","9,10","","93,00","","31,00","","22,00","","12,90","","97,24","","","","","","Averses de pluie"
"1988-09-20 07:00","1988","09","20","07:00"," ","8,90","","7,90","","93,00","","34,00","","13,00","","24,10","","97,40","","","","","","Averses de pluie"
"1988-09-20 08:00","1988","09","20","08:00"," ","8,50","","7,30","","92,00","","33,00","","19,00","","24,10","","97,60","","","","","","Averses de pluie"
"1988-09-20 09:00","1988","09","20","09:00"," ","8,50","","6,80","","89,00","","33,00","","19,00","","24,10","","97,80","","","","","","Nuageux"
"1988-09-20 10:00","1988","09","20","10:00"," ","9,90","","8,20","","89,00","","33,00","","26,00","","24,10","","97,93","","","","","","Nuageux"
"1988-09-20 11:00","1988","09","20","11:00"," ","9,60","","7,00","","84,00","","34,00","","31,00","","24,10","","98,03","","","","","","Généralement nuageux"
"1988-09-20 12:00","1988","09","20","12:00"," ","10,10","","6,40","","78,00","","34,00","","26,00","","24,10","","98,20","","","","","","Généralement nuageux"
"1988-09-20 13:00","1988","09","20","13:00"," ","10,80","","6,70","","76,00","","34,00","","19,00","","24,10","","98,33","","","","","","Généralement nuageux"
"1988-09-20 14:00","1988","09","20","14:00"," ","11,70","","7,00","","73,00","","33,00","","28,00","","24,10","","98,50","","","","","","Généralement nuageux"
"1988-09-20 15:00","1988","09","20","15:00"," ","11,60","","6,60","","71,00","","35,00","","22,00","","24,10","","98,57","","","","","","Généralement nuageux"
"1988-09-20 16:00","1988","09","20","16:00"," ","11,40","","6,90","","74,00","","35,00","","19,00","","24,10","","98,70","","","","","","Généralement nuageux"
"1988-09-20 17:00","1988","09","20","17:00"," ","11,50","","6,70","","72,00","","33,00","","20,00","","24,10","","98,90","","","","","","Généralement nuageux"
"1988-09-20 18:00","1988","09","20","18:00"," ","10,60","","6,50","","76,00","","35,00","","17,00","","24,10","","99,06","","","","","","Généralement nuageux"
"1988-09-20 19:00","1988","09","20","19:00"," ","9,70","","7,10","","84,00","","34,00","","17,00","","24,10","","99,13","","","","","","Généralement nuageux"
"1988-09-20 20:00","1988","09","20","20:00"," ","9,30","","6,70","","84,00","","34,00","","11,00","","24,10","","99,23","","","","","","Généralement nuageux"
"1988-09-20 21:00","1988","09","20","21:00"," ","8,60","","6,20","","85,00","","33,00","","13,00","","24,10","","99,30","","","","","","Généralement nuageux"
"1988-09-20 22:00","1988","09","20","22:00"," ","7,60","","5,10","","84,00","","35,00","","11,00","","24,10","","99,36","","","","","","Généralement nuageux"
"1988-09-20 23:00","1988","09","20","23:00"," ","7,80","","5,40","","85,00","","34,00","","7,00","","24,10","","99,40","","","","","","Généralement nuageux"
"1988-09-21 00:00","1988","09","21","00:00"," ","7,70","","5,40","","85,00","","31,00","","7,00","","24,10","","99,46","","","","","","Nuageux"
"1988-09-21 01:00","1988","09","21","01:00"," ","7,50","","5,30","","86,00","","32,00","","7,00","","24,10","","99,50","","","","","","Nuageux"
"1988-09-21 02:00","1988","09","21","02:00"," ","7,30","","5,40","","88,00","","30,00","","7,00","","24,10","","99,56","","","","","","Nuageux"
"1988-09-21 03:00","1988","09","21","03:00"," ","7,20","","5,60","","89,00","","29,00","","6,00","","24,10","","99,60","","","","","","Nuageux"
"1988-09-21 04:00","1988","09","21","04:00"," ","7,10","","5,70","","91,00","","30,00","","7,00","","24,10","","99,63","","","","","","Nuageux"
"1988-09-21 05:00","1988","09","21","05:00"," ","7,10","","5,70","","91,00","","27,00","","6,00","","24,10","","99,60","","","","","","Nuageux"
"1988-09-21 06:00","1988","09","21","06:00"," ","7,20","","5,50","","89,00","","26,00","","6,00","","24,10","","99,66","","","","","","Nuageux"
"1988-09-21 07:00","1988","09","21","07:00"," ","7,10","","5,50","","89,00","","26,00","","7,00","","24,10","","99,76","","","","","","Nuageux"
"1988-09-21 08:00","1988","09","21","08:00"," ","7,40","","5,50","","88,00","","30,00","","6,00","","24,10","","99,76","","","","","","Généralement nuageux"
"1988-09-21 09:00","1988","09","21","09:00"," ","8,20","","4,40","","77,00","","32,00","","11,00","","24,10","","99,76","","","","","","Généralement nuageux"
"1988-09-21 10:00","1988","09","21","10:00"," ","8,70","","5,00","","77,00","","33,00","","7,00","","24,10","","99,76","","","","","","Généralement nuageux"
"1988-09-21 11:00","1988","09","21","11:00"," ","9,10","","4,70","","74,00","","30,00","","6,00","","24,10","","99,76","","","","","","Nuageux"
"1988-09-21 12:00","1988","09","21","12:00"," ","9,50","","4,60","","72,00","","28,00","","4,00","","24,10","","99,70","","","","","","Nuageux"
"1988-09-21 13:00","1988","09","21","13:00"," ","9,80","","5,10","","73,00","","0,00","","0,00","","24,10","","99,60","","","","","","Nuageux"
"1988-09-21 14:00","1988","09","21","14:00"," ","10,30","","6,00","","75,00","","22,00","","4,00","","24,10","","99,60","","","","","","Nuageux"
"1988-09-21 15:00","1988","09","21","15:00"," ","10,60","","5,70","","72,00","","22,00","","6,00","","24,10","","99,56","","","","","","Nuageux"
"1988-09-21 16:00","1988","09","21","16:00"," ","10,90","","6,30","","73,00","","0,00","","0,00","","24,10","","99,50","","","","","","Nuageux"
"1988-09-21 17:00","1988","09","21","17:00"," ","9,90","","7,20","","83,00","","11,00","","6,00","","24,10","","99,40","","","","","","Nuageux"
"1988-09-21 18:00","1988","09","21","18:00"," ","9,90","","7,40","","84,00","","17,00","","7,00","","24,10","","99,36","","","","","","Nuageux"
"1988-09-21 19:00","1988","09","21","19:00"," ","9,60","","7,30","","85,00","","17,00","","4,00","","24,10","","99,36","","","","","","Averses de pluie"
"1988-09-21 20:00","1988","09","21","20:00"," ","9,20","","7,70","","90,00","","0,00","","0,00","","24,10","","99,36","","","","","","Averses de pluie"
"1988-09-21 21:00","1988","09","21","21:00"," ","8,90","","8,20","","96,00","","17,00","","6,00","","19,30","","99,26","","","","","","Averses de pluie"
"1988-09-21 22:00","1988","09","21","22:00"," ","8,80","","8,10","","96,00","","33,00","","4,00","","19,30","","99,26","","","","","","Averses de pluie"
"1988-09-21 23:00","1988","09","21","23:00"," ","8,50","","8,50","","100,00","","36,00","","4,00","","19,30","","99,13","","","","","","Nuageux"
"1988-09-22 00:00","1988","09","22","00:00"," ","8,80","","8,70","","100,00","","11,00","","4,00","","24,10","","99,03","","","","","","Nuageux"
"1988-09-22 01:00","1988","09","22","01:00"," ","9,10","","8,50","","96,00","","11,00","","7,00","","24,10","","98,93","","","","","","Nuageux"
"1988-09-22 02:00","1988","09","22","02:00"," ","9,40","","8,90","","97,00","","10,00","","7,00","","24,10","","98,90","","","","","","Nuageux"
"1988-09-22 03:00","1988","09","22","03:00"," ","10,10","","9,80","","98,00","","10,00","","7,00","","24,10","","98,80","","","","","","Nuageux"
"1988-09-22 04:00","1988","09","22","04:00"," ","10,50","","10,30","","99,00","","10,00","","11,00","","24,10","","98,67","","","","","","Nuageux"
"1988-09-22 05:00","1988","09","22","05:00"," ","10,60","","10,40","","99,00","","9,00","","15,00","","19,30","","98,57","","","","","","Nuageux"
"1988-09-22 06:00","1988","09","22","06:00"," ","10,60","","10,60","","100,00","","9,00","","11,00","","6,40","","98,47","","","","","","Bruine,Brouillard"
"1988-09-22 07:00","1988","09","22","07:00"," ","11,00","","11,00","","100,00","","7,00","","6,00","","1,60","","98,40","","","","","","Bruine,Brouillard"
"1988-09-22 08:00","1988","09","22","08:00"," ","11,20","","11,20","","100,00","","8,00","","9,00","","1,60","","98,33","","","","","","Bruine,Brouillard"
"1988-09-22 09:00","1988","09","22","09:00"," ","11,50","","11,50","","100,00","","7,00","","9,00","","1,60","","98,23","","","","","","Bruine,Brouillard"
"1988-09-22 10:00","1988","09","22","10:00"," ","11,90","","11,90","","100,00","","7,00","","7,00","","2,40","","98,17","","","","","","Bruine,Brouillard"
"1988-09-22 11:00","1988","09","22","11:00"," ","12,20","","12,20","","100,00","","8,00","","4,00","","3,20","","98,10","","","","","","Bruine,Brouillard"
"1988-09-22 12:00","1988","09","22","12:00"," ","12,90","","12,90","","100,00","","0,00","","0,00","","6,40","","98,03","","","","","","Brouillard"
"1988-09-22 13:00","1988","09","22","13:00"," ","13,90","","13,20","","96,00","","0,00","","0,00","","9,70","","97,93","","","","","","Brouillard"
"1988-09-22 14:00","1988","09","22","14:00"," ","13,80","","12,90","","94,00","","0,00","","0,00","","12,90","","97,87","","","","","","Nuageux"
"1988-09-22 15:00","1988","09","22","15:00"," ","14,30","","13,50","","95,00","","28,00","","6,00","","19,30","","97,83","","","","","","Nuageux"
"1988-09-22 16:00","1988","09","22","16:00"," ","14,50","","13,20","","92,00","","28,00","","6,00","","19,30","","97,77","","","","","","Nuageux"
"1988-09-22 17:00","1988","09","22","17:00"," ","14,10","","13,80","","98,00","","27,00","","9,00","","19,30","","97,77","","","","","","Averses de pluie"
"1988-09-22 18:00","1988","09","22","18:00"," ","14,00","","13,40","","96,00","","26,00","","9,00","","24,10","","97,77","","","","","","Nuageux"
"1988-09-22 19:00","1988","09","22","19:00"," ","13,80","","12,20","","90,00","","23,00","","9,00","","24,10","","97,80","","","","","","Nuageux"
"1988-09-22 20:00","1988","09","22","20:00"," ","13,30","","11,70","","90,00","","23,00","","9,00","","24,10","","97,80","","","","","","Généralement nuageux"
"1988-09-22 21:00","1988","09","22","21:00"," ","11,50","","10,50","","94,00","","25,00","","11,00","","24,10","","97,83","","","","","","Généralement dégagé"
"1988-09-22 22:00","1988","09","22","22:00"," ","10,80","","9,80","","94,00","","26,00","","13,00","","24,10","","97,87","","","","","","Dégagé"
"1988-09-22 23:00","1988","09","22","23:00"," ","10,30","","9,00","","92,00","","25,00","","15,00","","24,10","","97,87","","","","","","Dégagé"
"1988-09-23 00:00","1988","09","23","00:00"," ","8,20","","7,60","","96,00","","25,00","","11,00","","24,10","","97,83","","","","","","Dégagé"
"1988-09-23 01:00","1988","09","23","01:00"," ","7,40","","7,10","","98,00","","26,00","","11,00","","24,10","","97,83","","","","","","Dégagé"
"1988-09-23 02:00","1988","09","23","02:00"," ","8,40","","7,10","","92,00","","26,00","","13,00","","24,10","","97,87","","","","","","Dégagé"
"1988-09-23 03:00","1988","09","23","03:00"," ","9,00","","6,80","","86,00","","24,00","","15,00","","24,10","","97,90","","","","","","Dégagé"
"1988-09-23 04:00","1988","09","23","04:00"," ","8,10","","6,40","","89,00","","27,00","","19,00","","24,10","","97,97","","","","","","Dégagé"
"1988-09-23 05:00","1988","09","23","05:00"," ","8,00","","5,90","","87,00","","26,00","","19,00","","24,10","","98,03","","","","","","Dégagé"
"1988-09-23 06:00","1988","09","23","06:00"," ","7,80","","5,80","","87,00","","25,00","","19,00","","24,10","","98,07","","","","","","Dégagé"
"1988-09-23 07:00","1988","09","23","07:00"," ","7,50","","5,70","","88,00","","25,00","","15,00","","24,10","","98,13","","","","","","Dégagé"
"1988-09-23 08:00","1988","09","23","08:00"," ","9,10","","6,30","","82,00","","25,00","","17,00","","24,10","","98,13","","","","","","Généralement dégagé"
"1988-09-23 09:00","1988","09","23","09:00"," ","11,10","","7,20","","77,00","","26,00","","22,00","","24,10","","98,20","","","","","","Généralement dégagé"
"1988-09-23 10:00","1988","09","23","10:00"," ","11,80","","6,60","","71,00","","29,00","","30,00","","24,10","","98,20","","","","","","Généralement dégagé"
"1988-09-23 11:00","1988","09","23","11:00"," ","13,80","","6,70","","62,00","","28,00","","41,00","","24,10","","98,27","","","","","","Généralement dégagé"
"1988-09-23 12:00","1988","09","23","12:00"," ","14,50","","5,60","","55,00","","29,00","","37,00","","24,10","","98,23","","","","","","Généralement dégagé"
"1988-09-23 13:00","1988","09","23","13:00"," ","15,70","","5,70","","51,00","","29,00","","48,00","","24,10","","98,30","","","","","","Généralement dégagé"
"1988-09-23 14:00","1988","09","23","14:00"," ","15,20","","4,70","","50,00","","29,00","","35,00","","24,10","","98,30","","","","","","Généralement dégagé"
"1988-09-23 15:00","1988","09","23","15:00"," ","16,10","","4,50","","46,00","","29,00","","30,00","","24,10","","98,37","","","","","","Généralement dégagé"
"1988-09-23 16:00","1988","09","23","16:00"," ","16,50","","4,20","","44,00","","29,00","","28,00","","24,10","","98,40","","","","","","Généralement dégagé"
"1988-09-23 17:00","1988","09","23","17:00"," ","16,00","","3,90","","44,00","","30,00","","26,00","","24,10","","98,47","","","","","","Généralement dégagé"
"1988-09-23 18:00","1988","09","23","18:00"," ","14,90","","4,50","","50,00","","28,00","","17,00","","24,10","","98,50","","","","","","Généralement dégagé"
"1988-09-23 19:00","1988","09","23","19:00"," ","11,80","","4,60","","61,00","","26,00","","11,00","","24,10","","98,60","","","","","","Dégagé"
"1988-09-23 20:00","1988","09","23","20:00"," ","10,90","","4,30","","64,00","","26,00","","6,00","","24,10","","98,70","","","","","","Dégagé"
"1988-09-23 21:00","1988","09","23","21:00"," ","7,00","","4,40","","83,00","","24,00","","7,00","","24,10","","98,80","","","","","","Dégagé"
"1988-09-23 22:00","1988","09","23","22:00"," ","6,00","","4,30","","89,00","","0,00","","0,00","","24,10","","98,86","","","","","","Dégagé"
"1988-09-23 23:00","1988","09","23","23:00"," ","5,80","","4,30","","90,00","","23,00","","4,00","","24,10","","98,90","","","","","","Dégagé"
"1988-09-24 00:00","1988","09","24","00:00"," ","7,00","","5,20","","88,00","","24,00","","7,00","","24,10","","98,93","","","","","","Dégagé"
"1988-09-24 01:00","1988","09","24","01:00"," ","3,10","","2,70","","97,00","","23,00","","7,00","","24,10","","98,96","","","","","","Dégagé"
"1988-09-24 02:00","1988","09","24","02:00"," ","4,20","","3,90","","98,00","","21,00","","7,00","","24,10","","99,00","","","","","","Dégagé"
"1988-09-24 03:00","1988","09","24","03:00"," ","1,90","","1,30","","96,00","","23,00","","4,00","","24,10","","99,06","","","","","","Dégagé"
"1988-09-24 04:00","1988","09","24","04:00"," ","1,00","","0,60","","97,00","","26,00","","7,00","","24,10","","99,10","","","","","","Dégagé"
"1988-09-24 05:00","1988","09","24","05:00"," ","2,20","","2,10","","99,00","","24,00","","11,00","","24,10","","99,13","","","","","","Dégagé"
"1988-09-24 06:00","1988","09","24","06:00"," ","0,20","","0,10","","99,00","","24,00","","4,00","","24,10","","99,16","","","","","","Généralement dégagé"
"1988-09-24 07:00","1988","09","24","07:00"," ","1,20","","1,00","","98,00","","26,00","","7,00","","24,10","","99,20","","","","","","Généralement nuageux"
"1988-09-24 08:00","1988","09","24","08:00"," ","3,40","","3,40","","100,00","","25,00","","7,00","","24,10","","99,20","","","","","","Généralement nuageux"
"1988-09-24 09:00","1988","09","24","09:00"," ","5,60","","5,20","","97,00","","25,00","","7,00","","24,10","","99,20","","","","","","Généralement nuageux"
"1988-09-24 10:00","1988","09","24","10:00"," ","8,20","","6,20","","87,00","","2,00","","6,00","","24,10","","99,13","","","","","","Généralement nuageux"
"1988-09-24 11:00","1988","09","24","11:00"," ","10,20","","7,50","","83,00","","1,00","","9,00","","24,10","","99,13","","","","","","Nuageux"
"1988-09-24 12:00","1988","09","24","12:00"," ","10,50","","8,70","","89,00","","7,00","","15,00","","24,10","","99,06","","","","","","Nuageux"
"1988-09-24 13:00","1988","09","24","13:00"," ","10,70","","8,60","","87,00","","7,00","","19,00","","24,10","","98,96","","","","","","Averses de pluie"
"1988-09-24 14:00","1988","09","24","14:00"," ","11,40","","9,70","","89,00","","10,00","","17,00","","24,10","","98,80","","","","","","Généralement nuageux"
"1988-09-24 15:00","1988","09","24","15:00"," ","14,00","","9,60","","75,00","","14,00","","13,00","","24,10","","98,70","","","","","","Généralement dégagé"
"1988-09-24 16:00","1988","09","24","16:00"," ","16,30","","7,90","","58,00","","18,00","","17,00","","24,10","","98,60","","","","","","Généralement dégagé"
"1988-09-24 17:00","1988","09","24","17:00"," ","17,10","","7,90","","55,00","","19,00","","19,00","","24,10","","98,50","","","","","","Généralement dégagé"
"1988-09-24 18:00","1988","09","24","18:00"," ","17,40","","7,90","","54,00","","21,00","","19,00","","24,10","","98,47","","","","","","Généralement nuageux"
"1988-09-24 19:00","1988","09","24","19:00"," ","17,20","","7,20","","52,00","","23,00","","19,00","","24,10","","98,47","","","","","","Généralement nuageux"
"1988-09-24 20:00","1988","09","24","20:00"," ","16,90","","6,90","","52,00","","21,00","","22,00","","24,10","","98,47","","","","","","Généralement dégagé"
"1988-09-24 21:00","1988","09","24","21:00"," ","17,30","","6,80","","50,00","","21,00","","22,00","","24,10","","98,40","","","","","","Généralement dégagé"
"1988-09-24 22:00","1988","09","24","22:00"," ","16,60","","7,30","","54,00","","24,00","","17,00","","24,10","","98,37","","","","","","Généralement dégagé"
"1988-09-24 23:00","1988","09","24","23:00"," ","16,00","","7,40","","57,00","","24,00","","19,00","","24,10","","98,43","","","","","","Généralement dégagé"
"1988-09-25 00:00","1988","09","25","00:00"," ","11,00","","8,10","","82,00","","31,00","","6,00","","24,10","","98,47","","","","","","Généralement dégagé"
"1988-09-25 01:00","1988","09","25","01:00"," ","9,00","","7,50","","90,00","","28,00","","7,00","","24,10","","98,50","","","","","","Généralement dégagé"
"1988-09-25 02:00","1988","09","25","02:00"," ","8,60","","7,40","","92,00","","27,00","","7,00","","24,10","","98,57","","","","","","Généralement dégagé"
"1988-09-25 03:00","1988","09","25","03:00"," ","8,10","","7,60","","97,00","","26,00","","11,00","","24,10","","98,63","","","","","","Généralement dégagé"
"1988-09-25 04:00","1988","09","25","04:00"," ","10,50","","8,80","","89,00","","28,00","","17,00","","24,10","","98,76","","","","","","Généralement dégagé"
"1988-09-25 05:00","1988","09","25","05:00"," ","9,60","","7,90","","89,00","","28,00","","15,00","","24,10","","98,90","","","","","","Généralement nuageux"
"1988-09-25 06:00","1988","09","25","06:00"," ","9,80","","7,40","","85,00","","30,00","","22,00","","24,10","","99,03","","","","","","Nuageux"
"1988-09-25 07:00","1988","09","25","07:00"," ","9,50","","6,20","","80,00","","30,00","","17,00","","24,10","","99,16","","","","","","Généralement nuageux"
"1988-09-25 08:00","1988","09","25","08:00"," ","9,20","","5,20","","76,00","","31,00","","15,00","","24,10","","99,30","","","","","","Nuageux"
"1988-09-25 09:00","1988","09","25","09:00"," ","9,30","","6,00","","80,00","","29,00","","15,00","","24,10","","99,36","","","","","","Généralement nuageux"
"1988-09-25 10:00","1988","09","25","10:00"," ","10,80","","5,60","","70,00","","30,00","","17,00","","24,10","","99,46","","","","","","Généralement nuageux"
"1988-09-25 11:00","1988","09","25","11:00"," ","11,70","","4,20","","60,00","","30,00","","22,00","","24,10","","99,46","","","","","","Généralement nuageux"
"1988-09-25 12:00","1988","09","25","12:00"," ","13,40","","4,50","","55,00","","31,00","","26,00","","24,10","","99,50","","","","","","Généralement dégagé"
"1988-09-25 13:00","1988","09","25","13:00"," ","14,20","","4,10","","51,00","","29,00","","28,00","","24,10","","99,50","","","","","","Généralement dégagé"
"1988-09-25 14:00","1988","09","25","14:00"," ","14,40","","2,80","","46,00","","31,00","","26,00","","24,10","","99,53","","","","","","Généralement dégagé"
"1988-09-25 15:00","1988","09","25","15:00"," ","15,00","","2,70","","44,00","","32,00","","26,00","","24,10","","99,53","","","","","","Généralement dégagé"
"1988-09-25 16:00","1988","09","25","16:00"," ","15,30","","2,40","","42,00","","28,00","","20,00","","24,10","","99,53","","","","","","Généralement dégagé"
"1988-09-25 17:00","1988","09","25","17:00"," ","14,70","","1,80","","42,00","","32,00","","9,00","","24,10","","99,60","","","","","","Généralement dégagé"
"1988-09-25 18:00","1988","09","25","18:00"," ","13,40","","2,80","","49,00","","32,00","","7,00","","24,10","","99,63","","","","","","Généralement dégagé"
"1988-09-25 19:00","1988","09","25","19:00"," ","10,00","","4,30","","68,00","","0,00","","0,00","","24,10","","99,70","","","","","","Généralement dégagé"
"1988-09-25 20:00","1988","09","25","20:00"," ","7,60","","4,30","","79,00","","0,00","","0,00","","24,10","","99,70","","","","","","Généralement dégagé"
"1988-09-25 21:00","1988","09","25","21:00"," ","5,10","","3,50","","89,00","","0,00","","0,00","","24,10","","99,80","","","","","","Généralement dégagé"
"1988-09-25 22:00","1988","09","25","22:00"," ","4,10","","2,60","","90,00","","0,00","","0,00","","24,10","","99,76","","","","","","Généralement nuageux"
"1988-09-25 23:00","1988","09","25","23:00"," ","3,70","","2,50","","92,00","","0,00","","0,00","","24,10","","99,76","","","","","","Généralement nuageux"
"1988-09-26 00:00","1988","09","26","00:00"," ","2,90","","2,20","","95,00","","24,00","","4,00","","24,10","","99,80","","","","","","Généralement nuageux"
"1988-09-26 01:00","1988","09","26","01:00"," ","2,60","","1,90","","95,00","","24,00","","7,00","","24,10","","99,80","","","","","","Généralement dégagé"
"1988-09-26 02:00","1988","09","26","02:00"," ","2,40","","2,20","","99,00","","0,00","","0,00","","24,10","","99,83","","","","","","Généralement nuageux"
"1988-09-26 03:00","1988","09","26","03:00"," ","2,80","","2,70","","100,00","","0,00","","0,00","","24,10","","99,89","","","","","","Généralement nuageux"
"1988-09-26 04:00","1988","09","26","04:00"," ","4,60","","4,00","","96,00","","21,00","","4,00","","19,30","","99,86","","","","","","Nuageux"
"1988-09-26 05:00","1988","09","26","05:00"," ","4,60","","4,30","","98,00","","0,00","","0,00","","19,30","","99,86","","","","","","Nuageux"
"1988-09-26 06:00","1988","09","26","06:00"," ","8,60","","6,70","","88,00","","7,00","","19,00","","19,30","","99,76","","","","","","Averses de pluie"
"1988-09-26 07:00","1988","09","26","07:00"," ","8,00","","7,10","","94,00","","9,00","","11,00","","19,30","","99,76","","","","","","Averses de pluie"
"1988-09-26 08:00","1988","09","26","08:00"," ","8,40","","7,90","","97,00","","6,00","","17,00","","12,90","","99,70","","","","","","Averses de pluie"
"1988-09-26 09:00","1988","09","26","09:00"," ","9,60","","9,40","","99,00","","17,00","","11,00","","9,70","","99,70","","","","","","Pluie,Brouillard"
"1988-09-26 10:00","1988","09","26","10:00"," ","9,00","","8,70","","98,00","","14,00","","24,00","","9,70","","99,63","","","","","","Bruine,Brouillard"
"1988-09-26 11:00","1988","09","26","11:00"," ","9,30","","8,60","","96,00","","12,00","","15,00","","12,90","","99,56","","","","","","Bruine"
"1988-09-26 12:00","1988","09","26","12:00"," ","9,40","","9,20","","99,00","","11,00","","19,00","","1,60","","99,50","","","","","","Bruine,Brouillard"
"1988-09-26 13:00","1988","09","26","13:00"," ","9,40","","9,30","","99,00","","10,00","","22,00","","1,60","","99,40","","","","","","Bruine,Brouillard"
"1988-09-26 14:00","1988","09","26","14:00"," ","9,30","","9,30","","100,00","","11,00","","22,00","","3,20","","99,33","","","","","","Bruine,Brouillard"
"1988-09-26 15:00","1988","09","26","15:00"," ","9,60","","9,50","","99,00","","11,00","","33,00","","3,20","","99,06","","","","","","Bruine,Brouillard"
"1988-09-26 16:00","1988","09","26","16:00"," ","9,90","","9,80","","99,00","","9,00","","19,00","","12,90","","99,06","","","","","","Averses de pluie"
"1988-09-26 17:00","1988","09","26","17:00"," ","10,30","","10,10","","99,00","","9,00","","20,00","","12,90","","99,00","","","","","","Averses de pluie"
"1988-09-26 18:00","1988","09","26","18:00"," ","10,50","","10,20","","98,00","","10,00","","22,00","","12,90","","98,96","","","","","","Nuageux"
"1988-09-26 19:00","1988","09","26","19:00"," ","10,20","","9,90","","98,00","","9,00","","15,00","","12,90","","98,93","","","","","","Averses de pluie"
"1988-09-26 20:00","1988","09","26","20:00"," ","10,10","","10,10","","100,00","","8,00","","15,00","","8,00","","98,90","","","","","","Bruine,Brouillard"
"1988-09-26 21:00","1988","09","26","21:00"," ","9,90","","9,90","","100,00","","5,00","","7,00","","4,00","","98,86","","","","","","Bruine,Brouillard"
"1988-09-26 22:00","1988","09","26","22:00"," ","10,00","","10,00","","100,00","","4,00","","6,00","","3,20","","98,86","","","","","","Brouillard"
"1988-09-26 23:00","1988","09","26","23:00"," ","10,10","","10,10","","100,00","","0,00","","0,00","","4,00","","98,86","","","","","","Brouillard"
"1988-09-27 00:00","1988","09","27","00:00"," ","9,90","","9,90","","100,00","","1,00","","4,00","","3,20","","98,83","","","","","","Brouillard"
"1988-09-27 01:00","1988","09","27","01:00"," ","9,90","","9,90","","100,00","","0,00","","0,00","","1,20","","98,90","","","","","","Brouillard"
"1988-09-27 02:00","1988","09","27","02:00"," ","9,40","","9,40","","100,00","","25,00","","9,00","","2,40","","98,90","","","","","","Brouillard"
"1988-09-27 03:00","1988","09","27","03:00"," ","8,00","","8,00","","100,00","","27,00","","7,00","","4,00","","98,90","","","","","","Brouillard"
"1988-09-27 04:00","1988","09","27","04:00"," ","8,40","","8,40","","100,00","","28,00","","13,00","","9,70","","98,93","","","","","","Brouillard"
"1988-09-27 05:00","1988","09","27","05:00"," ","8,00","","8,00","","100,00","","30,00","","7,00","","12,90","","98,96","","","","","","Généralement nuageux"
"1988-09-27 06:00","1988","09","27","06:00"," ","9,50","","9,20","","98,00","","31,00","","7,00","","16,10","","99,06","","","","","","Généralement nuageux"
"1988-09-27 07:00","1988","09","27","07:00"," ","9,10","","8,10","","93,00","","35,00","","9,00","","24,10","","99,23","","","","","","Nuageux"
"1988-09-27 08:00","1988","09","27","08:00"," ","8,20","","7,30","","94,00","","1,00","","7,00","","24,10","","99,36","","","","","","Nuageux"
"1988-09-27 09:00","1988","09","27","09:00"," ","8,30","","7,40","","94,00","","36,00","","11,00","","24,10","","99,50","","","","","","Nuageux"
"1988-09-27 10:00","1988","09","27","10:00"," ","8,40","","6,40","","87,00","","35,00","","13,00","","24,10","","99,60","","","","","","Nuageux"
"1988-09-27 11:00","1988","09","27","11:00"," ","8,70","","5,80","","82,00","","36,00","","17,00","","24,10","","99,73","","","","","","Nuageux"
"1988-09-27 12:00","1988","09","27","12:00"," ","8,90","","4,70","","75,00","","4,00","","13,00","","24,10","","99,80","","","","","","Généralement nuageux"
"1988-09-27 13:00","1988","09","27","13:00"," ","10,00","","4,90","","71,00","","2,00","","17,00","","24,10","","99,86","","","","","","Généralement nuageux"
"1988-09-27 14:00","1988","09","27","14:00"," ","9,80","","4,30","","69,00","","3,00","","19,00","","24,10","","99,89","","","","","","Généralement nuageux"
"1988-09-27 15:00","1988","09","27","15:00"," ","10,10","","4,20","","67,00","","2,00","","15,00","","24,10","","99,96","","","","","","Généralement nuageux"
"1988-09-27 16:00","1988","09","27","16:00"," ","9,20","","4,10","","70,00","","2,00","","17,00","","24,10","","100,03","","","","","","Généralement nuageux"
"1988-09-27 17:00","1988","09","27","17:00"," ","8,70","","3,20","","68,00","","3,00","","15,00","","24,10","","100,16","","","","","","Généralement nuageux"
"1988-09-27 18:00","1988","09","27","18:00"," ","8,80","","3,80","","71,00","","1,00","","11,00","","24,10","","100,19","","","","","","Généralement nuageux"
"1988-09-27 19:00","1988","09","27","19:00"," ","7,70","","4,40","","79,00","","3,00","","9,00","","24,10","","100,29","","","","","","Généralement nuageux"
"1988-09-27 20:00","1988","09","27","20:00"," ","5,10","","3,30","","88,00","","2,00","","9,00","","24,10","","100,36","","","","","","Généralement nuageux"
"1988-09-27 21:00","1988","09","27","21:00"," ","3,30","","2,40","","94,00","","0,00","","0,00","","24,10","","100,43","","","","","","Généralement dégagé"
"1988-09-27 22:00","1988","09","27","22:00"," ","2,60","","1,90","","95,00","","0,00","","0,00","","24,10","","100,46","","","","","","Dégagé"
"1988-09-27 23:00","1988","09","27","23:00"," ","0,20","","0,20","","100,00","","0,00","","0,00","","24,10","","100,49","","","","","","Généralement dégagé"
"1988-09-28 00:00","1988","09","28","00:00"," ","0,20","","-0,30","","96,00","","0,00","","0,00","","24,10","","100,49","","","","","","Généralement dégagé"
"1988-09-28 01:00","1988","09","28","01:00"," ","-0,70","","-1,20","","96,00","","0,00","","0,00","","24,10","","100,56","","","","","","Dégagé"
"1988-09-28 02:00","1988","09","28","02:00"," ","-1,40","","-2,00","","96,00","","0,00","","0,00","","24,10","","100,53","","","","","","Généralement dégagé"
"1988-09-28 03:00","1988","09","28","03:00"," ","0,60","","-0,20","","94,00","","23,00","","6,00","","24,10","","100,63","","","","","","Généralement nuageux"
"1988-09-28 04:00","1988","09","28","04:00"," ","1,30","","1,30","","100,00","","0,00","","0,00","","24,10","","100,63","","","","","","Généralement dégagé"
"1988-09-28 05:00","1988","09","28","05:00"," ","3,30","","3,00","","98,00","","0,00","","0,00","","24,10","","100,63","","","","","","Généralement nuageux"
"1988-09-28 06:00","1988","09","28","06:00"," ","3,80","","3,50","","98,00","","0,00","","0,00","","24,10","","100,66","","","","","","Généralement nuageux"
"1988-09-28 07:00","1988","09","28","07:00"," ","6,30","","5,30","","93,00","","36,00","","4,00","","24,10","","100,66","","","","","","Généralement nuageux"
"1988-09-28 08:00","1988","09","28","08:00"," ","7,60","","2,20","","69,00","","10,00","","20,00","","24,10","","100,69","","","","","","Généralement nuageux"
"1988-09-28 09:00","1988","09","28","09:00"," ","7,80","","3,40","","74,00","","11,00","","20,00","","24,10","","100,73","","","","","","Généralement nuageux"
"1988-09-28 10:00","1988","09","28","10:00"," ","8,10","","3,30","","72,00","","11,00","","24,00","","24,10","","100,76","","","","","","Généralement nuageux"
"1988-09-28 11:00","1988","09","28","11:00"," ","8,20","","3,40","","72,00","","11,00","","30,00","","24,10","","100,76","","","","","","Généralement nuageux"
"1988-09-28 12:00","1988","09","28","12:00"," ","8,80","","3,20","","68,00","","11,00","","31,00","","24,10","","100,76","","","","","","Généralement nuageux"
"1988-09-28 13:00","1988","09","28","13:00"," ","8,50","","2,90","","68,00","","10,00","","28,00","","24,10","","100,76","","","","","","Généralement nuageux"
"1988-09-28 14:00","1988","09","28","14:00"," ","8,60","","3,70","","71,00","","11,00","","24,00","","24,10","","100,66","","","","","","Nuageux"
"1988-09-28 15:00","1988","09","28","15:00"," ","8,60","","3,30","","69,00","","12,00","","26,00","","24,10","","100,63","","","","","","Nuageux"
"1988-09-28 16:00","1988","09","28","16:00"," ","8,40","","3,90","","73,00","","10,00","","22,00","","24,10","","100,56","","","","","","Nuageux"
"1988-09-28 17:00","1988","09","28","17:00"," ","8,00","","4,00","","76,00","","10,00","","24,00","","24,10","","100,53","","","","","","Nuageux"
"1988-09-28 18:00","1988","09","28","18:00"," ","7,80","","3,70","","75,00","","11,00","","20,00","","24,10","","100,53","","","","","","Nuageux"
"1988-09-28 19:00","1988","09","28","19:00"," ","8,00","","4,30","","77,00","","10,00","","22,00","","24,10","","100,49","","","","","","Nuageux"
"1988-09-28 20:00","1988","09","28","20:00"," ","8,20","","4,10","","75,00","","11,00","","20,00","","24,10","","100,43","","","","","","Nuageux"
"1988-09-28 21:00","1988","09","28","21:00"," ","8,50","","4,50","","76,00","","11,00","","19,00","","24,10","","100,39","","","","","","Nuageux"
"1988-09-28 22:00","1988","09","28","22:00"," ","8,50","","4,80","","77,00","","11,00","","15,00","","24,10","","100,36","","","","","","Nuageux"
"1988-09-28 23:00","1988","09","28","23:00"," ","8,90","","5,20","","78,00","","7,00","","11,00","","24,10","","100,33","","","","","","Nuageux"
"1988-09-29 00:00","1988","09","29","00:00"," ","8,80","","5,90","","82,00","","8,00","","7,00","","24,10","","100,26","","","","","","Nuageux"
"1988-09-29 01:00","1988","09","29","01:00"," ","9,60","","6,60","","82,00","","10,00","","7,00","","24,10","","100,23","","","","","","Nuageux"
"1988-09-29 02:00","1988","09","29","02:00"," ","9,50","","6,00","","79,00","","14,00","","11,00","","24,10","","100,16","","","","","","Pluie"
"1988-09-29 03:00","1988","09","29","03:00"," ","8,60","","6,80","","88,00","","14,00","","9,00","","24,10","","100,16","","","","","","Pluie"
"1988-09-29 04:00","1988","09","29","04:00"," ","8,20","","7,70","","97,00","","8,00","","9,00","","16,10","","100,13","","","","","","Pluie"
"1988-09-29 05:00","1988","09","29","05:00"," ","8,30","","8,20","","100,00","","11,00","","11,00","","12,90","","100,06","","","","","","Pluie"
"1988-09-29 06:00","1988","09","29","06:00"," ","8,60","","8,60","","100,00","","9,00","","7,00","","12,90","","100,06","","","","","","Pluie"
"1988-09-29 07:00","1988","09","29","07:00"," ","9,00","","8,80","","99,00","","10,00","","9,00","","12,90","","100,06","","","","","","Pluie"
"1988-09-29 08:00","1988","09","29","08:00"," ","9,30","","8,90","","97,00","","11,00","","9,00","","12,90","","100,03","","","","","","Pluie"
"1988-09-29 09:00","1988","09","29","09:00"," ","9,40","","9,10","","98,00","","10,00","","4,00","","16,10","","100,06","","","","","","Pluie"
"1988-09-29 10:00","1988","09","29","10:00"," ","9,60","","9,30","","98,00","","15,00","","6,00","","16,10","","99,96","","","","","","Pluie"
"1988-09-29 11:00","1988","09","29","11:00"," ","10,30","","9,30","","94,00","","17,00","","9,00","","16,10","","99,93","","","","","","Pluie"
"1988-09-29 12:00","1988","09","29","12:00"," ","10,30","","9,30","","94,00","","25,00","","6,00","","16,10","","99,89","","","","","","Nuageux"
"1988-09-29 13:00","1988","09","29","13:00"," ","10,80","","9,80","","94,00","","22,00","","4,00","","16,10","","99,83","","","","","","Nuageux"
"1988-09-29 14:00","1988","09","29","14:00"," ","11,10","","9,80","","91,00","","25,00","","6,00","","19,30","","99,76","","","","","","Nuageux"
"1988-09-29 15:00","1988","09","29","15:00"," ","11,30","","10,00","","92,00","","22,00","","7,00","","19,30","","99,70","","","","","","Nuageux"
"1988-09-29 16:00","1988","09","29","16:00"," ","11,90","","10,10","","89,00","","29,00","","7,00","","19,30","","99,66","","","","","","Nuageux"
"1988-09-29 17:00","1988","09","29","17:00"," ","12,10","","10,20","","88,00","","0,00","","0,00","","24,10","","99,66","","","","","","Nuageux"
"1988-09-29 18:00","1988","09","29","18:00"," ","12,10","","10,40","","89,00","","0,00","","0,00","","24,10","","99,60","","","","","","Nuageux"
"1988-09-29 19:00","1988","09","29","19:00"," ","11,80","","10,60","","93,00","","0,00","","0,00","","24,10","","99,60","","","","","","Nuageux"
"1988-09-29 20:00","1988","09","29","20:00"," ","11,60","","10,70","","94,00","","19,00","","4,00","","24,10","","99,60","","","","","","Nuageux"
"1988-09-29 21:00","1988","09","29","21:00"," ","11,70","","10,80","","94,00","","20,00","","6,00","","24,10","","99,60","","","","","","Nuageux"
"1988-09-29 22:00","1988","09","29","22:00"," ","11,00","","10,70","","98,00","","30,00","","4,00","","24,10","","99,60","","","","","","Nuageux"
"1988-09-29 23:00","1988","09","29","23:00"," ","11,20","","10,90","","98,00","","30,00","","4,00","","24,10","","99,56","","","","","","Nuageux"
"1988-09-30 00:00","1988","09","30","00:00"," ","11,10","","10,80","","98,00","","26,00","","6,00","","24,10","","99,46","","","","","","Nuageux"
"1988-09-30 01:00","1988","09","30","01:00"," ","10,90","","10,80","","99,00","","28,00","","6,00","","16,10","","99,40","","","","","","Nuageux"
"1988-09-30 02:00","1988","09","30","02:00"," ","11,30","","10,80","","97,00","","25,00","","4,00","","16,10","","99,36","","","","","","Nuageux"
"1988-09-30 03:00","1988","09","30","03:00"," ","11,80","","10,70","","93,00","","26,00","","13,00","","24,10","","99,33","","","","","","Nuageux"
"1988-09-30 04:00","1988","09","30","04:00"," ","12,30","","10,60","","90,00","","25,00","","13,00","","24,10","","99,20","","","","","","Nuageux"
"1988-09-30 05:00","1988","09","30","05:00"," ","12,30","","10,70","","90,00","","25,00","","13,00","","24,10","","99,16","","","","","","Nuageux"
"1988-09-30 06:00","1988","09","30","06:00"," ","12,00","","10,80","","92,00","","25,00","","6,00","","24,10","","99,20","","","","","","Nuageux"
"1988-09-30 07:00","1988","09","30","07:00"," ","12,20","","10,90","","92,00","","20,00","","6,00","","16,10","","99,16","","","","","","Nuageux"
"1988-09-30 08:00","1988","09","30","08:00"," ","12,70","","11,20","","91,00","","22,00","","4,00","","16,10","","99,16","","","","","","Nuageux"
"1988-09-30 09:00","1988","09","30","09:00"," ","13,80","","11,70","","87,00","","25,00","","6,00","","19,30","","99,16","","","","","","Nuageux"
"1988-09-30 10:00","1988","09","30","10:00"," ","14,80","","11,90","","83,00","","25,00","","15,00","","24,10","","99,10","","","","","","Généralement nuageux"
"1988-09-30 11:00","1988","09","30","11:00"," ","16,20","","11,30","","73,00","","25,00","","20,00","","24,10","","99,03","","","","","","Généralement nuageux"
"1988-09-30 12:00","1988","09","30","12:00"," ","17,40","","11,50","","68,00","","24,00","","19,00","","24,10","","98,96","","","","","","Généralement dégagé"
"1988-09-30 13:00","1988","09","30","13:00"," ","18,80","","11,50","","63,00","","26,00","","24,00","","24,10","","98,86","","","","","","Généralement dégagé"
"1988-09-30 14:00","1988","09","30","14:00"," ","21,10","","11,40","","54,00","","25,00","","24,00","","24,10","","98,76","","","","","","Généralement dégagé"
"1988-09-30 15:00","1988","09","30","15:00"," ","22,10","","10,90","","49,00","","25,00","","22,00","","24,10","","98,67","","","","","","Généralement dégagé"
"1988-09-30 16:00","1988","09","30","16:00"," ","22,80","","11,10","","48,00","","25,00","","26,00","","24,10","","98,57","","25,00","","","","Généralement dégagé"
"1988-09-30 17:00","1988","09","30","17:00"," ","22,00","","11,90","","53,00","","25,00","","24,00","","24,10","","98,53","","","","","","Généralement dégagé"
"1988-09-30 18:00","1988","09","30","18:00"," ","20,00","","14,50","","71,00","","22,00","","7,00","","24,10","","98,53","","","","","","Généralement dégagé"
"1988-09-30 19:00","1988","09","30","19:00"," ","18,70","","13,90","","74,00","","24,00","","15,00","","24,10","","98,53","","","","","","Généralement dégagé"
"1988-09-30 20:00","1988","09","30","20:00"," ","17,10","","13,10","","77,00","","25,00","","24,00","","24,10","","98,60","","","","","","Généralement dégagé"
"1988-09-30 21:00","1988","09","30","21:00"," ","15,40","","12,80","","84,00","","26,00","","9,00","","24,10","","98,57","","","","","","Généralement dégagé"
"1988-09-30 22:00","1988","09","30","22:00"," ","14,40","","12,40","","88,00","","25,00","","7,00","","24,10","","98,57","","","","","","Généralement dégagé"
"1988-09-30 23:00","1988","09","30","23:00"," ","12,80","","12,30","","97,00","","0,00","","0,00","","24,10","","98,53","","","","","","Généralement dégagé"
