"Nom de la Station","PORT HARDY A"
"Province","BRITISH COLUMBIA"
"Latitude","50,68"
"Longitude","-127,37"
"Altitude","21,60"
"Identification Climat","1026270"
"Identification OMM","71109"
"Identification TC","YZT"
"Toutes les heures sont exprimées en heure normale locale (HNL). Pour convertir l'heure locale en heure avancée de l'Est (HAE), ajoutez 1 heure s'il y a lieu."

"Légende"
"M","Données Manquantes"
"E","Valeur Estimée"
"ND","Non Disponible"
"**","Données fournies par un partenaire, non assujetties à un révision par les Archives climatiques nationales du Canada"

"Date/Heure","Année","Mois","Jour","Heure","Qualité des Données","Temp (°C)","Temp Indicateur","Point de rosée (°C)","Point de rosée Indicateur","Hum. rel (%)","Hum. rel. Indicateur","Dir. du vent (10s deg)","Dir. du vent Indicateur","Vit. du vent (km/h)","Vit. du vent Indicateur","Visibilité (km)","Visibilité Indicateur","Pression à la station (kPa)","Pression à la station Indicateur","Hmdx","Hmdx Indicateur","Refroid. éolien","Refroid. éolien Indicateur","Temps"
"2009-10-01 00:00","2009","10","01","00:00"," ","8,80","","7,60","","92,00","","11,00","","15,00","","24,10","","101,82","","","","","","Averses de pluie"
"2009-10-01 01:00","2009","10","01","01:00"," ","8,80","","7,80","","93,00","","0,00","","0,00","","19,30","","101,89","","","","","","Averses de pluie"
"2009-10-01 02:00","2009","10","01","02:00"," ","8,70","","8,10","","96,00","","30,00","","6,00","","19,30","","101,93","","","","","","Averses de pluie modérées"
"2009-10-01 03:00","2009","10","01","03:00"," ","8,70","","8,10","","96,00","","0,00","","0,00","","19,30","","101,91","","","","","","Averses de pluie"
"2009-10-01 04:00","2009","10","01","04:00"," ","8,50","","8,00","","97,00","","0,00","","0,00","","19,30","","101,92","","","","","","Nuageux"
"2009-10-01 05:00","2009","10","01","05:00"," ","8,20","","7,80","","97,00","","20,00","","6,00","","19,30","","101,93","","","","","","Nuageux"
"2009-10-01 06:00","2009","10","01","06:00"," ","7,70","","7,40","","98,00","","0,00","","0,00","","24,10","","101,92","","","","","","Généralement nuageux"
"2009-10-01 07:00","2009","10","01","07:00"," ","7,50","","7,10","","97,00","","18,00","","7,00","","24,10","","101,93","","","","","","Généralement nuageux"
"2009-10-01 08:00","2009","10","01","08:00"," ","8,20","","7,90","","98,00","","21,00","","6,00","","32,20","","101,97","","","","","","Généralement nuageux"
"2009-10-01 09:00","2009","10","01","09:00"," ","9,10","","8,60","","97,00","","15,00","","6,00","","24,10","","101,99","","","","","","Averses de pluie"
"2009-10-01 10:00","2009","10","01","10:00"," ","9,90","","9,00","","94,00","","5,00","","6,00","","32,20","","102,02","","","","","","Averses de pluie"
"2009-10-01 11:00","2009","10","01","11:00"," ","11,30","","9,00","","86,00","","18,00","","7,00","","32,20","","101,99","","","","","","Averses de pluie"
"2009-10-01 12:00","2009","10","01","12:00"," ","11,70","","8,60","","81,00","","26,00","","9,00","","24,10","","102,01","","","","","","Averses de pluie"
"2009-10-01 13:00","2009","10","01","13:00"," ","12,30","","8,00","","75,00","","21,00","","9,00","","32,20","","101,98","","","","","","Averses de pluie"
"2009-10-01 14:00","2009","10","01","14:00"," ","12,30","","6,90","","70,00","","23,00","","9,00","","32,20","","101,93","","","","","","Généralement nuageux"
"2009-10-01 15:00","2009","10","01","15:00"," ","11,00","","6,90","","76,00","","32,00","","15,00","","32,20","","101,95","","","","","","Averses de pluie"
"2009-10-01 16:00","2009","10","01","16:00"," ","10,60","","8,70","","88,00","","0,00","","0,00","","32,20","","101,93","","","","","","Généralement nuageux"
"2009-10-01 17:00","2009","10","01","17:00"," ","9,20","","8,00","","92,00","","2,00","","6,00","","32,20","","101,92","","","","","","Averses de pluie"
"2009-10-01 18:00","2009","10","01","18:00"," ","9,70","","8,60","","93,00","","0,00","","0,00","","32,20","","101,91","","","","","","Averses de pluie"
"2009-10-01 19:00","2009","10","01","19:00"," ","8,40","","7,90","","97,00","","0,00","","0,00","","24,10","","101,94","","","","","","Généralement dégagé"
"2009-10-01 20:00","2009","10","01","20:00"," ","7,50","","6,80","","95,00","","0,00","","0,00","","24,10","","101,97","","","","","","Généralement nuageux"
"2009-10-01 21:00","2009","10","01","21:00"," ","7,70","","7,10","","96,00","","0,00","","0,00","","24,10","","101,97","","","","","","Généralement nuageux"
"2009-10-01 22:00","2009","10","01","22:00"," ","7,60","","6,80","","95,00","","24,00","","6,00","","24,10","","101,96","","","","","","Généralement dégagé"
"2009-10-01 23:00","2009","10","01","23:00"," ","6,90","","5,90","","93,00","","23,00","","11,00","","24,10","","101,96","","","","","","Averses de pluie"
"2009-10-02 00:00","2009","10","02","00:00"," ","7,20","","6,00","","92,00","","25,00","","9,00","","24,10","","101,97","","","","","","Généralement nuageux"
"2009-10-02 01:00","2009","10","02","01:00"," ","6,40","","5,50","","94,00","","20,00","","6,00","","24,10","","101,97","","","","","","Généralement dégagé"
"2009-10-02 02:00","2009","10","02","02:00"," ","5,50","","4,70","","95,00","","19,00","","6,00","","24,10","","101,96","","","","","","Généralement dégagé"
"2009-10-02 03:00","2009","10","02","03:00"," ","4,50","","3,90","","96,00","","26,00","","6,00","","24,10","","101,94","","","","","","Généralement dégagé"
"2009-10-02 04:00","2009","10","02","04:00"," ","4,10","","3,60","","97,00","","25,00","","6,00","","24,10","","101,94","","","","","","Généralement dégagé"
"2009-10-02 05:00","2009","10","02","05:00"," ","4,40","","4,20","","99,00","","25,00","","7,00","","24,10","","101,93","","","","","","Généralement dégagé"
"2009-10-02 06:00","2009","10","02","06:00"," ","3,60","","3,00","","96,00","","25,00","","6,00","","24,10","","101,94","","","","","","Généralement dégagé"
"2009-10-02 07:00","2009","10","02","07:00"," ","3,30","","2,90","","97,00","","0,00","","0,00","","32,20","","101,95","","","","","","Dégagé"
"2009-10-02 08:00","2009","10","02","08:00"," ","6,90","","6,00","","94,00","","0,00","","0,00","","24,10","","101,97","","","","","","Généralement dégagé"
"2009-10-02 09:00","2009","10","02","09:00"," ","8,30","","7,40","","94,00","","0,00","","0,00","","24,10","","101,97","","","","","","Généralement dégagé"
"2009-10-02 10:00","2009","10","02","10:00"," ","8,00","","7,40","","96,00","","0,00","","0,00","","19,30","","101,96","","","","","","Généralement dégagé"
"2009-10-02 11:00","2009","10","02","11:00"," ","8,80","","7,60","","92,00","","0,00","","0,00","","19,30","","101,95","","","","","","Généralement dégagé"
"2009-10-02 12:00","2009","10","02","12:00"," ","11,60","","7,90","","78,00","","29,00","","15,00","","24,10","","101,92","","","","","","Généralement dégagé"
"2009-10-02 13:00","2009","10","02","13:00"," ","12,40","","7,50","","72,00","","32,00","","15,00","","32,20","","101,90","","","","","","Généralement dégagé"
"2009-10-02 14:00","2009","10","02","14:00"," ","12,40","","6,70","","68,00","","31,00","","13,00","","32,20","","101,87","","","","","","Généralement dégagé"
"2009-10-02 15:00","2009","10","02","15:00"," ","12,10","","6,30","","68,00","","33,00","","19,00","","32,20","","101,88","","","","","","Généralement dégagé"
"2009-10-02 16:00","2009","10","02","16:00"," ","11,60","","6,60","","71,00","","30,00","","15,00","","32,20","","101,85","","","","","","Généralement dégagé"
"2009-10-02 17:00","2009","10","02","17:00"," ","11,00","","5,40","","68,00","","30,00","","17,00","","32,20","","101,84","","","","","","Généralement dégagé"
"2009-10-02 18:00","2009","10","02","18:00"," ","10,00","","5,80","","75,00","","27,00","","11,00","","32,20","","101,82","","","","","","Généralement dégagé"
"2009-10-02 19:00","2009","10","02","19:00"," ","9,30","","5,90","","79,00","","28,00","","7,00","","24,10","","101,85","","","","","","Généralement dégagé"
"2009-10-02 20:00","2009","10","02","20:00"," ","8,40","","5,00","","79,00","","26,00","","9,00","","24,10","","101,86","","","","","","Généralement dégagé"
"2009-10-02 21:00","2009","10","02","21:00"," ","8,20","","6,10","","87,00","","25,00","","7,00","","24,10","","101,83","","","","","","Généralement dégagé"
"2009-10-02 22:00","2009","10","02","22:00"," ","8,20","","6,30","","88,00","","27,00","","9,00","","24,10","","101,82","","","","","","Généralement dégagé"
"2009-10-02 23:00","2009","10","02","23:00"," ","8,40","","6,10","","85,00","","26,00","","9,00","","24,10","","101,81","","","","","","Généralement dégagé"
"2009-10-03 00:00","2009","10","03","00:00"," ","8,00","","5,90","","87,00","","28,00","","9,00","","24,10","","101,80","","","","","","Généralement dégagé"
"2009-10-03 01:00","2009","10","03","01:00"," ","7,70","","5,80","","88,00","","26,00","","11,00","","24,10","","101,78","","","","","","Généralement dégagé"
"2009-10-03 02:00","2009","10","03","02:00"," ","7,30","","5,70","","90,00","","24,00","","6,00","","24,10","","101,77","","","","","","Généralement dégagé"
"2009-10-03 03:00","2009","10","03","03:00"," ","6,60","","5,60","","93,00","","24,00","","7,00","","24,10","","101,76","","","","","","Généralement dégagé"
"2009-10-03 04:00","2009","10","03","04:00"," ","4,70","","3,80","","94,00","","22,00","","6,00","","24,10","","101,76","","","","","","Généralement dégagé"
"2009-10-03 05:00","2009","10","03","05:00"," ","3,30","","2,80","","97,00","","25,00","","6,00","","24,10","","101,76","","","","","","Généralement dégagé"
"2009-10-03 06:00","2009","10","03","06:00"," ","4,40","","3,90","","97,00","","22,00","","7,00","","24,10","","101,78","","","","","","Généralement nuageux"
"2009-10-03 07:00","2009","10","03","07:00"," ","4,30","","3,70","","96,00","","26,00","","6,00","","32,20","","101,79","","","","","","Généralement nuageux"
"2009-10-03 08:00","2009","10","03","08:00"," ","6,40","","5,50","","94,00","","0,00","","0,00","","32,20","","101,81","","","","","","Généralement nuageux"
"2009-10-03 09:00","2009","10","03","09:00"," ","7,70","","6,10","","90,00","","0,00","","0,00","","32,20","","101,82","","","","","","Généralement nuageux"
"2009-10-03 10:00","2009","10","03","10:00"," ","8,50","","6,20","","85,00","","0,00","","0,00","","32,20","","101,80","","","","","","Généralement nuageux"
"2009-10-03 11:00","2009","10","03","11:00"," ","8,90","","6,80","","87,00","","3,00","","9,00","","32,20","","101,75","","","","","","Généralement dégagé"
"2009-10-03 12:00","2009","10","03","12:00"," ","8,50","","6,60","","88,00","","3,00","","9,00","","32,20","","101,75","","","","","","Dégagé"
"2009-10-03 13:00","2009","10","03","13:00"," ","8,10","","6,30","","88,00","","4,00","","6,00","","32,20","","101,73","","","","","","Dégagé"
"2009-10-03 14:00","2009","10","03","14:00"," ","8,60","","6,40","","86,00","","2,00","","6,00","","32,20","","101,71","","","","","","Dégagé"
"2009-10-03 15:00","2009","10","03","15:00"," ","9,10","","5,40","","78,00","","9,00","","6,00","","32,20","","101,68","","","","","","Dégagé"
"2009-10-03 16:00","2009","10","03","16:00"," ","10,10","","5,50","","73,00","","0,00","","0,00","","32,20","","101,66","","","","","","Dégagé"
"2009-10-03 17:00","2009","10","03","17:00"," ","9,90","","6,30","","78,00","","0,00","","0,00","","32,20","","101,68","","","","","","Dégagé"
"2009-10-03 18:00","2009","10","03","18:00"," ","7,80","","5,90","","88,00","","22,00","","6,00","","32,20","","101,70","","","","","","Dégagé"
"2009-10-03 19:00","2009","10","03","19:00"," ","5,90","","4,50","","91,00","","0,00","","0,00","","24,10","","101,68","","","","","","Dégagé"
"2009-10-03 20:00","2009","10","03","20:00"," ","4,70","","3,70","","93,00","","0,00","","0,00","","24,10","","101,69","","","","","","Dégagé"
"2009-10-03 21:00","2009","10","03","21:00"," ","4,00","","3,10","","94,00","","0,00","","0,00","","24,10","","101,71","","","","","","Dégagé"
"2009-10-03 22:00","2009","10","03","22:00"," ","3,60","","2,60","","93,00","","0,00","","0,00","","24,10","","101,72","","","","","","Généralement dégagé"
"2009-10-03 23:00","2009","10","03","23:00"," ","3,60","","2,80","","94,00","","23,00","","6,00","","24,10","","101,74","","","","","","Généralement dégagé"
"2009-10-04 00:00","2009","10","04","00:00"," ","3,20","","2,20","","93,00","","21,00","","6,00","","24,10","","101,75","","","","","","Généralement dégagé"
"2009-10-04 01:00","2009","10","04","01:00"," ","2,80","","2,00","","94,00","","24,00","","6,00","","24,10","","101,78","","","","","","Généralement dégagé"
"2009-10-04 02:00","2009","10","04","02:00"," ","2,00","","1,30","","95,00","","23,00","","6,00","","24,10","","101,77","","","","","","Généralement dégagé"
"2009-10-04 03:00","2009","10","04","03:00"," ","1,80","","1,30","","96,00","","23,00","","6,00","","24,10","","101,77","","","","","","Généralement dégagé"
"2009-10-04 04:00","2009","10","04","04:00"," ","2,00","","1,50","","96,00","","24,00","","6,00","","24,10","","101,76","","","","","","Généralement dégagé"
"2009-10-04 05:00","2009","10","04","05:00"," ","2,00","","1,40","","96,00","","17,00","","6,00","","24,10","","101,76","","","","","","Dégagé"
"2009-10-04 06:00","2009","10","04","06:00"," ","1,10","","0,50","","96,00","","24,00","","6,00","","32,20","","101,74","","","","","","Dégagé"
"2009-10-04 07:00","2009","10","04","07:00"," ","2,00","","1,40","","96,00","","0,00","","0,00","","32,20","","101,76","","","","","","Dégagé"
"2009-10-04 08:00","2009","10","04","08:00"," ","3,50","","2,60","","94,00","","0,00","","0,00","","24,10","","101,77","","","","","","Généralement dégagé"
"2009-10-04 09:00","2009","10","04","09:00"," ","5,60","","5,60","","100,00","","0,00","","0,00","","0,40","","101,78","","","","","","Brouillard"
"2009-10-04 10:00","2009","10","04","10:00"," ","6,30","","6,30","","100,00","","0,00","","0,00","","0,40","","101,76","","","","","","Brouillard"
"2009-10-04 11:00","2009","10","04","11:00"," ","6,40","","6,30","","99,00","","32,00","","7,00","","0,40","","101,76","","","","","","Brouillard"
"2009-10-04 12:00","2009","10","04","12:00"," ","6,90","","6,80","","99,00","","0,00","","0,00","","1,60","","101,74","","","","","","Brouillard"
"2009-10-04 13:00","2009","10","04","13:00"," ","7,70","","7,00","","95,00","","0,00","","0,00","","32,20","","101,67","","","","","","Dégagé"
"2009-10-04 14:00","2009","10","04","14:00"," ","9,30","","7,10","","86,00","","0,00","","0,00","","32,20","","101,62","","","","","","Dégagé"
"2009-10-04 15:00","2009","10","04","15:00"," ","9,40","","7,40","","87,00","","7,00","","6,00","","32,20","","101,59","","","","","","Dégagé"
"2009-10-04 16:00","2009","10","04","16:00"," ","10,00","","6,90","","81,00","","0,00","","0,00","","32,20","","101,57","","","","","","Dégagé"
"2009-10-04 17:00","2009","10","04","17:00"," ","10,30","","6,90","","79,00","","0,00","","0,00","","32,20","","101,51","","","","","","Dégagé"
"2009-10-04 18:00","2009","10","04","18:00"," ","8,20","","6,70","","90,00","","0,00","","0,00","","32,20","","101,52","","","","","","Généralement dégagé"
"2009-10-04 19:00","2009","10","04","19:00"," ","6,30","","5,50","","95,00","","0,00","","0,00","","24,10","","101,56","","","","","","Généralement dégagé"
"2009-10-04 20:00","2009","10","04","20:00"," ","5,20","","4,30","","94,00","","19,00","","6,00","","24,10","","101,58","","","","","","Généralement dégagé"
"2009-10-04 21:00","2009","10","04","21:00"," ","4,90","","3,80","","93,00","","0,00","","0,00","","24,10","","101,60","","","","","","Généralement dégagé"
"2009-10-04 22:00","2009","10","04","22:00"," ","4,00","","3,00","","93,00","","0,00","","0,00","","24,10","","101,60","","","","","","Généralement dégagé"
"2009-10-04 23:00","2009","10","04","23:00"," ","4,10","","3,20","","94,00","","0,00","","0,00","","24,10","","101,65","","","","","","Généralement dégagé"
"2009-10-05 00:00","2009","10","05","00:00"," ","3,20","","2,30","","94,00","","0,00","","0,00","","24,10","","101,68","","","","","","Généralement dégagé"
"2009-10-05 01:00","2009","10","05","01:00"," ","2,70","","1,80","","94,00","","0,00","","0,00","","24,10","","101,72","","","","","","Généralement dégagé"
"2009-10-05 02:00","2009","10","05","02:00"," ","3,30","","2,70","","96,00","","0,00","","0,00","","24,10","","101,77","","","","","","Généralement dégagé"
"2009-10-05 03:00","2009","10","05","03:00"," ","2,20","","1,60","","96,00","","24,00","","4,00","","24,10","","101,77","","","","","","Généralement dégagé"
"2009-10-05 04:00","2009","10","05","04:00"," ","3,10","","2,70","","97,00","","25,00","","9,00","","24,10","","101,82","","","","","","Généralement dégagé"
"2009-10-05 05:00","2009","10","05","05:00"," ","2,40","","1,70","","95,00","","0,00","","0,00","","24,10","","101,81","","","","","","Généralement dégagé"
"2009-10-05 06:00","2009","10","05","06:00"," ","2,10","","1,60","","96,00","","0,00","","0,00","","32,20","","101,89","","","","","","Généralement dégagé"
"2009-10-05 07:00","2009","10","05","07:00"," ","2,00","","1,50","","96,00","","0,00","","0,00","","32,20","","101,89","","","","","","Généralement dégagé"
"2009-10-05 08:00","2009","10","05","08:00"," ","4,30","","3,60","","95,00","","0,00","","0,00","","32,20","","101,93","","","","","","Généralement dégagé"
"2009-10-05 09:00","2009","10","05","09:00"," ","9,00","","6,50","","84,00","","0,00","","0,00","","32,20","","101,94","","","","","","Généralement dégagé"
"2009-10-05 10:00","2009","10","05","10:00"," ","9,00","","5,90","","81,00","","3,00","","6,00","","32,20","","101,97","","","","","","Généralement nuageux"
"2009-10-05 11:00","2009","10","05","11:00"," ","9,10","","5,80","","80,00","","6,00","","6,00","","32,20","","101,99","","","","","","Généralement nuageux"
"2009-10-05 12:00","2009","10","05","12:00"," ","9,80","","7,20","","84,00","","0,00","","0,00","","32,20","","101,99","","","","","","Généralement dégagé"
"2009-10-05 13:00","2009","10","05","13:00"," ","10,50","","6,30","","75,00","","0,00","","0,00","","32,20","","102,02","","","","","","Généralement dégagé"
"2009-10-05 14:00","2009","10","05","14:00"," ","12,00","","7,30","","73,00","","4,00","","7,00","","32,20","","102,01","","","","","","Généralement dégagé"
"2009-10-05 15:00","2009","10","05","15:00"," ","12,00","","6,70","","70,00","","34,00","","7,00","","32,20","","102,02","","","","","","Généralement nuageux"
"2009-10-05 16:00","2009","10","05","16:00"," ","12,70","","7,00","","68,00","","3,00","","6,00","","32,20","","102,02","","","","","","Nuageux"
"2009-10-05 17:00","2009","10","05","17:00"," ","11,90","","8,00","","77,00","","33,00","","6,00","","32,20","","102,04","","","","","","Généralement nuageux"
"2009-10-05 18:00","2009","10","05","18:00"," ","11,70","","7,50","","75,00","","30,00","","7,00","","32,20","","102,03","","","","","","Généralement nuageux"
"2009-10-05 19:00","2009","10","05","19:00"," ","10,30","","6,90","","79,00","","20,00","","6,00","","24,10","","102,09","","","","","","Généralement nuageux"
"2009-10-05 20:00","2009","10","05","20:00"," ","8,40","","6,40","","87,00","","0,00","","0,00","","24,10","","102,11","","","","","","Généralement dégagé"
"2009-10-05 21:00","2009","10","05","21:00"," ","6,30","","5,30","","93,00","","0,00","","0,00","","24,10","","102,14","","","","","","Généralement dégagé"
"2009-10-05 22:00","2009","10","05","22:00"," ","6,90","","5,80","","93,00","","0,00","","0,00","","24,10","","102,15","","","","","","Généralement dégagé"
"2009-10-05 23:00","2009","10","05","23:00"," ","5,90","","4,70","","92,00","","24,00","","6,00","","24,10","","102,15","","","","","","Dégagé"
"2009-10-06 00:00","2009","10","06","00:00"," ","5,90","","4,60","","91,00","","0,00","","0,00","","24,10","","102,15","","","","","","Dégagé"
"2009-10-06 01:00","2009","10","06","01:00"," ","5,70","","4,50","","92,00","","0,00","","0,00","","24,10","","102,16","","","","","","Dégagé"
"2009-10-06 02:00","2009","10","06","02:00"," ","5,50","","4,40","","93,00","","0,00","","0,00","","24,10","","102,16","","","","","","Généralement dégagé"
"2009-10-06 03:00","2009","10","06","03:00"," ","6,60","","5,70","","94,00","","0,00","","0,00","","24,10","","102,17","","","","","","Généralement nuageux"
"2009-10-06 04:00","2009","10","06","04:00"," ","8,70","","7,00","","89,00","","0,00","","0,00","","24,10","","102,16","","","","","","Nuageux"
"2009-10-06 05:00","2009","10","06","05:00"," ","8,70","","7,70","","93,00","","0,00","","0,00","","24,10","","102,15","","","","","","Nuageux"
"2009-10-06 06:00","2009","10","06","06:00"," ","9,80","","8,30","","90,00","","0,00","","0,00","","19,30","","102,13","","","","","","Nuageux"
"2009-10-06 07:00","2009","10","06","07:00"," ","9,80","","8,30","","90,00","","0,00","","0,00","","24,10","","102,15","","","","","","Généralement nuageux"
"2009-10-06 08:00","2009","10","06","08:00"," ","10,60","","9,20","","91,00","","0,00","","0,00","","24,10","","102,16","","","","","","Généralement nuageux"
"2009-10-06 09:00","2009","10","06","09:00"," ","11,80","","9,80","","88,00","","0,00","","0,00","","24,10","","102,14","","","","","","Généralement nuageux"
"2009-10-06 10:00","2009","10","06","10:00"," ","12,80","","10,60","","86,00","","0,00","","0,00","","24,10","","102,11","","","","","","Généralement nuageux"
"2009-10-06 11:00","2009","10","06","11:00"," ","14,60","","11,90","","84,00","","26,00","","7,00","","19,30","","102,10","","","","","","Pluie"
"2009-10-06 12:00","2009","10","06","12:00"," ","14,50","","11,80","","84,00","","28,00","","13,00","","16,10","","102,09","","","","","","Pluie"
"2009-10-06 13:00","2009","10","06","13:00"," ","13,10","","10,40","","84,00","","30,00","","15,00","","32,20","","102,11","","","","","","Pluie"
"2009-10-06 14:00","2009","10","06","14:00"," ","14,10","","7,90","","66,00","","29,00","","11,00","","32,20","","102,08","","","","","","Généralement dégagé"
"2009-10-06 15:00","2009","10","06","15:00"," ","13,50","","6,60","","63,00","","29,00","","19,00","","32,20","","102,05","","","","","","Généralement dégagé"
"2009-10-06 16:00","2009","10","06","16:00"," ","12,70","","7,10","","69,00","","28,00","","19,00","","32,20","","102,08","","","","","","Généralement dégagé"
"2009-10-06 17:00","2009","10","06","17:00"," ","11,60","","6,60","","71,00","","20,00","","17,00","","32,20","","102,07","","","","","","Généralement dégagé"
"2009-10-06 18:00","2009","10","06","18:00"," ","11,00","","6,90","","76,00","","27,00","","13,00","","32,20","","102,05","","","","","","Généralement nuageux"
"2009-10-06 19:00","2009","10","06","19:00"," ","11,30","","7,10","","75,00","","26,00","","9,00","","24,10","","102,07","","","","","","Généralement nuageux"
"2009-10-06 20:00","2009","10","06","20:00"," ","11,30","","7,10","","75,00","","26,00","","9,00","","24,10","","102,07","","","","","","Généralement nuageux"
"2009-10-06 21:00","2009","10","06","21:00"," ","11,00","","7,30","","78,00","","28,00","","11,00","","24,10","","102,05","","","","","","Généralement nuageux"
"2009-10-06 22:00","2009","10","06","22:00"," ","10,20","","7,40","","83,00","","26,00","","9,00","","24,10","","102,01","","","","","","Généralement nuageux"
"2009-10-06 23:00","2009","10","06","23:00"," ","10,30","","7,30","","82,00","","27,00","","9,00","","24,10","","102,00","","","","","","Généralement dégagé"
"2009-10-07 00:00","2009","10","07","00:00"," ","10,00","","7,10","","82,00","","0,00","","0,00","","24,10","","102,02","","","","","","Généralement dégagé"
"2009-10-07 01:00","2009","10","07","01:00"," ","10,10","","7,50","","84,00","","29,00","","7,00","","24,10","","102,05","","","","","","Généralement nuageux"
"2009-10-07 02:00","2009","10","07","02:00"," ","10,20","","7,60","","84,00","","26,00","","6,00","","19,30","","102,05","","","","","","Généralement nuageux"
"2009-10-07 03:00","2009","10","07","03:00"," ","10,20","","7,50","","83,00","","28,00","","7,00","","19,30","","102,05","","","","","","Généralement nuageux"
"2009-10-07 04:00","2009","10","07","04:00"," ","10,30","","7,40","","82,00","","27,00","","6,00","","19,30","","102,05","","","","","","Généralement nuageux"
"2009-10-07 05:00","2009","10","07","05:00"," ","9,60","","7,40","","86,00","","0,00","","0,00","","19,30","","102,05","","","","","","Généralement nuageux"
"2009-10-07 06:00","2009","10","07","06:00"," ","9,80","","7,20","","84,00","","0,00","","0,00","","19,30","","102,07","","","","","","Généralement nuageux"
"2009-10-07 07:00","2009","10","07","07:00"," ","9,30","","7,20","","87,00","","25,00","","6,00","","19,30","","102,08","","","","","","Généralement nuageux"
"2009-10-07 08:00","2009","10","07","08:00"," ","10,10","","7,40","","83,00","","0,00","","0,00","","24,10","","102,09","","","","","","Généralement nuageux"
"2009-10-07 09:00","2009","10","07","09:00"," ","9,70","","8,20","","90,00","","36,00","","7,00","","24,10","","102,12","","","","","","Généralement nuageux"
"2009-10-07 10:00","2009","10","07","10:00"," ","9,40","","7,90","","90,00","","36,00","","7,00","","24,10","","102,10","","","","","","Généralement nuageux"
"2009-10-07 11:00","2009","10","07","11:00"," ","10,10","","7,50","","84,00","","32,00","","7,00","","24,10","","102,12","","","","","","Généralement nuageux"
"2009-10-07 12:00","2009","10","07","12:00"," ","10,70","","8,00","","83,00","","35,00","","7,00","","32,20","","102,13","","","","","","Généralement nuageux"
"2009-10-07 13:00","2009","10","07","13:00"," ","10,50","","8,10","","85,00","","36,00","","11,00","","32,20","","102,13","","","","","","Généralement nuageux"
"2009-10-07 14:00","2009","10","07","14:00"," ","10,90","","8,20","","83,00","","1,00","","9,00","","32,20","","102,08","","","","","","Généralement nuageux"
"2009-10-07 15:00","2009","10","07","15:00"," ","10,90","","7,90","","82,00","","35,00","","11,00","","32,20","","102,10","","","","","","Généralement nuageux"
"2009-10-07 16:00","2009","10","07","16:00"," ","10,40","","8,00","","85,00","","1,00","","7,00","","32,20","","102,11","","","","","","Généralement nuageux"
"2009-10-07 17:00","2009","10","07","17:00"," ","10,60","","7,90","","83,00","","6,00","","6,00","","32,20","","102,06","","","","","","Généralement nuageux"
"2009-10-07 18:00","2009","10","07","18:00"," ","9,50","","7,60","","88,00","","19,00","","6,00","","32,20","","102,02","","","","","","Généralement nuageux"
"2009-10-07 19:00","2009","10","07","19:00"," ","8,00","","6,80","","92,00","","0,00","","0,00","","24,10","","102,04","","","","","","Généralement nuageux"
"2009-10-07 20:00","2009","10","07","20:00"," ","8,00","","6,10","","88,00","","25,00","","6,00","","24,10","","102,04","","","","","","Généralement dégagé"
"2009-10-07 21:00","2009","10","07","21:00"," ","8,20","","6,20","","87,00","","18,00","","6,00","","24,10","","102,02","","","","","","Généralement dégagé"
"2009-10-07 22:00","2009","10","07","22:00"," ","8,20","","6,20","","87,00","","18,00","","6,00","","24,10","","102,04","","","","","","Généralement dégagé"
"2009-10-07 23:00","2009","10","07","23:00"," ","7,60","","6,30","","91,00","","20,00","","6,00","","24,10","","102,02","","","","","","Généralement dégagé"
"2009-10-08 00:00","2009","10","08","00:00"," ","5,60","","4,60","","93,00","","22,00","","4,00","","24,10","","102,04","","","","","","Généralement dégagé"
"2009-10-08 01:00","2009","10","08","01:00"," ","5,30","","4,50","","95,00","","0,00","","0,00","","24,10","","102,08","","","","","","Généralement dégagé"
"2009-10-08 02:00","2009","10","08","02:00"," ","7,10","","6,30","","95,00","","21,00","","6,00","","24,10","","102,11","","","","","","Généralement dégagé"
"2009-10-08 03:00","2009","10","08","03:00"," ","8,50","","6,90","","90,00","","20,00","","7,00","","24,10","","102,10","","","","","","Généralement dégagé"
"2009-10-08 04:00","2009","10","08","04:00"," ","8,70","","6,70","","87,00","","20,00","","6,00","","24,10","","102,09","","","","","","Généralement dégagé"
"2009-10-08 05:00","2009","10","08","05:00"," ","8,10","","6,50","","90,00","","22,00","","6,00","","24,10","","102,11","","","","","","Généralement dégagé"
"2009-10-08 06:00","2009","10","08","06:00"," ","8,60","","6,80","","88,00","","23,00","","7,00","","24,10","","102,10","","","","","","Généralement dégagé"
"2009-10-08 07:00","2009","10","08","07:00"," ","8,70","","6,90","","88,00","","24,00","","6,00","","24,10","","102,12","","","","","","Généralement dégagé"
"2009-10-08 08:00","2009","10","08","08:00"," ","9,70","","7,60","","87,00","","25,00","","7,00","","24,10","","102,14","","","","","","Généralement nuageux"
"2009-10-08 09:00","2009","10","08","09:00"," ","12,40","","8,70","","78,00","","30,00","","6,00","","24,10","","102,12","","","","","","Généralement dégagé"
"2009-10-08 10:00","2009","10","08","10:00"," ","13,60","","8,30","","70,00","","27,00","","11,00","","24,10","","102,12","","","","","","Généralement dégagé"
"2009-10-08 11:00","2009","10","08","11:00"," ","14,40","","8,20","","66,00","","31,00","","19,00","","32,20","","102,15","","","","","","Généralement dégagé"
"2009-10-08 12:00","2009","10","08","12:00"," ","14,50","","9,00","","70,00","","32,00","","17,00","","32,20","","102,14","","","","","","Généralement dégagé"
"2009-10-08 13:00","2009","10","08","13:00"," ","13,70","","9,70","","77,00","","31,00","","19,00","","32,20","","102,15","","","","","","Généralement nuageux"
"2009-10-08 14:00","2009","10","08","14:00"," ","13,60","","9,70","","77,00","","29,00","","19,00","","32,20","","102,13","","","","","","Généralement nuageux"
"2009-10-08 15:00","2009","10","08","15:00"," ","13,40","","9,60","","78,00","","30,00","","17,00","","32,20","","102,16","","","","","","Nuageux"
"2009-10-08 16:00","2009","10","08","16:00"," ","13,00","","9,60","","80,00","","30,00","","13,00","","32,20","","102,15","","","","","","Nuageux"
"2009-10-08 17:00","2009","10","08","17:00"," ","12,50","","9,40","","81,00","","32,00","","9,00","","32,20","","102,16","","","","","","Généralement nuageux"
"2009-10-08 18:00","2009","10","08","18:00"," ","12,00","","9,30","","84,00","","28,00","","11,00","","32,20","","102,14","","","","","","Généralement nuageux"
"2009-10-08 19:00","2009","10","08","19:00"," ","11,50","","9,40","","87,00","","27,00","","11,00","","24,10","","102,18","","","","","","Nuageux"
"2009-10-08 20:00","2009","10","08","20:00"," ","11,40","","9,30","","87,00","","26,00","","17,00","","24,10","","102,20","","","","","","Nuageux"
"2009-10-08 21:00","2009","10","08","21:00"," ","11,60","","9,20","","85,00","","26,00","","7,00","","24,10","","102,20","","","","","","Nuageux"
"2009-10-08 22:00","2009","10","08","22:00"," ","11,40","","9,10","","86,00","","0,00","","0,00","","24,10","","102,20","","","","","","Nuageux"
"2009-10-08 23:00","2009","10","08","23:00"," ","11,30","","9,00","","86,00","","0,00","","0,00","","24,10","","102,23","","","","","","Nuageux"
"2009-10-09 00:00","2009","10","09","00:00"," ","11,00","","9,10","","88,00","","0,00","","0,00","","24,10","","102,25","","","","","","Nuageux"
"2009-10-09 01:00","2009","10","09","01:00"," ","10,60","","9,20","","91,00","","0,00","","0,00","","24,10","","102,27","","","","","","Nuageux"
"2009-10-09 02:00","2009","10","09","02:00"," ","10,50","","9,00","","90,00","","0,00","","0,00","","24,10","","102,28","","","","","","Nuageux"
"2009-10-09 03:00","2009","10","09","03:00"," ","10,60","","9,10","","90,00","","0,00","","0,00","","24,10","","102,28","","","","","","Nuageux"
"2009-10-09 04:00","2009","10","09","04:00"," ","10,60","","9,10","","90,00","","0,00","","0,00","","24,10","","102,30","","","","","","Nuageux"
"2009-10-09 05:00","2009","10","09","05:00"," ","10,20","","9,30","","94,00","","0,00","","0,00","","9,70","","102,29","","","","","","Brouillard"
"2009-10-09 06:00","2009","10","09","06:00"," ","9,80","","9,30","","97,00","","0,00","","0,00","","1,60","","102,29","","","","","","Brouillard"
"2009-10-09 07:00","2009","10","09","07:00"," ","9,50","","9,20","","98,00","","16,00","","6,00","","0,80","","102,28","","","","","","Brouillard"
"2009-10-09 08:00","2009","10","09","08:00"," ","9,10","","8,80","","98,00","","0,00","","0,00","","1,60","","102,32","","","","","","Brouillard"
"2009-10-09 09:00","2009","10","09","09:00"," ","10,40","","9,40","","94,00","","0,00","","0,00","","6,40","","102,35","","","","","","Brouillard"
"2009-10-09 10:00","2009","10","09","10:00"," ","10,40","","9,40","","94,00","","4,00","","4,00","","16,10","","102,37","","","","","","Généralement nuageux"
"2009-10-09 11:00","2009","10","09","11:00"," ","11,20","","8,80","","85,00","","4,00","","6,00","","16,10","","102,38","","","","","","Généralement nuageux"
"2009-10-09 12:00","2009","10","09","12:00"," ","10,80","","9,20","","90,00","","3,00","","6,00","","12,90","","102,38","","","","","","Généralement nuageux"
"2009-10-09 13:00","2009","10","09","13:00"," ","11,20","","9,00","","86,00","","0,00","","0,00","","12,90","","102,36","","","","","","Généralement nuageux"
"2009-10-09 14:00","2009","10","09","14:00"," ","11,00","","9,50","","90,00","","3,00","","4,00","","24,10","","102,33","","","","","","Généralement nuageux"
"2009-10-09 15:00","2009","10","09","15:00"," ","10,60","","9,40","","92,00","","6,00","","7,00","","24,10","","102,31","","","","","","Généralement nuageux"
"2009-10-09 16:00","2009","10","09","16:00"," ","10,20","","8,80","","91,00","","2,00","","6,00","","32,20","","102,25","","","","","","Généralement nuageux"
"2009-10-09 17:00","2009","10","09","17:00"," ","11,10","","9,30","","89,00","","1,00","","7,00","","32,20","","102,20","","","","","","Généralement nuageux"
"2009-10-09 18:00","2009","10","09","18:00"," ","10,30","","8,20","","87,00","","35,00","","7,00","","24,10","","102,17","","","","","","Généralement nuageux"
"2009-10-09 19:00","2009","10","09","19:00"," ","10,20","","8,10","","87,00","","26,00","","6,00","","24,10","","102,15","","","","","","Nuageux"
"2009-10-09 20:00","2009","10","09","20:00"," ","9,40","","8,10","","92,00","","32,00","","7,00","","24,10","","102,16","","","","","","Nuageux"
"2009-10-09 21:00","2009","10","09","21:00"," ","9,40","","8,00","","91,00","","26,00","","6,00","","24,10","","102,16","","","","","","Nuageux"
"2009-10-09 22:00","2009","10","09","22:00"," ","9,10","","8,00","","93,00","","22,00","","7,00","","24,10","","102,16","","","","","","Nuageux"
"2009-10-09 23:00","2009","10","09","23:00"," ","9,00","","7,90","","93,00","","23,00","","6,00","","24,10","","102,15","","","","","","Nuageux"
"2009-10-10 00:00","2009","10","10","00:00"," ","8,70","","7,60","","93,00","","0,00","","0,00","","24,10","","102,14","","","","","","Généralement nuageux"
"2009-10-10 01:00","2009","10","10","01:00"," ","8,00","","7,30","","95,00","","0,00","","0,00","","24,10","","102,14","","","","","","Généralement nuageux"
"2009-10-10 02:00","2009","10","10","02:00"," ","8,50","","7,60","","94,00","","0,00","","0,00","","24,10","","102,11","","","","","","Nuageux"
"2009-10-10 03:00","2009","10","10","03:00"," ","7,20","","6,50","","95,00","","0,00","","0,00","","24,10","","102,04","","","","","","Nuageux"
"2009-10-10 04:00","2009","10","10","04:00"," ","6,90","","6,20","","95,00","","0,00","","0,00","","24,10","","101,99","","","","","","Généralement nuageux"
"2009-10-10 05:00","2009","10","10","05:00"," ","6,90","","6,30","","96,00","","0,00","","0,00","","24,10","","101,95","","","","","","Nuageux"
"2009-10-10 06:00","2009","10","10","06:00"," ","7,30","","6,50","","95,00","","0,00","","0,00","","24,10","","101,93","","","","","","Nuageux"
"2009-10-10 07:00","2009","10","10","07:00"," ","7,70","","6,80","","94,00","","0,00","","0,00","","24,10","","101,91","","","","","","Nuageux"
"2009-10-10 08:00","2009","10","10","08:00"," ","8,20","","7,10","","93,00","","0,00","","0,00","","24,10","","101,89","","","","","","Nuageux"
"2009-10-10 09:00","2009","10","10","09:00"," ","9,00","","7,80","","92,00","","0,00","","0,00","","32,20","","101,89","","","","","","Nuageux"
"2009-10-10 10:00","2009","10","10","10:00"," ","9,10","","7,90","","92,00","","8,00","","4,00","","32,20","","101,88","","","","","","Nuageux"
"2009-10-10 11:00","2009","10","10","11:00"," ","9,40","","8,20","","92,00","","4,00","","6,00","","32,20","","101,88","","","","","","Généralement nuageux"
"2009-10-10 12:00","2009","10","10","12:00"," ","10,20","","8,60","","90,00","","5,00","","6,00","","32,20","","101,82","","","","","","Généralement nuageux"
"2009-10-10 13:00","2009","10","10","13:00"," ","10,40","","8,10","","86,00","","0,00","","0,00","","32,20","","101,77","","","","","","Généralement nuageux"
"2009-10-10 14:00","2009","10","10","14:00"," ","12,00","","7,20","","72,00","","7,00","","4,00","","32,20","","101,71","","","","","","Généralement nuageux"
"2009-10-10 15:00","2009","10","10","15:00"," ","12,20","","6,60","","69,00","","6,00","","7,00","","32,20","","101,66","","","","","","Généralement nuageux"
"2009-10-10 16:00","2009","10","10","16:00"," ","11,70","","6,90","","72,00","","9,00","","9,00","","32,20","","101,61","","","","","","Généralement nuageux"
"2009-10-10 17:00","2009","10","10","17:00"," ","11,40","","8,30","","81,00","","1,00","","6,00","","32,20","","101,55","","","","","","Généralement nuageux"
"2009-10-10 18:00","2009","10","10","18:00"," ","9,10","","7,20","","88,00","","27,00","","6,00","","32,20","","101,50","","","","","","Généralement dégagé"
"2009-10-10 19:00","2009","10","10","19:00"," ","9,40","","7,80","","90,00","","25,00","","6,00","","24,10","","101,48","","","","","","Généralement dégagé"
"2009-10-10 20:00","2009","10","10","20:00"," ","9,10","","7,50","","90,00","","28,00","","6,00","","24,10","","101,49","","","","","","Généralement nuageux"
"2009-10-10 21:00","2009","10","10","21:00"," ","8,00","","6,90","","93,00","","24,00","","6,00","","24,10","","101,47","","","","","","Généralement nuageux"
"2009-10-10 22:00","2009","10","10","22:00"," ","8,00","","6,80","","92,00","","17,00","","6,00","","24,10","","101,45","","","","","","Généralement nuageux"
"2009-10-10 23:00","2009","10","10","23:00"," ","7,90","","6,90","","93,00","","0,00","","0,00","","24,10","","101,44","","","","","","Généralement nuageux"
"2009-10-11 00:00","2009","10","11","00:00"," ","7,70","","6,70","","93,00","","0,00","","0,00","","24,10","","101,43","","","","","","Généralement nuageux"
"2009-10-11 01:00","2009","10","11","01:00"," ","6,60","","5,80","","95,00","","0,00","","0,00","","24,10","","101,40","","","","","","Généralement nuageux"
"2009-10-11 02:00","2009","10","11","02:00"," ","6,10","","5,40","","95,00","","0,00","","0,00","","24,10","","101,38","","","","","","Généralement nuageux"
"2009-10-11 03:00","2009","10","11","03:00"," ","5,80","","4,90","","94,00","","0,00","","0,00","","24,10","","101,34","","","","","","Généralement nuageux"
"2009-10-11 04:00","2009","10","11","04:00"," ","5,50","","4,90","","96,00","","0,00","","0,00","","24,10","","101,31","","","","","","Généralement nuageux"
"2009-10-11 05:00","2009","10","11","05:00"," ","5,10","","4,50","","96,00","","0,00","","0,00","","24,10","","101,27","","","","","","Généralement nuageux"
"2009-10-11 06:00","2009","10","11","06:00"," ","4,60","","4,30","","98,00","","0,00","","0,00","","24,10","","101,22","","","","","","Généralement nuageux"
"2009-10-11 07:00","2009","10","11","07:00"," ","5,00","","4,60","","97,00","","0,00","","0,00","","32,20","","101,21","","","","","","Généralement nuageux"
"2009-10-11 08:00","2009","10","11","08:00"," ","6,40","","5,80","","96,00","","0,00","","0,00","","32,20","","101,21","","","","","","Nuageux"
"2009-10-11 09:00","2009","10","11","09:00"," ","7,60","","6,60","","93,00","","0,00","","0,00","","32,20","","101,21","","","","","","Nuageux"
"2009-10-11 10:00","2009","10","11","10:00"," ","8,00","","6,20","","88,00","","0,00","","0,00","","32,20","","101,18","","","","","","Généralement nuageux"
"2009-10-11 11:00","2009","10","11","11:00"," ","9,10","","6,00","","81,00","","9,00","","6,00","","32,20","","101,17","","","","","","Généralement nuageux"
"2009-10-11 12:00","2009","10","11","12:00"," ","9,20","","5,00","","75,00","","6,00","","6,00","","32,20","","101,12","","","","","","Nuageux"
"2009-10-11 13:00","2009","10","11","13:00"," ","10,00","","4,20","","67,00","","9,00","","17,00","","32,20","","101,09","","","","","","Nuageux"
"2009-10-11 14:00","2009","10","11","14:00"," ","9,50","","5,00","","73,00","","9,00","","6,00","","32,20","","101,09","","","","","","Nuageux"
"2009-10-11 15:00","2009","10","11","15:00"," ","10,30","","3,80","","64,00","","16,00","","6,00","","32,20","","101,01","","","","","","Nuageux"
"2009-10-11 16:00","2009","10","11","16:00"," ","10,40","","3,40","","62,00","","16,00","","6,00","","32,20","","100,95","","","","","","Nuageux"
"2009-10-11 17:00","2009","10","11","17:00"," ","9,30","","6,10","","80,00","","22,00","","6,00","","32,20","","100,94","","","","","","Nuageux"
"2009-10-11 18:00","2009","10","11","18:00"," ","8,80","","6,20","","84,00","","14,00","","6,00","","32,20","","100,90","","","","","","Pluie"
"2009-10-11 19:00","2009","10","11","19:00"," ","8,00","","6,00","","87,00","","19,00","","7,00","","24,10","","100,87","","","","","","Pluie"
"2009-10-11 20:00","2009","10","11","20:00"," ","7,60","","6,50","","93,00","","23,00","","6,00","","24,10","","100,84","","","","","","Pluie"
"2009-10-11 21:00","2009","10","11","21:00"," ","8,30","","5,40","","82,00","","18,00","","6,00","","24,10","","100,81","","","","","","Pluie"
"2009-10-11 22:00","2009","10","11","22:00"," ","7,80","","5,70","","87,00","","20,00","","6,00","","24,10","","100,77","","","","","","Nuageux"
"2009-10-11 23:00","2009","10","11","23:00"," ","7,90","","5,40","","84,00","","16,00","","6,00","","24,10","","100,72","","","","","","Pluie"
"2009-10-12 00:00","2009","10","12","00:00"," ","7,30","","6,00","","91,00","","0,00","","0,00","","19,30","","100,69","","","","","","Pluie"
"2009-10-12 01:00","2009","10","12","01:00"," ","6,90","","6,00","","94,00","","0,00","","0,00","","24,10","","100,65","","","","","","Pluie"
"2009-10-12 02:00","2009","10","12","02:00"," ","7,10","","6,20","","94,00","","0,00","","0,00","","19,30","","100,62","","","","","","Pluie"
"2009-10-12 03:00","2009","10","12","03:00"," ","6,60","","5,90","","95,00","","0,00","","0,00","","19,30","","100,55","","","","","","Pluie"
"2009-10-12 04:00","2009","10","12","04:00"," ","6,60","","6,00","","96,00","","0,00","","0,00","","16,10","","100,47","","","","","","Pluie"
"2009-10-12 05:00","2009","10","12","05:00"," ","6,60","","6,10","","97,00","","0,00","","0,00","","12,90","","100,41","","","","","","Pluie"
"2009-10-12 06:00","2009","10","12","06:00"," ","6,90","","5,70","","92,00","","9,00","","9,00","","12,90","","100,37","","","","","","Pluie"
"2009-10-12 07:00","2009","10","12","07:00"," ","6,50","","5,50","","93,00","","11,00","","9,00","","12,90","","100,36","","","","","","Pluie"
"2009-10-12 08:00","2009","10","12","08:00"," ","6,20","","4,30","","88,00","","11,00","","15,00","","12,90","","100,33","","","","","","Pluie"
"2009-10-12 09:00","2009","10","12","09:00"," ","5,80","","4,30","","90,00","","11,00","","24,00","","12,90","","100,31","","","","","","Pluie"
"2009-10-12 10:00","2009","10","12","10:00"," ","6,80","","4,30","","84,00","","10,00","","24,00","","12,90","","100,28","","","","","","Pluie"
"2009-10-12 11:00","2009","10","12","11:00"," ","5,90","","4,50","","91,00","","10,00","","28,00","","16,10","","100,24","","","","","","Pluie"
"2009-10-12 12:00","2009","10","12","12:00"," ","6,10","","4,70","","91,00","","9,00","","28,00","","16,10","","100,18","","","","","","Pluie"
"2009-10-12 13:00","2009","10","12","13:00"," ","5,90","","4,30","","89,00","","10,00","","26,00","","16,10","","100,12","","","","","","Pluie"
"2009-10-12 14:00","2009","10","12","14:00"," ","5,50","","3,80","","89,00","","10,00","","26,00","","19,30","","100,07","","","","","","Pluie"
"2009-10-12 15:00","2009","10","12","15:00"," ","5,30","","3,80","","90,00","","11,00","","19,00","","16,10","","100,02","","","","","","Pluie"
"2009-10-12 16:00","2009","10","12","16:00"," ","5,50","","3,60","","88,00","","10,00","","20,00","","16,10","","99,97","","","","","","Pluie"
"2009-10-12 17:00","2009","10","12","17:00"," ","5,60","","3,10","","84,00","","9,00","","19,00","","12,90","","99,91","","","","","","Pluie"
"2009-10-12 18:00","2009","10","12","18:00"," ","6,00","","2,80","","80,00","","10,00","","17,00","","16,10","","99,87","","","","","","Pluie"
"2009-10-12 19:00","2009","10","12","19:00"," ","6,10","","2,20","","76,00","","10,00","","19,00","","16,10","","99,81","","","","","","Pluie"
"2009-10-12 20:00","2009","10","12","20:00"," ","6,40","","2,30","","75,00","","11,00","","22,00","","16,10","","99,76","","","","","","Pluie"
"2009-10-12 21:00","2009","10","12","21:00"," ","6,40","","2,80","","78,00","","9,00","","17,00","","24,10","","99,72","","","","","","Pluie"
"2009-10-12 22:00","2009","10","12","22:00"," ","6,20","","3,60","","83,00","","12,00","","20,00","","24,10","","99,66","","","","","","Pluie"
"2009-10-12 23:00","2009","10","12","23:00"," ","5,90","","3,00","","82,00","","10,00","","7,00","","24,10","","99,59","","","","","","Nuageux"
"2009-10-13 00:00","2009","10","13","00:00"," ","5,70","","2,90","","82,00","","13,00","","6,00","","24,10","","99,52","","","","","","Généralement nuageux"
"2009-10-13 01:00","2009","10","13","01:00"," ","6,40","","2,50","","76,00","","10,00","","19,00","","24,10","","99,40","","","","","","Généralement nuageux"
"2009-10-13 02:00","2009","10","13","02:00"," ","6,80","","2,20","","72,00","","10,00","","32,00","","24,10","","99,33","","","","","","Généralement nuageux"
"2009-10-13 03:00","2009","10","13","03:00"," ","5,90","","3,40","","84,00","","10,00","","28,00","","12,90","","99,25","","","","","","Pluie"
"2009-10-13 04:00","2009","10","13","04:00"," ","6,00","","3,30","","83,00","","10,00","","26,00","","9,70","","99,14","","","","","","Pluie,Brouillard"
"2009-10-13 05:00","2009","10","13","05:00"," ","5,90","","3,20","","83,00","","10,00","","28,00","","12,90","","99,04","","","","","","Pluie"
"2009-10-13 06:00","2009","10","13","06:00"," ","6,10","","3,20","","82,00","","10,00","","35,00","","19,30","","98,95","","","","","","Averses de pluie"
"2009-10-13 07:00","2009","10","13","07:00"," ","5,60","","3,10","","84,00","","10,00","","37,00","","24,10","","98,89","","","","","","Averses de pluie"
"2009-10-13 08:00","2009","10","13","08:00"," ","6,10","","2,80","","79,00","","10,00","","32,00","","24,10","","98,80","","","","","","Averses de pluie"
"2009-10-13 09:00","2009","10","13","09:00"," ","6,80","","2,10","","72,00","","10,00","","35,00","","32,20","","98,73","","","","","","Nuageux"
"2009-10-13 10:00","2009","10","13","10:00"," ","7,10","","2,30","","71,00","","10,00","","37,00","","32,20","","98,66","","","","","","Nuageux"
"2009-10-13 11:00","2009","10","13","11:00"," ","7,90","","2,90","","71,00","","9,00","","37,00","","32,20","","98,61","","","","","","Nuageux"
"2009-10-13 12:00","2009","10","13","12:00"," ","8,10","","3,20","","71,00","","10,00","","28,00","","32,20","","98,57","","","","","","Nuageux"
"2009-10-13 13:00","2009","10","13","13:00"," ","7,90","","3,40","","73,00","","11,00","","33,00","","32,20","","98,50","","","","","","Nuageux"
"2009-10-13 14:00","2009","10","13","14:00"," ","7,40","","3,70","","77,00","","9,00","","32,00","","32,20","","98,42","","","","","","Averses de pluie"
"2009-10-13 15:00","2009","10","13","15:00"," ","8,20","","4,00","","75,00","","11,00","","20,00","","32,20","","98,32","","","","","","Nuageux"
"2009-10-13 16:00","2009","10","13","16:00"," ","7,90","","4,10","","77,00","","11,00","","22,00","","32,20","","98,28","","","","","","Nuageux"
"2009-10-13 17:00","2009","10","13","17:00"," ","7,90","","4,40","","79,00","","10,00","","22,00","","32,20","","98,26","","","","","","Averses de pluie"
"2009-10-13 18:00","2009","10","13","18:00"," ","7,80","","3,90","","76,00","","10,00","","32,00","","32,20","","98,26","","","","","","Nuageux"
"2009-10-13 19:00","2009","10","13","19:00"," ","7,90","","4,20","","77,00","","10,00","","28,00","","24,10","","98,26","","","","","","Nuageux"
"2009-10-13 20:00","2009","10","13","20:00"," ","8,50","","4,50","","76,00","","10,00","","30,00","","24,10","","98,31","","","","","","Nuageux"
"2009-10-13 21:00","2009","10","13","21:00"," ","8,10","","4,90","","80,00","","10,00","","28,00","","24,10","","98,37","","","","","","Nuageux"
"2009-10-13 22:00","2009","10","13","22:00"," ","8,30","","5,20","","81,00","","11,00","","24,00","","24,10","","98,39","","","","","","Nuageux"
"2009-10-13 23:00","2009","10","13","23:00"," ","8,00","","5,20","","82,00","","10,00","","22,00","","24,10","","98,39","","","","","","Nuageux"
"2009-10-14 00:00","2009","10","14","00:00"," ","8,10","","5,10","","81,00","","11,00","","22,00","","24,10","","98,36","","","","","","Généralement nuageux"
"2009-10-14 01:00","2009","10","14","01:00"," ","8,80","","5,70","","81,00","","11,00","","30,00","","24,10","","98,34","","","","","","Nuageux"
"2009-10-14 02:00","2009","10","14","02:00"," ","9,00","","4,90","","75,00","","10,00","","20,00","","24,10","","98,35","","","","","","Nuageux"
"2009-10-14 03:00","2009","10","14","03:00"," ","8,80","","6,20","","84,00","","10,00","","15,00","","24,10","","98,34","","","","","","Nuageux"
"2009-10-14 04:00","2009","10","14","04:00"," ","9,40","","4,90","","73,00","","10,00","","26,00","","24,10","","98,34","","","","","","Nuageux"
"2009-10-14 05:00","2009","10","14","05:00"," ","9,30","","5,40","","77,00","","10,00","","22,00","","24,10","","98,38","","","","","","Nuageux"
"2009-10-14 06:00","2009","10","14","06:00"," ","9,40","","6,00","","79,00","","11,00","","22,00","","24,10","","98,39","","","","","","Nuageux"
"2009-10-14 07:00","2009","10","14","07:00"," ","9,40","","6,20","","80,00","","12,00","","17,00","","32,20","","98,41","","","","","","Généralement nuageux"
"2009-10-14 08:00","2009","10","14","08:00"," ","9,60","","6,20","","79,00","","11,00","","20,00","","32,20","","98,46","","","","","","Pluie"
"2009-10-14 09:00","2009","10","14","09:00"," ","9,50","","5,80","","78,00","","10,00","","19,00","","32,20","","98,51","","","","","","Généralement nuageux"
"2009-10-14 10:00","2009","10","14","10:00"," ","9,60","","6,50","","81,00","","9,00","","19,00","","32,20","","98,59","","","","","","Nuageux"
"2009-10-14 11:00","2009","10","14","11:00"," ","9,10","","7,60","","90,00","","10,00","","26,00","","19,30","","98,70","","","","","","Pluie"
"2009-10-14 12:00","2009","10","14","12:00"," ","9,50","","8,20","","92,00","","9,00","","28,00","","24,10","","98,82","","","","","","Pluie"
"2009-10-14 13:00","2009","10","14","13:00"," ","9,80","","8,20","","90,00","","10,00","","26,00","","19,30","","98,93","","","","","","Pluie"
"2009-10-14 14:00","2009","10","14","14:00"," ","11,00","","9,10","","88,00","","12,00","","15,00","","4,00","","99,24","","","","","","Pluie modérée,Brouillard"
"2009-10-14 15:00","2009","10","14","15:00"," ","10,90","","9,80","","93,00","","22,00","","11,00","","8,00","","99,56","","","","","","Pluie,Brouillard"
"2009-10-14 16:00","2009","10","14","16:00"," ","10,30","","8,80","","90,00","","19,00","","11,00","","8,00","","99,81","","","","","","Pluie,Brouillard"
"2009-10-14 17:00","2009","10","14","17:00"," ","10,70","","8,70","","87,00","","17,00","","7,00","","24,10","","99,99","","","","","","Généralement nuageux"
"2009-10-14 18:00","2009","10","14","18:00"," ","10,10","","7,90","","86,00","","20,00","","7,00","","24,10","","100,18","","","","","","Généralement nuageux"
"2009-10-14 19:00","2009","10","14","19:00"," ","9,40","","7,00","","85,00","","22,00","","6,00","","24,10","","100,32","","","","","","Généralement nuageux"
"2009-10-14 20:00","2009","10","14","20:00"," ","8,60","","6,40","","86,00","","16,00","","7,00","","24,10","","100,47","","","","","","Généralement nuageux"
"2009-10-14 21:00","2009","10","14","21:00"," ","7,20","","5,70","","90,00","","15,00","","9,00","","24,10","","100,63","","","","","","Généralement nuageux"
"2009-10-14 22:00","2009","10","14","22:00"," ","7,70","","5,70","","87,00","","15,00","","7,00","","24,10","","100,72","","","","","","Généralement nuageux"
"2009-10-14 23:00","2009","10","14","23:00"," ","7,10","","5,30","","88,00","","12,00","","11,00","","24,10","","100,81","","","","","","Généralement dégagé"
"2009-10-15 00:00","2009","10","15","00:00"," ","7,20","","5,50","","89,00","","15,00","","9,00","","24,10","","100,88","","","","","","Généralement dégagé"
"2009-10-15 01:00","2009","10","15","01:00"," ","8,60","","6,50","","87,00","","12,00","","15,00","","24,10","","100,97","","","","","","Généralement dégagé"
"2009-10-15 02:00","2009","10","15","02:00"," ","9,30","","6,70","","84,00","","12,00","","19,00","","24,10","","101,03","","","","","","Généralement nuageux"
"2009-10-15 03:00","2009","10","15","03:00"," ","9,70","","6,40","","80,00","","12,00","","19,00","","24,10","","101,06","","","","","","Généralement nuageux"
"2009-10-15 04:00","2009","10","15","04:00"," ","9,50","","6,50","","82,00","","11,00","","22,00","","24,10","","101,07","","","","","","Nuageux"
"2009-10-15 05:00","2009","10","15","05:00"," ","9,80","","6,70","","81,00","","10,00","","32,00","","24,10","","101,11","","","","","","Nuageux"
"2009-10-15 06:00","2009","10","15","06:00"," ","9,70","","6,90","","83,00","","11,00","","22,00","","24,10","","101,18","","","","","","Généralement nuageux"
"2009-10-15 07:00","2009","10","15","07:00"," ","9,80","","7,10","","83,00","","10,00","","22,00","","32,20","","101,25","","","","","","Généralement nuageux"
"2009-10-15 08:00","2009","10","15","08:00"," ","10,10","","7,10","","82,00","","8,00","","28,00","","32,20","","101,28","","","","","","Généralement nuageux"
"2009-10-15 09:00","2009","10","15","09:00"," ","10,50","","7,30","","81,00","","10,00","","19,00","","32,20","","101,35","","","","","","Nuageux"
"2009-10-15 10:00","2009","10","15","10:00"," ","10,70","","7,70","","82,00","","11,00","","20,00","","32,20","","101,36","","","","","","Nuageux"
"2009-10-15 11:00","2009","10","15","11:00"," ","11,20","","7,80","","80,00","","11,00","","26,00","","32,20","","101,39","","","","","","Nuageux"
"2009-10-15 12:00","2009","10","15","12:00"," ","11,80","","7,90","","77,00","","11,00","","26,00","","32,20","","101,43","","","","","","Nuageux"
"2009-10-15 13:00","2009","10","15","13:00"," ","12,00","","8,20","","78,00","","10,00","","28,00","","32,20","","101,39","","","","","","Nuageux"
"2009-10-15 14:00","2009","10","15","14:00"," ","12,10","","8,40","","78,00","","10,00","","22,00","","32,20","","101,31","","","","","","Nuageux"
"2009-10-15 15:00","2009","10","15","15:00"," ","12,10","","8,50","","79,00","","10,00","","20,00","","32,20","","101,25","","","","","","Nuageux"
"2009-10-15 16:00","2009","10","15","16:00"," ","12,10","","8,30","","78,00","","10,00","","20,00","","32,20","","101,15","","","","","","Nuageux"
"2009-10-15 17:00","2009","10","15","17:00"," ","11,80","","8,10","","78,00","","10,00","","20,00","","32,20","","101,02","","","","","","Nuageux"
"2009-10-15 18:00","2009","10","15","18:00"," ","12,00","","8,40","","79,00","","10,00","","20,00","","24,10","","100,94","","","","","","Nuageux"
"2009-10-15 19:00","2009","10","15","19:00"," ","11,30","","8,90","","85,00","","11,00","","22,00","","24,10","","100,86","","","","","","Pluie"
"2009-10-15 20:00","2009","10","15","20:00"," ","10,80","","9,10","","89,00","","10,00","","26,00","","24,10","","100,76","","","","","","Pluie"
"2009-10-15 21:00","2009","10","15","21:00"," ","11,30","","9,30","","87,00","","11,00","","28,00","","24,10","","100,66","","","","","","Pluie"
"2009-10-15 22:00","2009","10","15","22:00"," ","11,10","","9,30","","89,00","","11,00","","28,00","","24,10","","100,56","","","","","","Pluie"
"2009-10-15 23:00","2009","10","15","23:00"," ","11,60","","9,20","","85,00","","10,00","","41,00","","24,10","","100,58","","","","","","Pluie"
"2009-10-16 00:00","2009","10","16","00:00"," ","11,10","","9,40","","89,00","","10,00","","32,00","","24,10","","100,59","","","","","","Pluie"
"2009-10-16 01:00","2009","10","16","01:00"," ","10,90","","9,60","","92,00","","10,00","","30,00","","24,10","","100,52","","","","","","Pluie"
"2009-10-16 02:00","2009","10","16","02:00"," ","11,00","","9,70","","92,00","","11,00","","33,00","","24,10","","100,50","","","","","","Pluie"
"2009-10-16 03:00","2009","10","16","03:00"," ","11,30","","9,90","","91,00","","10,00","","41,00","","24,10","","100,37","","","","","","Pluie"
"2009-10-16 04:00","2009","10","16","04:00"," ","10,60","","9,80","","95,00","","10,00","","22,00","","16,10","","100,27","","","","","","Pluie modérée"
"2009-10-16 05:00","2009","10","16","05:00"," ","10,90","","10,00","","94,00","","11,00","","22,00","","16,10","","100,21","","","","","","Pluie forte"
"2009-10-16 06:00","2009","10","16","06:00"," ","11,30","","10,50","","95,00","","11,00","","33,00","","16,10","","100,03","","","","","","Pluie modérée"
"2009-10-16 07:00","2009","10","16","07:00"," ","11,70","","10,80","","94,00","","11,00","","32,00","","8,00","","99,97","","","","","","Pluie,Brouillard"
"2009-10-16 08:00","2009","10","16","08:00"," ","12,50","","11,10","","91,00","","11,00","","22,00","","16,10","","99,98","","","","","","Pluie"
"2009-10-16 09:00","2009","10","16","09:00"," ","13,50","","11,80","","89,00","","24,00","","22,00","","12,90","","100,44","","","","","","Averses de pluie"
"2009-10-16 10:00","2009","10","16","10:00"," ","13,40","","11,60","","89,00","","21,00","","11,00","","16,10","","100,78","","","","","","Averses de pluie"
"2009-10-16 11:00","2009","10","16","11:00"," ","15,00","","11,80","","81,00","","27,00","","9,00","","32,20","","100,99","","","","","","Généralement nuageux"
"2009-10-16 12:00","2009","10","16","12:00"," ","16,30","","10,60","","69,00","","24,00","","6,00","","32,20","","101,06","","","","","","Généralement dégagé"
"2009-10-16 13:00","2009","10","16","13:00"," ","16,00","","10,50","","70,00","","23,00","","11,00","","32,20","","101,09","","","","","","Généralement nuageux"
"2009-10-16 14:00","2009","10","16","14:00"," ","13,80","","10,30","","79,00","","5,00","","7,00","","32,20","","101,14","","","","","","Généralement nuageux"
"2009-10-16 15:00","2009","10","16","15:00"," ","13,80","","10,30","","79,00","","9,00","","9,00","","32,20","","101,20","","","","","","Généralement nuageux"
"2009-10-16 16:00","2009","10","16","16:00"," ","13,80","","10,30","","79,00","","10,00","","9,00","","32,20","","101,27","","","","","","Généralement nuageux"
"2009-10-16 17:00","2009","10","16","17:00"," ","13,80","","11,30","","85,00","","14,00","","6,00","","32,20","","101,29","","","","","","Généralement nuageux"
"2009-10-16 18:00","2009","10","16","18:00"," ","11,40","","10,30","","93,00","","33,00","","6,00","","32,20","","101,27","","","","","","Généralement nuageux"
"2009-10-16 19:00","2009","10","16","19:00"," ","10,90","","10,10","","95,00","","0,00","","0,00","","24,10","","101,23","","","","","","Généralement nuageux"
"2009-10-16 20:00","2009","10","16","20:00"," ","10,90","","10,20","","95,00","","0,00","","0,00","","24,10","","101,20","","","","","","Généralement nuageux"
"2009-10-16 21:00","2009","10","16","21:00"," ","10,80","","9,90","","94,00","","17,00","","7,00","","24,10","","101,22","","","","","","Nuageux"
"2009-10-16 22:00","2009","10","16","22:00"," ","9,80","","9,20","","96,00","","26,00","","6,00","","24,10","","101,20","","","","","","Nuageux"
"2009-10-16 23:00","2009","10","16","23:00"," ","9,50","","8,90","","96,00","","25,00","","7,00","","24,10","","101,17","","","","","","Nuageux"
"2009-10-17 00:00","2009","10","17","00:00"," ","9,20","","8,60","","96,00","","20,00","","6,00","","24,10","","101,12","","","","","","Généralement nuageux"
"2009-10-17 01:00","2009","10","17","01:00"," ","9,10","","8,60","","97,00","","0,00","","0,00","","24,10","","101,06","","","","","","Généralement nuageux"
"2009-10-17 02:00","2009","10","17","02:00"," ","9,50","","8,90","","96,00","","0,00","","0,00","","24,10","","100,96","","","","","","Nuageux"
"2009-10-17 03:00","2009","10","17","03:00"," ","9,40","","8,80","","96,00","","24,00","","6,00","","24,10","","100,85","","","","","","Nuageux"
"2009-10-17 04:00","2009","10","17","04:00"," ","9,90","","9,20","","95,00","","21,00","","6,00","","24,10","","100,79","","","","","","Nuageux"
"2009-10-17 05:00","2009","10","17","05:00"," ","10,00","","9,40","","96,00","","6,00","","7,00","","24,10","","100,71","","","","","","Nuageux"
"2009-10-17 06:00","2009","10","17","06:00"," ","9,80","","9,30","","97,00","","29,00","","9,00","","3,20","","100,60","","","","","","Brouillard"
"2009-10-17 07:00","2009","10","17","07:00"," ","9,80","","9,20","","96,00","","0,00","","0,00","","4,80","","100,56","","","","","","Brouillard"
"2009-10-17 08:00","2009","10","17","08:00"," ","10,20","","9,60","","96,00","","0,00","","0,00","","11,30","","100,50","","","","","","Nuageux"
"2009-10-17 09:00","2009","10","17","09:00"," ","10,70","","9,90","","95,00","","0,00","","0,00","","12,90","","100,47","","","","","","Nuageux"
"2009-10-17 10:00","2009","10","17","10:00"," ","11,40","","10,60","","95,00","","0,00","","0,00","","8,00","","100,40","","","","","","Pluie,Brouillard"
"2009-10-17 11:00","2009","10","17","11:00"," ","10,90","","10,30","","96,00","","0,00","","0,00","","9,70","","100,40","","","","","","Brouillard"
"2009-10-17 12:00","2009","10","17","12:00"," ","10,90","","10,20","","95,00","","33,00","","6,00","","12,90","","100,36","","","","","","Nuageux"
"2009-10-17 13:00","2009","10","17","13:00"," ","10,10","","9,40","","95,00","","0,00","","0,00","","12,90","","100,35","","","","","","Pluie"
"2009-10-17 14:00","2009","10","17","14:00"," ","10,60","","9,70","","94,00","","32,00","","6,00","","4,80","","100,33","","","","","","Bruine,Brouillard"
"2009-10-17 15:00","2009","10","17","15:00"," ","10,70","","9,60","","93,00","","32,00","","9,00","","8,00","","100,35","","","","","","Bruine,Brouillard"
"2009-10-17 16:00","2009","10","17","16:00"," ","10,70","","9,50","","92,00","","0,00","","0,00","","12,90","","100,43","","","","","","Averses de pluie"
"2009-10-17 17:00","2009","10","17","17:00"," ","10,50","","9,20","","92,00","","0,00","","0,00","","19,30","","100,45","","","","","","Généralement nuageux"
"2009-10-17 18:00","2009","10","17","18:00"," ","10,30","","9,20","","93,00","","0,00","","0,00","","19,30","","100,50","","","","","","Généralement nuageux"
"2009-10-17 19:00","2009","10","17","19:00"," ","9,00","","7,30","","89,00","","25,00","","6,00","","19,30","","100,60","","","","","","Généralement nuageux"
"2009-10-17 20:00","2009","10","17","20:00"," ","8,70","","6,70","","87,00","","24,00","","9,00","","19,30","","100,68","","","","","","Généralement dégagé"
"2009-10-17 21:00","2009","10","17","21:00"," ","8,40","","6,40","","87,00","","24,00","","9,00","","19,30","","100,75","","","","","","Généralement dégagé"
"2009-10-17 22:00","2009","10","17","22:00"," ","8,70","","6,00","","83,00","","21,00","","9,00","","19,30","","100,82","","","","","","Généralement dégagé"
"2009-10-17 23:00","2009","10","17","23:00"," ","7,90","","6,00","","88,00","","22,00","","11,00","","24,10","","100,93","","","","","","Dégagé"
"2009-10-18 00:00","2009","10","18","00:00"," ","7,90","","6,20","","89,00","","21,00","","7,00","","24,10","","101,00","","","","","","Dégagé"
"2009-10-18 01:00","2009","10","18","01:00"," ","7,60","","6,20","","91,00","","24,00","","9,00","","24,10","","101,08","","","","","","Dégagé"
"2009-10-18 02:00","2009","10","18","02:00"," ","6,60","","5,70","","94,00","","19,00","","6,00","","24,10","","101,13","","","","","","Dégagé"
"2009-10-18 03:00","2009","10","18","03:00"," ","6,30","","5,30","","93,00","","21,00","","7,00","","24,10","","101,16","","","","","","Généralement dégagé"
"2009-10-18 04:00","2009","10","18","04:00"," ","5,00","","4,00","","93,00","","21,00","","9,00","","24,10","","101,18","","","","","","Généralement dégagé"
"2009-10-18 05:00","2009","10","18","05:00"," ","5,80","","5,20","","96,00","","23,00","","6,00","","24,10","","101,21","","","","","","Généralement dégagé"
"2009-10-18 06:00","2009","10","18","06:00"," ","7,40","","6,20","","92,00","","23,00","","7,00","","24,10","","101,23","","","","","","Généralement nuageux"
"2009-10-18 07:00","2009","10","18","07:00"," ","7,90","","6,70","","92,00","","19,00","","6,00","","32,20","","101,23","","","","","","Généralement nuageux"
"2009-10-18 08:00","2009","10","18","08:00"," ","8,20","","7,10","","93,00","","19,00","","4,00","","32,20","","101,27","","","","","","Généralement nuageux"
"2009-10-18 09:00","2009","10","18","09:00"," ","8,90","","7,60","","92,00","","0,00","","0,00","","32,20","","101,28","","","","","","Généralement nuageux"
"2009-10-18 10:00","2009","10","18","10:00"," ","9,00","","7,40","","90,00","","0,00","","0,00","","32,20","","101,33","","","","","","Généralement nuageux"
"2009-10-18 11:00","2009","10","18","11:00"," ","10,20","","7,80","","85,00","","3,00","","4,00","","32,20","","101,36","","","","","","Généralement nuageux"
"2009-10-18 12:00","2009","10","18","12:00"," ","9,70","","7,90","","89,00","","4,00","","7,00","","32,20","","101,39","","","","","","Généralement nuageux"
"2009-10-18 13:00","2009","10","18","13:00"," ","9,60","","8,10","","90,00","","2,00","","9,00","","32,20","","101,37","","","","","","Généralement nuageux"
"2009-10-18 14:00","2009","10","18","14:00"," ","10,20","","7,40","","83,00","","6,00","","6,00","","32,20","","101,31","","","","","","Généralement nuageux"
"2009-10-18 15:00","2009","10","18","15:00"," ","10,60","","7,30","","80,00","","0,00","","0,00","","32,20","","101,26","","","","","","Généralement dégagé"
"2009-10-18 16:00","2009","10","18","16:00"," ","10,40","","6,80","","78,00","","0,00","","0,00","","32,20","","101,23","","","","","","Généralement dégagé"
"2009-10-18 17:00","2009","10","18","17:00"," ","9,40","","7,10","","86,00","","0,00","","0,00","","32,20","","101,21","","","","","","Généralement dégagé"
"2009-10-18 18:00","2009","10","18","18:00"," ","7,00","","6,10","","94,00","","0,00","","0,00","","32,20","","101,20","","","","","","Généralement dégagé"
"2009-10-18 19:00","2009","10","18","19:00"," ","5,90","","5,30","","96,00","","0,00","","0,00","","24,10","","101,21","","","","","","Généralement dégagé"
"2009-10-18 20:00","2009","10","18","20:00"," ","5,10","","4,50","","96,00","","0,00","","0,00","","24,10","","101,23","","","","","","Généralement dégagé"
"2009-10-18 21:00","2009","10","18","21:00"," ","4,80","","4,00","","95,00","","0,00","","0,00","","24,10","","101,22","","","","","","Généralement dégagé"
"2009-10-18 22:00","2009","10","18","22:00"," ","4,40","","3,80","","96,00","","0,00","","0,00","","24,10","","101,23","","","","","","Généralement dégagé"
"2009-10-18 23:00","2009","10","18","23:00"," ","3,30","","2,70","","96,00","","22,00","","6,00","","24,10","","101,24","","","","","","Dégagé"
"2009-10-19 00:00","2009","10","19","00:00"," ","3,20","","2,30","","94,00","","23,00","","6,00","","24,10","","101,26","","","","","","Dégagé"
"2009-10-19 01:00","2009","10","19","01:00"," ","3,30","","2,40","","94,00","","24,00","","6,00","","24,10","","101,24","","","","","","Généralement dégagé"
"2009-10-19 02:00","2009","10","19","02:00"," ","4,60","","4,00","","96,00","","26,00","","6,00","","12,90","","101,26","","","","","","Généralement nuageux"
"2009-10-19 03:00","2009","10","19","03:00"," ","5,70","","5,20","","97,00","","23,00","","6,00","","4,80","","101,25","","","","","","Brouillard"
"2009-10-19 04:00","2009","10","19","04:00"," ","6,40","","5,90","","97,00","","25,00","","7,00","","4,80","","101,22","","","","","","Brouillard"
"2009-10-19 05:00","2009","10","19","05:00"," ","6,90","","6,40","","97,00","","25,00","","13,00","","9,70","","101,24","","","","","","Brouillard"
"2009-10-19 06:00","2009","10","19","06:00"," ","6,60","","6,10","","97,00","","23,00","","6,00","","12,90","","101,26","","","","","","Nuageux"
"2009-10-19 07:00","2009","10","19","07:00"," ","6,70","","6,20","","97,00","","0,00","","0,00","","8,00","","101,27","","","","","","Brouillard"
"2009-10-19 08:00","2009","10","19","08:00"," ","7,30","","7,10","","99,00","","0,00","","0,00","","0,40","","101,31","","","","","","Brouillard"
"2009-10-19 09:00","2009","10","19","09:00"," ","7,90","","7,40","","97,00","","0,00","","0,00","","16,10","","101,34","","","","","","Nuageux"
"2009-10-19 10:00","2009","10","19","10:00"," ","8,60","","6,20","","85,00","","0,00","","0,00","","32,20","","101,40","","","","","","Nuageux"
"2009-10-19 11:00","2009","10","19","11:00"," ","9,10","","6,00","","81,00","","0,00","","0,00","","32,20","","101,48","","","","","","Nuageux"
"2009-10-19 12:00","2009","10","19","12:00"," ","8,80","","5,70","","81,00","","0,00","","0,00","","32,20","","101,49","","","","","","Nuageux"
"2009-10-19 13:00","2009","10","19","13:00"," ","9,30","","6,10","","80,00","","5,00","","6,00","","32,20","","101,49","","","","","","Nuageux"
"2009-10-19 14:00","2009","10","19","14:00"," ","9,40","","6,10","","80,00","","0,00","","0,00","","32,20","","101,49","","","","","","Généralement nuageux"
"2009-10-19 15:00","2009","10","19","15:00"," ","9,10","","6,00","","81,00","","2,00","","6,00","","32,20","","101,46","","","","","","Généralement nuageux"
"2009-10-19 16:00","2009","10","19","16:00"," ","8,60","","5,90","","83,00","","2,00","","6,00","","32,20","","101,49","","","","","","Généralement nuageux"
"2009-10-19 17:00","2009","10","19","17:00"," ","8,40","","5,70","","83,00","","0,00","","0,00","","32,20","","101,53","","","","","","Nuageux"
"2009-10-19 18:00","2009","10","19","18:00"," ","8,40","","5,90","","84,00","","0,00","","0,00","","24,10","","101,55","","","","","","Nuageux"
"2009-10-19 19:00","2009","10","19","19:00"," ","8,30","","6,10","","86,00","","0,00","","0,00","","24,10","","101,56","","","","","","Nuageux"
"2009-10-19 20:00","2009","10","19","20:00"," ","8,20","","6,00","","86,00","","0,00","","0,00","","24,10","","101,61","","","","","","Nuageux"
"2009-10-19 21:00","2009","10","19","21:00"," ","8,00","","6,20","","88,00","","0,00","","0,00","","24,10","","101,66","","","","","","Nuageux"
"2009-10-19 22:00","2009","10","19","22:00"," ","8,00","","5,80","","86,00","","0,00","","0,00","","24,10","","101,64","","","","","","Nuageux"
"2009-10-19 23:00","2009","10","19","23:00"," ","7,80","","5,40","","85,00","","0,00","","0,00","","24,10","","101,64","","","","","","Nuageux"
"2009-10-20 00:00","2009","10","20","00:00"," ","7,60","","5,30","","85,00","","14,00","","6,00","","24,10","","101,64","","","","","","Nuageux"
"2009-10-20 01:00","2009","10","20","01:00"," ","7,20","","5,60","","90,00","","12,00","","9,00","","16,10","","101,65","","","","","","Nuageux"
"2009-10-20 02:00","2009","10","20","02:00"," ","6,80","","5,30","","90,00","","9,00","","7,00","","16,10","","101,65","","","","","","Nuageux"
"2009-10-20 03:00","2009","10","20","03:00"," ","7,10","","5,80","","91,00","","9,00","","6,00","","16,10","","101,59","","","","","","Nuageux"
"2009-10-20 04:00","2009","10","20","04:00"," ","7,10","","5,60","","90,00","","10,00","","15,00","","16,10","","101,55","","","","","","Nuageux"
"2009-10-20 05:00","2009","10","20","05:00"," ","7,30","","5,60","","89,00","","10,00","","9,00","","24,10","","101,53","","","","","","Nuageux"
"2009-10-20 06:00","2009","10","20","06:00"," ","7,50","","5,80","","89,00","","11,00","","9,00","","24,10","","101,52","","","","","","Nuageux"
"2009-10-20 07:00","2009","10","20","07:00"," ","7,50","","5,80","","89,00","","10,00","","13,00","","24,10","","101,52","","","","","","Généralement nuageux"
"2009-10-20 08:00","2009","10","20","08:00"," ","7,70","","5,80","","88,00","","11,00","","7,00","","32,20","","101,53","","","","","","Généralement nuageux"
"2009-10-20 09:00","2009","10","20","09:00"," ","8,30","","5,90","","85,00","","12,00","","7,00","","32,20","","101,44","","","","","","Généralement nuageux"
"2009-10-20 10:00","2009","10","20","10:00"," ","9,40","","6,50","","82,00","","11,00","","19,00","","32,20","","101,37","","","","","","Généralement nuageux"
"2009-10-20 11:00","2009","10","20","11:00"," ","10,40","","7,00","","79,00","","10,00","","22,00","","32,20","","101,35","","","","","","Nuageux"
"2009-10-20 12:00","2009","10","20","12:00"," ","10,50","","7,50","","82,00","","12,00","","15,00","","32,20","","101,26","","","","","","Pluie"
"2009-10-20 13:00","2009","10","20","13:00"," ","10,60","","7,50","","81,00","","11,00","","22,00","","32,20","","101,17","","","","","","Pluie"
"2009-10-20 14:00","2009","10","20","14:00"," ","11,10","","7,30","","77,00","","10,00","","15,00","","32,20","","101,16","","","","","","Pluie"
"2009-10-20 15:00","2009","10","20","15:00"," ","11,00","","7,40","","78,00","","11,00","","19,00","","32,20","","101,03","","","","","","Nuageux"
"2009-10-20 16:00","2009","10","20","16:00"," ","11,10","","7,50","","78,00","","10,00","","19,00","","32,20","","100,89","","","","","","Nuageux"
"2009-10-20 17:00","2009","10","20","17:00"," ","11,30","","7,40","","77,00","","11,00","","24,00","","32,20","","100,78","","","","","","Nuageux"
"2009-10-20 18:00","2009","10","20","18:00"," ","11,40","","7,40","","76,00","","11,00","","15,00","","24,10","","100,75","","","","","","Nuageux"
"2009-10-20 19:00","2009","10","20","19:00"," ","11,40","","7,50","","77,00","","10,00","","32,00","","24,10","","100,69","","","","","","Nuageux"
"2009-10-20 20:00","2009","10","20","20:00"," ","11,40","","7,50","","77,00","","11,00","","22,00","","24,10","","100,59","","","","","","Nuageux"
"2009-10-20 21:00","2009","10","20","21:00"," ","11,30","","7,50","","77,00","","9,00","","22,00","","24,10","","100,49","","","","","","Nuageux"
"2009-10-20 22:00","2009","10","20","22:00"," ","11,10","","7,60","","79,00","","10,00","","26,00","","24,10","","100,46","","","","","","Nuageux"
"2009-10-20 23:00","2009","10","20","23:00"," ","10,90","","7,70","","81,00","","8,00","","19,00","","24,10","","100,44","","","","","","Pluie"
"2009-10-21 00:00","2009","10","21","00:00"," ","10,40","","8,00","","85,00","","9,00","","19,00","","24,10","","100,44","","","","","","Pluie"
"2009-10-21 01:00","2009","10","21","01:00"," ","10,10","","8,00","","87,00","","9,00","","19,00","","24,10","","100,41","","","","","","Pluie"
"2009-10-21 02:00","2009","10","21","02:00"," ","10,00","","8,40","","90,00","","8,00","","20,00","","24,10","","100,42","","","","","","Pluie"
"2009-10-21 03:00","2009","10","21","03:00"," ","9,90","","8,50","","91,00","","12,00","","13,00","","24,10","","100,42","","","","","","Pluie"
"2009-10-21 04:00","2009","10","21","04:00"," ","9,80","","8,60","","92,00","","11,00","","15,00","","24,10","","100,40","","","","","","Nuageux"
"2009-10-21 05:00","2009","10","21","05:00"," ","9,80","","8,30","","90,00","","10,00","","19,00","","24,10","","100,43","","","","","","Généralement nuageux"
"2009-10-21 06:00","2009","10","21","06:00"," ","9,30","","8,20","","93,00","","10,00","","9,00","","24,10","","100,43","","","","","","Généralement nuageux"
"2009-10-21 07:00","2009","10","21","07:00"," ","9,60","","8,50","","93,00","","12,00","","11,00","","32,20","","100,44","","","","","","Averses de pluie"
"2009-10-21 08:00","2009","10","21","08:00"," ","10,10","","8,70","","91,00","","6,00","","7,00","","12,90","","100,57","","","","","","Averses de pluie modérées"
"2009-10-21 09:00","2009","10","21","09:00"," ","9,80","","8,80","","93,00","","0,00","","0,00","","24,10","","100,65","","","","","","Généralement nuageux"
"2009-10-21 10:00","2009","10","21","10:00"," ","10,90","","9,70","","92,00","","10,00","","9,00","","24,10","","100,72","","","","","","Averses de pluie"
"2009-10-21 11:00","2009","10","21","11:00"," ","12,10","","10,50","","90,00","","0,00","","0,00","","24,10","","100,78","","","","","","Généralement nuageux"
"2009-10-21 12:00","2009","10","21","12:00"," ","11,20","","9,80","","91,00","","10,00","","13,00","","32,20","","100,87","","","","","","Généralement nuageux"
"2009-10-21 13:00","2009","10","21","13:00"," ","12,60","","11,00","","90,00","","9,00","","11,00","","32,20","","100,90","","","","","","Averses de pluie"
"2009-10-21 14:00","2009","10","21","14:00"," ","12,40","","9,90","","85,00","","9,00","","11,00","","32,20","","100,99","","","","","","Généralement nuageux"
"2009-10-21 15:00","2009","10","21","15:00"," ","13,80","","9,90","","77,00","","15,00","","7,00","","32,20","","101,06","","","","","","Averses de pluie"
"2009-10-21 16:00","2009","10","21","16:00"," ","13,30","","10,40","","83,00","","0,00","","0,00","","32,20","","101,12","","","","","","Averses de pluie"
"2009-10-21 17:00","2009","10","21","17:00"," ","12,40","","9,40","","82,00","","15,00","","6,00","","32,20","","101,17","","","","","","Averses de pluie"
"2009-10-21 18:00","2009","10","21","18:00"," ","10,60","","9,10","","90,00","","0,00","","0,00","","24,10","","101,23","","","","","","Averses de pluie"
"2009-10-21 19:00","2009","10","21","19:00"," ","10,10","","8,90","","92,00","","0,00","","0,00","","24,10","","101,34","","","","","","Averses de pluie"
"2009-10-21 20:00","2009","10","21","20:00"," ","8,80","","8,00","","95,00","","0,00","","0,00","","24,10","","101,39","","","","","","Généralement nuageux"
"2009-10-21 21:00","2009","10","21","21:00"," ","9,00","","8,10","","94,00","","0,00","","0,00","","24,10","","101,44","","","","","","Généralement nuageux"
"2009-10-21 22:00","2009","10","21","22:00"," ","7,90","","7,20","","95,00","","0,00","","0,00","","24,10","","101,54","","","","","","Généralement nuageux"
"2009-10-21 23:00","2009","10","21","23:00"," ","8,00","","7,10","","94,00","","0,00","","0,00","","24,10","","101,61","","","","","","Généralement nuageux"
"2009-10-22 00:00","2009","10","22","00:00"," ","7,70","","7,20","","97,00","","0,00","","0,00","","24,10","","101,63","","","","","","Généralement nuageux"
"2009-10-22 01:00","2009","10","22","01:00"," ","8,20","","7,60","","96,00","","0,00","","0,00","","24,10","","101,67","","","","","","Généralement nuageux"
"2009-10-22 02:00","2009","10","22","02:00"," ","8,00","","7,40","","96,00","","0,00","","0,00","","24,10","","101,70","","","","","","Nuageux"
"2009-10-22 03:00","2009","10","22","03:00"," ","8,10","","7,30","","95,00","","24,00","","7,00","","24,10","","101,73","","","","","","Nuageux"
"2009-10-22 04:00","2009","10","22","04:00"," ","8,10","","7,50","","96,00","","0,00","","0,00","","24,10","","101,74","","","","","","Nuageux"
"2009-10-22 05:00","2009","10","22","05:00"," ","7,60","","7,10","","97,00","","0,00","","0,00","","24,10","","101,74","","","","","","Nuageux"
"2009-10-22 06:00","2009","10","22","06:00"," ","9,00","","7,70","","92,00","","0,00","","0,00","","24,10","","101,73","","","","","","Nuageux"
"2009-10-22 07:00","2009","10","22","07:00"," ","8,30","","7,50","","95,00","","0,00","","0,00","","32,20","","101,72","","","","","","Nuageux"
"2009-10-22 08:00","2009","10","22","08:00"," ","8,60","","7,70","","94,00","","0,00","","0,00","","32,20","","101,71","","","","","","Nuageux"
"2009-10-22 09:00","2009","10","22","09:00"," ","9,30","","8,20","","93,00","","0,00","","0,00","","32,20","","101,68","","","","","","Nuageux"
"2009-10-22 10:00","2009","10","22","10:00"," ","9,70","","8,30","","91,00","","0,00","","0,00","","24,10","","101,69","","","","","","Averses de pluie"
"2009-10-22 11:00","2009","10","22","11:00"," ","10,50","","7,90","","84,00","","12,00","","19,00","","19,30","","101,64","","","","","","Pluie"
"2009-10-22 12:00","2009","10","22","12:00"," ","10,60","","8,00","","84,00","","10,00","","19,00","","19,30","","101,55","","","","","","Pluie"
"2009-10-22 13:00","2009","10","22","13:00"," ","10,60","","8,00","","84,00","","10,00","","20,00","","16,10","","101,52","","","","","","Pluie"
"2009-10-22 14:00","2009","10","22","14:00"," ","10,40","","8,30","","87,00","","10,00","","19,00","","16,10","","101,40","","","","","","Pluie"
"2009-10-22 15:00","2009","10","22","15:00"," ","9,80","","8,50","","92,00","","10,00","","24,00","","16,10","","101,30","","","","","","Pluie"
"2009-10-22 16:00","2009","10","22","16:00"," ","9,70","","8,60","","93,00","","10,00","","28,00","","16,10","","101,21","","","","","","Pluie modérée"
"2009-10-22 17:00","2009","10","22","17:00"," ","9,60","","8,60","","93,00","","10,00","","26,00","","16,10","","101,07","","","","","","Pluie"
"2009-10-22 18:00","2009","10","22","18:00"," ","9,60","","8,60","","93,00","","10,00","","28,00","","16,10","","100,92","","","","","","Pluie"
"2009-10-22 19:00","2009","10","22","19:00"," ","9,80","","8,40","","91,00","","9,00","","28,00","","16,10","","100,80","","","","","","Pluie"
"2009-10-22 20:00","2009","10","22","20:00"," ","9,70","","8,40","","92,00","","10,00","","28,00","","16,10","","100,73","","","","","","Pluie"
"2009-10-22 21:00","2009","10","22","21:00"," ","9,90","","8,50","","91,00","","9,00","","26,00","","16,10","","100,74","","","","","","Pluie"
"2009-10-22 22:00","2009","10","22","22:00"," ","9,80","","8,50","","92,00","","10,00","","26,00","","16,10","","100,71","","","","","","Pluie"
"2009-10-22 23:00","2009","10","22","23:00"," ","9,80","","8,50","","92,00","","10,00","","28,00","","16,10","","100,73","","","","","","Pluie"
"2009-10-23 00:00","2009","10","23","00:00"," ","9,60","","8,50","","93,00","","10,00","","19,00","","16,10","","100,67","","","","","","Pluie"
"2009-10-23 01:00","2009","10","23","01:00"," ","9,70","","8,40","","92,00","","9,00","","19,00","","24,10","","100,66","","","","","","Pluie"
"2009-10-23 02:00","2009","10","23","02:00"," ","9,60","","8,30","","92,00","","10,00","","19,00","","24,10","","100,68","","","","","","Nuageux"
"2009-10-23 03:00","2009","10","23","03:00"," ","9,50","","8,30","","92,00","","11,00","","11,00","","24,10","","100,68","","","","","","Averses de pluie"
"2009-10-23 04:00","2009","10","23","04:00"," ","9,20","","8,30","","94,00","","11,00","","9,00","","16,10","","100,67","","","","","","Averses de pluie"
"2009-10-23 05:00","2009","10","23","05:00"," ","9,10","","8,20","","94,00","","9,00","","19,00","","16,10","","100,62","","","","","","Averses de pluie"
"2009-10-23 06:00","2009","10","23","06:00"," ","9,30","","8,30","","93,00","","9,00","","7,00","","16,10","","100,68","","","","","","Averses de pluie"
"2009-10-23 07:00","2009","10","23","07:00"," ","9,30","","8,20","","93,00","","11,00","","19,00","","16,10","","100,67","","","","","","Averses de pluie"
"2009-10-23 08:00","2009","10","23","08:00"," ","9,20","","8,40","","95,00","","34,00","","6,00","","8,00","","100,76","","","","","","Averses de pluie,Brouillard"
"2009-10-23 09:00","2009","10","23","09:00"," ","9,50","","8,70","","95,00","","22,00","","4,00","","12,90","","100,87","","","","","","Averses de pluie"
"2009-10-23 10:00","2009","10","23","10:00"," ","10,40","","9,10","","92,00","","25,00","","6,00","","16,10","","100,95","","","","","","Averses de pluie"
"2009-10-23 11:00","2009","10","23","11:00"," ","10,50","","8,30","","86,00","","27,00","","13,00","","19,30","","101,05","","","","","","Généralement nuageux"
"2009-10-23 12:00","2009","10","23","12:00"," ","12,00","","8,90","","81,00","","27,00","","9,00","","24,10","","101,13","","","","","","Généralement dégagé"
"2009-10-23 13:00","2009","10","23","13:00"," ","11,90","","7,30","","73,00","","30,00","","15,00","","24,10","","101,22","","","","","","Généralement nuageux"
"2009-10-23 14:00","2009","10","23","14:00"," ","11,80","","7,20","","73,00","","23,00","","7,00","","24,10","","101,29","","","","","","Généralement dégagé"
"2009-10-23 15:00","2009","10","23","15:00"," ","12,30","","5,60","","64,00","","28,00","","13,00","","24,10","","101,36","","","","","","Généralement dégagé"
"2009-10-23 16:00","2009","10","23","16:00"," ","11,40","","6,00","","69,00","","26,00","","13,00","","24,10","","101,44","","","","","","Généralement dégagé"
"2009-10-23 17:00","2009","10","23","17:00"," ","9,90","","6,00","","77,00","","22,00","","6,00","","24,10","","101,53","","","","","","Généralement dégagé"
"2009-10-23 18:00","2009","10","23","18:00"," ","8,00","","5,90","","87,00","","21,00","","6,00","","24,10","","101,61","","","","","","Généralement dégagé"
"2009-10-23 19:00","2009","10","23","19:00"," ","8,20","","5,20","","81,00","","20,00","","13,00","","24,10","","101,67","","","","","","Généralement dégagé"
"2009-10-23 20:00","2009","10","23","20:00"," ","5,90","","4,70","","92,00","","20,00","","7,00","","24,10","","101,73","","","","","","Dégagé"
"2009-10-23 21:00","2009","10","23","21:00"," ","5,30","","4,50","","95,00","","24,00","","7,00","","24,10","","101,78","","","","","","Généralement dégagé"
"2009-10-23 22:00","2009","10","23","22:00"," ","7,60","","5,90","","89,00","","19,00","","9,00","","24,10","","101,82","","","","","","Généralement dégagé"
"2009-10-23 23:00","2009","10","23","23:00"," ","7,50","","6,00","","90,00","","21,00","","11,00","","24,10","","101,87","","","","","","Généralement dégagé"
"2009-10-24 00:00","2009","10","24","00:00"," ","8,30","","6,60","","89,00","","20,00","","7,00","","24,10","","101,92","","","","","","Averses de pluie"
"2009-10-24 01:00","2009","10","24","01:00"," ","8,00","","6,50","","90,00","","21,00","","7,00","","24,10","","101,97","","","","","","Nuageux"
"2009-10-24 02:00","2009","10","24","02:00"," ","7,60","","5,90","","89,00","","24,00","","7,00","","24,10","","102,01","","","","","","Nuageux"
"2009-10-24 03:00","2009","10","24","03:00"," ","6,40","","5,40","","93,00","","0,00","","0,00","","24,10","","102,05","","","","","","Généralement nuageux"
"2009-10-24 04:00","2009","10","24","04:00"," ","4,90","","4,00","","94,00","","0,00","","0,00","","24,10","","102,08","","","","","","Généralement nuageux"
"2009-10-24 05:00","2009","10","24","05:00"," ","4,70","","4,20","","97,00","","0,00","","0,00","","24,10","","102,09","","","","","","Généralement nuageux"
"2009-10-24 06:00","2009","10","24","06:00"," ","3,40","","2,70","","95,00","","0,00","","0,00","","24,10","","102,18","","","","","","Généralement dégagé"
"2009-10-24 07:00","2009","10","24","07:00"," ","3,50","","2,90","","96,00","","16,00","","6,00","","16,10","","102,21","","","","","","Généralement dégagé"
"2009-10-24 08:00","2009","10","24","08:00"," ","4,50","","3,80","","95,00","","0,00","","0,00","","16,10","","102,25","","","","","","Généralement nuageux"
"2009-10-24 09:00","2009","10","24","09:00"," ","6,20","","5,80","","97,00","","0,00","","0,00","","24,10","","102,31","","","","","","Nuageux"
"2009-10-24 10:00","2009","10","24","10:00"," ","8,30","","7,10","","92,00","","0,00","","0,00","","32,20","","102,30","","","","","","Généralement nuageux"
"2009-10-24 11:00","2009","10","24","11:00"," ","8,90","","7,20","","89,00","","0,00","","0,00","","32,20","","102,30","","","","","","Généralement dégagé"
"2009-10-24 12:00","2009","10","24","12:00"," ","9,00","","7,40","","90,00","","3,00","","6,00","","32,20","","102,36","","","","","","Généralement dégagé"
"2009-10-24 13:00","2009","10","24","13:00"," ","8,80","","7,40","","91,00","","6,00","","6,00","","32,20","","102,30","","","","","","Généralement dégagé"
"2009-10-24 14:00","2009","10","24","14:00"," ","9,30","","7,20","","87,00","","6,00","","9,00","","32,20","","102,23","","","","","","Généralement dégagé"
"2009-10-24 15:00","2009","10","24","15:00"," ","10,40","","6,80","","78,00","","8,00","","11,00","","32,20","","102,21","","","","","","Généralement dégagé"
"2009-10-24 16:00","2009","10","24","16:00"," ","10,90","","6,90","","76,00","","9,00","","7,00","","32,20","","102,17","","","","","","Généralement dégagé"
"2009-10-24 17:00","2009","10","24","17:00"," ","9,90","","6,30","","78,00","","0,00","","0,00","","32,20","","102,16","","","","","","Généralement nuageux"
"2009-10-24 18:00","2009","10","24","18:00"," ","7,10","","5,90","","92,00","","0,00","","0,00","","24,10","","102,14","","","","","","Généralement nuageux"
"2009-10-24 19:00","2009","10","24","19:00"," ","5,50","","4,40","","93,00","","0,00","","0,00","","24,10","","102,06","","","","","","Généralement nuageux"
"2009-10-24 20:00","2009","10","24","20:00"," ","4,70","","3,80","","94,00","","0,00","","0,00","","24,10","","102,07","","","","","","Généralement nuageux"
"2009-10-24 21:00","2009","10","24","21:00"," ","5,20","","4,00","","92,00","","0,00","","0,00","","24,10","","102,13","","","","","","Généralement nuageux"
"2009-10-24 22:00","2009","10","24","22:00"," ","6,00","","4,90","","93,00","","17,00","","6,00","","24,10","","102,07","","","","","","Généralement nuageux"
"2009-10-24 23:00","2009","10","24","23:00"," ","7,80","","5,70","","87,00","","11,00","","19,00","","24,10","","101,97","","","","","","Généralement nuageux"
"2009-10-25 00:00","2009","10","25","00:00"," ","7,80","","5,50","","85,00","","10,00","","15,00","","24,10","","101,89","","","","","","Généralement nuageux"
"2009-10-25 01:00","2009","10","25","01:00"," ","8,20","","5,90","","85,00","","14,00","","7,00","","24,10","","101,88","","","","","","Généralement nuageux"
"2009-10-25 02:00","2009","10","25","02:00"," ","8,30","","5,50","","83,00","","12,00","","13,00","","24,10","","101,89","","","","","","Nuageux"
"2009-10-25 03:00","2009","10","25","03:00"," ","8,60","","5,50","","81,00","","12,00","","19,00","","24,10","","101,78","","","","","","Nuageux"
"2009-10-25 04:00","2009","10","25","04:00"," ","8,10","","6,00","","87,00","","11,00","","26,00","","24,10","","101,60","","","","","","Pluie"
"2009-10-25 05:00","2009","10","25","05:00"," ","8,70","","5,70","","81,00","","10,00","","24,00","","24,10","","101,49","","","","","","Nuageux"
"2009-10-25 06:00","2009","10","25","06:00"," ","8,60","","5,90","","83,00","","9,00","","19,00","","16,10","","101,51","","","","","","Pluie"
"2009-10-25 07:00","2009","10","25","07:00"," ","7,80","","6,40","","91,00","","10,00","","30,00","","12,90","","101,41","","","","","","Pluie"
"2009-10-25 08:00","2009","10","25","08:00"," ","7,90","","6,50","","91,00","","10,00","","28,00","","9,70","","101,35","","","","","","Pluie,Brouillard"
"2009-10-25 09:00","2009","10","25","09:00"," ","7,90","","6,70","","92,00","","10,00","","28,00","","9,70","","101,25","","","","","","Pluie,Brouillard"
"2009-10-25 10:00","2009","10","25","10:00"," ","7,80","","6,70","","93,00","","10,00","","24,00","","9,70","","101,20","","","","","","Pluie,Brouillard"
"2009-10-25 11:00","2009","10","25","11:00"," ","8,00","","6,80","","92,00","","10,00","","26,00","","19,30","","101,02","","","","","","Pluie"
"2009-10-25 12:00","2009","10","25","12:00"," ","7,40","","6,40","","93,00","","10,00","","24,00","","9,70","","101,02","","","","","","Pluie,Brouillard"
"2009-10-25 13:00","2009","10","25","13:00"," ","7,40","","6,50","","94,00","","10,00","","22,00","","9,70","","101,08","","","","","","Pluie modérée,Brouillard"
"2009-10-25 14:00","2009","10","25","14:00"," ","7,40","","6,50","","94,00","","10,00","","20,00","","9,70","","101,08","","","","","","Pluie,Brouillard"
"2009-10-25 15:00","2009","10","25","15:00"," ","7,30","","6,20","","93,00","","9,00","","19,00","","9,70","","100,97","","","","","","Pluie,Brouillard"
"2009-10-25 16:00","2009","10","25","16:00"," ","7,40","","6,30","","93,00","","10,00","","19,00","","16,10","","100,88","","","","","","Pluie"
"2009-10-25 17:00","2009","10","25","17:00"," ","7,60","","6,10","","90,00","","10,00","","19,00","","32,20","","100,81","","","","","","Pluie"
"2009-10-25 18:00","2009","10","25","18:00"," ","7,70","","5,90","","88,00","","10,00","","19,00","","24,10","","100,77","","","","","","Nuageux"
"2009-10-25 19:00","2009","10","25","19:00"," ","7,90","","5,70","","86,00","","9,00","","22,00","","24,10","","100,73","","","","","","Nuageux"
"2009-10-25 20:00","2009","10","25","20:00"," ","8,20","","5,90","","85,00","","11,00","","19,00","","24,10","","100,66","","","","","","Nuageux"
"2009-10-25 21:00","2009","10","25","21:00"," ","7,90","","6,40","","90,00","","10,00","","19,00","","24,10","","100,62","","","","","","Averses de pluie"
"2009-10-25 22:00","2009","10","25","22:00"," ","8,30","","6,80","","90,00","","10,00","","13,00","","24,10","","100,64","","","","","","Averses de pluie"
"2009-10-25 23:00","2009","10","25","23:00"," ","8,10","","6,60","","90,00","","10,00","","11,00","","24,10","","100,57","","","","","","Averses de pluie"
"2009-10-26 00:00","2009","10","26","00:00"," ","8,00","","7,00","","93,00","","12,00","","9,00","","19,30","","100,49","","","","","","Averses de pluie"
"2009-10-26 01:00","2009","10","26","01:00"," ","8,10","","7,20","","94,00","","16,00","","9,00","","19,30","","100,51","","","","","","Averses de pluie"
"2009-10-26 02:00","2009","10","26","02:00"," ","8,80","","8,10","","95,00","","28,00","","6,00","","19,30","","100,63","","","","","","Averses de pluie"
"2009-10-26 03:00","2009","10","26","03:00"," ","8,40","","7,40","","93,00","","25,00","","6,00","","24,10","","100,68","","","","","","Généralement nuageux"
"2009-10-26 04:00","2009","10","26","04:00"," ","7,50","","6,10","","91,00","","23,00","","6,00","","24,10","","100,72","","","","","","Généralement dégagé"
"2009-10-26 05:00","2009","10","26","05:00"," ","7,50","","5,80","","89,00","","22,00","","9,00","","24,10","","100,74","","","","","","Généralement dégagé"
"2009-10-26 06:00","2009","10","26","06:00"," ","7,10","","4,90","","86,00","","22,00","","9,00","","24,10","","100,76","","","","","","Généralement dégagé"
"2009-10-26 07:00","2009","10","26","07:00"," ","6,70","","4,90","","88,00","","21,00","","6,00","","24,10","","100,81","","","","","","Généralement nuageux"
"2009-10-26 08:00","2009","10","26","08:00"," ","6,20","","4,90","","91,00","","19,00","","7,00","","24,10","","100,84","","","","","","Généralement nuageux"
"2009-10-26 09:00","2009","10","26","09:00"," ","7,60","","5,00","","84,00","","23,00","","9,00","","32,20","","100,89","","","","","","Généralement dégagé"
"2009-10-26 10:00","2009","10","26","10:00"," ","7,30","","5,20","","87,00","","23,00","","6,00","","24,10","","100,90","","","","","","Averses de pluie"
"2009-10-26 11:00","2009","10","26","11:00"," ","7,10","","5,40","","89,00","","27,00","","9,00","","24,10","","100,98","","","","","","Averses de pluie"
"2009-10-26 12:00","2009","10","26","12:00"," ","9,10","","6,00","","81,00","","24,00","","11,00","","32,20","","100,96","","","","","","Généralement dégagé"
"2009-10-26 13:00","2009","10","26","13:00"," ","8,30","","5,10","","80,00","","23,00","","11,00","","32,20","","101,01","","","","","","Averses de pluie"
"2009-10-26 14:00","2009","10","26","14:00"," ","9,00","","4,60","","74,00","","23,00","","15,00","","32,20","","101,06","","","","","","Généralement nuageux"
"2009-10-26 15:00","2009","10","26","15:00"," ","6,30","","4,40","","88,00","","22,00","","11,00","","32,20","","101,10","","","","","","Généralement nuageux"
"2009-10-26 16:00","2009","10","26","16:00"," ","6,20","","4,20","","87,00","","24,00","","11,00","","32,20","","101,17","","","","","","Généralement nuageux"
"2009-10-26 17:00","2009","10","26","17:00"," ","6,00","","4,00","","87,00","","24,00","","15,00","","24,10","","101,20","","","","","","Averses de pluie"
"2009-10-26 18:00","2009","10","26","18:00"," ","5,80","","4,00","","88,00","","22,00","","19,00","","24,10","","101,23","","","","","","Généralement nuageux"
"2009-10-26 19:00","2009","10","26","19:00"," ","5,80","","3,80","","87,00","","23,00","","22,00","","24,10","","101,30","","","","","","Averses de pluie"
"2009-10-26 20:00","2009","10","26","20:00"," ","6,00","","4,40","","89,00","","14,00","","9,00","","24,10","","101,35","","","","","","Averses de pluie"
"2009-10-26 21:00","2009","10","26","21:00"," ","5,70","","4,60","","93,00","","23,00","","7,00","","24,10","","101,46","","","","","","Averses de pluie"
"2009-10-26 22:00","2009","10","26","22:00"," ","5,40","","4,00","","91,00","","21,00","","7,00","","24,10","","101,54","","","","","","Généralement dégagé"
"2009-10-26 23:00","2009","10","26","23:00"," ","5,50","","4,20","","91,00","","21,00","","6,00","","24,10","","101,62","","","","","","Averses de pluie"
"2009-10-27 00:00","2009","10","27","00:00"," ","5,40","","4,30","","93,00","","24,00","","6,00","","24,10","","101,68","","","","","","Averses de pluie"
"2009-10-27 01:00","2009","10","27","01:00"," ","5,10","","3,90","","92,00","","21,00","","9,00","","24,10","","101,77","","","","","","Généralement dégagé"
"2009-10-27 02:00","2009","10","27","02:00"," ","5,40","","4,10","","91,00","","0,00","","0,00","","24,10","","101,87","","","","","","Averses de pluie"
"2009-10-27 03:00","2009","10","27","03:00"," ","5,50","","4,30","","92,00","","0,00","","0,00","","24,10","","101,92","","","","","","Averses de pluie"
"2009-10-27 04:00","2009","10","27","04:00"," ","5,90","","4,20","","89,00","","25,00","","7,00","","24,10","","101,99","","","","","","Averses de pluie"
"2009-10-27 05:00","2009","10","27","05:00"," ","5,80","","4,20","","89,00","","24,00","","6,00","","24,10","","102,07","","","","","","Généralement nuageux"
"2009-10-27 06:00","2009","10","27","06:00"," ","5,70","","4,30","","91,00","","22,00","","6,00","","24,10","","102,14","","","","","","Averses de pluie"
"2009-10-27 07:00","2009","10","27","07:00"," ","5,70","","4,30","","91,00","","21,00","","9,00","","32,20","","102,17","","","","","","Généralement nuageux"
"2009-10-27 08:00","2009","10","27","08:00"," ","5,50","","4,40","","93,00","","22,00","","9,00","","32,20","","102,21","","","","","","Généralement nuageux"
"2009-10-27 09:00","2009","10","27","09:00"," ","7,30","","5,00","","85,00","","21,00","","6,00","","32,20","","102,28","","","","","","Généralement dégagé"
"2009-10-27 10:00","2009","10","27","10:00"," ","9,10","","5,00","","75,00","","22,00","","6,00","","32,20","","102,30","","","","","","Généralement dégagé"
"2009-10-27 11:00","2009","10","27","11:00"," ","8,70","","5,60","","81,00","","28,00","","7,00","","32,20","","102,35","","","","","","Généralement dégagé"
"2009-10-27 12:00","2009","10","27","12:00"," ","9,30","","5,50","","77,00","","30,00","","11,00","","32,20","","102,39","","","","","","Généralement dégagé"
"2009-10-27 13:00","2009","10","27","13:00"," ","9,00","","5,80","","80,00","","29,00","","11,00","","32,20","","102,40","","","","","","Généralement dégagé"
"2009-10-27 14:00","2009","10","27","14:00"," ","10,10","","5,50","","73,00","","30,00","","15,00","","32,20","","102,41","","","","","","Généralement dégagé"
"2009-10-27 15:00","2009","10","27","15:00"," ","9,50","","4,90","","73,00","","31,00","","11,00","","32,20","","102,48","","","","","","Généralement nuageux"
"2009-10-27 16:00","2009","10","27","16:00"," ","9,00","","4,90","","75,00","","30,00","","7,00","","32,20","","102,48","","","","","","Généralement nuageux"
"2009-10-27 17:00","2009","10","27","17:00"," ","7,10","","5,50","","90,00","","0,00","","0,00","","32,20","","102,46","","","","","","Nuageux"
"2009-10-27 18:00","2009","10","27","18:00"," ","6,50","","4,60","","88,00","","21,00","","6,00","","24,10","","102,44","","","","","","Nuageux"
"2009-10-27 19:00","2009","10","27","19:00"," ","5,50","","4,40","","93,00","","21,00","","6,00","","24,10","","102,42","","","","","","Nuageux"
"2009-10-27 20:00","2009","10","27","20:00"," ","4,70","","3,70","","93,00","","0,00","","0,00","","24,10","","102,42","","","","","","Nuageux"
"2009-10-27 21:00","2009","10","27","21:00"," ","4,90","","3,70","","92,00","","23,00","","7,00","","24,10","","102,42","","","","","","Nuageux"
"2009-10-27 22:00","2009","10","27","22:00"," ","5,10","","3,80","","91,00","","0,00","","0,00","","24,10","","102,41","","","","","","Nuageux"
"2009-10-27 23:00","2009","10","27","23:00"," ","5,10","","3,70","","91,00","","22,00","","6,00","","24,10","","102,38","","","","","","Nuageux"
"2009-10-28 00:00","2009","10","28","00:00"," ","4,00","","3,00","","93,00","","0,00","","0,00","","24,10","","102,38","","","","","","Nuageux"
"2009-10-28 01:00","2009","10","28","01:00"," ","4,00","","3,10","","94,00","","0,00","","0,00","","24,10","","102,38","","","","","","Nuageux"
"2009-10-28 02:00","2009","10","28","02:00"," ","3,70","","3,00","","95,00","","24,00","","6,00","","24,10","","102,36","","","","","","Nuageux"
"2009-10-28 03:00","2009","10","28","03:00"," ","3,90","","3,00","","94,00","","0,00","","0,00","","24,10","","102,32","","","","","","Nuageux"
"2009-10-28 04:00","2009","10","28","04:00"," ","3,70","","2,80","","94,00","","0,00","","0,00","","24,10","","102,30","","","","","","Nuageux"
"2009-10-28 05:00","2009","10","28","05:00"," ","3,90","","3,20","","95,00","","0,00","","0,00","","24,10","","102,26","","","","","","Nuageux"
"2009-10-28 06:00","2009","10","28","06:00"," ","3,50","","2,70","","94,00","","0,00","","0,00","","24,10","","102,23","","","","","","Nuageux"
"2009-10-28 07:00","2009","10","28","07:00"," ","3,70","","3,10","","96,00","","0,00","","0,00","","24,10","","102,14","","","","","","Nuageux"
"2009-10-28 08:00","2009","10","28","08:00"," ","3,90","","3,40","","97,00","","0,00","","0,00","","24,10","","102,11","","","","","","Nuageux"
"2009-10-28 09:00","2009","10","28","09:00"," ","4,80","","4,00","","95,00","","0,00","","0,00","","24,10","","102,05","","","","","","Nuageux"
"2009-10-28 10:00","2009","10","28","10:00"," ","5,70","","4,40","","91,00","","0,00","","0,00","","24,10","","102,04","","","","","","Nuageux"
"2009-10-28 11:00","2009","10","28","11:00"," ","6,00","","4,50","","90,00","","0,00","","0,00","","32,20","","102,05","","","","","","Nuageux"
"2009-10-28 12:00","2009","10","28","12:00"," ","6,60","","5,10","","90,00","","14,00","","6,00","","32,20","","101,98","","","","","","Nuageux"
"2009-10-28 13:00","2009","10","28","13:00"," ","6,60","","5,00","","90,00","","10,00","","15,00","","32,20","","101,86","","","","","","Pluie"
"2009-10-28 14:00","2009","10","28","14:00"," ","6,60","","5,40","","92,00","","9,00","","22,00","","12,90","","101,79","","","","","","Pluie"
"2009-10-28 15:00","2009","10","28","15:00"," ","5,90","","4,20","","89,00","","9,00","","19,00","","12,90","","101,74","","","","","","Pluie"
"2009-10-28 16:00","2009","10","28","16:00"," ","5,30","","3,90","","91,00","","11,00","","19,00","","8,00","","101,57","","","","","","Pluie,Brouillard"
"2009-10-28 17:00","2009","10","28","17:00"," ","5,10","","3,80","","91,00","","9,00","","19,00","","4,80","","101,43","","","","","","Pluie,Brouillard"
"2009-10-28 18:00","2009","10","28","18:00"," ","5,00","","3,60","","91,00","","10,00","","22,00","","8,00","","101,36","","","","","","Pluie,Brouillard"
"2009-10-28 19:00","2009","10","28","19:00"," ","4,70","","3,80","","94,00","","12,00","","24,00","","4,80","","101,22","","","","","","Pluie modérée,Brouillard"
"2009-10-28 20:00","2009","10","28","20:00"," ","5,00","","4,10","","94,00","","9,00","","22,00","","4,80","","101,10","","","","","","Pluie,Brouillard"
"2009-10-28 21:00","2009","10","28","21:00"," ","4,40","","3,50","","94,00","","10,00","","37,00","","4,80","","101,05","","","","","","Pluie,Brouillard"
"2009-10-28 22:00","2009","10","28","22:00"," ","4,30","","3,40","","94,00","","9,00","","28,00","","4,80","","100,97","","","","","","Pluie,Brouillard"
"2009-10-28 23:00","2009","10","28","23:00"," ","4,30","","3,20","","93,00","","9,00","","37,00","","4,80","","100,88","","","","","","Pluie"
"2009-10-29 00:00","2009","10","29","00:00"," ","4,40","","3,20","","92,00","","9,00","","30,00","","4,80","","100,81","","","","","","Pluie"
"2009-10-29 01:00","2009","10","29","01:00"," ","4,30","","3,30","","93,00","","9,00","","33,00","","4,80","","100,80","","","","","","Pluie modérée"
"2009-10-29 02:00","2009","10","29","02:00"," ","4,40","","3,60","","95,00","","9,00","","32,00","","4,80","","100,74","","","","","","Pluie modérée"
"2009-10-29 03:00","2009","10","29","03:00"," ","4,50","","3,60","","94,00","","8,00","","30,00","","4,80","","100,73","","","","","","Pluie"
"2009-10-29 04:00","2009","10","29","04:00"," ","4,60","","3,80","","95,00","","9,00","","33,00","","4,80","","100,74","","","","","","Pluie,Brouillard"
"2009-10-29 05:00","2009","10","29","05:00"," ","5,10","","3,90","","92,00","","9,00","","26,00","","4,80","","100,67","","","","","","Pluie,Brouillard"
"2009-10-29 06:00","2009","10","29","06:00"," ","5,20","","4,10","","93,00","","8,00","","26,00","","4,80","","100,69","","","","","","Pluie,Brouillard"
"2009-10-29 07:00","2009","10","29","07:00"," ","5,40","","4,30","","93,00","","9,00","","24,00","","4,80","","100,71","","","","","","Pluie,Brouillard"
"2009-10-29 08:00","2009","10","29","08:00"," ","5,70","","4,60","","93,00","","9,00","","19,00","","12,90","","100,68","","","","","","Pluie"
"2009-10-29 09:00","2009","10","29","09:00"," ","5,90","","4,70","","92,00","","9,00","","20,00","","12,90","","100,59","","","","","","Pluie"
"2009-10-29 10:00","2009","10","29","10:00"," ","6,10","","4,90","","92,00","","10,00","","22,00","","4,80","","100,62","","","","","","Pluie modérée,Brouillard"
"2009-10-29 11:00","2009","10","29","11:00"," ","6,30","","5,60","","95,00","","9,00","","19,00","","6,40","","100,57","","","","","","Pluie,Brouillard"
"2009-10-29 12:00","2009","10","29","12:00"," ","6,40","","5,60","","95,00","","9,00","","20,00","","4,80","","100,58","","","","","","Pluie,Brouillard"
"2009-10-29 13:00","2009","10","29","13:00"," ","6,60","","5,80","","95,00","","10,00","","19,00","","4,80","","100,55","","","","","","Pluie,Brouillard"
"2009-10-29 14:00","2009","10","29","14:00"," ","6,80","","6,10","","95,00","","9,00","","20,00","","4,80","","100,62","","","","","","Pluie,Brouillard"
"2009-10-29 15:00","2009","10","29","15:00"," ","6,80","","6,00","","95,00","","10,00","","20,00","","2,40","","100,62","","","","","","Pluie,Brouillard"
"2009-10-29 16:00","2009","10","29","16:00"," ","7,10","","6,50","","96,00","","12,00","","11,00","","6,40","","100,63","","","","","","Pluie,Brouillard"
"2009-10-29 17:00","2009","10","29","17:00"," ","7,00","","6,40","","96,00","","10,00","","15,00","","2,40","","100,59","","","","","","Pluie,Brouillard"
"2009-10-29 18:00","2009","10","29","18:00"," ","7,00","","6,40","","96,00","","7,00","","19,00","","2,40","","100,65","","","","","","Pluie,Brouillard"
"2009-10-29 19:00","2009","10","29","19:00"," ","7,00","","6,40","","96,00","","12,00","","11,00","","2,40","","100,54","","","","","","Pluie,Brouillard"
"2009-10-29 20:00","2009","10","29","20:00"," ","7,10","","6,30","","95,00","","11,00","","9,00","","4,80","","100,51","","","","","","Pluie,Brouillard"
"2009-10-29 21:00","2009","10","29","21:00"," ","7,40","","6,50","","94,00","","11,00","","15,00","","12,90","","100,51","","","","","","Pluie"
"2009-10-29 22:00","2009","10","29","22:00"," ","7,50","","6,90","","96,00","","12,00","","9,00","","12,90","","100,53","","","","","","Pluie"
"2009-10-29 23:00","2009","10","29","23:00"," ","7,80","","7,10","","95,00","","11,00","","17,00","","12,90","","100,55","","","","","","Pluie"
"2009-10-30 00:00","2009","10","30","00:00"," ","7,90","","7,30","","96,00","","12,00","","13,00","","12,90","","100,54","","","","","","Pluie modérée"
"2009-10-30 01:00","2009","10","30","01:00"," ","8,10","","7,30","","95,00","","10,00","","17,00","","12,90","","100,52","","","","","","Pluie"
"2009-10-30 02:00","2009","10","30","02:00"," ","8,20","","7,50","","95,00","","12,00","","11,00","","12,90","","100,49","","","","","","Pluie"
"2009-10-30 03:00","2009","10","30","03:00"," ","8,40","","7,90","","97,00","","10,00","","9,00","","12,90","","100,41","","","","","","Pluie"
"2009-10-30 04:00","2009","10","30","04:00"," ","8,60","","8,20","","97,00","","11,00","","13,00","","12,90","","100,36","","","","","","Pluie"
"2009-10-30 05:00","2009","10","30","05:00"," ","9,00","","8,40","","96,00","","12,00","","9,00","","12,90","","100,35","","","","","","Pluie modérée"
"2009-10-30 06:00","2009","10","30","06:00"," ","9,20","","8,50","","95,00","","12,00","","9,00","","12,90","","100,33","","","","","","Pluie"
"2009-10-30 07:00","2009","10","30","07:00"," ","9,10","","8,70","","97,00","","0,00","","0,00","","24,10","","100,30","","","","","","Pluie"
"2009-10-30 08:00","2009","10","30","08:00"," ","9,60","","8,90","","95,00","","11,00","","17,00","","24,10","","100,30","","","","","","Pluie"
"2009-10-30 09:00","2009","10","30","09:00"," ","9,60","","8,80","","95,00","","10,00","","15,00","","16,10","","100,26","","","","","","Pluie"
"2009-10-30 10:00","2009","10","30","10:00"," ","9,90","","8,80","","93,00","","13,00","","19,00","","16,10","","100,08","","","","","","Pluie"
"2009-10-30 11:00","2009","10","30","11:00"," ","10,20","","9,40","","95,00","","13,00","","17,00","","4,80","","99,98","","","","","","Pluie,Brouillard"
"2009-10-30 12:00","2009","10","30","12:00"," ","10,60","","9,80","","95,00","","11,00","","19,00","","4,80","","99,87","","","","","","Pluie,Brouillard"
"2009-10-30 13:00","2009","10","30","13:00"," ","11,00","","10,20","","95,00","","11,00","","20,00","","4,80","","99,79","","","","","","Pluie modérée,Brouillard"
"2009-10-30 14:00","2009","10","30","14:00"," ","11,50","","10,80","","95,00","","11,00","","15,00","","4,80","","99,69","","","","","","Pluie,Brouillard"
"2009-10-30 15:00","2009","10","30","15:00"," ","12,20","","11,50","","95,00","","11,00","","19,00","","4,80","","99,56","","","","","","Pluie modérée,Brouillard"
"2009-10-30 16:00","2009","10","30","16:00"," ","12,40","","11,60","","95,00","","12,00","","11,00","","4,80","","99,43","","","","","","Pluie modérée,Brouillard"
"2009-10-30 17:00","2009","10","30","17:00"," ","12,40","","11,80","","96,00","","0,00","","0,00","","4,80","","99,43","","","","","","Averses de pluie modérées,Brouillard"
"2009-10-30 18:00","2009","10","30","18:00"," ","11,90","","11,10","","95,00","","21,00","","19,00","","4,80","","99,52","","","","","","Averses de pluie modérées,Brouillard"
"2009-10-30 19:00","2009","10","30","19:00"," ","11,70","","8,90","","83,00","","23,00","","19,00","","12,90","","99,58","","","","","","Généralement nuageux"
"2009-10-30 20:00","2009","10","30","20:00"," ","11,90","","9,10","","83,00","","12,00","","9,00","","16,10","","99,68","","","","","","Généralement nuageux"
"2009-10-30 21:00","2009","10","30","21:00"," ","10,40","","9,30","","93,00","","0,00","","0,00","","16,10","","99,76","","","","","","Averses de pluie"
"2009-10-30 22:00","2009","10","30","22:00"," ","9,50","","8,80","","95,00","","0,00","","0,00","","16,10","","99,79","","","","","","Averses de pluie"
"2009-10-30 23:00","2009","10","30","23:00"," ","10,00","","8,90","","93,00","","24,00","","20,00","","16,10","","99,97","","","","","","Averses de pluie"
"2009-10-31 00:00","2009","10","31","00:00"," ","9,80","","8,00","","89,00","","22,00","","15,00","","16,10","","100,09","","","","","","Généralement nuageux"
"2009-10-31 01:00","2009","10","31","01:00"," ","9,40","","7,90","","90,00","","23,00","","7,00","","16,10","","100,26","","","","","","Généralement dégagé"
"2009-10-31 02:00","2009","10","31","02:00"," ","9,20","","7,50","","89,00","","20,00","","7,00","","16,10","","100,38","","","","","","Averses de pluie"
"2009-10-31 03:00","2009","10","31","03:00"," ","7,90","","5,80","","87,00","","0,00","","0,00","","16,10","","100,51","","","","","","Averses de pluie"
"2009-10-31 04:00","2009","10","31","04:00"," ","7,60","","5,80","","88,00","","21,00","","6,00","","16,10","","100,60","","","","","","Averses de pluie"
"2009-10-31 05:00","2009","10","31","05:00"," ","7,60","","6,20","","91,00","","21,00","","19,00","","16,10","","100,75","","","","","","Averses de pluie modérées"
"2009-10-31 06:00","2009","10","31","06:00"," ","7,50","","5,50","","87,00","","20,00","","11,00","","16,10","","100,90","","","","","","Averses de pluie"
"2009-10-31 07:00","2009","10","31","07:00"," ","6,20","","5,20","","93,00","","19,00","","7,00","","19,30","","100,98","","","","","","Averses de pluie"
"2009-10-31 08:00","2009","10","31","08:00"," ","5,80","","5,00","","95,00","","0,00","","0,00","","24,10","","101,12","","","","","","Averses de pluie"
"2009-10-31 09:00","2009","10","31","09:00"," ","7,00","","5,80","","92,00","","27,00","","9,00","","19,30","","101,22","","","","","","Averses de pluie"
"2009-10-31 10:00","2009","10","31","10:00"," ","7,20","","5,40","","88,00","","18,00","","7,00","","24,10","","101,32","","","","","","Averses de pluie"
"2009-10-31 11:00","2009","10","31","11:00"," ","9,60","","7,90","","89,00","","20,00","","9,00","","24,10","","101,41","","","","","","Averses de pluie"
"2009-10-31 12:00","2009","10","31","12:00"," ","9,00","","6,70","","85,00","","18,00","","7,00","","19,30","","101,52","","","","","","Averses de pluie"
"2009-10-31 13:00","2009","10","31","13:00"," ","9,10","","6,70","","85,00","","21,00","","11,00","","32,20","","101,54","","","","","","Averses de pluie"
"2009-10-31 14:00","2009","10","31","14:00"," ","10,10","","6,70","","79,00","","22,00","","6,00","","32,20","","101,57","","","","","","Averses de pluie"
"2009-10-31 15:00","2009","10","31","15:00"," ","9,30","","5,80","","79,00","","23,00","","9,00","","32,20","","101,63","","","","","","Averses de pluie"
"2009-10-31 16:00","2009","10","31","16:00"," ","8,70","","7,30","","91,00","","0,00","","0,00","","32,20","","101,68","","","","","","Averses de pluie"
"2009-10-31 17:00","2009","10","31","17:00"," ","8,30","","5,90","","85,00","","0,00","","0,00","","32,20","","101,72","","","","","","Averses de pluie"
"2009-10-31 18:00","2009","10","31","18:00"," ","7,30","","6,10","","92,00","","0,00","","0,00","","24,10","","101,78","","","","","","Averses de pluie"
"2009-10-31 19:00","2009","10","31","19:00"," ","6,90","","5,90","","93,00","","0,00","","0,00","","24,10","","101,88","","","","","","Généralement nuageux"
"2009-10-31 20:00","2009","10","31","20:00"," ","6,10","","5,30","","95,00","","0,00","","0,00","","24,10","","101,94","","","","","","Généralement nuageux"
"2009-10-31 21:00","2009","10","31","21:00"," ","5,40","","4,40","","93,00","","15,00","","6,00","","24,10","","102,02","","","","","","Généralement nuageux"
"2009-10-31 22:00","2009","10","31","22:00"," ","4,80","","3,70","","93,00","","16,00","","6,00","","24,10","","102,08","","","","","","Généralement dégagé"
"2009-10-31 23:00","2009","10","31","23:00"," ","5,20","","3,90","","91,00","","17,00","","11,00","","24,10","","102,12","","","","","","Généralement nuageux"
