"Nom de la Station","BADGER (AUT)"
"Province","NEWFOUNDLAND"
"Latitude","48,97"
"Longitude","-56,07"
"Altitude","102,70"
"Identification Climat","8400301"
"Identification OMM","71400"
"Identification TC","WDI"
"Toutes les heures sont exprimées en heure normale locale (HNL). Pour convertir l'heure locale en heure avancée de l'Est (HAE), ajoutez 1 heure s'il y a lieu."

"Légende"
"M","Données Manquantes"
"E","Valeur Estimée"
"ND","Non Disponible"
"**","Données fournies par un partenaire, non assujetties à un révision par les Archives climatiques nationales du Canada"

"Date/Heure","Année","Mois","Jour","Heure","Qualité des Données","Temp (°C)","Temp Indicateur","Point de rosée (°C)","Point de rosée Indicateur","Hum. rel (%)","Hum. rel. Indicateur","Dir. du vent (10s deg)","Dir. du vent Indicateur","Vit. du vent (km/h)","Vit. du vent Indicateur","Visibilité (km)","Visibilité Indicateur","Pression à la station (kPa)","Pression à la station Indicateur","Hmdx","Hmdx Indicateur","Refroid. éolien","Refroid. éolien Indicateur","Temps"
"1994-09-01 00:00","1994","09","01","00:00"," ","","","","","","","","","","","","","","","","","","",""
"1994-09-01 00:30","1994","09","01","00:30"," ","9,90","","6,10","","77,00","","27,00","","17,00","","15,00","","","M","","","","","ND"
"1994-09-01 01:00","1994","09","01","01:00"," ","","","","","","","","","","","","","","","","","","",""
"1994-09-01 01:30","1994","09","01","01:30"," ","9,40","","5,50","","77,00","","27,00","","15,00","","15,00","","","M","","","","","ND"
"1994-09-01 02:00","1994","09","01","02:00"," ","","","","","","","","","","","","","","","","","","",""
"1994-09-01 02:30","1994","09","01","02:30"," ","9,40","","5,50","","77,00","","26,00","","7,00","","15,00","","","M","","","","","ND"
"1994-09-01 03:00","1994","09","01","03:00"," ","","","","","","","","","","","","","","","","","","",""
"1994-09-01 04:00","1994","09","01","04:00"," ","","","","","","","","","","","","","","","","","","",""
"1994-09-01 04:30","1994","09","01","04:30"," ","6,60","","4,90","","89,00","","23,00","","6,00","","15,00","","","M","","","","","ND"
"1994-09-01 05:00","1994","09","01","05:00"," ","","","","","","","","","","","","","","","","","","",""
"1994-09-01 05:30","1994","09","01","05:30"," ","6,10","","4,90","","92,00","","24,00","","6,00","","15,00","","","M","","","","","ND"
"1994-09-01 06:00","1994","09","01","06:00"," ","","","","","","","","","","","","","","","","","","",""
"1994-09-01 06:30","1994","09","01","06:30"," ","9,90","","6,60","","80,00","","26,00","","7,00","","15,00","","","M","","","","","ND"
"1994-09-01 07:00","1994","09","01","07:00"," ","","","","","","","","","","","","","","","","","","",""
"1994-09-01 07:30","1994","09","01","07:30"," ","12,70","","7,70","","72,00","","26,00","","11,00","","15,00","","","M","","","","","ND"
"1994-09-01 08:00","1994","09","01","08:00"," ","","","","","","","","","","","","","","","","","","",""
"1994-09-01 08:30","1994","09","01","08:30"," ","14,40","","7,70","","64,00","","30,00","","17,00","","15,00","","","M","","","","","ND"
"1994-09-01 09:00","1994","09","01","09:00"," ","","","","","","","","","","","","","","","","","","",""
"1994-09-01 09:30","1994","09","01","09:30"," ","14,40","","6,60","","59,00","","28,00","","19,00","","15,00","","","M","","","","","ND"
"1994-09-01 10:00","1994","09","01","10:00"," ","","","","","","","","","","","","","","","","","","",""
"1994-09-01 10:30","1994","09","01","10:30"," ","16,10","","6,60","","53,00","","30,00","","17,00","","15,00","","","M","","","","","ND"
"1994-09-01 11:00","1994","09","01","11:00"," ","","","","","","","","","","","","","","","","","","",""
"1994-09-01 11:30","1994","09","01","11:30"," ","17,20","","6,10","","48,00","","","M","","M","15,00","","","M","","","","","ND"
"1994-09-01 12:00","1994","09","01","12:00"," ","","","","","","","","","","","","","","","","","","",""
"1994-09-01 12:30","1994","09","01","12:30"," ","17,70","","6,10","","46,00","","27,00","","17,00","","15,00","","","M","","","","","ND"
"1994-09-01 13:00","1994","09","01","13:00"," ","","","","","","","","","","","","","","","","","","",""
"1994-09-01 13:30","1994","09","01","13:30"," ","17,20","","6,10","","48,00","","27,00","","17,00","","15,00","","","M","","","","","ND"
"1994-09-01 14:00","1994","09","01","14:00"," ","","","","","","","","","","","","","","","","","","",""
"1994-09-01 14:30","1994","09","01","14:30"," ","17,20","","6,10","","48,00","","27,00","","15,00","","15,00","","","M","","","","","ND"
"1994-09-01 15:00","1994","09","01","15:00"," ","","","","","","","","","","","","","","","","","","",""
"1994-09-01 15:30","1994","09","01","15:30"," ","16,10","","6,10","","51,00","","26,00","","15,00","","15,00","","","M","","","","","ND"
"1994-09-01 16:00","1994","09","01","16:00"," ","","","","","","","","","","","","","","","","","","",""
"1994-09-01 16:30","1994","09","01","16:30"," ","16,60","","6,60","","52,00","","28,00","","9,00","","15,00","","","M","","","","","ND"
"1994-09-01 17:00","1994","09","01","17:00"," ","","","","","","","","","","","","","","","","","","",""
"1994-09-01 17:30","1994","09","01","17:30"," ","16,10","","6,10","","51,00","","25,00","","6,00","","15,00","","","M","","","","","ND"
"1994-09-01 18:00","1994","09","01","18:00"," ","","","","","","","","","","","","","","","","","","",""
"1994-09-01 18:30","1994","09","01","18:30"," ","15,50","","6,60","","55,00","","26,00","","6,00","","15,00","","","M","","","","","ND"
"1994-09-01 19:00","1994","09","01","19:00"," ","","","","","","","","","","","","","","","","","","",""
"1994-09-01 19:30","1994","09","01","19:30"," ","10,50","","6,10","","74,00","","32,00","","2,00","","15,00","","","M","","","","","ND"
"1994-09-01 20:00","1994","09","01","20:00"," ","","","","","","","","","","","","","","","","","","",""
"1994-09-01 20:30","1994","09","01","20:30"," ","7,70","","3,80","","76,00","","27,00","","2,00","","15,00","","","M","","","","","ND"
"1994-09-01 21:00","1994","09","01","21:00"," ","","","","","","","","","","","","","","","","","","",""
"1994-09-01 21:30","1994","09","01","21:30"," ","5,50","","3,30","","86,00","","27,00","","4,00","","15,00","","","M","","","","","ND"
"1994-09-01 22:00","1994","09","01","22:00"," ","","","","","","","","","","","","","","","","","","",""
"1994-09-01 22:30","1994","09","01","22:30"," ","6,10","","4,40","","89,00","","26,00","","4,00","","15,00","","","M","","","","","ND"
"1994-09-01 23:00","1994","09","01","23:00"," ","","","","","","","","","","","","","","","","","","",""
"1994-09-01 23:30","1994","09","01","23:30"," ","6,10","","3,80","","85,00","","30,00","","2,00","","15,00","","","M","","","","","ND"
"1994-09-02 00:00","1994","09","02","00:00"," ","","","","","","","","","","","","","","","","","","",""
"1994-09-02 00:30","1994","09","02","00:30"," ","5,50","","2,20","","79,00","","25,00","","4,00","","15,00","","","M","","","","","ND"
"1994-09-02 01:00","1994","09","02","01:00"," ","","","","","","","","","","","","","","","","","","",""
"1994-09-02 01:30","1994","09","02","01:30"," ","4,40","","2,70","","89,00","","26,00","","4,00","","15,00","","","M","","","","","ND"
"1994-09-02 02:00","1994","09","02","02:00"," ","","","","","","","","","","","","","","","","","","",""
"1994-09-02 02:30","1994","09","02","02:30"," ","4,40","","2,20","","86,00","","22,00","","2,00","","15,00","","","M","","","","","ND"
"1994-09-02 03:00","1994","09","02","03:00"," ","","","","","","","","","","","","","","","","","","",""
"1994-09-02 03:30","1994","09","02","03:30"," ","4,40","","2,70","","89,00","","29,00","","6,00","","15,00","","","M","","","","","ND"
"1994-09-02 04:00","1994","09","02","04:00"," ","","","","","","","","","","","","","","","","","","",""
"1994-09-02 04:30","1994","09","02","04:30"," ","1,60","","0,00","","89,00","","24,00","","4,00","","15,00","","","M","","","","","ND"
"1994-09-02 05:00","1994","09","02","05:00"," ","","","","","","","","","","","","","","","","","","",""
"1994-09-02 05:30","1994","09","02","05:30"," ","0,00","","-2,20","","85,00","","26,00","","2,00","","15,00","","","M","","","-1,00","","ND"
"1994-09-02 06:00","1994","09","02","06:00"," ","","","","","","","","","","","","","","","","","","",""
"1994-09-02 06:30","1994","09","02","06:30"," ","1,60","","0,50","","92,00","","6,00","","2,00","","15,00","","","M","","","","","ND"
"1994-09-02 07:00","1994","09","02","07:00"," ","","","","","","","","","","","","","","","","","","",""
"1994-09-02 07:30","1994","09","02","07:30"," ","7,70","","5,50","","86,00","","19,00","","2,00","","15,00","","","M","","","","","ND"
"1994-09-02 08:00","1994","09","02","08:00"," ","","","","","","","","","","","","","","","","","","",""
"1994-09-02 08:30","1994","09","02","08:30"," ","11,10","","6,60","","74,00","","25,00","","2,00","","15,00","","","M","","","","","ND"
"1994-09-02 09:00","1994","09","02","09:00"," ","","","","","","","","","","","","","","","","","","",""
"1994-09-02 09:30","1994","09","02","09:30"," ","12,70","","7,70","","72,00","","28,00","","7,00","","15,00","","","M","","","","","ND"
"1994-09-02 10:00","1994","09","02","10:00"," ","","","","","","","","","","","","","","","","","","",""
"1994-09-02 10:30","1994","09","02","10:30"," ","16,10","","6,10","","51,00","","33,00","","17,00","","15,00","","","M","","","","","ND"
"1994-09-02 11:00","1994","09","02","11:00"," ","","","","","","","","","","","","","","","","","","",""
"1994-09-02 11:30","1994","09","02","11:30"," ","16,10","","5,50","","49,00","","31,00","","17,00","","15,00","","","M","","","","","ND"
"1994-09-02 12:00","1994","09","02","12:00"," ","","","","","","","","","","","","","","","","","","",""
"1994-09-02 12:30","1994","09","02","12:30"," ","16,60","","5,50","","48,00","","30,00","","19,00","","15,00","","","M","","","","","ND"
"1994-09-02 13:00","1994","09","02","13:00"," ","","","","","","","","","","","","","","","","","","",""
"1994-09-02 13:30","1994","09","02","13:30"," ","18,80","","6,10","","43,00","","31,00","","17,00","","15,00","","","M","","","","","ND"
"1994-09-02 14:00","1994","09","02","14:00"," ","","","","","","","","","","","","","","","","","","",""
"1994-09-02 14:30","1994","09","02","14:30"," ","17,20","","6,10","","48,00","","30,00","","19,00","","15,00","","","M","","","","","ND"
"1994-09-02 15:00","1994","09","02","15:00"," ","","","","","","","","","","","","","","","","","","",""
"1994-09-02 15:30","1994","09","02","15:30"," ","19,40","","6,60","","43,00","","32,00","","24,00","","15,00","","","M","","","","","ND"
"1994-09-02 16:00","1994","09","02","16:00"," ","","","","","","","","","","","","","","","","","","",""
"1994-09-02 16:30","1994","09","02","16:30"," ","17,20","","6,10","","48,00","","30,00","","15,00","","15,00","","","M","","","","","ND"
"1994-09-02 17:00","1994","09","02","17:00"," ","","","","","","","","","","","","","","","","","","",""
"1994-09-02 17:30","1994","09","02","17:30"," ","16,60","","4,90","","46,00","","32,00","","17,00","","15,00","","","M","","","","","ND"
"1994-09-02 18:00","1994","09","02","18:00"," ","","","","","","","","","","","","","","","","","","",""
"1994-09-02 18:30","1994","09","02","18:30"," ","14,40","","4,90","","53,00","","32,00","","13,00","","15,00","","","M","","","","","ND"
"1994-09-02 19:00","1994","09","02","19:00"," ","","","","","","","","","","","","","","","","","","",""
"1994-09-02 19:30","1994","09","02","19:30"," ","11,60","","4,90","","63,00","","30,00","","7,00","","15,00","","","M","","","","","ND"
"1994-09-02 20:00","1994","09","02","20:00"," ","","","","","","","","","","","","","","","","","","",""
"1994-09-02 20:30","1994","09","02","20:30"," ","11,10","","5,50","","68,00","","31,00","","11,00","","15,00","","","M","","","","","ND"
"1994-09-02 21:00","1994","09","02","21:00"," ","","","","","","","","","","","","","","","","","","",""
"1994-09-02 21:30","1994","09","02","21:30"," ","11,10","","5,50","","68,00","","29,00","","11,00","","15,00","","","M","","","","","ND"
"1994-09-02 22:00","1994","09","02","22:00"," ","","","","","","","","","","","","","","","","","","",""
"1994-09-02 22:30","1994","09","02","22:30"," ","9,90","","6,10","","77,00","","31,00","","6,00","","15,00","","","M","","","","","ND"
"1994-09-02 23:00","1994","09","02","23:00"," ","","","","","","","","","","","","","","","","","","",""
"1994-09-02 23:30","1994","09","02","23:30"," ","10,50","","6,60","","77,00","","4,00","","4,00","","15,00","","","M","","","","","ND"
"1994-09-03 00:00","1994","09","03","00:00"," ","","","","","","","","","","","","","","","","","","",""
"1994-09-03 00:30","1994","09","03","00:30"," ","10,50","","7,20","","80,00","","5,00","","2,00","","15,00","","","M","","","","","ND"
"1994-09-03 01:00","1994","09","03","01:00"," ","","","","","","","","","","","","","","","","","","",""
"1994-09-03 01:30","1994","09","03","01:30"," ","9,40","","7,20","","86,00","","11,00","","6,00","","15,00","","","M","","","","","ND"
"1994-09-03 02:00","1994","09","03","02:00"," ","","","","","","","","","","","","","","","","","","",""
"1994-09-03 02:30","1994","09","03","02:30"," ","8,80","","6,10","","83,00","","5,00","","4,00","","15,00","","","M","","","","","ND"
"1994-09-03 03:00","1994","09","03","03:00"," ","","","","","","","","","","","","","","","","","","",""
"1994-09-03 03:30","1994","09","03","03:30"," ","6,10","","3,30","","82,00","","19,00","","4,00","","15,00","","","M","","","","","ND"
"1994-09-03 04:00","1994","09","03","04:00"," ","","","","","","","","","","","","","","","","","","",""
"1994-09-03 04:30","1994","09","03","04:30"," ","2,70","","1,10","","89,00","","25,00","","7,00","","15,00","","","M","","","","","ND"
"1994-09-03 05:00","1994","09","03","05:00"," ","","","","","","","","","","","","","","","","","","",""
"1994-09-03 05:30","1994","09","03","05:30"," ","1,60","","-0,50","","86,00","","24,00","","6,00","","15,00","","","M","","","","","ND"
"1994-09-03 06:00","1994","09","03","06:00"," ","","","","","","","","","","","","","","","","","","",""
"1994-09-03 06:30","1994","09","03","06:30"," ","5,50","","2,70","","82,00","","22,00","","4,00","","15,00","","","M","","","","","ND"
"1994-09-03 07:00","1994","09","03","07:00"," ","","","","","","","","","","","","","","","","","","",""
"1994-09-03 07:30","1994","09","03","07:30"," ","8,80","","3,80","","71,00","","34,00","","9,00","","15,00","","","M","","","","","ND"
"1994-09-03 08:00","1994","09","03","08:00"," ","","","","","","","","","","","","","","","","","","",""
"1994-09-03 08:30","1994","09","03","08:30"," ","11,10","","2,70","","56,00","","30,00","","11,00","","15,00","","","M","","","","","ND"
"1994-09-03 09:00","1994","09","03","09:00"," ","","","","","","","","","","","","","","","","","","",""
"1994-09-03 09:30","1994","09","03","09:30"," ","12,20","","2,20","","50,00","","31,00","","13,00","","15,00","","","M","","","","","ND"
"1994-09-03 10:00","1994","09","03","10:00"," ","","","","","","","","","","","","","","","","","","",""
"1994-09-03 10:30","1994","09","03","10:30"," ","14,40","","1,60","","42,00","","32,00","","20,00","","15,00","","","M","","","","","ND"
"1994-09-03 11:00","1994","09","03","11:00"," ","","","","","","","","","","","","","","","","","","",""
"1994-09-03 11:30","1994","09","03","11:30"," ","14,90","","1,60","","40,00","","31,00","","15,00","","15,00","","","M","","","","","ND"
"1994-09-03 12:00","1994","09","03","12:00"," ","","","","","","","","","","","","","","","","","","",""
"1994-09-03 12:30","1994","09","03","12:30"," ","14,90","","1,10","","39,00","","34,00","","19,00","","15,00","","","M","","","","","ND"
"1994-09-03 13:00","1994","09","03","13:00"," ","","","","","","","","","","","","","","","","","","",""
"1994-09-03 13:30","1994","09","03","13:30"," ","16,10","","1,60","","37,00","","33,00","","19,00","","15,00","","","M","","","","","ND"
"1994-09-03 14:00","1994","09","03","14:00"," ","","","","","","","","","","","","","","","","","","",""
"1994-09-03 14:30","1994","09","03","14:30"," ","16,60","","2,20","","38,00","","27,00","","15,00","","15,00","","","M","","","","","ND"
"1994-09-03 15:00","1994","09","03","15:00"," ","","","","","","","","","","","","","","","","","","",""
"1994-09-03 15:30","1994","09","03","15:30"," ","16,60","","1,60","","36,00","","26,00","","19,00","","15,00","","","M","","","","","ND"
"1994-09-03 16:00","1994","09","03","16:00"," ","","","","","","","","","","","","","","","","","","",""
"1994-09-03 16:30","1994","09","03","16:30"," ","15,50","","0,50","","36,00","","29,00","","17,00","","15,00","","","M","","","","","ND"
"1994-09-03 17:00","1994","09","03","17:00"," ","","","","","","","","","","","","","","","","","","",""
"1994-09-03 17:30","1994","09","03","17:30"," ","13,30","","-0,50","","39,00","","28,00","","17,00","","15,00","","","M","","","","","ND"
"1994-09-03 18:00","1994","09","03","18:00"," ","","","","","","","","","","","","","","","","","","",""
"1994-09-03 18:30","1994","09","03","18:30"," ","11,10","","0,00","","46,00","","33,00","","7,00","","15,00","","","M","","","","","ND"
"1994-09-03 19:00","1994","09","03","19:00"," ","","","","","","","","","","","","","","","","","","",""
"1994-09-03 19:30","1994","09","03","19:30"," ","7,20","","0,00","","60,00","","32,00","","9,00","","15,00","","","M","","","","","ND"
"1994-09-03 20:00","1994","09","03","20:00"," ","","","","","","","","","","","","","","","","","","",""
"1994-09-03 20:30","1994","09","03","20:30"," ","3,30","","-0,50","","76,00","","26,00","","7,00","","15,00","","","M","","","","","ND"
"1994-09-03 21:00","1994","09","03","21:00"," ","","","","","","","","","","","","","","","","","","",""
"1994-09-03 21:30","1994","09","03","21:30"," ","2,70","","-1,60","","73,00","","28,00","","6,00","","15,00","","","M","","","","","ND"
"1994-09-03 22:00","1994","09","03","22:00"," ","","","","","","","","","","","","","","","","","","",""
"1994-09-03 22:30","1994","09","03","22:30"," ","-1,10","","-3,80","","82,00","","11,00","","2,00","","15,00","","","M","","","-2,00","","ND"
"1994-09-03 23:00","1994","09","03","23:00"," ","","","","","","","","","","","","","","","","","","",""
"1994-09-03 23:30","1994","09","03","23:30"," ","-0,50","","-4,40","","75,00","","27,00","","2,00","","15,00","","","M","","","-1,00","","ND"
"1994-09-04 00:00","1994","09","04","00:00"," ","","","","","","","","","","","","","","","","","","",""
"1994-09-04 00:30","1994","09","04","00:30"," ","-1,60","","-4,40","","81,00","","25,00","","6,00","","15,00","","","M","","","-4,00","","ND"
"1994-09-04 01:00","1994","09","04","01:00"," ","","","","","","","","","","","","","","","","","","",""
"1994-09-04 01:30","1994","09","04","01:30"," ","0,00","","-3,30","","78,00","","25,00","","4,00","","15,00","","","M","","","-1,00","","ND"
"1994-09-04 02:00","1994","09","04","02:00"," ","","","","","","","","","","","","","","","","","","",""
"1994-09-04 02:30","1994","09","04","02:30"," ","-1,60","","-3,80","","85,00","","22,00","","6,00","","15,00","","","M","","","-4,00","","ND"
"1994-09-04 03:00","1994","09","04","03:00"," ","","","","","","","","","","","","","","","","","","",""
"1994-09-04 03:30","1994","09","04","03:30"," ","-2,70","","-5,00","","84,00","","2,00","","2,00","","15,00","","","M","","","-3,00","","ND"
"1994-09-04 04:00","1994","09","04","04:00"," ","","","","","","","","","","","","","","","","","","",""
"1994-09-04 04:30","1994","09","04","04:30"," ","-3,30","","-5,00","","88,00","","32,00","","4,00","","15,00","","","M","","","-5,00","","ND"
"1994-09-04 05:00","1994","09","04","05:00"," ","","","","","","","","","","","","","","","","","","",""
"1994-09-04 05:30","1994","09","04","05:30"," ","-3,30","","-5,50","","85,00","","0,00","","0,00","","15,00","","","M","","","","","ND"
"1994-09-04 06:00","1994","09","04","06:00"," ","","","","","","","","","","","","","","","","","","",""
"1994-09-04 06:30","1994","09","04","06:30"," ","-1,10","","-3,30","","85,00","","24,00","","4,00","","15,00","","","M","","","-2,00","","ND"
"1994-09-04 07:00","1994","09","04","07:00"," ","","","","","","","","","","","","","","","","","","",""
"1994-09-04 07:30","1994","09","04","07:30"," ","","M","","M","","M","","M","","M","","M","","M","","","","","ND"
"1994-09-04 08:00","1994","09","04","08:00"," ","","","","","","","","","","","","","","","","","","",""
"1994-09-04 08:30","1994","09","04","08:30"," ","13,30","","5,50","","59,00","","25,00","","17,00","","15,00","","","M","","","","","ND"
"1994-09-04 09:00","1994","09","04","09:00"," ","","","","","","","","","","","","","","","","","","",""
"1994-09-04 09:30","1994","09","04","09:30"," ","14,90","","5,50","","53,00","","24,00","","19,00","","15,00","","","M","","","","","ND"
"1994-09-04 10:00","1994","09","04","10:00"," ","","","","","","","","","","","","","","","","","","",""
"1994-09-04 10:30","1994","09","04","10:30"," ","17,70","","6,60","","48,00","","25,00","","19,00","","15,00","","","M","","","","","ND"
"1994-09-04 11:00","1994","09","04","11:00"," ","","","","","","","","","","","","","","","","","","",""
"1994-09-04 11:30","1994","09","04","11:30"," ","19,90","","3,30","","33,00","","28,00","","22,00","","15,00","","","M","","","","","ND"
"1994-09-04 12:00","1994","09","04","12:00"," ","","","","","","","","","","","","","","","","","","",""
"1994-09-04 12:30","1994","09","04","12:30"," ","21,10","","2,70","","30,00","","29,00","","20,00","","15,00","","","M","","","","","ND"
"1994-09-04 13:00","1994","09","04","13:00"," ","","","","","","","","","","","","","","","","","","",""
"1994-09-04 13:30","1994","09","04","13:30"," ","21,60","","4,90","","34,00","","31,00","","20,00","","15,00","","","M","","","","","ND"
"1994-09-04 14:00","1994","09","04","14:00"," ","","","","","","","","","","","","","","","","","","",""
"1994-09-04 14:30","1994","09","04","14:30"," ","21,60","","2,70","","29,00","","28,00","","24,00","","15,00","","","M","","","","","ND"
"1994-09-04 15:00","1994","09","04","15:00"," ","","","","","","","","","","","","","","","","","","",""
"1994-09-04 15:30","1994","09","04","15:30"," ","18,80","","2,70","","34,00","","30,00","","22,00","","15,00","","","M","","","","","ND"
"1994-09-04 16:00","1994","09","04","16:00"," ","","","","","","","","","","","","","","","","","","",""
"1994-09-04 16:30","1994","09","04","16:30"," ","19,40","","3,30","","34,00","","29,00","","20,00","","15,00","","","M","","","","","ND"
"1994-09-04 17:00","1994","09","04","17:00"," ","","","","","","","","","","","","","","","","","","",""
"1994-09-04 17:30","1994","09","04","17:30"," ","16,60","","3,80","","42,00","","29,00","","19,00","","15,00","","","M","","","","","ND"
"1994-09-04 18:00","1994","09","04","18:00"," ","","","","","","","","","","","","","","","","","","",""
"1994-09-04 18:30","1994","09","04","18:30"," ","14,90","","2,20","","42,00","","28,00","","15,00","","15,00","","","M","","","","","ND"
"1994-09-04 19:00","1994","09","04","19:00"," ","","","","","","","","","","","","","","","","","","",""
"1994-09-04 19:30","1994","09","04","19:30"," ","11,60","","1,60","","50,00","","23,00","","6,00","","15,00","","","M","","","","","ND"
"1994-09-04 20:00","1994","09","04","20:00"," ","","","","","","","","","","","","","","","","","","",""
"1994-09-04 20:30","1994","09","04","20:30"," ","12,20","","2,70","","52,00","","22,00","","6,00","","15,00","","","M","","","","","ND"
"1994-09-04 21:00","1994","09","04","21:00"," ","","","","","","","","","","","","","","","","","","",""
"1994-09-04 21:30","1994","09","04","21:30"," ","9,90","","2,70","","61,00","","26,00","","7,00","","15,00","","","M","","","","","ND"
"1994-09-04 22:00","1994","09","04","22:00"," ","","","","","","","","","","","","","","","","","","",""
"1994-09-04 22:30","1994","09","04","22:30"," ","4,40","","1,10","","79,00","","30,00","","7,00","","15,00","","","M","","","","","ND"
"1994-09-04 23:00","1994","09","04","23:00"," ","","","","","","","","","","","","","","","","","","",""
"1994-09-04 23:30","1994","09","04","23:30"," ","3,80","","0,50","","79,00","","25,00","","6,00","","15,00","","","M","","","","","ND"
"1994-09-05 00:00","1994","09","05","00:00"," ","","","","","","","","","","","","","","","","","","",""
"1994-09-05 00:30","1994","09","05","00:30"," ","2,20","","-1,10","","79,00","","28,00","","4,00","","15,00","","","M","","","","","ND"
"1994-09-05 01:00","1994","09","05","01:00"," ","","","","","","","","","","","","","","","","","","",""
"1994-09-05 01:30","1994","09","05","01:30"," ","2,20","","-1,10","","79,00","","28,00","","6,00","","15,00","","","M","","","","","ND"
"1994-09-05 02:00","1994","09","05","02:00"," ","","","","","","","","","","","","","","","","","","",""
"1994-09-05 02:30","1994","09","05","02:30"," ","1,60","","-0,50","","86,00","","28,00","","7,00","","15,00","","","M","","","","","ND"
"1994-09-05 03:00","1994","09","05","03:00"," ","","","","","","","","","","","","","","","","","","",""
"1994-09-05 03:30","1994","09","05","03:30"," ","3,30","","0,50","","82,00","","30,00","","2,00","","15,00","","","M","","","","","ND"
"1994-09-05 04:00","1994","09","05","04:00"," ","","","","","","","","","","","","","","","","","","",""
"1994-09-05 04:30","1994","09","05","04:30"," ","1,60","","-0,50","","86,00","","6,00","","4,00","","15,00","","","M","","","","","ND"
"1994-09-05 05:00","1994","09","05","05:00"," ","","","","","","","","","","","","","","","","","","",""
"1994-09-05 05:30","1994","09","05","05:30"," ","1,10","","-1,10","","85,00","","4,00","","2,00","","15,00","","","M","","","","","ND"
"1994-09-05 06:00","1994","09","05","06:00"," ","","","","","","","","","","","","","","","","","","",""
"1994-09-05 06:30","1994","09","05","06:30"," ","2,20","","0,00","","85,00","","0,00","","0,00","","15,00","","","M","","","","","ND"
"1994-09-05 07:00","1994","09","05","07:00"," ","","","","","","","","","","","","","","","","","","",""
"1994-09-05 07:30","1994","09","05","07:30"," ","6,10","","3,30","","82,00","","7,00","","2,00","","15,00","","","M","","","","","ND"
"1994-09-05 08:00","1994","09","05","08:00"," ","","","","","","","","","","","","","","","","","","",""
"1994-09-05 08:30","1994","09","05","08:30"," ","11,10","","6,10","","71,00","","3,00","","2,00","","15,00","","","M","","","","","ND"
"1994-09-05 09:00","1994","09","05","09:00"," ","","","","","","","","","","","","","","","","","","",""
"1994-09-05 09:30","1994","09","05","09:30"," ","13,80","","7,70","","67,00","","22,00","","4,00","","15,00","","","M","","","","","ND"
"1994-09-05 10:00","1994","09","05","10:00"," ","","","","","","","","","","","","","","","","","","",""
"1994-09-05 10:30","1994","09","05","10:30"," ","17,20","","7,20","","52,00","","19,00","","4,00","","15,00","","","M","","","","","ND"
"1994-09-05 11:00","1994","09","05","11:00"," ","","","","","","","","","","","","","","","","","","",""
"1994-09-05 11:30","1994","09","05","11:30"," ","17,70","","8,30","","54,00","","9,00","","2,00","","15,00","","","M","","","","","ND"
"1994-09-05 12:00","1994","09","05","12:00"," ","","","","","","","","","","","","","","","","","","",""
"1994-09-05 12:30","1994","09","05","12:30"," ","19,40","","8,30","","49,00","","31,00","","4,00","","15,00","","","M","","","","","ND"
"1994-09-05 13:00","1994","09","05","13:00"," ","","","","","","","","","","","","","","","","","","",""
"1994-09-05 13:30","1994","09","05","13:30"," ","19,90","","7,70","","45,00","","2,00","","6,00","","15,00","","","M","","","","","ND"
"1994-09-05 14:00","1994","09","05","14:00"," ","","","","","","","","","","","","","","","","","","",""
"1994-09-05 14:30","1994","09","05","14:30"," ","19,40","","7,70","","47,00","","32,00","","2,00","","15,00","","","M","","","","","ND"
"1994-09-05 15:00","1994","09","05","15:00"," ","","","","","","","","","","","","","","","","","","",""
"1994-09-05 15:30","1994","09","05","15:30"," ","19,40","","8,30","","49,00","","11,00","","6,00","","15,00","","","M","","","","","ND"
"1994-09-05 16:00","1994","09","05","16:00"," ","","","","","","","","","","","","","","","","","","",""
"1994-09-05 16:30","1994","09","05","16:30"," ","19,90","","8,80","","49,00","","10,00","","4,00","","15,00","","","M","","","","","ND"
"1994-09-05 17:00","1994","09","05","17:00"," ","","","","","","","","","","","","","","","","","","",""
"1994-09-05 17:30","1994","09","05","17:30"," ","18,80","","9,90","","56,00","","9,00","","4,00","","15,00","","","M","","","","","ND"
"1994-09-05 18:00","1994","09","05","18:00"," ","","","","","","","","","","","","","","","","","","",""
"1994-09-05 18:30","1994","09","05","18:30"," ","14,40","","9,90","","74,00","","6,00","","2,00","","15,00","","","M","","","","","ND"
"1994-09-05 19:00","1994","09","05","19:00"," ","","","","","","","","","","","","","","","","","","",""
"1994-09-05 19:30","1994","09","05","19:30"," ","11,60","","8,30","","80,00","","32,00","","2,00","","15,00","","","M","","","","","ND"
"1994-09-05 20:00","1994","09","05","20:00"," ","","","","","","","","","","","","","","","","","","",""
"1994-09-05 20:30","1994","09","05","20:30"," ","11,10","","7,20","","77,00","","28,00","","4,00","","15,00","","","M","","","","","ND"
"1994-09-05 21:00","1994","09","05","21:00"," ","","","","","","","","","","","","","","","","","","",""
"1994-09-05 21:30","1994","09","05","21:30"," ","9,90","","7,70","","86,00","","24,00","","6,00","","15,00","","","M","","","","","ND"
"1994-09-05 22:00","1994","09","05","22:00"," ","","","","","","","","","","","","","","","","","","",""
"1994-09-05 22:30","1994","09","05","22:30"," ","9,90","","7,20","","83,00","","0,00","","0,00","","15,00","","","M","","","","","ND"
"1994-09-05 23:00","1994","09","05","23:00"," ","","","","","","","","","","","","","","","","","","",""
"1994-09-05 23:30","1994","09","05","23:30"," ","8,30","","5,50","","83,00","","0,00","","0,00","","15,00","","","M","","","","","ND"
"1994-09-06 00:00","1994","09","06","00:00"," ","","","","","","","","","","","","","","","","","","",""
"1994-09-06 00:30","1994","09","06","00:30"," ","6,60","","4,90","","89,00","","0,00","","0,00","","15,00","","","M","","","","","ND"
"1994-09-06 01:00","1994","09","06","01:00"," ","","","","","","","","","","","","","","","","","","",""
"1994-09-06 01:30","1994","09","06","01:30"," ","6,10","","4,40","","89,00","","0,00","","0,00","","15,00","","","M","","","","","ND"
"1994-09-06 02:00","1994","09","06","02:00"," ","","","","","","","","","","","","","","","","","","",""
"1994-09-06 02:30","1994","09","06","02:30"," ","6,10","","4,40","","89,00","","8,00","","2,00","","15,00","","","M","","","","","ND"
"1994-09-06 03:00","1994","09","06","03:00"," ","","","","","","","","","","","","","","","","","","",""
"1994-09-06 03:30","1994","09","06","03:30"," ","6,60","","4,40","","86,00","","10,00","","2,00","","15,00","","","M","","","","","ND"
"1994-09-06 04:00","1994","09","06","04:00"," ","","","","","","","","","","","","","","","","","","",""
"1994-09-06 04:30","1994","09","06","04:30"," ","5,50","","4,40","","93,00","","30,00","","4,00","","15,00","","","M","","","","","ND"
"1994-09-06 05:00","1994","09","06","05:00"," ","","","","","","","","","","","","","","","","","","",""
"1994-09-06 05:30","1994","09","06","05:30"," ","7,20","","5,50","","89,00","","9,00","","6,00","","15,00","","","M","","","","","ND"
"1994-09-06 06:00","1994","09","06","06:00"," ","","","","","","","","","","","","","","","","","","",""
"1994-09-06 06:30","1994","09","06","06:30"," ","8,80","","6,60","","86,00","","0,00","","0,00","","15,00","","","M","","","","","ND"
"1994-09-06 07:00","1994","09","06","07:00"," ","","","","","","","","","","","","","","","","","","",""
"1994-09-06 07:30","1994","09","06","07:30"," ","11,10","","8,30","","83,00","","9,00","","2,00","","15,00","","","M","","","","","ND"
"1994-09-06 08:00","1994","09","06","08:00"," ","","","","","","","","","","","","","","","","","","",""
"1994-09-06 08:30","1994","09","06","08:30"," ","16,10","","8,80","","62,00","","13,00","","6,00","","15,00","","","M","","","","","ND"
"1994-09-06 09:00","1994","09","06","09:00"," ","","","","","","","","","","","","","","","","","","",""
"1994-09-06 09:30","1994","09","06","09:30"," ","16,10","","8,30","","60,00","","8,00","","15,00","","15,00","","","M","","","","","ND"
"1994-09-06 10:00","1994","09","06","10:00"," ","","","","","","","","","","","","","","","","","","",""
"1994-09-06 10:30","1994","09","06","10:30"," ","16,60","","8,80","","60,00","","8,00","","13,00","","15,00","","","M","","","","","ND"
"1994-09-06 11:00","1994","09","06","11:00"," ","","","","","","","","","","","","","","","","","","",""
"1994-09-06 11:30","1994","09","06","11:30"," ","18,80","","7,70","","48,00","","11,00","","20,00","","15,00","","","M","","","","","ND"
"1994-09-06 12:00","1994","09","06","12:00"," ","","","","","","","","","","","","","","","","","","",""
"1994-09-06 12:30","1994","09","06","12:30"," ","16,60","","8,30","","58,00","","11,00","","19,00","","15,00","","","M","","","","","ND"
"1994-09-06 13:00","1994","09","06","13:00"," ","","","","","","","","","","","","","","","","","","",""
"1994-09-06 13:30","1994","09","06","13:30"," ","12,70","","11,10","","90,00","","10,00","","11,00","","4,80","","","M","","","","","ND"
"1994-09-06 14:00","1994","09","06","14:00"," ","","","","","","","","","","","","","","","","","","",""
"1994-09-06 15:00","1994","09","06","15:00"," ","","","","","","","","","","","","","","","","","","",""
"1994-09-06 16:00","1994","09","06","16:00"," ","","","","","","","","","","","","","","","","","","",""
"1994-09-06 17:00","1994","09","06","17:00"," ","","","","","","","","","","","","","","","","","","",""
"1994-09-06 17:30","1994","09","06","17:30"," ","12,20","","11,10","","93,00","","9,00","","11,00","","3,20","","","M","","","","","ND"
"1994-09-06 18:00","1994","09","06","18:00"," ","","","","","","","","","","","","","","","","","","",""
"1994-09-06 18:30","1994","09","06","18:30"," ","12,70","","","M","","M","8,00","","6,00","","1,90","","","M","","","","","ND"
"1994-09-06 19:00","1994","09","06","19:00"," ","","","","","","","","","","","","","","","","","","",""
"1994-09-06 19:30","1994","09","06","19:30"," ","","M","","M","","M","","M","","M","4,00","","","M","","","","","ND"
"1994-09-06 20:00","1994","09","06","20:00"," ","","","","","","","","","","","","","","","","","","",""
"1994-09-06 20:30","1994","09","06","20:30"," ","12,20","","11,60","","96,00","","","M","","M","4,80","","","M","","","","","ND"
"1994-09-06 21:00","1994","09","06","21:00"," ","","","","","","","","","","","","","","","","","","",""
"1994-09-06 21:30","1994","09","06","21:30"," ","12,20","","11,60","","96,00","","8,00","","2,00","","15,00","","","M","","","","","ND"
"1994-09-06 22:00","1994","09","06","22:00"," ","","","","","","","","","","","","","","","","","","",""
"1994-09-06 22:30","1994","09","06","22:30"," ","12,70","","12,20","","97,00","","28,00","","2,00","","15,00","","","M","","","","","ND"
"1994-09-06 23:00","1994","09","06","23:00"," ","","","","","","","","","","","","","","","","","","",""
"1994-09-06 23:30","1994","09","06","23:30"," ","13,30","","12,20","","93,00","","12,00","","4,00","","15,00","","","M","","","","","ND"
"1994-09-07 00:00","1994","09","07","00:00"," ","","","","","","","","","","","","","","","","","","",""
"1994-09-07 00:30","1994","09","07","00:30"," ","12,70","","11,10","","90,00","","0,00","","0,00","","0,60","","","M","","","","","ND"
"1994-09-07 01:00","1994","09","07","01:00"," ","","","","","","","","","","","","","","","","","","",""
"1994-09-07 01:30","1994","09","07","01:30"," ","","M","12,00","","","M","32,00","","4,00","","15,00","","","M","","","","","ND"
"1994-09-07 02:00","1994","09","07","02:00"," ","","","","","","","","","","","","","","","","","","",""
"1994-09-07 02:30","1994","09","07","02:30"," ","13,30","","11,60","","89,00","","14,00","","4,00","","15,00","","","M","","","","","ND"
"1994-09-07 03:00","1994","09","07","03:00"," ","","","","","","","","","","","","","","","","","","",""
"1994-09-07 03:30","1994","09","07","03:30"," ","12,70","","12,20","","97,00","","11,00","","6,00","","15,00","","","M","","","","","ND"
"1994-09-07 04:00","1994","09","07","04:00"," ","","","","","","","","","","","","","","","","","","",""
"1994-09-07 04:30","1994","09","07","04:30"," ","13,80","","12,70","","93,00","","21,00","","6,00","","15,00","","","M","","","","","ND"
"1994-09-07 05:00","1994","09","07","05:00"," ","","","","","","","","","","","","","","","","","","",""
"1994-09-07 05:30","1994","09","07","05:30"," ","14,90","","12,70","","87,00","","11,00","","2,00","","15,00","","","M","","","","","ND"
"1994-09-07 06:00","1994","09","07","06:00"," ","","","","","","","","","","","","","","","","","","",""
"1994-09-07 06:30","1994","09","07","06:30"," ","14,90","","13,80","","93,00","","18,00","","9,00","","15,00","","","M","","","","","ND"
"1994-09-07 07:00","1994","09","07","07:00"," ","","","","","","","","","","","","","","","","","","",""
"1994-09-07 07:30","1994","09","07","07:30"," ","16,60","","14,40","","87,00","","20,00","","11,00","","15,00","","","M","","","","","ND"
"1994-09-07 08:00","1994","09","07","08:00"," ","","","","","","","","","","","","","","","","","","",""
"1994-09-07 08:30","1994","09","07","08:30"," ","17,70","","13,80","","78,00","","21,00","","13,00","","15,00","","","M","","","","","ND"
"1994-09-07 09:00","1994","09","07","09:00"," ","","","","","","","","","","","","","","","","","","",""
"1994-09-07 09:30","1994","09","07","09:30"," ","17,70","","13,80","","78,00","","21,00","","19,00","","15,00","","","M","","","","","ND"
"1994-09-07 10:00","1994","09","07","10:00"," ","","","","","","","","","","","","","","","","","","",""
"1994-09-07 10:30","1994","09","07","10:30"," ","17,70","","13,30","","75,00","","23,00","","19,00","","15,00","","","M","","","","","ND"
"1994-09-07 11:00","1994","09","07","11:00"," ","","","","","","","","","","","","","","","","","","",""
"1994-09-07 11:30","1994","09","07","11:30"," ","17,70","","12,20","","70,00","","23,00","","20,00","","15,00","","","M","","","","","ND"
"1994-09-07 12:00","1994","09","07","12:00"," ","","","","","","","","","","","","","","","","","","",""
"1994-09-07 12:30","1994","09","07","12:30"," ","17,70","","11,60","","67,00","","22,00","","19,00","","15,00","","","M","","","","","ND"
"1994-09-07 13:00","1994","09","07","13:00"," ","","","","","","","","","","","","","","","","","","",""
"1994-09-07 13:30","1994","09","07","13:30"," ","17,20","","12,20","","72,00","","23,00","","17,00","","15,00","","","M","","","","","ND"
"1994-09-07 14:00","1994","09","07","14:00"," ","","","","","","","","","","","","","","","","","","",""
"1994-09-07 14:30","1994","09","07","14:30"," ","16,60","","11,60","","72,00","","22,00","","15,00","","15,00","","","M","","","","","ND"
"1994-09-07 15:00","1994","09","07","15:00"," ","","","","","","","","","","","","","","","","","","",""
"1994-09-07 15:30","1994","09","07","15:30"," ","17,70","","11,60","","67,00","","25,00","","17,00","","15,00","","","M","","","","","ND"
"1994-09-07 16:00","1994","09","07","16:00"," ","","","","","","","","","","","","","","","","","","",""
"1994-09-07 16:30","1994","09","07","16:30"," ","16,60","","12,70","","78,00","","25,00","","7,00","","15,00","","","M","","","","","ND"
"1994-09-07 17:00","1994","09","07","17:00"," ","","","","","","","","","","","","","","","","","","",""
"1994-09-07 17:30","1994","09","07","17:30"," ","14,40","","12,20","","87,00","","23,00","","9,00","","15,00","","","M","","","","","ND"
"1994-09-07 18:00","1994","09","07","18:00"," ","","","","","","","","","","","","","","","","","","",""
"1994-09-07 18:30","1994","09","07","18:30"," ","14,40","","12,20","","87,00","","23,00","","6,00","","15,00","","","M","","","","","ND"
"1994-09-07 19:00","1994","09","07","19:00"," ","","","","","","","","","","","","","","","","","","",""
"1994-09-07 19:30","1994","09","07","19:30"," ","14,90","","11,60","","81,00","","24,00","","6,00","","15,00","","","M","","","","","ND"
"1994-09-07 20:00","1994","09","07","20:00"," ","","","","","","","","","","","","","","","","","","",""
"1994-09-07 20:30","1994","09","07","20:30"," ","13,80","","11,60","","87,00","","21,00","","7,00","","15,00","","","M","","","","","ND"
"1994-09-07 21:00","1994","09","07","21:00"," ","","","","","","","","","","","","","","","","","","",""
"1994-09-07 21:30","1994","09","07","21:30"," ","13,80","","11,60","","87,00","","23,00","","6,00","","15,00","","","M","","","","","ND"
"1994-09-07 22:00","1994","09","07","22:00"," ","","","","","","","","","","","","","","","","","","",""
"1994-09-07 22:30","1994","09","07","22:30"," ","14,40","","11,60","","83,00","","22,00","","6,00","","15,00","","","M","","","","","ND"
"1994-09-07 23:00","1994","09","07","23:00"," ","","","","","","","","","","","","","","","","","","",""
"1994-09-07 23:30","1994","09","07","23:30"," ","14,90","","11,60","","81,00","","23,00","","7,00","","15,00","","","M","","","","","ND"
"1994-09-08 00:00","1994","09","08","00:00"," ","","","","","","","","","","","","","","","","","","",""
"1994-09-08 00:30","1994","09","08","00:30"," ","14,40","","11,60","","83,00","","22,00","","6,00","","15,00","","","M","","","","","ND"
"1994-09-08 01:00","1994","09","08","01:00"," ","","","","","","","","","","","","","","","","","","",""
"1994-09-08 01:30","1994","09","08","01:30"," ","13,80","","11,10","","84,00","","21,00","","7,00","","15,00","","","M","","","","","ND"
"1994-09-08 02:00","1994","09","08","02:00"," ","","","","","","","","","","","","","","","","","","",""
"1994-09-08 02:30","1994","09","08","02:30"," ","12,70","","11,60","","93,00","","23,00","","4,00","","15,00","","","M","","","","","ND"
"1994-09-08 03:00","1994","09","08","03:00"," ","","","","","","","","","","","","","","","","","","",""
"1994-09-08 03:30","1994","09","08","03:30"," ","12,70","","11,10","","90,00","","22,00","","6,00","","15,00","","","M","","","","","ND"
"1994-09-08 04:00","1994","09","08","04:00"," ","","","","","","","","","","","","","","","","","","",""
"1994-09-08 04:30","1994","09","08","04:30"," ","13,30","","11,10","","87,00","","24,00","","6,00","","15,00","","","M","","","","","ND"
"1994-09-08 05:00","1994","09","08","05:00"," ","","","","","","","","","","","","","","","","","","",""
"1994-09-08 05:30","1994","09","08","05:30"," ","12,70","","10,50","","86,00","","22,00","","6,00","","15,00","","","M","","","","","ND"
"1994-09-08 06:00","1994","09","08","06:00"," ","","","","","","","","","","","","","","","","","","",""
"1994-09-08 06:30","1994","09","08","06:30"," ","12,70","","11,10","","90,00","","23,00","","6,00","","15,00","","","M","","","","","ND"
"1994-09-08 07:00","1994","09","08","07:00"," ","","","","","","","","","","","","","","","","","","",""
"1994-09-08 07:30","1994","09","08","07:30"," ","9,90","","9,90","","100,00","","21,00","","7,00","","15,00","","","M","","","","","ND"
"1994-09-08 08:00","1994","09","08","08:00"," ","","","","","","","","","","","","","","","","","","",""
"1994-09-08 08:30","1994","09","08","08:30"," ","14,90","","11,60","","81,00","","22,00","","11,00","","15,00","","","M","","","","","ND"
"1994-09-08 09:00","1994","09","08","09:00"," ","","","","","","","","","","","","","","","","","","",""
"1994-09-08 09:30","1994","09","08","09:30"," ","16,60","","11,60","","72,00","","24,00","","15,00","","15,00","","","M","","","","","ND"
"1994-09-08 10:00","1994","09","08","10:00"," ","","","","","","","","","","","","","","","","","","",""
"1994-09-08 10:30","1994","09","08","10:30"," ","16,60","","11,10","","70,00","","23,00","","19,00","","15,00","","","M","","","","","ND"
"1994-09-08 11:00","1994","09","08","11:00"," ","","","","","","","","","","","","","","","","","","",""
"1994-09-08 11:30","1994","09","08","11:30"," ","16,10","","12,20","","78,00","","24,00","","6,00","","15,00","","","M","","","","","ND"
"1994-09-08 12:00","1994","09","08","12:00"," ","","","","","","","","","","","","","","","","","","",""
"1994-09-08 12:30","1994","09","08","12:30"," ","17,20","","13,80","","80,00","","23,00","","6,00","","4,80","","","M","","","","","ND"
"1994-09-08 13:00","1994","09","08","13:00"," ","","","","","","","","","","","","","","","","","","",""
"1994-09-08 13:30","1994","09","08","13:30"," ","16,60","","14,40","","87,00","","22,00","","4,00","","15,00","","","M","","","","","ND"
"1994-09-08 14:00","1994","09","08","14:00"," ","","","","","","","","","","","","","","","","","","",""
"1994-09-08 14:30","1994","09","08","14:30"," ","18,80","","13,30","","70,00","","20,00","","13,00","","15,00","","","M","","","","","ND"
"1994-09-08 15:00","1994","09","08","15:00"," ","","","","","","","","","","","","","","","","","","",""
"1994-09-08 15:30","1994","09","08","15:30"," ","19,40","","11,60","","61,00","","24,00","","13,00","","15,00","","","M","","","","","ND"
"1994-09-08 16:00","1994","09","08","16:00"," ","","","","","","","","","","","","","","","","","","",""
"1994-09-08 16:30","1994","09","08","16:30"," ","19,90","","11,60","","59,00","","28,00","","15,00","","15,00","","","M","","","","","ND"
"1994-09-08 17:00","1994","09","08","17:00"," ","","","","","","","","","","","","","","","","","","",""
"1994-09-08 17:30","1994","09","08","17:30"," ","19,40","","9,90","","54,00","","26,00","","7,00","","15,00","","","M","","","","","ND"
"1994-09-08 18:00","1994","09","08","18:00"," ","","","","","","","","","","","","","","","","","","",""
"1994-09-08 18:30","1994","09","08","18:30"," ","14,40","","10,50","","77,00","","30,00","","4,00","","15,00","","","M","","","","","ND"
"1994-09-08 19:00","1994","09","08","19:00"," ","","","","","","","","","","","","","","","","","","",""
"1994-09-08 19:30","1994","09","08","19:30"," ","11,10","","8,30","","83,00","","24,00","","4,00","","15,00","","","M","","","","","ND"
"1994-09-08 20:00","1994","09","08","20:00"," ","","","","","","","","","","","","","","","","","","",""
"1994-09-08 20:30","1994","09","08","20:30"," ","8,80","","7,20","","90,00","","31,00","","6,00","","15,00","","","M","","","","","ND"
"1994-09-08 21:00","1994","09","08","21:00"," ","","","","","","","","","","","","","","","","","","",""
"1994-09-08 21:30","1994","09","08","21:30"," ","7,70","","6,60","","93,00","","30,00","","6,00","","15,00","","","M","","","","","ND"
"1994-09-08 22:00","1994","09","08","22:00"," ","","","","","","","","","","","","","","","","","","",""
"1994-09-08 22:30","1994","09","08","22:30"," ","7,70","","6,60","","93,00","","23,00","","4,00","","15,00","","","M","","","","","ND"
"1994-09-08 23:00","1994","09","08","23:00"," ","","","","","","","","","","","","","","","","","","",""
"1994-09-08 23:30","1994","09","08","23:30"," ","7,70","","6,60","","93,00","","10,00","","2,00","","15,00","","","M","","","","","ND"
"1994-09-09 00:00","1994","09","09","00:00"," ","","","","","","","","","","","","","","","","","","",""
"1994-09-09 00:30","1994","09","09","00:30"," ","8,30","","6,60","","89,00","","32,00","","2,00","","15,00","","","M","","","","","ND"
"1994-09-09 01:00","1994","09","09","01:00"," ","","","","","","","","","","","","","","","","","","",""
"1994-09-09 01:30","1994","09","09","01:30"," ","8,80","","7,20","","90,00","","33,00","","2,00","","15,00","","","M","","","","","ND"
"1994-09-09 02:00","1994","09","09","02:00"," ","","","","","","","","","","","","","","","","","","",""
"1994-09-09 02:30","1994","09","09","02:30"," ","9,40","","7,70","","89,00","","28,00","","4,00","","15,00","","","M","","","","","ND"
"1994-09-09 03:00","1994","09","09","03:00"," ","","","","","","","","","","","","","","","","","","",""
"1994-09-09 03:30","1994","09","09","03:30"," ","9,40","","7,20","","86,00","","0,00","","0,00","","15,00","","","M","","","","","ND"
"1994-09-09 04:00","1994","09","09","04:00"," ","","","","","","","","","","","","","","","","","","",""
"1994-09-09 04:30","1994","09","09","04:30"," ","8,80","","8,30","","97,00","","35,00","","2,00","","15,00","","","M","","","","","ND"
"1994-09-09 05:00","1994","09","09","05:00"," ","","","","","","","","","","","","","","","","","","",""
"1994-09-09 05:30","1994","09","09","05:30"," ","9,90","","8,30","","90,00","","1,00","","4,00","","15,00","","","M","","","","","ND"
"1994-09-09 06:00","1994","09","09","06:00"," ","","","","","","","","","","","","","","","","","","",""
"1994-09-09 06:30","1994","09","09","06:30"," ","10,50","","9,40","","93,00","","35,00","","2,00","","8,00","","","M","","","","","ND"
"1994-09-09 07:00","1994","09","09","07:00"," ","","","","","","","","","","","","","","","","","","",""
"1994-09-09 07:30","1994","09","09","07:30"," ","11,60","","9,90","","89,00","","8,00","","2,00","","15,00","","","M","","","","","ND"
"1994-09-09 08:00","1994","09","09","08:00"," ","","","","","","","","","","","","","","","","","","",""
"1994-09-09 08:30","1994","09","09","08:30"," ","12,70","","12,20","","97,00","","18,00","","2,00","","15,00","","","M","","","","","ND"
"1994-09-09 09:00","1994","09","09","09:00"," ","","","","","","","","","","","","","","","","","","",""
"1994-09-09 09:30","1994","09","09","09:30"," ","13,80","","12,20","","90,00","","21,00","","6,00","","15,00","","","M","","","","","ND"
"1994-09-09 10:00","1994","09","09","10:00"," ","","","","","","","","","","","","","","","","","","",""
"1994-09-09 10:30","1994","09","09","10:30"," ","16,10","","13,30","","83,00","","26,00","","6,00","","15,00","","","M","","","","","ND"
"1994-09-09 11:00","1994","09","09","11:00"," ","","","","","","","","","","","","","","","","","","",""
"1994-09-09 11:30","1994","09","09","11:30"," ","18,30","","12,70","","70,00","","21,00","","6,00","","15,00","","","M","","","","","ND"
"1994-09-09 12:00","1994","09","09","12:00"," ","","","","","","","","","","","","","","","","","","",""
"1994-09-09 12:30","1994","09","09","12:30"," ","17,70","","12,20","","70,00","","25,00","","13,00","","15,00","","","M","","","","","ND"
"1994-09-09 13:00","1994","09","09","13:00"," ","","","","","","","","","","","","","","","","","","",""
"1994-09-09 13:30","1994","09","09","13:30"," ","17,20","","13,80","","80,00","","29,00","","6,00","","15,00","","","M","","","","","ND"
"1994-09-09 14:00","1994","09","09","14:00"," ","","","","","","","","","","","","","","","","","","",""
"1994-09-09 14:30","1994","09","09","14:30"," ","17,20","","12,70","","75,00","","32,00","","2,00","","15,00","","","M","","","","","ND"
"1994-09-09 15:00","1994","09","09","15:00"," ","","","","","","","","","","","","","","","","","","",""
"1994-09-09 15:30","1994","09","09","15:30"," ","17,70","","12,70","","73,00","","24,00","","2,00","","15,00","","","M","","","","","ND"
"1994-09-09 16:00","1994","09","09","16:00"," ","","","","","","","","","","","","","","","","","","",""
"1994-09-09 16:30","1994","09","09","16:30"," ","14,90","","12,20","","84,00","","22,00","","6,00","","15,00","","","M","","","","","ND"
"1994-09-09 17:00","1994","09","09","17:00"," ","","","","","","","","","","","","","","","","","","",""
"1994-09-09 17:30","1994","09","09","17:30"," ","15,50","","13,30","","87,00","","22,00","","6,00","","15,00","","","M","","","","","ND"
"1994-09-09 18:00","1994","09","09","18:00"," ","","","","","","","","","","","","","","","","","","",""
"1994-09-09 18:30","1994","09","09","18:30"," ","14,90","","12,70","","87,00","","25,00","","4,00","","15,00","","","M","","","","","ND"
"1994-09-09 19:00","1994","09","09","19:00"," ","","","","","","","","","","","","","","","","","","",""
"1994-09-09 19:30","1994","09","09","19:30"," ","13,30","","11,10","","87,00","","22,00","","6,00","","15,00","","","M","","","","","ND"
"1994-09-09 20:00","1994","09","09","20:00"," ","","","","","","","","","","","","","","","","","","",""
"1994-09-09 20:30","1994","09","09","20:30"," ","10,50","","9,40","","93,00","","24,00","","6,00","","15,00","","","M","","","","","ND"
"1994-09-09 21:00","1994","09","09","21:00"," ","","","","","","","","","","","","","","","","","","",""
"1994-09-09 21:30","1994","09","09","21:30"," ","8,30","","7,70","","96,00","","36,00","","2,00","","4,00","","","M","","","","","ND"
"1994-09-09 22:00","1994","09","09","22:00"," ","","","","","","","","","","","","","","","","","","",""
"1994-09-09 22:30","1994","09","09","22:30"," ","7,20","","5,50","","89,00","","27,00","","4,00","","1,00","","","M","","","","","ND"
"1994-09-09 23:00","1994","09","09","23:00"," ","","","","","","","","","","","","","","","","","","",""
"1994-09-09 23:30","1994","09","09","23:30"," ","5,50","","4,40","","93,00","","29,00","","4,00","","1,90","","","M","","","","","ND"
"1994-09-10 00:00","1994","09","10","00:00"," ","","","","","","","","","","","","","","","","","","",""
"1994-09-10 00:30","1994","09","10","00:30"," ","4,90","","4,40","","97,00","","0,00","","0,00","","15,00","","","M","","","","","ND"
"1994-09-10 01:00","1994","09","10","01:00"," ","","","","","","","","","","","","","","","","","","",""
"1994-09-10 01:30","1994","09","10","01:30"," ","4,40","","3,80","","96,00","","18,00","","2,00","","1,90","","","M","","","","","ND"
"1994-09-10 02:00","1994","09","10","02:00"," ","","","","","","","","","","","","","","","","","","",""
"1994-09-10 02:30","1994","09","10","02:30"," ","4,90","","2,70","","86,00","","34,00","","2,00","","2,90","","","M","","","","","ND"
"1994-09-10 03:00","1994","09","10","03:00"," ","","","","","","","","","","","","","","","","","","",""
"1994-09-10 03:30","1994","09","10","03:30"," ","3,80","","3,30","","97,00","","5,00","","4,00","","0,30","","","M","","","","","ND"
"1994-09-10 04:00","1994","09","10","04:00"," ","","","","","","","","","","","","","","","","","","",""
"1994-09-10 04:30","1994","09","10","04:30"," ","3,80","","3,30","","97,00","","28,00","","2,00","","0,00","","","M","","","","","ND"
"1994-09-10 05:00","1994","09","10","05:00"," ","","","","","","","","","","","","","","","","","","",""
"1994-09-10 05:30","1994","09","10","05:30"," ","4,90","","3,30","","89,00","","27,00","","2,00","","0,00","","","M","","","","","ND"
"1994-09-10 06:00","1994","09","10","06:00"," ","","","","","","","","","","","","","","","","","","",""
"1994-09-10 06:30","1994","09","10","06:30"," ","5,50","","3,80","","89,00","","30,00","","4,00","","4,80","","","M","","","","","ND"
"1994-09-10 07:00","1994","09","10","07:00"," ","","","","","","","","","","","","","","","","","","",""
"1994-09-10 07:30","1994","09","10","07:30"," ","7,70","","6,60","","93,00","","35,00","","2,00","","0,20","","","M","","","","","ND"
"1994-09-10 08:00","1994","09","10","08:00"," ","","","","","","","","","","","","","","","","","","",""
"1994-09-10 08:30","1994","09","10","08:30"," ","9,40","","8,30","","93,00","","5,00","","2,00","","0,20","","","M","","","","","ND"
"1994-09-10 09:00","1994","09","10","09:00"," ","","","","","","","","","","","","","","","","","","",""
"1994-09-10 09:30","1994","09","10","09:30"," ","12,20","","11,60","","96,00","","11,00","","2,00","","15,00","","","M","","","","","ND"
"1994-09-10 10:00","1994","09","10","10:00"," ","","","","","","","","","","","","","","","","","","",""
"1994-09-10 10:30","1994","09","10","10:30"," ","16,60","","12,20","","75,00","","18,00","","6,00","","15,00","","","M","","","","","ND"
"1994-09-10 11:00","1994","09","10","11:00"," ","","","","","","","","","","","","","","","","","","",""
"1994-09-10 11:30","1994","09","10","11:30"," ","19,90","","12,70","","63,00","","24,00","","6,00","","15,00","","","M","","","","","ND"
"1994-09-10 12:00","1994","09","10","12:00"," ","","","","","","","","","","","","","","","","","","",""
"1994-09-10 12:30","1994","09","10","12:30"," ","21,10","","11,10","","53,00","","17,00","","6,00","","15,00","","","M","","","","","ND"
"1994-09-10 13:00","1994","09","10","13:00"," ","","","","","","","","","","","","","","","","","","",""
"1994-09-10 13:30","1994","09","10","13:30"," ","21,10","","11,10","","53,00","","19,00","","6,00","","15,00","","","M","","","","","ND"
"1994-09-10 14:00","1994","09","10","14:00"," ","","","","","","","","","","","","","","","","","","",""
"1994-09-10 14:30","1994","09","10","14:30"," ","19,90","","11,60","","59,00","","18,00","","6,00","","15,00","","","M","","","","","ND"
"1994-09-10 15:00","1994","09","10","15:00"," ","","","","","","","","","","","","","","","","","","",""
"1994-09-10 15:30","1994","09","10","15:30"," ","15,50","","13,80","","90,00","","24,00","","9,00","","15,00","","","M","","","","","ND"
"1994-09-10 16:00","1994","09","10","16:00"," ","","","","","","","","","","","","","","","","","","",""
"1994-09-10 16:30","1994","09","10","16:30"," ","16,10","","14,90","","93,00","","23,00","","6,00","","15,00","","","M","","","","","ND"
"1994-09-10 17:00","1994","09","10","17:00"," ","","","","","","","","","","","","","","","","","","",""
"1994-09-10 17:30","1994","09","10","17:30"," ","16,10","","14,40","","90,00","","9,00","","4,00","","15,00","","","M","","","","","ND"
"1994-09-10 18:00","1994","09","10","18:00"," ","","","","","","","","","","","","","","","","","","",""
"1994-09-10 18:30","1994","09","10","18:30"," ","16,10","","13,80","","86,00","","5,00","","4,00","","15,00","","","M","","","","","ND"
"1994-09-10 19:00","1994","09","10","19:00"," ","","","","","","","","","","","","","","","","","","",""
"1994-09-10 19:30","1994","09","10","19:30"," ","13,30","","12,70","","96,00","","3,00","","2,00","","8,00","","","M","","","","","ND"
"1994-09-10 20:00","1994","09","10","20:00"," ","","","","","","","","","","","","","","","","","","",""
"1994-09-10 20:30","1994","09","10","20:30"," ","13,30","","12,20","","93,00","","2,00","","2,00","","15,00","","","M","","","","","ND"
"1994-09-10 21:00","1994","09","10","21:00"," ","","","","","","","","","","","","","","","","","","",""
"1994-09-10 21:30","1994","09","10","21:30"," ","13,30","","12,20","","93,00","","3,00","","4,00","","15,00","","","M","","","","","ND"
"1994-09-10 22:00","1994","09","10","22:00"," ","","","","","","","","","","","","","","","","","","",""
"1994-09-10 22:30","1994","09","10","22:30"," ","13,30","","12,20","","93,00","","5,00","","4,00","","15,00","","","M","","","","","ND"
"1994-09-10 23:00","1994","09","10","23:00"," ","","","","","","","","","","","","","","","","","","",""
"1994-09-10 23:30","1994","09","10","23:30"," ","14,40","","12,20","","87,00","","9,00","","2,00","","15,00","","","M","","","","","ND"
"1994-09-11 00:00","1994","09","11","00:00"," ","","","","","","","","","","","","","","","","","","",""
"1994-09-11 00:30","1994","09","11","00:30"," ","12,20","","11,60","","96,00","","0,00","","0,00","","8,00","","","M","","","","","ND"
"1994-09-11 01:00","1994","09","11","01:00"," ","","","","","","","","","","","","","","","","","","",""
"1994-09-11 01:30","1994","09","11","01:30"," ","11,60","","11,10","","97,00","","6,00","","4,00","","15,00","","","M","","","","","ND"
"1994-09-11 02:00","1994","09","11","02:00"," ","","","","","","","","","","","","","","","","","","",""
"1994-09-11 02:30","1994","09","11","02:30"," ","13,80","","11,60","","87,00","","7,00","","6,00","","15,00","","","M","","","","","ND"
"1994-09-11 03:00","1994","09","11","03:00"," ","","","","","","","","","","","","","","","","","","",""
"1994-09-11 03:30","1994","09","11","03:30"," ","12,70","","11,60","","93,00","","8,00","","6,00","","15,00","","","M","","","","","ND"
"1994-09-11 04:00","1994","09","11","04:00"," ","","","","","","","","","","","","","","","","","","",""
"1994-09-11 04:30","1994","09","11","04:30"," ","13,80","","12,20","","90,00","","11,00","","7,00","","15,00","","","M","","","","","ND"
"1994-09-11 05:00","1994","09","11","05:00"," ","","","","","","","","","","","","","","","","","","",""
"1994-09-11 05:30","1994","09","11","05:30"," ","12,70","","12,20","","97,00","","10,00","","13,00","","8,00","","","M","","","","","ND"
"1994-09-11 06:00","1994","09","11","06:00"," ","","","","","","","","","","","","","","","","","","",""
"1994-09-11 06:30","1994","09","11","06:30"," ","12,70","","12,20","","97,00","","11,00","","9,00","","8,00","","","M","","","","","ND"
"1994-09-11 07:00","1994","09","11","07:00"," ","","","","","","","","","","","","","","","","","","",""
"1994-09-11 07:30","1994","09","11","07:30"," ","13,80","","12,20","","90,00","","11,00","","11,00","","4,80","","","M","","","","","ND"
"1994-09-11 08:00","1994","09","11","08:00"," ","","","","","","","","","","","","","","","","","","",""
"1994-09-11 08:30","1994","09","11","08:30"," ","14,40","","12,70","","90,00","","10,00","","9,00","","15,00","","","M","","","","","ND"
"1994-09-11 09:00","1994","09","11","09:00"," ","","","","","","","","","","","","","","","","","","",""
"1994-09-11 09:30","1994","09","11","09:30"," ","13,30","","12,70","","96,00","","11,00","","9,00","","15,00","","","M","","","","","ND"
"1994-09-11 10:00","1994","09","11","10:00"," ","","","","","","","","","","","","","","","","","","",""
"1994-09-11 10:30","1994","09","11","10:30"," ","13,80","","12,70","","93,00","","9,00","","11,00","","15,00","","","M","","","","","ND"
"1994-09-11 11:00","1994","09","11","11:00"," ","","","","","","","","","","","","","","","","","","",""
"1994-09-11 11:30","1994","09","11","11:30"," ","16,10","","13,30","","83,00","","10,00","","7,00","","15,00","","","M","","","","","ND"
"1994-09-11 12:00","1994","09","11","12:00"," ","","","","","","","","","","","","","","","","","","",""
"1994-09-11 12:30","1994","09","11","12:30"," ","14,90","","12,70","","87,00","","9,00","","13,00","","15,00","","","M","","","","","ND"
"1994-09-11 13:00","1994","09","11","13:00"," ","","","","","","","","","","","","","","","","","","",""
"1994-09-11 13:30","1994","09","11","13:30"," ","15,50","","12,70","","83,00","","10,00","","13,00","","15,00","","","M","","","","","ND"
"1994-09-11 14:00","1994","09","11","14:00"," ","","","","","","","","","","","","","","","","","","",""
"1994-09-11 14:30","1994","09","11","14:30"," ","14,40","","12,70","","90,00","","9,00","","19,00","","15,00","","","M","","","","","ND"
"1994-09-11 15:00","1994","09","11","15:00"," ","","","","","","","","","","","","","","","","","","",""
"1994-09-11 15:30","1994","09","11","15:30"," ","15,50","","12,70","","83,00","","9,00","","19,00","","15,00","","","M","","","","","ND"
"1994-09-11 16:00","1994","09","11","16:00"," ","","","","","","","","","","","","","","","","","","",""
"1994-09-11 16:30","1994","09","11","16:30"," ","15,50","","12,70","","83,00","","9,00","","19,00","","15,00","","","M","","","","","ND"
"1994-09-11 17:00","1994","09","11","17:00"," ","","","","","","","","","","","","","","","","","","",""
"1994-09-11 17:30","1994","09","11","17:30"," ","14,90","","12,20","","84,00","","9,00","","19,00","","15,00","","","M","","","","","ND"
"1994-09-11 18:00","1994","09","11","18:00"," ","","","","","","","","","","","","","","","","","","",""
"1994-09-11 18:30","1994","09","11","18:30"," ","13,80","","12,20","","90,00","","10,00","","19,00","","4,80","","","M","","","","","ND"
"1994-09-11 19:00","1994","09","11","19:00"," ","","","","","","","","","","","","","","","","","","",""
"1994-09-11 19:30","1994","09","11","19:30"," ","14,40","","12,70","","90,00","","10,00","","13,00","","4,80","","","M","","","","","ND"
"1994-09-11 20:00","1994","09","11","20:00"," ","","","","","","","","","","","","","","","","","","",""
"1994-09-11 20:30","1994","09","11","20:30"," ","13,80","","12,20","","90,00","","10,00","","13,00","","4,80","","","M","","","","","ND"
"1994-09-11 21:00","1994","09","11","21:00"," ","","","","","","","","","","","","","","","","","","",""
"1994-09-11 21:30","1994","09","11","21:30"," ","12,70","","11,60","","93,00","","8,00","","13,00","","4,80","","","M","","","","","ND"
"1994-09-11 22:00","1994","09","11","22:00"," ","","","","","","","","","","","","","","","","","","",""
"1994-09-11 22:30","1994","09","11","22:30"," ","13,80","","11,60","","87,00","","9,00","","19,00","","8,00","","","M","","","","","ND"
"1994-09-11 23:00","1994","09","11","23:00"," ","","","","","","","","","","","","","","","","","","",""
"1994-09-11 23:30","1994","09","11","23:30"," ","12,70","","11,10","","90,00","","9,00","","24,00","","15,00","","","M","","","","","ND"
"1994-09-12 00:00","1994","09","12","00:00"," ","","","","","","","","","","","","","","","","","","",""
"1994-09-12 00:30","1994","09","12","00:30"," ","12,20","","11,10","","93,00","","10,00","","19,00","","15,00","","","M","","","","","ND"
"1994-09-12 01:00","1994","09","12","01:00"," ","","","","","","","","","","","","","","","","","","",""
"1994-09-12 01:30","1994","09","12","01:30"," ","13,30","","11,10","","87,00","","10,00","","19,00","","15,00","","","M","","","","","ND"
"1994-09-12 02:00","1994","09","12","02:00"," ","","","","","","","","","","","","","","","","","","",""
"1994-09-12 02:30","1994","09","12","02:30"," ","12,20","","10,50","","89,00","","9,00","","17,00","","15,00","","","M","","","","","ND"
"1994-09-12 03:00","1994","09","12","03:00"," ","","","","","","","","","","","","","","","","","","",""
"1994-09-12 03:30","1994","09","12","03:30"," ","11,60","","10,50","","93,00","","11,00","","30,00","","4,80","","","M","","","","","ND"
"1994-09-12 04:00","1994","09","12","04:00"," ","","","","","","","","","","","","","","","","","","",""
"1994-09-12 04:30","1994","09","12","04:30"," ","11,10","","9,90","","92,00","","8,00","","17,00","","8,00","","","M","","","","","ND"
"1994-09-12 05:00","1994","09","12","05:00"," ","","","","","","","","","","","","","","","","","","",""
"1994-09-12 05:30","1994","09","12","05:30"," ","11,10","","9,90","","92,00","","8,00","","15,00","","8,00","","","M","","","","","ND"
"1994-09-12 06:00","1994","09","12","06:00"," ","","","","","","","","","","","","","","","","","","",""
"1994-09-12 06:30","1994","09","12","06:30"," ","11,10","","9,90","","92,00","","7,00","","15,00","","8,00","","","M","","","","","ND"
"1994-09-12 07:00","1994","09","12","07:00"," ","","","","","","","","","","","","","","","","","","",""
"1994-09-12 07:30","1994","09","12","07:30"," ","12,20","","10,50","","89,00","","7,00","","15,00","","8,00","","","M","","","","","ND"
"1994-09-12 08:00","1994","09","12","08:00"," ","","","","","","","","","","","","","","","","","","",""
"1994-09-12 08:30","1994","09","12","08:30"," ","12,70","","10,50","","86,00","","7,00","","17,00","","8,00","","","M","","","","","ND"
"1994-09-12 09:00","1994","09","12","09:00"," ","","","","","","","","","","","","","","","","","","",""
"1994-09-12 09:30","1994","09","12","09:30"," ","13,30","","11,10","","87,00","","8,00","","15,00","","8,00","","","M","","","","","ND"
"1994-09-12 10:00","1994","09","12","10:00"," ","","","","","","","","","","","","","","","","","","",""
"1994-09-12 10:30","1994","09","12","10:30"," ","13,30","","12,20","","93,00","","8,00","","11,00","","4,80","","","M","","","","","ND"
"1994-09-12 11:00","1994","09","12","11:00"," ","","","","","","","","","","","","","","","","","","",""
"1994-09-12 11:30","1994","09","12","11:30"," ","13,80","","13,30","","97,00","","11,00","","17,00","","4,80","","","M","","","","","ND"
"1994-09-12 12:00","1994","09","12","12:00"," ","","","","","","","","","","","","","","","","","","",""
"1994-09-12 12:30","1994","09","12","12:30"," ","15,50","","13,80","","90,00","","9,00","","13,00","","8,00","","","M","","","","","ND"
"1994-09-12 13:00","1994","09","12","13:00"," ","","","","","","","","","","","","","","","","","","",""
"1994-09-12 13:30","1994","09","12","13:30"," ","14,90","","13,80","","93,00","","11,00","","6,00","","15,00","","","M","","","","","ND"
"1994-09-12 14:00","1994","09","12","14:00"," ","","","","","","","","","","","","","","","","","","",""
"1994-09-12 14:30","1994","09","12","14:30"," ","17,20","","14,40","","84,00","","8,00","","7,00","","15,00","","","M","","","","","ND"
"1994-09-12 15:00","1994","09","12","15:00"," ","","","","","","","","","","","","","","","","","","",""
"1994-09-12 15:30","1994","09","12","15:30"," ","18,30","","13,80","","75,00","","20,00","","7,00","","15,00","","","M","","","","","ND"
"1994-09-12 16:00","1994","09","12","16:00"," ","","","","","","","","","","","","","","","","","","",""
"1994-09-12 17:00","1994","09","12","17:00"," ","","","","","","","","","","","","","","","","","","",""
"1994-09-12 18:00","1994","09","12","18:00"," ","","","","","","","","","","","","","","","","","","",""
"1994-09-12 19:00","1994","09","12","19:00"," ","","","","","","","","","","","","","","","","","","",""
"1994-09-12 20:00","1994","09","12","20:00"," ","","","","","","","","","","","","","","","","","","",""
"1994-09-12 21:00","1994","09","12","21:00"," ","","","","","","","","","","","","","","","","","","",""
"1994-09-12 21:30","1994","09","12","21:30"," ","6,60","","4,90","","89,00","","4,00","","4,00","","15,00","","","M","","","","","ND"
"1994-09-12 22:00","1994","09","12","22:00"," ","","","","","","","","","","","","","","","","","","",""
"1994-09-12 22:30","1994","09","12","22:30"," ","4,90","","3,30","","89,00","","0,00","","0,00","","15,00","","","M","","","","","ND"
"1994-09-12 23:00","1994","09","12","23:00"," ","","","","","","","","","","","","","","","","","","",""
"1994-09-12 23:30","1994","09","12","23:30"," ","2,70","","2,20","","97,00","","36,00","","2,00","","15,00","","","M","","","","","ND"
"1994-09-13 00:00","1994","09","13","00:00"," ","","","","","","","","","","","","","","","","","","",""
"1994-09-13 00:30","1994","09","13","00:30"," ","3,30","","1,60","","89,00","","32,00","","2,00","","15,00","","","M","","","","","ND"
"1994-09-13 01:00","1994","09","13","01:00"," ","","","","","","","","","","","","","","","","","","",""
"1994-09-13 01:30","1994","09","13","01:30"," ","2,70","","1,60","","92,00","","3,00","","2,00","","0,30","","","M","","","","","ND"
"1994-09-13 02:00","1994","09","13","02:00"," ","","","","","","","","","","","","","","","","","","",""
"1994-09-13 02:30","1994","09","13","02:30"," ","3,80","","2,70","","93,00","","0,00","","0,00","","0,50","","","M","","","","","ND"
"1994-09-13 03:00","1994","09","13","03:00"," ","","","","","","","","","","","","","","","","","","",""
"1994-09-13 03:30","1994","09","13","03:30"," ","6,10","","4,40","","89,00","","1,00","","4,00","","1,00","","","M","","","","","ND"
"1994-09-13 04:00","1994","09","13","04:00"," ","","","","","","","","","","","","","","","","","","",""
"1994-09-13 04:30","1994","09","13","04:30"," ","6,60","","6,10","","97,00","","5,00","","4,00","","4,80","","","M","","","","","ND"
"1994-09-13 05:00","1994","09","13","05:00"," ","","","","","","","","","","","","","","","","","","",""
"1994-09-13 05:30","1994","09","13","05:30"," ","8,00","","8,00","","100,00","","7,00","","6,00","","8,00","","","M","","","","","ND"
"1994-09-13 06:00","1994","09","13","06:00"," ","","","","","","","","","","","","","","","","","","",""
"1994-09-13 06:30","1994","09","13","06:30"," ","9,00","","8,00","","93,00","","4,00","","2,00","","8,00","","","M","","","","","ND"
"1994-09-13 07:00","1994","09","13","07:00"," ","","","","","","","","","","","","","","","","","","",""
"1994-09-13 07:30","1994","09","13","07:30"," ","11,10","","9,90","","92,00","","2,00","","6,00","","8,00","","","M","","","","","ND"
"1994-09-13 08:00","1994","09","13","08:00"," ","","","","","","","","","","","","","","","","","","",""
"1994-09-13 08:30","1994","09","13","08:30"," ","11,60","","9,90","","89,00","","1,00","","6,00","","15,00","","","M","","","","","ND"
"1994-09-13 09:00","1994","09","13","09:00"," ","","","","","","","","","","","","","","","","","","",""
"1994-09-13 09:30","1994","09","13","09:30"," ","12,20","","11,10","","93,00","","1,00","","6,00","","15,00","","","M","","","","","ND"
"1994-09-13 10:00","1994","09","13","10:00"," ","","","","","","","","","","","","","","","","","","",""
"1994-09-13 10:30","1994","09","13","10:30"," ","12,70","","11,60","","93,00","","36,00","","6,00","","15,00","","","M","","","","","ND"
"1994-09-13 11:00","1994","09","13","11:00"," ","","","","","","","","","","","","","","","","","","",""
"1994-09-13 11:30","1994","09","13","11:30"," ","14,90","","11,60","","81,00","","30,00","","6,00","","15,00","","","M","","","","","ND"
"1994-09-13 12:00","1994","09","13","12:00"," ","","","","","","","","","","","","","","","","","","",""
"1994-09-13 12:30","1994","09","13","12:30"," ","15,50","","12,20","","81,00","","33,00","","7,00","","15,00","","","M","","","","","ND"
"1994-09-13 13:00","1994","09","13","13:00"," ","","","","","","","","","","","","","","","","","","",""
"1994-09-13 13:30","1994","09","13","13:30"," ","14,40","","12,20","","87,00","","35,00","","4,00","","15,00","","","M","","","","","ND"
"1994-09-13 14:00","1994","09","13","14:00"," ","","","","","","","","","","","","","","","","","","",""
"1994-09-13 14:30","1994","09","13","14:30"," ","14,40","","12,20","","87,00","","2,00","","2,00","","15,00","","","M","","","","","ND"
"1994-09-13 15:00","1994","09","13","15:00"," ","","","","","","","","","","","","","","","","","","",""
"1994-09-13 15:30","1994","09","13","15:30"," ","15,50","","12,70","","83,00","","3,00","","7,00","","15,00","","","M","","","","","ND"
"1994-09-13 16:00","1994","09","13","16:00"," ","","","","","","","","","","","","","","","","","","",""
"1994-09-13 16:30","1994","09","13","16:30"," ","15,50","","11,60","","78,00","","2,00","","9,00","","15,00","","","M","","","","","ND"
"1994-09-13 17:00","1994","09","13","17:00"," ","","","","","","","","","","","","","","","","","","",""
"1994-09-13 17:30","1994","09","13","17:30"," ","14,90","","11,60","","81,00","","5,00","","7,00","","15,00","","","M","","","","","ND"
"1994-09-13 18:00","1994","09","13","18:00"," ","","","","","","","","","","","","","","","","","","",""
"1994-09-13 18:30","1994","09","13","18:30"," ","12,20","","11,10","","93,00","","4,00","","11,00","","1,60","","","M","","","","","ND"
"1994-09-13 19:00","1994","09","13","19:00"," ","","","","","","","","","","","","","","","","","","",""
"1994-09-13 19:30","1994","09","13","19:30"," ","12,70","","10,50","","86,00","","2,00","","9,00","","15,00","","","M","","","","","ND"
"1994-09-13 20:00","1994","09","13","20:00"," ","","","","","","","","","","","","","","","","","","",""
"1994-09-13 20:30","1994","09","13","20:30"," ","","M","","M","","M","","M","","M","15,00","","","M","","","","","ND"
"1994-09-13 21:00","1994","09","13","21:00"," ","","","","","","","","","","","","","","","","","","",""
"1994-09-13 21:30","1994","09","13","21:30"," ","11,10","","9,90","","92,00","","36,00","","9,00","","15,00","","","M","","","","","ND"
"1994-09-13 22:00","1994","09","13","22:00"," ","","","","","","","","","","","","","","","","","","",""
"1994-09-13 22:30","1994","09","13","22:30"," ","11,60","","9,40","","86,00","","2,00","","6,00","","15,00","","","M","","","","","ND"
"1994-09-13 23:00","1994","09","13","23:00"," ","","","","","","","","","","","","","","","","","","",""
"1994-09-13 23:30","1994","09","13","23:30"," ","9,90","","8,80","","93,00","","36,00","","6,00","","4,80","","","M","","","","","ND"
"1994-09-14 00:00","1994","09","14","00:00"," ","","","","","","","","","","","","","","","","","","",""
"1994-09-14 00:30","1994","09","14","00:30"," ","9,40","","8,80","","96,00","","34,00","","6,00","","4,80","","","M","","","","","ND"
"1994-09-14 01:00","1994","09","14","01:00"," ","","","","","","","","","","","","","","","","","","",""
"1994-09-14 01:30","1994","09","14","01:30"," ","9,40","","8,30","","93,00","","1,00","","9,00","","15,00","","","M","","","","","ND"
"1994-09-14 02:00","1994","09","14","02:00"," ","","","","","","","","","","","","","","","","","","",""
"1994-09-14 02:30","1994","09","14","02:30"," ","9,40","","8,30","","93,00","","35,00","","7,00","","15,00","","","M","","","","","ND"
"1994-09-14 03:00","1994","09","14","03:00"," ","","","","","","","","","","","","","","","","","","",""
"1994-09-14 03:30","1994","09","14","03:30"," ","9,40","","7,70","","89,00","","35,00","","11,00","","15,00","","","M","","","","","ND"
"1994-09-14 04:00","1994","09","14","04:00"," ","","","","","","","","","","","","","","","","","","",""
"1994-09-14 04:30","1994","09","14","04:30"," ","9,40","","8,30","","93,00","","34,00","","15,00","","15,00","","","M","","","","","ND"
"1994-09-14 05:00","1994","09","14","05:00"," ","","","","","","","","","","","","","","","","","","",""
"1994-09-14 05:30","1994","09","14","05:30"," ","11,10","","7,70","","80,00","","36,00","","13,00","","15,00","","","M","","","","","ND"
"1994-09-14 06:00","1994","09","14","06:00"," ","","","","","","","","","","","","","","","","","","",""
"1994-09-14 06:30","1994","09","14","06:30"," ","9,40","","7,70","","89,00","","1,00","","13,00","","15,00","","","M","","","","","ND"
"1994-09-14 07:00","1994","09","14","07:00"," ","","","","","","","","","","","","","","","","","","",""
"1994-09-14 07:30","1994","09","14","07:30"," ","11,10","","8,30","","83,00","","36,00","","19,00","","3,20","","","M","","","","","ND"
"1994-09-14 08:00","1994","09","14","08:00"," ","","","","","","","","","","","","","","","","","","",""
"1994-09-14 08:30","1994","09","14","08:30"," ","11,10","","8,30","","83,00","","36,00","","11,00","","4,80","","","M","","","","","ND"
"1994-09-14 09:00","1994","09","14","09:00"," ","","","","","","","","","","","","","","","","","","",""
"1994-09-14 09:30","1994","09","14","09:30"," ","11,10","","8,80","","86,00","","34,00","","15,00","","15,00","","","M","","","","","ND"
"1994-09-14 10:00","1994","09","14","10:00"," ","","","","","","","","","","","","","","","","","","",""
"1994-09-14 10:30","1994","09","14","10:30"," ","12,20","","8,30","","77,00","","36,00","","13,00","","15,00","","","M","","","","","ND"
"1994-09-14 11:00","1994","09","14","11:00"," ","","","","","","","","","","","","","","","","","","",""
"1994-09-14 11:30","1994","09","14","11:30"," ","12,20","","8,80","","80,00","","35,00","","13,00","","15,00","","","M","","","","","ND"
"1994-09-14 12:00","1994","09","14","12:00"," ","","","","","","","","","","","","","","","","","","",""
"1994-09-14 12:30","1994","09","14","12:30"," ","11,10","","8,30","","83,00","","36,00","","19,00","","15,00","","","M","","","","","ND"
"1994-09-14 13:00","1994","09","14","13:00"," ","","","","","","","","","","","","","","","","","","",""
"1994-09-14 13:30","1994","09","14","13:30"," ","11,60","","8,80","","83,00","","33,00","","17,00","","15,00","","","M","","","","","ND"
"1994-09-14 14:00","1994","09","14","14:00"," ","","","","","","","","","","","","","","","","","","",""
"1994-09-14 14:30","1994","09","14","14:30"," ","11,10","","9,40","","89,00","","36,00","","19,00","","15,00","","","M","","","","","ND"
"1994-09-14 15:00","1994","09","14","15:00"," ","","","","","","","","","","","","","","","","","","",""
"1994-09-14 15:30","1994","09","14","15:30"," ","11,10","","8,30","","83,00","","4,00","","19,00","","4,00","","","M","","","","","ND"
"1994-09-14 16:00","1994","09","14","16:00"," ","","","","","","","","","","","","","","","","","","",""
"1994-09-14 16:30","1994","09","14","16:30"," ","9,90","","8,30","","90,00","","36,00","","11,00","","15,00","","","M","","","","","ND"
"1994-09-14 17:00","1994","09","14","17:00"," ","","","","","","","","","","","","","","","","","","",""
"1994-09-14 17:30","1994","09","14","17:30"," ","8,80","","7,70","","93,00","","33,00","","6,00","","15,00","","","M","","","","","ND"
"1994-09-14 18:00","1994","09","14","18:00"," ","","","","","","","","","","","","","","","","","","",""
"1994-09-14 18:30","1994","09","14","18:30"," ","10,50","","7,20","","80,00","","36,00","","7,00","","15,00","","","M","","","","","ND"
"1994-09-14 19:00","1994","09","14","19:00"," ","","","","","","","","","","","","","","","","","","",""
"1994-09-14 19:30","1994","09","14","19:30"," ","8,80","","7,70","","93,00","","36,00","","11,00","","15,00","","","M","","","","","ND"
"1994-09-14 20:00","1994","09","14","20:00"," ","","","","","","","","","","","","","","","","","","",""
"1994-09-14 20:30","1994","09","14","20:30"," ","8,80","","6,60","","86,00","","34,00","","9,00","","15,00","","","M","","","","","ND"
"1994-09-14 21:00","1994","09","14","21:00"," ","","","","","","","","","","","","","","","","","","",""
"1994-09-14 21:30","1994","09","14","21:30"," ","8,30","","6,60","","89,00","","36,00","","6,00","","15,00","","","M","","","","","ND"
"1994-09-14 22:00","1994","09","14","22:00"," ","","","","","","","","","","","","","","","","","","",""
"1994-09-14 22:30","1994","09","14","22:30"," ","8,80","","6,10","","83,00","","35,00","","6,00","","15,00","","","M","","","","","ND"
"1994-09-14 23:00","1994","09","14","23:00"," ","","","","","","","","","","","","","","","","","","",""
"1994-09-14 23:30","1994","09","14","23:30"," ","6,10","","4,40","","89,00","","30,00","","4,00","","15,00","","","M","","","","","ND"
"1994-09-15 00:00","1994","09","15","00:00"," ","","","","","","","","","","","","","","","","","","",""
"1994-09-15 00:30","1994","09","15","00:30"," ","6,10","","4,40","","89,00","","27,00","","2,00","","15,00","","","M","","","","","ND"
"1994-09-15 01:00","1994","09","15","01:00"," ","","","","","","","","","","","","","","","","","","",""
"1994-09-15 01:30","1994","09","15","01:30"," ","7,20","","4,90","","85,00","","28,00","","2,00","","15,00","","","M","","","","","ND"
"1994-09-15 02:00","1994","09","15","02:00"," ","","","","","","","","","","","","","","","","","","",""
"1994-09-15 02:30","1994","09","15","02:30"," ","6,10","","5,50","","96,00","","29,00","","6,00","","15,00","","","M","","","","","ND"
"1994-09-15 03:00","1994","09","15","03:00"," ","","","","","","","","","","","","","","","","","","",""
"1994-09-15 03:30","1994","09","15","03:30"," ","7,20","","6,10","","93,00","","1,00","","6,00","","15,00","","","M","","","","","ND"
"1994-09-15 04:00","1994","09","15","04:00"," ","","","","","","","","","","","","","","","","","","",""
"1994-09-15 04:30","1994","09","15","04:30"," ","6,10","","5,50","","96,00","","28,00","","4,00","","15,00","","","M","","","","","ND"
"1994-09-15 05:00","1994","09","15","05:00"," ","","","","","","","","","","","","","","","","","","",""
"1994-09-15 05:30","1994","09","15","05:30"," ","7,20","","5,50","","89,00","","34,00","","9,00","","15,00","","","M","","","","","ND"
"1994-09-15 06:00","1994","09","15","06:00"," ","","","","","","","","","","","","","","","","","","",""
"1994-09-15 06:30","1994","09","15","06:30"," ","7,70","","5,50","","86,00","","30,00","","4,00","","15,00","","","M","","","","","ND"
"1994-09-15 07:00","1994","09","15","07:00"," ","","","","","","","","","","","","","","","","","","",""
"1994-09-15 07:30","1994","09","15","07:30"," ","8,80","","6,10","","83,00","","33,00","","7,00","","15,00","","","M","","","","","ND"
"1994-09-15 08:00","1994","09","15","08:00"," ","","","","","","","","","","","","","","","","","","",""
"1994-09-15 08:30","1994","09","15","08:30"," ","9,40","","4,40","","71,00","","34,00","","17,00","","15,00","","","M","","","","","ND"
"1994-09-15 09:00","1994","09","15","09:00"," ","","","","","","","","","","","","","","","","","","",""
"1994-09-15 09:30","1994","09","15","09:30"," ","9,40","","5,50","","77,00","","36,00","","11,00","","15,00","","","M","","","","","ND"
"1994-09-15 10:00","1994","09","15","10:00"," ","","","","","","","","","","","","","","","","","","",""
"1994-09-15 10:30","1994","09","15","10:30"," ","11,60","","4,90","","63,00","","1,00","","19,00","","15,00","","","M","","","","","ND"
"1994-09-15 11:00","1994","09","15","11:00"," ","","","","","","","","","","","","","","","","","","",""
"1994-09-15 11:30","1994","09","15","11:30"," ","11,60","","4,90","","63,00","","1,00","","19,00","","15,00","","","M","","","","","ND"
"1994-09-15 12:00","1994","09","15","12:00"," ","","","","","","","","","","","","","","","","","","",""
"1994-09-15 12:30","1994","09","15","12:30"," ","12,70","","4,40","","57,00","","1,00","","17,00","","15,00","","","M","","","","","ND"
"1994-09-15 13:00","1994","09","15","13:00"," ","","","","","","","","","","","","","","","","","","",""
"1994-09-15 13:30","1994","09","15","13:30"," ","12,20","","4,40","","59,00","","1,00","","15,00","","15,00","","","M","","","","","ND"
"1994-09-15 14:00","1994","09","15","14:00"," ","","","","","","","","","","","","","","","","","","",""
"1994-09-15 14:30","1994","09","15","14:30"," ","13,80","","4,90","","55,00","","32,00","","17,00","","15,00","","","M","","","","","ND"
"1994-09-15 15:00","1994","09","15","15:00"," ","","","","","","","","","","","","","","","","","","",""
"1994-09-15 15:30","1994","09","15","15:30"," ","13,30","","5,50","","59,00","","1,00","","19,00","","15,00","","","M","","","","","ND"
"1994-09-15 16:00","1994","09","15","16:00"," ","","","","","","","","","","","","","","","","","","",""
"1994-09-15 16:30","1994","09","15","16:30"," ","12,20","","5,50","","64,00","","1,00","","15,00","","15,00","","","M","","","","","ND"
"1994-09-15 17:00","1994","09","15","17:00"," ","","","","","","","","","","","","","","","","","","",""
"1994-09-15 17:30","1994","09","15","17:30"," ","11,60","","4,90","","63,00","","32,00","","15,00","","15,00","","","M","","","","","ND"
"1994-09-15 18:00","1994","09","15","18:00"," ","","","","","","","","","","","","","","","","","","",""
"1994-09-15 18:30","1994","09","15","18:30"," ","9,40","","3,80","","68,00","","36,00","","15,00","","15,00","","","M","","","","","ND"
"1994-09-15 19:00","1994","09","15","19:00"," ","","","","","","","","","","","","","","","","","","",""
"1994-09-15 19:30","1994","09","15","19:30"," ","6,60","","2,70","","76,00","","32,00","","6,00","","15,00","","","M","","","","","ND"
"1994-09-15 20:00","1994","09","15","20:00"," ","","","","","","","","","","","","","","","","","","",""
"1994-09-15 20:30","1994","09","15","20:30"," ","3,80","","1,10","","83,00","","28,00","","6,00","","15,00","","","M","","","","","ND"
"1994-09-15 21:00","1994","09","15","21:00"," ","","","","","","","","","","","","","","","","","","",""
"1994-09-15 21:30","1994","09","15","21:30"," ","1,10","","-0,50","","89,00","","0,00","","0,00","","15,00","","","M","","","","","ND"
"1994-09-15 22:00","1994","09","15","22:00"," ","","","","","","","","","","","","","","","","","","",""
"1994-09-15 22:30","1994","09","15","22:30"," ","-1,10","","-2,20","","92,00","","25,00","","4,00","","15,00","","","M","","","-2,00","","ND"
"1994-09-15 23:00","1994","09","15","23:00"," ","","","","","","","","","","","","","","","","","","",""
"1994-09-15 23:30","1994","09","15","23:30"," ","-0,50","","-2,70","","85,00","","22,00","","4,00","","15,00","","","M","","","-2,00","","ND"
"1994-09-16 00:00","1994","09","16","00:00"," ","","","","","","","","","","","","","","","","","","",""
"1994-09-16 00:30","1994","09","16","00:30"," ","-0,50","","-2,70","","85,00","","35,00","","2,00","","15,00","","","M","","","-1,00","","ND"
"1994-09-16 01:00","1994","09","16","01:00"," ","","","","","","","","","","","","","","","","","","",""
"1994-09-16 01:30","1994","09","16","01:30"," ","-0,50","","-2,70","","85,00","","0,00","","0,00","","15,00","","","M","","","","","ND"
"1994-09-16 02:00","1994","09","16","02:00"," ","","","","","","","","","","","","","","","","","","",""
"1994-09-16 02:30","1994","09","16","02:30"," ","-1,60","","-2,70","","92,00","","26,00","","6,00","","15,00","","","M","","","-4,00","","ND"
"1994-09-16 03:00","1994","09","16","03:00"," ","","","","","","","","","","","","","","","","","","",""
"1994-09-16 03:30","1994","09","16","03:30"," ","-0,50","","-1,60","","92,00","","20,00","","6,00","","15,00","","","M","","","-3,00","","ND"
"1994-09-16 04:00","1994","09","16","04:00"," ","","","","","","","","","","","","","","","","","","",""
"1994-09-16 04:30","1994","09","16","04:30"," ","0,50","","-1,60","","86,00","","21,00","","6,00","","15,00","","","M","","","","","ND"
"1994-09-16 05:00","1994","09","16","05:00"," ","","","","","","","","","","","","","","","","","","",""
"1994-09-16 05:30","1994","09","16","05:30"," ","-1,10","","-2,70","","89,00","","26,00","","2,00","","15,00","","","M","","","-2,00","","ND"
"1994-09-16 06:00","1994","09","16","06:00"," ","","","","","","","","","","","","","","","","","","",""
"1994-09-16 06:30","1994","09","16","06:30"," ","0,00","","-2,20","","85,00","","24,00","","4,00","","15,00","","","M","","","-1,00","","ND"
"1994-09-16 07:00","1994","09","16","07:00"," ","","","","","","","","","","","","","","","","","","",""
"1994-09-16 07:30","1994","09","16","07:30"," ","7,20","","2,70","","73,00","","34,00","","6,00","","15,00","","","M","","","","","ND"
"1994-09-16 08:00","1994","09","16","08:00"," ","","","","","","","","","","","","","","","","","","",""
"1994-09-16 08:30","1994","09","16","08:30"," ","9,40","","2,70","","63,00","","34,00","","17,00","","15,00","","","M","","","","","ND"
"1994-09-16 09:00","1994","09","16","09:00"," ","","","","","","","","","","","","","","","","","","",""
"1994-09-16 09:30","1994","09","16","09:30"," ","8,80","","2,70","","66,00","","32,00","","15,00","","15,00","","","M","","","","","ND"
"1994-09-16 10:00","1994","09","16","10:00"," ","","","","","","","","","","","","","","","","","","",""
"1994-09-16 10:30","1994","09","16","10:30"," ","9,40","","2,70","","63,00","","32,00","","17,00","","15,00","","","M","","","","","ND"
"1994-09-16 11:00","1994","09","16","11:00"," ","","","","","","","","","","","","","","","","","","",""
"1994-09-16 11:30","1994","09","16","11:30"," ","9,90","","2,70","","61,00","","32,00","","19,00","","15,00","","","M","","","","","ND"
"1994-09-16 12:00","1994","09","16","12:00"," ","","","","","","","","","","","","","","","","","","",""
"1994-09-16 12:30","1994","09","16","12:30"," ","11,60","","3,80","","59,00","","34,00","","17,00","","15,00","","","M","","","","","ND"
"1994-09-16 13:00","1994","09","16","13:00"," ","","","","","","","","","","","","","","","","","","",""
"1994-09-16 13:30","1994","09","16","13:30"," ","12,70","","4,40","","57,00","","32,00","","11,00","","15,00","","","M","","","","","ND"
"1994-09-16 14:00","1994","09","16","14:00"," ","","","","","","","","","","","","","","","","","","",""
"1994-09-16 14:30","1994","09","16","14:30"," ","14,90","","4,90","","51,00","","35,00","","15,00","","15,00","","","M","","","","","ND"
"1994-09-16 15:00","1994","09","16","15:00"," ","","","","","","","","","","","","","","","","","","",""
"1994-09-16 15:30","1994","09","16","15:30"," ","12,70","","3,80","","55,00","","30,00","","15,00","","15,00","","","M","","","","","ND"
"1994-09-16 16:00","1994","09","16","16:00"," ","","","","","","","","","","","","","","","","","","",""
"1994-09-16 16:30","1994","09","16","16:30"," ","12,70","","3,80","","55,00","","31,00","","11,00","","15,00","","","M","","","","","ND"
"1994-09-16 17:00","1994","09","16","17:00"," ","","","","","","","","","","","","","","","","","","",""
"1994-09-16 17:30","1994","09","16","17:30"," ","11,10","","3,80","","61,00","","32,00","","9,00","","15,00","","","M","","","","","ND"
"1994-09-16 18:00","1994","09","16","18:00"," ","","","","","","","","","","","","","","","","","","",""
"1994-09-16 18:30","1994","09","16","18:30"," ","9,40","","3,30","","66,00","","33,00","","11,00","","15,00","","","M","","","","","ND"
"1994-09-16 19:00","1994","09","16","19:00"," ","","","","","","","","","","","","","","","","","","",""
"1994-09-16 19:30","1994","09","16","19:30"," ","8,30","","3,30","","71,00","","28,00","","6,00","","15,00","","","M","","","","","ND"
"1994-09-16 20:00","1994","09","16","20:00"," ","","","","","","","","","","","","","","","","","","",""
"1994-09-16 20:30","1994","09","16","20:30"," ","5,50","","2,20","","79,00","","29,00","","6,00","","15,00","","","M","","","","","ND"
"1994-09-16 21:00","1994","09","16","21:00"," ","","","","","","","","","","","","","","","","","","",""
"1994-09-16 21:30","1994","09","16","21:30"," ","1,60","","0,00","","89,00","","24,00","","6,00","","15,00","","","M","","","","","ND"
"1994-09-16 22:00","1994","09","16","22:00"," ","","","","","","","","","","","","","","","","","","",""
"1994-09-16 22:30","1994","09","16","22:30"," ","1,10","","-0,50","","89,00","","20,00","","6,00","","15,00","","","M","","","","","ND"
"1994-09-16 23:00","1994","09","16","23:00"," ","","","","","","","","","","","","","","","","","","",""
"1994-09-16 23:30","1994","09","16","23:30"," ","1,10","","-0,50","","89,00","","25,00","","6,00","","15,00","","","M","","","","","ND"
"1994-09-17 00:00","1994","09","17","00:00"," ","","","","","","","","","","","","","","","","","","",""
"1994-09-17 00:30","1994","09","17","00:30"," ","0,00","","-1,60","","89,00","","30,00","","4,00","","15,00","","","M","","","-1,00","","ND"
"1994-09-17 01:00","1994","09","17","01:00"," ","","","","","","","","","","","","","","","","","","",""
"1994-09-17 01:30","1994","09","17","01:30"," ","-1,60","","-2,70","","92,00","","28,00","","4,00","","15,00","","","M","","","-3,00","","ND"
"1994-09-17 02:00","1994","09","17","02:00"," ","","","","","","","","","","","","","","","","","","",""
"1994-09-17 02:30","1994","09","17","02:30"," ","-1,10","","-2,20","","92,00","","23,00","","4,00","","15,00","","","M","","","-2,00","","ND"
"1994-09-17 03:00","1994","09","17","03:00"," ","","","","","","","","","","","","","","","","","","",""
"1994-09-17 03:30","1994","09","17","03:30"," ","-1,60","","-2,70","","92,00","","31,00","","2,00","","15,00","","","M","","","-2,00","","ND"
"1994-09-17 04:00","1994","09","17","04:00"," ","","","","","","","","","","","","","","","","","","",""
"1994-09-17 04:30","1994","09","17","04:30"," ","-1,60","","-3,30","","88,00","","27,00","","4,00","","15,00","","","M","","","-3,00","","ND"
"1994-09-17 05:00","1994","09","17","05:00"," ","","","","","","","","","","","","","","","","","","",""
"1994-09-17 05:30","1994","09","17","05:30"," ","-0,50","","-1,10","","96,00","","24,00","","4,00","","15,00","","","M","","","-2,00","","ND"
"1994-09-17 06:00","1994","09","17","06:00"," ","","","","","","","","","","","","","","","","","","",""
"1994-09-17 06:30","1994","09","17","06:30"," ","0,00","","-1,10","","92,00","","22,00","","4,00","","15,00","","","M","","","-1,00","","ND"
"1994-09-17 07:00","1994","09","17","07:00"," ","","","","","","","","","","","","","","","","","","",""
"1994-09-17 07:30","1994","09","17","07:30"," ","2,70","","1,10","","89,00","","36,00","","2,00","","15,00","","","M","","","","","ND"
"1994-09-17 08:00","1994","09","17","08:00"," ","","","","","","","","","","","","","","","","","","",""
"1994-09-17 08:30","1994","09","17","08:30"," ","","M","","M","","M","32,00","","2,00","","15,00","","","M","","","","","ND"
"1994-09-17 09:00","1994","09","17","09:00"," ","","","","","","","","","","","","","","","","","","",""
"1994-09-17 09:30","1994","09","17","09:30"," ","6,10","","4,90","","92,00","","13,00","","2,00","","15,00","","","M","","","","","ND"
"1994-09-17 10:00","1994","09","17","10:00"," ","","","","","","","","","","","","","","","","","","",""
"1994-09-17 10:30","1994","09","17","10:30"," ","9,90","","6,60","","80,00","","0,00","","0,00","","15,00","","","M","","","","","ND"
"1994-09-17 11:00","1994","09","17","11:00"," ","","","","","","","","","","","","","","","","","","",""
"1994-09-17 11:30","1994","09","17","11:30"," ","12,20","","7,70","","74,00","","22,00","","7,00","","15,00","","","M","","","","","ND"
"1994-09-17 12:00","1994","09","17","12:00"," ","","","","","","","","","","","","","","","","","","",""
"1994-09-17 12:30","1994","09","17","12:30"," ","11,60","","9,40","","86,00","","22,00","","13,00","","15,00","","","M","","","","","ND"
"1994-09-17 13:00","1994","09","17","13:00"," ","","","","","","","","","","","","","","","","","","",""
"1994-09-17 13:30","1994","09","17","13:30"," ","11,10","","9,40","","89,00","","20,00","","17,00","","4,80","","","M","","","","","ND"
"1994-09-17 14:00","1994","09","17","14:00"," ","","","","","","","","","","","","","","","","","","",""
"1994-09-17 14:30","1994","09","17","14:30"," ","11,10","","9,40","","89,00","","18,00","","11,00","","15,00","","","M","","","","","ND"
"1994-09-17 15:00","1994","09","17","15:00"," ","","","","","","","","","","","","","","","","","","",""
"1994-09-17 15:30","1994","09","17","15:30"," ","11,60","","9,90","","89,00","","20,00","","11,00","","15,00","","","M","","","","","ND"
"1994-09-17 16:00","1994","09","17","16:00"," ","","","","","","","","","","","","","","","","","","",""
"1994-09-17 16:30","1994","09","17","16:30"," ","11,60","","11,10","","97,00","","20,00","","11,00","","4,00","","","M","","","","","ND"
"1994-09-17 17:00","1994","09","17","17:00"," ","","","","","","","","","","","","","","","","","","",""
"1994-09-17 17:30","1994","09","17","17:30"," ","13,30","","11,60","","89,00","","19,00","","7,00","","4,80","","","M","","","","","ND"
"1994-09-17 18:00","1994","09","17","18:00"," ","","","","","","","","","","","","","","","","","","",""
"1994-09-17 18:30","1994","09","17","18:30"," ","14,90","","12,70","","87,00","","22,00","","7,00","","15,00","","","M","","","","","ND"
"1994-09-17 19:00","1994","09","17","19:00"," ","","","","","","","","","","","","","","","","","","",""
"1994-09-17 19:30","1994","09","17","19:30"," ","13,80","","13,30","","97,00","","21,00","","11,00","","15,00","","","M","","","","","ND"
"1994-09-17 20:00","1994","09","17","20:00"," ","","","","","","","","","","","","","","","","","","",""
"1994-09-17 20:30","1994","09","17","20:30"," ","14,90","","13,80","","93,00","","22,00","","9,00","","15,00","","","M","","","","","ND"
"1994-09-17 21:00","1994","09","17","21:00"," ","","","","","","","","","","","","","","","","","","",""
"1994-09-17 21:30","1994","09","17","21:30"," ","14,90","","14,40","","97,00","","23,00","","11,00","","8,00","","","M","","","","","ND"
"1994-09-17 22:00","1994","09","17","22:00"," ","","","","","","","","","","","","","","","","","","",""
"1994-09-17 22:30","1994","09","17","22:30"," ","16,10","","14,40","","90,00","","22,00","","13,00","","8,00","","","M","","","","","ND"
"1994-09-17 23:00","1994","09","17","23:00"," ","","","","","","","","","","","","","","","","","","",""
"1994-09-17 23:30","1994","09","17","23:30"," ","17,20","","14,40","","84,00","","24,00","","7,00","","8,00","","","M","","","","","ND"
"1994-09-18 00:00","1994","09","18","00:00"," ","","","","","","","","","","","","","","","","","","",""
"1994-09-18 00:30","1994","09","18","00:30"," ","15,50","","14,40","","93,00","","23,00","","11,00","","8,00","","","M","","","","","ND"
"1994-09-18 01:00","1994","09","18","01:00"," ","","","","","","","","","","","","","","","","","","",""
"1994-09-18 01:30","1994","09","18","01:30"," ","16,10","","14,90","","93,00","","22,00","","13,00","","8,00","","","M","","","","","ND"
"1994-09-18 02:00","1994","09","18","02:00"," ","","","","","","","","","","","","","","","","","","",""
"1994-09-18 02:30","1994","09","18","02:30"," ","15,50","","14,90","","96,00","","22,00","","11,00","","8,00","","","M","","","","","ND"
"1994-09-18 03:00","1994","09","18","03:00"," ","","","","","","","","","","","","","","","","","","",""
"1994-09-18 03:30","1994","09","18","03:30"," ","15,50","","14,90","","96,00","","24,00","","11,00","","15,00","","","M","","","","","ND"
"1994-09-18 04:00","1994","09","18","04:00"," ","","","","","","","","","","","","","","","","","","",""
"1994-09-18 04:30","1994","09","18","04:30"," ","15,50","","12,70","","83,00","","25,00","","13,00","","15,00","","","M","","","","","ND"
"1994-09-18 05:00","1994","09","18","05:00"," ","","","","","","","","","","","","","","","","","","",""
"1994-09-18 05:30","1994","09","18","05:30"," ","12,70","","11,60","","93,00","","25,00","","7,00","","15,00","","","M","","","","","ND"
"1994-09-18 06:00","1994","09","18","06:00"," ","","","","","","","","","","","","","","","","","","",""
"1994-09-18 06:30","1994","09","18","06:30"," ","12,20","","11,10","","93,00","","25,00","","7,00","","15,00","","","M","","","","","ND"
"1994-09-18 07:00","1994","09","18","07:00"," ","","","","","","","","","","","","","","","","","","",""
"1994-09-18 07:30","1994","09","18","07:30"," ","13,30","","11,10","","87,00","","27,00","","4,00","","15,00","","","M","","","","","ND"
"1994-09-18 08:00","1994","09","18","08:00"," ","","","","","","","","","","","","","","","","","","",""
"1994-09-18 08:30","1994","09","18","08:30"," ","14,40","","11,10","","81,00","","24,00","","9,00","","15,00","","","M","","","","","ND"
"1994-09-18 09:00","1994","09","18","09:00"," ","","","","","","","","","","","","","","","","","","",""
"1994-09-18 09:30","1994","09","18","09:30"," ","13,80","","9,90","","77,00","","25,00","","13,00","","15,00","","","M","","","","","ND"
"1994-09-18 10:00","1994","09","18","10:00"," ","","","","","","","","","","","","","","","","","","",""
"1994-09-18 10:30","1994","09","18","10:30"," ","14,40","","9,90","","74,00","","26,00","","13,00","","15,00","","","M","","","","","ND"
"1994-09-18 11:00","1994","09","18","11:00"," ","","","","","","","","","","","","","","","","","","",""
"1994-09-18 11:30","1994","09","18","11:30"," ","14,40","","9,90","","74,00","","27,00","","11,00","","15,00","","","M","","","","","ND"
"1994-09-18 12:00","1994","09","18","12:00"," ","","","","","","","","","","","","","","","","","","",""
"1994-09-18 12:30","1994","09","18","12:30"," ","16,60","","9,90","","65,00","","30,00","","9,00","","15,00","","","M","","","","","ND"
"1994-09-18 13:00","1994","09","18","13:00"," ","","","","","","","","","","","","","","","","","","",""
"1994-09-18 13:30","1994","09","18","13:30"," ","16,10","","8,80","","62,00","","26,00","","9,00","","15,00","","","M","","","","","ND"
"1994-09-18 14:00","1994","09","18","14:00"," ","","","","","","","","","","","","","","","","","","",""
"1994-09-18 14:30","1994","09","18","14:30"," ","16,10","","8,30","","60,00","","30,00","","7,00","","15,00","","","M","","","","","ND"
"1994-09-18 15:00","1994","09","18","15:00"," ","","","","","","","","","","","","","","","","","","",""
"1994-09-18 15:30","1994","09","18","15:30"," ","14,40","","8,30","","67,00","","32,00","","6,00","","15,00","","","M","","","","","ND"
"1994-09-18 16:00","1994","09","18","16:00"," ","","","","","","","","","","","","","","","","","","",""
"1994-09-18 16:30","1994","09","18","16:30"," ","15,50","","8,30","","62,00","","33,00","","6,00","","15,00","","","M","","","","","ND"
"1994-09-18 17:00","1994","09","18","17:00"," ","","","","","","","","","","","","","","","","","","",""
"1994-09-18 17:30","1994","09","18","17:30"," ","13,80","","9,90","","77,00","","9,00","","2,00","","15,00","","","M","","","","","ND"
"1994-09-18 18:00","1994","09","18","18:00"," ","","","","","","","","","","","","","","","","","","",""
"1994-09-18 18:30","1994","09","18","18:30"," ","11,60","","9,90","","89,00","","4,00","","2,00","","15,00","","","M","","","","","ND"
"1994-09-18 19:00","1994","09","18","19:00"," ","","","","","","","","","","","","","","","","","","",""
"1994-09-18 19:30","1994","09","18","19:30"," ","12,20","","7,20","","71,00","","1,00","","7,00","","15,00","","","M","","","","","ND"
"1994-09-18 20:00","1994","09","18","20:00"," ","","","","","","","","","","","","","","","","","","",""
"1994-09-18 20:30","1994","09","18","20:30"," ","11,10","","5,50","","68,00","","4,00","","6,00","","15,00","","","M","","","","","ND"
"1994-09-18 21:00","1994","09","18","21:00"," ","","","","","","","","","","","","","","","","","","",""
"1994-09-18 21:30","1994","09","18","21:30"," ","8,80","","6,60","","86,00","","2,00","","4,00","","15,00","","","M","","","","","ND"
"1994-09-18 22:00","1994","09","18","22:00"," ","","","","","","","","","","","","","","","","","","",""
"1994-09-18 22:30","1994","09","18","22:30"," ","8,30","","6,60","","89,00","","1,00","","7,00","","15,00","","","M","","","","","ND"
"1994-09-18 23:00","1994","09","18","23:00"," ","","","","","","","","","","","","","","","","","","",""
"1994-09-18 23:30","1994","09","18","23:30"," ","7,70","","6,60","","93,00","","3,00","","7,00","","15,00","","","M","","","","","ND"
"1994-09-19 00:00","1994","09","19","00:00"," ","","","","","","","","","","","","","","","","","","",""
"1994-09-19 00:30","1994","09","19","00:30"," ","7,70","","6,10","","90,00","","1,00","","11,00","","15,00","","","M","","","","","ND"
"1994-09-19 01:00","1994","09","19","01:00"," ","","","","","","","","","","","","","","","","","","",""
"1994-09-19 01:30","1994","09","19","01:30"," ","7,20","","6,10","","93,00","","2,00","","9,00","","15,00","","","M","","","","","ND"
"1994-09-19 02:00","1994","09","19","02:00"," ","","","","","","","","","","","","","","","","","","",""
"1994-09-19 02:30","1994","09","19","02:30"," ","6,60","","5,50","","93,00","","4,00","","9,00","","15,00","","","M","","","","","ND"
"1994-09-19 03:00","1994","09","19","03:00"," ","","","","","","","","","","","","","","","","","","",""
"1994-09-19 03:30","1994","09","19","03:30"," ","8,30","","5,50","","83,00","","1,00","","7,00","","15,00","","","M","","","","","ND"
"1994-09-19 04:00","1994","09","19","04:00"," ","","","","","","","","","","","","","","","","","","",""
"1994-09-19 04:30","1994","09","19","04:30"," ","6,10","","4,90","","92,00","","36,00","","7,00","","15,00","","","M","","","","","ND"
"1994-09-19 05:00","1994","09","19","05:00"," ","","","","","","","","","","","","","","","","","","",""
"1994-09-19 05:30","1994","09","19","05:30"," ","6,60","","4,90","","89,00","","33,00","","6,00","","15,00","","","M","","","","","ND"
"1994-09-19 06:00","1994","09","19","06:00"," ","","","","","","","","","","","","","","","","","","",""
"1994-09-19 06:30","1994","09","19","06:30"," ","6,10","","5,50","","96,00","","28,00","","4,00","","15,00","","","M","","","","","ND"
"1994-09-19 07:00","1994","09","19","07:00"," ","","","","","","","","","","","","","","","","","","",""
"1994-09-19 07:30","1994","09","19","07:30"," ","7,70","","6,10","","90,00","","28,00","","6,00","","15,00","","","M","","","","","ND"
"1994-09-19 08:00","1994","09","19","08:00"," ","","","","","","","","","","","","","","","","","","",""
"1994-09-19 08:30","1994","09","19","08:30"," ","9,40","","6,10","","80,00","","29,00","","11,00","","15,00","","","M","","","","","ND"
"1994-09-19 09:00","1994","09","19","09:00"," ","","","","","","","","","","","","","","","","","","",""
"1994-09-19 09:30","1994","09","19","09:30"," ","10,50","","4,40","","66,00","","26,00","","13,00","","15,00","","","M","","","","","ND"
"1994-09-19 10:00","1994","09","19","10:00"," ","","","","","","","","","","","","","","","","","","",""
"1994-09-19 10:30","1994","09","19","10:30"," ","12,70","","3,30","","53,00","","27,00","","17,00","","15,00","","","M","","","","","ND"
"1994-09-19 11:00","1994","09","19","11:00"," ","","","","","","","","","","","","","","","","","","",""
"1994-09-19 11:30","1994","09","19","11:30"," ","14,40","","2,70","","45,00","","28,00","","11,00","","15,00","","","M","","","","","ND"
"1994-09-19 12:00","1994","09","19","12:00"," ","","","","","","","","","","","","","","","","","","",""
"1994-09-19 12:30","1994","09","19","12:30"," ","14,40","","2,70","","45,00","","28,00","","17,00","","15,00","","","M","","","","","ND"
"1994-09-19 13:00","1994","09","19","13:00"," ","","","","","","","","","","","","","","","","","","",""
"1994-09-19 13:30","1994","09","19","13:30"," ","14,90","","2,20","","42,00","","27,00","","7,00","","15,00","","","M","","","","","ND"
"1994-09-19 14:00","1994","09","19","14:00"," ","","","","","","","","","","","","","","","","","","",""
"1994-09-19 14:30","1994","09","19","14:30"," ","13,80","","2,70","","47,00","","27,00","","19,00","","15,00","","","M","","","","","ND"
"1994-09-19 15:00","1994","09","19","15:00"," ","","","","","","","","","","","","","","","","","","",""
"1994-09-19 15:30","1994","09","19","15:30"," ","12,70","","4,90","","59,00","","28,00","","20,00","","15,00","","","M","","","","","ND"
"1994-09-19 16:00","1994","09","19","16:00"," ","","","","","","","","","","","","","","","","","","",""
"1994-09-19 16:30","1994","09","19","16:30"," ","13,30","","4,90","","57,00","","23,00","","11,00","","15,00","","","M","","","","","ND"
"1994-09-19 17:00","1994","09","19","17:00"," ","","","","","","","","","","","","","","","","","","",""
"1994-09-19 17:30","1994","09","19","17:30"," ","11,10","","5,50","","68,00","","22,00","","11,00","","15,00","","","M","","","","","ND"
"1994-09-19 18:00","1994","09","19","18:00"," ","","","","","","","","","","","","","","","","","","",""
"1994-09-19 18:30","1994","09","19","18:30"," ","8,30","","5,50","","83,00","","21,00","","6,00","","15,00","","","M","","","","","ND"
"1994-09-19 19:00","1994","09","19","19:00"," ","","","","","","","","","","","","","","","","","","",""
"1994-09-19 19:30","1994","09","19","19:30"," ","3,80","","2,70","","93,00","","24,00","","2,00","","15,00","","","M","","","","","ND"
"1994-09-19 20:00","1994","09","19","20:00"," ","","","","","","","","","","","","","","","","","","",""
"1994-09-19 20:30","1994","09","19","20:30"," ","3,80","","1,60","","86,00","","28,00","","4,00","","15,00","","","M","","","","","ND"
"1994-09-19 21:00","1994","09","19","21:00"," ","","","","","","","","","","","","","","","","","","",""
"1994-09-19 21:30","1994","09","19","21:30"," ","3,80","","3,30","","97,00","","30,00","","4,00","","15,00","","","M","","","","","ND"
"1994-09-19 22:00","1994","09","19","22:00"," ","","","","","","","","","","","","","","","","","","",""
"1994-09-19 22:30","1994","09","19","22:30"," ","7,20","","5,50","","89,00","","21,00","","6,00","","15,00","","","M","","","","","ND"
"1994-09-19 23:00","1994","09","19","23:00"," ","","","","","","","","","","","","","","","","","","",""
"1994-09-19 23:30","1994","09","19","23:30"," ","8,80","","6,60","","86,00","","21,00","","11,00","","15,00","","","M","","","","","ND"
"1994-09-20 00:00","1994","09","20","00:00"," ","","","","","","","","","","","","","","","","","","",""
"1994-09-20 00:30","1994","09","20","00:30"," ","9,40","","7,20","","86,00","","23,00","","6,00","","15,00","","","M","","","","","ND"
"1994-09-20 01:00","1994","09","20","01:00"," ","","","","","","","","","","","","","","","","","","",""
"1994-09-20 01:30","1994","09","20","01:30"," ","8,80","","7,20","","90,00","","23,00","","13,00","","15,00","","","M","","","","","ND"
"1994-09-20 02:00","1994","09","20","02:00"," ","","","","","","","","","","","","","","","","","","",""
"1994-09-20 02:30","1994","09","20","02:30"," ","9,40","","6,60","","83,00","","24,00","","11,00","","15,00","","","M","","","","","ND"
"1994-09-20 03:00","1994","09","20","03:00"," ","","","","","","","","","","","","","","","","","","",""
"1994-09-20 03:30","1994","09","20","03:30"," ","8,80","","6,10","","83,00","","22,00","","6,00","","15,00","","","M","","","","","ND"
"1994-09-20 04:00","1994","09","20","04:00"," ","","","","","","","","","","","","","","","","","","",""
"1994-09-20 04:30","1994","09","20","04:30"," ","7,20","","4,90","","85,00","","24,00","","7,00","","15,00","","","M","","","","","ND"
"1994-09-20 05:00","1994","09","20","05:00"," ","","","","","","","","","","","","","","","","","","",""
"1994-09-20 05:30","1994","09","20","05:30"," ","7,70","","4,40","","80,00","","24,00","","7,00","","15,00","","","M","","","","","ND"
"1994-09-20 06:00","1994","09","20","06:00"," ","","","","","","","","","","","","","","","","","","",""
"1994-09-20 06:30","1994","09","20","06:30"," ","6,10","","4,40","","89,00","","24,00","","6,00","","15,00","","","M","","","","","ND"
"1994-09-20 07:00","1994","09","20","07:00"," ","","","","","","","","","","","","","","","","","","",""
"1994-09-20 07:30","1994","09","20","07:30"," ","8,30","","5,50","","83,00","","25,00","","7,00","","15,00","","","M","","","","","ND"
"1994-09-20 08:00","1994","09","20","08:00"," ","","","","","","","","","","","","","","","","","","",""
"1994-09-20 08:30","1994","09","20","08:30"," ","11,10","","4,90","","66,00","","25,00","","19,00","","15,00","","","M","","","","","ND"
"1994-09-20 09:00","1994","09","20","09:00"," ","","","","","","","","","","","","","","","","","","",""
"1994-09-20 09:30","1994","09","20","09:30"," ","13,30","","4,90","","57,00","","27,00","","17,00","","15,00","","","M","","","","","ND"
"1994-09-20 10:00","1994","09","20","10:00"," ","","","","","","","","","","","","","","","","","","",""
"1994-09-20 10:30","1994","09","20","10:30"," ","13,80","","4,40","","53,00","","25,00","","19,00","","15,00","","","M","","","","","ND"
"1994-09-20 11:00","1994","09","20","11:00"," ","","","","","","","","","","","","","","","","","","",""
"1994-09-20 11:30","1994","09","20","11:30"," ","15,50","","4,90","","49,00","","27,00","","20,00","","15,00","","","M","","","","","ND"
"1994-09-20 12:00","1994","09","20","12:00"," ","","","","","","","","","","","","","","","","","","",""
"1994-09-20 12:30","1994","09","20","12:30"," ","16,60","","4,40","","44,00","","24,00","","19,00","","15,00","","","M","","","","","ND"
"1994-09-20 13:00","1994","09","20","13:00"," ","","","","","","","","","","","","","","","","","","",""
"1994-09-20 13:30","1994","09","20","13:30"," ","14,40","","3,30","","47,00","","26,00","","20,00","","15,00","","","M","","","","","ND"
"1994-09-20 14:00","1994","09","20","14:00"," ","","","","","","","","","","","","","","","","","","",""
"1994-09-20 14:30","1994","09","20","14:30"," ","15,50","","4,40","","48,00","","27,00","","15,00","","15,00","","","M","","","","","ND"
"1994-09-20 15:00","1994","09","20","15:00"," ","","","","","","","","","","","","","","","","","","",""
"1994-09-20 15:30","1994","09","20","15:30"," ","16,60","","3,80","","42,00","","26,00","","15,00","","15,00","","","M","","","","","ND"
"1994-09-20 16:00","1994","09","20","16:00"," ","","","","","","","","","","","","","","","","","","",""
"1994-09-20 16:30","1994","09","20","16:30"," ","14,40","","4,40","","51,00","","24,00","","9,00","","15,00","","","M","","","","","ND"
"1994-09-20 17:00","1994","09","20","17:00"," ","","","","","","","","","","","","","","","","","","",""
"1994-09-20 17:30","1994","09","20","17:30"," ","12,70","","4,40","","57,00","","25,00","","11,00","","15,00","","","M","","","","","ND"
"1994-09-20 18:00","1994","09","20","18:00"," ","","","","","","","","","","","","","","","","","","",""
"1994-09-20 18:30","1994","09","20","18:30"," ","8,80","","4,90","","76,00","","23,00","","4,00","","15,00","","","M","","","","","ND"
"1994-09-20 19:00","1994","09","20","19:00"," ","","","","","","","","","","","","","","","","","","",""
"1994-09-20 19:30","1994","09","20","19:30"," ","5,50","","2,20","","79,00","","25,00","","4,00","","15,00","","","M","","","","","ND"
"1994-09-20 20:00","1994","09","20","20:00"," ","","","","","","","","","","","","","","","","","","",""
"1994-09-20 20:30","1994","09","20","20:30"," ","3,30","","1,10","","85,00","","30,00","","2,00","","15,00","","","M","","","","","ND"
"1994-09-20 21:00","1994","09","20","21:00"," ","","","","","","","","","","","","","","","","","","",""
"1994-09-20 21:30","1994","09","20","21:30"," ","2,70","","1,60","","92,00","","27,00","","6,00","","15,00","","","M","","","","","ND"
"1994-09-20 22:00","1994","09","20","22:00"," ","","","","","","","","","","","","","","","","","","",""
"1994-09-20 22:30","1994","09","20","22:30"," ","4,90","","3,30","","89,00","","4,00","","2,00","","15,00","","","M","","","","","ND"
"1994-09-20 23:00","1994","09","20","23:00"," ","","","","","","","","","","","","","","","","","","",""
"1994-09-20 23:30","1994","09","20","23:30"," ","5,50","","3,80","","89,00","","25,00","","4,00","","15,00","","","M","","","","","ND"
"1994-09-21 00:00","1994","09","21","00:00"," ","","","","","","","","","","","","","","","","","","",""
"1994-09-21 00:30","1994","09","21","00:30"," ","6,10","","4,90","","92,00","","30,00","","6,00","","15,00","","","M","","","","","ND"
"1994-09-21 01:00","1994","09","21","01:00"," ","","","","","","","","","","","","","","","","","","",""
"1994-09-21 01:30","1994","09","21","01:30"," ","6,60","","5,50","","93,00","","7,00","","4,00","","15,00","","","M","","","","","ND"
"1994-09-21 02:00","1994","09","21","02:00"," ","","","","","","","","","","","","","","","","","","",""
"1994-09-21 02:30","1994","09","21","02:30"," ","7,70","","5,50","","86,00","","1,00","","2,00","","15,00","","","M","","","","","ND"
"1994-09-21 03:00","1994","09","21","03:00"," ","","","","","","","","","","","","","","","","","","",""
"1994-09-21 03:30","1994","09","21","03:30"," ","8,30","","6,10","","86,00","","26,00","","4,00","","15,00","","","M","","","","","ND"
"1994-09-21 04:00","1994","09","21","04:00"," ","","","","","","","","","","","","","","","","","","",""
"1994-09-21 04:30","1994","09","21","04:30"," ","6,60","","5,50","","93,00","","26,00","","6,00","","15,00","","","M","","","","","ND"
"1994-09-21 05:00","1994","09","21","05:00"," ","","","","","","","","","","","","","","","","","","",""
"1994-09-21 05:30","1994","09","21","05:30"," ","7,20","","6,10","","93,00","","24,00","","4,00","","15,00","","","M","","","","","ND"
"1994-09-21 06:00","1994","09","21","06:00"," ","","","","","","","","","","","","","","","","","","",""
"1994-09-21 06:30","1994","09","21","06:30"," ","7,20","","6,60","","96,00","","28,00","","2,00","","15,00","","","M","","","","","ND"
"1994-09-21 07:00","1994","09","21","07:00"," ","","","","","","","","","","","","","","","","","","",""
"1994-09-21 07:30","1994","09","21","07:30"," ","10,50","","8,30","","86,00","","23,00","","4,00","","15,00","","","M","","","","","ND"
"1994-09-21 08:00","1994","09","21","08:00"," ","","","","","","","","","","","","","","","","","","",""
"1994-09-21 08:30","1994","09","21","08:30"," ","13,80","","9,40","","75,00","","23,00","","15,00","","15,00","","","M","","","","","ND"
"1994-09-21 09:00","1994","09","21","09:00"," ","","","","","","","","","","","","","","","","","","",""
"1994-09-21 09:30","1994","09","21","09:30"," ","14,90","","8,80","","67,00","","28,00","","15,00","","15,00","","","M","","","","","ND"
"1994-09-21 10:00","1994","09","21","10:00"," ","","","","","","","","","","","","","","","","","","",""
"1994-09-21 10:30","1994","09","21","10:30"," ","14,90","","8,30","","65,00","","29,00","","15,00","","15,00","","","M","","","","","ND"
"1994-09-21 11:00","1994","09","21","11:00"," ","","","","","","","","","","","","","","","","","","",""
"1994-09-21 11:30","1994","09","21","11:30"," ","16,10","","8,30","","60,00","","30,00","","17,00","","15,00","","","M","","","","","ND"
"1994-09-21 12:00","1994","09","21","12:00"," ","","","","","","","","","","","","","","","","","","",""
"1994-09-21 12:30","1994","09","21","12:30"," ","16,60","","8,30","","58,00","","34,00","","13,00","","15,00","","","M","","","","","ND"
"1994-09-21 13:00","1994","09","21","13:00"," ","","","","","","","","","","","","","","","","","","",""
"1994-09-21 13:30","1994","09","21","13:30"," ","14,90","","8,80","","67,00","","36,00","","7,00","","15,00","","","M","","","","","ND"
"1994-09-21 14:00","1994","09","21","14:00"," ","","","","","","","","","","","","","","","","","","",""
"1994-09-21 14:30","1994","09","21","14:30"," ","14,90","","8,80","","67,00","","1,00","","13,00","","15,00","","","M","","","","","ND"
"1994-09-21 15:00","1994","09","21","15:00"," ","","","","","","","","","","","","","","","","","","",""
"1994-09-21 15:30","1994","09","21","15:30"," ","14,90","","8,80","","67,00","","1,00","","6,00","","15,00","","","M","","","","","ND"
"1994-09-21 16:00","1994","09","21","16:00"," ","","","","","","","","","","","","","","","","","","",""
"1994-09-21 16:30","1994","09","21","16:30"," ","12,70","","11,10","","90,00","","4,00","","6,00","","15,00","","","M","","","","","ND"
"1994-09-21 17:00","1994","09","21","17:00"," ","","","","","","","","","","","","","","","","","","",""
"1994-09-21 17:30","1994","09","21","17:30"," ","12,70","","10,50","","86,00","","34,00","","4,00","","15,00","","","M","","","","","ND"
"1994-09-21 18:00","1994","09","21","18:00"," ","","","","","","","","","","","","","","","","","","",""
"1994-09-21 18:30","1994","09","21","18:30"," ","10,50","","9,90","","96,00","","6,00","","6,00","","8,00","","","M","","","","","ND"
"1994-09-21 19:00","1994","09","21","19:00"," ","","","","","","","","","","","","","","","","","","",""
"1994-09-21 19:30","1994","09","21","19:30"," ","11,10","","9,40","","89,00","","4,00","","4,00","","15,00","","","M","","","","","ND"
"1994-09-21 20:00","1994","09","21","20:00"," ","","","","","","","","","","","","","","","","","","",""
"1994-09-21 20:30","1994","09","21","20:30"," ","9,40","","8,30","","93,00","","3,00","","6,00","","15,00","","","M","","","","","ND"
"1994-09-21 21:00","1994","09","21","21:00"," ","","","","","","","","","","","","","","","","","","",""
"1994-09-21 21:30","1994","09","21","21:30"," ","10,50","","7,70","","83,00","","2,00","","7,00","","15,00","","","M","","","","","ND"
"1994-09-21 22:00","1994","09","21","22:00"," ","","","","","","","","","","","","","","","","","","",""
"1994-09-21 22:30","1994","09","21","22:30"," ","7,70","","6,10","","90,00","","36,00","","6,00","","15,00","","","M","","","","","ND"
"1994-09-21 23:00","1994","09","21","23:00"," ","","","","","","","","","","","","","","","","","","",""
"1994-09-21 23:30","1994","09","21","23:30"," ","7,20","","5,50","","89,00","","2,00","","7,00","","15,00","","","M","","","","","ND"
"1994-09-22 00:00","1994","09","22","00:00"," ","","","","","","","","","","","","","","","","","","",""
"1994-09-22 00:30","1994","09","22","00:30"," ","7,20","","5,50","","89,00","","1,00","","11,00","","15,00","","","M","","","","","ND"
"1994-09-22 01:00","1994","09","22","01:00"," ","","","","","","","","","","","","","","","","","","",""
"1994-09-22 01:30","1994","09","22","01:30"," ","7,70","","4,90","","82,00","","3,00","","7,00","","15,00","","","M","","","","","ND"
"1994-09-22 02:00","1994","09","22","02:00"," ","","","","","","","","","","","","","","","","","","",""
"1994-09-22 02:30","1994","09","22","02:30"," ","5,50","","4,40","","93,00","","3,00","","7,00","","15,00","","","M","","","","","ND"
"1994-09-22 03:00","1994","09","22","03:00"," ","","","","","","","","","","","","","","","","","","",""
"1994-09-22 03:30","1994","09","22","03:30"," ","4,90","","3,30","","89,00","","36,00","","6,00","","15,00","","","M","","","","","ND"
"1994-09-22 04:00","1994","09","22","04:00"," ","","","","","","","","","","","","","","","","","","",""
"1994-09-22 04:30","1994","09","22","04:30"," ","6,60","","4,40","","86,00","","2,00","","9,00","","15,00","","","M","","","","","ND"
"1994-09-22 05:00","1994","09","22","05:00"," ","","","","","","","","","","","","","","","","","","",""
"1994-09-22 05:30","1994","09","22","05:30"," ","6,10","","4,40","","89,00","","2,00","","6,00","","15,00","","","M","","","","","ND"
"1994-09-22 06:00","1994","09","22","06:00"," ","","","","","","","","","","","","","","","","","","",""
"1994-09-22 06:30","1994","09","22","06:30"," ","6,10","","3,30","","82,00","","3,00","","7,00","","15,00","","","M","","","","","ND"
"1994-09-22 07:00","1994","09","22","07:00"," ","","","","","","","","","","","","","","","","","","",""
"1994-09-22 07:30","1994","09","22","07:30"," ","8,30","","3,80","","73,00","","2,00","","6,00","","15,00","","","M","","","","","ND"
"1994-09-22 08:00","1994","09","22","08:00"," ","","","","","","","","","","","","","","","","","","",""
"1994-09-22 08:30","1994","09","22","08:30"," ","8,80","","3,80","","71,00","","5,00","","13,00","","15,00","","","M","","","","","ND"
"1994-09-22 09:00","1994","09","22","09:00"," ","","","","","","","","","","","","","","","","","","",""
"1994-09-22 09:30","1994","09","22","09:30"," ","8,30","","3,80","","73,00","","1,00","","11,00","","15,00","","","M","","","","","ND"
"1994-09-22 10:00","1994","09","22","10:00"," ","","","","","","","","","","","","","","","","","","",""
"1994-09-22 10:30","1994","09","22","10:30"," ","9,90","","3,30","","63,00","","2,00","","11,00","","15,00","","","M","","","","","ND"
"1994-09-22 11:00","1994","09","22","11:00"," ","","","","","","","","","","","","","","","","","","",""
"1994-09-22 11:30","1994","09","22","11:30"," ","12,70","","3,30","","53,00","","5,00","","15,00","","15,00","","","M","","","","","ND"
"1994-09-22 12:00","1994","09","22","12:00"," ","","","","","","","","","","","","","","","","","","",""
"1994-09-22 12:30","1994","09","22","12:30"," ","12,20","","2,70","","52,00","","2,00","","13,00","","15,00","","","M","","","","","ND"
"1994-09-22 13:00","1994","09","22","13:00"," ","","","","","","","","","","","","","","","","","","",""
"1994-09-22 13:30","1994","09","22","13:30"," ","12,20","","2,20","","50,00","","5,00","","11,00","","15,00","","","M","","","","","ND"
"1994-09-22 14:00","1994","09","22","14:00"," ","","","","","","","","","","","","","","","","","","",""
"1994-09-22 14:30","1994","09","22","14:30"," ","12,70","","3,80","","55,00","","7,00","","11,00","","15,00","","","M","","","","","ND"
"1994-09-22 15:00","1994","09","22","15:00"," ","","","","","","","","","","","","","","","","","","",""
"1994-09-22 15:30","1994","09","22","15:30"," ","12,70","","3,30","","53,00","","7,00","","9,00","","15,00","","","M","","","","","ND"
"1994-09-22 16:00","1994","09","22","16:00"," ","","","","","","","","","","","","","","","","","","",""
"1994-09-22 16:30","1994","09","22","16:30"," ","11,60","","3,30","","57,00","","8,00","","9,00","","15,00","","","M","","","","","ND"
"1994-09-22 17:00","1994","09","22","17:00"," ","","","","","","","","","","","","","","","","","","",""
"1994-09-22 17:30","1994","09","22","17:30"," ","8,80","","2,70","","66,00","","5,00","","6,00","","15,00","","","M","","","","","ND"
"1994-09-22 18:00","1994","09","22","18:00"," ","","","","","","","","","","","","","","","","","","",""
"1994-09-22 18:30","1994","09","22","18:30"," ","7,70","","2,70","","71,00","","13,00","","7,00","","15,00","","","M","","","","","ND"
"1994-09-22 19:00","1994","09","22","19:00"," ","","","","","","","","","","","","","","","","","","",""
"1994-09-22 19:30","1994","09","22","19:30"," ","3,30","","0,50","","82,00","","0,00","","0,00","","15,00","","","M","","","","","ND"
"1994-09-22 20:00","1994","09","22","20:00"," ","","","","","","","","","","","","","","","","","","",""
"1994-09-22 20:30","1994","09","22","20:30"," ","-0,50","","-2,20","","88,00","","31,00","","2,00","","15,00","","","M","","","-1,00","","ND"
"1994-09-22 21:00","1994","09","22","21:00"," ","","","","","","","","","","","","","","","","","","",""
"1994-09-22 21:30","1994","09","22","21:30"," ","-1,60","","-2,70","","92,00","","0,00","","0,00","","15,00","","","M","","","","","ND"
"1994-09-22 22:00","1994","09","22","22:00"," ","","","","","","","","","","","","","","","","","","",""
"1994-09-22 22:30","1994","09","22","22:30"," ","-1,10","","-3,30","","85,00","","25,00","","2,00","","15,00","","","M","","","-2,00","","ND"
"1994-09-22 23:00","1994","09","22","23:00"," ","","","","","","","","","","","","","","","","","","",""
"1994-09-22 23:30","1994","09","22","23:30"," ","-1,60","","-2,70","","92,00","","26,00","","2,00","","0,30","","","M","","","-2,00","","ND"
"1994-09-23 00:00","1994","09","23","00:00"," ","","","","","","","","","","","","","","","","","","",""
"1994-09-23 00:30","1994","09","23","00:30"," ","0,50","","-2,20","","82,00","","28,00","","4,00","","0,30","","","M","","","","","ND"
"1994-09-23 01:00","1994","09","23","01:00"," ","","","","","","","","","","","","","","","","","","",""
"1994-09-23 01:30","1994","09","23","01:30"," ","-1,10","","-1,60","","96,00","","4,00","","2,00","","0,00","","","M","","","-2,00","","ND"
"1994-09-23 02:00","1994","09","23","02:00"," ","","","","","","","","","","","","","","","","","","",""
"1994-09-23 02:30","1994","09","23","02:30"," ","-1,60","","-2,70","","92,00","","1,00","","2,00","","0,30","","","M","","","-2,00","","ND"
"1994-09-23 03:00","1994","09","23","03:00"," ","","","","","","","","","","","","","","","","","","",""
"1994-09-23 04:00","1994","09","23","04:00"," ","","","","","","","","","","","","","","","","","","",""
"1994-09-23 05:00","1994","09","23","05:00"," ","","","","","","","","","","","","","","","","","","",""
"1994-09-23 05:30","1994","09","23","05:30"," ","0,00","","-2,70","","82,00","","31,00","","2,00","","0,00","","","M","","","-1,00","","ND"
"1994-09-23 06:00","1994","09","23","06:00"," ","","","","","","","","","","","","","","","","","","",""
"1994-09-23 06:30","1994","09","23","06:30"," ","-1,60","","-2,70","","92,00","","0,00","","0,00","","15,00","","","M","","","","","ND"
"1994-09-23 07:00","1994","09","23","07:00"," ","","","","","","","","","","","","","","","","","","",""
"1994-09-23 07:30","1994","09","23","07:30"," ","0,00","","0,00","","100,00","","7,00","","2,00","","15,00","","","M","","","-1,00","","ND"
"1994-09-23 08:00","1994","09","23","08:00"," ","","","","","","","","","","","","","","","","","","",""
"1994-09-23 08:30","1994","09","23","08:30"," ","","M","","M","","M","","M","","M","","M","","M","","","","","ND"
"1994-09-23 09:00","1994","09","23","09:00"," ","","","","","","","","","","","","","","","","","","",""
"1994-09-23 10:00","1994","09","23","10:00"," ","","","","","","","","","","","","","","","","","","",""
"1994-09-23 10:30","1994","09","23","10:30"," ","13,80","","6,60","","62,00","","20,00","","7,00","","15,00","","","M","","","","","ND"
"1994-09-23 11:00","1994","09","23","11:00"," ","","","","","","","","","","","","","","","","","","",""
"1994-09-23 11:30","1994","09","23","11:30"," ","15,50","","4,90","","49,00","","","M","","M","15,00","","","M","","","","","ND"
"1994-09-23 12:00","1994","09","23","12:00"," ","","","","","","","","","","","","","","","","","","",""
"1994-09-23 12:30","1994","09","23","12:30"," ","18,30","","","M","","M","","M","","M","15,00","","","M","","","","","ND"
"1994-09-23 13:00","1994","09","23","13:00"," ","","","","","","","","","","","","","","","","","","",""
"1994-09-23 13:30","1994","09","23","13:30"," ","19,90","","2,70","","32,00","","25,00","","11,00","","15,00","","","M","","","","","ND"
"1994-09-23 14:00","1994","09","23","14:00"," ","","","","","","","","","","","","","","","","","","",""
"1994-09-23 14:30","1994","09","23","14:30"," ","19,90","","3,30","","33,00","","","M","","M","15,00","","","M","","","","","ND"
"1994-09-23 15:00","1994","09","23","15:00"," ","","","","","","","","","","","","","","","","","","",""
"1994-09-23 16:00","1994","09","23","16:00"," ","","","","","","","","","","","","","","","","","","",""
"1994-09-23 17:00","1994","09","23","17:00"," ","","","","","","","","","","","","","","","","","","",""
"1994-09-23 17:30","1994","09","23","17:30"," ","13,30","","6,10","","62,00","","32,00","","4,00","","15,00","","","M","","","","","ND"
"1994-09-23 18:00","1994","09","23","18:00"," ","","","","","","","","","","","","","","","","","","",""
"1994-09-23 18:30","1994","09","23","18:30"," ","8,80","","5,50","","80,00","","0,00","","0,00","","15,00","","","M","","","","","ND"
"1994-09-23 19:00","1994","09","23","19:00"," ","","","","","","","","","","","","","","","","","","",""
"1994-09-23 19:30","1994","09","23","19:30"," ","4,90","","2,70","","86,00","","14,00","","2,00","","15,00","","","M","","","","","ND"
"1994-09-23 20:00","1994","09","23","20:00"," ","","","","","","","","","","","","","","","","","","",""
"1994-09-23 21:00","1994","09","23","21:00"," ","","","","","","","","","","","","","","","","","","",""
"1994-09-23 21:30","1994","09","23","21:30"," ","4,40","","2,20","","86,00","","8,00","","2,00","","15,00","","","M","","","","","ND"
"1994-09-23 22:00","1994","09","23","22:00"," ","","","","","","","","","","","","","","","","","","",""
"1994-09-23 22:30","1994","09","23","22:30"," ","","M","","M","","M","","M","","M","","M","","M","","","","","ND"
"1994-09-23 23:00","1994","09","23","23:00"," ","","","","","","","","","","","","","","","","","","",""
"1994-09-23 23:30","1994","09","23","23:30"," ","0,00","","-1,60","","89,00","","1,00","","2,00","","15,00","","","M","","","-1,00","","ND"
"1994-09-24 00:00","1994","09","24","00:00"," ","","","","","","","","","","","","","","","","","","",""
"1994-09-24 01:00","1994","09","24","01:00"," ","","","","","","","","","","","","","","","","","","",""
"1994-09-24 02:00","1994","09","24","02:00"," ","","","","","","","","","","","","","","","","","","",""
"1994-09-24 03:00","1994","09","24","03:00"," ","","","","","","","","","","","","","","","","","","",""
"1994-09-24 04:00","1994","09","24","04:00"," ","","","","","","","","","","","","","","","","","","",""
"1994-09-24 05:00","1994","09","24","05:00"," ","","","","","","","","","","","","","","","","","","",""
"1994-09-24 06:00","1994","09","24","06:00"," ","","","","","","","","","","","","","","","","","","",""
"1994-09-24 07:00","1994","09","24","07:00"," ","","","","","","","","","","","","","","","","","","",""
"1994-09-24 08:00","1994","09","24","08:00"," ","","","","","","","","","","","","","","","","","","",""
"1994-09-24 09:00","1994","09","24","09:00"," ","","","","","","","","","","","","","","","","","","",""
"1994-09-24 10:00","1994","09","24","10:00"," ","","","","","","","","","","","","","","","","","","",""
"1994-09-24 11:00","1994","09","24","11:00"," ","","","","","","","","","","","","","","","","","","",""
"1994-09-24 12:00","1994","09","24","12:00"," ","","","","","","","","","","","","","","","","","","",""
"1994-09-24 13:00","1994","09","24","13:00"," ","","","","","","","","","","","","","","","","","","",""
"1994-09-24 14:00","1994","09","24","14:00"," ","","","","","","","","","","","","","","","","","","",""
"1994-09-24 15:00","1994","09","24","15:00"," ","","","","","","","","","","","","","","","","","","",""
"1994-09-24 16:00","1994","09","24","16:00"," ","","","","","","","","","","","","","","","","","","",""
"1994-09-24 17:00","1994","09","24","17:00"," ","","","","","","","","","","","","","","","","","","",""
"1994-09-24 18:00","1994","09","24","18:00"," ","","","","","","","","","","","","","","","","","","",""
"1994-09-24 19:00","1994","09","24","19:00"," ","","","","","","","","","","","","","","","","","","",""
"1994-09-24 20:00","1994","09","24","20:00"," ","","","","","","","","","","","","","","","","","","",""
"1994-09-24 21:00","1994","09","24","21:00"," ","","","","","","","","","","","","","","","","","","",""
"1994-09-24 22:00","1994","09","24","22:00"," ","","","","","","","","","","","","","","","","","","",""
"1994-09-24 23:00","1994","09","24","23:00"," ","","","","","","","","","","","","","","","","","","",""
"1994-09-25 00:00","1994","09","25","00:00"," ","","","","","","","","","","","","","","","","","","",""
"1994-09-25 01:00","1994","09","25","01:00"," ","","","","","","","","","","","","","","","","","","",""
"1994-09-25 02:00","1994","09","25","02:00"," ","","","","","","","","","","","","","","","","","","",""
"1994-09-25 03:00","1994","09","25","03:00"," ","","","","","","","","","","","","","","","","","","",""
"1994-09-25 04:00","1994","09","25","04:00"," ","","","","","","","","","","","","","","","","","","",""
"1994-09-25 05:00","1994","09","25","05:00"," ","","","","","","","","","","","","","","","","","","",""
"1994-09-25 06:00","1994","09","25","06:00"," ","","","","","","","","","","","","","","","","","","",""
"1994-09-25 07:00","1994","09","25","07:00"," ","","","","","","","","","","","","","","","","","","",""
"1994-09-25 08:00","1994","09","25","08:00"," ","","","","","","","","","","","","","","","","","","",""
"1994-09-25 09:00","1994","09","25","09:00"," ","","","","","","","","","","","","","","","","","","",""
"1994-09-25 10:00","1994","09","25","10:00"," ","","","","","","","","","","","","","","","","","","",""
"1994-09-25 11:00","1994","09","25","11:00"," ","","","","","","","","","","","","","","","","","","",""
"1994-09-25 12:00","1994","09","25","12:00"," ","","","","","","","","","","","","","","","","","","",""
"1994-09-25 13:00","1994","09","25","13:00"," ","","","","","","","","","","","","","","","","","","",""
"1994-09-25 14:00","1994","09","25","14:00"," ","","","","","","","","","","","","","","","","","","",""
"1994-09-25 15:00","1994","09","25","15:00"," ","","","","","","","","","","","","","","","","","","",""
"1994-09-25 16:00","1994","09","25","16:00"," ","","","","","","","","","","","","","","","","","","",""
"1994-09-25 17:00","1994","09","25","17:00"," ","","","","","","","","","","","","","","","","","","",""
"1994-09-25 18:00","1994","09","25","18:00"," ","","","","","","","","","","","","","","","","","","",""
"1994-09-25 19:00","1994","09","25","19:00"," ","","","","","","","","","","","","","","","","","","",""
"1994-09-25 20:00","1994","09","25","20:00"," ","","","","","","","","","","","","","","","","","","",""
"1994-09-25 21:00","1994","09","25","21:00"," ","","","","","","","","","","","","","","","","","","",""
"1994-09-25 22:00","1994","09","25","22:00"," ","","","","","","","","","","","","","","","","","","",""
"1994-09-25 23:00","1994","09","25","23:00"," ","","","","","","","","","","","","","","","","","","",""
"1994-09-26 00:00","1994","09","26","00:00"," ","","","","","","","","","","","","","","","","","","",""
"1994-09-26 01:00","1994","09","26","01:00"," ","","","","","","","","","","","","","","","","","","",""
"1994-09-26 02:00","1994","09","26","02:00"," ","","","","","","","","","","","","","","","","","","",""
"1994-09-26 03:00","1994","09","26","03:00"," ","","","","","","","","","","","","","","","","","","",""
"1994-09-26 04:00","1994","09","26","04:00"," ","","","","","","","","","","","","","","","","","","",""
"1994-09-26 05:00","1994","09","26","05:00"," ","","","","","","","","","","","","","","","","","","",""
"1994-09-26 06:00","1994","09","26","06:00"," ","","","","","","","","","","","","","","","","","","",""
"1994-09-26 07:00","1994","09","26","07:00"," ","","","","","","","","","","","","","","","","","","",""
"1994-09-26 08:00","1994","09","26","08:00"," ","","","","","","","","","","","","","","","","","","",""
"1994-09-26 09:00","1994","09","26","09:00"," ","","","","","","","","","","","","","","","","","","",""
"1994-09-26 10:00","1994","09","26","10:00"," ","","","","","","","","","","","","","","","","","","",""
"1994-09-26 11:00","1994","09","26","11:00"," ","","","","","","","","","","","","","","","","","","",""
"1994-09-26 12:00","1994","09","26","12:00"," ","","","","","","","","","","","","","","","","","","",""
"1994-09-26 13:00","1994","09","26","13:00"," ","","","","","","","","","","","","","","","","","","",""
"1994-09-26 14:00","1994","09","26","14:00"," ","","","","","","","","","","","","","","","","","","",""
"1994-09-26 15:00","1994","09","26","15:00"," ","","","","","","","","","","","","","","","","","","",""
"1994-09-26 16:00","1994","09","26","16:00"," ","","","","","","","","","","","","","","","","","","",""
"1994-09-26 17:00","1994","09","26","17:00"," ","","","","","","","","","","","","","","","","","","",""
"1994-09-26 18:00","1994","09","26","18:00"," ","","","","","","","","","","","","","","","","","","",""
"1994-09-26 19:00","1994","09","26","19:00"," ","","","","","","","","","","","","","","","","","","",""
"1994-09-26 20:00","1994","09","26","20:00"," ","","","","","","","","","","","","","","","","","","",""
"1994-09-26 21:00","1994","09","26","21:00"," ","","","","","","","","","","","","","","","","","","",""
"1994-09-26 22:00","1994","09","26","22:00"," ","","","","","","","","","","","","","","","","","","",""
"1994-09-26 23:00","1994","09","26","23:00"," ","","","","","","","","","","","","","","","","","","",""
"1994-09-27 00:00","1994","09","27","00:00"," ","","","","","","","","","","","","","","","","","","",""
"1994-09-27 01:00","1994","09","27","01:00"," ","","","","","","","","","","","","","","","","","","",""
"1994-09-27 02:00","1994","09","27","02:00"," ","","","","","","","","","","","","","","","","","","",""
"1994-09-27 03:00","1994","09","27","03:00"," ","","","","","","","","","","","","","","","","","","",""
"1994-09-27 04:00","1994","09","27","04:00"," ","","","","","","","","","","","","","","","","","","",""
"1994-09-27 05:00","1994","09","27","05:00"," ","","","","","","","","","","","","","","","","","","",""
"1994-09-27 06:00","1994","09","27","06:00"," ","","","","","","","","","","","","","","","","","","",""
"1994-09-27 07:00","1994","09","27","07:00"," ","","","","","","","","","","","","","","","","","","",""
"1994-09-27 08:00","1994","09","27","08:00"," ","","","","","","","","","","","","","","","","","","",""
"1994-09-27 09:00","1994","09","27","09:00"," ","","","","","","","","","","","","","","","","","","",""
"1994-09-27 10:00","1994","09","27","10:00"," ","","","","","","","","","","","","","","","","","","",""
"1994-09-27 11:00","1994","09","27","11:00"," ","","","","","","","","","","","","","","","","","","",""
"1994-09-27 11:30","1994","09","27","11:30"," ","10,00","","9,00","","93,00","","4,00","","17,00","","15,00","","","M","","","","","ND"
"1994-09-27 12:00","1994","09","27","12:00"," ","","","","","","","","","","","","","","","","","","",""
"1994-09-27 12:30","1994","09","27","12:30"," ","10,00","","8,00","","87,00","","3,00","","13,00","","15,00","","","M","","","","","ND"
"1994-09-27 13:00","1994","09","27","13:00"," ","","","","","","","","","","","","","","","","","","",""
"1994-09-27 13:30","1994","09","27","13:30"," ","9,00","","8,00","","93,00","","4,00","","13,00","","15,00","","","M","","","","","ND"
"1994-09-27 14:00","1994","09","27","14:00"," ","","","","","","","","","","","","","","","","","","",""
"1994-09-27 14:30","1994","09","27","14:30"," ","9,00","","7,00","","87,00","","3,00","","17,00","","15,00","","","M","","","","","ND"
"1994-09-27 15:00","1994","09","27","15:00"," ","","","","","","","","","","","","","","","","","","",""
"1994-09-27 15:30","1994","09","27","15:30"," ","8,00","","7,00","","93,00","","4,00","","19,00","","15,00","","","M","","","","","ND"
"1994-09-27 16:00","1994","09","27","16:00"," ","","","","","","","","","","","","","","","","","","",""
"1994-09-27 16:30","1994","09","27","16:30"," ","8,00","","6,00","","87,00","","4,00","","20,00","","15,00","","","M","","","","","ND"
"1994-09-27 17:00","1994","09","27","17:00"," ","","","","","","","","","","","","","","","","","","",""
"1994-09-27 17:30","1994","09","27","17:30"," ","7,00","","6,00","","93,00","","3,00","","17,00","","15,00","","","M","","","","","ND"
"1994-09-27 18:00","1994","09","27","18:00"," ","","","","","","","","","","","","","","","","","","",""
"1994-09-27 18:30","1994","09","27","18:30"," ","7,00","","6,00","","93,00","","4,00","","17,00","","8,00","","","M","","","","","ND"
"1994-09-27 19:00","1994","09","27","19:00"," ","","","","","","","","","","","","","","","","","","",""
"1994-09-27 19:30","1994","09","27","19:30"," ","7,00","","5,00","","87,00","","4,00","","17,00","","15,00","","","M","","","","","ND"
"1994-09-27 20:00","1994","09","27","20:00"," ","","","","","","","","","","","","","","","","","","",""
"1994-09-27 20:30","1994","09","27","20:30"," ","6,00","","5,00","","93,00","","4,00","","17,00","","15,00","","","M","","","","","ND"
"1994-09-27 21:00","1994","09","27","21:00"," ","","","","","","","","","","","","","","","","","","",""
"1994-09-27 21:30","1994","09","27","21:30"," ","6,10","","4,90","","92,00","","3,00","","13,00","","15,00","","","M","","","","","ND"
"1994-09-27 22:00","1994","09","27","22:00"," ","","","","","","","","","","","","","","","","","","",""
"1994-09-27 22:30","1994","09","27","22:30"," ","5,50","","4,40","","93,00","","3,00","","15,00","","15,00","","","M","","","","","ND"
"1994-09-27 23:00","1994","09","27","23:00"," ","","","","","","","","","","","","","","","","","","",""
"1994-09-27 23:30","1994","09","27","23:30"," ","5,50","","4,40","","93,00","","4,00","","11,00","","15,00","","","M","","","","","ND"
"1994-09-28 00:00","1994","09","28","00:00"," ","","","","","","","","","","","","","","","","","","",""
"1994-09-28 00:30","1994","09","28","00:30"," ","5,50","","4,40","","93,00","","4,00","","7,00","","15,00","","","M","","","","","ND"
"1994-09-28 01:00","1994","09","28","01:00"," ","","","","","","","","","","","","","","","","","","",""
"1994-09-28 01:30","1994","09","28","01:30"," ","4,90","","4,40","","97,00","","6,00","","9,00","","4,80","","","M","","","","","ND"
"1994-09-28 02:00","1994","09","28","02:00"," ","","","","","","","","","","","","","","","","","","",""
"1994-09-28 02:30","1994","09","28","02:30"," ","4,40","","3,30","","93,00","","6,00","","13,00","","15,00","","","M","","","","","ND"
"1994-09-28 03:00","1994","09","28","03:00"," ","","","","","","","","","","","","","","","","","","",""
"1994-09-28 03:30","1994","09","28","03:30"," ","3,80","","2,70","","93,00","","5,00","","7,00","","15,00","","","M","","","","","ND"
"1994-09-28 04:00","1994","09","28","04:00"," ","","","","","","","","","","","","","","","","","","",""
"1994-09-28 04:30","1994","09","28","04:30"," ","3,30","","2,20","","92,00","","4,00","","9,00","","15,00","","","M","","","","","ND"
"1994-09-28 05:00","1994","09","28","05:00"," ","","","","","","","","","","","","","","","","","","",""
"1994-09-28 05:30","1994","09","28","05:30"," ","2,20","","1,60","","96,00","","4,00","","6,00","","15,00","","","M","","","","","ND"
"1994-09-28 06:00","1994","09","28","06:00"," ","","","","","","","","","","","","","","","","","","",""
"1994-09-28 06:30","1994","09","28","06:30"," ","1,60","","0,50","","92,00","","3,00","","6,00","","15,00","","","M","","","","","ND"
"1994-09-28 07:00","1994","09","28","07:00"," ","","","","","","","","","","","","","","","","","","",""
"1994-09-28 07:30","1994","09","28","07:30"," ","4,40","","2,70","","89,00","","4,00","","9,00","","15,00","","","M","","","","","ND"
"1994-09-28 08:00","1994","09","28","08:00"," ","","","","","","","","","","","","","","","","","","",""
"1994-09-28 08:30","1994","09","28","08:30"," ","4,90","","3,30","","89,00","","6,00","","13,00","","15,00","","","M","","","","","ND"
"1994-09-28 09:00","1994","09","28","09:00"," ","","","","","","","","","","","","","","","","","","",""
"1994-09-28 09:30","1994","09","28","09:30"," ","5,50","","3,30","","86,00","","4,00","","13,00","","15,00","","","M","","","","","ND"
"1994-09-28 10:00","1994","09","28","10:00"," ","","","","","","","","","","","","","","","","","","",""
"1994-09-28 10:30","1994","09","28","10:30"," ","5,50","","2,70","","82,00","","5,00","","13,00","","15,00","","","M","","","","","ND"
"1994-09-28 11:00","1994","09","28","11:00"," ","","","","","","","","","","","","","","","","","","",""
"1994-09-28 11:30","1994","09","28","11:30"," ","6,10","","2,20","","76,00","","4,00","","9,00","","15,00","","","M","","","","","ND"
"1994-09-28 12:00","1994","09","28","12:00"," ","","","","","","","","","","","","","","","","","","",""
"1994-09-28 12:30","1994","09","28","12:30"," ","6,60","","2,70","","76,00","","4,00","","11,00","","15,00","","","M","","","","","ND"
"1994-09-28 13:00","1994","09","28","13:00"," ","","","","","","","","","","","","","","","","","","",""
"1994-09-28 13:30","1994","09","28","13:30"," ","7,20","","2,70","","73,00","","9,00","","11,00","","15,00","","","M","","","","","ND"
"1994-09-28 14:00","1994","09","28","14:00"," ","","","","","","","","","","","","","","","","","","",""
"1994-09-28 14:30","1994","09","28","14:30"," ","7,20","","2,70","","73,00","","12,00","","6,00","","15,00","","","M","","","","","ND"
"1994-09-28 15:00","1994","09","28","15:00"," ","","","","","","","","","","","","","","","","","","",""
"1994-09-28 15:30","1994","09","28","15:30"," ","7,20","","2,70","","73,00","","13,00","","6,00","","15,00","","","M","","","","","ND"
"1994-09-28 16:00","1994","09","28","16:00"," ","","","","","","","","","","","","","","","","","","",""
"1994-09-28 16:30","1994","09","28","16:30"," ","6,10","","2,70","","79,00","","10,00","","9,00","","15,00","","","M","","","","","ND"
"1994-09-28 17:00","1994","09","28","17:00"," ","","","","","","","","","","","","","","","","","","",""
"1994-09-28 17:30","1994","09","28","17:30"," ","6,10","","2,20","","76,00","","10,00","","6,00","","15,00","","","M","","","","","ND"
"1994-09-28 18:00","1994","09","28","18:00"," ","","","","","","","","","","","","","","","","","","",""
"1994-09-28 18:30","1994","09","28","18:30"," ","5,50","","2,20","","79,00","","10,00","","6,00","","15,00","","","M","","","","","ND"
"1994-09-28 19:00","1994","09","28","19:00"," ","","","","","","","","","","","","","","","","","","",""
"1994-09-28 19:30","1994","09","28","19:30"," ","5,50","","2,20","","79,00","","11,00","","7,00","","15,00","","","M","","","","","ND"
"1994-09-28 20:00","1994","09","28","20:00"," ","","","","","","","","","","","","","","","","","","",""
"1994-09-28 20:30","1994","09","28","20:30"," ","4,90","","2,70","","86,00","","12,00","","6,00","","15,00","","","M","","","","","ND"
"1994-09-28 21:00","1994","09","28","21:00"," ","","","","","","","","","","","","","","","","","","",""
"1994-09-28 21:30","1994","09","28","21:30"," ","4,90","","2,20","","83,00","","11,00","","6,00","","15,00","","","M","","","","","ND"
"1994-09-28 22:00","1994","09","28","22:00"," ","","","","","","","","","","","","","","","","","","",""
"1994-09-28 22:30","1994","09","28","22:30"," ","4,90","","2,70","","86,00","","12,00","","2,00","","15,00","","","M","","","","","ND"
"1994-09-28 23:00","1994","09","28","23:00"," ","","","","","","","","","","","","","","","","","","",""
"1994-09-28 23:30","1994","09","28","23:30"," ","4,90","","2,20","","83,00","","13,00","","2,00","","15,00","","","M","","","","","ND"
"1994-09-29 00:00","1994","09","29","00:00"," ","","","","","","","","","","","","","","","","","","",""
"1994-09-29 00:30","1994","09","29","00:30"," ","4,90","","1,60","","79,00","","13,00","","6,00","","15,00","","","M","","","","","ND"
"1994-09-29 01:00","1994","09","29","01:00"," ","","","","","","","","","","","","","","","","","","",""
"1994-09-29 01:30","1994","09","29","01:30"," ","4,90","","1,60","","79,00","","12,00","","6,00","","15,00","","","M","","","","","ND"
"1994-09-29 02:00","1994","09","29","02:00"," ","","","","","","","","","","","","","","","","","","",""
"1994-09-29 02:30","1994","09","29","02:30"," ","4,40","","1,60","","82,00","","17,00","","6,00","","15,00","","","M","","","","","ND"
"1994-09-29 03:00","1994","09","29","03:00"," ","","","","","","","","","","","","","","","","","","",""
"1994-09-29 03:30","1994","09","29","03:30"," ","4,40","","1,60","","82,00","","17,00","","4,00","","15,00","","","M","","","","","ND"
"1994-09-29 04:00","1994","09","29","04:00"," ","","","","","","","","","","","","","","","","","","",""
"1994-09-29 04:30","1994","09","29","04:30"," ","4,40","","1,60","","82,00","","13,00","","4,00","","15,00","","","M","","","","","ND"
"1994-09-29 05:00","1994","09","29","05:00"," ","","","","","","","","","","","","","","","","","","",""
"1994-09-29 05:30","1994","09","29","05:30"," ","4,40","","1,60","","82,00","","15,00","","6,00","","15,00","","","M","","","","","ND"
"1994-09-29 06:00","1994","09","29","06:00"," ","","","","","","","","","","","","","","","","","","",""
"1994-09-29 06:30","1994","09","29","06:30"," ","3,80","","1,60","","86,00","","15,00","","7,00","","15,00","","","M","","","","","ND"
"1994-09-29 07:00","1994","09","29","07:00"," ","","","","","","","","","","","","","","","","","","",""
"1994-09-29 07:30","1994","09","29","07:30"," ","3,30","","1,60","","89,00","","19,00","","7,00","","15,00","","","M","","","","","ND"
"1994-09-29 08:00","1994","09","29","08:00"," ","","","","","","","","","","","","","","","","","","",""
"1994-09-29 08:30","1994","09","29","08:30"," ","5,50","","2,20","","79,00","","14,00","","9,00","","15,00","","","M","","","","","ND"
"1994-09-29 09:00","1994","09","29","09:00"," ","","","","","","","","","","","","","","","","","","",""
"1994-09-29 09:30","1994","09","29","09:30"," ","6,10","","2,20","","76,00","","15,00","","11,00","","15,00","","","M","","","","","ND"
"1994-09-29 10:00","1994","09","29","10:00"," ","","","","","","","","","","","","","","","","","","",""
"1994-09-29 10:30","1994","09","29","10:30"," ","6,60","","2,70","","76,00","","16,00","","11,00","","15,00","","","M","","","","","ND"
"1994-09-29 11:00","1994","09","29","11:00"," ","","","","","","","","","","","","","","","","","","",""
"1994-09-29 11:30","1994","09","29","11:30"," ","7,20","","3,30","","76,00","","18,00","","13,00","","15,00","","","M","","","","","ND"
"1994-09-29 12:00","1994","09","29","12:00"," ","","","","","","","","","","","","","","","","","","",""
"1994-09-29 12:30","1994","09","29","12:30"," ","8,80","","3,30","","68,00","","16,00","","9,00","","15,00","","","M","","","","","ND"
"1994-09-29 13:00","1994","09","29","13:00"," ","","","","","","","","","","","","","","","","","","",""
"1994-09-29 13:30","1994","09","29","13:30"," ","9,90","","3,80","","66,00","","15,00","","13,00","","15,00","","","M","","","","","ND"
"1994-09-29 14:00","1994","09","29","14:00"," ","","","","","","","","","","","","","","","","","","",""
"1994-09-29 14:30","1994","09","29","14:30"," ","11,10","","4,40","","63,00","","18,00","","15,00","","","M","","M","","","","","ND"
"1994-09-29 15:00","1994","09","29","15:00"," ","","","","","","","","","","","","","","","","","","",""
"1994-09-29 16:00","1994","09","29","16:00"," ","","","","","","","","","","","","","","","","","","",""
"1994-09-29 16:30","1994","09","29","16:30"," ","10,50","","3,80","","63,00","","17,00","","9,00","","15,00","","","M","","","","","ND"
"1994-09-29 17:00","1994","09","29","17:00"," ","","","","","","","","","","","","","","","","","","",""
"1994-09-29 17:30","1994","09","29","17:30"," ","8,30","","3,80","","73,00","","17,00","","6,00","","15,00","","","M","","","","","ND"
"1994-09-29 18:00","1994","09","29","18:00"," ","","","","","","","","","","","","","","","","","","",""
"1994-09-29 18:30","1994","09","29","18:30"," ","6,10","","3,80","","85,00","","16,00","","4,00","","15,00","","","M","","","","","ND"
"1994-09-29 19:00","1994","09","29","19:00"," ","","","","","","","","","","","","","","","","","","",""
"1994-09-29 19:30","1994","09","29","19:30"," ","7,20","","3,80","","79,00","","16,00","","7,00","","15,00","","","M","","","","","ND"
"1994-09-29 20:00","1994","09","29","20:00"," ","","","","","","","","","","","","","","","","","","",""
"1994-09-29 20:30","1994","09","29","20:30"," ","7,20","","3,80","","79,00","","13,00","","7,00","","15,00","","","M","","","","","ND"
"1994-09-29 21:00","1994","09","29","21:00"," ","","","","","","","","","","","","","","","","","","",""
"1994-09-29 21:30","1994","09","29","21:30"," ","6,60","","4,40","","86,00","","12,00","","6,00","","15,00","","","M","","","","","ND"
"1994-09-29 22:00","1994","09","29","22:00"," ","","","","","","","","","","","","","","","","","","",""
"1994-09-29 22:30","1994","09","29","22:30"," ","6,60","","","M","","M","12,00","","7,00","","15,00","","","M","","","","","ND"
"1994-09-29 23:00","1994","09","29","23:00"," ","","","","","","","","","","","","","","","","","","",""
"1994-09-29 23:30","1994","09","29","23:30"," ","6,60","","3,80","","82,00","","13,00","","7,00","","15,00","","","M","","","","","ND"
"1994-09-30 00:00","1994","09","30","00:00"," ","","","","","","","","","","","","","","","","","","",""
"1994-09-30 00:30","1994","09","30","00:30"," ","6,60","","3,80","","82,00","","13,00","","7,00","","15,00","","","M","","","","","ND"
"1994-09-30 01:00","1994","09","30","01:00"," ","","","","","","","","","","","","","","","","","","",""
"1994-09-30 01:30","1994","09","30","01:30"," ","6,60","","3,80","","82,00","","14,00","","7,00","","15,00","","","M","","","","","ND"
"1994-09-30 02:00","1994","09","30","02:00"," ","","","","","","","","","","","","","","","","","","",""
"1994-09-30 02:30","1994","09","30","02:30"," ","6,60","","3,30","","79,00","","15,00","","9,00","","15,00","","","M","","","","","ND"
"1994-09-30 03:00","1994","09","30","03:00"," ","","","","","","","","","","","","","","","","","","",""
"1994-09-30 03:30","1994","09","30","03:30"," ","","M","","M","","M","","M","","M","15,00","","","M","","","","","ND"
"1994-09-30 04:00","1994","09","30","04:00"," ","","","","","","","","","","","","","","","","","","",""
"1994-09-30 04:30","1994","09","30","04:30"," ","6,10","","3,30","","82,00","","13,00","","6,00","","15,00","","","M","","","","","ND"
"1994-09-30 05:00","1994","09","30","05:00"," ","","","","","","","","","","","","","","","","","","",""
"1994-09-30 05:30","1994","09","30","05:30"," ","6,10","","3,30","","82,00","","13,00","","6,00","","15,00","","","M","","","","","ND"
"1994-09-30 06:00","1994","09","30","06:00"," ","","","","","","","","","","","","","","","","","","",""
"1994-09-30 06:30","1994","09","30","06:30"," ","6,60","","","M","","M","","M","","M","15,00","","","M","","","","","ND"
"1994-09-30 07:00","1994","09","30","07:00"," ","","","","","","","","","","","","","","","","","","",""
"1994-09-30 07:30","1994","09","30","07:30"," ","7,20","","4,40","","82,00","","11,00","","11,00","","15,00","","","M","","","","","ND"
"1994-09-30 08:00","1994","09","30","08:00"," ","","","","","","","","","","","","","","","","","","",""
"1994-09-30 08:30","1994","09","30","08:30"," ","8,30","","4,90","","79,00","","12,00","","11,00","","15,00","","","M","","","","","ND"
"1994-09-30 09:00","1994","09","30","09:00"," ","","","","","","","","","","","","","","","","","","",""
"1994-09-30 09:30","1994","09","30","09:30"," ","8,80","","5,50","","80,00","","13,00","","9,00","","15,00","","","M","","","","","ND"
"1994-09-30 10:00","1994","09","30","10:00"," ","","","","","","","","","","","","","","","","","","",""
"1994-09-30 10:30","1994","09","30","10:30"," ","9,90","","5,50","","74,00","","12,00","","17,00","","15,00","","","M","","","","","ND"
"1994-09-30 11:00","1994","09","30","11:00"," ","","","","","","","","","","","","","","","","","","",""
"1994-09-30 11:30","1994","09","30","11:30"," ","10,50","","4,90","","68,00","","13,00","","22,00","","15,00","","","M","","","","","ND"
"1994-09-30 12:00","1994","09","30","12:00"," ","","","","","","","","","","","","","","","","","","",""
"1994-09-30 12:30","1994","09","30","12:30"," ","11,10","","5,50","","68,00","","13,00","","19,00","","15,00","","","M","","","","","ND"
"1994-09-30 13:00","1994","09","30","13:00"," ","","","","","","","","","","","","","","","","","","",""
"1994-09-30 13:30","1994","09","30","13:30"," ","11,60","","5,50","","66,00","","14,00","","19,00","","15,00","","","M","","","","","ND"
"1994-09-30 14:00","1994","09","30","14:00"," ","","","","","","","","","","","","","","","","","","",""
"1994-09-30 14:30","1994","09","30","14:30"," ","11,10","","6,10","","71,00","","14,00","","19,00","","15,00","","","M","","","","","ND"
"1994-09-30 15:00","1994","09","30","15:00"," ","","","","","","","","","","","","","","","","","","",""
"1994-09-30 15:30","1994","09","30","15:30"," ","11,10","","6,10","","71,00","","13,00","","15,00","","15,00","","","M","","","","","ND"
"1994-09-30 16:00","1994","09","30","16:00"," ","","","","","","","","","","","","","","","","","","",""
"1994-09-30 16:30","1994","09","30","16:30"," ","10,50","","6,10","","74,00","","12,00","","15,00","","15,00","","","M","","","","","ND"
"1994-09-30 17:00","1994","09","30","17:00"," ","","","","","","","","","","","","","","","","","","",""
"1994-09-30 17:30","1994","09","30","17:30"," ","9,90","","6,10","","77,00","","10,00","","13,00","","15,00","","","M","","","","","ND"
"1994-09-30 18:00","1994","09","30","18:00"," ","","","","","","","","","","","","","","","","","","",""
"1994-09-30 18:30","1994","09","30","18:30"," ","9,40","","6,60","","83,00","","10,00","","13,00","","15,00","","","M","","","","","ND"
"1994-09-30 19:00","1994","09","30","19:00"," ","","","","","","","","","","","","","","","","","","",""
"1994-09-30 19:30","1994","09","30","19:30"," ","8,80","","6,60","","86,00","","10,00","","15,00","","15,00","","","M","","","","","ND"
"1994-09-30 20:00","1994","09","30","20:00"," ","","","","","","","","","","","","","","","","","","",""
"1994-09-30 20:30","1994","09","30","20:30"," ","8,30","","7,20","","93,00","","10,00","","11,00","","15,00","","","M","","","","","ND"
"1994-09-30 21:00","1994","09","30","21:00"," ","","","","","","","","","","","","","","","","","","",""
"1994-09-30 21:30","1994","09","30","21:30"," ","7,70","","7,20","","97,00","","8,00","","7,00","","8,00","","","M","","","","","ND"
"1994-09-30 22:00","1994","09","30","22:00"," ","","","","","","","","","","","","","","","","","","",""
"1994-09-30 22:30","1994","09","30","22:30"," ","","M","7,00","","","M","9,00","","11,00","","8,00","","","M","","","","","ND"
"1994-09-30 23:00","1994","09","30","23:00"," ","","","","","","","","","","","","","","","","","","",""
"1994-09-30 23:30","1994","09","30","23:30"," ","7,70","","7,20","","97,00","","8,00","","9,00","","8,00","","","M","","","","","ND"
