"Nom de la Station","VICTORIA INT'L A"
"Province","BRITISH COLUMBIA"
"Latitude","48,65"
"Longitude","-123,43"
"Altitude","19,50"
"Identification Climat","1018620"
"Identification OMM","71799"
"Identification TC","YYJ"
"Toutes les heures sont exprimées en heure normale locale (HNL). Pour convertir l'heure locale en heure avancée de l'Est (HAE), ajoutez 1 heure s'il y a lieu."

"Légende"
"M","Données Manquantes"
"E","Valeur Estimée"
"ND","Non Disponible"
"**","Données fournies par un partenaire, non assujetties à un révision par les Archives climatiques nationales du Canada"

"Date/Heure","Année","Mois","Jour","Heure","Qualité des Données","Temp (°C)","Temp Indicateur","Point de rosée (°C)","Point de rosée Indicateur","Hum. rel (%)","Hum. rel. Indicateur","Dir. du vent (10s deg)","Dir. du vent Indicateur","Vit. du vent (km/h)","Vit. du vent Indicateur","Visibilité (km)","Visibilité Indicateur","Pression à la station (kPa)","Pression à la station Indicateur","Hmdx","Hmdx Indicateur","Refroid. éolien","Refroid. éolien Indicateur","Temps"
"1993-08-01 00:00","1993","08","01","00:00"," ","13,40","","12,80","","96,00","","25,00","","11,00","","32,20","","102,69","","","","","","Dégagé"
"1993-08-01 01:00","1993","08","01","01:00"," ","13,50","","12,40","","93,00","","27,00","","7,00","","32,20","","102,66","","","","","","Dégagé"
"1993-08-01 02:00","1993","08","01","02:00"," ","12,70","","11,90","","95,00","","26,00","","6,00","","32,20","","102,66","","","","","","Dégagé"
"1993-08-01 03:00","1993","08","01","03:00"," ","12,60","","11,70","","94,00","","26,00","","7,00","","32,20","","102,66","","","","","","Dégagé"
"1993-08-01 04:00","1993","08","01","04:00"," ","11,80","","11,30","","97,00","","25,00","","7,00","","72,40","","102,69","","","","","","Dégagé"
"1993-08-01 05:00","1993","08","01","05:00"," ","12,20","","11,80","","97,00","","24,00","","9,00","","48,30","","102,72","","","","","","Dégagé"
"1993-08-01 06:00","1993","08","01","06:00"," ","14,50","","14,10","","98,00","","25,00","","6,00","","48,30","","102,72","","","","","","Dégagé"
"1993-08-01 07:00","1993","08","01","07:00"," ","16,50","","14,30","","87,00","","27,00","","6,00","","48,30","","102,72","","","","","","Dégagé"
"1993-08-01 08:00","1993","08","01","08:00"," ","18,60","","14,40","","76,00","","29,00","","6,00","","48,30","","102,72","","","","","","Dégagé"
"1993-08-01 09:00","1993","08","01","09:00"," ","20,60","","15,10","","71,00","","27,00","","2,00","","72,40","","102,72","","25,00","","","","Dégagé"
"1993-08-01 10:00","1993","08","01","10:00"," ","21,30","","15,70","","71,00","","7,00","","7,00","","72,40","","102,66","","26,00","","","","Dégagé"
"1993-08-01 11:00","1993","08","01","11:00"," ","22,60","","16,10","","67,00","","8,00","","7,00","","72,40","","102,59","","27,00","","","","Dégagé"
"1993-08-01 12:00","1993","08","01","12:00"," ","23,10","","15,80","","63,00","","7,00","","11,00","","72,40","","102,56","","28,00","","","","Dégagé"
"1993-08-01 13:00","1993","08","01","13:00"," ","23,50","","14,80","","58,00","","7,00","","15,00","","72,40","","102,52","","27,00","","","","Dégagé"
"1993-08-01 14:00","1993","08","01","14:00"," ","24,40","","15,30","","57,00","","9,00","","9,00","","72,40","","102,45","","29,00","","","","Dégagé"
"1993-08-01 15:00","1993","08","01","15:00"," ","24,60","","14,90","","55,00","","4,00","","9,00","","72,40","","102,39","","29,00","","","","Dégagé"
"1993-08-01 16:00","1993","08","01","16:00"," ","24,90","","14,50","","53,00","","11,00","","7,00","","72,40","","102,32","","29,00","","","","Dégagé"
"1993-08-01 17:00","1993","08","01","17:00"," ","23,70","","14,40","","56,00","","12,00","","11,00","","72,40","","102,22","","27,00","","","","Dégagé"
"1993-08-01 18:00","1993","08","01","18:00"," ","23,60","","14,70","","58,00","","12,00","","9,00","","72,40","","102,15","","27,00","","","","Dégagé"
"1993-08-01 19:00","1993","08","01","19:00"," ","23,20","","15,20","","61,00","","6,00","","7,00","","72,40","","102,12","","27,00","","","","Dégagé"
"1993-08-01 20:00","1993","08","01","20:00"," ","17,40","","12,80","","74,00","","9,00","","4,00","","72,40","","102,12","","","","","","Dégagé"
"1993-08-01 21:00","1993","08","01","21:00"," ","15,00","","12,70","","86,00","","0,00","","0,00","","64,40","","102,12","","","","","","Dégagé"
"1993-08-01 22:00","1993","08","01","22:00"," ","14,50","","13,40","","93,00","","0,00","","0,00","","48,30","","102,12","","","","","","Dégagé"
"1993-08-01 23:00","1993","08","01","23:00"," ","15,50","","14,50","","94,00","","0,00","","0,00","","48,30","","102,08","","","","","","Dégagé"
"1993-08-02 00:00","1993","08","02","00:00"," ","15,30","","14,10","","93,00","","0,00","","0,00","","48,30","","102,08","","","","","","Dégagé"
"1993-08-02 01:00","1993","08","02","01:00"," ","14,10","","13,90","","99,00","","0,00","","0,00","","48,30","","102,08","","","","","","Dégagé"
"1993-08-02 02:00","1993","08","02","02:00"," ","15,10","","14,70","","98,00","","27,00","","7,00","","48,30","","102,05","","","","","","Dégagé"
"1993-08-02 03:00","1993","08","02","03:00"," ","14,70","","14,20","","97,00","","26,00","","7,00","","48,30","","102,05","","","","","","Dégagé"
"1993-08-02 04:00","1993","08","02","04:00"," ","14,10","","13,30","","95,00","","0,00","","0,00","","64,40","","102,01","","","","","","Dégagé"
"1993-08-02 05:00","1993","08","02","05:00"," ","14,10","","13,60","","97,00","","25,00","","6,00","","48,30","","102,05","","","","","","Dégagé"
"1993-08-02 06:00","1993","08","02","06:00"," ","16,80","","16,20","","97,00","","0,00","","0,00","","48,30","","102,08","","","","","","Dégagé"
"1993-08-02 07:00","1993","08","02","07:00"," ","19,70","","16,00","","79,00","","28,00","","7,00","","48,30","","102,08","","","","","","Dégagé"
"1993-08-02 08:00","1993","08","02","08:00"," ","21,20","","16,40","","74,00","","29,00","","7,00","","48,30","","102,05","","26,00","","","","Dégagé"
"1993-08-02 09:00","1993","08","02","09:00"," ","22,40","","16,60","","70,00","","29,00","","7,00","","72,40","","102,01","","27,00","","","","Dégagé"
"1993-08-02 10:00","1993","08","02","10:00"," ","24,30","","17,30","","65,00","","29,00","","11,00","","72,40","","101,98","","30,00","","","","Dégagé"
"1993-08-02 11:00","1993","08","02","11:00"," ","25,80","","16,70","","57,00","","28,00","","11,00","","72,40","","101,91","","31,00","","","","Dégagé"
"1993-08-02 12:00","1993","08","02","12:00"," ","27,50","","16,90","","52,00","","26,00","","6,00","","72,40","","101,84","","33,00","","","","Dégagé"
"1993-08-02 13:00","1993","08","02","13:00"," ","27,50","","17,40","","54,00","","16,00","","6,00","","72,40","","101,78","","33,00","","","","Dégagé"
"1993-08-02 14:00","1993","08","02","14:00"," ","28,30","","17,20","","51,00","","12,00","","2,00","","72,40","","101,68","","34,00","","","","Dégagé"
"1993-08-02 15:00","1993","08","02","15:00"," ","28,30","","16,60","","49,00","","13,00","","7,00","","72,40","","101,64","","33,00","","","","Dégagé"
"1993-08-02 16:00","1993","08","02","16:00"," ","29,60","","14,60","","40,00","","27,00","","11,00","","72,40","","101,54","","33,00","","","","Dégagé"
"1993-08-02 17:00","1993","08","02","17:00"," ","28,40","","16,90","","50,00","","11,00","","6,00","","72,40","","101,47","","34,00","","","","Dégagé"
"1993-08-02 18:00","1993","08","02","18:00"," ","25,10","","15,10","","54,00","","12,00","","6,00","","72,40","","101,44","","29,00","","","","Dégagé"
"1993-08-02 19:00","1993","08","02","19:00"," ","24,80","","14,30","","52,00","","11,00","","6,00","","72,40","","101,37","","28,00","","","","Dégagé"
"1993-08-02 20:00","1993","08","02","20:00"," ","19,80","","16,10","","79,00","","14,00","","2,00","","72,40","","101,37","","","","","","Dégagé"
"1993-08-02 21:00","1993","08","02","21:00"," ","18,10","","15,00","","82,00","","29,00","","6,00","","48,30","","101,37","","","","","","Dégagé"
"1993-08-02 22:00","1993","08","02","22:00"," ","16,80","","14,20","","85,00","","0,00","","0,00","","48,30","","101,34","","","","","","Dégagé"
"1993-08-02 23:00","1993","08","02","23:00"," ","16,90","","14,50","","86,00","","0,00","","0,00","","48,30","","101,34","","","","","","Dégagé"
"1993-08-03 00:00","1993","08","03","00:00"," ","14,80","","14,10","","96,00","","0,00","","0,00","","48,30","","101,34","","","","","","Dégagé"
"1993-08-03 01:00","1993","08","03","01:00"," ","14,10","","13,70","","98,00","","0,00","","0,00","","48,30","","101,34","","","","","","Dégagé"
"1993-08-03 02:00","1993","08","03","02:00"," ","15,70","","14,40","","92,00","","25,00","","4,00","","48,30","","101,34","","","","","","Dégagé"
"1993-08-03 03:00","1993","08","03","03:00"," ","15,90","","14,40","","91,00","","28,00","","9,00","","64,40","","101,34","","","","","","Généralement dégagé"
"1993-08-03 04:00","1993","08","03","04:00"," ","16,60","","14,10","","85,00","","28,00","","6,00","","64,40","","101,34","","","","","","Généralement dégagé"
"1993-08-03 05:00","1993","08","03","05:00"," ","15,80","","13,80","","88,00","","26,00","","6,00","","48,30","","101,34","","","","","","Généralement dégagé"
"1993-08-03 06:00","1993","08","03","06:00"," ","17,20","","15,20","","88,00","","28,00","","9,00","","48,30","","101,37","","","","","","Généralement dégagé"
"1993-08-03 07:00","1993","08","03","07:00"," ","20,10","","15,50","","75,00","","28,00","","7,00","","48,30","","101,34","","","","","","Généralement dégagé"
"1993-08-03 08:00","1993","08","03","08:00"," ","22,70","","15,30","","63,00","","29,00","","7,00","","48,30","","101,37","","27,00","","","","Généralement dégagé"
"1993-08-03 09:00","1993","08","03","09:00"," ","24,40","","15,80","","59,00","","28,00","","7,00","","48,30","","101,30","","29,00","","","","Dégagé"
"1993-08-03 10:00","1993","08","03","10:00"," ","25,60","","16,40","","57,00","","1,00","","13,00","","48,30","","101,30","","30,00","","","","Dégagé"
"1993-08-03 11:00","1993","08","03","11:00"," ","27,20","","15,30","","48,00","","36,00","","17,00","","48,30","","101,24","","31,00","","","","Dégagé"
"1993-08-03 12:00","1993","08","03","12:00"," ","28,60","","14,70","","43,00","","36,00","","17,00","","48,30","","101,20","","32,00","","","","Dégagé"
"1993-08-03 13:00","1993","08","03","13:00"," ","29,00","","14,50","","41,00","","2,00","","9,00","","48,30","","101,13","","33,00","","","","Dégagé"
"1993-08-03 14:00","1993","08","03","14:00"," ","29,90","","13,90","","38,00","","4,00","","11,00","","64,40","","101,10","","33,00","","","","Dégagé"
"1993-08-03 15:00","1993","08","03","15:00"," ","30,60","","13,80","","36,00","","3,00","","15,00","","64,40","","101,03","","34,00","","","","Dégagé"
"1993-08-03 16:00","1993","08","03","16:00"," ","30,90","","13,50","","35,00","","36,00","","11,00","","64,40","","101,00","","34,00","","","","Dégagé"
"1993-08-03 17:00","1993","08","03","17:00"," ","31,20","","15,00","","38,00","","36,00","","9,00","","64,40","","100,93","","35,00","","","","Dégagé"
"1993-08-03 18:00","1993","08","03","18:00"," ","29,50","","15,00","","41,00","","27,00","","6,00","","64,40","","100,90","","33,00","","","","Dégagé"
"1993-08-03 19:00","1993","08","03","19:00"," ","25,30","","13,50","","48,00","","23,00","","6,00","","64,40","","100,90","","28,00","","","","Dégagé"
"1993-08-03 20:00","1993","08","03","20:00"," ","21,70","","13,90","","61,00","","25,00","","4,00","","64,40","","100,90","","25,00","","","","Dégagé"
"1993-08-03 21:00","1993","08","03","21:00"," ","20,50","","14,20","","67,00","","0,00","","0,00","","48,30","","100,93","","","","","","Dégagé"
"1993-08-03 22:00","1993","08","03","22:00"," ","22,30","","13,50","","58,00","","26,00","","7,00","","48,30","","100,90","","25,00","","","","Dégagé"
"1993-08-03 23:00","1993","08","03","23:00"," ","20,40","","13,80","","66,00","","26,00","","4,00","","48,30","","100,90","","","","","","Dégagé"
"1993-08-04 00:00","1993","08","04","00:00"," ","16,50","","13,70","","84,00","","0,00","","0,00","","48,30","","100,93","","","","","","Dégagé"
"1993-08-04 01:00","1993","08","04","01:00"," ","16,40","","12,90","","80,00","","0,00","","0,00","","48,30","","101,00","","","","","","Dégagé"
"1993-08-04 02:00","1993","08","04","02:00"," ","16,30","","13,80","","85,00","","29,00","","9,00","","48,30","","101,00","","","","","","Dégagé"
"1993-08-04 03:00","1993","08","04","03:00"," ","16,40","","13,70","","84,00","","25,00","","4,00","","48,30","","101,00","","","","","","Dégagé"
"1993-08-04 04:00","1993","08","04","04:00"," ","14,90","","13,50","","91,00","","0,00","","0,00","","48,30","","101,03","","","","","","Généralement dégagé"
"1993-08-04 05:00","1993","08","04","05:00"," ","14,20","","12,90","","92,00","","27,00","","4,00","","48,30","","101,03","","","","","","Dégagé"
"1993-08-04 06:00","1993","08","04","06:00"," ","17,20","","14,20","","83,00","","25,00","","4,00","","48,30","","101,10","","","","","","Généralement dégagé"
"1993-08-04 07:00","1993","08","04","07:00"," ","19,80","","15,60","","77,00","","27,00","","4,00","","48,30","","101,13","","","","","","Généralement dégagé"
"1993-08-04 08:00","1993","08","04","08:00"," ","23,00","","14,40","","58,00","","28,00","","6,00","","48,30","","101,17","","27,00","","","","Généralement dégagé"
"1993-08-04 09:00","1993","08","04","09:00"," ","25,10","","14,80","","53,00","","28,00","","4,00","","48,30","","101,17","","29,00","","","","Généralement dégagé"
"1993-08-04 10:00","1993","08","04","10:00"," ","27,20","","15,70","","49,00","","6,00","","4,00","","48,30","","101,17","","32,00","","","","Généralement dégagé"
"1993-08-04 11:00","1993","08","04","11:00"," ","28,50","","13,80","","41,00","","1,00","","4,00","","48,30","","101,17","","32,00","","","","Généralement dégagé"
"1993-08-04 12:00","1993","08","04","12:00"," ","29,30","","14,10","","40,00","","1,00","","9,00","","48,30","","101,17","","33,00","","","","Généralement dégagé"
"1993-08-04 13:00","1993","08","04","13:00"," ","30,30","","15,40","","41,00","","11,00","","6,00","","48,30","","101,13","","35,00","","","","Généralement dégagé"
"1993-08-04 14:00","1993","08","04","14:00"," ","30,90","","14,80","","38,00","","9,00","","6,00","","48,30","","101,13","","35,00","","","","Généralement dégagé"
"1993-08-04 15:00","1993","08","04","15:00"," ","31,20","","13,20","","33,00","","8,00","","7,00","","48,30","","101,10","","34,00","","","","Généralement dégagé"
"1993-08-04 16:00","1993","08","04","16:00"," ","30,60","","14,10","","37,00","","7,00","","9,00","","48,30","","101,10","","34,00","","","","Généralement dégagé"
"1993-08-04 17:00","1993","08","04","17:00"," ","30,10","","14,80","","39,00","","8,00","","7,00","","48,30","","101,10","","34,00","","","","Généralement dégagé"
"1993-08-04 18:00","1993","08","04","18:00"," ","26,60","","14,40","","47,00","","12,00","","4,00","","48,30","","101,10","","30,00","","","","Généralement dégagé"
"1993-08-04 19:00","1993","08","04","19:00"," ","25,90","","14,60","","50,00","","7,00","","11,00","","48,30","","101,20","","30,00","","","","Généralement dégagé"
"1993-08-04 20:00","1993","08","04","20:00"," ","21,80","","15,70","","69,00","","21,00","","7,00","","48,30","","101,24","","26,00","","","","Généralement dégagé"
"1993-08-04 21:00","1993","08","04","21:00"," ","19,50","","15,60","","78,00","","28,00","","9,00","","48,30","","101,24","","","","","","Généralement dégagé"
"1993-08-04 22:00","1993","08","04","22:00"," ","19,20","","14,50","","74,00","","24,00","","9,00","","48,30","","101,24","","","","","","Généralement dégagé"
"1993-08-04 23:00","1993","08","04","23:00"," ","19,20","","14,30","","73,00","","27,00","","7,00","","48,30","","101,24","","","","","","Dégagé"
"1993-08-05 00:00","1993","08","05","00:00"," ","18,60","","14,60","","78,00","","28,00","","9,00","","48,30","","101,27","","","","","","Dégagé"
"1993-08-05 01:00","1993","08","05","01:00"," ","17,60","","14,90","","84,00","","26,00","","6,00","","48,30","","101,30","","","","","","Dégagé"
"1993-08-05 02:00","1993","08","05","02:00"," ","18,00","","14,50","","80,00","","26,00","","7,00","","48,30","","101,30","","","","","","Dégagé"
"1993-08-05 03:00","1993","08","05","03:00"," ","18,50","","14,70","","79,00","","23,00","","6,00","","48,30","","101,34","","","","","","Dégagé"
"1993-08-05 04:00","1993","08","05","04:00"," ","16,10","","14,50","","90,00","","27,00","","4,00","","48,30","","101,41","","","","","","Dégagé"
"1993-08-05 05:00","1993","08","05","05:00"," ","14,50","","13,50","","94,00","","0,00","","0,00","","40,20","","101,41","","","","","","Dégagé"
"1993-08-05 06:00","1993","08","05","06:00"," ","16,60","","15,40","","93,00","","25,00","","4,00","","40,20","","101,44","","","","","","Dégagé"
"1993-08-05 07:00","1993","08","05","07:00"," ","19,30","","15,30","","78,00","","0,00","","0,00","","40,20","","101,47","","","","","","Dégagé"
"1993-08-05 08:00","1993","08","05","08:00"," ","22,30","","16,10","","68,00","","9,00","","4,00","","40,20","","101,54","","27,00","","","","Dégagé"
"1993-08-05 09:00","1993","08","05","09:00"," ","20,40","","14,80","","70,00","","12,00","","7,00","","40,20","","101,54","","","","","","Dégagé"
"1993-08-05 10:00","1993","08","05","10:00"," ","19,40","","14,10","","72,00","","12,00","","15,00","","40,20","","101,54","","","","","","Dégagé"
"1993-08-05 11:00","1993","08","05","11:00"," ","21,10","","14,70","","67,00","","12,00","","15,00","","40,20","","101,54","","25,00","","","","Dégagé"
"1993-08-05 12:00","1993","08","05","12:00"," ","21,80","","14,80","","64,00","","12,00","","13,00","","40,20","","101,51","","26,00","","","","Dégagé"
"1993-08-05 13:00","1993","08","05","13:00"," ","23,90","","15,40","","59,00","","12,00","","17,00","","40,20","","101,47","","28,00","","","","Dégagé"
"1993-08-05 14:00","1993","08","05","14:00"," ","23,80","","15,30","","59,00","","12,00","","19,00","","48,30","","101,44","","28,00","","","","Dégagé"
"1993-08-05 15:00","1993","08","05","15:00"," ","23,60","","15,20","","59,00","","11,00","","17,00","","48,30","","101,37","","28,00","","","","Dégagé"
"1993-08-05 16:00","1993","08","05","16:00"," ","22,20","","14,80","","63,00","","10,00","","13,00","","48,30","","101,30","","26,00","","","","Dégagé"
"1993-08-05 17:00","1993","08","05","17:00"," ","20,80","","14,50","","67,00","","11,00","","11,00","","48,30","","101,24","","","","","","Dégagé"
"1993-08-05 18:00","1993","08","05","18:00"," ","19,80","","14,20","","70,00","","11,00","","9,00","","48,30","","101,20","","","","","","Dégagé"
"1993-08-05 19:00","1993","08","05","19:00"," ","19,20","","14,30","","73,00","","0,00","","0,00","","48,30","","101,17","","","","","","Dégagé"
"1993-08-05 20:00","1993","08","05","20:00"," ","16,90","","13,40","","80,00","","10,00","","4,00","","48,30","","101,20","","","","","","Dégagé"
"1993-08-05 21:00","1993","08","05","21:00"," ","15,00","","12,70","","86,00","","10,00","","4,00","","48,30","","101,20","","","","","","Dégagé"
"1993-08-05 22:00","1993","08","05","22:00"," ","14,20","","12,40","","89,00","","12,00","","6,00","","48,30","","101,20","","","","","","Dégagé"
"1993-08-05 23:00","1993","08","05","23:00"," ","14,20","","12,50","","89,00","","9,00","","4,00","","48,30","","101,20","","","","","","Dégagé"
"1993-08-06 00:00","1993","08","06","00:00"," ","14,10","","12,70","","91,00","","8,00","","4,00","","48,30","","101,20","","","","","","Dégagé"
"1993-08-06 01:00","1993","08","06","01:00"," ","12,70","","11,20","","91,00","","0,00","","0,00","","48,30","","101,20","","","","","","Dégagé"
"1993-08-06 02:00","1993","08","06","02:00"," ","12,70","","11,80","","94,00","","0,00","","0,00","","48,30","","101,20","","","","","","Dégagé"
"1993-08-06 03:00","1993","08","06","03:00"," ","12,10","","11,30","","95,00","","0,00","","0,00","","48,30","","101,20","","","","","","Dégagé"
"1993-08-06 04:00","1993","08","06","04:00"," ","11,40","","10,70","","96,00","","13,00","","4,00","","24,10","","101,20","","","","","","Dégagé"
"1993-08-06 05:00","1993","08","06","05:00"," ","11,90","","11,40","","97,00","","0,00","","0,00","","24,10","","101,20","","","","","","Dégagé"
"1993-08-06 06:00","1993","08","06","06:00"," ","12,90","","12,40","","97,00","","8,00","","4,00","","24,10","","101,24","","","","","","Dégagé"
"1993-08-06 07:00","1993","08","06","07:00"," ","15,20","","13,10","","87,00","","11,00","","4,00","","24,10","","101,27","","","","","","Dégagé"
"1993-08-06 08:00","1993","08","06","08:00"," ","16,10","","13,20","","83,00","","11,00","","13,00","","32,20","","101,24","","","","","","Dégagé"
"1993-08-06 09:00","1993","08","06","09:00"," ","16,70","","13,50","","81,00","","7,00","","7,00","","32,20","","101,24","","","","","","Dégagé"
"1993-08-06 10:00","1993","08","06","10:00"," ","18,40","","13,90","","75,00","","10,00","","15,00","","32,20","","101,24","","","","","","Dégagé"
"1993-08-06 11:00","1993","08","06","11:00"," ","17,70","","13,60","","77,00","","12,00","","15,00","","32,20","","101,20","","","","","","Dégagé"
"1993-08-06 12:00","1993","08","06","12:00"," ","18,20","","14,10","","77,00","","13,00","","22,00","","32,20","","101,13","","","","","","Dégagé"
"1993-08-06 13:00","1993","08","06","13:00"," ","18,80","","14,20","","75,00","","13,00","","24,00","","32,20","","101,10","","","","","","Dégagé"
"1993-08-06 14:00","1993","08","06","14:00"," ","18,70","","14,30","","75,00","","12,00","","15,00","","24,10","","101,07","","","","","","Dégagé"
"1993-08-06 15:00","1993","08","06","15:00"," ","18,80","","14,00","","74,00","","13,00","","15,00","","24,10","","101,03","","","","","","Dégagé"
"1993-08-06 16:00","1993","08","06","16:00"," ","19,50","","14,10","","71,00","","10,00","","9,00","","48,30","","101,00","","","","","","Dégagé"
"1993-08-06 17:00","1993","08","06","17:00"," ","20,10","","13,90","","67,00","","12,00","","15,00","","32,20","","100,90","","","","","","Dégagé"
"1993-08-06 18:00","1993","08","06","18:00"," ","19,50","","13,70","","69,00","","9,00","","9,00","","32,20","","100,83","","","","","","Dégagé"
"1993-08-06 19:00","1993","08","06","19:00"," ","16,90","","13,20","","79,00","","12,00","","7,00","","32,20","","100,80","","","","","","Dégagé"
"1993-08-06 20:00","1993","08","06","20:00"," ","15,30","","12,60","","84,00","","4,00","","7,00","","32,20","","100,83","","","","","","Dégagé"
"1993-08-06 21:00","1993","08","06","21:00"," ","13,30","","11,80","","91,00","","4,00","","4,00","","32,20","","100,83","","","","","","Dégagé"
"1993-08-06 22:00","1993","08","06","22:00"," ","13,20","","12,00","","92,00","","5,00","","6,00","","32,20","","100,86","","","","","","Dégagé"
"1993-08-06 23:00","1993","08","06","23:00"," ","13,10","","12,00","","93,00","","8,00","","7,00","","32,20","","100,86","","","","","","Dégagé"
"1993-08-07 00:00","1993","08","07","00:00"," ","12,50","","11,50","","94,00","","9,00","","4,00","","24,10","","100,90","","","","","","Dégagé"
"1993-08-07 01:00","1993","08","07","01:00"," ","12,20","","11,40","","95,00","","0,00","","0,00","","19,30","","100,90","","","","","","Dégagé"
"1993-08-07 02:00","1993","08","07","02:00"," ","11,00","","10,50","","97,00","","36,00","","4,00","","19,30","","100,90","","","","","","Dégagé"
"1993-08-07 03:00","1993","08","07","03:00"," ","10,20","","10,00","","99,00","","0,00","","0,00","","19,30","","100,86","","","","","","Dégagé"
"1993-08-07 04:00","1993","08","07","04:00"," ","12,20","","11,90","","98,00","","10,00","","4,00","","4,80","","100,86","","","","","","Brouillard"
"1993-08-07 05:00","1993","08","07","05:00"," ","12,10","","12,00","","99,00","","0,00","","0,00","","0,40","","100,86","","","","","","Brouillard"
"1993-08-07 06:00","1993","08","07","06:00"," ","12,70","","12,60","","99,00","","0,00","","0,00","","2,40","","100,90","","","","","","Brouillard"
"1993-08-07 07:00","1993","08","07","07:00"," ","13,40","","13,20","","99,00","","0,00","","0,00","","6,40","","100,90","","","","","","Brouillard"
"1993-08-07 08:00","1993","08","07","08:00"," ","14,60","","14,00","","96,00","","0,00","","0,00","","12,90","","100,90","","","","","","Généralement nuageux"
"1993-08-07 09:00","1993","08","07","09:00"," ","16,20","","14,40","","89,00","","28,00","","2,00","","16,10","","100,90","","","","","","Nuageux"
"1993-08-07 10:00","1993","08","07","10:00"," ","17,60","","14,20","","81,00","","10,00","","7,00","","16,10","","100,90","","","","","","Généralement nuageux"
"1993-08-07 11:00","1993","08","07","11:00"," ","17,50","","14,30","","81,00","","12,00","","11,00","","19,30","","100,86","","","","","","Généralement nuageux"
"1993-08-07 12:00","1993","08","07","12:00"," ","18,40","","14,30","","77,00","","12,00","","7,00","","19,30","","100,86","","","","","","Généralement dégagé"
"1993-08-07 13:00","1993","08","07","13:00"," ","18,80","","14,00","","74,00","","11,00","","15,00","","19,30","","100,80","","","","","","Généralement dégagé"
"1993-08-07 14:00","1993","08","07","14:00"," ","19,80","","13,90","","69,00","","11,00","","20,00","","24,10","","100,73","","","","","","Dégagé"
"1993-08-07 15:00","1993","08","07","15:00"," ","19,60","","13,80","","69,00","","12,00","","17,00","","24,10","","100,70","","","","","","Dégagé"
"1993-08-07 16:00","1993","08","07","16:00"," ","20,10","","13,90","","67,00","","12,00","","19,00","","24,10","","100,66","","","","","","Dégagé"
"1993-08-07 17:00","1993","08","07","17:00"," ","19,90","","14,20","","70,00","","13,00","","19,00","","24,10","","100,59","","","","","","Dégagé"
"1993-08-07 18:00","1993","08","07","18:00"," ","19,90","","14,10","","69,00","","13,00","","17,00","","32,20","","100,56","","","","","","Dégagé"
"1993-08-07 19:00","1993","08","07","19:00"," ","18,80","","13,70","","72,00","","13,00","","17,00","","32,20","","100,53","","","","","","Dégagé"
"1993-08-07 20:00","1993","08","07","20:00"," ","16,50","","12,90","","79,00","","11,00","","13,00","","32,20","","100,56","","","","","","Dégagé"
"1993-08-07 21:00","1993","08","07","21:00"," ","13,80","","12,30","","91,00","","10,00","","15,00","","32,20","","100,56","","","","","","Dégagé"
"1993-08-07 22:00","1993","08","07","22:00"," ","13,40","","12,30","","93,00","","9,00","","7,00","","32,20","","100,59","","","","","","Dégagé"
"1993-08-07 23:00","1993","08","07","23:00"," ","11,60","","10,80","","95,00","","0,00","","0,00","","32,20","","100,59","","","","","","Dégagé"
"1993-08-08 00:00","1993","08","08","00:00"," ","11,10","","11,00","","99,00","","32,00","","6,00","","32,20","","100,66","","","","","","Généralement dégagé"
"1993-08-08 01:00","1993","08","08","01:00"," ","12,60","","12,00","","96,00","","6,00","","4,00","","24,10","","100,70","","","","","","Dégagé"
"1993-08-08 02:00","1993","08","08","02:00"," ","11,50","","11,10","","97,00","","0,00","","0,00","","24,10","","100,70","","","","","","Dégagé"
"1993-08-08 03:00","1993","08","08","03:00"," ","10,50","","10,20","","98,00","","0,00","","0,00","","19,30","","100,70","","","","","","Dégagé"
"1993-08-08 04:00","1993","08","08","04:00"," ","12,20","","12,00","","99,00","","0,00","","0,00","","19,30","","100,70","","","","","","Généralement nuageux"
"1993-08-08 05:00","1993","08","08","05:00"," ","13,10","","12,50","","96,00","","0,00","","0,00","","19,30","","100,73","","","","","","Généralement nuageux"
"1993-08-08 06:00","1993","08","08","06:00"," ","13,80","","12,90","","94,00","","0,00","","0,00","","24,10","","100,76","","","","","","Nuageux"
"1993-08-08 07:00","1993","08","08","07:00"," ","14,10","","12,50","","90,00","","7,00","","4,00","","24,10","","100,76","","","","","","Nuageux"
"1993-08-08 08:00","1993","08","08","08:00"," ","14,40","","12,60","","89,00","","13,00","","13,00","","24,10","","100,83","","","","","","Nuageux"
"1993-08-08 09:00","1993","08","08","09:00"," ","15,30","","13,20","","88,00","","13,00","","13,00","","24,10","","100,86","","","","","","Nuageux"
"1993-08-08 10:00","1993","08","08","10:00"," ","15,20","","12,90","","86,00","","12,00","","13,00","","32,20","","100,90","","","","","","Nuageux"
"1993-08-08 11:00","1993","08","08","11:00"," ","15,10","","12,80","","86,00","","13,00","","15,00","","32,20","","100,90","","","","","","Généralement nuageux"
"1993-08-08 12:00","1993","08","08","12:00"," ","16,50","","13,30","","81,00","","13,00","","11,00","","32,20","","100,93","","","","","","Généralement nuageux"
"1993-08-08 13:00","1993","08","08","13:00"," ","17,00","","13,50","","80,00","","13,00","","11,00","","32,20","","100,93","","","","","","Nuageux"
"1993-08-08 14:00","1993","08","08","14:00"," ","18,40","","12,90","","70,00","","13,00","","15,00","","32,20","","100,93","","","","","","Nuageux"
"1993-08-08 15:00","1993","08","08","15:00"," ","17,80","","12,40","","71,00","","13,00","","17,00","","48,30","","100,93","","","","","","Nuageux"
"1993-08-08 16:00","1993","08","08","16:00"," ","17,70","","13,00","","74,00","","13,00","","13,00","","48,30","","100,93","","","","","","Nuageux"
"1993-08-08 17:00","1993","08","08","17:00"," ","18,60","","12,60","","68,00","","13,00","","7,00","","48,30","","100,93","","","","","","Généralement nuageux"
"1993-08-08 18:00","1993","08","08","18:00"," ","18,80","","12,50","","67,00","","13,00","","6,00","","48,30","","100,93","","","","","","Généralement nuageux"
"1993-08-08 19:00","1993","08","08","19:00"," ","18,20","","12,40","","69,00","","10,00","","2,00","","48,30","","100,93","","","","","","Généralement nuageux"
"1993-08-08 20:00","1993","08","08","20:00"," ","16,40","","12,60","","78,00","","5,00","","4,00","","32,20","","100,93","","","","","","Généralement nuageux"
"1993-08-08 21:00","1993","08","08","21:00"," ","15,50","","12,40","","82,00","","0,00","","0,00","","32,20","","101,00","","","","","","Généralement nuageux"
"1993-08-08 22:00","1993","08","08","22:00"," ","15,90","","13,70","","87,00","","29,00","","11,00","","32,20","","101,00","","","","","","Généralement nuageux"
"1993-08-08 23:00","1993","08","08","23:00"," ","16,50","","13,70","","84,00","","0,00","","0,00","","32,20","","101,00","","","","","","Généralement nuageux"
"1993-08-09 00:00","1993","08","09","00:00"," ","16,30","","14,20","","88,00","","17,00","","6,00","","32,20","","101,03","","","","","","Nuageux"
"1993-08-09 01:00","1993","08","09","01:00"," ","15,50","","14,10","","91,00","","0,00","","0,00","","32,20","","101,03","","","","","","Nuageux"
"1993-08-09 02:00","1993","08","09","02:00"," ","14,80","","13,70","","93,00","","0,00","","0,00","","32,20","","101,03","","","","","","Nuageux"
"1993-08-09 03:00","1993","08","09","03:00"," ","14,70","","13,80","","94,00","","12,00","","7,00","","32,20","","101,03","","","","","","Généralement nuageux"
"1993-08-09 04:00","1993","08","09","04:00"," ","13,10","","12,30","","95,00","","0,00","","0,00","","32,20","","101,13","","","","","","Généralement nuageux"
"1993-08-09 05:00","1993","08","09","05:00"," ","12,30","","11,60","","96,00","","0,00","","0,00","","24,10","","101,17","","","","","","Généralement nuageux"
"1993-08-09 06:00","1993","08","09","06:00"," ","13,80","","12,80","","94,00","","0,00","","0,00","","24,10","","101,24","","","","","","Généralement nuageux"
"1993-08-09 07:00","1993","08","09","07:00"," ","14,80","","13,80","","94,00","","0,00","","0,00","","17,70","","101,30","","","","","","Pluie"
"1993-08-09 08:00","1993","08","09","08:00"," ","14,90","","14,10","","95,00","","12,00","","7,00","","16,10","","101,34","","","","","","Pluie"
"1993-08-09 09:00","1993","08","09","09:00"," ","14,30","","13,60","","96,00","","12,00","","7,00","","16,10","","101,41","","","","","","Pluie"
"1993-08-09 10:00","1993","08","09","10:00"," ","14,80","","14,10","","96,00","","12,00","","7,00","","16,10","","101,44","","","","","","Pluie"
"1993-08-09 11:00","1993","08","09","11:00"," ","14,80","","14,00","","95,00","","13,00","","6,00","","16,10","","101,47","","","","","","Pluie"
"1993-08-09 12:00","1993","08","09","12:00"," ","15,40","","13,90","","91,00","","12,00","","7,00","","24,10","","101,54","","","","","","Averses de pluie"
"1993-08-09 13:00","1993","08","09","13:00"," ","16,00","","14,20","","89,00","","10,00","","9,00","","24,10","","101,54","","","","","","Nuageux"
"1993-08-09 14:00","1993","08","09","14:00"," ","16,10","","14,70","","91,00","","11,00","","13,00","","24,10","","101,57","","","","","","Averses de pluie"
"1993-08-09 15:00","1993","08","09","15:00"," ","16,30","","15,30","","94,00","","11,00","","11,00","","19,30","","101,57","","","","","","Pluie"
"1993-08-09 16:00","1993","08","09","16:00"," ","15,20","","14,30","","94,00","","13,00","","6,00","","19,30","","101,61","","","","","","Pluie"
"1993-08-09 17:00","1993","08","09","17:00"," ","14,90","","14,30","","96,00","","11,00","","7,00","","16,10","","101,61","","","","","","Pluie"
"1993-08-09 18:00","1993","08","09","18:00"," ","14,30","","14,00","","98,00","","8,00","","4,00","","16,10","","101,61","","","","","","Pluie"
"1993-08-09 19:00","1993","08","09","19:00"," ","14,10","","13,80","","98,00","","11,00","","4,00","","19,30","","101,61","","","","","","Pluie"
"1993-08-09 20:00","1993","08","09","20:00"," ","14,00","","13,80","","99,00","","9,00","","7,00","","24,10","","101,61","","","","","","Nuageux"
"1993-08-09 21:00","1993","08","09","21:00"," ","13,90","","13,80","","99,00","","0,00","","0,00","","8,00","","101,64","","","","","","Brouillard"
"1993-08-09 22:00","1993","08","09","22:00"," ","14,00","","13,80","","99,00","","6,00","","4,00","","8,00","","101,64","","","","","","Brouillard"
"1993-08-09 23:00","1993","08","09","23:00"," ","13,90","","13,80","","99,00","","0,00","","0,00","","11,30","","101,64","","","","","","Nuageux"
"1993-08-10 00:00","1993","08","10","00:00"," ","14,10","","14,10","","100,00","","0,00","","0,00","","12,90","","101,64","","","","","","Nuageux"
"1993-08-10 01:00","1993","08","10","01:00"," ","14,50","","14,50","","100,00","","29,00","","4,00","","16,10","","101,64","","","","","","Nuageux"
"1993-08-10 02:00","1993","08","10","02:00"," ","14,70","","14,70","","100,00","","0,00","","0,00","","6,40","","101,64","","","","","","Brouillard"
"1993-08-10 03:00","1993","08","10","03:00"," ","14,10","","14,10","","100,00","","14,00","","6,00","","4,80","","101,64","","","","","","Brouillard"
"1993-08-10 04:00","1993","08","10","04:00"," ","13,60","","13,50","","99,00","","0,00","","0,00","","6,40","","101,64","","","","","","Brouillard"
"1993-08-10 05:00","1993","08","10","05:00"," ","13,30","","13,20","","100,00","","0,00","","0,00","","6,40","","101,64","","","","","","Brouillard"
"1993-08-10 06:00","1993","08","10","06:00"," ","14,50","","14,50","","100,00","","24,00","","6,00","","8,00","","101,64","","","","","","Brouillard"
"1993-08-10 07:00","1993","08","10","07:00"," ","15,00","","14,80","","99,00","","29,00","","4,00","","9,70","","101,68","","","","","","Brouillard"
"1993-08-10 08:00","1993","08","10","08:00"," ","15,70","","14,40","","92,00","","29,00","","6,00","","12,90","","101,68","","","","","","Généralement nuageux"
"1993-08-10 09:00","1993","08","10","09:00"," ","16,50","","15,10","","92,00","","16,00","","6,00","","24,10","","101,74","","","","","","Généralement nuageux"
"1993-08-10 10:00","1993","08","10","10:00"," ","18,50","","15,40","","82,00","","8,00","","11,00","","32,20","","101,74","","","","","","Généralement dégagé"
"1993-08-10 11:00","1993","08","10","11:00"," ","17,80","","15,10","","84,00","","11,00","","13,00","","48,30","","101,68","","","","","","Généralement dégagé"
"1993-08-10 12:00","1993","08","10","12:00"," ","19,00","","14,70","","76,00","","10,00","","13,00","","48,30","","101,74","","","","","","Généralement dégagé"
"1993-08-10 13:00","1993","08","10","13:00"," ","19,20","","14,50","","74,00","","11,00","","6,00","","48,30","","101,74","","","","","","Généralement nuageux"
"1993-08-10 14:00","1993","08","10","14:00"," ","18,50","","14,00","","75,00","","10,00","","6,00","","48,30","","101,74","","","","","","Généralement nuageux"
"1993-08-10 15:00","1993","08","10","15:00"," ","19,50","","13,90","","70,00","","12,00","","6,00","","48,30","","101,71","","","","","","Généralement nuageux"
"1993-08-10 16:00","1993","08","10","16:00"," ","18,90","","14,00","","73,00","","13,00","","4,00","","32,20","","101,71","","","","","","Généralement nuageux"
"1993-08-10 17:00","1993","08","10","17:00"," ","18,70","","14,00","","74,00","","0,00","","0,00","","32,20","","101,71","","","","","","Généralement nuageux"
"1993-08-10 18:00","1993","08","10","18:00"," ","18,20","","13,90","","76,00","","11,00","","4,00","","48,30","","101,68","","","","","","Généralement dégagé"
"1993-08-10 19:00","1993","08","10","19:00"," ","16,70","","13,90","","83,00","","0,00","","0,00","","48,30","","101,68","","","","","","Généralement dégagé"
"1993-08-10 20:00","1993","08","10","20:00"," ","14,60","","13,80","","95,00","","0,00","","0,00","","48,30","","101,74","","","","","","Généralement dégagé"
"1993-08-10 21:00","1993","08","10","21:00"," ","13,40","","12,90","","97,00","","0,00","","0,00","","48,30","","101,78","","","","","","Dégagé"
"1993-08-10 22:00","1993","08","10","22:00"," ","13,50","","13,30","","99,00","","0,00","","0,00","","48,30","","101,78","","","","","","Dégagé"
"1993-08-10 23:00","1993","08","10","23:00"," ","12,10","","12,10","","100,00","","24,00","","4,00","","24,10","","101,81","","","","","","Dégagé"
"1993-08-11 00:00","1993","08","11","00:00"," ","12,30","","12,30","","100,00","","24,00","","6,00","","24,10","","101,81","","","","","","Dégagé"
"1993-08-11 01:00","1993","08","11","01:00"," ","12,90","","12,90","","100,00","","24,00","","9,00","","24,10","","101,81","","","","","","Dégagé"
"1993-08-11 02:00","1993","08","11","02:00"," ","13,10","","13,10","","100,00","","24,00","","7,00","","24,10","","101,81","","","","","","Généralement dégagé"
"1993-08-11 03:00","1993","08","11","03:00"," ","13,80","","13,70","","100,00","","29,00","","9,00","","24,10","","101,81","","","","","","Généralement dégagé"
"1993-08-11 04:00","1993","08","11","04:00"," ","13,20","","13,00","","99,00","","30,00","","9,00","","24,10","","101,84","","","","","","Généralement nuageux"
"1993-08-11 05:00","1993","08","11","05:00"," ","14,00","","11,80","","86,00","","26,00","","7,00","","24,10","","101,88","","","","","","Généralement nuageux"
"1993-08-11 06:00","1993","08","11","06:00"," ","14,00","","11,80","","86,00","","26,00","","4,00","","24,10","","101,91","","","","","","Généralement nuageux"
"1993-08-11 07:00","1993","08","11","07:00"," ","14,90","","11,80","","82,00","","29,00","","7,00","","24,10","","101,91","","","","","","Généralement nuageux"
"1993-08-11 08:00","1993","08","11","08:00"," ","16,20","","14,00","","87,00","","31,00","","4,00","","24,10","","101,95","","","","","","Généralement nuageux"
"1993-08-11 09:00","1993","08","11","09:00"," ","18,20","","14,50","","79,00","","13,00","","4,00","","24,10","","101,95","","","","","","Généralement dégagé"
"1993-08-11 10:00","1993","08","11","10:00"," ","19,40","","15,30","","77,00","","14,00","","6,00","","48,30","","101,95","","","","","","Généralement nuageux"
"1993-08-11 11:00","1993","08","11","11:00"," ","20,20","","15,20","","73,00","","9,00","","11,00","","48,30","","101,95","","","","","","Généralement nuageux"
"1993-08-11 12:00","1993","08","11","12:00"," ","20,40","","15,00","","71,00","","9,00","","9,00","","48,30","","101,91","","","","","","Généralement dégagé"
"1993-08-11 13:00","1993","08","11","13:00"," ","20,80","","15,40","","71,00","","11,00","","7,00","","48,30","","101,88","","25,00","","","","Généralement dégagé"
"1993-08-11 14:00","1993","08","11","14:00"," ","21,90","","14,80","","64,00","","11,00","","7,00","","72,40","","101,84","","26,00","","","","Généralement dégagé"
"1993-08-11 15:00","1993","08","11","15:00"," ","22,80","","11,80","","50,00","","12,00","","7,00","","72,40","","101,78","","25,00","","","","Généralement nuageux"
"1993-08-11 16:00","1993","08","11","16:00"," ","22,30","","11,80","","51,00","","10,00","","7,00","","72,40","","101,71","","","","","","Généralement dégagé"
"1993-08-11 17:00","1993","08","11","17:00"," ","22,20","","11,20","","50,00","","13,00","","11,00","","72,40","","101,68","","","","","","Généralement dégagé"
"1993-08-11 18:00","1993","08","11","18:00"," ","21,10","","14,10","","64,00","","12,00","","9,00","","72,40","","101,64","","25,00","","","","Dégagé"
"1993-08-11 19:00","1993","08","11","19:00"," ","18,80","","14,50","","76,00","","7,00","","4,00","","72,40","","101,61","","","","","","Dégagé"
"1993-08-11 20:00","1993","08","11","20:00"," ","16,30","","13,30","","82,00","","4,00","","4,00","","72,40","","101,61","","","","","","Généralement dégagé"
"1993-08-11 21:00","1993","08","11","21:00"," ","13,70","","12,50","","92,00","","0,00","","0,00","","48,30","","101,64","","","","","","Dégagé"
"1993-08-11 22:00","1993","08","11","22:00"," ","12,90","","12,40","","97,00","","0,00","","0,00","","48,30","","101,64","","","","","","Dégagé"
"1993-08-11 23:00","1993","08","11","23:00"," ","12,40","","12,10","","98,00","","25,00","","4,00","","48,30","","101,61","","","","","","Dégagé"
"1993-08-12 00:00","1993","08","12","00:00"," ","13,80","","13,30","","97,00","","20,00","","9,00","","48,30","","101,61","","","","","","Dégagé"
"1993-08-12 01:00","1993","08","12","01:00"," ","14,40","","13,50","","94,00","","25,00","","7,00","","48,30","","101,61","","","","","","Dégagé"
"1993-08-12 02:00","1993","08","12","02:00"," ","13,30","","12,60","","96,00","","25,00","","9,00","","48,30","","101,57","","","","","","Dégagé"
"1993-08-12 03:00","1993","08","12","03:00"," ","12,90","","12,40","","97,00","","0,00","","0,00","","48,30","","101,57","","","","","","Dégagé"
"1993-08-12 04:00","1993","08","12","04:00"," ","11,90","","11,30","","96,00","","24,00","","6,00","","48,30","","101,54","","","","","","Généralement dégagé"
"1993-08-12 05:00","1993","08","12","05:00"," ","13,00","","12,60","","97,00","","29,00","","7,00","","32,20","","101,57","","","","","","Généralement dégagé"
"1993-08-12 06:00","1993","08","12","06:00"," ","13,00","","12,70","","98,00","","0,00","","0,00","","32,20","","101,57","","","","","","Généralement dégagé"
"1993-08-12 07:00","1993","08","12","07:00"," ","15,00","","13,40","","90,00","","28,00","","4,00","","32,20","","101,61","","","","","","Généralement dégagé"
"1993-08-12 08:00","1993","08","12","08:00"," ","16,30","","14,00","","86,00","","0,00","","0,00","","32,20","","101,61","","","","","","Généralement dégagé"
"1993-08-12 09:00","1993","08","12","09:00"," ","16,80","","13,80","","82,00","","11,00","","4,00","","32,20","","101,61","","","","","","Dégagé"
"1993-08-12 10:00","1993","08","12","10:00"," ","17,50","","14,00","","80,00","","10,00","","7,00","","32,20","","101,57","","","","","","Dégagé"
"1993-08-12 11:00","1993","08","12","11:00"," ","18,70","","14,20","","75,00","","12,00","","11,00","","32,20","","101,57","","","","","","Dégagé"
"1993-08-12 12:00","1993","08","12","12:00"," ","19,50","","14,70","","74,00","","12,00","","11,00","","32,20","","101,54","","","","","","Dégagé"
"1993-08-12 13:00","1993","08","12","13:00"," ","20,20","","14,90","","71,00","","13,00","","13,00","","32,20","","101,47","","","","","","Dégagé"
"1993-08-12 14:00","1993","08","12","14:00"," ","20,50","","14,30","","68,00","","11,00","","17,00","","40,20","","101,44","","","","","","Dégagé"
"1993-08-12 15:00","1993","08","12","15:00"," ","20,60","","13,40","","63,00","","11,00","","17,00","","48,30","","101,37","","","","","","Généralement dégagé"
"1993-08-12 16:00","1993","08","12","16:00"," ","20,60","","13,90","","65,00","","9,00","","15,00","","48,30","","101,34","","","","","","Généralement dégagé"
"1993-08-12 17:00","1993","08","12","17:00"," ","19,40","","13,50","","69,00","","5,00","","13,00","","48,30","","101,30","","","","","","Généralement dégagé"
"1993-08-12 18:00","1993","08","12","18:00"," ","18,20","","13,50","","74,00","","2,00","","6,00","","48,30","","101,24","","","","","","Généralement dégagé"
"1993-08-12 19:00","1993","08","12","19:00"," ","17,40","","13,20","","77,00","","7,00","","4,00","","48,30","","101,24","","","","","","Généralement dégagé"
"1993-08-12 20:00","1993","08","12","20:00"," ","15,20","","12,20","","82,00","","3,00","","4,00","","48,30","","101,24","","","","","","Dégagé"
"1993-08-12 21:00","1993","08","12","21:00"," ","13,90","","12,00","","88,00","","5,00","","4,00","","48,30","","101,27","","","","","","Dégagé"
"1993-08-12 22:00","1993","08","12","22:00"," ","12,90","","12,30","","96,00","","19,00","","4,00","","48,30","","101,30","","","","","","Dégagé"
"1993-08-12 23:00","1993","08","12","23:00"," ","12,20","","11,40","","95,00","","0,00","","0,00","","32,20","","101,30","","","","","","Dégagé"
"1993-08-13 00:00","1993","08","13","00:00"," ","12,20","","11,90","","98,00","","0,00","","0,00","","32,20","","101,30","","","","","","Dégagé"
"1993-08-13 01:00","1993","08","13","01:00"," ","14,00","","11,80","","86,00","","26,00","","13,00","","32,20","","101,30","","","","","","Dégagé"
"1993-08-13 02:00","1993","08","13","02:00"," ","14,20","","11,50","","84,00","","28,00","","13,00","","32,20","","101,30","","","","","","Généralement dégagé"
"1993-08-13 03:00","1993","08","13","03:00"," ","14,40","","10,90","","80,00","","29,00","","22,00","","32,20","","101,30","","","","","","Généralement dégagé"
"1993-08-13 04:00","1993","08","13","04:00"," ","13,10","","10,60","","85,00","","23,00","","7,00","","32,20","","101,34","","","","","","Généralement dégagé"
"1993-08-13 05:00","1993","08","13","05:00"," ","13,10","","11,50","","90,00","","28,00","","7,00","","32,20","","101,37","","","","","","Généralement nuageux"
"1993-08-13 06:00","1993","08","13","06:00"," ","14,00","","10,80","","81,00","","27,00","","11,00","","32,20","","101,44","","","","","","Généralement nuageux"
"1993-08-13 07:00","1993","08","13","07:00"," ","14,80","","10,60","","76,00","","28,00","","11,00","","40,20","","101,44","","","","","","Généralement nuageux"
"1993-08-13 08:00","1993","08","13","08:00"," ","15,30","","11,20","","77,00","","28,00","","7,00","","40,20","","101,44","","","","","","Généralement nuageux"
"1993-08-13 09:00","1993","08","13","09:00"," ","16,80","","12,00","","73,00","","30,00","","6,00","","24,10","","101,47","","","","","","Généralement nuageux"
"1993-08-13 10:00","1993","08","13","10:00"," ","17,90","","12,50","","71,00","","11,00","","9,00","","32,20","","101,47","","","","","","Généralement nuageux"
"1993-08-13 11:00","1993","08","13","11:00"," ","18,40","","11,70","","65,00","","9,00","","13,00","","32,20","","101,47","","","","","","Généralement nuageux"
"1993-08-13 12:00","1993","08","13","12:00"," ","18,60","","12,30","","67,00","","10,00","","13,00","","32,20","","101,44","","","","","","Généralement nuageux"
"1993-08-13 13:00","1993","08","13","13:00"," ","19,60","","13,00","","66,00","","8,00","","15,00","","32,20","","101,44","","","","","","Généralement nuageux"
"1993-08-13 14:00","1993","08","13","14:00"," ","19,30","","12,10","","63,00","","10,00","","15,00","","40,20","","101,44","","","","","","Nuageux"
"1993-08-13 15:00","1993","08","13","15:00"," ","19,20","","11,70","","62,00","","10,00","","15,00","","40,20","","101,37","","","","","","Nuageux"
"1993-08-13 16:00","1993","08","13","16:00"," ","18,90","","12,30","","66,00","","11,00","","13,00","","40,20","","101,34","","","","","","Nuageux"
"1993-08-13 17:00","1993","08","13","17:00"," ","18,00","","12,80","","72,00","","9,00","","9,00","","40,20","","101,34","","","","","","Nuageux"
"1993-08-13 18:00","1993","08","13","18:00"," ","17,00","","12,60","","75,00","","8,00","","7,00","","40,20","","101,30","","","","","","Nuageux"
"1993-08-13 19:00","1993","08","13","19:00"," ","15,90","","12,30","","79,00","","3,00","","4,00","","40,20","","101,30","","","","","","Généralement nuageux"
"1993-08-13 20:00","1993","08","13","20:00"," ","14,90","","12,50","","86,00","","0,00","","0,00","","40,20","","101,30","","","","","","Généralement nuageux"
"1993-08-13 21:00","1993","08","13","21:00"," ","13,10","","12,10","","94,00","","0,00","","0,00","","40,20","","101,30","","","","","","Généralement nuageux"
"1993-08-13 22:00","1993","08","13","22:00"," ","14,30","","12,70","","90,00","","0,00","","0,00","","40,20","","101,30","","","","","","Généralement nuageux"
"1993-08-13 23:00","1993","08","13","23:00"," ","13,10","","11,80","","92,00","","15,00","","7,00","","32,20","","101,30","","","","","","Nuageux"
"1993-08-14 00:00","1993","08","14","00:00"," ","13,50","","12,40","","93,00","","0,00","","0,00","","32,20","","101,30","","","","","","Nuageux"
"1993-08-14 01:00","1993","08","14","01:00"," ","13,80","","12,60","","93,00","","0,00","","0,00","","32,20","","101,24","","","","","","Nuageux"
"1993-08-14 02:00","1993","08","14","02:00"," ","13,00","","12,10","","94,00","","0,00","","0,00","","32,20","","101,24","","","","","","Nuageux"
"1993-08-14 03:00","1993","08","14","03:00"," ","13,10","","12,10","","94,00","","24,00","","6,00","","32,20","","101,20","","","","","","Nuageux"
"1993-08-14 04:00","1993","08","14","04:00"," ","13,20","","12,50","","95,00","","18,00","","7,00","","32,20","","101,20","","","","","","Nuageux"
"1993-08-14 05:00","1993","08","14","05:00"," ","13,40","","12,70","","96,00","","8,00","","4,00","","24,10","","101,20","","","","","","Averses de pluie"
"1993-08-14 06:00","1993","08","14","06:00"," ","13,60","","12,70","","94,00","","2,00","","6,00","","24,10","","101,20","","","","","","Averses de pluie"
"1993-08-14 07:00","1993","08","14","07:00"," ","14,00","","13,00","","94,00","","7,00","","4,00","","24,10","","101,20","","","","","","Pluie"
"1993-08-14 08:00","1993","08","14","08:00"," ","14,80","","13,70","","93,00","","0,00","","0,00","","24,10","","101,20","","","","","","Nuageux"
"1993-08-14 09:00","1993","08","14","09:00"," ","15,90","","13,50","","86,00","","28,00","","7,00","","24,10","","101,20","","","","","","Nuageux"
"1993-08-14 10:00","1993","08","14","10:00"," ","16,10","","14,10","","88,00","","0,00","","0,00","","24,10","","101,20","","","","","","Généralement nuageux"
"1993-08-14 11:00","1993","08","14","11:00"," ","16,90","","13,50","","80,00","","9,00","","4,00","","32,20","","101,17","","","","","","Généralement nuageux"
"1993-08-14 12:00","1993","08","14","12:00"," ","17,70","","13,00","","74,00","","12,00","","11,00","","32,20","","101,20","","","","","","Nuageux"
"1993-08-14 13:00","1993","08","14","13:00"," ","17,70","","12,70","","73,00","","11,00","","9,00","","32,20","","101,20","","","","","","Nuageux"
"1993-08-14 14:00","1993","08","14","14:00"," ","17,20","","13,00","","76,00","","13,00","","7,00","","32,20","","101,13","","","","","","Nuageux"
"1993-08-14 15:00","1993","08","14","15:00"," ","17,40","","12,30","","72,00","","14,00","","7,00","","40,20","","101,13","","","","","","Généralement nuageux"
"1993-08-14 16:00","1993","08","14","16:00"," ","17,20","","12,00","","71,00","","12,00","","6,00","","40,20","","101,10","","","","","","Généralement nuageux"
"1993-08-14 17:00","1993","08","14","17:00"," ","17,50","","12,60","","73,00","","14,00","","7,00","","40,20","","101,10","","","","","","Généralement nuageux"
"1993-08-14 18:00","1993","08","14","18:00"," ","16,70","","12,50","","76,00","","12,00","","4,00","","32,20","","101,07","","","","","","Nuageux"
"1993-08-14 19:00","1993","08","14","19:00"," ","15,50","","12,10","","80,00","","13,00","","4,00","","40,20","","101,10","","","","","","Nuageux"
"1993-08-14 20:00","1993","08","14","20:00"," ","14,90","","12,70","","87,00","","12,00","","2,00","","32,20","","101,10","","","","","","Nuageux"
"1993-08-14 21:00","1993","08","14","21:00"," ","14,50","","12,70","","89,00","","7,00","","4,00","","24,10","","101,10","","","","","","Averses de pluie"
"1993-08-14 22:00","1993","08","14","22:00"," ","13,50","","12,60","","94,00","","8,00","","4,00","","19,30","","101,13","","","","","","Pluie"
"1993-08-14 23:00","1993","08","14","23:00"," ","14,00","","11,90","","87,00","","0,00","","0,00","","24,10","","101,13","","","","","","Nuageux"
"1993-08-15 00:00","1993","08","15","00:00"," ","13,10","","12,40","","95,00","","23,00","","7,00","","24,10","","101,13","","","","","","Nuageux"
"1993-08-15 01:00","1993","08","15","01:00"," ","13,50","","13,00","","97,00","","11,00","","6,00","","24,10","","101,10","","","","","","Nuageux"
"1993-08-15 02:00","1993","08","15","02:00"," ","13,70","","13,10","","96,00","","0,00","","0,00","","24,10","","101,10","","","","","","Nuageux"
"1993-08-15 03:00","1993","08","15","03:00"," ","14,30","","13,40","","94,00","","0,00","","0,00","","24,10","","101,10","","","","","","Nuageux"
"1993-08-15 04:00","1993","08","15","04:00"," ","14,00","","12,60","","91,00","","0,00","","0,00","","24,10","","101,07","","","","","","Nuageux"
"1993-08-15 05:00","1993","08","15","05:00"," ","14,40","","12,80","","90,00","","0,00","","0,00","","19,30","","101,03","","","","","","Nuageux"
"1993-08-15 06:00","1993","08","15","06:00"," ","14,40","","12,80","","90,00","","0,00","","0,00","","19,30","","101,10","","","","","","Généralement nuageux"
"1993-08-15 07:00","1993","08","15","07:00"," ","14,70","","12,80","","88,00","","0,00","","0,00","","16,10","","101,13","","","","","","Nuageux"
"1993-08-15 08:00","1993","08","15","08:00"," ","15,50","","14,40","","93,00","","0,00","","0,00","","9,70","","101,13","","","","","","Brume sèche"
"1993-08-15 09:00","1993","08","15","09:00"," ","16,20","","14,30","","88,00","","28,00","","6,00","","9,70","","101,17","","","","","","Brume sèche"
"1993-08-15 10:00","1993","08","15","10:00"," ","16,80","","14,60","","87,00","","0,00","","0,00","","11,30","","101,17","","","","","","Généralement nuageux"
"1993-08-15 11:00","1993","08","15","11:00"," ","19,20","","15,10","","77,00","","14,00","","6,00","","19,30","","101,13","","","","","","Généralement nuageux"
"1993-08-15 12:00","1993","08","15","12:00"," ","18,90","","14,60","","76,00","","12,00","","9,00","","22,50","","101,13","","","","","","Généralement nuageux"
"1993-08-15 13:00","1993","08","15","13:00"," ","18,40","","14,20","","77,00","","14,00","","11,00","","22,50","","101,13","","","","","","Généralement nuageux"
"1993-08-15 14:00","1993","08","15","14:00"," ","18,60","","14,10","","75,00","","14,00","","15,00","","24,10","","101,13","","","","","","Généralement nuageux"
"1993-08-15 15:00","1993","08","15","15:00"," ","16,80","","13,30","","80,00","","12,00","","13,00","","24,10","","101,10","","","","","","Généralement nuageux"
"1993-08-15 16:00","1993","08","15","16:00"," ","15,20","","12,60","","84,00","","13,00","","20,00","","32,20","","101,10","","","","","","Généralement nuageux"
"1993-08-15 17:00","1993","08","15","17:00"," ","15,00","","12,90","","87,00","","13,00","","17,00","","32,20","","101,07","","","","","","Généralement nuageux"
"1993-08-15 18:00","1993","08","15","18:00"," ","16,00","","13,10","","83,00","","13,00","","20,00","","40,20","","101,03","","","","","","Généralement nuageux"
"1993-08-15 19:00","1993","08","15","19:00"," ","14,80","","12,90","","88,00","","13,00","","19,00","","40,20","","101,03","","","","","","Généralement nuageux"
"1993-08-15 20:00","1993","08","15","20:00"," ","13,50","","12,30","","92,00","","12,00","","19,00","","40,20","","101,07","","","","","","Généralement nuageux"
"1993-08-15 21:00","1993","08","15","21:00"," ","13,50","","12,40","","93,00","","11,00","","17,00","","32,20","","101,10","","","","","","Généralement nuageux"
"1993-08-15 22:00","1993","08","15","22:00"," ","13,20","","12,20","","94,00","","12,00","","11,00","","32,20","","101,10","","","","","","Généralement nuageux"
"1993-08-15 23:00","1993","08","15","23:00"," ","13,10","","12,30","","95,00","","2,00","","7,00","","32,20","","101,10","","","","","","Généralement nuageux"
"1993-08-16 00:00","1993","08","16","00:00"," ","12,00","","11,40","","96,00","","0,00","","0,00","","32,20","","101,10","","","","","","Généralement nuageux"
"1993-08-16 01:00","1993","08","16","01:00"," ","12,90","","12,60","","98,00","","26,00","","7,00","","24,10","","101,07","","","","","","Généralement nuageux"
"1993-08-16 02:00","1993","08","16","02:00"," ","13,40","","13,00","","97,00","","0,00","","0,00","","24,10","","101,10","","","","","","Généralement dégagé"
"1993-08-16 03:00","1993","08","16","03:00"," ","12,50","","12,20","","98,00","","29,00","","4,00","","24,10","","101,10","","","","","","Généralement dégagé"
"1993-08-16 04:00","1993","08","16","04:00"," ","13,80","","13,50","","98,00","","25,00","","6,00","","12,90","","101,10","","","","","","Nuageux"
"1993-08-16 05:00","1993","08","16","05:00"," ","13,90","","13,50","","98,00","","26,00","","7,00","","6,40","","101,10","","","","","","Brouillard"
"1993-08-16 06:00","1993","08","16","06:00"," ","14,80","","14,20","","96,00","","28,00","","17,00","","6,40","","101,13","","","","","","Brouillard"
"1993-08-16 07:00","1993","08","16","07:00"," ","15,30","","13,60","","90,00","","30,00","","11,00","","9,70","","101,20","","","","","","Averses de pluie,Brouillard"
"1993-08-16 08:00","1993","08","16","08:00"," ","15,70","","13,80","","88,00","","29,00","","11,00","","9,70","","101,20","","","","","","Averses de pluie,Brouillard"
"1993-08-16 09:00","1993","08","16","09:00"," ","16,50","","14,20","","86,00","","30,00","","7,00","","24,10","","101,20","","","","","","Généralement nuageux"
"1993-08-16 10:00","1993","08","16","10:00"," ","17,00","","14,00","","83,00","","9,00","","11,00","","24,10","","101,24","","","","","","Généralement nuageux"
"1993-08-16 11:00","1993","08","16","11:00"," ","17,00","","14,60","","86,00","","11,00","","7,00","","19,30","","101,30","","","","","","Nuageux"
"1993-08-16 12:00","1993","08","16","12:00"," ","17,80","","14,80","","83,00","","11,00","","6,00","","19,30","","101,30","","","","","","Nuageux"
"1993-08-16 13:00","1993","08","16","13:00"," ","17,30","","14,50","","84,00","","12,00","","13,00","","19,30","","101,34","","","","","","Nuageux"
"1993-08-16 14:00","1993","08","16","14:00"," ","18,00","","14,00","","77,00","","12,00","","15,00","","24,10","","101,34","","","","","","Généralement nuageux"
"1993-08-16 15:00","1993","08","16","15:00"," ","19,20","","14,20","","73,00","","11,00","","11,00","","32,20","","101,34","","","","","","Généralement nuageux"
"1993-08-16 16:00","1993","08","16","16:00"," ","17,70","","13,40","","76,00","","13,00","","15,00","","40,20","","101,37","","","","","","Généralement nuageux"
"1993-08-16 17:00","1993","08","16","17:00"," ","17,60","","13,10","","75,00","","1,00","","6,00","","32,20","","101,41","","","","","","Généralement nuageux"
"1993-08-16 18:00","1993","08","16","18:00"," ","15,20","","11,90","","81,00","","3,00","","7,00","","32,20","","101,41","","","","","","Généralement nuageux"
"1993-08-16 19:00","1993","08","16","19:00"," ","15,10","","12,10","","82,00","","2,00","","4,00","","32,20","","101,47","","","","","","Généralement dégagé"
"1993-08-16 20:00","1993","08","16","20:00"," ","12,80","","11,60","","93,00","","0,00","","0,00","","32,20","","101,51","","","","","","Généralement dégagé"
"1993-08-16 21:00","1993","08","16","21:00"," ","15,50","","12,00","","80,00","","26,00","","9,00","","40,20","","101,57","","","","","","Généralement dégagé"
"1993-08-16 22:00","1993","08","16","22:00"," ","13,60","","11,30","","86,00","","21,00","","2,00","","40,20","","101,57","","","","","","Généralement dégagé"
"1993-08-16 23:00","1993","08","16","23:00"," ","11,90","","10,40","","91,00","","15,00","","4,00","","48,30","","101,61","","","","","","Généralement dégagé"
"1993-08-17 00:00","1993","08","17","00:00"," ","12,80","","11,80","","94,00","","0,00","","0,00","","32,20","","101,64","","","","","","Généralement nuageux"
"1993-08-17 01:00","1993","08","17","01:00"," ","14,00","","12,70","","92,00","","0,00","","0,00","","32,20","","101,64","","","","","","Nuageux"
"1993-08-17 02:00","1993","08","17","02:00"," ","14,60","","12,80","","89,00","","15,00","","4,00","","32,20","","101,71","","","","","","Nuageux"
"1993-08-17 03:00","1993","08","17","03:00"," ","14,50","","13,00","","91,00","","0,00","","0,00","","32,20","","101,71","","","","","","Nuageux"
"1993-08-17 04:00","1993","08","17","04:00"," ","14,60","","12,90","","89,00","","0,00","","0,00","","32,20","","101,74","","","","","","Nuageux"
"1993-08-17 05:00","1993","08","17","05:00"," ","14,10","","12,20","","88,00","","0,00","","0,00","","32,20","","101,78","","","","","","Généralement nuageux"
"1993-08-17 06:00","1993","08","17","06:00"," ","14,30","","12,40","","88,00","","13,00","","6,00","","32,20","","101,78","","","","","","Généralement nuageux"
"1993-08-17 07:00","1993","08","17","07:00"," ","14,80","","12,90","","88,00","","12,00","","6,00","","32,20","","101,84","","","","","","Généralement nuageux"
"1993-08-17 08:00","1993","08","17","08:00"," ","15,50","","12,90","","84,00","","10,00","","7,00","","32,20","","101,84","","","","","","Généralement nuageux"
"1993-08-17 09:00","1993","08","17","09:00"," ","15,50","","12,90","","84,00","","11,00","","7,00","","32,20","","101,84","","","","","","Généralement nuageux"
"1993-08-17 10:00","1993","08","17","10:00"," ","16,90","","13,20","","79,00","","11,00","","4,00","","32,20","","101,88","","","","","","Généralement nuageux"
"1993-08-17 11:00","1993","08","17","11:00"," ","17,90","","12,40","","70,00","","9,00","","7,00","","32,20","","101,88","","","","","","Généralement nuageux"
"1993-08-17 12:00","1993","08","17","12:00"," ","17,70","","13,30","","75,00","","11,00","","7,00","","32,20","","101,88","","","","","","Généralement nuageux"
"1993-08-17 13:00","1993","08","17","13:00"," ","18,40","","13,50","","73,00","","9,00","","7,00","","40,20","","101,88","","","","","","Généralement nuageux"
"1993-08-17 14:00","1993","08","17","14:00"," ","19,90","","13,30","","66,00","","11,00","","7,00","","48,30","","101,84","","","","","","Généralement nuageux"
"1993-08-17 15:00","1993","08","17","15:00"," ","19,60","","13,30","","67,00","","13,00","","13,00","","48,30","","101,81","","","","","","Généralement dégagé"
"1993-08-17 16:00","1993","08","17","16:00"," ","20,10","","13,40","","65,00","","9,00","","9,00","","48,30","","101,78","","","","","","Généralement dégagé"
"1993-08-17 17:00","1993","08","17","17:00"," ","20,40","","13,60","","65,00","","9,00","","9,00","","48,30","","101,74","","","","","","Généralement dégagé"
"1993-08-17 18:00","1993","08","17","18:00"," ","18,70","","12,90","","69,00","","12,00","","11,00","","48,30","","101,71","","","","","","Dégagé"
"1993-08-17 19:00","1993","08","17","19:00"," ","19,00","","12,60","","66,00","","16,00","","11,00","","48,30","","101,71","","","","","","Dégagé"
"1993-08-17 20:00","1993","08","17","20:00"," ","16,20","","12,40","","78,00","","12,00","","6,00","","48,30","","101,74","","","","","","Dégagé"
"1993-08-17 21:00","1993","08","17","21:00"," ","12,90","","11,80","","93,00","","2,00","","4,00","","48,30","","101,74","","","","","","Dégagé"
"1993-08-17 22:00","1993","08","17","22:00"," ","13,10","","12,00","","93,00","","0,00","","0,00","","48,30","","101,68","","","","","","Dégagé"
"1993-08-17 23:00","1993","08","17","23:00"," ","11,70","","11,60","","99,00","","28,00","","4,00","","48,30","","101,68","","","","","","Dégagé"
"1993-08-18 00:00","1993","08","18","00:00"," ","12,10","","12,00","","99,00","","25,00","","4,00","","32,20","","101,68","","","","","","Dégagé"
"1993-08-18 01:00","1993","08","18","01:00"," ","12,00","","11,60","","97,00","","0,00","","0,00","","32,20","","101,68","","","","","","Dégagé"
"1993-08-18 02:00","1993","08","18","02:00"," ","12,20","","12,10","","99,00","","27,00","","4,00","","32,20","","101,64","","","","","","Dégagé"
"1993-08-18 03:00","1993","08","18","03:00"," ","11,70","","11,60","","99,00","","27,00","","6,00","","32,20","","101,64","","","","","","Dégagé"
"1993-08-18 04:00","1993","08","18","04:00"," ","12,40","","12,30","","99,00","","27,00","","4,00","","32,20","","101,64","","","","","","Dégagé"
"1993-08-18 05:00","1993","08","18","05:00"," ","12,40","","12,40","","100,00","","25,00","","6,00","","19,30","","101,64","","","","","","Dégagé"
"1993-08-18 06:00","1993","08","18","06:00"," ","13,40","","13,30","","99,00","","26,00","","11,00","","19,30","","101,64","","","","","","Généralement dégagé"
"1993-08-18 07:00","1993","08","18","07:00"," ","14,80","","14,30","","97,00","","28,00","","6,00","","19,30","","101,64","","","","","","Généralement dégagé"
"1993-08-18 08:00","1993","08","18","08:00"," ","16,80","","14,70","","88,00","","28,00","","9,00","","24,10","","101,61","","","","","","Généralement dégagé"
"1993-08-18 09:00","1993","08","18","09:00"," ","19,20","","15,00","","77,00","","0,00","","0,00","","24,10","","101,57","","","","","","Généralement dégagé"
"1993-08-18 10:00","1993","08","18","10:00"," ","20,30","","15,20","","73,00","","6,00","","4,00","","32,20","","101,57","","","","","","Généralement dégagé"
"1993-08-18 11:00","1993","08","18","11:00"," ","21,40","","15,00","","67,00","","10,00","","9,00","","40,20","","101,47","","25,00","","","","Généralement dégagé"
"1993-08-18 12:00","1993","08","18","12:00"," ","21,90","","14,90","","65,00","","8,00","","9,00","","40,20","","101,44","","26,00","","","","Généralement dégagé"
"1993-08-18 13:00","1993","08","18","13:00"," ","22,10","","15,30","","65,00","","8,00","","11,00","","40,20","","101,41","","26,00","","","","Généralement nuageux"
"1993-08-18 14:00","1993","08","18","14:00"," ","23,20","","15,30","","61,00","","3,00","","11,00","","48,30","","101,34","","27,00","","","","Généralement dégagé"
"1993-08-18 15:00","1993","08","18","15:00"," ","23,80","","15,10","","58,00","","5,00","","13,00","","48,30","","101,27","","28,00","","","","Généralement dégagé"
"1993-08-18 16:00","1993","08","18","16:00"," ","23,20","","14,30","","57,00","","6,00","","15,00","","48,30","","101,24","","27,00","","","","Généralement dégagé"
"1993-08-18 17:00","1993","08","18","17:00"," ","22,40","","14,40","","61,00","","9,00","","9,00","","48,30","","101,20","","26,00","","","","Généralement nuageux"
"1993-08-18 18:00","1993","08","18","18:00"," ","22,20","","14,20","","61,00","","12,00","","6,00","","48,30","","101,13","","26,00","","","","Généralement nuageux"
"1993-08-18 19:00","1993","08","18","19:00"," ","21,30","","14,40","","65,00","","13,00","","6,00","","48,30","","101,13","","25,00","","","","Généralement dégagé"
"1993-08-18 20:00","1993","08","18","20:00"," ","16,90","","13,50","","80,00","","9,00","","6,00","","48,30","","101,13","","","","","","Généralement dégagé"
"1993-08-18 21:00","1993","08","18","21:00"," ","14,40","","13,40","","94,00","","0,00","","0,00","","48,30","","101,17","","","","","","Généralement dégagé"
"1993-08-18 22:00","1993","08","18","22:00"," ","13,90","","13,10","","95,00","","0,00","","0,00","","48,30","","101,13","","","","","","Généralement dégagé"
"1993-08-18 23:00","1993","08","18","23:00"," ","13,90","","13,40","","97,00","","24,00","","4,00","","48,30","","101,13","","","","","","Généralement dégagé"
"1993-08-19 00:00","1993","08","19","00:00"," ","13,60","","13,60","","100,00","","24,00","","6,00","","48,30","","101,10","","","","","","Généralement dégagé"
"1993-08-19 01:00","1993","08","19","01:00"," ","13,10","","12,70","","97,00","","25,00","","9,00","","48,30","","101,10","","","","","","Généralement dégagé"
"1993-08-19 02:00","1993","08","19","02:00"," ","13,70","","13,70","","100,00","","24,00","","6,00","","48,30","","101,10","","","","","","Généralement dégagé"
"1993-08-19 03:00","1993","08","19","03:00"," ","12,60","","12,30","","98,00","","27,00","","6,00","","48,30","","101,13","","","","","","Généralement dégagé"
"1993-08-19 04:00","1993","08","19","04:00"," ","12,60","","12,60","","100,00","","27,00","","6,00","","48,30","","101,10","","","","","","Généralement dégagé"
"1993-08-19 05:00","1993","08","19","05:00"," ","12,60","","12,50","","99,00","","26,00","","4,00","","48,30","","101,10","","","","","","Généralement dégagé"
"1993-08-19 06:00","1993","08","19","06:00"," ","13,20","","13,10","","99,00","","25,00","","6,00","","48,30","","101,13","","","","","","Généralement dégagé"
"1993-08-19 07:00","1993","08","19","07:00"," ","15,90","","15,10","","95,00","","28,00","","7,00","","48,30","","101,13","","","","","","Généralement dégagé"
"1993-08-19 08:00","1993","08","19","08:00"," ","17,80","","14,50","","81,00","","27,00","","6,00","","48,30","","101,13","","","","","","Généralement dégagé"
"1993-08-19 09:00","1993","08","19","09:00"," ","20,80","","14,00","","65,00","","32,00","","4,00","","48,30","","101,13","","","","","","Généralement dégagé"
"1993-08-19 10:00","1993","08","19","10:00"," ","22,80","","14,80","","61,00","","0,00","","0,00","","48,30","","101,10","","27,00","","","","Généralement dégagé"
"1993-08-19 11:00","1993","08","19","11:00"," ","22,70","","14,90","","61,00","","13,00","","4,00","","48,30","","101,07","","27,00","","","","Généralement dégagé"
"1993-08-19 12:00","1993","08","19","12:00"," ","24,80","","15,30","","56,00","","5,00","","7,00","","48,30","","101,03","","29,00","","","","Généralement dégagé"
"1993-08-19 13:00","1993","08","19","13:00"," ","24,90","","15,00","","54,00","","9,00","","4,00","","48,30","","100,97","","29,00","","","","Généralement dégagé"
"1993-08-19 14:00","1993","08","19","14:00"," ","25,40","","15,50","","54,00","","7,00","","11,00","","48,30","","100,93","","30,00","","","","Généralement dégagé"
"1993-08-19 15:00","1993","08","19","15:00"," ","25,00","","15,00","","54,00","","7,00","","7,00","","48,30","","100,90","","29,00","","","","Généralement dégagé"
"1993-08-19 16:00","1993","08","19","16:00"," ","25,40","","15,00","","53,00","","8,00","","6,00","","48,30","","100,86","","29,00","","","","Généralement dégagé"
"1993-08-19 17:00","1993","08","19","17:00"," ","24,90","","14,80","","53,00","","12,00","","7,00","","48,30","","100,83","","29,00","","","","Généralement dégagé"
"1993-08-19 18:00","1993","08","19","18:00"," ","23,00","","14,80","","60,00","","10,00","","9,00","","48,30","","100,83","","27,00","","","","Généralement dégagé"
"1993-08-19 19:00","1993","08","19","19:00"," ","20,80","","14,50","","67,00","","12,00","","6,00","","48,30","","100,83","","","","","","Généralement dégagé"
"1993-08-19 20:00","1993","08","19","20:00"," ","17,10","","14,60","","85,00","","16,00","","4,00","","48,30","","100,83","","","","","","Généralement dégagé"
"1993-08-19 21:00","1993","08","19","21:00"," ","16,90","","14,90","","88,00","","0,00","","0,00","","48,30","","100,86","","","","","","Généralement dégagé"
"1993-08-19 22:00","1993","08","19","22:00"," ","15,70","","14,50","","92,00","","24,00","","9,00","","48,30","","100,86","","","","","","Dégagé"
"1993-08-19 23:00","1993","08","19","23:00"," ","16,00","","14,60","","91,00","","0,00","","0,00","","48,30","","100,90","","","","","","Dégagé"
"1993-08-20 00:00","1993","08","20","00:00"," ","15,50","","12,50","","82,00","","0,00","","0,00","","48,30","","100,93","","","","","","Dégagé"
"1993-08-20 01:00","1993","08","20","01:00"," ","13,80","","12,10","","90,00","","0,00","","0,00","","48,30","","101,00","","","","","","Généralement dégagé"
"1993-08-20 02:00","1993","08","20","02:00"," ","13,90","","11,80","","87,00","","0,00","","0,00","","48,30","","101,00","","","","","","Généralement dégagé"
"1993-08-20 03:00","1993","08","20","03:00"," ","13,10","","12,00","","93,00","","0,00","","0,00","","48,30","","101,00","","","","","","Généralement dégagé"
"1993-08-20 04:00","1993","08","20","04:00"," ","13,80","","12,30","","91,00","","14,00","","7,00","","48,30","","101,03","","","","","","Généralement dégagé"
"1993-08-20 05:00","1993","08","20","05:00"," ","13,00","","11,90","","93,00","","13,00","","9,00","","48,30","","101,10","","","","","","Dégagé"
"1993-08-20 06:00","1993","08","20","06:00"," ","12,30","","11,60","","96,00","","29,00","","4,00","","48,30","","101,10","","","","","","Dégagé"
"1993-08-20 07:00","1993","08","20","07:00"," ","15,90","","13,60","","86,00","","0,00","","0,00","","48,30","","101,13","","","","","","Dégagé"
"1993-08-20 08:00","1993","08","20","08:00"," ","17,30","","13,40","","78,00","","12,00","","9,00","","48,30","","101,20","","","","","","Dégagé"
"1993-08-20 09:00","1993","08","20","09:00"," ","17,40","","13,00","","75,00","","11,00","","15,00","","48,30","","101,24","","","","","","Généralement dégagé"
"1993-08-20 10:00","1993","08","20","10:00"," ","19,10","","13,80","","71,00","","11,00","","11,00","","48,30","","101,24","","","","","","Généralement dégagé"
"1993-08-20 11:00","1993","08","20","11:00"," ","20,10","","14,20","","69,00","","9,00","","9,00","","48,30","","101,24","","","","","","Généralement dégagé"
"1993-08-20 12:00","1993","08","20","12:00"," ","20,80","","14,50","","67,00","","13,00","","19,00","","48,30","","101,20","","","","","","Généralement dégagé"
"1993-08-20 13:00","1993","08","20","13:00"," ","19,40","","13,60","","69,00","","13,00","","19,00","","48,30","","101,24","","","","","","Généralement dégagé"
"1993-08-20 14:00","1993","08","20","14:00"," ","20,50","","13,80","","65,00","","10,00","","11,00","","48,30","","101,20","","","","","","Généralement dégagé"
"1993-08-20 15:00","1993","08","20","15:00"," ","20,20","","14,00","","67,00","","9,00","","11,00","","48,30","","101,13","","","","","","Généralement nuageux"
"1993-08-20 16:00","1993","08","20","16:00"," ","18,70","","13,20","","70,00","","5,00","","7,00","","48,30","","101,10","","","","","","Généralement nuageux"
"1993-08-20 17:00","1993","08","20","17:00"," ","18,20","","13,00","","72,00","","3,00","","7,00","","48,30","","101,10","","","","","","Généralement nuageux"
"1993-08-20 18:00","1993","08","20","18:00"," ","19,20","","13,20","","68,00","","9,00","","6,00","","72,40","","101,10","","","","","","Généralement nuageux"
"1993-08-20 19:00","1993","08","20","19:00"," ","16,60","","12,70","","78,00","","4,00","","6,00","","72,40","","101,13","","","","","","Généralement nuageux"
"1993-08-20 20:00","1993","08","20","20:00"," ","14,20","","12,30","","88,00","","12,00","","4,00","","48,30","","101,20","","","","","","Généralement dégagé"
"1993-08-20 21:00","1993","08","20","21:00"," ","13,50","","11,70","","89,00","","18,00","","4,00","","48,30","","101,30","","","","","","Généralement nuageux"
"1993-08-20 22:00","1993","08","20","22:00"," ","13,20","","9,50","","78,00","","27,00","","13,00","","48,30","","101,34","","","","","","Généralement nuageux"
"1993-08-20 23:00","1993","08","20","23:00"," ","15,40","","8,70","","64,00","","27,00","","15,00","","32,20","","101,34","","","","","","Généralement dégagé"
"1993-08-21 00:00","1993","08","21","00:00"," ","15,70","","7,40","","58,00","","28,00","","19,00","","32,20","","101,34","","","","","","Généralement nuageux"
"1993-08-21 01:00","1993","08","21","01:00"," ","15,70","","8,90","","64,00","","28,00","","9,00","","32,20","","101,37","","","","","","Nuageux"
"1993-08-21 02:00","1993","08","21","02:00"," ","15,30","","9,90","","70,00","","29,00","","19,00","","32,20","","101,37","","","","","","Nuageux"
"1993-08-21 03:00","1993","08","21","03:00"," ","15,40","","9,60","","68,00","","0,00","","0,00","","32,20","","101,41","","","","","","Nuageux"
"1993-08-21 04:00","1993","08","21","04:00"," ","15,80","","9,50","","66,00","","29,00","","15,00","","32,20","","101,47","","","","","","Nuageux"
"1993-08-21 05:00","1993","08","21","05:00"," ","15,00","","10,30","","73,00","","27,00","","11,00","","40,20","","101,54","","","","","","Généralement nuageux"
"1993-08-21 06:00","1993","08","21","06:00"," ","14,90","","10,30","","74,00","","30,00","","7,00","","32,20","","101,54","","","","","","Nuageux"
"1993-08-21 07:00","1993","08","21","07:00"," ","15,20","","10,80","","75,00","","27,00","","7,00","","32,20","","101,64","","","","","","Pluie"
"1993-08-21 08:00","1993","08","21","08:00"," ","15,40","","10,90","","75,00","","0,00","","0,00","","32,20","","101,68","","","","","","Pluie"
"1993-08-21 09:00","1993","08","21","09:00"," ","16,00","","13,40","","85,00","","11,00","","7,00","","32,20","","101,68","","","","","","Averses de pluie"
"1993-08-21 10:00","1993","08","21","10:00"," ","15,80","","12,70","","82,00","","11,00","","11,00","","32,20","","101,68","","","","","","Généralement nuageux"
"1993-08-21 11:00","1993","08","21","11:00"," ","16,40","","12,50","","78,00","","12,00","","19,00","","32,20","","101,68","","","","","","Nuageux"
"1993-08-21 12:00","1993","08","21","12:00"," ","15,10","","11,80","","81,00","","13,00","","17,00","","32,20","","101,71","","","","","","Averses de pluie"
"1993-08-21 13:00","1993","08","21","13:00"," ","15,10","","11,80","","81,00","","13,00","","15,00","","32,20","","101,74","","","","","","Nuageux"
"1993-08-21 14:00","1993","08","21","14:00"," ","16,40","","12,30","","77,00","","12,00","","13,00","","40,20","","101,74","","","","","","Nuageux"
"1993-08-21 15:00","1993","08","21","15:00"," ","16,20","","12,30","","77,00","","12,00","","7,00","","48,30","","101,68","","","","","","Nuageux"
"1993-08-21 16:00","1993","08","21","16:00"," ","15,20","","12,00","","81,00","","8,00","","9,00","","48,30","","101,68","","","","","","Nuageux"
"1993-08-21 17:00","1993","08","21","17:00"," ","15,90","","12,20","","79,00","","8,00","","7,00","","48,30","","101,64","","","","","","Nuageux"
"1993-08-21 18:00","1993","08","21","18:00"," ","15,20","","12,20","","82,00","","12,00","","7,00","","48,30","","101,64","","","","","","Généralement nuageux"
"1993-08-21 19:00","1993","08","21","19:00"," ","15,70","","12,80","","83,00","","13,00","","4,00","","40,20","","101,64","","","","","","Nuageux"
"1993-08-21 20:00","1993","08","21","20:00"," ","14,00","","13,10","","94,00","","9,00","","7,00","","24,10","","101,64","","","","","","Averses de pluie"
"1993-08-21 21:00","1993","08","21","21:00"," ","13,20","","12,30","","94,00","","11,00","","4,00","","16,10","","101,64","","","","","","Averses de pluie"
"1993-08-21 22:00","1993","08","21","22:00"," ","13,10","","12,50","","96,00","","14,00","","2,00","","12,90","","101,64","","","","","","Averses de pluie"
"1993-08-21 23:00","1993","08","21","23:00"," ","12,60","","12,10","","97,00","","0,00","","0,00","","3,20","","101,64","","","","","","Pluie,Brouillard"
"1993-08-22 00:00","1993","08","22","00:00"," ","12,80","","12,60","","99,00","","0,00","","0,00","","3,20","","101,57","","","","","","Pluie,Brouillard"
"1993-08-22 01:00","1993","08","22","01:00"," ","12,90","","12,60","","98,00","","0,00","","0,00","","1,60","","101,54","","","","","","Pluie,Bruine,Brouillard"
"1993-08-22 02:00","1993","08","22","02:00"," ","13,30","","13,30","","100,00","","6,00","","6,00","","0,20","","101,47","","","","","","Brouillard"
"1993-08-22 03:00","1993","08","22","03:00"," ","13,70","","13,70","","100,00","","0,00","","0,00","","0,40","","101,44","","","","","","Brouillard"
"1993-08-22 04:00","1993","08","22","04:00"," ","13,70","","13,70","","100,00","","0,00","","0,00","","1,00","","101,37","","","","","","Brouillard"
"1993-08-22 05:00","1993","08","22","05:00"," ","13,50","","13,50","","100,00","","0,00","","0,00","","9,70","","101,34","","","","","","Brouillard"
"1993-08-22 06:00","1993","08","22","06:00"," ","13,60","","13,60","","100,00","","0,00","","0,00","","16,10","","101,27","","","","","","Généralement nuageux"
"1993-08-22 07:00","1993","08","22","07:00"," ","14,00","","13,90","","99,00","","0,00","","0,00","","16,10","","101,20","","","","","","Nuageux"
"1993-08-22 08:00","1993","08","22","08:00"," ","14,50","","14,20","","98,00","","0,00","","0,00","","16,10","","101,13","","","","","","Nuageux"
"1993-08-22 09:00","1993","08","22","09:00"," ","15,40","","14,50","","94,00","","3,00","","2,00","","14,50","","101,13","","","","","","Nuageux"
"1993-08-22 10:00","1993","08","22","10:00"," ","16,50","","14,50","","88,00","","0,00","","0,00","","16,10","","101,03","","","","","","Généralement nuageux"
"1993-08-22 11:00","1993","08","22","11:00"," ","18,80","","14,20","","75,00","","9,00","","7,00","","32,20","","100,93","","","","","","Généralement nuageux"
"1993-08-22 12:00","1993","08","22","12:00"," ","18,20","","13,60","","75,00","","6,00","","4,00","","32,20","","100,86","","","","","","Généralement nuageux"
"1993-08-22 13:00","1993","08","22","13:00"," ","19,20","","13,60","","70,00","","0,00","","0,00","","32,20","","100,76","","","","","","Généralement nuageux"
"1993-08-22 14:00","1993","08","22","14:00"," ","19,60","","13,40","","67,00","","9,00","","7,00","","48,30","","100,70","","","","","","Pluie"
"1993-08-22 15:00","1993","08","22","15:00"," ","18,10","","14,80","","81,00","","2,00","","4,00","","24,10","","100,59","","","","","","Pluie"
"1993-08-22 16:00","1993","08","22","16:00"," ","18,20","","14,90","","81,00","","0,00","","0,00","","32,20","","100,49","","","","","","Pluie"
"1993-08-22 17:00","1993","08","22","17:00"," ","17,20","","15,80","","91,00","","0,00","","0,00","","32,20","","100,39","","","","","","Pluie"
"1993-08-22 18:00","1993","08","22","18:00"," ","16,50","","15,60","","94,00","","33,00","","4,00","","24,10","","100,39","","","","","","Pluie"
"1993-08-22 19:00","1993","08","22","19:00"," ","16,50","","15,70","","95,00","","28,00","","2,00","","24,10","","100,29","","","","","","Pluie"
"1993-08-22 20:00","1993","08","22","20:00"," ","15,00","","14,60","","98,00","","10,00","","15,00","","12,90","","100,26","","","","","","Pluie"
"1993-08-22 21:00","1993","08","22","21:00"," ","15,40","","15,10","","98,00","","11,00","","4,00","","12,90","","100,22","","","","","","Averses de pluie"
"1993-08-22 22:00","1993","08","22","22:00"," ","15,20","","14,80","","97,00","","0,00","","0,00","","19,30","","100,22","","","","","","Averses de pluie"
"1993-08-22 23:00","1993","08","22","23:00"," ","15,60","","15,20","","98,00","","12,00","","13,00","","12,90","","100,26","","","","","","Averses de pluie"
"1993-08-23 00:00","1993","08","23","00:00"," ","15,20","","14,70","","97,00","","15,00","","11,00","","24,10","","100,29","","","","","","Généralement nuageux"
"1993-08-23 01:00","1993","08","23","01:00"," ","13,60","","12,90","","95,00","","18,00","","7,00","","24,10","","100,46","","","","","","Généralement dégagé"
"1993-08-23 02:00","1993","08","23","02:00"," ","13,50","","12,90","","96,00","","20,00","","6,00","","24,10","","100,56","","","","","","Généralement nuageux"
"1993-08-23 03:00","1993","08","23","03:00"," ","14,30","","11,80","","85,00","","18,00","","7,00","","24,10","","100,70","","","","","","Généralement nuageux"
"1993-08-23 04:00","1993","08","23","04:00"," ","14,10","","11,50","","84,00","","22,00","","7,00","","24,10","","100,80","","","","","","Généralement nuageux"
"1993-08-23 05:00","1993","08","23","05:00"," ","15,80","","13,20","","85,00","","24,00","","11,00","","32,20","","100,90","","","","","","Généralement nuageux"
"1993-08-23 06:00","1993","08","23","06:00"," ","14,40","","11,20","","81,00","","22,00","","22,00","","48,30","","100,97","","","","","","Généralement dégagé"
"1993-08-23 07:00","1993","08","23","07:00"," ","15,50","","10,40","","72,00","","22,00","","37,00","","48,30","","100,97","","","","","","Généralement dégagé"
"1993-08-23 08:00","1993","08","23","08:00"," ","16,90","","9,90","","63,00","","25,00","","22,00","","48,30","","101,10","","","","","","Généralement dégagé"
"1993-08-23 09:00","1993","08","23","09:00"," ","17,60","","8,80","","56,00","","26,00","","26,00","","48,30","","101,13","","","","","","Généralement dégagé"
"1993-08-23 10:00","1993","08","23","10:00"," ","17,80","","8,50","","55,00","","26,00","","31,00","","48,30","","101,24","","","","","","Généralement dégagé"
"1993-08-23 11:00","1993","08","23","11:00"," ","18,50","","8,30","","51,00","","25,00","","31,00","","48,30","","101,30","","","","","","Généralement dégagé"
"1993-08-23 12:00","1993","08","23","12:00"," ","18,50","","8,30","","51,00","","26,00","","22,00","","48,30","","101,34","","","","","","Généralement dégagé"
"1993-08-23 13:00","1993","08","23","13:00"," ","19,10","","8,40","","50,00","","25,00","","24,00","","48,30","","101,41","","","","","","Généralement nuageux"
"1993-08-23 14:00","1993","08","23","14:00"," ","18,60","","7,20","","47,00","","27,00","","28,00","","48,30","","101,44","","","","","","Généralement nuageux"
"1993-08-23 15:00","1993","08","23","15:00"," ","19,60","","8,20","","48,00","","26,00","","26,00","","48,30","","101,44","","","","","","Généralement dégagé"
"1993-08-23 16:00","1993","08","23","16:00"," ","19,30","","8,30","","49,00","","27,00","","24,00","","48,30","","101,44","","","","","","Généralement dégagé"
"1993-08-23 17:00","1993","08","23","17:00"," ","17,90","","7,10","","49,00","","25,00","","26,00","","48,30","","101,44","","","","","","Généralement dégagé"
"1993-08-23 18:00","1993","08","23","18:00"," ","16,70","","7,20","","53,00","","25,00","","20,00","","48,30","","101,47","","","","","","Généralement dégagé"
"1993-08-23 19:00","1993","08","23","19:00"," ","15,20","","6,90","","58,00","","25,00","","30,00","","48,30","","101,47","","","","","","Généralement dégagé"
"1993-08-23 20:00","1993","08","23","20:00"," ","14,30","","6,50","","60,00","","26,00","","15,00","","32,20","","101,57","","","","","","Généralement dégagé"
"1993-08-23 21:00","1993","08","23","21:00"," ","12,70","","7,10","","69,00","","24,00","","11,00","","32,20","","101,61","","","","","","Généralement dégagé"
"1993-08-23 22:00","1993","08","23","22:00"," ","12,70","","7,40","","70,00","","25,00","","19,00","","32,20","","101,64","","","","","","Généralement dégagé"
"1993-08-23 23:00","1993","08","23","23:00"," ","12,40","","8,00","","75,00","","27,00","","20,00","","32,20","","101,64","","","","","","Généralement dégagé"
"1993-08-24 00:00","1993","08","24","00:00"," ","12,20","","7,60","","73,00","","26,00","","20,00","","32,20","","101,64","","","","","","Généralement nuageux"
"1993-08-24 01:00","1993","08","24","01:00"," ","11,80","","7,60","","76,00","","25,00","","13,00","","32,20","","101,68","","","","","","Nuageux"
"1993-08-24 02:00","1993","08","24","02:00"," ","12,30","","7,90","","75,00","","28,00","","15,00","","32,20","","101,68","","","","","","Nuageux"
"1993-08-24 03:00","1993","08","24","03:00"," ","12,00","","7,50","","74,00","","28,00","","9,00","","32,20","","101,68","","","","","","Généralement nuageux"
"1993-08-24 04:00","1993","08","24","04:00"," ","12,20","","7,40","","72,00","","26,00","","13,00","","32,20","","101,74","","","","","","Généralement nuageux"
"1993-08-24 05:00","1993","08","24","05:00"," ","12,10","","7,40","","73,00","","28,00","","13,00","","32,20","","101,78","","","","","","Généralement nuageux"
"1993-08-24 06:00","1993","08","24","06:00"," ","12,30","","7,60","","73,00","","27,00","","13,00","","32,20","","101,81","","","","","","Généralement nuageux"
"1993-08-24 07:00","1993","08","24","07:00"," ","12,80","","8,10","","73,00","","25,00","","6,00","","48,30","","101,88","","","","","","Généralement nuageux"
"1993-08-24 08:00","1993","08","24","08:00"," ","13,70","","8,50","","71,00","","29,00","","6,00","","48,30","","101,91","","","","","","Généralement nuageux"
"1993-08-24 09:00","1993","08","24","09:00"," ","14,40","","8,40","","67,00","","27,00","","4,00","","48,30","","101,91","","","","","","Généralement nuageux"
"1993-08-24 10:00","1993","08","24","10:00"," ","15,60","","7,90","","60,00","","30,00","","6,00","","48,30","","101,98","","","","","","Généralement nuageux"
"1993-08-24 11:00","1993","08","24","11:00"," ","16,50","","7,70","","56,00","","26,00","","4,00","","48,30","","101,98","","","","","","Généralement nuageux"
"1993-08-24 12:00","1993","08","24","12:00"," ","16,90","","8,10","","56,00","","9,00","","11,00","","48,30","","101,98","","","","","","Généralement nuageux"
"1993-08-24 13:00","1993","08","24","13:00"," ","18,00","","7,60","","51,00","","11,00","","11,00","","48,30","","102,01","","","","","","Généralement nuageux"
"1993-08-24 14:00","1993","08","24","14:00"," ","17,30","","6,60","","50,00","","11,00","","11,00","","32,20","","102,01","","","","","","Généralement nuageux"
"1993-08-24 15:00","1993","08","24","15:00"," ","16,90","","6,80","","51,00","","7,00","","6,00","","32,20","","102,01","","","","","","Généralement nuageux"
"1993-08-24 16:00","1993","08","24","16:00"," ","15,50","","9,90","","69,00","","28,00","","15,00","","48,30","","102,08","","","","","","Généralement nuageux"
"1993-08-24 17:00","1993","08","24","17:00"," ","15,10","","10,40","","73,00","","28,00","","11,00","","48,30","","102,08","","","","","","Généralement nuageux"
"1993-08-24 18:00","1993","08","24","18:00"," ","14,50","","10,40","","76,00","","27,00","","15,00","","32,20","","102,08","","","","","","Généralement nuageux"
"1993-08-24 19:00","1993","08","24","19:00"," ","13,40","","10,20","","81,00","","28,00","","15,00","","32,20","","102,08","","","","","","Généralement nuageux"
"1993-08-24 20:00","1993","08","24","20:00"," ","13,00","","10,20","","83,00","","28,00","","15,00","","32,20","","102,12","","","","","","Généralement nuageux"
"1993-08-24 21:00","1993","08","24","21:00"," ","13,20","","12,40","","95,00","","28,00","","13,00","","32,20","","102,15","","","","","","Généralement nuageux"
"1993-08-24 22:00","1993","08","24","22:00"," ","10,70","","9,30","","91,00","","27,00","","6,00","","32,20","","102,18","","","","","","Généralement nuageux"
"1993-08-24 23:00","1993","08","24","23:00"," ","9,90","","8,90","","93,00","","22,00","","2,00","","32,20","","102,18","","","","","","Généralement dégagé"
"1993-08-25 00:00","1993","08","25","00:00"," ","8,60","","8,10","","97,00","","24,00","","7,00","","40,20","","102,18","","","","","","Généralement dégagé"
"1993-08-25 01:00","1993","08","25","01:00"," ","8,80","","8,50","","98,00","","23,00","","4,00","","40,20","","102,18","","","","","","Généralement nuageux"
"1993-08-25 02:00","1993","08","25","02:00"," ","8,70","","8,20","","97,00","","24,00","","7,00","","40,20","","102,22","","","","","","Généralement nuageux"
"1993-08-25 03:00","1993","08","25","03:00"," ","8,00","","7,60","","97,00","","23,00","","7,00","","48,30","","102,22","","","","","","Généralement dégagé"
"1993-08-25 04:00","1993","08","25","04:00"," ","8,00","","7,90","","99,00","","25,00","","7,00","","48,30","","102,22","","","","","","Généralement dégagé"
"1993-08-25 05:00","1993","08","25","05:00"," ","7,50","","7,20","","98,00","","24,00","","7,00","","32,20","","102,22","","","","","","Généralement dégagé"
"1993-08-25 06:00","1993","08","25","06:00"," ","7,90","","7,90","","100,00","","23,00","","4,00","","32,20","","102,22","","","","","","Généralement nuageux"
"1993-08-25 07:00","1993","08","25","07:00"," ","9,20","","8,90","","98,00","","28,00","","9,00","","32,20","","102,25","","","","","","Généralement nuageux"
"1993-08-25 08:00","1993","08","25","08:00"," ","10,80","","10,00","","95,00","","29,00","","7,00","","32,20","","102,28","","","","","","Généralement nuageux"
"1993-08-25 09:00","1993","08","25","09:00"," ","13,70","","9,10","","74,00","","28,00","","11,00","","40,20","","102,28","","","","","","Généralement nuageux"
"1993-08-25 10:00","1993","08","25","10:00"," ","15,70","","10,20","","70,00","","28,00","","9,00","","48,30","","102,28","","","","","","Généralement nuageux"
"1993-08-25 11:00","1993","08","25","11:00"," ","16,10","","9,80","","66,00","","3,00","","15,00","","48,30","","102,28","","","","","","Généralement nuageux"
"1993-08-25 12:00","1993","08","25","12:00"," ","16,70","","10,20","","66,00","","9,00","","15,00","","48,30","","102,28","","","","","","Généralement dégagé"
"1993-08-25 13:00","1993","08","25","13:00"," ","17,70","","10,10","","61,00","","5,00","","13,00","","48,30","","102,22","","","","","","Généralement dégagé"
"1993-08-25 14:00","1993","08","25","14:00"," ","18,50","","10,10","","58,00","","8,00","","9,00","","48,30","","102,22","","","","","","Généralement dégagé"
"1993-08-25 15:00","1993","08","25","15:00"," ","18,10","","10,20","","60,00","","9,00","","7,00","","48,30","","102,18","","","","","","Dégagé"
"1993-08-25 16:00","1993","08","25","16:00"," ","17,50","","10,10","","62,00","","12,00","","7,00","","48,30","","102,15","","","","","","Dégagé"
"1993-08-25 17:00","1993","08","25","17:00"," ","17,50","","10,30","","63,00","","10,00","","7,00","","48,30","","102,12","","","","","","Dégagé"
"1993-08-25 18:00","1993","08","25","18:00"," ","16,80","","10,10","","65,00","","13,00","","4,00","","48,30","","102,12","","","","","","Dégagé"
"1993-08-25 19:00","1993","08","25","19:00"," ","15,20","","10,20","","72,00","","12,00","","4,00","","48,30","","102,12","","","","","","Dégagé"
"1993-08-25 20:00","1993","08","25","20:00"," ","12,50","","9,90","","84,00","","12,00","","4,00","","48,30","","102,12","","","","","","Dégagé"
"1993-08-25 21:00","1993","08","25","21:00"," ","10,80","","9,50","","92,00","","0,00","","0,00","","48,30","","102,18","","","","","","Dégagé"
"1993-08-25 22:00","1993","08","25","22:00"," ","10,00","","9,10","","94,00","","25,00","","4,00","","48,30","","102,18","","","","","","Dégagé"
"1993-08-25 23:00","1993","08","25","23:00"," ","10,60","","10,00","","96,00","","25,00","","7,00","","48,30","","102,18","","","","","","Dégagé"
"1993-08-26 00:00","1993","08","26","00:00"," ","9,10","","8,60","","97,00","","24,00","","7,00","","48,30","","102,22","","","","","","Dégagé"
"1993-08-26 01:00","1993","08","26","01:00"," ","9,20","","8,80","","97,00","","25,00","","9,00","","48,30","","102,22","","","","","","Dégagé"
"1993-08-26 02:00","1993","08","26","02:00"," ","8,70","","8,30","","97,00","","25,00","","7,00","","48,30","","102,22","","","","","","Dégagé"
"1993-08-26 03:00","1993","08","26","03:00"," ","8,80","","8,50","","98,00","","24,00","","9,00","","48,30","","102,22","","","","","","Dégagé"
"1993-08-26 04:00","1993","08","26","04:00"," ","8,40","","8,40","","100,00","","26,00","","7,00","","48,30","","102,22","","","","","","Dégagé"
"1993-08-26 05:00","1993","08","26","05:00"," ","8,20","","8,00","","99,00","","28,00","","7,00","","48,30","","102,28","","","","","","Généralement nuageux"
"1993-08-26 06:00","1993","08","26","06:00"," ","8,70","","8,50","","99,00","","28,00","","6,00","","48,30","","102,28","","","","","","Généralement nuageux"
"1993-08-26 07:00","1993","08","26","07:00"," ","11,30","","10,70","","96,00","","28,00","","7,00","","40,20","","102,32","","","","","","Généralement nuageux"
"1993-08-26 08:00","1993","08","26","08:00"," ","13,40","","10,80","","84,00","","28,00","","6,00","","40,20","","102,32","","","","","","Généralement nuageux"
"1993-08-26 09:00","1993","08","26","09:00"," ","15,70","","10,80","","72,00","","28,00","","7,00","","40,20","","102,35","","","","","","Généralement nuageux"
"1993-08-26 10:00","1993","08","26","10:00"," ","17,40","","10,60","","64,00","","9,00","","4,00","","48,30","","102,35","","","","","","Généralement nuageux"
"1993-08-26 11:00","1993","08","26","11:00"," ","17,60","","11,60","","68,00","","9,00","","9,00","","48,30","","102,32","","","","","","Nuageux"
"1993-08-26 12:00","1993","08","26","12:00"," ","18,20","","11,80","","66,00","","9,00","","9,00","","48,30","","102,28","","","","","","Généralement nuageux"
"1993-08-26 13:00","1993","08","26","13:00"," ","19,40","","12,10","","63,00","","11,00","","9,00","","48,30","","102,28","","","","","","Généralement nuageux"
"1993-08-26 14:00","1993","08","26","14:00"," ","19,30","","11,20","","60,00","","10,00","","11,00","","48,30","","102,25","","","","","","Généralement nuageux"
"1993-08-26 15:00","1993","08","26","15:00"," ","19,20","","11,40","","61,00","","12,00","","7,00","","48,30","","102,18","","","","","","Généralement nuageux"
"1993-08-26 16:00","1993","08","26","16:00"," ","18,40","","11,20","","63,00","","12,00","","11,00","","48,30","","102,15","","","","","","Généralement nuageux"
"1993-08-26 17:00","1993","08","26","17:00"," ","17,50","","11,00","","66,00","","11,00","","9,00","","72,40","","102,08","","","","","","Généralement nuageux"
"1993-08-26 18:00","1993","08","26","18:00"," ","17,50","","11,10","","66,00","","12,00","","6,00","","72,40","","102,08","","","","","","Généralement nuageux"
"1993-08-26 19:00","1993","08","26","19:00"," ","15,50","","10,80","","73,00","","10,00","","6,00","","72,40","","102,08","","","","","","Généralement nuageux"
"1993-08-26 20:00","1993","08","26","20:00"," ","14,50","","10,70","","78,00","","13,00","","4,00","","48,30","","102,01","","","","","","Généralement nuageux"
"1993-08-26 21:00","1993","08","26","21:00"," ","11,40","","9,90","","90,00","","31,00","","4,00","","48,30","","102,05","","","","","","Généralement nuageux"
"1993-08-26 22:00","1993","08","26","22:00"," ","12,20","","10,20","","88,00","","0,00","","0,00","","48,30","","102,05","","","","","","Généralement nuageux"
"1993-08-26 23:00","1993","08","26","23:00"," ","11,40","","10,40","","94,00","","0,00","","0,00","","32,20","","102,01","","","","","","Généralement nuageux"
"1993-08-27 00:00","1993","08","27","00:00"," ","11,60","","10,40","","92,00","","0,00","","0,00","","40,20","","102,01","","","","","","Généralement nuageux"
"1993-08-27 01:00","1993","08","27","01:00"," ","11,60","","10,50","","93,00","","26,00","","4,00","","40,20","","102,01","","","","","","Généralement nuageux"
"1993-08-27 02:00","1993","08","27","02:00"," ","12,60","","11,00","","90,00","","26,00","","9,00","","40,20","","102,01","","","","","","Généralement nuageux"
"1993-08-27 03:00","1993","08","27","03:00"," ","13,50","","10,90","","84,00","","29,00","","13,00","","40,20","","102,01","","","","","","Généralement nuageux"
"1993-08-27 04:00","1993","08","27","04:00"," ","11,70","","10,40","","92,00","","27,00","","6,00","","40,20","","102,01","","","","","","Généralement nuageux"
"1993-08-27 05:00","1993","08","27","05:00"," ","12,50","","10,70","","89,00","","25,00","","4,00","","40,20","","102,01","","","","","","Généralement nuageux"
"1993-08-27 06:00","1993","08","27","06:00"," ","11,90","","10,20","","90,00","","25,00","","7,00","","40,20","","102,05","","","","","","Nuageux"
"1993-08-27 07:00","1993","08","27","07:00"," ","13,70","","11,10","","84,00","","26,00","","4,00","","40,20","","102,08","","","","","","Généralement nuageux"
"1993-08-27 08:00","1993","08","27","08:00"," ","14,80","","10,00","","73,00","","28,00","","6,00","","40,20","","102,12","","","","","","Généralement nuageux"
"1993-08-27 09:00","1993","08","27","09:00"," ","16,40","","10,30","","67,00","","30,00","","6,00","","48,30","","102,12","","","","","","Généralement nuageux"
"1993-08-27 10:00","1993","08","27","10:00"," ","17,90","","9,60","","58,00","","11,00","","7,00","","48,30","","102,12","","","","","","Généralement nuageux"
"1993-08-27 11:00","1993","08","27","11:00"," ","19,40","","9,90","","54,00","","13,00","","11,00","","48,30","","102,12","","","","","","Généralement nuageux"
"1993-08-27 12:00","1993","08","27","12:00"," ","19,40","","10,40","","56,00","","13,00","","15,00","","48,30","","102,12","","","","","","Généralement dégagé"
"1993-08-27 13:00","1993","08","27","13:00"," ","19,20","","10,80","","58,00","","13,00","","15,00","","48,30","","102,08","","","","","","Généralement nuageux"
"1993-08-27 14:00","1993","08","27","14:00"," ","19,10","","11,40","","61,00","","12,00","","17,00","","48,30","","102,08","","","","","","Généralement nuageux"
"1993-08-27 15:00","1993","08","27","15:00"," ","19,70","","10,80","","56,00","","13,00","","15,00","","48,30","","102,05","","","","","","Généralement nuageux"
"1993-08-27 16:00","1993","08","27","16:00"," ","19,80","","11,00","","57,00","","10,00","","11,00","","48,30","","102,01","","","","","","Généralement nuageux"
"1993-08-27 17:00","1993","08","27","17:00"," ","19,60","","10,50","","56,00","","7,00","","11,00","","48,30","","102,01","","","","","","Généralement nuageux"
"1993-08-27 18:00","1993","08","27","18:00"," ","17,90","","11,50","","66,00","","2,00","","4,00","","48,30","","101,98","","","","","","Généralement nuageux"
"1993-08-27 19:00","1993","08","27","19:00"," ","14,80","","11,60","","81,00","","0,00","","0,00","","48,30","","101,98","","","","","","Généralement nuageux"
"1993-08-27 20:00","1993","08","27","20:00"," ","13,10","","10,40","","84,00","","0,00","","0,00","","48,30","","102,01","","","","","","Généralement nuageux"
"1993-08-27 21:00","1993","08","27","21:00"," ","11,70","","9,80","","88,00","","0,00","","0,00","","48,30","","102,01","","","","","","Généralement nuageux"
"1993-08-27 22:00","1993","08","27","22:00"," ","13,40","","10,90","","85,00","","0,00","","0,00","","48,30","","102,05","","","","","","Généralement nuageux"
"1993-08-27 23:00","1993","08","27","23:00"," ","14,10","","11,80","","86,00","","25,00","","7,00","","48,30","","102,01","","","","","","Généralement nuageux"
"1993-08-28 00:00","1993","08","28","00:00"," ","14,40","","10,80","","79,00","","25,00","","7,00","","48,30","","102,01","","","","","","Généralement nuageux"
"1993-08-28 01:00","1993","08","28","01:00"," ","13,60","","10,60","","82,00","","28,00","","6,00","","48,30","","102,01","","","","","","Généralement nuageux"
"1993-08-28 02:00","1993","08","28","02:00"," ","11,40","","10,00","","91,00","","27,00","","6,00","","48,30","","101,98","","","","","","Généralement nuageux"
"1993-08-28 03:00","1993","08","28","03:00"," ","10,90","","10,20","","96,00","","25,00","","6,00","","48,30","","101,98","","","","","","Généralement nuageux"
"1993-08-28 04:00","1993","08","28","04:00"," ","9,50","","9,00","","97,00","","25,00","","6,00","","48,30","","101,98","","","","","","Généralement dégagé"
"1993-08-28 05:00","1993","08","28","05:00"," ","10,60","","9,90","","95,00","","0,00","","0,00","","48,30","","101,95","","","","","","Dégagé"
"1993-08-28 06:00","1993","08","28","06:00"," ","9,90","","9,20","","96,00","","0,00","","0,00","","40,20","","102,01","","","","","","Dégagé"
"1993-08-28 07:00","1993","08","28","07:00"," ","12,40","","11,70","","96,00","","31,00","","4,00","","40,20","","102,01","","","","","","Dégagé"
"1993-08-28 08:00","1993","08","28","08:00"," ","14,90","","10,80","","76,00","","28,00","","4,00","","40,20","","102,01","","","","","","Dégagé"
"1993-08-28 09:00","1993","08","28","09:00"," ","16,60","","10,70","","68,00","","28,00","","13,00","","40,20","","102,01","","","","","","Dégagé"
"1993-08-28 10:00","1993","08","28","10:00"," ","17,90","","10,90","","64,00","","2,00","","11,00","","48,30","","102,05","","","","","","Généralement dégagé"
"1993-08-28 11:00","1993","08","28","11:00"," ","19,10","","10,70","","58,00","","3,00","","11,00","","48,30","","102,01","","","","","","Généralement dégagé"
"1993-08-28 12:00","1993","08","28","12:00"," ","19,80","","11,10","","57,00","","3,00","","17,00","","48,30","","101,98","","","","","","Généralement dégagé"
"1993-08-28 13:00","1993","08","28","13:00"," ","21,00","","11,80","","56,00","","6,00","","7,00","","72,40","","101,98","","","","","","Généralement dégagé"
"1993-08-28 14:00","1993","08","28","14:00"," ","20,40","","11,20","","56,00","","10,00","","13,00","","72,40","","101,91","","","","","","Généralement dégagé"
"1993-08-28 15:00","1993","08","28","15:00"," ","20,10","","11,20","","57,00","","11,00","","13,00","","72,40","","101,88","","","","","","Généralement dégagé"
"1993-08-28 16:00","1993","08","28","16:00"," ","20,00","","10,90","","56,00","","12,00","","13,00","","72,40","","101,84","","","","","","Généralement dégagé"
"1993-08-28 17:00","1993","08","28","17:00"," ","19,10","","11,50","","61,00","","9,00","","9,00","","72,40","","101,84","","","","","","Généralement dégagé"
"1993-08-28 18:00","1993","08","28","18:00"," ","18,40","","10,50","","60,00","","13,00","","9,00","","48,30","","101,84","","","","","","Généralement dégagé"
"1993-08-28 19:00","1993","08","28","19:00"," ","16,50","","10,00","","65,00","","14,00","","15,00","","48,30","","101,84","","","","","","Généralement dégagé"
"1993-08-28 20:00","1993","08","28","20:00"," ","13,20","","10,30","","82,00","","0,00","","0,00","","48,30","","101,88","","","","","","Généralement dégagé"
"1993-08-28 21:00","1993","08","28","21:00"," ","12,50","","10,30","","86,00","","0,00","","0,00","","48,30","","101,91","","","","","","Généralement dégagé"
"1993-08-28 22:00","1993","08","28","22:00"," ","10,10","","9,30","","95,00","","0,00","","0,00","","48,30","","101,91","","","","","","Généralement dégagé"
"1993-08-28 23:00","1993","08","28","23:00"," ","9,70","","9,00","","95,00","","0,00","","0,00","","48,30","","101,98","","","","","","Dégagé"
"1993-08-29 00:00","1993","08","29","00:00"," ","9,60","","9,50","","99,00","","0,00","","0,00","","48,30","","101,98","","","","","","Dégagé"
"1993-08-29 01:00","1993","08","29","01:00"," ","10,60","","10,00","","96,00","","24,00","","6,00","","48,30","","102,01","","","","","","Dégagé"
"1993-08-29 02:00","1993","08","29","02:00"," ","10,20","","10,00","","99,00","","25,00","","9,00","","48,30","","102,01","","","","","","Dégagé"
"1993-08-29 03:00","1993","08","29","03:00"," ","9,00","","8,40","","96,00","","23,00","","7,00","","48,30","","102,08","","","","","","Dégagé"
"1993-08-29 04:00","1993","08","29","04:00"," ","9,30","","9,00","","98,00","","27,00","","6,00","","48,30","","102,08","","","","","","Dégagé"
"1993-08-29 05:00","1993","08","29","05:00"," ","9,00","","8,70","","98,00","","27,00","","4,00","","48,30","","102,08","","","","","","Dégagé"
"1993-08-29 06:00","1993","08","29","06:00"," ","8,70","","8,60","","99,00","","30,00","","7,00","","48,30","","102,12","","","","","","Dégagé"
"1993-08-29 07:00","1993","08","29","07:00"," ","12,90","","11,70","","93,00","","28,00","","6,00","","48,30","","102,18","","","","","","Dégagé"
"1993-08-29 08:00","1993","08","29","08:00"," ","14,80","","10,80","","77,00","","29,00","","4,00","","48,30","","102,18","","","","","","Dégagé"
"1993-08-29 09:00","1993","08","29","09:00"," ","17,40","","11,00","","66,00","","0,00","","0,00","","72,40","","102,18","","","","","","Dégagé"
"1993-08-29 10:00","1993","08","29","10:00"," ","18,50","","11,90","","65,00","","8,00","","7,00","","72,40","","102,18","","","","","","Généralement dégagé"
"1993-08-29 11:00","1993","08","29","11:00"," ","19,30","","12,60","","65,00","","9,00","","13,00","","72,40","","102,15","","","","","","Généralement dégagé"
"1993-08-29 12:00","1993","08","29","12:00"," ","20,30","","12,80","","62,00","","10,00","","6,00","","72,40","","102,08","","","","","","Dégagé"
"1993-08-29 13:00","1993","08","29","13:00"," ","20,80","","13,00","","61,00","","11,00","","7,00","","72,40","","102,05","","","","","","Dégagé"
"1993-08-29 14:00","1993","08","29","14:00"," ","21,50","","12,80","","58,00","","7,00","","6,00","","72,40","","101,98","","","","","","Dégagé"
"1993-08-29 15:00","1993","08","29","15:00"," ","21,70","","12,90","","57,00","","11,00","","7,00","","72,40","","101,91","","","","","","Dégagé"
"1993-08-29 16:00","1993","08","29","16:00"," ","22,20","","12,90","","56,00","","10,00","","7,00","","72,40","","101,88","","25,00","","","","Dégagé"
"1993-08-29 17:00","1993","08","29","17:00"," ","21,10","","12,70","","59,00","","7,00","","6,00","","72,40","","101,88","","","","","","Dégagé"
"1993-08-29 18:00","1993","08","29","18:00"," ","20,40","","12,00","","59,00","","7,00","","7,00","","72,40","","101,81","","","","","","Dégagé"
"1993-08-29 19:00","1993","08","29","19:00"," ","15,40","","11,20","","76,00","","0,00","","0,00","","72,40","","101,81","","","","","","Dégagé"
"1993-08-29 20:00","1993","08","29","20:00"," ","13,60","","10,70","","83,00","","24,00","","7,00","","48,30","","101,84","","","","","","Dégagé"
"1993-08-29 21:00","1993","08","29","21:00"," ","11,90","","10,00","","88,00","","29,00","","9,00","","48,30","","101,84","","","","","","Dégagé"
"1993-08-29 22:00","1993","08","29","22:00"," ","12,80","","10,90","","88,00","","25,00","","9,00","","48,30","","101,84","","","","","","Dégagé"
"1993-08-29 23:00","1993","08","29","23:00"," ","13,80","","10,70","","82,00","","19,00","","4,00","","48,30","","101,84","","","","","","Dégagé"
"1993-08-30 00:00","1993","08","30","00:00"," ","12,40","","10,40","","88,00","","0,00","","0,00","","48,30","","101,84","","","","","","Dégagé"
"1993-08-30 01:00","1993","08","30","01:00"," ","9,60","","8,60","","93,00","","25,00","","4,00","","48,30","","101,84","","","","","","Dégagé"
"1993-08-30 02:00","1993","08","30","02:00"," ","11,10","","10,20","","94,00","","26,00","","7,00","","48,30","","101,88","","","","","","Dégagé"
"1993-08-30 03:00","1993","08","30","03:00"," ","10,70","","9,70","","94,00","","26,00","","6,00","","48,30","","101,88","","","","","","Dégagé"
"1993-08-30 04:00","1993","08","30","04:00"," ","8,90","","8,20","","96,00","","27,00","","9,00","","48,30","","101,88","","","","","","Généralement dégagé"
"1993-08-30 05:00","1993","08","30","05:00"," ","8,70","","7,60","","93,00","","29,00","","9,00","","48,30","","101,88","","","","","","Généralement dégagé"
"1993-08-30 06:00","1993","08","30","06:00"," ","10,10","","8,90","","92,00","","28,00","","4,00","","48,30","","101,88","","","","","","Dégagé"
"1993-08-30 07:00","1993","08","30","07:00"," ","13,50","","10,50","","82,00","","29,00","","7,00","","48,30","","101,91","","","","","","Dégagé"
"1993-08-30 08:00","1993","08","30","08:00"," ","16,40","","10,70","","69,00","","30,00","","7,00","","48,30","","101,91","","","","","","Dégagé"
"1993-08-30 09:00","1993","08","30","09:00"," ","18,50","","10,40","","59,00","","29,00","","7,00","","72,40","","101,91","","","","","","Dégagé"
"1993-08-30 10:00","1993","08","30","10:00"," ","20,20","","11,60","","58,00","","2,00","","9,00","","72,40","","101,88","","","","","","Dégagé"
"1993-08-30 11:00","1993","08","30","11:00"," ","21,00","","12,00","","56,00","","3,00","","13,00","","72,40","","101,84","","","","","","Généralement dégagé"
"1993-08-30 12:00","1993","08","30","12:00"," ","22,10","","12,30","","54,00","","5,00","","9,00","","72,40","","101,78","","25,00","","","","Généralement dégagé"
"1993-08-30 13:00","1993","08","30","13:00"," ","23,10","","12,50","","51,00","","3,00","","9,00","","72,40","","101,74","","26,00","","","","Généralement nuageux"
"1993-08-30 14:00","1993","08","30","14:00"," ","24,10","","11,60","","46,00","","6,00","","9,00","","72,40","","101,68","","26,00","","","","Généralement nuageux"
"1993-08-30 15:00","1993","08","30","15:00"," ","24,40","","10,20","","41,00","","3,00","","7,00","","72,40","","101,57","","26,00","","","","Nuageux"
"1993-08-30 16:00","1993","08","30","16:00"," ","24,70","","11,60","","44,00","","3,00","","7,00","","72,40","","101,54","","27,00","","","","Nuageux"
"1993-08-30 17:00","1993","08","30","17:00"," ","23,10","","11,60","","48,00","","8,00","","6,00","","72,40","","101,51","","25,00","","","","Nuageux"
"1993-08-30 18:00","1993","08","30","18:00"," ","20,70","","10,70","","53,00","","7,00","","6,00","","72,40","","101,44","","","","","","Nuageux"
"1993-08-30 19:00","1993","08","30","19:00"," ","16,90","","10,40","","66,00","","16,00","","2,00","","72,40","","101,44","","","","","","Nuageux"
"1993-08-30 20:00","1993","08","30","20:00"," ","14,60","","9,90","","73,00","","22,00","","4,00","","72,40","","101,44","","","","","","Nuageux"
"1993-08-30 21:00","1993","08","30","21:00"," ","12,40","","9,50","","83,00","","27,00","","4,00","","72,40","","101,41","","","","","","Généralement nuageux"
"1993-08-30 22:00","1993","08","30","22:00"," ","12,30","","9,20","","82,00","","26,00","","4,00","","72,40","","101,41","","","","","","Généralement dégagé"
"1993-08-30 23:00","1993","08","30","23:00"," ","10,50","","9,20","","92,00","","25,00","","7,00","","48,30","","101,44","","","","","","Dégagé"
"1993-08-31 00:00","1993","08","31","00:00"," ","10,50","","9,20","","92,00","","24,00","","9,00","","48,30","","101,44","","","","","","Dégagé"
"1993-08-31 01:00","1993","08","31","01:00"," ","11,10","","9,50","","90,00","","24,00","","13,00","","48,30","","101,41","","","","","","Généralement dégagé"
"1993-08-31 02:00","1993","08","31","02:00"," ","10,10","","8,60","","90,00","","24,00","","11,00","","48,30","","101,41","","","","","","Généralement dégagé"
"1993-08-31 03:00","1993","08","31","03:00"," ","10,60","","9,20","","91,00","","27,00","","7,00","","48,30","","101,34","","","","","","Généralement dégagé"
"1993-08-31 04:00","1993","08","31","04:00"," ","10,70","","9,10","","90,00","","24,00","","7,00","","48,30","","101,34","","","","","","Généralement dégagé"
"1993-08-31 05:00","1993","08","31","05:00"," ","9,90","","8,70","","92,00","","26,00","","7,00","","48,30","","101,34","","","","","","Généralement nuageux"
"1993-08-31 06:00","1993","08","31","06:00"," ","10,30","","9,00","","92,00","","25,00","","7,00","","48,30","","101,34","","","","","","Nuageux"
"1993-08-31 07:00","1993","08","31","07:00"," ","12,30","","10,60","","90,00","","28,00","","4,00","","48,30","","101,34","","","","","","Nuageux"
"1993-08-31 08:00","1993","08","31","08:00"," ","13,70","","10,10","","79,00","","29,00","","4,00","","48,30","","101,30","","","","","","Nuageux"
"1993-08-31 09:00","1993","08","31","09:00"," ","15,40","","10,20","","71,00","","25,00","","4,00","","48,30","","101,30","","","","","","Nuageux"
"1993-08-31 10:00","1993","08","31","10:00"," ","18,90","","10,10","","57,00","","5,00","","6,00","","48,30","","101,27","","","","","","Nuageux"
"1993-08-31 11:00","1993","08","31","11:00"," ","20,60","","11,60","","56,00","","4,00","","7,00","","72,40","","101,20","","","","","","Généralement nuageux"
"1993-08-31 12:00","1993","08","31","12:00"," ","20,10","","12,20","","61,00","","8,00","","9,00","","72,40","","101,20","","","","","","Nuageux"
"1993-08-31 13:00","1993","08","31","13:00"," ","21,10","","12,50","","58,00","","11,00","","4,00","","72,40","","101,13","","","","","","Généralement nuageux"
"1993-08-31 14:00","1993","08","31","14:00"," ","21,00","","12,90","","60,00","","9,00","","9,00","","72,40","","101,10","","","","","","Généralement nuageux"
"1993-08-31 15:00","1993","08","31","15:00"," ","21,90","","12,40","","55,00","","10,00","","6,00","","72,40","","101,00","","","","","","Généralement nuageux"
"1993-08-31 16:00","1993","08","31","16:00"," ","20,80","","12,30","","58,00","","11,00","","9,00","","72,40","","100,93","","","","","","Généralement nuageux"
"1993-08-31 17:00","1993","08","31","17:00"," ","20,10","","12,00","","60,00","","12,00","","7,00","","72,40","","100,90","","","","","","Nuageux"
"1993-08-31 18:00","1993","08","31","18:00"," ","18,10","","11,90","","67,00","","12,00","","6,00","","72,40","","100,86","","","","","","Nuageux"
"1993-08-31 19:00","1993","08","31","19:00"," ","16,90","","11,80","","72,00","","9,00","","2,00","","72,40","","100,90","","","","","","Nuageux"
"1993-08-31 20:00","1993","08","31","20:00"," ","13,80","","11,10","","84,00","","0,00","","0,00","","48,30","","100,93","","","","","","Nuageux"
"1993-08-31 21:00","1993","08","31","21:00"," ","13,60","","11,50","","87,00","","0,00","","0,00","","48,30","","100,93","","","","","","Nuageux"
"1993-08-31 22:00","1993","08","31","22:00"," ","12,10","","10,80","","92,00","","28,00","","6,00","","48,30","","100,97","","","","","","Nuageux"
"1993-08-31 23:00","1993","08","31","23:00"," ","11,90","","10,90","","94,00","","27,00","","6,00","","48,30","","100,97","","","","","","Nuageux"
