"Nom de la Station","SAULT STE MARIE A"
"Province","ONTARIO"
"Latitude","46,48"
"Longitude","-84,51"
"Altitude","192,00"
"Identification Climat","6057592"
"Identification OMM","71260"
"Identification TC","YAM"
"Toutes les heures sont exprimées en heure normale locale (HNL). Pour convertir l'heure locale en heure avancée de l'Est (HAE), ajoutez 1 heure s'il y a lieu."

"Légende"
"M","Données Manquantes"
"E","Valeur Estimée"
"ND","Non Disponible"
"**","Données fournies par un partenaire, non assujetties à un révision par les Archives climatiques nationales du Canada"

"Date/Heure","Année","Mois","Jour","Heure","Qualité des Données","Temp (°C)","Temp Indicateur","Point de rosée (°C)","Point de rosée Indicateur","Hum. rel (%)","Hum. rel. Indicateur","Dir. du vent (10s deg)","Dir. du vent Indicateur","Vit. du vent (km/h)","Vit. du vent Indicateur","Visibilité (km)","Visibilité Indicateur","Pression à la station (kPa)","Pression à la station Indicateur","Hmdx","Hmdx Indicateur","Refroid. éolien","Refroid. éolien Indicateur","Temps"
"1982-08-01 00:00","1982","08","01","00:00"," ","17,60","","16,40","","93,00","","23,00","","11,00","","24,10","","98,77","","","","","","Généralement nuageux"
"1982-08-01 01:00","1982","08","01","01:00"," ","17,40","","16,40","","94,00","","21,00","","4,00","","24,10","","98,70","","","","","","Généralement nuageux"
"1982-08-01 02:00","1982","08","01","02:00"," ","17,20","","16,40","","95,00","","23,00","","13,00","","24,10","","98,64","","","","","","Généralement dégagé"
"1982-08-01 03:00","1982","08","01","03:00"," ","17,50","","16,30","","93,00","","24,00","","7,00","","24,10","","98,64","","","","","","Généralement dégagé"
"1982-08-01 04:00","1982","08","01","04:00"," ","16,90","","16,10","","95,00","","22,00","","7,00","","24,10","","98,64","","","","","","Nuageux"
"1982-08-01 05:00","1982","08","01","05:00"," ","16,90","","16,10","","95,00","","22,00","","7,00","","12,90","","98,64","","","","","","Nuageux"
"1982-08-01 06:00","1982","08","01","06:00"," ","17,10","","16,30","","95,00","","22,00","","7,00","","12,90","","98,70","","","","","","Nuageux"
"1982-08-01 07:00","1982","08","01","07:00"," ","18,00","","16,80","","93,00","","8,00","","2,00","","11,30","","98,74","","","","","","Nuageux"
"1982-08-01 08:00","1982","08","01","08:00"," ","18,10","","17,00","","93,00","","9,00","","2,00","","11,30","","98,77","","","","","","Nuageux"
"1982-08-01 09:00","1982","08","01","09:00"," ","19,70","","17,40","","86,00","","30,00","","2,00","","9,70","","98,80","","","","","","Brume sèche"
"1982-08-01 10:00","1982","08","01","10:00"," ","19,70","","17,00","","84,00","","31,00","","13,00","","8,00","","98,84","","","","","","Brume sèche"
"1982-08-01 11:00","1982","08","01","11:00"," ","18,80","","16,40","","86,00","","30,00","","11,00","","8,00","","98,87","","","","","","Brume sèche"
"1982-08-01 12:00","1982","08","01","12:00"," ","17,50","","15,30","","87,00","","29,00","","20,00","","4,80","","98,94","","","","","","Brouillard,Brume sèche"
"1982-08-01 13:00","1982","08","01","13:00"," ","18,30","","15,60","","84,00","","30,00","","15,00","","8,00","","98,94","","","","","","Brouillard,Brume sèche"
"1982-08-01 14:00","1982","08","01","14:00"," ","17,40","","14,20","","82,00","","5,00","","17,00","","12,90","","99,00","","","","","","Nuageux"
"1982-08-01 15:00","1982","08","01","15:00"," ","16,80","","13,10","","79,00","","7,00","","19,00","","24,10","","99,04","","","","","","Nuageux"
"1982-08-01 16:00","1982","08","01","16:00"," ","16,40","","12,60","","78,00","","7,00","","15,00","","24,10","","99,07","","","","","","Nuageux"
"1982-08-01 17:00","1982","08","01","17:00"," ","16,10","","12,20","","78,00","","7,00","","15,00","","24,10","","99,07","","","","","","Nuageux"
"1982-08-01 18:00","1982","08","01","18:00"," ","15,70","","12,10","","79,00","","9,00","","9,00","","24,10","","99,14","","","","","","Nuageux"
"1982-08-01 19:00","1982","08","01","19:00"," ","15,50","","11,80","","79,00","","10,00","","6,00","","24,10","","99,14","","","","","","Nuageux"
"1982-08-01 20:00","1982","08","01","20:00"," ","15,20","","11,30","","77,00","","9,00","","20,00","","24,10","","99,10","","","","","","Nuageux"
"1982-08-01 21:00","1982","08","01","21:00"," ","14,50","","10,50","","77,00","","10,00","","22,00","","24,10","","99,17","","","","","","Nuageux"
"1982-08-01 22:00","1982","08","01","22:00"," ","14,40","","9,90","","74,00","","11,00","","11,00","","24,10","","99,24","","","","","","Nuageux"
"1982-08-01 23:00","1982","08","01","23:00"," ","14,00","","9,80","","76,00","","12,00","","9,00","","24,10","","99,27","","","","","","Nuageux"
"1982-08-02 00:00","1982","08","02","00:00"," ","13,70","","10,30","","80,00","","12,00","","11,00","","24,10","","99,27","","","","","","Nuageux"
"1982-08-02 01:00","1982","08","02","01:00"," ","14,00","","10,00","","77,00","","10,00","","17,00","","24,10","","99,24","","","","","","Nuageux"
"1982-08-02 02:00","1982","08","02","02:00"," ","14,20","","9,70","","74,00","","10,00","","22,00","","24,10","","99,17","","","","","","Nuageux"
"1982-08-02 03:00","1982","08","02","03:00"," ","13,80","","9,70","","77,00","","8,00","","19,00","","24,10","","99,20","","","","","","Nuageux"
"1982-08-02 04:00","1982","08","02","04:00"," ","14,00","","9,70","","75,00","","11,00","","17,00","","24,10","","99,24","","","","","","Nuageux"
"1982-08-02 05:00","1982","08","02","05:00"," ","14,00","","8,90","","71,00","","10,00","","20,00","","24,10","","99,27","","","","","","Nuageux"
"1982-08-02 06:00","1982","08","02","06:00"," ","13,50","","9,20","","75,00","","10,00","","13,00","","24,10","","99,34","","","","","","Généralement nuageux"
"1982-08-02 07:00","1982","08","02","07:00"," ","14,10","","8,90","","71,00","","8,00","","11,00","","24,10","","99,34","","","","","","Généralement nuageux"
"1982-08-02 08:00","1982","08","02","08:00"," ","14,30","","8,10","","66,00","","8,00","","19,00","","24,10","","99,34","","","","","","Généralement dégagé"
"1982-08-02 09:00","1982","08","02","09:00"," ","16,10","","8,60","","61,00","","8,00","","19,00","","24,10","","99,44","","","","","","Généralement nuageux"
"1982-08-02 10:00","1982","08","02","10:00"," ","16,80","","8,90","","60,00","","16,00","","13,00","","24,10","","99,44","","","","","","Généralement nuageux"
"1982-08-02 11:00","1982","08","02","11:00"," ","18,10","","9,40","","57,00","","7,00","","13,00","","24,10","","99,44","","","","","","Nuageux"
"1982-08-02 12:00","1982","08","02","12:00"," ","17,80","","9,60","","59,00","","8,00","","9,00","","24,10","","99,37","","","","","","Nuageux"
"1982-08-02 13:00","1982","08","02","13:00"," ","18,90","","9,80","","55,00","","9,00","","6,00","","25,00","","99,37","","","","","","Généralement dégagé"
"1982-08-02 14:00","1982","08","02","14:00"," ","20,60","","9,50","","49,00","","9,00","","4,00","","25,00","","99,34","","","","","","Généralement dégagé"
"1982-08-02 15:00","1982","08","02","15:00"," ","22,00","","10,20","","47,00","","18,00","","11,00","","25,00","","99,24","","","","","","Généralement nuageux"
"1982-08-02 16:00","1982","08","02","16:00"," ","21,50","","9,80","","47,00","","18,00","","11,00","","25,00","","99,24","","","","","","Généralement nuageux"
"1982-08-02 17:00","1982","08","02","17:00"," ","21,80","","9,50","","46,00","","0,00","","0,00","","25,00","","99,27","","","","","","Généralement nuageux"
"1982-08-02 18:00","1982","08","02","18:00"," ","20,10","","13,00","","64,00","","24,00","","19,00","","25,00","","99,34","","","","","","Nuageux"
"1982-08-02 19:00","1982","08","02","19:00"," ","18,70","","12,70","","68,00","","18,00","","9,00","","25,00","","99,24","","","","","","Nuageux"
"1982-08-02 20:00","1982","08","02","20:00"," ","17,60","","13,00","","74,00","","19,00","","9,00","","24,10","","99,27","","","","","","Nuageux"
"1982-08-02 21:00","1982","08","02","21:00"," ","16,20","","12,10","","77,00","","25,00","","4,00","","24,10","","99,37","","","","","","Généralement nuageux"
"1982-08-02 22:00","1982","08","02","22:00"," ","15,80","","11,90","","78,00","","12,00","","4,00","","24,10","","99,37","","","","","","Nuageux"
"1982-08-02 23:00","1982","08","02","23:00"," ","15,20","","11,70","","80,00","","12,00","","4,00","","24,10","","99,37","","","","","","Nuageux"
"1982-08-03 00:00","1982","08","03","00:00"," ","15,40","","12,30","","82,00","","10,00","","4,00","","24,10","","99,40","","","","","","Averses de pluie"
"1982-08-03 01:00","1982","08","03","01:00"," ","13,60","","13,10","","97,00","","13,00","","7,00","","24,10","","99,27","","","","","","Averses de pluie"
"1982-08-03 02:00","1982","08","03","02:00"," ","14,20","","13,40","","95,00","","13,00","","7,00","","24,10","","99,17","","","","","","Averses de pluie"
"1982-08-03 03:00","1982","08","03","03:00"," ","14,00","","13,30","","95,00","","12,00","","7,00","","24,10","","99,17","","","","","","Généralement nuageux"
"1982-08-03 04:00","1982","08","03","04:00"," ","13,90","","12,80","","93,00","","12,00","","15,00","","24,10","","99,10","","","","","","Nuageux"
"1982-08-03 05:00","1982","08","03","05:00"," ","14,60","","12,60","","88,00","","10,00","","17,00","","16,10","","99,10","","","","","","Averses de pluie"
"1982-08-03 06:00","1982","08","03","06:00"," ","14,10","","12,90","","92,00","","12,00","","17,00","","9,70","","99,07","","","","","","Averses de pluie"
"1982-08-03 07:00","1982","08","03","07:00"," ","14,20","","13,80","","97,00","","11,00","","17,00","","8,00","","99,14","","","","","","Orages,Averses de pluie,Brouillard"
"1982-08-03 08:00","1982","08","03","08:00"," ","14,50","","14,00","","97,00","","9,00","","22,00","","4,00","","99,07","","","","","","Orages,Averses de pluie,Brouillard"
"1982-08-03 09:00","1982","08","03","09:00"," ","14,60","","14,10","","97,00","","15,00","","26,00","","3,20","","98,97","","","","","","Orages,Averses de pluie modérées,Brouillard"
"1982-08-03 10:00","1982","08","03","10:00"," ","15,20","","14,90","","98,00","","9,00","","19,00","","11,30","","98,94","","","","","","Averses de pluie"
"1982-08-03 11:00","1982","08","03","11:00"," ","15,20","","14,80","","97,00","","9,00","","22,00","","2,40","","98,94","","","","","","Orages,Averses de pluie forte,Brouillard"
"1982-08-03 12:00","1982","08","03","12:00"," ","15,40","","15,40","","100,00","","10,00","","22,00","","6,40","","98,87","","","","","","Averses de pluie,Brouillard"
"1982-08-03 13:00","1982","08","03","13:00"," ","16,70","","16,00","","96,00","","14,00","","22,00","","24,10","","98,67","","","","","","Nuageux"
"1982-08-03 14:00","1982","08","03","14:00"," ","17,40","","16,30","","93,00","","13,00","","15,00","","24,10","","98,77","","","","","","Nuageux"
"1982-08-03 15:00","1982","08","03","15:00"," ","17,30","","16,30","","94,00","","10,00","","17,00","","24,10","","98,70","","","","","","Nuageux"
"1982-08-03 16:00","1982","08","03","16:00"," ","17,10","","16,30","","95,00","","10,00","","19,00","","25,00","","98,74","","","","","","Nuageux"
"1982-08-03 17:00","1982","08","03","17:00"," ","17,30","","16,20","","94,00","","10,00","","19,00","","16,10","","98,74","","","","","","Nuageux"
"1982-08-03 18:00","1982","08","03","18:00"," ","17,30","","16,40","","95,00","","10,00","","19,00","","12,90","","98,74","","","","","","Nuageux"
"1982-08-03 19:00","1982","08","03","19:00"," ","17,40","","16,30","","93,00","","10,00","","17,00","","12,90","","98,74","","","","","","Nuageux"
"1982-08-03 20:00","1982","08","03","20:00"," ","17,20","","16,50","","96,00","","9,00","","15,00","","12,90","","98,74","","","","","","Nuageux"
"1982-08-03 21:00","1982","08","03","21:00"," ","17,20","","16,60","","96,00","","10,00","","15,00","","6,40","","98,77","","","","","","Brouillard"
"1982-08-03 22:00","1982","08","03","22:00"," ","17,30","","17,00","","98,00","","11,00","","15,00","","4,00","","98,77","","","","","","Brouillard"
"1982-08-03 23:00","1982","08","03","23:00"," ","17,30","","17,00","","98,00","","12,00","","9,00","","3,20","","98,84","","","","","","Bruine,Brouillard"
"1982-08-04 00:00","1982","08","04","00:00"," ","16,60","","16,40","","99,00","","11,00","","15,00","","1,60","","98,87","","","","","","Bruine,Brouillard"
"1982-08-04 01:00","1982","08","04","01:00"," ","16,00","","15,90","","99,00","","12,00","","17,00","","1,60","","98,84","","","","","","Brouillard"
"1982-08-04 02:00","1982","08","04","02:00"," ","15,90","","15,70","","99,00","","11,00","","13,00","","1,60","","98,84","","","","","","Bruine,Brouillard"
"1982-08-04 03:00","1982","08","04","03:00"," ","15,70","","15,70","","100,00","","12,00","","11,00","","1,60","","98,84","","","","","","Bruine,Brouillard"
"1982-08-04 04:00","1982","08","04","04:00"," ","15,60","","15,60","","100,00","","8,00","","6,00","","1,60","","98,84","","","","","","Bruine,Brouillard"
"1982-08-04 05:00","1982","08","04","05:00"," ","15,60","","15,60","","100,00","","9,00","","4,00","","1,60","","98,87","","","","","","Bruine,Brouillard"
"1982-08-04 06:00","1982","08","04","06:00"," ","15,60","","15,60","","100,00","","0,00","","0,00","","2,00","","98,94","","","","","","Bruine,Brouillard"
"1982-08-04 07:00","1982","08","04","07:00"," ","15,70","","15,70","","100,00","","0,00","","0,00","","1,60","","98,97","","","","","","Bruine,Brouillard"
"1982-08-04 08:00","1982","08","04","08:00"," ","16,00","","15,70","","98,00","","0,00","","0,00","","2,00","","99,04","","","","","","Bruine,Brouillard"
"1982-08-04 09:00","1982","08","04","09:00"," ","16,20","","16,00","","99,00","","0,00","","0,00","","3,20","","99,07","","","","","","Bruine,Brouillard"
"1982-08-04 10:00","1982","08","04","10:00"," ","17,00","","16,10","","95,00","","30,00","","6,00","","3,20","","99,10","","","","","","Bruine,Brouillard"
"1982-08-04 11:00","1982","08","04","11:00"," ","17,00","","16,00","","94,00","","34,00","","6,00","","4,80","","99,17","","","","","","Bruine,Brouillard"
"1982-08-04 12:00","1982","08","04","12:00"," ","17,80","","16,10","","90,00","","28,00","","11,00","","16,10","","99,20","","","","","","Généralement nuageux"
"1982-08-04 13:00","1982","08","04","13:00"," ","18,80","","15,60","","82,00","","30,00","","22,00","","24,10","","99,24","","","","","","Généralement nuageux"
"1982-08-04 14:00","1982","08","04","14:00"," ","18,00","","15,30","","84,00","","30,00","","22,00","","19,30","","99,27","","","","","","Généralement nuageux"
"1982-08-04 15:00","1982","08","04","15:00"," ","19,50","","15,80","","79,00","","31,00","","22,00","","24,10","","99,34","","","","","","Généralement nuageux"
"1982-08-04 16:00","1982","08","04","16:00"," ","17,80","","15,10","","84,00","","30,00","","28,00","","24,10","","99,37","","","","","","Généralement nuageux"
"1982-08-04 17:00","1982","08","04","17:00"," ","16,80","","14,70","","88,00","","30,00","","30,00","","1,60","","99,44","","","","","","Brouillard"
"1982-08-04 18:00","1982","08","04","18:00"," ","17,80","","15,30","","85,00","","32,00","","22,00","","24,10","","99,44","","","","","","Généralement dégagé"
"1982-08-04 19:00","1982","08","04","19:00"," ","17,10","","14,90","","87,00","","28,00","","22,00","","25,00","","99,44","","","","","","Généralement dégagé"
"1982-08-04 20:00","1982","08","04","20:00"," ","14,10","","13,50","","96,00","","28,00","","22,00","","0,80","","99,47","","","","","","Brouillard"
"1982-08-04 21:00","1982","08","04","21:00"," ","13,70","","13,70","","100,00","","30,00","","22,00","","0,40","","99,54","","","","","","Brouillard"
"1982-08-04 22:00","1982","08","04","22:00"," ","13,10","","13,10","","100,00","","30,00","","19,00","","0,20","","99,54","","","","","","Brouillard"
"1982-08-04 23:00","1982","08","04","23:00"," ","13,00","","13,00","","100,00","","31,00","","15,00","","1,20","","99,60","","","","","","Brouillard"
"1982-08-05 00:00","1982","08","05","00:00"," ","12,60","","12,60","","100,00","","31,00","","15,00","","1,20","","99,67","","","","","","Brouillard"
"1982-08-05 01:00","1982","08","05","01:00"," ","12,40","","12,40","","100,00","","34,00","","7,00","","1,20","","99,70","","","","","","Brouillard"
"1982-08-05 02:00","1982","08","05","02:00"," ","12,10","","12,10","","100,00","","32,00","","6,00","","1,20","","99,77","","","","","","Brouillard"
"1982-08-05 03:00","1982","08","05","03:00"," ","12,10","","12,10","","100,00","","31,00","","11,00","","1,20","","99,77","","","","","","Brouillard"
"1982-08-05 04:00","1982","08","05","04:00"," ","11,60","","11,60","","100,00","","0,00","","0,00","","0,40","","99,83","","","","","","Brouillard"
"1982-08-05 05:00","1982","08","05","05:00"," ","10,30","","10,30","","100,00","","0,00","","0,00","","0,80","","99,87","","","","","","Brouillard"
"1982-08-05 06:00","1982","08","05","06:00"," ","10,30","","10,30","","100,00","","0,00","","0,00","","24,10","","99,93","","","","","","Généralement dégagé"
"1982-08-05 07:00","1982","08","05","07:00"," ","12,80","","12,30","","97,00","","33,00","","2,00","","25,00","","99,93","","","","","","Généralement dégagé"
"1982-08-05 08:00","1982","08","05","08:00"," ","16,40","","14,00","","86,00","","9,00","","6,00","","25,00","","99,97","","","","","","Généralement dégagé"
"1982-08-05 09:00","1982","08","05","09:00"," ","17,90","","14,50","","81,00","","9,00","","9,00","","25,00","","99,97","","","","","","Généralement dégagé"
"1982-08-05 10:00","1982","08","05","10:00"," ","19,60","","15,50","","77,00","","6,00","","7,00","","25,00","","100,03","","","","","","Généralement nuageux"
"1982-08-05 11:00","1982","08","05","11:00"," ","20,20","","15,20","","73,00","","15,00","","6,00","","25,00","","100,03","","","","","","Généralement nuageux"
"1982-08-05 12:00","1982","08","05","12:00"," ","22,30","","16,60","","70,00","","18,00","","11,00","","25,00","","100,03","","27,00","","","","Généralement nuageux"
"1982-08-05 13:00","1982","08","05","13:00"," ","21,90","","16,60","","72,00","","21,00","","9,00","","25,00","","100,03","","27,00","","","","Généralement nuageux"
"1982-08-05 14:00","1982","08","05","14:00"," ","22,70","","16,70","","69,00","","25,00","","9,00","","25,00","","100,03","","28,00","","","","Généralement nuageux"
"1982-08-05 15:00","1982","08","05","15:00"," ","24,20","","15,70","","59,00","","18,00","","7,00","","25,00","","100,03","","29,00","","","","Généralement nuageux"
"1982-08-05 16:00","1982","08","05","16:00"," ","24,40","","15,80","","59,00","","12,00","","6,00","","25,00","","100,03","","29,00","","","","Généralement nuageux"
"1982-08-05 17:00","1982","08","05","17:00"," ","23,60","","16,00","","62,00","","13,00","","7,00","","25,00","","100,00","","28,00","","","","Généralement nuageux"
"1982-08-05 18:00","1982","08","05","18:00"," ","24,00","","16,40","","63,00","","17,00","","4,00","","25,00","","99,97","","29,00","","","","Généralement dégagé"
"1982-08-05 19:00","1982","08","05","19:00"," ","22,90","","16,80","","69,00","","15,00","","4,00","","25,00","","99,97","","28,00","","","","Généralement nuageux"
"1982-08-05 20:00","1982","08","05","20:00"," ","20,30","","17,30","","83,00","","18,00","","4,00","","25,00","","99,97","","26,00","","","","Généralement nuageux"
"1982-08-05 21:00","1982","08","05","21:00"," ","17,90","","16,40","","91,00","","18,00","","7,00","","24,10","","100,03","","","","","","Généralement dégagé"
"1982-08-05 22:00","1982","08","05","22:00"," ","17,80","","16,60","","93,00","","0,00","","0,00","","24,10","","100,07","","","","","","Généralement dégagé"
"1982-08-05 23:00","1982","08","05","23:00"," ","16,70","","16,00","","96,00","","0,00","","0,00","","24,10","","100,07","","","","","","Généralement dégagé"
"1982-08-06 00:00","1982","08","06","00:00"," ","15,70","","15,00","","95,00","","0,00","","0,00","","24,10","","100,07","","","","","","Généralement dégagé"
"1982-08-06 01:00","1982","08","06","01:00"," ","15,40","","15,00","","98,00","","9,00","","4,00","","24,10","","100,07","","","","","","Généralement dégagé"
"1982-08-06 02:00","1982","08","06","02:00"," ","15,30","","14,80","","97,00","","11,00","","2,00","","19,30","","100,07","","","","","","Généralement dégagé"
"1982-08-06 03:00","1982","08","06","03:00"," ","14,20","","13,70","","97,00","","4,00","","4,00","","16,10","","100,07","","","","","","Généralement nuageux"
"1982-08-06 04:00","1982","08","06","04:00"," ","15,10","","14,80","","98,00","","10,00","","7,00","","8,00","","100,07","","","","","","Brouillard"
"1982-08-06 05:00","1982","08","06","05:00"," ","14,60","","14,50","","99,00","","8,00","","6,00","","4,80","","100,07","","","","","","Brouillard"
"1982-08-06 06:00","1982","08","06","06:00"," ","15,00","","14,80","","99,00","","10,00","","7,00","","12,90","","100,07","","","","","","Généralement nuageux"
"1982-08-06 07:00","1982","08","06","07:00"," ","15,20","","14,60","","96,00","","9,00","","9,00","","16,10","","100,07","","","","","","Généralement nuageux"
"1982-08-06 08:00","1982","08","06","08:00"," ","16,70","","15,50","","93,00","","8,00","","11,00","","24,10","","100,10","","","","","","Généralement nuageux"
"1982-08-06 09:00","1982","08","06","09:00"," ","19,00","","16,40","","85,00","","12,00","","11,00","","24,10","","100,10","","","","","","Généralement dégagé"
"1982-08-06 10:00","1982","08","06","10:00"," ","21,60","","16,80","","74,00","","16,00","","11,00","","25,00","","100,07","","27,00","","","","Généralement nuageux"
"1982-08-06 11:00","1982","08","06","11:00"," ","22,40","","16,70","","70,00","","13,00","","9,00","","25,00","","100,07","","27,00","","","","Généralement nuageux"
"1982-08-06 12:00","1982","08","06","12:00"," ","23,00","","17,00","","69,00","","9,00","","9,00","","25,00","","100,03","","28,00","","","","Généralement nuageux"
"1982-08-06 13:00","1982","08","06","13:00"," ","24,50","","18,20","","68,00","","22,00","","9,00","","19,30","","100,00","","31,00","","","","Généralement nuageux"
"1982-08-06 14:00","1982","08","06","14:00"," ","25,10","","18,00","","65,00","","28,00","","7,00","","19,30","","99,97","","31,00","","","","Généralement nuageux"
"1982-08-06 15:00","1982","08","06","15:00"," ","26,50","","18,40","","61,00","","31,00","","6,00","","19,30","","99,93","","33,00","","","","Nuageux"
"1982-08-06 16:00","1982","08","06","16:00"," ","25,60","","17,90","","62,00","","30,00","","15,00","","19,30","","99,93","","32,00","","","","Nuageux"
"1982-08-06 17:00","1982","08","06","17:00"," ","21,40","","16,80","","75,00","","31,00","","20,00","","11,30","","99,97","","27,00","","","","Nuageux"
"1982-08-06 18:00","1982","08","06","18:00"," ","19,90","","16,20","","79,00","","30,00","","13,00","","11,30","","99,97","","","","","","Nuageux"
"1982-08-06 19:00","1982","08","06","19:00"," ","18,80","","16,00","","84,00","","27,00","","11,00","","9,70","","99,87","","","","","","Brouillard"
"1982-08-06 20:00","1982","08","06","20:00"," ","16,60","","15,50","","93,00","","31,00","","17,00","","3,20","","99,87","","","","","","Brouillard"
"1982-08-06 21:00","1982","08","06","21:00"," ","16,90","","15,20","","90,00","","0,00","","0,00","","3,20","","99,87","","","","","","Brouillard"
"1982-08-06 22:00","1982","08","06","22:00"," ","16,40","","15,50","","94,00","","33,00","","7,00","","4,80","","99,90","","","","","","Brouillard"
"1982-08-06 23:00","1982","08","06","23:00"," ","16,30","","15,40","","94,00","","33,00","","6,00","","12,90","","99,90","","","","","","Nuageux"
"1982-08-07 00:00","1982","08","07","00:00"," ","16,60","","15,40","","93,00","","29,00","","7,00","","8,00","","99,87","","","","","","Brouillard"
"1982-08-07 01:00","1982","08","07","01:00"," ","16,20","","15,60","","96,00","","31,00","","13,00","","6,40","","99,87","","","","","","Brouillard"
"1982-08-07 02:00","1982","08","07","02:00"," ","16,30","","15,60","","96,00","","30,00","","13,00","","4,00","","99,83","","","","","","Brouillard"
"1982-08-07 03:00","1982","08","07","03:00"," ","15,90","","15,30","","96,00","","33,00","","7,00","","4,00","","99,83","","","","","","Brouillard"
"1982-08-07 04:00","1982","08","07","04:00"," ","15,70","","15,10","","96,00","","0,00","","0,00","","4,80","","99,83","","","","","","Brouillard"
"1982-08-07 05:00","1982","08","07","05:00"," ","15,80","","15,00","","95,00","","0,00","","0,00","","8,00","","99,80","","","","","","Brouillard"
"1982-08-07 06:00","1982","08","07","06:00"," ","15,60","","15,00","","96,00","","31,00","","22,00","","2,40","","99,90","","","","","","Brouillard"
"1982-08-07 07:00","1982","08","07","07:00"," ","15,60","","15,30","","98,00","","23,00","","7,00","","16,10","","99,77","","","","","","Averses de pluie"
"1982-08-07 08:00","1982","08","07","08:00"," ","15,80","","15,30","","97,00","","21,00","","4,00","","4,80","","99,73","","","","","","Brouillard"
"1982-08-07 09:00","1982","08","07","09:00"," ","16,20","","16,00","","99,00","","28,00","","7,00","","16,10","","99,73","","","","","","Généralement nuageux"
"1982-08-07 10:00","1982","08","07","10:00"," ","17,40","","16,00","","92,00","","26,00","","4,00","","25,00","","99,67","","","","","","Généralement nuageux"
"1982-08-07 11:00","1982","08","07","11:00"," ","20,00","","16,30","","79,00","","26,00","","4,00","","25,00","","99,64","","25,00","","","","Généralement nuageux"
"1982-08-07 12:00","1982","08","07","12:00"," ","22,40","","15,50","","65,00","","14,00","","7,00","","25,00","","99,60","","27,00","","","","Généralement nuageux"
"1982-08-07 13:00","1982","08","07","13:00"," ","24,30","","13,00","","49,00","","10,00","","4,00","","25,00","","99,57","","27,00","","","","Nuageux"
"1982-08-07 14:00","1982","08","07","14:00"," ","26,60","","16,20","","53,00","","21,00","","7,00","","25,00","","99,47","","31,00","","","","Généralement nuageux"
"1982-08-07 15:00","1982","08","07","15:00"," ","26,40","","16,00","","53,00","","13,00","","6,00","","24,10","","99,40","","31,00","","","","Généralement nuageux"
"1982-08-07 16:00","1982","08","07","16:00"," ","24,90","","17,00","","62,00","","8,00","","13,00","","24,10","","99,34","","30,00","","","","Généralement nuageux"
"1982-08-07 17:00","1982","08","07","17:00"," ","24,50","","16,40","","61,00","","9,00","","7,00","","24,10","","99,30","","29,00","","","","Nuageux"
"1982-08-07 18:00","1982","08","07","18:00"," ","25,20","","17,70","","63,00","","21,00","","2,00","","24,10","","99,27","","31,00","","","","Nuageux"
"1982-08-07 19:00","1982","08","07","19:00"," ","22,70","","16,30","","67,00","","31,00","","30,00","","24,10","","99,27","","28,00","","","","Orages"
"1982-08-07 20:00","1982","08","07","20:00"," ","20,60","","16,10","","75,00","","0,00","","0,00","","24,10","","99,17","","25,00","","","","Nuageux"
"1982-08-07 21:00","1982","08","07","21:00"," ","19,20","","16,20","","83,00","","0,00","","0,00","","24,10","","99,20","","","","","","Nuageux"
"1982-08-07 22:00","1982","08","07","22:00"," ","19,20","","16,50","","84,00","","0,00","","0,00","","24,10","","99,17","","","","","","Nuageux"
"1982-08-07 23:00","1982","08","07","23:00"," ","18,80","","16,60","","87,00","","8,00","","4,00","","24,10","","99,07","","","","","","Nuageux"
"1982-08-08 00:00","1982","08","08","00:00"," ","18,60","","16,70","","89,00","","0,00","","0,00","","24,10","","99,07","","","","","","Nuageux"
"1982-08-08 01:00","1982","08","08","01:00"," ","18,90","","16,60","","87,00","","11,00","","6,00","","24,10","","98,97","","","","","","Nuageux"
"1982-08-08 02:00","1982","08","08","02:00"," ","18,60","","17,00","","90,00","","10,00","","6,00","","24,10","","98,90","","","","","","Généralement nuageux"
"1982-08-08 03:00","1982","08","08","03:00"," ","18,20","","17,10","","93,00","","9,00","","6,00","","24,10","","98,77","","","","","","Généralement nuageux"
"1982-08-08 04:00","1982","08","08","04:00"," ","17,60","","16,60","","94,00","","8,00","","7,00","","24,10","","98,70","","","","","","Nuageux"
"1982-08-08 05:00","1982","08","08","05:00"," ","17,60","","16,90","","96,00","","9,00","","9,00","","16,10","","98,64","","","","","","Nuageux"
"1982-08-08 06:00","1982","08","08","06:00"," ","17,80","","17,10","","96,00","","9,00","","7,00","","12,90","","98,64","","","","","","Nuageux"
"1982-08-08 07:00","1982","08","08","07:00"," ","17,90","","17,20","","96,00","","9,00","","11,00","","12,90","","98,54","","","","","","Généralement nuageux"
"1982-08-08 08:00","1982","08","08","08:00"," ","19,80","","17,90","","89,00","","10,00","","11,00","","12,90","","98,50","","","","","","Généralement dégagé"
"1982-08-08 09:00","1982","08","08","09:00"," ","20,80","","19,00","","90,00","","23,00","","11,00","","9,70","","98,44","","28,00","","","","Orages,Averses de pluie,Brouillard"
"1982-08-08 10:00","1982","08","08","10:00"," ","19,80","","18,80","","94,00","","29,00","","11,00","","1,60","","98,44","","","","","","Brouillard"
"1982-08-08 11:00","1982","08","08","11:00"," ","19,60","","17,50","","88,00","","32,00","","26,00","","19,30","","98,44","","","","","","Nuageux"
"1982-08-08 12:00","1982","08","08","12:00"," ","18,90","","14,90","","78,00","","35,00","","22,00","","25,00","","98,44","","","","","","Nuageux"
"1982-08-08 13:00","1982","08","08","13:00"," ","19,20","","14,20","","73,00","","33,00","","24,00","","24,10","","98,44","","","","","","Généralement nuageux"
"1982-08-08 14:00","1982","08","08","14:00"," ","19,00","","13,50","","70,00","","33,00","","24,00","","24,10","","98,44","","","","","","Généralement nuageux"
"1982-08-08 15:00","1982","08","08","15:00"," ","20,50","","13,50","","64,00","","34,00","","28,00","","24,10","","98,44","","","","","","Généralement dégagé"
"1982-08-08 16:00","1982","08","08","16:00"," ","19,30","","13,30","","68,00","","36,00","","24,00","","24,10","","98,40","","","","","","Généralement nuageux"
"1982-08-08 17:00","1982","08","08","17:00"," ","18,20","","12,80","","71,00","","35,00","","20,00","","24,10","","98,44","","","","","","Généralement nuageux"
"1982-08-08 18:00","1982","08","08","18:00"," ","18,30","","12,80","","70,00","","30,00","","9,00","","24,10","","98,44","","","","","","Généralement nuageux"
"1982-08-08 19:00","1982","08","08","19:00"," ","18,00","","12,50","","70,00","","35,00","","13,00","","24,10","","98,40","","","","","","Généralement nuageux"
"1982-08-08 20:00","1982","08","08","20:00"," ","17,40","","12,50","","73,00","","33,00","","4,00","","24,10","","98,37","","","","","","Généralement nuageux"
"1982-08-08 21:00","1982","08","08","21:00"," ","14,20","","12,80","","91,00","","0,00","","0,00","","24,10","","98,37","","","","","","Généralement nuageux"
"1982-08-08 22:00","1982","08","08","22:00"," ","13,80","","13,00","","95,00","","0,00","","0,00","","24,10","","98,37","","","","","","Averses de pluie"
"1982-08-08 23:00","1982","08","08","23:00"," ","14,60","","14,10","","97,00","","0,00","","0,00","","19,30","","98,37","","","","","","Nuageux"
"1982-08-09 00:00","1982","08","09","00:00"," ","14,80","","14,40","","98,00","","0,00","","0,00","","24,10","","98,37","","","","","","Généralement nuageux"
"1982-08-09 01:00","1982","08","09","01:00"," ","14,90","","14,40","","97,00","","0,00","","0,00","","24,10","","98,34","","","","","","Nuageux"
"1982-08-09 02:00","1982","08","09","02:00"," ","14,80","","14,10","","96,00","","27,00","","6,00","","24,10","","98,30","","","","","","Généralement dégagé"
"1982-08-09 03:00","1982","08","09","03:00"," ","12,60","","12,20","","97,00","","0,00","","0,00","","24,10","","98,27","","","","","","Généralement dégagé"
"1982-08-09 04:00","1982","08","09","04:00"," ","14,20","","13,20","","94,00","","28,00","","24,00","","24,10","","98,24","","","","","","Nuageux"
"1982-08-09 05:00","1982","08","09","05:00"," ","14,30","","11,70","","85,00","","29,00","","20,00","","24,10","","98,27","","","","","","Nuageux"
"1982-08-09 06:00","1982","08","09","06:00"," ","14,10","","11,50","","84,00","","29,00","","20,00","","24,10","","98,30","","","","","","Nuageux"
"1982-08-09 07:00","1982","08","09","07:00"," ","14,10","","10,90","","81,00","","28,00","","22,00","","24,10","","98,34","","","","","","Nuageux"
"1982-08-09 08:00","1982","08","09","08:00"," ","14,30","","10,70","","79,00","","28,00","","24,00","","24,10","","98,37","","","","","","Nuageux"
"1982-08-09 09:00","1982","08","09","09:00"," ","13,90","","10,80","","82,00","","27,00","","20,00","","24,10","","98,37","","","","","","Nuageux"
"1982-08-09 10:00","1982","08","09","10:00"," ","14,10","","11,10","","82,00","","28,00","","20,00","","24,10","","98,44","","","","","","Nuageux"
"1982-08-09 11:00","1982","08","09","11:00"," ","14,50","","11,30","","81,00","","28,00","","24,00","","24,10","","98,44","","","","","","Nuageux"
"1982-08-09 12:00","1982","08","09","12:00"," ","12,40","","11,70","","96,00","","29,00","","37,00","","4,00","","98,54","","","","","","Bruine,Brouillard"
"1982-08-09 13:00","1982","08","09","13:00"," ","12,00","","10,30","","89,00","","29,00","","31,00","","19,30","","98,57","","","","","","Bruine"
"1982-08-09 14:00","1982","08","09","14:00"," ","12,00","","9,30","","83,00","","29,00","","37,00","","25,00","","98,64","","","","","","Nuageux"
"1982-08-09 15:00","1982","08","09","15:00"," ","12,20","","8,10","","76,00","","29,00","","35,00","","25,00","","98,67","","","","","","Nuageux"
"1982-08-09 16:00","1982","08","09","16:00"," ","11,80","","7,80","","76,00","","30,00","","33,00","","25,00","","98,74","","","","","","Généralement nuageux"
"1982-08-09 17:00","1982","08","09","17:00"," ","11,50","","7,50","","76,00","","29,00","","37,00","","25,00","","98,77","","","","","","Nuageux"
"1982-08-09 18:00","1982","08","09","18:00"," ","10,90","","7,70","","81,00","","30,00","","37,00","","24,10","","98,80","","","","","","Bruine"
"1982-08-09 19:00","1982","08","09","19:00"," ","10,60","","8,10","","85,00","","30,00","","39,00","","25,00","","98,84","","","","","","Bruine"
"1982-08-09 20:00","1982","08","09","20:00"," ","11,00","","7,80","","81,00","","30,00","","26,00","","25,00","","98,84","","","","","","Nuageux"
"1982-08-09 21:00","1982","08","09","21:00"," ","10,90","","7,80","","81,00","","31,00","","22,00","","24,10","","98,94","","","","","","Nuageux"
"1982-08-09 22:00","1982","08","09","22:00"," ","10,60","","8,00","","84,00","","31,00","","30,00","","24,10","","98,97","","","","","","Nuageux"
"1982-08-09 23:00","1982","08","09","23:00"," ","10,30","","8,20","","87,00","","31,00","","22,00","","24,10","","99,00","","","","","","Nuageux"
"1982-08-10 00:00","1982","08","10","00:00"," ","10,10","","8,10","","87,00","","32,00","","26,00","","24,10","","99,04","","","","","","Nuageux"
"1982-08-10 01:00","1982","08","10","01:00"," ","10,10","","7,90","","86,00","","31,00","","20,00","","24,10","","99,07","","","","","","Nuageux"
"1982-08-10 02:00","1982","08","10","02:00"," ","10,30","","8,00","","86,00","","33,00","","24,00","","24,10","","99,07","","","","","","Généralement nuageux"
"1982-08-10 03:00","1982","08","10","03:00"," ","10,10","","7,70","","85,00","","32,00","","26,00","","24,10","","99,10","","","","","","Généralement nuageux"
"1982-08-10 04:00","1982","08","10","04:00"," ","10,10","","7,40","","83,00","","32,00","","26,00","","24,10","","99,14","","","","","","Nuageux"
"1982-08-10 05:00","1982","08","10","05:00"," ","10,10","","7,40","","83,00","","32,00","","26,00","","24,10","","99,17","","","","","","Nuageux"
"1982-08-10 06:00","1982","08","10","06:00"," ","10,30","","6,80","","79,00","","32,00","","28,00","","25,00","","99,20","","","","","","Nuageux"
"1982-08-10 07:00","1982","08","10","07:00"," ","10,60","","6,50","","76,00","","32,00","","31,00","","25,00","","99,24","","","","","","Généralement nuageux"
"1982-08-10 08:00","1982","08","10","08:00"," ","11,10","","7,70","","80,00","","29,00","","31,00","","25,00","","99,30","","","","","","Généralement nuageux"
"1982-08-10 09:00","1982","08","10","09:00"," ","11,60","","7,30","","75,00","","30,00","","30,00","","25,00","","99,34","","","","","","Généralement nuageux"
"1982-08-10 10:00","1982","08","10","10:00"," ","11,80","","6,70","","71,00","","30,00","","37,00","","25,00","","99,37","","","","","","Généralement nuageux"
"1982-08-10 11:00","1982","08","10","11:00"," ","12,60","","6,50","","66,00","","30,00","","43,00","","25,00","","99,40","","","","","","Généralement nuageux"
"1982-08-10 12:00","1982","08","10","12:00"," ","12,60","","6,90","","68,00","","31,00","","39,00","","25,00","","99,47","","","","","","Généralement nuageux"
"1982-08-10 13:00","1982","08","10","13:00"," ","13,10","","6,70","","65,00","","31,00","","37,00","","25,00","","99,54","","","","","","Généralement dégagé"
"1982-08-10 14:00","1982","08","10","14:00"," ","12,10","","5,30","","63,00","","31,00","","35,00","","25,00","","99,57","","","","","","Généralement nuageux"
"1982-08-10 15:00","1982","08","10","15:00"," ","12,60","","4,80","","59,00","","32,00","","39,00","","25,00","","99,64","","","","","","Généralement dégagé"
"1982-08-10 16:00","1982","08","10","16:00"," ","13,40","","5,70","","60,00","","32,00","","35,00","","25,00","","99,57","","","","","","Généralement dégagé"
"1982-08-10 17:00","1982","08","10","17:00"," ","13,10","","5,40","","59,00","","32,00","","31,00","","25,00","","99,57","","","","","","Généralement dégagé"
"1982-08-10 18:00","1982","08","10","18:00"," ","13,00","","6,00","","62,00","","32,00","","35,00","","25,00","","99,60","","","","","","Généralement dégagé"
"1982-08-10 19:00","1982","08","10","19:00"," ","13,00","","6,20","","63,00","","31,00","","30,00","","25,00","","99,64","","","","","","Généralement dégagé"
"1982-08-10 20:00","1982","08","10","20:00"," ","12,10","","6,60","","69,00","","31,00","","22,00","","25,00","","99,64","","","","","","Généralement nuageux"
"1982-08-10 21:00","1982","08","10","21:00"," ","11,50","","6,80","","73,00","","32,00","","22,00","","24,10","","99,67","","","","","","Généralement nuageux"
"1982-08-10 22:00","1982","08","10","22:00"," ","11,50","","7,10","","74,00","","31,00","","22,00","","24,10","","99,70","","","","","","Généralement nuageux"
"1982-08-10 23:00","1982","08","10","23:00"," ","10,90","","6,60","","75,00","","32,00","","24,00","","24,10","","99,73","","","","","","Généralement nuageux"
"1982-08-11 00:00","1982","08","11","00:00"," ","10,40","","7,00","","80,00","","31,00","","20,00","","24,10","","99,73","","","","","","Généralement nuageux"
"1982-08-11 01:00","1982","08","11","01:00"," ","10,10","","7,40","","83,00","","31,00","","15,00","","24,10","","99,73","","","","","","Généralement nuageux"
"1982-08-11 02:00","1982","08","11","02:00"," ","10,00","","8,00","","87,00","","32,00","","15,00","","24,10","","99,73","","","","","","Généralement nuageux"
"1982-08-11 03:00","1982","08","11","03:00"," ","10,40","","7,80","","84,00","","31,00","","19,00","","24,10","","99,73","","","","","","Généralement dégagé"
"1982-08-11 04:00","1982","08","11","04:00"," ","9,50","","7,30","","86,00","","32,00","","15,00","","24,10","","99,73","","","","","","Généralement dégagé"
"1982-08-11 05:00","1982","08","11","05:00"," ","10,50","","7,80","","83,00","","29,00","","20,00","","24,10","","99,73","","","","","","Généralement dégagé"
"1982-08-11 06:00","1982","08","11","06:00"," ","11,10","","7,70","","80,00","","30,00","","24,00","","25,00","","99,80","","","","","","Généralement dégagé"
"1982-08-11 07:00","1982","08","11","07:00"," ","11,50","","8,70","","83,00","","30,00","","26,00","","24,10","","99,83","","","","","","Généralement nuageux"
"1982-08-11 08:00","1982","08","11","08:00"," ","12,30","","8,80","","79,00","","30,00","","24,00","","24,10","","99,87","","","","","","Généralement nuageux"
"1982-08-11 09:00","1982","08","11","09:00"," ","12,50","","9,20","","80,00","","30,00","","24,00","","24,10","","99,93","","","","","","Généralement nuageux"
"1982-08-11 10:00","1982","08","11","10:00"," ","14,20","","9,00","","71,00","","29,00","","26,00","","24,10","","99,93","","","","","","Généralement dégagé"
"1982-08-11 11:00","1982","08","11","11:00"," ","15,00","","8,60","","66,00","","30,00","","26,00","","24,10","","99,93","","","","","","Généralement dégagé"
"1982-08-11 12:00","1982","08","11","12:00"," ","16,10","","8,60","","61,00","","30,00","","20,00","","25,00","","99,93","","","","","","Généralement dégagé"
"1982-08-11 13:00","1982","08","11","13:00"," ","17,10","","8,10","","55,00","","30,00","","30,00","","25,00","","99,93","","","","","","Généralement dégagé"
"1982-08-11 14:00","1982","08","11","14:00"," ","18,00","","6,10","","46,00","","31,00","","28,00","","25,00","","99,93","","","","","","Généralement nuageux"
"1982-08-11 15:00","1982","08","11","15:00"," ","17,00","","7,10","","52,00","","31,00","","30,00","","25,00","","99,90","","","","","","Généralement nuageux"
"1982-08-11 16:00","1982","08","11","16:00"," ","16,60","","6,30","","50,00","","32,00","","31,00","","25,00","","99,93","","","","","","Généralement nuageux"
"1982-08-11 17:00","1982","08","11","17:00"," ","16,40","","7,30","","55,00","","31,00","","26,00","","25,00","","99,93","","","","","","Généralement nuageux"
"1982-08-11 18:00","1982","08","11","18:00"," ","16,00","","7,40","","57,00","","32,00","","22,00","","25,00","","99,93","","","","","","Généralement dégagé"
"1982-08-11 19:00","1982","08","11","19:00"," ","15,00","","7,20","","60,00","","31,00","","19,00","","25,00","","99,93","","","","","","Généralement nuageux"
"1982-08-11 20:00","1982","08","11","20:00"," ","12,90","","7,30","","69,00","","33,00","","17,00","","25,00","","99,93","","","","","","Généralement nuageux"
"1982-08-11 21:00","1982","08","11","21:00"," ","12,20","","7,40","","72,00","","32,00","","19,00","","24,10","","99,97","","","","","","Généralement nuageux"
"1982-08-11 22:00","1982","08","11","22:00"," ","12,30","","7,60","","73,00","","32,00","","17,00","","24,10","","99,97","","","","","","Nuageux"
"1982-08-11 23:00","1982","08","11","23:00"," ","12,30","","8,40","","77,00","","31,00","","19,00","","24,10","","99,97","","","","","","Généralement nuageux"
"1982-08-12 00:00","1982","08","12","00:00"," ","12,20","","8,70","","79,00","","32,00","","19,00","","24,10","","99,97","","","","","","Généralement dégagé"
"1982-08-12 01:00","1982","08","12","01:00"," ","12,60","","8,60","","77,00","","32,00","","15,00","","24,10","","99,97","","","","","","Généralement dégagé"
"1982-08-12 02:00","1982","08","12","02:00"," ","12,20","","8,00","","75,00","","32,00","","17,00","","24,10","","99,97","","","","","","Généralement nuageux"
"1982-08-12 03:00","1982","08","12","03:00"," ","12,20","","7,40","","72,00","","32,00","","20,00","","24,10","","99,97","","","","","","Généralement nuageux"
"1982-08-12 04:00","1982","08","12","04:00"," ","11,80","","7,40","","74,00","","29,00","","7,00","","24,10","","99,97","","","","","","Généralement dégagé"
"1982-08-12 05:00","1982","08","12","05:00"," ","11,90","","7,20","","73,00","","31,00","","11,00","","24,10","","99,97","","","","","","Généralement nuageux"
"1982-08-12 06:00","1982","08","12","06:00"," ","12,10","","6,80","","70,00","","31,00","","20,00","","24,10","","100,00","","","","","","Généralement dégagé"
"1982-08-12 07:00","1982","08","12","07:00"," ","12,80","","8,50","","75,00","","31,00","","22,00","","24,10","","100,07","","","","","","Généralement dégagé"
"1982-08-12 08:00","1982","08","12","08:00"," ","13,80","","10,50","","81,00","","31,00","","26,00","","24,10","","100,07","","","","","","Généralement nuageux"
"1982-08-12 09:00","1982","08","12","09:00"," ","14,00","","10,60","","80,00","","30,00","","26,00","","24,10","","100,07","","","","","","Généralement nuageux"
"1982-08-12 10:00","1982","08","12","10:00"," ","15,10","","8,70","","66,00","","31,00","","22,00","","24,10","","100,07","","","","","","Généralement nuageux"
"1982-08-12 11:00","1982","08","12","11:00"," ","17,30","","9,20","","59,00","","30,00","","22,00","","24,10","","100,03","","","","","","Généralement dégagé"
"1982-08-12 12:00","1982","08","12","12:00"," ","17,60","","8,00","","53,00","","30,00","","28,00","","24,10","","100,00","","","","","","Généralement dégagé"
"1982-08-12 13:00","1982","08","12","13:00"," ","19,80","","7,80","","46,00","","30,00","","28,00","","25,00","","99,93","","","","","","Généralement dégagé"
"1982-08-12 14:00","1982","08","12","14:00"," ","20,60","","7,80","","44,00","","31,00","","30,00","","25,00","","99,87","","","","","","Généralement dégagé"
"1982-08-12 15:00","1982","08","12","15:00"," ","20,90","","8,10","","44,00","","30,00","","28,00","","25,00","","99,87","","","","","","Généralement dégagé"
"1982-08-12 16:00","1982","08","12","16:00"," ","19,70","","7,40","","45,00","","32,00","","26,00","","25,00","","99,83","","","","","","Dégagé"
"1982-08-12 17:00","1982","08","12","17:00"," ","18,60","","7,10","","47,00","","29,00","","22,00","","25,00","","99,80","","","","","","Dégagé"
"1982-08-12 18:00","1982","08","12","18:00"," ","18,20","","7,10","","48,00","","32,00","","22,00","","25,00","","99,77","","","","","","Dégagé"
"1982-08-12 19:00","1982","08","12","19:00"," ","16,70","","6,40","","51,00","","31,00","","7,00","","25,00","","99,73","","","","","","Dégagé"
"1982-08-12 20:00","1982","08","12","20:00"," ","14,80","","5,40","","53,00","","26,00","","6,00","","25,00","","99,73","","","","","","Généralement dégagé"
"1982-08-12 21:00","1982","08","12","21:00"," ","14,70","","4,70","","51,00","","29,00","","7,00","","24,10","","99,77","","","","","","Dégagé"
"1982-08-12 22:00","1982","08","12","22:00"," ","14,20","","7,70","","65,00","","27,00","","13,00","","24,10","","99,77","","","","","","Dégagé"
"1982-08-12 23:00","1982","08","12","23:00"," ","11,30","","8,10","","81,00","","23,00","","4,00","","24,10","","99,77","","","","","","Dégagé"
"1982-08-13 00:00","1982","08","13","00:00"," ","10,20","","7,30","","82,00","","34,00","","4,00","","24,10","","99,73","","","","","","Dégagé"
"1982-08-13 01:00","1982","08","13","01:00"," ","8,50","","7,00","","90,00","","8,00","","4,00","","24,10","","99,73","","","","","","Dégagé"
"1982-08-13 02:00","1982","08","13","02:00"," ","7,10","","5,70","","91,00","","0,00","","0,00","","24,10","","99,73","","","","","","Dégagé"
"1982-08-13 03:00","1982","08","13","03:00"," ","6,10","","4,80","","91,00","","0,00","","0,00","","24,10","","99,70","","","","","","Dégagé"
"1982-08-13 04:00","1982","08","13","04:00"," ","5,10","","4,50","","96,00","","0,00","","0,00","","24,10","","99,67","","","","","","Dégagé"
"1982-08-13 05:00","1982","08","13","05:00"," ","6,00","","5,60","","97,00","","0,00","","0,00","","24,10","","99,67","","","","","","Dégagé"
"1982-08-13 06:00","1982","08","13","06:00"," ","6,20","","6,10","","99,00","","9,00","","4,00","","24,10","","99,73","","","","","","Généralement dégagé"
"1982-08-13 07:00","1982","08","13","07:00"," ","10,20","","9,30","","94,00","","10,00","","4,00","","19,30","","99,77","","","","","","Dégagé"
"1982-08-13 08:00","1982","08","13","08:00"," ","13,50","","10,40","","81,00","","0,00","","0,00","","19,30","","99,77","","","","","","Généralement dégagé"
"1982-08-13 09:00","1982","08","13","09:00"," ","16,30","","10,20","","67,00","","0,00","","0,00","","19,30","","99,73","","","","","","Dégagé"
"1982-08-13 10:00","1982","08","13","10:00"," ","20,10","","11,80","","59,00","","0,00","","0,00","","19,30","","99,67","","","","","","Généralement dégagé"
"1982-08-13 11:00","1982","08","13","11:00"," ","21,50","","10,60","","50,00","","0,00","","0,00","","24,10","","99,67","","","","","","Généralement dégagé"
"1982-08-13 12:00","1982","08","13","12:00"," ","22,00","","8,10","","41,00","","28,00","","11,00","","24,10","","99,64","","","","","","Généralement nuageux"
"1982-08-13 13:00","1982","08","13","13:00"," ","22,80","","8,10","","39,00","","28,00","","13,00","","24,10","","99,57","","","","","","Généralement nuageux"
"1982-08-13 14:00","1982","08","13","14:00"," ","24,00","","9,60","","40,00","","27,00","","15,00","","25,00","","99,54","","25,00","","","","Généralement nuageux"
"1982-08-13 15:00","1982","08","13","15:00"," ","24,00","","10,00","","41,00","","30,00","","15,00","","25,00","","99,50","","25,00","","","","Généralement nuageux"
"1982-08-13 16:00","1982","08","13","16:00"," ","23,20","","10,00","","43,00","","28,00","","15,00","","25,00","","99,50","","","","","","Généralement nuageux"
"1982-08-13 17:00","1982","08","13","17:00"," ","22,00","","10,20","","47,00","","35,00","","13,00","","25,00","","99,47","","","","","","Généralement nuageux"
"1982-08-13 18:00","1982","08","13","18:00"," ","21,20","","12,70","","58,00","","28,00","","15,00","","25,00","","99,47","","","","","","Généralement nuageux"
"1982-08-13 19:00","1982","08","13","19:00"," ","17,60","","14,10","","80,00","","33,00","","11,00","","25,00","","99,50","","","","","","Généralement nuageux"
"1982-08-13 20:00","1982","08","13","20:00"," ","16,50","","14,00","","85,00","","25,00","","4,00","","24,10","","99,50","","","","","","Généralement nuageux"
"1982-08-13 21:00","1982","08","13","21:00"," ","15,30","","13,10","","87,00","","0,00","","0,00","","24,10","","99,54","","","","","","Généralement dégagé"
"1982-08-13 22:00","1982","08","13","22:00"," ","12,80","","12,20","","96,00","","0,00","","0,00","","24,10","","99,54","","","","","","Dégagé"
"1982-08-13 23:00","1982","08","13","23:00"," ","13,00","","12,30","","95,00","","0,00","","0,00","","24,10","","99,54","","","","","","Dégagé"
"1982-08-14 00:00","1982","08","14","00:00"," ","11,80","","10,80","","94,00","","0,00","","0,00","","24,10","","99,50","","","","","","Dégagé"
"1982-08-14 01:00","1982","08","14","01:00"," ","10,70","","10,60","","99,00","","0,00","","0,00","","19,30","","99,50","","","","","","Dégagé"
"1982-08-14 02:00","1982","08","14","02:00"," ","9,20","","8,70","","97,00","","0,00","","0,00","","19,30","","99,47","","","","","","Dégagé"
"1982-08-14 03:00","1982","08","14","03:00"," ","8,70","","8,40","","98,00","","10,00","","4,00","","19,30","","99,47","","","","","","Dégagé"
"1982-08-14 04:00","1982","08","14","04:00"," ","9,80","","9,20","","96,00","","5,00","","4,00","","19,30","","99,50","","","","","","Dégagé"
"1982-08-14 05:00","1982","08","14","05:00"," ","9,30","","8,90","","97,00","","0,00","","0,00","","14,50","","99,54","","","","","","Généralement dégagé"
"1982-08-14 06:00","1982","08","14","06:00"," ","8,80","","8,60","","99,00","","10,00","","4,00","","11,30","","99,57","","","","","","Généralement dégagé"
"1982-08-14 07:00","1982","08","14","07:00"," ","12,60","","11,70","","94,00","","0,00","","0,00","","8,00","","99,64","","","","","","Brouillard,Brume sèche"
"1982-08-14 08:00","1982","08","14","08:00"," ","13,90","","12,60","","92,00","","0,00","","0,00","","9,70","","99,57","","","","","","Brouillard,Brume sèche"
"1982-08-14 09:00","1982","08","14","09:00"," ","17,30","","13,60","","79,00","","0,00","","0,00","","16,10","","99,57","","","","","","Généralement nuageux"
"1982-08-14 10:00","1982","08","14","10:00"," ","18,90","","14,90","","78,00","","0,00","","0,00","","16,10","","99,57","","","","","","Généralement nuageux"
"1982-08-14 11:00","1982","08","14","11:00"," ","19,50","","14,90","","75,00","","0,00","","0,00","","16,10","","99,57","","","","","","Généralement nuageux"
"1982-08-14 12:00","1982","08","14","12:00"," ","19,30","","14,90","","76,00","","30,00","","11,00","","19,30","","99,57","","","","","","Généralement nuageux"
"1982-08-14 13:00","1982","08","14","13:00"," ","20,80","","15,30","","71,00","","30,00","","7,00","","19,30","","99,54","","25,00","","","","Nuageux"
"1982-08-14 14:00","1982","08","14","14:00"," ","20,20","","14,70","","71,00","","31,00","","7,00","","16,10","","99,54","","","","","","Nuageux"
"1982-08-14 15:00","1982","08","14","15:00"," ","21,00","","15,30","","70,00","","30,00","","7,00","","12,90","","99,50","","25,00","","","","Généralement nuageux"
"1982-08-14 16:00","1982","08","14","16:00"," ","21,40","","15,30","","68,00","","32,00","","7,00","","25,00","","99,50","","26,00","","","","Généralement nuageux"
"1982-08-14 17:00","1982","08","14","17:00"," ","22,00","","15,60","","67,00","","30,00","","11,00","","12,90","","99,50","","26,00","","","","Généralement nuageux"
"1982-08-14 18:00","1982","08","14","18:00"," ","21,60","","16,00","","70,00","","30,00","","9,00","","19,30","","99,47","","26,00","","","","Généralement nuageux"
"1982-08-14 19:00","1982","08","14","19:00"," ","20,80","","15,80","","73,00","","29,00","","9,00","","16,10","","99,49","","25,00","","","","Généralement dégagé"
"1982-08-14 20:00","1982","08","14","20:00"," ","18,90","","15,60","","81,00","","29,00","","2,00","","12,90","","99,54","","","","","","Généralement nuageux"
"1982-08-14 21:00","1982","08","14","21:00"," ","18,30","","15,10","","82,00","","31,00","","2,00","","12,90","","99,54","","","","","","Généralement nuageux"
"1982-08-14 22:00","1982","08","14","22:00"," ","16,80","","14,70","","88,00","","28,00","","4,00","","12,90","","99,54","","","","","","Généralement dégagé"
"1982-08-14 23:00","1982","08","14","23:00"," ","15,40","","14,40","","94,00","","28,00","","2,00","","6,40","","99,54","","","","","","Brouillard,Brume sèche"
"1982-08-15 00:00","1982","08","15","00:00"," ","14,40","","14,10","","98,00","","0,00","","0,00","","2,40","","99,50","","","","","","Brouillard"
"1982-08-15 01:00","1982","08","15","01:00"," ","12,60","","12,20","","97,00","","0,00","","0,00","","1,60","","99,50","","","","","","Brouillard"
"1982-08-15 02:00","1982","08","15","02:00"," ","12,00","","11,70","","98,00","","0,00","","0,00","","0,80","","99,50","","","","","","Brouillard"
"1982-08-15 03:00","1982","08","15","03:00"," ","11,10","","10,90","","99,00","","0,00","","0,00","","0,80","","99,54","","","","","","Brouillard"
"1982-08-15 04:00","1982","08","15","04:00"," ","10,90","","10,90","","100,00","","0,00","","0,00","","0,00","","99,57","","","","","","Brouillard"
"1982-08-15 05:00","1982","08","15","05:00"," ","12,00","","12,00","","100,00","","4,00","","4,00","","0,00","","99,57","","","","","","Brouillard"
"1982-08-15 06:00","1982","08","15","06:00"," ","11,20","","11,20","","100,00","","13,00","","4,00","","0,40","","99,60","","","","","","Brouillard"
"1982-08-15 07:00","1982","08","15","07:00"," ","13,40","","13,40","","100,00","","12,00","","4,00","","2,40","","99,64","","","","","","Brouillard"
"1982-08-15 08:00","1982","08","15","08:00"," ","15,80","","14,60","","93,00","","8,00","","4,00","","2,40","","99,64","","","","","","Brouillard"
"1982-08-15 09:00","1982","08","15","09:00"," ","17,60","","15,60","","88,00","","28,00","","4,00","","3,20","","99,64","","","","","","Brouillard,Brume sèche"
"1982-08-15 10:00","1982","08","15","10:00"," ","20,40","","16,10","","76,00","","24,00","","6,00","","4,80","","99,64","","25,00","","","","Brume sèche"
"1982-08-15 11:00","1982","08","15","11:00"," ","22,60","","14,80","","61,00","","25,00","","7,00","","12,90","","99,64","","26,00","","","","Généralement dégagé"
"1982-08-15 12:00","1982","08","15","12:00"," ","24,00","","15,20","","58,00","","21,00","","6,00","","16,10","","99,57","","28,00","","","","Généralement dégagé"
"1982-08-15 13:00","1982","08","15","13:00"," ","25,10","","15,30","","54,00","","17,00","","6,00","","16,10","","99,54","","29,00","","","","Généralement dégagé"
"1982-08-15 14:00","1982","08","15","14:00"," ","25,00","","14,60","","53,00","","24,00","","15,00","","16,10","","99,54","","29,00","","","","Nuageux"
"1982-08-15 15:00","1982","08","15","15:00"," ","25,00","","14,00","","51,00","","26,00","","13,00","","16,10","","99,47","","28,00","","","","Nuageux"
"1982-08-15 16:00","1982","08","15","16:00"," ","25,80","","14,60","","50,00","","20,00","","6,00","","16,10","","99,47","","30,00","","","","Nuageux"
"1982-08-15 17:00","1982","08","15","17:00"," ","25,10","","15,60","","56,00","","18,00","","9,00","","12,90","","99,47","","29,00","","","","Nuageux"
"1982-08-15 18:00","1982","08","15","18:00"," ","24,80","","16,90","","62,00","","20,00","","9,00","","12,90","","99,44","","30,00","","","","Nuageux"
"1982-08-15 19:00","1982","08","15","19:00"," ","23,30","","16,80","","67,00","","21,00","","15,00","","12,90","","99,44","","28,00","","","","Nuageux"
"1982-08-15 20:00","1982","08","15","20:00"," ","21,40","","16,50","","74,00","","20,00","","15,00","","12,90","","99,40","","26,00","","","","Nuageux"
"1982-08-15 21:00","1982","08","15","21:00"," ","20,00","","16,40","","80,00","","22,00","","13,00","","12,90","","99,44","","25,00","","","","Généralement dégagé"
"1982-08-15 22:00","1982","08","15","22:00"," ","19,70","","15,90","","79,00","","28,00","","4,00","","6,40","","99,44","","","","","","Brume sèche"
"1982-08-15 23:00","1982","08","15","23:00"," ","18,80","","15,60","","82,00","","0,00","","0,00","","4,80","","99,44","","","","","","Brouillard,Brume sèche"
"1982-08-16 00:00","1982","08","16","00:00"," ","16,80","","15,30","","91,00","","0,00","","0,00","","4,80","","99,44","","","","","","Brouillard"
"1982-08-16 01:00","1982","08","16","01:00"," ","16,20","","15,20","","94,00","","0,00","","0,00","","1,60","","99,44","","","","","","Brouillard"
"1982-08-16 02:00","1982","08","16","02:00"," ","15,80","","15,00","","95,00","","10,00","","4,00","","1,60","","99,37","","","","","","Brouillard"
"1982-08-16 03:00","1982","08","16","03:00"," ","15,00","","14,60","","98,00","","8,00","","4,00","","1,60","","99,37","","","","","","Brouillard"
"1982-08-16 04:00","1982","08","16","04:00"," ","15,40","","14,70","","96,00","","6,00","","6,00","","1,60","","99,37","","","","","","Brouillard"
"1982-08-16 05:00","1982","08","16","05:00"," ","16,20","","15,30","","94,00","","9,00","","4,00","","1,60","","99,37","","","","","","Brouillard"
"1982-08-16 06:00","1982","08","16","06:00"," ","16,20","","15,50","","95,00","","12,00","","7,00","","1,20","","99,37","","","","","","Brouillard"
"1982-08-16 07:00","1982","08","16","07:00"," ","17,40","","16,00","","92,00","","7,00","","6,00","","2,40","","99,44","","","","","","Brouillard"
"1982-08-16 08:00","1982","08","16","08:00"," ","18,60","","16,40","","87,00","","10,00","","6,00","","4,00","","99,44","","","","","","Brouillard,Brume sèche"
"1982-08-16 09:00","1982","08","16","09:00"," ","21,80","","17,60","","77,00","","29,00","","7,00","","4,00","","99,44","","28,00","","","","Brume sèche"
"1982-08-16 10:00","1982","08","16","10:00"," ","22,20","","17,90","","77,00","","29,00","","19,00","","4,00","","99,44","","28,00","","","","Brume sèche"
"1982-08-16 11:00","1982","08","16","11:00"," ","22,80","","18,10","","75,00","","31,00","","22,00","","4,00","","99,40","","29,00","","","","Brume sèche"
"1982-08-16 12:00","1982","08","16","12:00"," ","22,80","","17,60","","73,00","","30,00","","26,00","","8,00","","99,37","","29,00","","","","Brume sèche"
"1982-08-16 13:00","1982","08","16","13:00"," ","23,60","","16,60","","65,00","","31,00","","28,00","","8,00","","99,37","","29,00","","","","Brume sèche"
"1982-08-16 14:00","1982","08","16","14:00"," ","23,00","","14,40","","58,00","","32,00","","30,00","","9,70","","99,37","","27,00","","","","Brume sèche"
"1982-08-16 15:00","1982","08","16","15:00"," ","22,40","","14,10","","60,00","","32,00","","24,00","","12,90","","99,40","","26,00","","","","Généralement dégagé"
"1982-08-16 16:00","1982","08","16","16:00"," ","22,20","","13,80","","59,00","","33,00","","24,00","","12,90","","99,44","","25,00","","","","Généralement dégagé"
"1982-08-16 17:00","1982","08","16","17:00"," ","20,20","","13,20","","64,00","","34,00","","26,00","","16,10","","99,47","","","","","","Généralement dégagé"
"1982-08-16 18:00","1982","08","16","18:00"," ","19,30","","11,40","","60,00","","33,00","","24,00","","16,10","","99,47","","","","","","Généralement dégagé"
"1982-08-16 19:00","1982","08","16","19:00"," ","17,70","","11,50","","67,00","","33,00","","17,00","","16,10","","99,47","","","","","","Généralement dégagé"
"1982-08-16 20:00","1982","08","16","20:00"," ","16,80","","11,70","","72,00","","33,00","","15,00","","16,10","","99,47","","","","","","Généralement dégagé"
"1982-08-16 21:00","1982","08","16","21:00"," ","16,40","","12,00","","75,00","","28,00","","7,00","","16,10","","99,47","","","","","","Dégagé"
"1982-08-16 22:00","1982","08","16","22:00"," ","15,10","","11,50","","79,00","","32,00","","15,00","","24,10","","99,54","","","","","","Dégagé"
"1982-08-16 23:00","1982","08","16","23:00"," ","14,10","","11,10","","82,00","","31,00","","26,00","","24,10","","99,54","","","","","","Dégagé"
"1982-08-17 00:00","1982","08","17","00:00"," ","13,50","","11,30","","86,00","","32,00","","20,00","","24,10","","99,57","","","","","","Dégagé"
"1982-08-17 01:00","1982","08","17","01:00"," ","13,00","","11,50","","91,00","","32,00","","19,00","","24,10","","99,57","","","","","","Dégagé"
"1982-08-17 02:00","1982","08","17","02:00"," ","12,80","","11,90","","94,00","","32,00","","15,00","","24,10","","99,57","","","","","","Dégagé"
"1982-08-17 03:00","1982","08","17","03:00"," ","13,50","","12,20","","92,00","","31,00","","6,00","","24,10","","99,57","","","","","","Dégagé"
"1982-08-17 04:00","1982","08","17","04:00"," ","13,80","","12,60","","93,00","","31,00","","19,00","","24,10","","99,64","","","","","","Dégagé"
"1982-08-17 05:00","1982","08","17","05:00"," ","13,60","","12,30","","92,00","","31,00","","17,00","","24,10","","99,64","","","","","","Dégagé"
"1982-08-17 06:00","1982","08","17","06:00"," ","13,40","","12,00","","91,00","","32,00","","17,00","","24,10","","99,67","","","","","","Dégagé"
"1982-08-17 07:00","1982","08","17","07:00"," ","14,40","","12,20","","87,00","","32,00","","26,00","","24,10","","99,77","","","","","","Dégagé"
"1982-08-17 08:00","1982","08","17","08:00"," ","15,10","","12,60","","85,00","","31,00","","28,00","","24,10","","99,83","","","","","","Dégagé"
"1982-08-17 09:00","1982","08","17","09:00"," ","15,90","","12,20","","79,00","","30,00","","24,00","","24,10","","99,87","","","","","","Généralement dégagé"
"1982-08-17 10:00","1982","08","17","10:00"," ","19,10","","11,30","","60,00","","29,00","","19,00","","24,10","","99,87","","","","","","Généralement dégagé"
"1982-08-17 11:00","1982","08","17","11:00"," ","20,10","","11,20","","57,00","","29,00","","20,00","","24,10","","99,87","","","","","","Généralement dégagé"
"1982-08-17 12:00","1982","08","17","12:00"," ","20,10","","12,20","","61,00","","30,00","","28,00","","24,10","","99,87","","","","","","Généralement dégagé"
"1982-08-17 13:00","1982","08","17","13:00"," ","19,90","","10,80","","56,00","","30,00","","22,00","","25,00","","99,83","","","","","","Généralement dégagé"
"1982-08-17 14:00","1982","08","17","14:00"," ","20,60","","9,90","","50,00","","32,00","","26,00","","25,00","","99,83","","","","","","Généralement dégagé"
"1982-08-17 15:00","1982","08","17","15:00"," ","20,00","","10,80","","55,00","","29,00","","28,00","","25,00","","99,77","","","","","","Généralement dégagé"
"1982-08-17 16:00","1982","08","17","16:00"," ","19,60","","12,40","","63,00","","30,00","","30,00","","25,00","","99,73","","","","","","Généralement dégagé"
"1982-08-17 17:00","1982","08","17","17:00"," ","19,00","","11,40","","61,00","","31,00","","30,00","","25,00","","99,73","","","","","","Dégagé"
"1982-08-17 18:00","1982","08","17","18:00"," ","17,70","","11,20","","66,00","","32,00","","17,00","","25,00","","99,73","","","","","","Dégagé"
"1982-08-17 19:00","1982","08","17","19:00"," ","17,00","","11,00","","68,00","","32,00","","22,00","","25,00","","99,73","","","","","","Dégagé"
"1982-08-17 20:00","1982","08","17","20:00"," ","15,00","","11,60","","80,00","","31,00","","19,00","","24,10","","99,70","","","","","","Dégagé"
"1982-08-17 21:00","1982","08","17","21:00"," ","14,70","","11,70","","82,00","","32,00","","19,00","","24,10","","99,73","","","","","","Dégagé"
"1982-08-17 22:00","1982","08","17","22:00"," ","11,90","","10,80","","93,00","","7,00","","2,00","","24,10","","99,73","","","","","","Dégagé"
"1982-08-17 23:00","1982","08","17","23:00"," ","10,10","","9,60","","97,00","","0,00","","0,00","","24,10","","99,73","","","","","","Dégagé"
"1982-08-18 00:00","1982","08","18","00:00"," ","9,60","","9,10","","97,00","","0,00","","0,00","","24,10","","99,73","","","","","","Dégagé"
"1982-08-18 01:00","1982","08","18","01:00"," ","10,00","","9,30","","95,00","","0,00","","0,00","","24,10","","99,70","","","","","","Généralement dégagé"
"1982-08-18 02:00","1982","08","18","02:00"," ","9,90","","9,00","","94,00","","29,00","","9,00","","24,10","","99,67","","","","","","Généralement nuageux"
"1982-08-18 03:00","1982","08","18","03:00"," ","11,30","","10,60","","96,00","","27,00","","6,00","","24,10","","99,64","","","","","","Généralement nuageux"
"1982-08-18 04:00","1982","08","18","04:00"," ","12,60","","10,80","","89,00","","0,00","","0,00","","24,10","","99,67","","","","","","Généralement nuageux"
"1982-08-18 05:00","1982","08","18","05:00"," ","12,10","","11,30","","95,00","","0,00","","0,00","","24,10","","99,67","","","","","","Généralement nuageux"
"1982-08-18 06:00","1982","08","18","06:00"," ","12,30","","11,30","","94,00","","20,00","","6,00","","24,10","","99,67","","","","","","Généralement nuageux"
"1982-08-18 07:00","1982","08","18","07:00"," ","13,20","","11,70","","91,00","","0,00","","0,00","","24,10","","99,70","","","","","","Généralement nuageux"
"1982-08-18 08:00","1982","08","18","08:00"," ","15,70","","12,10","","79,00","","24,00","","6,00","","24,10","","99,70","","","","","","Généralement dégagé"
"1982-08-18 09:00","1982","08","18","09:00"," ","19,00","","11,10","","60,00","","28,00","","6,00","","24,10","","99,64","","","","","","Généralement dégagé"
"1982-08-18 10:00","1982","08","18","10:00"," ","19,90","","11,40","","58,00","","28,00","","6,00","","24,10","","99,67","","","","","","Généralement dégagé"
"1982-08-18 11:00","1982","08","18","11:00"," ","22,10","","12,30","","54,00","","31,00","","17,00","","24,10","","99,64","","25,00","","","","Généralement dégagé"
"1982-08-18 12:00","1982","08","18","12:00"," ","23,90","","10,80","","44,00","","31,00","","19,00","","24,10","","99,57","","26,00","","","","Généralement nuageux"
"1982-08-18 13:00","1982","08","18","13:00"," ","24,50","","11,20","","43,00","","30,00","","19,00","","25,00","","99,50","","26,00","","","","Généralement dégagé"
"1982-08-18 14:00","1982","08","18","14:00"," ","26,00","","11,30","","40,00","","30,00","","17,00","","25,00","","99,47","","28,00","","","","Généralement dégagé"
"1982-08-18 15:00","1982","08","18","15:00"," ","25,50","","11,10","","41,00","","30,00","","19,00","","25,00","","99,44","","27,00","","","","Généralement nuageux"
"1982-08-18 16:00","1982","08","18","16:00"," ","25,40","","12,30","","44,00","","29,00","","15,00","","25,00","","99,40","","28,00","","","","Généralement nuageux"
"1982-08-18 17:00","1982","08","18","17:00"," ","24,50","","12,20","","46,00","","28,00","","9,00","","25,00","","99,37","","27,00","","","","Nuageux"
"1982-08-18 18:00","1982","08","18","18:00"," ","20,20","","13,50","","65,00","","0,00","","0,00","","25,00","","99,40","","","","","","Nuageux"
"1982-08-18 19:00","1982","08","18","19:00"," ","20,60","","11,20","","55,00","","0,00","","0,00","","25,00","","99,37","","","","","","Nuageux"
"1982-08-18 20:00","1982","08","18","20:00"," ","18,00","","14,00","","77,00","","18,00","","7,00","","25,00","","99,30","","","","","","Nuageux"
"1982-08-18 21:00","1982","08","18","21:00"," ","18,90","","14,30","","75,00","","19,00","","15,00","","24,10","","99,27","","","","","","Généralement nuageux"
"1982-08-18 22:00","1982","08","18","22:00"," ","17,80","","15,20","","85,00","","17,00","","9,00","","24,10","","99,20","","","","","","Nuageux"
"1982-08-18 23:00","1982","08","18","23:00"," ","17,60","","15,80","","89,00","","18,00","","15,00","","24,10","","99,10","","","","","","Généralement dégagé"
"1982-08-19 00:00","1982","08","19","00:00"," ","17,60","","15,60","","88,00","","21,00","","13,00","","24,10","","99,14","","","","","","Nuageux"
"1982-08-19 01:00","1982","08","19","01:00"," ","15,90","","15,40","","97,00","","18,00","","13,00","","24,10","","99,07","","","","","","Nuageux"
"1982-08-19 02:00","1982","08","19","02:00"," ","16,80","","15,40","","92,00","","12,00","","7,00","","24,10","","98,90","","","","","","Nuageux"
"1982-08-19 03:00","1982","08","19","03:00"," ","17,30","","15,30","","88,00","","13,00","","9,00","","24,10","","98,80","","","","","","Nuageux"
"1982-08-19 04:00","1982","08","19","04:00"," ","18,00","","16,00","","88,00","","17,00","","7,00","","24,10","","98,74","","","","","","Averses de pluie"
"1982-08-19 05:00","1982","08","19","05:00"," ","18,10","","17,30","","95,00","","11,00","","11,00","","4,80","","98,60","","","","","","Averses de pluie,Brouillard"
"1982-08-19 06:00","1982","08","19","06:00"," ","19,20","","18,40","","95,00","","21,00","","6,00","","6,40","","98,64","","","","","","Brouillard"
"1982-08-19 07:00","1982","08","19","07:00"," ","19,70","","18,60","","93,00","","31,00","","9,00","","4,80","","98,67","","","","","","Brouillard"
"1982-08-19 08:00","1982","08","19","08:00"," ","20,10","","17,90","","87,00","","30,00","","24,00","","8,00","","98,70","","26,00","","","","Brouillard"
"1982-08-19 09:00","1982","08","19","09:00"," ","18,70","","16,70","","88,00","","31,00","","22,00","","8,00","","98,77","","","","","","Brouillard"
"1982-08-19 10:00","1982","08","19","10:00"," ","18,00","","15,90","","87,00","","33,00","","20,00","","9,70","","98,74","","","","","","Brouillard"
"1982-08-19 11:00","1982","08","19","11:00"," ","17,70","","16,40","","92,00","","30,00","","19,00","","9,70","","98,73","","","","","","Brouillard"
"1982-08-19 12:00","1982","08","19","12:00"," ","19,60","","16,30","","81,00","","30,00","","28,00","","12,90","","98,77","","","","","","Généralement dégagé"
"1982-08-19 13:00","1982","08","19","13:00"," ","22,50","","17,30","","72,00","","30,00","","28,00","","12,90","","98,74","","28,00","","","","Généralement dégagé"
"1982-08-19 14:00","1982","08","19","14:00"," ","22,00","","17,60","","76,00","","34,00","","28,00","","11,30","","98,77","","28,00","","","","Généralement nuageux"
"1982-08-19 15:00","1982","08","19","15:00"," ","21,80","","17,40","","76,00","","32,00","","28,00","","9,70","","98,77","","27,00","","","","Brume sèche"
"1982-08-19 16:00","1982","08","19","16:00"," ","22,60","","17,00","","71,00","","32,00","","26,00","","9,70","","98,80","","28,00","","","","Brume sèche"
"1982-08-19 17:00","1982","08","19","17:00"," ","21,90","","16,40","","71,00","","33,00","","17,00","","9,70","","98,80","","27,00","","","","Brume sèche"
"1982-08-19 18:00","1982","08","19","18:00"," ","21,00","","15,80","","72,00","","34,00","","17,00","","12,90","","98,84","","25,00","","","","Généralement dégagé"
"1982-08-19 19:00","1982","08","19","19:00"," ","20,30","","15,20","","73,00","","28,00","","9,00","","12,90","","98,87","","","","","","Généralement dégagé"
"1982-08-19 20:00","1982","08","19","20:00"," ","17,20","","14,90","","86,00","","28,00","","9,00","","12,90","","98,87","","","","","","Généralement dégagé"
"1982-08-19 21:00","1982","08","19","21:00"," ","15,20","","14,10","","93,00","","26,00","","6,00","","19,30","","98,94","","","","","","Généralement dégagé"
"1982-08-19 22:00","1982","08","19","22:00"," ","14,50","","13,70","","95,00","","3,00","","4,00","","19,30","","98,94","","","","","","Dégagé"
"1982-08-19 23:00","1982","08","19","23:00"," ","13,60","","12,80","","95,00","","0,00","","0,00","","24,10","","98,97","","","","","","Dégagé"
"1982-08-20 00:00","1982","08","20","00:00"," ","15,40","","13,00","","86,00","","30,00","","19,00","","24,10","","98,97","","","","","","Dégagé"
"1982-08-20 01:00","1982","08","20","01:00"," ","14,40","","12,00","","86,00","","30,00","","20,00","","24,10","","98,97","","","","","","Dégagé"
"1982-08-20 02:00","1982","08","20","02:00"," ","14,10","","12,20","","88,00","","30,00","","24,00","","24,10","","99,00","","","","","","Dégagé"
"1982-08-20 03:00","1982","08","20","03:00"," ","13,60","","12,30","","92,00","","31,00","","22,00","","24,10","","99,04","","","","","","Dégagé"
"1982-08-20 04:00","1982","08","20","04:00"," ","13,20","","12,20","","94,00","","32,00","","17,00","","24,10","","99,04","","","","","","Dégagé"
"1982-08-20 05:00","1982","08","20","05:00"," ","13,30","","12,60","","96,00","","33,00","","15,00","","24,10","","99,14","","","","","","Dégagé"
"1982-08-20 06:00","1982","08","20","06:00"," ","13,00","","12,50","","97,00","","33,00","","17,00","","24,10","","99,17","","","","","","Généralement dégagé"
"1982-08-20 07:00","1982","08","20","07:00"," ","14,70","","13,40","","92,00","","33,00","","7,00","","24,10","","99,24","","","","","","Généralement dégagé"
"1982-08-20 08:00","1982","08","20","08:00"," ","16,10","","11,60","","75,00","","36,00","","9,00","","24,10","","99,30","","","","","","Généralement dégagé"
"1982-08-20 09:00","1982","08","20","09:00"," ","17,30","","10,70","","65,00","","2,00","","7,00","","25,00","","99,34","","","","","","Généralement dégagé"
"1982-08-20 10:00","1982","08","20","10:00"," ","18,30","","10,40","","60,00","","31,00","","20,00","","25,00","","99,34","","","","","","Généralement dégagé"
"1982-08-20 11:00","1982","08","20","11:00"," ","18,60","","11,30","","62,00","","30,00","","24,00","","25,00","","99,40","","","","","","Généralement dégagé"
"1982-08-20 12:00","1982","08","20","12:00"," ","19,00","","11,90","","63,00","","29,00","","24,00","","25,00","","99,44","","","","","","Généralement nuageux"
"1982-08-20 13:00","1982","08","20","13:00"," ","19,20","","9,10","","52,00","","29,00","","22,00","","25,00","","99,37","","","","","","Généralement dégagé"
"1982-08-20 14:00","1982","08","20","14:00"," ","19,40","","11,00","","58,00","","30,00","","26,00","","25,00","","99,40","","","","","","Généralement nuageux"
"1982-08-20 15:00","1982","08","20","15:00"," ","18,40","","9,90","","58,00","","30,00","","22,00","","25,00","","99,40","","","","","","Nuageux"
"1982-08-20 16:00","1982","08","20","16:00"," ","17,00","","10,80","","67,00","","31,00","","22,00","","25,00","","99,37","","","","","","Nuageux"
"1982-08-20 17:00","1982","08","20","17:00"," ","15,50","","11,70","","78,00","","35,00","","17,00","","24,10","","99,37","","","","","","Nuageux"
"1982-08-20 18:00","1982","08","20","18:00"," ","15,00","","11,20","","78,00","","35,00","","19,00","","25,00","","99,37","","","","","","Nuageux"
"1982-08-20 19:00","1982","08","20","19:00"," ","14,30","","11,70","","85,00","","33,00","","26,00","","25,00","","99,37","","","","","","Nuageux"
"1982-08-20 20:00","1982","08","20","20:00"," ","13,80","","11,40","","86,00","","33,00","","22,00","","25,00","","99,44","","","","","","Généralement nuageux"
"1982-08-20 21:00","1982","08","20","21:00"," ","13,60","","11,50","","87,00","","33,00","","22,00","","24,10","","99,50","","","","","","Nuageux"
"1982-08-20 22:00","1982","08","20","22:00"," ","14,00","","11,60","","86,00","","33,00","","19,00","","24,10","","99,57","","","","","","Généralement nuageux"
"1982-08-20 23:00","1982","08","20","23:00"," ","14,00","","9,90","","76,00","","1,00","","19,00","","24,10","","99,64","","","","","","Généralement nuageux"
"1982-08-21 00:00","1982","08","21","00:00"," ","11,90","","8,00","","77,00","","4,00","","11,00","","24,10","","99,70","","","","","","Généralement dégagé"
"1982-08-21 01:00","1982","08","21","01:00"," ","10,50","","6,80","","78,00","","24,00","","2,00","","24,10","","99,70","","","","","","Généralement dégagé"
"1982-08-21 02:00","1982","08","21","02:00"," ","7,00","","6,10","","94,00","","24,00","","2,00","","24,10","","99,67","","","","","","Dégagé"
"1982-08-21 03:00","1982","08","21","03:00"," ","6,90","","4,80","","86,00","","2,00","","4,00","","24,10","","99,70","","","","","","Généralement dégagé"
"1982-08-21 04:00","1982","08","21","04:00"," ","7,10","","5,80","","91,00","","8,00","","4,00","","24,10","","99,77","","","","","","Généralement dégagé"
"1982-08-21 05:00","1982","08","21","05:00"," ","6,90","","5,30","","89,00","","7,00","","4,00","","25,00","","99,80","","","","","","Généralement dégagé"
"1982-08-21 06:00","1982","08","21","06:00"," ","6,10","","5,40","","95,00","","0,00","","0,00","","25,00","","99,83","","","","","","Généralement nuageux"
"1982-08-21 07:00","1982","08","21","07:00"," ","9,30","","7,40","","88,00","","0,00","","0,00","","25,00","","99,90","","","","","","Généralement nuageux"
"1982-08-21 08:00","1982","08","21","08:00"," ","12,70","","9,20","","79,00","","0,00","","0,00","","25,00","","99,90","","","","","","Généralement dégagé"
"1982-08-21 09:00","1982","08","21","09:00"," ","14,30","","10,60","","79,00","","29,00","","11,00","","25,00","","99,87","","","","","","Dégagé"
"1982-08-21 10:00","1982","08","21","10:00"," ","15,50","","8,30","","62,00","","29,00","","19,00","","25,00","","99,87","","","","","","Généralement dégagé"
"1982-08-21 11:00","1982","08","21","11:00"," ","16,10","","7,90","","58,00","","28,00","","17,00","","25,00","","99,87","","","","","","Généralement dégagé"
"1982-08-21 12:00","1982","08","21","12:00"," ","17,10","","5,20","","45,00","","28,00","","19,00","","25,00","","99,83","","","","","","Généralement dégagé"
"1982-08-21 13:00","1982","08","21","13:00"," ","18,80","","5,60","","42,00","","28,00","","19,00","","25,00","","99,80","","","","","","Généralement dégagé"
"1982-08-21 14:00","1982","08","21","14:00"," ","18,80","","9,70","","56,00","","31,00","","22,00","","25,00","","99,73","","","","","","Généralement dégagé"
"1982-08-21 15:00","1982","08","21","15:00"," ","18,80","","7,80","","49,00","","32,00","","26,00","","25,00","","99,67","","","","","","Généralement dégagé"
"1982-08-21 16:00","1982","08","21","16:00"," ","17,60","","8,10","","54,00","","34,00","","26,00","","25,00","","99,64","","","","","","Généralement dégagé"
"1982-08-21 17:00","1982","08","21","17:00"," ","18,00","","8,10","","52,00","","32,00","","22,00","","25,00","","99,57","","","","","","Généralement dégagé"
"1982-08-21 18:00","1982","08","21","18:00"," ","17,30","","7,40","","52,00","","34,00","","17,00","","25,00","","99,54","","","","","","Généralement nuageux"
"1982-08-21 19:00","1982","08","21","19:00"," ","16,00","","7,80","","58,00","","34,00","","9,00","","25,00","","99,50","","","","","","Généralement nuageux"
"1982-08-21 20:00","1982","08","21","20:00"," ","13,60","","9,10","","74,00","","0,00","","0,00","","25,00","","99,47","","","","","","Généralement nuageux"
"1982-08-21 21:00","1982","08","21","21:00"," ","11,10","","9,10","","87,00","","0,00","","0,00","","24,10","","99,47","","","","","","Généralement dégagé"
"1982-08-21 22:00","1982","08","21","22:00"," ","11,10","","9,60","","90,00","","0,00","","0,00","","24,10","","99,37","","","","","","Nuageux"
"1982-08-21 23:00","1982","08","21","23:00"," ","12,40","","9,80","","84,00","","0,00","","0,00","","24,10","","99,34","","","","","","Nuageux"
"1982-08-22 00:00","1982","08","22","00:00"," ","12,60","","10,30","","86,00","","7,00","","4,00","","24,10","","99,27","","","","","","Nuageux"
"1982-08-22 01:00","1982","08","22","01:00"," ","12,40","","10,20","","87,00","","6,00","","9,00","","24,10","","99,17","","","","","","Nuageux"
"1982-08-22 02:00","1982","08","22","02:00"," ","12,50","","10,80","","89,00","","5,00","","7,00","","19,30","","99,10","","","","","","Averses de pluie"
"1982-08-22 03:00","1982","08","22","03:00"," ","12,40","","12,10","","98,00","","10,00","","6,00","","12,90","","99,00","","","","","","Pluie"
"1982-08-22 04:00","1982","08","22","04:00"," ","12,90","","12,60","","98,00","","11,00","","7,00","","3,20","","98,90","","","","","","Pluie modérée,Brouillard"
"1982-08-22 05:00","1982","08","22","05:00"," ","13,40","","13,00","","97,00","","12,00","","9,00","","2,40","","98,84","","","","","","Pluie modérée,Brouillard"
"1982-08-22 06:00","1982","08","22","06:00"," ","13,60","","13,40","","99,00","","15,00","","13,00","","2,80","","98,74","","","","","","Pluie modérée,Brouillard"
"1982-08-22 07:00","1982","08","22","07:00"," ","13,80","","13,60","","99,00","","14,00","","19,00","","3,60","","98,54","","","","","","Pluie,Brouillard"
"1982-08-22 08:00","1982","08","22","08:00"," ","14,80","","14,50","","98,00","","20,00","","22,00","","14,50","","98,44","","","","","","Nuageux"
"1982-08-22 09:00","1982","08","22","09:00"," ","16,00","","15,60","","98,00","","21,00","","17,00","","4,80","","98,37","","","","","","Pluie,Brouillard"
"1982-08-22 10:00","1982","08","22","10:00"," ","16,30","","15,90","","98,00","","12,00","","4,00","","16,10","","98,27","","","","","","Pluie"
"1982-08-22 11:00","1982","08","22","11:00"," ","18,30","","17,10","","93,00","","27,00","","17,00","","19,30","","98,24","","","","","","Généralement nuageux"
"1982-08-22 12:00","1982","08","22","12:00"," ","18,00","","16,30","","90,00","","31,00","","37,00","","6,40","","98,17","","","","","","Averses de pluie,Brouillard"
"1982-08-22 13:00","1982","08","22","13:00"," ","16,60","","14,70","","89,00","","32,00","","28,00","","24,10","","98,24","","","","","","Nuageux"
"1982-08-22 14:00","1982","08","22","14:00"," ","17,60","","14,60","","83,00","","32,00","","31,00","","25,00","","98,19","","","","","","Généralement nuageux"
"1982-08-22 15:00","1982","08","22","15:00"," ","18,70","","14,30","","75,00","","31,00","","26,00","","25,00","","98,20","","","","","","Généralement nuageux"
"1982-08-22 16:00","1982","08","22","16:00"," ","17,20","","14,60","","85,00","","31,00","","37,00","","25,00","","98,20","","","","","","Généralement nuageux"
"1982-08-22 17:00","1982","08","22","17:00"," ","15,50","","13,80","","89,00","","32,00","","28,00","","16,10","","98,27","","","","","","Nuageux"
"1982-08-22 18:00","1982","08","22","18:00"," ","14,40","","13,10","","92,00","","32,00","","33,00","","19,30","","98,34","","","","","","Nuageux"
"1982-08-22 19:00","1982","08","22","19:00"," ","13,80","","13,30","","97,00","","33,00","","22,00","","24,10","","98,37","","","","","","Généralement nuageux"
"1982-08-22 20:00","1982","08","22","20:00"," ","14,40","","13,30","","93,00","","32,00","","19,00","","24,10","","98,47","","","","","","Généralement dégagé"
"1982-08-22 21:00","1982","08","22","21:00"," ","14,10","","12,50","","90,00","","33,00","","17,00","","24,10","","98,54","","","","","","Généralement dégagé"
"1982-08-22 22:00","1982","08","22","22:00"," ","14,20","","12,20","","88,00","","32,00","","15,00","","24,10","","98,57","","","","","","Dégagé"
"1982-08-22 23:00","1982","08","22","23:00"," ","13,60","","12,20","","91,00","","31,00","","17,00","","24,10","","98,64","","","","","","Dégagé"
"1982-08-23 00:00","1982","08","23","00:00"," ","13,50","","11,80","","89,00","","31,00","","19,00","","24,10","","98,67","","","","","","Dégagé"
"1982-08-23 01:00","1982","08","23","01:00"," ","13,20","","11,70","","91,00","","31,00","","20,00","","24,10","","98,67","","","","","","Dégagé"
"1982-08-23 02:00","1982","08","23","02:00"," ","12,90","","11,90","","94,00","","31,00","","22,00","","24,10","","98,67","","","","","","Dégagé"
"1982-08-23 03:00","1982","08","23","03:00"," ","12,80","","11,90","","94,00","","32,00","","13,00","","19,30","","98,67","","","","","","Généralement dégagé"
"1982-08-23 04:00","1982","08","23","04:00"," ","10,90","","10,50","","97,00","","34,00","","6,00","","19,30","","98,67","","","","","","Généralement dégagé"
"1982-08-23 05:00","1982","08","23","05:00"," ","8,80","","8,70","","100,00","","17,00","","4,00","","24,10","","98,74","","","","","","Généralement dégagé"
"1982-08-23 06:00","1982","08","23","06:00"," ","10,70","","10,70","","100,00","","18,00","","4,00","","19,30","","98,74","","","","","","Généralement nuageux"
"1982-08-23 07:00","1982","08","23","07:00"," ","11,50","","11,40","","99,00","","16,00","","4,00","","25,00","","98,77","","","","","","Généralement nuageux"
"1982-08-23 08:00","1982","08","23","08:00"," ","13,00","","12,00","","94,00","","21,00","","7,00","","25,00","","98,80","","","","","","Généralement nuageux"
"1982-08-23 09:00","1982","08","23","09:00"," ","14,90","","12,40","","85,00","","20,00","","4,00","","25,00","","98,80","","","","","","Nuageux"
"1982-08-23 10:00","1982","08","23","10:00"," ","17,60","","14,10","","80,00","","22,00","","4,00","","25,00","","98,84","","","","","","Nuageux"
"1982-08-23 11:00","1982","08","23","11:00"," ","17,60","","14,30","","81,00","","29,00","","11,00","","24,10","","98,84","","","","","","Pluie"
"1982-08-23 12:00","1982","08","23","12:00"," ","16,00","","14,30","","90,00","","30,00","","11,00","","19,30","","98,80","","","","","","Pluie"
"1982-08-23 13:00","1982","08","23","13:00"," ","17,40","","15,30","","87,00","","25,00","","15,00","","19,30","","98,80","","","","","","Pluie"
"1982-08-23 14:00","1982","08","23","14:00"," ","17,10","","14,60","","85,00","","27,00","","20,00","","19,30","","98,77","","","","","","Nuageux"
"1982-08-23 15:00","1982","08","23","15:00"," ","17,60","","14,50","","82,00","","28,00","","22,00","","19,30","","98,77","","","","","","Nuageux"
"1982-08-23 16:00","1982","08","23","16:00"," ","14,90","","14,00","","94,00","","31,00","","20,00","","16,10","","98,84","","","","","","Nuageux"
"1982-08-23 17:00","1982","08","23","17:00"," ","15,00","","13,00","","88,00","","32,00","","24,00","","16,10","","98,87","","","","","","Nuageux"
"1982-08-23 18:00","1982","08","23","18:00"," ","14,80","","13,00","","89,00","","32,00","","28,00","","16,10","","98,90","","","","","","Nuageux"
"1982-08-23 19:00","1982","08","23","19:00"," ","13,30","","12,30","","94,00","","32,00","","19,00","","16,10","","98,97","","","","","","Nuageux"
"1982-08-23 20:00","1982","08","23","20:00"," ","12,60","","11,80","","95,00","","32,00","","19,00","","12,90","","99,00","","","","","","Nuageux"
"1982-08-23 21:00","1982","08","23","21:00"," ","12,70","","11,90","","95,00","","32,00","","20,00","","19,30","","99,07","","","","","","Nuageux"
"1982-08-23 22:00","1982","08","23","22:00"," ","12,80","","11,90","","94,00","","34,00","","11,00","","19,30","","99,14","","","","","","Nuageux"
"1982-08-23 23:00","1982","08","23","23:00"," ","12,60","","12,20","","97,00","","32,00","","20,00","","16,10","","99,14","","","","","","Nuageux"
"1982-08-24 00:00","1982","08","24","00:00"," ","11,90","","11,70","","99,00","","34,00","","7,00","","8,00","","99,17","","","","","","Brouillard"
"1982-08-24 01:00","1982","08","24","01:00"," ","12,00","","11,70","","98,00","","35,00","","13,00","","8,00","","99,17","","","","","","Brouillard"
"1982-08-24 02:00","1982","08","24","02:00"," ","11,90","","11,70","","99,00","","35,00","","7,00","","6,40","","99,17","","","","","","Brouillard"
"1982-08-24 03:00","1982","08","24","03:00"," ","11,40","","11,40","","100,00","","3,00","","6,00","","1,60","","99,20","","","","","","Brouillard"
"1982-08-24 04:00","1982","08","24","04:00"," ","11,20","","11,20","","100,00","","32,00","","2,00","","1,20","","99,24","","","","","","Brouillard"
"1982-08-24 05:00","1982","08","24","05:00"," ","11,50","","11,50","","100,00","","0,00","","0,00","","0,20","","99,27","","","","","","Brouillard"
"1982-08-24 06:00","1982","08","24","06:00"," ","10,80","","10,80","","100,00","","11,00","","4,00","","0,40","","99,27","","","","","","Brouillard"
"1982-08-24 07:00","1982","08","24","07:00"," ","11,40","","11,40","","100,00","","36,00","","4,00","","1,00","","99,30","","","","","","Brouillard"
"1982-08-24 08:00","1982","08","24","08:00"," ","11,80","","11,80","","100,00","","8,00","","4,00","","1,20","","99,30","","","","","","Brouillard"
"1982-08-24 09:00","1982","08","24","09:00"," ","11,80","","11,80","","100,00","","10,00","","6,00","","3,20","","99,30","","","","","","Brouillard"
"1982-08-24 10:00","1982","08","24","10:00"," ","12,60","","11,80","","95,00","","12,00","","6,00","","12,90","","99,34","","","","","","Nuageux"
"1982-08-24 11:00","1982","08","24","11:00"," ","14,00","","11,80","","86,00","","13,00","","7,00","","24,10","","99,34","","","","","","Généralement nuageux"
"1982-08-24 12:00","1982","08","24","12:00"," ","15,80","","12,70","","82,00","","8,00","","13,00","","24,10","","99,27","","","","","","Nuageux"
"1982-08-24 13:00","1982","08","24","13:00"," ","16,50","","13,00","","80,00","","8,00","","11,00","","24,10","","99,24","","","","","","Nuageux"
"1982-08-24 14:00","1982","08","24","14:00"," ","17,10","","13,40","","79,00","","8,00","","9,00","","24,10","","99,17","","","","","","Nuageux"
"1982-08-24 15:00","1982","08","24","15:00"," ","17,10","","13,00","","77,00","","13,00","","7,00","","24,10","","99,14","","","","","","Nuageux"
"1982-08-24 16:00","1982","08","24","16:00"," ","17,50","","13,40","","77,00","","15,00","","6,00","","24,10","","99,07","","","","","","Nuageux"
"1982-08-24 17:00","1982","08","24","17:00"," ","16,50","","14,00","","85,00","","15,00","","6,00","","24,10","","99,04","","","","","","Nuageux"
"1982-08-24 18:00","1982","08","24","18:00"," ","16,40","","14,00","","86,00","","0,00","","0,00","","24,10","","98,97","","","","","","Nuageux"
"1982-08-24 19:00","1982","08","24","19:00"," ","15,80","","14,30","","91,00","","0,00","","0,00","","24,10","","98,94","","","","","","Nuageux"
"1982-08-24 20:00","1982","08","24","20:00"," ","14,80","","13,50","","92,00","","0,00","","0,00","","24,10","","98,90","","","","","","Nuageux"
"1982-08-24 21:00","1982","08","24","21:00"," ","14,20","","13,90","","98,00","","12,00","","4,00","","24,10","","98,94","","","","","","Nuageux"
"1982-08-24 22:00","1982","08","24","22:00"," ","13,70","","13,30","","97,00","","0,00","","0,00","","24,10","","98,97","","","","","","Nuageux"
"1982-08-24 23:00","1982","08","24","23:00"," ","13,40","","13,00","","97,00","","0,00","","0,00","","24,10","","98,90","","","","","","Généralement nuageux"
"1982-08-25 00:00","1982","08","25","00:00"," ","11,70","","11,20","","97,00","","36,00","","4,00","","16,10","","98,84","","","","","","Généralement dégagé"
"1982-08-25 01:00","1982","08","25","01:00"," ","10,50","","10,50","","100,00","","4,00","","4,00","","1,20","","98,77","","","","","","Brouillard"
"1982-08-25 02:00","1982","08","25","02:00"," ","8,60","","8,20","","97,00","","0,00","","0,00","","1,20","","98,70","","","","","","Brouillard"
"1982-08-25 03:00","1982","08","25","03:00"," ","8,40","","8,40","","100,00","","30,00","","4,00","","9,70","","98,74","","","","","","Brouillard"
"1982-08-25 04:00","1982","08","25","04:00"," ","8,80","","8,80","","100,00","","34,00","","4,00","","9,70","","98,77","","","","","","Brouillard"
"1982-08-25 05:00","1982","08","25","05:00"," ","9,80","","9,80","","100,00","","32,00","","15,00","","24,10","","98,77","","","","","","Généralement dégagé"
"1982-08-25 06:00","1982","08","25","06:00"," ","13,20","","12,50","","95,00","","29,00","","9,00","","25,00","","98,84","","","","","","Généralement nuageux"
"1982-08-25 07:00","1982","08","25","07:00"," ","13,80","","13,10","","96,00","","31,00","","26,00","","25,00","","98,87","","","","","","Nuageux"
"1982-08-25 08:00","1982","08","25","08:00"," ","13,80","","12,60","","93,00","","30,00","","26,00","","25,00","","98,87","","","","","","Généralement nuageux"
"1982-08-25 09:00","1982","08","25","09:00"," ","13,20","","12,20","","94,00","","31,00","","26,00","","25,00","","98,94","","","","","","Généralement nuageux"
"1982-08-25 10:00","1982","08","25","10:00"," ","13,40","","11,80","","90,00","","30,00","","28,00","","16,10","","98,97","","","","","","Généralement nuageux"
"1982-08-25 11:00","1982","08","25","11:00"," ","14,20","","11,60","","84,00","","31,00","","30,00","","25,00","","99,04","","","","","","Généralement dégagé"
"1982-08-25 12:00","1982","08","25","12:00"," ","15,70","","10,70","","72,00","","31,00","","26,00","","25,00","","99,04","","","","","","Généralement dégagé"
"1982-08-25 13:00","1982","08","25","13:00"," ","17,10","","10,20","","64,00","","31,00","","24,00","","25,00","","99,00","","","","","","Généralement dégagé"
"1982-08-25 14:00","1982","08","25","14:00"," ","18,20","","9,30","","56,00","","30,00","","20,00","","25,00","","99,04","","","","","","Généralement dégagé"
"1982-08-25 15:00","1982","08","25","15:00"," ","18,30","","6,90","","47,00","","34,00","","26,00","","25,00","","98,97","","","","","","Généralement dégagé"
"1982-08-25 16:00","1982","08","25","16:00"," ","17,70","","7,00","","49,00","","33,00","","17,00","","25,00","","98,94","","","","","","Généralement dégagé"
"1982-08-25 17:00","1982","08","25","17:00"," ","17,00","","6,60","","50,00","","33,00","","6,00","","25,00","","98,94","","","","","","Généralement dégagé"
"1982-08-25 18:00","1982","08","25","18:00"," ","18,40","","7,40","","49,00","","27,00","","7,00","","25,00","","98,94","","","","","","Généralement nuageux"
"1982-08-25 19:00","1982","08","25","19:00"," ","15,90","","10,00","","68,00","","15,00","","6,00","","25,00","","98,87","","","","","","Généralement dégagé"
"1982-08-25 20:00","1982","08","25","20:00"," ","14,60","","11,30","","80,00","","15,00","","9,00","","24,10","","98,84","","","","","","Généralement dégagé"
"1982-08-25 21:00","1982","08","25","21:00"," ","14,50","","13,00","","91,00","","18,00","","7,00","","19,30","","98,84","","","","","","Généralement nuageux"
"1982-08-25 22:00","1982","08","25","22:00"," ","14,80","","13,80","","94,00","","4,00","","15,00","","4,80","","98,90","","","","","","Averses de pluie modérées,Brouillard"
"1982-08-25 23:00","1982","08","25","23:00"," ","14,10","","13,80","","98,00","","14,00","","7,00","","8,00","","98,87","","","","","","Averses de pluie,Brouillard"
"1982-08-26 00:00","1982","08","26","00:00"," ","14,60","","14,20","","98,00","","17,00","","6,00","","12,90","","98,84","","","","","","Averses de pluie"
"1982-08-26 01:00","1982","08","26","01:00"," ","15,80","","15,20","","97,00","","23,00","","11,00","","16,10","","98,77","","","","","","Généralement dégagé"
"1982-08-26 02:00","1982","08","26","02:00"," ","16,30","","15,30","","94,00","","26,00","","7,00","","24,10","","98,77","","","","","","Généralement nuageux"
"1982-08-26 03:00","1982","08","26","03:00"," ","16,20","","14,70","","91,00","","29,00","","24,00","","16,10","","98,77","","","","","","Nuageux"
"1982-08-26 04:00","1982","08","26","04:00"," ","14,80","","13,40","","91,00","","33,00","","17,00","","19,30","","98,77","","","","","","Nuageux"
"1982-08-26 05:00","1982","08","26","05:00"," ","13,60","","13,20","","97,00","","31,00","","20,00","","19,30","","98,87","","","","","","Nuageux"
"1982-08-26 06:00","1982","08","26","06:00"," ","12,90","","11,90","","94,00","","33,00","","17,00","","19,30","","98,97","","","","","","Nuageux"
"1982-08-26 07:00","1982","08","26","07:00"," ","12,90","","11,80","","93,00","","32,00","","15,00","","19,30","","99,00","","","","","","Nuageux"
"1982-08-26 08:00","1982","08","26","08:00"," ","13,80","","11,80","","88,00","","33,00","","19,00","","24,10","","99,04","","","","","","Généralement nuageux"
"1982-08-26 09:00","1982","08","26","09:00"," ","14,20","","10,60","","79,00","","32,00","","22,00","","24,10","","99,10","","","","","","Généralement nuageux"
"1982-08-26 10:00","1982","08","26","10:00"," ","15,30","","7,70","","61,00","","31,00","","24,00","","24,10","","99,14","","","","","","Généralement nuageux"
"1982-08-26 11:00","1982","08","26","11:00"," ","15,10","","5,60","","53,00","","31,00","","22,00","","24,10","","99,17","","","","","","Généralement nuageux"
"1982-08-26 12:00","1982","08","26","12:00"," ","15,10","","6,20","","55,00","","30,00","","24,00","","24,10","","99,17","","","","","","Nuageux"
"1982-08-26 13:00","1982","08","26","13:00"," ","14,60","","5,90","","56,00","","30,00","","22,00","","25,00","","99,17","","","","","","Nuageux"
"1982-08-26 14:00","1982","08","26","14:00"," ","13,80","","4,60","","54,00","","31,00","","19,00","","25,00","","99,17","","","","","","Nuageux"
"1982-08-26 15:00","1982","08","26","15:00"," ","14,20","","1,50","","42,00","","32,00","","13,00","","25,00","","99,07","","","","","","Nuageux"
"1982-08-26 16:00","1982","08","26","16:00"," ","14,20","","4,80","","53,00","","33,00","","7,00","","19,30","","99,00","","","","","","Averses de pluie"
"1982-08-26 17:00","1982","08","26","17:00"," ","13,70","","5,90","","59,00","","33,00","","6,00","","24,10","","99,00","","","","","","Averses de pluie"
"1982-08-26 18:00","1982","08","26","18:00"," ","13,30","","6,60","","64,00","","0,00","","0,00","","25,00","","98,97","","","","","","Nuageux"
"1982-08-26 19:00","1982","08","26","19:00"," ","12,80","","7,20","","69,00","","9,00","","4,00","","25,00","","98,87","","","","","","Nuageux"
"1982-08-26 20:00","1982","08","26","20:00"," ","12,30","","9,80","","85,00","","0,00","","0,00","","19,30","","98,84","","","","","","Nuageux"
"1982-08-26 21:00","1982","08","26","21:00"," ","12,00","","10,30","","89,00","","9,00","","4,00","","19,30","","98,80","","","","","","Nuageux"
"1982-08-26 22:00","1982","08","26","22:00"," ","12,00","","10,60","","91,00","","4,00","","9,00","","19,30","","98,70","","","","","","Nuageux"
"1982-08-26 23:00","1982","08","26","23:00"," ","11,40","","9,00","","85,00","","4,00","","11,00","","19,30","","98,64","","","","","","Averses de pluie"
"1982-08-27 00:00","1982","08","27","00:00"," ","10,60","","9,70","","94,00","","3,00","","15,00","","4,80","","98,67","","","","","","Averses de pluie,Brouillard"
"1982-08-27 01:00","1982","08","27","01:00"," ","9,80","","9,60","","99,00","","1,00","","15,00","","6,40","","98,64","","","","","","Pluie modérée,Brouillard"
"1982-08-27 02:00","1982","08","27","02:00"," ","10,00","","9,60","","97,00","","8,00","","6,00","","3,20","","98,60","","","","","","Averses de pluie modérées,Brouillard"
"1982-08-27 03:00","1982","08","27","03:00"," ","9,60","","9,50","","99,00","","5,00","","6,00","","12,90","","98,57","","","","","","Pluie"
"1982-08-27 04:00","1982","08","27","04:00"," ","10,20","","9,90","","98,00","","33,00","","7,00","","19,30","","98,64","","","","","","Pluie"
"1982-08-27 05:00","1982","08","27","05:00"," ","10,50","","9,80","","95,00","","33,00","","13,00","","16,10","","98,67","","","","","","Pluie"
"1982-08-27 06:00","1982","08","27","06:00"," ","10,60","","9,30","","91,00","","33,00","","20,00","","19,30","","98,77","","","","","","Nuageux"
"1982-08-27 07:00","1982","08","27","07:00"," ","10,70","","9,40","","91,00","","32,00","","28,00","","24,10","","98,87","","","","","","Nuageux"
"1982-08-27 08:00","1982","08","27","08:00"," ","10,80","","8,40","","85,00","","32,00","","26,00","","24,10","","98,94","","","","","","Généralement nuageux"
"1982-08-27 09:00","1982","08","27","09:00"," ","11,80","","2,30","","52,00","","32,00","","35,00","","24,10","","99,04","","","","","","Généralement dégagé"
"1982-08-27 10:00","1982","08","27","10:00"," ","11,60","","4,60","","62,00","","32,00","","44,00","","25,00","","99,07","","","","","","Généralement dégagé"
"1982-08-27 11:00","1982","08","27","11:00"," ","11,70","","4,70","","62,00","","32,00","","43,00","","25,00","","99,17","","","","","","Généralement nuageux"
"1982-08-27 12:00","1982","08","27","12:00"," ","11,10","","4,40","","63,00","","31,00","","37,00","","25,00","","99,27","","","","","","Généralement nuageux"
"1982-08-27 13:00","1982","08","27","13:00"," ","10,80","","2,20","","55,00","","31,00","","41,00","","25,00","","99,34","","","","","","Généralement dégagé"
"1982-08-27 14:00","1982","08","27","14:00"," ","11,10","","1,50","","52,00","","31,00","","37,00","","25,00","","99,37","","","","","","Généralement dégagé"
"1982-08-27 15:00","1982","08","27","15:00"," ","11,10","","0,50","","48,00","","31,00","","39,00","","25,00","","99,40","","","","","","Dégagé"
"1982-08-27 16:00","1982","08","27","16:00"," ","11,00","","0,10","","47,00","","31,00","","39,00","","25,00","","99,47","","","","","","Généralement dégagé"
"1982-08-27 17:00","1982","08","27","17:00"," ","10,30","","-1,80","","43,00","","32,00","","43,00","","25,00","","99,50","","","","","","Généralement dégagé"
"1982-08-27 18:00","1982","08","27","18:00"," ","10,40","","-1,00","","45,00","","31,00","","33,00","","25,00","","99,57","","","","","","Dégagé"
"1982-08-27 19:00","1982","08","27","19:00"," ","10,30","","0,20","","50,00","","32,00","","33,00","","25,00","","99,54","","","","","","Dégagé"
"1982-08-27 20:00","1982","08","27","20:00"," ","10,10","","1,50","","55,00","","30,00","","26,00","","24,10","","99,54","","","","","","Dégagé"
"1982-08-27 21:00","1982","08","27","21:00"," ","10,70","","1,90","","54,00","","30,00","","33,00","","24,10","","99,57","","","","","","Dégagé"
"1982-08-27 22:00","1982","08","27","22:00"," ","9,80","","4,00","","67,00","","27,00","","20,00","","24,10","","99,57","","","","","","Dégagé"
"1982-08-27 23:00","1982","08","27","23:00"," ","10,40","","4,70","","68,00","","27,00","","22,00","","24,10","","99,54","","","","","","Dégagé"
"1982-08-28 00:00","1982","08","28","00:00"," ","11,10","","4,90","","65,00","","28,00","","30,00","","24,10","","99,54","","","","","","Dégagé"
"1982-08-28 01:00","1982","08","28","01:00"," ","10,10","","3,50","","63,00","","27,00","","26,00","","24,10","","99,54","","","","","","Dégagé"
"1982-08-28 02:00","1982","08","28","02:00"," ","9,80","","4,60","","70,00","","27,00","","26,00","","24,10","","99,54","","","","","","Dégagé"
"1982-08-28 03:00","1982","08","28","03:00"," ","10,60","","5,40","","70,00","","29,00","","26,00","","24,10","","99,57","","","","","","Dégagé"
"1982-08-28 04:00","1982","08","28","04:00"," ","9,50","","6,70","","83,00","","27,00","","22,00","","24,10","","99,60","","","","","","Généralement dégagé"
"1982-08-28 05:00","1982","08","28","05:00"," ","9,50","","6,90","","84,00","","28,00","","20,00","","24,10","","99,60","","","","","","Généralement dégagé"
"1982-08-28 06:00","1982","08","28","06:00"," ","10,30","","7,40","","82,00","","30,00","","31,00","","24,10","","99,70","","","","","","Averses de pluie"
"1982-08-28 07:00","1982","08","28","07:00"," ","7,90","","5,90","","87,00","","35,00","","20,00","","19,30","","99,83","","","","","","Averses de pluie"
"1982-08-28 08:00","1982","08","28","08:00"," ","7,30","","4,70","","84,00","","35,00","","19,00","","24,10","","99,93","","","","","","Généralement nuageux"
"1982-08-28 09:00","1982","08","28","09:00"," ","9,50","","2,00","","59,00","","33,00","","28,00","","25,00","","100,00","","","","","","Généralement nuageux"
"1982-08-28 10:00","1982","08","28","10:00"," ","9,60","","2,50","","61,00","","32,00","","28,00","","25,00","","100,07","","","","","","Généralement nuageux"
"1982-08-28 11:00","1982","08","28","11:00"," ","10,10","","3,40","","63,00","","31,00","","35,00","","25,00","","100,13","","","","","","Généralement nuageux"
"1982-08-28 12:00","1982","08","28","12:00"," ","11,10","","3,90","","61,00","","31,00","","35,00","","25,00","","100,17","","","","","","Généralement nuageux"
"1982-08-28 13:00","1982","08","28","13:00"," ","12,00","","3,50","","56,00","","30,00","","37,00","","25,00","","100,23","","","","","","Généralement nuageux"
"1982-08-28 14:00","1982","08","28","14:00"," ","10,80","","2,40","","56,00","","31,00","","33,00","","25,00","","100,23","","","","","","Généralement dégagé"
"1982-08-28 15:00","1982","08","28","15:00"," ","11,00","","3,10","","58,00","","31,00","","30,00","","25,00","","100,23","","","","","","Généralement dégagé"
"1982-08-28 16:00","1982","08","28","16:00"," ","11,50","","3,60","","58,00","","32,00","","30,00","","25,00","","100,23","","","","","","Généralement dégagé"
"1982-08-28 17:00","1982","08","28","17:00"," ","11,60","","1,50","","50,00","","31,00","","28,00","","25,00","","100,23","","","","","","Dégagé"
"1982-08-28 18:00","1982","08","28","18:00"," ","10,90","","3,10","","59,00","","33,00","","26,00","","25,00","","100,23","","","","","","Dégagé"
"1982-08-28 19:00","1982","08","28","19:00"," ","10,00","","4,10","","67,00","","33,00","","19,00","","25,00","","100,23","","","","","","Dégagé"
"1982-08-28 20:00","1982","08","28","20:00"," ","9,20","","3,60","","68,00","","33,00","","11,00","","25,00","","100,23","","","","","","Dégagé"
"1982-08-28 21:00","1982","08","28","21:00"," ","7,80","","3,50","","74,00","","35,00","","13,00","","24,10","","100,27","","","","","","Dégagé"
"1982-08-28 22:00","1982","08","28","22:00"," ","7,60","","4,30","","79,00","","34,00","","9,00","","24,10","","100,27","","","","","","Dégagé"
"1982-08-28 23:00","1982","08","28","23:00"," ","7,20","","4,20","","81,00","","34,00","","11,00","","24,10","","100,27","","","","","","Généralement dégagé"
"1982-08-29 00:00","1982","08","29","00:00"," ","2,80","","2,10","","95,00","","0,00","","0,00","","24,10","","100,27","","","","","","Dégagé"
"1982-08-29 01:00","1982","08","29","01:00"," ","2,40","","1,90","","96,00","","12,00","","6,00","","24,10","","100,27","","","","","","Dégagé"
"1982-08-29 02:00","1982","08","29","02:00"," ","3,40","","2,70","","95,00","","0,00","","0,00","","24,10","","100,27","","","","","","Dégagé"
"1982-08-29 03:00","1982","08","29","03:00"," ","2,60","","2,40","","98,00","","0,00","","0,00","","24,10","","100,23","","","","","","Dégagé"
"1982-08-29 04:00","1982","08","29","04:00"," ","1,80","","1,40","","97,00","","0,00","","0,00","","4,80","","100,23","","","","","","Brouillard"
"1982-08-29 05:00","1982","08","29","05:00"," ","3,80","","3,60","","99,00","","0,00","","0,00","","8,00","","100,20","","","","","","Brouillard"
"1982-08-29 06:00","1982","08","29","06:00"," ","3,40","","3,40","","100,00","","8,00","","4,00","","0,20","","100,23","","","","","","Brouillard"
"1982-08-29 07:00","1982","08","29","07:00"," ","4,80","","4,80","","100,00","","9,00","","9,00","","0,80","","100,20","","","","","","Brouillard"
"1982-08-29 08:00","1982","08","29","08:00"," ","4,90","","4,90","","100,00","","7,00","","6,00","","0,80","","100,20","","","","","","Brouillard"
"1982-08-29 09:00","1982","08","29","09:00"," ","6,70","","6,70","","100,00","","12,00","","6,00","","24,10","","100,17","","","","","","Nuageux"
"1982-08-29 10:00","1982","08","29","10:00"," ","8,70","","8,10","","96,00","","11,00","","9,00","","24,10","","100,10","","","","","","Nuageux"
"1982-08-29 11:00","1982","08","29","11:00"," ","11,00","","8,30","","83,00","","7,00","","9,00","","25,00","","100,07","","","","","","Nuageux"
"1982-08-29 12:00","1982","08","29","12:00"," ","12,60","","5,00","","60,00","","18,00","","19,00","","25,00","","100,00","","","","","","Nuageux"
"1982-08-29 13:00","1982","08","29","13:00"," ","12,20","","5,10","","62,00","","18,00","","19,00","","24,10","","99,93","","","","","","Pluie"
"1982-08-29 14:00","1982","08","29","14:00"," ","12,10","","5,30","","63,00","","15,00","","15,00","","25,00","","99,80","","","","","","Nuageux"
"1982-08-29 15:00","1982","08","29","15:00"," ","12,50","","5,80","","64,00","","15,00","","17,00","","25,00","","99,73","","","","","","Nuageux"
"1982-08-29 16:00","1982","08","29","16:00"," ","11,90","","6,30","","69,00","","15,00","","17,00","","24,10","","99,60","","","","","","Nuageux"
"1982-08-29 17:00","1982","08","29","17:00"," ","11,20","","8,10","","81,00","","14,00","","17,00","","24,10","","99,57","","","","","","Nuageux"
"1982-08-29 18:00","1982","08","29","18:00"," ","10,00","","9,40","","96,00","","13,00","","15,00","","6,40","","99,54","","","","","","Bruine,Brouillard"
"1982-08-29 19:00","1982","08","29","19:00"," ","10,30","","10,10","","99,00","","13,00","","13,00","","4,00","","99,47","","","","","","Bruine,Brouillard"
"1982-08-29 20:00","1982","08","29","20:00"," ","10,60","","10,50","","99,00","","13,00","","11,00","","4,00","","99,40","","","","","","Bruine,Brouillard"
"1982-08-29 21:00","1982","08","29","21:00"," ","10,90","","10,80","","99,00","","17,00","","11,00","","4,00","","99,37","","","","","","Bruine,Brouillard"
"1982-08-29 22:00","1982","08","29","22:00"," ","11,30","","11,30","","100,00","","17,00","","9,00","","3,20","","99,34","","","","","","Bruine,Brouillard"
"1982-08-29 23:00","1982","08","29","23:00"," ","11,30","","11,30","","100,00","","17,00","","13,00","","2,40","","99,30","","","","","","Bruine,Brouillard"
"1982-08-30 00:00","1982","08","30","00:00"," ","11,40","","11,40","","100,00","","0,00","","0,00","","1,60","","99,24","","","","","","Bruine,Brouillard"
"1982-08-30 01:00","1982","08","30","01:00"," ","11,60","","11,60","","100,00","","13,00","","6,00","","1,60","","99,24","","","","","","Bruine,Brouillard"
"1982-08-30 02:00","1982","08","30","02:00"," ","12,00","","12,00","","100,00","","12,00","","6,00","","1,60","","99,20","","","","","","Bruine,Brouillard"
"1982-08-30 03:00","1982","08","30","03:00"," ","12,00","","12,00","","100,00","","10,00","","7,00","","2,40","","99,20","","","","","","Brouillard"
"1982-08-30 04:00","1982","08","30","04:00"," ","11,90","","11,90","","100,00","","5,00","","7,00","","2,40","","99,20","","","","","","Brouillard"
"1982-08-30 05:00","1982","08","30","05:00"," ","12,00","","12,00","","100,00","","0,00","","0,00","","2,00","","99,17","","","","","","Brouillard"
"1982-08-30 06:00","1982","08","30","06:00"," ","12,10","","12,10","","100,00","","0,00","","0,00","","2,40","","99,24","","","","","","Brouillard"
"1982-08-30 07:00","1982","08","30","07:00"," ","12,50","","12,50","","100,00","","0,00","","0,00","","2,40","","99,27","","","","","","Brouillard"
"1982-08-30 08:00","1982","08","30","08:00"," ","14,00","","13,80","","99,00","","28,00","","15,00","","3,20","","99,27","","","","","","Brouillard"
"1982-08-30 09:00","1982","08","30","09:00"," ","14,70","","13,90","","95,00","","30,00","","19,00","","11,30","","99,27","","","","","","Nuageux"
"1982-08-30 10:00","1982","08","30","10:00"," ","15,10","","14,10","","94,00","","30,00","","17,00","","11,30","","99,37","","","","","","Bruine"
"1982-08-30 11:00","1982","08","30","11:00"," ","14,50","","13,90","","96,00","","31,00","","19,00","","4,00","","99,37","","","","","","Bruine,Brouillard"
"1982-08-30 12:00","1982","08","30","12:00"," ","14,10","","12,60","","91,00","","31,00","","24,00","","12,90","","99,40","","","","","","Nuageux"
"1982-08-30 13:00","1982","08","30","13:00"," ","14,50","","11,60","","83,00","","32,00","","33,00","","19,30","","99,47","","","","","","Généralement nuageux"
"1982-08-30 14:00","1982","08","30","14:00"," ","14,00","","10,80","","81,00","","31,00","","31,00","","24,10","","99,54","","","","","","Généralement nuageux"
"1982-08-30 15:00","1982","08","30","15:00"," ","15,30","","9,80","","70,00","","31,00","","28,00","","24,10","","99,54","","","","","","Généralement nuageux"
"1982-08-30 16:00","1982","08","30","16:00"," ","13,90","","9,30","","74,00","","31,00","","33,00","","24,10","","99,57","","","","","","Généralement dégagé"
"1982-08-30 17:00","1982","08","30","17:00"," ","13,80","","9,20","","74,00","","33,00","","31,00","","24,10","","99,57","","","","","","Généralement dégagé"
"1982-08-30 18:00","1982","08","30","18:00"," ","13,30","","8,60","","73,00","","33,00","","24,00","","24,10","","99,64","","","","","","Généralement nuageux"
"1982-08-30 19:00","1982","08","30","19:00"," ","12,40","","9,00","","80,00","","33,00","","17,00","","24,10","","99,67","","","","","","Généralement nuageux"
"1982-08-30 20:00","1982","08","30","20:00"," ","11,50","","8,60","","82,00","","30,00","","17,00","","24,10","","99,70","","","","","","Généralement nuageux"
"1982-08-30 21:00","1982","08","30","21:00"," ","11,80","","8,60","","81,00","","31,00","","20,00","","24,10","","99,77","","","","","","Généralement nuageux"
"1982-08-30 22:00","1982","08","30","22:00"," ","11,70","","8,70","","82,00","","31,00","","20,00","","24,10","","99,77","","","","","","Généralement nuageux"
"1982-08-30 23:00","1982","08","30","23:00"," ","12,10","","9,00","","81,00","","30,00","","22,00","","24,10","","99,83","","","","","","Nuageux"
"1982-08-31 00:00","1982","08","31","00:00"," ","12,00","","9,40","","84,00","","31,00","","22,00","","24,10","","99,87","","","","","","Généralement nuageux"
"1982-08-31 01:00","1982","08","31","01:00"," ","11,80","","9,70","","87,00","","32,00","","19,00","","24,10","","99,93","","","","","","Généralement nuageux"
"1982-08-31 02:00","1982","08","31","02:00"," ","10,20","","9,50","","95,00","","35,00","","9,00","","24,10","","99,87","","","","","","Généralement nuageux"
"1982-08-31 03:00","1982","08","31","03:00"," ","10,20","","9,00","","92,00","","0,00","","0,00","","24,10","","99,90","","","","","","Généralement dégagé"
"1982-08-31 04:00","1982","08","31","04:00"," ","8,70","","8,00","","95,00","","0,00","","0,00","","24,10","","99,93","","","","","","Dégagé"
"1982-08-31 05:00","1982","08","31","05:00"," ","8,00","","7,30","","95,00","","0,00","","0,00","","25,00","","100,00","","","","","","Généralement dégagé"
"1982-08-31 06:00","1982","08","31","06:00"," ","5,60","","5,20","","97,00","","0,00","","0,00","","25,00","","100,03","","","","","","Généralement dégagé"
"1982-08-31 07:00","1982","08","31","07:00"," ","9,20","","8,00","","92,00","","8,00","","4,00","","25,00","","100,07","","","","","","Généralement dégagé"
"1982-08-31 08:00","1982","08","31","08:00"," ","12,30","","8,10","","76,00","","10,00","","15,00","","25,00","","100,07","","","","","","Généralement dégagé"
"1982-08-31 09:00","1982","08","31","09:00"," ","13,00","","8,40","","74,00","","9,00","","17,00","","25,00","","100,13","","","","","","Généralement nuageux"
"1982-08-31 10:00","1982","08","31","10:00"," ","14,80","","8,10","","64,00","","10,00","","17,00","","25,00","","100,07","","","","","","Généralement dégagé"
"1982-08-31 11:00","1982","08","31","11:00"," ","16,10","","8,00","","59,00","","12,00","","19,00","","25,00","","100,07","","","","","","Généralement nuageux"
"1982-08-31 12:00","1982","08","31","12:00"," ","16,80","","8,60","","59,00","","13,00","","9,00","","25,00","","100,07","","","","","","Généralement nuageux"
"1982-08-31 13:00","1982","08","31","13:00"," ","17,00","","8,70","","58,00","","15,00","","13,00","","25,00","","100,03","","","","","","Généralement nuageux"
"1982-08-31 14:00","1982","08","31","14:00"," ","18,10","","9,20","","56,00","","12,00","","17,00","","25,00","","99,93","","","","","","Nuageux"
"1982-08-31 15:00","1982","08","31","15:00"," ","17,30","","9,10","","59,00","","15,00","","17,00","","25,00","","99,87","","","","","","Nuageux"
"1982-08-31 16:00","1982","08","31","16:00"," ","17,10","","9,20","","60,00","","13,00","","17,00","","24,10","","99,83","","","","","","Nuageux"
"1982-08-31 17:00","1982","08","31","17:00"," ","16,00","","8,70","","62,00","","14,00","","17,00","","24,10","","99,80","","","","","","Nuageux"
"1982-08-31 18:00","1982","08","31","18:00"," ","15,00","","8,10","","63,00","","12,00","","13,00","","24,10","","99,77","","","","","","Nuageux"
"1982-08-31 19:00","1982","08","31","19:00"," ","13,20","","10,80","","85,00","","14,00","","17,00","","16,10","","99,70","","","","","","Pluie"
"1982-08-31 20:00","1982","08","31","20:00"," ","12,60","","10,50","","87,00","","12,00","","15,00","","19,30","","99,67","","","","","","Nuageux"
"1982-08-31 21:00","1982","08","31","21:00"," ","12,60","","9,20","","80,00","","11,00","","11,00","","24,10","","99,67","","","","","","Nuageux"
"1982-08-31 22:00","1982","08","31","22:00"," ","12,30","","9,00","","80,00","","11,00","","17,00","","24,10","","99,64","","","","","","Nuageux"
"1982-08-31 23:00","1982","08","31","23:00"," ","12,40","","8,20","","76,00","","10,00","","15,00","","24,10","","99,64","","","","","","Nuageux"
