"Nom de la Station","SAULT STE MARIE A"
"Province","ONTARIO"
"Latitude","46,48"
"Longitude","-84,51"
"Altitude","192,00"
"Identification Climat","6057592"
"Identification OMM","71260"
"Identification TC","YAM"
"Toutes les heures sont exprimées en heure normale locale (HNL). Pour convertir l'heure locale en heure avancée de l'Est (HAE), ajoutez 1 heure s'il y a lieu."

"Légende"
"M","Données Manquantes"
"E","Valeur Estimée"
"ND","Non Disponible"
"**","Données fournies par un partenaire, non assujetties à un révision par les Archives climatiques nationales du Canada"

"Date/Heure","Année","Mois","Jour","Heure","Qualité des Données","Temp (°C)","Temp Indicateur","Point de rosée (°C)","Point de rosée Indicateur","Hum. rel (%)","Hum. rel. Indicateur","Dir. du vent (10s deg)","Dir. du vent Indicateur","Vit. du vent (km/h)","Vit. du vent Indicateur","Visibilité (km)","Visibilité Indicateur","Pression à la station (kPa)","Pression à la station Indicateur","Hmdx","Hmdx Indicateur","Refroid. éolien","Refroid. éolien Indicateur","Temps"
"1988-05-01 00:00","1988","05","01","00:00"," ","4,60","","-0,80","","68,00","","30,00","","15,00","","24,10","","99,68","","","","","","Dégagé"
"1988-05-01 01:00","1988","05","01","01:00"," ","3,70","","-0,50","","74,00","","30,00","","15,00","","24,10","","99,74","","","","","","Dégagé"
"1988-05-01 02:00","1988","05","01","02:00"," ","4,40","","-1,10","","67,00","","31,00","","15,00","","24,10","","99,74","","","","","","Dégagé"
"1988-05-01 03:00","1988","05","01","03:00"," ","2,00","","-1,20","","79,00","","29,00","","9,00","","24,10","","99,74","","","","","","Dégagé"
"1988-05-01 04:00","1988","05","01","04:00"," ","0,90","","-1,80","","82,00","","29,00","","7,00","","24,10","","99,78","","","","","","Dégagé"
"1988-05-01 05:00","1988","05","01","05:00"," ","1,20","","-0,90","","86,00","","31,00","","4,00","","25,00","","99,81","","","","","","Dégagé"
"1988-05-01 06:00","1988","05","01","06:00"," ","1,00","","-0,70","","88,00","","31,00","","7,00","","25,00","","99,84","","","","","","Dégagé"
"1988-05-01 07:00","1988","05","01","07:00"," ","3,10","","0,30","","82,00","","29,00","","9,00","","24,10","","99,88","","","","","","Dégagé"
"1988-05-01 08:00","1988","05","01","08:00"," ","6,90","","1,40","","68,00","","30,00","","4,00","","24,10","","99,94","","","","","","Dégagé"
"1988-05-01 09:00","1988","05","01","09:00"," ","8,70","","2,10","","63,00","","30,00","","11,00","","24,10","","99,94","","","","","","Dégagé"
"1988-05-01 10:00","1988","05","01","10:00"," ","9,10","","1,50","","59,00","","30,00","","15,00","","24,10","","99,94","","","","","","Dégagé"
"1988-05-01 11:00","1988","05","01","11:00"," ","13,30","","3,50","","52,00","","29,00","","11,00","","24,10","","99,94","","","","","","Dégagé"
"1988-05-01 12:00","1988","05","01","12:00"," ","13,90","","2,10","","45,00","","30,00","","19,00","","24,10","","99,91","","","","","","Dégagé"
"1988-05-01 13:00","1988","05","01","13:00"," ","15,70","","0,00","","34,00","","30,00","","19,00","","24,10","","99,88","","","","","","Dégagé"
"1988-05-01 14:00","1988","05","01","14:00"," ","14,30","","1,80","","43,00","","30,00","","20,00","","24,10","","99,84","","","","","","Dégagé"
"1988-05-01 15:00","1988","05","01","15:00"," ","12,50","","2,20","","49,00","","30,00","","19,00","","24,10","","99,78","","","","","","Dégagé"
"1988-05-01 16:00","1988","05","01","16:00"," ","16,60","","-1,00","","30,00","","30,00","","20,00","","24,10","","99,74","","","","","","Dégagé"
"1988-05-01 17:00","1988","05","01","17:00"," ","16,20","","-0,90","","31,00","","30,00","","20,00","","24,10","","99,68","","","","","","Dégagé"
"1988-05-01 18:00","1988","05","01","18:00"," ","17,80","","-5,40","","20,00","","29,00","","15,00","","24,10","","99,68","","","","","","Dégagé"
"1988-05-01 19:00","1988","05","01","19:00"," ","15,90","","-5,60","","22,00","","36,00","","11,00","","24,10","","99,68","","","","","","Dégagé"
"1988-05-01 20:00","1988","05","01","20:00"," ","7,00","","-0,20","","60,00","","30,00","","19,00","","24,10","","99,71","","","","","","Dégagé"
"1988-05-01 21:00","1988","05","01","21:00"," ","6,90","","-0,30","","60,00","","30,00","","19,00","","24,10","","99,74","","","","","","Dégagé"
"1988-05-01 22:00","1988","05","01","22:00"," ","5,80","","-0,40","","64,00","","30,00","","13,00","","24,10","","99,78","","","","","","Dégagé"
"1988-05-01 23:00","1988","05","01","23:00"," ","5,00","","-0,30","","69,00","","30,00","","7,00","","24,10","","99,78","","","","","","Dégagé"
"1988-05-02 00:00","1988","05","02","00:00"," ","3,90","","-0,50","","73,00","","0,00","","0,00","","24,10","","99,78","","","","","","Dégagé"
"1988-05-02 01:00","1988","05","02","01:00"," ","1,90","","-1,20","","80,00","","0,00","","0,00","","24,10","","99,81","","","","","","Dégagé"
"1988-05-02 02:00","1988","05","02","02:00"," ","0,60","","1,90","","","","0,00","","0,00","","24,10","","99,84","","","","","","Dégagé"
"1988-05-02 03:00","1988","05","02","03:00"," ","-1,20","","-3,20","","86,00","","0,00","","0,00","","24,10","","99,84","","","","","","Dégagé"
"1988-05-02 04:00","1988","05","02","04:00"," ","-0,80","","-3,10","","84,00","","0,00","","0,00","","24,10","","99,88","","","","","","Dégagé"
"1988-05-02 05:00","1988","05","02","05:00"," ","-0,80","","-2,60","","87,00","","0,00","","0,00","","25,00","","99,91","","","","","","Dégagé"
"1988-05-02 06:00","1988","05","02","06:00"," ","0,30","","-1,80","","86,00","","0,00","","0,00","","25,00","","99,94","","","","","","Dégagé"
"1988-05-02 07:00","1988","05","02","07:00"," ","5,80","","2,30","","78,00","","0,00","","0,00","","25,00","","100,01","","","","","","Dégagé"
"1988-05-02 08:00","1988","05","02","08:00"," ","12,30","","-1,00","","40,00","","8,00","","7,00","","25,00","","100,04","","","","","","Dégagé"
"1988-05-02 09:00","1988","05","02","09:00"," ","14,20","","0,50","","39,00","","7,00","","11,00","","25,00","","100,04","","","","","","Dégagé"
"1988-05-02 10:00","1988","05","02","10:00"," ","16,70","","2,20","","38,00","","12,00","","13,00","","25,00","","100,04","","","","","","Dégagé"
"1988-05-02 11:00","1988","05","02","11:00"," ","18,60","","1,20","","31,00","","17,00","","9,00","","25,00","","100,04","","","","","","Dégagé"
"1988-05-02 12:00","1988","05","02","12:00"," ","20,40","","1,60","","29,00","","6,00","","11,00","","25,00","","99,98","","","","","","Dégagé"
"1988-05-02 13:00","1988","05","02","13:00"," ","20,60","","1,50","","28,00","","18,00","","11,00","","25,00","","99,94","","","","","","Dégagé"
"1988-05-02 14:00","1988","05","02","14:00"," ","21,50","","-0,70","","23,00","","12,00","","9,00","","24,10","","99,88","","","","","","Dégagé"
"1988-05-02 15:00","1988","05","02","15:00"," ","22,20","","0,00","","23,00","","18,00","","7,00","","24,10","","99,78","","","","","","Dégagé"
"1988-05-02 16:00","1988","05","02","16:00"," ","22,60","","0,80","","24,00","","29,00","","13,00","","24,10","","99,74","","","","","","Dégagé"
"1988-05-02 17:00","1988","05","02","17:00"," ","21,60","","0,00","","24,00","","29,00","","13,00","","24,10","","99,74","","","","","","Dégagé"
"1988-05-02 18:00","1988","05","02","18:00"," ","21,30","","-0,20","","24,00","","23,00","","7,00","","24,10","","99,71","","","","","","Dégagé"
"1988-05-02 19:00","1988","05","02","19:00"," ","13,50","","-0,60","","38,00","","27,00","","6,00","","24,10","","99,74","","","","","","Dégagé"
"1988-05-02 20:00","1988","05","02","20:00"," ","10,10","","1,10","","54,00","","22,00","","4,00","","24,10","","99,78","","","","","","Dégagé"
"1988-05-02 21:00","1988","05","02","21:00"," ","9,50","","1,00","","55,00","","19,00","","4,00","","24,10","","99,78","","","","","","Dégagé"
"1988-05-02 22:00","1988","05","02","22:00"," ","6,90","","0,30","","63,00","","7,00","","2,00","","24,10","","99,84","","","","","","Dégagé"
"1988-05-02 23:00","1988","05","02","23:00"," ","6,40","","-0,10","","63,00","","3,00","","4,00","","24,10","","99,84","","","","","","Dégagé"
"1988-05-03 00:00","1988","05","03","00:00"," ","9,30","","1,70","","59,00","","9,00","","7,00","","24,10","","99,88","","","","","","Dégagé"
"1988-05-03 01:00","1988","05","03","01:00"," ","8,30","","2,30","","66,00","","8,00","","7,00","","24,10","","99,88","","","","","","Dégagé"
"1988-05-03 02:00","1988","05","03","02:00"," ","7,40","","1,70","","67,00","","8,00","","9,00","","24,10","","99,88","","","","","","Dégagé"
"1988-05-03 03:00","1988","05","03","03:00"," ","7,50","","1,40","","65,00","","9,00","","7,00","","24,10","","99,88","","","","","","Dégagé"
"1988-05-03 04:00","1988","05","03","04:00"," ","5,90","","1,40","","73,00","","11,00","","4,00","","24,10","","99,88","","","","","","Dégagé"
"1988-05-03 05:00","1988","05","03","05:00"," ","4,70","","1,20","","78,00","","7,00","","2,00","","24,10","","99,88","","","","","","Dégagé"
"1988-05-03 06:00","1988","05","03","06:00"," ","4,20","","0,90","","79,00","","7,00","","4,00","","24,10","","99,91","","","","","","Dégagé"
"1988-05-03 07:00","1988","05","03","07:00"," ","8,00","","1,30","","62,00","","9,00","","11,00","","25,00","","99,94","","","","","","Dégagé"
"1988-05-03 08:00","1988","05","03","08:00"," ","11,20","","3,00","","57,00","","11,00","","19,00","","25,00","","99,94","","","","","","Dégagé"
"1988-05-03 09:00","1988","05","03","09:00"," ","12,40","","3,30","","54,00","","8,00","","13,00","","25,00","","99,94","","","","","","Dégagé"
"1988-05-03 10:00","1988","05","03","10:00"," ","14,90","","3,90","","48,00","","11,00","","13,00","","25,00","","99,94","","","","","","Dégagé"
"1988-05-03 11:00","1988","05","03","11:00"," ","17,70","","3,80","","40,00","","14,00","","11,00","","25,00","","99,91","","","","","","Dégagé"
"1988-05-03 12:00","1988","05","03","12:00"," ","18,60","","3,20","","36,00","","11,00","","11,00","","25,00","","99,84","","","","","","Dégagé"
"1988-05-03 13:00","1988","05","03","13:00"," ","19,20","","3,40","","35,00","","16,00","","15,00","","25,00","","99,81","","","","","","Généralement dégagé"
"1988-05-03 14:00","1988","05","03","14:00"," ","19,20","","3,10","","34,00","","12,00","","15,00","","25,00","","99,78","","","","","","Généralement dégagé"
"1988-05-03 15:00","1988","05","03","15:00"," ","19,20","","3,40","","35,00","","14,00","","15,00","","25,00","","99,74","","","","","","Généralement dégagé"
"1988-05-03 16:00","1988","05","03","16:00"," ","19,40","","3,00","","34,00","","18,00","","13,00","","25,00","","99,68","","","","","","Dégagé"
"1988-05-03 17:00","1988","05","03","17:00"," ","19,10","","3,10","","35,00","","19,00","","11,00","","24,10","","99,65","","","","","","Dégagé"
"1988-05-03 18:00","1988","05","03","18:00"," ","17,40","","3,10","","39,00","","18,00","","13,00","","24,10","","99,65","","","","","","Dégagé"
"1988-05-03 19:00","1988","05","03","19:00"," ","15,70","","2,80","","42,00","","18,00","","9,00","","24,10","","99,65","","","","","","Dégagé"
"1988-05-03 20:00","1988","05","03","20:00"," ","13,10","","2,20","","48,00","","16,00","","11,00","","24,10","","99,65","","","","","","Dégagé"
"1988-05-03 21:00","1988","05","03","21:00"," ","10,00","","2,70","","61,00","","17,00","","7,00","","24,10","","99,71","","","","","","Dégagé"
"1988-05-03 22:00","1988","05","03","22:00"," ","8,50","","2,50","","66,00","","8,00","","4,00","","24,10","","99,68","","","","","","Dégagé"
"1988-05-03 23:00","1988","05","03","23:00"," ","6,00","","2,60","","79,00","","9,00","","7,00","","24,10","","99,68","","","","","","Dégagé"
"1988-05-04 00:00","1988","05","04","00:00"," ","5,20","","3,30","","87,00","","8,00","","4,00","","24,10","","99,68","","","","","","Dégagé"
"1988-05-04 01:00","1988","05","04","01:00"," ","6,80","","3,30","","78,00","","8,00","","4,00","","24,10","","99,68","","","","","","Dégagé"
"1988-05-04 02:00","1988","05","04","02:00"," ","5,20","","2,80","","84,00","","0,00","","0,00","","24,10","","99,65","","","","","","Dégagé"
"1988-05-04 03:00","1988","05","04","03:00"," ","2,80","","1,30","","90,00","","0,00","","0,00","","24,10","","99,65","","","","","","Dégagé"
"1988-05-04 04:00","1988","05","04","04:00"," ","3,00","","1,60","","91,00","","0,00","","0,00","","24,10","","99,68","","","","","","Dégagé"
"1988-05-04 05:00","1988","05","04","05:00"," ","2,10","","0,60","","90,00","","0,00","","0,00","","24,10","","99,68","","","","","","Généralement nuageux"
"1988-05-04 06:00","1988","05","04","06:00"," ","2,20","","0,90","","91,00","","0,00","","0,00","","24,10","","99,68","","","","","","Généralement nuageux"
"1988-05-04 07:00","1988","05","04","07:00"," ","5,60","","3,50","","86,00","","0,00","","0,00","","25,00","","99,71","","","","","","Généralement nuageux"
"1988-05-04 08:00","1988","05","04","08:00"," ","9,30","","4,80","","73,00","","24,00","","4,00","","25,00","","99,74","","","","","","Nuageux"
"1988-05-04 09:00","1988","05","04","09:00"," ","12,70","","2,80","","51,00","","24,00","","6,00","","25,00","","99,71","","","","","","Généralement nuageux"
"1988-05-04 10:00","1988","05","04","10:00"," ","14,40","","2,70","","45,00","","27,00","","7,00","","25,00","","99,74","","","","","","Généralement nuageux"
"1988-05-04 11:00","1988","05","04","11:00"," ","16,20","","3,10","","41,00","","30,00","","13,00","","25,00","","99,71","","","","","","Généralement nuageux"
"1988-05-04 12:00","1988","05","04","12:00"," ","18,00","","1,00","","32,00","","31,00","","11,00","","25,00","","99,68","","","","","","Généralement nuageux"
"1988-05-04 13:00","1988","05","04","13:00"," ","18,60","","1,50","","32,00","","30,00","","19,00","","25,00","","99,65","","","","","","Nuageux"
"1988-05-04 14:00","1988","05","04","14:00"," ","18,80","","-0,20","","28,00","","21,00","","7,00","","24,10","","99,65","","","","","","Nuageux"
"1988-05-04 15:00","1988","05","04","15:00"," ","19,50","","-0,20","","27,00","","29,00","","13,00","","24,10","","99,55","","","","","","Nuageux"
"1988-05-04 16:00","1988","05","04","16:00"," ","19,50","","-0,10","","27,00","","29,00","","15,00","","24,10","","99,51","","","","","","Nuageux"
"1988-05-04 17:00","1988","05","04","17:00"," ","20,00","","0,00","","26,00","","27,00","","7,00","","24,10","","99,48","","","","","","Nuageux"
"1988-05-04 18:00","1988","05","04","18:00"," ","19,50","","1,20","","29,00","","30,00","","15,00","","24,10","","99,48","","","","","","Nuageux"
"1988-05-04 19:00","1988","05","04","19:00"," ","17,60","","0,00","","30,00","","35,00","","13,00","","24,10","","99,48","","","","","","Nuageux"
"1988-05-04 20:00","1988","05","04","20:00"," ","9,90","","2,80","","61,00","","30,00","","17,00","","24,10","","99,51","","","","","","Nuageux"
"1988-05-04 21:00","1988","05","04","21:00"," ","9,30","","3,90","","69,00","","29,00","","15,00","","24,10","","99,55","","","","","","Nuageux"
"1988-05-04 22:00","1988","05","04","22:00"," ","10,90","","1,50","","52,00","","32,00","","7,00","","24,10","","99,55","","","","","","Nuageux"
"1988-05-04 23:00","1988","05","04","23:00"," ","9,70","","3,50","","65,00","","30,00","","15,00","","24,10","","99,55","","","","","","Nuageux"
"1988-05-05 00:00","1988","05","05","00:00"," ","10,00","","3,00","","62,00","","30,00","","17,00","","24,10","","99,51","","","","","","Nuageux"
"1988-05-05 01:00","1988","05","05","01:00"," ","8,50","","4,00","","73,00","","30,00","","7,00","","24,10","","99,48","","","","","","Nuageux"
"1988-05-05 02:00","1988","05","05","02:00"," ","8,40","","3,30","","70,00","","28,00","","4,00","","24,10","","99,48","","","","","","Généralement nuageux"
"1988-05-05 03:00","1988","05","05","03:00"," ","5,90","","2,80","","80,00","","29,00","","6,00","","24,10","","99,48","","","","","","Généralement dégagé"
"1988-05-05 04:00","1988","05","05","04:00"," ","5,20","","2,10","","80,00","","30,00","","17,00","","24,10","","99,48","","","","","","Dégagé"
"1988-05-05 05:00","1988","05","05","05:00"," ","4,70","","1,90","","82,00","","30,00","","17,00","","24,10","","99,48","","","","","","Généralement dégagé"
"1988-05-05 06:00","1988","05","05","06:00"," ","5,10","","1,90","","80,00","","30,00","","20,00","","24,10","","99,51","","","","","","Généralement nuageux"
"1988-05-05 07:00","1988","05","05","07:00"," ","5,80","","2,00","","77,00","","30,00","","20,00","","25,00","","99,55","","","","","","Généralement nuageux"
"1988-05-05 08:00","1988","05","05","08:00"," ","7,20","","3,10","","75,00","","30,00","","19,00","","25,00","","99,55","","","","","","Généralement nuageux"
"1988-05-05 09:00","1988","05","05","09:00"," ","8,20","","2,50","","67,00","","31,00","","24,00","","25,00","","99,55","","","","","","Généralement nuageux"
"1988-05-05 10:00","1988","05","05","10:00"," ","9,10","","2,50","","63,00","","31,00","","30,00","","25,00","","99,55","","","","","","Généralement nuageux"
"1988-05-05 11:00","1988","05","05","11:00"," ","11,40","","2,70","","55,00","","30,00","","22,00","","25,00","","99,55","","","","","","Généralement nuageux"
"1988-05-05 12:00","1988","05","05","12:00"," ","13,50","","2,90","","49,00","","30,00","","30,00","","25,00","","99,51","","","","","","Généralement nuageux"
"1988-05-05 13:00","1988","05","05","13:00"," ","15,20","","2,30","","42,00","","30,00","","30,00","","25,00","","99,48","","","","","","Nuageux"
"1988-05-05 14:00","1988","05","05","14:00"," ","19,20","","1,30","","30,00","","30,00","","28,00","","25,00","","99,41","","","","","","Généralement nuageux"
"1988-05-05 15:00","1988","05","05","15:00"," ","18,50","","-0,30","","28,00","","27,00","","26,00","","24,10","","99,41","","","","","","Nuageux"
"1988-05-05 16:00","1988","05","05","16:00"," ","16,60","","1,40","","36,00","","30,00","","31,00","","24,10","","99,45","","","","","","Nuageux"
"1988-05-05 17:00","1988","05","05","17:00"," ","14,90","","0,00","","36,00","","30,00","","30,00","","24,10","","99,41","","","","","","Nuageux"
"1988-05-05 18:00","1988","05","05","18:00"," ","14,90","","-1,40","","33,00","","32,00","","24,00","","24,10","","99,41","","","","","","Nuageux"
"1988-05-05 19:00","1988","05","05","19:00"," ","14,70","","-1,90","","32,00","","30,00","","19,00","","24,10","","99,41","","","","","","Généralement nuageux"
"1988-05-05 20:00","1988","05","05","20:00"," ","11,50","","-1,70","","40,00","","31,00","","22,00","","24,10","","99,41","","","","","","Généralement nuageux"
"1988-05-05 21:00","1988","05","05","21:00"," ","11,50","","-0,30","","44,00","","30,00","","28,00","","24,10","","99,48","","","","","","Généralement nuageux"
"1988-05-05 22:00","1988","05","05","22:00"," ","9,70","","2,30","","60,00","","30,00","","31,00","","24,10","","99,48","","","","","","Généralement dégagé"
"1988-05-05 23:00","1988","05","05","23:00"," ","8,30","","2,80","","68,00","","31,00","","7,00","","24,10","","99,48","","","","","","Dégagé"
"1988-05-06 00:00","1988","05","06","00:00"," ","6,50","","2,40","","75,00","","34,00","","7,00","","24,10","","99,51","","","","","","Dégagé"
"1988-05-06 01:00","1988","05","06","01:00"," ","5,30","","1,70","","78,00","","31,00","","19,00","","24,10","","99,48","","","","","","Dégagé"
"1988-05-06 02:00","1988","05","06","02:00"," ","4,60","","2,20","","84,00","","31,00","","19,00","","24,10","","99,51","","","","","","Dégagé"
"1988-05-06 03:00","1988","05","06","03:00"," ","3,60","","1,90","","88,00","","31,00","","19,00","","24,10","","99,55","","","","","","Dégagé"
"1988-05-06 04:00","1988","05","06","04:00"," ","3,00","","1,70","","91,00","","31,00","","15,00","","24,10","","99,58","","","","","","Dégagé"
"1988-05-06 05:00","1988","05","06","05:00"," ","2,20","","1,00","","92,00","","32,00","","4,00","","16,10","","99,65","","","","","","Généralement dégagé"
"1988-05-06 06:00","1988","05","06","06:00"," ","2,40","","0,60","","88,00","","0,00","","0,00","","24,10","","99,74","","","","","","Généralement dégagé"
"1988-05-06 07:00","1988","05","06","07:00"," ","7,60","","1,50","","65,00","","6,00","","11,00","","24,10","","99,81","","","","","","Généralement dégagé"
"1988-05-06 08:00","1988","05","06","08:00"," ","8,90","","1,10","","58,00","","9,00","","9,00","","25,00","","99,84","","","","","","Généralement dégagé"
"1988-05-06 09:00","1988","05","06","09:00"," ","9,20","","1,50","","58,00","","26,00","","13,00","","25,00","","99,84","","","","","","Généralement dégagé"
"1988-05-06 10:00","1988","05","06","10:00"," ","8,30","","1,60","","63,00","","28,00","","15,00","","25,00","","99,88","","","","","","Généralement dégagé"
"1988-05-06 11:00","1988","05","06","11:00"," ","10,10","","2,10","","58,00","","27,00","","20,00","","25,00","","99,84","","","","","","Généralement dégagé"
"1988-05-06 12:00","1988","05","06","12:00"," ","9,80","","1,40","","56,00","","30,00","","31,00","","25,00","","99,84","","","","","","Généralement dégagé"
"1988-05-06 13:00","1988","05","06","13:00"," ","12,00","","1,10","","47,00","","30,00","","31,00","","25,00","","99,81","","","","","","Dégagé"
"1988-05-06 14:00","1988","05","06","14:00"," ","11,70","","0,60","","46,00","","31,00","","30,00","","25,00","","99,78","","","","","","Dégagé"
"1988-05-06 15:00","1988","05","06","15:00"," ","12,10","","1,20","","47,00","","30,00","","30,00","","25,00","","99,71","","","","","","Généralement dégagé"
"1988-05-06 16:00","1988","05","06","16:00"," ","12,30","","0,10","","43,00","","30,00","","24,00","","25,00","","99,68","","","","","","Généralement dégagé"
"1988-05-06 17:00","1988","05","06","17:00"," ","13,10","","-0,10","","40,00","","30,00","","20,00","","25,00","","99,68","","","","","","Généralement nuageux"
"1988-05-06 18:00","1988","05","06","18:00"," ","10,80","","1,10","","51,00","","30,00","","24,00","","25,00","","99,68","","","","","","Généralement dégagé"
"1988-05-06 19:00","1988","05","06","19:00"," ","6,60","","0,60","","65,00","","31,00","","20,00","","25,00","","99,68","","","","","","Généralement nuageux"
"1988-05-06 20:00","1988","05","06","20:00"," ","4,80","","0,70","","75,00","","30,00","","15,00","","25,00","","99,68","","","","","","Généralement dégagé"
"1988-05-06 21:00","1988","05","06","21:00"," ","4,40","","0,70","","77,00","","31,00","","17,00","","24,10","","99,71","","","","","","Généralement dégagé"
"1988-05-06 22:00","1988","05","06","22:00"," ","5,00","","0,00","","70,00","","30,00","","11,00","","24,10","","99,74","","","","","","Dégagé"
"1988-05-06 23:00","1988","05","06","23:00"," ","4,10","","1,30","","82,00","","30,00","","17,00","","24,10","","99,78","","","","","","Dégagé"
"1988-05-07 00:00","1988","05","07","00:00"," ","1,80","","-0,30","","86,00","","0,00","","0,00","","24,10","","99,81","","","","","","Dégagé"
"1988-05-07 01:00","1988","05","07","01:00"," ","4,50","","0,60","","76,00","","10,00","","9,00","","24,10","","99,74","","","","","","Dégagé"
"1988-05-07 02:00","1988","05","07","02:00"," ","1,00","","-0,40","","90,00","","0,00","","0,00","","24,10","","99,78","","","","","","Dégagé"
"1988-05-07 03:00","1988","05","07","03:00"," ","0,50","","-0,30","","95,00","","11,00","","4,00","","24,10","","99,78","","","","","","Dégagé"
"1988-05-07 04:00","1988","05","07","04:00"," ","-1,40","","-2,80","","90,00","","12,00","","4,00","","24,10","","99,78","","","","-3,00","","Dégagé"
"1988-05-07 05:00","1988","05","07","05:00"," ","4,80","","0,40","","73,00","","9,00","","7,00","","24,10","","99,78","","","","","","Généralement dégagé"
"1988-05-07 06:00","1988","05","07","06:00"," ","5,60","","0,40","","69,00","","9,00","","4,00","","24,10","","99,88","","","","","","Généralement nuageux"
"1988-05-07 07:00","1988","05","07","07:00"," ","8,40","","0,20","","56,00","","9,00","","11,00","","24,10","","99,88","","","","","","Généralement dégagé"
"1988-05-07 08:00","1988","05","07","08:00"," ","11,20","","0,90","","49,00","","12,00","","19,00","","24,10","","99,88","","","","","","Généralement dégagé"
"1988-05-07 09:00","1988","05","07","09:00"," ","12,70","","1,70","","47,00","","12,00","","22,00","","24,10","","99,84","","","","","","Généralement nuageux"
"1988-05-07 10:00","1988","05","07","10:00"," ","15,80","","1,50","","38,00","","15,00","","24,00","","24,10","","99,84","","","","","","Généralement nuageux"
"1988-05-07 11:00","1988","05","07","11:00"," ","16,50","","1,10","","35,00","","13,00","","22,00","","24,10","","99,84","","","","","","Généralement nuageux"
"1988-05-07 12:00","1988","05","07","12:00"," ","17,70","","1,40","","33,00","","15,00","","20,00","","24,10","","99,74","","","","","","Généralement nuageux"
"1988-05-07 13:00","1988","05","07","13:00"," ","17,70","","0,80","","32,00","","15,00","","22,00","","24,10","","99,68","","","","","","Nuageux"
"1988-05-07 14:00","1988","05","07","14:00"," ","17,00","","1,00","","34,00","","15,00","","20,00","","24,10","","99,61","","","","","","Nuageux"
"1988-05-07 15:00","1988","05","07","15:00"," ","17,00","","0,20","","32,00","","13,00","","22,00","","24,10","","99,51","","","","","","Nuageux"
"1988-05-07 16:00","1988","05","07","16:00"," ","16,10","","0,00","","33,00","","14,00","","26,00","","24,10","","99,41","","","","","","Nuageux"
"1988-05-07 17:00","1988","05","07","17:00"," ","15,70","","-1,10","","32,00","","14,00","","19,00","","24,10","","99,35","","","","","","Généralement nuageux"
"1988-05-07 18:00","1988","05","07","18:00"," ","14,30","","-2,30","","32,00","","14,00","","20,00","","24,10","","99,25","","","","","","Nuageux"
"1988-05-07 19:00","1988","05","07","19:00"," ","13,40","","-0,10","","39,00","","12,00","","11,00","","24,10","","99,18","","","","","","Généralement nuageux"
"1988-05-07 20:00","1988","05","07","20:00"," ","10,70","","0,30","","48,00","","13,00","","11,00","","24,10","","99,11","","","","","","Généralement nuageux"
"1988-05-07 21:00","1988","05","07","21:00"," ","9,20","","-0,80","","50,00","","13,00","","11,00","","24,10","","99,15","","","","","","Généralement nuageux"
"1988-05-07 22:00","1988","05","07","22:00"," ","9,20","","-0,60","","50,00","","11,00","","15,00","","24,10","","99,11","","","","","","Généralement nuageux"
"1988-05-07 23:00","1988","05","07","23:00"," ","9,30","","0,20","","53,00","","9,00","","19,00","","24,10","","99,11","","","","","","Généralement nuageux"
"1988-05-08 00:00","1988","05","08","00:00"," ","8,80","","1,00","","58,00","","9,00","","19,00","","24,10","","98,98","","","","","","Généralement dégagé"
"1988-05-08 01:00","1988","05","08","01:00"," ","8,70","","0,60","","57,00","","10,00","","17,00","","24,10","","98,91","","","","","","Généralement dégagé"
"1988-05-08 02:00","1988","05","08","02:00"," ","8,60","","1,50","","61,00","","9,00","","17,00","","24,10","","98,85","","","","","","Généralement dégagé"
"1988-05-08 03:00","1988","05","08","03:00"," ","8,70","","1,80","","62,00","","10,00","","17,00","","24,10","","98,81","","","","","","Généralement nuageux"
"1988-05-08 04:00","1988","05","08","04:00"," ","9,20","","2,10","","61,00","","9,00","","15,00","","24,10","","98,78","","","","","","Généralement nuageux"
"1988-05-08 05:00","1988","05","08","05:00"," ","9,60","","2,60","","62,00","","9,00","","19,00","","24,10","","98,75","","","","","","Généralement nuageux"
"1988-05-08 06:00","1988","05","08","06:00"," ","10,00","","3,20","","63,00","","9,00","","19,00","","24,10","","98,71","","","","","","Généralement nuageux"
"1988-05-08 07:00","1988","05","08","07:00"," ","10,80","","3,90","","62,00","","10,00","","19,00","","24,10","","98,71","","","","","","Nuageux"
"1988-05-08 08:00","1988","05","08","08:00"," ","12,20","","4,70","","60,00","","10,00","","19,00","","24,10","","98,68","","","","","","Nuageux"
"1988-05-08 09:00","1988","05","08","09:00"," ","16,10","","5,80","","50,00","","12,00","","17,00","","24,10","","98,61","","","","","","Nuageux"
"1988-05-08 10:00","1988","05","08","10:00"," ","18,90","","7,20","","47,00","","12,00","","17,00","","24,10","","98,55","","","","","","Nuageux"
"1988-05-08 11:00","1988","05","08","11:00"," ","23,60","","8,80","","39,00","","20,00","","19,00","","24,10","","98,51","","","","","","Nuageux"
"1988-05-08 12:00","1988","05","08","12:00"," ","22,10","","8,30","","41,00","","22,00","","31,00","","24,10","","98,48","","","","","","Nuageux"
"1988-05-08 13:00","1988","05","08","13:00"," ","21,10","","8,40","","44,00","","20,00","","13,00","","24,10","","98,41","","","","","","Nuageux"
"1988-05-08 14:00","1988","05","08","14:00"," ","19,00","","7,40","","47,00","","13,00","","17,00","","24,10","","98,38","","","","","","Nuageux"
"1988-05-08 15:00","1988","05","08","15:00"," ","18,10","","7,20","","49,00","","12,00","","20,00","","24,10","","98,28","","","","","","Généralement nuageux"
"1988-05-08 16:00","1988","05","08","16:00"," ","20,50","","8,00","","45,00","","12,00","","20,00","","24,10","","98,18","","","","","","Généralement nuageux"
"1988-05-08 17:00","1988","05","08","17:00"," ","20,30","","7,90","","45,00","","12,00","","17,00","","24,10","","98,15","","","","","","Généralement dégagé"
"1988-05-08 18:00","1988","05","08","18:00"," ","19,40","","7,50","","46,00","","11,00","","20,00","","24,10","","98,02","","","","","","Nuageux"
"1988-05-08 19:00","1988","05","08","19:00"," ","17,40","","6,90","","50,00","","10,00","","15,00","","24,10","","98,02","","","","","","Nuageux"
"1988-05-08 20:00","1988","05","08","20:00"," ","16,30","","6,80","","53,00","","10,00","","19,00","","24,10","","97,98","","","","","","Nuageux"
"1988-05-08 21:00","1988","05","08","21:00"," ","16,10","","7,60","","57,00","","9,00","","15,00","","24,10","","98,02","","","","","","Nuageux"
"1988-05-08 22:00","1988","05","08","22:00"," ","16,20","","7,80","","57,00","","8,00","","11,00","","24,10","","97,95","","","","","","Nuageux"
"1988-05-08 23:00","1988","05","08","23:00"," ","15,80","","7,60","","58,00","","9,00","","15,00","","24,10","","97,85","","","","","","Nuageux"
"1988-05-09 00:00","1988","05","09","00:00"," ","16,80","","8,10","","57,00","","11,00","","15,00","","24,10","","97,82","","","","","","Nuageux"
"1988-05-09 01:00","1988","05","09","01:00"," ","15,60","","8,10","","61,00","","9,00","","7,00","","24,10","","97,78","","","","","","Nuageux"
"1988-05-09 02:00","1988","05","09","02:00"," ","19,00","","10,30","","57,00","","15,00","","15,00","","19,30","","97,68","","","","","","Nuageux"
"1988-05-09 03:00","1988","05","09","03:00"," ","18,70","","10,30","","58,00","","13,00","","17,00","","19,30","","97,58","","","","","","Généralement nuageux"
"1988-05-09 04:00","1988","05","09","04:00"," ","14,60","","10,50","","76,00","","13,00","","15,00","","19,30","","97,62","","","","","","Averses de pluie"
"1988-05-09 05:00","1988","05","09","05:00"," ","13,40","","11,10","","86,00","","14,00","","9,00","","16,10","","97,65","","","","","","Nuageux"
"1988-05-09 06:00","1988","05","09","06:00"," ","12,80","","11,30","","91,00","","14,00","","7,00","","16,10","","97,68","","","","","","Nuageux"
"1988-05-09 07:00","1988","05","09","07:00"," ","13,30","","11,50","","89,00","","11,00","","7,00","","16,10","","97,72","","","","","","Généralement nuageux"
"1988-05-09 08:00","1988","05","09","08:00"," ","14,80","","11,10","","79,00","","16,00","","7,00","","16,10","","97,68","","","","","","Généralement nuageux"
"1988-05-09 09:00","1988","05","09","09:00"," ","14,90","","10,40","","74,00","","8,00","","13,00","","24,10","","97,65","","","","","","Généralement nuageux"
"1988-05-09 10:00","1988","05","09","10:00"," ","16,40","","11,10","","71,00","","13,00","","7,00","","24,10","","97,65","","","","","","Généralement nuageux"
"1988-05-09 11:00","1988","05","09","11:00"," ","18,30","","9,80","","58,00","","19,00","","11,00","","24,10","","97,62","","","","","","Généralement nuageux"
"1988-05-09 12:00","1988","05","09","12:00"," ","18,60","","9,60","","56,00","","19,00","","13,00","","24,10","","97,58","","","","","","Nuageux"
"1988-05-09 13:00","1988","05","09","13:00"," ","19,40","","10,20","","55,00","","20,00","","9,00","","24,10","","97,52","","","","","","Généralement nuageux"
"1988-05-09 14:00","1988","05","09","14:00"," ","19,40","","10,30","","56,00","","18,00","","7,00","","24,10","","97,42","","","","","","Généralement nuageux"
"1988-05-09 15:00","1988","05","09","15:00"," ","14,90","","11,30","","79,00","","18,00","","15,00","","11,30","","97,42","","","","","","Orages,Averses de pluie modérées"
"1988-05-09 16:00","1988","05","09","16:00"," ","13,30","","10,90","","85,00","","9,00","","17,00","","24,10","","97,42","","","","","","Nuageux"
"1988-05-09 17:00","1988","05","09","17:00"," ","12,30","","10,50","","89,00","","9,00","","11,00","","24,10","","97,42","","","","","","Nuageux"
"1988-05-09 18:00","1988","05","09","18:00"," ","12,60","","11,30","","92,00","","12,00","","13,00","","19,30","","97,42","","","","","","Averses de pluie"
"1988-05-09 19:00","1988","05","09","19:00"," ","12,20","","11,00","","92,00","","15,00","","11,00","","24,10","","97,45","","","","","","Nuageux"
"1988-05-09 20:00","1988","05","09","20:00"," ","11,60","","10,40","","92,00","","14,00","","11,00","","24,10","","97,48","","","","","","Nuageux"
"1988-05-09 21:00","1988","05","09","21:00"," ","11,30","","10,50","","95,00","","11,00","","7,00","","8,00","","97,48","","","","","","Averses de pluie,Brouillard"
"1988-05-09 22:00","1988","05","09","22:00"," ","10,50","","9,80","","95,00","","11,00","","6,00","","8,00","","97,52","","","","","","Averses de pluie,Brouillard"
"1988-05-09 23:00","1988","05","09","23:00"," ","10,40","","10,00","","97,00","","11,00","","4,00","","8,00","","97,52","","","","","","Brouillard"
"1988-05-10 00:00","1988","05","10","00:00"," ","10,10","","9,60","","97,00","","9,00","","7,00","","2,40","","97,52","","","","","","Brouillard"
"1988-05-10 01:00","1988","05","10","01:00"," ","10,20","","9,50","","95,00","","6,00","","6,00","","2,40","","97,48","","","","","","Brouillard"
"1988-05-10 02:00","1988","05","10","02:00"," ","10,00","","9,50","","97,00","","14,00","","4,00","","6,40","","97,48","","","","","","Brouillard"
"1988-05-10 03:00","1988","05","10","03:00"," ","9,40","","9,10","","98,00","","0,00","","0,00","","9,70","","97,52","","","","","","Brouillard"
"1988-05-10 04:00","1988","05","10","04:00"," ","9,80","","9,00","","95,00","","29,00","","4,00","","9,70","","97,58","","","","","","Brouillard"
"1988-05-10 05:00","1988","05","10","05:00"," ","9,50","","8,90","","96,00","","0,00","","0,00","","2,40","","97,62","","","","","","Bruine,Brouillard"
"1988-05-10 06:00","1988","05","10","06:00"," ","9,20","","8,60","","96,00","","29,00","","13,00","","1,20","","97,72","","","","","","Bruine,Brouillard"
"1988-05-10 07:00","1988","05","10","07:00"," ","8,60","","8,10","","97,00","","31,00","","19,00","","1,20","","97,82","","","","","","Bruine,Brouillard"
"1988-05-10 08:00","1988","05","10","08:00"," ","6,90","","6,40","","97,00","","29,00","","19,00","","2,40","","97,92","","","","","","Brouillard"
"1988-05-10 09:00","1988","05","10","09:00"," ","7,10","","6,60","","97,00","","31,00","","30,00","","1,20","","98,05","","","","","","Brouillard"
"1988-05-10 10:00","1988","05","10","10:00"," ","6,10","","5,70","","97,00","","31,00","","28,00","","1,20","","98,18","","","","","","Brouillard"
"1988-05-10 11:00","1988","05","10","11:00"," ","5,70","","5,00","","95,00","","31,00","","26,00","","4,00","","98,31","","","","","","Bruine,Brouillard"
"1988-05-10 12:00","1988","05","10","12:00"," ","6,20","","5,20","","93,00","","28,00","","37,00","","16,10","","98,38","","","","","","Nuageux"
"1988-05-10 13:00","1988","05","10","13:00"," ","6,80","","5,90","","94,00","","30,00","","35,00","","16,10","","98,48","","","","","","Nuageux"
"1988-05-10 14:00","1988","05","10","14:00"," ","8,60","","5,00","","78,00","","31,00","","50,00","","25,00","","98,58","","","","","","Généralement dégagé"
"1988-05-10 15:00","1988","05","10","15:00"," ","8,30","","4,70","","78,00","","32,00","","46,00","","25,00","","98,75","","","","","","Généralement nuageux"
"1988-05-10 16:00","1988","05","10","16:00"," ","8,40","","4,40","","76,00","","30,00","","37,00","","25,00","","98,85","","","","","","Généralement nuageux"
"1988-05-10 17:00","1988","05","10","17:00"," ","8,50","","3,40","","70,00","","30,00","","43,00","","25,00","","98,98","","","","","","Généralement nuageux"
"1988-05-10 18:00","1988","05","10","18:00"," ","7,90","","3,90","","76,00","","31,00","","35,00","","25,00","","99,08","","","","","","Généralement dégagé"
"1988-05-10 19:00","1988","05","10","19:00"," ","6,50","","2,00","","73,00","","31,00","","33,00","","25,00","","99,18","","","","","","Généralement dégagé"
"1988-05-10 20:00","1988","05","10","20:00"," ","5,00","","0,70","","74,00","","31,00","","26,00","","25,00","","99,25","","","","","","Généralement dégagé"
"1988-05-10 21:00","1988","05","10","21:00"," ","4,20","","0,40","","76,00","","31,00","","28,00","","24,10","","99,31","","","","","","Généralement dégagé"
"1988-05-10 22:00","1988","05","10","22:00"," ","3,90","","0,60","","79,00","","31,00","","22,00","","24,10","","99,38","","","","","","Généralement dégagé"
"1988-05-10 23:00","1988","05","10","23:00"," ","3,00","","0,20","","82,00","","31,00","","11,00","","24,10","","99,45","","","","","","Dégagé"
"1988-05-11 00:00","1988","05","11","00:00"," ","2,90","","0,60","","85,00","","34,00","","4,00","","24,10","","99,51","","","","","","Généralement dégagé"
"1988-05-11 01:00","1988","05","11","01:00"," ","1,30","","-0,50","","88,00","","0,00","","0,00","","24,10","","99,58","","","","","","Dégagé"
"1988-05-11 02:00","1988","05","11","02:00"," ","-2,00","","-3,10","","92,00","","18,00","","4,00","","24,10","","99,58","","","","-3,00","","Dégagé"
"1988-05-11 03:00","1988","05","11","03:00"," ","1,10","","-1,00","","86,00","","0,00","","0,00","","24,10","","99,61","","","","","","Dégagé"
"1988-05-11 04:00","1988","05","11","04:00"," ","-1,10","","-3,10","","86,00","","0,00","","0,00","","24,10","","99,68","","","","","","Dégagé"
"1988-05-11 05:00","1988","05","11","05:00"," ","-1,70","","-3,80","","86,00","","0,00","","0,00","","24,10","","99,74","","","","","","Dégagé"
"1988-05-11 06:00","1988","05","11","06:00"," ","-1,30","","-2,70","","90,00","","0,00","","0,00","","24,10","","99,78","","","","","","Dégagé"
"1988-05-11 07:00","1988","05","11","07:00"," ","3,20","","-1,20","","73,00","","15,00","","4,00","","25,00","","99,84","","","","","","Dégagé"
"1988-05-11 08:00","1988","05","11","08:00"," ","4,10","","-1,90","","65,00","","13,00","","7,00","","25,00","","99,91","","","","","","Dégagé"
"1988-05-11 09:00","1988","05","11","09:00"," ","6,00","","-2,70","","53,00","","18,00","","9,00","","25,00","","99,88","","","","","","Dégagé"
"1988-05-11 10:00","1988","05","11","10:00"," ","7,60","","-2,50","","49,00","","14,00","","15,00","","25,00","","99,84","","","","","","Généralement dégagé"
"1988-05-11 11:00","1988","05","11","11:00"," ","9,80","","-2,30","","43,00","","19,00","","7,00","","25,00","","99,81","","","","","","Généralement nuageux"
"1988-05-11 12:00","1988","05","11","12:00"," ","10,00","","-2,30","","42,00","","22,00","","9,00","","25,00","","99,81","","","","","","Généralement nuageux"
"1988-05-11 13:00","1988","05","11","13:00"," ","9,80","","-3,20","","40,00","","19,00","","15,00","","25,00","","99,74","","","","","","Nuageux"
"1988-05-11 14:00","1988","05","11","14:00"," ","11,40","","-1,70","","40,00","","20,00","","15,00","","24,10","","99,68","","","","","","Nuageux"
"1988-05-11 15:00","1988","05","11","15:00"," ","11,00","","-0,90","","44,00","","20,00","","15,00","","24,10","","99,55","","","","","","Averses de pluie"
"1988-05-11 16:00","1988","05","11","16:00"," ","9,00","","0,60","","56,00","","21,00","","19,00","","19,30","","99,55","","","","","","Averses de pluie"
"1988-05-11 17:00","1988","05","11","17:00"," ","8,80","","0,20","","55,00","","18,00","","11,00","","24,10","","99,48","","","","","","Nuageux"
"1988-05-11 18:00","1988","05","11","18:00"," ","7,90","","-0,90","","54,00","","16,00","","7,00","","24,10","","99,45","","","","","","Nuageux"
"1988-05-11 19:00","1988","05","11","19:00"," ","7,10","","-1,00","","56,00","","13,00","","7,00","","24,10","","99,45","","","","","","Nuageux"
"1988-05-11 20:00","1988","05","11","20:00"," ","6,30","","-0,60","","61,00","","13,00","","9,00","","24,10","","99,41","","","","","","Généralement nuageux"
"1988-05-11 21:00","1988","05","11","21:00"," ","5,90","","-1,60","","58,00","","9,00","","7,00","","24,10","","99,41","","","","","","Généralement nuageux"
"1988-05-11 22:00","1988","05","11","22:00"," ","5,70","","-1,10","","61,00","","10,00","","7,00","","24,10","","99,41","","","","","","Généralement nuageux"
"1988-05-11 23:00","1988","05","11","23:00"," ","5,50","","-2,70","","55,00","","9,00","","11,00","","24,10","","99,35","","","","","","Généralement nuageux"
"1988-05-12 00:00","1988","05","12","00:00"," ","4,20","","-0,50","","71,00","","8,00","","7,00","","24,10","","99,38","","","","","","Généralement dégagé"
"1988-05-12 01:00","1988","05","12","01:00"," ","3,00","","-1,10","","74,00","","4,00","","4,00","","24,10","","99,31","","","","","","Généralement dégagé"
"1988-05-12 02:00","1988","05","12","02:00"," ","1,80","","-2,10","","75,00","","6,00","","6,00","","24,10","","99,28","","","","","","Généralement dégagé"
"1988-05-12 03:00","1988","05","12","03:00"," ","-0,20","","-2,90","","82,00","","0,00","","0,00","","24,10","","99,28","","","","","","Dégagé"
"1988-05-12 04:00","1988","05","12","04:00"," ","-0,10","","-2,80","","82,00","","0,00","","0,00","","24,10","","99,28","","","","","","Dégagé"
"1988-05-12 05:00","1988","05","12","05:00"," ","-0,10","","-2,60","","83,00","","0,00","","0,00","","24,10","","99,28","","","","","","Généralement dégagé"
"1988-05-12 06:00","1988","05","12","06:00"," ","1,60","","-0,60","","85,00","","0,00","","0,00","","24,10","","99,31","","","","","","Généralement nuageux"
"1988-05-12 07:00","1988","05","12","07:00"," ","3,80","","2,00","","88,00","","29,00","","11,00","","25,00","","99,31","","","","","","Généralement nuageux"
"1988-05-12 08:00","1988","05","12","08:00"," ","4,40","","2,30","","86,00","","28,00","","11,00","","25,00","","99,38","","","","","","Généralement nuageux"
"1988-05-12 09:00","1988","05","12","09:00"," ","5,00","","2,30","","83,00","","32,00","","15,00","","25,00","","99,38","","","","","","Nuageux"
"1988-05-12 10:00","1988","05","12","10:00"," ","5,00","","2,40","","83,00","","2,00","","11,00","","24,10","","99,31","","","","","","Averses de pluie"
"1988-05-12 11:00","1988","05","12","11:00"," ","3,80","","2,60","","92,00","","26,00","","9,00","","19,30","","99,31","","","","","","Averses de pluie"
"1988-05-12 12:00","1988","05","12","12:00"," ","4,50","","2,90","","89,00","","0,00","","0,00","","6,40","","99,28","","","","","","Averses de pluie,Brouillard"
"1988-05-12 13:00","1988","05","12","13:00"," ","5,70","","4,20","","90,00","","18,00","","4,00","","16,10","","99,21","","","","","","Averses de pluie"
"1988-05-12 14:00","1988","05","12","14:00"," ","6,10","","5,10","","93,00","","9,00","","4,00","","12,90","","99,05","","","","","","Averses de pluie"
"1988-05-12 15:00","1988","05","12","15:00"," ","6,70","","4,20","","84,00","","12,00","","6,00","","11,30","","99,01","","","","","","Averses de pluie"
"1988-05-12 16:00","1988","05","12","16:00"," ","5,80","","3,40","","85,00","","9,00","","17,00","","16,10","","98,91","","","","","","Averses de pluie"
"1988-05-12 17:00","1988","05","12","17:00"," ","6,60","","5,10","","90,00","","10,00","","13,00","","24,10","","98,81","","","","","","Averses de pluie"
"1988-05-12 18:00","1988","05","12","18:00"," ","7,00","","5,40","","89,00","","12,00","","17,00","","24,10","","98,68","","","","","","Nuageux"
"1988-05-12 19:00","1988","05","12","19:00"," ","7,60","","4,60","","81,00","","11,00","","15,00","","24,10","","98,48","","","","","","Nuageux"
"1988-05-12 20:00","1988","05","12","20:00"," ","7,30","","4,00","","80,00","","12,00","","17,00","","24,10","","98,31","","","","","","Nuageux"
"1988-05-12 21:00","1988","05","12","21:00"," ","7,00","","4,70","","85,00","","11,00","","22,00","","24,10","","98,02","","","","","","Orages"
"1988-05-12 22:00","1988","05","12","22:00"," ","6,60","","5,80","","94,00","","12,00","","7,00","","4,80","","97,92","","","","","","Orages,Averses de pluie forte"
"1988-05-12 23:00","1988","05","12","23:00"," ","7,20","","6,70","","97,00","","14,00","","15,00","","2,00","","97,65","","","","","","Averses de pluie,Brouillard"
"1988-05-13 00:00","1988","05","13","00:00"," ","9,30","","9,30","","100,00","","22,00","","19,00","","24,10","","97,62","","","","","","Averses de pluie"
"1988-05-13 01:00","1988","05","13","01:00"," ","9,70","","8,80","","94,00","","28,00","","30,00","","24,10","","97,58","","","","","","Averses de pluie"
"1988-05-13 02:00","1988","05","13","02:00"," ","8,40","","6,70","","89,00","","28,00","","31,00","","24,10","","97,58","","","","","","Nuageux"
"1988-05-13 03:00","1988","05","13","03:00"," ","6,80","","3,60","","80,00","","28,00","","48,00","","24,10","","97,65","","","","","","Nuageux"
"1988-05-13 04:00","1988","05","13","04:00"," ","4,60","","1,50","","80,00","","28,00","","37,00","","16,10","","97,72","","","","","","Averses de pluie"
"1988-05-13 05:00","1988","05","13","05:00"," ","3,40","","1,60","","88,00","","29,00","","56,00","","8,00","","97,82","","","","","","Averses de pluie,Brouillard"
"1988-05-13 06:00","1988","05","13","06:00"," ","3,60","","1,50","","86,00","","29,00","","65,00","","8,00","","97,98","","","","","","Averses de pluie,Brouillard"
"1988-05-13 07:00","1988","05","13","07:00"," ","4,00","","1,70","","85,00","","31,00","","63,00","","16,10","","98,25","","","","","","Généralement nuageux"
"1988-05-13 08:00","1988","05","13","08:00"," ","5,00","","1,50","","78,00","","31,00","","54,00","","24,10","","98,61","","","","","","Généralement nuageux"
"1988-05-13 09:00","1988","05","13","09:00"," ","4,60","","1,30","","79,00","","30,00","","54,00","","24,10","","98,85","","","","","","Généralement nuageux"
"1988-05-13 10:00","1988","05","13","10:00"," ","4,40","","0,90","","78,00","","30,00","","50,00","","24,10","","99,05","","","","","","Généralement nuageux"
"1988-05-13 11:00","1988","05","13","11:00"," ","3,70","","-0,10","","76,00","","32,00","","9,00","","24,10","","99,35","","","","","","Nuageux"
"1988-05-13 12:00","1988","05","13","12:00"," ","4,00","","-0,30","","74,00","","31,00","","50,00","","24,10","","99,41","","","","","","Nuageux"
"1988-05-13 13:00","1988","05","13","13:00"," ","4,20","","-0,70","","70,00","","32,00","","39,00","","24,10","","99,48","","","","","","Généralement nuageux"
"1988-05-13 14:00","1988","05","13","14:00"," ","2,80","","-1,90","","71,00","","31,00","","37,00","","24,10","","99,58","","","","","","Nuageux"
"1988-05-13 15:00","1988","05","13","15:00"," ","2,80","","-2,10","","70,00","","30,00","","39,00","","25,00","","99,65","","","","","","Généralement nuageux"
"1988-05-13 16:00","1988","05","13","16:00"," ","3,20","","-2,90","","64,00","","32,00","","33,00","","25,00","","99,68","","","","","","Généralement dégagé"
"1988-05-13 17:00","1988","05","13","17:00"," ","3,80","","-2,70","","62,00","","31,00","","31,00","","25,00","","99,74","","","","","","Généralement dégagé"
"1988-05-13 18:00","1988","05","13","18:00"," ","3,40","","-3,00","","63,00","","33,00","","30,00","","25,00","","99,74","","","","","","Généralement dégagé"
"1988-05-13 19:00","1988","05","13","19:00"," ","2,90","","-4,00","","60,00","","32,00","","22,00","","25,00","","99,78","","","","","","Généralement dégagé"
"1988-05-13 20:00","1988","05","13","20:00"," ","2,00","","-4,00","","64,00","","33,00","","13,00","","25,00","","99,78","","","","","","Généralement dégagé"
"1988-05-13 21:00","1988","05","13","21:00"," ","1,00","","-4,10","","69,00","","33,00","","11,00","","25,00","","99,78","","","","","","Généralement dégagé"
"1988-05-13 22:00","1988","05","13","22:00"," ","0,70","","-3,40","","74,00","","31,00","","11,00","","24,10","","99,84","","","","","","Dégagé"
"1988-05-13 23:00","1988","05","13","23:00"," ","0,20","","-3,40","","77,00","","33,00","","11,00","","24,10","","99,84","","","","","","Dégagé"
"1988-05-14 00:00","1988","05","14","00:00"," ","-1,90","","-3,40","","89,00","","0,00","","0,00","","24,10","","99,84","","","","","","Dégagé"
"1988-05-14 01:00","1988","05","14","01:00"," ","-0,90","","-3,40","","83,00","","0,00","","0,00","","24,10","","99,88","","","","","","Dégagé"
"1988-05-14 02:00","1988","05","14","02:00"," ","-3,60","","-4,80","","92,00","","0,00","","0,00","","24,10","","99,84","","","","","","Dégagé"
"1988-05-14 03:00","1988","05","14","03:00"," ","-4,70","","-6,10","","90,00","","17,00","","4,00","","24,10","","99,88","","","","-6,00","","Dégagé"
"1988-05-14 04:00","1988","05","14","04:00"," ","-2,80","","-4,30","","89,00","","0,00","","0,00","","24,10","","99,88","","","","","","Dégagé"
"1988-05-14 05:00","1988","05","14","05:00"," ","-4,60","","-5,20","","95,00","","6,00","","4,00","","24,10","","99,91","","","","-6,00","","Dégagé"
"1988-05-14 06:00","1988","05","14","06:00"," ","-2,50","","-4,10","","89,00","","0,00","","0,00","","24,10","","99,98","","","","","","Généralement dégagé"
"1988-05-14 07:00","1988","05","14","07:00"," ","0,40","","-1,10","","90,00","","11,00","","7,00","","25,00","","99,98","","","","","","Dégagé"
"1988-05-14 08:00","1988","05","14","08:00"," ","3,60","","-1,20","","71,00","","16,00","","11,00","","25,00","","99,98","","","","","","Dégagé"
"1988-05-14 09:00","1988","05","14","09:00"," ","5,80","","-1,00","","62,00","","13,00","","9,00","","25,00","","99,94","","","","","","Dégagé"
"1988-05-14 10:00","1988","05","14","10:00"," ","8,40","","-1,40","","50,00","","15,00","","11,00","","25,00","","99,84","","","","","","Dégagé"
"1988-05-14 11:00","1988","05","14","11:00"," ","10,50","","-1,80","","42,00","","10,00","","13,00","","25,00","","99,81","","","","","","Généralement dégagé"
"1988-05-14 12:00","1988","05","14","12:00"," ","13,40","","-0,90","","37,00","","15,00","","11,00","","25,00","","99,74","","","","","","Généralement dégagé"
"1988-05-14 13:00","1988","05","14","13:00"," ","14,20","","0,10","","38,00","","19,00","","17,00","","25,00","","99,65","","","","","","Généralement dégagé"
"1988-05-14 14:00","1988","05","14","14:00"," ","15,40","","0,50","","36,00","","22,00","","15,00","","25,00","","99,55","","","","","","Généralement nuageux"
"1988-05-14 15:00","1988","05","14","15:00"," ","15,20","","0,60","","37,00","","21,00","","19,00","","25,00","","99,41","","","","","","Généralement nuageux"
"1988-05-14 16:00","1988","05","14","16:00"," ","16,90","","0,50","","33,00","","21,00","","22,00","","25,00","","99,35","","","","","","Généralement nuageux"
"1988-05-14 17:00","1988","05","14","17:00"," ","14,90","","1,10","","39,00","","15,00","","19,00","","25,00","","99,25","","","","","","Généralement nuageux"
"1988-05-14 18:00","1988","05","14","18:00"," ","12,40","","-0,10","","42,00","","14,00","","22,00","","25,00","","99,18","","","","","","Généralement nuageux"
"1988-05-14 19:00","1988","05","14","19:00"," ","9,10","","-2,20","","45,00","","14,00","","22,00","","25,00","","99,15","","","","","","Généralement nuageux"
"1988-05-14 20:00","1988","05","14","20:00"," ","6,30","","1,50","","71,00","","13,00","","22,00","","16,10","","98,98","","","","","","Averses de pluie"
"1988-05-14 21:00","1988","05","14","21:00"," ","6,60","","1,80","","71,00","","11,00","","19,00","","19,30","","98,88","","","","","","Averses de pluie"
"1988-05-14 22:00","1988","05","14","22:00"," ","6,60","","0,90","","67,00","","10,00","","17,00","","24,10","","98,81","","","","","","Nuageux"
"1988-05-14 23:00","1988","05","14","23:00"," ","6,90","","1,50","","68,00","","9,00","","15,00","","24,10","","98,81","","","","","","Nuageux"
"1988-05-15 00:00","1988","05","15","00:00"," ","7,10","","2,50","","72,00","","8,00","","19,00","","24,10","","98,68","","","","","","Averses de pluie"
"1988-05-15 01:00","1988","05","15","01:00"," ","7,60","","2,70","","71,00","","10,00","","20,00","","24,10","","98,48","","","","","","Généralement nuageux"
"1988-05-15 02:00","1988","05","15","02:00"," ","7,00","","3,90","","81,00","","11,00","","19,00","","16,10","","98,31","","","","","","Orages,Averses de pluie forte"
"1988-05-15 03:00","1988","05","15","03:00"," ","6,70","","3,90","","82,00","","9,00","","17,00","","24,10","","98,18","","","","","","Nuageux"
"1988-05-15 04:00","1988","05","15","04:00"," ","6,90","","4,10","","82,00","","10,00","","7,00","","24,10","","98,12","","","","","","Orages"
"1988-05-15 05:00","1988","05","15","05:00"," ","6,40","","5,20","","92,00","","9,00","","15,00","","4,80","","98,12","","","","","","Orages,Averses de pluie,Brouillard"
"1988-05-15 06:00","1988","05","15","06:00"," ","6,40","","5,40","","93,00","","9,00","","20,00","","16,10","","98,02","","","","","","Averses de pluie"
"1988-05-15 07:00","1988","05","15","07:00"," ","7,10","","6,40","","95,00","","11,00","","11,00","","12,90","","98,05","","","","","","Nuageux"
"1988-05-15 08:00","1988","05","15","08:00"," ","7,70","","7,20","","97,00","","9,00","","13,00","","6,40","","98,02","","","","","","Averses de pluie,Brouillard"
"1988-05-15 09:00","1988","05","15","09:00"," ","9,00","","8,60","","97,00","","12,00","","7,00","","6,40","","98,05","","","","","","Brouillard"
"1988-05-15 10:00","1988","05","15","10:00"," ","12,00","","10,40","","90,00","","9,00","","4,00","","19,30","","98,02","","","","","","Généralement nuageux"
"1988-05-15 11:00","1988","05","15","11:00"," ","14,70","","11,20","","80,00","","2,00","","6,00","","24,10","","98,02","","","","","","Généralement dégagé"
"1988-05-15 12:00","1988","05","15","12:00"," ","16,40","","12,10","","76,00","","7,00","","7,00","","24,10","","97,92","","","","","","Généralement dégagé"
"1988-05-15 13:00","1988","05","15","13:00"," ","19,10","","12,10","","64,00","","16,00","","7,00","","24,10","","97,95","","","","","","Généralement nuageux"
"1988-05-15 14:00","1988","05","15","14:00"," ","20,60","","10,20","","51,00","","2,00","","11,00","","24,10","","97,92","","","","","","Généralement nuageux"
"1988-05-15 15:00","1988","05","15","15:00"," ","20,90","","11,20","","54,00","","16,00","","6,00","","24,10","","97,88","","","","","","Généralement nuageux"
"1988-05-15 16:00","1988","05","15","16:00"," ","22,20","","9,60","","45,00","","23,00","","7,00","","24,10","","97,82","","","","","","Généralement dégagé"
"1988-05-15 17:00","1988","05","15","17:00"," ","22,50","","7,60","","38,00","","21,00","","15,00","","24,10","","97,78","","","","","","Généralement dégagé"
"1988-05-15 18:00","1988","05","15","18:00"," ","20,60","","8,10","","45,00","","26,00","","7,00","","24,10","","97,78","","","","","","Généralement nuageux"
"1988-05-15 19:00","1988","05","15","19:00"," ","17,60","","8,50","","55,00","","1,00","","20,00","","24,10","","97,82","","","","","","Généralement dégagé"
"1988-05-15 20:00","1988","05","15","20:00"," ","16,40","","9,10","","62,00","","5,00","","20,00","","24,10","","97,88","","","","","","Généralement nuageux"
"1988-05-15 21:00","1988","05","15","21:00"," ","15,30","","8,40","","63,00","","9,00","","11,00","","24,10","","97,92","","","","","","Généralement nuageux"
"1988-05-15 22:00","1988","05","15","22:00"," ","11,30","","7,40","","77,00","","32,00","","11,00","","24,10","","97,98","","","","","","Généralement nuageux"
"1988-05-15 23:00","1988","05","15","23:00"," ","8,90","","6,40","","84,00","","0,00","","0,00","","24,10","","97,98","","","","","","Dégagé"
"1988-05-16 00:00","1988","05","16","00:00"," ","8,20","","6,70","","90,00","","30,00","","7,00","","24,10","","98,02","","","","","","Dégagé"
"1988-05-16 01:00","1988","05","16","01:00"," ","7,40","","6,30","","93,00","","0,00","","0,00","","24,10","","98,05","","","","","","Dégagé"
"1988-05-16 02:00","1988","05","16","02:00"," ","7,60","","6,70","","94,00","","31,00","","9,00","","24,10","","98,08","","","","","","Généralement nuageux"
"1988-05-16 03:00","1988","05","16","03:00"," ","6,30","","5,30","","93,00","","30,00","","17,00","","24,10","","98,18","","","","","","Généralement dégagé"
"1988-05-16 04:00","1988","05","16","04:00"," ","6,20","","5,50","","95,00","","30,00","","20,00","","24,10","","98,22","","","","","","Généralement dégagé"
"1988-05-16 05:00","1988","05","16","05:00"," ","6,80","","6,20","","96,00","","32,00","","7,00","","24,10","","98,28","","","","","","Généralement dégagé"
"1988-05-16 06:00","1988","05","16","06:00"," ","6,90","","5,90","","93,00","","34,00","","7,00","","24,10","","98,38","","","","","","Généralement dégagé"
"1988-05-16 07:00","1988","05","16","07:00"," ","9,10","","6,40","","83,00","","5,00","","15,00","","24,10","","98,45","","","","","","Généralement nuageux"
"1988-05-16 08:00","1988","05","16","08:00"," ","7,80","","3,90","","76,00","","4,00","","17,00","","24,10","","98,58","","","","","","Généralement nuageux"
"1988-05-16 09:00","1988","05","16","09:00"," ","7,50","","3,20","","74,00","","5,00","","15,00","","24,10","","98,71","","","","","","Généralement nuageux"
"1988-05-16 10:00","1988","05","16","10:00"," ","7,90","","2,40","","68,00","","5,00","","17,00","","24,10","","98,81","","","","","","Généralement nuageux"
"1988-05-16 11:00","1988","05","16","11:00"," ","8,60","","2,60","","66,00","","9,00","","13,00","","24,10","","98,88","","","","","","Généralement nuageux"
"1988-05-16 12:00","1988","05","16","12:00"," ","10,90","","3,70","","61,00","","12,00","","4,00","","24,10","","98,91","","","","","","Généralement nuageux"
"1988-05-16 13:00","1988","05","16","13:00"," ","12,00","","4,00","","58,00","","22,00","","9,00","","24,10","","98,91","","","","","","Généralement nuageux"
"1988-05-16 14:00","1988","05","16","14:00"," ","12,60","","5,00","","60,00","","27,00","","15,00","","24,10","","98,95","","","","","","Généralement nuageux"
"1988-05-16 15:00","1988","05","16","15:00"," ","13,00","","3,40","","52,00","","33,00","","26,00","","24,10","","98,95","","","","","","Généralement dégagé"
"1988-05-16 16:00","1988","05","16","16:00"," ","13,50","","2,90","","49,00","","28,00","","24,00","","25,00","","99,01","","","","","","Généralement dégagé"
"1988-05-16 17:00","1988","05","16","17:00"," ","13,70","","2,30","","46,00","","34,00","","22,00","","25,00","","99,05","","","","","","Généralement dégagé"
"1988-05-16 18:00","1988","05","16","18:00"," ","12,60","","2,20","","49,00","","35,00","","19,00","","25,00","","99,08","","","","","","Généralement dégagé"
"1988-05-16 19:00","1988","05","16","19:00"," ","12,00","","2,00","","50,00","","36,00","","15,00","","25,00","","99,11","","","","","","Généralement nuageux"
"1988-05-16 20:00","1988","05","16","20:00"," ","11,70","","-1,80","","39,00","","4,00","","20,00","","25,00","","99,21","","","","","","Généralement nuageux"
"1988-05-16 21:00","1988","05","16","21:00"," ","11,20","","-3,50","","35,00","","8,00","","17,00","","24,10","","99,31","","","","","","Généralement nuageux"
"1988-05-16 22:00","1988","05","16","22:00"," ","10,00","","-3,30","","39,00","","7,00","","11,00","","24,10","","99,38","","","","","","Généralement nuageux"
"1988-05-16 23:00","1988","05","16","23:00"," ","7,90","","-3,00","","46,00","","30,00","","11,00","","24,10","","99,41","","","","","","Généralement nuageux"
"1988-05-17 00:00","1988","05","17","00:00"," ","9,40","","-2,70","","42,00","","6,00","","9,00","","24,10","","99,41","","","","","","Généralement nuageux"
"1988-05-17 01:00","1988","05","17","01:00"," ","8,80","","-2,70","","44,00","","8,00","","11,00","","24,10","","99,41","","","","","","Généralement dégagé"
"1988-05-17 02:00","1988","05","17","02:00"," ","5,10","","-0,90","","65,00","","0,00","","0,00","","24,10","","99,48","","","","","","Dégagé"
"1988-05-17 03:00","1988","05","17","03:00"," ","4,40","","-2,90","","59,00","","0,00","","0,00","","24,10","","99,51","","","","","","Dégagé"
"1988-05-17 04:00","1988","05","17","04:00"," ","4,20","","-3,50","","57,00","","0,00","","0,00","","24,10","","99,58","","","","","","Dégagé"
"1988-05-17 05:00","1988","05","17","05:00"," ","3,40","","-3,20","","62,00","","34,00","","4,00","","24,10","","99,58","","","","","","Dégagé"
"1988-05-17 06:00","1988","05","17","06:00"," ","4,80","","-3,50","","55,00","","2,00","","4,00","","24,10","","99,65","","","","","","Dégagé"
"1988-05-17 07:00","1988","05","17","07:00"," ","6,10","","-3,50","","50,00","","6,00","","15,00","","25,00","","99,68","","","","","","Dégagé"
"1988-05-17 08:00","1988","05","17","08:00"," ","7,20","","-3,90","","45,00","","10,00","","9,00","","25,00","","99,74","","","","","","Dégagé"
"1988-05-17 09:00","1988","05","17","09:00"," ","9,40","","-4,40","","37,00","","10,00","","4,00","","25,00","","99,74","","","","","","Dégagé"
"1988-05-17 10:00","1988","05","17","10:00"," ","9,80","","-2,70","","41,00","","28,00","","15,00","","25,00","","99,74","","","","","","Dégagé"
"1988-05-17 11:00","1988","05","17","11:00"," ","8,80","","0,50","","56,00","","30,00","","26,00","","25,00","","99,78","","","","","","Dégagé"
"1988-05-17 12:00","1988","05","17","12:00"," ","9,80","","-0,90","","47,00","","29,00","","28,00","","25,00","","99,74","","","","","","Dégagé"
"1988-05-17 13:00","1988","05","17","13:00"," ","10,60","","-1,80","","42,00","","30,00","","30,00","","25,00","","99,74","","","","","","Dégagé"
"1988-05-17 14:00","1988","05","17","14:00"," ","11,40","","-3,60","","35,00","","31,00","","28,00","","25,00","","99,74","","","","","","Dégagé"
"1988-05-17 15:00","1988","05","17","15:00"," ","11,50","","-3,90","","34,00","","30,00","","26,00","","25,00","","99,74","","","","","","Dégagé"
"1988-05-17 16:00","1988","05","17","16:00"," ","12,30","","-4,90","","30,00","","31,00","","22,00","","25,00","","99,68","","","","","","Généralement dégagé"
"1988-05-17 17:00","1988","05","17","17:00"," ","12,30","","-5,20","","29,00","","29,00","","20,00","","25,00","","99,68","","","","","","Généralement dégagé"
"1988-05-17 18:00","1988","05","17","18:00"," ","11,70","","-6,80","","27,00","","35,00","","19,00","","25,00","","99,71","","","","","","Dégagé"
"1988-05-17 19:00","1988","05","17","19:00"," ","10,30","","-5,30","","33,00","","32,00","","17,00","","25,00","","99,74","","","","","","Dégagé"
"1988-05-17 20:00","1988","05","17","20:00"," ","8,10","","-5,20","","38,00","","30,00","","7,00","","25,00","","99,74","","","","","","Généralement dégagé"
"1988-05-17 21:00","1988","05","17","21:00"," ","5,70","","-0,20","","66,00","","31,00","","13,00","","25,00","","99,78","","","","","","Dégagé"
"1988-05-17 22:00","1988","05","17","22:00"," ","4,80","","0,40","","73,00","","31,00","","11,00","","24,10","","99,81","","","","","","Dégagé"
"1988-05-17 23:00","1988","05","17","23:00"," ","5,00","","-0,30","","69,00","","30,00","","15,00","","24,10","","99,84","","","","","","Dégagé"
"1988-05-18 00:00","1988","05","18","00:00"," ","2,50","","0,10","","84,00","","0,00","","0,00","","24,10","","99,84","","","","","","Dégagé"
"1988-05-18 01:00","1988","05","18","01:00"," ","1,70","","0,00","","88,00","","33,00","","4,00","","24,10","","99,84","","","","","","Dégagé"
"1988-05-18 02:00","1988","05","18","02:00"," ","1,40","","-0,20","","89,00","","0,00","","0,00","","24,10","","99,84","","","","","","Dégagé"
"1988-05-18 03:00","1988","05","18","03:00"," ","-0,50","","-2,10","","89,00","","0,00","","0,00","","24,10","","99,84","","","","","","Dégagé"
"1988-05-18 04:00","1988","05","18","04:00"," ","-1,70","","-2,90","","92,00","","0,00","","0,00","","24,10","","99,84","","","","","","Dégagé"
"1988-05-18 05:00","1988","05","18","05:00"," ","-1,40","","-2,70","","91,00","","0,00","","0,00","","24,10","","99,88","","","","","","Dégagé"
"1988-05-18 06:00","1988","05","18","06:00"," ","0,40","","-0,90","","91,00","","0,00","","0,00","","25,00","","99,91","","","","","","Dégagé"
"1988-05-18 07:00","1988","05","18","07:00"," ","6,00","","2,10","","76,00","","0,00","","0,00","","25,00","","99,94","","","","","","Généralement dégagé"
"1988-05-18 08:00","1988","05","18","08:00"," ","11,40","","0,00","","45,00","","7,00","","7,00","","25,00","","100,01","","","","","","Dégagé"
"1988-05-18 09:00","1988","05","18","09:00"," ","14,00","","0,80","","40,00","","9,00","","4,00","","25,00","","100,04","","","","","","Dégagé"
"1988-05-18 10:00","1988","05","18","10:00"," ","16,20","","-1,20","","30,00","","18,00","","9,00","","25,00","","100,01","","","","","","Dégagé"
"1988-05-18 11:00","1988","05","18","11:00"," ","17,80","","-2,60","","25,00","","23,00","","13,00","","25,00","","99,98","","","","","","Dégagé"
"1988-05-18 12:00","1988","05","18","12:00"," ","19,20","","-1,90","","24,00","","22,00","","9,00","","25,00","","99,91","","","","","","Généralement dégagé"
"1988-05-18 13:00","1988","05","18","13:00"," ","18,90","","-1,90","","24,00","","30,00","","15,00","","25,00","","99,84","","","","","","Généralement dégagé"
"1988-05-18 14:00","1988","05","18","14:00"," ","19,60","","-1,30","","24,00","","29,00","","15,00","","25,00","","99,78","","","","","","Généralement dégagé"
"1988-05-18 15:00","1988","05","18","15:00"," ","21,30","","0,60","","25,00","","23,00","","17,00","","25,00","","99,74","","","","","","Généralement dégagé"
"1988-05-18 16:00","1988","05","18","16:00"," ","21,60","","-1,10","","22,00","","21,00","","7,00","","25,00","","99,65","","","","","","Généralement dégagé"
"1988-05-18 17:00","1988","05","18","17:00"," ","22,50","","-2,30","","19,00","","15,00","","6,00","","25,00","","99,58","","","","","","Généralement dégagé"
"1988-05-18 18:00","1988","05","18","18:00"," ","21,90","","-1,90","","20,00","","20,00","","4,00","","25,00","","99,58","","","","","","Généralement dégagé"
"1988-05-18 19:00","1988","05","18","19:00"," ","19,80","","0,60","","28,00","","19,00","","11,00","","25,00","","99,58","","","","","","Généralement dégagé"
"1988-05-18 20:00","1988","05","18","20:00"," ","15,80","","1,50","","38,00","","24,00","","7,00","","25,00","","99,58","","","","","","Généralement dégagé"
"1988-05-18 21:00","1988","05","18","21:00"," ","11,60","","2,40","","53,00","","0,00","","0,00","","25,00","","99,58","","","","","","Dégagé"
"1988-05-18 22:00","1988","05","18","22:00"," ","7,60","","2,20","","69,00","","8,00","","4,00","","24,10","","99,61","","","","","","Dégagé"
"1988-05-18 23:00","1988","05","18","23:00"," ","7,30","","1,80","","68,00","","4,00","","4,00","","24,10","","99,61","","","","","","Dégagé"
"1988-05-19 00:00","1988","05","19","00:00"," ","6,10","","1,30","","71,00","","8,00","","4,00","","24,10","","99,61","","","","","","Dégagé"
"1988-05-19 01:00","1988","05","19","01:00"," ","8,90","","0,10","","54,00","","0,00","","0,00","","24,10","","99,61","","","","","","Généralement dégagé"
"1988-05-19 02:00","1988","05","19","02:00"," ","6,00","","0,60","","68,00","","8,00","","4,00","","24,10","","99,55","","","","","","Dégagé"
"1988-05-19 03:00","1988","05","19","03:00"," ","5,30","","-0,20","","68,00","","0,00","","0,00","","24,10","","99,55","","","","","","Dégagé"
"1988-05-19 04:00","1988","05","19","04:00"," ","2,70","","-0,50","","79,00","","0,00","","0,00","","24,10","","99,55","","","","","","Dégagé"
"1988-05-19 05:00","1988","05","19","05:00"," ","0,70","","-1,10","","87,00","","0,00","","0,00","","24,10","","99,58","","","","","","Généralement dégagé"
"1988-05-19 06:00","1988","05","19","06:00"," ","2,90","","1,50","","91,00","","0,00","","0,00","","24,10","","99,55","","","","","","Généralement dégagé"
"1988-05-19 07:00","1988","05","19","07:00"," ","6,60","","4,50","","86,00","","0,00","","0,00","","24,10","","99,58","","","","","","Généralement nuageux"
"1988-05-19 08:00","1988","05","19","08:00"," ","10,00","","3,00","","62,00","","0,00","","0,00","","24,10","","99,58","","","","","","Généralement nuageux"
"1988-05-19 09:00","1988","05","19","09:00"," ","16,00","","3,10","","42,00","","6,00","","6,00","","16,10","","99,55","","","","","","Généralement nuageux"
"1988-05-19 10:00","1988","05","19","10:00"," ","20,00","","4,40","","36,00","","12,00","","7,00","","24,10","","99,55","","","","","","Généralement nuageux"
"1988-05-19 11:00","1988","05","19","11:00"," ","22,00","","3,70","","30,00","","7,00","","13,00","","24,10","","99,48","","","","","","Généralement nuageux"
"1988-05-19 12:00","1988","05","19","12:00"," ","22,40","","6,90","","37,00","","16,00","","15,00","","24,10","","99,41","","","","","","Généralement nuageux"
"1988-05-19 13:00","1988","05","19","13:00"," ","23,90","","6,30","","32,00","","14,00","","19,00","","24,10","","99,38","","","","","","Généralement nuageux"
"1988-05-19 14:00","1988","05","19","14:00"," ","23,20","","8,20","","38,00","","16,00","","15,00","","24,10","","99,35","","","","","","Généralement nuageux"
"1988-05-19 15:00","1988","05","19","15:00"," ","23,60","","10,00","","42,00","","15,00","","19,00","","25,00","","99,31","","25,00","","","","Généralement nuageux"
"1988-05-19 16:00","1988","05","19","16:00"," ","23,00","","10,70","","46,00","","14,00","","19,00","","25,00","","99,28","","25,00","","","","Généralement nuageux"
"1988-05-19 17:00","1988","05","19","17:00"," ","22,30","","11,50","","51,00","","16,00","","15,00","","25,00","","99,25","","","","","","Généralement nuageux"
"1988-05-19 18:00","1988","05","19","18:00"," ","20,80","","11,70","","56,00","","15,00","","11,00","","25,00","","99,25","","","","","","Généralement nuageux"
"1988-05-19 19:00","1988","05","19","19:00"," ","19,40","","11,70","","61,00","","13,00","","7,00","","25,00","","99,28","","","","","","Généralement nuageux"
"1988-05-19 20:00","1988","05","19","20:00"," ","17,20","","11,80","","70,00","","15,00","","6,00","","25,00","","99,28","","","","","","Généralement nuageux"
"1988-05-19 21:00","1988","05","19","21:00"," ","13,80","","10,80","","82,00","","0,00","","0,00","","25,00","","99,35","","","","","","Généralement nuageux"
"1988-05-19 22:00","1988","05","19","22:00"," ","13,70","","10,80","","82,00","","15,00","","4,00","","24,10","","99,35","","","","","","Généralement dégagé"
"1988-05-19 23:00","1988","05","19","23:00"," ","13,80","","11,00","","83,00","","0,00","","0,00","","24,10","","99,35","","","","","","Généralement dégagé"
"1988-05-20 00:00","1988","05","20","00:00"," ","12,10","","10,10","","88,00","","0,00","","0,00","","24,10","","99,35","","","","","","Généralement dégagé"
"1988-05-20 01:00","1988","05","20","01:00"," ","10,90","","9,50","","91,00","","9,00","","7,00","","24,10","","99,28","","","","","","Généralement dégagé"
"1988-05-20 02:00","1988","05","20","02:00"," ","9,90","","9,40","","97,00","","12,00","","4,00","","24,10","","99,28","","","","","","Généralement dégagé"
"1988-05-20 03:00","1988","05","20","03:00"," ","11,30","","10,20","","93,00","","7,00","","4,00","","24,10","","99,21","","","","","","Généralement nuageux"
"1988-05-20 04:00","1988","05","20","04:00"," ","11,90","","11,10","","95,00","","0,00","","0,00","","24,10","","99,21","","","","","","Généralement nuageux"
"1988-05-20 05:00","1988","05","20","05:00"," ","11,60","","10,80","","95,00","","31,00","","6,00","","4,80","","99,28","","","","","","Brouillard"
"1988-05-20 06:00","1988","05","20","06:00"," ","12,40","","11,30","","93,00","","0,00","","0,00","","8,00","","99,28","","","","","","Brouillard"
"1988-05-20 07:00","1988","05","20","07:00"," ","12,50","","11,40","","93,00","","0,00","","0,00","","16,10","","99,31","","","","","","Averses de pluie"
"1988-05-20 08:00","1988","05","20","08:00"," ","13,40","","12,20","","93,00","","0,00","","0,00","","9,70","","99,35","","","","","","Averses de pluie,Brouillard"
"1988-05-20 09:00","1988","05","20","09:00"," ","14,80","","13,30","","91,00","","0,00","","0,00","","4,80","","99,35","","","","","","Averses de pluie,Brouillard"
"1988-05-20 10:00","1988","05","20","10:00"," ","15,10","","14,20","","94,00","","12,00","","4,00","","3,20","","99,35","","","","","","Averses de pluie,Brouillard"
"1988-05-20 11:00","1988","05","20","11:00"," ","17,30","","15,50","","89,00","","18,00","","4,00","","4,80","","99,31","","","","","","Averses de pluie,Brouillard"
"1988-05-20 12:00","1988","05","20","12:00"," ","18,10","","15,30","","84,00","","23,00","","6,00","","6,40","","99,25","","","","","","Brouillard"
"1988-05-20 13:00","1988","05","20","13:00"," ","17,50","","15,50","","88,00","","26,00","","7,00","","12,90","","99,21","","","","","","Averses de pluie"
"1988-05-20 14:00","1988","05","20","14:00"," ","18,70","","15,40","","81,00","","26,00","","7,00","","12,90","","99,18","","","","","","Nuageux"
"1988-05-20 15:00","1988","05","20","15:00"," ","18,50","","14,70","","79,00","","31,00","","13,00","","16,10","","99,18","","","","","","Généralement nuageux"
"1988-05-20 16:00","1988","05","20","16:00"," ","20,40","","15,40","","73,00","","32,00","","15,00","","19,30","","99,18","","25,00","","","","Généralement nuageux"
"1988-05-20 17:00","1988","05","20","17:00"," ","20,70","","15,70","","73,00","","30,00","","4,00","","16,10","","99,11","","25,00","","","","Orages,Averses de pluie"
"1988-05-20 18:00","1988","05","20","18:00"," ","19,20","","16,60","","85,00","","0,00","","0,00","","16,10","","99,08","","","","","","Averses de pluie"
"1988-05-20 19:00","1988","05","20","19:00"," ","18,00","","16,20","","89,00","","0,00","","0,00","","19,30","","99,08","","","","","","Averses de pluie"
"1988-05-20 20:00","1988","05","20","20:00"," ","17,20","","16,50","","96,00","","0,00","","0,00","","8,00","","99,08","","","","","","Brouillard"
"1988-05-20 21:00","1988","05","20","21:00"," ","15,60","","14,80","","95,00","","26,00","","4,00","","3,20","","99,08","","","","","","Brouillard"
"1988-05-20 22:00","1988","05","20","22:00"," ","15,00","","14,60","","98,00","","0,00","","0,00","","3,20","","99,08","","","","","","Brouillard"
"1988-05-20 23:00","1988","05","20","23:00"," ","14,40","","14,10","","98,00","","0,00","","0,00","","8,00","","99,08","","","","","","Brouillard"
"1988-05-21 00:00","1988","05","21","00:00"," ","12,30","","12,20","","100,00","","29,00","","6,00","","1,20","","99,08","","","","","","Brouillard"
"1988-05-21 01:00","1988","05","21","01:00"," ","11,10","","11,10","","100,00","","31,00","","7,00","","1,20","","99,08","","","","","","Brouillard"
"1988-05-21 02:00","1988","05","21","02:00"," ","11,10","","10,80","","98,00","","0,00","","0,00","","19,30","","99,08","","","","","","Nuageux"
"1988-05-21 03:00","1988","05","21","03:00"," ","9,90","","9,70","","99,00","","0,00","","0,00","","19,30","","99,08","","","","","","Généralement nuageux"
"1988-05-21 04:00","1988","05","21","04:00"," ","11,50","","11,50","","100,00","","32,00","","11,00","","19,30","","99,08","","","","","","Généralement nuageux"
"1988-05-21 05:00","1988","05","21","05:00"," ","10,20","","9,80","","97,00","","31,00","","19,00","","1,20","","99,08","","","","","","Brouillard"
"1988-05-21 06:00","1988","05","21","06:00"," ","10,60","","10,10","","97,00","","31,00","","17,00","","1,20","","99,11","","","","","","Brouillard"
"1988-05-21 07:00","1988","05","21","07:00"," ","9,70","","9,20","","97,00","","30,00","","11,00","","1,60","","99,11","","","","","","Brouillard"
"1988-05-21 08:00","1988","05","21","08:00"," ","10,40","","10,10","","98,00","","30,00","","19,00","","2,40","","99,11","","","","","","Brouillard"
"1988-05-21 09:00","1988","05","21","09:00"," ","12,20","","10,30","","88,00","","31,00","","19,00","","16,10","","99,11","","","","","","Généralement nuageux"
"1988-05-21 10:00","1988","05","21","10:00"," ","13,60","","10,90","","84,00","","30,00","","20,00","","19,30","","99,11","","","","","","Généralement nuageux"
"1988-05-21 11:00","1988","05","21","11:00"," ","16,00","","11,90","","77,00","","31,00","","22,00","","24,10","","99,08","","","","","","Généralement dégagé"
"1988-05-21 12:00","1988","05","21","12:00"," ","17,30","","12,60","","74,00","","30,00","","26,00","","24,10","","99,08","","","","","","Généralement dégagé"
"1988-05-21 13:00","1988","05","21","13:00"," ","19,80","","13,40","","67,00","","30,00","","22,00","","24,10","","99,05","","","","","","Généralement nuageux"
"1988-05-21 14:00","1988","05","21","14:00"," ","21,50","","13,10","","59,00","","30,00","","24,00","","25,00","","99,01","","","","","","Généralement nuageux"
"1988-05-21 15:00","1988","05","21","15:00"," ","22,60","","12,30","","52,00","","33,00","","15,00","","25,00","","99,05","","25,00","","","","Généralement dégagé"
"1988-05-21 16:00","1988","05","21","16:00"," ","22,80","","12,40","","52,00","","30,00","","15,00","","25,00","","99,08","","25,00","","","","Généralement dégagé"
"1988-05-21 17:00","1988","05","21","17:00"," ","22,40","","12,60","","54,00","","33,00","","7,00","","25,00","","99,11","","25,00","","","","Généralement nuageux"
"1988-05-21 18:00","1988","05","21","18:00"," ","21,00","","15,60","","71,00","","10,00","","7,00","","25,00","","99,08","","25,00","","","","Généralement nuageux"
"1988-05-21 19:00","1988","05","21","19:00"," ","18,80","","11,00","","61,00","","30,00","","22,00","","25,00","","99,08","","","","","","Généralement dégagé"
"1988-05-21 20:00","1988","05","21","20:00"," ","16,00","","10,30","","69,00","","33,00","","7,00","","25,00","","99,11","","","","","","Généralement dégagé"
"1988-05-21 21:00","1988","05","21","21:00"," ","12,00","","9,20","","83,00","","29,00","","11,00","","25,00","","99,18","","","","","","Généralement dégagé"
"1988-05-21 22:00","1988","05","21","22:00"," ","10,20","","8,10","","87,00","","26,00","","4,00","","25,00","","99,21","","","","","","Généralement dégagé"
"1988-05-21 23:00","1988","05","21","23:00"," ","10,00","","8,30","","89,00","","0,00","","0,00","","24,10","","99,21","","","","","","Dégagé"
"1988-05-22 00:00","1988","05","22","00:00"," ","9,70","","8,00","","89,00","","0,00","","0,00","","24,10","","99,21","","","","","","Dégagé"
"1988-05-22 01:00","1988","05","22","01:00"," ","9,40","","8,10","","92,00","","0,00","","0,00","","24,10","","99,18","","","","","","Dégagé"
"1988-05-22 02:00","1988","05","22","02:00"," ","8,10","","7,30","","94,00","","0,00","","0,00","","24,10","","99,18","","","","","","Dégagé"
"1988-05-22 03:00","1988","05","22","03:00"," ","7,40","","6,70","","96,00","","0,00","","0,00","","24,10","","99,21","","","","","","Dégagé"
"1988-05-22 04:00","1988","05","22","04:00"," ","8,00","","7,50","","97,00","","0,00","","0,00","","24,10","","99,18","","","","","","Dégagé"
"1988-05-22 05:00","1988","05","22","05:00"," ","7,70","","6,70","","93,00","","0,00","","0,00","","12,90","","99,21","","","","","","Généralement dégagé"
"1988-05-22 06:00","1988","05","22","06:00"," ","9,10","","8,40","","95,00","","0,00","","0,00","","19,30","","99,25","","","","","","Généralement dégagé"
"1988-05-22 07:00","1988","05","22","07:00"," ","11,80","","9,80","","88,00","","0,00","","0,00","","19,30","","99,28","","","","","","Généralement dégagé"
"1988-05-22 08:00","1988","05","22","08:00"," ","12,90","","9,70","","81,00","","29,00","","7,00","","19,30","","99,28","","","","","","Généralement dégagé"
"1988-05-22 09:00","1988","05","22","09:00"," ","12,40","","9,10","","80,00","","30,00","","13,00","","19,30","","99,28","","","","","","Généralement dégagé"
"1988-05-22 10:00","1988","05","22","10:00"," ","15,00","","10,40","","74,00","","30,00","","7,00","","19,30","","99,28","","","","","","Généralement nuageux"
"1988-05-22 11:00","1988","05","22","11:00"," ","17,80","","11,10","","65,00","","30,00","","20,00","","16,10","","99,28","","","","","","Généralement nuageux"
"1988-05-22 12:00","1988","05","22","12:00"," ","17,00","","10,40","","65,00","","29,00","","26,00","","16,10","","99,25","","","","","","Nuageux"
"1988-05-22 13:00","1988","05","22","13:00"," ","20,00","","11,60","","59,00","","31,00","","24,00","","19,30","","99,21","","","","","","Nuageux"
"1988-05-22 14:00","1988","05","22","14:00"," ","19,80","","11,00","","57,00","","31,00","","28,00","","25,00","","99,25","","","","","","Nuageux"
"1988-05-22 15:00","1988","05","22","15:00"," ","16,60","","10,00","","65,00","","33,00","","24,00","","25,00","","99,21","","","","","","Nuageux"
"1988-05-22 16:00","1988","05","22","16:00"," ","13,00","","8,90","","76,00","","32,00","","31,00","","25,00","","99,28","","","","","","Nuageux"
"1988-05-22 17:00","1988","05","22","17:00"," ","11,00","","7,40","","78,00","","29,00","","22,00","","25,00","","99,28","","","","","","Nuageux"
"1988-05-22 18:00","1988","05","22","18:00"," ","9,80","","6,30","","79,00","","30,00","","26,00","","25,00","","99,28","","","","","","Généralement nuageux"
"1988-05-22 19:00","1988","05","22","19:00"," ","11,00","","7,40","","78,00","","30,00","","22,00","","25,00","","99,28","","","","","","Généralement nuageux"
"1988-05-22 20:00","1988","05","22","20:00"," ","9,80","","6,40","","79,00","","29,00","","17,00","","25,00","","99,31","","","","","","Généralement nuageux"
"1988-05-22 21:00","1988","05","22","21:00"," ","8,50","","5,90","","84,00","","31,00","","15,00","","24,10","","99,31","","","","","","Grêle modérée"
"1988-05-22 22:00","1988","05","22","22:00"," ","8,30","","5,70","","84,00","","30,00","","20,00","","24,10","","99,31","","","","","","Généralement dégagé"
"1988-05-22 23:00","1988","05","22","23:00"," ","6,50","","4,80","","89,00","","29,00","","11,00","","24,10","","99,28","","","","","","Généralement dégagé"
"1988-05-23 00:00","1988","05","23","00:00"," ","6,40","","4,80","","89,00","","27,00","","7,00","","24,10","","99,28","","","","","","Dégagé"
"1988-05-23 01:00","1988","05","23","01:00"," ","6,00","","4,60","","91,00","","30,00","","17,00","","24,10","","99,28","","","","","","Généralement dégagé"
"1988-05-23 02:00","1988","05","23","02:00"," ","5,80","","4,10","","89,00","","31,00","","24,00","","24,10","","99,25","","","","","","Généralement dégagé"
"1988-05-23 03:00","1988","05","23","03:00"," ","6,00","","4,00","","87,00","","31,00","","24,00","","24,10","","99,28","","","","","","Généralement dégagé"
"1988-05-23 04:00","1988","05","23","04:00"," ","5,50","","3,80","","89,00","","30,00","","17,00","","24,10","","99,28","","","","","","Généralement dégagé"
"1988-05-23 05:00","1988","05","23","05:00"," ","5,60","","3,90","","89,00","","31,00","","19,00","","25,00","","99,31","","","","","","Généralement dégagé"
"1988-05-23 06:00","1988","05","23","06:00"," ","6,20","","4,60","","89,00","","31,00","","19,00","","25,00","","99,28","","","","","","Généralement dégagé"
"1988-05-23 07:00","1988","05","23","07:00"," ","7,40","","5,10","","85,00","","30,00","","15,00","","24,10","","99,28","","","","","","Généralement dégagé"
"1988-05-23 08:00","1988","05","23","08:00"," ","8,80","","5,60","","81,00","","30,00","","15,00","","24,10","","99,25","","","","","","Généralement dégagé"
"1988-05-23 09:00","1988","05","23","09:00"," ","9,70","","5,30","","74,00","","31,00","","11,00","","24,10","","99,25","","","","","","Généralement dégagé"
"1988-05-23 10:00","1988","05","23","10:00"," ","12,10","","6,70","","70,00","","29,00","","17,00","","24,10","","99,21","","","","","","Généralement dégagé"
"1988-05-23 11:00","1988","05","23","11:00"," ","15,00","","7,40","","60,00","","31,00","","19,00","","24,10","","99,11","","","","","","Généralement dégagé"
"1988-05-23 12:00","1988","05","23","12:00"," ","20,40","","4,20","","35,00","","31,00","","11,00","","24,10","","99,01","","","","","","Généralement dégagé"
"1988-05-23 13:00","1988","05","23","13:00"," ","22,20","","5,30","","33,00","","31,00","","22,00","","24,10","","98,95","","","","","","Généralement dégagé"
"1988-05-23 14:00","1988","05","23","14:00"," ","22,00","","5,30","","34,00","","32,00","","31,00","","24,10","","98,91","","","","","","Généralement dégagé"
"1988-05-23 15:00","1988","05","23","15:00"," ","17,60","","4,70","","43,00","","33,00","","33,00","","25,00","","98,91","","","","","","Généralement dégagé"
"1988-05-23 16:00","1988","05","23","16:00"," ","15,50","","5,40","","51,00","","30,00","","22,00","","25,00","","98,91","","","","","","Généralement dégagé"
"1988-05-23 17:00","1988","05","23","17:00"," ","15,20","","5,30","","51,00","","30,00","","26,00","","25,00","","98,91","","","","","","Généralement dégagé"
"1988-05-23 18:00","1988","05","23","18:00"," ","13,50","","0,30","","40,00","","31,00","","22,00","","25,00","","98,95","","","","","","Généralement dégagé"
"1988-05-23 19:00","1988","05","23","19:00"," ","11,80","","-0,20","","44,00","","31,00","","30,00","","25,00","","98,98","","","","","","Généralement dégagé"
"1988-05-23 20:00","1988","05","23","20:00"," ","7,90","","0,60","","60,00","","28,00","","22,00","","25,00","","98,98","","","","","","Généralement dégagé"
"1988-05-23 21:00","1988","05","23","21:00"," ","6,80","","0,90","","66,00","","29,00","","22,00","","24,10","","98,98","","","","","","Dégagé"
"1988-05-23 22:00","1988","05","23","22:00"," ","7,80","","-0,80","","55,00","","30,00","","24,00","","24,10","","98,98","","","","","","Dégagé"
"1988-05-23 23:00","1988","05","23","23:00"," ","6,10","","1,30","","71,00","","31,00","","22,00","","24,10","","99,01","","","","","","Dégagé"
"1988-05-24 00:00","1988","05","24","00:00"," ","5,60","","1,70","","76,00","","30,00","","20,00","","24,10","","99,05","","","","","","Dégagé"
"1988-05-24 01:00","1988","05","24","01:00"," ","3,80","","-0,30","","75,00","","0,00","","0,00","","24,10","","99,05","","","","","","Dégagé"
"1988-05-24 02:00","1988","05","24","02:00"," ","8,00","","-3,60","","44,00","","3,00","","11,00","","24,10","","99,08","","","","","","Dégagé"
"1988-05-24 03:00","1988","05","24","03:00"," ","3,30","","-2,70","","65,00","","4,00","","6,00","","24,10","","99,08","","","","","","Dégagé"
"1988-05-24 04:00","1988","05","24","04:00"," ","3,80","","-3,80","","58,00","","3,00","","7,00","","24,10","","99,11","","","","","","Dégagé"
"1988-05-24 05:00","1988","05","24","05:00"," ","2,10","","-2,50","","71,00","","32,00","","6,00","","24,10","","99,21","","","","","","Dégagé"
"1988-05-24 06:00","1988","05","24","06:00"," ","2,50","","-1,70","","74,00","","8,00","","7,00","","25,00","","99,28","","","","","","Dégagé"
"1988-05-24 07:00","1988","05","24","07:00"," ","7,10","","-1,20","","55,00","","4,00","","4,00","","24,10","","99,38","","","","","","Dégagé"
"1988-05-24 08:00","1988","05","24","08:00"," ","7,90","","-0,80","","54,00","","32,00","","22,00","","24,10","","99,41","","","","","","Dégagé"
"1988-05-24 09:00","1988","05","24","09:00"," ","8,30","","0,70","","59,00","","30,00","","28,00","","24,10","","99,41","","","","","","Dégagé"
"1988-05-24 10:00","1988","05","24","10:00"," ","7,10","","-0,70","","57,00","","31,00","","33,00","","24,10","","99,48","","","","","","Généralement dégagé"
"1988-05-24 11:00","1988","05","24","11:00"," ","6,80","","-1,60","","55,00","","31,00","","41,00","","24,10","","99,55","","","","","","Généralement dégagé"
"1988-05-24 12:00","1988","05","24","12:00"," ","7,20","","-2,50","","50,00","","32,00","","50,00","","24,10","","99,55","","","","","","Généralement dégagé"
"1988-05-24 13:00","1988","05","24","13:00"," ","7,60","","-2,60","","48,00","","32,00","","44,00","","24,10","","99,58","","","","","","Généralement nuageux"
"1988-05-24 14:00","1988","05","24","14:00"," ","6,80","","-3,00","","50,00","","33,00","","37,00","","25,00","","99,61","","","","","","Généralement nuageux"
"1988-05-24 15:00","1988","05","24","15:00"," ","7,40","","-1,90","","52,00","","33,00","","26,00","","25,00","","99,68","","","","","","Généralement nuageux"
"1988-05-24 16:00","1988","05","24","16:00"," ","7,60","","-1,70","","52,00","","31,00","","33,00","","25,00","","99,68","","","","","","Généralement dégagé"
"1988-05-24 17:00","1988","05","24","17:00"," ","7,00","","-1,90","","53,00","","31,00","","30,00","","25,00","","99,68","","","","","","Généralement dégagé"
"1988-05-24 18:00","1988","05","24","18:00"," ","6,90","","-1,60","","55,00","","31,00","","33,00","","25,00","","99,68","","","","","","Généralement dégagé"
"1988-05-24 19:00","1988","05","24","19:00"," ","6,30","","-0,80","","61,00","","31,00","","30,00","","25,00","","99,74","","","","","","Généralement dégagé"
"1988-05-24 20:00","1988","05","24","20:00"," ","5,20","","-0,80","","65,00","","32,00","","26,00","","25,00","","99,84","","","","","","Généralement nuageux"
"1988-05-24 21:00","1988","05","24","21:00"," ","4,80","","-0,30","","70,00","","33,00","","22,00","","24,10","","99,88","","","","","","Généralement nuageux"
"1988-05-24 22:00","1988","05","24","22:00"," ","4,20","","-0,20","","73,00","","34,00","","22,00","","24,10","","99,91","","","","","","Généralement dégagé"
"1988-05-24 23:00","1988","05","24","23:00"," ","3,40","","0,10","","79,00","","0,00","","0,00","","24,10","","99,88","","","","","","Dégagé"
"1988-05-25 00:00","1988","05","25","00:00"," ","3,30","","0,50","","82,00","","29,00","","4,00","","24,10","","99,94","","","","","","Dégagé"
"1988-05-25 01:00","1988","05","25","01:00"," ","0,40","","-1,50","","87,00","","28,00","","4,00","","24,10","","99,88","","","","","","Dégagé"
"1988-05-25 02:00","1988","05","25","02:00"," ","-0,90","","-1,90","","93,00","","0,00","","0,00","","24,10","","99,94","","","","","","Dégagé"
"1988-05-25 03:00","1988","05","25","03:00"," ","2,80","","0,60","","86,00","","35,00","","15,00","","24,10","","99,94","","","","","","Dégagé"
"1988-05-25 04:00","1988","05","25","04:00"," ","2,70","","0,50","","85,00","","34,00","","13,00","","24,10","","99,98","","","","","","Dégagé"
"1988-05-25 05:00","1988","05","25","05:00"," ","2,60","","0,80","","88,00","","34,00","","11,00","","24,10","","99,98","","","","","","Dégagé"
"1988-05-25 06:00","1988","05","25","06:00"," ","3,60","","1,30","","85,00","","33,00","","9,00","","24,10","","100,01","","","","","","Dégagé"
"1988-05-25 07:00","1988","05","25","07:00"," ","5,30","","2,00","","79,00","","33,00","","11,00","","24,10","","100,04","","","","","","Dégagé"
"1988-05-25 08:00","1988","05","25","08:00"," ","7,50","","2,50","","71,00","","30,00","","13,00","","24,10","","100,04","","","","","","Dégagé"
"1988-05-25 09:00","1988","05","25","09:00"," ","7,80","","2,10","","67,00","","29,00","","19,00","","24,10","","100,04","","","","","","Dégagé"
"1988-05-25 10:00","1988","05","25","10:00"," ","9,10","","2,20","","62,00","","30,00","","20,00","","24,10","","100,04","","","","","","Généralement dégagé"
"1988-05-25 11:00","1988","05","25","11:00"," ","11,90","","2,00","","51,00","","30,00","","26,00","","24,10","","99,98","","","","","","Généralement dégagé"
"1988-05-25 12:00","1988","05","25","12:00"," ","11,50","","2,30","","53,00","","30,00","","28,00","","24,10","","99,94","","","","","","Généralement dégagé"
"1988-05-25 13:00","1988","05","25","13:00"," ","12,60","","2,60","","51,00","","30,00","","22,00","","24,10","","99,91","","","","","","Généralement nuageux"
"1988-05-25 14:00","1988","05","25","14:00"," ","12,20","","-0,10","","43,00","","33,00","","28,00","","24,10","","99,88","","","","","","Généralement nuageux"
"1988-05-25 15:00","1988","05","25","15:00"," ","11,80","","0,20","","45,00","","31,00","","24,00","","24,10","","99,81","","","","","","Généralement nuageux"
"1988-05-25 16:00","1988","05","25","16:00"," ","11,60","","-1,40","","40,00","","31,00","","22,00","","24,10","","99,74","","","","","","Généralement nuageux"
"1988-05-25 17:00","1988","05","25","17:00"," ","13,40","","-0,50","","38,00","","33,00","","19,00","","24,10","","99,74","","","","","","Généralement dégagé"
"1988-05-25 18:00","1988","05","25","18:00"," ","13,20","","-1,00","","37,00","","34,00","","19,00","","24,10","","99,68","","","","","","Généralement dégagé"
"1988-05-25 19:00","1988","05","25","19:00"," ","12,50","","-0,90","","40,00","","33,00","","11,00","","24,10","","99,65","","","","","","Généralement dégagé"
"1988-05-25 20:00","1988","05","25","20:00"," ","9,40","","0,10","","52,00","","24,00","","7,00","","24,10","","99,61","","","","","","Généralement dégagé"
"1988-05-25 21:00","1988","05","25","21:00"," ","5,10","","0,60","","73,00","","0,00","","0,00","","24,10","","99,61","","","","","","Dégagé"
"1988-05-25 22:00","1988","05","25","22:00"," ","5,30","","1,00","","74,00","","0,00","","0,00","","24,10","","99,58","","","","","","Dégagé"
"1988-05-25 23:00","1988","05","25","23:00"," ","4,30","","1,20","","80,00","","0,00","","0,00","","24,10","","99,55","","","","","","Dégagé"
"1988-05-26 00:00","1988","05","26","00:00"," ","2,00","","0,10","","87,00","","19,00","","2,00","","24,10","","99,51","","","","","","Généralement dégagé"
"1988-05-26 01:00","1988","05","26","01:00"," ","1,90","","0,00","","87,00","","0,00","","0,00","","24,10","","99,45","","","","","","Généralement nuageux"
"1988-05-26 02:00","1988","05","26","02:00"," ","3,40","","1,70","","89,00","","10,00","","7,00","","24,10","","99,35","","","","","","Généralement nuageux"
"1988-05-26 03:00","1988","05","26","03:00"," ","3,90","","1,60","","85,00","","15,00","","4,00","","24,10","","99,28","","","","","","Nuageux"
"1988-05-26 04:00","1988","05","26","04:00"," ","4,50","","1,90","","83,00","","13,00","","6,00","","24,10","","99,21","","","","","","Généralement nuageux"
"1988-05-26 05:00","1988","05","26","05:00"," ","3,50","","1,80","","88,00","","17,00","","4,00","","24,10","","99,18","","","","","","Généralement nuageux"
"1988-05-26 06:00","1988","05","26","06:00"," ","5,90","","3,80","","86,00","","13,00","","4,00","","24,10","","99,18","","","","","","Généralement nuageux"
"1988-05-26 07:00","1988","05","26","07:00"," ","7,70","","4,00","","77,00","","10,00","","7,00","","24,10","","99,11","","","","","","Généralement nuageux"
"1988-05-26 08:00","1988","05","26","08:00"," ","10,00","","4,90","","71,00","","10,00","","4,00","","24,10","","99,11","","","","","","Nuageux"
"1988-05-26 09:00","1988","05","26","09:00"," ","9,90","","5,40","","74,00","","7,00","","7,00","","12,90","","99,05","","","","","","Averses de pluie"
"1988-05-26 10:00","1988","05","26","10:00"," ","11,30","","8,50","","83,00","","21,00","","20,00","","19,30","","98,91","","","","","","Nuageux"
"1988-05-26 11:00","1988","05","26","11:00"," ","11,70","","9,10","","84,00","","22,00","","19,00","","19,30","","98,91","","","","","","Généralement nuageux"
"1988-05-26 12:00","1988","05","26","12:00"," ","13,60","","9,90","","78,00","","21,00","","11,00","","24,10","","98,91","","","","","","Généralement nuageux"
"1988-05-26 13:00","1988","05","26","13:00"," ","15,90","","11,70","","76,00","","23,00","","20,00","","24,10","","98,91","","","","","","Nuageux"
"1988-05-26 14:00","1988","05","26","14:00"," ","17,40","","11,60","","69,00","","23,00","","17,00","","24,10","","98,85","","","","","","Nuageux"
"1988-05-26 15:00","1988","05","26","15:00"," ","18,00","","10,80","","63,00","","23,00","","24,00","","24,10","","98,81","","","","","","Généralement nuageux"
"1988-05-26 16:00","1988","05","26","16:00"," ","19,50","","11,30","","59,00","","24,00","","20,00","","24,10","","98,81","","","","","","Généralement dégagé"
"1988-05-26 17:00","1988","05","26","17:00"," ","20,00","","10,30","","54,00","","24,00","","24,00","","24,10","","98,81","","","","","","Généralement dégagé"
"1988-05-26 18:00","1988","05","26","18:00"," ","19,00","","9,30","","53,00","","23,00","","20,00","","24,10","","98,81","","","","","","Généralement dégagé"
"1988-05-26 19:00","1988","05","26","19:00"," ","15,80","","8,60","","62,00","","30,00","","13,00","","24,10","","98,85","","","","","","Généralement dégagé"
"1988-05-26 20:00","1988","05","26","20:00"," ","13,40","","8,20","","71,00","","29,00","","11,00","","24,10","","98,88","","","","","","Généralement nuageux"
"1988-05-26 21:00","1988","05","26","21:00"," ","10,80","","7,30","","79,00","","4,00","","4,00","","24,10","","98,91","","","","","","Généralement dégagé"
"1988-05-26 22:00","1988","05","26","22:00"," ","8,70","","6,40","","85,00","","0,00","","0,00","","24,10","","98,91","","","","","","Généralement dégagé"
"1988-05-26 23:00","1988","05","26","23:00"," ","8,10","","6,10","","87,00","","27,00","","7,00","","24,10","","98,95","","","","","","Généralement dégagé"
"1988-05-27 00:00","1988","05","27","00:00"," ","8,70","","6,90","","88,00","","31,00","","9,00","","24,10","","98,95","","","","","","Généralement nuageux"
"1988-05-27 01:00","1988","05","27","01:00"," ","7,90","","6,00","","88,00","","29,00","","7,00","","24,10","","98,98","","","","","","Généralement nuageux"
"1988-05-27 02:00","1988","05","27","02:00"," ","7,60","","6,50","","93,00","","0,00","","0,00","","24,10","","98,95","","","","","","Généralement dégagé"
"1988-05-27 03:00","1988","05","27","03:00"," ","6,50","","5,40","","93,00","","0,00","","0,00","","19,30","","99,01","","","","","","Généralement dégagé"
"1988-05-27 04:00","1988","05","27","04:00"," ","7,00","","6,10","","94,00","","0,00","","0,00","","19,30","","98,98","","","","","","Généralement nuageux"
"1988-05-27 05:00","1988","05","27","05:00"," ","6,80","","6,10","","96,00","","0,00","","0,00","","19,30","","98,98","","","","","","Généralement nuageux"
"1988-05-27 06:00","1988","05","27","06:00"," ","8,30","","7,10","","92,00","","0,00","","0,00","","24,10","","99,01","","","","","","Nuageux"
"1988-05-27 07:00","1988","05","27","07:00"," ","9,10","","6,70","","85,00","","9,00","","11,00","","19,30","","99,05","","","","","","Nuageux"
"1988-05-27 08:00","1988","05","27","08:00"," ","11,40","","8,60","","83,00","","9,00","","15,00","","19,30","","99,01","","","","","","Nuageux"
"1988-05-27 09:00","1988","05","27","09:00"," ","15,40","","10,60","","73,00","","12,00","","13,00","","19,30","","98,98","","","","","","Nuageux"
"1988-05-27 10:00","1988","05","27","10:00"," ","13,70","","12,30","","91,00","","17,00","","6,00","","6,40","","99,01","","","","","","Averses de pluie,Brouillard"
"1988-05-27 11:00","1988","05","27","11:00"," ","13,60","","12,30","","92,00","","10,00","","7,00","","19,30","","98,98","","","","","","Nuageux"
"1988-05-27 12:00","1988","05","27","12:00"," ","15,60","","13,70","","89,00","","14,00","","4,00","","19,30","","98,95","","","","","","Généralement nuageux"
"1988-05-27 13:00","1988","05","27","13:00"," ","16,90","","13,90","","83,00","","22,00","","9,00","","24,10","","98,88","","","","","","Généralement nuageux"
"1988-05-27 14:00","1988","05","27","14:00"," ","17,90","","10,80","","63,00","","24,00","","28,00","","19,30","","98,88","","","","","","Averses de pluie"
"1988-05-27 15:00","1988","05","27","15:00"," ","15,20","","10,60","","74,00","","22,00","","19,00","","19,30","","98,81","","","","","","Nuageux"
"1988-05-27 16:00","1988","05","27","16:00"," ","15,90","","10,80","","72,00","","24,00","","20,00","","24,10","","98,85","","","","","","Nuageux"
"1988-05-27 17:00","1988","05","27","17:00"," ","16,20","","11,20","","72,00","","24,00","","15,00","","24,10","","98,88","","","","","","Nuageux"
"1988-05-27 18:00","1988","05","27","18:00"," ","15,90","","11,80","","77,00","","27,00","","4,00","","24,10","","98,91","","","","","","Nuageux"
"1988-05-27 19:00","1988","05","27","19:00"," ","18,20","","12,70","","70,00","","0,00","","0,00","","24,10","","98,95","","","","","","Généralement dégagé"
"1988-05-27 20:00","1988","05","27","20:00"," ","16,20","","13,20","","82,00","","0,00","","0,00","","24,10","","99,01","","","","","","Généralement dégagé"
"1988-05-27 21:00","1988","05","27","21:00"," ","12,10","","11,80","","98,00","","0,00","","0,00","","24,10","","99,05","","","","","","Dégagé"
"1988-05-27 22:00","1988","05","27","22:00"," ","11,40","","10,80","","96,00","","0,00","","0,00","","24,10","","99,08","","","","","","Dégagé"
"1988-05-27 23:00","1988","05","27","23:00"," ","9,60","","8,90","","95,00","","0,00","","0,00","","24,10","","99,08","","","","","","Généralement dégagé"
"1988-05-28 00:00","1988","05","28","00:00"," ","9,40","","9,20","","99,00","","0,00","","0,00","","24,10","","99,08","","","","","","Dégagé"
"1988-05-28 01:00","1988","05","28","01:00"," ","9,30","","8,90","","97,00","","6,00","","2,00","","16,10","","99,08","","","","","","Dégagé"
"1988-05-28 02:00","1988","05","28","02:00"," ","9,40","","8,80","","96,00","","6,00","","4,00","","16,10","","99,08","","","","","","Généralement dégagé"
"1988-05-28 03:00","1988","05","28","03:00"," ","7,90","","7,90","","100,00","","0,00","","0,00","","16,10","","99,11","","","","","","Généralement dégagé"
"1988-05-28 04:00","1988","05","28","04:00"," ","10,00","","9,70","","98,00","","10,00","","6,00","","8,00","","99,11","","","","","","Brouillard"
"1988-05-28 05:00","1988","05","28","05:00"," ","8,70","","8,40","","98,00","","7,00","","6,00","","4,80","","99,18","","","","","","Brouillard"
"1988-05-28 06:00","1988","05","28","06:00"," ","9,60","","9,30","","98,00","","9,00","","6,00","","6,40","","99,25","","","","","","Brouillard"
"1988-05-28 07:00","1988","05","28","07:00"," ","11,50","","10,10","","91,00","","9,00","","9,00","","0,60","","99,35","","","","","","Brouillard"
"1988-05-28 08:00","1988","05","28","08:00"," ","11,40","","11,10","","98,00","","8,00","","11,00","","0,80","","99,38","","","","","","Brouillard"
"1988-05-28 09:00","1988","05","28","09:00"," ","15,40","","12,60","","84,00","","7,00","","15,00","","11,30","","99,41","","","","","","Généralement dégagé"
"1988-05-28 10:00","1988","05","28","10:00"," ","17,40","","13,00","","75,00","","15,00","","15,00","","16,10","","99,38","","","","","","Généralement nuageux"
"1988-05-28 11:00","1988","05","28","11:00"," ","19,90","","13,90","","68,00","","12,00","","15,00","","19,30","","99,38","","","","","","Généralement nuageux"
"1988-05-28 12:00","1988","05","28","12:00"," ","21,90","","13,90","","60,00","","14,00","","7,00","","19,30","","99,35","","25,00","","","","Généralement nuageux"
"1988-05-28 13:00","1988","05","28","13:00"," ","23,40","","15,40","","61,00","","11,00","","11,00","","19,30","","99,28","","28,00","","","","Généralement nuageux"
"1988-05-28 14:00","1988","05","28","14:00"," ","24,60","","15,00","","55,00","","16,00","","7,00","","19,30","","99,28","","29,00","","","","Généralement nuageux"
"1988-05-28 15:00","1988","05","28","15:00"," ","25,70","","14,80","","51,00","","15,00","","13,00","","19,30","","99,25","","30,00","","","","Généralement nuageux"
"1988-05-28 16:00","1988","05","28","16:00"," ","26,40","","14,90","","49,00","","12,00","","11,00","","19,30","","99,21","","30,00","","","","Généralement nuageux"
"1988-05-28 17:00","1988","05","28","17:00"," ","26,80","","15,00","","49,00","","20,00","","6,00","","19,30","","99,18","","31,00","","","","Généralement nuageux"
"1988-05-28 18:00","1988","05","28","18:00"," ","25,90","","14,90","","51,00","","14,00","","11,00","","19,30","","99,15","","30,00","","","","Généralement nuageux"
"1988-05-28 19:00","1988","05","28","19:00"," ","24,60","","15,50","","57,00","","17,00","","11,00","","19,30","","99,11","","29,00","","","","Généralement nuageux"
"1988-05-28 20:00","1988","05","28","20:00"," ","19,80","","14,60","","72,00","","15,00","","7,00","","19,30","","99,18","","","","","","Généralement nuageux"
"1988-05-28 21:00","1988","05","28","21:00"," ","17,60","","12,90","","74,00","","17,00","","7,00","","19,30","","99,21","","","","","","Généralement nuageux"
"1988-05-28 22:00","1988","05","28","22:00"," ","16,00","","12,50","","80,00","","0,00","","0,00","","24,10","","99,28","","","","","","Dégagé"
"1988-05-28 23:00","1988","05","28","23:00"," ","16,60","","12,60","","77,00","","0,00","","0,00","","24,10","","99,28","","","","","","Dégagé"
"1988-05-29 00:00","1988","05","29","00:00"," ","14,60","","12,20","","86,00","","11,00","","6,00","","24,10","","99,25","","","","","","Dégagé"
"1988-05-29 01:00","1988","05","29","01:00"," ","14,20","","11,20","","82,00","","10,00","","9,00","","24,10","","99,21","","","","","","Dégagé"
"1988-05-29 02:00","1988","05","29","02:00"," ","13,60","","10,40","","81,00","","8,00","","7,00","","24,10","","99,15","","","","","","Dégagé"
"1988-05-29 03:00","1988","05","29","03:00"," ","13,40","","11,00","","85,00","","9,00","","11,00","","24,10","","99,15","","","","","","Dégagé"
"1988-05-29 04:00","1988","05","29","04:00"," ","13,20","","10,90","","86,00","","9,00","","11,00","","24,10","","99,18","","","","","","Généralement nuageux"
"1988-05-29 05:00","1988","05","29","05:00"," ","13,30","","10,30","","82,00","","9,00","","9,00","","24,10","","99,18","","","","","","Nuageux"
"1988-05-29 06:00","1988","05","29","06:00"," ","13,80","","10,20","","79,00","","10,00","","11,00","","25,00","","99,18","","","","","","Nuageux"
"1988-05-29 07:00","1988","05","29","07:00"," ","14,50","","9,80","","73,00","","10,00","","13,00","","24,10","","99,18","","","","","","Généralement nuageux"
"1988-05-29 08:00","1988","05","29","08:00"," ","15,90","","10,10","","69,00","","12,00","","13,00","","24,10","","99,21","","","","","","Généralement nuageux"
"1988-05-29 09:00","1988","05","29","09:00"," ","17,90","","11,30","","65,00","","12,00","","11,00","","24,10","","99,21","","","","","","Nuageux"
"1988-05-29 10:00","1988","05","29","10:00"," ","20,00","","12,20","","61,00","","11,00","","15,00","","24,10","","99,18","","","","","","Nuageux"
"1988-05-29 11:00","1988","05","29","11:00"," ","20,30","","13,00","","63,00","","12,00","","15,00","","24,10","","99,15","","","","","","Nuageux"
"1988-05-29 12:00","1988","05","29","12:00"," ","21,60","","13,50","","60,00","","15,00","","11,00","","24,10","","99,18","","25,00","","","","Nuageux"
"1988-05-29 13:00","1988","05","29","13:00"," ","22,80","","14,70","","60,00","","13,00","","9,00","","16,10","","99,11","","27,00","","","","Nuageux"
"1988-05-29 14:00","1988","05","29","14:00"," ","23,60","","15,40","","60,00","","17,00","","11,00","","16,10","","99,08","","28,00","","","","Nuageux"
"1988-05-29 15:00","1988","05","29","15:00"," ","25,00","","16,00","","57,00","","21,00","","11,00","","16,10","","99,01","","30,00","","","","Nuageux"
"1988-05-29 16:00","1988","05","29","16:00"," ","25,00","","15,80","","57,00","","22,00","","11,00","","16,10","","98,98","","29,00","","","","Nuageux"
"1988-05-29 17:00","1988","05","29","17:00"," ","26,30","","16,30","","54,00","","18,00","","11,00","","16,10","","98,91","","31,00","","","","Nuageux"
"1988-05-29 18:00","1988","05","29","18:00"," ","26,30","","14,90","","50,00","","24,00","","13,00","","16,10","","98,91","","30,00","","","","Dégagé"
"1988-05-29 19:00","1988","05","29","19:00"," ","24,20","","12,60","","48,00","","24,00","","11,00","","16,10","","98,91","","27,00","","","","Dégagé"
"1988-05-29 20:00","1988","05","29","20:00"," ","21,50","","11,40","","53,00","","23,00","","15,00","","16,10","","98,95","","","","","","Dégagé"
"1988-05-29 21:00","1988","05","29","21:00"," ","20,60","","11,40","","56,00","","22,00","","11,00","","16,10","","98,98","","","","","","Dégagé"
"1988-05-29 22:00","1988","05","29","22:00"," ","18,60","","10,30","","58,00","","22,00","","9,00","","16,10","","98,98","","","","","","Dégagé"
"1988-05-29 23:00","1988","05","29","23:00"," ","17,20","","10,10","","63,00","","23,00","","9,00","","16,10","","99,01","","","","","","Dégagé"
"1988-05-30 00:00","1988","05","30","00:00"," ","17,40","","9,80","","61,00","","10,00","","6,00","","24,10","","99,01","","","","","","Généralement dégagé"
"1988-05-30 01:00","1988","05","30","01:00"," ","17,00","","9,70","","62,00","","20,00","","11,00","","24,10","","99,05","","","","","","Généralement dégagé"
"1988-05-30 02:00","1988","05","30","02:00"," ","14,40","","10,00","","75,00","","11,00","","9,00","","24,10","","99,08","","","","","","Dégagé"
"1988-05-30 03:00","1988","05","30","03:00"," ","13,50","","9,90","","79,00","","8,00","","7,00","","24,10","","99,08","","","","","","Généralement dégagé"
"1988-05-30 04:00","1988","05","30","04:00"," ","13,00","","10,30","","84,00","","8,00","","6,00","","24,10","","99,11","","","","","","Généralement dégagé"
"1988-05-30 05:00","1988","05","30","05:00"," ","12,00","","10,20","","89,00","","11,00","","4,00","","19,30","","99,18","","","","","","Généralement dégagé"
"1988-05-30 06:00","1988","05","30","06:00"," ","13,60","","10,80","","83,00","","7,00","","4,00","","19,30","","99,21","","","","","","Dégagé"
"1988-05-30 07:00","1988","05","30","07:00"," ","15,60","","11,20","","75,00","","9,00","","2,00","","19,30","","99,21","","","","","","Dégagé"
"1988-05-30 08:00","1988","05","30","08:00"," ","18,80","","12,60","","67,00","","0,00","","0,00","","19,30","","99,28","","","","","","Dégagé"
"1988-05-30 09:00","1988","05","30","09:00"," ","22,40","","14,20","","60,00","","0,00","","0,00","","19,30","","99,31","","26,00","","","","Dégagé"
"1988-05-30 10:00","1988","05","30","10:00"," ","25,50","","15,70","","55,00","","27,00","","4,00","","19,30","","99,31","","30,00","","","","Dégagé"
"1988-05-30 11:00","1988","05","30","11:00"," ","28,10","","16,10","","48,00","","30,00","","15,00","","19,30","","99,31","","33,00","","","","Dégagé"
"1988-05-30 12:00","1988","05","30","12:00"," ","29,40","","16,30","","45,00","","33,00","","19,00","","19,30","","99,28","","34,00","","","","Dégagé"
"1988-05-30 13:00","1988","05","30","13:00"," ","30,40","","15,70","","41,00","","31,00","","19,00","","19,30","","99,28","","35,00","","","","Dégagé"
"1988-05-30 14:00","1988","05","30","14:00"," ","30,50","","15,70","","41,00","","30,00","","20,00","","19,30","","99,25","","35,00","","","","Dégagé"
"1988-05-30 15:00","1988","05","30","15:00"," ","28,20","","16,10","","48,00","","28,00","","20,00","","9,70","","99,28","","33,00","","","","Brume sèche"
"1988-05-30 16:00","1988","05","30","16:00"," ","25,10","","15,50","","55,00","","29,00","","17,00","","9,70","","99,28","","29,00","","","","Brume sèche"
"1988-05-30 17:00","1988","05","30","17:00"," ","22,10","","14,00","","60,00","","28,00","","11,00","","9,70","","99,31","","25,00","","","","Brume sèche"
"1988-05-30 18:00","1988","05","30","18:00"," ","22,80","","14,80","","61,00","","30,00","","17,00","","9,70","","99,31","","27,00","","","","Brume sèche"
"1988-05-30 19:00","1988","05","30","19:00"," ","20,80","","14,40","","67,00","","30,00","","7,00","","9,70","","99,31","","","","","","Brume sèche"
"1988-05-30 20:00","1988","05","30","20:00"," ","18,80","","14,30","","75,00","","30,00","","7,00","","9,70","","99,35","","","","","","Brume sèche"
"1988-05-30 21:00","1988","05","30","21:00"," ","17,40","","13,80","","79,00","","26,00","","4,00","","9,70","","99,41","","","","","","Brume sèche"
"1988-05-30 22:00","1988","05","30","22:00"," ","15,80","","13,20","","85,00","","0,00","","0,00","","9,70","","99,41","","","","","","Brume sèche"
"1988-05-30 23:00","1988","05","30","23:00"," ","14,80","","13,10","","90,00","","0,00","","0,00","","19,30","","99,41","","","","","","Généralement dégagé"
"1988-05-31 00:00","1988","05","31","00:00"," ","13,80","","12,90","","94,00","","0,00","","0,00","","19,30","","99,45","","","","","","Généralement dégagé"
"1988-05-31 01:00","1988","05","31","01:00"," ","14,00","","12,20","","89,00","","0,00","","0,00","","24,10","","99,45","","","","","","Dégagé"
"1988-05-31 02:00","1988","05","31","02:00"," ","13,60","","11,50","","87,00","","0,00","","0,00","","19,30","","99,41","","","","","","Dégagé"
"1988-05-31 03:00","1988","05","31","03:00"," ","13,30","","10,90","","85,00","","0,00","","0,00","","24,10","","99,41","","","","","","Généralement dégagé"
"1988-05-31 04:00","1988","05","31","04:00"," ","13,40","","10,90","","85,00","","0,00","","0,00","","24,10","","99,45","","","","","","Dégagé"
"1988-05-31 05:00","1988","05","31","05:00"," ","11,80","","10,30","","91,00","","0,00","","0,00","","16,10","","99,48","","","","","","Généralement dégagé"
"1988-05-31 06:00","1988","05","31","06:00"," ","12,20","","10,70","","91,00","","0,00","","0,00","","9,70","","99,51","","","","","","Brume sèche"
"1988-05-31 07:00","1988","05","31","07:00"," ","15,70","","11,60","","77,00","","0,00","","0,00","","9,70","","99,55","","","","","","Brume sèche"
"1988-05-31 08:00","1988","05","31","08:00"," ","19,20","","13,30","","68,00","","24,00","","4,00","","9,70","","99,58","","","","","","Brume sèche"
"1988-05-31 09:00","1988","05","31","09:00"," ","20,90","","12,90","","60,00","","27,00","","4,00","","9,70","","99,58","","","","","","Brume sèche"
"1988-05-31 10:00","1988","05","31","10:00"," ","19,50","","12,40","","64,00","","30,00","","15,00","","9,70","","99,58","","","","","","Brume sèche"
"1988-05-31 11:00","1988","05","31","11:00"," ","20,90","","13,00","","61,00","","30,00","","15,00","","9,70","","99,58","","","","","","Brume sèche"
"1988-05-31 12:00","1988","05","31","12:00"," ","25,60","","15,40","","53,00","","30,00","","11,00","","9,70","","99,55","","30,00","","","","Brume sèche"
"1988-05-31 13:00","1988","05","31","13:00"," ","25,80","","15,20","","52,00","","30,00","","9,00","","9,70","","99,48","","30,00","","","","Brume sèche"
"1988-05-31 14:00","1988","05","31","14:00"," ","28,80","","16,00","","46,00","","30,00","","11,00","","19,30","","99,41","","33,00","","","","Dégagé"
"1988-05-31 15:00","1988","05","31","15:00"," ","30,70","","15,50","","40,00","","30,00","","15,00","","19,30","","99,35","","35,00","","","","Généralement dégagé"
"1988-05-31 16:00","1988","05","31","16:00"," ","25,60","","14,70","","51,00","","27,00","","28,00","","12,90","","99,35","","29,00","","","","Généralement nuageux"
"1988-05-31 17:00","1988","05","31","17:00"," ","27,20","","16,00","","50,00","","30,00","","11,00","","12,90","","99,28","","32,00","","","","Généralement dégagé"
"1988-05-31 18:00","1988","05","31","18:00"," ","27,30","","16,40","","51,00","","31,00","","15,00","","12,90","","99,21","","32,00","","","","Généralement dégagé"
"1988-05-31 19:00","1988","05","31","19:00"," ","26,20","","17,00","","57,00","","31,00","","13,00","","9,70","","99,21","","31,00","","","","Brume sèche"
"1988-05-31 20:00","1988","05","31","20:00"," ","20,40","","15,20","","72,00","","30,00","","11,00","","9,70","","99,21","","","","","","Brume sèche"
"1988-05-31 21:00","1988","05","31","21:00"," ","15,70","","12,20","","80,00","","30,00","","15,00","","6,40","","99,21","","","","","","Brume sèche"
"1988-05-31 22:00","1988","05","31","22:00"," ","15,70","","12,60","","82,00","","30,00","","13,00","","6,40","","99,25","","","","","","Brume sèche"
"1988-05-31 23:00","1988","05","31","23:00"," ","15,30","","12,60","","84,00","","31,00","","19,00","","6,40","","99,21","","","","","","Brume sèche"
