"Nom de la Station","CARIBOU POINT (AUT)"
"Province","NOVA SCOTIA"
"Latitude","45,77"
"Longitude","-62,68"
"Altitude","2,40"
"Identification Climat","8200774"
"Identification OMM","71415"
"Identification TC","WBK"
"Toutes les heures sont exprimées en heure normale locale (HNL). Pour convertir l'heure locale en heure avancée de l'Est (HAE), ajoutez 1 heure s'il y a lieu."

"Légende"
"M","Données Manquantes"
"E","Valeur Estimée"
"ND","Non Disponible"
"**","Données fournies par un partenaire, non assujetties à un révision par les Archives climatiques nationales du Canada"

"Date/Heure","Année","Mois","Jour","Heure","Qualité des Données","Temp (°C)","Temp Indicateur","Point de rosée (°C)","Point de rosée Indicateur","Hum. rel (%)","Hum. rel. Indicateur","Dir. du vent (10s deg)","Dir. du vent Indicateur","Vit. du vent (km/h)","Vit. du vent Indicateur","Visibilité (km)","Visibilité Indicateur","Pression à la station (kPa)","Pression à la station Indicateur","Hmdx","Hmdx Indicateur","Refroid. éolien","Refroid. éolien Indicateur","Temps"
"2001-11-01 00:00","2001","11","01","00:00"," ","","","","","","","","","","","","","","","","","","",""
"2001-11-01 00:46","2001","11","01","00:46"," ","2,50","","-6,00","","53,00","","25,00","","11,00","","","M","103,04","","","","","","ND"
"2001-11-01 01:00","2001","11","01","01:00"," ","","","","","","","","","","","","","","","","","","",""
"2001-11-01 01:46","2001","11","01","01:46"," ","2,70","","-6,30","","51,00","","25,00","","13,00","","","M","103,07","","","","","","ND"
"2001-11-01 02:00","2001","11","01","02:00"," ","","","","","","","","","","","","","","","","","","",""
"2001-11-01 02:46","2001","11","01","02:46"," ","2,80","","-6,40","","51,00","","26,00","","11,00","","","M","103,11","","","","","","ND"
"2001-11-01 03:00","2001","11","01","03:00"," ","","","","","","","","","","","","","","","","","","",""
"2001-11-01 03:46","2001","11","01","03:46"," ","3,00","","-6,50","","50,00","","25,00","","11,00","","","M","103,13","","","","","","ND"
"2001-11-01 04:00","2001","11","01","04:00"," ","","","","","","","","","","","","","","","","","","",""
"2001-11-01 04:46","2001","11","01","04:46"," ","3,20","","-6,30","","50,00","","23,00","","11,00","","","M","103,16","","","","","","ND"
"2001-11-01 05:00","2001","11","01","05:00"," ","","","","","","","","","","","","","","","","","","",""
"2001-11-01 05:46","2001","11","01","05:46"," ","3,20","","-6,00","","51,00","","23,00","","9,00","","","M","103,18","","","","","","ND"
"2001-11-01 06:00","2001","11","01","06:00"," ","","","","","","","","","","","","","","","","","","",""
"2001-11-01 06:46","2001","11","01","06:46"," ","3,00","","-5,70","","53,00","","23,00","","9,00","","","M","103,23","","","","","","ND"
"2001-11-01 07:00","2001","11","01","07:00"," ","","","","","","","","","","","","","","","","","","",""
"2001-11-01 07:46","2001","11","01","07:46"," ","4,20","","-3,90","","56,00","","21,00","","9,00","","","M","103,31","","","","","","ND"
"2001-11-01 08:00","2001","11","01","08:00"," ","","","","","","","","","","","","","","","","","","",""
"2001-11-01 08:46","2001","11","01","08:46"," ","6,70","","-3,10","","50,00","","18,00","","7,00","","","M","103,32","","","","","","ND"
"2001-11-01 09:00","2001","11","01","09:00"," ","","","","","","","","","","","","","","","","","","",""
"2001-11-01 09:46","2001","11","01","09:46"," ","6,40","","-3,30","","50,00","","14,00","","15,00","","","M","103,31","","","","","","ND"
"2001-11-01 10:00","2001","11","01","10:00"," ","","","","","","","","","","","","","","","","","","",""
"2001-11-01 10:46","2001","11","01","10:46"," ","6,90","","-4,60","","44,00","","14,00","","13,00","","","M","103,25","","","","","","ND"
"2001-11-01 11:00","2001","11","01","11:00"," ","","","","","","","","","","","","","","","","","","",""
"2001-11-01 11:46","2001","11","01","11:46"," ","9,10","","-2,90","","43,00","","16,00","","19,00","","","M","103,18","","","","","","ND"
"2001-11-01 12:00","2001","11","01","12:00"," ","","","","","","","","","","","","","","","","","","",""
"2001-11-01 12:46","2001","11","01","12:46"," ","9,40","","-1,10","","48,00","","18,00","","22,00","","","M","103,09","","","","","","ND"
"2001-11-01 13:00","2001","11","01","13:00"," ","","","","","","","","","","","","","","","","","","",""
"2001-11-01 13:46","2001","11","01","13:46"," ","9,20","","-0,50","","51,00","","18,00","","20,00","","","M","103,05","","","","","","ND"
"2001-11-01 14:00","2001","11","01","14:00"," ","","","","","","","","","","","","","","","","","","",""
"2001-11-01 14:46","2001","11","01","14:46"," ","9,20","","1,40","","58,00","","18,00","","22,00","","","M","103,00","","","","","","ND"
"2001-11-01 15:00","2001","11","01","15:00"," ","","","","","","","","","","","","","","","","","","",""
"2001-11-01 15:46","2001","11","01","15:46"," ","9,20","","2,30","","62,00","","18,00","","22,00","","","M","102,98","","","","","","ND"
"2001-11-01 16:00","2001","11","01","16:00"," ","","","","","","","","","","","","","","","","","","",""
"2001-11-01 16:46","2001","11","01","16:46"," ","9,00","","3,40","","68,00","","18,00","","28,00","","","M","102,93","","","","","","ND"
"2001-11-01 17:00","2001","11","01","17:00"," ","","","","","","","","","","","","","","","","","","",""
"2001-11-01 17:46","2001","11","01","17:46"," ","9,00","","4,20","","72,00","","16,00","","28,00","","","M","102,89","","","","","","ND"
"2001-11-01 18:00","2001","11","01","18:00"," ","","","","","","","","","","","","","","","","","","",""
"2001-11-01 18:46","2001","11","01","18:46"," ","9,10","","5,50","","78,00","","18,00","","30,00","","","M","102,86","","","","","","ND"
"2001-11-01 19:00","2001","11","01","19:00"," ","","","","","","","","","","","","","","","","","","",""
"2001-11-01 19:46","2001","11","01","19:46"," ","9,20","","6,70","","84,00","","18,00","","33,00","","","M","102,80","","","","","","ND"
"2001-11-01 20:00","2001","11","01","20:00"," ","","","","","","","","","","","","","","","","","","",""
"2001-11-01 20:46","2001","11","01","20:46"," ","9,70","","7,30","","85,00","","18,00","","33,00","","","M","102,77","","","","","","ND"
"2001-11-01 21:00","2001","11","01","21:00"," ","","","","","","","","","","","","","","","","","","",""
"2001-11-01 21:46","2001","11","01","21:46"," ","9,90","","7,90","","87,00","","18,00","","35,00","","","M","102,68","","","","","","ND"
"2001-11-01 22:00","2001","11","01","22:00"," ","","","","","","","","","","","","","","","","","","",""
"2001-11-01 22:46","2001","11","01","22:46"," ","10,40","","8,50","","88,00","","18,00","","35,00","","","M","102,60","","","","","","ND"
"2001-11-01 23:00","2001","11","01","23:00"," ","","","","","","","","","","","","","","","","","","",""
"2001-11-01 23:46","2001","11","01","23:46"," ","10,70","","9,30","","91,00","","18,00","","30,00","","","M","102,59","","","","","","ND"
"2001-11-02 00:00","2001","11","02","00:00"," ","","","","","","","","","","","","","","","","","","",""
"2001-11-02 00:46","2001","11","02","00:46"," ","11,70","","9,80","","88,00","","19,00","","30,00","","","M","102,53","","","","","","ND"
"2001-11-02 01:00","2001","11","02","01:00"," ","","","","","","","","","","","","","","","","","","",""
"2001-11-02 01:46","2001","11","02","01:46"," ","12,10","","9,70","","85,00","","19,00","","33,00","","","M","102,46","","","","","","ND"
"2001-11-02 02:00","2001","11","02","02:00"," ","","","","","","","","","","","","","","","","","","",""
"2001-11-02 02:46","2001","11","02","02:46"," ","12,30","","9,90","","85,00","","19,00","","33,00","","","M","102,44","","","","","","ND"
"2001-11-02 03:00","2001","11","02","03:00"," ","","","","","","","","","","","","","","","","","","",""
"2001-11-02 03:46","2001","11","02","03:46"," ","12,60","","10,00","","84,00","","19,00","","26,00","","","M","102,42","","","","","","ND"
"2001-11-02 04:00","2001","11","02","04:00"," ","","","","","","","","","","","","","","","","","","",""
"2001-11-02 04:46","2001","11","02","04:46"," ","12,80","","10,20","","84,00","","19,00","","26,00","","","M","102,37","","","","","","ND"
"2001-11-02 05:00","2001","11","02","05:00"," ","","","","","","","","","","","","","","","","","","",""
"2001-11-02 05:46","2001","11","02","05:46"," ","13,00","","9,80","","81,00","","19,00","","26,00","","","M","102,32","","","","","","ND"
"2001-11-02 06:00","2001","11","02","06:00"," ","","","","","","","","","","","","","","","","","","",""
"2001-11-02 06:46","2001","11","02","06:46"," ","12,70","","9,70","","82,00","","20,00","","24,00","","","M","102,26","","","","","","ND"
"2001-11-02 07:00","2001","11","02","07:00"," ","","","","","","","","","","","","","","","","","","",""
"2001-11-02 07:46","2001","11","02","07:46"," ","12,70","","9,90","","83,00","","19,00","","37,00","","","M","102,28","","","","","","ND"
"2001-11-02 08:00","2001","11","02","08:00"," ","","","","","","","","","","","","","","","","","","",""
"2001-11-02 08:46","2001","11","02","08:46"," ","13,20","","9,80","","80,00","","21,00","","19,00","","","M","102,35","","","","","","ND"
"2001-11-02 09:00","2001","11","02","09:00"," ","","","","","","","","","","","","","","","","","","",""
"2001-11-02 09:46","2001","11","02","09:46"," ","14,90","","9,70","","71,00","","21,00","","26,00","","","M","102,23","","","","","","ND"
"2001-11-02 10:00","2001","11","02","10:00"," ","","","","","","","","","","","","","","","","","","",""
"2001-11-02 10:46","2001","11","02","10:46"," ","14,60","","10,60","","77,00","","20,00","","28,00","","","M","102,19","","","","","","ND"
"2001-11-02 11:00","2001","11","02","11:00"," ","","","","","","","","","","","","","","","","","","",""
"2001-11-02 11:46","2001","11","02","11:46"," ","15,50","","9,90","","69,00","","22,00","","22,00","","","M","102,15","","","","","","ND"
"2001-11-02 12:00","2001","11","02","12:00"," ","","","","","","","","","","","","","","","","","","",""
"2001-11-02 12:46","2001","11","02","12:46"," ","15,70","","10,00","","69,00","","21,00","","28,00","","","M","102,05","","","","","","ND"
"2001-11-02 13:00","2001","11","02","13:00"," ","","","","","","","","","","","","","","","","","","",""
"2001-11-02 13:46","2001","11","02","13:46"," ","16,60","","9,50","","63,00","","22,00","","20,00","","","M","102,05","","","","","","ND"
"2001-11-02 14:00","2001","11","02","14:00"," ","","","","","","","","","","","","","","","","","","",""
"2001-11-02 14:46","2001","11","02","14:46"," ","16,30","","9,30","","63,00","","21,00","","26,00","","","M","101,99","","","","","","ND"
"2001-11-02 15:00","2001","11","02","15:00"," ","","","","","","","","","","","","","","","","","","",""
"2001-11-02 15:46","2001","11","02","15:46"," ","15,80","","10,10","","69,00","","21,00","","19,00","","","M","102,03","","","","","","ND"
"2001-11-02 16:00","2001","11","02","16:00"," ","","","","","","","","","","","","","","","","","","",""
"2001-11-02 16:46","2001","11","02","16:46"," ","15,00","","10,60","","75,00","","21,00","","13,00","","","M","102,06","","","","","","ND"
"2001-11-02 17:00","2001","11","02","17:00"," ","","","","","","","","","","","","","","","","","","",""
"2001-11-02 17:46","2001","11","02","17:46"," ","14,10","","11,50","","84,00","","21,00","","13,00","","","M","102,08","","","","","","ND"
"2001-11-02 18:00","2001","11","02","18:00"," ","","","","","","","","","","","","","","","","","","",""
"2001-11-02 18:46","2001","11","02","18:46"," ","14,00","","11,90","","87,00","","21,00","","11,00","","","M","102,06","","","","","","ND"
"2001-11-02 19:00","2001","11","02","19:00"," ","","","","","","","","","","","","","","","","","","",""
"2001-11-02 19:46","2001","11","02","19:46"," ","14,20","","12,30","","88,00","","20,00","","19,00","","","M","102,01","","","","","","ND"
"2001-11-02 20:00","2001","11","02","20:00"," ","","","","","","","","","","","","","","","","","","",""
"2001-11-02 20:46","2001","11","02","20:46"," ","14,30","","12,40","","88,00","","21,00","","15,00","","","M","102,03","","","","","","ND"
"2001-11-02 21:00","2001","11","02","21:00"," ","","","","","","","","","","","","","","","","","","",""
"2001-11-02 21:46","2001","11","02","21:46"," ","14,00","","12,40","","90,00","","19,00","","19,00","","","M","101,99","","","","","","ND"
"2001-11-02 22:00","2001","11","02","22:00"," ","","","","","","","","","","","","","","","","","","",""
"2001-11-02 22:46","2001","11","02","22:46"," ","15,10","","13,30","","89,00","","21,00","","20,00","","","M","101,92","","","","","","ND"
"2001-11-02 23:00","2001","11","02","23:00"," ","","","","","","","","","","","","","","","","","","",""
"2001-11-02 23:46","2001","11","02","23:46"," ","15,40","","12,70","","84,00","","20,00","","24,00","","","M","101,88","","","","","","ND"
"2001-11-03 00:00","2001","11","03","00:00"," ","","","","","","","","","","","","","","","","","","",""
"2001-11-03 00:46","2001","11","03","00:46"," ","15,60","","12,60","","82,00","","21,00","","26,00","","","M","101,85","","","","","","ND"
"2001-11-03 01:00","2001","11","03","01:00"," ","","","","","","","","","","","","","","","","","","",""
"2001-11-03 01:46","2001","11","03","01:46"," ","15,50","","12,50","","82,00","","21,00","","20,00","","","M","101,85","","","","","","ND"
"2001-11-03 02:00","2001","11","03","02:00"," ","","","","","","","","","","","","","","","","","","",""
"2001-11-03 02:46","2001","11","03","02:46"," ","15,80","","12,20","","79,00","","20,00","","24,00","","","M","101,81","","","","","","ND"
"2001-11-03 03:00","2001","11","03","03:00"," ","","","","","","","","","","","","","","","","","","",""
"2001-11-03 03:46","2001","11","03","03:46"," ","15,90","","12,50","","80,00","","20,00","","22,00","","","M","101,78","","","","","","ND"
"2001-11-03 04:00","2001","11","03","04:00"," ","","","","","","","","","","","","","","","","","","",""
"2001-11-03 04:46","2001","11","03","04:46"," ","16,00","","12,90","","82,00","","20,00","","24,00","","","M","101,74","","","","","","ND"
"2001-11-03 05:00","2001","11","03","05:00"," ","","","","","","","","","","","","","","","","","","",""
"2001-11-03 05:46","2001","11","03","05:46"," ","16,10","","12,90","","81,00","","21,00","","20,00","","","M","101,70","","","","","","ND"
"2001-11-03 06:00","2001","11","03","06:00"," ","","","","","","","","","","","","","","","","","","",""
"2001-11-03 06:46","2001","11","03","06:46"," ","16,20","","12,90","","81,00","","21,00","","20,00","","","M","101,67","","","","","","ND"
"2001-11-03 07:00","2001","11","03","07:00"," ","","","","","","","","","","","","","","","","","","",""
"2001-11-03 07:46","2001","11","03","07:46"," ","15,70","","12,80","","83,00","","19,00","","26,00","","","M","101,67","","","","","","ND"
"2001-11-03 08:00","2001","11","03","08:00"," ","","","","","","","","","","","","","","","","","","",""
"2001-11-03 08:46","2001","11","03","08:46"," ","16,20","","12,60","","79,00","","19,00","","24,00","","","M","101,69","","","","","","ND"
"2001-11-03 09:00","2001","11","03","09:00"," ","","","","","","","","","","","","","","","","","","",""
"2001-11-03 09:46","2001","11","03","09:46"," ","16,40","","12,60","","78,00","","21,00","","20,00","","","M","101,67","","","","","","ND"
"2001-11-03 10:00","2001","11","03","10:00"," ","","","","","","","","","","","","","","","","","","",""
"2001-11-03 10:46","2001","11","03","10:46"," ","16,80","","12,40","","75,00","","21,00","","22,00","","","M","101,63","","","","","","ND"
"2001-11-03 11:00","2001","11","03","11:00"," ","","","","","","","","","","","","","","","","","","",""
"2001-11-03 11:46","2001","11","03","11:46"," ","16,20","","13,10","","82,00","","21,00","","20,00","","","M","101,60","","","","","","ND"
"2001-11-03 12:00","2001","11","03","12:00"," ","","","","","","","","","","","","","","","","","","",""
"2001-11-03 12:46","2001","11","03","12:46"," ","16,10","","13,80","","86,00","","22,00","","15,00","","","M","101,52","","","","","","ND"
"2001-11-03 13:00","2001","11","03","13:00"," ","","","","","","","","","","","","","","","","","","",""
"2001-11-03 13:46","2001","11","03","13:46"," ","15,90","","13,90","","88,00","","22,00","","13,00","","","M","101,49","","","","","","ND"
"2001-11-03 14:00","2001","11","03","14:00"," ","","","","","","","","","","","","","","","","","","",""
"2001-11-03 14:46","2001","11","03","14:46"," ","15,30","","14,00","","92,00","","23,00","","11,00","","","M","101,47","","","","","","ND"
"2001-11-03 15:00","2001","11","03","15:00"," ","","","","","","","","","","","","","","","","","","",""
"2001-11-03 15:46","2001","11","03","15:46"," ","15,20","","13,90","","92,00","","23,00","","7,00","","","M","101,47","","","","","","ND"
"2001-11-03 16:00","2001","11","03","16:00"," ","","","","","","","","","","","","","","","","","","",""
"2001-11-03 16:46","2001","11","03","16:46"," ","15,10","","13,80","","92,00","","22,00","","9,00","","","M","101,49","","","","","","ND"
"2001-11-03 17:00","2001","11","03","17:00"," ","","","","","","","","","","","","","","","","","","",""
"2001-11-03 17:46","2001","11","03","17:46"," ","14,60","","13,50","","93,00","","22,00","","9,00","","","M","101,51","","","","","","ND"
"2001-11-03 18:00","2001","11","03","18:00"," ","","","","","","","","","","","","","","","","","","",""
"2001-11-03 18:46","2001","11","03","18:46"," ","13,70","","12,80","","94,00","","21,00","","7,00","","","M","101,52","","","","","","ND"
"2001-11-03 19:00","2001","11","03","19:00"," ","","","","","","","","","","","","","","","","","","",""
"2001-11-03 19:46","2001","11","03","19:46"," ","13,90","","13,00","","94,00","","27,00","","4,00","","","M","101,52","","","","","","ND"
"2001-11-03 20:00","2001","11","03","20:00"," ","","","","","","","","","","","","","","","","","","",""
"2001-11-03 20:46","2001","11","03","20:46"," ","13,00","","12,10","","94,00","","27,00","","2,00","","","M","101,54","","","","","","ND"
"2001-11-03 21:00","2001","11","03","21:00"," ","","","","","","","","","","","","","","","","","","",""
"2001-11-03 21:46","2001","11","03","21:46"," ","13,40","","12,50","","94,00","","23,00","","4,00","","","M","101,58","","","","","","ND"
"2001-11-03 22:00","2001","11","03","22:00"," ","","","","","","","","","","","","","","","","","","",""
"2001-11-03 22:46","2001","11","03","22:46"," ","12,50","","11,60","","94,00","","27,00","","7,00","","","M","101,54","","","","","","ND"
"2001-11-03 23:00","2001","11","03","23:00"," ","","","","","","","","","","","","","","","","","","",""
"2001-11-03 23:46","2001","11","03","23:46"," ","11,90","","11,00","","94,00","","32,00","","13,00","","","M","101,52","","","","","","ND"
"2001-11-04 00:00","2001","11","04","00:00"," ","","","","","","","","","","","","","","","","","","",""
"2001-11-04 00:46","2001","11","04","00:46"," ","11,60","","10,70","","94,00","","32,00","","20,00","","","M","101,52","","","","","","ND"
"2001-11-04 01:00","2001","11","04","01:00"," ","","","","","","","","","","","","","","","","","","",""
"2001-11-04 01:46","2001","11","04","01:46"," ","10,40","","9,50","","94,00","","29,00","","17,00","","","M","101,51","","","","","","ND"
"2001-11-04 02:00","2001","11","04","02:00"," ","","","","","","","","","","","","","","","","","","",""
"2001-11-04 02:46","2001","11","04","02:46"," ","10,50","","9,60","","94,00","","28,00","","20,00","","","M","101,51","","","","","","ND"
"2001-11-04 03:00","2001","11","04","03:00"," ","","","","","","","","","","","","","","","","","","",""
"2001-11-04 03:46","2001","11","04","03:46"," ","10,60","","9,70","","94,00","","28,00","","20,00","","","M","101,49","","","","","","ND"
"2001-11-04 04:00","2001","11","04","04:00"," ","","","","","","","","","","","","","","","","","","",""
"2001-11-04 04:46","2001","11","04","04:46"," ","10,10","","9,00","","93,00","","28,00","","20,00","","","M","101,49","","","","","","ND"
"2001-11-04 05:00","2001","11","04","05:00"," ","","","","","","","","","","","","","","","","","","",""
"2001-11-04 05:46","2001","11","04","05:46"," ","10,00","","8,90","","93,00","","27,00","","17,00","","","M","101,47","","","","","","ND"
"2001-11-04 06:00","2001","11","04","06:00"," ","","","","","","","","","","","","","","","","","","",""
"2001-11-04 06:46","2001","11","04","06:46"," ","9,20","","8,10","","93,00","","26,00","","7,00","","","M","101,47","","","","","","ND"
"2001-11-04 07:00","2001","11","04","07:00"," ","","","","","","","","","","","","","","","","","","",""
"2001-11-04 07:46","2001","11","04","07:46"," ","8,70","","7,60","","93,00","","25,00","","4,00","","","M","101,51","","","","","","ND"
"2001-11-04 08:00","2001","11","04","08:00"," ","","","","","","","","","","","","","","","","","","",""
"2001-11-04 08:46","2001","11","04","08:46"," ","9,90","","8,80","","93,00","","31,00","","11,00","","","M","101,52","","","","","","ND"
"2001-11-04 09:00","2001","11","04","09:00"," ","","","","","","","","","","","","","","","","","","",""
"2001-11-04 09:46","2001","11","04","09:46"," ","10,90","","9,30","","90,00","","32,00","","11,00","","","M","101,52","","","","","","ND"
"2001-11-04 10:00","2001","11","04","10:00"," ","","","","","","","","","","","","","","","","","","",""
"2001-11-04 10:46","2001","11","04","10:46"," ","11,70","","6,00","","68,00","","31,00","","13,00","","","M","101,47","","","","","","ND"
"2001-11-04 11:00","2001","11","04","11:00"," ","","","","","","","","","","","","","","","","","","",""
"2001-11-04 11:46","2001","11","04","11:46"," ","11,40","","5,90","","69,00","","29,00","","7,00","","","M","101,43","","","","","","ND"
"2001-11-04 12:00","2001","11","04","12:00"," ","","","","","","","","","","","","","","","","","","",""
"2001-11-04 12:46","2001","11","04","12:46"," ","12,00","","6,10","","67,00","","31,00","","9,00","","","M","101,36","","","","","","ND"
"2001-11-04 13:00","2001","11","04","13:00"," ","","","","","","","","","","","","","","","","","","",""
"2001-11-04 13:46","2001","11","04","13:46"," ","12,30","","6,80","","69,00","","31,00","","9,00","","","M","101,33","","","","","","ND"
"2001-11-04 14:00","2001","11","04","14:00"," ","","","","","","","","","","","","","","","","","","",""
"2001-11-04 14:46","2001","11","04","14:46"," ","11,90","","7,40","","74,00","","31,00","","11,00","","","M","101,33","","","","","","ND"
"2001-11-04 15:00","2001","11","04","15:00"," ","","","","","","","","","","","","","","","","","","",""
"2001-11-04 15:46","2001","11","04","15:46"," ","11,40","","7,70","","78,00","","32,00","","11,00","","","M","101,31","","","","","","ND"
"2001-11-04 16:00","2001","11","04","16:00"," ","","","","","","","","","","","","","","","","","","",""
"2001-11-04 16:46","2001","11","04","16:46"," ","10,50","","8,60","","88,00","","32,00","","9,00","","","M","101,33","","","","","","ND"
"2001-11-04 17:00","2001","11","04","17:00"," ","","","","","","","","","","","","","","","","","","",""
"2001-11-04 17:46","2001","11","04","17:46"," ","10,30","","8,70","","90,00","","28,00","","7,00","","","M","101,33","","","","","","ND"
"2001-11-04 18:00","2001","11","04","18:00"," ","","","","","","","","","","","","","","","","","","",""
"2001-11-04 18:46","2001","11","04","18:46"," ","10,20","","8,60","","90,00","","27,00","","2,00","","","M","101,36","","","","","","ND"
"2001-11-04 19:00","2001","11","04","19:00"," ","","","","","","","","","","","","","","","","","","",""
"2001-11-04 19:46","2001","11","04","19:46"," ","10,90","","9,20","","89,00","","9,00","","6,00","","","M","101,34","","","","","","ND"
"2001-11-04 20:00","2001","11","04","20:00"," ","","","","","","","","","","","","","","","","","","",""
"2001-11-04 20:46","2001","11","04","20:46"," ","10,20","","7,60","","84,00","","2,00","","17,00","","","M","101,33","","","","","","ND"
"2001-11-04 21:00","2001","11","04","21:00"," ","","","","","","","","","","","","","","","","","","",""
"2001-11-04 21:46","2001","11","04","21:46"," ","9,90","","7,90","","87,00","","1,00","","15,00","","","M","101,31","","","","","","ND"
"2001-11-04 22:00","2001","11","04","22:00"," ","","","","","","","","","","","","","","","","","","",""
"2001-11-04 22:46","2001","11","04","22:46"," ","9,80","","7,90","","88,00","","36,00","","15,00","","","M","101,25","","","","","","ND"
"2001-11-04 23:00","2001","11","04","23:00"," ","","","","","","","","","","","","","","","","","","",""
"2001-11-04 23:46","2001","11","04","23:46"," ","9,70","","7,10","","84,00","","36,00","","13,00","","","M","101,22","","","","","","ND"
"2001-11-05 00:00","2001","11","05","00:00"," ","","","","","","","","","","","","","","","","","","",""
"2001-11-05 00:46","2001","11","05","00:46"," ","9,90","","7,00","","82,00","","4,00","","13,00","","","M","101,16","","","","","","ND"
"2001-11-05 01:00","2001","11","05","01:00"," ","","","","","","","","","","","","","","","","","","",""
"2001-11-05 01:46","2001","11","05","01:46"," ","9,70","","6,80","","82,00","","1,00","","17,00","","","M","101,15","","","","","","ND"
"2001-11-05 02:00","2001","11","05","02:00"," ","","","","","","","","","","","","","","","","","","",""
"2001-11-05 02:46","2001","11","05","02:46"," ","9,80","","7,20","","84,00","","5,00","","17,00","","","M","101,09","","","","","","ND"
"2001-11-05 03:00","2001","11","05","03:00"," ","","","","","","","","","","","","","","","","","","",""
"2001-11-05 03:46","2001","11","05","03:46"," ","9,80","","8,20","","90,00","","3,00","","17,00","","","M","101,06","","","","","","ND"
"2001-11-05 04:00","2001","11","05","04:00"," ","","","","","","","","","","","","","","","","","","",""
"2001-11-05 04:46","2001","11","05","04:46"," ","10,10","","8,90","","92,00","","3,00","","19,00","","","M","101,04","","","","","","ND"
"2001-11-05 05:00","2001","11","05","05:00"," ","","","","","","","","","","","","","","","","","","",""
"2001-11-05 05:46","2001","11","05","05:46"," ","10,50","","9,30","","92,00","","5,00","","19,00","","","M","101,02","","","","","","ND"
"2001-11-05 06:00","2001","11","05","06:00"," ","","","","","","","","","","","","","","","","","","",""
"2001-11-05 06:46","2001","11","05","06:46"," ","10,60","","9,50","","93,00","","5,00","","22,00","","","M","101,00","","","","","","ND"
"2001-11-05 07:00","2001","11","05","07:00"," ","","","","","","","","","","","","","","","","","","",""
"2001-11-05 07:46","2001","11","05","07:46"," ","10,80","","9,70","","93,00","","5,00","","22,00","","","M","101,00","","","","","","ND"
"2001-11-05 08:00","2001","11","05","08:00"," ","","","","","","","","","","","","","","","","","","",""
"2001-11-05 08:46","2001","11","05","08:46"," ","11,00","","9,90","","93,00","","6,00","","19,00","","","M","100,98","","","","","","ND"
"2001-11-05 09:00","2001","11","05","09:00"," ","","","","","","","","","","","","","","","","","","",""
"2001-11-05 09:46","2001","11","05","09:46"," ","11,30","","10,20","","93,00","","9,00","","13,00","","","M","100,93","","","","","","ND"
"2001-11-05 10:00","2001","11","05","10:00"," ","","","","","","","","","","","","","","","","","","",""
"2001-11-05 10:46","2001","11","05","10:46"," ","11,30","","10,20","","93,00","","9,00","","11,00","","","M","100,91","","","","","","ND"
"2001-11-05 11:00","2001","11","05","11:00"," ","","","","","","","","","","","","","","","","","","",""
"2001-11-05 11:46","2001","11","05","11:46"," ","11,30","","10,20","","93,00","","9,00","","9,00","","","M","100,84","","","","","","ND"
"2001-11-05 12:00","2001","11","05","12:00"," ","","","","","","","","","","","","","","","","","","",""
"2001-11-05 12:46","2001","11","05","12:46"," ","11,30","","10,20","","93,00","","9,00","","9,00","","","M","100,79","","","","","","ND"
"2001-11-05 13:00","2001","11","05","13:00"," ","","","","","","","","","","","","","","","","","","",""
"2001-11-05 13:46","2001","11","05","13:46"," ","11,40","","10,30","","93,00","","6,00","","7,00","","","M","100,75","","","","","","ND"
"2001-11-05 14:00","2001","11","05","14:00"," ","","","","","","","","","","","","","","","","","","",""
"2001-11-05 14:46","2001","11","05","14:46"," ","11,30","","10,10","","92,00","","5,00","","15,00","","","M","100,70","","","","","","ND"
"2001-11-05 15:00","2001","11","05","15:00"," ","","","","","","","","","","","","","","","","","","",""
"2001-11-05 15:46","2001","11","05","15:46"," ","11,50","","9,60","","88,00","","4,00","","11,00","","","M","100,68","","","","","","ND"
"2001-11-05 16:00","2001","11","05","16:00"," ","","","","","","","","","","","","","","","","","","",""
"2001-11-05 16:46","2001","11","05","16:46"," ","11,30","","10,20","","93,00","","5,00","","17,00","","","M","100,66","","","","","","ND"
"2001-11-05 17:00","2001","11","05","17:00"," ","","","","","","","","","","","","","","","","","","",""
"2001-11-05 17:46","2001","11","05","17:46"," ","11,20","","10,10","","93,00","","5,00","","13,00","","","M","100,64","","","","","","ND"
"2001-11-05 18:00","2001","11","05","18:00"," ","","","","","","","","","","","","","","","","","","",""
"2001-11-05 18:46","2001","11","05","18:46"," ","11,10","","10,00","","93,00","","6,00","","13,00","","","M","100,68","","","","","","ND"
"2001-11-05 19:00","2001","11","05","19:00"," ","","","","","","","","","","","","","","","","","","",""
"2001-11-05 19:46","2001","11","05","19:46"," ","10,80","","9,70","","93,00","","5,00","","19,00","","","M","100,64","","","","","","ND"
"2001-11-05 20:00","2001","11","05","20:00"," ","","","","","","","","","","","","","","","","","","",""
"2001-11-05 20:46","2001","11","05","20:46"," ","10,40","","9,30","","93,00","","5,00","","19,00","","","M","100,62","","","","","","ND"
"2001-11-05 21:00","2001","11","05","21:00"," ","","","","","","","","","","","","","","","","","","",""
"2001-11-05 21:46","2001","11","05","21:46"," ","10,20","","9,10","","93,00","","5,00","","17,00","","","M","100,59","","","","","","ND"
"2001-11-05 22:00","2001","11","05","22:00"," ","","","","","","","","","","","","","","","","","","",""
"2001-11-05 22:46","2001","11","05","22:46"," ","10,30","","9,20","","93,00","","5,00","","17,00","","","M","100,52","","","","","","ND"
"2001-11-05 23:00","2001","11","05","23:00"," ","","","","","","","","","","","","","","","","","","",""
"2001-11-05 23:46","2001","11","05","23:46"," ","10,00","","8,90","","93,00","","4,00","","20,00","","","M","100,46","","","","","","ND"
"2001-11-06 00:00","2001","11","06","00:00"," ","","","","","","","","","","","","","","","","","","",""
"2001-11-06 00:46","2001","11","06","00:46"," ","9,70","","8,60","","93,00","","4,00","","19,00","","","M","100,35","","","","","","ND"
"2001-11-06 01:00","2001","11","06","01:00"," ","","","","","","","","","","","","","","","","","","",""
"2001-11-06 01:46","2001","11","06","01:46"," ","9,30","","8,20","","93,00","","1,00","","13,00","","","M","100,34","","","","","","ND"
"2001-11-06 02:00","2001","11","06","02:00"," ","","","","","","","","","","","","","","","","","","",""
"2001-11-06 02:46","2001","11","06","02:46"," ","9,20","","8,10","","93,00","","4,00","","15,00","","","M","100,28","","","","","","ND"
"2001-11-06 03:00","2001","11","06","03:00"," ","","","","","","","","","","","","","","","","","","",""
"2001-11-06 03:46","2001","11","06","03:46"," ","9,20","","8,10","","93,00","","2,00","","20,00","","","M","100,10","","","","","","ND"
"2001-11-06 04:00","2001","11","06","04:00"," ","","","","","","","","","","","","","","","","","","",""
"2001-11-06 04:46","2001","11","06","04:46"," ","9,00","","7,90","","93,00","","3,00","","24,00","","","M","100,05","","","","","","ND"
"2001-11-06 05:00","2001","11","06","05:00"," ","","","","","","","","","","","","","","","","","","",""
"2001-11-06 05:46","2001","11","06","05:46"," ","9,70","","8,60","","93,00","","5,00","","22,00","","","M","100,01","","","","","","ND"
"2001-11-06 06:00","2001","11","06","06:00"," ","","","","","","","","","","","","","","","","","","",""
"2001-11-06 06:46","2001","11","06","06:46"," ","10,10","","9,00","","93,00","","5,00","","24,00","","","M","99,98","","","","","","ND"
"2001-11-06 07:00","2001","11","06","07:00"," ","","","","","","","","","","","","","","","","","","",""
"2001-11-06 07:46","2001","11","06","07:46"," ","10,60","","9,50","","93,00","","8,00","","22,00","","","M","99,92","","","","","","ND"
"2001-11-06 08:00","2001","11","06","08:00"," ","","","","","","","","","","","","","","","","","","",""
"2001-11-06 08:46","2001","11","06","08:46"," ","10,30","","9,20","","93,00","","9,00","","33,00","","","M","99,85","","","","","","ND"
"2001-11-06 09:00","2001","11","06","09:00"," ","","","","","","","","","","","","","","","","","","",""
"2001-11-06 09:46","2001","11","06","09:46"," ","10,40","","9,30","","93,00","","9,00","","41,00","","","M","99,69","","","","","","ND"
"2001-11-06 10:00","2001","11","06","10:00"," ","","","","","","","","","","","","","","","","","","",""
"2001-11-06 10:46","2001","11","06","10:46"," ","11,50","","8,00","","79,00","","14,00","","28,00","","","M","99,71","","","","","","ND"
"2001-11-06 11:00","2001","11","06","11:00"," ","","","","","","","","","","","","","","","","","","",""
"2001-11-06 11:46","2001","11","06","11:46"," ","12,40","","5,10","","61,00","","18,00","","22,00","","","M","99,65","","","","","","ND"
"2001-11-06 12:00","2001","11","06","12:00"," ","","","","","","","","","","","","","","","","","","",""
"2001-11-06 12:46","2001","11","06","12:46"," ","12,40","","2,60","","51,00","","19,00","","22,00","","","M","99,62","","","","","","ND"
"2001-11-06 13:00","2001","11","06","13:00"," ","","","","","","","","","","","","","","","","","","",""
"2001-11-06 13:46","2001","11","06","13:46"," ","12,40","","0,50","","44,00","","18,00","","24,00","","","M","99,58","","","","","","ND"
"2001-11-06 14:00","2001","11","06","14:00"," ","","","","","","","","","","","","","","","","","","",""
"2001-11-06 14:46","2001","11","06","14:46"," ","12,90","","-0,10","","41,00","","19,00","","17,00","","","M","99,60","","","","","","ND"
"2001-11-06 15:00","2001","11","06","15:00"," ","","","","","","","","","","","","","","","","","","",""
"2001-11-06 15:46","2001","11","06","15:46"," ","11,30","","-0,60","","44,00","","18,00","","17,00","","","M","99,60","","","","","","ND"
"2001-11-06 16:00","2001","11","06","16:00"," ","","","","","","","","","","","","","","","","","","",""
"2001-11-06 16:46","2001","11","06","16:46"," ","10,40","","0,20","","49,00","","14,00","","6,00","","","M","99,58","","","","","","ND"
"2001-11-06 17:00","2001","11","06","17:00"," ","","","","","","","","","","","","","","","","","","",""
"2001-11-06 17:46","2001","11","06","17:46"," ","10,00","","1,90","","57,00","","14,00","","15,00","","","M","99,56","","","","","","ND"
"2001-11-06 18:00","2001","11","06","18:00"," ","","","","","","","","","","","","","","","","","","",""
"2001-11-06 18:46","2001","11","06","18:46"," ","9,80","","4,00","","67,00","","15,00","","13,00","","","M","99,51","","","","","","ND"
"2001-11-06 19:00","2001","11","06","19:00"," ","","","","","","","","","","","","","","","","","","",""
"2001-11-06 19:46","2001","11","06","19:46"," ","9,00","","3,00","","66,00","","17,00","","11,00","","","M","99,47","","","","","","ND"
"2001-11-06 20:00","2001","11","06","20:00"," ","","","","","","","","","","","","","","","","","","",""
"2001-11-06 20:46","2001","11","06","20:46"," ","10,30","","3,60","","63,00","","13,00","","20,00","","","M","99,42","","","","","","ND"
"2001-11-06 21:00","2001","11","06","21:00"," ","","","","","","","","","","","","","","","","","","",""
"2001-11-06 21:46","2001","11","06","21:46"," ","10,20","","4,60","","68,00","","10,00","","17,00","","","M","99,35","","","","","","ND"
"2001-11-06 22:00","2001","11","06","22:00"," ","","","","","","","","","","","","","","","","","","",""
"2001-11-06 22:46","2001","11","06","22:46"," ","10,10","","5,30","","72,00","","9,00","","15,00","","","M","99,27","","","","","","ND"
"2001-11-06 23:00","2001","11","06","23:00"," ","","","","","","","","","","","","","","","","","","",""
"2001-11-06 23:46","2001","11","06","23:46"," ","9,80","","6,50","","80,00","","14,00","","17,00","","","M","99,24","","","","","","ND"
"2001-11-07 00:00","2001","11","07","00:00"," ","","","","","","","","","","","","","","","","","","",""
"2001-11-07 00:46","2001","11","07","00:46"," ","8,50","","6,60","","88,00","","31,00","","20,00","","","M","99,11","","","","","","ND"
"2001-11-07 01:00","2001","11","07","01:00"," ","","","","","","","","","","","","","","","","","","",""
"2001-11-07 01:46","2001","11","07","01:46"," ","8,50","","6,00","","84,00","","31,00","","22,00","","","M","99,06","","","","","","ND"
"2001-11-07 02:00","2001","11","07","02:00"," ","","","","","","","","","","","","","","","","","","",""
"2001-11-07 02:46","2001","11","07","02:46"," ","8,80","","5,40","","79,00","","32,00","","24,00","","","M","98,90","","","","","","ND"
"2001-11-07 03:00","2001","11","07","03:00"," ","","","","","","","","","","","","","","","","","","",""
"2001-11-07 03:46","2001","11","07","03:46"," ","8,30","","6,90","","91,00","","34,00","","20,00","","","M","98,84","","","","","","ND"
"2001-11-07 04:00","2001","11","07","04:00"," ","","","","","","","","","","","","","","","","","","",""
"2001-11-07 04:46","2001","11","07","04:46"," ","8,70","","6,80","","88,00","","32,00","","24,00","","","M","98,73","","","","","","ND"
"2001-11-07 05:00","2001","11","07","05:00"," ","","","","","","","","","","","","","","","","","","",""
"2001-11-07 05:46","2001","11","07","05:46"," ","8,30","","6,40","","88,00","","32,00","","37,00","","","M","98,70","","","","","","ND"
"2001-11-07 06:00","2001","11","07","06:00"," ","","","","","","","","","","","","","","","","","","",""
"2001-11-07 06:46","2001","11","07","06:46"," ","7,60","","5,30","","85,00","","31,00","","35,00","","","M","98,59","","","","","","ND"
"2001-11-07 07:00","2001","11","07","07:00"," ","","","","","","","","","","","","","","","","","","",""
"2001-11-07 07:46","2001","11","07","07:46"," ","7,90","","5,50","","85,00","","32,00","","37,00","","","M","98,54","","","","","","ND"
"2001-11-07 08:00","2001","11","07","08:00"," ","","","","","","","","","","","","","","","","","","",""
"2001-11-07 08:46","2001","11","07","08:46"," ","8,10","","5,20","","82,00","","32,00","","52,00","","","M","98,37","","","","","","ND"
"2001-11-07 09:00","2001","11","07","09:00"," ","","","","","","","","","","","","","","","","","","",""
"2001-11-07 09:46","2001","11","07","09:46"," ","7,00","","5,50","","90,00","","32,00","","56,00","","","M","98,27","","","","","","ND"
"2001-11-07 10:00","2001","11","07","10:00"," ","","","","","","","","","","","","","","","","","","",""
"2001-11-07 10:46","2001","11","07","10:46"," ","6,60","","4,80","","88,00","","32,00","","59,00","","","M","98,21","","","","","","ND"
"2001-11-07 11:00","2001","11","07","11:00"," ","","","","","","","","","","","","","","","","","","",""
"2001-11-07 11:46","2001","11","07","11:46"," ","5,70","","4,00","","89,00","","31,00","","59,00","","","M","98,09","","","","","","ND"
"2001-11-07 12:00","2001","11","07","12:00"," ","","","","","","","","","","","","","","","","","","",""
"2001-11-07 12:46","2001","11","07","12:46"," ","6,10","","4,60","","90,00","","31,00","","63,00","","","M","97,94","","","","","","ND"
"2001-11-07 13:00","2001","11","07","13:00"," ","","","","","","","","","","","","","","","","","","",""
"2001-11-07 13:46","2001","11","07","13:46"," ","6,90","","5,70","","92,00","","32,00","","61,00","","","M","97,91","","","","","","ND"
"2001-11-07 14:00","2001","11","07","14:00"," ","","","","","","","","","","","","","","","","","","",""
"2001-11-07 14:46","2001","11","07","14:46"," ","5,90","","4,40","","90,00","","32,00","","70,00","","","M","97,92","","","","","","ND"
"2001-11-07 15:00","2001","11","07","15:00"," ","","","","","","","","","","","","","","","","","","",""
"2001-11-07 15:46","2001","11","07","15:46"," ","5,90","","4,70","","92,00","","32,00","","70,00","","","M","98,01","","","","","","ND"
"2001-11-07 16:00","2001","11","07","16:00"," ","","","","","","","","","","","","","","","","","","",""
"2001-11-07 16:46","2001","11","07","16:46"," ","6,80","","5,40","","91,00","","32,00","","72,00","","","M","98,03","","","","","","ND"
"2001-11-07 17:00","2001","11","07","17:00"," ","","","","","","","","","","","","","","","","","","",""
"2001-11-07 17:46","2001","11","07","17:46"," ","6,90","","4,60","","85,00","","","M","87,00","","","M","98,16","","","","","","ND"
"2001-11-07 18:00","2001","11","07","18:00"," ","","","","","","","","","","","","","","","","","","",""
"2001-11-07 18:46","2001","11","07","18:46"," ","6,10","","4,60","","90,00","","","M","87,00","","","M","98,32","","","","","","ND"
"2001-11-07 19:00","2001","11","07","19:00"," ","","","","","","","","","","","","","","","","","","",""
"2001-11-07 19:46","2001","11","07","19:46"," ","6,10","","3,30","","82,00","","32,00","","89,00","","","M","98,48","","","","","","ND"
"2001-11-07 20:00","2001","11","07","20:00"," ","","","","","","","","","","","","","","","","","","",""
"2001-11-07 20:46","2001","11","07","20:46"," ","5,40","","2,40","","81,00","","","M","87,00","","","M","98,72","","","","","","ND"
"2001-11-07 21:00","2001","11","07","21:00"," ","","","","","","","","","","","","","","","","","","",""
"2001-11-07 21:46","2001","11","07","21:46"," ","6,60","","1,50","","70,00","","","M","82,00","","","M","98,93","","","","","","ND"
"2001-11-07 22:00","2001","11","07","22:00"," ","","","","","","","","","","","","","","","","","","",""
"2001-11-07 22:46","2001","11","07","22:46"," ","6,20","","1,20","","70,00","","","M","80,00","","","M","99,15","","","","","","ND"
"2001-11-07 23:00","2001","11","07","23:00"," ","","","","","","","","","","","","","","","","","","",""
"2001-11-07 23:46","2001","11","07","23:46"," ","6,40","","0,90","","68,00","","","M","76,00","","","M","99,40","","","","","","ND"
"2001-11-08 00:00","2001","11","08","00:00"," ","","","","","","","","","","","","","","","","","","",""
"2001-11-08 00:46","2001","11","08","00:46"," ","5,60","","0,20","","68,00","","","M","70,00","","","M","99,58","","","","","","ND"
"2001-11-08 01:00","2001","11","08","01:00"," ","","","","","","","","","","","","","","","","","","",""
"2001-11-08 01:46","2001","11","08","01:46"," ","5,10","","-0,40","","68,00","","","M","76,00","","","M","99,76","","","","","","ND"
"2001-11-08 02:00","2001","11","08","02:00"," ","","","","","","","","","","","","","","","","","","",""
"2001-11-08 02:46","2001","11","08","02:46"," ","5,50","","0,10","","68,00","","","M","70,00","","","M","99,96","","","","","","ND"
"2001-11-08 03:00","2001","11","08","03:00"," ","","","","","","","","","","","","","","","","","","",""
"2001-11-08 03:46","2001","11","08","03:46"," ","5,20","","-1,10","","64,00","","","M","69,00","","","M","100,12","","","","","","ND"
"2001-11-08 04:00","2001","11","08","04:00"," ","","","","","","","","","","","","","","","","","","",""
"2001-11-08 04:46","2001","11","08","04:46"," ","4,80","","-1,50","","64,00","","32,00","","61,00","","","M","100,30","","","","","","ND"
"2001-11-08 05:00","2001","11","08","05:00"," ","","","","","","","","","","","","","","","","","","",""
"2001-11-08 05:46","2001","11","08","05:46"," ","4,80","","-1,70","","63,00","","31,00","","61,00","","","M","100,57","","","","","","ND"
"2001-11-08 06:00","2001","11","08","06:00"," ","","","","","","","","","","","","","","","","","","",""
"2001-11-08 06:46","2001","11","08","06:46"," ","4,60","","-2,40","","60,00","","","M","61,00","","","M","100,80","","","","","","ND"
"2001-11-08 07:00","2001","11","08","07:00"," ","","","","","","","","","","","","","","","","","","",""
"2001-11-08 07:46","2001","11","08","07:46"," ","4,70","","-1,80","","63,00","","32,00","","59,00","","","M","100,98","","","","","","ND"
"2001-11-08 08:00","2001","11","08","08:00"," ","","","","","","","","","","","","","","","","","","",""
"2001-11-08 08:46","2001","11","08","08:46"," ","4,70","","-2,30","","60,00","","31,00","","57,00","","","M","101,15","","","","","","ND"
"2001-11-08 09:00","2001","11","08","09:00"," ","","","","","","","","","","","","","","","","","","",""
"2001-11-08 09:46","2001","11","08","09:46"," ","4,80","","-1,90","","62,00","","31,00","","54,00","","","M","101,31","","","","","","ND"
"2001-11-08 10:00","2001","11","08","10:00"," ","","","","","","","","","","","","","","","","","","",""
"2001-11-08 10:46","2001","11","08","10:46"," ","4,90","","-1,90","","61,00","","32,00","","48,00","","","M","101,42","","","","","","ND"
"2001-11-08 11:00","2001","11","08","11:00"," ","","","","","","","","","","","","","","","","","","",""
"2001-11-08 11:46","2001","11","08","11:46"," ","5,00","","-2,70","","57,00","","32,00","","44,00","","","M","101,47","","","","","","ND"
"2001-11-08 12:00","2001","11","08","12:00"," ","","","","","","","","","","","","","","","","","","",""
"2001-11-08 12:46","2001","11","08","12:46"," ","5,70","","-2,50","","56,00","","32,00","","39,00","","","M","101,51","","","","","","ND"
"2001-11-08 13:00","2001","11","08","13:00"," ","","","","","","","","","","","","","","","","","","",""
"2001-11-08 13:46","2001","11","08","13:46"," ","5,60","","-3,10","","53,00","","32,00","","35,00","","","M","101,56","","","","","","ND"
"2001-11-08 14:00","2001","11","08","14:00"," ","","","","","","","","","","","","","","","","","","",""
"2001-11-08 14:46","2001","11","08","14:46"," ","5,60","","-2,10","","58,00","","32,00","","30,00","","","M","101,67","","","","","","ND"
"2001-11-08 15:00","2001","11","08","15:00"," ","","","","","","","","","","","","","","","","","","",""
"2001-11-08 15:46","2001","11","08","15:46"," ","5,30","","-2,60","","57,00","","32,00","","28,00","","","M","101,78","","","","","","ND"
"2001-11-08 16:00","2001","11","08","16:00"," ","","","","","","","","","","","","","","","","","","",""
"2001-11-08 16:46","2001","11","08","16:46"," ","5,20","","-2,50","","57,00","","32,00","","26,00","","","M","101,79","","","","","","ND"
"2001-11-08 17:00","2001","11","08","17:00"," ","","","","","","","","","","","","","","","","","","",""
"2001-11-08 17:46","2001","11","08","17:46"," ","4,90","","-2,10","","60,00","","35,00","","19,00","","","M","101,90","","","","","","ND"
"2001-11-08 18:00","2001","11","08","18:00"," ","","","","","","","","","","","","","","","","","","",""
"2001-11-08 18:46","2001","11","08","18:46"," ","4,70","","-2,00","","62,00","","1,00","","17,00","","","M","101,96","","","","","","ND"
"2001-11-08 19:00","2001","11","08","19:00"," ","","","","","","","","","","","","","","","","","","",""
"2001-11-08 19:46","2001","11","08","19:46"," ","4,50","","-2,90","","59,00","","1,00","","9,00","","","M","102,03","","","","","","ND"
"2001-11-08 20:00","2001","11","08","20:00"," ","","","","","","","","","","","","","","","","","","",""
"2001-11-08 20:46","2001","11","08","20:46"," ","4,80","","-2,60","","59,00","","7,00","","7,00","","","M","102,03","","","","","","ND"
"2001-11-08 21:00","2001","11","08","21:00"," ","","","","","","","","","","","","","","","","","","",""
"2001-11-08 21:46","2001","11","08","21:46"," ","2,90","","-1,00","","75,00","","20,00","","13,00","","","M","102,06","","","","","","ND"
"2001-11-08 22:00","2001","11","08","22:00"," ","","","","","","","","","","","","","","","","","","",""
"2001-11-08 22:46","2001","11","08","22:46"," ","3,00","","-0,90","","76,00","","18,00","","17,00","","","M","102,06","","","","","","ND"
"2001-11-08 23:00","2001","11","08","23:00"," ","","","","","","","","","","","","","","","","","","",""
"2001-11-08 23:46","2001","11","08","23:46"," ","3,30","","-0,40","","77,00","","18,00","","19,00","","","M","102,06","","","","","","ND"
"2001-11-09 00:00","2001","11","09","00:00"," ","","","","","","","","","","","","","","","","","","",""
"2001-11-09 00:46","2001","11","09","00:46"," ","3,40","","-0,50","","76,00","","17,00","","13,00","","","M","102,01","","","","","","ND"
"2001-11-09 01:00","2001","11","09","01:00"," ","","","","","","","","","","","","","","","","","","",""
"2001-11-09 01:46","2001","11","09","01:46"," ","3,70","","-0,80","","72,00","","16,00","","19,00","","","M","101,97","","","","","","ND"
"2001-11-09 02:00","2001","11","09","02:00"," ","","","","","","","","","","","","","","","","","","",""
"2001-11-09 02:46","2001","11","09","02:46"," ","4,50","","0,30","","74,00","","14,00","","24,00","","","M","101,94","","","","","","ND"
"2001-11-09 03:00","2001","11","09","03:00"," ","","","","","","","","","","","","","","","","","","",""
"2001-11-09 03:46","2001","11","09","03:46"," ","4,40","","0,90","","78,00","","14,00","","26,00","","","M","101,83","","","","","","ND"
"2001-11-09 04:00","2001","11","09","04:00"," ","","","","","","","","","","","","","","","","","","",""
"2001-11-09 04:46","2001","11","09","04:46"," ","4,70","","1,60","","80,00","","15,00","","24,00","","","M","101,78","","","","","","ND"
"2001-11-09 05:00","2001","11","09","05:00"," ","","","","","","","","","","","","","","","","","","",""
"2001-11-09 05:46","2001","11","09","05:46"," ","5,30","","2,30","","81,00","","15,00","","32,00","","","M","101,67","","","","","","ND"
"2001-11-09 06:00","2001","11","09","06:00"," ","","","","","","","","","","","","","","","","","","",""
"2001-11-09 06:46","2001","11","09","06:46"," ","5,10","","1,90","","80,00","","16,00","","24,00","","","M","101,61","","","","","","ND"
"2001-11-09 07:00","2001","11","09","07:00"," ","","","","","","","","","","","","","","","","","","",""
"2001-11-09 07:46","2001","11","09","07:46"," ","6,60","","3,10","","78,00","","16,00","","33,00","","","M","101,58","","","","","","ND"
"2001-11-09 08:00","2001","11","09","08:00"," ","","","","","","","","","","","","","","","","","","",""
"2001-11-09 08:46","2001","11","09","08:46"," ","7,60","","3,80","","77,00","","17,00","","33,00","","","M","101,47","","","","","","ND"
"2001-11-09 09:00","2001","11","09","09:00"," ","","","","","","","","","","","","","","","","","","",""
"2001-11-09 09:46","2001","11","09","09:46"," ","9,50","","4,10","","69,00","","17,00","","32,00","","","M","101,38","","","","","","ND"
"2001-11-09 10:00","2001","11","09","10:00"," ","","","","","","","","","","","","","","","","","","",""
"2001-11-09 10:46","2001","11","09","10:46"," ","10,60","","5,20","","69,00","","17,00","","32,00","","","M","101,27","","","","","","ND"
"2001-11-09 11:00","2001","11","09","11:00"," ","","","","","","","","","","","","","","","","","","",""
"2001-11-09 11:46","2001","11","09","11:46"," ","11,30","","5,60","","68,00","","17,00","","46,00","","","M","101,09","","","","","","ND"
"2001-11-09 12:00","2001","11","09","12:00"," ","","","","","","","","","","","","","","","","","","",""
"2001-11-09 12:46","2001","11","09","12:46"," ","11,50","","6,40","","71,00","","17,00","","44,00","","","M","100,93","","","","","","ND"
"2001-11-09 13:00","2001","11","09","13:00"," ","","","","","","","","","","","","","","","","","","",""
"2001-11-09 13:46","2001","11","09","13:46"," ","11,50","","7,60","","77,00","","17,00","","46,00","","","M","100,80","","","","","","ND"
"2001-11-09 14:00","2001","11","09","14:00"," ","","","","","","","","","","","","","","","","","","",""
"2001-11-09 14:46","2001","11","09","14:46"," ","11,80","","8,10","","78,00","","17,00","","43,00","","","M","100,71","","","","","","ND"
"2001-11-09 15:00","2001","11","09","15:00"," ","","","","","","","","","","","","","","","","","","",""
"2001-11-09 15:46","2001","11","09","15:46"," ","11,80","","8,80","","82,00","","14,00","","37,00","","","M","100,53","","","","","","ND"
"2001-11-09 16:00","2001","11","09","16:00"," ","","","","","","","","","","","","","","","","","","",""
"2001-11-09 16:46","2001","11","09","16:46"," ","12,00","","10,10","","88,00","","16,00","","35,00","","","M","100,43","","","","","","ND"
"2001-11-09 17:00","2001","11","09","17:00"," ","","","","","","","","","","","","","","","","","","",""
"2001-11-09 17:46","2001","11","09","17:46"," ","9,10","","8,20","","94,00","","24,00","","9,00","","","M","100,46","","","","","","ND"
"2001-11-09 18:00","2001","11","09","18:00"," ","","","","","","","","","","","","","","","","","","",""
"2001-11-09 18:46","2001","11","09","18:46"," ","9,00","","8,10","","94,00","","23,00","","11,00","","","M","100,43","","","","","","ND"
"2001-11-09 19:00","2001","11","09","19:00"," ","","","","","","","","","","","","","","","","","","",""
"2001-11-09 19:46","2001","11","09","19:46"," ","8,50","","7,60","","94,00","","23,00","","11,00","","","M","100,43","","","","","","ND"
"2001-11-09 20:00","2001","11","09","20:00"," ","","","","","","","","","","","","","","","","","","",""
"2001-11-09 20:46","2001","11","09","20:46"," ","6,30","","4,80","","90,00","","27,00","","46,00","","","M","100,48","","","","","","ND"
"2001-11-09 21:00","2001","11","09","21:00"," ","","","","","","","","","","","","","","","","","","",""
"2001-11-09 21:46","2001","11","09","21:46"," ","5,30","","3,30","","87,00","","27,00","","35,00","","","M","100,44","","","","","","ND"
"2001-11-09 22:00","2001","11","09","22:00"," ","","","","","","","","","","","","","","","","","","",""
"2001-11-09 23:00","2001","11","09","23:00"," ","","","","","","","","","","","","","","","","","","",""
"2001-11-09 23:46","2001","11","09","23:46"," ","3,00","","1,40","","89,00","","26,00","","24,00","","","M","100,52","","","","","","ND"
"2001-11-10 00:00","2001","11","10","00:00"," ","","","","","","","","","","","","","","","","","","",""
"2001-11-10 00:46","2001","11","10","00:46"," ","2,70","","0,90","","88,00","","26,00","","24,00","","","M","100,52","","","","","","ND"
"2001-11-10 01:00","2001","11","10","01:00"," ","","","","","","","","","","","","","","","","","","",""
"2001-11-10 01:46","2001","11","10","01:46"," ","2,10","","0,00","","86,00","","26,00","","24,00","","","M","100,52","","","","","","ND"
"2001-11-10 02:00","2001","11","10","02:00"," ","","","","","","","","","","","","","","","","","","",""
"2001-11-10 02:46","2001","11","10","02:46"," ","2,10","","0,20","","87,00","","26,00","","24,00","","","M","100,52","","","","","","ND"
"2001-11-10 03:00","2001","11","10","03:00"," ","","","","","","","","","","","","","","","","","","",""
"2001-11-10 03:46","2001","11","10","03:46"," ","2,10","","-0,90","","80,00","","26,00","","20,00","","","M","100,52","","","","","","ND"
"2001-11-10 04:00","2001","11","10","04:00"," ","","","","","","","","","","","","","","","","","","",""
"2001-11-10 04:46","2001","11","10","04:46"," ","2,00","","-1,90","","75,00","","25,00","","20,00","","","M","100,55","","","","","","ND"
"2001-11-10 05:00","2001","11","10","05:00"," ","","","","","","","","","","","","","","","","","","",""
"2001-11-10 05:46","2001","11","10","05:46"," ","3,10","","-2,30","","68,00","","27,00","","35,00","","","M","100,53","","","","","","ND"
"2001-11-10 06:00","2001","11","10","06:00"," ","","","","","","","","","","","","","","","","","","",""
"2001-11-10 06:46","2001","11","10","06:46"," ","1,70","","-3,50","","68,00","","25,00","","24,00","","","M","100,62","","","","","","ND"
"2001-11-10 07:00","2001","11","10","07:00"," ","","","","","","","","","","","","","","","","","","",""
"2001-11-10 07:46","2001","11","10","07:46"," ","1,70","","-3,70","","67,00","","25,00","","20,00","","","M","100,68","","","","","","ND"
"2001-11-10 08:00","2001","11","10","08:00"," ","","","","","","","","","","","","","","","","","","",""
"2001-11-10 08:46","2001","11","10","08:46"," ","1,90","","-4,50","","62,00","","25,00","","20,00","","","M","100,71","","","","","","ND"
"2001-11-10 09:00","2001","11","10","09:00"," ","","","","","","","","","","","","","","","","","","",""
"2001-11-10 09:46","2001","11","10","09:46"," ","3,00","","-4,80","","56,00","","25,00","","24,00","","","M","100,71","","","","","","ND"
"2001-11-10 10:00","2001","11","10","10:00"," ","","","","","","","","","","","","","","","","","","",""
"2001-11-10 10:46","2001","11","10","10:46"," ","4,40","","-5,20","","50,00","","25,00","","22,00","","","M","100,68","","","","","","ND"
"2001-11-10 11:00","2001","11","10","11:00"," ","","","","","","","","","","","","","","","","","","",""
"2001-11-10 11:46","2001","11","10","11:46"," ","5,20","","-6,10","","44,00","","25,00","","26,00","","","M","100,61","","","","","","ND"
"2001-11-10 12:00","2001","11","10","12:00"," ","","","","","","","","","","","","","","","","","","",""
"2001-11-10 12:46","2001","11","10","12:46"," ","6,30","","-6,70","","39,00","","25,00","","24,00","","","M","100,61","","","","","","ND"
"2001-11-10 13:00","2001","11","10","13:00"," ","","","","","","","","","","","","","","","","","","",""
"2001-11-10 13:46","2001","11","10","13:46"," ","5,90","","-6,10","","42,00","","24,00","","20,00","","","M","100,61","","","","","","ND"
"2001-11-10 14:00","2001","11","10","14:00"," ","","","","","","","","","","","","","","","","","","",""
"2001-11-10 14:46","2001","11","10","14:46"," ","5,50","","-5,60","","45,00","","24,00","","26,00","","","M","100,62","","","","","","ND"
"2001-11-10 15:00","2001","11","10","15:00"," ","","","","","","","","","","","","","","","","","","",""
"2001-11-10 15:46","2001","11","10","15:46"," ","5,10","","-5,40","","47,00","","24,00","","20,00","","","M","100,68","","","","","","ND"
"2001-11-10 16:00","2001","11","10","16:00"," ","","","","","","","","","","","","","","","","","","",""
"2001-11-10 16:46","2001","11","10","16:46"," ","4,10","","-5,00","","51,00","","24,00","","17,00","","","M","100,73","","","","","","ND"
"2001-11-10 17:00","2001","11","10","17:00"," ","","","","","","","","","","","","","","","","","","",""
"2001-11-10 17:46","2001","11","10","17:46"," ","3,30","","-3,80","","60,00","","24,00","","15,00","","","M","100,82","","","","","","ND"
"2001-11-10 18:00","2001","11","10","18:00"," ","","","","","","","","","","","","","","","","","","",""
"2001-11-10 18:46","2001","11","10","18:46"," ","3,10","","-2,70","","66,00","","24,00","","15,00","","","M","100,88","","","","","","ND"
"2001-11-10 19:00","2001","11","10","19:00"," ","","","","","","","","","","","","","","","","","","",""
"2001-11-10 19:46","2001","11","10","19:46"," ","2,90","","-1,70","","72,00","","24,00","","17,00","","","M","100,91","","","","","","ND"
"2001-11-10 20:00","2001","11","10","20:00"," ","","","","","","","","","","","","","","","","","","",""
"2001-11-10 20:46","2001","11","10","20:46"," ","2,60","","-1,50","","74,00","","24,00","","13,00","","","M","100,95","","","","","","ND"
"2001-11-10 21:00","2001","11","10","21:00"," ","","","","","","","","","","","","","","","","","","",""
"2001-11-10 21:46","2001","11","10","21:46"," ","2,50","","-1,00","","78,00","","22,00","","11,00","","","M","100,95","","","","","","ND"
"2001-11-10 22:00","2001","11","10","22:00"," ","","","","","","","","","","","","","","","","","","",""
"2001-11-10 22:46","2001","11","10","22:46"," ","2,10","","-1,10","","79,00","","22,00","","13,00","","","M","100,93","","","","","","ND"
"2001-11-10 23:00","2001","11","10","23:00"," ","","","","","","","","","","","","","","","","","","",""
"2001-11-10 23:46","2001","11","10","23:46"," ","2,00","","-0,70","","82,00","","21,00","","13,00","","","M","100,95","","","","","","ND"
"2001-11-11 00:00","2001","11","11","00:00"," ","","","","","","","","","","","","","","","","","","",""
"2001-11-11 00:46","2001","11","11","00:46"," ","2,00","","-0,20","","85,00","","21,00","","15,00","","","M","100,97","","","","","","ND"
"2001-11-11 01:00","2001","11","11","01:00"," ","","","","","","","","","","","","","","","","","","",""
"2001-11-11 01:46","2001","11","11","01:46"," ","2,20","","0,10","","86,00","","21,00","","13,00","","","M","100,97","","","","","","ND"
"2001-11-11 02:00","2001","11","11","02:00"," ","","","","","","","","","","","","","","","","","","",""
"2001-11-11 02:46","2001","11","11","02:46"," ","2,70","","0,60","","86,00","","19,00","","17,00","","","M","100,91","","","","","","ND"
"2001-11-11 03:00","2001","11","11","03:00"," ","","","","","","","","","","","","","","","","","","",""
"2001-11-11 03:46","2001","11","11","03:46"," ","2,10","","1,10","","93,00","","20,00","","17,00","","","M","100,88","","","","","","ND"
"2001-11-11 04:00","2001","11","11","04:00"," ","","","","","","","","","","","","","","","","","","",""
"2001-11-11 04:46","2001","11","11","04:46"," ","2,10","","1,10","","93,00","","18,00","","11,00","","","M","100,82","","","","","","ND"
"2001-11-11 05:00","2001","11","11","05:00"," ","","","","","","","","","","","","","","","","","","",""
"2001-11-11 05:46","2001","11","11","05:46"," ","2,70","","1,70","","93,00","","14,00","","9,00","","","M","100,71","","","","","","ND"
"2001-11-11 06:00","2001","11","11","06:00"," ","","","","","","","","","","","","","","","","","","",""
"2001-11-11 06:46","2001","11","11","06:46"," ","3,90","","2,90","","93,00","","13,00","","15,00","","","M","100,62","","","","","","ND"
"2001-11-11 07:00","2001","11","11","07:00"," ","","","","","","","","","","","","","","","","","","",""
"2001-11-11 07:46","2001","11","11","07:46"," ","3,80","","2,80","","93,00","","11,00","","19,00","","","M","100,61","","","","","","ND"
"2001-11-11 08:00","2001","11","11","08:00"," ","","","","","","","","","","","","","","","","","","",""
"2001-11-11 08:46","2001","11","11","08:46"," ","4,00","","3,00","","93,00","","11,00","","20,00","","","M","100,55","","","","","","ND"
"2001-11-11 09:00","2001","11","11","09:00"," ","","","","","","","","","","","","","","","","","","",""
"2001-11-11 09:46","2001","11","11","09:46"," ","3,50","","2,60","","94,00","","9,00","","20,00","","","M","100,43","","","","","","ND"
"2001-11-11 10:00","2001","11","11","10:00"," ","","","","","","","","","","","","","","","","","","",""
"2001-11-11 10:46","2001","11","11","10:46"," ","4,10","","3,20","","94,00","","5,00","","17,00","","","M","100,35","","","","","","ND"
"2001-11-11 11:00","2001","11","11","11:00"," ","","","","","","","","","","","","","","","","","","",""
"2001-11-11 11:46","2001","11","11","11:46"," ","3,60","","2,70","","94,00","","36,00","","22,00","","","M","100,32","","","","","","ND"
"2001-11-11 12:00","2001","11","11","12:00"," ","","","","","","","","","","","","","","","","","","",""
"2001-11-11 12:46","2001","11","11","12:46"," ","2,80","","1,90","","94,00","","34,00","","24,00","","","M","100,34","","","","","","ND"
"2001-11-11 13:00","2001","11","11","13:00"," ","","","","","","","","","","","","","","","","","","",""
"2001-11-11 13:46","2001","11","11","13:46"," ","3,00","","2,10","","94,00","","36,00","","30,00","","","M","100,39","","","","","","ND"
"2001-11-11 14:00","2001","11","11","14:00"," ","","","","","","","","","","","","","","","","","","",""
"2001-11-11 14:46","2001","11","11","14:46"," ","3,60","","2,70","","94,00","","36,00","","30,00","","","M","100,43","","","","","","ND"
"2001-11-11 15:00","2001","11","11","15:00"," ","","","","","","","","","","","","","","","","","","",""
"2001-11-11 15:46","2001","11","11","15:46"," ","3,50","","2,50","","93,00","","36,00","","26,00","","","M","100,50","","","","","","ND"
"2001-11-11 16:00","2001","11","11","16:00"," ","","","","","","","","","","","","","","","","","","",""
"2001-11-11 16:46","2001","11","11","16:46"," ","3,40","","2,40","","93,00","","33,00","","28,00","","","M","100,61","","","","","","ND"
"2001-11-11 17:00","2001","11","11","17:00"," ","","","","","","","","","","","","","","","","","","",""
"2001-11-11 17:46","2001","11","11","17:46"," ","3,30","","2,30","","93,00","","33,00","","28,00","","","M","100,68","","","","","","ND"
"2001-11-11 18:00","2001","11","11","18:00"," ","","","","","","","","","","","","","","","","","","",""
"2001-11-11 18:46","2001","11","11","18:46"," ","2,90","","1,70","","92,00","","34,00","","35,00","","","M","100,77","","","","","","ND"
"2001-11-11 19:00","2001","11","11","19:00"," ","","","","","","","","","","","","","","","","","","",""
"2001-11-11 19:46","2001","11","11","19:46"," ","2,50","","1,20","","91,00","","35,00","","33,00","","","M","100,88","","","","","","ND"
"2001-11-11 20:00","2001","11","11","20:00"," ","","","","","","","","","","","","","","","","","","",""
"2001-11-11 20:46","2001","11","11","20:46"," ","2,20","","0,70","","90,00","","33,00","","37,00","","","M","100,98","","","","","","ND"
"2001-11-11 21:00","2001","11","11","21:00"," ","","","","","","","","","","","","","","","","","","",""
"2001-11-11 21:46","2001","11","11","21:46"," ","2,00","","0,80","","92,00","","32,00","","44,00","","","M","101,07","","","","","","ND"
"2001-11-11 22:00","2001","11","11","22:00"," ","","","","","","","","","","","","","","","","","","",""
"2001-11-11 22:46","2001","11","11","22:46"," ","2,40","","-0,60","","81,00","","32,00","","48,00","","","M","101,13","","","","","","ND"
"2001-11-11 23:00","2001","11","11","23:00"," ","","","","","","","","","","","","","","","","","","",""
"2001-11-11 23:46","2001","11","11","23:46"," ","2,60","","-1,10","","77,00","","31,00","","43,00","","","M","101,20","","","","","","ND"
"2001-11-12 00:00","2001","11","12","00:00"," ","","","","","","","","","","","","","","","","","","",""
"2001-11-12 00:46","2001","11","12","00:46"," ","2,10","","-2,50","","72,00","","32,00","","41,00","","","M","101,24","","","","","","ND"
"2001-11-12 01:00","2001","11","12","01:00"," ","","","","","","","","","","","","","","","","","","",""
"2001-11-12 01:46","2001","11","12","01:46"," ","1,80","","-3,20","","69,00","","30,00","","35,00","","","M","101,29","","","","","","ND"
"2001-11-12 02:00","2001","11","12","02:00"," ","","","","","","","","","","","","","","","","","","",""
"2001-11-12 02:46","2001","11","12","02:46"," ","-0,80","","-2,80","","86,00","","26,00","","20,00","","","M","101,34","","","","-6,00","","ND"
"2001-11-12 03:00","2001","11","12","03:00"," ","","","","","","","","","","","","","","","","","","",""
"2001-11-12 03:46","2001","11","12","03:46"," ","-1,30","","-2,80","","90,00","","26,00","","19,00","","","M","101,40","","","","-7,00","","ND"
"2001-11-12 04:00","2001","11","12","04:00"," ","","","","","","","","","","","","","","","","","","",""
"2001-11-12 04:46","2001","11","12","04:46"," ","-1,90","","-3,90","","86,00","","26,00","","20,00","","","M","101,45","","","","-8,00","","ND"
"2001-11-12 05:00","2001","11","12","05:00"," ","","","","","","","","","","","","","","","","","","",""
"2001-11-12 05:46","2001","11","12","05:46"," ","-2,50","","-4,80","","84,00","","25,00","","24,00","","","M","101,51","","","","-9,00","","ND"
"2001-11-12 06:00","2001","11","12","06:00"," ","","","","","","","","","","","","","","","","","","",""
"2001-11-12 06:46","2001","11","12","06:46"," ","-3,10","","-5,40","","84,00","","25,00","","22,00","","","M","101,60","","","","-9,00","","ND"
"2001-11-12 07:00","2001","11","12","07:00"," ","","","","","","","","","","","","","","","","","","",""
"2001-11-12 07:46","2001","11","12","07:46"," ","-3,10","","-5,70","","82,00","","24,00","","20,00","","","M","101,69","","","","-9,00","","ND"
"2001-11-12 08:00","2001","11","12","08:00"," ","","","","","","","","","","","","","","","","","","",""
"2001-11-12 08:46","2001","11","12","08:46"," ","-2,60","","-7,60","","68,00","","26,00","","22,00","","","M","101,72","","","","-9,00","","ND"
"2001-11-12 09:00","2001","11","12","09:00"," ","","","","","","","","","","","","","","","","","","",""
"2001-11-12 09:46","2001","11","12","09:46"," ","-1,90","","-9,20","","57,00","","25,00","","24,00","","","M","101,70","","","","-8,00","","ND"
"2001-11-12 10:00","2001","11","12","10:00"," ","","","","","","","","","","","","","","","","","","",""
"2001-11-12 10:46","2001","11","12","10:46"," ","-1,40","","-9,40","","54,00","","26,00","","28,00","","","M","101,72","","","","-8,00","","ND"
"2001-11-12 11:00","2001","11","12","11:00"," ","","","","","","","","","","","","","","","","","","",""
"2001-11-12 11:46","2001","11","12","11:46"," ","-1,10","","-7,30","","63,00","","26,00","","24,00","","","M","101,67","","","","-7,00","","ND"
"2001-11-12 12:00","2001","11","12","12:00"," ","","","","","","","","","","","","","","","","","","",""
"2001-11-12 12:46","2001","11","12","12:46"," ","-1,80","","-6,80","","69,00","","27,00","","28,00","","","M","101,67","","","","-9,00","","ND"
"2001-11-12 13:00","2001","11","12","13:00"," ","","","","","","","","","","","","","","","","","","",""
"2001-11-12 13:46","2001","11","12","13:46"," ","-1,80","","-6,10","","72,00","","26,00","","28,00","","","M","101,67","","","","-9,00","","ND"
"2001-11-12 14:00","2001","11","12","14:00"," ","","","","","","","","","","","","","","","","","","",""
"2001-11-12 14:46","2001","11","12","14:46"," ","-3,30","","-4,40","","92,00","","27,00","","24,00","","","M","101,72","","","","-10,00","","ND"
"2001-11-12 15:00","2001","11","12","15:00"," ","","","","","","","","","","","","","","","","","","",""
"2001-11-12 15:46","2001","11","12","15:46"," ","-3,00","","-4,10","","92,00","","24,00","","17,00","","","M","101,76","","","","-9,00","","ND"
"2001-11-12 16:00","2001","11","12","16:00"," ","","","","","","","","","","","","","","","","","","",""
"2001-11-12 16:46","2001","11","12","16:46"," ","-2,60","","-4,60","","86,00","","25,00","","15,00","","","M","101,79","","","","-8,00","","ND"
"2001-11-12 17:00","2001","11","12","17:00"," ","","","","","","","","","","","","","","","","","","",""
"2001-11-12 17:46","2001","11","12","17:46"," ","-1,60","","-6,30","","70,00","","26,00","","20,00","","","M","101,81","","","","-7,00","","ND"
"2001-11-12 18:00","2001","11","12","18:00"," ","","","","","","","","","","","","","","","","","","",""
"2001-11-12 18:46","2001","11","12","18:46"," ","-1,30","","-6,70","","67,00","","26,00","","20,00","","","M","101,85","","","","-7,00","","ND"
"2001-11-12 19:00","2001","11","12","19:00"," ","","","","","","","","","","","","","","","","","","",""
"2001-11-12 19:46","2001","11","12","19:46"," ","-1,00","","-6,80","","65,00","","26,00","","22,00","","","M","101,87","","","","-7,00","","ND"
"2001-11-12 20:00","2001","11","12","20:00"," ","","","","","","","","","","","","","","","","","","",""
"2001-11-12 20:46","2001","11","12","20:46"," ","-1,10","","-6,90","","65,00","","26,00","","28,00","","","M","101,90","","","","-8,00","","ND"
"2001-11-12 21:00","2001","11","12","21:00"," ","","","","","","","","","","","","","","","","","","",""
"2001-11-12 21:46","2001","11","12","21:46"," ","-1,50","","-6,20","","70,00","","26,00","","22,00","","","M","101,88","","","","-7,00","","ND"
"2001-11-12 22:00","2001","11","12","22:00"," ","","","","","","","","","","","","","","","","","","",""
"2001-11-12 22:46","2001","11","12","22:46"," ","-0,30","","-2,30","","86,00","","27,00","","32,00","","","M","101,87","","","","-7,00","","ND"
"2001-11-12 23:00","2001","11","12","23:00"," ","","","","","","","","","","","","","","","","","","",""
"2001-11-12 23:46","2001","11","12","23:46"," ","-2,50","","-3,60","","92,00","","27,00","","26,00","","","M","101,92","","","","-9,00","","ND"
"2001-11-13 00:00","2001","11","13","00:00"," ","","","","","","","","","","","","","","","","","","",""
"2001-11-13 00:46","2001","11","13","00:46"," ","-1,70","","-2,90","","91,00","","26,00","","28,00","","","M","101,90","","","","-8,00","","ND"
"2001-11-13 01:00","2001","11","13","01:00"," ","","","","","","","","","","","","","","","","","","",""
"2001-11-13 01:46","2001","11","13","01:46"," ","-1,80","","-3,20","","90,00","","26,00","","32,00","","","M","101,90","","","","-9,00","","ND"
"2001-11-13 02:00","2001","11","13","02:00"," ","","","","","","","","","","","","","","","","","","",""
"2001-11-13 02:46","2001","11","13","02:46"," ","-2,20","","-4,60","","84,00","","26,00","","30,00","","","M","101,94","","","","-9,00","","ND"
"2001-11-13 03:00","2001","11","13","03:00"," ","","","","","","","","","","","","","","","","","","",""
"2001-11-13 03:46","2001","11","13","03:46"," ","-3,30","","-6,00","","82,00","","25,00","","26,00","","","M","101,96","","","","-10,00","","ND"
"2001-11-13 04:00","2001","11","13","04:00"," ","","","","","","","","","","","","","","","","","","",""
"2001-11-13 04:46","2001","11","13","04:46"," ","-3,30","","-5,90","","82,00","","25,00","","24,00","","","M","101,97","","","","-10,00","","ND"
"2001-11-13 05:00","2001","11","13","05:00"," ","","","","","","","","","","","","","","","","","","",""
"2001-11-13 05:46","2001","11","13","05:46"," ","-3,50","","-5,30","","87,00","","25,00","","22,00","","","M","102,01","","","","-10,00","","ND"
"2001-11-13 06:00","2001","11","13","06:00"," ","","","","","","","","","","","","","","","","","","",""
"2001-11-13 06:46","2001","11","13","06:46"," ","-2,40","","-4,40","","86,00","","25,00","","28,00","","","M","102,06","","","","-9,00","","ND"
"2001-11-13 07:00","2001","11","13","07:00"," ","","","","","","","","","","","","","","","","","","",""
"2001-11-13 07:46","2001","11","13","07:46"," ","-2,60","","-5,00","","84,00","","25,00","","22,00","","","M","102,17","","","","-9,00","","ND"
"2001-11-13 08:00","2001","11","13","08:00"," ","","","","","","","","","","","","","","","","","","",""
"2001-11-13 08:46","2001","11","13","08:46"," ","-3,00","","-5,40","","83,00","","26,00","","20,00","","","M","102,24","","","","-9,00","","ND"
"2001-11-13 09:00","2001","11","13","09:00"," ","","","","","","","","","","","","","","","","","","",""
"2001-11-13 09:46","2001","11","13","09:46"," ","-2,80","","-4,00","","91,00","","27,00","","32,00","","","M","102,28","","","","-10,00","","ND"
"2001-11-13 10:00","2001","11","13","10:00"," ","","","","","","","","","","","","","","","","","","",""
"2001-11-13 10:46","2001","11","13","10:46"," ","-1,80","","-3,60","","87,00","","26,00","","22,00","","","M","102,26","","","","-8,00","","ND"
"2001-11-13 11:00","2001","11","13","11:00"," ","","","","","","","","","","","","","","","","","","",""
"2001-11-13 11:46","2001","11","13","11:46"," ","-0,60","","-3,70","","80,00","","27,00","","48,00","","","M","102,19","","","","-9,00","","ND"
"2001-11-13 12:00","2001","11","13","12:00"," ","","","","","","","","","","","","","","","","","","",""
"2001-11-13 12:46","2001","11","13","12:46"," ","-0,30","","-4,60","","73,00","","29,00","","44,00","","","M","102,19","","","","-8,00","","ND"
"2001-11-13 13:00","2001","11","13","13:00"," ","","","","","","","","","","","","","","","","","","",""
"2001-11-13 13:46","2001","11","13","13:46"," ","-2,10","","-2,90","","94,00","","29,00","","46,00","","","M","102,26","","","","-11,00","","ND"
"2001-11-13 14:00","2001","11","13","14:00"," ","","","","","","","","","","","","","","","","","","",""
"2001-11-13 14:46","2001","11","13","14:46"," ","-0,60","","-4,00","","78,00","","32,00","","46,00","","","M","102,21","","","","-9,00","","ND"
"2001-11-13 15:00","2001","11","13","15:00"," ","","","","","","","","","","","","","","","","","","",""
"2001-11-13 15:46","2001","11","13","15:46"," ","-0,10","","-8,40","","54,00","","32,00","","48,00","","","M","102,24","","","","-8,00","","ND"
"2001-11-13 16:00","2001","11","13","16:00"," ","","","","","","","","","","","","","","","","","","",""
"2001-11-13 16:46","2001","11","13","16:46"," ","-0,10","","-6,40","","62,00","","32,00","","44,00","","","M","102,32","","","","-8,00","","ND"
"2001-11-13 17:00","2001","11","13","17:00"," ","","","","","","","","","","","","","","","","","","",""
"2001-11-13 17:46","2001","11","13","17:46"," ","0,10","","-8,00","","54,00","","32,00","","44,00","","","M","102,39","","","","","","ND"
"2001-11-13 18:00","2001","11","13","18:00"," ","","","","","","","","","","","","","","","","","","",""
"2001-11-13 18:46","2001","11","13","18:46"," ","0,40","","-7,20","","57,00","","32,00","","48,00","","","M","102,46","","","","","","ND"
"2001-11-13 19:00","2001","11","13","19:00"," ","","","","","","","","","","","","","","","","","","",""
"2001-11-13 19:46","2001","11","13","19:46"," ","0,60","","-7,50","","55,00","","32,00","","43,00","","","M","102,46","","","","","","ND"
"2001-11-13 20:00","2001","11","13","20:00"," ","","","","","","","","","","","","","","","","","","",""
"2001-11-13 20:46","2001","11","13","20:46"," ","0,20","","-5,50","","65,00","","34,00","","32,00","","","M","102,53","","","","","","ND"
"2001-11-13 21:00","2001","11","13","21:00"," ","","","","","","","","","","","","","","","","","","",""
"2001-11-13 21:46","2001","11","13","21:46"," ","0,80","","-7,80","","53,00","","32,00","","43,00","","","M","102,51","","","","","","ND"
"2001-11-13 22:00","2001","11","13","22:00"," ","","","","","","","","","","","","","","","","","","",""
"2001-11-13 22:46","2001","11","13","22:46"," ","0,80","","-7,50","","54,00","","32,00","","43,00","","","M","102,53","","","","","","ND"
"2001-11-13 23:00","2001","11","13","23:00"," ","","","","","","","","","","","","","","","","","","",""
"2001-11-13 23:46","2001","11","13","23:46"," ","-0,20","","-4,00","","76,00","","34,00","","39,00","","","M","102,59","","","","-8,00","","ND"
"2001-11-14 00:00","2001","11","14","00:00"," ","","","","","","","","","","","","","","","","","","",""
"2001-11-14 00:46","2001","11","14","00:46"," ","-0,10","","-5,40","","67,00","","32,00","","33,00","","","M","102,59","","","","-7,00","","ND"
"2001-11-14 01:00","2001","11","14","01:00"," ","","","","","","","","","","","","","","","","","","",""
"2001-11-14 01:46","2001","11","14","01:46"," ","0,40","","-5,90","","63,00","","32,00","","32,00","","","M","102,59","","","","","","ND"
"2001-11-14 02:00","2001","11","14","02:00"," ","","","","","","","","","","","","","","","","","","",""
"2001-11-14 02:46","2001","11","14","02:46"," ","0,60","","-5,10","","66,00","","32,00","","30,00","","","M","102,62","","","","","","ND"
"2001-11-14 03:00","2001","11","14","03:00"," ","","","","","","","","","","","","","","","","","","",""
"2001-11-14 03:46","2001","11","14","03:46"," ","0,50","","-5,00","","67,00","","32,00","","28,00","","","M","102,64","","","","","","ND"
"2001-11-14 04:00","2001","11","14","04:00"," ","","","","","","","","","","","","","","","","","","",""
"2001-11-14 04:46","2001","11","14","04:46"," ","-2,70","","-7,70","","68,00","","27,00","","13,00","","","M","102,68","","","","-7,00","","ND"
"2001-11-14 05:00","2001","11","14","05:00"," ","","","","","","","","","","","","","","","","","","",""
"2001-11-14 05:46","2001","11","14","05:46"," ","-3,30","","-8,30","","68,00","","25,00","","13,00","","","M","102,68","","","","-8,00","","ND"
"2001-11-14 06:00","2001","11","14","06:00"," ","","","","","","","","","","","","","","","","","","",""
"2001-11-14 06:46","2001","11","14","06:46"," ","-3,20","","-9,90","","60,00","","25,00","","13,00","","","M","102,68","","","","-8,00","","ND"
"2001-11-14 07:00","2001","11","14","07:00"," ","","","","","","","","","","","","","","","","","","",""
"2001-11-14 07:46","2001","11","14","07:46"," ","-2,50","","-10,90","","52,00","","25,00","","13,00","","","M","102,69","","","","-7,00","","ND"
"2001-11-14 08:00","2001","11","14","08:00"," ","","","","","","","","","","","","","","","","","","",""
"2001-11-14 08:46","2001","11","14","08:46"," ","-1,80","","-11,40","","48,00","","24,00","","11,00","","","M","102,71","","","","-6,00","","ND"
"2001-11-14 09:00","2001","11","14","09:00"," ","","","","","","","","","","","","","","","","","","",""
"2001-11-14 09:46","2001","11","14","09:46"," ","-0,80","","-11,30","","45,00","","24,00","","11,00","","","M","102,69","","","","-5,00","","ND"
"2001-11-14 10:00","2001","11","14","10:00"," ","","","","","","","","","","","","","","","","","","",""
"2001-11-14 10:46","2001","11","14","10:46"," ","0,20","","-9,90","","47,00","","24,00","","9,00","","","M","102,64","","","","","","ND"
"2001-11-14 11:00","2001","11","14","11:00"," ","","","","","","","","","","","","","","","","","","",""
"2001-11-14 11:46","2001","11","14","11:46"," ","-0,30","","-9,30","","51,00","","24,00","","9,00","","","M","102,57","","","","-3,00","","ND"
"2001-11-14 12:00","2001","11","14","12:00"," ","","","","","","","","","","","","","","","","","","",""
"2001-11-14 12:46","2001","11","14","12:46"," ","-1,80","","-5,00","","79,00","","20,00","","13,00","","","M","102,48","","","","-6,00","","ND"
"2001-11-14 13:00","2001","11","14","13:00"," ","","","","","","","","","","","","","","","","","","",""
"2001-11-14 13:46","2001","11","14","13:46"," ","-1,60","","-3,00","","90,00","","18,00","","13,00","","","M","102,41","","","","-6,00","","ND"
"2001-11-14 14:00","2001","11","14","14:00"," ","","","","","","","","","","","","","","","","","","",""
"2001-11-14 14:46","2001","11","14","14:46"," ","-1,70","","-2,80","","92,00","","18,00","","20,00","","","M","102,30","","","","-7,00","","ND"
"2001-11-14 15:00","2001","11","14","15:00"," ","","","","","","","","","","","","","","","","","","",""
"2001-11-14 15:46","2001","11","14","15:46"," ","-1,60","","-2,50","","94,00","","17,00","","15,00","","","M","102,23","","","","-6,00","","ND"
"2001-11-14 16:00","2001","11","14","16:00"," ","","","","","","","","","","","","","","","","","","",""
"2001-11-14 16:46","2001","11","14","16:46"," ","-1,30","","-2,20","","94,00","","18,00","","17,00","","","M","102,14","","","","-6,00","","ND"
"2001-11-14 17:00","2001","11","14","17:00"," ","","","","","","","","","","","","","","","","","","",""
"2001-11-14 17:46","2001","11","14","17:46"," ","-0,50","","-1,40","","94,00","","18,00","","15,00","","","M","102,06","","","","-5,00","","ND"
"2001-11-14 18:00","2001","11","14","18:00"," ","","","","","","","","","","","","","","","","","","",""
"2001-11-14 18:46","2001","11","14","18:46"," ","0,10","","-0,80","","94,00","","19,00","","13,00","","","M","102,03","","","","","","ND"
"2001-11-14 19:00","2001","11","14","19:00"," ","","","","","","","","","","","","","","","","","","",""
"2001-11-14 19:46","2001","11","14","19:46"," ","0,60","","-0,30","","94,00","","19,00","","13,00","","","M","101,99","","","","","","ND"
"2001-11-14 20:00","2001","11","14","20:00"," ","","","","","","","","","","","","","","","","","","",""
"2001-11-14 20:46","2001","11","14","20:46"," ","1,10","","0,30","","94,00","","19,00","","11,00","","","M","101,92","","","","","","ND"
"2001-11-14 21:00","2001","11","14","21:00"," ","","","","","","","","","","","","","","","","","","",""
"2001-11-14 21:46","2001","11","14","21:46"," ","1,60","","0,80","","94,00","","18,00","","11,00","","","M","101,85","","","","","","ND"
"2001-11-14 22:00","2001","11","14","22:00"," ","","","","","","","","","","","","","","","","","","",""
"2001-11-14 22:46","2001","11","14","22:46"," ","2,30","","1,40","","94,00","","21,00","","15,00","","","M","101,76","","","","","","ND"
"2001-11-14 23:00","2001","11","14","23:00"," ","","","","","","","","","","","","","","","","","","",""
"2001-11-14 23:46","2001","11","14","23:46"," ","2,10","","1,20","","94,00","","24,00","","7,00","","","M","101,74","","","","","","ND"
"2001-11-15 00:00","2001","11","15","00:00"," ","","","","","","","","","","","","","","","","","","",""
"2001-11-15 00:46","2001","11","15","00:46"," ","2,30","","1,40","","94,00","","23,00","","6,00","","","M","101,70","","","","","","ND"
"2001-11-15 01:00","2001","11","15","01:00"," ","","","","","","","","","","","","","","","","","","",""
"2001-11-15 01:46","2001","11","15","01:46"," ","2,80","","1,90","","94,00","","22,00","","7,00","","","M","101,69","","","","","","ND"
"2001-11-15 02:00","2001","11","15","02:00"," ","","","","","","","","","","","","","","","","","","",""
"2001-11-15 02:46","2001","11","15","02:46"," ","2,80","","1,90","","94,00","","22,00","","6,00","","","M","101,67","","","","","","ND"
"2001-11-15 03:00","2001","11","15","03:00"," ","","","","","","","","","","","","","","","","","","",""
"2001-11-15 03:46","2001","11","15","03:46"," ","3,10","","2,20","","94,00","","22,00","","7,00","","","M","101,61","","","","","","ND"
"2001-11-15 04:00","2001","11","15","04:00"," ","","","","","","","","","","","","","","","","","","",""
"2001-11-15 04:46","2001","11","15","04:46"," ","3,10","","2,20","","94,00","","22,00","","7,00","","","M","101,60","","","","","","ND"
"2001-11-15 05:00","2001","11","15","05:00"," ","","","","","","","","","","","","","","","","","","",""
"2001-11-15 05:46","2001","11","15","05:46"," ","3,30","","2,40","","94,00","","22,00","","11,00","","","M","101,56","","","","","","ND"
"2001-11-15 06:00","2001","11","15","06:00"," ","","","","","","","","","","","","","","","","","","",""
"2001-11-15 06:46","2001","11","15","06:46"," ","3,30","","2,40","","94,00","","21,00","","11,00","","","M","101,54","","","","","","ND"
"2001-11-15 07:00","2001","11","15","07:00"," ","","","","","","","","","","","","","","","","","","",""
"2001-11-15 07:46","2001","11","15","07:46"," ","3,20","","2,30","","94,00","","20,00","","13,00","","","M","101,58","","","","","","ND"
"2001-11-15 08:00","2001","11","15","08:00"," ","","","","","","","","","","","","","","","","","","",""
"2001-11-15 08:46","2001","11","15","08:46"," ","4,10","","3,20","","94,00","","21,00","","15,00","","","M","101,54","","","","","","ND"
"2001-11-15 09:00","2001","11","15","09:00"," ","","","","","","","","","","","","","","","","","","",""
"2001-11-15 09:46","2001","11","15","09:46"," ","5,00","","4,10","","94,00","","22,00","","13,00","","","M","101,52","","","","","","ND"
"2001-11-15 10:00","2001","11","15","10:00"," ","","","","","","","","","","","","","","","","","","",""
"2001-11-15 10:46","2001","11","15","10:46"," ","5,70","","4,80","","94,00","","21,00","","11,00","","","M","101,52","","","","","","ND"
"2001-11-15 11:00","2001","11","15","11:00"," ","","","","","","","","","","","","","","","","","","",""
"2001-11-15 11:46","2001","11","15","11:46"," ","6,30","","5,30","","93,00","","21,00","","11,00","","","M","101,45","","","","","","ND"
"2001-11-15 12:00","2001","11","15","12:00"," ","","","","","","","","","","","","","","","","","","",""
"2001-11-15 12:46","2001","11","15","12:46"," ","6,60","","5,60","","93,00","","22,00","","11,00","","","M","101,40","","","","","","ND"
"2001-11-15 13:00","2001","11","15","13:00"," ","","","","","","","","","","","","","","","","","","",""
"2001-11-15 13:46","2001","11","15","13:46"," ","6,80","","5,60","","92,00","","21,00","","13,00","","","M","101,38","","","","","","ND"
"2001-11-15 14:00","2001","11","15","14:00"," ","","","","","","","","","","","","","","","","","","",""
"2001-11-15 14:46","2001","11","15","14:46"," ","7,30","","6,10","","92,00","","22,00","","11,00","","","M","101,40","","","","","","ND"
"2001-11-15 15:00","2001","11","15","15:00"," ","","","","","","","","","","","","","","","","","","",""
"2001-11-15 15:46","2001","11","15","15:46"," ","6,90","","5,70","","92,00","","20,00","","13,00","","","M","101,38","","","","","","ND"
"2001-11-15 16:00","2001","11","15","16:00"," ","","","","","","","","","","","","","","","","","","",""
"2001-11-15 16:46","2001","11","15","16:46"," ","6,80","","5,60","","92,00","","21,00","","11,00","","","M","101,36","","","","","","ND"
"2001-11-15 17:00","2001","11","15","17:00"," ","","","","","","","","","","","","","","","","","","",""
"2001-11-15 17:46","2001","11","15","17:46"," ","6,80","","5,60","","92,00","","20,00","","13,00","","","M","101,40","","","","","","ND"
"2001-11-15 18:00","2001","11","15","18:00"," ","","","","","","","","","","","","","","","","","","",""
"2001-11-15 18:46","2001","11","15","18:46"," ","7,40","","6,20","","92,00","","21,00","","11,00","","","M","101,42","","","","","","ND"
"2001-11-15 19:00","2001","11","15","19:00"," ","","","","","","","","","","","","","","","","","","",""
"2001-11-15 19:46","2001","11","15","19:46"," ","7,60","","6,40","","92,00","","22,00","","9,00","","","M","101,40","","","","","","ND"
"2001-11-15 20:00","2001","11","15","20:00"," ","","","","","","","","","","","","","","","","","","",""
"2001-11-15 20:46","2001","11","15","20:46"," ","7,40","","6,20","","92,00","","19,00","","19,00","","","M","101,38","","","","","","ND"
"2001-11-15 21:00","2001","11","15","21:00"," ","","","","","","","","","","","","","","","","","","",""
"2001-11-15 21:46","2001","11","15","21:46"," ","6,80","","5,60","","92,00","","19,00","","17,00","","","M","101,36","","","","","","ND"
"2001-11-15 22:00","2001","11","15","22:00"," ","","","","","","","","","","","","","","","","","","",""
"2001-11-15 22:46","2001","11","15","22:46"," ","6,00","","4,80","","92,00","","19,00","","13,00","","","M","101,29","","","","","","ND"
"2001-11-15 23:00","2001","11","15","23:00"," ","","","","","","","","","","","","","","","","","","",""
"2001-11-15 23:46","2001","11","15","23:46"," ","5,80","","4,60","","92,00","","18,00","","11,00","","","M","101,25","","","","","","ND"
"2001-11-16 00:00","2001","11","16","00:00"," ","","","","","","","","","","","","","","","","","","",""
"2001-11-16 00:46","2001","11","16","00:46"," ","5,90","","4,70","","92,00","","19,00","","11,00","","","M","101,22","","","","","","ND"
"2001-11-16 01:00","2001","11","16","01:00"," ","","","","","","","","","","","","","","","","","","",""
"2001-11-16 01:46","2001","11","16","01:46"," ","6,50","","5,30","","92,00","","22,00","","11,00","","","M","101,20","","","","","","ND"
"2001-11-16 02:00","2001","11","16","02:00"," ","","","","","","","","","","","","","","","","","","",""
"2001-11-16 02:46","2001","11","16","02:46"," ","7,00","","5,50","","90,00","","21,00","","19,00","","","M","101,13","","","","","","ND"
"2001-11-16 03:00","2001","11","16","03:00"," ","","","","","","","","","","","","","","","","","","",""
"2001-11-16 03:46","2001","11","16","03:46"," ","6,60","","5,10","","90,00","","19,00","","20,00","","","M","101,00","","","","","","ND"
"2001-11-16 04:00","2001","11","16","04:00"," ","","","","","","","","","","","","","","","","","","",""
"2001-11-16 04:46","2001","11","16","04:46"," ","7,50","","6,00","","90,00","","21,00","","22,00","","","M","100,95","","","","","","ND"
"2001-11-16 05:00","2001","11","16","05:00"," ","","","","","","","","","","","","","","","","","","",""
"2001-11-16 05:46","2001","11","16","05:46"," ","6,50","","5,00","","90,00","","19,00","","22,00","","","M","100,95","","","","","","ND"
"2001-11-16 06:00","2001","11","16","06:00"," ","","","","","","","","","","","","","","","","","","",""
"2001-11-16 06:46","2001","11","16","06:46"," ","7,30","","6,10","","92,00","","19,00","","28,00","","","M","100,91","","","","","","ND"
"2001-11-16 07:00","2001","11","16","07:00"," ","","","","","","","","","","","","","","","","","","",""
"2001-11-16 07:46","2001","11","16","07:46"," ","8,40","","7,00","","91,00","","18,00","","28,00","","","M","100,84","","","","","","ND"
"2001-11-16 08:00","2001","11","16","08:00"," ","","","","","","","","","","","","","","","","","","",""
"2001-11-16 08:46","2001","11","16","08:46"," ","10,10","","8,40","","89,00","","20,00","","26,00","","","M","100,80","","","","","","ND"
"2001-11-16 09:00","2001","11","16","09:00"," ","","","","","","","","","","","","","","","","","","",""
"2001-11-16 09:46","2001","11","16","09:46"," ","11,00","","8,40","","84,00","","20,00","","30,00","","","M","100,71","","","","","","ND"
"2001-11-16 10:00","2001","11","16","10:00"," ","","","","","","","","","","","","","","","","","","",""
"2001-11-16 10:46","2001","11","16","10:46"," ","10,30","","8,70","","90,00","","20,00","","26,00","","","M","100,68","","","","","","ND"
"2001-11-16 11:00","2001","11","16","11:00"," ","","","","","","","","","","","","","","","","","","",""
"2001-11-16 11:46","2001","11","16","11:46"," ","11,30","","9,60","","89,00","","21,00","","28,00","","","M","100,59","","","","","","ND"
"2001-11-16 12:00","2001","11","16","12:00"," ","","","","","","","","","","","","","","","","","","",""
"2001-11-16 12:46","2001","11","16","12:46"," ","11,50","","9,60","","88,00","","24,00","","13,00","","","M","100,61","","","","","","ND"
"2001-11-16 13:00","2001","11","16","13:00"," ","","","","","","","","","","","","","","","","","","",""
"2001-11-16 13:46","2001","11","16","13:46"," ","12,10","","10,20","","88,00","","23,00","","15,00","","","M","100,53","","","","","","ND"
"2001-11-16 14:00","2001","11","16","14:00"," ","","","","","","","","","","","","","","","","","","",""
"2001-11-16 14:46","2001","11","16","14:46"," ","11,70","","9,80","","88,00","","23,00","","17,00","","","M","100,52","","","","","","ND"
"2001-11-16 15:00","2001","11","16","15:00"," ","","","","","","","","","","","","","","","","","","",""
"2001-11-16 15:46","2001","11","16","15:46"," ","11,60","","10,20","","91,00","","24,00","","17,00","","","M","100,59","","","","","","ND"
"2001-11-16 16:00","2001","11","16","16:00"," ","","","","","","","","","","","","","","","","","","",""
"2001-11-16 16:46","2001","11","16","16:46"," ","11,30","","10,20","","93,00","","24,00","","15,00","","","M","100,62","","","","","","ND"
"2001-11-16 17:00","2001","11","16","17:00"," ","","","","","","","","","","","","","","","","","","",""
"2001-11-16 17:46","2001","11","16","17:46"," ","11,60","","10,50","","93,00","","25,00","","17,00","","","M","100,70","","","","","","ND"
"2001-11-16 18:00","2001","11","16","18:00"," ","","","","","","","","","","","","","","","","","","",""
"2001-11-16 18:46","2001","11","16","18:46"," ","5,80","","4,30","","90,00","","34,00","","48,00","","","M","100,86","","","","","","ND"
"2001-11-16 19:00","2001","11","16","19:00"," ","","","","","","","","","","","","","","","","","","",""
"2001-11-16 19:46","2001","11","16","19:46"," ","5,70","","3,20","","84,00","","32,00","","44,00","","","M","101,13","","","","","","ND"
"2001-11-16 20:00","2001","11","16","20:00"," ","","","","","","","","","","","","","","","","","","",""
"2001-11-16 20:46","2001","11","16","20:46"," ","5,00","","1,30","","77,00","","32,00","","52,00","","","M","101,29","","","","","","ND"
"2001-11-16 21:00","2001","11","16","21:00"," ","","","","","","","","","","","","","","","","","","",""
"2001-11-16 21:46","2001","11","16","21:46"," ","4,50","","-0,40","","70,00","","32,00","","44,00","","","M","101,45","","","","","","ND"
"2001-11-16 22:00","2001","11","16","22:00"," ","","","","","","","","","","","","","","","","","","",""
"2001-11-16 22:46","2001","11","16","22:46"," ","4,10","","-0,20","","74,00","","32,00","","43,00","","","M","101,51","","","","","","ND"
"2001-11-16 23:00","2001","11","16","23:00"," ","","","","","","","","","","","","","","","","","","",""
"2001-11-16 23:46","2001","11","16","23:46"," ","3,40","","-3,10","","62,00","","32,00","","48,00","","","M","101,63","","","","","","ND"
"2001-11-17 00:00","2001","11","17","00:00"," ","","","","","","","","","","","","","","","","","","",""
"2001-11-17 00:46","2001","11","17","00:46"," ","2,10","","-2,70","","70,00","","32,00","","44,00","","","M","101,70","","","","","","ND"
"2001-11-17 01:00","2001","11","17","01:00"," ","","","","","","","","","","","","","","","","","","",""
"2001-11-17 01:46","2001","11","17","01:46"," ","0,50","","-2,60","","80,00","","32,00","","50,00","","","M","101,78","","","","","","ND"
"2001-11-17 02:00","2001","11","17","02:00"," ","","","","","","","","","","","","","","","","","","",""
"2001-11-17 02:46","2001","11","17","02:46"," ","0,60","","-4,70","","68,00","","33,00","","39,00","","","M","101,85","","","","","","ND"
"2001-11-17 03:00","2001","11","17","03:00"," ","","","","","","","","","","","","","","","","","","",""
"2001-11-17 03:46","2001","11","17","03:46"," ","-0,10","","-4,40","","73,00","","34,00","","41,00","","","M","101,94","","","","-8,00","","ND"
"2001-11-17 04:00","2001","11","17","04:00"," ","","","","","","","","","","","","","","","","","","",""
"2001-11-17 04:46","2001","11","17","04:46"," ","0,60","","-7,00","","57,00","","32,00","","48,00","","","M","102,01","","","","","","ND"
"2001-11-17 05:00","2001","11","17","05:00"," ","","","","","","","","","","","","","","","","","","",""
"2001-11-17 05:46","2001","11","17","05:46"," ","0,30","","-8,70","","51,00","","32,00","","48,00","","","M","102,10","","","","","","ND"
"2001-11-17 06:00","2001","11","17","06:00"," ","","","","","","","","","","","","","","","","","","",""
"2001-11-17 06:46","2001","11","17","06:46"," ","0,10","","-9,40","","49,00","","32,00","","50,00","","","M","102,17","","","","","","ND"
"2001-11-17 07:00","2001","11","17","07:00"," ","","","","","","","","","","","","","","","","","","",""
"2001-11-17 07:46","2001","11","17","07:46"," ","0,20","","-8,60","","52,00","","32,00","","52,00","","","M","102,24","","","","","","ND"
"2001-11-17 08:00","2001","11","17","08:00"," ","","","","","","","","","","","","","","","","","","",""
"2001-11-17 08:46","2001","11","17","08:46"," ","0,40","","-8,60","","51,00","","31,00","","48,00","","","M","102,35","","","","","","ND"
"2001-11-17 09:00","2001","11","17","09:00"," ","","","","","","","","","","","","","","","","","","",""
"2001-11-17 09:46","2001","11","17","09:46"," ","0,40","","-8,20","","52,00","","31,00","","44,00","","","M","102,35","","","","","","ND"
"2001-11-17 10:00","2001","11","17","10:00"," ","","","","","","","","","","","","","","","","","","",""
"2001-11-17 10:46","2001","11","17","10:46"," ","0,70","","-6,00","","61,00","","31,00","","41,00","","","M","102,41","","","","","","ND"
"2001-11-17 11:00","2001","11","17","11:00"," ","","","","","","","","","","","","","","","","","","",""
"2001-11-17 11:46","2001","11","17","11:46"," ","0,60","","-5,90","","62,00","","32,00","","43,00","","","M","102,39","","","","","","ND"
"2001-11-17 12:00","2001","11","17","12:00"," ","","","","","","","","","","","","","","","","","","",""
"2001-11-17 12:46","2001","11","17","12:46"," ","0,90","","-4,60","","67,00","","31,00","","41,00","","","M","102,44","","","","","","ND"
"2001-11-17 13:00","2001","11","17","13:00"," ","","","","","","","","","","","","","","","","","","",""
"2001-11-17 13:46","2001","11","17","13:46"," ","1,20","","-4,30","","67,00","","31,00","","39,00","","","M","102,51","","","","","","ND"
"2001-11-17 14:00","2001","11","17","14:00"," ","","","","","","","","","","","","","","","","","","",""
"2001-11-17 14:46","2001","11","17","14:46"," ","1,20","","-5,10","","63,00","","32,00","","39,00","","","M","102,55","","","","","","ND"
"2001-11-17 15:00","2001","11","17","15:00"," ","","","","","","","","","","","","","","","","","","",""
"2001-11-17 15:46","2001","11","17","15:46"," ","1,60","","-4,60","","63,00","","31,00","","37,00","","","M","102,59","","","","","","ND"
"2001-11-17 16:00","2001","11","17","16:00"," ","","","","","","","","","","","","","","","","","","",""
"2001-11-17 16:46","2001","11","17","16:46"," ","1,70","","-5,30","","60,00","","31,00","","35,00","","","M","102,64","","","","","","ND"
"2001-11-17 17:00","2001","11","17","17:00"," ","","","","","","","","","","","","","","","","","","",""
"2001-11-17 17:46","2001","11","17","17:46"," ","2,20","","-4,80","","60,00","","31,00","","33,00","","","M","102,68","","","","","","ND"
"2001-11-17 18:00","2001","11","17","18:00"," ","","","","","","","","","","","","","","","","","","",""
"2001-11-17 18:46","2001","11","17","18:46"," ","0,10","","-8,00","","54,00","","26,00","","11,00","","","M","102,77","","","","","","ND"
"2001-11-17 19:00","2001","11","17","19:00"," ","","","","","","","","","","","","","","","","","","",""
"2001-11-17 19:46","2001","11","17","19:46"," ","-0,40","","-9,10","","52,00","","25,00","","13,00","","","M","102,78","","","","-5,00","","ND"
"2001-11-17 20:00","2001","11","17","20:00"," ","","","","","","","","","","","","","","","","","","",""
"2001-11-17 20:46","2001","11","17","20:46"," ","-1,30","","-8,40","","58,00","","26,00","","11,00","","","M","102,82","","","","-5,00","","ND"
"2001-11-17 21:00","2001","11","17","21:00"," ","","","","","","","","","","","","","","","","","","",""
"2001-11-17 21:46","2001","11","17","21:46"," ","-0,70","","-8,20","","57,00","","26,00","","15,00","","","M","102,82","","","","-5,00","","ND"
"2001-11-17 22:00","2001","11","17","22:00"," ","","","","","","","","","","","","","","","","","","",""
"2001-11-17 22:46","2001","11","17","22:46"," ","-0,70","","-8,20","","57,00","","26,00","","13,00","","","M","102,80","","","","-5,00","","ND"
"2001-11-17 23:00","2001","11","17","23:00"," ","","","","","","","","","","","","","","","","","","",""
"2001-11-17 23:46","2001","11","17","23:46"," ","-1,50","","-7,70","","63,00","","26,00","","13,00","","","M","102,80","","","","-6,00","","ND"
"2001-11-18 00:00","2001","11","18","00:00"," ","","","","","","","","","","","","","","","","","","",""
"2001-11-18 00:46","2001","11","18","00:46"," ","-1,80","","-8,00","","63,00","","23,00","","11,00","","","M","102,78","","","","-6,00","","ND"
"2001-11-18 01:00","2001","11","18","01:00"," ","","","","","","","","","","","","","","","","","","",""
"2001-11-18 01:46","2001","11","18","01:46"," ","-1,70","","-8,70","","59,00","","24,00","","13,00","","","M","102,75","","","","-6,00","","ND"
"2001-11-18 02:00","2001","11","18","02:00"," ","","","","","","","","","","","","","","","","","","",""
"2001-11-18 02:46","2001","11","18","02:46"," ","-1,60","","-8,70","","58,00","","24,00","","11,00","","","M","102,75","","","","-5,00","","ND"
"2001-11-18 03:00","2001","11","18","03:00"," ","","","","","","","","","","","","","","","","","","",""
"2001-11-18 03:46","2001","11","18","03:46"," ","-2,00","","-8,60","","61,00","","23,00","","13,00","","","M","102,71","","","","-6,00","","ND"
"2001-11-18 04:00","2001","11","18","04:00"," ","","","","","","","","","","","","","","","","","","",""
"2001-11-18 04:46","2001","11","18","04:46"," ","-2,70","","-7,30","","71,00","","24,00","","7,00","","","M","102,71","","","","-6,00","","ND"
"2001-11-18 05:00","2001","11","18","05:00"," ","","","","","","","","","","","","","","","","","","",""
"2001-11-18 05:46","2001","11","18","05:46"," ","-2,30","","-6,90","","71,00","","22,00","","9,00","","","M","102,69","","","","-6,00","","ND"
"2001-11-18 06:00","2001","11","18","06:00"," ","","","","","","","","","","","","","","","","","","",""
"2001-11-18 06:46","2001","11","18","06:46"," ","-2,50","","-6,90","","72,00","","22,00","","11,00","","","M","102,69","","","","-7,00","","ND"
"2001-11-18 07:00","2001","11","18","07:00"," ","","","","","","","","","","","","","","","","","","",""
"2001-11-18 07:46","2001","11","18","07:46"," ","-2,00","","-6,50","","71,00","","21,00","","11,00","","","M","102,66","","","","-6,00","","ND"
"2001-11-18 08:00","2001","11","18","08:00"," ","","","","","","","","","","","","","","","","","","",""
"2001-11-18 08:46","2001","11","18","08:46"," ","-0,70","","-6,10","","67,00","","21,00","","15,00","","","M","102,60","","","","-5,00","","ND"
"2001-11-18 09:00","2001","11","18","09:00"," ","","","","","","","","","","","","","","","","","","",""
"2001-11-18 09:46","2001","11","18","09:46"," ","0,50","","-5,60","","64,00","","20,00","","19,00","","","M","102,55","","","","","","ND"
"2001-11-18 10:00","2001","11","18","10:00"," ","","","","","","","","","","","","","","","","","","",""
"2001-11-18 10:46","2001","11","18","10:46"," ","1,10","","-5,70","","60,00","","21,00","","17,00","","","M","102,55","","","","","","ND"
"2001-11-18 11:00","2001","11","18","11:00"," ","","","","","","","","","","","","","","","","","","",""
"2001-11-18 11:46","2001","11","18","11:46"," ","1,50","","-5,30","","61,00","","21,00","","17,00","","","M","102,46","","","","","","ND"
"2001-11-18 12:00","2001","11","18","12:00"," ","","","","","","","","","","","","","","","","","","",""
"2001-11-18 12:46","2001","11","18","12:46"," ","1,20","","-3,00","","74,00","","20,00","","20,00","","","M","102,37","","","","","","ND"
"2001-11-18 13:00","2001","11","18","13:00"," ","","","","","","","","","","","","","","","","","","",""
"2001-11-18 13:46","2001","11","18","13:46"," ","1,70","","-2,30","","75,00","","21,00","","20,00","","","M","102,33","","","","","","ND"
"2001-11-18 14:00","2001","11","18","14:00"," ","","","","","","","","","","","","","","","","","","",""
"2001-11-18 14:46","2001","11","18","14:46"," ","2,30","","-1,90","","74,00","","20,00","","22,00","","","M","102,23","","","","","","ND"
"2001-11-18 15:00","2001","11","18","15:00"," ","","","","","","","","","","","","","","","","","","",""
"2001-11-18 15:46","2001","11","18","15:46"," ","2,80","","-2,20","","70,00","","21,00","","20,00","","","M","102,21","","","","","","ND"
"2001-11-18 16:00","2001","11","18","16:00"," ","","","","","","","","","","","","","","","","","","",""
"2001-11-18 16:46","2001","11","18","16:46"," ","3,10","","-1,50","","72,00","","21,00","","22,00","","","M","102,17","","","","","","ND"
"2001-11-18 17:00","2001","11","18","17:00"," ","","","","","","","","","","","","","","","","","","",""
"2001-11-18 17:46","2001","11","18","17:46"," ","3,40","","-1,10","","72,00","","21,00","","19,00","","","M","102,17","","","","","","ND"
"2001-11-18 18:00","2001","11","18","18:00"," ","","","","","","","","","","","","","","","","","","",""
"2001-11-18 18:46","2001","11","18","18:46"," ","3,70","","-0,40","","75,00","","21,00","","19,00","","","M","102,19","","","","","","ND"
"2001-11-18 19:00","2001","11","18","19:00"," ","","","","","","","","","","","","","","","","","","",""
"2001-11-18 19:46","2001","11","18","19:46"," ","4,00","","0,30","","77,00","","21,00","","19,00","","","M","102,19","","","","","","ND"
"2001-11-18 20:00","2001","11","18","20:00"," ","","","","","","","","","","","","","","","","","","",""
"2001-11-18 20:46","2001","11","18","20:46"," ","4,20","","0,90","","79,00","","22,00","","17,00","","","M","102,17","","","","","","ND"
"2001-11-18 21:00","2001","11","18","21:00"," ","","","","","","","","","","","","","","","","","","",""
"2001-11-18 21:46","2001","11","18","21:46"," ","4,40","","1,80","","83,00","","21,00","","17,00","","","M","102,17","","","","","","ND"
"2001-11-18 22:00","2001","11","18","22:00"," ","","","","","","","","","","","","","","","","","","",""
"2001-11-18 22:46","2001","11","18","22:46"," ","4,30","","2,50","","88,00","","21,00","","19,00","","","M","102,14","","","","","","ND"
"2001-11-18 23:00","2001","11","18","23:00"," ","","","","","","","","","","","","","","","","","","",""
"2001-11-18 23:46","2001","11","18","23:46"," ","4,20","","2,70","","90,00","","21,00","","17,00","","","M","102,15","","","","","","ND"
"2001-11-19 00:00","2001","11","19","00:00"," ","","","","","","","","","","","","","","","","","","",""
"2001-11-19 00:46","2001","11","19","00:46"," ","4,00","","2,80","","92,00","","22,00","","15,00","","","M","102,12","","","","","","ND"
"2001-11-19 01:00","2001","11","19","01:00"," ","","","","","","","","","","","","","","","","","","",""
"2001-11-19 01:46","2001","11","19","01:46"," ","4,00","","2,80","","92,00","","22,00","","15,00","","","M","102,08","","","","","","ND"
"2001-11-19 02:00","2001","11","19","02:00"," ","","","","","","","","","","","","","","","","","","",""
"2001-11-19 02:46","2001","11","19","02:46"," ","4,30","","3,10","","92,00","","21,00","","11,00","","","M","102,08","","","","","","ND"
"2001-11-19 03:00","2001","11","19","03:00"," ","","","","","","","","","","","","","","","","","","",""
"2001-11-19 03:46","2001","11","19","03:46"," ","4,60","","3,30","","91,00","","21,00","","15,00","","","M","102,05","","","","","","ND"
"2001-11-19 04:00","2001","11","19","04:00"," ","","","","","","","","","","","","","","","","","","",""
"2001-11-19 04:46","2001","11","19","04:46"," ","4,70","","3,40","","91,00","","21,00","","13,00","","","M","102,01","","","","","","ND"
"2001-11-19 05:00","2001","11","19","05:00"," ","","","","","","","","","","","","","","","","","","",""
"2001-11-19 05:46","2001","11","19","05:46"," ","5,10","","3,80","","91,00","","21,00","","13,00","","","M","101,97","","","","","","ND"
"2001-11-19 06:00","2001","11","19","06:00"," ","","","","","","","","","","","","","","","","","","",""
"2001-11-19 06:46","2001","11","19","06:46"," ","4,40","","3,20","","92,00","","19,00","","11,00","","","M","101,94","","","","","","ND"
"2001-11-19 07:00","2001","11","19","07:00"," ","","","","","","","","","","","","","","","","","","",""
"2001-11-19 07:46","2001","11","19","07:46"," ","4,80","","3,60","","92,00","","21,00","","17,00","","","M","101,94","","","","","","ND"
"2001-11-19 08:00","2001","11","19","08:00"," ","","","","","","","","","","","","","","","","","","",""
"2001-11-19 08:46","2001","11","19","08:46"," ","5,90","","4,60","","91,00","","21,00","","20,00","","","M","101,90","","","","","","ND"
"2001-11-19 09:00","2001","11","19","09:00"," ","","","","","","","","","","","","","","","","","","",""
"2001-11-19 09:46","2001","11","19","09:46"," ","6,80","","5,00","","88,00","","21,00","","22,00","","","M","101,85","","","","","","ND"
"2001-11-19 10:00","2001","11","19","10:00"," ","","","","","","","","","","","","","","","","","","",""
"2001-11-19 10:46","2001","11","19","10:46"," ","6,90","","4,70","","86,00","","19,00","","28,00","","","M","101,81","","","","","","ND"
"2001-11-19 11:00","2001","11","19","11:00"," ","","","","","","","","","","","","","","","","","","",""
"2001-11-19 11:46","2001","11","19","11:46"," ","8,70","","3,80","","71,00","","20,00","","26,00","","","M","101,72","","","","","","ND"
"2001-11-19 12:00","2001","11","19","12:00"," ","","","","","","","","","","","","","","","","","","",""
"2001-11-19 12:46","2001","11","19","12:46"," ","9,70","","4,50","","70,00","","21,00","","17,00","","","M","101,65","","","","","","ND"
"2001-11-19 13:00","2001","11","19","13:00"," ","","","","","","","","","","","","","","","","","","",""
"2001-11-19 13:46","2001","11","19","13:46"," ","11,20","","3,30","","58,00","","19,00","","17,00","","","M","101,58","","","","","","ND"
"2001-11-19 14:00","2001","11","19","14:00"," ","","","","","","","","","","","","","","","","","","",""
"2001-11-19 14:46","2001","11","19","14:46"," ","11,80","","4,10","","59,00","","19,00","","19,00","","","M","101,51","","","","","","ND"
"2001-11-19 15:00","2001","11","19","15:00"," ","","","","","","","","","","","","","","","","","","",""
"2001-11-19 15:46","2001","11","19","15:46"," ","11,30","","5,40","","67,00","","19,00","","15,00","","","M","101,52","","","","","","ND"
"2001-11-19 16:00","2001","11","19","16:00"," ","","","","","","","","","","","","","","","","","","",""
"2001-11-19 16:46","2001","11","19","16:46"," ","9,20","","7,00","","86,00","","18,00","","15,00","","","M","101,51","","","","","","ND"
"2001-11-19 17:00","2001","11","19","17:00"," ","","","","","","","","","","","","","","","","","","",""
"2001-11-19 17:46","2001","11","19","17:46"," ","8,30","","6,80","","90,00","","18,00","","17,00","","","M","101,49","","","","","","ND"
"2001-11-19 18:00","2001","11","19","18:00"," ","","","","","","","","","","","","","","","","","","",""
"2001-11-19 18:46","2001","11","19","18:46"," ","7,80","","6,40","","91,00","","18,00","","24,00","","","M","101,43","","","","","","ND"
"2001-11-19 19:00","2001","11","19","19:00"," ","","","","","","","","","","","","","","","","","","",""
"2001-11-19 19:46","2001","11","19","19:46"," ","7,50","","6,30","","92,00","","18,00","","20,00","","","M","101,38","","","","","","ND"
"2001-11-19 20:00","2001","11","19","20:00"," ","","","","","","","","","","","","","","","","","","",""
"2001-11-19 20:46","2001","11","19","20:46"," ","7,50","","6,30","","92,00","","21,00","","26,00","","","M","101,27","","","","","","ND"
"2001-11-19 21:00","2001","11","19","21:00"," ","","","","","","","","","","","","","","","","","","",""
"2001-11-19 21:46","2001","11","19","21:46"," ","8,00","","6,80","","92,00","","21,00","","28,00","","","M","101,25","","","","","","ND"
"2001-11-19 22:00","2001","11","19","22:00"," ","","","","","","","","","","","","","","","","","","",""
"2001-11-19 22:46","2001","11","19","22:46"," ","7,80","","6,60","","92,00","","19,00","","22,00","","","M","101,24","","","","","","ND"
"2001-11-19 23:00","2001","11","19","23:00"," ","","","","","","","","","","","","","","","","","","",""
"2001-11-19 23:46","2001","11","19","23:46"," ","8,00","","6,80","","92,00","","18,00","","24,00","","","M","101,20","","","","","","ND"
"2001-11-20 00:00","2001","11","20","00:00"," ","","","","","","","","","","","","","","","","","","",""
"2001-11-20 00:46","2001","11","20","00:46"," ","8,00","","6,80","","92,00","","15,00","","20,00","","","M","101,13","","","","","","ND"
"2001-11-20 01:00","2001","11","20","01:00"," ","","","","","","","","","","","","","","","","","","",""
"2001-11-20 01:46","2001","11","20","01:46"," ","7,50","","5,50","","87,00","","19,00","","11,00","","","M","101,06","","","","","","ND"
"2001-11-20 02:00","2001","11","20","02:00"," ","","","","","","","","","","","","","","","","","","",""
"2001-11-20 02:46","2001","11","20","02:46"," ","7,70","","5,70","","87,00","","19,00","","17,00","","","M","101,04","","","","","","ND"
"2001-11-20 03:00","2001","11","20","03:00"," ","","","","","","","","","","","","","","","","","","",""
"2001-11-20 03:46","2001","11","20","03:46"," ","8,30","","6,30","","87,00","","19,00","","15,00","","","M","100,97","","","","","","ND"
"2001-11-20 04:00","2001","11","20","04:00"," ","","","","","","","","","","","","","","","","","","",""
"2001-11-20 04:46","2001","11","20","04:46"," ","7,50","","6,00","","90,00","","19,00","","13,00","","","M","100,95","","","","","","ND"
"2001-11-20 05:00","2001","11","20","05:00"," ","","","","","","","","","","","","","","","","","","",""
"2001-11-20 05:46","2001","11","20","05:46"," ","7,60","","6,40","","92,00","","18,00","","15,00","","","M","100,89","","","","","","ND"
"2001-11-20 06:00","2001","11","20","06:00"," ","","","","","","","","","","","","","","","","","","",""
"2001-11-20 06:46","2001","11","20","06:46"," ","8,90","","7,70","","92,00","","22,00","","9,00","","","M","100,88","","","","","","ND"
"2001-11-20 07:00","2001","11","20","07:00"," ","","","","","","","","","","","","","","","","","","",""
"2001-11-20 07:46","2001","11","20","07:46"," ","9,80","","8,60","","92,00","","21,00","","13,00","","","M","100,79","","","","","","ND"
"2001-11-20 08:00","2001","11","20","08:00"," ","","","","","","","","","","","","","","","","","","",""
"2001-11-20 08:46","2001","11","20","08:46"," ","10,60","","9,40","","92,00","","20,00","","13,00","","","M","100,75","","","","","","ND"
"2001-11-20 09:00","2001","11","20","09:00"," ","","","","","","","","","","","","","","","","","","",""
"2001-11-20 09:46","2001","11","20","09:46"," ","12,10","","10,50","","90,00","","21,00","","26,00","","","M","100,66","","","","","","ND"
"2001-11-20 10:00","2001","11","20","10:00"," ","","","","","","","","","","","","","","","","","","",""
"2001-11-20 10:46","2001","11","20","10:46"," ","13,70","","11,80","","88,00","","21,00","","24,00","","","M","100,59","","","","","","ND"
"2001-11-20 11:00","2001","11","20","11:00"," ","","","","","","","","","","","","","","","","","","",""
"2001-11-20 11:46","2001","11","20","11:46"," ","14,20","","10,60","","79,00","","20,00","","28,00","","","M","100,46","","","","","","ND"
"2001-11-20 12:00","2001","11","20","12:00"," ","","","","","","","","","","","","","","","","","","",""
"2001-11-20 12:46","2001","11","20","12:46"," ","16,00","","11,40","","74,00","","21,00","","33,00","","","M","100,34","","","","","","ND"
"2001-11-20 13:00","2001","11","20","13:00"," ","","","","","","","","","","","","","","","","","","",""
"2001-11-20 13:46","2001","11","20","13:46"," ","15,50","","11,10","","75,00","","19,00","","33,00","","","M","100,26","","","","","","ND"
"2001-11-20 14:00","2001","11","20","14:00"," ","","","","","","","","","","","","","","","","","","",""
"2001-11-20 14:46","2001","11","20","14:46"," ","15,30","","10,90","","75,00","","18,00","","32,00","","","M","100,17","","","","","","ND"
"2001-11-20 15:00","2001","11","20","15:00"," ","","","","","","","","","","","","","","","","","","",""
"2001-11-20 15:46","2001","11","20","15:46"," ","14,90","","12,10","","83,00","","19,00","","33,00","","","M","100,16","","","","","","ND"
"2001-11-20 16:00","2001","11","20","16:00"," ","","","","","","","","","","","","","","","","","","",""
"2001-11-20 16:46","2001","11","20","16:46"," ","14,70","","12,40","","86,00","","19,00","","35,00","","","M","100,08","","","","","","ND"
"2001-11-20 17:00","2001","11","20","17:00"," ","","","","","","","","","","","","","","","","","","",""
"2001-11-20 17:46","2001","11","20","17:46"," ","13,50","","11,60","","88,00","","19,00","","32,00","","","M","100,12","","","","","","ND"
"2001-11-20 18:00","2001","11","20","18:00"," ","","","","","","","","","","","","","","","","","","",""
"2001-11-20 18:46","2001","11","20","18:46"," ","13,80","","11,90","","88,00","","19,00","","32,00","","","M","100,07","","","","","","ND"
"2001-11-20 19:00","2001","11","20","19:00"," ","","","","","","","","","","","","","","","","","","",""
"2001-11-20 19:46","2001","11","20","19:46"," ","12,30","","11,00","","92,00","","19,00","","22,00","","","M","100,03","","","","","","ND"
"2001-11-20 20:00","2001","11","20","20:00"," ","","","","","","","","","","","","","","","","","","",""
"2001-11-20 20:46","2001","11","20","20:46"," ","6,80","","5,90","","94,00","","32,00","","46,00","","","M","100,10","","","","","","ND"
"2001-11-20 21:00","2001","11","20","21:00"," ","","","","","","","","","","","","","","","","","","",""
"2001-11-20 21:46","2001","11","20","21:46"," ","6,30","","5,60","","95,00","","32,00","","39,00","","","M","100,10","","","","","","ND"
"2001-11-20 22:00","2001","11","20","22:00"," ","","","","","","","","","","","","","","","","","","",""
"2001-11-20 22:46","2001","11","20","22:46"," ","5,40","","4,50","","94,00","","31,00","","48,00","","","M","100,23","","","","","","ND"
"2001-11-20 23:00","2001","11","20","23:00"," ","","","","","","","","","","","","","","","","","","",""
"2001-11-20 23:46","2001","11","20","23:46"," ","4,20","","3,20","","93,00","","32,00","","43,00","","","M","100,17","","","","","","ND"
"2001-11-21 00:00","2001","11","21","00:00"," ","","","","","","","","","","","","","","","","","","",""
"2001-11-21 00:46","2001","11","21","00:46"," ","3,50","","2,00","","90,00","","31,00","","43,00","","","M","100,26","","","","","","ND"
"2001-11-21 01:00","2001","11","21","01:00"," ","","","","","","","","","","","","","","","","","","",""
"2001-11-21 01:46","2001","11","21","01:46"," ","1,90","","0,80","","92,00","","29,00","","50,00","","","M","100,32","","","","","","ND"
"2001-11-21 02:00","2001","11","21","02:00"," ","","","","","","","","","","","","","","","","","","",""
"2001-11-21 02:46","2001","11","21","02:46"," ","0,50","","-0,60","","92,00","","28,00","","43,00","","","M","100,44","","","","","","ND"
"2001-11-21 03:00","2001","11","21","03:00"," ","","","","","","","","","","","","","","","","","","",""
"2001-11-21 03:46","2001","11","21","03:46"," ","2,20","","-2,60","","71,00","","28,00","","52,00","","","M","100,52","","","","","","ND"
"2001-11-21 04:00","2001","11","21","04:00"," ","","","","","","","","","","","","","","","","","","",""
"2001-11-21 04:46","2001","11","21","04:46"," ","1,50","","-3,10","","71,00","","28,00","","44,00","","","M","100,62","","","","","","ND"
"2001-11-21 05:00","2001","11","21","05:00"," ","","","","","","","","","","","","","","","","","","",""
"2001-11-21 05:46","2001","11","21","05:46"," ","2,20","","-1,30","","78,00","","30,00","","44,00","","","M","100,71","","","","","","ND"
"2001-11-21 06:00","2001","11","21","06:00"," ","","","","","","","","","","","","","","","","","","",""
"2001-11-21 06:46","2001","11","21","06:46"," ","1,70","","-1,10","","82,00","","28,00","","41,00","","","M","100,82","","","","","","ND"
"2001-11-21 07:00","2001","11","21","07:00"," ","","","","","","","","","","","","","","","","","","",""
"2001-11-21 07:46","2001","11","21","07:46"," ","-0,10","","-2,10","","86,00","","27,00","","26,00","","","M","100,95","","","","-6,00","","ND"
"2001-11-21 08:00","2001","11","21","08:00"," ","","","","","","","","","","","","","","","","","","",""
"2001-11-21 08:46","2001","11","21","08:46"," ","-0,80","","-2,60","","88,00","","26,00","","17,00","","","M","101,02","","","","-6,00","","ND"
"2001-11-21 09:00","2001","11","21","09:00"," ","","","","","","","","","","","","","","","","","","",""
"2001-11-21 09:46","2001","11","21","09:46"," ","0,20","","-1,60","","88,00","","27,00","","20,00","","","M","101,07","","","","","","ND"
"2001-11-21 10:00","2001","11","21","10:00"," ","","","","","","","","","","","","","","","","","","",""
"2001-11-21 10:46","2001","11","21","10:46"," ","1,60","","-1,70","","79,00","","29,00","","35,00","","","M","101,11","","","","","","ND"
"2001-11-21 11:00","2001","11","21","11:00"," ","","","","","","","","","","","","","","","","","","",""
"2001-11-21 11:46","2001","11","21","11:46"," ","2,10","","-1,40","","78,00","","29,00","","39,00","","","M","101,11","","","","","","ND"
"2001-11-21 12:00","2001","11","21","12:00"," ","","","","","","","","","","","","","","","","","","",""
"2001-11-21 12:46","2001","11","21","12:46"," ","1,80","","-4,20","","64,00","","30,00","","35,00","","","M","101,13","","","","","","ND"
"2001-11-21 13:00","2001","11","21","13:00"," ","","","","","","","","","","","","","","","","","","",""
"2001-11-21 13:46","2001","11","21","13:46"," ","2,20","","-4,20","","63,00","","29,00","","32,00","","","M","101,16","","","","","","ND"
"2001-11-21 14:00","2001","11","21","14:00"," ","","","","","","","","","","","","","","","","","","",""
"2001-11-21 14:46","2001","11","21","14:46"," ","1,90","","-4,30","","63,00","","30,00","","32,00","","","M","101,24","","","","","","ND"
"2001-11-21 15:00","2001","11","21","15:00"," ","","","","","","","","","","","","","","","","","","",""
"2001-11-21 15:46","2001","11","21","15:46"," ","2,10","","-4,10","","63,00","","29,00","","30,00","","","M","101,29","","","","","","ND"
"2001-11-21 16:00","2001","11","21","16:00"," ","","","","","","","","","","","","","","","","","","",""
"2001-11-21 16:46","2001","11","21","16:46"," ","2,10","","-4,90","","60,00","","28,00","","32,00","","","M","101,38","","","","","","ND"
"2001-11-21 17:00","2001","11","21","17:00"," ","","","","","","","","","","","","","","","","","","",""
"2001-11-21 17:46","2001","11","21","17:46"," ","0,20","","-5,30","","66,00","","26,00","","9,00","","","M","101,45","","","","","","ND"
"2001-11-21 18:00","2001","11","21","18:00"," ","","","","","","","","","","","","","","","","","","",""
"2001-11-21 18:46","2001","11","21","18:46"," ","0,00","","-4,90","","70,00","","24,00","","11,00","","","M","101,47","","","","-4,00","","ND"
"2001-11-21 19:00","2001","11","21","19:00"," ","","","","","","","","","","","","","","","","","","",""
"2001-11-21 19:46","2001","11","21","19:46"," ","-0,60","","-4,90","","73,00","","25,00","","9,00","","","M","101,51","","","","-4,00","","ND"
"2001-11-21 20:00","2001","11","21","20:00"," ","","","","","","","","","","","","","","","","","","",""
"2001-11-21 20:46","2001","11","21","20:46"," ","-0,80","","-4,80","","74,00","","25,00","","9,00","","","M","101,58","","","","-4,00","","ND"
"2001-11-21 21:00","2001","11","21","21:00"," ","","","","","","","","","","","","","","","","","","",""
"2001-11-21 21:46","2001","11","21","21:46"," ","-0,50","","-3,90","","78,00","","24,00","","9,00","","","M","101,63","","","","-4,00","","ND"
"2001-11-21 22:00","2001","11","21","22:00"," ","","","","","","","","","","","","","","","","","","",""
"2001-11-21 22:46","2001","11","21","22:46"," ","0,00","","-4,50","","72,00","","24,00","","11,00","","","M","101,67","","","","-4,00","","ND"
"2001-11-21 23:00","2001","11","21","23:00"," ","","","","","","","","","","","","","","","","","","",""
"2001-11-21 23:46","2001","11","21","23:46"," ","-0,10","","-4,40","","73,00","","24,00","","11,00","","","M","101,69","","","","-4,00","","ND"
"2001-11-22 00:00","2001","11","22","00:00"," ","","","","","","","","","","","","","","","","","","",""
"2001-11-22 00:46","2001","11","22","00:46"," ","-1,50","","-3,60","","86,00","","23,00","","9,00","","","M","101,70","","","","-5,00","","ND"
"2001-11-22 01:00","2001","11","22","01:00"," ","","","","","","","","","","","","","","","","","","",""
"2001-11-22 01:46","2001","11","22","01:46"," ","-2,10","","-3,90","","87,00","","22,00","","9,00","","","M","101,76","","","","-6,00","","ND"
"2001-11-22 02:00","2001","11","22","02:00"," ","","","","","","","","","","","","","","","","","","",""
"2001-11-22 02:46","2001","11","22","02:46"," ","-2,30","","-3,70","","90,00","","22,00","","11,00","","","M","101,79","","","","-6,00","","ND"
"2001-11-22 03:00","2001","11","22","03:00"," ","","","","","","","","","","","","","","","","","","",""
"2001-11-22 03:46","2001","11","22","03:46"," ","-2,10","","-3,50","","90,00","","22,00","","13,00","","","M","101,78","","","","-7,00","","ND"
"2001-11-22 04:00","2001","11","22","04:00"," ","","","","","","","","","","","","","","","","","","",""
"2001-11-22 04:46","2001","11","22","04:46"," ","-1,70","","-3,20","","89,00","","","M","7,00","","","M","101,78","","","","-4,00","","ND"
"2001-11-22 05:00","2001","11","22","05:00"," ","","","","","","","","","","","","","","","","","","",""
"2001-11-22 05:46","2001","11","22","05:46"," ","-1,70","","-3,10","","90,00","","19,00","","13,00","","","M","101,81","","","","-6,00","","ND"
"2001-11-22 06:00","2001","11","22","06:00"," ","","","","","","","","","","","","","","","","","","",""
"2001-11-22 06:46","2001","11","22","06:46"," ","-1,90","","-3,40","","89,00","","22,00","","9,00","","","M","101,90","","","","-5,00","","ND"
"2001-11-22 07:00","2001","11","22","07:00"," ","","","","","","","","","","","","","","","","","","",""
"2001-11-22 07:46","2001","11","22","07:46"," ","-1,20","","-3,20","","86,00","","21,00","","13,00","","","M","101,96","","","","-5,00","","ND"
"2001-11-22 08:00","2001","11","22","08:00"," ","","","","","","","","","","","","","","","","","","",""
"2001-11-22 08:46","2001","11","22","08:46"," ","-0,70","","-3,20","","83,00","","21,00","","13,00","","","M","101,99","","","","-5,00","","ND"
"2001-11-22 09:00","2001","11","22","09:00"," ","","","","","","","","","","","","","","","","","","",""
"2001-11-22 09:46","2001","11","22","09:46"," ","0,30","","-2,70","","80,00","","20,00","","13,00","","","M","101,97","","","","","","ND"
"2001-11-22 10:00","2001","11","22","10:00"," ","","","","","","","","","","","","","","","","","","",""
"2001-11-22 10:46","2001","11","22","10:46"," ","2,00","","-3,20","","68,00","","22,00","","7,00","","","M","101,97","","","","","","ND"
"2001-11-22 11:00","2001","11","22","11:00"," ","","","","","","","","","","","","","","","","","","",""
"2001-11-22 11:46","2001","11","22","11:46"," ","3,80","","-4,00","","57,00","","21,00","","15,00","","","M","101,92","","","","","","ND"
"2001-11-22 12:00","2001","11","22","12:00"," ","","","","","","","","","","","","","","","","","","",""
"2001-11-22 12:46","2001","11","22","12:46"," ","5,30","","-4,60","","49,00","","20,00","","13,00","","","M","101,87","","","","","","ND"
"2001-11-22 13:00","2001","11","22","13:00"," ","","","","","","","","","","","","","","","","","","",""
"2001-11-22 13:46","2001","11","22","13:46"," ","5,20","","-5,00","","48,00","","24,00","","9,00","","","M","101,87","","","","","","ND"
"2001-11-22 14:00","2001","11","22","14:00"," ","","","","","","","","","","","","","","","","","","",""
"2001-11-22 14:46","2001","11","22","14:46"," ","4,60","","-3,50","","56,00","","27,00","","13,00","","","M","101,90","","","","","","ND"
"2001-11-22 15:00","2001","11","22","15:00"," ","","","","","","","","","","","","","","","","","","",""
"2001-11-22 15:46","2001","11","22","15:46"," ","4,20","","-3,00","","59,00","","26,00","","11,00","","","M","101,96","","","","","","ND"
"2001-11-22 16:00","2001","11","22","16:00"," ","","","","","","","","","","","","","","","","","","",""
"2001-11-22 16:46","2001","11","22","16:46"," ","3,40","","-3,10","","62,00","","25,00","","6,00","","","M","102,03","","","","","","ND"
"2001-11-22 17:00","2001","11","22","17:00"," ","","","","","","","","","","","","","","","","","","",""
"2001-11-22 17:46","2001","11","22","17:46"," ","3,60","","-1,30","","70,00","","22,00","","7,00","","","M","102,06","","","","","","ND"
"2001-11-22 18:00","2001","11","22","18:00"," ","","","","","","","","","","","","","","","","","","",""
"2001-11-22 18:46","2001","11","22","18:46"," ","2,90","","-0,50","","78,00","","23,00","","7,00","","","M","102,08","","","","","","ND"
"2001-11-22 19:00","2001","11","22","19:00"," ","","","","","","","","","","","","","","","","","","",""
"2001-11-22 19:46","2001","11","22","19:46"," ","1,70","","-0,30","","87,00","","23,00","","7,00","","","M","102,12","","","","","","ND"
"2001-11-22 20:00","2001","11","22","20:00"," ","","","","","","","","","","","","","","","","","","",""
"2001-11-22 20:46","2001","11","22","20:46"," ","1,20","","-0,20","","90,00","","22,00","","9,00","","","M","102,17","","","","","","ND"
"2001-11-22 21:00","2001","11","22","21:00"," ","","","","","","","","","","","","","","","","","","",""
"2001-11-22 21:46","2001","11","22","21:46"," ","0,60","","-0,50","","92,00","","23,00","","11,00","","","M","102,19","","","","","","ND"
"2001-11-22 22:00","2001","11","22","22:00"," ","","","","","","","","","","","","","","","","","","",""
"2001-11-22 22:46","2001","11","22","22:46"," ","0,20","","-1,00","","92,00","","22,00","","11,00","","","M","102,26","","","","","","ND"
"2001-11-22 23:00","2001","11","22","23:00"," ","","","","","","","","","","","","","","","","","","",""
"2001-11-22 23:46","2001","11","22","23:46"," ","0,20","","-0,90","","92,00","","23,00","","9,00","","","M","102,24","","","","","","ND"
"2001-11-23 00:00","2001","11","23","00:00"," ","","","","","","","","","","","","","","","","","","",""
"2001-11-23 00:46","2001","11","23","00:46"," ","-0,30","","-1,20","","94,00","","23,00","","11,00","","","M","102,28","","","","-4,00","","ND"
"2001-11-23 01:00","2001","11","23","01:00"," ","","","","","","","","","","","","","","","","","","",""
"2001-11-23 01:46","2001","11","23","01:46"," ","-0,50","","-1,40","","94,00","","22,00","","11,00","","","M","102,33","","","","-4,00","","ND"
"2001-11-23 02:00","2001","11","23","02:00"," ","","","","","","","","","","","","","","","","","","",""
"2001-11-23 02:46","2001","11","23","02:46"," ","-0,60","","-1,50","","94,00","","22,00","","11,00","","","M","102,41","","","","-4,00","","ND"
"2001-11-23 03:00","2001","11","23","03:00"," ","","","","","","","","","","","","","","","","","","",""
"2001-11-23 03:46","2001","11","23","03:46"," ","-0,80","","-1,70","","94,00","","22,00","","11,00","","","M","102,44","","","","-5,00","","ND"
"2001-11-23 04:00","2001","11","23","04:00"," ","","","","","","","","","","","","","","","","","","",""
"2001-11-23 04:46","2001","11","23","04:46"," ","-0,90","","-2,00","","92,00","","22,00","","13,00","","","M","102,53","","","","-5,00","","ND"
"2001-11-23 05:00","2001","11","23","05:00"," ","","","","","","","","","","","","","","","","","","",""
"2001-11-23 05:46","2001","11","23","05:46"," ","-1,20","","-2,10","","94,00","","23,00","","4,00","","","M","102,62","","","","-3,00","","ND"
"2001-11-23 06:00","2001","11","23","06:00"," ","","","","","","","","","","","","","","","","","","",""
"2001-11-23 06:46","2001","11","23","06:46"," ","-1,10","","-2,00","","94,00","","23,00","","9,00","","","M","102,69","","","","-4,00","","ND"
"2001-11-23 07:00","2001","11","23","07:00"," ","","","","","","","","","","","","","","","","","","",""
"2001-11-23 07:46","2001","11","23","07:46"," ","-0,70","","-1,80","","92,00","","23,00","","13,00","","","M","102,77","","","","-5,00","","ND"
"2001-11-23 08:00","2001","11","23","08:00"," ","","","","","","","","","","","","","","","","","","",""
"2001-11-23 08:46","2001","11","23","08:46"," ","0,30","","-1,10","","90,00","","23,00","","9,00","","","M","102,84","","","","","","ND"
"2001-11-23 09:00","2001","11","23","09:00"," ","","","","","","","","","","","","","","","","","","",""
"2001-11-23 09:46","2001","11","23","09:46"," ","1,10","","-1,40","","83,00","","23,00","","7,00","","","M","102,89","","","","","","ND"
"2001-11-23 10:00","2001","11","23","10:00"," ","","","","","","","","","","","","","","","","","","",""
"2001-11-23 10:46","2001","11","23","10:46"," ","3,50","","-0,40","","76,00","","25,00","","4,00","","","M","102,91","","","","","","ND"
"2001-11-23 11:00","2001","11","23","11:00"," ","","","","","","","","","","","","","","","","","","",""
"2001-11-23 11:46","2001","11","23","11:46"," ","4,00","","1,40","","83,00","","30,00","","9,00","","","M","102,91","","","","","","ND"
"2001-11-23 12:00","2001","11","23","12:00"," ","","","","","","","","","","","","","","","","","","",""
"2001-11-23 12:46","2001","11","23","12:46"," ","5,20","","2,40","","82,00","","32,00","","13,00","","","M","102,93","","","","","","ND"
"2001-11-23 13:00","2001","11","23","13:00"," ","","","","","","","","","","","","","","","","","","",""
"2001-11-23 13:46","2001","11","23","13:46"," ","5,10","","2,80","","85,00","","32,00","","7,00","","","M","102,98","","","","","","ND"
"2001-11-23 14:00","2001","11","23","14:00"," ","","","","","","","","","","","","","","","","","","",""
"2001-11-23 14:46","2001","11","23","14:46"," ","5,90","","0,50","","68,00","","34,00","","2,00","","","M","103,00","","","","","","ND"
"2001-11-23 15:00","2001","11","23","15:00"," ","","","","","","","","","","","","","","","","","","",""
"2001-11-23 15:46","2001","11","23","15:46"," ","4,80","","0,60","","74,00","","","M","4,00","","","M","103,05","","","","","","ND"
"2001-11-23 16:00","2001","11","23","16:00"," ","","","","","","","","","","","","","","","","","","",""
"2001-11-23 16:46","2001","11","23","16:46"," ","4,30","","2,20","","86,00","","32,00","","2,00","","","M","103,11","","","","","","ND"
"2001-11-23 17:00","2001","11","23","17:00"," ","","","","","","","","","","","","","","","","","","",""
"2001-11-23 18:00","2001","11","23","18:00"," ","","","","","","","","","","","","","","","","","","",""
"2001-11-23 18:46","2001","11","23","18:46"," ","5,10","","3,40","","89,00","","36,00","","15,00","","","M","103,22","","","","","","ND"
"2001-11-23 19:00","2001","11","23","19:00"," ","","","","","","","","","","","","","","","","","","",""
"2001-11-23 19:46","2001","11","23","19:46"," ","5,00","","3,40","","89,00","","","M","13,00","","","M","103,25","","","","","","ND"
"2001-11-23 20:00","2001","11","23","20:00"," ","","","","","","","","","","","","","","","","","","",""
"2001-11-23 20:46","2001","11","23","20:46"," ","4,90","","3,30","","89,00","","","M","15,00","","","M","103,31","","","","","","ND"
"2001-11-23 21:00","2001","11","23","21:00"," ","","","","","","","","","","","","","","","","","","",""
"2001-11-23 21:46","2001","11","23","21:46"," ","1,60","","0,60","","93,00","","22,00","","6,00","","","M","103,36","","","","","","ND"
"2001-11-23 22:00","2001","11","23","22:00"," ","","","","","","","","","","","","","","","","","","",""
"2001-11-23 22:46","2001","11","23","22:46"," ","2,10","","1,10","","93,00","","20,00","","7,00","","","M","103,36","","","","","","ND"
"2001-11-23 23:00","2001","11","23","23:00"," ","","","","","","","","","","","","","","","","","","",""
"2001-11-23 23:46","2001","11","23","23:46"," ","2,30","","1,30","","93,00","","18,00","","6,00","","","M","103,38","","","","","","ND"
"2001-11-24 00:00","2001","11","24","00:00"," ","","","","","","","","","","","","","","","","","","",""
"2001-11-24 00:46","2001","11","24","00:46"," ","1,80","","0,80","","93,00","","22,00","","7,00","","","M","103,40","","","","","","ND"
"2001-11-24 01:00","2001","11","24","01:00"," ","","","","","","","","","","","","","","","","","","",""
"2001-11-24 01:46","2001","11","24","01:46"," ","2,50","","1,50","","93,00","","24,00","","6,00","","","M","103,41","","","","","","ND"
"2001-11-24 02:00","2001","11","24","02:00"," ","","","","","","","","","","","","","","","","","","",""
"2001-11-24 02:46","2001","11","24","02:46"," ","2,10","","1,10","","93,00","","22,00","","7,00","","","M","103,43","","","","","","ND"
"2001-11-24 03:00","2001","11","24","03:00"," ","","","","","","","","","","","","","","","","","","",""
"2001-11-24 03:46","2001","11","24","03:46"," ","2,20","","1,20","","93,00","","22,00","","7,00","","","M","103,45","","","","","","ND"
"2001-11-24 04:00","2001","11","24","04:00"," ","","","","","","","","","","","","","","","","","","",""
"2001-11-24 04:46","2001","11","24","04:46"," ","2,30","","1,30","","93,00","","18,00","","6,00","","","M","103,49","","","","","","ND"
"2001-11-24 05:00","2001","11","24","05:00"," ","","","","","","","","","","","","","","","","","","",""
"2001-11-24 05:46","2001","11","24","05:46"," ","1,50","","0,50","","93,00","","18,00","","6,00","","","M","103,50","","","","","","ND"
"2001-11-24 06:00","2001","11","24","06:00"," ","","","","","","","","","","","","","","","","","","",""
"2001-11-24 06:46","2001","11","24","06:46"," ","1,60","","0,60","","93,00","","18,00","","9,00","","","M","103,52","","","","","","ND"
"2001-11-24 07:00","2001","11","24","07:00"," ","","","","","","","","","","","","","","","","","","",""
"2001-11-24 07:46","2001","11","24","07:46"," ","2,10","","1,10","","93,00","","18,00","","11,00","","","M","103,59","","","","","","ND"
"2001-11-24 08:00","2001","11","24","08:00"," ","","","","","","","","","","","","","","","","","","",""
"2001-11-24 08:46","2001","11","24","08:46"," ","2,90","","1,40","","90,00","","18,00","","7,00","","","M","103,63","","","","","","ND"
"2001-11-24 09:00","2001","11","24","09:00"," ","","","","","","","","","","","","","","","","","","",""
"2001-11-24 09:46","2001","11","24","09:46"," ","3,70","","1,40","","85,00","","18,00","","11,00","","","M","103,65","","","","","","ND"
"2001-11-24 10:00","2001","11","24","10:00"," ","","","","","","","","","","","","","","","","","","",""
"2001-11-24 10:46","2001","11","24","10:46"," ","6,00","","0,60","","68,00","","20,00","","6,00","","","M","103,65","","","","","","ND"
"2001-11-24 11:00","2001","11","24","11:00"," ","","","","","","","","","","","","","","","","","","",""
"2001-11-24 11:46","2001","11","24","11:46"," ","8,20","","1,60","","63,00","","19,00","","15,00","","","M","103,58","","","","","","ND"
"2001-11-24 12:00","2001","11","24","12:00"," ","","","","","","","","","","","","","","","","","","",""
"2001-11-24 12:46","2001","11","24","12:46"," ","8,50","","1,00","","59,00","","18,00","","19,00","","","M","103,52","","","","","","ND"
"2001-11-24 13:00","2001","11","24","13:00"," ","","","","","","","","","","","","","","","","","","",""
"2001-11-24 13:46","2001","11","24","13:46"," ","9,30","","-0,40","","51,00","","19,00","","15,00","","","M","103,50","","","","","","ND"
"2001-11-24 14:00","2001","11","24","14:00"," ","","","","","","","","","","","","","","","","","","",""
"2001-11-24 14:46","2001","11","24","14:46"," ","8,70","","-0,40","","53,00","","19,00","","17,00","","","M","103,47","","","","","","ND"
"2001-11-24 15:00","2001","11","24","15:00"," ","","","","","","","","","","","","","","","","","","",""
"2001-11-24 15:46","2001","11","24","15:46"," ","7,80","","0,30","","59,00","","19,00","","13,00","","","M","103,47","","","","","","ND"
"2001-11-24 16:00","2001","11","24","16:00"," ","","","","","","","","","","","","","","","","","","",""
"2001-11-24 16:46","2001","11","24","16:46"," ","6,30","","2,20","","75,00","","18,00","","15,00","","","M","103,52","","","","","","ND"
"2001-11-24 17:00","2001","11","24","17:00"," ","","","","","","","","","","","","","","","","","","",""
"2001-11-24 17:46","2001","11","24","17:46"," ","5,80","","2,60","","80,00","","18,00","","17,00","","","M","103,56","","","","","","ND"
"2001-11-24 18:00","2001","11","24","18:00"," ","","","","","","","","","","","","","","","","","","",""
"2001-11-24 18:46","2001","11","24","18:46"," ","4,80","","2,70","","86,00","","18,00","","15,00","","","M","103,59","","","","","","ND"
"2001-11-24 19:00","2001","11","24","19:00"," ","","","","","","","","","","","","","","","","","","",""
"2001-11-24 19:46","2001","11","24","19:46"," ","4,10","","2,50","","89,00","","19,00","","13,00","","","M","103,61","","","","","","ND"
"2001-11-24 20:00","2001","11","24","20:00"," ","","","","","","","","","","","","","","","","","","",""
"2001-11-24 20:46","2001","11","24","20:46"," ","3,20","","1,70","","90,00","","19,00","","15,00","","","M","103,61","","","","","","ND"
"2001-11-24 21:00","2001","11","24","21:00"," ","","","","","","","","","","","","","","","","","","",""
"2001-11-24 21:46","2001","11","24","21:46"," ","2,70","","1,40","","91,00","","19,00","","15,00","","","M","103,59","","","","","","ND"
"2001-11-24 22:00","2001","11","24","22:00"," ","","","","","","","","","","","","","","","","","","",""
"2001-11-24 22:46","2001","11","24","22:46"," ","2,10","","0,90","","92,00","","18,00","","9,00","","","M","103,56","","","","","","ND"
"2001-11-24 23:00","2001","11","24","23:00"," ","","","","","","","","","","","","","","","","","","",""
"2001-11-24 23:46","2001","11","24","23:46"," ","2,40","","1,40","","93,00","","19,00","","11,00","","","M","103,56","","","","","","ND"
"2001-11-25 00:00","2001","11","25","00:00"," ","","","","","","","","","","","","","","","","","","",""
"2001-11-25 00:46","2001","11","25","00:46"," ","2,30","","1,30","","93,00","","19,00","","6,00","","","M","103,56","","","","","","ND"
"2001-11-25 01:00","2001","11","25","01:00"," ","","","","","","","","","","","","","","","","","","",""
"2001-11-25 01:46","2001","11","25","01:46"," ","2,60","","1,60","","93,00","","18,00","","9,00","","","M","103,58","","","","","","ND"
"2001-11-25 02:00","2001","11","25","02:00"," ","","","","","","","","","","","","","","","","","","",""
"2001-11-25 02:46","2001","11","25","02:46"," ","2,70","","1,70","","93,00","","18,00","","11,00","","","M","103,54","","","","","","ND"
"2001-11-25 03:00","2001","11","25","03:00"," ","","","","","","","","","","","","","","","","","","",""
"2001-11-25 03:46","2001","11","25","03:46"," ","3,00","","2,00","","93,00","","19,00","","15,00","","","M","103,49","","","","","","ND"
"2001-11-25 04:00","2001","11","25","04:00"," ","","","","","","","","","","","","","","","","","","",""
"2001-11-25 04:46","2001","11","25","04:46"," ","2,70","","1,70","","93,00","","21,00","","11,00","","","M","103,49","","","","","","ND"
"2001-11-25 05:00","2001","11","25","05:00"," ","","","","","","","","","","","","","","","","","","",""
"2001-11-25 05:46","2001","11","25","05:46"," ","3,60","","2,60","","93,00","","19,00","","17,00","","","M","103,40","","","","","","ND"
"2001-11-25 06:00","2001","11","25","06:00"," ","","","","","","","","","","","","","","","","","","",""
"2001-11-25 06:46","2001","11","25","06:46"," ","3,70","","2,10","","89,00","","18,00","","24,00","","","M","103,41","","","","","","ND"
"2001-11-25 07:00","2001","11","25","07:00"," ","","","","","","","","","","","","","","","","","","",""
"2001-11-25 07:46","2001","11","25","07:46"," ","3,60","","2,10","","90,00","","19,00","","17,00","","","M","103,41","","","","","","ND"
"2001-11-25 08:00","2001","11","25","08:00"," ","","","","","","","","","","","","","","","","","","",""
"2001-11-25 08:46","2001","11","25","08:46"," ","5,50","","2,50","","81,00","","18,00","","19,00","","","M","103,47","","","","","","ND"
"2001-11-25 09:00","2001","11","25","09:00"," ","","","","","","","","","","","","","","","","","","",""
"2001-11-25 09:46","2001","11","25","09:46"," ","5,90","","2,40","","78,00","","19,00","","24,00","","","M","103,45","","","","","","ND"
"2001-11-25 10:00","2001","11","25","10:00"," ","","","","","","","","","","","","","","","","","","",""
"2001-11-25 10:46","2001","11","25","10:46"," ","7,10","","2,40","","72,00","","20,00","","15,00","","","M","103,41","","","","","","ND"
"2001-11-25 11:00","2001","11","25","11:00"," ","","","","","","","","","","","","","","","","","","",""
"2001-11-25 11:46","2001","11","25","11:46"," ","7,70","","2,40","","69,00","","19,00","","19,00","","","M","103,34","","","","","","ND"
"2001-11-25 12:00","2001","11","25","12:00"," ","","","","","","","","","","","","","","","","","","",""
"2001-11-25 12:46","2001","11","25","12:46"," ","8,80","","2,40","","64,00","","19,00","","17,00","","","M","103,27","","","","","","ND"
"2001-11-25 13:00","2001","11","25","13:00"," ","","","","","","","","","","","","","","","","","","",""
"2001-11-25 13:46","2001","11","25","13:46"," ","9,30","","2,40","","62,00","","18,00","","17,00","","","M","103,20","","","","","","ND"
"2001-11-25 14:00","2001","11","25","14:00"," ","","","","","","","","","","","","","","","","","","",""
"2001-11-25 14:46","2001","11","25","14:46"," ","9,50","","2,10","","60,00","","18,00","","19,00","","","M","103,14","","","","","","ND"
"2001-11-25 15:00","2001","11","25","15:00"," ","","","","","","","","","","","","","","","","","","",""
"2001-11-25 15:46","2001","11","25","15:46"," ","8,80","","2,60","","65,00","","18,00","","19,00","","","M","103,11","","","","","","ND"
"2001-11-25 16:00","2001","11","25","16:00"," ","","","","","","","","","","","","","","","","","","",""
"2001-11-25 16:46","2001","11","25","16:46"," ","7,60","","3,10","","73,00","","18,00","","20,00","","","M","103,09","","","","","","ND"
"2001-11-25 17:00","2001","11","25","17:00"," ","","","","","","","","","","","","","","","","","","",""
"2001-11-25 17:46","2001","11","25","17:46"," ","6,70","","3,50","","80,00","","18,00","","17,00","","","M","103,09","","","","","","ND"
"2001-11-25 18:00","2001","11","25","18:00"," ","","","","","","","","","","","","","","","","","","",""
"2001-11-25 18:46","2001","11","25","18:46"," ","5,80","","3,80","","87,00","","18,00","","17,00","","","M","103,13","","","","","","ND"
"2001-11-25 19:00","2001","11","25","19:00"," ","","","","","","","","","","","","","","","","","","",""
"2001-11-25 19:46","2001","11","25","19:46"," ","5,10","","3,60","","90,00","","18,00","","13,00","","","M","103,09","","","","","","ND"
"2001-11-25 20:00","2001","11","25","20:00"," ","","","","","","","","","","","","","","","","","","",""
"2001-11-25 20:46","2001","11","25","20:46"," ","4,40","","3,10","","91,00","","18,00","","11,00","","","M","103,07","","","","","","ND"
"2001-11-25 21:00","2001","11","25","21:00"," ","","","","","","","","","","","","","","","","","","",""
"2001-11-25 21:46","2001","11","25","21:46"," ","4,60","","3,40","","92,00","","18,00","","15,00","","","M","103,00","","","","","","ND"
"2001-11-25 22:00","2001","11","25","22:00"," ","","","","","","","","","","","","","","","","","","",""
"2001-11-25 22:46","2001","11","25","22:46"," ","4,40","","3,20","","92,00","","18,00","","17,00","","","M","102,89","","","","","","ND"
"2001-11-25 23:00","2001","11","25","23:00"," ","","","","","","","","","","","","","","","","","","",""
"2001-11-25 23:46","2001","11","25","23:46"," ","4,20","","3,00","","92,00","","18,00","","9,00","","","M","102,86","","","","","","ND"
"2001-11-26 00:00","2001","11","26","00:00"," ","","","","","","","","","","","","","","","","","","",""
"2001-11-26 00:46","2001","11","26","00:46"," ","4,60","","3,40","","92,00","","18,00","","13,00","","","M","102,82","","","","","","ND"
"2001-11-26 01:00","2001","11","26","01:00"," ","","","","","","","","","","","","","","","","","","",""
"2001-11-26 01:46","2001","11","26","01:46"," ","5,40","","4,20","","92,00","","19,00","","15,00","","","M","102,77","","","","","","ND"
"2001-11-26 02:00","2001","11","26","02:00"," ","","","","","","","","","","","","","","","","","","",""
"2001-11-26 02:46","2001","11","26","02:46"," ","5,70","","4,50","","92,00","","19,00","","15,00","","","M","102,71","","","","","","ND"
"2001-11-26 03:00","2001","11","26","03:00"," ","","","","","","","","","","","","","","","","","","",""
"2001-11-26 03:46","2001","11","26","03:46"," ","6,00","","4,80","","92,00","","18,00","","17,00","","","M","102,62","","","","","","ND"
"2001-11-26 04:00","2001","11","26","04:00"," ","","","","","","","","","","","","","","","","","","",""
"2001-11-26 04:46","2001","11","26","04:46"," ","5,90","","4,70","","92,00","","19,00","","15,00","","","M","102,57","","","","","","ND"
"2001-11-26 05:00","2001","11","26","05:00"," ","","","","","","","","","","","","","","","","","","",""
"2001-11-26 05:46","2001","11","26","05:46"," ","5,90","","4,70","","92,00","","18,00","","22,00","","","M","102,48","","","","","","ND"
"2001-11-26 06:00","2001","11","26","06:00"," ","","","","","","","","","","","","","","","","","","",""
"2001-11-26 06:46","2001","11","26","06:46"," ","5,70","","4,50","","92,00","","18,00","","19,00","","","M","102,42","","","","","","ND"
"2001-11-26 07:00","2001","11","26","07:00"," ","","","","","","","","","","","","","","","","","","",""
"2001-11-26 07:46","2001","11","26","07:46"," ","5,70","","4,50","","92,00","","18,00","","17,00","","","M","102,41","","","","","","ND"
"2001-11-26 08:00","2001","11","26","08:00"," ","","","","","","","","","","","","","","","","","","",""
"2001-11-26 08:46","2001","11","26","08:46"," ","6,60","","4,60","","87,00","","18,00","","26,00","","","M","102,35","","","","","","ND"
"2001-11-26 09:00","2001","11","26","09:00"," ","","","","","","","","","","","","","","","","","","",""
"2001-11-26 09:46","2001","11","26","09:46"," ","7,40","","4,70","","83,00","","19,00","","20,00","","","M","102,33","","","","","","ND"
"2001-11-26 10:00","2001","11","26","10:00"," ","","","","","","","","","","","","","","","","","","",""
"2001-11-26 10:46","2001","11","26","10:46"," ","8,50","","4,00","","73,00","","19,00","","17,00","","","M","102,28","","","","","","ND"
"2001-11-26 11:00","2001","11","26","11:00"," ","","","","","","","","","","","","","","","","","","",""
"2001-11-26 11:46","2001","11","26","11:46"," ","9,30","","3,90","","69,00","","19,00","","22,00","","","M","102,17","","","","","","ND"
"2001-11-26 12:00","2001","11","26","12:00"," ","","","","","","","","","","","","","","","","","","",""
"2001-11-26 12:46","2001","11","26","12:46"," ","9,80","","3,60","","65,00","","20,00","","19,00","","","M","102,05","","","","","","ND"
"2001-11-26 13:00","2001","11","26","13:00"," ","","","","","","","","","","","","","","","","","","",""
"2001-11-26 13:46","2001","11","26","13:46"," ","10,40","","3,20","","61,00","","21,00","","17,00","","","M","101,96","","","","","","ND"
"2001-11-26 14:00","2001","11","26","14:00"," ","","","","","","","","","","","","","","","","","","",""
"2001-11-26 14:46","2001","11","26","14:46"," ","9,80","","4,80","","71,00","","18,00","","20,00","","","M","101,90","","","","","","ND"
"2001-11-26 15:00","2001","11","26","15:00"," ","","","","","","","","","","","","","","","","","","",""
"2001-11-26 15:46","2001","11","26","15:46"," ","9,50","","5,30","","75,00","","20,00","","9,00","","","M","101,90","","","","","","ND"
"2001-11-26 16:00","2001","11","26","16:00"," ","","","","","","","","","","","","","","","","","","",""
"2001-11-26 16:46","2001","11","26","16:46"," ","8,80","","5,60","","80,00","","18,00","","11,00","","","M","101,87","","","","","","ND"
"2001-11-26 17:00","2001","11","26","17:00"," ","","","","","","","","","","","","","","","","","","",""
"2001-11-26 17:46","2001","11","26","17:46"," ","7,90","","5,90","","87,00","","","M","7,00","","","M","101,87","","","","","","ND"
"2001-11-26 18:00","2001","11","26","18:00"," ","","","","","","","","","","","","","","","","","","",""
"2001-11-26 18:46","2001","11","26","18:46"," ","8,30","","6,30","","87,00","","19,00","","17,00","","","M","101,78","","","","","","ND"
"2001-11-26 19:00","2001","11","26","19:00"," ","","","","","","","","","","","","","","","","","","",""
"2001-11-26 19:46","2001","11","26","19:46"," ","7,80","","6,10","","89,00","","21,00","","17,00","","","M","101,78","","","","","","ND"
"2001-11-26 20:00","2001","11","26","20:00"," ","","","","","","","","","","","","","","","","","","",""
"2001-11-26 20:46","2001","11","26","20:46"," ","7,50","","6,30","","92,00","","21,00","","15,00","","","M","101,76","","","","","","ND"
"2001-11-26 21:00","2001","11","26","21:00"," ","","","","","","","","","","","","","","","","","","",""
"2001-11-26 21:46","2001","11","26","21:46"," ","7,40","","6,40","","93,00","","20,00","","11,00","","","M","101,72","","","","","","ND"
"2001-11-26 22:00","2001","11","26","22:00"," ","","","","","","","","","","","","","","","","","","",""
"2001-11-26 22:46","2001","11","26","22:46"," ","7,60","","6,60","","93,00","","21,00","","13,00","","","M","101,65","","","","","","ND"
"2001-11-26 23:00","2001","11","26","23:00"," ","","","","","","","","","","","","","","","","","","",""
"2001-11-26 23:46","2001","11","26","23:46"," ","7,30","","6,30","","93,00","","22,00","","13,00","","","M","101,65","","","","","","ND"
"2001-11-27 00:00","2001","11","27","00:00"," ","","","","","","","","","","","","","","","","","","",""
"2001-11-27 00:46","2001","11","27","00:46"," ","6,90","","5,90","","93,00","","22,00","","9,00","","","M","101,60","","","","","","ND"
"2001-11-27 01:00","2001","11","27","01:00"," ","","","","","","","","","","","","","","","","","","",""
"2001-11-27 01:46","2001","11","27","01:46"," ","7,00","","6,00","","93,00","","22,00","","13,00","","","M","101,58","","","","","","ND"
"2001-11-27 02:00","2001","11","27","02:00"," ","","","","","","","","","","","","","","","","","","",""
"2001-11-27 02:46","2001","11","27","02:46"," ","6,90","","5,90","","93,00","","22,00","","11,00","","","M","101,60","","","","","","ND"
"2001-11-27 03:00","2001","11","27","03:00"," ","","","","","","","","","","","","","","","","","","",""
"2001-11-27 03:46","2001","11","27","03:46"," ","6,90","","6,00","","94,00","","22,00","","11,00","","","M","101,52","","","","","","ND"
"2001-11-27 04:00","2001","11","27","04:00"," ","","","","","","","","","","","","","","","","","","",""
"2001-11-27 04:46","2001","11","27","04:46"," ","6,90","","6,00","","94,00","","22,00","","9,00","","","M","101,56","","","","","","ND"
"2001-11-27 05:00","2001","11","27","05:00"," ","","","","","","","","","","","","","","","","","","",""
"2001-11-27 05:46","2001","11","27","05:46"," ","7,20","","6,30","","94,00","","21,00","","9,00","","","M","101,58","","","","","","ND"
"2001-11-27 06:00","2001","11","27","06:00"," ","","","","","","","","","","","","","","","","","","",""
"2001-11-27 06:46","2001","11","27","06:46"," ","7,30","","6,40","","94,00","","22,00","","7,00","","","M","101,63","","","","","","ND"
"2001-11-27 07:00","2001","11","27","07:00"," ","","","","","","","","","","","","","","","","","","",""
"2001-11-27 07:46","2001","11","27","07:46"," ","8,00","","7,10","","94,00","","27,00","","15,00","","","M","101,69","","","","","","ND"
"2001-11-27 08:00","2001","11","27","08:00"," ","","","","","","","","","","","","","","","","","","",""
"2001-11-27 08:46","2001","11","27","08:46"," ","7,80","","6,90","","94,00","","27,00","","17,00","","","M","101,70","","","","","","ND"
"2001-11-27 09:00","2001","11","27","09:00"," ","","","","","","","","","","","","","","","","","","",""
"2001-11-27 09:46","2001","11","27","09:46"," ","7,40","","6,50","","94,00","","30,00","","22,00","","","M","101,74","","","","","","ND"
"2001-11-27 10:00","2001","11","27","10:00"," ","","","","","","","","","","","","","","","","","","",""
"2001-11-27 10:46","2001","11","27","10:46"," ","7,10","","6,20","","94,00","","36,00","","19,00","","","M","101,78","","","","","","ND"
"2001-11-27 11:00","2001","11","27","11:00"," ","","","","","","","","","","","","","","","","","","",""
"2001-11-27 11:46","2001","11","27","11:46"," ","6,20","","4,70","","90,00","","36,00","","20,00","","","M","101,83","","","","","","ND"
"2001-11-27 12:00","2001","11","27","12:00"," ","","","","","","","","","","","","","","","","","","",""
"2001-11-27 12:46","2001","11","27","12:46"," ","5,80","","3,50","","85,00","","35,00","","19,00","","","M","101,87","","","","","","ND"
"2001-11-27 13:00","2001","11","27","13:00"," ","","","","","","","","","","","","","","","","","","",""
"2001-11-27 13:46","2001","11","27","13:46"," ","5,30","","3,00","","85,00","","36,00","","22,00","","","M","101,85","","","","","","ND"
"2001-11-27 14:00","2001","11","27","14:00"," ","","","","","","","","","","","","","","","","","","",""
"2001-11-27 14:46","2001","11","27","14:46"," ","5,10","","2,60","","84,00","","36,00","","19,00","","","M","101,88","","","","","","ND"
"2001-11-27 15:00","2001","11","27","15:00"," ","","","","","","","","","","","","","","","","","","",""
"2001-11-27 15:46","2001","11","27","15:46"," ","4,70","","2,20","","84,00","","36,00","","19,00","","","M","101,96","","","","","","ND"
"2001-11-27 16:00","2001","11","27","16:00"," ","","","","","","","","","","","","","","","","","","",""
"2001-11-27 16:46","2001","11","27","16:46"," ","4,10","","2,00","","86,00","","35,00","","22,00","","","M","102,05","","","","","","ND"
"2001-11-27 17:00","2001","11","27","17:00"," ","","","","","","","","","","","","","","","","","","",""
"2001-11-27 17:46","2001","11","27","17:46"," ","3,90","","1,90","","87,00","","35,00","","19,00","","","M","102,08","","","","","","ND"
"2001-11-27 18:00","2001","11","27","18:00"," ","","","","","","","","","","","","","","","","","","",""
"2001-11-27 18:46","2001","11","27","18:46"," ","3,90","","2,30","","89,00","","36,00","","19,00","","","M","102,08","","","","","","ND"
"2001-11-27 19:00","2001","11","27","19:00"," ","","","","","","","","","","","","","","","","","","",""
"2001-11-27 19:46","2001","11","27","19:46"," ","3,50","","2,00","","90,00","","36,00","","17,00","","","M","102,08","","","","","","ND"
"2001-11-27 20:00","2001","11","27","20:00"," ","","","","","","","","","","","","","","","","","","",""
"2001-11-27 20:46","2001","11","27","20:46"," ","3,20","","1,60","","89,00","","36,00","","17,00","","","M","102,01","","","","","","ND"
"2001-11-27 21:00","2001","11","27","21:00"," ","","","","","","","","","","","","","","","","","","",""
"2001-11-27 21:46","2001","11","27","21:46"," ","3,00","","1,40","","89,00","","36,00","","11,00","","","M","102,01","","","","","","ND"
"2001-11-27 22:00","2001","11","27","22:00"," ","","","","","","","","","","","","","","","","","","",""
"2001-11-27 22:46","2001","11","27","22:46"," ","2,90","","1,30","","89,00","","36,00","","7,00","","","M","101,99","","","","","","ND"
"2001-11-27 23:00","2001","11","27","23:00"," ","","","","","","","","","","","","","","","","","","",""
"2001-11-27 23:46","2001","11","27","23:46"," ","3,00","","1,40","","89,00","","35,00","","7,00","","","M","102,01","","","","","","ND"
"2001-11-28 00:00","2001","11","28","00:00"," ","","","","","","","","","","","","","","","","","","",""
"2001-11-28 00:46","2001","11","28","00:46"," ","3,20","","1,40","","88,00","","32,00","","11,00","","","M","101,90","","","","","","ND"
"2001-11-28 01:00","2001","11","28","01:00"," ","","","","","","","","","","","","","","","","","","",""
"2001-11-28 01:46","2001","11","28","01:46"," ","3,20","","0,80","","84,00","","34,00","","13,00","","","M","101,92","","","","","","ND"
"2001-11-28 02:00","2001","11","28","02:00"," ","","","","","","","","","","","","","","","","","","",""
"2001-11-28 02:46","2001","11","28","02:46"," ","3,00","","1,20","","88,00","","33,00","","17,00","","","M","101,90","","","","","","ND"
"2001-11-28 03:00","2001","11","28","03:00"," ","","","","","","","","","","","","","","","","","","",""
"2001-11-28 03:46","2001","11","28","03:46"," ","3,10","","1,50","","89,00","","32,00","","19,00","","","M","101,90","","","","","","ND"
"2001-11-28 04:00","2001","11","28","04:00"," ","","","","","","","","","","","","","","","","","","",""
"2001-11-28 04:46","2001","11","28","04:46"," ","3,00","","1,10","","87,00","","27,00","","4,00","","","M","101,85","","","","","","ND"
"2001-11-28 05:00","2001","11","28","05:00"," ","","","","","","","","","","","","","","","","","","",""
"2001-11-28 05:46","2001","11","28","05:46"," ","3,40","","1,50","","87,00","","32,00","","15,00","","","M","101,88","","","","","","ND"
"2001-11-28 06:00","2001","11","28","06:00"," ","","","","","","","","","","","","","","","","","","",""
"2001-11-28 06:46","2001","11","28","06:46"," ","3,10","","1,80","","91,00","","32,00","","15,00","","","M","101,88","","","","","","ND"
"2001-11-28 07:00","2001","11","28","07:00"," ","","","","","","","","","","","","","","","","","","",""
"2001-11-28 07:46","2001","11","28","07:46"," ","3,20","","2,00","","92,00","","32,00","","15,00","","","M","101,92","","","","","","ND"
"2001-11-28 08:00","2001","11","28","08:00"," ","","","","","","","","","","","","","","","","","","",""
"2001-11-28 08:46","2001","11","28","08:46"," ","3,20","","1,90","","91,00","","32,00","","15,00","","","M","101,96","","","","","","ND"
"2001-11-28 09:00","2001","11","28","09:00"," ","","","","","","","","","","","","","","","","","","",""
"2001-11-28 09:46","2001","11","28","09:46"," ","3,20","","1,90","","91,00","","32,00","","15,00","","","M","101,99","","","","","","ND"
"2001-11-28 10:00","2001","11","28","10:00"," ","","","","","","","","","","","","","","","","","","",""
"2001-11-28 10:46","2001","11","28","10:46"," ","3,00","","1,80","","92,00","","32,00","","13,00","","","M","102,01","","","","","","ND"
"2001-11-28 11:00","2001","11","28","11:00"," ","","","","","","","","","","","","","","","","","","",""
"2001-11-28 11:46","2001","11","28","11:46"," ","3,30","","2,30","","93,00","","32,00","","15,00","","","M","101,97","","","","","","ND"
"2001-11-28 12:00","2001","11","28","12:00"," ","","","","","","","","","","","","","","","","","","",""
"2001-11-28 12:46","2001","11","28","12:46"," ","3,30","","2,30","","93,00","","34,00","","17,00","","","M","102,01","","","","","","ND"
"2001-11-28 13:00","2001","11","28","13:00"," ","","","","","","","","","","","","","","","","","","",""
"2001-11-28 13:46","2001","11","28","13:46"," ","3,40","","2,20","","92,00","","36,00","","20,00","","","M","102,05","","","","","","ND"
"2001-11-28 14:00","2001","11","28","14:00"," ","","","","","","","","","","","","","","","","","","",""
"2001-11-28 14:46","2001","11","28","14:46"," ","3,10","","1,90","","92,00","","36,00","","32,00","","","M","102,14","","","","","","ND"
"2001-11-28 15:00","2001","11","28","15:00"," ","","","","","","","","","","","","","","","","","","",""
"2001-11-28 15:46","2001","11","28","15:46"," ","2,00","","0,80","","92,00","","36,00","","37,00","","","M","102,24","","","","","","ND"
"2001-11-28 16:00","2001","11","28","16:00"," ","","","","","","","","","","","","","","","","","","",""
"2001-11-28 16:46","2001","11","28","16:46"," ","2,20","","1,00","","92,00","","36,00","","39,00","","","M","102,33","","","","","","ND"
"2001-11-28 17:00","2001","11","28","17:00"," ","","","","","","","","","","","","","","","","","","",""
"2001-11-28 17:46","2001","11","28","17:46"," ","1,70","","0,40","","91,00","","36,00","","43,00","","","M","102,44","","","","","","ND"
"2001-11-28 18:00","2001","11","28","18:00"," ","","","","","","","","","","","","","","","","","","",""
"2001-11-28 18:46","2001","11","28","18:46"," ","1,30","","-0,20","","90,00","","36,00","","33,00","","","M","102,59","","","","","","ND"
"2001-11-28 19:00","2001","11","28","19:00"," ","","","","","","","","","","","","","","","","","","",""
"2001-11-28 19:46","2001","11","28","19:46"," ","1,10","","-1,10","","85,00","","36,00","","35,00","","","M","102,73","","","","","","ND"
"2001-11-28 20:00","2001","11","28","20:00"," ","","","","","","","","","","","","","","","","","","",""
"2001-11-28 20:46","2001","11","28","20:46"," ","0,80","","-1,40","","85,00","","36,00","","33,00","","","M","102,84","","","","","","ND"
"2001-11-28 21:00","2001","11","28","21:00"," ","","","","","","","","","","","","","","","","","","",""
"2001-11-28 21:46","2001","11","28","21:46"," ","0,10","","-2,50","","83,00","","36,00","","30,00","","","M","102,98","","","","","","ND"
"2001-11-28 22:00","2001","11","28","22:00"," ","","","","","","","","","","","","","","","","","","",""
"2001-11-28 22:46","2001","11","28","22:46"," ","0,20","","-3,30","","77,00","","","M","32,00","","","M","103,04","","","","","","ND"
"2001-11-28 23:00","2001","11","28","23:00"," ","","","","","","","","","","","","","","","","","","",""
"2001-11-28 23:46","2001","11","28","23:46"," ","-0,30","","-4,50","","73,00","","36,00","","30,00","","","M","103,07","","","","-7,00","","ND"
"2001-11-29 00:00","2001","11","29","00:00"," ","","","","","","","","","","","","","","","","","","",""
"2001-11-29 00:46","2001","11","29","00:46"," ","-0,70","","-6,50","","65,00","","36,00","","28,00","","","M","103,14","","","","-7,00","","ND"
"2001-11-29 01:00","2001","11","29","01:00"," ","","","","","","","","","","","","","","","","","","",""
"2001-11-29 01:46","2001","11","29","01:46"," ","-0,90","","-6,30","","67,00","","36,00","","28,00","","","M","103,20","","","","-7,00","","ND"
"2001-11-29 02:00","2001","11","29","02:00"," ","","","","","","","","","","","","","","","","","","",""
"2001-11-29 02:46","2001","11","29","02:46"," ","-1,10","","-6,90","","65,00","","36,00","","26,00","","","M","103,32","","","","-7,00","","ND"
"2001-11-29 03:00","2001","11","29","03:00"," ","","","","","","","","","","","","","","","","","","",""
"2001-11-29 03:46","2001","11","29","03:46"," ","-1,40","","-7,80","","62,00","","36,00","","26,00","","","M","103,34","","","","-8,00","","ND"
"2001-11-29 04:00","2001","11","29","04:00"," ","","","","","","","","","","","","","","","","","","",""
"2001-11-29 04:46","2001","11","29","04:46"," ","-1,00","","-7,00","","64,00","","36,00","","22,00","","","M","103,41","","","","-7,00","","ND"
"2001-11-29 05:00","2001","11","29","05:00"," ","","","","","","","","","","","","","","","","","","",""
"2001-11-29 05:46","2001","11","29","05:46"," ","-1,00","","-6,80","","65,00","","36,00","","19,00","","","M","103,43","","","","-6,00","","ND"
"2001-11-29 06:00","2001","11","29","06:00"," ","","","","","","","","","","","","","","","","","","",""
"2001-11-29 06:46","2001","11","29","06:46"," ","-1,00","","-6,60","","66,00","","36,00","","15,00","","","M","103,52","","","","-6,00","","ND"
"2001-11-29 07:00","2001","11","29","07:00"," ","","","","","","","","","","","","","","","","","","",""
"2001-11-29 07:46","2001","11","29","07:46"," ","-1,00","","-6,80","","65,00","","36,00","","17,00","","","M","103,58","","","","-6,00","","ND"
"2001-11-29 08:00","2001","11","29","08:00"," ","","","","","","","","","","","","","","","","","","",""
"2001-11-29 08:46","2001","11","29","08:46"," ","-0,80","","-6,60","","65,00","","36,00","","15,00","","","M","103,67","","","","-5,00","","ND"
"2001-11-29 09:00","2001","11","29","09:00"," ","","","","","","","","","","","","","","","","","","",""
"2001-11-29 09:46","2001","11","29","09:46"," ","-0,50","","-6,60","","63,00","","36,00","","17,00","","","M","103,65","","","","-5,00","","ND"
"2001-11-29 10:00","2001","11","29","10:00"," ","","","","","","","","","","","","","","","","","","",""
"2001-11-29 10:46","2001","11","29","10:46"," ","-0,10","","-6,60","","62,00","","36,00","","9,00","","","M","103,68","","","","-3,00","","ND"
"2001-11-29 11:00","2001","11","29","11:00"," ","","","","","","","","","","","","","","","","","","",""
"2001-11-29 11:46","2001","11","29","11:46"," ","-0,10","","-6,60","","62,00","","35,00","","11,00","","","M","103,61","","","","-4,00","","ND"
"2001-11-29 12:00","2001","11","29","12:00"," ","","","","","","","","","","","","","","","","","","",""
"2001-11-29 12:46","2001","11","29","12:46"," ","-0,20","","-6,70","","62,00","","36,00","","7,00","","","M","103,56","","","","-3,00","","ND"
"2001-11-29 13:00","2001","11","29","13:00"," ","","","","","","","","","","","","","","","","","","",""
"2001-11-29 13:46","2001","11","29","13:46"," ","0,20","","-6,10","","63,00","","","M","6,00","","","M","103,50","","","","","","ND"
"2001-11-29 14:00","2001","11","29","14:00"," ","","","","","","","","","","","","","","","","","","",""
"2001-11-29 14:46","2001","11","29","14:46"," ","0,70","","-4,00","","71,00","","36,00","","9,00","","","M","103,50","","","","","","ND"
"2001-11-29 15:00","2001","11","29","15:00"," ","","","","","","","","","","","","","","","","","","",""
"2001-11-29 15:46","2001","11","29","15:46"," ","0,90","","-4,60","","67,00","","","M","9,00","","","M","103,49","","","","","","ND"
"2001-11-29 16:00","2001","11","29","16:00"," ","","","","","","","","","","","","","","","","","","",""
"2001-11-29 16:46","2001","11","29","16:46"," ","0,90","","-5,40","","63,00","","","M","11,00","","","M","103,45","","","","","","ND"
"2001-11-29 17:00","2001","11","29","17:00"," ","","","","","","","","","","","","","","","","","","",""
"2001-11-29 17:46","2001","11","29","17:46"," ","0,80","","-4,70","","67,00","","18,00","","13,00","","","M","103,43","","","","","","ND"
"2001-11-29 18:00","2001","11","29","18:00"," ","","","","","","","","","","","","","","","","","","",""
"2001-11-29 18:46","2001","11","29","18:46"," ","1,00","","-4,10","","69,00","","18,00","","20,00","","","M","103,41","","","","","","ND"
"2001-11-29 19:00","2001","11","29","19:00"," ","","","","","","","","","","","","","","","","","","",""
"2001-11-29 19:46","2001","11","29","19:46"," ","0,60","","-4,00","","71,00","","18,00","","19,00","","","M","103,31","","","","","","ND"
"2001-11-29 20:00","2001","11","29","20:00"," ","","","","","","","","","","","","","","","","","","",""
"2001-11-29 20:46","2001","11","29","20:46"," ","0,90","","-3,50","","72,00","","18,00","","22,00","","","M","103,14","","","","","","ND"
"2001-11-29 21:00","2001","11","29","21:00"," ","","","","","","","","","","","","","","","","","","",""
"2001-11-29 22:00","2001","11","29","22:00"," ","","","","","","","","","","","","","","","","","","",""
"2001-11-29 23:00","2001","11","29","23:00"," ","","","","","","","","","","","","","","","","","","",""
"2001-11-29 23:46","2001","11","29","23:46"," ","0,10","","-0,80","","94,00","","14,00","","30,00","","","M","102,93","","","","","","ND"
"2001-11-30 00:00","2001","11","30","00:00"," ","","","","","","","","","","","","","","","","","","",""
"2001-11-30 00:46","2001","11","30","00:46"," ","0,10","","-0,80","","94,00","","14,00","","28,00","","","M","102,84","","","","","","ND"
"2001-11-30 01:00","2001","11","30","01:00"," ","","","","","","","","","","","","","","","","","","",""
"2001-11-30 01:46","2001","11","30","01:46"," ","0,30","","-0,60","","94,00","","14,00","","20,00","","","M","102,73","","","","","","ND"
"2001-11-30 02:00","2001","11","30","02:00"," ","","","","","","","","","","","","","","","","","","",""
"2001-11-30 02:46","2001","11","30","02:46"," ","1,50","","0,70","","94,00","","18,00","","24,00","","","M","102,55","","","","","","ND"
"2001-11-30 03:00","2001","11","30","03:00"," ","","","","","","","","","","","","","","","","","","",""
"2001-11-30 03:46","2001","11","30","03:46"," ","2,70","","1,80","","94,00","","18,00","","32,00","","","M","102,37","","","","","","ND"
"2001-11-30 04:00","2001","11","30","04:00"," ","","","","","","","","","","","","","","","","","","",""
"2001-11-30 04:46","2001","11","30","04:46"," ","3,10","","2,20","","94,00","","18,00","","24,00","","","M","102,30","","","","","","ND"
"2001-11-30 05:00","2001","11","30","05:00"," ","","","","","","","","","","","","","","","","","","",""
"2001-11-30 05:46","2001","11","30","05:46"," ","3,90","","3,00","","94,00","","18,00","","30,00","","","M","102,23","","","","","","ND"
"2001-11-30 06:00","2001","11","30","06:00"," ","","","","","","","","","","","","","","","","","","",""
"2001-11-30 06:46","2001","11","30","06:46"," ","4,20","","3,30","","94,00","","","M","17,00","","","M","102,12","","","","","","ND"
"2001-11-30 07:00","2001","11","30","07:00"," ","","","","","","","","","","","","","","","","","","",""
"2001-11-30 07:46","2001","11","30","07:46"," ","4,50","","3,60","","94,00","","18,00","","9,00","","","M","102,01","","","","","","ND"
"2001-11-30 08:00","2001","11","30","08:00"," ","","","","","","","","","","","","","","","","","","",""
"2001-11-30 08:46","2001","11","30","08:46"," ","4,80","","3,90","","94,00","","18,00","","7,00","","","M","101,94","","","","","","ND"
"2001-11-30 09:00","2001","11","30","09:00"," ","","","","","","","","","","","","","","","","","","",""
"2001-11-30 09:46","2001","11","30","09:46"," ","5,70","","4,80","","94,00","","","M","2,00","","","M","102,01","","","","","","ND"
"2001-11-30 10:00","2001","11","30","10:00"," ","","","","","","","","","","","","","","","","","","",""
"2001-11-30 10:46","2001","11","30","10:46"," ","6,20","","5,30","","94,00","","26,00","","2,00","","","M","102,03","","","","","","ND"
"2001-11-30 11:00","2001","11","30","11:00"," ","","","","","","","","","","","","","","","","","","",""
"2001-11-30 11:46","2001","11","30","11:46"," ","7,00","","6,10","","94,00","","27,00","","11,00","","","M","101,99","","","","","","ND"
"2001-11-30 12:00","2001","11","30","12:00"," ","","","","","","","","","","","","","","","","","","",""
"2001-11-30 12:46","2001","11","30","12:46"," ","6,40","","5,50","","94,00","","27,00","","19,00","","","M","102,01","","","","","","ND"
"2001-11-30 13:00","2001","11","30","13:00"," ","","","","","","","","","","","","","","","","","","",""
"2001-11-30 13:46","2001","11","30","13:46"," ","6,10","","5,20","","94,00","","27,00","","19,00","","","M","102,03","","","","","","ND"
"2001-11-30 14:00","2001","11","30","14:00"," ","","","","","","","","","","","","","","","","","","",""
"2001-11-30 14:46","2001","11","30","14:46"," ","5,70","","4,80","","94,00","","27,00","","22,00","","","M","102,01","","","","","","ND"
"2001-11-30 15:00","2001","11","30","15:00"," ","","","","","","","","","","","","","","","","","","",""
"2001-11-30 15:46","2001","11","30","15:46"," ","5,20","","4,30","","94,00","","27,00","","17,00","","","M","102,06","","","","","","ND"
"2001-11-30 16:00","2001","11","30","16:00"," ","","","","","","","","","","","","","","","","","","",""
"2001-11-30 16:46","2001","11","30","16:46"," ","4,80","","3,90","","94,00","","27,00","","15,00","","","M","102,12","","","","","","ND"
"2001-11-30 17:00","2001","11","30","17:00"," ","","","","","","","","","","","","","","","","","","",""
"2001-11-30 17:46","2001","11","30","17:46"," ","4,60","","3,70","","94,00","","34,00","","13,00","","","M","102,03","","","","","","ND"
"2001-11-30 18:00","2001","11","30","18:00"," ","","","","","","","","","","","","","","","","","","",""
"2001-11-30 18:46","2001","11","30","18:46"," ","4,60","","3,70","","94,00","","32,00","","13,00","","","M","102,10","","","","","","ND"
"2001-11-30 19:00","2001","11","30","19:00"," ","","","","","","","","","","","","","","","","","","",""
"2001-11-30 19:46","2001","11","30","19:46"," ","3,90","","3,00","","94,00","","23,00","","6,00","","","M","102,10","","","","","","ND"
"2001-11-30 20:00","2001","11","30","20:00"," ","","","","","","","","","","","","","","","","","","",""
"2001-11-30 20:46","2001","11","30","20:46"," ","3,90","","3,00","","94,00","","27,00","","6,00","","","M","102,08","","","","","","ND"
"2001-11-30 21:00","2001","11","30","21:00"," ","","","","","","","","","","","","","","","","","","",""
"2001-11-30 21:46","2001","11","30","21:46"," ","4,10","","3,20","","94,00","","19,00","","4,00","","","M","102,01","","","","","","ND"
"2001-11-30 22:00","2001","11","30","22:00"," ","","","","","","","","","","","","","","","","","","",""
"2001-11-30 22:46","2001","11","30","22:46"," ","4,20","","3,30","","94,00","","19,00","","4,00","","","M","101,97","","","","","","ND"
"2001-11-30 23:00","2001","11","30","23:00"," ","","","","","","","","","","","","","","","","","","",""
"2001-11-30 23:46","2001","11","30","23:46"," ","4,70","","3,80","","94,00","","18,00","","7,00","","","M","101,92","","","","","","ND"
