"Nom de la Station","TALOYOAK A"
"Province","NUNAVUT"
"Latitude","69,55"
"Longitude","-93,58"
"Altitude","27,40"
"Identification Climat","2403854"
"Identification OMM","71580"
"Identification TC","YYH"
"Toutes les heures sont exprimées en heure normale locale (HNL). Pour convertir l'heure locale en heure avancée de l'Est (HAE), ajoutez 1 heure s'il y a lieu."

"Légende"
"M","Données Manquantes"
"E","Valeur Estimée"
"ND","Non Disponible"
"**","Données fournies par un partenaire, non assujetties à un révision par les Archives climatiques nationales du Canada"

"Date/Heure","Année","Mois","Jour","Heure","Qualité des Données","Temp (°C)","Temp Indicateur","Point de rosée (°C)","Point de rosée Indicateur","Hum. rel (%)","Hum. rel. Indicateur","Dir. du vent (10s deg)","Dir. du vent Indicateur","Vit. du vent (km/h)","Vit. du vent Indicateur","Visibilité (km)","Visibilité Indicateur","Pression à la station (kPa)","Pression à la station Indicateur","Hmdx","Hmdx Indicateur","Refroid. éolien","Refroid. éolien Indicateur","Temps"
"1989-11-01 00:00","1989","11","01","00:00"," ","","","","","","","","","","","","","","","","","","",""
"1989-11-01 01:00","1989","11","01","01:00"," ","","","","","","","","","","","","","","","","","","",""
"1989-11-01 02:00","1989","11","01","02:00"," ","","","","","","","","","","","","","","","","","","",""
"1989-11-01 03:00","1989","11","01","03:00"," ","","","","","","","","","","","","","","","","","","",""
"1989-11-01 04:00","1989","11","01","04:00"," ","","","","","","","","","","","","","","","","","","",""
"1989-11-01 05:00","1989","11","01","05:00"," ","","","","","","","","","","","","","","","","","","",""
"1989-11-01 06:00","1989","11","01","06:00"," ","","","","","","","","","","","","","","","","","","",""
"1989-11-01 07:00","1989","11","01","07:00"," ","-16,90","","-19,60","","79,00","","30,00","","41,00","","4,80","","100,72","","","","-30,00","","Poudrerie élevée"
"1989-11-01 08:00","1989","11","01","08:00"," ","-16,50","","-19,00","","81,00","","31,00","","44,00","","19,30","","100,72","","","","-30,00","","Généralement nuageux"
"1989-11-01 09:00","1989","11","01","09:00"," ","-15,60","","-19,00","","75,00","","31,00","","43,00","","19,30","","100,72","","","","-29,00","","Nuageux"
"1989-11-01 10:00","1989","11","01","10:00"," ","-15,40","","-17,90","","81,00","","32,00","","35,00","","19,30","","100,75","","","","-27,00","","Nuageux"
"1989-11-01 11:00","1989","11","01","11:00"," ","-15,30","","-17,90","","80,00","","32,00","","43,00","","24,10","","100,75","","","","-28,00","","Généralement nuageux"
"1989-11-01 12:00","1989","11","01","12:00"," ","-15,60","","-18,40","","79,00","","31,00","","33,00","","24,10","","100,75","","","","-27,00","","Généralement nuageux"
"1989-11-01 13:00","1989","11","01","13:00"," ","-15,90","","-18,40","","81,00","","31,00","","35,00","","24,10","","100,75","","","","-28,00","","Généralement nuageux"
"1989-11-01 14:00","1989","11","01","14:00"," ","-16,00","","-18,40","","82,00","","31,00","","24,00","","24,10","","100,72","","","","-26,00","","Généralement nuageux"
"1989-11-01 15:00","1989","11","01","15:00"," ","-14,90","","-17,30","","82,00","","30,00","","26,00","","24,10","","100,72","","","","-25,00","","Généralement nuageux"
"1989-11-01 16:00","1989","11","01","16:00"," ","-15,00","","-17,80","","79,00","","29,00","","22,00","","24,10","","100,72","","","","-25,00","","Généralement nuageux"
"1989-11-01 17:00","1989","11","01","17:00"," ","","","","","","","","","","","","","","","","","","",""
"1989-11-01 18:00","1989","11","01","18:00"," ","","","","","","","","","","","","","","","","","","",""
"1989-11-01 19:00","1989","11","01","19:00"," ","","","","","","","","","","","","","","","","","","",""
"1989-11-01 20:00","1989","11","01","20:00"," ","","","","","","","","","","","","","","","","","","",""
"1989-11-01 21:00","1989","11","01","21:00"," ","","","","","","","","","","","","","","","","","","",""
"1989-11-01 22:00","1989","11","01","22:00"," ","","","","","","","","","","","","","","","","","","",""
"1989-11-01 23:00","1989","11","01","23:00"," ","","","","","","","","","","","","","","","","","","",""
"1989-11-02 00:00","1989","11","02","00:00"," ","","","","","","","","","","","","","","","","","","",""
"1989-11-02 01:00","1989","11","02","01:00"," ","","","","","","","","","","","","","","","","","","",""
"1989-11-02 02:00","1989","11","02","02:00"," ","","","","","","","","","","","","","","","","","","",""
"1989-11-02 03:00","1989","11","02","03:00"," ","","","","","","","","","","","","","","","","","","",""
"1989-11-02 04:00","1989","11","02","04:00"," ","","","","","","","","","","","","","","","","","","",""
"1989-11-02 05:00","1989","11","02","05:00"," ","","","","","","","","","","","","","","","","","","",""
"1989-11-02 06:00","1989","11","02","06:00"," ","","","","","","","","","","","","","","","","","","",""
"1989-11-02 07:00","1989","11","02","07:00"," ","","","","","","","","","","","","","","","","","","",""
"1989-11-02 08:00","1989","11","02","08:00"," ","","","","","","","","","","","","","","","","","","",""
"1989-11-02 09:00","1989","11","02","09:00"," ","-22,50","","-25,00","","80,00","","1,00","","19,00","","25,00","","100,21","","","","-33,00","","Généralement dégagé"
"1989-11-02 10:00","1989","11","02","10:00"," ","-23,00","","-25,50","","80,00","","35,00","","24,00","","25,00","","100,38","","","","-35,00","","Dégagé"
"1989-11-02 11:00","1989","11","02","11:00"," ","-23,10","","-25,50","","81,00","","35,00","","22,00","","25,00","","100,28","","","","-35,00","","Généralement dégagé"
"1989-11-02 12:00","1989","11","02","12:00"," ","-23,50","","-28,20","","65,00","","35,00","","20,00","","25,00","","100,31","","","","-35,00","","Généralement dégagé"
"1989-11-02 13:00","1989","11","02","13:00"," ","-24,00","","-28,80","","65,00","","35,00","","15,00","","25,00","","100,38","","","","-34,00","","Généralement dégagé"
"1989-11-02 14:00","1989","11","02","14:00"," ","-24,40","","-28,20","","71,00","","34,00","","13,00","","25,00","","100,41","","","","-34,00","","Généralement dégagé"
"1989-11-02 15:00","1989","11","02","15:00"," ","-25,10","","-30,10","","63,00","","32,00","","11,00","","25,00","","100,41","","","","-34,00","","Généralement dégagé"
"1989-11-02 16:00","1989","11","02","16:00"," ","-24,60","","-28,20","","72,00","","31,00","","6,00","","25,00","","100,41","","","","-30,00","","Généralement dégagé"
"1989-11-02 17:00","1989","11","02","17:00"," ","","","","","","","","","","","","","","","","","","",""
"1989-11-02 18:00","1989","11","02","18:00"," ","","","","","","","","","","","","","","","","","","",""
"1989-11-02 19:00","1989","11","02","19:00"," ","","","","","","","","","","","","","","","","","","",""
"1989-11-02 20:00","1989","11","02","20:00"," ","","","","","","","","","","","","","","","","","","",""
"1989-11-02 21:00","1989","11","02","21:00"," ","","","","","","","","","","","","","","","","","","",""
"1989-11-02 22:00","1989","11","02","22:00"," ","","","","","","","","","","","","","","","","","","",""
"1989-11-02 23:00","1989","11","02","23:00"," ","","","","","","","","","","","","","","","","","","",""
"1989-11-03 00:00","1989","11","03","00:00"," ","","","","","","","","","","","","","","","","","","",""
"1989-11-03 01:00","1989","11","03","01:00"," ","","","","","","","","","","","","","","","","","","",""
"1989-11-03 02:00","1989","11","03","02:00"," ","","","","","","","","","","","","","","","","","","",""
"1989-11-03 03:00","1989","11","03","03:00"," ","","","","","","","","","","","","","","","","","","",""
"1989-11-03 04:00","1989","11","03","04:00"," ","","","","","","","","","","","","","","","","","","",""
"1989-11-03 05:00","1989","11","03","05:00"," ","","","","","","","","","","","","","","","","","","",""
"1989-11-03 06:00","1989","11","03","06:00"," ","","","","","","","","","","","","","","","","","","",""
"1989-11-03 07:00","1989","11","03","07:00"," ","","","","","","","","","","","","","","","","","","",""
"1989-11-03 08:00","1989","11","03","08:00"," ","","","","","","","","","","","","","","","","","","",""
"1989-11-03 09:00","1989","11","03","09:00"," ","-24,20","","-27,60","","74,00","","17,00","","22,00","","2,00","","100,52","","","","-36,00","","Neige en grains,Brouillard de glace"
"1989-11-03 10:00","1989","11","03","10:00"," ","-24,50","","-29,40","","64,00","","15,00","","20,00","","2,00","","100,65","","","","-36,00","","Neige en grains,Brouillard de glace"
"1989-11-03 11:00","1989","11","03","11:00"," ","-22,70","","-25,90","","76,00","","18,00","","22,00","","4,80","","100,55","","","","-34,00","","Neige,Brouillard de glace"
"1989-11-03 12:00","1989","11","03","12:00"," ","-22,20","","-25,30","","76,00","","18,00","","17,00","","3,20","","100,55","","","","-32,00","","Neige,Brouillard de glace"
"1989-11-03 13:00","1989","11","03","13:00"," ","-21,50","","-23,90","","81,00","","18,00","","15,00","","16,10","","100,58","","","","-31,00","","Neige"
"1989-11-03 14:00","1989","11","03","14:00"," ","-21,90","","-24,40","","80,00","","19,00","","17,00","","24,10","","100,58","","","","-32,00","","Généralement dégagé"
"1989-11-03 15:00","1989","11","03","15:00"," ","-24,40","","-27,10","","78,00","","14,00","","15,00","","6,40","","100,58","","","","-35,00","","Brouillard de glace"
"1989-11-03 16:00","1989","11","03","16:00"," ","-22,50","","-25,00","","80,00","","15,00","","15,00","","6,40","","100,62","","","","-32,00","","Neige,Brouillard de glace"
"1989-11-03 17:00","1989","11","03","17:00"," ","","","","","","","","","","","","","","","","","","",""
"1989-11-03 18:00","1989","11","03","18:00"," ","","","","","","","","","","","","","","","","","","",""
"1989-11-03 19:00","1989","11","03","19:00"," ","","","","","","","","","","","","","","","","","","",""
"1989-11-03 20:00","1989","11","03","20:00"," ","","","","","","","","","","","","","","","","","","",""
"1989-11-03 21:00","1989","11","03","21:00"," ","","","","","","","","","","","","","","","","","","",""
"1989-11-03 22:00","1989","11","03","22:00"," ","","","","","","","","","","","","","","","","","","",""
"1989-11-03 23:00","1989","11","03","23:00"," ","","","","","","","","","","","","","","","","","","",""
"1989-11-04 00:00","1989","11","04","00:00"," ","","","","","","","","","","","","","","","","","","",""
"1989-11-04 01:00","1989","11","04","01:00"," ","","","","","","","","","","","","","","","","","","",""
"1989-11-04 02:00","1989","11","04","02:00"," ","","","","","","","","","","","","","","","","","","",""
"1989-11-04 03:00","1989","11","04","03:00"," ","","","","","","","","","","","","","","","","","","",""
"1989-11-04 04:00","1989","11","04","04:00"," ","","","","","","","","","","","","","","","","","","",""
"1989-11-04 05:00","1989","11","04","05:00"," ","","","","","","","","","","","","","","","","","","",""
"1989-11-04 06:00","1989","11","04","06:00"," ","","","","","","","","","","","","","","","","","","",""
"1989-11-04 07:00","1989","11","04","07:00"," ","","","","","","","","","","","","","","","","","","",""
"1989-11-04 08:00","1989","11","04","08:00"," ","","","","","","","","","","","","","","","","","","",""
"1989-11-04 09:00","1989","11","04","09:00"," ","","","","","","","","","","","","","","","","","","",""
"1989-11-04 10:00","1989","11","04","10:00"," ","","","","","","","","","","","","","","","","","","",""
"1989-11-04 11:00","1989","11","04","11:00"," ","","","","","","","","","","","","","","","","","","",""
"1989-11-04 12:00","1989","11","04","12:00"," ","","","","","","","","","","","","","","","","","","",""
"1989-11-04 13:00","1989","11","04","13:00"," ","-17,40","","-20,10","","79,00","","17,00","","30,00","","1,60","","100,31","","","","-29,00","","Neige"
"1989-11-04 14:00","1989","11","04","14:00"," ","-16,40","","-18,40","","84,00","","19,00","","30,00","","2,00","","100,28","","","","-28,00","","Neige"
"1989-11-04 15:00","1989","11","04","15:00"," ","-16,40","","-19,00","","80,00","","18,00","","35,00","","3,20","","100,21","","","","-29,00","","Neige"
"1989-11-04 16:00","1989","11","04","16:00"," ","","","","","","","","","","","","","","","","","","",""
"1989-11-04 17:00","1989","11","04","17:00"," ","","","","","","","","","","","","","","","","","","",""
"1989-11-04 18:00","1989","11","04","18:00"," ","","","","","","","","","","","","","","","","","","",""
"1989-11-04 19:00","1989","11","04","19:00"," ","","","","","","","","","","","","","","","","","","",""
"1989-11-04 20:00","1989","11","04","20:00"," ","","","","","","","","","","","","","","","","","","",""
"1989-11-04 21:00","1989","11","04","21:00"," ","","","","","","","","","","","","","","","","","","",""
"1989-11-04 22:00","1989","11","04","22:00"," ","","","","","","","","","","","","","","","","","","",""
"1989-11-04 23:00","1989","11","04","23:00"," ","","","","","","","","","","","","","","","","","","",""
"1989-11-05 00:00","1989","11","05","00:00"," ","","","","","","","","","","","","","","","","","","",""
"1989-11-05 01:00","1989","11","05","01:00"," ","","","","","","","","","","","","","","","","","","",""
"1989-11-05 02:00","1989","11","05","02:00"," ","","","","","","","","","","","","","","","","","","",""
"1989-11-05 03:00","1989","11","05","03:00"," ","","","","","","","","","","","","","","","","","","",""
"1989-11-05 04:00","1989","11","05","04:00"," ","","","","","","","","","","","","","","","","","","",""
"1989-11-05 05:00","1989","11","05","05:00"," ","","","","","","","","","","","","","","","","","","",""
"1989-11-05 06:00","1989","11","05","06:00"," ","","","","","","","","","","","","","","","","","","",""
"1989-11-05 07:00","1989","11","05","07:00"," ","","","","","","","","","","","","","","","","","","",""
"1989-11-05 08:00","1989","11","05","08:00"," ","","","","","","","","","","","","","","","","","","",""
"1989-11-05 09:00","1989","11","05","09:00"," ","","","","","","","","","","","","","","","","","","",""
"1989-11-05 10:00","1989","11","05","10:00"," ","","","","","","","","","","","","","","","","","","",""
"1989-11-05 11:00","1989","11","05","11:00"," ","","","","","","","","","","","","","","","","","","",""
"1989-11-05 12:00","1989","11","05","12:00"," ","","","","","","","","","","","","","","","","","","",""
"1989-11-05 13:00","1989","11","05","13:00"," ","","","","","","","","","","","","","","","","","","",""
"1989-11-05 14:00","1989","11","05","14:00"," ","","","","","","","","","","","","","","","","","","",""
"1989-11-05 15:00","1989","11","05","15:00"," ","","","","","","","","","","","","","","","","","","",""
"1989-11-05 16:00","1989","11","05","16:00"," ","","","","","","","","","","","","","","","","","","",""
"1989-11-05 17:00","1989","11","05","17:00"," ","","","","","","","","","","","","","","","","","","",""
"1989-11-05 18:00","1989","11","05","18:00"," ","","","","","","","","","","","","","","","","","","",""
"1989-11-05 19:00","1989","11","05","19:00"," ","","","","","","","","","","","","","","","","","","",""
"1989-11-05 20:00","1989","11","05","20:00"," ","","","","","","","","","","","","","","","","","","",""
"1989-11-05 21:00","1989","11","05","21:00"," ","","","","","","","","","","","","","","","","","","",""
"1989-11-05 22:00","1989","11","05","22:00"," ","","","","","","","","","","","","","","","","","","",""
"1989-11-05 23:00","1989","11","05","23:00"," ","","","","","","","","","","","","","","","","","","",""
"1989-11-06 00:00","1989","11","06","00:00"," ","","","","","","","","","","","","","","","","","","",""
"1989-11-06 01:00","1989","11","06","01:00"," ","","","","","","","","","","","","","","","","","","",""
"1989-11-06 02:00","1989","11","06","02:00"," ","","","","","","","","","","","","","","","","","","",""
"1989-11-06 03:00","1989","11","06","03:00"," ","","","","","","","","","","","","","","","","","","",""
"1989-11-06 04:00","1989","11","06","04:00"," ","","","","","","","","","","","","","","","","","","",""
"1989-11-06 05:00","1989","11","06","05:00"," ","","","","","","","","","","","","","","","","","","",""
"1989-11-06 06:00","1989","11","06","06:00"," ","","","","","","","","","","","","","","","","","","",""
"1989-11-06 07:00","1989","11","06","07:00"," ","","","","","","","","","","","","","","","","","","",""
"1989-11-06 08:00","1989","11","06","08:00"," ","","","","","","","","","","","","","","","","","","",""
"1989-11-06 09:00","1989","11","06","09:00"," ","-17,40","","-20,10","","79,00","","34,00","","13,00","","3,20","","99,60","","","","-25,00","","Neige en grains"
"1989-11-06 10:00","1989","11","06","10:00"," ","-17,70","","-20,80","","77,00","","34,00","","13,00","","6,40","","99,60","","","","-26,00","","Neige"
"1989-11-06 11:00","1989","11","06","11:00"," ","-18,00","","-20,70","","79,00","","34,00","","15,00","","6,40","","99,64","","","","-27,00","","Neige"
"1989-11-06 12:00","1989","11","06","12:00"," ","-18,20","","-20,70","","81,00","","35,00","","15,00","","8,00","","99,67","","","","-27,00","","Neige"
"1989-11-06 13:00","1989","11","06","13:00"," ","-20,10","","-24,70","","67,00","","33,00","","13,00","","24,10","","99,77","","","","-29,00","","Généralement dégagé"
"1989-11-06 14:00","1989","11","06","14:00"," ","-21,70","","-24,70","","77,00","","36,00","","9,00","","25,00","","99,87","","","","-29,00","","Généralement dégagé"
"1989-11-06 15:00","1989","11","06","15:00"," ","-22,00","","-26,30","","69,00","","34,00","","13,00","","25,00","","99,94","","","","-31,00","","Généralement dégagé"
"1989-11-06 16:00","1989","11","06","16:00"," ","-23,00","","-26,50","","73,00","","35,00","","13,00","","25,00","","100,01","","","","-32,00","","Généralement dégagé"
"1989-11-06 17:00","1989","11","06","17:00"," ","","","","","","","","","","","","","","","","","","",""
"1989-11-06 18:00","1989","11","06","18:00"," ","","","","","","","","","","","","","","","","","","",""
"1989-11-06 19:00","1989","11","06","19:00"," ","","","","","","","","","","","","","","","","","","",""
"1989-11-06 20:00","1989","11","06","20:00"," ","","","","","","","","","","","","","","","","","","",""
"1989-11-06 21:00","1989","11","06","21:00"," ","","","","","","","","","","","","","","","","","","",""
"1989-11-06 22:00","1989","11","06","22:00"," ","","","","","","","","","","","","","","","","","","",""
"1989-11-06 23:00","1989","11","06","23:00"," ","","","","","","","","","","","","","","","","","","",""
"1989-11-07 00:00","1989","11","07","00:00"," ","","","","","","","","","","","","","","","","","","",""
"1989-11-07 01:00","1989","11","07","01:00"," ","","","","","","","","","","","","","","","","","","",""
"1989-11-07 02:00","1989","11","07","02:00"," ","","","","","","","","","","","","","","","","","","",""
"1989-11-07 03:00","1989","11","07","03:00"," ","","","","","","","","","","","","","","","","","","",""
"1989-11-07 04:00","1989","11","07","04:00"," ","","","","","","","","","","","","","","","","","","",""
"1989-11-07 05:00","1989","11","07","05:00"," ","","","","","","","","","","","","","","","","","","",""
"1989-11-07 06:00","1989","11","07","06:00"," ","","","","","","","","","","","","","","","","","","",""
"1989-11-07 07:00","1989","11","07","07:00"," ","","","","","","","","","","","","","","","","","","",""
"1989-11-07 08:00","1989","11","07","08:00"," ","","","","","","","","","","","","","","","","","","",""
"1989-11-07 09:00","1989","11","07","09:00"," ","-21,00","","-24,20","","75,00","","4,00","","33,00","","1,60","","100,79","","","","-34,00","","Poudrerie élevée"
"1989-11-07 10:00","1989","11","07","10:00"," ","-20,00","","-23,00","","77,00","","5,00","","37,00","","1,20","","100,79","","","","-34,00","","Poudrerie élevée"
"1989-11-07 11:00","1989","11","07","11:00"," ","-19,70","","-22,40","","79,00","","6,00","","37,00","","1,20","","100,82","","","","-33,00","","Poudrerie élevée"
"1989-11-07 12:00","1989","11","07","12:00"," ","-19,90","","-23,00","","76,00","","6,00","","37,00","","1,20","","100,85","","","","-34,00","","Poudrerie élevée"
"1989-11-07 13:00","1989","11","07","13:00"," ","-19,80","","-23,00","","76,00","","5,00","","37,00","","0,80","","100,85","","","","-33,00","","Poudrerie élevée"
"1989-11-07 14:00","1989","11","07","14:00"," ","-19,70","","-22,40","","79,00","","6,00","","31,00","","0,80","","100,85","","","","-32,00","","Poudrerie élevée"
"1989-11-07 15:00","1989","11","07","15:00"," ","-19,70","","-22,40","","79,00","","6,00","","37,00","","1,20","","100,89","","","","-33,00","","Poudrerie élevée"
"1989-11-07 16:00","1989","11","07","16:00"," ","-19,50","","-22,40","","78,00","","6,00","","37,00","","1,60","","100,89","","","","-33,00","","Poudrerie élevée"
"1989-11-07 17:00","1989","11","07","17:00"," ","","","","","","","","","","","","","","","","","","",""
"1989-11-07 18:00","1989","11","07","18:00"," ","","","","","","","","","","","","","","","","","","",""
"1989-11-07 19:00","1989","11","07","19:00"," ","","","","","","","","","","","","","","","","","","",""
"1989-11-07 20:00","1989","11","07","20:00"," ","","","","","","","","","","","","","","","","","","",""
"1989-11-07 21:00","1989","11","07","21:00"," ","","","","","","","","","","","","","","","","","","",""
"1989-11-07 22:00","1989","11","07","22:00"," ","","","","","","","","","","","","","","","","","","",""
"1989-11-07 23:00","1989","11","07","23:00"," ","","","","","","","","","","","","","","","","","","",""
"1989-11-08 00:00","1989","11","08","00:00"," ","","","","","","","","","","","","","","","","","","",""
"1989-11-08 01:00","1989","11","08","01:00"," ","","","","","","","","","","","","","","","","","","",""
"1989-11-08 02:00","1989","11","08","02:00"," ","","","","","","","","","","","","","","","","","","",""
"1989-11-08 03:00","1989","11","08","03:00"," ","","","","","","","","","","","","","","","","","","",""
"1989-11-08 04:00","1989","11","08","04:00"," ","","","","","","","","","","","","","","","","","","",""
"1989-11-08 05:00","1989","11","08","05:00"," ","","","","","","","","","","","","","","","","","","",""
"1989-11-08 06:00","1989","11","08","06:00"," ","","","","","","","","","","","","","","","","","","",""
"1989-11-08 07:00","1989","11","08","07:00"," ","-16,90","","-19,60","","79,00","","7,00","","28,00","","8,00","","101,16","","","","-28,00","","Neige,Brouillard de glace"
"1989-11-08 08:00","1989","11","08","08:00"," ","-17,50","","-20,10","","80,00","","6,00","","28,00","","8,00","","101,19","","","","-29,00","","Neige"
"1989-11-08 09:00","1989","11","08","09:00"," ","-18,30","","-22,00","","73,00","","8,00","","28,00","","8,00","","101,23","","","","-30,00","","Neige"
"1989-11-08 10:00","1989","11","08","10:00"," ","-18,00","","-20,70","","79,00","","7,00","","24,00","","6,40","","101,26","","","","-29,00","","Neige"
"1989-11-08 11:00","1989","11","08","11:00"," ","-18,60","","-21,30","","80,00","","8,00","","28,00","","16,10","","101,29","","","","-30,00","","Généralement dégagé"
"1989-11-08 12:00","1989","11","08","12:00"," ","-20,00","","-23,00","","77,00","","7,00","","24,00","","24,10","","101,33","","","","-31,00","","Généralement dégagé"
"1989-11-08 13:00","1989","11","08","13:00"," ","-20,60","","-23,60","","77,00","","6,00","","24,00","","24,10","","101,39","","","","-32,00","","Généralement nuageux"
"1989-11-08 14:00","1989","11","08","14:00"," ","-19,30","","-21,90","","80,00","","7,00","","26,00","","8,00","","101,39","","","","-31,00","","Neige"
"1989-11-08 15:00","1989","11","08","15:00"," ","-19,70","","-22,40","","79,00","","6,00","","19,00","","16,10","","101,50","","","","-30,00","","Généralement nuageux"
"1989-11-08 16:00","1989","11","08","16:00"," ","-19,00","","-21,90","","78,00","","4,00","","15,00","","16,10","","101,53","","","","-28,00","","Généralement nuageux"
"1989-11-08 17:00","1989","11","08","17:00"," ","","","","","","","","","","","","","","","","","","",""
"1989-11-08 18:00","1989","11","08","18:00"," ","","","","","","","","","","","","","","","","","","",""
"1989-11-08 19:00","1989","11","08","19:00"," ","","","","","","","","","","","","","","","","","","",""
"1989-11-08 20:00","1989","11","08","20:00"," ","","","","","","","","","","","","","","","","","","",""
"1989-11-08 21:00","1989","11","08","21:00"," ","","","","","","","","","","","","","","","","","","",""
"1989-11-08 22:00","1989","11","08","22:00"," ","","","","","","","","","","","","","","","","","","",""
"1989-11-08 23:00","1989","11","08","23:00"," ","","","","","","","","","","","","","","","","","","",""
"1989-11-09 00:00","1989","11","09","00:00"," ","","","","","","","","","","","","","","","","","","",""
"1989-11-09 01:00","1989","11","09","01:00"," ","","","","","","","","","","","","","","","","","","",""
"1989-11-09 02:00","1989","11","09","02:00"," ","","","","","","","","","","","","","","","","","","",""
"1989-11-09 03:00","1989","11","09","03:00"," ","","","","","","","","","","","","","","","","","","",""
"1989-11-09 04:00","1989","11","09","04:00"," ","","","","","","","","","","","","","","","","","","",""
"1989-11-09 05:00","1989","11","09","05:00"," ","","","","","","","","","","","","","","","","","","",""
"1989-11-09 06:00","1989","11","09","06:00"," ","","","","","","","","","","","","","","","","","","",""
"1989-11-09 07:00","1989","11","09","07:00"," ","","","","","","","","","","","","","","","","","","",""
"1989-11-09 08:00","1989","11","09","08:00"," ","","","","","","","","","","","","","","","","","","",""
"1989-11-09 09:00","1989","11","09","09:00"," ","-17,10","","-19,60","","81,00","","6,00","","28,00","","24,10","","101,80","","","","-28,00","","Nuageux"
"1989-11-09 10:00","1989","11","09","10:00"," ","-17,80","","-20,70","","78,00","","6,00","","35,00","","24,10","","101,77","","","","-30,00","","Nuageux"
"1989-11-09 11:00","1989","11","09","11:00"," ","-18,30","","-21,30","","77,00","","6,00","","31,00","","16,10","","101,80","","","","-31,00","","Généralement nuageux"
"1989-11-09 12:00","1989","11","09","12:00"," ","-18,50","","-21,30","","79,00","","6,00","","33,00","","11,30","","101,80","","","","-31,00","","Généralement nuageux"
"1989-11-09 13:00","1989","11","09","13:00"," ","-18,30","","-20,70","","81,00","","6,00","","35,00","","8,00","","101,80","","","","-31,00","","Brouillard de glace"
"1989-11-09 14:00","1989","11","09","14:00"," ","-18,80","","-21,90","","76,00","","6,00","","33,00","","6,40","","101,83","","","","-32,00","","Brouillard de glace"
"1989-11-09 15:00","1989","11","09","15:00"," ","-19,10","","-21,90","","79,00","","5,00","","31,00","","16,10","","101,83","","","","-32,00","","Cristaux de glace"
"1989-11-09 16:00","1989","11","09","16:00"," ","-19,00","","-21,90","","78,00","","4,00","","26,00","","6,40","","101,83","","","","-31,00","","Cristaux de glace,Brouillard de glace"
"1989-11-09 17:00","1989","11","09","17:00"," ","","","","","","","","","","","","","","","","","","",""
"1989-11-09 18:00","1989","11","09","18:00"," ","","","","","","","","","","","","","","","","","","",""
"1989-11-09 19:00","1989","11","09","19:00"," ","","","","","","","","","","","","","","","","","","",""
"1989-11-09 20:00","1989","11","09","20:00"," ","","","","","","","","","","","","","","","","","","",""
"1989-11-09 21:00","1989","11","09","21:00"," ","","","","","","","","","","","","","","","","","","",""
"1989-11-09 22:00","1989","11","09","22:00"," ","","","","","","","","","","","","","","","","","","",""
"1989-11-09 23:00","1989","11","09","23:00"," ","","","","","","","","","","","","","","","","","","",""
"1989-11-10 00:00","1989","11","10","00:00"," ","","","","","","","","","","","","","","","","","","",""
"1989-11-10 01:00","1989","11","10","01:00"," ","","","","","","","","","","","","","","","","","","",""
"1989-11-10 02:00","1989","11","10","02:00"," ","","","","","","","","","","","","","","","","","","",""
"1989-11-10 03:00","1989","11","10","03:00"," ","","","","","","","","","","","","","","","","","","",""
"1989-11-10 04:00","1989","11","10","04:00"," ","","","","","","","","","","","","","","","","","","",""
"1989-11-10 05:00","1989","11","10","05:00"," ","","","","","","","","","","","","","","","","","","",""
"1989-11-10 06:00","1989","11","10","06:00"," ","","","","","","","","","","","","","","","","","","",""
"1989-11-10 07:00","1989","11","10","07:00"," ","","","","","","","","","","","","","","","","","","",""
"1989-11-10 08:00","1989","11","10","08:00"," ","","","","","","","","","","","","","","","","","","",""
"1989-11-10 09:00","1989","11","10","09:00"," ","-15,30","","-17,90","","80,00","","3,00","","33,00","","4,80","","100,82","","","","-27,00","","Brouillard de glace"
"1989-11-10 10:00","1989","11","10","10:00"," ","-14,90","","-17,30","","82,00","","4,00","","44,00","","1,60","","100,72","","","","-28,00","","Poudrerie élevée"
"1989-11-10 11:00","1989","11","10","11:00"," ","-15,60","","-17,90","","83,00","","4,00","","46,00","","1,60","","100,62","","","","-29,00","","Poudrerie élevée"
"1989-11-10 12:00","1989","11","10","12:00"," ","-15,20","","-17,30","","84,00","","2,00","","31,00","","1,20","","100,58","","","","-26,00","","Neige,Poudrerie élevée"
"1989-11-10 13:00","1989","11","10","13:00"," ","-14,60","","-16,70","","84,00","","4,00","","41,00","","0,80","","100,52","","","","-27,00","","Neige,Poudrerie élevée"
"1989-11-10 14:00","1989","11","10","14:00"," ","-13,60","","-15,60","","85,00","","4,00","","43,00","","0,80","","100,45","","","","-26,00","","Neige,Poudrerie élevée"
"1989-11-10 15:00","1989","11","10","15:00"," ","-12,70","","-15,50","","80,00","","4,00","","33,00","","1,60","","100,48","","","","-23,00","","Neige,Poudrerie élevée"
"1989-11-10 16:00","1989","11","10","16:00"," ","-11,80","","-13,90","","84,00","","3,00","","28,00","","2,40","","100,38","","","","-22,00","","Neige"
"1989-11-10 17:00","1989","11","10","17:00"," ","","","","","","","","","","","","","","","","","","",""
"1989-11-10 18:00","1989","11","10","18:00"," ","","","","","","","","","","","","","","","","","","",""
"1989-11-10 19:00","1989","11","10","19:00"," ","","","","","","","","","","","","","","","","","","",""
"1989-11-10 20:00","1989","11","10","20:00"," ","","","","","","","","","","","","","","","","","","",""
"1989-11-10 21:00","1989","11","10","21:00"," ","","","","","","","","","","","","","","","","","","",""
"1989-11-10 22:00","1989","11","10","22:00"," ","","","","","","","","","","","","","","","","","","",""
"1989-11-10 23:00","1989","11","10","23:00"," ","","","","","","","","","","","","","","","","","","",""
"1989-11-11 00:00","1989","11","11","00:00"," ","","","","","","","","","","","","","","","","","","",""
"1989-11-11 01:00","1989","11","11","01:00"," ","","","","","","","","","","","","","","","","","","",""
"1989-11-11 02:00","1989","11","11","02:00"," ","","","","","","","","","","","","","","","","","","",""
"1989-11-11 03:00","1989","11","11","03:00"," ","","","","","","","","","","","","","","","","","","",""
"1989-11-11 04:00","1989","11","11","04:00"," ","","","","","","","","","","","","","","","","","","",""
"1989-11-11 05:00","1989","11","11","05:00"," ","","","","","","","","","","","","","","","","","","",""
"1989-11-11 06:00","1989","11","11","06:00"," ","","","","","","","","","","","","","","","","","","",""
"1989-11-11 07:00","1989","11","11","07:00"," ","","","","","","","","","","","","","","","","","","",""
"1989-11-11 08:00","1989","11","11","08:00"," ","","","","","","","","","","","","","","","","","","",""
"1989-11-11 09:00","1989","11","11","09:00"," ","","","","","","","","","","","","","","","","","","",""
"1989-11-11 10:00","1989","11","11","10:00"," ","","","","","","","","","","","","","","","","","","",""
"1989-11-11 11:00","1989","11","11","11:00"," ","","","","","","","","","","","","","","","","","","",""
"1989-11-11 12:00","1989","11","11","12:00"," ","","","","","","","","","","","","","","","","","","",""
"1989-11-11 13:00","1989","11","11","13:00"," ","","","","","","","","","","","","","","","","","","",""
"1989-11-11 14:00","1989","11","11","14:00"," ","","","","","","","","","","","","","","","","","","",""
"1989-11-11 15:00","1989","11","11","15:00"," ","","","","","","","","","","","","","","","","","","",""
"1989-11-11 16:00","1989","11","11","16:00"," ","","","","","","","","","","","","","","","","","","",""
"1989-11-11 17:00","1989","11","11","17:00"," ","","","","","","","","","","","","","","","","","","",""
"1989-11-11 18:00","1989","11","11","18:00"," ","","","","","","","","","","","","","","","","","","",""
"1989-11-11 19:00","1989","11","11","19:00"," ","","","","","","","","","","","","","","","","","","",""
"1989-11-11 20:00","1989","11","11","20:00"," ","","","","","","","","","","","","","","","","","","",""
"1989-11-11 21:00","1989","11","11","21:00"," ","","","","","","","","","","","","","","","","","","",""
"1989-11-11 22:00","1989","11","11","22:00"," ","","","","","","","","","","","","","","","","","","",""
"1989-11-11 23:00","1989","11","11","23:00"," ","","","","","","","","","","","","","","","","","","",""
"1989-11-12 00:00","1989","11","12","00:00"," ","","","","","","","","","","","","","","","","","","",""
"1989-11-12 01:00","1989","11","12","01:00"," ","","","","","","","","","","","","","","","","","","",""
"1989-11-12 02:00","1989","11","12","02:00"," ","","","","","","","","","","","","","","","","","","",""
"1989-11-12 03:00","1989","11","12","03:00"," ","","","","","","","","","","","","","","","","","","",""
"1989-11-12 04:00","1989","11","12","04:00"," ","","","","","","","","","","","","","","","","","","",""
"1989-11-12 05:00","1989","11","12","05:00"," ","","","","","","","","","","","","","","","","","","",""
"1989-11-12 06:00","1989","11","12","06:00"," ","","","","","","","","","","","","","","","","","","",""
"1989-11-12 07:00","1989","11","12","07:00"," ","","","","","","","","","","","","","","","","","","",""
"1989-11-12 08:00","1989","11","12","08:00"," ","","","","","","","","","","","","","","","","","","",""
"1989-11-12 09:00","1989","11","12","09:00"," ","","","","","","","","","","","","","","","","","","",""
"1989-11-12 10:00","1989","11","12","10:00"," ","","","","","","","","","","","","","","","","","","",""
"1989-11-12 11:00","1989","11","12","11:00"," ","","","","","","","","","","","","","","","","","","",""
"1989-11-12 12:00","1989","11","12","12:00"," ","","","","","","","","","","","","","","","","","","",""
"1989-11-12 13:00","1989","11","12","13:00"," ","","","","","","","","","","","","","","","","","","",""
"1989-11-12 14:00","1989","11","12","14:00"," ","","","","","","","","","","","","","","","","","","",""
"1989-11-12 15:00","1989","11","12","15:00"," ","","","","","","","","","","","","","","","","","","",""
"1989-11-12 16:00","1989","11","12","16:00"," ","","","","","","","","","","","","","","","","","","",""
"1989-11-12 17:00","1989","11","12","17:00"," ","","","","","","","","","","","","","","","","","","",""
"1989-11-12 18:00","1989","11","12","18:00"," ","","","","","","","","","","","","","","","","","","",""
"1989-11-12 19:00","1989","11","12","19:00"," ","","","","","","","","","","","","","","","","","","",""
"1989-11-12 20:00","1989","11","12","20:00"," ","","","","","","","","","","","","","","","","","","",""
"1989-11-12 21:00","1989","11","12","21:00"," ","","","","","","","","","","","","","","","","","","",""
"1989-11-12 22:00","1989","11","12","22:00"," ","","","","","","","","","","","","","","","","","","",""
"1989-11-12 23:00","1989","11","12","23:00"," ","","","","","","","","","","","","","","","","","","",""
"1989-11-13 00:00","1989","11","13","00:00"," ","","","","","","","","","","","","","","","","","","",""
"1989-11-13 01:00","1989","11","13","01:00"," ","","","","","","","","","","","","","","","","","","",""
"1989-11-13 02:00","1989","11","13","02:00"," ","","","","","","","","","","","","","","","","","","",""
"1989-11-13 03:00","1989","11","13","03:00"," ","","","","","","","","","","","","","","","","","","",""
"1989-11-13 04:00","1989","11","13","04:00"," ","","","","","","","","","","","","","","","","","","",""
"1989-11-13 05:00","1989","11","13","05:00"," ","","","","","","","","","","","","","","","","","","",""
"1989-11-13 06:00","1989","11","13","06:00"," ","","","","","","","","","","","","","","","","","","",""
"1989-11-13 07:00","1989","11","13","07:00"," ","","","","","","","","","","","","","","","","","","",""
"1989-11-13 08:00","1989","11","13","08:00"," ","","","","","","","","","","","","","","","","","","",""
"1989-11-13 09:00","1989","11","13","09:00"," ","","","","","","","","","","","","","","","","","","",""
"1989-11-13 10:00","1989","11","13","10:00"," ","","","","","","","","","","","","","","","","","","",""
"1989-11-13 11:00","1989","11","13","11:00"," ","","","","","","","","","","","","","","","","","","",""
"1989-11-13 12:00","1989","11","13","12:00"," ","","","","","","","","","","","","","","","","","","",""
"1989-11-13 13:00","1989","11","13","13:00"," ","","","","","","","","","","","","","","","","","","",""
"1989-11-13 14:00","1989","11","13","14:00"," ","","","","","","","","","","","","","","","","","","",""
"1989-11-13 15:00","1989","11","13","15:00"," ","","","","","","","","","","","","","","","","","","",""
"1989-11-13 16:00","1989","11","13","16:00"," ","","","","","","","","","","","","","","","","","","",""
"1989-11-13 17:00","1989","11","13","17:00"," ","","","","","","","","","","","","","","","","","","",""
"1989-11-13 18:00","1989","11","13","18:00"," ","","","","","","","","","","","","","","","","","","",""
"1989-11-13 19:00","1989","11","13","19:00"," ","","","","","","","","","","","","","","","","","","",""
"1989-11-13 20:00","1989","11","13","20:00"," ","","","","","","","","","","","","","","","","","","",""
"1989-11-13 21:00","1989","11","13","21:00"," ","","","","","","","","","","","","","","","","","","",""
"1989-11-13 22:00","1989","11","13","22:00"," ","","","","","","","","","","","","","","","","","","",""
"1989-11-13 23:00","1989","11","13","23:00"," ","","","","","","","","","","","","","","","","","","",""
"1989-11-14 00:00","1989","11","14","00:00"," ","","","","","","","","","","","","","","","","","","",""
"1989-11-14 01:00","1989","11","14","01:00"," ","","","","","","","","","","","","","","","","","","",""
"1989-11-14 02:00","1989","11","14","02:00"," ","","","","","","","","","","","","","","","","","","",""
"1989-11-14 03:00","1989","11","14","03:00"," ","","","","","","","","","","","","","","","","","","",""
"1989-11-14 04:00","1989","11","14","04:00"," ","","","","","","","","","","","","","","","","","","",""
"1989-11-14 05:00","1989","11","14","05:00"," ","","","","","","","","","","","","","","","","","","",""
"1989-11-14 06:00","1989","11","14","06:00"," ","","","","","","","","","","","","","","","","","","",""
"1989-11-14 07:00","1989","11","14","07:00"," ","","","","","","","","","","","","","","","","","","",""
"1989-11-14 08:00","1989","11","14","08:00"," ","","","","","","","","","","","","","","","","","","",""
"1989-11-14 09:00","1989","11","14","09:00"," ","-20,50","","-26,30","","60,00","","2,00","","24,00","","25,00","","100,75","","","","-32,00","","Dégagé"
"1989-11-14 10:00","1989","11","14","10:00"," ","-22,00","","-26,30","","69,00","","2,00","","22,00","","25,00","","100,75","","","","-34,00","","Dégagé"
"1989-11-14 11:00","1989","11","14","11:00"," ","-23,00","","-28,70","","60,00","","36,00","","20,00","","25,00","","100,82","","","","-34,00","","Dégagé"
"1989-11-14 12:00","1989","11","14","12:00"," ","-21,60","","-26,60","","64,00","","1,00","","24,00","","25,00","","100,82","","","","-33,00","","Dégagé"
"1989-11-14 13:00","1989","11","14","13:00"," ","-21,50","","-25,70","","69,00","","1,00","","22,00","","25,00","","100,82","","","","-33,00","","Dégagé"
"1989-11-14 14:00","1989","11","14","14:00"," ","-21,10","","-25,00","","71,00","","3,00","","15,00","","25,00","","100,89","","","","-30,00","","Dégagé"
"1989-11-14 15:00","1989","11","14","15:00"," ","-22,00","","-24,40","","81,00","","3,00","","13,00","","25,00","","100,92","","","","-31,00","","Dégagé"
"1989-11-14 16:00","1989","11","14","16:00"," ","-23,40","","-27,10","","72,00","","3,00","","17,00","","25,00","","100,96","","","","-34,00","","Dégagé"
"1989-11-14 17:00","1989","11","14","17:00"," ","","","","","","","","","","","","","","","","","","",""
"1989-11-14 18:00","1989","11","14","18:00"," ","","","","","","","","","","","","","","","","","","",""
"1989-11-14 19:00","1989","11","14","19:00"," ","","","","","","","","","","","","","","","","","","",""
"1989-11-14 20:00","1989","11","14","20:00"," ","","","","","","","","","","","","","","","","","","",""
"1989-11-14 21:00","1989","11","14","21:00"," ","","","","","","","","","","","","","","","","","","",""
"1989-11-14 22:00","1989","11","14","22:00"," ","","","","","","","","","","","","","","","","","","",""
"1989-11-14 23:00","1989","11","14","23:00"," ","","","","","","","","","","","","","","","","","","",""
"1989-11-15 00:00","1989","11","15","00:00"," ","","","","","","","","","","","","","","","","","","",""
"1989-11-15 01:00","1989","11","15","01:00"," ","","","","","","","","","","","","","","","","","","",""
"1989-11-15 02:00","1989","11","15","02:00"," ","","","","","","","","","","","","","","","","","","",""
"1989-11-15 03:00","1989","11","15","03:00"," ","","","","","","","","","","","","","","","","","","",""
"1989-11-15 04:00","1989","11","15","04:00"," ","","","","","","","","","","","","","","","","","","",""
"1989-11-15 05:00","1989","11","15","05:00"," ","","","","","","","","","","","","","","","","","","",""
"1989-11-15 06:00","1989","11","15","06:00"," ","","","","","","","","","","","","","","","","","","",""
"1989-11-15 07:00","1989","11","15","07:00"," ","","","","","","","","","","","","","","","","","","",""
"1989-11-15 08:00","1989","11","15","08:00"," ","","","","","","","","","","","","","","","","","","",""
"1989-11-15 09:00","1989","11","15","09:00"," ","-29,50","","-32,50","","75,00","","16,00","","24,00","","25,00","","100,99","","","","-44,00","","Dégagé"
"1989-11-15 10:00","1989","11","15","10:00"," ","-29,50","","-32,50","","75,00","","16,00","","22,00","","25,00","","101,02","","","","-43,00","","Cristaux de glace"
"1989-11-15 11:00","1989","11","15","11:00"," ","-30,00","","-33,10","","74,00","","17,00","","26,00","","25,00","","101,02","","","","-45,00","","Cristaux de glace"
"1989-11-15 12:00","1989","11","15","12:00"," ","-30,60","","-35,50","","62,00","","16,00","","24,00","","25,00","","101,02","","","","-45,00","","Cristaux de glace"
"1989-11-15 13:00","1989","11","15","13:00"," ","-30,40","","-33,60","","73,00","","16,00","","26,00","","24,10","","101,06","","","","-45,00","","Cristaux de glace"
"1989-11-15 14:00","1989","11","15","14:00"," ","-30,90","","-34,10","","73,00","","16,00","","30,00","","16,10","","101,06","","","","-47,00","","Cristaux de glace"
"1989-11-15 15:00","1989","11","15","15:00"," ","-31,20","","-34,10","","75,00","","16,00","","28,00","","16,10","","101,06","","","","-47,00","","Cristaux de glace"
"1989-11-15 16:00","1989","11","15","16:00"," ","-31,70","","-36,70","","61,00","","16,00","","35,00","","2,40","","101,06","","","","-49,00","","Cristaux de glace,Brouillard de glace"
"1989-11-15 17:00","1989","11","15","17:00"," ","-32,00","","-35,20","","73,00","","17,00","","28,00","","2,40","","101,09","","","","-48,00","","Cristaux de glace,Brouillard de glace"
"1989-11-15 18:00","1989","11","15","18:00"," ","","","","","","","","","","","","","","","","","","",""
"1989-11-15 19:00","1989","11","15","19:00"," ","","","","","","","","","","","","","","","","","","",""
"1989-11-15 20:00","1989","11","15","20:00"," ","","","","","","","","","","","","","","","","","","",""
"1989-11-15 21:00","1989","11","15","21:00"," ","","","","","","","","","","","","","","","","","","",""
"1989-11-15 22:00","1989","11","15","22:00"," ","","","","","","","","","","","","","","","","","","",""
"1989-11-15 23:00","1989","11","15","23:00"," ","","","","","","","","","","","","","","","","","","",""
"1989-11-16 00:00","1989","11","16","00:00"," ","","","","","","","","","","","","","","","","","","",""
"1989-11-16 01:00","1989","11","16","01:00"," ","","","","","","","","","","","","","","","","","","",""
"1989-11-16 02:00","1989","11","16","02:00"," ","","","","","","","","","","","","","","","","","","",""
"1989-11-16 03:00","1989","11","16","03:00"," ","","","","","","","","","","","","","","","","","","",""
"1989-11-16 04:00","1989","11","16","04:00"," ","","","","","","","","","","","","","","","","","","",""
"1989-11-16 05:00","1989","11","16","05:00"," ","","","","","","","","","","","","","","","","","","",""
"1989-11-16 06:00","1989","11","16","06:00"," ","","","","","","","","","","","","","","","","","","",""
"1989-11-16 07:00","1989","11","16","07:00"," ","","","","","","","","","","","","","","","","","","",""
"1989-11-16 08:00","1989","11","16","08:00"," ","","","","","","","","","","","","","","","","","","",""
"1989-11-16 09:00","1989","11","16","09:00"," ","-27,00","","-29,80","","77,00","","22,00","","17,00","","6,40","","100,92","","","","-38,00","","Brouillard de glace"
"1989-11-16 10:00","1989","11","16","10:00"," ","-26,40","","-29,30","","76,00","","22,00","","17,00","","16,10","","100,92","","","","-38,00","","Généralement dégagé"
"1989-11-16 11:00","1989","11","16","11:00"," ","-26,70","","-30,60","","69,00","","21,00","","24,00","","12,90","","100,99","","","","-40,00","","Généralement dégagé"
"1989-11-16 12:00","1989","11","16","12:00"," ","-27,70","","-31,80","","68,00","","20,00","","22,00","","16,10","","100,99","","","","-41,00","","Cristaux de glace"
"1989-11-16 13:00","1989","11","16","13:00"," ","-27,90","","-30,90","","75,00","","21,00","","17,00","","12,90","","101,02","","","","-40,00","","Cristaux de glace"
"1989-11-16 14:00","1989","11","16","14:00"," ","-28,50","","-31,40","","76,00","","20,00","","17,00","","6,40","","101,06","","","","-40,00","","Cristaux de glace,Brouillard de glace"
"1989-11-16 15:00","1989","11","16","15:00"," ","-30,00","","-33,10","","74,00","","31,00","","7,00","","3,20","","101,06","","","","-37,00","","Cristaux de glace,Brouillard de glace"
"1989-11-16 16:00","1989","11","16","16:00"," ","-30,10","","-34,90","","63,00","","23,00","","6,00","","12,90","","101,16","","","","-37,00","","Cristaux de glace"
"1989-11-16 17:00","1989","11","16","17:00"," ","","","","","","","","","","","","","","","","","","",""
"1989-11-16 18:00","1989","11","16","18:00"," ","","","","","","","","","","","","","","","","","","",""
"1989-11-16 19:00","1989","11","16","19:00"," ","","","","","","","","","","","","","","","","","","",""
"1989-11-16 20:00","1989","11","16","20:00"," ","","","","","","","","","","","","","","","","","","",""
"1989-11-16 21:00","1989","11","16","21:00"," ","","","","","","","","","","","","","","","","","","",""
"1989-11-16 22:00","1989","11","16","22:00"," ","","","","","","","","","","","","","","","","","","",""
"1989-11-16 23:00","1989","11","16","23:00"," ","","","","","","","","","","","","","","","","","","",""
"1989-11-17 00:00","1989","11","17","00:00"," ","","","","","","","","","","","","","","","","","","",""
"1989-11-17 01:00","1989","11","17","01:00"," ","","","","","","","","","","","","","","","","","","",""
"1989-11-17 02:00","1989","11","17","02:00"," ","","","","","","","","","","","","","","","","","","",""
"1989-11-17 03:00","1989","11","17","03:00"," ","","","","","","","","","","","","","","","","","","",""
"1989-11-17 04:00","1989","11","17","04:00"," ","","","","","","","","","","","","","","","","","","",""
"1989-11-17 05:00","1989","11","17","05:00"," ","","","","","","","","","","","","","","","","","","",""
"1989-11-17 06:00","1989","11","17","06:00"," ","","","","","","","","","","","","","","","","","","",""
"1989-11-17 07:00","1989","11","17","07:00"," ","","","","","","","","","","","","","","","","","","",""
"1989-11-17 08:00","1989","11","17","08:00"," ","","","","","","","","","","","","","","","","","","",""
"1989-11-17 09:00","1989","11","17","09:00"," ","-33,10","","-41,80","","41,00","","15,00","","11,00","","25,00","","101,43","","","","-43,00","","Dégagé"
"1989-11-17 10:00","1989","11","17","10:00"," ","-33,90","","-37,30","","71,00","","15,00","","9,00","","25,00","","101,39","","","","-43,00","","Dégagé"
"1989-11-17 11:00","1989","11","17","11:00"," ","-33,90","","-37,30","","71,00","","15,00","","7,00","","25,00","","101,36","","","","-42,00","","Dégagé"
"1989-11-17 12:00","1989","11","17","12:00"," ","-34,00","","-37,30","","72,00","","3,00","","6,00","","25,00","","101,36","","","","-41,00","","Cristaux de glace"
"1989-11-17 13:00","1989","11","17","13:00"," ","-35,00","","-38,40","","71,00","","0,00","","0,00","","25,00","","101,33","","","","","","Cristaux de glace"
"1989-11-17 14:00","1989","11","17","14:00"," ","-34,60","","-37,90","","72,00","","0,00","","0,00","","25,00","","101,29","","","","","","Cristaux de glace"
"1989-11-17 15:00","1989","11","17","15:00"," ","-34,60","","-37,90","","72,00","","0,00","","0,00","","25,00","","101,29","","","","","","Cristaux de glace"
"1989-11-17 16:00","1989","11","17","16:00"," ","-35,20","","-41,40","","53,00","","0,00","","0,00","","25,00","","101,26","","","","","","Cristaux de glace"
"1989-11-17 17:00","1989","11","17","17:00"," ","","","","","","","","","","","","","","","","","","",""
"1989-11-17 18:00","1989","11","17","18:00"," ","","","","","","","","","","","","","","","","","","",""
"1989-11-17 19:00","1989","11","17","19:00"," ","","","","","","","","","","","","","","","","","","",""
"1989-11-17 20:00","1989","11","17","20:00"," ","","","","","","","","","","","","","","","","","","",""
"1989-11-17 21:00","1989","11","17","21:00"," ","","","","","","","","","","","","","","","","","","",""
"1989-11-17 22:00","1989","11","17","22:00"," ","","","","","","","","","","","","","","","","","","",""
"1989-11-17 23:00","1989","11","17","23:00"," ","","","","","","","","","","","","","","","","","","",""
"1989-11-18 00:00","1989","11","18","00:00"," ","","","","","","","","","","","","","","","","","","",""
"1989-11-18 01:00","1989","11","18","01:00"," ","","","","","","","","","","","","","","","","","","",""
"1989-11-18 02:00","1989","11","18","02:00"," ","","","","","","","","","","","","","","","","","","",""
"1989-11-18 03:00","1989","11","18","03:00"," ","","","","","","","","","","","","","","","","","","",""
"1989-11-18 04:00","1989","11","18","04:00"," ","","","","","","","","","","","","","","","","","","",""
"1989-11-18 05:00","1989","11","18","05:00"," ","","","","","","","","","","","","","","","","","","",""
"1989-11-18 06:00","1989","11","18","06:00"," ","","","","","","","","","","","","","","","","","","",""
"1989-11-18 07:00","1989","11","18","07:00"," ","","","","","","","","","","","","","","","","","","",""
"1989-11-18 08:00","1989","11","18","08:00"," ","","","","","","","","","","","","","","","","","","",""
"1989-11-18 09:00","1989","11","18","09:00"," ","","","","","","","","","","","","","","","","","","",""
"1989-11-18 10:00","1989","11","18","10:00"," ","-28,20","","-32,40","","67,00","","32,00","","35,00","","19,30","","98,96","","","","-44,00","","Généralement dégagé"
"1989-11-18 11:00","1989","11","18","11:00"," ","","","","","","","","","","","","","","","","","","",""
"1989-11-18 12:00","1989","11","18","12:00"," ","","","","","","","","","","","","","","","","","","",""
"1989-11-18 13:00","1989","11","18","13:00"," ","","","","","","","","","","","","","","","","","","",""
"1989-11-18 14:00","1989","11","18","14:00"," ","","","","","","","","","","","","","","","","","","",""
"1989-11-18 15:00","1989","11","18","15:00"," ","","","","","","","","","","","","","","","","","","",""
"1989-11-18 16:00","1989","11","18","16:00"," ","-29,20","","-32,00","","77,00","","31,00","","56,00","","0,40","","98,56","","","","-49,00","","Poudrerie élevée"
"1989-11-18 17:00","1989","11","18","17:00"," ","","","","","","","","","","","","","","","","","","",""
"1989-11-18 18:00","1989","11","18","18:00"," ","","","","","","","","","","","","","","","","","","",""
"1989-11-18 19:00","1989","11","18","19:00"," ","","","","","","","","","","","","","","","","","","",""
"1989-11-18 20:00","1989","11","18","20:00"," ","","","","","","","","","","","","","","","","","","",""
"1989-11-18 21:00","1989","11","18","21:00"," ","","","","","","","","","","","","","","","","","","",""
"1989-11-18 22:00","1989","11","18","22:00"," ","","","","","","","","","","","","","","","","","","",""
"1989-11-18 23:00","1989","11","18","23:00"," ","","","","","","","","","","","","","","","","","","",""
"1989-11-19 00:00","1989","11","19","00:00"," ","","","","","","","","","","","","","","","","","","",""
"1989-11-19 01:00","1989","11","19","01:00"," ","","","","","","","","","","","","","","","","","","",""
"1989-11-19 02:00","1989","11","19","02:00"," ","","","","","","","","","","","","","","","","","","",""
"1989-11-19 03:00","1989","11","19","03:00"," ","","","","","","","","","","","","","","","","","","",""
"1989-11-19 04:00","1989","11","19","04:00"," ","","","","","","","","","","","","","","","","","","",""
"1989-11-19 05:00","1989","11","19","05:00"," ","","","","","","","","","","","","","","","","","","",""
"1989-11-19 06:00","1989","11","19","06:00"," ","","","","","","","","","","","","","","","","","","",""
"1989-11-19 07:00","1989","11","19","07:00"," ","","","","","","","","","","","","","","","","","","",""
"1989-11-19 08:00","1989","11","19","08:00"," ","","","","","","","","","","","","","","","","","","",""
"1989-11-19 09:00","1989","11","19","09:00"," ","-30,50","","-37,70","","49,00","","27,00","","24,00","","1,60","","98,76","","","","-45,00","","Brouillard de glace"
"1989-11-19 10:00","1989","11","19","10:00"," ","-31,00","","-36,10","","61,00","","31,00","","17,00","","1,60","","98,76","","","","-43,00","","Brouillard de glace"
"1989-11-19 11:00","1989","11","19","11:00"," ","-31,40","","-34,70","","72,00","","29,00","","22,00","","1,20","","98,86","","","","-45,00","","Brouillard de glace"
"1989-11-19 12:00","1989","11","19","12:00"," ","-31,40","","-34,70","","72,00","","29,00","","22,00","","1,60","","98,93","","","","-45,00","","Brouillard de glace"
"1989-11-19 13:00","1989","11","19","13:00"," ","-31,50","","-34,70","","73,00","","30,00","","30,00","","1,20","","98,96","","","","-48,00","","Brouillard de glace"
"1989-11-19 14:00","1989","11","19","14:00"," ","","","","","","","","","","","","","","","","","","",""
"1989-11-19 15:00","1989","11","19","15:00"," ","","","","","","","","","","","","","","","","","","",""
"1989-11-19 16:00","1989","11","19","16:00"," ","","","","","","","","","","","","","","","","","","",""
"1989-11-19 17:00","1989","11","19","17:00"," ","","","","","","","","","","","","","","","","","","",""
"1989-11-19 18:00","1989","11","19","18:00"," ","","","","","","","","","","","","","","","","","","",""
"1989-11-19 19:00","1989","11","19","19:00"," ","","","","","","","","","","","","","","","","","","",""
"1989-11-19 20:00","1989","11","19","20:00"," ","","","","","","","","","","","","","","","","","","",""
"1989-11-19 21:00","1989","11","19","21:00"," ","","","","","","","","","","","","","","","","","","",""
"1989-11-19 22:00","1989","11","19","22:00"," ","","","","","","","","","","","","","","","","","","",""
"1989-11-19 23:00","1989","11","19","23:00"," ","","","","","","","","","","","","","","","","","","",""
"1989-11-20 00:00","1989","11","20","00:00"," ","","","","","","","","","","","","","","","","","","",""
"1989-11-20 01:00","1989","11","20","01:00"," ","","","","","","","","","","","","","","","","","","",""
"1989-11-20 02:00","1989","11","20","02:00"," ","","","","","","","","","","","","","","","","","","",""
"1989-11-20 03:00","1989","11","20","03:00"," ","","","","","","","","","","","","","","","","","","",""
"1989-11-20 04:00","1989","11","20","04:00"," ","","","","","","","","","","","","","","","","","","",""
"1989-11-20 05:00","1989","11","20","05:00"," ","","","","","","","","","","","","","","","","","","",""
"1989-11-20 06:00","1989","11","20","06:00"," ","","","","","","","","","","","","","","","","","","",""
"1989-11-20 07:00","1989","11","20","07:00"," ","","","","","","","","","","","","","","","","","","",""
"1989-11-20 08:00","1989","11","20","08:00"," ","","","","","","","","","","","","","","","","","","",""
"1989-11-20 09:00","1989","11","20","09:00"," ","-34,80","","-41,40","","51,00","","18,00","","24,00","","24,10","","100,65","","","","-50,00","","Généralement dégagé"
"1989-11-20 10:00","1989","11","20","10:00"," ","-35,50","","-38,90","","71,00","","17,00","","20,00","","16,10","","100,75","","","","-50,00","","Généralement dégagé"
"1989-11-20 11:00","1989","11","20","11:00"," ","-35,70","","-38,90","","73,00","","16,00","","19,00","","14,50","","100,82","","","","-50,00","","Généralement dégagé"
"1989-11-20 12:00","1989","11","20","12:00"," ","-35,50","","-42,10","","51,00","","16,00","","19,00","","12,90","","100,89","","","","-50,00","","Généralement dégagé"
"1989-11-20 13:00","1989","11","20","13:00"," ","-35,50","","-42,10","","51,00","","17,00","","24,00","","24,10","","100,96","","","","-51,00","","Généralement dégagé"
"1989-11-20 14:00","1989","11","20","14:00"," ","-35,60","","-38,90","","72,00","","17,00","","19,00","","25,00","","101,02","","","","-50,00","","Généralement dégagé"
"1989-11-20 15:00","1989","11","20","15:00"," ","-35,80","","-39,40","","69,00","","17,00","","17,00","","25,00","","101,09","","","","-49,00","","Généralement dégagé"
"1989-11-20 16:00","1989","11","20","16:00"," ","-36,00","","-42,80","","50,00","","15,00","","19,00","","25,00","","101,16","","","","-50,00","","Généralement dégagé"
"1989-11-20 17:00","1989","11","20","17:00"," ","","","","","","","","","","","","","","","","","","",""
"1989-11-20 18:00","1989","11","20","18:00"," ","","","","","","","","","","","","","","","","","","",""
"1989-11-20 19:00","1989","11","20","19:00"," ","","","","","","","","","","","","","","","","","","",""
"1989-11-20 20:00","1989","11","20","20:00"," ","","","","","","","","","","","","","","","","","","",""
"1989-11-20 21:00","1989","11","20","21:00"," ","","","","","","","","","","","","","","","","","","",""
"1989-11-20 22:00","1989","11","20","22:00"," ","","","","","","","","","","","","","","","","","","",""
"1989-11-20 23:00","1989","11","20","23:00"," ","","","","","","","","","","","","","","","","","","",""
"1989-11-21 00:00","1989","11","21","00:00"," ","","","","","","","","","","","","","","","","","","",""
"1989-11-21 01:00","1989","11","21","01:00"," ","","","","","","","","","","","","","","","","","","",""
"1989-11-21 02:00","1989","11","21","02:00"," ","","","","","","","","","","","","","","","","","","",""
"1989-11-21 03:00","1989","11","21","03:00"," ","","","","","","","","","","","","","","","","","","",""
"1989-11-21 04:00","1989","11","21","04:00"," ","","","","","","","","","","","","","","","","","","",""
"1989-11-21 05:00","1989","11","21","05:00"," ","","","","","","","","","","","","","","","","","","",""
"1989-11-21 06:00","1989","11","21","06:00"," ","","","","","","","","","","","","","","","","","","",""
"1989-11-21 07:00","1989","11","21","07:00"," ","","","","","","","","","","","","","","","","","","",""
"1989-11-21 08:00","1989","11","21","08:00"," ","","","","","","","","","","","","","","","","","","",""
"1989-11-21 09:00","1989","11","21","09:00"," ","-36,00","","-39,40","","71,00","","6,00","","9,00","","25,00","","101,39","","","","-46,00","","Généralement dégagé"
"1989-11-21 10:00","1989","11","21","10:00"," ","-36,10","","-39,40","","72,00","","6,00","","13,00","","25,00","","101,39","","","","-48,00","","Généralement dégagé"
"1989-11-21 11:00","1989","11","21","11:00"," ","-36,10","","-39,40","","72,00","","7,00","","15,00","","25,00","","101,39","","","","-49,00","","Généralement dégagé"
"1989-11-21 12:00","1989","11","21","12:00"," ","-36,60","","-40,00","","71,00","","3,00","","6,00","","25,00","","101,39","","","","-44,00","","Généralement dégagé"
"1989-11-21 13:00","1989","11","21","13:00"," ","-36,10","","-39,40","","72,00","","4,00","","4,00","","24,10","","101,43","","","","-41,00","","Généralement nuageux"
"1989-11-21 14:00","1989","11","21","14:00"," ","-37,10","","","","","","0,00","","0,00","","24,10","","101,39","","","","","","Généralement nuageux"
"1989-11-21 15:00","1989","11","21","15:00"," ","-36,50","","","","","","0,00","","0,00","","24,10","","101,39","","","","","","Généralement nuageux"
"1989-11-21 16:00","1989","11","21","16:00"," ","-37,20","","","","","","8,00","","2,00","","24,10","","101,39","","","","-40,00","","Généralement dégagé"
"1989-11-21 17:00","1989","11","21","17:00"," ","","","","","","","","","","","","","","","","","","",""
"1989-11-21 18:00","1989","11","21","18:00"," ","","","","","","","","","","","","","","","","","","",""
"1989-11-21 19:00","1989","11","21","19:00"," ","","","","","","","","","","","","","","","","","","",""
"1989-11-21 20:00","1989","11","21","20:00"," ","","","","","","","","","","","","","","","","","","",""
"1989-11-21 21:00","1989","11","21","21:00"," ","","","","","","","","","","","","","","","","","","",""
"1989-11-21 22:00","1989","11","21","22:00"," ","","","","","","","","","","","","","","","","","","",""
"1989-11-21 23:00","1989","11","21","23:00"," ","","","","","","","","","","","","","","","","","","",""
"1989-11-22 00:00","1989","11","22","00:00"," ","","","","","","","","","","","","","","","","","","",""
"1989-11-22 01:00","1989","11","22","01:00"," ","","","","","","","","","","","","","","","","","","",""
"1989-11-22 02:00","1989","11","22","02:00"," ","","","","","","","","","","","","","","","","","","",""
"1989-11-22 03:00","1989","11","22","03:00"," ","","","","","","","","","","","","","","","","","","",""
"1989-11-22 04:00","1989","11","22","04:00"," ","","","","","","","","","","","","","","","","","","",""
"1989-11-22 05:00","1989","11","22","05:00"," ","","","","","","","","","","","","","","","","","","",""
"1989-11-22 06:00","1989","11","22","06:00"," ","","","","","","","","","","","","","","","","","","",""
"1989-11-22 07:00","1989","11","22","07:00"," ","-30,60","","-33,60","","75,00","","23,00","","4,00","","24,10","","100,48","","","","-35,00","","Généralement nuageux"
"1989-11-22 08:00","1989","11","22","08:00"," ","-29,60","","-34,20","","64,00","","26,00","","7,00","","24,10","","100,38","","","","-37,00","","Généralement nuageux"
"1989-11-22 09:00","1989","11","22","09:00"," ","-28,30","","-32,40","","68,00","","30,00","","13,00","","16,10","","100,31","","","","-39,00","","Neige"
"1989-11-22 10:00","1989","11","22","10:00"," ","-26,70","","-30,60","","69,00","","30,00","","19,00","","24,10","","100,28","","","","-39,00","","Généralement nuageux"
"1989-11-22 11:00","1989","11","22","11:00"," ","-27,30","","-29,80","","79,00","","30,00","","19,00","","25,00","","100,21","","","","-39,00","","Généralement nuageux"
"1989-11-22 12:00","1989","11","22","12:00"," ","-27,30","","-31,20","","69,00","","30,00","","24,00","","24,10","","100,18","","","","-41,00","","Généralement nuageux"
"1989-11-22 13:00","1989","11","22","13:00"," ","-27,40","","-31,80","","66,00","","31,00","","26,00","","16,10","","100,11","","","","-41,00","","Généralement nuageux"
"1989-11-22 14:00","1989","11","22","14:00"," ","-27,80","","-30,90","","75,00","","31,00","","24,00","","16,10","","100,08","","","","-41,00","","Généralement nuageux"
"1989-11-22 15:00","1989","11","22","15:00"," ","-27,40","","-31,80","","66,00","","29,00","","19,00","","24,10","","100,08","","","","-40,00","","Généralement nuageux"
"1989-11-22 16:00","1989","11","22","16:00"," ","-27,20","","-29,80","","79,00","","32,00","","26,00","","16,10","","100,08","","","","-41,00","","Généralement nuageux"
"1989-11-22 17:00","1989","11","22","17:00"," ","","","","","","","","","","","","","","","","","","",""
"1989-11-22 18:00","1989","11","22","18:00"," ","","","","","","","","","","","","","","","","","","",""
"1989-11-22 19:00","1989","11","22","19:00"," ","","","","","","","","","","","","","","","","","","",""
"1989-11-22 20:00","1989","11","22","20:00"," ","","","","","","","","","","","","","","","","","","",""
"1989-11-22 21:00","1989","11","22","21:00"," ","","","","","","","","","","","","","","","","","","",""
"1989-11-22 22:00","1989","11","22","22:00"," ","","","","","","","","","","","","","","","","","","",""
"1989-11-22 23:00","1989","11","22","23:00"," ","","","","","","","","","","","","","","","","","","",""
"1989-11-23 00:00","1989","11","23","00:00"," ","","","","","","","","","","","","","","","","","","",""
"1989-11-23 01:00","1989","11","23","01:00"," ","","","","","","","","","","","","","","","","","","",""
"1989-11-23 02:00","1989","11","23","02:00"," ","","","","","","","","","","","","","","","","","","",""
"1989-11-23 03:00","1989","11","23","03:00"," ","","","","","","","","","","","","","","","","","","",""
"1989-11-23 04:00","1989","11","23","04:00"," ","","","","","","","","","","","","","","","","","","",""
"1989-11-23 05:00","1989","11","23","05:00"," ","","","","","","","","","","","","","","","","","","",""
"1989-11-23 06:00","1989","11","23","06:00"," ","","","","","","","","","","","","","","","","","","",""
"1989-11-23 07:00","1989","11","23","07:00"," ","","","","","","","","","","","","","","","","","","",""
"1989-11-23 08:00","1989","11","23","08:00"," ","-20,90","","-24,20","","75,00","","25,00","","4,00","","24,10","","99,33","","","","-24,00","","Nuageux"
"1989-11-23 09:00","1989","11","23","09:00"," ","-18,00","","-20,10","","83,00","","27,00","","11,00","","24,10","","99,30","","","","-25,00","","Nuageux"
"1989-11-23 10:00","1989","11","23","10:00"," ","-17,80","","-20,70","","78,00","","31,00","","33,00","","24,10","","99,23","","","","-30,00","","Nuageux"
"1989-11-23 11:00","1989","11","23","11:00"," ","-17,70","","-20,10","","82,00","","31,00","","28,00","","24,10","","99,23","","","","-29,00","","Nuageux"
"1989-11-23 12:00","1989","11","23","12:00"," ","-17,80","","-20,70","","78,00","","31,00","","37,00","","16,10","","99,20","","","","-31,00","","Nuageux"
"1989-11-23 13:00","1989","11","23","13:00"," ","-17,30","","-19,60","","82,00","","31,00","","46,00","","0,80","","99,16","","","","-31,00","","Poudrerie élevée"
"1989-11-23 14:00","1989","11","23","14:00"," ","-17,30","","-20,10","","79,00","","31,00","","37,00","","6,40","","99,23","","","","-30,00","","Neige"
"1989-11-23 15:00","1989","11","23","15:00"," ","-13,00","","-20,70","","52,00","","31,00","","37,00","","4,80","","99,23","","","","-24,00","","Neige"
"1989-11-23 16:00","1989","11","23","16:00"," ","-18,30","","-22,00","","73,00","","30,00","","28,00","","6,40","","99,40","","","","-30,00","","Brouillard de glace"
"1989-11-23 17:00","1989","11","23","17:00"," ","","","","","","","","","","","","","","","","","","",""
"1989-11-23 18:00","1989","11","23","18:00"," ","","","","","","","","","","","","","","","","","","",""
"1989-11-23 19:00","1989","11","23","19:00"," ","","","","","","","","","","","","","","","","","","",""
"1989-11-23 20:00","1989","11","23","20:00"," ","","","","","","","","","","","","","","","","","","",""
"1989-11-23 21:00","1989","11","23","21:00"," ","","","","","","","","","","","","","","","","","","",""
"1989-11-23 22:00","1989","11","23","22:00"," ","","","","","","","","","","","","","","","","","","",""
"1989-11-23 23:00","1989","11","23","23:00"," ","","","","","","","","","","","","","","","","","","",""
"1989-11-24 00:00","1989","11","24","00:00"," ","","","","","","","","","","","","","","","","","","",""
"1989-11-24 01:00","1989","11","24","01:00"," ","","","","","","","","","","","","","","","","","","",""
"1989-11-24 02:00","1989","11","24","02:00"," ","","","","","","","","","","","","","","","","","","",""
"1989-11-24 03:00","1989","11","24","03:00"," ","","","","","","","","","","","","","","","","","","",""
"1989-11-24 04:00","1989","11","24","04:00"," ","","","","","","","","","","","","","","","","","","",""
"1989-11-24 05:00","1989","11","24","05:00"," ","","","","","","","","","","","","","","","","","","",""
"1989-11-24 06:00","1989","11","24","06:00"," ","","","","","","","","","","","","","","","","","","",""
"1989-11-24 07:00","1989","11","24","07:00"," ","","","","","","","","","","","","","","","","","","",""
"1989-11-24 08:00","1989","11","24","08:00"," ","-18,60","","-21,30","","80,00","","29,00","","22,00","","6,40","","99,43","","","","-29,00","","Neige"
"1989-11-24 09:00","1989","11","24","09:00"," ","-18,40","","-21,30","","78,00","","31,00","","46,00","","0,80","","99,33","","","","-33,00","","Poudrerie élevée"
"1989-11-24 10:00","1989","11","24","10:00"," ","-18,70","","-20,60","","85,00","","31,00","","43,00","","0,40","","99,27","","","","-33,00","","Neige,Poudrerie élevée"
"1989-11-24 11:00","1989","11","24","11:00"," ","-19,00","","-21,10","","83,00","","31,00","","43,00","","0,40","","99,20","","","","-33,00","","Neige,Poudrerie élevée"
"1989-11-24 12:00","1989","11","24","12:00"," ","-19,60","","-22,40","","79,00","","31,00","","46,00","","0,40","","99,13","","","","-34,00","","Poudrerie élevée"
"1989-11-24 13:00","1989","11","24","13:00"," ","-20,30","","-23,60","","75,00","","31,00","","46,00","","0,20","","99,06","","","","-35,00","","Poudrerie élevée"
"1989-11-24 14:00","1989","11","24","14:00"," ","-20,80","","-24,20","","74,00","","31,00","","46,00","","0,20","","99,00","","","","-36,00","","Poudrerie élevée"
"1989-11-24 15:00","1989","11","24","15:00"," ","-21,80","","-25,30","","74,00","","32,00","","56,00","","0,20","","99,00","","","","-39,00","","Poudrerie élevée"
"1989-11-24 16:00","1989","11","24","16:00"," ","-22,80","","-26,50","","72,00","","32,00","","56,00","","0,20","","99,00","","","","-40,00","","Poudrerie élevée"
"1989-11-24 17:00","1989","11","24","17:00"," ","-23,10","","-26,50","","74,00","","32,00","","46,00","","0,20","","99,00","","","","-39,00","","Poudrerie élevée"
"1989-11-24 18:00","1989","11","24","18:00"," ","","","","","","","","","","","","","","","","","","",""
"1989-11-24 19:00","1989","11","24","19:00"," ","","","","","","","","","","","","","","","","","","",""
"1989-11-24 20:00","1989","11","24","20:00"," ","","","","","","","","","","","","","","","","","","",""
"1989-11-24 21:00","1989","11","24","21:00"," ","","","","","","","","","","","","","","","","","","",""
"1989-11-24 22:00","1989","11","24","22:00"," ","","","","","","","","","","","","","","","","","","",""
"1989-11-24 23:00","1989","11","24","23:00"," ","","","","","","","","","","","","","","","","","","",""
"1989-11-25 00:00","1989","11","25","00:00"," ","","","","","","","","","","","","","","","","","","",""
"1989-11-25 01:00","1989","11","25","01:00"," ","","","","","","","","","","","","","","","","","","",""
"1989-11-25 02:00","1989","11","25","02:00"," ","","","","","","","","","","","","","","","","","","",""
"1989-11-25 03:00","1989","11","25","03:00"," ","","","","","","","","","","","","","","","","","","",""
"1989-11-25 04:00","1989","11","25","04:00"," ","","","","","","","","","","","","","","","","","","",""
"1989-11-25 05:00","1989","11","25","05:00"," ","","","","","","","","","","","","","","","","","","",""
"1989-11-25 06:00","1989","11","25","06:00"," ","","","","","","","","","","","","","","","","","","",""
"1989-11-25 07:00","1989","11","25","07:00"," ","","","","","","","","","","","","","","","","","","",""
"1989-11-25 08:00","1989","11","25","08:00"," ","","","","","","","","","","","","","","","","","","",""
"1989-11-25 09:00","1989","11","25","09:00"," ","","","","","","","","","","","","","","","","","","",""
"1989-11-25 10:00","1989","11","25","10:00"," ","","","","","","","","","","","","","","","","","","",""
"1989-11-25 11:00","1989","11","25","11:00"," ","","","","","","","","","","","","","","","","","","",""
"1989-11-25 12:00","1989","11","25","12:00"," ","","","","","","","","","","","","","","","","","","",""
"1989-11-25 13:00","1989","11","25","13:00"," ","","","","","","","","","","","","","","","","","","",""
"1989-11-25 14:00","1989","11","25","14:00"," ","","","","","","","","","","","","","","","","","","",""
"1989-11-25 15:00","1989","11","25","15:00"," ","","","","","","","","","","","","","","","","","","",""
"1989-11-25 16:00","1989","11","25","16:00"," ","","","","","","","","","","","","","","","","","","",""
"1989-11-25 17:00","1989","11","25","17:00"," ","","","","","","","","","","","","","","","","","","",""
"1989-11-25 18:00","1989","11","25","18:00"," ","","","","","","","","","","","","","","","","","","",""
"1989-11-25 19:00","1989","11","25","19:00"," ","","","","","","","","","","","","","","","","","","",""
"1989-11-25 20:00","1989","11","25","20:00"," ","","","","","","","","","","","","","","","","","","",""
"1989-11-25 21:00","1989","11","25","21:00"," ","","","","","","","","","","","","","","","","","","",""
"1989-11-25 22:00","1989","11","25","22:00"," ","","","","","","","","","","","","","","","","","","",""
"1989-11-25 23:00","1989","11","25","23:00"," ","","","","","","","","","","","","","","","","","","",""
"1989-11-26 00:00","1989","11","26","00:00"," ","","","","","","","","","","","","","","","","","","",""
"1989-11-26 01:00","1989","11","26","01:00"," ","","","","","","","","","","","","","","","","","","",""
"1989-11-26 02:00","1989","11","26","02:00"," ","","","","","","","","","","","","","","","","","","",""
"1989-11-26 03:00","1989","11","26","03:00"," ","","","","","","","","","","","","","","","","","","",""
"1989-11-26 04:00","1989","11","26","04:00"," ","","","","","","","","","","","","","","","","","","",""
"1989-11-26 05:00","1989","11","26","05:00"," ","","","","","","","","","","","","","","","","","","",""
"1989-11-26 06:00","1989","11","26","06:00"," ","","","","","","","","","","","","","","","","","","",""
"1989-11-26 07:00","1989","11","26","07:00"," ","","","","","","","","","","","","","","","","","","",""
"1989-11-26 08:00","1989","11","26","08:00"," ","","","","","","","","","","","","","","","","","","",""
"1989-11-26 09:00","1989","11","26","09:00"," ","","","","","","","","","","","","","","","","","","",""
"1989-11-26 10:00","1989","11","26","10:00"," ","","","","","","","","","","","","","","","","","","",""
"1989-11-26 11:00","1989","11","26","11:00"," ","","","","","","","","","","","","","","","","","","",""
"1989-11-26 12:00","1989","11","26","12:00"," ","","","","","","","","","","","","","","","","","","",""
"1989-11-26 13:00","1989","11","26","13:00"," ","","","","","","","","","","","","","","","","","","",""
"1989-11-26 14:00","1989","11","26","14:00"," ","","","","","","","","","","","","","","","","","","",""
"1989-11-26 15:00","1989","11","26","15:00"," ","","","","","","","","","","","","","","","","","","",""
"1989-11-26 16:00","1989","11","26","16:00"," ","","","","","","","","","","","","","","","","","","",""
"1989-11-26 17:00","1989","11","26","17:00"," ","","","","","","","","","","","","","","","","","","",""
"1989-11-26 18:00","1989","11","26","18:00"," ","","","","","","","","","","","","","","","","","","",""
"1989-11-26 19:00","1989","11","26","19:00"," ","","","","","","","","","","","","","","","","","","",""
"1989-11-26 20:00","1989","11","26","20:00"," ","","","","","","","","","","","","","","","","","","",""
"1989-11-26 21:00","1989","11","26","21:00"," ","","","","","","","","","","","","","","","","","","",""
"1989-11-26 22:00","1989","11","26","22:00"," ","","","","","","","","","","","","","","","","","","",""
"1989-11-26 23:00","1989","11","26","23:00"," ","","","","","","","","","","","","","","","","","","",""
"1989-11-27 00:00","1989","11","27","00:00"," ","","","","","","","","","","","","","","","","","","",""
"1989-11-27 01:00","1989","11","27","01:00"," ","","","","","","","","","","","","","","","","","","",""
"1989-11-27 02:00","1989","11","27","02:00"," ","","","","","","","","","","","","","","","","","","",""
"1989-11-27 03:00","1989","11","27","03:00"," ","","","","","","","","","","","","","","","","","","",""
"1989-11-27 04:00","1989","11","27","04:00"," ","","","","","","","","","","","","","","","","","","",""
"1989-11-27 05:00","1989","11","27","05:00"," ","","","","","","","","","","","","","","","","","","",""
"1989-11-27 06:00","1989","11","27","06:00"," ","","","","","","","","","","","","","","","","","","",""
"1989-11-27 07:00","1989","11","27","07:00"," ","","","","","","","","","","","","","","","","","","",""
"1989-11-27 08:00","1989","11","27","08:00"," ","","","","","","","","","","","","","","","","","","",""
"1989-11-27 09:00","1989","11","27","09:00"," ","-31,10","","-36,10","","61,00","","32,00","","31,00","","24,10","","100,92","","","","-47,00","","Dégagé"
"1989-11-27 10:00","1989","11","27","10:00"," ","-30,60","","-35,50","","62,00","","31,00","","37,00","","24,10","","100,89","","","","-48,00","","Dégagé"
"1989-11-27 11:00","1989","11","27","11:00"," ","-31,40","","-34,70","","72,00","","31,00","","35,00","","19,30","","100,92","","","","-48,00","","Dégagé"
"1989-11-27 12:00","1989","11","27","12:00"," ","-32,00","","-35,20","","73,00","","31,00","","39,00","","16,10","","100,92","","","","-50,00","","Dégagé"
"1989-11-27 13:00","1989","11","27","13:00"," ","-32,10","","-37,40","","59,00","","32,00","","33,00","","24,10","","100,92","","","","-49,00","","Dégagé"
"1989-11-27 14:00","1989","11","27","14:00"," ","-32,10","","-37,40","","59,00","","35,00","","15,00","","16,10","","100,96","","","","-44,00","","Dégagé"
"1989-11-27 15:00","1989","11","27","15:00"," ","-32,80","","-38,70","","55,00","","32,00","","43,00","","16,10","","100,96","","","","-52,00","","Dégagé"
"1989-11-27 16:00","1989","11","27","16:00"," ","-33,00","","-36,30","","72,00","","31,00","","37,00","","16,10","","100,96","","","","-51,00","","Dégagé"
"1989-11-27 17:00","1989","11","27","17:00"," ","","","","","","","","","","","","","","","","","","",""
"1989-11-27 18:00","1989","11","27","18:00"," ","","","","","","","","","","","","","","","","","","",""
"1989-11-27 19:00","1989","11","27","19:00"," ","","","","","","","","","","","","","","","","","","",""
"1989-11-27 20:00","1989","11","27","20:00"," ","","","","","","","","","","","","","","","","","","",""
"1989-11-27 21:00","1989","11","27","21:00"," ","","","","","","","","","","","","","","","","","","",""
"1989-11-27 22:00","1989","11","27","22:00"," ","","","","","","","","","","","","","","","","","","",""
"1989-11-27 23:00","1989","11","27","23:00"," ","","","","","","","","","","","","","","","","","","",""
"1989-11-28 00:00","1989","11","28","00:00"," ","","","","","","","","","","","","","","","","","","",""
"1989-11-28 01:00","1989","11","28","01:00"," ","","","","","","","","","","","","","","","","","","",""
"1989-11-28 02:00","1989","11","28","02:00"," ","","","","","","","","","","","","","","","","","","",""
"1989-11-28 03:00","1989","11","28","03:00"," ","","","","","","","","","","","","","","","","","","",""
"1989-11-28 04:00","1989","11","28","04:00"," ","","","","","","","","","","","","","","","","","","",""
"1989-11-28 05:00","1989","11","28","05:00"," ","","","","","","","","","","","","","","","","","","",""
"1989-11-28 06:00","1989","11","28","06:00"," ","","","","","","","","","","","","","","","","","","",""
"1989-11-28 07:00","1989","11","28","07:00"," ","","","","","","","","","","","","","","","","","","",""
"1989-11-28 08:00","1989","11","28","08:00"," ","","","","","","","","","","","","","","","","","","",""
"1989-11-28 09:00","1989","11","28","09:00"," ","","","","","","","","","","","","","","","","","","",""
"1989-11-28 10:00","1989","11","28","10:00"," ","-30,40","","-33,60","","73,00","","31,00","","37,00","","24,10","","100,65","","","","-48,00","","Dégagé"
"1989-11-28 11:00","1989","11","28","11:00"," ","-29,50","","-32,50","","75,00","","31,00","","39,00","","19,30","","100,69","","","","-47,00","","Dégagé"
"1989-11-28 12:00","1989","11","28","12:00"," ","-30,00","","-33,10","","74,00","","31,00","","31,00","","19,30","","100,69","","","","-46,00","","Dégagé"
"1989-11-28 13:00","1989","11","28","13:00"," ","-29,90","","-33,10","","73,00","","31,00","","37,00","","24,10","","100,75","","","","-47,00","","Dégagé"
"1989-11-28 14:00","1989","11","28","14:00"," ","-29,90","","-33,10","","73,00","","32,00","","33,00","","25,00","","100,75","","","","-46,00","","Dégagé"
"1989-11-28 15:00","1989","11","28","15:00"," ","-29,60","","-36,30","","52,00","","31,00","","31,00","","25,00","","100,75","","","","-45,00","","Dégagé"
"1989-11-28 16:00","1989","11","28","16:00"," ","-29,60","","-36,30","","52,00","","32,00","","17,00","","25,00","","100,79","","","","-42,00","","Dégagé"
"1989-11-28 17:00","1989","11","28","17:00"," ","","","","","","","","","","","","","","","","","","",""
"1989-11-28 18:00","1989","11","28","18:00"," ","","","","","","","","","","","","","","","","","","",""
"1989-11-28 19:00","1989","11","28","19:00"," ","","","","","","","","","","","","","","","","","","",""
"1989-11-28 20:00","1989","11","28","20:00"," ","","","","","","","","","","","","","","","","","","",""
"1989-11-28 21:00","1989","11","28","21:00"," ","","","","","","","","","","","","","","","","","","",""
"1989-11-28 22:00","1989","11","28","22:00"," ","","","","","","","","","","","","","","","","","","",""
"1989-11-28 23:00","1989","11","28","23:00"," ","","","","","","","","","","","","","","","","","","",""
"1989-11-29 00:00","1989","11","29","00:00"," ","","","","","","","","","","","","","","","","","","",""
"1989-11-29 01:00","1989","11","29","01:00"," ","","","","","","","","","","","","","","","","","","",""
"1989-11-29 02:00","1989","11","29","02:00"," ","","","","","","","","","","","","","","","","","","",""
"1989-11-29 03:00","1989","11","29","03:00"," ","","","","","","","","","","","","","","","","","","",""
"1989-11-29 04:00","1989","11","29","04:00"," ","","","","","","","","","","","","","","","","","","",""
"1989-11-29 05:00","1989","11","29","05:00"," ","","","","","","","","","","","","","","","","","","",""
"1989-11-29 06:00","1989","11","29","06:00"," ","","","","","","","","","","","","","","","","","","",""
"1989-11-29 07:00","1989","11","29","07:00"," ","-34,50","","-40,70","","53,00","","17,00","","15,00","","24,10","","101,02","","","","-47,00","","Cristaux de glace"
"1989-11-29 08:00","1989","11","29","08:00"," ","-34,00","","-37,30","","72,00","","15,00","","11,00","","25,00","","101,02","","","","-44,00","","Cristaux de glace"
"1989-11-29 09:00","1989","11","29","09:00"," ","-34,50","","-37,90","","71,00","","16,00","","19,00","","25,00","","101,06","","","","-48,00","","Cristaux de glace"
"1989-11-29 10:00","1989","11","29","10:00"," ","-34,80","","-38,40","","69,00","","16,00","","13,00","","16,10","","101,06","","","","-46,00","","Cristaux de glace"
"1989-11-29 11:00","1989","11","29","11:00"," ","-34,90","","-38,40","","70,00","","16,00","","15,00","","25,00","","101,16","","","","-47,00","","Cristaux de glace"
"1989-11-29 12:00","1989","11","29","12:00"," ","-35,00","","-38,40","","71,00","","15,00","","13,00","","25,00","","101,16","","","","-47,00","","Cristaux de glace"
"1989-11-29 13:00","1989","11","29","13:00"," ","-34,90","","-38,40","","70,00","","15,00","","15,00","","25,00","","101,19","","","","-47,00","","Cristaux de glace"
"1989-11-29 14:00","1989","11","29","14:00"," ","-35,60","","-38,90","","72,00","","15,00","","15,00","","16,10","","101,26","","","","-48,00","","Cristaux de glace"
"1989-11-29 15:00","1989","11","29","15:00"," ","-34,60","","-44,60","","35,00","","15,00","","17,00","","24,10","","101,29","","","","-48,00","","Cristaux de glace"
"1989-11-29 16:00","1989","11","29","16:00"," ","-34,90","","-38,40","","70,00","","15,00","","19,00","","24,10","","101,33","","","","-49,00","","Cristaux de glace"
"1989-11-29 17:00","1989","11","29","17:00"," ","","","","","","","","","","","","","","","","","","",""
"1989-11-29 18:00","1989","11","29","18:00"," ","","","","","","","","","","","","","","","","","","",""
"1989-11-29 19:00","1989","11","29","19:00"," ","","","","","","","","","","","","","","","","","","",""
"1989-11-29 20:00","1989","11","29","20:00"," ","","","","","","","","","","","","","","","","","","",""
"1989-11-29 21:00","1989","11","29","21:00"," ","","","","","","","","","","","","","","","","","","",""
"1989-11-29 22:00","1989","11","29","22:00"," ","","","","","","","","","","","","","","","","","","",""
"1989-11-29 23:00","1989","11","29","23:00"," ","","","","","","","","","","","","","","","","","","",""
"1989-11-30 00:00","1989","11","30","00:00"," ","","","","","","","","","","","","","","","","","","",""
"1989-11-30 01:00","1989","11","30","01:00"," ","","","","","","","","","","","","","","","","","","",""
"1989-11-30 02:00","1989","11","30","02:00"," ","","","","","","","","","","","","","","","","","","",""
"1989-11-30 03:00","1989","11","30","03:00"," ","","","","","","","","","","","","","","","","","","",""
"1989-11-30 04:00","1989","11","30","04:00"," ","","","","","","","","","","","","","","","","","","",""
"1989-11-30 05:00","1989","11","30","05:00"," ","","","","","","","","","","","","","","","","","","",""
"1989-11-30 06:00","1989","11","30","06:00"," ","","","","","","","","","","","","","","","","","","",""
"1989-11-30 07:00","1989","11","30","07:00"," ","","","","","","","","","","","","","","","","","","",""
"1989-11-30 08:00","1989","11","30","08:00"," ","","","","","","","","","","","","","","","","","","",""
"1989-11-30 09:00","1989","11","30","09:00"," ","-35,00","","-38,40","","71,00","","17,00","","11,00","","25,00","","101,60","","","","-46,00","","Généralement dégagé"
"1989-11-30 10:00","1989","11","30","10:00"," ","-35,40","","-38,90","","70,00","","16,00","","9,00","","25,00","","101,60","","","","-45,00","","Généralement dégagé"
"1989-11-30 11:00","1989","11","30","11:00"," ","-35,50","","-38,90","","71,00","","17,00","","7,00","","25,00","","101,60","","","","-44,00","","Généralement dégagé"
"1989-11-30 12:00","1989","11","30","12:00"," ","-35,40","","-38,90","","70,00","","18,00","","9,00","","25,00","","101,63","","","","-45,00","","Généralement dégagé"
"1989-11-30 13:00","1989","11","30","13:00"," ","-35,40","","-38,90","","70,00","","17,00","","9,00","","25,00","","101,63","","","","-45,00","","Dégagé"
"1989-11-30 14:00","1989","11","30","14:00"," ","-35,20","","-41,40","","53,00","","17,00","","9,00","","25,00","","101,60","","","","-45,00","","Dégagé"
"1989-11-30 15:00","1989","11","30","15:00"," ","-35,60","","-38,90","","72,00","","15,00","","9,00","","25,00","","101,60","","","","-45,00","","Dégagé"
"1989-11-30 16:00","1989","11","30","16:00"," ","-35,50","","-38,90","","71,00","","17,00","","9,00","","25,00","","101,60","","","","-45,00","","Généralement dégagé"
"1989-11-30 17:00","1989","11","30","17:00"," ","","","","","","","","","","","","","","","","","","",""
"1989-11-30 18:00","1989","11","30","18:00"," ","","","","","","","","","","","","","","","","","","",""
"1989-11-30 19:00","1989","11","30","19:00"," ","","","","","","","","","","","","","","","","","","",""
"1989-11-30 20:00","1989","11","30","20:00"," ","","","","","","","","","","","","","","","","","","",""
"1989-11-30 21:00","1989","11","30","21:00"," ","","","","","","","","","","","","","","","","","","",""
"1989-11-30 22:00","1989","11","30","22:00"," ","","","","","","","","","","","","","","","","","","",""
"1989-11-30 23:00","1989","11","30","23:00"," ","","","","","","","","","","","","","","","","","","",""
