"Nom de la Station","CORAL HARBOUR A"
"Province","NUNAVUT"
"Latitude","64,19"
"Longitude","-83,36"
"Altitude","62,20"
"Identification Climat","2301000"
"Identification OMM","71915"
"Identification TC","YZS"
"Toutes les heures sont exprimées en heure normale locale (HNL). Pour convertir l'heure locale en heure avancée de l'Est (HAE), ajoutez 1 heure s'il y a lieu."

"Légende"
"M","Données Manquantes"
"E","Valeur Estimée"
"ND","Non Disponible"
"**","Données fournies par un partenaire, non assujetties à un révision par les Archives climatiques nationales du Canada"

"Date/Heure","Année","Mois","Jour","Heure","Qualité des Données","Temp (°C)","Temp Indicateur","Point de rosée (°C)","Point de rosée Indicateur","Hum. rel (%)","Hum. rel. Indicateur","Dir. du vent (10s deg)","Dir. du vent Indicateur","Vit. du vent (km/h)","Vit. du vent Indicateur","Visibilité (km)","Visibilité Indicateur","Pression à la station (kPa)","Pression à la station Indicateur","Hmdx","Hmdx Indicateur","Refroid. éolien","Refroid. éolien Indicateur","Temps"
"1999-04-01 00:00","1999","04","01","00:00"," ","-27,00","","-31,40","","66,00","","8,00","","17,00","","19,30","","101,36","","","","-38,00","","Neige"
"1999-04-01 01:00","1999","04","01","01:00"," ","-26,90","","-30,60","","71,00","","7,00","","19,00","","19,30","","101,33","","","","-39,00","","Neige"
"1999-04-01 02:00","1999","04","01","02:00"," ","-26,20","","-30,30","","68,00","","7,00","","20,00","","19,30","","101,33","","","","-38,00","","Neige"
"1999-04-01 03:00","1999","04","01","03:00"," ","-25,10","","-29,00","","70,00","","7,00","","20,00","","19,30","","101,33","","","","-37,00","","Neige"
"1999-04-01 04:00","1999","04","01","04:00"," ","-24,30","","-28,20","","70,00","","7,00","","22,00","","19,30","","101,36","","","","-36,00","","Neige"
"1999-04-01 05:00","1999","04","01","05:00"," ","-23,00","","-26,90","","70,00","","7,00","","17,00","","16,10","","101,36","","","","-33,00","","Neige"
"1999-04-01 06:00","1999","04","01","06:00"," ","-22,10","","-25,50","","74,00","","8,00","","19,00","","4,80","","101,40","","","","-33,00","","Neige"
"1999-04-01 07:00","1999","04","01","07:00"," ","-21,40","","-25,00","","73,00","","8,00","","22,00","","2,40","","101,43","","","","-33,00","","Neige,Brouillard de glace"
"1999-04-01 08:00","1999","04","01","08:00"," ","-20,70","","-24,00","","75,00","","8,00","","19,00","","1,60","","101,43","","","","-31,00","","Neige,Brouillard de glace"
"1999-04-01 09:00","1999","04","01","09:00"," ","-19,70","","-23,40","","72,00","","8,00","","22,00","","1,60","","101,43","","","","-31,00","","Neige"
"1999-04-01 10:00","1999","04","01","10:00"," ","-18,50","","-21,60","","77,00","","8,00","","24,00","","3,20","","101,43","","","","-29,00","","Neige"
"1999-04-01 11:00","1999","04","01","11:00"," ","-17,10","","-19,80","","79,00","","9,00","","20,00","","2,40","","101,46","","","","-27,00","","Neige"
"1999-04-01 12:00","1999","04","01","12:00"," ","-16,30","","-18,80","","81,00","","10,00","","15,00","","6,40","","101,43","","","","-25,00","","Neige"
"1999-04-01 13:00","1999","04","01","13:00"," ","-14,90","","-17,70","","79,00","","14,00","","15,00","","8,00","","101,46","","","","-23,00","","Neige"
"1999-04-01 14:00","1999","04","01","14:00"," ","-15,20","","-18,00","","79,00","","11,00","","9,00","","12,90","","101,50","","","","-21,00","","Neige"
"1999-04-01 15:00","1999","04","01","15:00"," ","-14,90","","-16,60","","87,00","","7,00","","11,00","","8,00","","101,56","","","","-21,00","","Neige"
"1999-04-01 16:00","1999","04","01","16:00"," ","-15,30","","-17,20","","85,00","","14,00","","7,00","","9,70","","101,60","","","","-20,00","","Neige"
"1999-04-01 17:00","1999","04","01","17:00"," ","-17,10","","-18,40","","90,00","","13,00","","4,00","","12,90","","101,66","","","","-20,00","","Neige"
"1999-04-01 18:00","1999","04","01","18:00"," ","-19,20","","-21,40","","83,00","","0,00","","0,00","","9,70","","101,73","","","","","","Neige"
"1999-04-01 19:00","1999","04","01","19:00"," ","-20,10","","-23,00","","78,00","","3,00","","9,00","","9,70","","101,77","","","","-27,00","","Neige"
"1999-04-01 20:00","1999","04","01","20:00"," ","-21,40","","-24,00","","79,00","","36,00","","15,00","","9,70","","101,87","","","","-31,00","","Neige"
"1999-04-01 21:00","1999","04","01","21:00"," ","-22,80","","-26,50","","72,00","","31,00","","19,00","","16,10","","101,90","","","","-34,00","","Neige"
"1999-04-01 22:00","1999","04","01","22:00"," ","-24,20","","-28,70","","66,00","","32,00","","19,00","","19,30","","101,93","","","","-36,00","","Cristaux de glace"
"1999-04-01 23:00","1999","04","01","23:00"," ","-24,60","","-29,80","","62,00","","30,00","","9,00","","19,30","","101,97","","","","-32,00","","Cristaux de glace"
"1999-04-02 00:00","1999","04","02","00:00"," ","-23,50","","-28,00","","66,00","","33,00","","28,00","","24,10","","102,00","","","","-37,00","","Cristaux de glace"
"1999-04-02 01:00","1999","04","02","01:00"," ","-23,70","","-27,70","","70,00","","32,00","","28,00","","24,10","","102,10","","","","-37,00","","Cristaux de glace"
"1999-04-02 02:00","1999","04","02","02:00"," ","-24,50","","-28,70","","68,00","","32,00","","28,00","","24,10","","102,17","","","","-38,00","","Cristaux de glace"
"1999-04-02 03:00","1999","04","02","03:00"," ","-25,20","","-29,70","","66,00","","33,00","","26,00","","24,10","","102,24","","","","-39,00","","Cristaux de glace"
"1999-04-02 04:00","1999","04","02","04:00"," ","-25,60","","-30,50","","63,00","","33,00","","24,00","","24,10","","102,30","","","","-39,00","","Cristaux de glace"
"1999-04-02 05:00","1999","04","02","05:00"," ","-25,80","","-30,10","","67,00","","33,00","","26,00","","25,00","","102,37","","","","-39,00","","Cristaux de glace"
"1999-04-02 06:00","1999","04","02","06:00"," ","-26,30","","-31,70","","60,00","","33,00","","20,00","","25,00","","102,41","","","","-38,00","","Cristaux de glace"
"1999-04-02 07:00","1999","04","02","07:00"," ","-25,90","","-30,80","","63,00","","33,00","","28,00","","25,00","","102,44","","","","-40,00","","Cristaux de glace"
"1999-04-02 08:00","1999","04","02","08:00"," ","-25,80","","-30,10","","67,00","","34,00","","20,00","","25,00","","102,47","","","","-38,00","","Cristaux de glace"
"1999-04-02 09:00","1999","04","02","09:00"," ","-24,50","","-29,10","","66,00","","33,00","","22,00","","25,00","","102,47","","","","-37,00","","Cristaux de glace"
"1999-04-02 10:00","1999","04","02","10:00"," ","-23,30","","-27,30","","70,00","","33,00","","17,00","","25,00","","102,51","","","","-34,00","","Cristaux de glace"
"1999-04-02 11:00","1999","04","02","11:00"," ","-22,10","","-26,70","","66,00","","34,00","","20,00","","25,00","","102,47","","","","-33,00","","Cristaux de glace"
"1999-04-02 12:00","1999","04","02","12:00"," ","-20,70","","-25,80","","64,00","","34,00","","19,00","","25,00","","102,54","","","","-31,00","","Cristaux de glace"
"1999-04-02 13:00","1999","04","02","13:00"," ","-19,90","","-25,00","","64,00","","33,00","","17,00","","25,00","","102,54","","","","-30,00","","Cristaux de glace"
"1999-04-02 14:00","1999","04","02","14:00"," ","-19,50","","-24,90","","62,00","","32,00","","19,00","","25,00","","102,57","","","","-30,00","","Cristaux de glace"
"1999-04-02 15:00","1999","04","02","15:00"," ","-19,30","","-24,70","","62,00","","31,00","","22,00","","25,00","","102,54","","","","-30,00","","Cristaux de glace"
"1999-04-02 16:00","1999","04","02","16:00"," ","-19,40","","-24,60","","63,00","","34,00","","15,00","","25,00","","102,57","","","","-28,00","","Cristaux de glace"
"1999-04-02 17:00","1999","04","02","17:00"," ","-20,20","","-25,60","","62,00","","33,00","","9,00","","25,00","","102,57","","","","-27,00","","Cristaux de glace"
"1999-04-02 18:00","1999","04","02","18:00"," ","-21,50","","-25,90","","68,00","","0,00","","0,00","","25,00","","102,64","","","","","","Cristaux de glace"
"1999-04-02 19:00","1999","04","02","19:00"," ","-21,80","","-26,70","","64,00","","34,00","","9,00","","25,00","","102,64","","","","-29,00","","Cristaux de glace"
"1999-04-02 20:00","1999","04","02","20:00"," ","-25,80","","-30,90","","62,00","","35,00","","6,00","","25,00","","102,61","","","","-32,00","","Cristaux de glace"
"1999-04-02 21:00","1999","04","02","21:00"," ","-24,90","","-28,60","","71,00","","0,00","","0,00","","25,00","","102,64","","","","","","Cristaux de glace"
"1999-04-02 22:00","1999","04","02","22:00"," ","-25,30","","-29,00","","71,00","","5,00","","7,00","","25,00","","102,64","","","","-32,00","","Cristaux de glace"
"1999-04-02 23:00","1999","04","02","23:00"," ","-26,10","","-30,20","","68,00","","7,00","","9,00","","25,00","","102,61","","","","-34,00","","Cristaux de glace"
"1999-04-03 00:00","1999","04","03","00:00"," ","-25,00","","-28,70","","71,00","","7,00","","9,00","","25,00","","102,61","","","","-33,00","","Cristaux de glace"
"1999-04-03 01:00","1999","04","03","01:00"," ","-24,80","","-27,90","","75,00","","7,00","","15,00","","25,00","","102,61","","","","-35,00","","Cristaux de glace"
"1999-04-03 02:00","1999","04","03","02:00"," ","-24,40","","-28,50","","69,00","","7,00","","13,00","","24,10","","102,57","","","","-34,00","","Cristaux de glace"
"1999-04-03 03:00","1999","04","03","03:00"," ","-23,70","","-27,50","","71,00","","7,00","","13,00","","24,10","","102,54","","","","-33,00","","Cristaux de glace"
"1999-04-03 04:00","1999","04","03","04:00"," ","-24,50","","-28,60","","69,00","","8,00","","19,00","","24,10","","102,47","","","","-36,00","","Cristaux de glace"
"1999-04-03 05:00","1999","04","03","05:00"," ","-24,20","","-28,10","","70,00","","8,00","","13,00","","24,10","","102,51","","","","-34,00","","Cristaux de glace"
"1999-04-03 06:00","1999","04","03","06:00"," ","-23,40","","-26,30","","77,00","","9,00","","19,00","","6,40","","102,44","","","","-34,00","","Cristaux de glace,Brouillard de glace"
"1999-04-03 07:00","1999","04","03","07:00"," ","-22,50","","-26,40","","70,00","","8,00","","20,00","","16,10","","102,37","","","","-34,00","","Cristaux de glace"
"1999-04-03 08:00","1999","04","03","08:00"," ","-21,50","","-24,80","","75,00","","10,00","","19,00","","6,40","","102,27","","","","-32,00","","Cristaux de glace,Brouillard de glace"
"1999-04-03 09:00","1999","04","03","09:00"," ","-20,30","","-23,40","","76,00","","9,00","","26,00","","4,80","","102,14","","","","-32,00","","Neige,Brouillard de glace"
"1999-04-03 10:00","1999","04","03","10:00"," ","-18,80","","-21,60","","79,00","","10,00","","20,00","","16,10","","102,04","","","","-29,00","","Cristaux de glace"
"1999-04-03 11:00","1999","04","03","11:00"," ","-15,30","","-19,40","","71,00","","14,00","","22,00","","19,30","","101,97","","","","-25,00","","Neige"
"1999-04-03 12:00","1999","04","03","12:00"," ","-13,50","","-15,00","","88,00","","16,00","","26,00","","19,30","","101,83","","","","-23,00","","Neige"
"1999-04-03 13:00","1999","04","03","13:00"," ","-12,30","","-14,80","","82,00","","17,00","","28,00","","19,30","","101,73","","","","-22,00","","Neige"
"1999-04-03 14:00","1999","04","03","14:00"," ","-11,90","","-14,70","","80,00","","16,00","","28,00","","19,30","","101,63","","","","-22,00","","Neige"
"1999-04-03 15:00","1999","04","03","15:00"," ","-11,60","","-13,60","","85,00","","16,00","","20,00","","19,30","","101,56","","","","-20,00","","Neige"
"1999-04-03 16:00","1999","04","03","16:00"," ","-11,20","","-13,20","","85,00","","16,00","","20,00","","19,30","","101,50","","","","-19,00","","Neige"
"1999-04-03 17:00","1999","04","03","17:00"," ","-10,50","","-12,50","","85,00","","18,00","","24,00","","16,10","","101,40","","","","-19,00","","Neige en grains"
"1999-04-03 18:00","1999","04","03","18:00"," ","-10,30","","-11,30","","92,00","","19,00","","17,00","","1,60","","101,33","","","","-18,00","","Neige,Neige en grains"
"1999-04-03 19:00","1999","04","03","19:00"," ","-9,90","","-10,70","","94,00","","20,00","","24,00","","1,20","","101,19","","","","-18,00","","Neige,Neige en grains"
"1999-04-03 20:00","1999","04","03","20:00"," ","-9,40","","-10,10","","95,00","","19,00","","19,00","","1,60","","101,13","","","","-17,00","","Neige"
"1999-04-03 21:00","1999","04","03","21:00"," ","-8,60","","-9,30","","95,00","","20,00","","17,00","","4,80","","101,06","","","","-15,00","","Neige"
"1999-04-03 22:00","1999","04","03","22:00"," ","-8,30","","-9,40","","92,00","","21,00","","11,00","","9,70","","101,06","","","","-14,00","","Neige"
"1999-04-03 23:00","1999","04","03","23:00"," ","-7,90","","-8,80","","93,00","","18,00","","4,00","","12,90","","101,03","","","","-10,00","","Neige"
"1999-04-04 00:00","1999","04","04","00:00"," ","-7,70","","-8,30","","95,00","","18,00","","11,00","","12,90","","100,96","","","","-13,00","","Neige"
"1999-04-04 01:00","1999","04","04","01:00"," ","-7,60","","-7,90","","98,00","","20,00","","7,00","","16,10","","100,99","","","","-11,00","","Neige"
"1999-04-04 02:00","1999","04","04","02:00"," ","-8,20","","-9,20","","92,00","","26,00","","7,00","","16,10","","100,99","","","","-12,00","","Neige"
"1999-04-04 03:00","1999","04","04","03:00"," ","-8,30","","-8,50","","98,00","","0,00","","0,00","","19,30","","101,03","","","","","","Neige"
"1999-04-04 04:00","1999","04","04","04:00"," ","-7,50","","-8,80","","90,00","","0,00","","0,00","","19,30","","101,09","","","","","","Neige"
"1999-04-04 05:00","1999","04","04","05:00"," ","-8,10","","-8,40","","98,00","","28,00","","9,00","","24,10","","101,13","","","","-13,00","","Neige"
"1999-04-04 06:00","1999","04","04","06:00"," ","-8,40","","-9,70","","90,00","","34,00","","15,00","","24,10","","101,19","","","","-15,00","","Généralement nuageux"
"1999-04-04 07:00","1999","04","04","07:00"," ","-10,60","","-12,40","","87,00","","34,00","","15,00","","25,00","","101,29","","","","-17,00","","Généralement nuageux"
"1999-04-04 08:00","1999","04","04","08:00"," ","-11,10","","-13,60","","82,00","","33,00","","33,00","","25,00","","101,29","","","","-21,00","","Généralement nuageux"
"1999-04-04 09:00","1999","04","04","09:00"," ","-11,00","","-13,40","","82,00","","33,00","","30,00","","25,00","","101,40","","","","-21,00","","Généralement dégagé"
"1999-04-04 10:00","1999","04","04","10:00"," ","-10,20","","-13,90","","74,00","","35,00","","32,00","","25,00","","101,50","","","","-20,00","","Généralement dégagé"
"1999-04-04 11:00","1999","04","04","11:00"," ","-9,50","","-12,50","","79,00","","34,00","","39,00","","25,00","","101,46","","","","-20,00","","Généralement nuageux"
"1999-04-04 12:00","1999","04","04","12:00"," ","-8,40","","-11,80","","76,00","","8,00","","6,00","","25,00","","101,60","","","","-12,00","","Généralement nuageux"
"1999-04-04 13:00","1999","04","04","13:00"," ","-8,40","","-12,10","","75,00","","34,00","","26,00","","25,00","","101,66","","","","-17,00","","Généralement nuageux"
"1999-04-04 14:00","1999","04","04","14:00"," ","-8,40","","-12,30","","73,00","","33,00","","13,00","","25,00","","101,73","","","","-14,00","","Généralement dégagé"
"1999-04-04 15:00","1999","04","04","15:00"," ","-9,10","","-13,20","","72,00","","35,00","","28,00","","25,00","","101,77","","","","-18,00","","Généralement nuageux"
"1999-04-04 16:00","1999","04","04","16:00"," ","-9,70","","-13,60","","73,00","","2,00","","13,00","","25,00","","101,80","","","","-16,00","","Généralement nuageux"
"1999-04-04 17:00","1999","04","04","17:00"," ","-10,80","","-14,90","","72,00","","33,00","","13,00","","25,00","","101,87","","","","-17,00","","Généralement nuageux"
"1999-04-04 18:00","1999","04","04","18:00"," ","-12,10","","-15,90","","73,00","","33,00","","17,00","","25,00","","101,90","","","","-20,00","","Généralement nuageux"
"1999-04-04 19:00","1999","04","04","19:00"," ","-12,10","","-15,70","","75,00","","29,00","","15,00","","25,00","","101,93","","","","-19,00","","Généralement dégagé"
"1999-04-04 20:00","1999","04","04","20:00"," ","-13,90","","-16,80","","79,00","","36,00","","15,00","","25,00","","102,00","","","","-22,00","","Généralement nuageux"
"1999-04-04 21:00","1999","04","04","21:00"," ","-14,10","","-17,50","","75,00","","33,00","","17,00","","25,00","","102,00","","","","-22,00","","Généralement dégagé"
"1999-04-04 22:00","1999","04","04","22:00"," ","-14,90","","-17,70","","79,00","","36,00","","15,00","","25,00","","102,07","","","","-23,00","","Généralement dégagé"
"1999-04-04 23:00","1999","04","04","23:00"," ","-15,20","","-17,70","","81,00","","36,00","","15,00","","25,00","","102,10","","","","-23,00","","Généralement dégagé"
"1999-04-05 00:00","1999","04","05","00:00"," ","-16,20","","-18,40","","83,00","","32,00","","20,00","","25,00","","102,14","","","","-26,00","","Généralement dégagé"
"1999-04-05 01:00","1999","04","05","01:00"," ","-16,90","","-19,50","","80,00","","35,00","","17,00","","25,00","","102,10","","","","-26,00","","Généralement dégagé"
"1999-04-05 02:00","1999","04","05","02:00"," ","-17,90","","-20,60","","79,00","","36,00","","22,00","","25,00","","102,10","","","","-28,00","","Généralement nuageux"
"1999-04-05 03:00","1999","04","05","03:00"," ","-17,60","","-20,30","","79,00","","36,00","","22,00","","25,00","","102,14","","","","-28,00","","Généralement nuageux"
"1999-04-05 04:00","1999","04","05","04:00"," ","-18,40","","-22,00","","73,00","","36,00","","24,00","","25,00","","102,17","","","","-29,00","","Généralement nuageux"
"1999-04-05 05:00","1999","04","05","05:00"," ","-18,90","","-23,00","","70,00","","35,00","","22,00","","25,00","","102,17","","","","-30,00","","Généralement nuageux"
"1999-04-05 06:00","1999","04","05","06:00"," ","-19,90","","-23,90","","70,00","","36,00","","13,00","","25,00","","102,20","","","","-28,00","","Généralement nuageux"
"1999-04-05 07:00","1999","04","05","07:00"," ","-21,00","","-24,70","","72,00","","36,00","","17,00","","25,00","","102,20","","","","-31,00","","Généralement dégagé"
"1999-04-05 08:00","1999","04","05","08:00"," ","-19,80","","-26,00","","58,00","","36,00","","24,00","","25,00","","102,14","","","","-31,00","","Généralement nuageux"
"1999-04-05 09:00","1999","04","05","09:00"," ","-18,80","","-24,00","","64,00","","35,00","","19,00","","25,00","","102,14","","","","-29,00","","Généralement dégagé"
"1999-04-05 10:00","1999","04","05","10:00"," ","-17,10","","-21,40","","69,00","","33,00","","7,00","","25,00","","102,14","","","","-22,00","","Généralement dégagé"
"1999-04-05 11:00","1999","04","05","11:00"," ","-15,10","","-19,90","","67,00","","1,00","","6,00","","25,00","","102,10","","","","-19,00","","Généralement dégagé"
"1999-04-05 12:00","1999","04","05","12:00"," ","-13,40","","-19,50","","60,00","","0,00","","0,00","","25,00","","102,10","","","","","","Généralement nuageux"
"1999-04-05 13:00","1999","04","05","13:00"," ","-14,20","","-18,60","","69,00","","12,00","","6,00","","25,00","","102,04","","","","-18,00","","Nuageux"
"1999-04-05 14:00","1999","04","05","14:00"," ","-14,60","","-18,00","","75,00","","14,00","","4,00","","25,00","","101,97","","","","-17,00","","Nuageux"
"1999-04-05 15:00","1999","04","05","15:00"," ","-14,60","","-17,70","","77,00","","11,00","","7,00","","25,00","","101,90","","","","-19,00","","Nuageux"
"1999-04-05 16:00","1999","04","05","16:00"," ","-14,10","","-17,20","","77,00","","10,00","","4,00","","12,90","","101,90","","","","-17,00","","Nuageux"
"1999-04-05 17:00","1999","04","05","17:00"," ","-13,80","","-17,20","","75,00","","9,00","","11,00","","12,90","","101,83","","","","-20,00","","Nuageux"
"1999-04-05 18:00","1999","04","05","18:00"," ","-13,80","","-18,10","","70,00","","9,00","","9,00","","16,10","","101,77","","","","-19,00","","Nuageux"
"1999-04-05 19:00","1999","04","05","19:00"," ","-14,60","","-17,80","","77,00","","12,00","","9,00","","16,10","","101,73","","","","-20,00","","Nuageux"
"1999-04-05 20:00","1999","04","05","20:00"," ","-14,90","","-18,10","","77,00","","8,00","","22,00","","19,30","","101,73","","","","-24,00","","Nuageux"
"1999-04-05 21:00","1999","04","05","21:00"," ","-15,00","","-17,90","","78,00","","9,00","","26,00","","19,30","","101,60","","","","-25,00","","Nuageux"
"1999-04-05 22:00","1999","04","05","22:00"," ","-15,20","","-18,60","","75,00","","8,00","","28,00","","19,30","","101,56","","","","-26,00","","Nuageux"
"1999-04-05 23:00","1999","04","05","23:00"," ","-15,10","","-18,00","","78,00","","9,00","","28,00","","4,80","","101,46","","","","-26,00","","Neige"
"1999-04-06 00:00","1999","04","06","00:00"," ","-15,20","","-18,00","","79,00","","9,00","","30,00","","8,00","","101,40","","","","-26,00","","Neige"
"1999-04-06 01:00","1999","04","06","01:00"," ","-15,50","","-18,30","","79,00","","7,00","","28,00","","16,10","","101,26","","","","-26,00","","Neige"
"1999-04-06 02:00","1999","04","06","02:00"," ","-15,90","","-18,90","","78,00","","8,00","","28,00","","16,10","","101,19","","","","-27,00","","Neige"
"1999-04-06 03:00","1999","04","06","03:00"," ","-15,90","","-18,60","","80,00","","9,00","","26,00","","16,10","","101,16","","","","-27,00","","Neige"
"1999-04-06 04:00","1999","04","06","04:00"," ","-15,40","","-18,50","","77,00","","8,00","","24,00","","12,90","","101,06","","","","-26,00","","Neige"
"1999-04-06 05:00","1999","04","06","05:00"," ","-14,80","","-17,80","","78,00","","8,00","","28,00","","4,80","","100,96","","","","-25,00","","Neige,Poudrerie élevée"
"1999-04-06 06:00","1999","04","06","06:00"," ","-14,70","","-17,50","","79,00","","8,00","","30,00","","4,80","","100,92","","","","-26,00","","Neige,Poudrerie élevée"
"1999-04-06 07:00","1999","04","06","07:00"," ","-14,30","","-16,40","","84,00","","7,00","","32,00","","4,80","","100,86","","","","-25,00","","Neige,Poudrerie élevée"
"1999-04-06 08:00","1999","04","06","08:00"," ","-13,80","","-16,10","","83,00","","8,00","","30,00","","4,80","","100,82","","","","-24,00","","Neige,Poudrerie élevée"
"1999-04-06 09:00","1999","04","06","09:00"," ","-13,10","","-14,40","","90,00","","8,00","","32,00","","4,80","","100,76","","","","-24,00","","Neige,Poudrerie élevée"
"1999-04-06 10:00","1999","04","06","10:00"," ","-12,30","","-14,40","","84,00","","8,00","","33,00","","6,40","","100,69","","","","-23,00","","Neige,Poudrerie élevée"
"1999-04-06 11:00","1999","04","06","11:00"," ","-11,30","","-13,00","","87,00","","9,00","","35,00","","2,40","","100,59","","","","-22,00","","Neige,Poudrerie élevée"
"1999-04-06 12:00","1999","04","06","12:00"," ","-10,80","","-12,10","","90,00","","9,00","","33,00","","1,60","","100,59","","","","-21,00","","Poudrerie élevée"
"1999-04-06 13:00","1999","04","06","13:00"," ","-10,50","","-12,00","","89,00","","9,00","","37,00","","1,60","","100,55","","","","-21,00","","Neige,Poudrerie élevée"
"1999-04-06 14:00","1999","04","06","14:00"," ","-10,30","","-11,80","","89,00","","9,00","","33,00","","0,40","","100,49","","","","-20,00","","Neige,Poudrerie élevée"
"1999-04-06 15:00","1999","04","06","15:00"," ","-10,00","","-11,00","","92,00","","9,00","","37,00","","0,60","","100,39","","","","-20,00","","Neige,Poudrerie élevée"
"1999-04-06 16:00","1999","04","06","16:00"," ","-9,60","","-11,10","","89,00","","10,00","","32,00","","1,60","","100,35","","","","-19,00","","Neige,Poudrerie élevée"
"1999-04-06 17:00","1999","04","06","17:00"," ","-9,60","","-10,60","","92,00","","8,00","","35,00","","1,60","","100,32","","","","-20,00","","Neige,Poudrerie élevée"
"1999-04-06 18:00","1999","04","06","18:00"," ","-9,30","","-10,80","","89,00","","8,00","","39,00","","2,00","","100,29","","","","-20,00","","Neige,Poudrerie élevée"
"1999-04-06 19:00","1999","04","06","19:00"," ","-9,30","","-10,30","","92,00","","9,00","","30,00","","4,80","","100,25","","","","-19,00","","Poudrerie élevée"
"1999-04-06 20:00","1999","04","06","20:00"," ","-9,50","","-10,70","","91,00","","10,00","","35,00","","4,80","","100,22","","","","-20,00","","Poudrerie élevée"
"1999-04-06 21:00","1999","04","06","21:00"," ","-9,50","","-10,10","","95,00","","9,00","","32,00","","4,80","","100,18","","","","-19,00","","Neige,Poudrerie élevée"
"1999-04-06 22:00","1999","04","06","22:00"," ","-9,60","","-10,40","","94,00","","10,00","","32,00","","4,80","","100,15","","","","-19,00","","Neige,Poudrerie élevée"
"1999-04-06 23:00","1999","04","06","23:00"," ","-9,60","","-10,30","","95,00","","9,00","","44,00","","0,80","","100,05","","","","-21,00","","Neige,Poudrerie élevée"
"1999-04-07 00:00","1999","04","07","00:00"," ","-9,70","","-11,20","","89,00","","9,00","","43,00","","0,60","","99,98","","","","-21,00","","Neige,Poudrerie élevée"
"1999-04-07 01:00","1999","04","07","01:00"," ","-9,50","","-11,00","","89,00","","9,00","","39,00","","0,20","","99,91","","","","-20,00","","Neige,Poudrerie élevée"
"1999-04-07 02:00","1999","04","07","02:00"," ","-9,20","","-10,40","","91,00","","9,00","","33,00","","0,40","","99,88","","","","-19,00","","Neige,Poudrerie élevée"
"1999-04-07 03:00","1999","04","07","03:00"," ","-9,00","","-10,20","","91,00","","9,00","","32,00","","0,40","","99,81","","","","-18,00","","Neige,Poudrerie élevée"
"1999-04-07 04:00","1999","04","07","04:00"," ","-8,80","","-10,20","","90,00","","10,00","","32,00","","0,40","","99,81","","","","-18,00","","Neige,Poudrerie élevée"
"1999-04-07 05:00","1999","04","07","05:00"," ","-8,90","","-10,10","","91,00","","9,00","","32,00","","0,60","","99,81","","","","-18,00","","Neige,Poudrerie élevée"
"1999-04-07 06:00","1999","04","07","06:00"," ","-8,90","","-9,90","","92,00","","9,00","","30,00","","0,60","","99,78","","","","-18,00","","Neige,Poudrerie élevée"
"1999-04-07 07:00","1999","04","07","07:00"," ","-8,60","","-9,90","","90,00","","9,00","","35,00","","1,00","","99,75","","","","-18,00","","Neige,Poudrerie élevée"
"1999-04-07 08:00","1999","04","07","08:00"," ","-8,30","","-9,10","","94,00","","10,00","","24,00","","1,20","","99,78","","","","-16,00","","Neige"
"1999-04-07 09:00","1999","04","07","09:00"," ","-8,10","","-9,20","","92,00","","11,00","","20,00","","1,00","","99,78","","","","-15,00","","Neige"
"1999-04-07 10:00","1999","04","07","10:00"," ","-7,80","","-8,70","","93,00","","9,00","","24,00","","0,60","","99,71","","","","-16,00","","Neige,Poudrerie élevée"
"1999-04-07 11:00","1999","04","07","11:00"," ","-7,10","","-7,80","","95,00","","10,00","","22,00","","0,40","","99,68","","","","-15,00","","Neige modérée,Poudrerie élevée"
"1999-04-07 12:00","1999","04","07","12:00"," ","-6,70","","-7,20","","96,00","","11,00","","24,00","","0,60","","99,68","","","","-14,00","","Neige modérée"
"1999-04-07 13:00","1999","04","07","13:00"," ","-6,20","","-6,70","","96,00","","11,00","","24,00","","0,60","","99,68","","","","-14,00","","Neige modérée"
"1999-04-07 14:00","1999","04","07","14:00"," ","-5,80","","-6,70","","93,00","","11,00","","22,00","","1,00","","99,68","","","","-13,00","","Neige"
"1999-04-07 15:00","1999","04","07","15:00"," ","-5,50","","-5,90","","97,00","","11,00","","24,00","","0,80","","99,68","","","","-13,00","","Neige modérée"
"1999-04-07 16:00","1999","04","07","16:00"," ","-5,60","","-6,00","","97,00","","11,00","","28,00","","0,80","","99,71","","","","-14,00","","Neige modérée"
"1999-04-07 17:00","1999","04","07","17:00"," ","-5,80","","-6,20","","97,00","","11,00","","26,00","","1,60","","99,71","","","","-14,00","","Neige"
"1999-04-07 18:00","1999","04","07","18:00"," ","-6,10","","-6,40","","98,00","","11,00","","24,00","","1,60","","99,75","","","","-14,00","","Neige"
"1999-04-07 19:00","1999","04","07","19:00"," ","-6,40","","-7,00","","95,00","","10,00","","22,00","","3,20","","99,75","","","","-14,00","","Neige"
"1999-04-07 20:00","1999","04","07","20:00"," ","-6,80","","-7,50","","95,00","","10,00","","24,00","","4,80","","99,78","","","","-14,00","","Neige"
"1999-04-07 21:00","1999","04","07","21:00"," ","-7,50","","-8,40","","93,00","","10,00","","28,00","","4,80","","99,78","","","","-16,00","","Neige"
"1999-04-07 22:00","1999","04","07","22:00"," ","-8,00","","-8,90","","93,00","","10,00","","24,00","","4,80","","99,78","","","","-16,00","","Neige"
"1999-04-07 23:00","1999","04","07","23:00"," ","-8,50","","-9,60","","92,00","","10,00","","22,00","","3,20","","99,78","","","","-16,00","","Neige"
"1999-04-08 00:00","1999","04","08","00:00"," ","-8,80","","-9,90","","92,00","","10,00","","19,00","","4,80","","99,78","","","","-16,00","","Neige"
"1999-04-08 01:00","1999","04","08","01:00"," ","-8,80","","-10,10","","90,00","","10,00","","22,00","","16,10","","99,81","","","","-17,00","","Neige"
"1999-04-08 02:00","1999","04","08","02:00"," ","-9,10","","-10,00","","93,00","","10,00","","20,00","","16,10","","99,85","","","","-17,00","","Neige"
"1999-04-08 03:00","1999","04","08","03:00"," ","-9,70","","-10,80","","92,00","","9,00","","22,00","","8,00","","99,88","","","","-18,00","","Neige"
"1999-04-08 04:00","1999","04","08","04:00"," ","-9,70","","-10,80","","92,00","","9,00","","15,00","","16,10","","99,88","","","","-16,00","","Neige"
"1999-04-08 05:00","1999","04","08","05:00"," ","-9,80","","-10,60","","94,00","","10,00","","15,00","","12,90","","99,91","","","","-16,00","","Neige"
"1999-04-08 06:00","1999","04","08","06:00"," ","-10,10","","-11,50","","89,00","","10,00","","17,00","","8,00","","99,91","","","","-17,00","","Neige"
"1999-04-08 07:00","1999","04","08","07:00"," ","-10,40","","-11,60","","91,00","","11,00","","22,00","","6,40","","99,95","","","","-19,00","","Neige"
"1999-04-08 08:00","1999","04","08","08:00"," ","-10,70","","-11,90","","91,00","","9,00","","19,00","","4,80","","99,98","","","","-19,00","","Neige"
"1999-04-08 09:00","1999","04","08","09:00"," ","-10,80","","-11,90","","92,00","","10,00","","17,00","","3,20","","100,02","","","","-18,00","","Neige"
"1999-04-08 10:00","1999","04","08","10:00"," ","-10,40","","-10,80","","97,00","","12,00","","13,00","","0,60","","100,05","","","","-17,00","","Neige,Brouillard de glace"
"1999-04-08 11:00","1999","04","08","11:00"," ","-10,40","","-11,20","","94,00","","10,00","","9,00","","9,70","","100,08","","","","-15,00","","Neige,Brouillard de glace"
"1999-04-08 12:00","1999","04","08","12:00"," ","-9,60","","-10,60","","92,00","","11,00","","7,00","","9,70","","100,12","","","","-14,00","","Neige,Brouillard de glace"
"1999-04-08 13:00","1999","04","08","13:00"," ","-9,80","","-10,70","","93,00","","8,00","","7,00","","9,70","","100,12","","","","-14,00","","Brouillard"
"1999-04-08 14:00","1999","04","08","14:00"," ","-9,90","","-10,50","","95,00","","8,00","","9,00","","16,10","","100,15","","","","-15,00","","Nuageux"
"1999-04-08 15:00","1999","04","08","15:00"," ","-9,80","","-11,50","","87,00","","9,00","","9,00","","16,10","","100,15","","","","-15,00","","Nuageux"
"1999-04-08 16:00","1999","04","08","16:00"," ","-9,70","","-10,80","","92,00","","9,00","","9,00","","19,30","","100,18","","","","-15,00","","Nuageux"
"1999-04-08 17:00","1999","04","08","17:00"," ","-11,00","","-12,50","","89,00","","11,00","","11,00","","24,10","","100,25","","","","-17,00","","Nuageux"
"1999-04-08 18:00","1999","04","08","18:00"," ","-12,30","","-13,30","","92,00","","8,00","","6,00","","24,10","","100,29","","","","-16,00","","Nuageux"
"1999-04-08 19:00","1999","04","08","19:00"," ","-13,40","","-15,00","","88,00","","5,00","","13,00","","24,10","","100,29","","","","-20,00","","Nuageux"
"1999-04-08 20:00","1999","04","08","20:00"," ","-14,60","","-15,80","","91,00","","7,00","","13,00","","24,10","","100,32","","","","-22,00","","Nuageux"
"1999-04-08 21:00","1999","04","08","21:00"," ","-15,60","","-18,10","","81,00","","5,00","","15,00","","24,10","","100,32","","","","-24,00","","Nuageux"
"1999-04-08 22:00","1999","04","08","22:00"," ","-15,40","","-16,50","","91,00","","35,00","","17,00","","24,10","","100,32","","","","-24,00","","Neige"
"1999-04-08 23:00","1999","04","08","23:00"," ","-14,00","","-14,90","","93,00","","1,00","","17,00","","19,30","","100,32","","","","-22,00","","Neige"
"1999-04-09 00:00","1999","04","09","00:00"," ","-13,90","","-15,20","","90,00","","2,00","","15,00","","19,30","","100,32","","","","-22,00","","Neige"
"1999-04-09 01:00","1999","04","09","01:00"," ","-13,40","","-15,00","","88,00","","2,00","","13,00","","19,30","","100,32","","","","-20,00","","Neige"
"1999-04-09 02:00","1999","04","09","02:00"," ","-14,50","","-15,80","","90,00","","32,00","","17,00","","19,30","","100,32","","","","-23,00","","Neige"
"1999-04-09 03:00","1999","04","09","03:00"," ","-13,70","","-15,70","","85,00","","33,00","","17,00","","19,30","","100,35","","","","-22,00","","Neige"
"1999-04-09 04:00","1999","04","09","04:00"," ","-13,10","","-15,10","","85,00","","34,00","","22,00","","16,10","","100,35","","","","-22,00","","Neige"
"1999-04-09 05:00","1999","04","09","05:00"," ","-11,90","","-14,00","","84,00","","35,00","","17,00","","16,10","","100,39","","","","-20,00","","Neige"
"1999-04-09 06:00","1999","04","09","06:00"," ","-12,80","","-14,30","","88,00","","36,00","","22,00","","11,30","","100,42","","","","-22,00","","Neige"
"1999-04-09 07:00","1999","04","09","07:00"," ","-13,50","","-15,90","","82,00","","35,00","","19,00","","16,10","","100,45","","","","-22,00","","Neige"
"1999-04-09 08:00","1999","04","09","08:00"," ","-12,50","","-14,20","","87,00","","1,00","","19,00","","9,70","","100,45","","","","-21,00","","Neige"
"1999-04-09 09:00","1999","04","09","09:00"," ","-12,20","","-14,70","","82,00","","1,00","","17,00","","8,00","","100,49","","","","-20,00","","Neige"
"1999-04-09 10:00","1999","04","09","10:00"," ","-10,40","","-12,20","","87,00","","35,00","","11,00","","4,80","","100,52","","","","-16,00","","Neige"
"1999-04-09 11:00","1999","04","09","11:00"," ","-9,90","","-11,60","","87,00","","34,00","","11,00","","8,00","","100,52","","","","-15,00","","Neige"
"1999-04-09 12:00","1999","04","09","12:00"," ","-9,70","","-11,60","","86,00","","31,00","","13,00","","12,90","","100,52","","","","-16,00","","Neige"
"1999-04-09 13:00","1999","04","09","13:00"," ","-7,30","","-9,40","","85,00","","34,00","","7,00","","19,30","","100,59","","","","-11,00","","Neige"
"1999-04-09 14:00","1999","04","09","14:00"," ","-7,00","","-9,00","","86,00","","33,00","","7,00","","19,30","","100,59","","","","-11,00","","Neige"
"1999-04-09 15:00","1999","04","09","15:00"," ","-6,90","","-8,80","","86,00","","2,00","","9,00","","24,10","","100,62","","","","-11,00","","Généralement nuageux"
"1999-04-09 16:00","1999","04","09","16:00"," ","-8,40","","-11,00","","81,00","","34,00","","11,00","","25,00","","100,66","","","","-14,00","","Nuageux"
"1999-04-09 17:00","1999","04","09","17:00"," ","-9,60","","-11,90","","83,00","","34,00","","19,00","","25,00","","100,76","","","","-17,00","","Généralement nuageux"
"1999-04-09 18:00","1999","04","09","18:00"," ","-10,70","","-12,90","","84,00","","35,00","","22,00","","25,00","","100,79","","","","-19,00","","Généralement nuageux"
"1999-04-09 19:00","1999","04","09","19:00"," ","-14,30","","-16,30","","85,00","","33,00","","20,00","","25,00","","100,86","","","","-23,00","","Généralement nuageux"
"1999-04-09 20:00","1999","04","09","20:00"," ","-15,30","","-17,40","","84,00","","32,00","","19,00","","25,00","","100,92","","","","-24,00","","Généralement nuageux"
"1999-04-09 21:00","1999","04","09","21:00"," ","-15,20","","-17,90","","80,00","","33,00","","22,00","","25,00","","100,92","","","","-25,00","","Généralement dégagé"
"1999-04-09 22:00","1999","04","09","22:00"," ","-16,70","","-18,50","","86,00","","33,00","","22,00","","24,10","","100,96","","","","-27,00","","Généralement dégagé"
"1999-04-09 23:00","1999","04","09","23:00"," ","-17,20","","-18,90","","87,00","","33,00","","24,00","","24,10","","101,03","","","","-28,00","","Généralement dégagé"
"1999-04-10 00:00","1999","04","10","00:00"," ","-15,50","","-17,70","","83,00","","34,00","","24,00","","24,10","","101,06","","","","-26,00","","Dégagé"
"1999-04-10 01:00","1999","04","10","01:00"," ","-18,60","","-19,60","","92,00","","33,00","","20,00","","24,10","","101,09","","","","-29,00","","Généralement dégagé"
"1999-04-10 02:00","1999","04","10","02:00"," ","-17,00","","-18,70","","87,00","","33,00","","22,00","","24,10","","101,13","","","","-27,00","","Cristaux de glace"
"1999-04-10 03:00","1999","04","10","03:00"," ","-15,70","","-18,20","","81,00","","34,00","","28,00","","24,10","","101,16","","","","-27,00","","Neige"
"1999-04-10 04:00","1999","04","10","04:00"," ","-18,80","","-19,60","","93,00","","32,00","","15,00","","24,10","","101,29","","","","-28,00","","Cristaux de glace"
"1999-04-10 05:00","1999","04","10","05:00"," ","-18,30","","-19,90","","87,00","","35,00","","22,00","","24,10","","101,29","","","","-29,00","","Cristaux de glace"
"1999-04-10 06:00","1999","04","10","06:00"," ","-16,90","","-19,20","","82,00","","34,00","","22,00","","25,00","","101,40","","","","-27,00","","Cristaux de glace"
"1999-04-10 07:00","1999","04","10","07:00"," ","-18,50","","-20,80","","82,00","","32,00","","22,00","","25,00","","101,46","","","","-29,00","","Cristaux de glace"
"1999-04-10 08:00","1999","04","10","08:00"," ","-16,30","","-18,40","","84,00","","33,00","","22,00","","25,00","","101,53","","","","-26,00","","Cristaux de glace"
"1999-04-10 09:00","1999","04","10","09:00"," ","-15,20","","-18,00","","79,00","","34,00","","19,00","","25,00","","101,53","","","","-24,00","","Généralement dégagé"
"1999-04-10 10:00","1999","04","10","10:00"," ","-13,80","","-15,70","","86,00","","32,00","","19,00","","25,00","","101,53","","","","-22,00","","Généralement dégagé"
"1999-04-10 11:00","1999","04","10","11:00"," ","-12,40","","-14,50","","84,00","","33,00","","9,00","","25,00","","101,60","","","","-18,00","","Généralement dégagé"
"1999-04-10 12:00","1999","04","10","12:00"," ","-11,20","","-13,70","","82,00","","34,00","","7,00","","25,00","","101,60","","","","-15,00","","Généralement dégagé"
"1999-04-10 13:00","1999","04","10","13:00"," ","-9,00","","-13,50","","70,00","","0,00","","0,00","","25,00","","101,63","","","","","","Généralement dégagé"
"1999-04-10 14:00","1999","04","10","14:00"," ","-9,50","","-13,00","","76,00","","0,00","","0,00","","25,00","","101,63","","","","","","Généralement dégagé"
"1999-04-10 15:00","1999","04","10","15:00"," ","-9,60","","-12,70","","78,00","","13,00","","2,00","","25,00","","101,63","","","","-11,00","","Généralement dégagé"
"1999-04-10 16:00","1999","04","10","16:00"," ","-11,50","","-13,50","","85,00","","9,00","","6,00","","25,00","","101,66","","","","-15,00","","Généralement dégagé"
"1999-04-10 17:00","1999","04","10","17:00"," ","-13,40","","-14,90","","88,00","","10,00","","6,00","","25,00","","101,70","","","","-17,00","","Généralement nuageux"
"1999-04-10 18:00","1999","04","10","18:00"," ","-15,00","","-16,70","","87,00","","10,00","","9,00","","25,00","","101,70","","","","-21,00","","Généralement nuageux"
"1999-04-10 19:00","1999","04","10","19:00"," ","-15,40","","-16,60","","90,00","","7,00","","9,00","","25,00","","101,70","","","","-21,00","","Nuageux"
"1999-04-10 20:00","1999","04","10","20:00"," ","-16,20","","-17,40","","90,00","","8,00","","13,00","","25,00","","101,66","","","","-24,00","","Nuageux"
"1999-04-10 21:00","1999","04","10","21:00"," ","-16,30","","-17,80","","88,00","","8,00","","17,00","","24,10","","101,63","","","","-25,00","","Nuageux"
"1999-04-10 22:00","1999","04","10","22:00"," ","-13,90","","-15,30","","89,00","","9,00","","22,00","","24,10","","101,56","","","","-23,00","","Nuageux"
"1999-04-10 23:00","1999","04","10","23:00"," ","-13,20","","-14,80","","88,00","","9,00","","24,00","","24,10","","101,53","","","","-23,00","","Neige"
"1999-04-11 00:00","1999","04","11","00:00"," ","-12,80","","-14,10","","90,00","","9,00","","22,00","","16,10","","101,53","","","","-22,00","","Neige"
"1999-04-11 01:00","1999","04","11","01:00"," ","-12,60","","-13,90","","90,00","","10,00","","26,00","","2,40","","101,43","","","","-22,00","","Neige,Brouillard de glace"
"1999-04-11 02:00","1999","04","11","02:00"," ","-12,00","","-13,60","","88,00","","10,00","","24,00","","1,20","","101,26","","","","-21,00","","Neige,Brouillard de glace,Poudrerie élevée"
"1999-04-11 03:00","1999","04","11","03:00"," ","-11,20","","-12,30","","92,00","","10,00","","28,00","","1,20","","101,16","","","","-21,00","","Neige,Poudrerie élevée"
"1999-04-11 04:00","1999","04","11","04:00"," ","-10,30","","-11,10","","94,00","","10,00","","32,00","","6,40","","101,06","","","","-20,00","","Neige,Poudrerie élevée"
"1999-04-11 05:00","1999","04","11","05:00"," ","-9,00","","-9,60","","95,00","","12,00","","30,00","","4,80","","100,89","","","","-18,00","","Neige,Poudrerie élevée"
"1999-04-11 06:00","1999","04","11","06:00"," ","-8,60","","-9,10","","96,00","","13,00","","28,00","","8,00","","100,86","","","","-17,00","","Neige,Poudrerie élevée"
"1999-04-11 07:00","1999","04","11","07:00"," ","-8,10","","-8,70","","95,00","","14,00","","32,00","","12,90","","100,79","","","","-17,00","","Neige"
"1999-04-11 08:00","1999","04","11","08:00"," ","-7,80","","-8,70","","93,00","","16,00","","32,00","","16,10","","100,69","","","","-17,00","","Neige"
"1999-04-11 09:00","1999","04","11","09:00"," ","-7,50","","-8,00","","96,00","","16,00","","33,00","","1,20","","100,62","","","","-17,00","","Neige,Poudrerie élevée"
"1999-04-11 10:00","1999","04","11","10:00"," ","-7,30","","-8,10","","94,00","","18,00","","33,00","","0,80","","100,59","","","","-16,00","","Neige modérée,Poudrerie élevée"
"1999-04-11 11:00","1999","04","11","11:00"," ","-7,20","","-7,90","","95,00","","18,00","","30,00","","1,20","","100,55","","","","-16,00","","Neige"
"1999-04-11 12:00","1999","04","11","12:00"," ","-6,70","","-7,50","","94,00","","18,00","","22,00","","12,90","","100,52","","","","-14,00","","Neige"
"1999-04-11 13:00","1999","04","11","13:00"," ","-5,80","","-6,50","","95,00","","21,00","","22,00","","19,30","","100,55","","","","-13,00","","Neige"
"1999-04-11 14:00","1999","04","11","14:00"," ","-5,00","","-5,50","","96,00","","25,00","","33,00","","19,30","","100,62","","","","-13,00","","Nuageux"
"1999-04-11 15:00","1999","04","11","15:00"," ","-6,60","","-8,10","","89,00","","23,00","","28,00","","24,10","","100,69","","","","-15,00","","Généralement dégagé"
"1999-04-11 16:00","1999","04","11","16:00"," ","-6,00","","-7,90","","86,00","","23,00","","11,00","","24,10","","100,79","","","","-11,00","","Généralement dégagé"
"1999-04-11 17:00","1999","04","11","17:00"," ","-7,20","","-8,60","","90,00","","21,00","","13,00","","25,00","","100,82","","","","-13,00","","Généralement dégagé"
"1999-04-11 18:00","1999","04","11","18:00"," ","-8,40","","-9,80","","90,00","","21,00","","17,00","","25,00","","100,89","","","","-15,00","","Dégagé"
"1999-04-11 19:00","1999","04","11","19:00"," ","-9,30","","-10,50","","91,00","","21,00","","24,00","","25,00","","100,89","","","","-18,00","","Généralement nuageux"
"1999-04-11 20:00","1999","04","11","20:00"," ","-8,00","","-9,10","","92,00","","20,00","","22,00","","24,10","","100,89","","","","-16,00","","Nuageux"
"1999-04-11 21:00","1999","04","11","21:00"," ","-7,50","","-9,30","","87,00","","21,00","","22,00","","8,00","","100,89","","","","-15,00","","Neige"
"1999-04-11 22:00","1999","04","11","22:00"," ","-7,20","","-8,00","","94,00","","22,00","","28,00","","4,80","","100,92","","","","-16,00","","Neige"
"1999-04-11 23:00","1999","04","11","23:00"," ","-10,50","","-13,10","","81,00","","26,00","","35,00","","6,40","","100,99","","","","-21,00","","Poudrerie élevée"
"1999-04-12 00:00","1999","04","12","00:00"," ","-13,10","","-15,20","","84,00","","27,00","","24,00","","19,30","","101,06","","","","-23,00","","Généralement dégagé"
"1999-04-12 01:00","1999","04","12","01:00"," ","-14,80","","-16,20","","89,00","","27,00","","26,00","","19,30","","101,13","","","","-25,00","","Généralement dégagé"
"1999-04-12 02:00","1999","04","12","02:00"," ","-16,30","","-18,10","","86,00","","28,00","","22,00","","19,30","","101,19","","","","-26,00","","Cristaux de glace"
"1999-04-12 03:00","1999","04","12","03:00"," ","","","","","","","","","","","","","","","","","","",""
"1999-04-12 04:00","1999","04","12","04:00"," ","-17,10","","-18,90","","86,00","","27,00","","22,00","","24,10","","101,36","","","","-27,00","","Cristaux de glace"
"1999-04-12 05:00","1999","04","12","05:00"," ","-19,20","","-19,70","","96,00","","24,00","","11,00","","25,00","","101,43","","","","-27,00","","Cristaux de glace"
"1999-04-12 06:00","1999","04","12","06:00"," ","-22,00","","-22,70","","94,00","","23,00","","11,00","","25,00","","101,50","","","","-30,00","","Cristaux de glace"
"1999-04-12 07:00","1999","04","12","07:00"," ","-17,90","","-18,90","","92,00","","28,00","","15,00","","25,00","","101,53","","","","-26,00","","Cristaux de glace"
"1999-04-12 08:00","1999","04","12","08:00"," ","-19,90","","-21,00","","91,00","","31,00","","11,00","","25,00","","101,56","","","","-28,00","","Cristaux de glace"
"1999-04-12 09:00","1999","04","12","09:00"," ","-17,80","","-19,90","","84,00","","23,00","","6,00","","25,00","","101,63","","","","-22,00","","Cristaux de glace"
"1999-04-12 10:00","1999","04","12","10:00"," ","-16,80","","-19,30","","81,00","","25,00","","6,00","","25,00","","101,66","","","","-21,00","","Généralement dégagé"
"1999-04-12 11:00","1999","04","12","11:00"," ","-16,40","","-19,00","","80,00","","27,00","","17,00","","25,00","","101,70","","","","-25,00","","Généralement dégagé"
"1999-04-12 12:00","1999","04","12","12:00"," ","-15,70","","-17,70","","85,00","","26,00","","17,00","","25,00","","101,73","","","","-24,00","","Généralement dégagé"
"1999-04-12 13:00","1999","04","12","13:00"," ","-15,30","","-17,20","","85,00","","25,00","","15,00","","25,00","","101,80","","","","-23,00","","Généralement dégagé"
"1999-04-12 14:00","1999","04","12","14:00"," ","-14,50","","-17,30","","79,00","","26,00","","7,00","","25,00","","101,80","","","","-19,00","","Généralement dégagé"
"1999-04-12 15:00","1999","04","12","15:00"," ","-14,00","","-16,30","","83,00","","21,00","","11,00","","25,00","","101,83","","","","-20,00","","Généralement dégagé"
"1999-04-12 16:00","1999","04","12","16:00"," ","-14,10","","-17,10","","78,00","","29,00","","17,00","","25,00","","101,87","","","","-22,00","","Généralement dégagé"
"1999-04-12 17:00","1999","04","12","17:00"," ","-14,90","","-17,00","","84,00","","23,00","","17,00","","25,00","","101,90","","","","-23,00","","Généralement dégagé"
"1999-04-12 18:00","1999","04","12","18:00"," ","-15,80","","-18,30","","81,00","","27,00","","6,00","","25,00","","101,93","","","","-20,00","","Généralement dégagé"
"1999-04-12 19:00","1999","04","12","19:00"," ","-17,60","","-19,40","","86,00","","32,00","","4,00","","25,00","","101,93","","","","-21,00","","Généralement dégagé"
"1999-04-12 20:00","1999","04","12","20:00"," ","-19,10","","-21,50","","81,00","","9,00","","9,00","","25,00","","101,97","","","","-26,00","","Généralement dégagé"
"1999-04-12 21:00","1999","04","12","21:00"," ","-20,70","","-22,10","","88,00","","0,00","","0,00","","25,00","","101,97","","","","","","Généralement nuageux"
"1999-04-12 22:00","1999","04","12","22:00"," ","-21,40","","-23,00","","87,00","","2,00","","2,00","","24,10","","101,97","","","","-23,00","","Généralement nuageux"
"1999-04-12 23:00","1999","04","12","23:00"," ","-20,40","","-27,40","","54,00","","34,00","","7,00","","24,10","","102,00","","","","-26,00","","Généralement nuageux"
"1999-04-13 00:00","1999","04","13","00:00"," ","-21,00","","-25,00","","70,00","","0,00","","0,00","","24,10","","102,00","","","","","","Généralement dégagé"
"1999-04-13 01:00","1999","04","13","01:00"," ","-20,70","","-23,50","","78,00","","0,00","","0,00","","24,10","","101,97","","","","","","Généralement dégagé"
"1999-04-13 02:00","1999","04","13","02:00"," ","-22,00","","-24,70","","79,00","","4,00","","4,00","","24,10","","102,00","","","","-26,00","","Généralement dégagé"
"1999-04-13 03:00","1999","04","13","03:00"," ","-21,00","","-25,00","","70,00","","7,00","","6,00","","24,10","","101,97","","","","-26,00","","Généralement dégagé"
"1999-04-13 04:00","1999","04","13","04:00"," ","-20,60","","-24,20","","73,00","","7,00","","15,00","","24,10","","101,97","","","","-30,00","","Généralement dégagé"
"1999-04-13 05:00","1999","04","13","05:00"," ","-20,30","","-23,40","","76,00","","7,00","","15,00","","24,10","","101,97","","","","-29,00","","Généralement dégagé"
"1999-04-13 06:00","1999","04","13","06:00"," ","-19,00","","-21,50","","81,00","","7,00","","13,00","","24,10","","101,97","","","","-27,00","","Généralement nuageux"
"1999-04-13 07:00","1999","04","13","07:00"," ","-17,50","","-21,40","","72,00","","8,00","","11,00","","24,10","","102,00","","","","-25,00","","Nuageux"
"1999-04-13 08:00","1999","04","13","08:00"," ","-16,90","","-19,40","","81,00","","8,00","","13,00","","24,10","","101,97","","","","-25,00","","Nuageux"
"1999-04-13 09:00","1999","04","13","09:00"," ","-15,80","","-17,90","","84,00","","9,00","","15,00","","24,10","","101,97","","","","-24,00","","Nuageux"
"1999-04-13 10:00","1999","04","13","10:00"," ","-14,30","","-15,90","","88,00","","9,00","","17,00","","24,10","","101,93","","","","-23,00","","Nuageux"
"1999-04-13 11:00","1999","04","13","11:00"," ","-13,30","","-15,30","","85,00","","9,00","","19,00","","24,10","","101,90","","","","-22,00","","Nuageux"
"1999-04-13 12:00","1999","04","13","12:00"," ","-12,70","","-13,70","","92,00","","9,00","","20,00","","24,10","","101,87","","","","-21,00","","Nuageux"
"1999-04-13 13:00","1999","04","13","13:00"," ","-12,20","","-13,30","","91,00","","9,00","","20,00","","24,10","","101,87","","","","-21,00","","Nuageux"
"1999-04-13 14:00","1999","04","13","14:00"," ","-11,30","","-12,60","","90,00","","9,00","","15,00","","24,10","","101,90","","","","-18,00","","Nuageux"
"1999-04-13 15:00","1999","04","13","15:00"," ","-11,00","","-12,40","","89,00","","9,00","","22,00","","25,00","","101,87","","","","-20,00","","Nuageux"
"1999-04-13 16:00","1999","04","13","16:00"," ","-10,70","","-11,70","","92,00","","9,00","","20,00","","25,00","","101,83","","","","-19,00","","Nuageux"
"1999-04-13 17:00","1999","04","13","17:00"," ","-10,00","","-10,90","","93,00","","10,00","","22,00","","25,00","","101,80","","","","-18,00","","Nuageux"
"1999-04-13 18:00","1999","04","13","18:00"," ","-10,80","","-11,70","","93,00","","9,00","","22,00","","25,00","","101,80","","","","-19,00","","Nuageux"
"1999-04-13 19:00","1999","04","13","19:00"," ","-11,20","","-12,80","","88,00","","8,00","","22,00","","25,00","","101,77","","","","-20,00","","Nuageux"
"1999-04-13 20:00","1999","04","13","20:00"," ","-11,00","","-12,10","","92,00","","9,00","","26,00","","24,10","","101,77","","","","-20,00","","Nuageux"
"1999-04-13 21:00","1999","04","13","21:00"," ","-11,20","","-13,00","","87,00","","9,00","","20,00","","24,10","","101,80","","","","-19,00","","Nuageux"
"1999-04-13 22:00","1999","04","13","22:00"," ","-11,00","","-11,70","","95,00","","9,00","","28,00","","19,30","","101,80","","","","-21,00","","Neige en grains"
"1999-04-13 23:00","1999","04","13","23:00"," ","-11,10","","-12,30","","91,00","","9,00","","22,00","","19,30","","101,80","","","","-20,00","","Neige en grains"
"1999-04-14 00:00","1999","04","14","00:00"," ","-11,40","","-11,70","","98,00","","9,00","","24,00","","19,30","","101,80","","","","-20,00","","Neige en grains"
"1999-04-14 01:00","1999","04","14","01:00"," ","-11,70","","-12,70","","92,00","","9,00","","26,00","","19,30","","101,77","","","","-21,00","","Neige en grains"
"1999-04-14 02:00","1999","04","14","02:00"," ","-11,90","","-13,20","","90,00","","9,00","","26,00","","19,30","","101,77","","","","-21,00","","Neige en grains"
"1999-04-14 03:00","1999","04","14","03:00"," ","-13,10","","-13,50","","97,00","","8,00","","24,00","","19,30","","101,77","","","","-23,00","","Neige en grains"
"1999-04-14 04:00","1999","04","14","04:00"," ","-13,40","","-14,60","","91,00","","8,00","","24,00","","19,30","","101,80","","","","-23,00","","Généralement dégagé"
"1999-04-14 05:00","1999","04","14","05:00"," ","-14,00","","-15,20","","91,00","","7,00","","20,00","","24,10","","101,80","","","","-23,00","","Généralement dégagé"
"1999-04-14 06:00","1999","04","14","06:00"," ","-11,90","","-12,90","","92,00","","8,00","","19,00","","24,10","","101,83","","","","-20,00","","Généralement dégagé"
"1999-04-14 07:00","1999","04","14","07:00"," ","-10,80","","-11,60","","94,00","","9,00","","15,00","","24,10","","101,83","","","","-18,00","","Généralement nuageux"
"1999-04-14 08:00","1999","04","14","08:00"," ","-10,60","","-11,40","","94,00","","8,00","","17,00","","24,10","","101,83","","","","-18,00","","Généralement nuageux"
"1999-04-14 09:00","1999","04","14","09:00"," ","-10,20","","-11,30","","92,00","","9,00","","19,00","","25,00","","101,87","","","","-18,00","","Généralement nuageux"
"1999-04-14 10:00","1999","04","14","10:00"," ","-9,70","","-11,20","","89,00","","8,00","","19,00","","25,00","","101,87","","","","-17,00","","Généralement nuageux"
"1999-04-14 11:00","1999","04","14","11:00"," ","-8,80","","-10,70","","86,00","","8,00","","20,00","","25,00","","101,90","","","","-16,00","","Généralement dégagé"
"1999-04-14 12:00","1999","04","14","12:00"," ","-8,20","","-10,30","","85,00","","8,00","","19,00","","25,00","","101,90","","","","-15,00","","Généralement nuageux"
"1999-04-14 13:00","1999","04","14","13:00"," ","-7,90","","-9,60","","88,00","","9,00","","15,00","","25,00","","101,93","","","","-14,00","","Généralement nuageux"
"1999-04-14 14:00","1999","04","14","14:00"," ","-7,70","","-9,80","","85,00","","9,00","","19,00","","25,00","","101,93","","","","-15,00","","Généralement nuageux"
"1999-04-14 15:00","1999","04","14","15:00"," ","-7,40","","-9,80","","83,00","","7,00","","13,00","","25,00","","101,97","","","","-13,00","","Généralement nuageux"
"1999-04-14 16:00","1999","04","14","16:00"," ","-7,20","","-9,50","","84,00","","7,00","","9,00","","25,00","","101,97","","","","-12,00","","Généralement dégagé"
"1999-04-14 17:00","1999","04","14","17:00"," ","-8,30","","-10,10","","87,00","","10,00","","9,00","","25,00","","101,97","","","","-13,00","","Nuageux"
"1999-04-14 18:00","1999","04","14","18:00"," ","-10,00","","-11,30","","90,00","","9,00","","7,00","","25,00","","102,00","","","","-14,00","","Nuageux"
"1999-04-14 19:00","1999","04","14","19:00"," ","-11,10","","-13,40","","83,00","","7,00","","11,00","","25,00","","102,00","","","","-17,00","","Nuageux"
"1999-04-14 20:00","1999","04","14","20:00"," ","-12,30","","-13,90","","88,00","","3,00","","13,00","","25,00","","102,04","","","","-19,00","","Généralement nuageux"
"1999-04-14 21:00","1999","04","14","21:00"," ","-13,40","","-15,50","","84,00","","36,00","","15,00","","25,00","","102,07","","","","-21,00","","Généralement nuageux"
"1999-04-14 22:00","1999","04","14","22:00"," ","-13,70","","-17,10","","75,00","","1,00","","13,00","","25,00","","102,04","","","","-21,00","","Neige"
"1999-04-14 23:00","1999","04","14","23:00"," ","-14,50","","-17,90","","75,00","","2,00","","15,00","","25,00","","101,97","","","","-22,00","","Neige"
"1999-04-15 00:00","1999","04","15","00:00"," ","-14,90","","-19,10","","70,00","","32,00","","6,00","","25,00","","101,97","","","","-19,00","","Neige"
"1999-04-15 01:00","1999","04","15","01:00"," ","-17,10","","-21,10","","71,00","","33,00","","15,00","","24,10","","101,97","","","","-26,00","","Cristaux de glace"
"1999-04-15 02:00","1999","04","15","02:00"," ","-15,40","","-20,20","","67,00","","3,00","","9,00","","24,10","","102,00","","","","-21,00","","Neige"
"1999-04-15 03:00","1999","04","15","03:00"," ","-16,30","","-21,50","","64,00","","1,00","","7,00","","24,10","","102,00","","","","-21,00","","Cristaux de glace"
"1999-04-15 04:00","1999","04","15","04:00"," ","-15,60","","-21,50","","61,00","","1,00","","15,00","","24,10","","101,97","","","","-24,00","","Neige"
"1999-04-15 05:00","1999","04","15","05:00"," ","-15,60","","-21,60","","60,00","","36,00","","13,00","","24,10","","101,97","","","","-23,00","","Neige"
"1999-04-15 06:00","1999","04","15","06:00"," ","-17,90","","-23,60","","61,00","","34,00","","17,00","","24,10","","101,97","","","","-27,00","","Cristaux de glace"
"1999-04-15 07:00","1999","04","15","07:00"," ","-15,70","","-20,90","","64,00","","35,00","","13,00","","24,10","","102,04","","","","-23,00","","Neige"
"1999-04-15 08:00","1999","04","15","08:00"," ","-14,80","","-18,30","","75,00","","36,00","","4,00","","24,10","","102,04","","","","-18,00","","Neige"
"1999-04-15 09:00","1999","04","15","09:00"," ","-10,00","","-15,80","","63,00","","1,00","","7,00","","24,10","","102,04","","","","-14,00","","Généralement nuageux"
"1999-04-15 10:00","1999","04","15","10:00"," ","-11,10","","-14,10","","78,00","","34,00","","9,00","","25,00","","102,07","","","","-16,00","","Généralement nuageux"
"1999-04-15 11:00","1999","04","15","11:00"," ","-8,90","","-12,40","","76,00","","36,00","","9,00","","25,00","","102,07","","","","-14,00","","Généralement nuageux"
"1999-04-15 12:00","1999","04","15","12:00"," ","-7,20","","-10,70","","76,00","","2,00","","9,00","","25,00","","102,04","","","","-12,00","","Généralement nuageux"
"1999-04-15 13:00","1999","04","15","13:00"," ","-5,40","","-8,40","","79,00","","16,00","","6,00","","25,00","","102,00","","","","-8,00","","Généralement nuageux"
"1999-04-15 14:00","1999","04","15","14:00"," ","-5,70","","-8,80","","79,00","","0,00","","0,00","","25,00","","102,00","","","","","","Généralement nuageux"
"1999-04-15 15:00","1999","04","15","15:00"," ","-5,30","","-9,60","","72,00","","0,00","","0,00","","25,00","","102,04","","","","","","Généralement nuageux"
"1999-04-15 16:00","1999","04","15","16:00"," ","-5,80","","-9,10","","77,00","","0,00","","0,00","","25,00","","102,04","","","","","","Généralement nuageux"
"1999-04-15 17:00","1999","04","15","17:00"," ","-6,20","","-10,60","","71,00","","32,00","","4,00","","25,00","","102,04","","","","-8,00","","Généralement nuageux"
"1999-04-15 18:00","1999","04","15","18:00"," ","-7,30","","-10,20","","80,00","","35,00","","13,00","","25,00","","102,00","","","","-13,00","","Généralement nuageux"
"1999-04-15 19:00","1999","04","15","19:00"," ","-7,50","","-11,00","","76,00","","1,00","","2,00","","25,00","","102,04","","","","-9,00","","Généralement nuageux"
"1999-04-15 20:00","1999","04","15","20:00"," ","-8,50","","-12,40","","73,00","","2,00","","19,00","","25,00","","101,97","","","","-16,00","","Nuageux"
"1999-04-15 21:00","1999","04","15","21:00"," ","-8,70","","-12,50","","74,00","","1,00","","20,00","","25,00","","101,97","","","","-16,00","","Nuageux"
"1999-04-15 22:00","1999","04","15","22:00"," ","-7,90","","-11,90","","73,00","","3,00","","22,00","","25,00","","101,90","","","","-16,00","","Nuageux"
"1999-04-15 23:00","1999","04","15","23:00"," ","-7,20","","-11,40","","72,00","","4,00","","26,00","","19,30","","101,90","","","","-15,00","","Généralement nuageux"
"1999-04-16 00:00","1999","04","16","00:00"," ","-6,60","","-11,00","","71,00","","4,00","","28,00","","19,30","","101,87","","","","-15,00","","Généralement dégagé"
"1999-04-16 01:00","1999","04","16","01:00"," ","-5,70","","-9,30","","76,00","","4,00","","28,00","","25,00","","101,87","","","","-14,00","","Généralement nuageux"
"1999-04-16 02:00","1999","04","16","02:00"," ","-6,50","","-10,60","","73,00","","4,00","","28,00","","25,00","","101,83","","","","-15,00","","Généralement nuageux"
"1999-04-16 03:00","1999","04","16","03:00"," ","-7,70","","-11,20","","76,00","","3,00","","32,00","","25,00","","101,80","","","","-17,00","","Généralement nuageux"
"1999-04-16 04:00","1999","04","16","04:00"," ","-7,90","","-11,90","","73,00","","3,00","","28,00","","25,00","","101,80","","","","-17,00","","Généralement nuageux"
"1999-04-16 05:00","1999","04","16","05:00"," ","-9,20","","-13,10","","73,00","","12,00","","4,00","","25,00","","101,87","","","","-11,00","","Généralement nuageux"
"1999-04-16 06:00","1999","04","16","06:00"," ","-10,60","","-13,40","","80,00","","1,00","","4,00","","25,00","","101,83","","","","-13,00","","Nuageux"
"1999-04-16 07:00","1999","04","16","07:00"," ","-7,60","","-11,20","","75,00","","4,00","","24,00","","25,00","","101,83","","","","-16,00","","Généralement nuageux"
"1999-04-16 08:00","1999","04","16","08:00"," ","-5,30","","-8,90","","76,00","","4,00","","26,00","","25,00","","101,80","","","","-13,00","","Généralement nuageux"
"1999-04-16 09:00","1999","04","16","09:00"," ","-4,00","","-8,10","","73,00","","5,00","","32,00","","25,00","","101,80","","","","-12,00","","Généralement nuageux"
"1999-04-16 10:00","1999","04","16","10:00"," ","-3,30","","-7,40","","73,00","","5,00","","33,00","","25,00","","101,77","","","","-11,00","","Nuageux"
"1999-04-16 11:00","1999","04","16","11:00"," ","-3,00","","-6,50","","77,00","","5,00","","33,00","","25,00","","101,77","","","","-11,00","","Généralement nuageux"
"1999-04-16 12:00","1999","04","16","12:00"," ","-2,10","","-5,80","","76,00","","4,00","","30,00","","25,00","","101,77","","","","-9,00","","Nuageux"
"1999-04-16 13:00","1999","04","16","13:00"," ","-2,10","","-5,90","","75,00","","4,00","","35,00","","25,00","","101,70","","","","-10,00","","Généralement nuageux"
"1999-04-16 14:00","1999","04","16","14:00"," ","-2,10","","-6,00","","75,00","","5,00","","39,00","","25,00","","101,66","","","","-10,00","","Nuageux"
"1999-04-16 15:00","1999","04","16","15:00"," ","-2,50","","-5,70","","79,00","","5,00","","37,00","","25,00","","101,63","","","","-10,00","","Nuageux"
"1999-04-16 16:00","1999","04","16","16:00"," ","-3,20","","-6,00","","81,00","","6,00","","37,00","","25,00","","101,63","","","","-11,00","","Généralement nuageux"
"1999-04-16 17:00","1999","04","16","17:00"," ","-3,50","","-6,20","","82,00","","5,00","","41,00","","25,00","","101,60","","","","-12,00","","Nuageux"
"1999-04-16 18:00","1999","04","16","18:00"," ","-4,10","","-6,90","","81,00","","5,00","","33,00","","25,00","","101,63","","","","-12,00","","Nuageux"
"1999-04-16 19:00","1999","04","16","19:00"," ","-4,60","","-8,00","","77,00","","6,00","","26,00","","25,00","","101,63","","","","-12,00","","Nuageux"
"1999-04-16 20:00","1999","04","16","20:00"," ","-5,70","","-9,00","","77,00","","6,00","","32,00","","25,00","","101,63","","","","-14,00","","Généralement nuageux"
"1999-04-16 21:00","1999","04","16","21:00"," ","-5,70","","-8,70","","79,00","","6,00","","28,00","","24,10","","101,60","","","","-14,00","","Généralement nuageux"
"1999-04-16 22:00","1999","04","16","22:00"," ","-5,90","","-9,50","","76,00","","6,00","","33,00","","24,10","","101,56","","","","-15,00","","Généralement dégagé"
"1999-04-16 23:00","1999","04","16","23:00"," ","-6,20","","-9,30","","79,00","","6,00","","32,00","","19,30","","101,56","","","","-15,00","","Généralement dégagé"
"1999-04-17 00:00","1999","04","17","00:00"," ","-6,60","","-10,40","","74,00","","6,00","","35,00","","19,30","","101,56","","","","-16,00","","Généralement nuageux"
"1999-04-17 01:00","1999","04","17","01:00"," ","-6,90","","-10,50","","75,00","","6,00","","32,00","","19,30","","101,53","","","","-16,00","","Généralement dégagé"
"1999-04-17 02:00","1999","04","17","02:00"," ","-7,10","","-10,80","","75,00","","6,00","","33,00","","16,10","","101,50","","","","-16,00","","Généralement dégagé"
"1999-04-17 03:00","1999","04","17","03:00"," ","-7,60","","-11,10","","76,00","","6,00","","30,00","","16,10","","101,43","","","","-16,00","","Généralement dégagé"
"1999-04-17 04:00","1999","04","17","04:00"," ","-7,40","","-11,20","","74,00","","6,00","","26,00","","16,10","","101,40","","","","-16,00","","Généralement dégagé"
"1999-04-17 05:00","1999","04","17","05:00"," ","-7,30","","-11,70","","71,00","","16,00","","4,00","","25,00","","101,43","","","","-9,00","","Généralement nuageux"
"1999-04-17 06:00","1999","04","17","06:00"," ","-7,60","","-11,70","","72,00","","9,00","","2,00","","25,00","","101,43","","","","-9,00","","Généralement nuageux"
"1999-04-17 07:00","1999","04","17","07:00"," ","-7,20","","-10,70","","76,00","","5,00","","28,00","","24,10","","101,36","","","","-16,00","","Généralement nuageux"
"1999-04-17 08:00","1999","04","17","08:00"," ","-7,10","","-9,60","","82,00","","7,00","","30,00","","24,10","","101,40","","","","-16,00","","Généralement dégagé"
"1999-04-17 09:00","1999","04","17","09:00"," ","-5,90","","-7,90","","86,00","","6,00","","26,00","","24,10","","101,40","","","","-14,00","","Généralement nuageux"
"1999-04-17 10:00","1999","04","17","10:00"," ","-5,40","","-7,10","","88,00","","6,00","","32,00","","25,00","","101,33","","","","-14,00","","Généralement dégagé"
"1999-04-17 11:00","1999","04","17","11:00"," ","-4,60","","-6,90","","84,00","","7,00","","28,00","","25,00","","101,33","","","","-12,00","","Généralement dégagé"
"1999-04-17 12:00","1999","04","17","12:00"," ","-3,70","","-6,20","","83,00","","7,00","","32,00","","25,00","","101,29","","","","-12,00","","Généralement dégagé"
"1999-04-17 13:00","1999","04","17","13:00"," ","-3,30","","-5,70","","83,00","","7,00","","32,00","","25,00","","101,29","","","","-11,00","","Dégagé"
"1999-04-17 14:00","1999","04","17","14:00"," ","-3,20","","-5,20","","86,00","","7,00","","24,00","","25,00","","101,29","","","","-10,00","","Dégagé"
"1999-04-17 15:00","1999","04","17","15:00"," ","-3,00","","-5,50","","83,00","","8,00","","28,00","","25,00","","101,26","","","","-10,00","","Dégagé"
"1999-04-17 16:00","1999","04","17","16:00"," ","-3,40","","-5,70","","84,00","","7,00","","24,00","","25,00","","101,26","","","","-10,00","","Dégagé"
"1999-04-17 17:00","1999","04","17","17:00"," ","-4,20","","-6,60","","83,00","","8,00","","22,00","","25,00","","101,23","","","","-11,00","","Généralement dégagé"
"1999-04-17 18:00","1999","04","17","18:00"," ","-5,10","","-7,80","","81,00","","6,00","","24,00","","25,00","","101,19","","","","-12,00","","Généralement nuageux"
"1999-04-17 19:00","1999","04","17","19:00"," ","-5,90","","-8,90","","79,00","","6,00","","26,00","","25,00","","101,16","","","","-14,00","","Généralement nuageux"
"1999-04-17 20:00","1999","04","17","20:00"," ","-6,80","","-10,10","","77,00","","6,00","","22,00","","25,00","","101,16","","","","-14,00","","Nuageux"
"1999-04-17 21:00","1999","04","17","21:00"," ","-6,50","","-10,20","","75,00","","5,00","","26,00","","25,00","","101,16","","","","-14,00","","Nuageux"
"1999-04-17 22:00","1999","04","17","22:00"," ","-6,40","","-9,90","","76,00","","7,00","","26,00","","25,00","","101,09","","","","-14,00","","Nuageux"
"1999-04-17 23:00","1999","04","17","23:00"," ","-6,70","","-9,80","","79,00","","6,00","","26,00","","25,00","","101,06","","","","-15,00","","Généralement nuageux"
"1999-04-18 00:00","1999","04","18","00:00"," ","-6,80","","-10,60","","74,00","","5,00","","26,00","","24,10","","101,06","","","","-15,00","","Généralement nuageux"
"1999-04-18 01:00","1999","04","18","01:00"," ","-7,20","","-10,80","","75,00","","6,00","","28,00","","24,10","","100,99","","","","-16,00","","Généralement dégagé"
"1999-04-18 02:00","1999","04","18","02:00"," ","-8,00","","-11,30","","77,00","","7,00","","22,00","","24,10","","100,96","","","","-16,00","","Généralement dégagé"
"1999-04-18 03:00","1999","04","18","03:00"," ","-8,90","","-11,80","","79,00","","8,00","","20,00","","24,10","","100,96","","","","-16,00","","Généralement nuageux"
"1999-04-18 04:00","1999","04","18","04:00"," ","-9,80","","-12,80","","79,00","","8,00","","19,00","","24,10","","100,96","","","","-17,00","","Généralement nuageux"
"1999-04-18 05:00","1999","04","18","05:00"," ","-10,20","","-12,30","","85,00","","7,00","","22,00","","24,10","","100,89","","","","-18,00","","Nuageux"
"1999-04-18 06:00","1999","04","18","06:00"," ","-9,10","","-11,40","","83,00","","7,00","","19,00","","25,00","","100,89","","","","-17,00","","Généralement nuageux"
"1999-04-18 07:00","1999","04","18","07:00"," ","-8,60","","-10,40","","87,00","","7,00","","19,00","","25,00","","100,89","","","","-16,00","","Généralement nuageux"
"1999-04-18 08:00","1999","04","18","08:00"," ","-7,20","","-9,50","","84,00","","7,00","","19,00","","25,00","","100,89","","","","-14,00","","Généralement nuageux"
"1999-04-18 09:00","1999","04","18","09:00"," ","-5,50","","-7,00","","89,00","","10,00","","19,00","","25,00","","100,89","","","","-12,00","","Généralement nuageux"
"1999-04-18 10:00","1999","04","18","10:00"," ","-5,40","","-6,80","","90,00","","10,00","","22,00","","25,00","","100,86","","","","-12,00","","Généralement nuageux"
"1999-04-18 11:00","1999","04","18","11:00"," ","-4,60","","-6,50","","87,00","","8,00","","19,00","","25,00","","100,86","","","","-11,00","","Généralement nuageux"
"1999-04-18 12:00","1999","04","18","12:00"," ","-4,10","","-5,50","","90,00","","9,00","","24,00","","25,00","","100,82","","","","-11,00","","Nuageux"
"1999-04-18 13:00","1999","04","18","13:00"," ","-3,50","","-5,20","","88,00","","10,00","","19,00","","25,00","","100,82","","","","-9,00","","Nuageux"
"1999-04-18 14:00","1999","04","18","14:00"," ","-2,90","","-4,60","","88,00","","10,00","","26,00","","25,00","","100,76","","","","-10,00","","Généralement nuageux"
"1999-04-18 15:00","1999","04","18","15:00"," ","-2,70","","-4,50","","87,00","","9,00","","20,00","","25,00","","100,76","","","","-9,00","","Généralement nuageux"
"1999-04-18 16:00","1999","04","18","16:00"," ","-2,50","","-3,90","","90,00","","10,00","","19,00","","25,00","","100,69","","","","-8,00","","Nuageux"
"1999-04-18 17:00","1999","04","18","17:00"," ","-2,70","","-3,90","","91,00","","10,00","","26,00","","25,00","","100,69","","","","-10,00","","Nuageux"
"1999-04-18 18:00","1999","04","18","18:00"," ","-3,20","","-4,40","","91,00","","10,00","","15,00","","25,00","","100,66","","","","-8,00","","Nuageux"
"1999-04-18 19:00","1999","04","18","19:00"," ","-3,50","","-4,40","","93,00","","9,00","","17,00","","19,30","","100,59","","","","-9,00","","Neige"
"1999-04-18 20:00","1999","04","18","20:00"," ","-3,80","","-5,10","","91,00","","9,00","","19,00","","19,30","","100,55","","","","-10,00","","Neige"
"1999-04-18 21:00","1999","04","18","21:00"," ","-4,00","","-5,50","","89,00","","9,00","","15,00","","19,30","","100,49","","","","-9,00","","Neige"
"1999-04-18 22:00","1999","04","18","22:00"," ","-4,40","","-5,50","","92,00","","10,00","","15,00","","19,30","","100,42","","","","-10,00","","Neige"
"1999-04-18 23:00","1999","04","18","23:00"," ","-4,60","","-5,50","","93,00","","12,00","","15,00","","19,30","","100,35","","","","-10,00","","Neige"
"1999-04-19 00:00","1999","04","19","00:00"," ","-4,90","","-5,60","","95,00","","14,00","","11,00","","19,30","","100,29","","","","-9,00","","Neige"
"1999-04-19 01:00","1999","04","19","01:00"," ","-5,20","","-5,50","","98,00","","15,00","","9,00","","19,30","","100,25","","","","-9,00","","Neige"
"1999-04-19 02:00","1999","04","19","02:00"," ","-5,30","","-5,70","","97,00","","14,00","","7,00","","12,90","","100,22","","","","-9,00","","Neige"
"1999-04-19 03:00","1999","04","19","03:00"," ","-5,40","","-5,90","","96,00","","17,00","","2,00","","8,00","","100,15","","","","-6,00","","Neige"
"1999-04-19 04:00","1999","04","19","04:00"," ","-5,30","","-5,60","","98,00","","18,00","","4,00","","0,80","","100,12","","","","-7,00","","Bruine verglaçante,Neige,Brouillard"
"1999-04-19 05:00","1999","04","19","05:00"," ","-5,30","","-5,30","","100,00","","0,00","","0,00","","0,60","","100,08","","","","","","Bruine verglaçante,Neige,Brouillard"
"1999-04-19 06:00","1999","04","19","06:00"," ","-5,20","","-5,80","","96,00","","0,00","","0,00","","0,40","","100,05","","","","","","Bruine verglaçante,Brouillard"
"1999-04-19 07:00","1999","04","19","07:00"," ","-4,90","","-5,10","","98,00","","0,00","","0,00","","0,20","","100,05","","","","","","Bruine verglaçante,Brouillard"
"1999-04-19 08:00","1999","04","19","08:00"," ","-4,50","","-4,50","","100,00","","21,00","","4,00","","0,60","","100,05","","","","-6,00","","Bruine verglaçante,Brouillard"
"1999-04-19 09:00","1999","04","19","09:00"," ","-4,20","","-4,40","","99,00","","20,00","","4,00","","0,40","","100,05","","","","-6,00","","Bruine verglaçante,Brouillard"
"1999-04-19 10:00","1999","04","19","10:00"," ","-4,00","","-4,00","","100,00","","21,00","","4,00","","0,40","","100,05","","","","-6,00","","Bruine verglaçante,Brouillard"
"1999-04-19 11:00","1999","04","19","11:00"," ","-3,50","","-4,00","","96,00","","27,00","","4,00","","8,00","","100,05","","","","-5,00","","Neige en grains,Brouillard"
"1999-04-19 12:00","1999","04","19","12:00"," ","-3,60","","-3,60","","100,00","","30,00","","4,00","","16,10","","100,05","","","","-5,00","","Neige"
"1999-04-19 13:00","1999","04","19","13:00"," ","-3,40","","-3,90","","96,00","","33,00","","6,00","","19,30","","100,05","","","","-6,00","","Neige"
"1999-04-19 14:00","1999","04","19","14:00"," ","-2,90","","-3,90","","93,00","","35,00","","4,00","","24,10","","100,05","","","","-4,00","","Neige"
"1999-04-19 15:00","1999","04","19","15:00"," ","-2,90","","-4,30","","90,00","","34,00","","6,00","","25,00","","100,05","","","","-5,00","","Nuageux"
"1999-04-19 16:00","1999","04","19","16:00"," ","-2,80","","-3,90","","92,00","","29,00","","6,00","","24,10","","100,05","","","","-5,00","","Neige"
"1999-04-19 17:00","1999","04","19","17:00"," ","-2,60","","-3,80","","91,00","","31,00","","7,00","","24,10","","100,08","","","","-5,00","","Neige"
"1999-04-19 18:00","1999","04","19","18:00"," ","-2,50","","-3,70","","91,00","","30,00","","6,00","","24,10","","100,08","","","","-5,00","","Neige"
"1999-04-19 19:00","1999","04","19","19:00"," ","-3,20","","-4,90","","88,00","","36,00","","17,00","","24,10","","100,12","","","","-9,00","","Neige"
"1999-04-19 20:00","1999","04","19","20:00"," ","-4,30","","-6,20","","87,00","","36,00","","24,00","","9,70","","100,15","","","","-11,00","","Neige"
"1999-04-19 21:00","1999","04","19","21:00"," ","-5,40","","-6,90","","89,00","","33,00","","15,00","","19,30","","100,18","","","","-11,00","","Neige"
"1999-04-19 22:00","1999","04","19","22:00"," ","-6,10","","-7,70","","88,00","","32,00","","17,00","","19,30","","100,22","","","","-12,00","","Neige"
"1999-04-19 23:00","1999","04","19","23:00"," ","-5,40","","-7,00","","88,00","","36,00","","19,00","","19,30","","100,18","","","","-12,00","","Neige"
"1999-04-20 00:00","1999","04","20","00:00"," ","-6,10","","-8,40","","84,00","","36,00","","28,00","","19,30","","100,22","","","","-14,00","","Neige"
"1999-04-20 01:00","1999","04","20","01:00"," ","-8,60","","-10,90","","83,00","","33,00","","24,00","","19,30","","100,25","","","","-17,00","","Neige"
"1999-04-20 02:00","1999","04","20","02:00"," ","-11,20","","-13,50","","83,00","","34,00","","22,00","","24,10","","100,29","","","","-20,00","","Neige"
"1999-04-20 03:00","1999","04","20","03:00"," ","-10,80","","-13,40","","81,00","","34,00","","22,00","","24,10","","100,29","","","","-19,00","","Neige"
"1999-04-20 04:00","1999","04","20","04:00"," ","-8,80","","-11,30","","82,00","","34,00","","22,00","","24,10","","100,32","","","","-17,00","","Neige"
"1999-04-20 05:00","1999","04","20","05:00"," ","-11,70","","-14,10","","82,00","","34,00","","24,00","","24,10","","100,35","","","","-21,00","","Généralement nuageux"
"1999-04-20 06:00","1999","04","20","06:00"," ","-10,30","","-12,50","","84,00","","34,00","","15,00","","24,10","","100,39","","","","-17,00","","Généralement nuageux"
"1999-04-20 07:00","1999","04","20","07:00"," ","-9,30","","-11,80","","82,00","","34,00","","20,00","","25,00","","100,45","","","","-17,00","","Généralement nuageux"
"1999-04-20 08:00","1999","04","20","08:00"," ","-9,20","","-12,40","","78,00","","36,00","","19,00","","25,00","","100,49","","","","-17,00","","Neige"
"1999-04-20 09:00","1999","04","20","09:00"," ","-9,20","","-12,10","","79,00","","35,00","","22,00","","24,10","","100,45","","","","-17,00","","Neige"
"1999-04-20 10:00","1999","04","20","10:00"," ","-9,80","","-13,00","","77,00","","34,00","","28,00","","24,10","","100,45","","","","-19,00","","Neige"
"1999-04-20 11:00","1999","04","20","11:00"," ","-9,80","","-12,80","","79,00","","34,00","","32,00","","25,00","","100,42","","","","-20,00","","Généralement nuageux"
"1999-04-20 12:00","1999","04","20","12:00"," ","-8,90","","-12,10","","78,00","","34,00","","24,00","","25,00","","100,42","","","","-17,00","","Généralement dégagé"
"1999-04-20 13:00","1999","04","20","13:00"," ","-7,90","","-11,00","","78,00","","34,00","","22,00","","25,00","","100,42","","","","-16,00","","Généralement dégagé"
"1999-04-20 14:00","1999","04","20","14:00"," ","-6,50","","-9,70","","78,00","","0,00","","0,00","","25,00","","100,42","","","","","","Généralement dégagé"
"1999-04-20 15:00","1999","04","20","15:00"," ","-7,30","","-10,10","","80,00","","18,00","","11,00","","25,00","","100,45","","","","-12,00","","Dégagé"
"1999-04-20 16:00","1999","04","20","16:00"," ","-8,00","","-10,10","","85,00","","11,00","","13,00","","25,00","","100,42","","","","-14,00","","Dégagé"
"1999-04-20 17:00","1999","04","20","17:00"," ","-8,60","","-10,80","","84,00","","10,00","","7,00","","25,00","","100,42","","","","-12,00","","Généralement dégagé"
"1999-04-20 18:00","1999","04","20","18:00"," ","-10,10","","-11,80","","87,00","","11,00","","7,00","","25,00","","100,42","","","","-14,00","","Généralement dégagé"
"1999-04-20 19:00","1999","04","20","19:00"," ","-11,70","","-13,00","","90,00","","11,00","","7,00","","25,00","","100,39","","","","-16,00","","Généralement dégagé"
"1999-04-20 20:00","1999","04","20","20:00"," ","-13,40","","-14,60","","91,00","","11,00","","6,00","","25,00","","100,42","","","","-17,00","","Généralement dégagé"
"1999-04-20 21:00","1999","04","20","21:00"," ","-14,40","","-15,20","","94,00","","7,00","","11,00","","25,00","","100,45","","","","-21,00","","Généralement dégagé"
"1999-04-20 22:00","1999","04","20","22:00"," ","-14,70","","-16,00","","90,00","","8,00","","6,00","","24,10","","100,42","","","","-19,00","","Neige"
"1999-04-20 23:00","1999","04","20","23:00"," ","-13,40","","-15,10","","87,00","","3,00","","6,00","","16,10","","100,39","","","","-17,00","","Neige"
"1999-04-21 00:00","1999","04","21","00:00"," ","-12,80","","-14,50","","87,00","","3,00","","6,00","","16,10","","100,35","","","","-17,00","","Neige"
"1999-04-21 01:00","1999","04","21","01:00"," ","-13,10","","-14,80","","87,00","","1,00","","6,00","","16,10","","100,35","","","","-17,00","","Neige"
"1999-04-21 02:00","1999","04","21","02:00"," ","-12,70","","-14,60","","86,00","","0,00","","0,00","","19,30","","100,32","","","","","","Neige"
"1999-04-21 03:00","1999","04","21","03:00"," ","-12,60","","-14,40","","86,00","","33,00","","6,00","","19,30","","100,32","","","","-17,00","","Neige"
"1999-04-21 04:00","1999","04","21","04:00"," ","-12,30","","-14,00","","87,00","","36,00","","9,00","","19,30","","100,29","","","","-18,00","","Neige"
"1999-04-21 05:00","1999","04","21","05:00"," ","-12,20","","-13,00","","94,00","","36,00","","11,00","","24,10","","100,29","","","","-18,00","","Neige"
"1999-04-21 06:00","1999","04","21","06:00"," ","-12,20","","-13,10","","93,00","","34,00","","11,00","","24,10","","100,29","","","","-18,00","","Neige"
"1999-04-21 07:00","1999","04","21","07:00"," ","-11,90","","-13,00","","92,00","","33,00","","7,00","","24,10","","100,29","","","","-16,00","","Neige"
"1999-04-21 08:00","1999","04","21","08:00"," ","-12,40","","-12,70","","98,00","","32,00","","9,00","","19,30","","100,32","","","","-18,00","","Neige"
"1999-04-21 09:00","1999","04","21","09:00"," ","-12,10","","-13,10","","92,00","","32,00","","11,00","","16,10","","100,29","","","","-18,00","","Neige"
"1999-04-21 10:00","1999","04","21","10:00"," ","-14,30","","-15,80","","88,00","","32,00","","13,00","","24,10","","100,29","","","","-21,00","","Neige"
"1999-04-21 11:00","1999","04","21","11:00"," ","-13,40","","-15,10","","87,00","","31,00","","9,00","","25,00","","100,29","","","","-19,00","","Généralement nuageux"
"1999-04-21 12:00","1999","04","21","12:00"," ","-12,10","","-14,10","","85,00","","30,00","","7,00","","25,00","","100,32","","","","-16,00","","Généralement nuageux"
"1999-04-21 13:00","1999","04","21","13:00"," ","-10,50","","-12,80","","83,00","","0,00","","0,00","","25,00","","100,32","","","","","","Généralement nuageux"
"1999-04-21 14:00","1999","04","21","14:00"," ","-9,40","","-12,20","","80,00","","0,00","","0,00","","25,00","","100,32","","","","","","Généralement nuageux"
"1999-04-21 15:00","1999","04","21","15:00"," ","-9,10","","-12,30","","78,00","","9,00","","4,00","","25,00","","100,35","","","","-11,00","","Généralement nuageux"
"1999-04-21 16:00","1999","04","21","16:00"," ","-9,40","","-13,40","","73,00","","0,00","","0,00","","25,00","","100,39","","","","","","Généralement nuageux"
"1999-04-21 17:00","1999","04","21","17:00"," ","-9,90","","-12,50","","81,00","","15,00","","2,00","","25,00","","100,45","","","","-11,00","","Nuageux"
"1999-04-21 18:00","1999","04","21","18:00"," ","-9,30","","-12,50","","78,00","","0,00","","0,00","","25,00","","100,49","","","","","","Généralement nuageux"
"1999-04-21 19:00","1999","04","21","19:00"," ","-11,10","","-14,20","","78,00","","35,00","","9,00","","25,00","","100,52","","","","-16,00","","Généralement nuageux"
"1999-04-21 20:00","1999","04","21","20:00"," ","-15,30","","-17,10","","86,00","","33,00","","17,00","","25,00","","100,59","","","","-24,00","","Généralement nuageux"
"1999-04-21 21:00","1999","04","21","21:00"," ","-15,40","","-17,60","","83,00","","32,00","","20,00","","25,00","","100,62","","","","-25,00","","Généralement nuageux"
"1999-04-21 22:00","1999","04","21","22:00"," ","-16,60","","-19,50","","78,00","","33,00","","19,00","","25,00","","100,69","","","","-26,00","","Généralement dégagé"
"1999-04-21 23:00","1999","04","21","23:00"," ","-16,00","","-19,00","","78,00","","34,00","","22,00","","25,00","","100,72","","","","-26,00","","Généralement dégagé"
"1999-04-22 00:00","1999","04","22","00:00"," ","-18,50","","-21,00","","81,00","","33,00","","22,00","","25,00","","100,76","","","","-29,00","","Généralement dégagé"
"1999-04-22 01:00","1999","04","22","01:00"," ","-15,60","","-19,50","","72,00","","34,00","","24,00","","25,00","","100,79","","","","-26,00","","Généralement dégagé"
"1999-04-22 02:00","1999","04","22","02:00"," ","-15,40","","-18,80","","75,00","","35,00","","24,00","","24,10","","100,89","","","","-26,00","","Généralement dégagé"
"1999-04-22 03:00","1999","04","22","03:00"," ","-15,40","","-18,90","","75,00","","34,00","","28,00","","24,10","","100,96","","","","-26,00","","Généralement dégagé"
"1999-04-22 04:00","1999","04","22","04:00"," ","-18,50","","-21,50","","77,00","","32,00","","28,00","","25,00","","101,06","","","","-30,00","","Généralement nuageux"
"1999-04-22 05:00","1999","04","22","05:00"," ","-19,60","","-21,90","","82,00","","32,00","","19,00","","25,00","","101,13","","","","-30,00","","Généralement nuageux"
"1999-04-22 06:00","1999","04","22","06:00"," ","-19,50","","-22,20","","79,00","","32,00","","19,00","","25,00","","101,19","","","","-30,00","","Généralement nuageux"
"1999-04-22 07:00","1999","04","22","07:00"," ","-18,20","","-23,00","","66,00","","33,00","","22,00","","25,00","","101,26","","","","-29,00","","Généralement nuageux"
"1999-04-22 08:00","1999","04","22","08:00"," ","-16,80","","-22,00","","64,00","","34,00","","28,00","","25,00","","101,33","","","","-28,00","","Généralement dégagé"
"1999-04-22 09:00","1999","04","22","09:00"," ","-15,90","","-20,80","","66,00","","33,00","","32,00","","25,00","","101,36","","","","-28,00","","Neige"
"1999-04-22 10:00","1999","04","22","10:00"," ","-15,10","","-19,30","","70,00","","33,00","","33,00","","25,00","","101,43","","","","-27,00","","Neige"
"1999-04-22 11:00","1999","04","22","11:00"," ","-14,00","","-18,30","","70,00","","31,00","","15,00","","25,00","","101,53","","","","-22,00","","Neige"
"1999-04-22 12:00","1999","04","22","12:00"," ","-14,00","","-18,60","","68,00","","33,00","","30,00","","25,00","","101,50","","","","-25,00","","Neige"
"1999-04-22 13:00","1999","04","22","13:00"," ","-13,40","","-17,80","","69,00","","34,00","","24,00","","25,00","","101,60","","","","-23,00","","Neige"
"1999-04-22 14:00","1999","04","22","14:00"," ","-13,00","","-18,00","","66,00","","33,00","","13,00","","25,00","","101,66","","","","-20,00","","Neige"
"1999-04-22 15:00","1999","04","22","15:00"," ","-13,10","","-17,50","","69,00","","33,00","","13,00","","25,00","","101,70","","","","-20,00","","Généralement dégagé"
"1999-04-22 16:00","1999","04","22","16:00"," ","-13,00","","-18,10","","66,00","","29,00","","15,00","","25,00","","101,77","","","","-20,00","","Généralement dégagé"
"1999-04-22 17:00","1999","04","22","17:00"," ","-14,10","","-18,30","","70,00","","33,00","","24,00","","25,00","","101,80","","","","-24,00","","Dégagé"
"1999-04-22 18:00","1999","04","22","18:00"," ","-14,80","","-19,50","","67,00","","1,00","","9,00","","25,00","","101,87","","","","-21,00","","Dégagé"
"1999-04-22 19:00","1999","04","22","19:00"," ","-16,00","","-20,10","","71,00","","33,00","","28,00","","25,00","","101,87","","","","-27,00","","Généralement dégagé"
"1999-04-22 20:00","1999","04","22","20:00"," ","-17,40","","-21,50","","70,00","","32,00","","24,00","","25,00","","101,90","","","","-28,00","","Généralement dégagé"
"1999-04-22 21:00","1999","04","22","21:00"," ","-19,20","","-24,00","","66,00","","33,00","","20,00","","25,00","","101,90","","","","-29,00","","Généralement dégagé"
"1999-04-22 22:00","1999","04","22","22:00"," ","-19,30","","-24,30","","65,00","","33,00","","26,00","","25,00","","101,93","","","","-31,00","","Généralement dégagé"
"1999-04-22 23:00","1999","04","22","23:00"," ","-20,70","","-24,50","","72,00","","32,00","","9,00","","25,00","","101,97","","","","-28,00","","Généralement dégagé"
"1999-04-23 00:00","1999","04","23","00:00"," ","-20,00","","-24,90","","65,00","","34,00","","26,00","","24,10","","101,90","","","","-32,00","","Généralement dégagé"
"1999-04-23 01:00","1999","04","23","01:00"," ","-19,80","","-24,90","","64,00","","35,00","","26,00","","24,10","","101,97","","","","-32,00","","Généralement dégagé"
"1999-04-23 02:00","1999","04","23","02:00"," ","","","","","","","","","","","","","","","","","","",""
"1999-04-23 03:00","1999","04","23","03:00"," ","-20,80","","-25,80","","64,00","","3,00","","9,00","","24,10","","102,04","","","","-28,00","","Généralement dégagé"
"1999-04-23 04:00","1999","04","23","04:00"," ","-21,60","","-26,50","","65,00","","5,00","","11,00","","25,00","","102,04","","","","-30,00","","Généralement dégagé"
"1999-04-23 05:00","1999","04","23","05:00"," ","-21,00","","-24,40","","74,00","","6,00","","13,00","","25,00","","102,07","","","","-30,00","","Généralement dégagé"
"1999-04-23 06:00","1999","04","23","06:00"," ","-22,10","","-24,30","","82,00","","0,00","","0,00","","25,00","","102,07","","","","","","Généralement dégagé"
"1999-04-23 07:00","1999","04","23","07:00"," ","-20,50","","-24,50","","70,00","","4,00","","9,00","","25,00","","102,07","","","","-27,00","","Généralement dégagé"
"1999-04-23 08:00","1999","04","23","08:00"," ","-18,10","","-21,80","","73,00","","6,00","","11,00","","25,00","","102,07","","","","-25,00","","Généralement dégagé"
"1999-04-23 09:00","1999","04","23","09:00"," ","-16,90","","-21,10","","70,00","","0,00","","0,00","","25,00","","102,07","","","","","","Généralement dégagé"
"1999-04-23 10:00","1999","04","23","10:00"," ","-16,60","","-20,40","","72,00","","13,00","","6,00","","25,00","","102,07","","","","-21,00","","Généralement dégagé"
"1999-04-23 11:00","1999","04","23","11:00"," ","-16,40","","-19,30","","78,00","","12,00","","9,00","","25,00","","102,04","","","","-22,00","","Généralement dégagé"
"1999-04-23 12:00","1999","04","23","12:00"," ","-15,90","","-20,20","","69,00","","13,00","","9,00","","25,00","","101,97","","","","-22,00","","Généralement dégagé"
"1999-04-23 13:00","1999","04","23","13:00"," ","-15,10","","-18,20","","77,00","","10,00","","7,00","","25,00","","101,97","","","","-20,00","","Généralement nuageux"
"1999-04-23 14:00","1999","04","23","14:00"," ","-14,20","","-17,30","","77,00","","10,00","","11,00","","25,00","","101,93","","","","-21,00","","Nuageux"
"1999-04-23 15:00","1999","04","23","15:00"," ","-14,10","","-16,00","","85,00","","10,00","","19,00","","19,30","","101,90","","","","-23,00","","Neige"
"1999-04-23 16:00","1999","04","23","16:00"," ","-13,30","","-17,60","","70,00","","9,00","","19,00","","9,70","","101,83","","","","-22,00","","Neige"
"1999-04-23 17:00","1999","04","23","17:00"," ","-12,60","","-14,20","","88,00","","9,00","","20,00","","4,00","","101,80","","","","-21,00","","Neige"
"1999-04-23 18:00","1999","04","23","18:00"," ","-12,60","","-14,10","","89,00","","9,00","","24,00","","2,00","","101,73","","","","-22,00","","Neige"
"1999-04-23 19:00","1999","04","23","19:00"," ","-12,20","","-13,30","","91,00","","9,00","","26,00","","1,60","","101,66","","","","-22,00","","Neige"
"1999-04-23 20:00","1999","04","23","20:00"," ","-12,10","","-13,30","","91,00","","9,00","","22,00","","1,60","","101,63","","","","-21,00","","Neige"
"1999-04-23 21:00","1999","04","23","21:00"," ","-11,40","","-12,20","","94,00","","12,00","","22,00","","2,00","","101,56","","","","-20,00","","Neige,Brouillard"
"1999-04-23 22:00","1999","04","23","22:00"," ","-10,80","","-12,10","","90,00","","13,00","","24,00","","1,20","","101,50","","","","-20,00","","Neige"
"1999-04-23 23:00","1999","04","23","23:00"," ","-10,50","","-10,90","","97,00","","13,00","","22,00","","2,40","","101,40","","","","-19,00","","Neige"
"1999-04-24 00:00","1999","04","24","00:00"," ","-10,30","","-11,60","","90,00","","13,00","","24,00","","4,80","","101,33","","","","-19,00","","Neige"
"1999-04-24 01:00","1999","04","24","01:00"," ","-10,20","","-10,80","","95,00","","12,00","","24,00","","16,10","","101,26","","","","-19,00","","Neige"
"1999-04-24 02:00","1999","04","24","02:00"," ","-10,00","","-11,10","","92,00","","12,00","","22,00","","19,30","","101,16","","","","-18,00","","Neige"
"1999-04-24 03:00","1999","04","24","03:00"," ","-10,10","","-11,40","","90,00","","11,00","","22,00","","19,30","","101,09","","","","-18,00","","Neige"
"1999-04-24 04:00","1999","04","24","04:00"," ","-10,50","","-10,70","","98,00","","12,00","","24,00","","19,30","","101,03","","","","-19,00","","Neige"
"1999-04-24 05:00","1999","04","24","05:00"," ","-11,80","","-13,70","","86,00","","11,00","","20,00","","19,30","","100,96","","","","-20,00","","Neige"
"1999-04-24 06:00","1999","04","24","06:00"," ","-12,30","","-13,80","","89,00","","10,00","","20,00","","16,10","","100,89","","","","-21,00","","Neige"
"1999-04-24 07:00","1999","04","24","07:00"," ","-11,50","","-12,10","","95,00","","10,00","","22,00","","6,40","","100,82","","","","-20,00","","Neige,Brouillard de glace"
"1999-04-24 08:00","1999","04","24","08:00"," ","-10,40","","-11,20","","94,00","","9,00","","28,00","","19,30","","100,72","","","","-20,00","","Nuageux"
"1999-04-24 09:00","1999","04","24","09:00"," ","-9,60","","-10,60","","92,00","","10,00","","30,00","","19,30","","100,59","","","","-19,00","","Nuageux"
"1999-04-24 10:00","1999","04","24","10:00"," ","-8,80","","-10,20","","90,00","","10,00","","33,00","","19,30","","100,49","","","","-18,00","","Nuageux"
"1999-04-24 11:00","1999","04","24","11:00"," ","-7,60","","-8,80","","91,00","","12,00","","33,00","","19,30","","100,39","","","","-17,00","","Nuageux"
"1999-04-24 12:00","1999","04","24","12:00"," ","-6,70","","-7,90","","91,00","","12,00","","33,00","","11,30","","100,32","","","","-16,00","","Neige"
"1999-04-24 13:00","1999","04","24","13:00"," ","-6,70","","-7,10","","97,00","","12,00","","37,00","","3,20","","100,22","","","","-16,00","","Neige"
"1999-04-24 14:00","1999","04","24","14:00"," ","-6,20","","-6,70","","96,00","","12,00","","35,00","","9,70","","100,05","","","","-15,00","","Neige"
"1999-04-24 15:00","1999","04","24","15:00"," ","-5,90","","-6,40","","96,00","","12,00","","30,00","","9,70","","100,02","","","","-14,00","","Neige"
"1999-04-24 16:00","1999","04","24","16:00"," ","-5,70","","-6,00","","98,00","","12,00","","33,00","","9,70","","99,95","","","","-14,00","","Neige"
"1999-04-24 17:00","1999","04","24","17:00"," ","-5,50","","-6,00","","96,00","","12,00","","41,00","","9,70","","99,88","","","","-15,00","","Neige"
"1999-04-24 18:00","1999","04","24","18:00"," ","-5,40","","-6,00","","96,00","","12,00","","35,00","","8,00","","99,81","","","","-14,00","","Neige en grains"
"1999-04-24 19:00","1999","04","24","19:00"," ","-5,40","","-5,50","","99,00","","12,00","","33,00","","1,20","","99,78","","","","-14,00","","Neige,Poudrerie élevée"
"1999-04-24 20:00","1999","04","24","20:00"," ","-5,40","","-5,40","","100,00","","12,00","","37,00","","1,20","","99,65","","","","-14,00","","Neige,Poudrerie élevée"
"1999-04-24 21:00","1999","04","24","21:00"," ","-5,30","","-5,90","","96,00","","11,00","","37,00","","1,20","","99,61","","","","-14,00","","Neige,Poudrerie élevée"
"1999-04-24 22:00","1999","04","24","22:00"," ","-5,10","","-6,00","","93,00","","11,00","","37,00","","1,20","","99,54","","","","-14,00","","Neige,Poudrerie élevée"
"1999-04-24 23:00","1999","04","24","23:00"," ","-5,20","","-5,60","","97,00","","11,00","","37,00","","8,00","","99,51","","","","-14,00","","Neige,Poudrerie élevée"
"1999-04-25 00:00","1999","04","25","00:00"," ","-5,20","","-5,50","","98,00","","9,00","","30,00","","4,80","","99,48","","","","-13,00","","Neige,Poudrerie élevée"
"1999-04-25 01:00","1999","04","25","01:00"," ","-5,00","","-5,10","","99,00","","10,00","","33,00","","4,80","","99,44","","","","-13,00","","Neige,Poudrerie élevée"
"1999-04-25 02:00","1999","04","25","02:00"," ","-5,10","","-5,40","","98,00","","11,00","","30,00","","3,20","","99,41","","","","-13,00","","Neige,Poudrerie élevée"
"1999-04-25 03:00","1999","04","25","03:00"," ","-5,10","","-5,50","","97,00","","10,00","","30,00","","4,00","","99,41","","","","-13,00","","Neige en grains,Poudrerie élevée"
"1999-04-25 04:00","1999","04","25","04:00"," ","-5,00","","-5,20","","98,00","","10,00","","28,00","","4,00","","99,44","","","","-13,00","","Neige en grains,Poudrerie élevée"
"1999-04-25 05:00","1999","04","25","05:00"," ","-4,80","","-5,40","","96,00","","10,00","","28,00","","4,00","","99,44","","","","-12,00","","Neige en grains,Poudrerie élevée"
"1999-04-25 06:00","1999","04","25","06:00"," ","-5,10","","-5,30","","98,00","","10,00","","32,00","","4,80","","99,48","","","","-13,00","","Neige en grains,Poudrerie élevée"
"1999-04-25 07:00","1999","04","25","07:00"," ","-4,80","","-5,40","","96,00","","9,00","","28,00","","8,00","","99,54","","","","-12,00","","Neige en grains,Poudrerie élevée"
"1999-04-25 08:00","1999","04","25","08:00"," ","-4,70","","-5,30","","96,00","","9,00","","28,00","","8,00","","99,58","","","","-12,00","","Neige en grains,Poudrerie élevée"
"1999-04-25 09:00","1999","04","25","09:00"," ","-4,30","","-5,00","","95,00","","10,00","","24,00","","24,10","","99,58","","","","-11,00","","Généralement nuageux"
"1999-04-25 10:00","1999","04","25","10:00"," ","-3,90","","-4,80","","93,00","","9,00","","28,00","","24,10","","99,61","","","","-11,00","","Généralement nuageux"
"1999-04-25 11:00","1999","04","25","11:00"," ","-3,30","","-4,30","","93,00","","10,00","","24,00","","24,10","","99,68","","","","-10,00","","Nuageux"
"1999-04-25 12:00","1999","04","25","12:00"," ","-2,80","","-4,30","","89,00","","9,00","","28,00","","24,10","","99,78","","","","-10,00","","Nuageux"
"1999-04-25 13:00","1999","04","25","13:00"," ","-2,80","","-4,00","","91,00","","9,00","","22,00","","24,10","","99,85","","","","-9,00","","Nuageux"
"1999-04-25 14:00","1999","04","25","14:00"," ","-2,10","","-3,30","","91,00","","9,00","","17,00","","24,10","","99,91","","","","-7,00","","Nuageux"
"1999-04-25 15:00","1999","04","25","15:00"," ","-1,90","","-3,10","","91,00","","8,00","","22,00","","4,80","","99,98","","","","-8,00","","Neige"
"1999-04-25 16:00","1999","04","25","16:00"," ","-1,90","","-3,00","","92,00","","6,00","","13,00","","12,90","","100,12","","","","-6,00","","Neige"
"1999-04-25 17:00","1999","04","25","17:00"," ","-2,10","","-2,90","","94,00","","6,00","","22,00","","4,80","","100,18","","","","-8,00","","Neige"
"1999-04-25 18:00","1999","04","25","18:00"," ","-2,20","","-2,50","","98,00","","6,00","","19,00","","1,20","","100,29","","","","-8,00","","Neige"
"1999-04-25 19:00","1999","04","25","19:00"," ","-2,40","","-2,70","","98,00","","5,00","","17,00","","1,20","","100,39","","","","-8,00","","Neige"
"1999-04-25 20:00","1999","04","25","20:00"," ","-2,80","","-3,10","","98,00","","5,00","","20,00","","1,20","","100,45","","","","-9,00","","Neige"
"1999-04-25 21:00","1999","04","25","21:00"," ","-2,80","","-3,30","","96,00","","6,00","","22,00","","1,00","","100,52","","","","-9,00","","Neige"
"1999-04-25 22:00","1999","04","25","22:00"," ","-3,00","","-3,30","","98,00","","6,00","","17,00","","1,20","","100,59","","","","-9,00","","Neige"
"1999-04-25 23:00","1999","04","25","23:00"," ","-2,90","","-3,30","","97,00","","5,00","","17,00","","4,80","","100,62","","","","-8,00","","Neige"
"1999-04-26 00:00","1999","04","26","00:00"," ","-2,90","","-3,20","","98,00","","5,00","","17,00","","6,40","","100,66","","","","-8,00","","Neige"
"1999-04-26 01:00","1999","04","26","01:00"," ","-3,00","","-3,30","","98,00","","5,00","","13,00","","1,60","","100,76","","","","-8,00","","Neige"
"1999-04-26 02:00","1999","04","26","02:00"," ","-3,90","","-4,10","","99,00","","4,00","","13,00","","9,70","","100,82","","","","-9,00","","Neige"
"1999-04-26 03:00","1999","04","26","03:00"," ","-3,60","","-4,30","","95,00","","3,00","","13,00","","16,10","","100,86","","","","-8,00","","Neige"
"1999-04-26 04:00","1999","04","26","04:00"," ","-3,30","","-5,00","","88,00","","3,00","","13,00","","19,30","","100,96","","","","-8,00","","Neige"
"1999-04-26 05:00","1999","04","26","05:00"," ","-3,40","","-4,50","","92,00","","5,00","","9,00","","24,10","","100,99","","","","-7,00","","Neige"
"1999-04-26 06:00","1999","04","26","06:00"," ","-3,50","","-4,60","","92,00","","0,00","","0,00","","24,10","","101,06","","","","","","Neige"
"1999-04-26 07:00","1999","04","26","07:00"," ","-3,30","","-4,80","","89,00","","0,00","","0,00","","24,10","","101,13","","","","","","Neige"
"1999-04-26 08:00","1999","04","26","08:00"," ","-3,40","","-5,20","","87,00","","34,00","","6,00","","24,10","","101,16","","","","-6,00","","Nuageux"
"1999-04-26 09:00","1999","04","26","09:00"," ","-2,90","","-4,70","","87,00","","34,00","","4,00","","24,10","","101,16","","","","-4,00","","Nuageux"
"1999-04-26 10:00","1999","04","26","10:00"," ","-2,20","","-4,50","","84,00","","0,00","","0,00","","24,10","","101,23","","","","","","Nuageux"
"1999-04-26 11:00","1999","04","26","11:00"," ","-2,80","","-4,20","","90,00","","17,00","","4,00","","25,00","","101,23","","","","-4,00","","Nuageux"
"1999-04-26 12:00","1999","04","26","12:00"," ","-2,20","","-4,10","","87,00","","0,00","","0,00","","25,00","","101,26","","","","","","Nuageux"
"1999-04-26 13:00","1999","04","26","13:00"," ","-1,60","","-3,60","","86,00","","0,00","","0,00","","25,00","","101,29","","","","","","Nuageux"
"1999-04-26 14:00","1999","04","26","14:00"," ","-1,80","","-3,60","","87,00","","0,00","","0,00","","19,30","","101,36","","","","","","Nuageux"
"1999-04-26 15:00","1999","04","26","15:00"," ","-2,30","","-4,30","","86,00","","0,00","","0,00","","19,30","","101,43","","","","","","Nuageux"
"1999-04-26 16:00","1999","04","26","16:00"," ","-2,70","","-3,80","","92,00","","14,00","","6,00","","19,30","","101,43","","","","-5,00","","Nuageux"
"1999-04-26 17:00","1999","04","26","17:00"," ","-2,90","","-4,00","","92,00","","14,00","","9,00","","19,30","","101,46","","","","-6,00","","Nuageux"
"1999-04-26 18:00","1999","04","26","18:00"," ","-3,30","","-4,00","","95,00","","15,00","","11,00","","19,30","","101,46","","","","-8,00","","Nuageux"
"1999-04-26 19:00","1999","04","26","19:00"," ","-3,60","","-4,60","","93,00","","14,00","","9,00","","19,30","","101,46","","","","-7,00","","Nuageux"
"1999-04-26 20:00","1999","04","26","20:00"," ","-4,10","","-4,60","","96,00","","14,00","","7,00","","19,30","","101,50","","","","-7,00","","Nuageux"
"1999-04-26 21:00","1999","04","26","21:00"," ","-4,40","","-5,20","","94,00","","12,00","","11,00","","19,30","","101,46","","","","-9,00","","Nuageux"
"1999-04-26 22:00","1999","04","26","22:00"," ","-4,70","","-5,30","","96,00","","12,00","","11,00","","19,30","","101,46","","","","-9,00","","Nuageux"
"1999-04-26 23:00","1999","04","26","23:00"," ","-4,80","","-5,70","","93,00","","11,00","","11,00","","16,10","","101,43","","","","-9,00","","Nuageux"
"1999-04-27 00:00","1999","04","27","00:00"," ","-5,00","","-5,50","","96,00","","11,00","","13,00","","16,10","","101,50","","","","-10,00","","Neige"
"1999-04-27 01:00","1999","04","27","01:00"," ","-5,00","","-5,20","","98,00","","11,00","","7,00","","4,80","","101,50","","","","-8,00","","Neige en grains,Brouillard"
"1999-04-27 02:00","1999","04","27","02:00"," ","-4,90","","-5,20","","98,00","","9,00","","9,00","","4,80","","101,50","","","","-9,00","","Neige en grains,Brouillard"
"1999-04-27 03:00","1999","04","27","03:00"," ","-4,60","","-4,60","","100,00","","10,00","","7,00","","0,20","","101,50","","","","-8,00","","Brouillard"
"1999-04-27 04:00","1999","04","27","04:00"," ","-4,50","","-4,70","","99,00","","10,00","","6,00","","0,20","","101,53","","","","-7,00","","Brouillard"
"1999-04-27 05:00","1999","04","27","05:00"," ","-3,60","","-3,80","","99,00","","16,00","","9,00","","0,20","","101,50","","","","-7,00","","Brouillard"
"1999-04-27 06:00","1999","04","27","06:00"," ","-3,90","","-4,20","","98,00","","16,00","","13,00","","9,70","","101,46","","","","-9,00","","Brouillard"
"1999-04-27 07:00","1999","04","27","07:00"," ","-3,90","","-4,10","","99,00","","14,00","","11,00","","19,30","","101,46","","","","-8,00","","Généralement nuageux"
"1999-04-27 08:00","1999","04","27","08:00"," ","-3,70","","-3,90","","99,00","","14,00","","13,00","","24,10","","101,43","","","","-9,00","","Nuageux"
"1999-04-27 09:00","1999","04","27","09:00"," ","-3,10","","-3,20","","99,00","","12,00","","13,00","","24,10","","101,43","","","","-8,00","","Nuageux"
"1999-04-27 10:00","1999","04","27","10:00"," ","-2,40","","-2,40","","100,00","","15,00","","20,00","","19,30","","101,36","","","","-8,00","","Nuageux"
"1999-04-27 11:00","1999","04","27","11:00"," ","-1,90","","-2,10","","99,00","","21,00","","28,00","","19,30","","101,43","","","","-9,00","","Nuageux"
"1999-04-27 12:00","1999","04","27","12:00"," ","-1,80","","-2,10","","98,00","","19,00","","24,00","","19,30","","101,36","","","","-8,00","","Nuageux"
"1999-04-27 13:00","1999","04","27","13:00"," ","-1,40","","-1,60","","99,00","","20,00","","26,00","","19,30","","101,36","","","","-8,00","","Neige"
"1999-04-27 14:00","1999","04","27","14:00"," ","-1,40","","-2,10","","95,00","","20,00","","24,00","","24,10","","101,36","","","","-8,00","","Nuageux"
"1999-04-27 15:00","1999","04","27","15:00"," ","-1,10","","-1,60","","96,00","","21,00","","20,00","","24,10","","101,40","","","","-7,00","","Nuageux"
"1999-04-27 16:00","1999","04","27","16:00"," ","-1,00","","-1,70","","95,00","","20,00","","20,00","","19,30","","101,36","","","","-7,00","","Nuageux"
"1999-04-27 17:00","1999","04","27","17:00"," ","-0,90","","-1,20","","98,00","","20,00","","20,00","","19,30","","101,36","","","","-6,00","","Nuageux"
"1999-04-27 18:00","1999","04","27","18:00"," ","-0,70","","-1,10","","97,00","","21,00","","19,00","","24,10","","101,43","","","","-6,00","","Nuageux"
"1999-04-27 19:00","1999","04","27","19:00"," ","-0,60","","-0,90","","98,00","","22,00","","20,00","","24,10","","101,40","","","","-6,00","","Nuageux"
"1999-04-27 20:00","1999","04","27","20:00"," ","-0,60","","-0,70","","99,00","","21,00","","9,00","","24,10","","101,40","","","","-4,00","","Nuageux"
"1999-04-27 21:00","1999","04","27","21:00"," ","-0,60","","-1,00","","97,00","","21,00","","9,00","","24,10","","101,40","","","","-4,00","","Nuageux"
"1999-04-27 22:00","1999","04","27","22:00"," ","-0,40","","-0,50","","99,00","","23,00","","7,00","","19,30","","101,46","","","","-3,00","","Pluie"
"1999-04-27 23:00","1999","04","27","23:00"," ","0,00","","0,00","","100,00","","27,00","","7,00","","16,10","","101,46","","","","-2,00","","Pluie verglaçante"
"1999-04-28 00:00","1999","04","28","00:00"," ","-0,80","","-0,90","","99,00","","35,00","","13,00","","3,20","","101,50","","","","-5,00","","Pluie verglaçante,Neige"
"1999-04-28 01:00","1999","04","28","01:00"," ","-1,30","","-1,40","","99,00","","34,00","","9,00","","2,00","","101,60","","","","-5,00","","Neige"
"1999-04-28 02:00","1999","04","28","02:00"," ","-1,40","","-1,90","","96,00","","1,00","","15,00","","19,30","","101,60","","","","-6,00","","Neige"
"1999-04-28 03:00","1999","04","28","03:00"," ","-2,10","","-3,60","","89,00","","3,00","","17,00","","24,10","","101,70","","","","-7,00","","Neige"
"1999-04-28 04:00","1999","04","28","04:00"," ","-3,70","","-5,60","","87,00","","2,00","","32,00","","24,10","","101,77","","","","-12,00","","Neige"
"1999-04-28 05:00","1999","04","28","05:00"," ","-4,70","","-6,60","","87,00","","2,00","","30,00","","24,10","","101,90","","","","-13,00","","Neige"
"1999-04-28 06:00","1999","04","28","06:00"," ","-5,40","","-7,50","","85,00","","1,00","","26,00","","25,00","","101,93","","","","-13,00","","Généralement nuageux"
"1999-04-28 07:00","1999","04","28","07:00"," ","-5,50","","-7,30","","87,00","","36,00","","20,00","","25,00","","102,04","","","","-12,00","","Généralement nuageux"
"1999-04-28 08:00","1999","04","28","08:00"," ","-6,10","","-8,60","","82,00","","1,00","","28,00","","25,00","","102,07","","","","-14,00","","Généralement nuageux"
"1999-04-28 09:00","1999","04","28","09:00"," ","-4,70","","-7,00","","84,00","","3,00","","9,00","","25,00","","102,14","","","","-9,00","","Généralement nuageux"
"1999-04-28 10:00","1999","04","28","10:00"," ","-4,50","","-6,70","","85,00","","0,00","","0,00","","25,00","","102,17","","","","","","Généralement nuageux"
"1999-04-28 11:00","1999","04","28","11:00"," ","-4,00","","-6,70","","81,00","","26,00","","4,00","","25,00","","102,24","","","","-6,00","","Nuageux"
"1999-04-28 12:00","1999","04","28","12:00"," ","-3,80","","-6,60","","81,00","","21,00","","6,00","","25,00","","102,27","","","","-6,00","","Nuageux"
"1999-04-28 13:00","1999","04","28","13:00"," ","-3,30","","-6,20","","80,00","","20,00","","6,00","","25,00","","102,34","","","","-6,00","","Nuageux"
"1999-04-28 14:00","1999","04","28","14:00"," ","-3,00","","-6,20","","79,00","","2,00","","11,00","","25,00","","102,34","","","","-7,00","","Nuageux"
"1999-04-28 15:00","1999","04","28","15:00"," ","-3,10","","-6,80","","76,00","","4,00","","9,00","","25,00","","102,37","","","","-7,00","","Nuageux"
"1999-04-28 16:00","1999","04","28","16:00"," ","-3,90","","-7,40","","77,00","","7,00","","13,00","","25,00","","102,37","","","","-9,00","","Nuageux"
"1999-04-28 17:00","1999","04","28","17:00"," ","-3,80","","-7,60","","75,00","","6,00","","9,00","","25,00","","102,44","","","","-8,00","","Nuageux"
"1999-04-28 18:00","1999","04","28","18:00"," ","-4,20","","-7,00","","81,00","","6,00","","9,00","","25,00","","102,44","","","","-8,00","","Nuageux"
"1999-04-28 19:00","1999","04","28","19:00"," ","-4,90","","-7,70","","81,00","","1,00","","11,00","","25,00","","102,51","","","","-9,00","","Nuageux"
"1999-04-28 20:00","1999","04","28","20:00"," ","-6,10","","-8,80","","81,00","","4,00","","13,00","","25,00","","102,44","","","","-11,00","","Nuageux"
"1999-04-28 21:00","1999","04","28","21:00"," ","-6,10","","-8,70","","82,00","","5,00","","9,00","","25,00","","102,47","","","","-10,00","","Nuageux"
"1999-04-28 22:00","1999","04","28","22:00"," ","-6,30","","-9,10","","80,00","","0,00","","0,00","","25,00","","102,47","","","","","","Nuageux"
"1999-04-28 23:00","1999","04","28","23:00"," ","-6,80","","-8,70","","86,00","","32,00","","11,00","","24,10","","102,47","","","","-12,00","","Nuageux"
"1999-04-29 00:00","1999","04","29","00:00"," ","-8,00","","-9,80","","87,00","","33,00","","9,00","","24,10","","102,47","","","","-13,00","","Nuageux"
"1999-04-29 01:00","1999","04","29","01:00"," ","-8,30","","-10,50","","84,00","","32,00","","20,00","","24,10","","102,47","","","","-16,00","","Nuageux"
"1999-04-29 02:00","1999","04","29","02:00"," ","-9,00","","-10,90","","86,00","","32,00","","15,00","","24,10","","102,47","","","","-16,00","","Nuageux"
"1999-04-29 03:00","1999","04","29","03:00"," ","-10,50","","-12,80","","83,00","","34,00","","17,00","","25,00","","102,47","","","","-18,00","","Nuageux"
"1999-04-29 04:00","1999","04","29","04:00"," ","-11,00","","-14,70","","74,00","","36,00","","22,00","","25,00","","102,51","","","","-20,00","","Nuageux"
"1999-04-29 05:00","1999","04","29","05:00"," ","-11,90","","-14,40","","82,00","","34,00","","20,00","","25,00","","102,54","","","","-20,00","","Généralement nuageux"
"1999-04-29 06:00","1999","04","29","06:00"," ","-13,10","","-16,00","","79,00","","36,00","","20,00","","25,00","","102,57","","","","-22,00","","Généralement nuageux"
"1999-04-29 07:00","1999","04","29","07:00"," ","-13,80","","-16,20","","82,00","","34,00","","20,00","","25,00","","102,64","","","","-23,00","","Généralement nuageux"
"1999-04-29 08:00","1999","04","29","08:00"," ","-11,90","","-15,70","","73,00","","35,00","","19,00","","25,00","","102,64","","","","-20,00","","Généralement dégagé"
"1999-04-29 09:00","1999","04","29","09:00"," ","-10,30","","-14,40","","72,00","","32,00","","7,00","","25,00","","102,71","","","","-14,00","","Généralement dégagé"
"1999-04-29 10:00","1999","04","29","10:00"," ","-9,80","","-12,60","","80,00","","32,00","","20,00","","25,00","","102,71","","","","-18,00","","Généralement dégagé"
"1999-04-29 11:00","1999","04","29","11:00"," ","-9,40","","-13,30","","73,00","","32,00","","30,00","","25,00","","102,67","","","","-19,00","","Généralement dégagé"
"1999-04-29 12:00","1999","04","29","12:00"," ","-9,10","","-12,60","","76,00","","33,00","","24,00","","25,00","","102,71","","","","-17,00","","Généralement dégagé"
"1999-04-29 13:00","1999","04","29","13:00"," ","-8,90","","-12,80","","73,00","","33,00","","22,00","","25,00","","102,71","","","","-17,00","","Généralement dégagé"
"1999-04-29 14:00","1999","04","29","14:00"," ","-8,70","","-12,40","","75,00","","32,00","","19,00","","25,00","","102,74","","","","-16,00","","Généralement dégagé"
"1999-04-29 15:00","1999","04","29","15:00"," ","-8,70","","-12,60","","73,00","","32,00","","20,00","","25,00","","102,71","","","","-16,00","","Généralement dégagé"
"1999-04-29 16:00","1999","04","29","16:00"," ","-9,50","","-13,10","","75,00","","31,00","","22,00","","25,00","","102,71","","","","-18,00","","Généralement dégagé"
"1999-04-29 17:00","1999","04","29","17:00"," ","-10,90","","-13,80","","79,00","","32,00","","15,00","","25,00","","102,71","","","","-18,00","","Généralement dégagé"
"1999-04-29 18:00","1999","04","29","18:00"," ","-11,30","","-14,40","","78,00","","33,00","","26,00","","25,00","","102,64","","","","-21,00","","Généralement dégagé"
"1999-04-29 19:00","1999","04","29","19:00"," ","-12,60","","-15,70","","78,00","","32,00","","20,00","","25,00","","102,64","","","","-21,00","","Généralement dégagé"
"1999-04-29 20:00","1999","04","29","20:00"," ","-13,40","","-16,60","","77,00","","33,00","","19,00","","25,00","","102,64","","","","-22,00","","Généralement dégagé"
"1999-04-29 21:00","1999","04","29","21:00"," ","-13,90","","-17,50","","74,00","","34,00","","26,00","","25,00","","102,61","","","","-24,00","","Généralement nuageux"
"1999-04-29 22:00","1999","04","29","22:00"," ","-15,70","","-19,20","","74,00","","33,00","","17,00","","24,10","","102,61","","","","-24,00","","Généralement dégagé"
"1999-04-29 23:00","1999","04","29","23:00"," ","-18,00","","-20,40","","81,00","","28,00","","7,00","","24,10","","102,57","","","","-23,00","","Généralement dégagé"
"1999-04-30 00:00","1999","04","30","00:00"," ","-17,00","","-20,20","","76,00","","30,00","","22,00","","24,10","","102,51","","","","-27,00","","Généralement dégagé"
"1999-04-30 01:00","1999","04","30","01:00"," ","-19,80","","-20,70","","93,00","","29,00","","19,00","","24,10","","102,47","","","","-30,00","","Généralement dégagé"
"1999-04-30 02:00","1999","04","30","02:00"," ","-19,80","","-23,90","","70,00","","35,00","","13,00","","24,10","","102,44","","","","-28,00","","Généralement dégagé"
"1999-04-30 03:00","1999","04","30","03:00"," ","","","","","","","","","","","","","","","","","","",""
"1999-04-30 04:00","1999","04","30","04:00"," ","-20,60","","-22,10","","88,00","","34,00","","13,00","","24,10","","102,37","","","","-29,00","","Généralement dégagé"
"1999-04-30 05:00","1999","04","30","05:00"," ","-22,20","","-24,70","","80,00","","33,00","","11,00","","25,00","","102,34","","","","-30,00","","Généralement dégagé"
"1999-04-30 06:00","1999","04","30","06:00"," ","-19,00","","-21,50","","81,00","","32,00","","13,00","","25,00","","102,30","","","","-27,00","","Généralement dégagé"
"1999-04-30 07:00","1999","04","30","07:00"," ","-18,50","","-22,10","","73,00","","28,00","","7,00","","25,00","","102,34","","","","-24,00","","Généralement dégagé"
"1999-04-30 08:00","1999","04","30","08:00"," ","-16,60","","-19,90","","76,00","","0,00","","0,00","","25,00","","102,30","","","","","","Généralement dégagé"
"1999-04-30 09:00","1999","04","30","09:00"," ","-16,30","","-19,90","","74,00","","23,00","","4,00","","25,00","","102,27","","","","-19,00","","Généralement dégagé"
"1999-04-30 10:00","1999","04","30","10:00"," ","-15,00","","-18,70","","73,00","","27,00","","9,00","","25,00","","102,20","","","","-21,00","","Généralement dégagé"
"1999-04-30 11:00","1999","04","30","11:00"," ","-13,90","","-17,70","","73,00","","26,00","","17,00","","25,00","","102,17","","","","-22,00","","Généralement dégagé"
"1999-04-30 12:00","1999","04","30","12:00"," ","-12,60","","-15,50","","79,00","","27,00","","20,00","","25,00","","102,07","","","","-21,00","","Dégagé"
"1999-04-30 13:00","1999","04","30","13:00"," ","-12,10","","-15,20","","78,00","","29,00","","17,00","","25,00","","102,07","","","","-20,00","","Généralement dégagé"
"1999-04-30 14:00","1999","04","30","14:00"," ","-11,20","","-13,90","","80,00","","28,00","","32,00","","25,00","","101,97","","","","-21,00","","Généralement nuageux"
"1999-04-30 15:00","1999","04","30","15:00"," ","-10,70","","-13,70","","79,00","","29,00","","19,00","","25,00","","101,97","","","","-19,00","","Généralement nuageux"
"1999-04-30 16:00","1999","04","30","16:00"," ","-10,80","","-14,10","","77,00","","34,00","","11,00","","25,00","","101,90","","","","-17,00","","Généralement nuageux"
"1999-04-30 17:00","1999","04","30","17:00"," ","-10,00","","-12,30","","83,00","","29,00","","11,00","","25,00","","101,87","","","","-16,00","","Généralement nuageux"
"1999-04-30 18:00","1999","04","30","18:00"," ","-10,70","","-13,20","","82,00","","34,00","","13,00","","25,00","","101,87","","","","-17,00","","Généralement nuageux"
"1999-04-30 19:00","1999","04","30","19:00"," ","-10,80","","-13,20","","82,00","","30,00","","24,00","","25,00","","101,80","","","","-20,00","","Généralement nuageux"
"1999-04-30 20:00","1999","04","30","20:00"," ","-13,10","","-14,90","","86,00","","34,00","","9,00","","25,00","","101,80","","","","-19,00","","Généralement nuageux"
"1999-04-30 21:00","1999","04","30","21:00"," ","-14,60","","-16,60","","85,00","","32,00","","13,00","","25,00","","101,77","","","","-22,00","","Généralement nuageux"
"1999-04-30 22:00","1999","04","30","22:00"," ","-13,60","","-15,50","","86,00","","32,00","","9,00","","24,10","","101,73","","","","-19,00","","Généralement nuageux"
"1999-04-30 23:00","1999","04","30","23:00"," ","-13,40","","-15,70","","83,00","","25,00","","6,00","","24,10","","101,77","","","","-17,00","","Nuageux"
