"Nom de la Station","PENTICTON A"
"Province","BRITISH COLUMBIA"
"Latitude","49,46"
"Longitude","-119,60"
"Altitude","344,40"
"Identification Climat","1126150"
"Identification OMM","71889"
"Identification TC","YYF"
"Toutes les heures sont exprimées en heure normale locale (HNL). Pour convertir l'heure locale en heure avancée de l'Est (HAE), ajoutez 1 heure s'il y a lieu."

"Légende"
"M","Données Manquantes"
"E","Valeur Estimée"
"ND","Non Disponible"
"**","Données fournies par un partenaire, non assujetties à un révision par les Archives climatiques nationales du Canada"

"Date/Heure","Année","Mois","Jour","Heure","Qualité des Données","Temp (°C)","Temp Indicateur","Point de rosée (°C)","Point de rosée Indicateur","Hum. rel (%)","Hum. rel. Indicateur","Dir. du vent (10s deg)","Dir. du vent Indicateur","Vit. du vent (km/h)","Vit. du vent Indicateur","Visibilité (km)","Visibilité Indicateur","Pression à la station (kPa)","Pression à la station Indicateur","Hmdx","Hmdx Indicateur","Refroid. éolien","Refroid. éolien Indicateur","Temps"
"1998-04-01 00:00","1998","04","01","00:00"," ","3,10","","1,60","","90,00","","35,00","","7,00","","24,10","","97,12","","","","","","Généralement nuageux"
"1998-04-01 01:00","1998","04","01","01:00"," ","4,30","","1,50","","82,00","","35,00","","9,00","","24,10","","97,16","","","","","","Généralement nuageux"
"1998-04-01 02:00","1998","04","01","02:00"," ","2,20","","0,30","","87,00","","3,00","","9,00","","24,10","","97,16","","","","","","Généralement nuageux"
"1998-04-01 03:00","1998","04","01","03:00"," ","2,60","","1,00","","89,00","","0,00","","0,00","","24,10","","97,19","","","","","","Généralement nuageux"
"1998-04-01 04:00","1998","04","01","04:00"," ","2,50","","1,00","","90,00","","0,00","","0,00","","24,10","","97,19","","","","","","Généralement nuageux"
"1998-04-01 05:00","1998","04","01","05:00"," ","3,30","","1,30","","87,00","","0,00","","0,00","","24,10","","97,22","","","","","","Généralement nuageux"
"1998-04-01 06:00","1998","04","01","06:00"," ","3,30","","1,50","","88,00","","0,00","","0,00","","24,10","","97,22","","","","","","Généralement nuageux"
"1998-04-01 07:00","1998","04","01","07:00"," ","4,00","","2,00","","87,00","","0,00","","0,00","","24,10","","97,25","","","","","","Généralement nuageux"
"1998-04-01 08:00","1998","04","01","08:00"," ","6,30","","2,70","","78,00","","0,00","","0,00","","24,10","","97,25","","","","","","Généralement nuageux"
"1998-04-01 09:00","1998","04","01","09:00"," ","6,90","","2,40","","73,00","","0,00","","0,00","","24,10","","97,22","","","","","","Généralement nuageux"
"1998-04-01 10:00","1998","04","01","10:00"," ","8,10","","2,90","","70,00","","0,00","","0,00","","24,10","","97,19","","","","","","Généralement nuageux"
"1998-04-01 11:00","1998","04","01","11:00"," ","9,80","","3,10","","63,00","","1,00","","6,00","","24,10","","97,16","","","","","","Généralement nuageux"
"1998-04-01 12:00","1998","04","01","12:00"," ","10,50","","2,30","","57,00","","32,00","","6,00","","24,10","","97,09","","","","","","Généralement nuageux"
"1998-04-01 13:00","1998","04","01","13:00"," ","11,70","","2,00","","51,00","","0,00","","0,00","","24,10","","97,06","","","","","","Généralement nuageux"
"1998-04-01 14:00","1998","04","01","14:00"," ","12,30","","2,00","","49,00","","30,00","","13,00","","24,10","","96,99","","","","","","Généralement dégagé"
"1998-04-01 15:00","1998","04","01","15:00"," ","12,90","","-1,70","","36,00","","0,00","","0,00","","24,10","","96,93","","","","","","Généralement dégagé"
"1998-04-01 16:00","1998","04","01","16:00"," ","13,50","","2,30","","47,00","","36,00","","11,00","","24,10","","96,89","","","","","","Généralement dégagé"
"1998-04-01 17:00","1998","04","01","17:00"," ","11,20","","2,00","","53,00","","33,00","","9,00","","24,10","","96,86","","","","","","Généralement dégagé"
"1998-04-01 18:00","1998","04","01","18:00"," ","9,60","","0,70","","54,00","","30,00","","4,00","","24,10","","96,89","","","","","","Généralement dégagé"
"1998-04-01 19:00","1998","04","01","19:00"," ","7,60","","0,10","","59,00","","0,00","","0,00","","24,10","","96,93","","","","","","Généralement dégagé"
"1998-04-01 20:00","1998","04","01","20:00"," ","5,70","","0,20","","68,00","","0,00","","0,00","","24,10","","97,03","","","","","","Généralement dégagé"
"1998-04-01 21:00","1998","04","01","21:00"," ","5,70","","1,00","","72,00","","25,00","","6,00","","24,10","","97,06","","","","","","Généralement nuageux"
"1998-04-01 22:00","1998","04","01","22:00"," ","3,90","","0,10","","76,00","","25,00","","2,00","","24,10","","97,09","","","","","","Généralement dégagé"
"1998-04-01 23:00","1998","04","01","23:00"," ","3,10","","-0,50","","77,00","","0,00","","0,00","","24,10","","97,16","","","","","","Généralement dégagé"
"1998-04-02 00:00","1998","04","02","00:00"," ","2,20","","-1,10","","79,00","","0,00","","0,00","","24,10","","97,19","","","","","","Généralement dégagé"
"1998-04-02 01:00","1998","04","02","01:00"," ","1,60","","-1,20","","82,00","","0,00","","0,00","","24,10","","97,22","","","","","","Dégagé"
"1998-04-02 02:00","1998","04","02","02:00"," ","0,50","","-1,70","","85,00","","0,00","","0,00","","24,10","","97,22","","","","","","Dégagé"
"1998-04-02 03:00","1998","04","02","03:00"," ","-0,30","","-2,20","","87,00","","0,00","","0,00","","24,10","","97,29","","","","","","Dégagé"
"1998-04-02 04:00","1998","04","02","04:00"," ","-0,70","","-2,50","","88,00","","25,00","","4,00","","24,10","","97,35","","","","-2,00","","Généralement dégagé"
"1998-04-02 05:00","1998","04","02","05:00"," ","1,10","","-0,70","","88,00","","25,00","","6,00","","24,10","","97,42","","","","","","Généralement nuageux"
"1998-04-02 06:00","1998","04","02","06:00"," ","2,30","","0,10","","85,00","","0,00","","0,00","","24,10","","97,48","","","","","","Généralement nuageux"
"1998-04-02 07:00","1998","04","02","07:00"," ","3,90","","0,50","","78,00","","0,00","","0,00","","24,10","","97,52","","","","","","Généralement nuageux"
"1998-04-02 08:00","1998","04","02","08:00"," ","5,30","","1,60","","77,00","","0,00","","0,00","","24,10","","97,55","","","","","","Nuageux"
"1998-04-02 09:00","1998","04","02","09:00"," ","6,20","","0,90","","69,00","","0,00","","0,00","","24,10","","97,58","","","","","","Nuageux"
"1998-04-02 10:00","1998","04","02","10:00"," ","7,10","","0,90","","65,00","","0,00","","0,00","","24,10","","97,58","","","","","","Nuageux"
"1998-04-02 11:00","1998","04","02","11:00"," ","8,40","","1,60","","62,00","","0,00","","0,00","","24,10","","97,58","","","","","","Généralement nuageux"
"1998-04-02 12:00","1998","04","02","12:00"," ","10,90","","1,70","","53,00","","0,00","","0,00","","24,10","","97,55","","","","","","Généralement nuageux"
"1998-04-02 13:00","1998","04","02","13:00"," ","12,80","","1,70","","47,00","","0,00","","0,00","","24,10","","97,48","","","","","","Généralement nuageux"
"1998-04-02 14:00","1998","04","02","14:00"," ","12,40","","1,70","","48,00","","33,00","","9,00","","24,10","","97,42","","","","","","Généralement nuageux"
"1998-04-02 15:00","1998","04","02","15:00"," ","10,20","","1,30","","54,00","","33,00","","13,00","","24,10","","97,45","","","","","","Généralement nuageux"
"1998-04-02 16:00","1998","04","02","16:00"," ","10,20","","1,50","","55,00","","34,00","","7,00","","24,10","","97,48","","","","","","Nuageux"
"1998-04-02 17:00","1998","04","02","17:00"," ","10,20","","0,40","","51,00","","33,00","","6,00","","24,10","","97,45","","","","","","Généralement nuageux"
"1998-04-02 18:00","1998","04","02","18:00"," ","9,60","","1,90","","59,00","","3,00","","4,00","","24,10","","97,45","","","","","","Généralement nuageux"
"1998-04-02 19:00","1998","04","02","19:00"," ","9,20","","1,40","","58,00","","0,00","","0,00","","24,10","","97,45","","","","","","Généralement nuageux"
"1998-04-02 20:00","1998","04","02","20:00"," ","8,00","","2,60","","69,00","","0,00","","0,00","","24,10","","97,52","","","","","","Nuageux"
"1998-04-02 21:00","1998","04","02","21:00"," ","7,90","","2,60","","69,00","","21,00","","4,00","","24,10","","97,55","","","","","","Nuageux"
"1998-04-02 22:00","1998","04","02","22:00"," ","9,20","","4,10","","70,00","","16,00","","15,00","","24,10","","97,55","","","","","","Nuageux"
"1998-04-02 23:00","1998","04","02","23:00"," ","9,90","","4,30","","68,00","","17,00","","13,00","","24,10","","97,55","","","","","","Nuageux"
"1998-04-03 00:00","1998","04","03","00:00"," ","9,00","","4,70","","74,00","","0,00","","0,00","","24,10","","97,55","","","","","","Nuageux"
"1998-04-03 01:00","1998","04","03","01:00"," ","8,70","","5,20","","79,00","","0,00","","0,00","","24,10","","97,55","","","","","","Pluie"
"1998-04-03 02:00","1998","04","03","02:00"," ","7,70","","5,10","","84,00","","0,00","","0,00","","24,10","","97,55","","","","","","Nuageux"
"1998-04-03 03:00","1998","04","03","03:00"," ","8,00","","4,80","","80,00","","0,00","","0,00","","24,10","","97,58","","","","","","Généralement nuageux"
"1998-04-03 04:00","1998","04","03","04:00"," ","8,00","","4,40","","78,00","","33,00","","9,00","","24,10","","97,52","","","","","","Généralement nuageux"
"1998-04-03 05:00","1998","04","03","05:00"," ","8,10","","3,80","","74,00","","32,00","","6,00","","24,10","","97,55","","","","","","Nuageux"
"1998-04-03 06:00","1998","04","03","06:00"," ","7,80","","4,10","","77,00","","32,00","","6,00","","24,10","","97,55","","","","","","Nuageux"
"1998-04-03 07:00","1998","04","03","07:00"," ","7,50","","4,30","","80,00","","32,00","","7,00","","24,10","","97,58","","","","","","Nuageux"
"1998-04-03 08:00","1998","04","03","08:00"," ","7,60","","5,30","","85,00","","32,00","","4,00","","24,10","","97,58","","","","","","Généralement nuageux"
"1998-04-03 09:00","1998","04","03","09:00"," ","9,20","","5,40","","77,00","","32,00","","9,00","","24,10","","97,55","","","","","","Généralement nuageux"
"1998-04-03 10:00","1998","04","03","10:00"," ","10,60","","3,90","","63,00","","4,00","","4,00","","24,10","","97,52","","","","","","Généralement dégagé"
"1998-04-03 11:00","1998","04","03","11:00"," ","12,20","","4,20","","58,00","","0,00","","0,00","","24,10","","97,42","","","","","","Généralement dégagé"
"1998-04-03 12:00","1998","04","03","12:00"," ","14,10","","3,20","","48,00","","16,00","","4,00","","24,10","","97,35","","","","","","Généralement nuageux"
"1998-04-03 13:00","1998","04","03","13:00"," ","12,70","","4,20","","56,00","","36,00","","15,00","","24,10","","97,29","","","","","","Nuageux"
"1998-04-03 14:00","1998","04","03","14:00"," ","12,90","","3,50","","53,00","","35,00","","15,00","","24,10","","97,22","","","","","","Nuageux"
"1998-04-03 15:00","1998","04","03","15:00"," ","12,70","","3,40","","53,00","","35,00","","11,00","","24,10","","97,19","","","","","","Nuageux"
"1998-04-03 16:00","1998","04","03","16:00"," ","12,30","","3,60","","55,00","","35,00","","6,00","","24,10","","97,16","","","","","","Nuageux"
"1998-04-03 17:00","1998","04","03","17:00"," ","11,60","","3,80","","59,00","","33,00","","6,00","","24,10","","97,09","","","","","","Nuageux"
"1998-04-03 18:00","1998","04","03","18:00"," ","11,20","","3,80","","60,00","","33,00","","9,00","","24,10","","97,09","","","","","","Nuageux"
"1998-04-03 19:00","1998","04","03","19:00"," ","10,00","","3,90","","66,00","","33,00","","6,00","","24,10","","97,06","","","","","","Nuageux"
"1998-04-03 20:00","1998","04","03","20:00"," ","8,50","","3,90","","73,00","","2,00","","6,00","","24,10","","97,06","","","","","","Nuageux"
"1998-04-03 21:00","1998","04","03","21:00"," ","8,70","","3,50","","70,00","","36,00","","7,00","","24,10","","97,06","","","","","","Nuageux"
"1998-04-03 22:00","1998","04","03","22:00"," ","8,20","","3,50","","72,00","","33,00","","9,00","","24,10","","97,03","","","","","","Nuageux"
"1998-04-03 23:00","1998","04","03","23:00"," ","7,90","","3,50","","74,00","","33,00","","7,00","","24,10","","97,03","","","","","","Nuageux"
"1998-04-04 00:00","1998","04","04","00:00"," ","7,30","","3,30","","76,00","","35,00","","9,00","","24,10","","97,03","","","","","","Nuageux"
"1998-04-04 01:00","1998","04","04","01:00"," ","8,20","","3,80","","74,00","","32,00","","9,00","","24,10","","97,03","","","","","","Nuageux"
"1998-04-04 02:00","1998","04","04","02:00"," ","8,00","","3,70","","74,00","","33,00","","9,00","","24,10","","97,03","","","","","","Nuageux"
"1998-04-04 03:00","1998","04","04","03:00"," ","7,40","","3,60","","77,00","","33,00","","9,00","","24,10","","97,03","","","","","","Nuageux"
"1998-04-04 04:00","1998","04","04","04:00"," ","7,10","","3,50","","78,00","","33,00","","9,00","","24,10","","97,03","","","","","","Nuageux"
"1998-04-04 05:00","1998","04","04","05:00"," ","6,40","","3,50","","82,00","","34,00","","9,00","","24,10","","97,03","","","","","","Généralement nuageux"
"1998-04-04 06:00","1998","04","04","06:00"," ","6,10","","3,40","","83,00","","33,00","","6,00","","24,10","","97,03","","","","","","Généralement nuageux"
"1998-04-04 07:00","1998","04","04","07:00"," ","7,90","","4,00","","76,00","","34,00","","7,00","","24,10","","97,03","","","","","","Généralement nuageux"
"1998-04-04 08:00","1998","04","04","08:00"," ","8,20","","4,10","","75,00","","33,00","","19,00","","24,10","","97,06","","","","","","Généralement nuageux"
"1998-04-04 09:00","1998","04","04","09:00"," ","9,80","","4,40","","69,00","","36,00","","11,00","","24,10","","97,03","","","","","","Généralement nuageux"
"1998-04-04 10:00","1998","04","04","10:00"," ","10,80","","4,50","","65,00","","1,00","","15,00","","24,10","","96,99","","","","","","Généralement nuageux"
"1998-04-04 11:00","1998","04","04","11:00"," ","12,80","","4,50","","57,00","","35,00","","19,00","","24,10","","96,93","","","","","","Généralement nuageux"
"1998-04-04 12:00","1998","04","04","12:00"," ","13,40","","4,30","","54,00","","34,00","","17,00","","24,10","","96,86","","","","","","Généralement nuageux"
"1998-04-04 13:00","1998","04","04","13:00"," ","14,00","","3,90","","51,00","","34,00","","13,00","","24,10","","96,83","","","","","","Généralement nuageux"
"1998-04-04 14:00","1998","04","04","14:00"," ","15,60","","3,70","","45,00","","34,00","","22,00","","24,10","","96,73","","","","","","Généralement nuageux"
"1998-04-04 15:00","1998","04","04","15:00"," ","17,00","","3,30","","40,00","","31,00","","15,00","","24,10","","96,67","","","","","","Généralement nuageux"
"1998-04-04 16:00","1998","04","04","16:00"," ","15,70","","3,60","","44,00","","33,00","","9,00","","24,10","","96,60","","","","","","Généralement nuageux"
"1998-04-04 17:00","1998","04","04","17:00"," ","13,40","","4,10","","53,00","","2,00","","13,00","","24,10","","96,60","","","","","","Généralement nuageux"
"1998-04-04 18:00","1998","04","04","18:00"," ","13,20","","3,30","","51,00","","36,00","","9,00","","24,10","","96,60","","","","","","Généralement nuageux"
"1998-04-04 19:00","1998","04","04","19:00"," ","12,00","","2,20","","51,00","","35,00","","7,00","","24,10","","96,63","","","","","","Généralement nuageux"
"1998-04-04 20:00","1998","04","04","20:00"," ","11,80","","1,20","","48,00","","32,00","","4,00","","24,10","","96,67","","","","","","Généralement nuageux"
"1998-04-04 21:00","1998","04","04","21:00"," ","11,00","","3,00","","58,00","","18,00","","9,00","","24,10","","96,73","","","","","","Généralement nuageux"
"1998-04-04 22:00","1998","04","04","22:00"," ","12,20","","4,30","","58,00","","18,00","","19,00","","24,10","","96,76","","","","","","Généralement nuageux"
"1998-04-04 23:00","1998","04","04","23:00"," ","11,40","","4,70","","63,00","","18,00","","15,00","","24,10","","96,76","","","","","","Généralement nuageux"
"1998-04-05 00:00","1998","04","05","00:00"," ","9,70","","5,00","","72,00","","14,00","","9,00","","24,10","","96,80","","","","","","Généralement nuageux"
"1998-04-05 01:00","1998","04","05","01:00"," ","9,00","","5,10","","77,00","","16,00","","11,00","","24,10","","96,80","","","","","","Généralement nuageux"
"1998-04-05 02:00","1998","04","05","02:00"," ","8,80","","5,20","","78,00","","14,00","","11,00","","24,10","","96,83","","","","","","Généralement nuageux"
"1998-04-05 03:00","1998","04","05","03:00"," ","7,60","","4,70","","82,00","","16,00","","9,00","","24,10","","96,83","","","","","","Généralement nuageux"
"1998-04-05 04:00","1998","04","05","04:00"," ","6,40","","3,90","","84,00","","24,00","","4,00","","24,10","","96,83","","","","","","Généralement nuageux"
"1998-04-05 05:00","1998","04","05","05:00"," ","6,50","","4,00","","84,00","","0,00","","0,00","","24,10","","96,83","","","","","","Généralement nuageux"
"1998-04-05 06:00","1998","04","05","06:00"," ","6,80","","4,10","","83,00","","0,00","","0,00","","24,10","","96,86","","","","","","Généralement nuageux"
"1998-04-05 07:00","1998","04","05","07:00"," ","7,50","","4,50","","81,00","","0,00","","0,00","","24,10","","96,89","","","","","","Averses de pluie"
"1998-04-05 08:00","1998","04","05","08:00"," ","7,50","","5,30","","86,00","","0,00","","0,00","","24,10","","96,89","","","","","","Nuageux"
"1998-04-05 09:00","1998","04","05","09:00"," ","8,00","","4,90","","81,00","","0,00","","0,00","","24,10","","96,93","","","","","","Nuageux"
"1998-04-05 10:00","1998","04","05","10:00"," ","10,30","","5,90","","74,00","","0,00","","0,00","","24,10","","96,89","","","","","","Nuageux"
"1998-04-05 11:00","1998","04","05","11:00"," ","8,00","","6,40","","90,00","","0,00","","0,00","","16,10","","96,89","","","","","","Averses de pluie"
"1998-04-05 12:00","1998","04","05","12:00"," ","9,90","","7,70","","86,00","","0,00","","0,00","","24,10","","96,86","","","","","","Nuageux"
"1998-04-05 13:00","1998","04","05","13:00"," ","12,10","","8,40","","78,00","","0,00","","0,00","","24,10","","96,80","","","","","","Généralement nuageux"
"1998-04-05 14:00","1998","04","05","14:00"," ","12,10","","6,40","","68,00","","0,00","","0,00","","24,10","","96,76","","","","","","Généralement nuageux"
"1998-04-05 15:00","1998","04","05","15:00"," ","13,30","","6,90","","65,00","","14,00","","6,00","","24,10","","96,70","","","","","","Généralement nuageux"
"1998-04-05 16:00","1998","04","05","16:00"," ","12,60","","6,10","","65,00","","20,00","","15,00","","24,10","","96,70","","","","","","Généralement nuageux"
"1998-04-05 17:00","1998","04","05","17:00"," ","10,70","","6,80","","77,00","","15,00","","7,00","","24,10","","96,70","","","","","","Généralement nuageux"
"1998-04-05 18:00","1998","04","05","18:00"," ","10,90","","5,50","","69,00","","17,00","","6,00","","24,10","","96,73","","","","","","Généralement nuageux"
"1998-04-05 19:00","1998","04","05","19:00"," ","9,50","","7,70","","89,00","","34,00","","6,00","","24,10","","96,76","","","","","","Averses de pluie"
"1998-04-05 20:00","1998","04","05","20:00"," ","8,70","","7,00","","89,00","","31,00","","6,00","","24,10","","96,80","","","","","","Nuageux"
"1998-04-05 21:00","1998","04","05","21:00"," ","8,70","","7,30","","91,00","","0,00","","0,00","","24,10","","96,80","","","","","","Nuageux"
"1998-04-05 22:00","1998","04","05","22:00"," ","8,00","","6,00","","87,00","","19,00","","7,00","","16,10","","96,83","","","","","","Averses de pluie"
"1998-04-05 23:00","1998","04","05","23:00"," ","7,70","","5,60","","87,00","","17,00","","7,00","","16,10","","96,86","","","","","","Pluie"
"1998-04-06 00:00","1998","04","06","00:00"," ","7,20","","5,90","","91,00","","0,00","","0,00","","16,10","","96,83","","","","","","Pluie"
"1998-04-06 01:00","1998","04","06","01:00"," ","7,10","","5,90","","92,00","","17,00","","6,00","","16,10","","96,83","","","","","","Pluie"
"1998-04-06 02:00","1998","04","06","02:00"," ","6,90","","5,90","","93,00","","0,00","","0,00","","16,10","","96,80","","","","","","Pluie"
"1998-04-06 03:00","1998","04","06","03:00"," ","6,40","","5,40","","93,00","","0,00","","0,00","","24,10","","96,80","","","","","","Généralement nuageux"
"1998-04-06 04:00","1998","04","06","04:00"," ","6,10","","5,10","","93,00","","0,00","","0,00","","24,10","","96,80","","","","","","Nuageux"
"1998-04-06 05:00","1998","04","06","05:00"," ","6,30","","4,60","","89,00","","31,00","","6,00","","24,10","","96,80","","","","","","Nuageux"
"1998-04-06 06:00","1998","04","06","06:00"," ","6,20","","4,30","","88,00","","33,00","","7,00","","24,10","","96,80","","","","","","Averses de pluie"
"1998-04-06 07:00","1998","04","06","07:00"," ","6,90","","5,10","","88,00","","33,00","","6,00","","24,10","","96,86","","","","","","Nuageux"
"1998-04-06 08:00","1998","04","06","08:00"," ","7,30","","4,00","","80,00","","2,00","","4,00","","24,10","","96,89","","","","","","Généralement nuageux"
"1998-04-06 09:00","1998","04","06","09:00"," ","8,20","","4,40","","77,00","","0,00","","0,00","","24,10","","96,89","","","","","","Généralement nuageux"
"1998-04-06 10:00","1998","04","06","10:00"," ","8,80","","4,30","","73,00","","17,00","","9,00","","24,10","","96,86","","","","","","Généralement nuageux"
"1998-04-06 11:00","1998","04","06","11:00"," ","10,40","","5,30","","71,00","","16,00","","9,00","","24,10","","96,83","","","","","","Généralement nuageux"
"1998-04-06 12:00","1998","04","06","12:00"," ","12,80","","3,30","","52,00","","16,00","","13,00","","24,10","","96,80","","","","","","Généralement nuageux"
"1998-04-06 13:00","1998","04","06","13:00"," ","13,40","","3,70","","52,00","","16,00","","9,00","","24,10","","96,73","","","","","","Généralement nuageux"
"1998-04-06 14:00","1998","04","06","14:00"," ","14,20","","1,80","","43,00","","18,00","","13,00","","24,10","","96,70","","","","","","Généralement dégagé"
"1998-04-06 15:00","1998","04","06","15:00"," ","14,40","","2,40","","44,00","","17,00","","19,00","","24,10","","96,67","","","","","","Généralement dégagé"
"1998-04-06 16:00","1998","04","06","16:00"," ","14,20","","2,30","","45,00","","19,00","","19,00","","24,10","","96,67","","","","","","Généralement dégagé"
"1998-04-06 17:00","1998","04","06","17:00"," ","13,50","","2,60","","48,00","","0,00","","0,00","","24,10","","96,80","","","","","","Généralement dégagé"
"1998-04-06 18:00","1998","04","06","18:00"," ","10,70","","2,80","","58,00","","31,00","","7,00","","24,10","","96,76","","","","","","Généralement dégagé"
"1998-04-06 19:00","1998","04","06","19:00"," ","9,50","","2,80","","63,00","","29,00","","6,00","","24,10","","96,83","","","","","","Généralement nuageux"
"1998-04-06 20:00","1998","04","06","20:00"," ","9,80","","3,10","","63,00","","0,00","","0,00","","24,10","","96,89","","","","","","Généralement nuageux"
"1998-04-06 21:00","1998","04","06","21:00"," ","8,40","","4,50","","76,00","","35,00","","6,00","","24,10","","96,96","","","","","","Généralement nuageux"
"1998-04-06 22:00","1998","04","06","22:00"," ","9,00","","3,30","","67,00","","34,00","","4,00","","24,10","","96,99","","","","","","Généralement nuageux"
"1998-04-06 23:00","1998","04","06","23:00"," ","7,20","","3,30","","76,00","","0,00","","0,00","","24,10","","97,03","","","","","","Généralement nuageux"
"1998-04-07 00:00","1998","04","07","00:00"," ","7,20","","2,50","","72,00","","35,00","","9,00","","24,10","","97,06","","","","","","Généralement nuageux"
"1998-04-07 01:00","1998","04","07","01:00"," ","7,50","","2,90","","73,00","","2,00","","4,00","","24,10","","97,06","","","","","","Généralement nuageux"
"1998-04-07 02:00","1998","04","07","02:00"," ","6,50","","4,30","","86,00","","36,00","","6,00","","24,10","","97,09","","","","","","Généralement nuageux"
"1998-04-07 03:00","1998","04","07","03:00"," ","6,10","","3,20","","82,00","","0,00","","0,00","","24,10","","97,12","","","","","","Nuageux"
"1998-04-07 04:00","1998","04","07","04:00"," ","4,40","","3,00","","91,00","","0,00","","0,00","","24,10","","97,16","","","","","","Généralement nuageux"
"1998-04-07 05:00","1998","04","07","05:00"," ","3,00","","1,90","","92,00","","0,00","","0,00","","24,10","","97,22","","","","","","Généralement nuageux"
"1998-04-07 06:00","1998","04","07","06:00"," ","3,90","","2,60","","91,00","","0,00","","0,00","","24,10","","97,25","","","","","","Généralement nuageux"
"1998-04-07 07:00","1998","04","07","07:00"," ","6,10","","3,30","","82,00","","0,00","","0,00","","24,10","","97,25","","","","","","Généralement dégagé"
"1998-04-07 08:00","1998","04","07","08:00"," ","8,20","","3,90","","74,00","","7,00","","4,00","","24,10","","97,25","","","","","","Généralement dégagé"
"1998-04-07 09:00","1998","04","07","09:00"," ","8,30","","3,30","","71,00","","18,00","","4,00","","24,10","","97,29","","","","","","Généralement dégagé"
"1998-04-07 10:00","1998","04","07","10:00"," ","11,30","","2,30","","54,00","","0,00","","0,00","","24,10","","97,25","","","","","","Généralement dégagé"
"1998-04-07 11:00","1998","04","07","11:00"," ","12,00","","2,90","","54,00","","19,00","","6,00","","24,10","","97,22","","","","","","Généralement nuageux"
"1998-04-07 12:00","1998","04","07","12:00"," ","11,60","","1,00","","48,00","","29,00","","17,00","","24,10","","97,25","","","","","","Orages,Averses de pluie"
"1998-04-07 13:00","1998","04","07","13:00"," ","11,70","","1,80","","51,00","","33,00","","13,00","","24,10","","97,29","","","","","","Généralement nuageux"
"1998-04-07 14:00","1998","04","07","14:00"," ","11,30","","1,80","","52,00","","29,00","","22,00","","24,10","","97,29","","","","","","Généralement nuageux"
"1998-04-07 15:00","1998","04","07","15:00"," ","9,00","","4,40","","73,00","","36,00","","9,00","","24,10","","97,48","","","","","","Averses de pluie"
"1998-04-07 16:00","1998","04","07","16:00"," ","7,30","","3,60","","77,00","","17,00","","9,00","","24,10","","97,58","","","","","","Averses de pluie"
"1998-04-07 17:00","1998","04","07","17:00"," ","7,00","","3,30","","77,00","","0,00","","0,00","","24,10","","97,62","","","","","","Nuageux"
"1998-04-07 18:00","1998","04","07","18:00"," ","7,20","","3,20","","76,00","","0,00","","0,00","","24,10","","97,58","","","","","","Généralement nuageux"
"1998-04-07 19:00","1998","04","07","19:00"," ","6,80","","3,20","","78,00","","20,00","","15,00","","24,10","","97,62","","","","","","Généralement nuageux"
"1998-04-07 20:00","1998","04","07","20:00"," ","5,90","","3,60","","85,00","","0,00","","0,00","","24,10","","97,71","","","","","","Généralement nuageux"
"1998-04-07 21:00","1998","04","07","21:00"," ","4,80","","3,10","","89,00","","0,00","","0,00","","24,10","","97,78","","","","","","Généralement nuageux"
"1998-04-07 22:00","1998","04","07","22:00"," ","4,10","","2,70","","91,00","","0,00","","0,00","","24,10","","97,78","","","","","","Généralement nuageux"
"1998-04-07 23:00","1998","04","07","23:00"," ","3,90","","2,80","","93,00","","0,00","","0,00","","24,10","","97,81","","","","","","Généralement nuageux"
"1998-04-08 00:00","1998","04","08","00:00"," ","3,70","","1,40","","85,00","","0,00","","0,00","","24,10","","97,88","","","","","","Généralement nuageux"
"1998-04-08 01:00","1998","04","08","01:00"," ","2,90","","1,00","","87,00","","0,00","","0,00","","24,10","","97,88","","","","","","Généralement nuageux"
"1998-04-08 02:00","1998","04","08","02:00"," ","2,90","","0,80","","86,00","","0,00","","0,00","","24,10","","97,91","","","","","","Généralement nuageux"
"1998-04-08 03:00","1998","04","08","03:00"," ","0,80","","-1,20","","86,00","","0,00","","0,00","","24,10","","97,91","","","","","","Généralement dégagé"
"1998-04-08 04:00","1998","04","08","04:00"," ","-0,80","","-2,70","","87,00","","0,00","","0,00","","24,10","","97,94","","","","","","Généralement dégagé"
"1998-04-08 05:00","1998","04","08","05:00"," ","-1,00","","-2,90","","87,00","","0,00","","0,00","","24,10","","97,98","","","","","","Généralement dégagé"
"1998-04-08 06:00","1998","04","08","06:00"," ","-0,90","","-3,40","","83,00","","0,00","","0,00","","24,10","","98,04","","","","","","Généralement dégagé"
"1998-04-08 07:00","1998","04","08","07:00"," ","1,60","","-1,80","","78,00","","0,00","","0,00","","24,10","","98,04","","","","","","Généralement dégagé"
"1998-04-08 08:00","1998","04","08","08:00"," ","4,60","","0,40","","74,00","","0,00","","0,00","","24,10","","98,01","","","","","","Généralement dégagé"
"1998-04-08 09:00","1998","04","08","09:00"," ","6,90","","-0,20","","61,00","","18,00","","6,00","","24,10","","98,01","","","","","","Généralement dégagé"
"1998-04-08 10:00","1998","04","08","10:00"," ","8,40","","-1,20","","51,00","","17,00","","4,00","","24,10","","97,98","","","","","","Généralement dégagé"
"1998-04-08 11:00","1998","04","08","11:00"," ","9,70","","-4,30","","37,00","","18,00","","6,00","","24,10","","97,91","","","","","","Généralement dégagé"
"1998-04-08 12:00","1998","04","08","12:00"," ","10,00","","-4,20","","36,00","","20,00","","6,00","","24,10","","97,88","","","","","","Généralement nuageux"
"1998-04-08 13:00","1998","04","08","13:00"," ","12,00","","-5,40","","29,00","","22,00","","6,00","","24,10","","97,84","","","","","","Généralement dégagé"
"1998-04-08 14:00","1998","04","08","14:00"," ","11,50","","-6,60","","28,00","","15,00","","9,00","","24,10","","97,75","","","","","","Généralement nuageux"
"1998-04-08 15:00","1998","04","08","15:00"," ","11,80","","-4,60","","31,00","","16,00","","9,00","","24,10","","97,75","","","","","","Généralement nuageux"
"1998-04-08 16:00","1998","04","08","16:00"," ","11,70","","-4,40","","32,00","","18,00","","9,00","","24,10","","97,68","","","","","","Généralement nuageux"
"1998-04-08 17:00","1998","04","08","17:00"," ","11,30","","-2,50","","38,00","","21,00","","9,00","","24,10","","97,68","","","","","","Généralement nuageux"
"1998-04-08 18:00","1998","04","08","18:00"," ","10,20","","-2,20","","42,00","","0,00","","0,00","","24,10","","97,68","","","","","","Généralement nuageux"
"1998-04-08 19:00","1998","04","08","19:00"," ","6,80","","-1,80","","54,00","","0,00","","0,00","","24,10","","97,68","","","","","","Généralement nuageux"
"1998-04-08 20:00","1998","04","08","20:00"," ","5,00","","-2,20","","60,00","","0,00","","0,00","","24,10","","97,68","","","","","","Généralement nuageux"
"1998-04-08 21:00","1998","04","08","21:00"," ","1,80","","-3,70","","67,00","","0,00","","0,00","","24,10","","97,68","","","","","","Généralement nuageux"
"1998-04-08 22:00","1998","04","08","22:00"," ","3,00","","-2,60","","67,00","","0,00","","0,00","","24,10","","97,71","","","","","","Généralement nuageux"
"1998-04-08 23:00","1998","04","08","23:00"," ","2,30","","-2,80","","69,00","","0,00","","0,00","","24,10","","97,75","","","","","","Généralement dégagé"
"1998-04-09 00:00","1998","04","09","00:00"," ","0,80","","-3,00","","76,00","","0,00","","0,00","","24,10","","97,78","","","","","","Généralement nuageux"
"1998-04-09 01:00","1998","04","09","01:00"," ","0,00","","-3,70","","76,00","","0,00","","0,00","","24,10","","97,78","","","","","","Généralement nuageux"
"1998-04-09 02:00","1998","04","09","02:00"," ","-0,30","","-4,00","","76,00","","0,00","","0,00","","24,10","","97,78","","","","","","Généralement dégagé"
"1998-04-09 03:00","1998","04","09","03:00"," ","-0,90","","-3,90","","80,00","","0,00","","0,00","","24,10","","97,78","","","","","","Généralement nuageux"
"1998-04-09 04:00","1998","04","09","04:00"," ","-0,40","","-3,80","","78,00","","0,00","","0,00","","24,10","","97,78","","","","","","Nuageux"
"1998-04-09 05:00","1998","04","09","05:00"," ","0,10","","-3,70","","76,00","","0,00","","0,00","","24,10","","97,81","","","","","","Nuageux"
"1998-04-09 06:00","1998","04","09","06:00"," ","1,30","","-3,10","","72,00","","2,00","","7,00","","24,10","","97,81","","","","","","Nuageux"
"1998-04-09 07:00","1998","04","09","07:00"," ","2,60","","-0,90","","78,00","","0,00","","0,00","","24,10","","97,81","","","","","","Généralement nuageux"
"1998-04-09 08:00","1998","04","09","08:00"," ","5,30","","-1,30","","62,00","","2,00","","4,00","","24,10","","97,81","","","","","","Généralement nuageux"
"1998-04-09 09:00","1998","04","09","09:00"," ","6,70","","-1,80","","55,00","","33,00","","9,00","","24,10","","97,78","","","","","","Généralement nuageux"
"1998-04-09 10:00","1998","04","09","10:00"," ","8,80","","-1,10","","50,00","","33,00","","7,00","","24,10","","97,71","","","","","","Généralement dégagé"
"1998-04-09 11:00","1998","04","09","11:00"," ","10,10","","-2,00","","43,00","","14,00","","9,00","","24,10","","97,62","","","","","","Généralement nuageux"
"1998-04-09 12:00","1998","04","09","12:00"," ","12,20","","-0,60","","41,00","","14,00","","19,00","","24,10","","97,58","","","","","","Généralement nuageux"
"1998-04-09 13:00","1998","04","09","13:00"," ","11,70","","-3,30","","35,00","","18,00","","24,00","","24,10","","97,52","","","","","","Généralement nuageux"
"1998-04-09 14:00","1998","04","09","14:00"," ","11,80","","-1,70","","39,00","","17,00","","26,00","","24,10","","97,45","","","","","","Généralement nuageux"
"1998-04-09 15:00","1998","04","09","15:00"," ","12,40","","-1,20","","39,00","","16,00","","26,00","","24,10","","97,42","","","","","","Généralement nuageux"
"1998-04-09 16:00","1998","04","09","16:00"," ","13,10","","-1,50","","36,00","","17,00","","22,00","","24,10","","97,39","","","","","","Généralement nuageux"
"1998-04-09 17:00","1998","04","09","17:00"," ","11,90","","0,10","","44,00","","17,00","","19,00","","24,10","","97,35","","","","","","Généralement nuageux"
"1998-04-09 18:00","1998","04","09","18:00"," ","12,00","","-1,90","","38,00","","18,00","","13,00","","24,10","","97,35","","","","","","Généralement nuageux"
"1998-04-09 19:00","1998","04","09","19:00"," ","10,00","","-1,60","","44,00","","0,00","","0,00","","24,10","","97,35","","","","","","Généralement nuageux"
"1998-04-09 20:00","1998","04","09","20:00"," ","9,20","","-1,90","","46,00","","0,00","","0,00","","24,10","","97,35","","","","","","Généralement nuageux"
"1998-04-09 21:00","1998","04","09","21:00"," ","5,20","","-2,00","","60,00","","0,00","","0,00","","24,10","","97,39","","","","","","Généralement dégagé"
"1998-04-09 22:00","1998","04","09","22:00"," ","3,60","","-1,90","","67,00","","0,00","","0,00","","24,10","","97,39","","","","","","Généralement dégagé"
"1998-04-09 23:00","1998","04","09","23:00"," ","2,40","","-2,30","","71,00","","0,00","","0,00","","24,10","","97,39","","","","","","Généralement nuageux"
"1998-04-10 00:00","1998","04","10","00:00"," ","3,50","","-1,90","","68,00","","0,00","","0,00","","24,10","","97,35","","","","","","Généralement nuageux"
"1998-04-10 01:00","1998","04","10","01:00"," ","3,00","","-1,30","","73,00","","0,00","","0,00","","24,10","","97,32","","","","","","Nuageux"
"1998-04-10 02:00","1998","04","10","02:00"," ","5,40","","-0,40","","66,00","","35,00","","9,00","","24,10","","97,29","","","","","","Nuageux"
"1998-04-10 03:00","1998","04","10","03:00"," ","5,50","","-0,60","","65,00","","32,00","","9,00","","24,10","","97,25","","","","","","Nuageux"
"1998-04-10 04:00","1998","04","10","04:00"," ","5,60","","0,10","","68,00","","18,00","","7,00","","24,10","","97,25","","","","","","Pluie"
"1998-04-10 05:00","1998","04","10","05:00"," ","4,80","","2,40","","84,00","","0,00","","0,00","","19,30","","97,22","","","","","","Pluie"
"1998-04-10 06:00","1998","04","10","06:00"," ","4,60","","3,40","","92,00","","0,00","","0,00","","19,30","","97,22","","","","","","Pluie"
"1998-04-10 07:00","1998","04","10","07:00"," ","4,60","","3,00","","89,00","","0,00","","0,00","","19,30","","97,16","","","","","","Pluie"
"1998-04-10 08:00","1998","04","10","08:00"," ","5,10","","3,10","","87,00","","33,00","","9,00","","19,30","","97,06","","","","","","Pluie"
"1998-04-10 09:00","1998","04","10","09:00"," ","5,40","","3,20","","86,00","","33,00","","9,00","","24,10","","97,03","","","","","","Pluie"
"1998-04-10 10:00","1998","04","10","10:00"," ","5,80","","3,20","","83,00","","34,00","","11,00","","24,10","","96,96","","","","","","Pluie"
"1998-04-10 11:00","1998","04","10","11:00"," ","6,10","","2,70","","79,00","","36,00","","9,00","","24,10","","96,86","","","","","","Pluie"
"1998-04-10 12:00","1998","04","10","12:00"," ","5,90","","3,40","","84,00","","31,00","","4,00","","19,30","","96,83","","","","","","Pluie"
"1998-04-10 13:00","1998","04","10","13:00"," ","5,80","","3,20","","83,00","","0,00","","0,00","","16,10","","96,80","","","","","","Pluie"
"1998-04-10 14:00","1998","04","10","14:00"," ","5,60","","3,80","","88,00","","15,00","","6,00","","16,10","","96,80","","","","","","Pluie"
"1998-04-10 15:00","1998","04","10","15:00"," ","5,70","","4,10","","89,00","","16,00","","6,00","","16,10","","96,80","","","","","","Pluie"
"1998-04-10 16:00","1998","04","10","16:00"," ","5,70","","3,40","","85,00","","16,00","","6,00","","24,10","","96,80","","","","","","Pluie"
"1998-04-10 17:00","1998","04","10","17:00"," ","6,20","","3,50","","83,00","","19,00","","13,00","","24,10","","96,73","","","","","","Généralement nuageux"
"1998-04-10 18:00","1998","04","10","18:00"," ","6,30","","3,50","","82,00","","17,00","","11,00","","24,10","","96,67","","","","","","Généralement nuageux"
"1998-04-10 19:00","1998","04","10","19:00"," ","6,10","","3,70","","85,00","","20,00","","6,00","","24,10","","96,63","","","","","","Généralement nuageux"
"1998-04-10 20:00","1998","04","10","20:00"," ","5,80","","4,50","","91,00","","0,00","","0,00","","12,90","","96,63","","","","","","Averses de pluie"
"1998-04-10 21:00","1998","04","10","21:00"," ","4,30","","3,30","","93,00","","0,00","","0,00","","24,10","","96,57","","","","","","Généralement nuageux"
"1998-04-10 22:00","1998","04","10","22:00"," ","4,10","","3,30","","95,00","","0,00","","0,00","","24,10","","96,53","","","","","","Généralement nuageux"
"1998-04-10 23:00","1998","04","10","23:00"," ","4,70","","3,80","","94,00","","0,00","","0,00","","24,10","","96,47","","","","","","Généralement nuageux"
"1998-04-11 00:00","1998","04","11","00:00"," ","4,80","","4,10","","95,00","","0,00","","0,00","","24,10","","96,44","","","","","","Généralement nuageux"
"1998-04-11 01:00","1998","04","11","01:00"," ","5,10","","4,30","","95,00","","0,00","","0,00","","24,10","","96,40","","","","","","Généralement nuageux"
"1998-04-11 02:00","1998","04","11","02:00"," ","5,00","","4,20","","95,00","","0,00","","0,00","","24,10","","96,37","","","","","","Nuageux"
"1998-04-11 03:00","1998","04","11","03:00"," ","4,60","","3,60","","93,00","","0,00","","0,00","","24,10","","96,37","","","","","","Nuageux"
"1998-04-11 04:00","1998","04","11","04:00"," ","4,40","","3,60","","95,00","","0,00","","0,00","","24,10","","96,30","","","","","","Nuageux"
"1998-04-11 05:00","1998","04","11","05:00"," ","4,30","","3,20","","93,00","","0,00","","0,00","","24,10","","96,24","","","","","","Nuageux"
"1998-04-11 06:00","1998","04","11","06:00"," ","4,70","","3,50","","92,00","","0,00","","0,00","","24,10","","96,27","","","","","","Nuageux"
"1998-04-11 07:00","1998","04","11","07:00"," ","5,50","","3,90","","89,00","","33,00","","4,00","","24,10","","96,21","","","","","","Généralement nuageux"
"1998-04-11 08:00","1998","04","11","08:00"," ","5,70","","3,80","","88,00","","0,00","","0,00","","24,10","","96,21","","","","","","Généralement nuageux"
"1998-04-11 09:00","1998","04","11","09:00"," ","7,30","","4,40","","82,00","","14,00","","6,00","","24,10","","96,17","","","","","","Généralement nuageux"
"1998-04-11 10:00","1998","04","11","10:00"," ","8,90","","4,30","","73,00","","19,00","","24,00","","24,10","","96,14","","","","","","Généralement nuageux"
"1998-04-11 11:00","1998","04","11","11:00"," ","10,20","","3,30","","62,00","","20,00","","22,00","","24,10","","96,08","","","","","","Généralement nuageux"
"1998-04-11 12:00","1998","04","11","12:00"," ","11,00","","1,80","","53,00","","17,00","","24,00","","24,10","","95,98","","","","","","Généralement nuageux"
"1998-04-11 13:00","1998","04","11","13:00"," ","11,30","","3,00","","57,00","","18,00","","22,00","","24,10","","95,94","","","","","","Généralement nuageux"
"1998-04-11 14:00","1998","04","11","14:00"," ","10,50","","3,30","","61,00","","18,00","","22,00","","24,10","","95,91","","","","","","Généralement nuageux"
"1998-04-11 15:00","1998","04","11","15:00"," ","9,90","","2,70","","61,00","","19,00","","22,00","","24,10","","95,94","","","","","","Nuageux"
"1998-04-11 16:00","1998","04","11","16:00"," ","6,80","","4,30","","84,00","","35,00","","19,00","","24,10","","96,01","","","","","","Généralement nuageux"
"1998-04-11 17:00","1998","04","11","17:00"," ","6,10","","2,50","","78,00","","27,00","","19,00","","24,10","","96,08","","","","","","Averses de pluie"
"1998-04-11 18:00","1998","04","11","18:00"," ","5,90","","2,90","","81,00","","18,00","","19,00","","24,10","","96,08","","","","","","Averses de pluie"
"1998-04-11 19:00","1998","04","11","19:00"," ","5,10","","2,70","","84,00","","27,00","","7,00","","24,10","","96,11","","","","","","Averses de pluie"
"1998-04-11 20:00","1998","04","11","20:00"," ","4,00","","2,20","","88,00","","19,00","","9,00","","24,10","","96,17","","","","","","Généralement nuageux"
"1998-04-11 21:00","1998","04","11","21:00"," ","2,40","","1,20","","92,00","","0,00","","0,00","","24,10","","96,24","","","","","","Généralement nuageux"
"1998-04-11 22:00","1998","04","11","22:00"," ","2,30","","1,30","","93,00","","0,00","","0,00","","24,10","","96,24","","","","","","Généralement dégagé"
"1998-04-11 23:00","1998","04","11","23:00"," ","1,80","","0,70","","92,00","","0,00","","0,00","","24,10","","96,30","","","","","","Généralement dégagé"
"1998-04-12 00:00","1998","04","12","00:00"," ","1,10","","-0,10","","92,00","","0,00","","0,00","","24,10","","96,34","","","","","","Généralement dégagé"
"1998-04-12 01:00","1998","04","12","01:00"," ","0,70","","-0,70","","90,00","","0,00","","0,00","","24,10","","96,37","","","","","","Généralement dégagé"
"1998-04-12 02:00","1998","04","12","02:00"," ","-0,60","","-1,60","","93,00","","0,00","","0,00","","24,10","","96,40","","","","","","Généralement dégagé"
"1998-04-12 03:00","1998","04","12","03:00"," ","-0,60","","-1,70","","92,00","","0,00","","0,00","","24,10","","96,47","","","","","","Généralement dégagé"
"1998-04-12 04:00","1998","04","12","04:00"," ","-0,90","","-2,00","","92,00","","0,00","","0,00","","24,10","","96,50","","","","","","Généralement nuageux"
"1998-04-12 05:00","1998","04","12","05:00"," ","-0,30","","-1,20","","94,00","","0,00","","0,00","","24,10","","96,57","","","","","","Nuageux"
"1998-04-12 06:00","1998","04","12","06:00"," ","0,20","","-1,40","","89,00","","0,00","","0,00","","24,10","","96,67","","","","","","Généralement nuageux"
"1998-04-12 07:00","1998","04","12","07:00"," ","1,00","","-1,00","","86,00","","0,00","","0,00","","24,10","","96,67","","","","","","Généralement dégagé"
"1998-04-12 08:00","1998","04","12","08:00"," ","4,10","","1,20","","81,00","","15,00","","9,00","","24,10","","96,70","","","","","","Généralement dégagé"
"1998-04-12 09:00","1998","04","12","09:00"," ","6,00","","-0,30","","64,00","","14,00","","7,00","","24,10","","96,70","","","","","","Généralement dégagé"
"1998-04-12 10:00","1998","04","12","10:00"," ","6,70","","-0,20","","61,00","","13,00","","4,00","","24,10","","96,70","","","","","","Généralement nuageux"
"1998-04-12 11:00","1998","04","12","11:00"," ","8,10","","-1,90","","49,00","","18,00","","6,00","","24,10","","96,67","","","","","","Généralement nuageux"
"1998-04-12 12:00","1998","04","12","12:00"," ","10,60","","-2,10","","41,00","","16,00","","13,00","","24,10","","96,67","","","","","","Généralement nuageux"
"1998-04-12 13:00","1998","04","12","13:00"," ","10,20","","-1,40","","44,00","","18,00","","13,00","","24,10","","96,70","","","","","","Généralement nuageux"
"1998-04-12 14:00","1998","04","12","14:00"," ","10,60","","-0,70","","45,00","","16,00","","15,00","","24,10","","96,70","","","","","","Généralement nuageux"
"1998-04-12 15:00","1998","04","12","15:00"," ","10,30","","-2,00","","42,00","","19,00","","11,00","","24,10","","96,70","","","","","","Généralement nuageux"
"1998-04-12 16:00","1998","04","12","16:00"," ","9,70","","-2,90","","41,00","","3,00","","6,00","","24,10","","96,70","","","","","","Généralement nuageux"
"1998-04-12 17:00","1998","04","12","17:00"," ","7,30","","-0,30","","58,00","","6,00","","19,00","","24,10","","96,76","","","","","","Généralement nuageux"
"1998-04-12 18:00","1998","04","12","18:00"," ","6,60","","-0,10","","62,00","","30,00","","9,00","","24,10","","96,83","","","","","","Généralement nuageux"
"1998-04-12 19:00","1998","04","12","19:00"," ","5,80","","-0,20","","65,00","","0,00","","0,00","","24,10","","96,83","","","","","","Nuageux"
"1998-04-12 20:00","1998","04","12","20:00"," ","4,00","","-1,20","","69,00","","0,00","","0,00","","24,10","","96,89","","","","","","Généralement dégagé"
"1998-04-12 21:00","1998","04","12","21:00"," ","1,50","","-1,90","","78,00","","0,00","","0,00","","24,10","","96,96","","","","","","Généralement dégagé"
"1998-04-12 22:00","1998","04","12","22:00"," ","0,40","","-2,80","","79,00","","33,00","","4,00","","24,10","","96,99","","","","","","Généralement dégagé"
"1998-04-12 23:00","1998","04","12","23:00"," ","0,70","","-2,50","","79,00","","0,00","","0,00","","24,10","","97,06","","","","","","Généralement dégagé"
"1998-04-13 00:00","1998","04","13","00:00"," ","0,10","","-3,00","","80,00","","5,00","","6,00","","24,10","","97,09","","","","","","Généralement dégagé"
"1998-04-13 01:00","1998","04","13","01:00"," ","0,30","","-3,20","","77,00","","32,00","","4,00","","24,10","","97,12","","","","","","Généralement dégagé"
"1998-04-13 02:00","1998","04","13","02:00"," ","-1,90","","-4,50","","82,00","","35,00","","9,00","","24,10","","97,16","","","","-5,00","","Généralement dégagé"
"1998-04-13 03:00","1998","04","13","03:00"," ","-0,60","","-3,80","","79,00","","35,00","","13,00","","24,10","","97,19","","","","-5,00","","Généralement dégagé"
"1998-04-13 04:00","1998","04","13","04:00"," ","0,40","","-2,90","","78,00","","33,00","","4,00","","24,10","","97,22","","","","","","Généralement dégagé"
"1998-04-13 05:00","1998","04","13","05:00"," ","-1,00","","-3,70","","82,00","","31,00","","7,00","","24,10","","97,25","","","","-4,00","","Généralement dégagé"
"1998-04-13 06:00","1998","04","13","06:00"," ","-0,30","","-3,70","","78,00","","36,00","","13,00","","24,10","","97,29","","","","-4,00","","Généralement dégagé"
"1998-04-13 07:00","1998","04","13","07:00"," ","3,10","","-2,00","","69,00","","33,00","","9,00","","24,10","","97,32","","","","","","Généralement dégagé"
"1998-04-13 08:00","1998","04","13","08:00"," ","4,70","","-1,60","","64,00","","35,00","","11,00","","24,10","","97,32","","","","","","Généralement dégagé"
"1998-04-13 09:00","1998","04","13","09:00"," ","6,00","","-0,90","","61,00","","35,00","","9,00","","24,10","","97,32","","","","","","Généralement dégagé"
"1998-04-13 10:00","1998","04","13","10:00"," ","6,60","","-0,90","","59,00","","34,00","","9,00","","24,10","","97,29","","","","","","Généralement dégagé"
"1998-04-13 11:00","1998","04","13","11:00"," ","8,80","","-1,30","","49,00","","35,00","","9,00","","24,10","","97,19","","","","","","Généralement dégagé"
"1998-04-13 12:00","1998","04","13","12:00"," ","10,40","","-0,70","","46,00","","2,00","","7,00","","24,10","","97,16","","","","","","Généralement dégagé"
"1998-04-13 13:00","1998","04","13","13:00"," ","10,60","","-1,70","","42,00","","36,00","","9,00","","24,10","","97,09","","","","","","Généralement dégagé"
"1998-04-13 14:00","1998","04","13","14:00"," ","11,40","","-3,80","","34,00","","35,00","","7,00","","24,10","","97,06","","","","","","Généralement dégagé"
"1998-04-13 15:00","1998","04","13","15:00"," ","10,60","","-4,00","","36,00","","35,00","","11,00","","24,10","","97,03","","","","","","Généralement dégagé"
"1998-04-13 16:00","1998","04","13","16:00"," ","10,60","","-2,00","","41,00","","36,00","","11,00","","24,10","","97,06","","","","","","Généralement nuageux"
"1998-04-13 17:00","1998","04","13","17:00"," ","10,70","","-2,40","","40,00","","0,00","","0,00","","24,10","","97,06","","","","","","Généralement nuageux"
"1998-04-13 18:00","1998","04","13","18:00"," ","9,80","","-3,40","","39,00","","36,00","","4,00","","24,10","","97,06","","","","","","Généralement nuageux"
"1998-04-13 19:00","1998","04","13","19:00"," ","6,90","","-1,10","","57,00","","0,00","","0,00","","24,10","","97,09","","","","","","Généralement nuageux"
"1998-04-13 20:00","1998","04","13","20:00"," ","8,30","","-2,10","","48,00","","0,00","","0,00","","24,10","","97,16","","","","","","Généralement nuageux"
"1998-04-13 21:00","1998","04","13","21:00"," ","6,90","","-2,20","","52,00","","36,00","","19,00","","24,10","","97,22","","","","","","Généralement dégagé"
"1998-04-13 22:00","1998","04","13","22:00"," ","5,90","","-2,10","","56,00","","36,00","","22,00","","24,10","","97,25","","","","","","Généralement dégagé"
"1998-04-13 23:00","1998","04","13","23:00"," ","5,70","","-1,80","","58,00","","33,00","","11,00","","24,10","","97,29","","","","","","Généralement dégagé"
"1998-04-14 00:00","1998","04","14","00:00"," ","2,80","","-2,60","","68,00","","35,00","","7,00","","24,10","","97,32","","","","","","Généralement dégagé"
"1998-04-14 01:00","1998","04","14","01:00"," ","3,60","","-2,20","","66,00","","32,00","","7,00","","24,10","","97,32","","","","","","Généralement dégagé"
"1998-04-14 02:00","1998","04","14","02:00"," ","1,40","","-2,50","","75,00","","35,00","","13,00","","24,10","","97,35","","","","","","Généralement nuageux"
"1998-04-14 03:00","1998","04","14","03:00"," ","0,80","","-2,90","","76,00","","33,00","","7,00","","24,10","","97,39","","","","","","Généralement dégagé"
"1998-04-14 04:00","1998","04","14","04:00"," ","2,50","","-2,10","","72,00","","2,00","","9,00","","24,10","","97,42","","","","","","Généralement dégagé"
"1998-04-14 05:00","1998","04","14","05:00"," ","0,60","","-2,70","","79,00","","32,00","","6,00","","24,10","","97,45","","","","","","Généralement dégagé"
"1998-04-14 06:00","1998","04","14","06:00"," ","1,50","","-2,50","","75,00","","35,00","","9,00","","24,10","","97,52","","","","","","Généralement nuageux"
"1998-04-14 07:00","1998","04","14","07:00"," ","4,20","","-1,50","","66,00","","33,00","","7,00","","24,10","","97,55","","","","","","Généralement nuageux"
"1998-04-14 08:00","1998","04","14","08:00"," ","5,30","","-1,50","","61,00","","33,00","","9,00","","24,10","","97,55","","","","","","Généralement dégagé"
"1998-04-14 09:00","1998","04","14","09:00"," ","6,70","","-1,20","","57,00","","1,00","","9,00","","24,10","","97,55","","","","","","Généralement nuageux"
"1998-04-14 10:00","1998","04","14","10:00"," ","7,90","","-1,10","","53,00","","33,00","","13,00","","24,10","","97,52","","","","","","Généralement nuageux"
"1998-04-14 11:00","1998","04","14","11:00"," ","9,70","","-0,90","","48,00","","33,00","","15,00","","24,10","","97,45","","","","","","Généralement dégagé"
"1998-04-14 12:00","1998","04","14","12:00"," ","11,10","","-0,70","","44,00","","35,00","","19,00","","24,10","","97,39","","","","","","Généralement dégagé"
"1998-04-14 13:00","1998","04","14","13:00"," ","13,20","","-3,20","","32,00","","36,00","","19,00","","24,10","","97,32","","","","","","Généralement dégagé"
"1998-04-14 14:00","1998","04","14","14:00"," ","14,50","","-6,50","","23,00","","36,00","","20,00","","24,10","","97,32","","","","","","Généralement dégagé"
"1998-04-14 15:00","1998","04","14","15:00"," ","14,70","","-6,80","","22,00","","36,00","","22,00","","24,10","","97,29","","","","","","Généralement dégagé"
"1998-04-14 16:00","1998","04","14","16:00"," ","14,70","","-5,70","","24,00","","31,00","","26,00","","24,10","","97,32","","","","","","Généralement dégagé"
"1998-04-14 17:00","1998","04","14","17:00"," ","13,90","","-5,40","","26,00","","34,00","","11,00","","24,10","","97,29","","","","","","Généralement dégagé"
"1998-04-14 18:00","1998","04","14","18:00"," ","12,20","","-6,50","","26,00","","33,00","","19,00","","24,10","","97,32","","","","","","Généralement dégagé"
"1998-04-14 19:00","1998","04","14","19:00"," ","11,30","","-4,80","","32,00","","33,00","","19,00","","24,10","","97,39","","","","","","Dégagé"
"1998-04-14 20:00","1998","04","14","20:00"," ","9,20","","-3,10","","42,00","","36,00","","11,00","","24,10","","97,45","","","","","","Dégagé"
"1998-04-14 21:00","1998","04","14","21:00"," ","7,30","","-3,20","","47,00","","3,00","","11,00","","24,10","","97,48","","","","","","Dégagé"
"1998-04-14 22:00","1998","04","14","22:00"," ","6,50","","-3,30","","50,00","","34,00","","11,00","","24,10","","97,52","","","","","","Dégagé"
"1998-04-14 23:00","1998","04","14","23:00"," ","4,30","","-3,70","","56,00","","36,00","","9,00","","24,10","","97,55","","","","","","Dégagé"
"1998-04-15 00:00","1998","04","15","00:00"," ","4,60","","-3,50","","56,00","","33,00","","9,00","","24,10","","97,58","","","","","","Dégagé"
"1998-04-15 01:00","1998","04","15","01:00"," ","1,50","","-3,80","","68,00","","33,00","","9,00","","24,10","","97,62","","","","","","Dégagé"
"1998-04-15 02:00","1998","04","15","02:00"," ","2,00","","-4,00","","64,00","","35,00","","13,00","","24,10","","97,65","","","","","","Dégagé"
"1998-04-15 03:00","1998","04","15","03:00"," ","2,30","","-3,50","","65,00","","33,00","","9,00","","24,10","","97,65","","","","","","Dégagé"
"1998-04-15 04:00","1998","04","15","04:00"," ","0,40","","-4,40","","70,00","","36,00","","13,00","","24,10","","97,65","","","","","","Dégagé"
"1998-04-15 05:00","1998","04","15","05:00"," ","-0,30","","-4,30","","74,00","","36,00","","11,00","","24,10","","97,68","","","","-4,00","","Dégagé"
"1998-04-15 06:00","1998","04","15","06:00"," ","1,90","","-3,20","","69,00","","33,00","","9,00","","24,10","","97,71","","","","","","Dégagé"
"1998-04-15 07:00","1998","04","15","07:00"," ","4,70","","-1,70","","63,00","","34,00","","9,00","","24,10","","97,71","","","","","","Dégagé"
"1998-04-15 08:00","1998","04","15","08:00"," ","5,90","","-0,90","","62,00","","33,00","","15,00","","24,10","","97,71","","","","","","Dégagé"
"1998-04-15 09:00","1998","04","15","09:00"," ","7,60","","-1,90","","51,00","","32,00","","13,00","","24,10","","97,68","","","","","","Généralement dégagé"
"1998-04-15 10:00","1998","04","15","10:00"," ","8,80","","-2,30","","46,00","","34,00","","13,00","","24,10","","97,65","","","","","","Généralement dégagé"
"1998-04-15 11:00","1998","04","15","11:00"," ","10,10","","-1,60","","44,00","","1,00","","11,00","","24,10","","97,58","","","","","","Généralement dégagé"
"1998-04-15 12:00","1998","04","15","12:00"," ","11,80","","-0,50","","43,00","","35,00","","9,00","","24,10","","97,48","","","","","","Généralement dégagé"
"1998-04-15 13:00","1998","04","15","13:00"," ","13,80","","-1,30","","35,00","","36,00","","13,00","","24,10","","97,42","","","","","","Généralement dégagé"
"1998-04-15 14:00","1998","04","15","14:00"," ","14,60","","-2,30","","31,00","","34,00","","15,00","","24,10","","97,39","","","","","","Généralement dégagé"
"1998-04-15 15:00","1998","04","15","15:00"," ","15,30","","-4,30","","26,00","","2,00","","13,00","","24,10","","97,32","","","","","","Généralement dégagé"
"1998-04-15 16:00","1998","04","15","16:00"," ","15,30","","-4,00","","26,00","","1,00","","13,00","","24,10","","97,32","","","","","","Généralement nuageux"
"1998-04-15 17:00","1998","04","15","17:00"," ","14,70","","-3,60","","28,00","","32,00","","7,00","","24,10","","97,32","","","","","","Généralement nuageux"
"1998-04-15 18:00","1998","04","15","18:00"," ","12,40","","-3,50","","33,00","","34,00","","7,00","","24,10","","97,32","","","","","","Généralement nuageux"
"1998-04-15 19:00","1998","04","15","19:00"," ","9,50","","-1,60","","46,00","","1,00","","6,00","","24,10","","97,32","","","","","","Généralement nuageux"
"1998-04-15 20:00","1998","04","15","20:00"," ","9,10","","-3,60","","41,00","","0,00","","0,00","","24,10","","97,42","","","","","","Généralement nuageux"
"1998-04-15 21:00","1998","04","15","21:00"," ","8,00","","-1,80","","50,00","","22,00","","4,00","","24,10","","97,48","","","","","","Généralement nuageux"
"1998-04-15 22:00","1998","04","15","22:00"," ","6,80","","-2,20","","53,00","","34,00","","6,00","","24,10","","97,52","","","","","","Généralement nuageux"
"1998-04-15 23:00","1998","04","15","23:00"," ","7,30","","-2,60","","49,00","","30,00","","4,00","","24,10","","97,58","","","","","","Généralement nuageux"
"1998-04-16 00:00","1998","04","16","00:00"," ","6,10","","-1,80","","57,00","","0,00","","0,00","","24,10","","97,58","","","","","","Généralement nuageux"
"1998-04-16 01:00","1998","04","16","01:00"," ","6,00","","-1,90","","57,00","","0,00","","0,00","","24,10","","97,65","","","","","","Généralement nuageux"
"1998-04-16 02:00","1998","04","16","02:00"," ","4,50","","-0,60","","69,00","","0,00","","0,00","","24,10","","97,65","","","","","","Généralement nuageux"
"1998-04-16 03:00","1998","04","16","03:00"," ","4,80","","-1,30","","65,00","","0,00","","0,00","","24,10","","97,68","","","","","","Généralement nuageux"
"1998-04-16 04:00","1998","04","16","04:00"," ","3,00","","-1,50","","72,00","","0,00","","0,00","","24,10","","97,68","","","","","","Généralement nuageux"
"1998-04-16 05:00","1998","04","16","05:00"," ","2,50","","-2,90","","67,00","","0,00","","0,00","","24,10","","97,75","","","","","","Généralement dégagé"
"1998-04-16 06:00","1998","04","16","06:00"," ","2,60","","-2,80","","68,00","","0,00","","0,00","","24,10","","97,78","","","","","","Généralement nuageux"
"1998-04-16 07:00","1998","04","16","07:00"," ","5,90","","-0,40","","64,00","","0,00","","0,00","","24,10","","97,81","","","","","","Généralement nuageux"
"1998-04-16 08:00","1998","04","16","08:00"," ","8,70","","0,90","","58,00","","0,00","","0,00","","24,10","","97,81","","","","","","Généralement nuageux"
"1998-04-16 09:00","1998","04","16","09:00"," ","9,70","","0,80","","54,00","","29,00","","4,00","","24,10","","97,81","","","","","","Généralement nuageux"
"1998-04-16 10:00","1998","04","16","10:00"," ","12,20","","-1,00","","40,00","","2,00","","9,00","","24,10","","97,81","","","","","","Généralement nuageux"
"1998-04-16 11:00","1998","04","16","11:00"," ","12,40","","-1,70","","37,00","","2,00","","9,00","","24,10","","97,84","","","","","","Généralement nuageux"
"1998-04-16 12:00","1998","04","16","12:00"," ","12,90","","-1,60","","37,00","","0,00","","0,00","","24,10","","97,81","","","","","","Généralement nuageux"
"1998-04-16 13:00","1998","04","16","13:00"," ","13,60","","-1,70","","35,00","","2,00","","13,00","","24,10","","97,81","","","","","","Généralement nuageux"
"1998-04-16 14:00","1998","04","16","14:00"," ","13,40","","-2,00","","34,00","","1,00","","9,00","","24,10","","97,81","","","","","","Généralement nuageux"
"1998-04-16 15:00","1998","04","16","15:00"," ","13,90","","-1,20","","35,00","","33,00","","6,00","","24,10","","97,81","","","","","","Généralement nuageux"
"1998-04-16 16:00","1998","04","16","16:00"," ","13,50","","-2,20","","34,00","","31,00","","4,00","","24,10","","97,81","","","","","","Généralement nuageux"
"1998-04-16 17:00","1998","04","16","17:00"," ","13,60","","-2,30","","33,00","","0,00","","0,00","","24,10","","97,81","","","","","","Généralement nuageux"
"1998-04-16 18:00","1998","04","16","18:00"," ","13,80","","-3,60","","30,00","","33,00","","13,00","","24,10","","97,81","","","","","","Généralement nuageux"
"1998-04-16 19:00","1998","04","16","19:00"," ","11,40","","-4,00","","34,00","","9,00","","6,00","","24,10","","97,88","","","","","","Généralement nuageux"
"1998-04-16 20:00","1998","04","16","20:00"," ","8,60","","-2,10","","47,00","","28,00","","4,00","","24,10","","97,94","","","","","","Généralement dégagé"
"1998-04-16 21:00","1998","04","16","21:00"," ","6,60","","-2,70","","51,00","","0,00","","0,00","","24,10","","98,01","","","","","","Généralement dégagé"
"1998-04-16 22:00","1998","04","16","22:00"," ","4,40","","-2,20","","62,00","","0,00","","0,00","","24,10","","98,07","","","","","","Généralement dégagé"
"1998-04-16 23:00","1998","04","16","23:00"," ","3,10","","-2,40","","67,00","","0,00","","0,00","","24,10","","98,17","","","","","","Généralement dégagé"
"1998-04-17 00:00","1998","04","17","00:00"," ","1,70","","-3,00","","71,00","","0,00","","0,00","","24,10","","98,20","","","","","","Généralement dégagé"
"1998-04-17 01:00","1998","04","17","01:00"," ","2,20","","-2,50","","71,00","","0,00","","0,00","","24,10","","98,27","","","","","","Généralement dégagé"
"1998-04-17 02:00","1998","04","17","02:00"," ","2,10","","-2,50","","72,00","","0,00","","0,00","","24,10","","98,30","","","","","","Généralement nuageux"
"1998-04-17 03:00","1998","04","17","03:00"," ","2,70","","-1,70","","73,00","","0,00","","0,00","","24,10","","98,34","","","","","","Généralement nuageux"
"1998-04-17 04:00","1998","04","17","04:00"," ","1,30","","-1,90","","79,00","","0,00","","0,00","","24,10","","98,37","","","","","","Généralement nuageux"
"1998-04-17 05:00","1998","04","17","05:00"," ","1,10","","-2,30","","78,00","","0,00","","0,00","","24,10","","98,40","","","","","","Généralement dégagé"
"1998-04-17 06:00","1998","04","17","06:00"," ","1,60","","-2,10","","76,00","","0,00","","0,00","","24,10","","98,43","","","","","","Généralement dégagé"
"1998-04-17 07:00","1998","04","17","07:00"," ","5,50","","0,40","","70,00","","0,00","","0,00","","24,10","","98,47","","","","","","Généralement dégagé"
"1998-04-17 08:00","1998","04","17","08:00"," ","9,10","","1,00","","57,00","","0,00","","0,00","","24,10","","98,43","","","","","","Généralement dégagé"
"1998-04-17 09:00","1998","04","17","09:00"," ","10,80","","0,40","","49,00","","33,00","","6,00","","24,10","","98,47","","","","","","Généralement dégagé"
"1998-04-17 10:00","1998","04","17","10:00"," ","12,90","","0,10","","41,00","","33,00","","9,00","","24,10","","98,40","","","","","","Généralement dégagé"
"1998-04-17 11:00","1998","04","17","11:00"," ","14,20","","0,50","","39,00","","36,00","","13,00","","24,10","","98,37","","","","","","Généralement dégagé"
"1998-04-17 12:00","1998","04","17","12:00"," ","14,90","","0,10","","36,00","","33,00","","13,00","","24,10","","98,30","","","","","","Généralement dégagé"
"1998-04-17 13:00","1998","04","17","13:00"," ","15,70","","1,10","","37,00","","33,00","","15,00","","24,10","","98,27","","","","","","Généralement dégagé"
"1998-04-17 14:00","1998","04","17","14:00"," ","16,60","","-1,50","","29,00","","33,00","","15,00","","24,10","","98,20","","","","","","Généralement dégagé"
"1998-04-17 15:00","1998","04","17","15:00"," ","18,00","","-0,70","","28,00","","0,00","","0,00","","24,10","","98,17","","","","","","Généralement dégagé"
"1998-04-17 16:00","1998","04","17","16:00"," ","18,00","","-2,50","","25,00","","0,00","","0,00","","24,10","","98,11","","","","","","Généralement dégagé"
"1998-04-17 17:00","1998","04","17","17:00"," ","16,70","","-1,70","","28,00","","36,00","","7,00","","24,10","","98,07","","","","","","Généralement dégagé"
"1998-04-17 18:00","1998","04","17","18:00"," ","12,80","","0,30","","42,00","","32,00","","7,00","","24,10","","98,04","","","","","","Généralement dégagé"
"1998-04-17 19:00","1998","04","17","19:00"," ","10,30","","0,60","","51,00","","0,00","","0,00","","24,10","","98,04","","","","","","Généralement dégagé"
"1998-04-17 20:00","1998","04","17","20:00"," ","8,50","","0,20","","56,00","","9,00","","6,00","","24,10","","98,07","","","","","","Généralement dégagé"
"1998-04-17 21:00","1998","04","17","21:00"," ","6,60","","1,20","","68,00","","0,00","","0,00","","24,10","","98,14","","","","","","Généralement dégagé"
"1998-04-17 22:00","1998","04","17","22:00"," ","5,50","","-1,40","","61,00","","0,00","","0,00","","24,10","","98,14","","","","","","Généralement dégagé"
"1998-04-17 23:00","1998","04","17","23:00"," ","6,00","","-1,30","","59,00","","1,00","","4,00","","24,10","","98,14","","","","","","Généralement dégagé"
"1998-04-18 00:00","1998","04","18","00:00"," ","3,90","","-1,40","","68,00","","34,00","","4,00","","24,10","","98,20","","","","","","Dégagé"
"1998-04-18 01:00","1998","04","18","01:00"," ","2,50","","-1,90","","73,00","","0,00","","0,00","","24,10","","98,20","","","","","","Dégagé"
"1998-04-18 02:00","1998","04","18","02:00"," ","1,60","","-2,30","","75,00","","0,00","","0,00","","24,10","","98,20","","","","","","Généralement dégagé"
"1998-04-18 03:00","1998","04","18","03:00"," ","1,70","","-2,10","","76,00","","30,00","","4,00","","24,10","","98,20","","","","","","Généralement dégagé"
"1998-04-18 04:00","1998","04","18","04:00"," ","1,70","","-2,10","","76,00","","0,00","","0,00","","24,10","","98,20","","","","","","Généralement dégagé"
"1998-04-18 05:00","1998","04","18","05:00"," ","1,00","","-2,20","","79,00","","0,00","","0,00","","24,10","","98,17","","","","","","Généralement nuageux"
"1998-04-18 06:00","1998","04","18","06:00"," ","3,20","","-1,10","","73,00","","0,00","","0,00","","24,10","","98,20","","","","","","Généralement nuageux"
"1998-04-18 07:00","1998","04","18","07:00"," ","6,40","","0,00","","64,00","","0,00","","0,00","","24,10","","98,20","","","","","","Généralement nuageux"
"1998-04-18 08:00","1998","04","18","08:00"," ","7,30","","0,40","","62,00","","0,00","","0,00","","24,10","","98,17","","","","","","Généralement nuageux"
"1998-04-18 09:00","1998","04","18","09:00"," ","9,50","","1,10","","56,00","","0,00","","0,00","","24,10","","98,14","","","","","","Nuageux"
"1998-04-18 10:00","1998","04","18","10:00"," ","10,90","","0,60","","49,00","","0,00","","0,00","","24,10","","98,04","","","","","","Nuageux"
"1998-04-18 11:00","1998","04","18","11:00"," ","13,30","","1,40","","44,00","","18,00","","19,00","","24,10","","97,94","","","","","","Nuageux"
"1998-04-18 12:00","1998","04","18","12:00"," ","14,40","","1,20","","41,00","","17,00","","28,00","","24,10","","97,91","","","","","","Généralement nuageux"
"1998-04-18 13:00","1998","04","18","13:00"," ","14,90","","1,30","","40,00","","15,00","","28,00","","24,10","","97,91","","","","","","Généralement nuageux"
"1998-04-18 14:00","1998","04","18","14:00"," ","15,40","","2,50","","42,00","","18,00","","22,00","","24,10","","97,88","","","","","","Généralement nuageux"
"1998-04-18 15:00","1998","04","18","15:00"," ","14,90","","2,70","","44,00","","16,00","","28,00","","24,10","","97,81","","","","","","Généralement nuageux"
"1998-04-18 16:00","1998","04","18","16:00"," ","15,80","","1,90","","39,00","","16,00","","24,00","","24,10","","97,78","","","","","","Généralement nuageux"
"1998-04-18 17:00","1998","04","18","17:00"," ","14,50","","1,80","","42,00","","17,00","","22,00","","24,10","","97,75","","","","","","Généralement dégagé"
"1998-04-18 18:00","1998","04","18","18:00"," ","13,80","","1,50","","43,00","","18,00","","17,00","","24,10","","97,71","","","","","","Généralement nuageux"
"1998-04-18 19:00","1998","04","18","19:00"," ","14,30","","0,70","","39,00","","18,00","","19,00","","24,10","","97,71","","","","","","Nuageux"
"1998-04-18 20:00","1998","04","18","20:00"," ","13,90","","0,60","","40,00","","18,00","","15,00","","24,10","","97,75","","","","","","Généralement nuageux"
"1998-04-18 21:00","1998","04","18","21:00"," ","14,10","","0,50","","39,00","","16,00","","7,00","","24,10","","97,78","","","","","","Généralement nuageux"
"1998-04-18 22:00","1998","04","18","22:00"," ","12,70","","3,10","","52,00","","0,00","","0,00","","24,10","","97,81","","","","","","Averses de pluie"
"1998-04-18 23:00","1998","04","18","23:00"," ","10,10","","3,90","","65,00","","33,00","","6,00","","24,10","","97,84","","","","","","Généralement nuageux"
"1998-04-19 00:00","1998","04","19","00:00"," ","10,40","","2,00","","56,00","","36,00","","15,00","","24,10","","97,94","","","","","","Généralement nuageux"
"1998-04-19 01:00","1998","04","19","01:00"," ","9,70","","0,80","","54,00","","29,00","","6,00","","24,10","","98,01","","","","","","Généralement nuageux"
"1998-04-19 02:00","1998","04","19","02:00"," ","9,00","","0,00","","53,00","","0,00","","0,00","","24,10","","98,07","","","","","","Généralement dégagé"
"1998-04-19 03:00","1998","04","19","03:00"," ","6,20","","-0,30","","63,00","","0,00","","0,00","","24,10","","98,17","","","","","","Généralement dégagé"
"1998-04-19 04:00","1998","04","19","04:00"," ","5,00","","-0,90","","66,00","","29,00","","4,00","","24,10","","98,24","","","","","","Généralement dégagé"
"1998-04-19 05:00","1998","04","19","05:00"," ","5,50","","-2,90","","55,00","","36,00","","6,00","","24,10","","98,30","","","","","","Généralement dégagé"
"1998-04-19 06:00","1998","04","19","06:00"," ","4,80","","-2,60","","59,00","","0,00","","0,00","","24,10","","98,30","","","","","","Généralement dégagé"
"1998-04-19 07:00","1998","04","19","07:00"," ","8,10","","-2,40","","47,00","","0,00","","0,00","","24,10","","98,34","","","","","","Dégagé"
"1998-04-19 08:00","1998","04","19","08:00"," ","10,10","","-3,20","","39,00","","33,00","","4,00","","24,10","","98,37","","","","","","Généralement dégagé"
"1998-04-19 09:00","1998","04","19","09:00"," ","11,30","","-3,50","","35,00","","36,00","","4,00","","24,10","","98,37","","","","","","Généralement dégagé"
"1998-04-19 10:00","1998","04","19","10:00"," ","12,80","","-2,80","","34,00","","2,00","","13,00","","24,10","","98,37","","","","","","Généralement dégagé"
"1998-04-19 11:00","1998","04","19","11:00"," ","14,10","","-3,00","","30,00","","33,00","","9,00","","24,10","","98,27","","","","","","Généralement dégagé"
"1998-04-19 12:00","1998","04","19","12:00"," ","15,10","","-3,00","","29,00","","2,00","","13,00","","24,10","","98,27","","","","","","Généralement dégagé"
"1998-04-19 13:00","1998","04","19","13:00"," ","15,60","","-2,60","","28,00","","35,00","","7,00","","24,10","","98,24","","","","","","Généralement dégagé"
"1998-04-19 14:00","1998","04","19","14:00"," ","16,00","","-3,20","","27,00","","34,00","","15,00","","24,10","","98,20","","","","","","Généralement dégagé"
"1998-04-19 15:00","1998","04","19","15:00"," ","17,00","","-2,00","","27,00","","36,00","","7,00","","24,10","","98,14","","","","","","Généralement dégagé"
"1998-04-19 16:00","1998","04","19","16:00"," ","17,00","","-3,20","","25,00","","33,00","","7,00","","24,10","","98,11","","","","","","Généralement dégagé"
"1998-04-19 17:00","1998","04","19","17:00"," ","15,90","","-1,80","","30,00","","35,00","","9,00","","24,10","","98,11","","","","","","Généralement dégagé"
"1998-04-19 18:00","1998","04","19","18:00"," ","14,00","","-0,80","","36,00","","32,00","","6,00","","24,10","","98,14","","","","","","Généralement dégagé"
"1998-04-19 19:00","1998","04","19","19:00"," ","11,00","","-1,20","","43,00","","0,00","","0,00","","24,10","","98,14","","","","","","Généralement dégagé"
"1998-04-19 20:00","1998","04","19","20:00"," ","9,10","","-1,40","","48,00","","33,00","","6,00","","24,10","","98,24","","","","","","Généralement dégagé"
"1998-04-19 21:00","1998","04","19","21:00"," ","8,90","","-1,80","","47,00","","32,00","","9,00","","24,10","","98,27","","","","","","Généralement dégagé"
"1998-04-19 22:00","1998","04","19","22:00"," ","9,10","","-1,70","","47,00","","36,00","","13,00","","24,10","","98,30","","","","","","Généralement dégagé"
"1998-04-19 23:00","1998","04","19","23:00"," ","8,10","","3,10","","71,00","","35,00","","9,00","","24,10","","98,34","","","","","","Généralement dégagé"
"1998-04-20 00:00","1998","04","20","00:00"," ","7,70","","-1,60","","52,00","","36,00","","11,00","","24,10","","98,37","","","","","","Généralement dégagé"
"1998-04-20 01:00","1998","04","20","01:00"," ","8,40","","-1,80","","49,00","","35,00","","13,00","","24,10","","98,40","","","","","","Dégagé"
"1998-04-20 02:00","1998","04","20","02:00"," ","6,90","","-1,30","","56,00","","33,00","","11,00","","24,10","","98,43","","","","","","Dégagé"
"1998-04-20 03:00","1998","04","20","03:00"," ","4,60","","-2,10","","62,00","","34,00","","4,00","","24,10","","98,47","","","","","","Dégagé"
"1998-04-20 04:00","1998","04","20","04:00"," ","1,30","","-2,80","","74,00","","34,00","","6,00","","24,10","","98,47","","","","","","Dégagé"
"1998-04-20 05:00","1998","04","20","05:00"," ","2,50","","-2,10","","72,00","","36,00","","6,00","","24,10","","98,50","","","","","","Dégagé"
"1998-04-20 06:00","1998","04","20","06:00"," ","2,80","","-1,60","","73,00","","36,00","","4,00","","24,10","","98,53","","","","","","Généralement dégagé"
"1998-04-20 07:00","1998","04","20","07:00"," ","7,10","","-0,10","","60,00","","36,00","","7,00","","24,10","","98,57","","","","","","Généralement dégagé"
"1998-04-20 08:00","1998","04","20","08:00"," ","7,80","","0,10","","58,00","","35,00","","7,00","","24,10","","98,53","","","","","","Généralement dégagé"
"1998-04-20 09:00","1998","04","20","09:00"," ","9,30","","0,20","","53,00","","33,00","","7,00","","24,10","","98,47","","","","","","Généralement dégagé"
"1998-04-20 10:00","1998","04","20","10:00"," ","11,50","","1,20","","49,00","","36,00","","4,00","","24,10","","98,37","","","","","","Généralement dégagé"
"1998-04-20 11:00","1998","04","20","11:00"," ","13,10","","1,70","","46,00","","0,00","","0,00","","24,10","","98,30","","","","","","Généralement dégagé"
"1998-04-20 12:00","1998","04","20","12:00"," ","13,70","","1,50","","43,00","","34,00","","17,00","","24,10","","98,20","","","","","","Généralement nuageux"
"1998-04-20 13:00","1998","04","20","13:00"," ","17,40","","3,30","","39,00","","16,00","","22,00","","24,10","","98,11","","","","","","Généralement nuageux"
"1998-04-20 14:00","1998","04","20","14:00"," ","18,20","","1,40","","32,00","","17,00","","24,00","","24,10","","98,01","","","","","","Généralement nuageux"
"1998-04-20 15:00","1998","04","20","15:00"," ","18,80","","-0,40","","27,00","","18,00","","24,00","","24,10","","97,98","","","","","","Généralement nuageux"
"1998-04-20 16:00","1998","04","20","16:00"," ","17,90","","-0,40","","29,00","","17,00","","28,00","","24,10","","98,01","","","","","","Généralement nuageux"
"1998-04-20 17:00","1998","04","20","17:00"," ","18,50","","-1,60","","26,00","","18,00","","30,00","","24,10","","97,94","","","","","","Nuageux"
"1998-04-20 18:00","1998","04","20","18:00"," ","17,30","","0,60","","32,00","","18,00","","32,00","","24,10","","97,91","","","","","","Nuageux"
"1998-04-20 19:00","1998","04","20","19:00"," ","17,30","","0,40","","32,00","","18,00","","28,00","","24,10","","97,91","","","","","","Nuageux"
"1998-04-20 20:00","1998","04","20","20:00"," ","14,20","","3,00","","47,00","","15,00","","11,00","","24,10","","97,94","","","","","","Nuageux"
"1998-04-20 21:00","1998","04","20","21:00"," ","13,30","","2,90","","49,00","","15,00","","4,00","","24,10","","98,01","","","","","","Nuageux"
"1998-04-20 22:00","1998","04","20","22:00"," ","10,60","","1,80","","54,00","","0,00","","0,00","","24,10","","98,04","","","","","","Nuageux"
"1998-04-20 23:00","1998","04","20","23:00"," ","11,60","","2,10","","52,00","","16,00","","7,00","","24,10","","98,04","","","","","","Généralement dégagé"
"1998-04-21 00:00","1998","04","21","00:00"," ","10,20","","1,80","","56,00","","0,00","","0,00","","24,10","","98,04","","","","","","Généralement dégagé"
"1998-04-21 01:00","1998","04","21","01:00"," ","9,10","","1,80","","60,00","","24,00","","6,00","","24,10","","98,04","","","","","","Généralement nuageux"
"1998-04-21 02:00","1998","04","21","02:00"," ","8,70","","2,10","","63,00","","0,00","","0,00","","24,10","","98,04","","","","","","Généralement nuageux"
"1998-04-21 03:00","1998","04","21","03:00"," ","8,40","","3,30","","70,00","","0,00","","0,00","","24,10","","98,04","","","","","","Généralement nuageux"
"1998-04-21 04:00","1998","04","21","04:00"," ","7,90","","2,60","","69,00","","0,00","","0,00","","24,10","","98,04","","","","","","Généralement nuageux"
"1998-04-21 05:00","1998","04","21","05:00"," ","8,50","","3,00","","68,00","","0,00","","0,00","","24,10","","98,04","","","","","","Généralement nuageux"
"1998-04-21 06:00","1998","04","21","06:00"," ","8,70","","3,30","","69,00","","0,00","","0,00","","24,10","","98,14","","","","","","Nuageux"
"1998-04-21 07:00","1998","04","21","07:00"," ","9,70","","3,90","","67,00","","35,00","","6,00","","24,10","","98,17","","","","","","Nuageux"
"1998-04-21 08:00","1998","04","21","08:00"," ","11,20","","3,60","","59,00","","22,00","","6,00","","24,10","","98,17","","","","","","Généralement nuageux"
"1998-04-21 09:00","1998","04","21","09:00"," ","12,10","","3,10","","54,00","","16,00","","4,00","","24,10","","98,14","","","","","","Généralement nuageux"
"1998-04-21 10:00","1998","04","21","10:00"," ","15,80","","4,50","","47,00","","0,00","","0,00","","24,10","","98,07","","","","","","Généralement dégagé"
"1998-04-21 11:00","1998","04","21","11:00"," ","15,90","","5,30","","49,00","","16,00","","17,00","","24,10","","98,04","","","","","","Généralement nuageux"
"1998-04-21 12:00","1998","04","21","12:00"," ","17,60","","4,90","","43,00","","18,00","","15,00","","24,10","","97,98","","","","","","Généralement nuageux"
"1998-04-21 13:00","1998","04","21","13:00"," ","20,00","","4,10","","35,00","","18,00","","19,00","","24,10","","97,91","","","","","","Généralement nuageux"
"1998-04-21 14:00","1998","04","21","14:00"," ","20,10","","5,00","","37,00","","15,00","","6,00","","24,10","","97,84","","","","","","Généralement nuageux"
"1998-04-21 15:00","1998","04","21","15:00"," ","19,30","","5,10","","39,00","","34,00","","11,00","","24,10","","97,81","","","","","","Généralement nuageux"
"1998-04-21 16:00","1998","04","21","16:00"," ","20,70","","4,10","","34,00","","31,00","","9,00","","24,10","","97,71","","","","","","Généralement nuageux"
"1998-04-21 17:00","1998","04","21","17:00"," ","19,30","","3,60","","35,00","","33,00","","9,00","","24,10","","97,68","","","","","","Nuageux"
"1998-04-21 18:00","1998","04","21","18:00"," ","17,10","","4,00","","42,00","","35,00","","9,00","","24,10","","97,68","","","","","","Nuageux"
"1998-04-21 19:00","1998","04","21","19:00"," ","15,20","","4,20","","48,00","","4,00","","6,00","","24,10","","97,65","","","","","","Généralement nuageux"
"1998-04-21 20:00","1998","04","21","20:00"," ","11,40","","4,70","","63,00","","30,00","","6,00","","24,10","","97,71","","","","","","Généralement nuageux"
"1998-04-21 21:00","1998","04","21","21:00"," ","10,40","","4,60","","67,00","","31,00","","4,00","","24,10","","97,75","","","","","","Généralement nuageux"
"1998-04-21 22:00","1998","04","21","22:00"," ","11,70","","4,20","","60,00","","36,00","","9,00","","24,10","","97,75","","","","","","Généralement nuageux"
"1998-04-21 23:00","1998","04","21","23:00"," ","10,90","","4,30","","64,00","","35,00","","9,00","","24,10","","97,78","","","","","","Généralement dégagé"
"1998-04-22 00:00","1998","04","22","00:00"," ","8,90","","3,10","","67,00","","34,00","","13,00","","24,10","","97,78","","","","","","Dégagé"
"1998-04-22 01:00","1998","04","22","01:00"," ","9,30","","3,60","","68,00","","36,00","","11,00","","24,10","","97,78","","","","","","Dégagé"
"1998-04-22 02:00","1998","04","22","02:00"," ","8,60","","3,00","","68,00","","36,00","","9,00","","24,10","","97,78","","","","","","Dégagé"
"1998-04-22 03:00","1998","04","22","03:00"," ","8,10","","2,40","","67,00","","35,00","","9,00","","24,10","","97,71","","","","","","Dégagé"
"1998-04-22 04:00","1998","04","22","04:00"," ","8,90","","2,50","","64,00","","33,00","","11,00","","24,10","","97,75","","","","","","Généralement dégagé"
"1998-04-22 05:00","1998","04","22","05:00"," ","7,10","","1,80","","69,00","","33,00","","11,00","","24,10","","97,75","","","","","","Généralement dégagé"
"1998-04-22 06:00","1998","04","22","06:00"," ","8,60","","2,50","","65,00","","34,00","","9,00","","24,10","","97,75","","","","","","Généralement dégagé"
"1998-04-22 07:00","1998","04","22","07:00"," ","10,10","","3,50","","64,00","","35,00","","11,00","","24,10","","97,75","","","","","","Généralement nuageux"
"1998-04-22 08:00","1998","04","22","08:00"," ","11,30","","3,80","","60,00","","35,00","","19,00","","24,10","","97,65","","","","","","Généralement nuageux"
"1998-04-22 09:00","1998","04","22","09:00"," ","12,50","","4,60","","59,00","","34,00","","19,00","","24,10","","97,62","","","","","","Nuageux"
"1998-04-22 10:00","1998","04","22","10:00"," ","13,40","","4,20","","54,00","","36,00","","17,00","","24,10","","97,55","","","","","","Nuageux"
"1998-04-22 11:00","1998","04","22","11:00"," ","14,50","","4,80","","52,00","","33,00","","13,00","","24,10","","97,45","","","","","","Nuageux"
"1998-04-22 12:00","1998","04","22","12:00"," ","14,90","","4,40","","49,00","","33,00","","13,00","","24,10","","97,32","","","","","","Nuageux"
"1998-04-22 13:00","1998","04","22","13:00"," ","14,90","","4,90","","51,00","","35,00","","15,00","","24,10","","97,25","","","","","","Nuageux"
"1998-04-22 14:00","1998","04","22","14:00"," ","16,80","","5,30","","47,00","","1,00","","7,00","","24,10","","97,16","","","","","","Nuageux"
"1998-04-22 15:00","1998","04","22","15:00"," ","16,60","","4,90","","46,00","","36,00","","13,00","","24,10","","97,03","","","","","","Nuageux"
"1998-04-22 16:00","1998","04","22","16:00"," ","17,30","","5,40","","45,00","","34,00","","7,00","","24,10","","96,93","","","","","","Généralement nuageux"
"1998-04-22 17:00","1998","04","22","17:00"," ","16,60","","5,20","","47,00","","32,00","","13,00","","24,10","","96,86","","","","","","Nuageux"
"1998-04-22 18:00","1998","04","22","18:00"," ","15,70","","6,20","","53,00","","33,00","","9,00","","24,10","","96,80","","","","","","Nuageux"
"1998-04-22 19:00","1998","04","22","19:00"," ","14,60","","5,30","","54,00","","35,00","","6,00","","24,10","","96,76","","","","","","Nuageux"
"1998-04-22 20:00","1998","04","22","20:00"," ","12,30","","6,00","","65,00","","33,00","","4,00","","24,10","","96,76","","","","","","Nuageux"
"1998-04-22 21:00","1998","04","22","21:00"," ","10,50","","5,40","","71,00","","0,00","","0,00","","24,10","","96,76","","","","","","Généralement nuageux"
"1998-04-22 22:00","1998","04","22","22:00"," ","9,40","","5,60","","77,00","","0,00","","0,00","","24,10","","96,70","","","","","","Généralement nuageux"
"1998-04-22 23:00","1998","04","22","23:00"," ","9,40","","5,70","","78,00","","0,00","","0,00","","24,10","","96,70","","","","","","Généralement nuageux"
"1998-04-23 00:00","1998","04","23","00:00"," ","9,50","","5,90","","78,00","","0,00","","0,00","","24,10","","96,67","","","","","","Généralement nuageux"
"1998-04-23 01:00","1998","04","23","01:00"," ","8,90","","5,20","","78,00","","0,00","","0,00","","24,10","","96,60","","","","","","Généralement nuageux"
"1998-04-23 02:00","1998","04","23","02:00"," ","8,40","","5,50","","82,00","","0,00","","0,00","","24,10","","96,53","","","","","","Généralement nuageux"
"1998-04-23 03:00","1998","04","23","03:00"," ","6,90","","4,60","","85,00","","0,00","","0,00","","24,10","","96,53","","","","","","Dégagé"
"1998-04-23 04:00","1998","04","23","04:00"," ","6,20","","4,50","","89,00","","0,00","","0,00","","24,10","","96,53","","","","","","Généralement dégagé"
"1998-04-23 05:00","1998","04","23","05:00"," ","6,50","","4,80","","89,00","","0,00","","0,00","","24,10","","96,47","","","","","","Généralement nuageux"
"1998-04-23 06:00","1998","04","23","06:00"," ","7,50","","5,60","","88,00","","0,00","","0,00","","24,10","","96,44","","","","","","Généralement nuageux"
"1998-04-23 07:00","1998","04","23","07:00"," ","8,60","","6,30","","85,00","","18,00","","13,00","","24,10","","96,50","","","","","","Nuageux"
"1998-04-23 08:00","1998","04","23","08:00"," ","9,80","","7,30","","84,00","","0,00","","0,00","","16,10","","96,40","","","","","","Averses de pluie"
"1998-04-23 09:00","1998","04","23","09:00"," ","10,20","","8,70","","90,00","","10,00","","11,00","","9,70","","96,44","","","","","","Averses de pluie modérées"
"1998-04-23 10:00","1998","04","23","10:00"," ","11,10","","9,20","","88,00","","33,00","","6,00","","24,10","","96,37","","","","","","Nuageux"
"1998-04-23 11:00","1998","04","23","11:00"," ","12,80","","10,00","","83,00","","33,00","","13,00","","24,10","","96,34","","","","","","Généralement nuageux"
"1998-04-23 12:00","1998","04","23","12:00"," ","13,30","","9,50","","78,00","","35,00","","7,00","","24,10","","96,24","","","","","","Averses de pluie"
"1998-04-23 13:00","1998","04","23","13:00"," ","14,40","","10,50","","77,00","","1,00","","6,00","","24,10","","96,17","","","","","","Généralement nuageux"
"1998-04-23 14:00","1998","04","23","14:00"," ","15,90","","9,00","","64,00","","35,00","","13,00","","24,10","","96,11","","","","","","Généralement dégagé"
"1998-04-23 15:00","1998","04","23","15:00"," ","14,10","","9,40","","73,00","","31,00","","13,00","","24,10","","95,98","","","","","","Généralement dégagé"
"1998-04-23 16:00","1998","04","23","16:00"," ","13,80","","9,50","","75,00","","30,00","","9,00","","24,10","","95,91","","","","","","Généralement nuageux"
"1998-04-23 17:00","1998","04","23","17:00"," ","13,80","","10,60","","81,00","","0,00","","0,00","","24,10","","95,85","","","","","","Généralement nuageux"
"1998-04-23 18:00","1998","04","23","18:00"," ","11,90","","10,00","","88,00","","15,00","","9,00","","19,30","","95,91","","","","","","Orages,Averses de pluie"
"1998-04-23 19:00","1998","04","23","19:00"," ","12,30","","10,50","","89,00","","0,00","","0,00","","24,10","","96,01","","","","","","Nuageux"
"1998-04-23 20:00","1998","04","23","20:00"," ","12,30","","10,90","","91,00","","0,00","","0,00","","24,10","","96,08","","","","","","Généralement nuageux"
"1998-04-23 21:00","1998","04","23","21:00"," ","12,40","","10,40","","88,00","","0,00","","0,00","","24,10","","96,14","","","","","","Averses de pluie"
"1998-04-23 22:00","1998","04","23","22:00"," ","11,90","","9,60","","86,00","","0,00","","0,00","","24,10","","96,14","","","","","","Averses de pluie"
"1998-04-23 23:00","1998","04","23","23:00"," ","11,10","","9,20","","88,00","","0,00","","0,00","","24,10","","96,21","","","","","","Nuageux"
"1998-04-24 00:00","1998","04","24","00:00"," ","10,70","","6,80","","77,00","","4,00","","11,00","","24,10","","96,24","","","","","","Nuageux"
"1998-04-24 01:00","1998","04","24","01:00"," ","11,30","","4,70","","64,00","","0,00","","0,00","","24,10","","96,34","","","","","","Nuageux"
"1998-04-24 02:00","1998","04","24","02:00"," ","9,90","","5,70","","75,00","","36,00","","6,00","","24,10","","96,37","","","","","","Nuageux"
"1998-04-24 03:00","1998","04","24","03:00"," ","10,30","","4,40","","67,00","","0,00","","0,00","","24,10","","96,44","","","","","","Nuageux"
"1998-04-24 04:00","1998","04","24","04:00"," ","10,20","","4,70","","69,00","","0,00","","0,00","","24,10","","96,50","","","","","","Nuageux"
"1998-04-24 05:00","1998","04","24","05:00"," ","8,80","","4,90","","76,00","","0,00","","0,00","","24,10","","96,57","","","","","","Nuageux"
"1998-04-24 06:00","1998","04","24","06:00"," ","10,20","","3,20","","62,00","","25,00","","4,00","","24,10","","96,63","","","","","","Nuageux"
"1998-04-24 07:00","1998","04","24","07:00"," ","10,60","","1,70","","54,00","","0,00","","0,00","","24,10","","96,70","","","","","","Généralement nuageux"
"1998-04-24 08:00","1998","04","24","08:00"," ","11,00","","0,40","","48,00","","2,00","","15,00","","24,10","","96,76","","","","","","Généralement nuageux"
"1998-04-24 09:00","1998","04","24","09:00"," ","12,70","","-0,20","","41,00","","4,00","","13,00","","24,10","","96,83","","","","","","Généralement nuageux"
"1998-04-24 10:00","1998","04","24","10:00"," ","13,60","","-1,60","","35,00","","12,00","","9,00","","24,10","","96,86","","","","","","Généralement dégagé"
"1998-04-24 11:00","1998","04","24","11:00"," ","13,90","","-0,80","","36,00","","13,00","","4,00","","24,10","","96,89","","","","","","Généralement dégagé"
"1998-04-24 12:00","1998","04","24","12:00"," ","15,00","","-2,10","","31,00","","26,00","","4,00","","24,10","","96,93","","","","","","Généralement dégagé"
"1998-04-24 13:00","1998","04","24","13:00"," ","15,50","","-7,10","","20,00","","32,00","","22,00","","24,10","","96,96","","","","","","Généralement dégagé"
"1998-04-24 14:00","1998","04","24","14:00"," ","15,20","","-6,20","","22,00","","33,00","","19,00","","24,10","","96,99","","","","","","Généralement dégagé"
"1998-04-24 15:00","1998","04","24","15:00"," ","15,20","","-6,50","","22,00","","28,00","","19,00","","24,10","","97,09","","","","","","Généralement dégagé"
"1998-04-24 16:00","1998","04","24","16:00"," ","14,70","","-6,00","","23,00","","31,00","","19,00","","24,10","","97,16","","","","","","Généralement dégagé"
"1998-04-24 17:00","1998","04","24","17:00"," ","14,10","","-6,90","","23,00","","29,00","","19,00","","24,10","","97,19","","","","","","Généralement dégagé"
"1998-04-24 18:00","1998","04","24","18:00"," ","12,70","","-6,10","","26,00","","29,00","","19,00","","24,10","","97,22","","","","","","Généralement dégagé"
"1998-04-24 19:00","1998","04","24","19:00"," ","11,20","","-5,30","","31,00","","33,00","","9,00","","24,10","","97,29","","","","","","Dégagé"
"1998-04-24 20:00","1998","04","24","20:00"," ","10,20","","-4,20","","36,00","","7,00","","6,00","","24,10","","97,39","","","","","","Dégagé"
"1998-04-24 21:00","1998","04","24","21:00"," ","7,30","","-3,50","","46,00","","0,00","","0,00","","24,10","","97,45","","","","","","Dégagé"
"1998-04-24 22:00","1998","04","24","22:00"," ","7,10","","-2,70","","50,00","","36,00","","7,00","","24,10","","97,52","","","","","","Dégagé"
"1998-04-24 23:00","1998","04","24","23:00"," ","5,20","","-2,50","","57,00","","0,00","","0,00","","24,10","","97,58","","","","","","Dégagé"
"1998-04-25 00:00","1998","04","25","00:00"," ","4,50","","-2,70","","59,00","","0,00","","0,00","","24,10","","97,65","","","","","","Dégagé"
"1998-04-25 01:00","1998","04","25","01:00"," ","4,30","","-2,50","","61,00","","0,00","","0,00","","24,10","","97,68","","","","","","Dégagé"
"1998-04-25 02:00","1998","04","25","02:00"," ","1,00","","-3,00","","75,00","","0,00","","0,00","","24,10","","97,71","","","","","","Dégagé"
"1998-04-25 03:00","1998","04","25","03:00"," ","0,40","","-3,20","","77,00","","0,00","","0,00","","24,10","","97,78","","","","","","Dégagé"
"1998-04-25 04:00","1998","04","25","04:00"," ","0,70","","-3,20","","75,00","","0,00","","0,00","","24,10","","97,81","","","","","","Dégagé"
"1998-04-25 05:00","1998","04","25","05:00"," ","0,50","","-3,50","","75,00","","0,00","","0,00","","24,10","","97,84","","","","","","Généralement dégagé"
"1998-04-25 06:00","1998","04","25","06:00"," ","1,80","","-2,30","","74,00","","0,00","","0,00","","24,10","","97,91","","","","","","Généralement dégagé"
"1998-04-25 07:00","1998","04","25","07:00"," ","5,90","","0,60","","69,00","","14,00","","4,00","","24,10","","97,94","","","","","","Généralement dégagé"
"1998-04-25 08:00","1998","04","25","08:00"," ","7,90","","1,50","","64,00","","20,00","","6,00","","24,10","","97,98","","","","","","Généralement dégagé"
"1998-04-25 09:00","1998","04","25","09:00"," ","9,40","","0,50","","54,00","","19,00","","9,00","","24,10","","97,98","","","","","","Généralement dégagé"
"1998-04-25 10:00","1998","04","25","10:00"," ","12,80","","-2,80","","34,00","","7,00","","13,00","","24,10","","97,98","","","","","","Généralement dégagé"
"1998-04-25 11:00","1998","04","25","11:00"," ","13,50","","-3,50","","31,00","","21,00","","9,00","","24,10","","97,94","","","","","","Généralement dégagé"
"1998-04-25 12:00","1998","04","25","12:00"," ","13,70","","-3,10","","31,00","","21,00","","7,00","","24,10","","97,91","","","","","","Généralement dégagé"
"1998-04-25 13:00","1998","04","25","13:00"," ","14,30","","-3,70","","29,00","","18,00","","7,00","","24,10","","97,91","","","","","","Généralement dégagé"
"1998-04-25 14:00","1998","04","25","14:00"," ","14,90","","-4,30","","26,00","","3,00","","6,00","","24,10","","97,88","","","","","","Généralement dégagé"
"1998-04-25 15:00","1998","04","25","15:00"," ","16,30","","-2,70","","27,00","","2,00","","9,00","","24,10","","97,88","","","","","","Généralement dégagé"
"1998-04-25 16:00","1998","04","25","16:00"," ","14,60","","-2,70","","30,00","","36,00","","22,00","","24,10","","97,91","","","","","","Généralement dégagé"
"1998-04-25 17:00","1998","04","25","17:00"," ","14,70","","-2,60","","30,00","","3,00","","28,00","","24,10","","97,94","","","","","","Généralement dégagé"
"1998-04-25 18:00","1998","04","25","18:00"," ","13,20","","-1,90","","35,00","","35,00","","13,00","","24,10","","98,01","","","","","","Dégagé"
"1998-04-25 19:00","1998","04","25","19:00"," ","11,70","","-1,40","","40,00","","4,00","","19,00","","24,10","","98,07","","","","","","Dégagé"
"1998-04-25 20:00","1998","04","25","20:00"," ","9,80","","-1,20","","46,00","","5,00","","4,00","","24,10","","98,20","","","","","","Dégagé"
"1998-04-25 21:00","1998","04","25","21:00"," ","8,30","","-1,50","","50,00","","0,00","","0,00","","24,10","","98,27","","","","","","Dégagé"
"1998-04-25 22:00","1998","04","25","22:00"," ","7,00","","-1,40","","55,00","","0,00","","0,00","","24,10","","98,30","","","","","","Dégagé"
"1998-04-25 23:00","1998","04","25","23:00"," ","4,00","","-1,30","","68,00","","0,00","","0,00","","24,10","","98,37","","","","","","Dégagé"
"1998-04-26 00:00","1998","04","26","00:00"," ","3,50","","-1,00","","72,00","","0,00","","0,00","","24,10","","98,40","","","","","","Dégagé"
"1998-04-26 01:00","1998","04","26","01:00"," ","3,80","","-1,50","","68,00","","0,00","","0,00","","24,10","","98,43","","","","","","Dégagé"
"1998-04-26 02:00","1998","04","26","02:00"," ","4,00","","-1,80","","66,00","","0,00","","0,00","","24,10","","98,50","","","","","","Dégagé"
"1998-04-26 03:00","1998","04","26","03:00"," ","1,90","","-2,00","","75,00","","0,00","","0,00","","24,10","","98,53","","","","","","Dégagé"
"1998-04-26 04:00","1998","04","26","04:00"," ","1,90","","-1,90","","76,00","","0,00","","0,00","","24,10","","98,57","","","","","","Généralement dégagé"
"1998-04-26 05:00","1998","04","26","05:00"," ","1,10","","-2,10","","79,00","","0,00","","0,00","","24,10","","98,63","","","","","","Généralement dégagé"
"1998-04-26 06:00","1998","04","26","06:00"," ","2,70","","-1,10","","76,00","","0,00","","0,00","","24,10","","98,70","","","","","","Généralement dégagé"
"1998-04-26 07:00","1998","04","26","07:00"," ","6,20","","0,30","","66,00","","0,00","","0,00","","24,10","","98,73","","","","","","Généralement dégagé"
"1998-04-26 08:00","1998","04","26","08:00"," ","8,50","","0,70","","58,00","","0,00","","0,00","","24,10","","98,66","","","","","","Généralement dégagé"
"1998-04-26 09:00","1998","04","26","09:00"," ","10,50","","0,30","","49,00","","0,00","","0,00","","24,10","","98,63","","","","","","Généralement dégagé"
"1998-04-26 10:00","1998","04","26","10:00"," ","12,30","","-0,60","","41,00","","0,00","","0,00","","24,10","","98,60","","","","","","Généralement nuageux"
"1998-04-26 11:00","1998","04","26","11:00"," ","14,10","","1,60","","43,00","","34,00","","11,00","","24,10","","98,57","","","","","","Généralement nuageux"
"1998-04-26 12:00","1998","04","26","12:00"," ","14,60","","1,30","","40,00","","34,00","","11,00","","24,10","","98,50","","","","","","Généralement dégagé"
"1998-04-26 13:00","1998","04","26","13:00"," ","17,40","","0,70","","32,00","","15,00","","7,00","","24,10","","98,43","","","","","","Généralement dégagé"
"1998-04-26 14:00","1998","04","26","14:00"," ","18,80","","3,50","","36,00","","15,00","","9,00","","24,10","","98,37","","","","","","Dégagé"
"1998-04-26 15:00","1998","04","26","15:00"," ","18,80","","2,20","","33,00","","16,00","","15,00","","24,10","","98,34","","","","","","Dégagé"
"1998-04-26 16:00","1998","04","26","16:00"," ","18,50","","3,40","","37,00","","15,00","","15,00","","24,10","","98,30","","","","","","Généralement nuageux"
"1998-04-26 17:00","1998","04","26","17:00"," ","17,80","","2,90","","37,00","","18,00","","13,00","","24,10","","98,30","","","","","","Généralement nuageux"
"1998-04-26 18:00","1998","04","26","18:00"," ","17,10","","3,40","","40,00","","18,00","","11,00","","24,10","","98,30","","","","","","Généralement nuageux"
"1998-04-26 19:00","1998","04","26","19:00"," ","15,60","","2,80","","42,00","","19,00","","9,00","","24,10","","98,34","","","","","","Généralement nuageux"
"1998-04-26 20:00","1998","04","26","20:00"," ","13,60","","2,40","","47,00","","35,00","","4,00","","24,10","","98,43","","","","","","Généralement dégagé"
"1998-04-26 21:00","1998","04","26","21:00"," ","11,00","","3,30","","59,00","","0,00","","0,00","","24,10","","98,50","","","","","","Généralement dégagé"
"1998-04-26 22:00","1998","04","26","22:00"," ","9,80","","3,20","","63,00","","0,00","","0,00","","24,10","","98,53","","","","","","Généralement dégagé"
"1998-04-26 23:00","1998","04","26","23:00"," ","8,20","","2,50","","67,00","","0,00","","0,00","","24,10","","98,57","","","","","","Généralement dégagé"
"1998-04-27 00:00","1998","04","27","00:00"," ","6,70","","2,10","","72,00","","0,00","","0,00","","24,10","","98,60","","","","","","Généralement dégagé"
"1998-04-27 01:00","1998","04","27","01:00"," ","4,80","","1,70","","80,00","","0,00","","0,00","","24,10","","98,60","","","","","","Dégagé"
"1998-04-27 02:00","1998","04","27","02:00"," ","4,00","","1,00","","81,00","","0,00","","0,00","","24,10","","98,60","","","","","","Dégagé"
"1998-04-27 03:00","1998","04","27","03:00"," ","3,90","","1,50","","84,00","","0,00","","0,00","","24,10","","98,63","","","","","","Dégagé"
"1998-04-27 04:00","1998","04","27","04:00"," ","3,70","","1,00","","82,00","","0,00","","0,00","","24,10","","98,63","","","","","","Dégagé"
"1998-04-27 05:00","1998","04","27","05:00"," ","4,10","","1,30","","82,00","","0,00","","0,00","","24,10","","98,66","","","","","","Généralement dégagé"
"1998-04-27 06:00","1998","04","27","06:00"," ","4,50","","1,80","","83,00","","0,00","","0,00","","24,10","","98,70","","","","","","Dégagé"
"1998-04-27 07:00","1998","04","27","07:00"," ","9,00","","2,40","","63,00","","36,00","","4,00","","24,10","","98,76","","","","","","Dégagé"
"1998-04-27 08:00","1998","04","27","08:00"," ","11,60","","2,50","","54,00","","2,00","","7,00","","24,10","","98,73","","","","","","Dégagé"
"1998-04-27 09:00","1998","04","27","09:00"," ","12,70","","3,10","","52,00","","34,00","","6,00","","24,10","","98,70","","","","","","Dégagé"
"1998-04-27 10:00","1998","04","27","10:00"," ","13,60","","3,50","","50,00","","1,00","","6,00","","24,10","","98,63","","","","","","Généralement dégagé"
"1998-04-27 11:00","1998","04","27","11:00"," ","15,60","","3,90","","46,00","","34,00","","6,00","","24,10","","98,53","","","","","","Généralement dégagé"
"1998-04-27 12:00","1998","04","27","12:00"," ","18,20","","5,10","","42,00","","0,00","","0,00","","24,10","","98,40","","","","","","Généralement dégagé"
"1998-04-27 13:00","1998","04","27","13:00"," ","17,80","","4,10","","40,00","","36,00","","13,00","","24,10","","98,37","","","","","","Généralement dégagé"
"1998-04-27 14:00","1998","04","27","14:00"," ","18,60","","4,10","","38,00","","36,00","","15,00","","24,10","","98,24","","","","","","Généralement dégagé"
"1998-04-27 15:00","1998","04","27","15:00"," ","17,80","","4,60","","42,00","","36,00","","11,00","","24,10","","98,17","","","","","","Généralement nuageux"
"1998-04-27 16:00","1998","04","27","16:00"," ","18,90","","4,70","","39,00","","34,00","","6,00","","24,10","","98,07","","","","","","Généralement nuageux"
"1998-04-27 17:00","1998","04","27","17:00"," ","21,10","","4,20","","33,00","","0,00","","0,00","","24,10","","98,04","","","","","","Généralement nuageux"
"1998-04-27 18:00","1998","04","27","18:00"," ","17,50","","3,60","","40,00","","34,00","","7,00","","24,10","","98,01","","","","","","Généralement nuageux"
"1998-04-27 19:00","1998","04","27","19:00"," ","14,60","","4,90","","52,00","","33,00","","6,00","","24,10","","98,01","","","","","","Généralement nuageux"
"1998-04-27 20:00","1998","04","27","20:00"," ","13,90","","4,50","","53,00","","34,00","","11,00","","24,10","","98,07","","","","","","Généralement dégagé"
"1998-04-27 21:00","1998","04","27","21:00"," ","10,00","","4,70","","70,00","","32,00","","4,00","","24,10","","98,11","","","","","","Généralement dégagé"
"1998-04-27 22:00","1998","04","27","22:00"," ","9,10","","3,90","","70,00","","0,00","","0,00","","24,10","","98,14","","","","","","Généralement dégagé"
"1998-04-27 23:00","1998","04","27","23:00"," ","8,90","","3,70","","70,00","","0,00","","0,00","","24,10","","98,14","","","","","","Généralement dégagé"
"1998-04-28 00:00","1998","04","28","00:00"," ","7,40","","3,20","","75,00","","23,00","","4,00","","24,10","","98,17","","","","","","Généralement dégagé"
"1998-04-28 01:00","1998","04","28","01:00"," ","6,30","","2,90","","79,00","","0,00","","0,00","","24,10","","98,14","","","","","","Généralement dégagé"
"1998-04-28 02:00","1998","04","28","02:00"," ","6,30","","2,90","","79,00","","0,00","","0,00","","24,10","","98,14","","","","","","Généralement dégagé"
"1998-04-28 03:00","1998","04","28","03:00"," ","5,80","","2,20","","78,00","","0,00","","0,00","","24,10","","98,17","","","","","","Dégagé"
"1998-04-28 04:00","1998","04","28","04:00"," ","6,30","","1,50","","71,00","","35,00","","9,00","","24,10","","98,17","","","","","","Dégagé"
"1998-04-28 05:00","1998","04","28","05:00"," ","5,80","","1,80","","75,00","","0,00","","0,00","","24,10","","98,17","","","","","","Généralement dégagé"
"1998-04-28 06:00","1998","04","28","06:00"," ","6,70","","2,50","","75,00","","0,00","","0,00","","24,10","","98,20","","","","","","Généralement dégagé"
"1998-04-28 07:00","1998","04","28","07:00"," ","10,20","","3,50","","63,00","","0,00","","0,00","","24,10","","98,20","","","","","","Généralement nuageux"
"1998-04-28 08:00","1998","04","28","08:00"," ","12,40","","2,60","","51,00","","0,00","","0,00","","24,10","","98,20","","","","","","Généralement nuageux"
"1998-04-28 09:00","1998","04","28","09:00"," ","13,80","","2,20","","45,00","","3,00","","6,00","","24,10","","98,14","","","","","","Généralement nuageux"
"1998-04-28 10:00","1998","04","28","10:00"," ","14,60","","2,50","","44,00","","1,00","","7,00","","24,10","","98,04","","","","","","Généralement nuageux"
"1998-04-28 11:00","1998","04","28","11:00"," ","17,50","","3,90","","40,00","","11,00","","7,00","","24,10","","97,98","","","","","","Nuageux"
"1998-04-28 12:00","1998","04","28","12:00"," ","18,10","","4,20","","40,00","","19,00","","11,00","","24,10","","97,81","","","","","","Nuageux"
"1998-04-28 13:00","1998","04","28","13:00"," ","21,00","","6,90","","40,00","","15,00","","24,00","","24,10","","97,71","","","","","","Nuageux"
"1998-04-28 14:00","1998","04","28","14:00"," ","20,50","","6,80","","41,00","","17,00","","22,00","","24,10","","97,58","","","","","","Nuageux"
"1998-04-28 15:00","1998","04","28","15:00"," ","22,10","","4,80","","32,00","","15,00","","22,00","","24,10","","97,48","","","","","","Nuageux"
"1998-04-28 16:00","1998","04","28","16:00"," ","21,60","","5,20","","34,00","","18,00","","28,00","","24,10","","97,39","","","","","","Nuageux"
"1998-04-28 17:00","1998","04","28","17:00"," ","22,00","","4,80","","33,00","","18,00","","28,00","","24,10","","97,32","","","","","","Nuageux"
"1998-04-28 18:00","1998","04","28","18:00"," ","22,50","","5,00","","32,00","","18,00","","22,00","","24,10","","97,32","","","","","","Nuageux"
"1998-04-28 19:00","1998","04","28","19:00"," ","22,30","","4,90","","32,00","","13,00","","11,00","","24,10","","97,35","","","","","","Nuageux"
"1998-04-28 20:00","1998","04","28","20:00"," ","18,20","","6,70","","47,00","","13,00","","7,00","","24,10","","97,39","","","","","","Nuageux"
"1998-04-28 21:00","1998","04","28","21:00"," ","14,20","","5,80","","57,00","","0,00","","0,00","","24,10","","97,45","","","","","","Nuageux"
"1998-04-28 22:00","1998","04","28","22:00"," ","14,10","","5,60","","57,00","","0,00","","0,00","","24,10","","97,45","","","","","","Généralement dégagé"
"1998-04-28 23:00","1998","04","28","23:00"," ","12,30","","4,60","","59,00","","1,00","","9,00","","24,10","","97,52","","","","","","Généralement dégagé"
"1998-04-29 00:00","1998","04","29","00:00"," ","10,90","","4,20","","63,00","","29,00","","4,00","","24,10","","97,52","","","","","","Généralement nuageux"
"1998-04-29 01:00","1998","04","29","01:00"," ","8,20","","3,30","","71,00","","0,00","","0,00","","24,10","","97,48","","","","","","Généralement nuageux"
"1998-04-29 02:00","1998","04","29","02:00"," ","8,40","","2,50","","66,00","","35,00","","9,00","","24,10","","97,55","","","","","","Généralement nuageux"
"1998-04-29 03:00","1998","04","29","03:00"," ","7,00","","2,70","","74,00","","3,00","","6,00","","24,10","","97,58","","","","","","Généralement nuageux"
"1998-04-29 04:00","1998","04","29","04:00"," ","6,20","","2,20","","76,00","","0,00","","0,00","","24,10","","97,62","","","","","","Généralement dégagé"
"1998-04-29 05:00","1998","04","29","05:00"," ","5,50","","1,80","","77,00","","34,00","","6,00","","24,10","","97,65","","","","","","Généralement dégagé"
"1998-04-29 06:00","1998","04","29","06:00"," ","7,40","","2,60","","72,00","","0,00","","0,00","","24,10","","97,68","","","","","","Généralement dégagé"
"1998-04-29 07:00","1998","04","29","07:00"," ","11,60","","3,90","","59,00","","33,00","","4,00","","24,10","","97,68","","","","","","Généralement dégagé"
"1998-04-29 08:00","1998","04","29","08:00"," ","13,80","","3,60","","50,00","","33,00","","4,00","","24,10","","97,65","","","","","","Généralement dégagé"
"1998-04-29 09:00","1998","04","29","09:00"," ","15,20","","3,90","","47,00","","35,00","","9,00","","24,10","","97,65","","","","","","Généralement dégagé"
"1998-04-29 10:00","1998","04","29","10:00"," ","16,30","","3,60","","43,00","","33,00","","9,00","","24,10","","97,62","","","","","","Généralement dégagé"
"1998-04-29 11:00","1998","04","29","11:00"," ","17,50","","3,40","","39,00","","36,00","","9,00","","24,10","","97,62","","","","","","Généralement dégagé"
"1998-04-29 12:00","1998","04","29","12:00"," ","18,90","","4,80","","39,00","","36,00","","9,00","","24,10","","97,58","","","","","","Généralement dégagé"
"1998-04-29 13:00","1998","04","29","13:00"," ","20,40","","4,40","","35,00","","35,00","","9,00","","24,10","","97,52","","","","","","Généralement dégagé"
"1998-04-29 14:00","1998","04","29","14:00"," ","22,10","","2,00","","27,00","","33,00","","9,00","","24,10","","97,45","","","","","","Généralement nuageux"
"1998-04-29 15:00","1998","04","29","15:00"," ","23,10","","-0,20","","21,00","","35,00","","11,00","","24,10","","97,39","","","","","","Généralement dégagé"
"1998-04-29 16:00","1998","04","29","16:00"," ","23,50","","1,90","","24,00","","35,00","","7,00","","24,10","","97,35","","","","","","Généralement dégagé"
"1998-04-29 17:00","1998","04","29","17:00"," ","22,20","","1,40","","25,00","","35,00","","11,00","","24,10","","97,32","","","","","","Généralement dégagé"
"1998-04-29 18:00","1998","04","29","18:00"," ","19,80","","4,80","","37,00","","0,00","","0,00","","24,10","","97,29","","","","","","Généralement nuageux"
"1998-04-29 19:00","1998","04","29","19:00"," ","","","","","","","","","","","","","","","","","","",""
"1998-04-29 20:00","1998","04","29","20:00"," ","13,40","","3,90","","53,00","","0,00","","0,00","","24,10","","97,39","","","","","","Nuageux"
"1998-04-29 21:00","1998","04","29","21:00"," ","14,20","","3,70","","49,00","","0,00","","0,00","","24,10","","97,45","","","","","","Nuageux"
"1998-04-29 22:00","1998","04","29","22:00"," ","12,10","","3,90","","57,00","","0,00","","0,00","","24,10","","97,48","","","","","","Généralement nuageux"
"1998-04-29 23:00","1998","04","29","23:00"," ","10,90","","2,80","","57,00","","3,00","","6,00","","24,10","","97,55","","","","","","Généralement dégagé"
"1998-04-30 00:00","1998","04","30","00:00"," ","9,60","","3,10","","64,00","","35,00","","13,00","","24,10","","97,58","","","","","","Généralement dégagé"
"1998-04-30 01:00","1998","04","30","01:00"," ","7,60","","2,80","","72,00","","33,00","","6,00","","24,10","","97,62","","","","","","Généralement nuageux"
"1998-04-30 02:00","1998","04","30","02:00"," ","9,30","","2,40","","62,00","","35,00","","11,00","","24,10","","97,65","","","","","","Généralement nuageux"
"1998-04-30 03:00","1998","04","30","03:00"," ","8,40","","2,90","","68,00","","35,00","","9,00","","24,10","","97,71","","","","","","Généralement nuageux"
"1998-04-30 04:00","1998","04","30","04:00"," ","7,30","","2,00","","69,00","","36,00","","4,00","","24,10","","97,71","","","","","","Généralement nuageux"
"1998-04-30 05:00","1998","04","30","05:00"," ","7,90","","2,10","","67,00","","36,00","","13,00","","24,10","","97,78","","","","","","Généralement nuageux"
"1998-04-30 06:00","1998","04","30","06:00"," ","11,20","","2,90","","57,00","","33,00","","15,00","","24,10","","97,78","","","","","","Généralement nuageux"
"1998-04-30 07:00","1998","04","30","07:00"," ","12,10","","4,00","","58,00","","33,00","","13,00","","24,10","","97,81","","","","","","Généralement nuageux"
"1998-04-30 08:00","1998","04","30","08:00"," ","13,30","","4,70","","56,00","","36,00","","11,00","","24,10","","97,81","","","","","","Généralement nuageux"
"1998-04-30 09:00","1998","04","30","09:00"," ","14,70","","4,10","","49,00","","35,00","","17,00","","24,10","","97,78","","","","","","Généralement nuageux"
"1998-04-30 10:00","1998","04","30","10:00"," ","16,00","","4,60","","47,00","","35,00","","13,00","","24,10","","97,75","","","","","","Généralement nuageux"
"1998-04-30 11:00","1998","04","30","11:00"," ","18,20","","5,00","","42,00","","34,00","","13,00","","24,10","","97,65","","","","","","Généralement nuageux"
"1998-04-30 12:00","1998","04","30","12:00"," ","19,40","","3,70","","35,00","","33,00","","19,00","","24,10","","97,58","","","","","","Généralement nuageux"
"1998-04-30 13:00","1998","04","30","13:00"," ","20,20","","3,70","","34,00","","36,00","","17,00","","24,10","","97,48","","","","","","Généralement nuageux"
"1998-04-30 14:00","1998","04","30","14:00"," ","21,70","","4,50","","32,00","","35,00","","13,00","","24,10","","97,39","","","","","","Généralement nuageux"
"1998-04-30 15:00","1998","04","30","15:00"," ","22,40","","4,30","","31,00","","34,00","","13,00","","24,10","","97,32","","","","","","Généralement nuageux"
"1998-04-30 16:00","1998","04","30","16:00"," ","22,70","","5,40","","33,00","","32,00","","13,00","","24,10","","97,25","","","","","","Dégagé"
"1998-04-30 17:00","1998","04","30","17:00"," ","22,40","","4,50","","31,00","","32,00","","9,00","","24,10","","97,19","","","","","","Dégagé"
"1998-04-30 18:00","1998","04","30","18:00"," ","21,20","","7,10","","40,00","","32,00","","11,00","","24,10","","97,16","","","","","","Dégagé"
"1998-04-30 19:00","1998","04","30","19:00"," ","18,40","","7,00","","47,00","","0,00","","0,00","","24,10","","97,16","","","","","","Dégagé"
"1998-04-30 20:00","1998","04","30","20:00"," ","14,60","","6,40","","58,00","","36,00","","9,00","","24,10","","97,19","","","","","","Dégagé"
"1998-04-30 21:00","1998","04","30","21:00"," ","15,90","","5,90","","51,00","","34,00","","9,00","","24,10","","97,22","","","","","","Dégagé"
"1998-04-30 22:00","1998","04","30","22:00"," ","11,30","","6,30","","71,00","","33,00","","9,00","","24,10","","97,22","","","","","","Dégagé"
"1998-04-30 23:00","1998","04","30","23:00"," ","11,60","","4,40","","61,00","","33,00","","13,00","","24,10","","97,22","","","","","","Dégagé"
