"Nom de la Station","PENTICTON A"
"Province","BRITISH COLUMBIA"
"Latitude","49,46"
"Longitude","-119,60"
"Altitude","344,40"
"Identification Climat","1126150"
"Identification OMM","71889"
"Identification TC","YYF"
"Toutes les heures sont exprimées en heure normale locale (HNL). Pour convertir l'heure locale en heure avancée de l'Est (HAE), ajoutez 1 heure s'il y a lieu."

"Légende"
"M","Données Manquantes"
"E","Valeur Estimée"
"ND","Non Disponible"
"**","Données fournies par un partenaire, non assujetties à un révision par les Archives climatiques nationales du Canada"

"Date/Heure","Année","Mois","Jour","Heure","Qualité des Données","Temp (°C)","Temp Indicateur","Point de rosée (°C)","Point de rosée Indicateur","Hum. rel (%)","Hum. rel. Indicateur","Dir. du vent (10s deg)","Dir. du vent Indicateur","Vit. du vent (km/h)","Vit. du vent Indicateur","Visibilité (km)","Visibilité Indicateur","Pression à la station (kPa)","Pression à la station Indicateur","Hmdx","Hmdx Indicateur","Refroid. éolien","Refroid. éolien Indicateur","Temps"
"1989-11-01 00:00","1989","11","01","00:00"," ","-1,10","","-5,10","","74,00","","35,00","","11,00","","24,10","","99,27","","","","-5,00","","Généralement dégagé"
"1989-11-01 01:00","1989","11","01","01:00"," ","-2,10","","-5,40","","78,00","","0,00","","0,00","","24,10","","99,27","","","","","","Généralement dégagé"
"1989-11-01 02:00","1989","11","01","02:00"," ","-2,10","","-5,80","","76,00","","35,00","","4,00","","24,10","","99,27","","","","-4,00","","Généralement dégagé"
"1989-11-01 03:00","1989","11","01","03:00"," ","-3,00","","-6,40","","77,00","","1,00","","7,00","","24,10","","99,27","","","","-6,00","","Généralement dégagé"
"1989-11-01 04:00","1989","11","01","04:00"," ","-2,50","","-6,00","","77,00","","6,00","","4,00","","24,10","","99,27","","","","-4,00","","Généralement dégagé"
"1989-11-01 05:00","1989","11","01","05:00"," ","-1,00","","-4,60","","76,00","","3,00","","4,00","","24,10","","99,27","","","","-2,00","","Généralement nuageux"
"1989-11-01 06:00","1989","11","01","06:00"," ","-0,30","","-5,00","","70,00","","36,00","","7,00","","24,10","","99,23","","","","-3,00","","Nuageux"
"1989-11-01 07:00","1989","11","01","07:00"," ","0,10","","-4,60","","70,00","","0,00","","0,00","","24,10","","99,20","","","","","","Nuageux"
"1989-11-01 08:00","1989","11","01","08:00"," ","0,50","","-3,60","","74,00","","0,00","","0,00","","24,10","","99,20","","","","","","Généralement nuageux"
"1989-11-01 09:00","1989","11","01","09:00"," ","3,00","","-2,20","","68,00","","17,00","","7,00","","19,30","","99,23","","","","","","Généralement nuageux"
"1989-11-01 10:00","1989","11","01","10:00"," ","4,20","","-2,40","","62,00","","17,00","","9,00","","19,30","","99,17","","","","","","Généralement nuageux"
"1989-11-01 11:00","1989","11","01","11:00"," ","4,80","","-2,30","","60,00","","0,00","","0,00","","16,10","","99,13","","","","","","Généralement nuageux"
"1989-11-01 12:00","1989","11","01","12:00"," ","5,70","","-2,30","","56,00","","35,00","","9,00","","16,10","","99,07","","","","","","Généralement nuageux"
"1989-11-01 13:00","1989","11","01","13:00"," ","6,10","","-2,90","","52,00","","1,00","","9,00","","16,10","","99,04","","","","","","Généralement nuageux"
"1989-11-01 14:00","1989","11","01","14:00"," ","6,90","","-2,10","","53,00","","1,00","","6,00","","16,10","","98,97","","","","","","Généralement nuageux"
"1989-11-01 15:00","1989","11","01","15:00"," ","7,00","","-2,10","","52,00","","32,00","","6,00","","16,10","","98,94","","","","","","Généralement nuageux"
"1989-11-01 16:00","1989","11","01","16:00"," ","5,00","","-2,30","","59,00","","28,00","","6,00","","19,30","","98,94","","","","","","Généralement nuageux"
"1989-11-01 17:00","1989","11","01","17:00"," ","2,30","","-2,70","","69,00","","0,00","","0,00","","19,30","","98,90","","","","","","Généralement nuageux"
"1989-11-01 18:00","1989","11","01","18:00"," ","1,60","","-3,20","","70,00","","0,00","","0,00","","19,30","","98,90","","","","","","Généralement nuageux"
"1989-11-01 19:00","1989","11","01","19:00"," ","-0,40","","-4,20","","75,00","","0,00","","0,00","","19,30","","98,94","","","","","","Généralement dégagé"
"1989-11-01 20:00","1989","11","01","20:00"," ","-1,10","","-4,60","","77,00","","0,00","","0,00","","19,30","","98,94","","","","","","Généralement dégagé"
"1989-11-01 21:00","1989","11","01","21:00"," ","0,00","","-4,10","","74,00","","0,00","","0,00","","19,30","","98,94","","","","","","Généralement dégagé"
"1989-11-01 22:00","1989","11","01","22:00"," ","-1,10","","-4,60","","77,00","","0,00","","0,00","","19,30","","98,94","","","","","","Généralement dégagé"
"1989-11-01 23:00","1989","11","01","23:00"," ","-2,20","","-5,70","","77,00","","0,00","","0,00","","19,30","","98,94","","","","","","Généralement dégagé"
"1989-11-02 00:00","1989","11","02","00:00"," ","-1,90","","-5,00","","79,00","","0,00","","0,00","","16,10","","98,90","","","","","","Généralement nuageux"
"1989-11-02 01:00","1989","11","02","01:00"," ","-1,50","","-4,30","","81,00","","0,00","","0,00","","16,10","","98,84","","","","","","Généralement nuageux"
"1989-11-02 02:00","1989","11","02","02:00"," ","-2,10","","-5,60","","77,00","","0,00","","0,00","","19,30","","98,81","","","","","","Généralement dégagé"
"1989-11-02 03:00","1989","11","02","03:00"," ","-3,00","","-6,40","","77,00","","0,00","","0,00","","24,10","","98,77","","","","","","Généralement dégagé"
"1989-11-02 04:00","1989","11","02","04:00"," ","-2,80","","-5,80","","80,00","","0,00","","0,00","","24,10","","98,74","","","","","","Dégagé"
"1989-11-02 05:00","1989","11","02","05:00"," ","-2,20","","-5,20","","80,00","","4,00","","4,00","","19,30","","98,64","","","","-4,00","","Généralement dégagé"
"1989-11-02 06:00","1989","11","02","06:00"," ","-2,00","","-5,20","","78,00","","35,00","","6,00","","24,10","","98,61","","","","-4,00","","Généralement nuageux"
"1989-11-02 07:00","1989","11","02","07:00"," ","-0,20","","-3,70","","77,00","","3,00","","4,00","","24,10","","98,58","","","","-1,00","","Généralement nuageux"
"1989-11-02 08:00","1989","11","02","08:00"," ","0,40","","-3,30","","76,00","","0,00","","0,00","","24,10","","98,58","","","","","","Nuageux"
"1989-11-02 09:00","1989","11","02","09:00"," ","4,00","","-3,20","","59,00","","17,00","","17,00","","25,00","","98,51","","","","","","Nuageux"
"1989-11-02 10:00","1989","11","02","10:00"," ","4,40","","-1,90","","64,00","","17,00","","19,00","","24,10","","98,54","","","","","","Nuageux"
"1989-11-02 11:00","1989","11","02","11:00"," ","5,20","","-2,10","","59,00","","18,00","","22,00","","24,10","","98,48","","","","","","Nuageux"
"1989-11-02 12:00","1989","11","02","12:00"," ","5,00","","-1,80","","61,00","","18,00","","22,00","","24,10","","98,35","","","","","","Nuageux"
"1989-11-02 13:00","1989","11","02","13:00"," ","5,20","","-1,50","","62,00","","19,00","","33,00","","24,10","","98,22","","","","","","Nuageux"
"1989-11-02 14:00","1989","11","02","14:00"," ","5,80","","-1,10","","61,00","","18,00","","26,00","","24,10","","98,25","","","","","","Nuageux"
"1989-11-02 15:00","1989","11","02","15:00"," ","5,00","","-0,40","","68,00","","18,00","","26,00","","16,10","","98,28","","","","","","Averses de pluie"
"1989-11-02 16:00","1989","11","02","16:00"," ","4,80","","-0,40","","69,00","","17,00","","22,00","","24,10","","98,25","","","","","","Averses de pluie"
"1989-11-02 17:00","1989","11","02","17:00"," ","5,00","","-0,60","","67,00","","16,00","","19,00","","24,10","","98,25","","","","","","Nuageux"
"1989-11-02 18:00","1989","11","02","18:00"," ","5,20","","-0,70","","65,00","","18,00","","28,00","","19,30","","98,12","","","","","","Généralement nuageux"
"1989-11-02 19:00","1989","11","02","19:00"," ","5,20","","-0,70","","65,00","","18,00","","20,00","","16,10","","98,12","","","","","","Généralement nuageux"
"1989-11-02 20:00","1989","11","02","20:00"," ","4,90","","-0,80","","67,00","","18,00","","11,00","","16,10","","98,18","","","","","","Nuageux"
"1989-11-02 21:00","1989","11","02","21:00"," ","4,40","","-0,60","","70,00","","17,00","","24,00","","16,10","","98,12","","","","","","Pluie"
"1989-11-02 22:00","1989","11","02","22:00"," ","4,40","","-0,70","","69,00","","17,00","","15,00","","16,10","","98,15","","","","","","Pluie"
"1989-11-02 23:00","1989","11","02","23:00"," ","4,10","","-0,20","","73,00","","18,00","","26,00","","16,10","","98,09","","","","","","Pluie"
"1989-11-03 00:00","1989","11","03","00:00"," ","3,80","","-0,40","","74,00","","18,00","","26,00","","16,10","","98,05","","","","","","Pluie"
"1989-11-03 01:00","1989","11","03","01:00"," ","4,20","","0,10","","75,00","","18,00","","19,00","","16,10","","98,02","","","","","","Pluie"
"1989-11-03 02:00","1989","11","03","02:00"," ","4,50","","0,20","","74,00","","17,00","","15,00","","16,10","","97,95","","","","","","Pluie"
"1989-11-03 03:00","1989","11","03","03:00"," ","4,00","","0,30","","77,00","","16,00","","20,00","","12,90","","97,92","","","","","","Pluie"
"1989-11-03 04:00","1989","11","03","04:00"," ","4,20","","0,10","","75,00","","18,00","","24,00","","12,90","","97,92","","","","","","Pluie"
"1989-11-03 05:00","1989","11","03","05:00"," ","4,20","","0,20","","75,00","","17,00","","28,00","","16,10","","97,86","","","","","","Pluie"
"1989-11-03 06:00","1989","11","03","06:00"," ","4,10","","0,00","","75,00","","18,00","","28,00","","16,10","","97,79","","","","","","Nuageux"
"1989-11-03 07:00","1989","11","03","07:00"," ","4,10","","0,30","","76,00","","18,00","","30,00","","16,10","","97,82","","","","","","Pluie"
"1989-11-03 08:00","1989","11","03","08:00"," ","4,40","","-0,20","","72,00","","19,00","","30,00","","12,90","","97,76","","","","","","Pluie"
"1989-11-03 09:00","1989","11","03","09:00"," ","4,80","","0,00","","71,00","","18,00","","37,00","","16,10","","97,66","","","","","","Pluie"
"1989-11-03 10:00","1989","11","03","10:00"," ","4,40","","0,40","","75,00","","18,00","","26,00","","4,80","","97,66","","","","","","Pluie,Brouillard"
"1989-11-03 11:00","1989","11","03","11:00"," ","4,60","","0,60","","75,00","","18,00","","22,00","","12,90","","97,59","","","","","","Averses de pluie"
"1989-11-03 12:00","1989","11","03","12:00"," ","5,00","","0,70","","74,00","","18,00","","31,00","","12,90","","97,53","","","","","","Averses de pluie"
"1989-11-03 13:00","1989","11","03","13:00"," ","5,60","","0,80","","71,00","","18,00","","31,00","","16,10","","97,36","","","","","","Nuageux"
"1989-11-03 14:00","1989","11","03","14:00"," ","5,60","","0,60","","70,00","","19,00","","41,00","","16,10","","97,27","","","","","","Nuageux"
"1989-11-03 15:00","1989","11","03","15:00"," ","5,80","","0,80","","70,00","","18,00","","33,00","","16,10","","97,20","","","","","","Nuageux"
"1989-11-03 16:00","1989","11","03","16:00"," ","6,00","","1,10","","71,00","","18,00","","22,00","","16,10","","97,10","","","","","","Généralement nuageux"
"1989-11-03 17:00","1989","11","03","17:00"," ","6,50","","0,90","","67,00","","18,00","","28,00","","16,10","","97,00","","","","","","Généralement nuageux"
"1989-11-03 18:00","1989","11","03","18:00"," ","6,90","","1,20","","67,00","","18,00","","20,00","","16,10","","96,94","","","","","","Nuageux"
"1989-11-03 19:00","1989","11","03","19:00"," ","7,10","","1,30","","66,00","","19,00","","30,00","","24,10","","96,84","","","","","","Nuageux"
"1989-11-03 20:00","1989","11","03","20:00"," ","7,40","","1,70","","67,00","","19,00","","30,00","","24,10","","96,74","","","","","","Nuageux"
"1989-11-03 21:00","1989","11","03","21:00"," ","7,40","","1,50","","66,00","","20,00","","31,00","","19,30","","96,64","","","","","","Nuageux"
"1989-11-03 22:00","1989","11","03","22:00"," ","7,60","","2,30","","69,00","","18,00","","30,00","","19,30","","96,54","","","","","","Nuageux"
"1989-11-03 23:00","1989","11","03","23:00"," ","7,30","","2,30","","71,00","","18,00","","26,00","","19,30","","96,45","","","","","","Nuageux"
"1989-11-04 00:00","1989","11","04","00:00"," ","7,50","","2,40","","70,00","","19,00","","22,00","","19,30","","96,45","","","","","","Nuageux"
"1989-11-04 01:00","1989","11","04","01:00"," ","8,30","","2,40","","66,00","","19,00","","24,00","","19,30","","96,35","","","","","","Pluie"
"1989-11-04 02:00","1989","11","04","02:00"," ","7,80","","2,80","","71,00","","18,00","","19,00","","19,30","","96,32","","","","","","Nuageux"
"1989-11-04 03:00","1989","11","04","03:00"," ","6,70","","2,60","","75,00","","12,00","","11,00","","19,30","","96,28","","","","","","Nuageux"
"1989-11-04 04:00","1989","11","04","04:00"," ","7,00","","3,10","","76,00","","33,00","","15,00","","12,90","","96,54","","","","","","Averses de pluie modérées"
"1989-11-04 05:00","1989","11","04","05:00"," ","6,60","","3,50","","80,00","","2,00","","2,00","","19,30","","96,61","","","","","","Nuageux"
"1989-11-04 06:00","1989","11","04","06:00"," ","6,50","","2,00","","73,00","","34,00","","4,00","","19,30","","96,64","","","","","","Généralement dégagé"
"1989-11-04 07:00","1989","11","04","07:00"," ","4,40","","1,90","","84,00","","32,00","","4,00","","25,00","","96,74","","","","","","Généralement nuageux"
"1989-11-04 08:00","1989","11","04","08:00"," ","6,70","","3,80","","81,00","","24,00","","4,00","","25,00","","96,84","","","","","","Généralement nuageux"
"1989-11-04 09:00","1989","11","04","09:00"," ","7,50","","3,90","","78,00","","16,00","","7,00","","25,00","","96,94","","","","","","Généralement nuageux"
"1989-11-04 10:00","1989","11","04","10:00"," ","8,90","","4,30","","73,00","","19,00","","6,00","","25,00","","97,04","","","","","","Averses de pluie"
"1989-11-04 11:00","1989","11","04","11:00"," ","9,40","","4,50","","71,00","","19,00","","9,00","","25,00","","97,10","","","","","","Généralement nuageux"
"1989-11-04 12:00","1989","11","04","12:00"," ","10,00","","4,60","","69,00","","17,00","","22,00","","25,00","","97,10","","","","","","Généralement nuageux"
"1989-11-04 13:00","1989","11","04","13:00"," ","10,20","","4,10","","66,00","","18,00","","19,00","","25,00","","97,10","","","","","","Généralement nuageux"
"1989-11-04 14:00","1989","11","04","14:00"," ","10,00","","4,10","","67,00","","18,00","","9,00","","25,00","","97,10","","","","","","Généralement nuageux"
"1989-11-04 15:00","1989","11","04","15:00"," ","10,00","","4,50","","69,00","","36,00","","4,00","","25,00","","97,17","","","","","","Généralement nuageux"
"1989-11-04 16:00","1989","11","04","16:00"," ","10,10","","4,90","","70,00","","35,00","","7,00","","25,00","","97,23","","","","","","Généralement nuageux"
"1989-11-04 17:00","1989","11","04","17:00"," ","8,40","","1,40","","61,00","","0,00","","0,00","","25,00","","97,23","","","","","","Généralement nuageux"
"1989-11-04 18:00","1989","11","04","18:00"," ","6,60","","1,40","","69,00","","32,00","","4,00","","25,00","","97,23","","","","","","Généralement nuageux"
"1989-11-04 19:00","1989","11","04","19:00"," ","5,90","","1,50","","73,00","","0,00","","0,00","","25,00","","97,27","","","","","","Généralement nuageux"
"1989-11-04 20:00","1989","11","04","20:00"," ","5,10","","1,40","","77,00","","0,00","","0,00","","25,00","","97,27","","","","","","Généralement nuageux"
"1989-11-04 21:00","1989","11","04","21:00"," ","4,50","","1,00","","78,00","","33,00","","4,00","","25,00","","97,27","","","","","","Généralement nuageux"
"1989-11-04 22:00","1989","11","04","22:00"," ","4,20","","0,70","","78,00","","0,00","","0,00","","25,00","","97,27","","","","","","Généralement nuageux"
"1989-11-04 23:00","1989","11","04","23:00"," ","3,50","","0,00","","78,00","","0,00","","0,00","","24,10","","97,27","","","","","","Généralement nuageux"
"1989-11-05 00:00","1989","11","05","00:00"," ","3,20","","0,00","","79,00","","0,00","","0,00","","24,10","","97,27","","","","","","Généralement nuageux"
"1989-11-05 01:00","1989","11","05","01:00"," ","3,80","","0,40","","78,00","","0,00","","0,00","","25,00","","97,27","","","","","","Généralement nuageux"
"1989-11-05 02:00","1989","11","05","02:00"," ","3,20","","0,40","","82,00","","0,00","","0,00","","25,00","","97,23","","","","","","Généralement nuageux"
"1989-11-05 03:00","1989","11","05","03:00"," ","4,10","","0,70","","79,00","","0,00","","0,00","","25,00","","97,23","","","","","","Généralement nuageux"
"1989-11-05 04:00","1989","11","05","04:00"," ","4,00","","1,00","","81,00","","24,00","","6,00","","25,00","","97,20","","","","","","Nuageux"
"1989-11-05 05:00","1989","11","05","05:00"," ","5,40","","1,80","","77,00","","0,00","","0,00","","24,10","","97,20","","","","","","Pluie"
"1989-11-05 06:00","1989","11","05","06:00"," ","4,60","","1,50","","80,00","","0,00","","0,00","","25,00","","97,20","","","","","","Généralement nuageux"
"1989-11-05 07:00","1989","11","05","07:00"," ","3,80","","0,30","","78,00","","27,00","","2,00","","25,00","","97,20","","","","","","Nuageux"
"1989-11-05 08:00","1989","11","05","08:00"," ","5,50","","1,20","","74,00","","16,00","","6,00","","25,00","","97,23","","","","","","Généralement nuageux"
"1989-11-05 09:00","1989","11","05","09:00"," ","6,80","","2,50","","74,00","","17,00","","9,00","","25,00","","97,23","","","","","","Généralement nuageux"
"1989-11-05 10:00","1989","11","05","10:00"," ","7,00","","2,00","","70,00","","17,00","","15,00","","25,00","","97,27","","","","","","Généralement nuageux"
"1989-11-05 11:00","1989","11","05","11:00"," ","7,30","","2,00","","69,00","","14,00","","19,00","","25,00","","97,27","","","","","","Généralement nuageux"
"1989-11-05 12:00","1989","11","05","12:00"," ","8,70","","1,80","","62,00","","17,00","","17,00","","25,00","","97,20","","","","","","Généralement nuageux"
"1989-11-05 13:00","1989","11","05","13:00"," ","9,00","","2,30","","63,00","","17,00","","13,00","","25,00","","97,20","","","","","","Généralement nuageux"
"1989-11-05 14:00","1989","11","05","14:00"," ","9,00","","2,00","","61,00","","17,00","","17,00","","25,00","","97,13","","","","","","Généralement nuageux"
"1989-11-05 15:00","1989","11","05","15:00"," ","9,40","","1,80","","59,00","","19,00","","19,00","","25,00","","97,10","","","","","","Généralement nuageux"
"1989-11-05 16:00","1989","11","05","16:00"," ","9,00","","1,80","","61,00","","17,00","","11,00","","25,00","","97,10","","","","","","Généralement nuageux"
"1989-11-05 17:00","1989","11","05","17:00"," ","8,80","","1,10","","59,00","","20,00","","17,00","","25,00","","97,07","","","","","","Généralement nuageux"
"1989-11-05 18:00","1989","11","05","18:00"," ","8,00","","2,20","","67,00","","17,00","","15,00","","25,00","","97,07","","","","","","Généralement nuageux"
"1989-11-05 19:00","1989","11","05","19:00"," ","7,40","","1,70","","67,00","","16,00","","11,00","","25,00","","97,10","","","","","","Généralement nuageux"
"1989-11-05 20:00","1989","11","05","20:00"," ","6,70","","1,20","","68,00","","17,00","","13,00","","25,00","","97,07","","","","","","Généralement nuageux"
"1989-11-05 21:00","1989","11","05","21:00"," ","7,40","","1,40","","66,00","","17,00","","17,00","","25,00","","97,00","","","","","","Généralement dégagé"
"1989-11-05 22:00","1989","11","05","22:00"," ","7,40","","1,00","","64,00","","16,00","","15,00","","25,00","","96,94","","","","","","Généralement nuageux"
"1989-11-05 23:00","1989","11","05","23:00"," ","7,60","","0,60","","61,00","","18,00","","28,00","","25,00","","96,94","","","","","","Généralement nuageux"
"1989-11-06 00:00","1989","11","06","00:00"," ","7,20","","1,00","","65,00","","18,00","","22,00","","25,00","","96,94","","","","","","Nuageux"
"1989-11-06 01:00","1989","11","06","01:00"," ","7,60","","0,20","","59,00","","18,00","","17,00","","25,00","","96,91","","","","","","Nuageux"
"1989-11-06 02:00","1989","11","06","02:00"," ","7,70","","-0,20","","57,00","","18,00","","20,00","","25,00","","96,91","","","","","","Nuageux"
"1989-11-06 03:00","1989","11","06","03:00"," ","7,40","","0,00","","59,00","","18,00","","22,00","","25,00","","96,84","","","","","","Nuageux"
"1989-11-06 04:00","1989","11","06","04:00"," ","7,40","","-0,30","","58,00","","18,00","","22,00","","25,00","","96,84","","","","","","Nuageux"
"1989-11-06 05:00","1989","11","06","05:00"," ","7,40","","-0,40","","58,00","","18,00","","19,00","","25,00","","96,81","","","","","","Nuageux"
"1989-11-06 06:00","1989","11","06","06:00"," ","7,60","","-0,40","","57,00","","18,00","","20,00","","25,00","","96,74","","","","","","Nuageux"
"1989-11-06 07:00","1989","11","06","07:00"," ","7,60","","0,00","","58,00","","17,00","","20,00","","25,00","","96,74","","","","","","Nuageux"
"1989-11-06 08:00","1989","11","06","08:00"," ","7,60","","0,30","","60,00","","17,00","","19,00","","25,00","","96,74","","","","","","Nuageux"
"1989-11-06 09:00","1989","11","06","09:00"," ","8,70","","0,30","","55,00","","18,00","","22,00","","25,00","","96,64","","","","","","Nuageux"
"1989-11-06 10:00","1989","11","06","10:00"," ","9,20","","0,40","","54,00","","18,00","","30,00","","25,00","","96,54","","","","","","Généralement nuageux"
"1989-11-06 11:00","1989","11","06","11:00"," ","9,90","","0,70","","53,00","","19,00","","33,00","","25,00","","96,41","","","","","","Nuageux"
"1989-11-06 12:00","1989","11","06","12:00"," ","10,30","","1,20","","53,00","","18,00","","41,00","","25,00","","96,32","","","","","","Nuageux"
"1989-11-06 13:00","1989","11","06","13:00"," ","11,00","","1,80","","53,00","","18,00","","33,00","","25,00","","96,18","","","","","","Nuageux"
"1989-11-06 14:00","1989","11","06","14:00"," ","11,30","","2,30","","54,00","","18,00","","33,00","","25,00","","96,09","","","","","","Pluie"
"1989-11-06 15:00","1989","11","06","15:00"," ","12,20","","1,60","","48,00","","18,00","","31,00","","25,00","","95,95","","","","","","Généralement nuageux"
"1989-11-06 16:00","1989","11","06","16:00"," ","12,30","","1,40","","47,00","","18,00","","33,00","","25,00","","95,79","","","","","","Généralement nuageux"
"1989-11-06 17:00","1989","11","06","17:00"," ","11,40","","1,70","","51,00","","19,00","","28,00","","25,00","","95,86","","","","","","Généralement nuageux"
"1989-11-06 18:00","1989","11","06","18:00"," ","11,10","","1,50","","52,00","","19,00","","22,00","","25,00","","95,82","","","","","","Généralement nuageux"
"1989-11-06 19:00","1989","11","06","19:00"," ","10,40","","1,00","","52,00","","19,00","","22,00","","25,00","","95,86","","","","","","Généralement dégagé"
"1989-11-06 20:00","1989","11","06","20:00"," ","9,80","","1,00","","54,00","","0,00","","0,00","","25,00","","95,92","","","","","","Généralement nuageux"
"1989-11-06 21:00","1989","11","06","21:00"," ","9,60","","-1,00","","47,00","","19,00","","13,00","","25,00","","95,99","","","","","","Généralement nuageux"
"1989-11-06 22:00","1989","11","06","22:00"," ","6,80","","1,40","","68,00","","18,00","","7,00","","24,10","","96,12","","","","","","Nuageux"
"1989-11-06 23:00","1989","11","06","23:00"," ","5,70","","0,30","","68,00","","35,00","","19,00","","19,30","","96,32","","","","","","Averses de pluie"
"1989-11-07 00:00","1989","11","07","00:00"," ","4,40","","1,00","","79,00","","0,00","","0,00","","25,00","","96,35","","","","","","Généralement nuageux"
"1989-11-07 01:00","1989","11","07","01:00"," ","4,60","","0,00","","72,00","","1,00","","7,00","","25,00","","96,45","","","","","","Généralement nuageux"
"1989-11-07 02:00","1989","11","07","02:00"," ","7,00","","-3,60","","47,00","","18,00","","7,00","","25,00","","96,51","","","","","","Généralement nuageux"
"1989-11-07 03:00","1989","11","07","03:00"," ","6,40","","-4,50","","46,00","","6,00","","15,00","","25,00","","96,58","","","","","","Généralement dégagé"
"1989-11-07 04:00","1989","11","07","04:00"," ","7,80","","-6,90","","34,00","","27,00","","19,00","","25,00","","96,71","","","","","","Généralement dégagé"
"1989-11-07 05:00","1989","11","07","05:00"," ","7,80","","-6,90","","34,00","","27,00","","41,00","","25,00","","96,74","","","","","","Généralement dégagé"
"1989-11-07 06:00","1989","11","07","06:00"," ","7,90","","-7,20","","33,00","","27,00","","35,00","","25,00","","96,91","","","","","","Généralement dégagé"
"1989-11-07 07:00","1989","11","07","07:00"," ","7,60","","-6,80","","35,00","","27,00","","22,00","","25,00","","97,00","","","","","","Généralement dégagé"
"1989-11-07 08:00","1989","11","07","08:00"," ","7,60","","-6,30","","37,00","","10,00","","9,00","","25,00","","97,10","","","","","","Généralement nuageux"
"1989-11-07 09:00","1989","11","07","09:00"," ","8,10","","-5,30","","38,00","","12,00","","11,00","","25,00","","97,20","","","","","","Généralement nuageux"
"1989-11-07 10:00","1989","11","07","10:00"," ","9,10","","-5,10","","36,00","","6,00","","17,00","","25,00","","97,27","","","","","","Généralement nuageux"
"1989-11-07 11:00","1989","11","07","11:00"," ","10,70","","-5,10","","32,00","","8,00","","7,00","","25,00","","97,27","","","","","","Généralement nuageux"
"1989-11-07 12:00","1989","11","07","12:00"," ","10,80","","-5,90","","30,00","","23,00","","15,00","","25,00","","97,27","","","","","","Généralement nuageux"
"1989-11-07 13:00","1989","11","07","13:00"," ","10,70","","-5,10","","32,00","","21,00","","17,00","","25,00","","97,27","","","","","","Généralement nuageux"
"1989-11-07 14:00","1989","11","07","14:00"," ","10,10","","-4,70","","35,00","","22,00","","22,00","","25,00","","97,30","","","","","","Généralement nuageux"
"1989-11-07 15:00","1989","11","07","15:00"," ","10,90","","-4,90","","33,00","","26,00","","30,00","","25,00","","97,33","","","","","","Généralement nuageux"
"1989-11-07 16:00","1989","11","07","16:00"," ","9,90","","-4,30","","37,00","","17,00","","17,00","","25,00","","97,36","","","","","","Généralement nuageux"
"1989-11-07 17:00","1989","11","07","17:00"," ","9,20","","-4,50","","38,00","","21,00","","13,00","","25,00","","97,36","","","","","","Généralement nuageux"
"1989-11-07 18:00","1989","11","07","18:00"," ","9,40","","-4,30","","38,00","","25,00","","7,00","","25,00","","97,40","","","","","","Généralement nuageux"
"1989-11-07 19:00","1989","11","07","19:00"," ","8,70","","-2,70","","44,00","","19,00","","13,00","","25,00","","97,40","","","","","","Nuageux"
"1989-11-07 20:00","1989","11","07","20:00"," ","7,80","","-2,20","","49,00","","19,00","","2,00","","25,00","","97,40","","","","","","Nuageux"
"1989-11-07 21:00","1989","11","07","21:00"," ","7,60","","-1,40","","53,00","","17,00","","6,00","","25,00","","97,43","","","","","","Nuageux"
"1989-11-07 22:00","1989","11","07","22:00"," ","8,80","","-2,90","","44,00","","19,00","","20,00","","25,00","","97,43","","","","","","Nuageux"
"1989-11-07 23:00","1989","11","07","23:00"," ","8,60","","-3,00","","44,00","","18,00","","15,00","","25,00","","97,40","","","","","","Nuageux"
"1989-11-08 00:00","1989","11","08","00:00"," ","8,50","","-2,20","","47,00","","17,00","","19,00","","25,00","","97,33","","","","","","Nuageux"
"1989-11-08 01:00","1989","11","08","01:00"," ","8,70","","-2,90","","44,00","","17,00","","24,00","","25,00","","97,27","","","","","","Généralement nuageux"
"1989-11-08 02:00","1989","11","08","02:00"," ","8,60","","-3,00","","44,00","","17,00","","26,00","","25,00","","97,23","","","","","","Généralement nuageux"
"1989-11-08 03:00","1989","11","08","03:00"," ","8,30","","-2,50","","46,00","","19,00","","30,00","","25,00","","97,17","","","","","","Nuageux"
"1989-11-08 04:00","1989","11","08","04:00"," ","8,20","","-1,90","","49,00","","19,00","","30,00","","25,00","","97,07","","","","","","Nuageux"
"1989-11-08 05:00","1989","11","08","05:00"," ","8,20","","-1,80","","49,00","","19,00","","31,00","","25,00","","96,97","","","","","","Nuageux"
"1989-11-08 06:00","1989","11","08","06:00"," ","8,40","","-1,40","","50,00","","19,00","","28,00","","25,00","","96,94","","","","","","Nuageux"
"1989-11-08 07:00","1989","11","08","07:00"," ","8,60","","-1,50","","49,00","","19,00","","26,00","","25,00","","96,91","","","","","","Nuageux"
"1989-11-08 08:00","1989","11","08","08:00"," ","8,70","","-1,00","","50,00","","19,00","","33,00","","25,00","","96,84","","","","","","Nuageux"
"1989-11-08 09:00","1989","11","08","09:00"," ","9,10","","-0,40","","51,00","","19,00","","39,00","","25,00","","96,77","","","","","","Nuageux"
"1989-11-08 10:00","1989","11","08","10:00"," ","9,60","","-0,50","","49,00","","19,00","","41,00","","25,00","","96,74","","","","","","Nuageux"
"1989-11-08 11:00","1989","11","08","11:00"," ","9,60","","-0,20","","50,00","","19,00","","39,00","","25,00","","96,71","","","","","","Généralement nuageux"
"1989-11-08 12:00","1989","11","08","12:00"," ","10,20","","0,80","","52,00","","19,00","","41,00","","25,00","","96,64","","","","","","Généralement nuageux"
"1989-11-08 13:00","1989","11","08","13:00"," ","10,80","","1,10","","51,00","","19,00","","37,00","","25,00","","96,64","","","","","","Nuageux"
"1989-11-08 14:00","1989","11","08","14:00"," ","11,80","","1,90","","51,00","","19,00","","30,00","","25,00","","96,58","","","","","","Nuageux"
"1989-11-08 15:00","1989","11","08","15:00"," ","12,70","","2,30","","49,00","","18,00","","31,00","","25,00","","96,58","","","","","","Nuageux"
"1989-11-08 16:00","1989","11","08","16:00"," ","12,40","","2,80","","52,00","","18,00","","24,00","","25,00","","96,64","","","","","","Nuageux"
"1989-11-08 17:00","1989","11","08","17:00"," ","12,60","","3,20","","53,00","","17,00","","19,00","","25,00","","96,71","","","","","","Nuageux"
"1989-11-08 18:00","1989","11","08","18:00"," ","12,50","","3,40","","54,00","","19,00","","19,00","","25,00","","96,74","","","","","","Nuageux"
"1989-11-08 19:00","1989","11","08","19:00"," ","11,60","","4,00","","60,00","","17,00","","17,00","","25,00","","96,77","","","","","","Nuageux"
"1989-11-08 20:00","1989","11","08","20:00"," ","11,60","","3,50","","57,00","","17,00","","13,00","","25,00","","96,81","","","","","","Nuageux"
"1989-11-08 21:00","1989","11","08","21:00"," ","12,00","","3,70","","57,00","","18,00","","22,00","","25,00","","96,84","","","","","","Nuageux"
"1989-11-08 22:00","1989","11","08","22:00"," ","12,10","","3,50","","56,00","","18,00","","26,00","","25,00","","96,91","","","","","","Nuageux"
"1989-11-08 23:00","1989","11","08","23:00"," ","11,60","","3,50","","57,00","","17,00","","20,00","","25,00","","96,91","","","","","","Nuageux"
"1989-11-09 00:00","1989","11","09","00:00"," ","10,90","","4,10","","63,00","","17,00","","26,00","","25,00","","96,87","","","","","","Nuageux"
"1989-11-09 01:00","1989","11","09","01:00"," ","10,80","","4,10","","63,00","","17,00","","28,00","","25,00","","96,87","","","","","","Nuageux"
"1989-11-09 02:00","1989","11","09","02:00"," ","10,70","","4,10","","64,00","","17,00","","26,00","","25,00","","96,87","","","","","","Nuageux"
"1989-11-09 03:00","1989","11","09","03:00"," ","10,80","","4,40","","65,00","","17,00","","30,00","","25,00","","96,81","","","","","","Nuageux"
"1989-11-09 04:00","1989","11","09","04:00"," ","11,10","","4,40","","63,00","","17,00","","30,00","","25,00","","96,81","","","","","","Nuageux"
"1989-11-09 05:00","1989","11","09","05:00"," ","11,50","","3,60","","58,00","","17,00","","31,00","","25,00","","96,74","","","","","","Généralement dégagé"
"1989-11-09 06:00","1989","11","09","06:00"," ","11,80","","5,00","","63,00","","17,00","","33,00","","25,00","","96,77","","","","","","Nuageux"
"1989-11-09 07:00","1989","11","09","07:00"," ","11,80","","5,00","","63,00","","17,00","","30,00","","25,00","","96,74","","","","","","Généralement nuageux"
"1989-11-09 08:00","1989","11","09","08:00"," ","12,10","","5,30","","63,00","","16,00","","28,00","","25,00","","96,87","","","","","","Nuageux"
"1989-11-09 09:00","1989","11","09","09:00"," ","12,80","","5,90","","63,00","","17,00","","33,00","","25,00","","96,81","","","","","","Nuageux"
"1989-11-09 10:00","1989","11","09","10:00"," ","13,40","","6,80","","64,00","","16,00","","17,00","","25,00","","96,87","","","","","","Généralement nuageux"
"1989-11-09 11:00","1989","11","09","11:00"," ","14,60","","6,80","","59,00","","18,00","","24,00","","25,00","","96,84","","","","","","Généralement nuageux"
"1989-11-09 12:00","1989","11","09","12:00"," ","15,80","","6,90","","56,00","","16,00","","22,00","","25,00","","96,84","","","","","","Généralement nuageux"
"1989-11-09 13:00","1989","11","09","13:00"," ","15,80","","7,00","","56,00","","17,00","","19,00","","25,00","","96,77","","","","","","Généralement nuageux"
"1989-11-09 14:00","1989","11","09","14:00"," ","16,20","","6,90","","54,00","","15,00","","19,00","","25,00","","96,81","","","","","","Généralement nuageux"
"1989-11-09 15:00","1989","11","09","15:00"," ","17,50","","7,00","","50,00","","12,00","","11,00","","25,00","","96,84","","","","","","Généralement nuageux"
"1989-11-09 16:00","1989","11","09","16:00"," ","16,00","","6,90","","55,00","","16,00","","13,00","","25,00","","96,81","","","","","","Généralement nuageux"
"1989-11-09 17:00","1989","11","09","17:00"," ","14,00","","6,40","","60,00","","0,00","","0,00","","25,00","","96,81","","","","","","Généralement nuageux"
"1989-11-09 18:00","1989","11","09","18:00"," ","15,00","","6,50","","57,00","","16,00","","15,00","","25,00","","96,74","","","","","","Nuageux"
"1989-11-09 19:00","1989","11","09","19:00"," ","13,50","","6,40","","62,00","","17,00","","22,00","","25,00","","96,68","","","","","","Généralement dégagé"
"1989-11-09 20:00","1989","11","09","20:00"," ","16,00","","5,60","","50,00","","18,00","","19,00","","25,00","","96,71","","","","","","Généralement nuageux"
"1989-11-09 21:00","1989","11","09","21:00"," ","17,10","","4,50","","43,00","","19,00","","28,00","","25,00","","96,68","","","","","","Généralement nuageux"
"1989-11-09 22:00","1989","11","09","22:00"," ","16,20","","3,90","","44,00","","18,00","","26,00","","25,00","","96,71","","","","","","Généralement nuageux"
"1989-11-09 23:00","1989","11","09","23:00"," ","15,40","","4,00","","47,00","","18,00","","20,00","","25,00","","96,74","","","","","","Généralement nuageux"
"1989-11-10 00:00","1989","11","10","00:00"," ","15,30","","4,60","","49,00","","18,00","","19,00","","25,00","","96,77","","","","","","Généralement nuageux"
"1989-11-10 01:00","1989","11","10","01:00"," ","15,40","","4,70","","49,00","","21,00","","19,00","","25,00","","96,81","","","","","","Généralement nuageux"
"1989-11-10 02:00","1989","11","10","02:00"," ","15,20","","5,00","","50,00","","17,00","","9,00","","25,00","","96,87","","","","","","Généralement nuageux"
"1989-11-10 03:00","1989","11","10","03:00"," ","14,20","","4,90","","53,00","","9,00","","7,00","","25,00","","96,84","","","","","","Généralement nuageux"
"1989-11-10 04:00","1989","11","10","04:00"," ","13,40","","5,10","","57,00","","27,00","","15,00","","25,00","","96,94","","","","","","Généralement nuageux"
"1989-11-10 05:00","1989","11","10","05:00"," ","14,90","","3,20","","46,00","","18,00","","7,00","","25,00","","96,91","","","","","","Généralement nuageux"
"1989-11-10 06:00","1989","11","10","06:00"," ","15,50","","2,90","","43,00","","20,00","","19,00","","25,00","","96,94","","","","","","Généralement nuageux"
"1989-11-10 07:00","1989","11","10","07:00"," ","15,80","","2,70","","41,00","","16,00","","4,00","","25,00","","96,94","","","","","","Généralement nuageux"
"1989-11-10 08:00","1989","11","10","08:00"," ","15,00","","3,10","","45,00","","35,00","","4,00","","25,00","","96,94","","","","","","Généralement nuageux"
"1989-11-10 09:00","1989","11","10","09:00"," ","16,00","","4,10","","45,00","","0,00","","0,00","","25,00","","96,97","","","","","","Généralement nuageux"
"1989-11-10 10:00","1989","11","10","10:00"," ","15,20","","3,90","","47,00","","16,00","","4,00","","25,00","","97,00","","","","","","Averses de pluie"
"1989-11-10 11:00","1989","11","10","11:00"," ","13,60","","5,30","","57,00","","19,00","","7,00","","25,00","","97,07","","","","","","Généralement nuageux"
"1989-11-10 12:00","1989","11","10","12:00"," ","14,60","","5,50","","54,00","","22,00","","15,00","","25,00","","96,97","","","","","","Généralement nuageux"
"1989-11-10 13:00","1989","11","10","13:00"," ","16,00","","3,60","","44,00","","24,00","","7,00","","25,00","","96,94","","","","","","Généralement nuageux"
"1989-11-10 14:00","1989","11","10","14:00"," ","15,50","","4,10","","47,00","","6,00","","9,00","","25,00","","96,91","","","","","","Généralement nuageux"
"1989-11-10 15:00","1989","11","10","15:00"," ","14,60","","4,40","","50,00","","30,00","","13,00","","25,00","","96,91","","","","","","Nuageux"
"1989-11-10 16:00","1989","11","10","16:00"," ","13,60","","3,30","","50,00","","36,00","","6,00","","25,00","","97,00","","","","","","Généralement nuageux"
"1989-11-10 17:00","1989","11","10","17:00"," ","12,00","","3,20","","55,00","","34,00","","4,00","","25,00","","96,97","","","","","","Nuageux"
"1989-11-10 18:00","1989","11","10","18:00"," ","11,20","","3,10","","57,00","","0,00","","0,00","","25,00","","97,10","","","","","","Nuageux"
"1989-11-10 19:00","1989","11","10","19:00"," ","12,10","","2,20","","51,00","","35,00","","7,00","","25,00","","97,13","","","","","","Généralement nuageux"
"1989-11-10 20:00","1989","11","10","20:00"," ","10,60","","1,70","","54,00","","1,00","","6,00","","25,00","","97,20","","","","","","Généralement nuageux"
"1989-11-10 21:00","1989","11","10","21:00"," ","9,30","","0,40","","54,00","","33,00","","11,00","","25,00","","97,30","","","","","","Généralement nuageux"
"1989-11-10 22:00","1989","11","10","22:00"," ","8,20","","2,20","","66,00","","1,00","","13,00","","25,00","","97,30","","","","","","Nuageux"
"1989-11-10 23:00","1989","11","10","23:00"," ","7,40","","1,30","","65,00","","33,00","","9,00","","25,00","","97,40","","","","","","Généralement nuageux"
"1989-11-11 00:00","1989","11","11","00:00"," ","7,10","","0,80","","64,00","","35,00","","7,00","","25,00","","97,43","","","","","","Nuageux"
"1989-11-11 01:00","1989","11","11","01:00"," ","7,00","","0,80","","65,00","","1,00","","15,00","","25,00","","97,50","","","","","","Nuageux"
"1989-11-11 02:00","1989","11","11","02:00"," ","6,80","","1,10","","67,00","","36,00","","7,00","","25,00","","97,50","","","","","","Généralement nuageux"
"1989-11-11 03:00","1989","11","11","03:00"," ","6,30","","1,00","","69,00","","35,00","","13,00","","25,00","","97,53","","","","","","Généralement nuageux"
"1989-11-11 04:00","1989","11","11","04:00"," ","6,40","","0,80","","67,00","","3,00","","15,00","","25,00","","97,50","","","","","","Généralement nuageux"
"1989-11-11 05:00","1989","11","11","05:00"," ","5,10","","0,60","","73,00","","36,00","","11,00","","25,00","","97,50","","","","","","Généralement nuageux"
"1989-11-11 06:00","1989","11","11","06:00"," ","5,40","","0,60","","71,00","","34,00","","11,00","","25,00","","97,50","","","","","","Nuageux"
"1989-11-11 07:00","1989","11","11","07:00"," ","5,40","","0,60","","71,00","","35,00","","9,00","","25,00","","97,46","","","","","","Nuageux"
"1989-11-11 08:00","1989","11","11","08:00"," ","5,80","","1,30","","73,00","","35,00","","7,00","","25,00","","97,46","","","","","","Nuageux"
"1989-11-11 09:00","1989","11","11","09:00"," ","6,70","","1,60","","70,00","","35,00","","11,00","","25,00","","97,46","","","","","","Nuageux"
"1989-11-11 10:00","1989","11","11","10:00"," ","6,70","","1,80","","71,00","","36,00","","9,00","","25,00","","97,46","","","","","","Nuageux"
"1989-11-11 11:00","1989","11","11","11:00"," ","7,00","","2,10","","71,00","","4,00","","7,00","","25,00","","97,36","","","","","","Nuageux"
"1989-11-11 12:00","1989","11","11","12:00"," ","7,00","","1,90","","70,00","","35,00","","13,00","","25,00","","97,33","","","","","","Nuageux"
"1989-11-11 13:00","1989","11","11","13:00"," ","6,80","","2,70","","75,00","","36,00","","9,00","","25,00","","97,30","","","","","","Pluie"
"1989-11-11 14:00","1989","11","11","14:00"," ","7,10","","2,50","","72,00","","36,00","","6,00","","24,10","","97,27","","","","","","Pluie"
"1989-11-11 15:00","1989","11","11","15:00"," ","6,50","","2,90","","78,00","","35,00","","11,00","","24,10","","97,20","","","","","","Pluie"
"1989-11-11 16:00","1989","11","11","16:00"," ","6,20","","2,50","","77,00","","32,00","","11,00","","24,10","","97,10","","","","","","Pluie"
"1989-11-11 17:00","1989","11","11","17:00"," ","6,10","","3,10","","81,00","","33,00","","4,00","","25,00","","97,07","","","","","","Pluie"
"1989-11-11 18:00","1989","11","11","18:00"," ","5,90","","3,00","","82,00","","0,00","","0,00","","19,30","","97,00","","","","","","Pluie"
"1989-11-11 19:00","1989","11","11","19:00"," ","5,40","","3,10","","85,00","","33,00","","6,00","","12,90","","97,00","","","","","","Pluie"
"1989-11-11 20:00","1989","11","11","20:00"," ","5,20","","3,10","","86,00","","0,00","","0,00","","12,90","","96,94","","","","","","Pluie"
"1989-11-11 21:00","1989","11","11","21:00"," ","5,30","","3,30","","87,00","","0,00","","0,00","","16,10","","96,91","","","","","","Pluie"
"1989-11-11 22:00","1989","11","11","22:00"," ","5,30","","3,10","","86,00","","0,00","","0,00","","19,30","","96,84","","","","","","Pluie"
"1989-11-11 23:00","1989","11","11","23:00"," ","5,20","","3,60","","89,00","","0,00","","0,00","","16,10","","96,81","","","","","","Pluie"
"1989-11-12 00:00","1989","11","12","00:00"," ","5,20","","3,10","","86,00","","32,00","","6,00","","16,10","","96,81","","","","","","Pluie"
"1989-11-12 01:00","1989","11","12","01:00"," ","5,20","","2,80","","84,00","","36,00","","6,00","","19,30","","96,84","","","","","","Nuageux"
"1989-11-12 02:00","1989","11","12","02:00"," ","5,20","","2,50","","83,00","","35,00","","9,00","","19,30","","96,87","","","","","","Nuageux"
"1989-11-12 03:00","1989","11","12","03:00"," ","5,30","","2,60","","83,00","","35,00","","11,00","","16,10","","96,91","","","","","","Nuageux"
"1989-11-12 04:00","1989","11","12","04:00"," ","5,30","","2,50","","82,00","","34,00","","9,00","","19,30","","96,91","","","","","","Nuageux"
"1989-11-12 05:00","1989","11","12","05:00"," ","5,70","","-3,50","","51,00","","33,00","","22,00","","24,10","","96,94","","","","","","Nuageux"
"1989-11-12 06:00","1989","11","12","06:00"," ","5,40","","-4,60","","48,00","","33,00","","26,00","","25,00","","97,00","","","","","","Nuageux"
"1989-11-12 07:00","1989","11","12","07:00"," ","5,00","","-5,10","","48,00","","33,00","","22,00","","25,00","","97,10","","","","","","Généralement dégagé"
"1989-11-12 08:00","1989","11","12","08:00"," ","3,80","","-6,60","","46,00","","33,00","","19,00","","25,00","","97,20","","","","","","Généralement dégagé"
"1989-11-12 09:00","1989","11","12","09:00"," ","5,20","","-7,40","","40,00","","32,00","","19,00","","25,00","","97,27","","","","","","Généralement dégagé"
"1989-11-12 10:00","1989","11","12","10:00"," ","5,90","","-7,30","","38,00","","33,00","","24,00","","25,00","","97,36","","","","","","Généralement dégagé"
"1989-11-12 11:00","1989","11","12","11:00"," ","6,50","","-7,10","","37,00","","35,00","","19,00","","25,00","","97,40","","","","","","Généralement dégagé"
"1989-11-12 12:00","1989","11","12","12:00"," ","6,90","","-8,60","","32,00","","35,00","","22,00","","25,00","","97,40","","","","","","Généralement dégagé"
"1989-11-12 13:00","1989","11","12","13:00"," ","6,90","","-8,20","","33,00","","36,00","","19,00","","25,00","","97,36","","","","","","Généralement dégagé"
"1989-11-12 14:00","1989","11","12","14:00"," ","6,90","","-7,60","","35,00","","32,00","","15,00","","25,00","","97,33","","","","","","Généralement dégagé"
"1989-11-12 15:00","1989","11","12","15:00"," ","6,10","","-7,90","","36,00","","32,00","","7,00","","25,00","","97,33","","","","","","Généralement nuageux"
"1989-11-12 16:00","1989","11","12","16:00"," ","5,30","","-7,40","","39,00","","36,00","","6,00","","25,00","","97,30","","","","","","Généralement nuageux"
"1989-11-12 17:00","1989","11","12","17:00"," ","4,60","","-7,00","","43,00","","35,00","","4,00","","25,00","","97,36","","","","","","Nuageux"
"1989-11-12 18:00","1989","11","12","18:00"," ","3,00","","-5,20","","55,00","","27,00","","7,00","","25,00","","97,40","","","","","","Nuageux"
"1989-11-12 19:00","1989","11","12","19:00"," ","3,20","","-5,20","","54,00","","2,00","","7,00","","25,00","","97,36","","","","","","Nuageux"
"1989-11-12 20:00","1989","11","12","20:00"," ","1,90","","-4,70","","61,00","","0,00","","0,00","","25,00","","97,33","","","","","","Nuageux"
"1989-11-12 21:00","1989","11","12","21:00"," ","1,60","","-5,50","","59,00","","1,00","","4,00","","25,00","","97,30","","","","","","Nuageux"
"1989-11-12 22:00","1989","11","12","22:00"," ","2,30","","-5,30","","57,00","","6,00","","4,00","","25,00","","97,33","","","","","","Nuageux"
"1989-11-12 23:00","1989","11","12","23:00"," ","1,20","","-5,30","","62,00","","0,00","","0,00","","25,00","","97,33","","","","","","Nuageux"
"1989-11-13 00:00","1989","11","13","00:00"," ","1,80","","-4,10","","65,00","","0,00","","0,00","","25,00","","97,33","","","","","","Nuageux"
"1989-11-13 01:00","1989","11","13","01:00"," ","1,30","","-4,30","","66,00","","0,00","","0,00","","25,00","","97,30","","","","","","Nuageux"
"1989-11-13 02:00","1989","11","13","02:00"," ","1,20","","-4,30","","67,00","","0,00","","0,00","","25,00","","97,30","","","","","","Nuageux"
"1989-11-13 03:00","1989","11","13","03:00"," ","1,20","","-4,50","","66,00","","4,00","","6,00","","25,00","","97,27","","","","","","Généralement nuageux"
"1989-11-13 04:00","1989","11","13","04:00"," ","1,00","","-4,10","","69,00","","0,00","","0,00","","25,00","","97,20","","","","","","Généralement nuageux"
"1989-11-13 05:00","1989","11","13","05:00"," ","-1,30","","-5,50","","73,00","","0,00","","0,00","","25,00","","97,20","","","","","","Généralement dégagé"
"1989-11-13 06:00","1989","11","13","06:00"," ","0,50","","-4,80","","68,00","","18,00","","7,00","","25,00","","97,13","","","","","","Nuageux"
"1989-11-13 07:00","1989","11","13","07:00"," ","0,80","","-4,40","","68,00","","0,00","","0,00","","25,00","","97,10","","","","","","Nuageux"
"1989-11-13 08:00","1989","11","13","08:00"," ","2,40","","-4,60","","60,00","","14,00","","19,00","","25,00","","97,10","","","","","","Généralement nuageux"
"1989-11-13 09:00","1989","11","13","09:00"," ","3,40","","-4,30","","57,00","","15,00","","15,00","","25,00","","97,00","","","","","","Généralement nuageux"
"1989-11-13 10:00","1989","11","13","10:00"," ","3,60","","-3,60","","59,00","","15,00","","19,00","","25,00","","97,00","","","","","","Généralement nuageux"
"1989-11-13 11:00","1989","11","13","11:00"," ","4,80","","-3,90","","53,00","","16,00","","22,00","","25,00","","96,94","","","","","","Généralement nuageux"
"1989-11-13 12:00","1989","11","13","12:00"," ","6,40","","-4,20","","47,00","","18,00","","37,00","","25,00","","96,84","","","","","","Généralement nuageux"
"1989-11-13 13:00","1989","11","13","13:00"," ","6,00","","-4,00","","49,00","","19,00","","37,00","","25,00","","96,84","","","","","","Généralement nuageux"
"1989-11-13 14:00","1989","11","13","14:00"," ","6,90","","-2,80","","50,00","","18,00","","28,00","","25,00","","96,84","","","","","","Généralement nuageux"
"1989-11-13 15:00","1989","11","13","15:00"," ","6,80","","-2,70","","51,00","","18,00","","24,00","","25,00","","96,87","","","","","","Généralement nuageux"
"1989-11-13 16:00","1989","11","13","16:00"," ","6,20","","-3,10","","51,00","","19,00","","22,00","","25,00","","96,91","","","","","","Généralement nuageux"
"1989-11-13 17:00","1989","11","13","17:00"," ","6,30","","-2,70","","52,00","","18,00","","19,00","","25,00","","96,91","","","","","","Généralement nuageux"
"1989-11-13 18:00","1989","11","13","18:00"," ","6,10","","-2,60","","53,00","","18,00","","19,00","","25,00","","96,94","","","","","","Généralement nuageux"
"1989-11-13 19:00","1989","11","13","19:00"," ","5,80","","-1,70","","58,00","","17,00","","22,00","","25,00","","96,97","","","","","","Généralement nuageux"
"1989-11-13 20:00","1989","11","13","20:00"," ","5,60","","-2,50","","56,00","","18,00","","22,00","","25,00","","97,00","","","","","","Généralement nuageux"
"1989-11-13 21:00","1989","11","13","21:00"," ","5,60","","-2,60","","55,00","","18,00","","20,00","","25,00","","97,10","","","","","","Nuageux"
"1989-11-13 22:00","1989","11","13","22:00"," ","5,60","","-2,60","","55,00","","16,00","","24,00","","25,00","","97,17","","","","","","Pluie"
"1989-11-13 23:00","1989","11","13","23:00"," ","5,00","","-2,10","","60,00","","17,00","","24,00","","25,00","","97,27","","","","","","Généralement dégagé"
"1989-11-14 00:00","1989","11","14","00:00"," ","5,20","","-1,60","","61,00","","19,00","","22,00","","25,00","","97,30","","","","","","Généralement dégagé"
"1989-11-14 01:00","1989","11","14","01:00"," ","5,40","","-2,00","","59,00","","17,00","","19,00","","25,00","","97,36","","","","","","Généralement nuageux"
"1989-11-14 02:00","1989","11","14","02:00"," ","4,40","","-0,90","","68,00","","16,00","","19,00","","25,00","","97,46","","","","","","Généralement nuageux"
"1989-11-14 03:00","1989","11","14","03:00"," ","4,50","","-1,40","","66,00","","16,00","","17,00","","25,00","","97,53","","","","","","Généralement nuageux"
"1989-11-14 04:00","1989","11","14","04:00"," ","3,80","","-1,30","","69,00","","17,00","","17,00","","25,00","","97,56","","","","","","Généralement nuageux"
"1989-11-14 05:00","1989","11","14","05:00"," ","3,10","","-2,00","","69,00","","19,00","","15,00","","25,00","","97,66","","","","","","Généralement nuageux"
"1989-11-14 06:00","1989","11","14","06:00"," ","3,30","","-2,00","","68,00","","17,00","","11,00","","25,00","","97,72","","","","","","Généralement nuageux"
"1989-11-14 07:00","1989","11","14","07:00"," ","2,90","","-2,60","","67,00","","18,00","","11,00","","25,00","","97,89","","","","","","Généralement nuageux"
"1989-11-14 08:00","1989","11","14","08:00"," ","2,00","","-2,90","","70,00","","34,00","","7,00","","25,00","","98,09","","","","","","Averses de neige"
"1989-11-14 09:00","1989","11","14","09:00"," ","3,60","","-3,40","","60,00","","30,00","","7,00","","24,10","","98,25","","","","","","Averses de neige"
"1989-11-14 10:00","1989","11","14","10:00"," ","5,20","","-4,40","","50,00","","29,00","","15,00","","24,10","","98,35","","","","","","Généralement nuageux"
"1989-11-14 11:00","1989","11","14","11:00"," ","6,50","","-10,00","","29,00","","35,00","","31,00","","25,00","","98,41","","","","","","Généralement nuageux"
"1989-11-14 12:00","1989","11","14","12:00"," ","6,20","","-9,50","","31,00","","1,00","","22,00","","25,00","","98,48","","","","","","Généralement nuageux"
"1989-11-14 13:00","1989","11","14","13:00"," ","6,60","","-9,60","","30,00","","34,00","","15,00","","25,00","","98,54","","","","","","Généralement nuageux"
"1989-11-14 14:00","1989","11","14","14:00"," ","6,40","","-9,70","","30,00","","34,00","","22,00","","25,00","","98,58","","","","","","Généralement nuageux"
"1989-11-14 15:00","1989","11","14","15:00"," ","6,30","","-9,40","","31,00","","36,00","","17,00","","25,00","","98,64","","","","","","Nuageux"
"1989-11-14 16:00","1989","11","14","16:00"," ","5,40","","-9,10","","34,00","","34,00","","9,00","","25,00","","98,71","","","","","","Généralement nuageux"
"1989-11-14 17:00","1989","11","14","17:00"," ","4,60","","-9,30","","36,00","","34,00","","7,00","","25,00","","98,81","","","","","","Généralement nuageux"
"1989-11-14 18:00","1989","11","14","18:00"," ","5,00","","-9,80","","33,00","","32,00","","15,00","","25,00","","98,90","","","","","","Généralement nuageux"
"1989-11-14 19:00","1989","11","14","19:00"," ","4,90","","-10,40","","32,00","","33,00","","15,00","","25,00","","98,97","","","","","","Généralement nuageux"
"1989-11-14 20:00","1989","11","14","20:00"," ","4,50","","-9,80","","34,00","","31,00","","15,00","","25,00","","99,00","","","","","","Généralement nuageux"
"1989-11-14 21:00","1989","11","14","21:00"," ","3,40","","-9,30","","39,00","","2,00","","7,00","","25,00","","99,10","","","","","","Généralement nuageux"
"1989-11-14 22:00","1989","11","14","22:00"," ","1,50","","-9,50","","44,00","","3,00","","4,00","","25,00","","99,17","","","","","","Généralement nuageux"
"1989-11-14 23:00","1989","11","14","23:00"," ","-0,50","","-10,20","","48,00","","35,00","","6,00","","25,00","","99,17","","","","-3,00","","Généralement dégagé"
"1989-11-15 00:00","1989","11","15","00:00"," ","-1,70","","-9,80","","54,00","","36,00","","11,00","","25,00","","99,27","","","","-6,00","","Généralement dégagé"
"1989-11-15 01:00","1989","11","15","01:00"," ","-0,70","","-10,60","","47,00","","35,00","","11,00","","25,00","","99,27","","","","-4,00","","Généralement nuageux"
"1989-11-15 02:00","1989","11","15","02:00"," ","-0,70","","-10,60","","47,00","","0,00","","0,00","","25,00","","99,27","","","","","","Généralement nuageux"
"1989-11-15 03:00","1989","11","15","03:00"," ","-1,50","","-9,90","","53,00","","36,00","","6,00","","25,00","","99,23","","","","-4,00","","Généralement nuageux"
"1989-11-15 04:00","1989","11","15","04:00"," ","-1,70","","-8,60","","59,00","","1,00","","7,00","","25,00","","99,20","","","","-4,00","","Nuageux"
"1989-11-15 05:00","1989","11","15","05:00"," ","-1,10","","-8,40","","58,00","","0,00","","0,00","","25,00","","99,20","","","","","","Nuageux"
"1989-11-15 06:00","1989","11","15","06:00"," ","-1,30","","-7,30","","64,00","","0,00","","0,00","","25,00","","99,20","","","","","","Nuageux"
"1989-11-15 07:00","1989","11","15","07:00"," ","-1,00","","-7,60","","61,00","","0,00","","0,00","","25,00","","99,20","","","","","","Nuageux"
"1989-11-15 08:00","1989","11","15","08:00"," ","-0,30","","-7,00","","60,00","","0,00","","0,00","","25,00","","99,17","","","","","","Nuageux"
"1989-11-15 09:00","1989","11","15","09:00"," ","0,80","","-6,60","","58,00","","0,00","","0,00","","24,10","","99,13","","","","","","Nuageux"
"1989-11-15 10:00","1989","11","15","10:00"," ","1,40","","-6,90","","54,00","","2,00","","7,00","","25,00","","99,13","","","","","","Nuageux"
"1989-11-15 11:00","1989","11","15","11:00"," ","1,90","","-6,70","","53,00","","0,00","","0,00","","25,00","","99,07","","","","","","Nuageux"
"1989-11-15 12:00","1989","11","15","12:00"," ","2,60","","-6,20","","52,00","","34,00","","4,00","","25,00","","99,00","","","","","","Nuageux"
"1989-11-15 13:00","1989","11","15","13:00"," ","3,60","","-5,70","","50,00","","25,00","","4,00","","25,00","","98,90","","","","","","Nuageux"
"1989-11-15 14:00","1989","11","15","14:00"," ","4,40","","-6,40","","45,00","","17,00","","15,00","","25,00","","98,84","","","","","","Généralement nuageux"
"1989-11-15 15:00","1989","11","15","15:00"," ","4,40","","-6,70","","44,00","","17,00","","22,00","","25,00","","98,81","","","","","","Nuageux"
"1989-11-15 16:00","1989","11","15","16:00"," ","4,40","","-7,20","","42,00","","17,00","","11,00","","25,00","","98,74","","","","","","Généralement nuageux"
"1989-11-15 17:00","1989","11","15","17:00"," ","3,60","","-6,50","","47,00","","15,00","","13,00","","25,00","","98,71","","","","","","Généralement nuageux"
"1989-11-15 18:00","1989","11","15","18:00"," ","3,40","","-6,00","","50,00","","14,00","","9,00","","25,00","","98,71","","","","","","Généralement nuageux"
"1989-11-15 19:00","1989","11","15","19:00"," ","3,30","","-5,80","","51,00","","14,00","","6,00","","25,00","","98,68","","","","","","Généralement dégagé"
"1989-11-15 20:00","1989","11","15","20:00"," ","2,90","","-5,70","","53,00","","0,00","","0,00","","25,00","","98,68","","","","","","Généralement dégagé"
"1989-11-15 21:00","1989","11","15","21:00"," ","3,20","","-6,40","","49,00","","15,00","","15,00","","25,00","","98,58","","","","","","Généralement dégagé"
"1989-11-15 22:00","1989","11","15","22:00"," ","2,90","","-6,60","","50,00","","14,00","","7,00","","25,00","","98,64","","","","","","Dégagé"
"1989-11-15 23:00","1989","11","15","23:00"," ","3,10","","-5,80","","52,00","","15,00","","15,00","","25,00","","98,54","","","","","","Généralement nuageux"
"1989-11-16 00:00","1989","11","16","00:00"," ","3,30","","-5,70","","52,00","","16,00","","22,00","","25,00","","98,54","","","","","","Généralement nuageux"
"1989-11-16 01:00","1989","11","16","01:00"," ","3,30","","-6,00","","50,00","","17,00","","20,00","","25,00","","98,48","","","","","","Généralement nuageux"
"1989-11-16 02:00","1989","11","16","02:00"," ","3,10","","-5,20","","54,00","","16,00","","15,00","","25,00","","98,48","","","","","","Généralement nuageux"
"1989-11-16 03:00","1989","11","16","03:00"," ","2,90","","-5,80","","53,00","","17,00","","20,00","","25,00","","98,45","","","","","","Généralement nuageux"
"1989-11-16 04:00","1989","11","16","04:00"," ","2,60","","-5,90","","53,00","","18,00","","24,00","","25,00","","98,41","","","","","","Généralement nuageux"
"1989-11-16 05:00","1989","11","16","05:00"," ","2,50","","-6,20","","52,00","","18,00","","20,00","","25,00","","98,38","","","","","","Généralement nuageux"
"1989-11-16 06:00","1989","11","16","06:00"," ","2,50","","-6,30","","52,00","","18,00","","17,00","","25,00","","98,45","","","","","","Généralement nuageux"
"1989-11-16 07:00","1989","11","16","07:00"," ","2,20","","-6,60","","52,00","","16,00","","11,00","","25,00","","98,45","","","","","","Généralement nuageux"
"1989-11-16 08:00","1989","11","16","08:00"," ","1,70","","-5,30","","60,00","","17,00","","11,00","","25,00","","98,45","","","","","","Généralement nuageux"
"1989-11-16 09:00","1989","11","16","09:00"," ","3,00","","-5,70","","53,00","","17,00","","19,00","","25,00","","98,45","","","","","","Généralement nuageux"
"1989-11-16 10:00","1989","11","16","10:00"," ","3,60","","-5,30","","52,00","","16,00","","17,00","","25,00","","98,41","","","","","","Généralement nuageux"
"1989-11-16 11:00","1989","11","16","11:00"," ","3,90","","-5,30","","51,00","","17,00","","19,00","","25,00","","98,35","","","","","","Généralement nuageux"
"1989-11-16 12:00","1989","11","16","12:00"," ","4,70","","-5,10","","49,00","","16,00","","17,00","","25,00","","98,28","","","","","","Généralement nuageux"
"1989-11-16 13:00","1989","11","16","13:00"," ","5,10","","-4,80","","49,00","","17,00","","15,00","","25,00","","98,25","","","","","","Nuageux"
"1989-11-16 14:00","1989","11","16","14:00"," ","5,40","","-4,30","","50,00","","17,00","","19,00","","25,00","","98,18","","","","","","Nuageux"
"1989-11-16 15:00","1989","11","16","15:00"," ","5,00","","-4,40","","51,00","","17,00","","11,00","","25,00","","98,18","","","","","","Nuageux"
"1989-11-16 16:00","1989","11","16","16:00"," ","4,70","","-4,20","","52,00","","17,00","","9,00","","25,00","","98,09","","","","","","Nuageux"
"1989-11-16 17:00","1989","11","16","17:00"," ","4,60","","-4,40","","52,00","","18,00","","19,00","","25,00","","98,09","","","","","","Généralement nuageux"
"1989-11-16 18:00","1989","11","16","18:00"," ","4,60","","-4,50","","52,00","","18,00","","13,00","","25,00","","98,12","","","","","","Nuageux"
"1989-11-16 19:00","1989","11","16","19:00"," ","4,50","","-4,10","","53,00","","16,00","","13,00","","25,00","","98,15","","","","","","Nuageux"
"1989-11-16 20:00","1989","11","16","20:00"," ","3,60","","-3,00","","62,00","","20,00","","15,00","","24,10","","98,18","","","","","","Averses de pluie"
"1989-11-16 21:00","1989","11","16","21:00"," ","3,00","","-2,10","","69,00","","16,00","","13,00","","25,00","","98,22","","","","","","Nuageux"
"1989-11-16 22:00","1989","11","16","22:00"," ","2,80","","-1,90","","71,00","","0,00","","0,00","","25,00","","98,25","","","","","","Nuageux"
"1989-11-16 23:00","1989","11","16","23:00"," ","2,80","","-1,90","","71,00","","0,00","","0,00","","25,00","","98,28","","","","","","Nuageux"
"1989-11-17 00:00","1989","11","17","00:00"," ","2,50","","-2,00","","72,00","","0,00","","0,00","","25,00","","98,28","","","","","","Généralement nuageux"
"1989-11-17 01:00","1989","11","17","01:00"," ","1,40","","-2,30","","76,00","","18,00","","7,00","","25,00","","98,12","","","","","","Dégagé"
"1989-11-17 02:00","1989","11","17","02:00"," ","-1,80","","-5,60","","75,00","","33,00","","9,00","","25,00","","98,28","","","","-5,00","","Dégagé"
"1989-11-17 03:00","1989","11","17","03:00"," ","-0,70","","-5,00","","73,00","","1,00","","11,00","","25,00","","98,35","","","","-4,00","","Dégagé"
"1989-11-17 04:00","1989","11","17","04:00"," ","-1,60","","-5,30","","76,00","","35,00","","11,00","","25,00","","98,35","","","","-5,00","","Généralement dégagé"
"1989-11-17 05:00","1989","11","17","05:00"," ","-1,30","","-5,30","","74,00","","36,00","","9,00","","25,00","","98,28","","","","-5,00","","Généralement nuageux"
"1989-11-17 06:00","1989","11","17","06:00"," ","-0,20","","-4,20","","74,00","","32,00","","9,00","","24,10","","98,38","","","","-3,00","","Généralement nuageux"
"1989-11-17 07:00","1989","11","17","07:00"," ","0,60","","-4,00","","71,00","","3,00","","6,00","","24,10","","98,38","","","","","","Généralement nuageux"
"1989-11-17 08:00","1989","11","17","08:00"," ","-0,30","","-4,30","","74,00","","35,00","","6,00","","24,10","","98,41","","","","-2,00","","Nuageux"
"1989-11-17 09:00","1989","11","17","09:00"," ","1,00","","-3,30","","73,00","","2,00","","9,00","","16,10","","98,45","","","","","","Nuageux"
"1989-11-17 10:00","1989","11","17","10:00"," ","3,00","","-1,80","","71,00","","19,00","","6,00","","16,10","","98,28","","","","","","Nuageux"
"1989-11-17 11:00","1989","11","17","11:00"," ","3,40","","-1,90","","68,00","","19,00","","11,00","","19,30","","98,31","","","","","","Nuageux"
"1989-11-17 12:00","1989","11","17","12:00"," ","3,80","","-2,00","","66,00","","19,00","","11,00","","19,30","","98,18","","","","","","Nuageux"
"1989-11-17 13:00","1989","11","17","13:00"," ","4,50","","-1,40","","66,00","","17,00","","13,00","","19,30","","98,18","","","","","","Nuageux"
"1989-11-17 14:00","1989","11","17","14:00"," ","4,50","","-1,20","","66,00","","16,00","","22,00","","19,30","","98,18","","","","","","Nuageux"
"1989-11-17 15:00","1989","11","17","15:00"," ","4,60","","-1,30","","66,00","","18,00","","19,00","","19,30","","98,18","","","","","","Nuageux"
"1989-11-17 16:00","1989","11","17","16:00"," ","4,00","","-1,60","","67,00","","17,00","","24,00","","19,30","","98,12","","","","","","Nuageux"
"1989-11-17 17:00","1989","11","17","17:00"," ","3,80","","-1,40","","69,00","","18,00","","26,00","","19,30","","98,09","","","","","","Nuageux"
"1989-11-17 18:00","1989","11","17","18:00"," ","3,90","","-1,30","","69,00","","17,00","","31,00","","19,30","","98,02","","","","","","Nuageux"
"1989-11-17 19:00","1989","11","17","19:00"," ","3,90","","-0,80","","72,00","","16,00","","26,00","","19,30","","98,02","","","","","","Généralement nuageux"
"1989-11-17 20:00","1989","11","17","20:00"," ","4,20","","-1,10","","68,00","","16,00","","28,00","","19,30","","98,02","","","","","","Nuageux"
"1989-11-17 21:00","1989","11","17","21:00"," ","4,40","","-1,20","","67,00","","17,00","","31,00","","24,10","","97,99","","","","","","Nuageux"
"1989-11-17 22:00","1989","11","17","22:00"," ","4,40","","-1,10","","67,00","","17,00","","30,00","","24,10","","97,99","","","","","","Généralement nuageux"
"1989-11-17 23:00","1989","11","17","23:00"," ","4,60","","-0,10","","71,00","","17,00","","26,00","","24,10","","98,02","","","","","","Nuageux"
"1989-11-18 00:00","1989","11","18","00:00"," ","4,70","","0,10","","72,00","","17,00","","22,00","","24,10","","98,05","","","","","","Nuageux"
"1989-11-18 01:00","1989","11","18","01:00"," ","4,70","","0,00","","71,00","","17,00","","26,00","","24,10","","98,05","","","","","","Nuageux"
"1989-11-18 02:00","1989","11","18","02:00"," ","4,90","","0,60","","74,00","","18,00","","20,00","","24,10","","98,09","","","","","","Nuageux"
"1989-11-18 03:00","1989","11","18","03:00"," ","4,90","","0,00","","71,00","","18,00","","22,00","","24,10","","98,09","","","","","","Nuageux"
"1989-11-18 04:00","1989","11","18","04:00"," ","5,30","","0,00","","69,00","","18,00","","28,00","","24,10","","98,05","","","","","","Nuageux"
"1989-11-18 05:00","1989","11","18","05:00"," ","5,10","","0,00","","69,00","","18,00","","28,00","","24,10","","98,05","","","","","","Généralement nuageux"
"1989-11-18 06:00","1989","11","18","06:00"," ","5,10","","0,00","","69,00","","18,00","","30,00","","24,10","","98,02","","","","","","Généralement nuageux"
"1989-11-18 07:00","1989","11","18","07:00"," ","5,10","","0,20","","71,00","","18,00","","33,00","","25,00","","98,02","","","","","","Généralement nuageux"
"1989-11-18 08:00","1989","11","18","08:00"," ","5,50","","0,00","","68,00","","18,00","","31,00","","25,00","","98,02","","","","","","Nuageux"
"1989-11-18 09:00","1989","11","18","09:00"," ","5,70","","0,40","","69,00","","18,00","","30,00","","24,10","","98,09","","","","","","Nuageux"
"1989-11-18 10:00","1989","11","18","10:00"," ","6,00","","0,60","","68,00","","17,00","","30,00","","24,10","","98,09","","","","","","Nuageux"
"1989-11-18 11:00","1989","11","18","11:00"," ","5,70","","0,60","","70,00","","17,00","","28,00","","24,10","","98,09","","","","","","Nuageux"
"1989-11-18 12:00","1989","11","18","12:00"," ","6,20","","0,70","","68,00","","17,00","","26,00","","25,00","","98,02","","","","","","Nuageux"
"1989-11-18 13:00","1989","11","18","13:00"," ","6,60","","0,40","","64,00","","19,00","","30,00","","25,00","","97,92","","","","","","Généralement nuageux"
"1989-11-18 14:00","1989","11","18","14:00"," ","6,60","","1,00","","67,00","","18,00","","28,00","","25,00","","97,89","","","","","","Généralement nuageux"
"1989-11-18 15:00","1989","11","18","15:00"," ","6,20","","0,60","","67,00","","18,00","","28,00","","25,00","","97,82","","","","","","Nuageux"
"1989-11-18 16:00","1989","11","18","16:00"," ","6,00","","0,70","","69,00","","16,00","","26,00","","25,00","","97,82","","","","","","Nuageux"
"1989-11-18 17:00","1989","11","18","17:00"," ","5,80","","1,00","","71,00","","17,00","","20,00","","25,00","","97,76","","","","","","Nuageux"
"1989-11-18 18:00","1989","11","18","18:00"," ","5,70","","1,10","","72,00","","17,00","","20,00","","25,00","","97,82","","","","","","Nuageux"
"1989-11-18 19:00","1989","11","18","19:00"," ","5,60","","1,20","","73,00","","18,00","","24,00","","25,00","","97,72","","","","","","Nuageux"
"1989-11-18 20:00","1989","11","18","20:00"," ","5,70","","1,40","","74,00","","18,00","","28,00","","25,00","","97,72","","","","","","Généralement nuageux"
"1989-11-18 21:00","1989","11","18","21:00"," ","5,70","","1,40","","74,00","","18,00","","31,00","","25,00","","97,69","","","","","","Généralement nuageux"
"1989-11-18 22:00","1989","11","18","22:00"," ","5,70","","1,30","","73,00","","18,00","","26,00","","25,00","","97,66","","","","","","Généralement nuageux"
"1989-11-18 23:00","1989","11","18","23:00"," ","5,80","","1,40","","73,00","","18,00","","26,00","","25,00","","97,63","","","","","","Généralement nuageux"
"1989-11-19 00:00","1989","11","19","00:00"," ","5,70","","1,40","","74,00","","17,00","","28,00","","25,00","","97,63","","","","","","Généralement nuageux"
"1989-11-19 01:00","1989","11","19","01:00"," ","5,70","","1,40","","74,00","","18,00","","33,00","","25,00","","97,63","","","","","","Généralement nuageux"
"1989-11-19 02:00","1989","11","19","02:00"," ","6,10","","2,00","","75,00","","18,00","","30,00","","24,10","","97,66","","","","","","Généralement nuageux"
"1989-11-19 03:00","1989","11","19","03:00"," ","6,00","","1,60","","73,00","","18,00","","30,00","","25,00","","97,63","","","","","","Généralement nuageux"
"1989-11-19 04:00","1989","11","19","04:00"," ","6,00","","1,40","","72,00","","18,00","","30,00","","25,00","","97,63","","","","","","Généralement nuageux"
"1989-11-19 05:00","1989","11","19","05:00"," ","6,00","","1,30","","72,00","","18,00","","33,00","","25,00","","97,66","","","","","","Généralement nuageux"
"1989-11-19 06:00","1989","11","19","06:00"," ","5,80","","1,00","","71,00","","18,00","","35,00","","25,00","","97,63","","","","","","Généralement nuageux"
"1989-11-19 07:00","1989","11","19","07:00"," ","5,80","","1,00","","71,00","","18,00","","33,00","","25,00","","97,63","","","","","","Généralement nuageux"
"1989-11-19 08:00","1989","11","19","08:00"," ","5,80","","1,00","","71,00","","18,00","","39,00","","25,00","","97,66","","","","","","Généralement nuageux"
"1989-11-19 09:00","1989","11","19","09:00"," ","5,80","","0,70","","70,00","","18,00","","31,00","","25,00","","97,72","","","","","","Généralement nuageux"
"1989-11-19 10:00","1989","11","19","10:00"," ","5,80","","1,20","","72,00","","17,00","","30,00","","25,00","","97,72","","","","","","Généralement nuageux"
"1989-11-19 11:00","1989","11","19","11:00"," ","5,90","","0,60","","69,00","","18,00","","28,00","","25,00","","97,82","","","","","","Généralement nuageux"
"1989-11-19 12:00","1989","11","19","12:00"," ","6,70","","1,70","","70,00","","18,00","","24,00","","25,00","","97,82","","","","","","Généralement nuageux"
"1989-11-19 13:00","1989","11","19","13:00"," ","7,30","","1,50","","67,00","","17,00","","24,00","","25,00","","97,89","","","","","","Généralement nuageux"
"1989-11-19 14:00","1989","11","19","14:00"," ","7,00","","1,60","","69,00","","16,00","","22,00","","25,00","","97,82","","","","","","Généralement nuageux"
"1989-11-19 15:00","1989","11","19","15:00"," ","6,80","","1,60","","70,00","","19,00","","28,00","","25,00","","97,89","","","","","","Généralement nuageux"
"1989-11-19 16:00","1989","11","19","16:00"," ","7,00","","1,50","","68,00","","19,00","","19,00","","25,00","","97,99","","","","","","Nuageux"
"1989-11-19 17:00","1989","11","19","17:00"," ","7,10","","1,40","","67,00","","20,00","","17,00","","25,00","","98,02","","","","","","Nuageux"
"1989-11-19 18:00","1989","11","19","18:00"," ","6,60","","1,70","","71,00","","0,00","","0,00","","25,00","","98,15","","","","","","Nuageux"
"1989-11-19 19:00","1989","11","19","19:00"," ","6,50","","2,30","","74,00","","0,00","","0,00","","25,00","","98,18","","","","","","Nuageux"
"1989-11-19 20:00","1989","11","19","20:00"," ","5,80","","2,90","","82,00","","2,00","","6,00","","24,10","","98,22","","","","","","Averses de pluie"
"1989-11-19 21:00","1989","11","19","21:00"," ","5,60","","3,20","","85,00","","30,00","","4,00","","24,10","","98,28","","","","","","Pluie"
"1989-11-19 22:00","1989","11","19","22:00"," ","5,60","","3,10","","84,00","","36,00","","6,00","","25,00","","98,28","","","","","","Nuageux"
"1989-11-19 23:00","1989","11","19","23:00"," ","4,70","","2,60","","86,00","","35,00","","4,00","","25,00","","98,25","","","","","","Nuageux"
"1989-11-20 00:00","1989","11","20","00:00"," ","4,80","","2,70","","87,00","","0,00","","0,00","","25,00","","98,25","","","","","","Généralement nuageux"
"1989-11-20 01:00","1989","11","20","01:00"," ","5,00","","2,70","","85,00","","1,00","","6,00","","24,10","","98,25","","","","","","Nuageux"
"1989-11-20 02:00","1989","11","20","02:00"," ","4,70","","2,40","","85,00","","0,00","","0,00","","24,10","","98,18","","","","","","Nuageux"
"1989-11-20 03:00","1989","11","20","03:00"," ","4,70","","2,70","","87,00","","0,00","","0,00","","24,10","","98,15","","","","","","Nuageux"
"1989-11-20 04:00","1989","11","20","04:00"," ","4,40","","2,50","","88,00","","0,00","","0,00","","16,10","","98,02","","","","","","Nuageux"
"1989-11-20 05:00","1989","11","20","05:00"," ","5,40","","2,70","","83,00","","16,00","","6,00","","9,70","","97,92","","","","","","Pluie,Brouillard"
"1989-11-20 06:00","1989","11","20","06:00"," ","5,10","","3,00","","86,00","","0,00","","0,00","","12,90","","97,82","","","","","","Pluie"
"1989-11-20 07:00","1989","11","20","07:00"," ","5,30","","2,30","","81,00","","18,00","","6,00","","16,10","","97,69","","","","","","Nuageux"
"1989-11-20 08:00","1989","11","20","08:00"," ","5,10","","2,50","","83,00","","0,00","","0,00","","16,10","","97,63","","","","","","Nuageux"
"1989-11-20 09:00","1989","11","20","09:00"," ","5,60","","2,20","","79,00","","14,00","","15,00","","19,30","","97,56","","","","","","Nuageux"
"1989-11-20 10:00","1989","11","20","10:00"," ","6,50","","2,20","","74,00","","19,00","","20,00","","24,10","","97,50","","","","","","Généralement nuageux"
"1989-11-20 11:00","1989","11","20","11:00"," ","7,20","","2,30","","71,00","","18,00","","22,00","","24,10","","97,36","","","","","","Nuageux"
"1989-11-20 12:00","1989","11","20","12:00"," ","7,80","","3,10","","72,00","","17,00","","22,00","","24,10","","97,27","","","","","","Généralement nuageux"
"1989-11-20 13:00","1989","11","20","13:00"," ","8,80","","3,20","","68,00","","15,00","","17,00","","24,10","","97,17","","","","","","Généralement nuageux"
"1989-11-20 14:00","1989","11","20","14:00"," ","8,70","","3,90","","72,00","","16,00","","19,00","","24,10","","97,17","","","","","","Généralement nuageux"
"1989-11-20 15:00","1989","11","20","15:00"," ","9,00","","3,50","","68,00","","18,00","","19,00","","24,10","","97,10","","","","","","Généralement nuageux"
"1989-11-20 16:00","1989","11","20","16:00"," ","8,60","","3,90","","72,00","","15,00","","22,00","","24,10","","97,17","","","","","","Généralement nuageux"
"1989-11-20 17:00","1989","11","20","17:00"," ","8,20","","3,80","","74,00","","15,00","","19,00","","24,10","","97,17","","","","","","Généralement nuageux"
"1989-11-20 18:00","1989","11","20","18:00"," ","7,70","","3,60","","75,00","","17,00","","15,00","","25,00","","97,13","","","","","","Généralement nuageux"
"1989-11-20 19:00","1989","11","20","19:00"," ","8,30","","3,70","","73,00","","19,00","","22,00","","25,00","","97,13","","","","","","Généralement nuageux"
"1989-11-20 20:00","1989","11","20","20:00"," ","8,20","","3,90","","74,00","","17,00","","15,00","","25,00","","97,17","","","","","","Nuageux"
"1989-11-20 21:00","1989","11","20","21:00"," ","8,30","","4,10","","75,00","","17,00","","13,00","","25,00","","97,23","","","","","","Nuageux"
"1989-11-20 22:00","1989","11","20","22:00"," ","8,40","","3,90","","73,00","","19,00","","19,00","","25,00","","97,20","","","","","","Généralement nuageux"
"1989-11-20 23:00","1989","11","20","23:00"," ","7,80","","3,90","","76,00","","16,00","","17,00","","25,00","","97,23","","","","","","Généralement nuageux"
"1989-11-21 00:00","1989","11","21","00:00"," ","8,20","","3,90","","74,00","","18,00","","17,00","","25,00","","97,27","","","","","","Généralement nuageux"
"1989-11-21 01:00","1989","11","21","01:00"," ","8,10","","3,60","","73,00","","35,00","","19,00","","25,00","","97,43","","","","","","Averses de pluie"
"1989-11-21 02:00","1989","11","21","02:00"," ","6,70","","0,00","","62,00","","35,00","","19,00","","25,00","","97,76","","","","","","Nuageux"
"1989-11-21 03:00","1989","11","21","03:00"," ","6,90","","-2,60","","51,00","","35,00","","22,00","","25,00","","97,99","","","","","","Nuageux"
"1989-11-21 04:00","1989","11","21","04:00"," ","6,30","","-3,50","","49,00","","1,00","","15,00","","25,00","","98,05","","","","","","Nuageux"
"1989-11-21 05:00","1989","11","21","05:00"," ","6,20","","-4,30","","47,00","","33,00","","17,00","","25,00","","98,18","","","","","","Généralement nuageux"
"1989-11-21 06:00","1989","11","21","06:00"," ","5,40","","-4,40","","49,00","","36,00","","13,00","","25,00","","98,28","","","","","","Généralement nuageux"
"1989-11-21 07:00","1989","11","21","07:00"," ","5,30","","-5,10","","47,00","","36,00","","9,00","","25,00","","98,35","","","","","","Généralement nuageux"
"1989-11-21 08:00","1989","11","21","08:00"," ","4,50","","-5,40","","49,00","","35,00","","9,00","","25,00","","98,45","","","","","","Généralement nuageux"
"1989-11-21 09:00","1989","11","21","09:00"," ","5,60","","-5,30","","45,00","","35,00","","15,00","","25,00","","98,51","","","","","","Généralement dégagé"
"1989-11-21 10:00","1989","11","21","10:00"," ","5,70","","-5,20","","45,00","","7,00","","15,00","","25,00","","98,61","","","","","","Généralement nuageux"
"1989-11-21 11:00","1989","11","21","11:00"," ","6,20","","-5,70","","42,00","","1,00","","13,00","","25,00","","98,64","","","","","","Généralement nuageux"
"1989-11-21 12:00","1989","11","21","12:00"," ","7,00","","-5,50","","40,00","","36,00","","11,00","","25,00","","98,64","","","","","","Généralement dégagé"
"1989-11-21 13:00","1989","11","21","13:00"," ","6,80","","-5,10","","42,00","","33,00","","7,00","","25,00","","98,68","","","","","","Généralement dégagé"
"1989-11-21 14:00","1989","11","21","14:00"," ","7,40","","-4,80","","42,00","","32,00","","6,00","","25,00","","98,61","","","","","","Généralement dégagé"
"1989-11-21 15:00","1989","11","21","15:00"," ","4,40","","-3,40","","57,00","","32,00","","9,00","","25,00","","98,54","","","","","","Généralement dégagé"
"1989-11-21 16:00","1989","11","21","16:00"," ","4,30","","-5,60","","48,00","","33,00","","9,00","","25,00","","98,64","","","","","","Généralement nuageux"
"1989-11-21 17:00","1989","11","21","17:00"," ","1,20","","-5,40","","61,00","","35,00","","9,00","","25,00","","98,68","","","","","","Généralement nuageux"
"1989-11-21 18:00","1989","11","21","18:00"," ","0,30","","-5,60","","64,00","","1,00","","9,00","","25,00","","98,74","","","","","","Généralement nuageux"
"1989-11-21 19:00","1989","11","21","19:00"," ","0,00","","-5,50","","66,00","","36,00","","4,00","","25,00","","98,77","","","","-1,00","","Généralement nuageux"
"1989-11-21 20:00","1989","11","21","20:00"," ","0,00","","-5,00","","69,00","","36,00","","11,00","","25,00","","98,74","","","","-4,00","","Généralement nuageux"
"1989-11-21 21:00","1989","11","21","21:00"," ","0,60","","-4,80","","67,00","","1,00","","7,00","","25,00","","98,74","","","","","","Généralement nuageux"
"1989-11-21 22:00","1989","11","21","22:00"," ","0,00","","-5,10","","68,00","","3,00","","9,00","","25,00","","98,81","","","","-3,00","","Généralement dégagé"
"1989-11-21 23:00","1989","11","21","23:00"," ","-0,70","","-5,30","","71,00","","1,00","","9,00","","25,00","","98,81","","","","-4,00","","Généralement dégagé"
"1989-11-22 00:00","1989","11","22","00:00"," ","-0,20","","-5,70","","66,00","","1,00","","9,00","","25,00","","98,81","","","","-3,00","","Généralement dégagé"
"1989-11-22 01:00","1989","11","22","01:00"," ","-0,90","","-5,40","","71,00","","2,00","","9,00","","25,00","","98,81","","","","-4,00","","Dégagé"
"1989-11-22 02:00","1989","11","22","02:00"," ","-2,00","","-6,20","","73,00","","2,00","","7,00","","25,00","","98,81","","","","-5,00","","Dégagé"
"1989-11-22 03:00","1989","11","22","03:00"," ","-3,70","","-7,90","","73,00","","36,00","","7,00","","25,00","","98,74","","","","-7,00","","Dégagé"
"1989-11-22 04:00","1989","11","22","04:00"," ","-3,80","","-7,80","","74,00","","1,00","","11,00","","25,00","","98,68","","","","-8,00","","Dégagé"
"1989-11-22 05:00","1989","11","22","05:00"," ","-4,00","","-8,00","","74,00","","34,00","","9,00","","25,00","","98,68","","","","-8,00","","Dégagé"
"1989-11-22 06:00","1989","11","22","06:00"," ","-4,00","","-8,10","","73,00","","36,00","","7,00","","25,00","","98,61","","","","-7,00","","Dégagé"
"1989-11-22 07:00","1989","11","22","07:00"," ","-4,00","","-8,00","","74,00","","1,00","","7,00","","25,00","","98,61","","","","-7,00","","Généralement nuageux"
"1989-11-22 08:00","1989","11","22","08:00"," ","-1,50","","-5,60","","73,00","","2,00","","7,00","","25,00","","98,58","","","","-4,00","","Généralement nuageux"
"1989-11-22 09:00","1989","11","22","09:00"," ","0,20","","-4,60","","70,00","","36,00","","6,00","","25,00","","98,54","","","","","","Généralement nuageux"
"1989-11-22 10:00","1989","11","22","10:00"," ","2,00","","-4,10","","64,00","","35,00","","4,00","","25,00","","98,48","","","","","","Généralement nuageux"
"1989-11-22 11:00","1989","11","22","11:00"," ","2,40","","-4,30","","61,00","","36,00","","11,00","","25,00","","98,45","","","","","","Généralement nuageux"
"1989-11-22 12:00","1989","11","22","12:00"," ","2,50","","-4,30","","61,00","","1,00","","15,00","","25,00","","98,38","","","","","","Généralement nuageux"
"1989-11-22 13:00","1989","11","22","13:00"," ","2,80","","-4,50","","59,00","","1,00","","11,00","","25,00","","98,25","","","","","","Généralement nuageux"
"1989-11-22 14:00","1989","11","22","14:00"," ","2,00","","-5,10","","59,00","","36,00","","11,00","","25,00","","98,15","","","","","","Généralement dégagé"
"1989-11-22 15:00","1989","11","22","15:00"," ","0,60","","-5,40","","64,00","","32,00","","9,00","","25,00","","98,09","","","","","","Généralement dégagé"
"1989-11-22 16:00","1989","11","22","16:00"," ","-0,50","","-5,40","","69,00","","0,00","","0,00","","25,00","","97,99","","","","","","Généralement dégagé"
"1989-11-22 17:00","1989","11","22","17:00"," ","-2,00","","-6,30","","72,00","","35,00","","6,00","","25,00","","97,92","","","","-4,00","","Dégagé"
"1989-11-22 18:00","1989","11","22","18:00"," ","-2,60","","-6,80","","73,00","","0,00","","0,00","","25,00","","97,89","","","","","","Dégagé"
"1989-11-22 19:00","1989","11","22","19:00"," ","-4,40","","-8,20","","74,00","","0,00","","0,00","","25,00","","97,82","","","","","","Dégagé"
"1989-11-22 20:00","1989","11","22","20:00"," ","-4,80","","-8,30","","76,00","","0,00","","0,00","","25,00","","97,76","","","","","","Dégagé"
"1989-11-22 21:00","1989","11","22","21:00"," ","-4,10","","-7,30","","78,00","","0,00","","0,00","","24,10","","97,69","","","","","","Généralement dégagé"
"1989-11-22 22:00","1989","11","22","22:00"," ","-5,10","","-8,00","","80,00","","0,00","","0,00","","24,10","","97,63","","","","","","Généralement dégagé"
"1989-11-22 23:00","1989","11","22","23:00"," ","-4,40","","-7,70","","77,00","","4,00","","4,00","","24,10","","97,53","","","","-6,00","","Généralement dégagé"
"1989-11-23 00:00","1989","11","23","00:00"," ","-4,70","","-8,20","","76,00","","4,00","","4,00","","24,10","","97,40","","","","-6,00","","Généralement nuageux"
"1989-11-23 01:00","1989","11","23","01:00"," ","-5,20","","-8,60","","77,00","","34,00","","6,00","","19,30","","97,36","","","","-8,00","","Généralement dégagé"
"1989-11-23 02:00","1989","11","23","02:00"," ","-4,30","","-7,50","","78,00","","0,00","","0,00","","19,30","","97,27","","","","","","Neige"
"1989-11-23 03:00","1989","11","23","03:00"," ","-2,60","","-5,80","","79,00","","5,00","","4,00","","24,10","","97,17","","","","-4,00","","Nuageux"
"1989-11-23 04:00","1989","11","23","04:00"," ","-2,00","","-5,20","","78,00","","0,00","","0,00","","24,10","","97,04","","","","","","Nuageux"
"1989-11-23 05:00","1989","11","23","05:00"," ","-1,00","","-4,20","","79,00","","35,00","","4,00","","24,10","","96,91","","","","-2,00","","Nuageux"
"1989-11-23 06:00","1989","11","23","06:00"," ","-0,60","","-4,20","","76,00","","35,00","","9,00","","24,10","","96,81","","","","-4,00","","Nuageux"
"1989-11-23 07:00","1989","11","23","07:00"," ","2,70","","-3,60","","63,00","","15,00","","15,00","","25,00","","96,64","","","","","","Nuageux"
"1989-11-23 08:00","1989","11","23","08:00"," ","4,10","","-3,00","","60,00","","16,00","","20,00","","25,00","","96,51","","","","","","Nuageux"
"1989-11-23 09:00","1989","11","23","09:00"," ","4,40","","-3,40","","57,00","","18,00","","26,00","","25,00","","96,41","","","","","","Nuageux"
"1989-11-23 10:00","1989","11","23","10:00"," ","4,20","","-2,10","","63,00","","18,00","","28,00","","25,00","","96,35","","","","","","Nuageux"
"1989-11-23 11:00","1989","11","23","11:00"," ","4,10","","-2,50","","62,00","","19,00","","37,00","","25,00","","96,28","","","","","","Généralement nuageux"
"1989-11-23 12:00","1989","11","23","12:00"," ","3,90","","-2,40","","63,00","","19,00","","33,00","","25,00","","96,25","","","","","","Généralement nuageux"
"1989-11-23 13:00","1989","11","23","13:00"," ","4,20","","-2,30","","63,00","","19,00","","35,00","","25,00","","96,22","","","","","","Nuageux"
"1989-11-23 14:00","1989","11","23","14:00"," ","4,50","","-1,90","","63,00","","19,00","","33,00","","25,00","","96,22","","","","","","Averses de pluie"
"1989-11-23 15:00","1989","11","23","15:00"," ","4,50","","-2,50","","60,00","","18,00","","35,00","","25,00","","96,18","","","","","","Généralement dégagé"
"1989-11-23 16:00","1989","11","23","16:00"," ","3,90","","-1,90","","66,00","","18,00","","33,00","","25,00","","96,22","","","","","","Généralement dégagé"
"1989-11-23 17:00","1989","11","23","17:00"," ","4,00","","-1,40","","68,00","","17,00","","30,00","","25,00","","96,22","","","","","","Généralement dégagé"
"1989-11-23 18:00","1989","11","23","18:00"," ","3,60","","-1,40","","70,00","","18,00","","26,00","","24,10","","96,22","","","","","","Averses de pluie"
"1989-11-23 19:00","1989","11","23","19:00"," ","3,30","","-1,10","","73,00","","17,00","","24,00","","19,30","","96,28","","","","","","Averses de pluie"
"1989-11-23 20:00","1989","11","23","20:00"," ","2,70","","-1,20","","75,00","","18,00","","26,00","","25,00","","96,25","","","","","","Généralement nuageux"
"1989-11-23 21:00","1989","11","23","21:00"," ","2,90","","-1,00","","76,00","","20,00","","33,00","","25,00","","96,32","","","","","","Généralement nuageux"
"1989-11-23 22:00","1989","11","23","22:00"," ","3,20","","-1,00","","74,00","","19,00","","30,00","","25,00","","96,32","","","","","","Généralement dégagé"
"1989-11-23 23:00","1989","11","23","23:00"," ","3,00","","1,00","","87,00","","19,00","","24,00","","25,00","","96,35","","","","","","Généralement dégagé"
"1989-11-24 00:00","1989","11","24","00:00"," ","3,00","","-1,10","","74,00","","19,00","","28,00","","25,00","","96,35","","","","","","Généralement dégagé"
"1989-11-24 01:00","1989","11","24","01:00"," ","3,20","","-1,10","","73,00","","18,00","","19,00","","25,00","","96,38","","","","","","Nuageux"
"1989-11-24 02:00","1989","11","24","02:00"," ","3,00","","-1,60","","72,00","","19,00","","20,00","","25,00","","96,38","","","","","","Généralement dégagé"
"1989-11-24 03:00","1989","11","24","03:00"," ","3,20","","-1,60","","71,00","","19,00","","22,00","","25,00","","96,38","","","","","","Généralement dégagé"
"1989-11-24 04:00","1989","11","24","04:00"," ","3,10","","-1,60","","71,00","","19,00","","26,00","","25,00","","96,35","","","","","","Généralement dégagé"
"1989-11-24 05:00","1989","11","24","05:00"," ","2,60","","-2,70","","68,00","","19,00","","22,00","","25,00","","96,35","","","","","","Généralement dégagé"
"1989-11-24 06:00","1989","11","24","06:00"," ","2,70","","-2,70","","67,00","","19,00","","24,00","","25,00","","96,35","","","","","","Généralement nuageux"
"1989-11-24 07:00","1989","11","24","07:00"," ","2,70","","-2,70","","67,00","","19,00","","22,00","","25,00","","96,32","","","","","","Généralement nuageux"
"1989-11-24 08:00","1989","11","24","08:00"," ","2,30","","-3,30","","67,00","","18,00","","19,00","","25,00","","96,28","","","","","","Généralement nuageux"
"1989-11-24 09:00","1989","11","24","09:00"," ","2,80","","-3,00","","66,00","","17,00","","22,00","","25,00","","96,35","","","","","","Nuageux"
"1989-11-24 10:00","1989","11","24","10:00"," ","2,60","","-3,00","","66,00","","18,00","","24,00","","25,00","","96,35","","","","","","Nuageux"
"1989-11-24 11:00","1989","11","24","11:00"," ","3,10","","-2,90","","65,00","","19,00","","22,00","","25,00","","96,28","","","","","","Généralement nuageux"
"1989-11-24 12:00","1989","11","24","12:00"," ","3,90","","-2,50","","63,00","","18,00","","22,00","","25,00","","96,22","","","","","","Généralement nuageux"
"1989-11-24 13:00","1989","11","24","13:00"," ","3,90","","-2,40","","63,00","","18,00","","26,00","","25,00","","96,12","","","","","","Généralement nuageux"
"1989-11-24 14:00","1989","11","24","14:00"," ","4,40","","-1,90","","64,00","","18,00","","26,00","","25,00","","96,12","","","","","","Généralement nuageux"
"1989-11-24 15:00","1989","11","24","15:00"," ","4,20","","-2,00","","64,00","","19,00","","28,00","","25,00","","96,12","","","","","","Généralement nuageux"
"1989-11-24 16:00","1989","11","24","16:00"," ","4,30","","-2,70","","60,00","","19,00","","22,00","","25,00","","96,12","","","","","","Généralement nuageux"
"1989-11-24 17:00","1989","11","24","17:00"," ","4,60","","-2,90","","58,00","","19,00","","24,00","","25,00","","96,15","","","","","","Nuageux"
"1989-11-24 18:00","1989","11","24","18:00"," ","4,70","","-2,50","","59,00","","19,00","","26,00","","25,00","","96,12","","","","","","Nuageux"
"1989-11-24 19:00","1989","11","24","19:00"," ","4,50","","-1,90","","63,00","","18,00","","19,00","","25,00","","96,12","","","","","","Nuageux"
"1989-11-24 20:00","1989","11","24","20:00"," ","4,10","","-2,00","","64,00","","18,00","","11,00","","25,00","","96,12","","","","","","Nuageux"
"1989-11-24 21:00","1989","11","24","21:00"," ","4,20","","-1,90","","64,00","","18,00","","20,00","","25,00","","96,12","","","","","","Nuageux"
"1989-11-24 22:00","1989","11","24","22:00"," ","4,10","","-1,80","","65,00","","19,00","","22,00","","25,00","","96,15","","","","","","Nuageux"
"1989-11-24 23:00","1989","11","24","23:00"," ","3,90","","-2,60","","62,00","","18,00","","26,00","","25,00","","96,18","","","","","","Généralement nuageux"
"1989-11-25 00:00","1989","11","25","00:00"," ","3,80","","-1,90","","66,00","","18,00","","19,00","","25,00","","96,25","","","","","","Généralement dégagé"
"1989-11-25 01:00","1989","11","25","01:00"," ","3,90","","-2,60","","62,00","","18,00","","20,00","","25,00","","96,25","","","","","","Généralement dégagé"
"1989-11-25 02:00","1989","11","25","02:00"," ","3,20","","-2,60","","65,00","","18,00","","22,00","","25,00","","96,25","","","","","","Généralement nuageux"
"1989-11-25 03:00","1989","11","25","03:00"," ","3,30","","-1,90","","69,00","","18,00","","19,00","","25,00","","96,28","","","","","","Généralement nuageux"
"1989-11-25 04:00","1989","11","25","04:00"," ","3,10","","-2,80","","65,00","","18,00","","19,00","","25,00","","96,35","","","","","","Généralement nuageux"
"1989-11-25 05:00","1989","11","25","05:00"," ","1,70","","-3,20","","70,00","","12,00","","7,00","","25,00","","96,38","","","","","","Généralement dégagé"
"1989-11-25 06:00","1989","11","25","06:00"," ","0,70","","-3,50","","73,00","","27,00","","7,00","","25,00","","96,45","","","","","","Généralement nuageux"
"1989-11-25 07:00","1989","11","25","07:00"," ","-2,30","","-6,30","","74,00","","2,00","","2,00","","25,00","","96,51","","","","-3,00","","Généralement nuageux"
"1989-11-25 08:00","1989","11","25","08:00"," ","-1,60","","-5,00","","78,00","","0,00","","0,00","","25,00","","96,54","","","","","","Généralement nuageux"
"1989-11-25 09:00","1989","11","25","09:00"," ","0,00","","-4,80","","70,00","","0,00","","0,00","","25,00","","96,58","","","","","","Généralement nuageux"
"1989-11-25 10:00","1989","11","25","10:00"," ","3,80","","-2,30","","65,00","","17,00","","17,00","","25,00","","96,61","","","","","","Généralement nuageux"
"1989-11-25 11:00","1989","11","25","11:00"," ","4,60","","-2,80","","59,00","","16,00","","20,00","","25,00","","96,64","","","","","","Généralement dégagé"
"1989-11-25 12:00","1989","11","25","12:00"," ","4,40","","-2,60","","60,00","","17,00","","26,00","","25,00","","96,61","","","","","","Généralement nuageux"
"1989-11-25 13:00","1989","11","25","13:00"," ","4,30","","-2,70","","60,00","","17,00","","22,00","","25,00","","96,58","","","","","","Généralement nuageux"
"1989-11-25 14:00","1989","11","25","14:00"," ","5,20","","-2,50","","57,00","","18,00","","22,00","","25,00","","96,58","","","","","","Généralement nuageux"
"1989-11-25 15:00","1989","11","25","15:00"," ","4,50","","-2,50","","60,00","","17,00","","15,00","","25,00","","96,54","","","","","","Généralement dégagé"
"1989-11-25 16:00","1989","11","25","16:00"," ","3,90","","-2,50","","63,00","","16,00","","13,00","","25,00","","96,48","","","","","","Généralement dégagé"
"1989-11-25 17:00","1989","11","25","17:00"," ","2,20","","-3,90","","64,00","","21,00","","4,00","","25,00","","96,48","","","","","","Généralement dégagé"
"1989-11-25 18:00","1989","11","25","18:00"," ","-0,80","","-5,00","","73,00","","0,00","","0,00","","25,00","","96,48","","","","","","Généralement dégagé"
"1989-11-25 19:00","1989","11","25","19:00"," ","-0,50","","-4,30","","76,00","","35,00","","4,00","","25,00","","96,51","","","","-2,00","","Nuageux"
"1989-11-25 20:00","1989","11","25","20:00"," ","0,00","","-4,20","","73,00","","0,00","","0,00","","25,00","","96,48","","","","","","Généralement nuageux"
"1989-11-25 21:00","1989","11","25","21:00"," ","0,90","","-4,30","","68,00","","1,00","","6,00","","25,00","","96,48","","","","","","Généralement nuageux"
"1989-11-25 22:00","1989","11","25","22:00"," ","1,80","","-3,20","","69,00","","0,00","","0,00","","25,00","","96,45","","","","","","Nuageux"
"1989-11-25 23:00","1989","11","25","23:00"," ","0,50","","-3,80","","73,00","","1,00","","6,00","","25,00","","96,41","","","","","","Généralement nuageux"
"1989-11-26 00:00","1989","11","26","00:00"," ","0,30","","-4,00","","73,00","","36,00","","4,00","","25,00","","96,38","","","","","","Généralement nuageux"
"1989-11-26 01:00","1989","11","26","01:00"," ","-0,10","","-4,00","","75,00","","36,00","","7,00","","25,00","","96,38","","","","-3,00","","Généralement nuageux"
"1989-11-26 02:00","1989","11","26","02:00"," ","0,60","","-2,90","","77,00","","36,00","","7,00","","25,00","","96,35","","","","","","Généralement nuageux"
"1989-11-26 03:00","1989","11","26","03:00"," ","1,10","","-2,80","","75,00","","33,00","","7,00","","25,00","","96,35","","","","","","Nuageux"
"1989-11-26 04:00","1989","11","26","04:00"," ","1,50","","-2,80","","73,00","","1,00","","11,00","","25,00","","96,35","","","","","","Nuageux"
"1989-11-26 05:00","1989","11","26","05:00"," ","1,50","","-2,80","","73,00","","35,00","","11,00","","25,00","","96,35","","","","","","Nuageux"
"1989-11-26 06:00","1989","11","26","06:00"," ","1,80","","-4,30","","64,00","","35,00","","11,00","","25,00","","96,45","","","","","","Généralement nuageux"
"1989-11-26 07:00","1989","11","26","07:00"," ","1,60","","-4,10","","66,00","","35,00","","11,00","","25,00","","96,54","","","","","","Averses de neige"
"1989-11-26 08:00","1989","11","26","08:00"," ","1,50","","-3,40","","70,00","","34,00","","7,00","","12,90","","96,58","","","","","","Averses de neige"
"1989-11-26 09:00","1989","11","26","09:00"," ","1,20","","-2,30","","77,00","","4,00","","7,00","","8,00","","96,71","","","","","","Averses de neige"
"1989-11-26 10:00","1989","11","26","10:00"," ","1,00","","-1,90","","81,00","","4,00","","7,00","","3,20","","96,77","","","","","","Averses de neige"
"1989-11-26 11:00","1989","11","26","11:00"," ","1,80","","-1,90","","77,00","","3,00","","6,00","","16,10","","96,81","","","","","","Nuageux"
"1989-11-26 12:00","1989","11","26","12:00"," ","2,90","","-1,90","","71,00","","2,00","","7,00","","24,10","","96,84","","","","","","Généralement nuageux"
"1989-11-26 13:00","1989","11","26","13:00"," ","3,20","","-2,30","","67,00","","36,00","","7,00","","25,00","","96,94","","","","","","Généralement nuageux"
"1989-11-26 14:00","1989","11","26","14:00"," ","2,80","","-2,30","","69,00","","36,00","","6,00","","25,00","","97,04","","","","","","Généralement nuageux"
"1989-11-26 15:00","1989","11","26","15:00"," ","2,80","","-2,70","","67,00","","35,00","","7,00","","25,00","","97,17","","","","","","Généralement nuageux"
"1989-11-26 16:00","1989","11","26","16:00"," ","2,00","","-3,40","","67,00","","34,00","","6,00","","25,00","","97,27","","","","","","Généralement nuageux"
"1989-11-26 17:00","1989","11","26","17:00"," ","0,30","","-4,50","","70,00","","36,00","","7,00","","25,00","","97,33","","","","","","Généralement dégagé"
"1989-11-26 18:00","1989","11","26","18:00"," ","-0,90","","-4,40","","77,00","","34,00","","4,00","","25,00","","97,46","","","","-2,00","","Généralement nuageux"
"1989-11-26 19:00","1989","11","26","19:00"," ","-0,40","","-3,90","","77,00","","0,00","","0,00","","25,00","","97,56","","","","","","Généralement nuageux"
"1989-11-26 20:00","1989","11","26","20:00"," ","-0,60","","-4,30","","76,00","","0,00","","0,00","","25,00","","97,66","","","","","","Nuageux"
"1989-11-26 21:00","1989","11","26","21:00"," ","0,00","","-4,10","","74,00","","0,00","","0,00","","25,00","","97,72","","","","","","Généralement nuageux"
"1989-11-26 22:00","1989","11","26","22:00"," ","1,50","","-3,20","","71,00","","18,00","","9,00","","25,00","","97,82","","","","","","Généralement dégagé"
"1989-11-26 23:00","1989","11","26","23:00"," ","1,80","","-2,70","","72,00","","17,00","","19,00","","25,00","","97,95","","","","","","Généralement dégagé"
"1989-11-27 00:00","1989","11","27","00:00"," ","1,30","","-2,90","","74,00","","16,00","","15,00","","25,00","","98,05","","","","","","Généralement nuageux"
"1989-11-27 01:00","1989","11","27","01:00"," ","1,00","","-3,10","","74,00","","17,00","","13,00","","25,00","","98,18","","","","","","Généralement nuageux"
"1989-11-27 02:00","1989","11","27","02:00"," ","1,10","","-3,00","","74,00","","17,00","","13,00","","25,00","","98,25","","","","","","Généralement nuageux"
"1989-11-27 03:00","1989","11","27","03:00"," ","0,90","","-3,10","","75,00","","15,00","","15,00","","25,00","","98,31","","","","","","Généralement nuageux"
"1989-11-27 04:00","1989","11","27","04:00"," ","1,10","","-3,50","","71,00","","15,00","","15,00","","25,00","","98,41","","","","","","Généralement nuageux"
"1989-11-27 05:00","1989","11","27","05:00"," ","1,20","","-3,50","","71,00","","15,00","","6,00","","25,00","","98,51","","","","","","Nuageux"
"1989-11-27 06:00","1989","11","27","06:00"," ","1,10","","-3,50","","71,00","","17,00","","17,00","","25,00","","98,61","","","","","","Neige"
"1989-11-27 07:00","1989","11","27","07:00"," ","0,80","","-3,60","","72,00","","17,00","","11,00","","25,00","","98,64","","","","","","Nuageux"
"1989-11-27 08:00","1989","11","27","08:00"," ","0,80","","-3,60","","72,00","","17,00","","13,00","","25,00","","98,71","","","","","","Nuageux"
"1989-11-27 09:00","1989","11","27","09:00"," ","1,30","","-3,80","","69,00","","17,00","","13,00","","25,00","","98,81","","","","","","Nuageux"
"1989-11-27 10:00","1989","11","27","10:00"," ","2,00","","-3,50","","67,00","","16,00","","19,00","","25,00","","98,81","","","","","","Généralement nuageux"
"1989-11-27 11:00","1989","11","27","11:00"," ","2,10","","-3,40","","67,00","","16,00","","17,00","","25,00","","98,84","","","","","","Nuageux"
"1989-11-27 12:00","1989","11","27","12:00"," ","2,80","","-3,50","","63,00","","17,00","","20,00","","25,00","","98,81","","","","","","Nuageux"
"1989-11-27 13:00","1989","11","27","13:00"," ","3,20","","-3,50","","61,00","","18,00","","19,00","","25,00","","98,81","","","","","","Nuageux"
"1989-11-27 14:00","1989","11","27","14:00"," ","3,10","","-3,50","","62,00","","17,00","","22,00","","25,00","","98,81","","","","","","Nuageux"
"1989-11-27 15:00","1989","11","27","15:00"," ","3,20","","-3,70","","60,00","","17,00","","26,00","","25,00","","98,81","","","","","","Nuageux"
"1989-11-27 16:00","1989","11","27","16:00"," ","2,80","","-4,10","","60,00","","17,00","","24,00","","25,00","","98,84","","","","","","Généralement nuageux"
"1989-11-27 17:00","1989","11","27","17:00"," ","2,40","","-4,30","","61,00","","18,00","","26,00","","25,00","","98,84","","","","","","Généralement nuageux"
"1989-11-27 18:00","1989","11","27","18:00"," ","2,40","","-3,70","","64,00","","17,00","","30,00","","25,00","","98,84","","","","","","Généralement nuageux"
"1989-11-27 19:00","1989","11","27","19:00"," ","1,90","","-4,10","","64,00","","16,00","","22,00","","25,00","","98,87","","","","","","Généralement nuageux"
"1989-11-27 20:00","1989","11","27","20:00"," ","1,80","","-4,30","","64,00","","18,00","","30,00","","25,00","","98,94","","","","","","Nuageux"
"1989-11-27 21:00","1989","11","27","21:00"," ","1,60","","-3,70","","68,00","","18,00","","22,00","","25,00","","98,90","","","","","","Généralement nuageux"
"1989-11-27 22:00","1989","11","27","22:00"," ","1,70","","-3,60","","68,00","","18,00","","28,00","","25,00","","98,94","","","","","","Généralement nuageux"
"1989-11-27 23:00","1989","11","27","23:00"," ","2,00","","-3,40","","67,00","","17,00","","26,00","","25,00","","98,97","","","","","","Nuageux"
"1989-11-28 00:00","1989","11","28","00:00"," ","2,20","","-3,60","","65,00","","17,00","","22,00","","25,00","","98,97","","","","","","Nuageux"
"1989-11-28 01:00","1989","11","28","01:00"," ","2,30","","-3,00","","68,00","","16,00","","20,00","","24,10","","98,97","","","","","","Nuageux"
"1989-11-28 02:00","1989","11","28","02:00"," ","2,20","","-3,10","","68,00","","16,00","","20,00","","24,10","","98,90","","","","","","Nuageux"
"1989-11-28 03:00","1989","11","28","03:00"," ","2,20","","-3,60","","65,00","","17,00","","22,00","","24,10","","98,84","","","","","","Nuageux"
"1989-11-28 04:00","1989","11","28","04:00"," ","2,30","","-3,50","","66,00","","17,00","","20,00","","24,10","","98,81","","","","","","Nuageux"
"1989-11-28 05:00","1989","11","28","05:00"," ","2,30","","-3,00","","68,00","","18,00","","22,00","","24,10","","98,74","","","","","","Nuageux"
"1989-11-28 06:00","1989","11","28","06:00"," ","2,40","","-2,00","","73,00","","16,00","","22,00","","16,10","","98,71","","","","","","Pluie"
"1989-11-28 07:00","1989","11","28","07:00"," ","2,60","","-2,80","","68,00","","16,00","","19,00","","16,10","","98,64","","","","","","Pluie"
"1989-11-28 08:00","1989","11","28","08:00"," ","3,00","","-2,70","","66,00","","17,00","","19,00","","24,10","","98,71","","","","","","Nuageux"
"1989-11-28 09:00","1989","11","28","09:00"," ","3,30","","-2,40","","66,00","","19,00","","26,00","","24,10","","98,71","","","","","","Pluie"
"1989-11-28 10:00","1989","11","28","10:00"," ","2,90","","-1,60","","72,00","","17,00","","24,00","","16,10","","98,74","","","","","","Pluie"
"1989-11-28 11:00","1989","11","28","11:00"," ","3,10","","-1,20","","73,00","","18,00","","22,00","","16,10","","98,71","","","","","","Pluie"
"1989-11-28 12:00","1989","11","28","12:00"," ","3,20","","-0,90","","74,00","","17,00","","22,00","","16,10","","98,64","","","","","","Pluie"
"1989-11-28 13:00","1989","11","28","13:00"," ","4,00","","-0,90","","70,00","","17,00","","26,00","","24,10","","98,58","","","","","","Généralement nuageux"
"1989-11-28 14:00","1989","11","28","14:00"," ","4,50","","-1,30","","66,00","","17,00","","24,00","","25,00","","98,54","","","","","","Généralement nuageux"
"1989-11-28 15:00","1989","11","28","15:00"," ","4,40","","-1,30","","67,00","","17,00","","22,00","","25,00","","98,54","","","","","","Généralement nuageux"
"1989-11-28 16:00","1989","11","28","16:00"," ","4,40","","-1,50","","65,00","","17,00","","19,00","","25,00","","98,61","","","","","","Généralement nuageux"
"1989-11-28 17:00","1989","11","28","17:00"," ","4,60","","-2,00","","62,00","","18,00","","19,00","","25,00","","98,64","","","","","","Nuageux"
"1989-11-28 18:00","1989","11","28","18:00"," ","4,60","","-2,40","","60,00","","19,00","","28,00","","25,00","","98,64","","","","","","Nuageux"
"1989-11-28 19:00","1989","11","28","19:00"," ","4,60","","-2,40","","60,00","","18,00","","20,00","","25,00","","98,68","","","","","","Nuageux"
"1989-11-28 20:00","1989","11","28","20:00"," ","4,60","","-2,40","","60,00","","18,00","","19,00","","25,00","","98,71","","","","","","Nuageux"
"1989-11-28 21:00","1989","11","28","21:00"," ","4,40","","-1,90","","64,00","","18,00","","17,00","","25,00","","98,74","","","","","","Nuageux"
"1989-11-28 22:00","1989","11","28","22:00"," ","4,10","","-1,90","","65,00","","18,00","","20,00","","25,00","","98,74","","","","","","Nuageux"
"1989-11-28 23:00","1989","11","28","23:00"," ","4,10","","-1,90","","65,00","","17,00","","17,00","","25,00","","98,77","","","","","","Nuageux"
"1989-11-29 00:00","1989","11","29","00:00"," ","4,10","","-1,90","","65,00","","17,00","","19,00","","25,00","","98,81","","","","","","Nuageux"
"1989-11-29 01:00","1989","11","29","01:00"," ","3,80","","-2,30","","65,00","","18,00","","13,00","","25,00","","98,81","","","","","","Nuageux"
"1989-11-29 02:00","1989","11","29","02:00"," ","3,50","","-2,30","","66,00","","16,00","","15,00","","25,00","","98,81","","","","","","Nuageux"
"1989-11-29 03:00","1989","11","29","03:00"," ","3,50","","-2,30","","66,00","","16,00","","17,00","","25,00","","98,84","","","","","","Nuageux"
"1989-11-29 04:00","1989","11","29","04:00"," ","3,30","","-2,60","","65,00","","18,00","","19,00","","25,00","","98,81","","","","","","Nuageux"
"1989-11-29 05:00","1989","11","29","05:00"," ","3,50","","-3,00","","62,00","","18,00","","19,00","","25,00","","98,84","","","","","","Nuageux"
"1989-11-29 06:00","1989","11","29","06:00"," ","3,60","","-3,00","","62,00","","18,00","","15,00","","25,00","","98,84","","","","","","Nuageux"
"1989-11-29 07:00","1989","11","29","07:00"," ","3,20","","-3,00","","64,00","","17,00","","19,00","","25,00","","98,81","","","","","","Nuageux"
"1989-11-29 08:00","1989","11","29","08:00"," ","3,30","","-3,10","","63,00","","18,00","","19,00","","25,00","","98,84","","","","","","Nuageux"
"1989-11-29 09:00","1989","11","29","09:00"," ","3,20","","-3,30","","62,00","","18,00","","19,00","","25,00","","98,87","","","","","","Nuageux"
"1989-11-29 10:00","1989","11","29","10:00"," ","3,40","","-3,30","","62,00","","18,00","","22,00","","25,00","","98,90","","","","","","Généralement nuageux"
"1989-11-29 11:00","1989","11","29","11:00"," ","3,80","","-3,00","","61,00","","19,00","","22,00","","25,00","","98,87","","","","","","Généralement nuageux"
"1989-11-29 12:00","1989","11","29","12:00"," ","4,80","","-2,70","","58,00","","19,00","","22,00","","25,00","","98,84","","","","","","Généralement nuageux"
"1989-11-29 13:00","1989","11","29","13:00"," ","5,00","","-2,50","","58,00","","18,00","","22,00","","25,00","","98,81","","","","","","Généralement nuageux"
"1989-11-29 14:00","1989","11","29","14:00"," ","4,30","","-2,60","","61,00","","18,00","","22,00","","25,00","","98,77","","","","","","Généralement nuageux"
"1989-11-29 15:00","1989","11","29","15:00"," ","4,30","","-2,50","","61,00","","19,00","","22,00","","25,00","","98,77","","","","","","Généralement nuageux"
"1989-11-29 16:00","1989","11","29","16:00"," ","4,30","","-2,70","","60,00","","18,00","","19,00","","25,00","","98,77","","","","","","Généralement nuageux"
"1989-11-29 17:00","1989","11","29","17:00"," ","3,30","","-2,80","","64,00","","16,00","","19,00","","25,00","","98,77","","","","","","Généralement nuageux"
"1989-11-29 18:00","1989","11","29","18:00"," ","2,80","","-2,70","","67,00","","16,00","","13,00","","25,00","","98,77","","","","","","Généralement nuageux"
"1989-11-29 19:00","1989","11","29","19:00"," ","3,00","","-2,70","","66,00","","18,00","","15,00","","25,00","","98,77","","","","","","Généralement dégagé"
"1989-11-29 20:00","1989","11","29","20:00"," ","2,70","","-2,70","","67,00","","18,00","","19,00","","25,00","","98,74","","","","","","Généralement dégagé"
"1989-11-29 21:00","1989","11","29","21:00"," ","2,70","","-2,70","","67,00","","17,00","","19,00","","25,00","","98,74","","","","","","Généralement dégagé"
"1989-11-29 22:00","1989","11","29","22:00"," ","2,50","","-3,00","","67,00","","17,00","","15,00","","25,00","","98,77","","","","","","Généralement dégagé"
"1989-11-29 23:00","1989","11","29","23:00"," ","1,90","","-2,70","","71,00","","15,00","","13,00","","25,00","","98,84","","","","","","Généralement dégagé"
"1989-11-30 00:00","1989","11","30","00:00"," ","1,90","","-2,70","","71,00","","15,00","","9,00","","25,00","","98,84","","","","","","Généralement dégagé"
"1989-11-30 01:00","1989","11","30","01:00"," ","-1,00","","-5,00","","74,00","","2,00","","7,00","","25,00","","98,81","","","","-4,00","","Généralement dégagé"
"1989-11-30 02:00","1989","11","30","02:00"," ","-2,20","","-6,00","","75,00","","0,00","","0,00","","25,00","","98,84","","","","","","Généralement dégagé"
"1989-11-30 03:00","1989","11","30","03:00"," ","-3,30","","-6,70","","77,00","","0,00","","0,00","","24,10","","98,84","","","","","","Généralement dégagé"
"1989-11-30 04:00","1989","11","30","04:00"," ","-4,20","","-7,30","","79,00","","0,00","","0,00","","24,10","","98,84","","","","","","Généralement nuageux"
"1989-11-30 05:00","1989","11","30","05:00"," ","-4,10","","-7,20","","79,00","","0,00","","0,00","","24,10","","98,84","","","","","","Généralement nuageux"
"1989-11-30 06:00","1989","11","30","06:00"," ","-3,70","","-7,30","","76,00","","0,00","","0,00","","24,10","","98,84","","","","","","Généralement nuageux"
"1989-11-30 07:00","1989","11","30","07:00"," ","-3,30","","-6,80","","77,00","","0,00","","0,00","","25,00","","98,84","","","","","","Généralement nuageux"
"1989-11-30 08:00","1989","11","30","08:00"," ","-2,30","","-5,80","","77,00","","0,00","","0,00","","25,00","","98,84","","","","","","Généralement nuageux"
"1989-11-30 09:00","1989","11","30","09:00"," ","-1,30","","-5,40","","73,00","","0,00","","0,00","","25,00","","98,87","","","","","","Généralement nuageux"
"1989-11-30 10:00","1989","11","30","10:00"," ","1,40","","-4,10","","67,00","","16,00","","11,00","","25,00","","98,84","","","","","","Généralement dégagé"
"1989-11-30 11:00","1989","11","30","11:00"," ","2,90","","-2,70","","66,00","","20,00","","7,00","","25,00","","98,84","","","","","","Généralement dégagé"
"1989-11-30 12:00","1989","11","30","12:00"," ","3,40","","-3,20","","62,00","","17,00","","4,00","","25,00","","98,84","","","","","","Généralement dégagé"
"1989-11-30 13:00","1989","11","30","13:00"," ","3,80","","-3,30","","60,00","","32,00","","7,00","","25,00","","98,84","","","","","","Généralement dégagé"
"1989-11-30 14:00","1989","11","30","14:00"," ","3,80","","-3,90","","57,00","","32,00","","7,00","","25,00","","98,84","","","","","","Généralement dégagé"
"1989-11-30 15:00","1989","11","30","15:00"," ","2,30","","-3,60","","65,00","","31,00","","7,00","","25,00","","98,84","","","","","","Généralement nuageux"
"1989-11-30 16:00","1989","11","30","16:00"," ","0,50","","-4,30","","70,00","","31,00","","7,00","","25,00","","98,90","","","","","","Généralement dégagé"
"1989-11-30 17:00","1989","11","30","17:00"," ","-2,00","","-5,80","","75,00","","0,00","","0,00","","25,00","","98,90","","","","","","Généralement dégagé"
"1989-11-30 18:00","1989","11","30","18:00"," ","-2,80","","-6,30","","77,00","","35,00","","4,00","","25,00","","99,00","","","","-4,00","","Généralement dégagé"
"1989-11-30 19:00","1989","11","30","19:00"," ","-3,40","","-6,40","","80,00","","0,00","","0,00","","25,00","","99,07","","","","","","Généralement dégagé"
"1989-11-30 20:00","1989","11","30","20:00"," ","-4,40","","-7,30","","80,00","","0,00","","0,00","","25,00","","99,10","","","","","","Généralement dégagé"
"1989-11-30 21:00","1989","11","30","21:00"," ","-3,00","","-6,00","","80,00","","0,00","","0,00","","25,00","","99,13","","","","","","Dégagé"
"1989-11-30 22:00","1989","11","30","22:00"," ","-3,40","","-6,40","","80,00","","0,00","","0,00","","25,00","","99,17","","","","","","Dégagé"
"1989-11-30 23:00","1989","11","30","23:00"," ","-3,60","","-6,60","","80,00","","0,00","","0,00","","25,00","","99,20","","","","","","Dégagé"
