"Nom de la Station","SMITHERS A"
"Province","BRITISH COLUMBIA"
"Latitude","54,82"
"Longitude","-127,18"
"Altitude","521,80"
"Identification Climat","1077500"
"Identification OMM",""
"Identification TC","YYD"
"Toutes les heures sont exprimées en heure normale locale (HNL). Pour convertir l'heure locale en heure avancée de l'Est (HAE), ajoutez 1 heure s'il y a lieu."

"Légende"
"M","Données Manquantes"
"E","Valeur Estimée"
"ND","Non Disponible"
"**","Données fournies par un partenaire, non assujetties à un révision par les Archives climatiques nationales du Canada"

"Date/Heure","Année","Mois","Jour","Heure","Qualité des Données","Temp (°C)","Temp Indicateur","Point de rosée (°C)","Point de rosée Indicateur","Hum. rel (%)","Hum. rel. Indicateur","Dir. du vent (10s deg)","Dir. du vent Indicateur","Vit. du vent (km/h)","Vit. du vent Indicateur","Visibilité (km)","Visibilité Indicateur","Pression à la station (kPa)","Pression à la station Indicateur","Hmdx","Hmdx Indicateur","Refroid. éolien","Refroid. éolien Indicateur","Temps"
"2004-01-01 00:00","2004","01","01","00:00"," ","-8,10","","-8,70","","95,00","","0,00","","0,00","","16,10","","94,70","","","","","","Neige"
"2004-01-01 01:00","2004","01","01","01:00"," ","-8,00","","-8,60","","95,00","","0,00","","0,00","","24,10","","94,74","","","","","","Neige"
"2004-01-01 02:00","2004","01","01","02:00"," ","-7,90","","-8,60","","95,00","","0,00","","0,00","","24,10","","94,77","","","","","","Neige"
"2004-01-01 03:00","2004","01","01","03:00"," ","-8,10","","-8,80","","95,00","","0,00","","0,00","","16,10","","94,81","","","","","","Neige"
"2004-01-01 04:00","2004","01","01","04:00"," ","-8,60","","-9,50","","93,00","","0,00","","0,00","","16,10","","94,85","","","","","","Neige"
"2004-01-01 05:00","2004","01","01","05:00"," ","-8,30","","-8,90","","95,00","","0,00","","0,00","","6,40","","94,86","","","","","","Neige"
"2004-01-01 06:00","2004","01","01","06:00"," ","-8,20","","-9,00","","94,00","","0,00","","0,00","","12,90","","94,87","","","","","","Neige"
"2004-01-01 07:00","2004","01","01","07:00"," ","-8,70","","-9,40","","95,00","","0,00","","0,00","","4,80","","94,87","","","","","","Neige"
"2004-01-01 08:00","2004","01","01","08:00"," ","-9,60","","-10,20","","95,00","","0,00","","0,00","","8,00","","94,88","","","","","","Neige"
"2004-01-01 09:00","2004","01","01","09:00"," ","-9,00","","-9,30","","98,00","","0,00","","0,00","","8,00","","94,93","","","","","","Neige"
"2004-01-01 10:00","2004","01","01","10:00"," ","-8,90","","-9,50","","95,00","","0,00","","0,00","","8,00","","94,97","","","","","","Neige"
"2004-01-01 11:00","2004","01","01","11:00"," ","-8,80","","-9,50","","95,00","","0,00","","0,00","","16,10","","95,00","","","","","","Neige"
"2004-01-01 12:00","2004","01","01","12:00"," ","-7,90","","-9,10","","91,00","","0,00","","0,00","","16,10","","94,98","","","","","","Neige"
"2004-01-01 13:00","2004","01","01","13:00"," ","-7,20","","-8,80","","88,00","","0,00","","0,00","","24,10","","94,97","","","","","","Neige"
"2004-01-01 14:00","2004","01","01","14:00"," ","-6,80","","-7,90","","92,00","","0,00","","0,00","","24,10","","94,98","","","","","","Nuageux"
"2004-01-01 15:00","2004","01","01","15:00"," ","-6,70","","-7,60","","93,00","","0,00","","0,00","","12,90","","95,02","","","","","","Neige"
"2004-01-01 16:00","2004","01","01","16:00"," ","-6,70","","-7,60","","93,00","","0,00","","0,00","","16,10","","95,06","","","","","","Neige"
"2004-01-01 17:00","2004","01","01","17:00"," ","-6,80","","-10,50","","75,00","","19,00","","13,00","","16,10","","95,13","","","","-12,00","","Neige"
"2004-01-01 18:00","2004","01","01","18:00"," ","-7,30","","-11,20","","74,00","","18,00","","9,00","","16,10","","95,18","","","","-12,00","","Neige"
"2004-01-01 19:00","2004","01","01","19:00"," ","-7,90","","-12,40","","70,00","","18,00","","19,00","","24,10","","95,25","","","","-15,00","","Nuageux"
"2004-01-01 20:00","2004","01","01","20:00"," ","-8,80","","-13,90","","67,00","","18,00","","19,00","","32,20","","95,32","","","","-16,00","","Nuageux"
"2004-01-01 21:00","2004","01","01","21:00"," ","-9,20","","-14,50","","65,00","","18,00","","19,00","","32,20","","95,39","","","","-17,00","","Nuageux"
"2004-01-01 22:00","2004","01","01","22:00"," ","-9,60","","-15,20","","64,00","","18,00","","19,00","","32,20","","95,47","","","","-17,00","","Nuageux"
"2004-01-01 23:00","2004","01","01","23:00"," ","-10,40","","-15,70","","65,00","","19,00","","15,00","","32,20","","95,55","","","","-17,00","","Nuageux"
"2004-01-02 00:00","2004","01","02","00:00"," ","-10,90","","-16,20","","65,00","","18,00","","13,00","","32,20","","95,61","","","","-17,00","","Nuageux"
"2004-01-02 01:00","2004","01","02","01:00"," ","-11,20","","-16,40","","65,00","","17,00","","9,00","","32,20","","95,69","","","","-16,00","","Nuageux"
"2004-01-02 02:00","2004","01","02","02:00"," ","-11,60","","-17,40","","62,00","","19,00","","13,00","","32,20","","95,74","","","","-18,00","","Généralement nuageux"
"2004-01-02 03:00","2004","01","02","03:00"," ","-12,20","","-17,60","","64,00","","18,00","","15,00","","32,20","","95,79","","","","-19,00","","Généralement nuageux"
"2004-01-02 04:00","2004","01","02","04:00"," ","-13,50","","-18,30","","67,00","","15,00","","7,00","","32,20","","95,84","","","","-18,00","","Généralement nuageux"
"2004-01-02 05:00","2004","01","02","05:00"," ","-15,40","","-19,10","","73,00","","15,00","","7,00","","32,20","","95,89","","","","-20,00","","Généralement dégagé"
"2004-01-02 06:00","2004","01","02","06:00"," ","-16,60","","-19,20","","80,00","","14,00","","7,00","","32,20","","95,91","","","","-22,00","","Généralement dégagé"
"2004-01-02 07:00","2004","01","02","07:00"," ","-18,30","","-20,60","","82,00","","12,00","","11,00","","40,20","","95,92","","","","-26,00","","Généralement dégagé"
"2004-01-02 08:00","2004","01","02","08:00"," ","-19,00","","-20,90","","85,00","","15,00","","9,00","","40,20","","95,97","","","","-26,00","","Dégagé"
"2004-01-02 09:00","2004","01","02","09:00"," ","-20,30","","-21,30","","92,00","","18,00","","6,00","","40,20","","96,06","","","","-25,00","","Dégagé"
"2004-01-02 10:00","2004","01","02","10:00"," ","-20,30","","-22,00","","86,00","","16,00","","9,00","","40,20","","96,14","","","","-27,00","","Dégagé"
"2004-01-02 11:00","2004","01","02","11:00"," ","-19,90","","-21,90","","84,00","","18,00","","4,00","","40,20","","96,18","","","","-23,00","","Dégagé"
"2004-01-02 12:00","2004","01","02","12:00"," ","-18,20","","-21,50","","75,00","","16,00","","9,00","","40,20","","96,18","","","","-25,00","","Dégagé"
"2004-01-02 13:00","2004","01","02","13:00"," ","-17,40","","-21,30","","72,00","","0,00","","0,00","","40,20","","96,16","","","","","","Dégagé"
"2004-01-02 14:00","2004","01","02","14:00"," ","-16,10","","-23,10","","55,00","","0,00","","0,00","","40,20","","96,17","","","","","","Dégagé"
"2004-01-02 15:00","2004","01","02","15:00"," ","-15,20","","-22,30","","55,00","","0,00","","0,00","","40,20","","96,19","","","","","","Dégagé"
"2004-01-02 16:00","2004","01","02","16:00"," ","-19,90","","-23,70","","72,00","","0,00","","0,00","","40,20","","96,27","","","","","","Dégagé"
"2004-01-02 17:00","2004","01","02","17:00"," ","-20,70","","-23,90","","75,00","","0,00","","0,00","","40,20","","96,33","","","","","","Dégagé"
"2004-01-02 18:00","2004","01","02","18:00"," ","-22,10","","-25,40","","75,00","","0,00","","0,00","","40,20","","96,37","","","","","","Dégagé"
"2004-01-02 19:00","2004","01","02","19:00"," ","-21,90","","-25,20","","75,00","","0,00","","0,00","","40,20","","96,42","","","","","","Dégagé"
"2004-01-02 20:00","2004","01","02","20:00"," ","-24,10","","-27,60","","73,00","","0,00","","0,00","","40,20","","96,49","","","","","","Dégagé"
"2004-01-02 21:00","2004","01","02","21:00"," ","-24,50","","-28,40","","70,00","","0,00","","0,00","","40,20","","96,53","","","","","","Dégagé"
"2004-01-02 22:00","2004","01","02","22:00"," ","-24,90","","-27,80","","77,00","","0,00","","0,00","","40,20","","96,60","","","","","","Dégagé"
"2004-01-02 23:00","2004","01","02","23:00"," ","-25,70","","-29,50","","70,00","","0,00","","0,00","","40,20","","96,65","","","","","","Dégagé"
"2004-01-03 00:00","2004","01","03","00:00"," ","-25,50","","-28,10","","79,00","","0,00","","0,00","","40,20","","96,72","","","","","","Dégagé"
"2004-01-03 01:00","2004","01","03","01:00"," ","-26,40","","-29,50","","75,00","","0,00","","0,00","","40,20","","96,76","","","","","","Dégagé"
"2004-01-03 02:00","2004","01","03","02:00"," ","-28,40","","-29,40","","91,00","","0,00","","0,00","","40,20","","96,80","","","","","","Dégagé"
"2004-01-03 03:00","2004","01","03","03:00"," ","-28,80","","-31,40","","78,00","","0,00","","0,00","","40,20","","96,86","","","","","","Dégagé"
"2004-01-03 04:00","2004","01","03","04:00"," ","-26,90","","-30,30","","73,00","","0,00","","0,00","","40,20","","96,87","","","","","","Dégagé"
"2004-01-03 05:00","2004","01","03","05:00"," ","-26,90","","-30,40","","72,00","","0,00","","0,00","","40,20","","96,89","","","","","","Dégagé"
"2004-01-03 06:00","2004","01","03","06:00"," ","-29,10","","-30,50","","88,00","","0,00","","0,00","","40,20","","96,92","","","","","","Dégagé"
"2004-01-03 07:00","2004","01","03","07:00"," ","-28,80","","-32,60","","70,00","","0,00","","0,00","","40,20","","96,94","","","","","","Dégagé"
"2004-01-03 08:00","2004","01","03","08:00"," ","-28,50","","-33,00","","65,00","","0,00","","0,00","","40,20","","96,96","","","","","","Dégagé"
"2004-01-03 09:00","2004","01","03","09:00"," ","-28,90","","-31,60","","77,00","","0,00","","0,00","","40,20","","97,03","","","","","","Dégagé"
"2004-01-03 10:00","2004","01","03","10:00"," ","-27,30","","-30,60","","73,00","","0,00","","0,00","","40,20","","97,09","","","","","","Dégagé"
"2004-01-03 11:00","2004","01","03","11:00"," ","-26,50","","-29,80","","74,00","","0,00","","0,00","","40,20","","97,11","","","","","","Dégagé"
"2004-01-03 12:00","2004","01","03","12:00"," ","-24,60","","-27,50","","77,00","","18,00","","6,00","","40,20","","97,08","","","","-30,00","","Dégagé"
"2004-01-03 13:00","2004","01","03","13:00"," ","-24,20","","-27,20","","76,00","","0,00","","0,00","","40,20","","97,06","","","","","","Dégagé"
"2004-01-03 14:00","2004","01","03","14:00"," ","-22,10","","-24,40","","82,00","","0,00","","0,00","","40,20","","97,07","","","","","","Dégagé"
"2004-01-03 15:00","2004","01","03","15:00"," ","-21,60","","-24,70","","76,00","","0,00","","0,00","","40,20","","97,08","","","","","","Dégagé"
"2004-01-03 16:00","2004","01","03","16:00"," ","-24,80","","-28,40","","72,00","","0,00","","0,00","","40,20","","97,07","","","","","","Dégagé"
"2004-01-03 17:00","2004","01","03","17:00"," ","-26,40","","-29,70","","74,00","","0,00","","0,00","","40,20","","97,13","","","","","","Dégagé"
"2004-01-03 18:00","2004","01","03","18:00"," ","-26,20","","-30,30","","68,00","","0,00","","0,00","","40,20","","97,13","","","","","","Dégagé"
"2004-01-03 19:00","2004","01","03","19:00"," ","-27,90","","-31,90","","69,00","","0,00","","0,00","","40,20","","97,16","","","","","","Dégagé"
"2004-01-03 20:00","2004","01","03","20:00"," ","-28,80","","-32,40","","71,00","","0,00","","0,00","","40,20","","97,21","","","","","","Dégagé"
"2004-01-03 21:00","2004","01","03","21:00"," ","-27,90","","-31,40","","72,00","","0,00","","0,00","","40,20","","97,23","","","","","","Dégagé"
"2004-01-03 22:00","2004","01","03","22:00"," ","-28,10","","-31,40","","73,00","","0,00","","0,00","","40,20","","97,26","","","","","","Dégagé"
"2004-01-03 23:00","2004","01","03","23:00"," ","-29,20","","-33,20","","68,00","","0,00","","0,00","","40,20","","97,31","","","","","","Dégagé"
"2004-01-04 00:00","2004","01","04","00:00"," ","-30,20","","-34,00","","69,00","","0,00","","0,00","","40,20","","97,34","","","","","","Dégagé"
"2004-01-04 01:00","2004","01","04","01:00"," ","-28,70","","-32,20","","72,00","","0,00","","0,00","","40,20","","97,37","","","","","","Dégagé"
"2004-01-04 02:00","2004","01","04","02:00"," ","-29,70","","-33,80","","67,00","","0,00","","0,00","","40,20","","97,38","","","","","","Dégagé"
"2004-01-04 03:00","2004","01","04","03:00"," ","-29,10","","-32,30","","74,00","","0,00","","0,00","","40,20","","97,42","","","","","","Dégagé"
"2004-01-04 04:00","2004","01","04","04:00"," ","-29,60","","-33,70","","68,00","","0,00","","0,00","","40,20","","97,44","","","","","","Dégagé"
"2004-01-04 05:00","2004","01","04","05:00"," ","-31,20","","-35,20","","68,00","","0,00","","0,00","","40,20","","97,47","","","","","","Dégagé"
"2004-01-04 06:00","2004","01","04","06:00"," ","-29,20","","-32,60","","72,00","","0,00","","0,00","","40,20","","97,47","","","","","","Dégagé"
"2004-01-04 07:00","2004","01","04","07:00"," ","-30,50","","-34,00","","71,00","","0,00","","0,00","","40,20","","97,51","","","","","","Dégagé"
"2004-01-04 08:00","2004","01","04","08:00"," ","-30,00","","-33,90","","69,00","","15,00","","7,00","","40,20","","97,55","","","","-37,00","","Dégagé"
"2004-01-04 09:00","2004","01","04","09:00"," ","-31,90","","-35,90","","68,00","","0,00","","0,00","","40,20","","97,60","","","","","","Dégagé"
"2004-01-04 10:00","2004","01","04","10:00"," ","-29,90","","-33,90","","68,00","","0,00","","0,00","","40,20","","97,66","","","","","","Dégagé"
"2004-01-04 11:00","2004","01","04","11:00"," ","-27,90","","-31,60","","71,00","","16,00","","6,00","","40,20","","97,69","","","","-34,00","","Dégagé"
"2004-01-04 12:00","2004","01","04","12:00"," ","-25,70","","-29,10","","73,00","","15,00","","6,00","","40,20","","97,66","","","","-32,00","","Dégagé"
"2004-01-04 13:00","2004","01","04","13:00"," ","-24,70","","-27,90","","75,00","","15,00","","6,00","","40,20","","97,67","","","","-30,00","","Dégagé"
"2004-01-04 14:00","2004","01","04","14:00"," ","-23,70","","-27,30","","72,00","","0,00","","0,00","","40,20","","97,63","","","","","","Dégagé"
"2004-01-04 15:00","2004","01","04","15:00"," ","-24,10","","-27,80","","71,00","","0,00","","0,00","","40,20","","97,66","","","","","","Dégagé"
"2004-01-04 16:00","2004","01","04","16:00"," ","-25,80","","-29,70","","70,00","","0,00","","0,00","","40,20","","97,68","","","","","","Dégagé"
"2004-01-04 17:00","2004","01","04","17:00"," ","-27,20","","-31,40","","67,00","","0,00","","0,00","","40,20","","97,68","","","","","","Dégagé"
"2004-01-04 18:00","2004","01","04","18:00"," ","-28,10","","-31,90","","70,00","","0,00","","0,00","","40,20","","97,69","","","","","","Dégagé"
"2004-01-04 19:00","2004","01","04","19:00"," ","-28,80","","-33,30","","65,00","","0,00","","0,00","","40,20","","97,70","","","","","","Dégagé"
"2004-01-04 20:00","2004","01","04","20:00"," ","-28,70","","-32,10","","72,00","","0,00","","0,00","","40,20","","97,72","","","","","","Dégagé"
"2004-01-04 21:00","2004","01","04","21:00"," ","-29,00","","-33,10","","68,00","","0,00","","0,00","","40,20","","97,75","","","","","","Dégagé"
"2004-01-04 22:00","2004","01","04","22:00"," ","-30,20","","-34,40","","67,00","","0,00","","0,00","","40,20","","97,79","","","","","","Dégagé"
"2004-01-04 23:00","2004","01","04","23:00"," ","-31,10","","-35,80","","63,00","","0,00","","0,00","","40,20","","97,85","","","","","","Dégagé"
"2004-01-05 00:00","2004","01","05","00:00"," ","-31,70","","-36,90","","60,00","","0,00","","0,00","","40,20","","97,88","","","","","","Dégagé"
"2004-01-05 01:00","2004","01","05","01:00"," ","-29,90","","-33,30","","72,00","","0,00","","0,00","","40,20","","97,91","","","","","","Dégagé"
"2004-01-05 02:00","2004","01","05","02:00"," ","-29,60","","-33,60","","68,00","","0,00","","0,00","","40,20","","97,94","","","","","","Dégagé"
"2004-01-05 03:00","2004","01","05","03:00"," ","-30,40","","-33,10","","77,00","","0,00","","0,00","","40,20","","97,95","","","","","","Dégagé"
"2004-01-05 04:00","2004","01","05","04:00"," ","-32,50","","-35,20","","77,00","","0,00","","0,00","","40,20","","97,95","","","","","","Dégagé"
"2004-01-05 05:00","2004","01","05","05:00"," ","-31,70","","-36,20","","64,00","","0,00","","0,00","","40,20","","97,93","","","","","","Dégagé"
"2004-01-05 06:00","2004","01","05","06:00"," ","-31,60","","-36,60","","61,00","","0,00","","0,00","","40,20","","97,93","","","","","","Dégagé"
"2004-01-05 07:00","2004","01","05","07:00"," ","-31,20","","-35,20","","68,00","","0,00","","0,00","","40,20","","97,95","","","","","","Dégagé"
"2004-01-05 08:00","2004","01","05","08:00"," ","-32,40","","-36,80","","65,00","","0,00","","0,00","","40,20","","97,93","","","","","","Dégagé"
"2004-01-05 09:00","2004","01","05","09:00"," ","-31,70","","-35,30","","70,00","","0,00","","0,00","","40,20","","97,93","","","","","","Dégagé"
"2004-01-05 10:00","2004","01","05","10:00"," ","-30,70","","-34,40","","70,00","","0,00","","0,00","","40,20","","97,95","","","","","","Dégagé"
"2004-01-05 11:00","2004","01","05","11:00"," ","-28,90","","-33,30","","66,00","","0,00","","0,00","","40,20","","97,93","","","","","","Dégagé"
"2004-01-05 12:00","2004","01","05","12:00"," ","-25,60","","-29,00","","73,00","","14,00","","11,00","","40,20","","97,85","","","","-34,00","","Dégagé"
"2004-01-05 13:00","2004","01","05","13:00"," ","-23,90","","-27,70","","71,00","","16,00","","9,00","","40,20","","97,80","","","","-31,00","","Dégagé"
"2004-01-05 14:00","2004","01","05","14:00"," ","-22,50","","-27,40","","64,00","","15,00","","11,00","","40,20","","97,70","","","","-31,00","","Dégagé"
"2004-01-05 15:00","2004","01","05","15:00"," ","-23,00","","-28,30","","62,00","","25,00","","6,00","","40,20","","97,67","","","","-28,00","","Dégagé"
"2004-01-05 16:00","2004","01","05","16:00"," ","-25,60","","-29,90","","67,00","","0,00","","0,00","","40,20","","97,60","","","","","","Dégagé"
"2004-01-05 17:00","2004","01","05","17:00"," ","-26,50","","-30,70","","68,00","","0,00","","0,00","","40,20","","97,51","","","","","","Dégagé"
"2004-01-05 18:00","2004","01","05","18:00"," ","-26,80","","-31,20","","66,00","","0,00","","0,00","","40,20","","97,42","","","","","","Dégagé"
"2004-01-05 19:00","2004","01","05","19:00"," ","-28,90","","-33,20","","66,00","","0,00","","0,00","","40,20","","97,33","","","","","","Dégagé"
"2004-01-05 20:00","2004","01","05","20:00"," ","-28,30","","-32,70","","66,00","","0,00","","0,00","","40,20","","97,25","","","","","","Dégagé"
"2004-01-05 21:00","2004","01","05","21:00"," ","-28,30","","-32,60","","67,00","","0,00","","0,00","","40,20","","97,17","","","","","","Dégagé"
"2004-01-05 22:00","2004","01","05","22:00"," ","-28,70","","-33,40","","64,00","","0,00","","0,00","","40,20","","97,11","","","","","","Dégagé"
"2004-01-05 23:00","2004","01","05","23:00"," ","-29,60","","-34,30","","64,00","","0,00","","0,00","","40,20","","97,02","","","","","","Dégagé"
"2004-01-06 00:00","2004","01","06","00:00"," ","-25,80","","-29,90","","68,00","","0,00","","0,00","","40,20","","96,93","","","","","","Dégagé"
"2004-01-06 01:00","2004","01","06","01:00"," ","-25,80","","-29,90","","68,00","","13,00","","15,00","","40,20","","96,79","","","","-36,00","","Dégagé"
"2004-01-06 02:00","2004","01","06","02:00"," ","-29,60","","-33,90","","66,00","","15,00","","7,00","","40,20","","96,69","","","","-37,00","","Dégagé"
"2004-01-06 03:00","2004","01","06","03:00"," ","-26,60","","-31,40","","64,00","","13,00","","13,00","","40,20","","96,60","","","","-36,00","","Dégagé"
"2004-01-06 04:00","2004","01","06","04:00"," ","-26,20","","-30,80","","65,00","","13,00","","15,00","","40,20","","96,45","","","","-37,00","","Dégagé"
"2004-01-06 05:00","2004","01","06","05:00"," ","-26,60","","-31,10","","66,00","","15,00","","7,00","","40,20","","96,34","","","","-33,00","","Dégagé"
"2004-01-06 06:00","2004","01","06","06:00"," ","-26,60","","-31,20","","65,00","","14,00","","7,00","","40,20","","96,21","","","","-33,00","","Dégagé"
"2004-01-06 07:00","2004","01","06","07:00"," ","-27,10","","-31,80","","64,00","","13,00","","15,00","","40,20","","96,10","","","","-38,00","","Dégagé"
"2004-01-06 08:00","2004","01","06","08:00"," ","-27,00","","-31,70","","64,00","","13,00","","15,00","","40,20","","95,98","","","","-38,00","","Généralement dégagé"
"2004-01-06 09:00","2004","01","06","09:00"," ","-27,00","","-31,80","","64,00","","12,00","","15,00","","40,20","","95,89","","","","-38,00","","Généralement nuageux"
"2004-01-06 10:00","2004","01","06","10:00"," ","-26,50","","-31,60","","62,00","","12,00","","19,00","","40,20","","95,82","","","","-38,00","","Généralement nuageux"
"2004-01-06 11:00","2004","01","06","11:00"," ","-25,40","","-30,20","","64,00","","12,00","","13,00","","40,20","","95,75","","","","-35,00","","Généralement nuageux"
"2004-01-06 12:00","2004","01","06","12:00"," ","-24,30","","-29,50","","62,00","","12,00","","15,00","","40,20","","95,66","","","","-34,00","","Généralement nuageux"
"2004-01-06 13:00","2004","01","06","13:00"," ","-22,60","","-28,00","","61,00","","10,00","","15,00","","40,20","","95,54","","","","-32,00","","Généralement nuageux"
"2004-01-06 14:00","2004","01","06","14:00"," ","-21,40","","-27,20","","59,00","","11,00","","17,00","","40,20","","95,44","","","","-31,00","","Généralement nuageux"
"2004-01-06 15:00","2004","01","06","15:00"," ","-20,30","","-26,40","","58,00","","13,00","","19,00","","40,20","","95,35","","","","-31,00","","Généralement nuageux"
"2004-01-06 16:00","2004","01","06","16:00"," ","-20,10","","-25,80","","60,00","","13,00","","17,00","","24,10","","95,30","","","","-30,00","","Neige"
"2004-01-06 17:00","2004","01","06","17:00"," ","-20,20","","-24,20","","70,00","","12,00","","19,00","","3,20","","95,18","","","","-30,00","","Neige"
"2004-01-06 18:00","2004","01","06","18:00"," ","-20,10","","-24,00","","71,00","","12,00","","19,00","","3,20","","95,09","","","","-30,00","","Neige"
"2004-01-06 19:00","2004","01","06","19:00"," ","-19,80","","-24,10","","69,00","","13,00","","13,00","","3,20","","95,02","","","","-28,00","","Neige"
"2004-01-06 20:00","2004","01","06","20:00"," ","-19,70","","-23,10","","74,00","","14,00","","19,00","","3,20","","94,95","","","","-30,00","","Neige"
"2004-01-06 21:00","2004","01","06","21:00"," ","-19,50","","-23,30","","72,00","","12,00","","26,00","","3,20","","94,90","","","","-31,00","","Neige"
"2004-01-06 22:00","2004","01","06","22:00"," ","-19,30","","-22,70","","74,00","","11,00","","15,00","","2,40","","94,85","","","","-28,00","","Neige"
"2004-01-06 23:00","2004","01","06","23:00"," ","-18,70","","-22,80","","70,00","","12,00","","19,00","","1,60","","94,84","","","","-29,00","","Neige"
"2004-01-07 00:00","2004","01","07","00:00"," ","-18,60","","-22,30","","73,00","","13,00","","19,00","","3,20","","94,75","","","","-28,00","","Neige"
"2004-01-07 01:00","2004","01","07","01:00"," ","-18,20","","-22,20","","71,00","","11,00","","20,00","","4,80","","94,66","","","","-28,00","","Neige"
"2004-01-07 02:00","2004","01","07","02:00"," ","-18,20","","-22,00","","72,00","","12,00","","19,00","","3,20","","94,65","","","","-28,00","","Neige"
"2004-01-07 03:00","2004","01","07","03:00"," ","-18,00","","-21,30","","75,00","","12,00","","19,00","","4,00","","94,58","","","","-28,00","","Neige"
"2004-01-07 04:00","2004","01","07","04:00"," ","-18,10","","-21,30","","76,00","","12,00","","28,00","","3,20","","94,49","","","","-30,00","","Neige"
"2004-01-07 05:00","2004","01","07","05:00"," ","-17,70","","-21,20","","74,00","","12,00","","19,00","","3,20","","94,42","","","","-27,00","","Neige"
"2004-01-07 06:00","2004","01","07","06:00"," ","-17,80","","-21,40","","73,00","","12,00","","28,00","","4,80","","94,37","","","","-29,00","","Neige"
"2004-01-07 07:00","2004","01","07","07:00"," ","-17,70","","-20,80","","77,00","","13,00","","22,00","","2,40","","94,31","","","","-28,00","","Neige"
"2004-01-07 08:00","2004","01","07","08:00"," ","-17,00","","-20,30","","75,00","","13,00","","19,00","","4,80","","94,28","","","","-26,00","","Neige"
"2004-01-07 09:00","2004","01","07","09:00"," ","-17,00","","-20,60","","74,00","","14,00","","19,00","","24,10","","94,25","","","","-26,00","","Neige"
"2004-01-07 10:00","2004","01","07","10:00"," ","-16,40","","-20,00","","74,00","","12,00","","20,00","","24,10","","94,20","","","","-26,00","","Neige"
"2004-01-07 11:00","2004","01","07","11:00"," ","-16,20","","-19,10","","78,00","","12,00","","22,00","","4,80","","94,20","","","","-26,00","","Neige"
"2004-01-07 12:00","2004","01","07","12:00"," ","-15,30","","-18,50","","76,00","","12,00","","19,00","","8,00","","94,12","","","","-24,00","","Neige"
"2004-01-07 13:00","2004","01","07","13:00"," ","-15,00","","-17,70","","80,00","","12,00","","19,00","","1,20","","94,10","","","","-24,00","","Neige"
"2004-01-07 14:00","2004","01","07","14:00"," ","-14,40","","-17,00","","81,00","","13,00","","15,00","","1,20","","94,04","","","","-22,00","","Neige"
"2004-01-07 15:00","2004","01","07","15:00"," ","-13,70","","-16,10","","82,00","","12,00","","15,00","","1,20","","94,00","","","","-21,00","","Neige"
"2004-01-07 16:00","2004","01","07","16:00"," ","-13,30","","-15,50","","83,00","","12,00","","15,00","","4,80","","93,97","","","","-21,00","","Neige"
"2004-01-07 17:00","2004","01","07","17:00"," ","-12,60","","-14,00","","89,00","","11,00","","15,00","","1,60","","93,97","","","","-20,00","","Neige"
"2004-01-07 18:00","2004","01","07","18:00"," ","-12,10","","-13,60","","89,00","","11,00","","9,00","","4,80","","93,99","","","","-17,00","","Neige"
"2004-01-07 19:00","2004","01","07","19:00"," ","-12,10","","-13,60","","89,00","","13,00","","19,00","","2,40","","93,98","","","","-20,00","","Neige"
"2004-01-07 20:00","2004","01","07","20:00"," ","-12,30","","-13,80","","89,00","","12,00","","13,00","","4,80","","94,01","","","","-19,00","","Neige"
"2004-01-07 21:00","2004","01","07","21:00"," ","-12,30","","-13,60","","90,00","","12,00","","15,00","","2,40","","94,04","","","","-20,00","","Neige"
"2004-01-07 22:00","2004","01","07","22:00"," ","-12,30","","-13,90","","88,00","","13,00","","17,00","","11,30","","94,08","","","","-20,00","","Neige"
"2004-01-07 23:00","2004","01","07","23:00"," ","-12,20","","-13,90","","87,00","","12,00","","15,00","","9,70","","94,14","","","","-19,00","","Neige"
"2004-01-08 00:00","2004","01","08","00:00"," ","-12,20","","-13,90","","87,00","","12,00","","13,00","","4,80","","94,19","","","","-19,00","","Neige"
"2004-01-08 01:00","2004","01","08","01:00"," ","-11,80","","-13,70","","86,00","","12,00","","13,00","","24,10","","94,22","","","","-18,00","","Généralement nuageux"
"2004-01-08 02:00","2004","01","08","02:00"," ","-11,50","","-14,00","","82,00","","13,00","","15,00","","24,10","","94,27","","","","-19,00","","Généralement nuageux"
"2004-01-08 03:00","2004","01","08","03:00"," ","-11,80","","-14,00","","84,00","","13,00","","13,00","","24,10","","94,36","","","","-18,00","","Averses de neige"
"2004-01-08 04:00","2004","01","08","04:00"," ","-11,90","","-13,90","","85,00","","15,00","","13,00","","24,10","","94,41","","","","-19,00","","Généralement nuageux"
"2004-01-08 05:00","2004","01","08","05:00"," ","-11,80","","-14,00","","84,00","","14,00","","11,00","","24,10","","94,45","","","","-18,00","","Averses de neige"
"2004-01-08 06:00","2004","01","08","06:00"," ","-11,30","","-13,90","","81,00","","14,00","","11,00","","24,10","","94,50","","","","-17,00","","Averses de neige"
"2004-01-08 07:00","2004","01","08","07:00"," ","-11,50","","-13,90","","82,00","","13,00","","6,00","","24,10","","94,54","","","","-15,00","","Averses de neige"
"2004-01-08 08:00","2004","01","08","08:00"," ","-10,90","","-13,50","","81,00","","15,00","","15,00","","24,10","","94,59","","","","-18,00","","Averses de neige"
"2004-01-08 09:00","2004","01","08","09:00"," ","-10,80","","-13,00","","84,00","","13,00","","15,00","","32,20","","94,66","","","","-18,00","","Nuageux"
"2004-01-08 10:00","2004","01","08","10:00"," ","-10,10","","-12,70","","81,00","","13,00","","19,00","","32,20","","94,71","","","","-18,00","","Nuageux"
"2004-01-08 11:00","2004","01","08","11:00"," ","-10,00","","-12,60","","81,00","","14,00","","13,00","","32,20","","94,78","","","","-16,00","","Nuageux"
"2004-01-08 12:00","2004","01","08","12:00"," ","-9,50","","-12,10","","81,00","","12,00","","9,00","","32,20","","94,79","","","","-14,00","","Nuageux"
"2004-01-08 13:00","2004","01","08","13:00"," ","-8,30","","-11,30","","79,00","","13,00","","9,00","","32,20","","94,81","","","","-13,00","","Averses de neige"
"2004-01-08 14:00","2004","01","08","14:00"," ","-7,90","","-10,30","","83,00","","12,00","","4,00","","32,20","","94,87","","","","-10,00","","Nuageux"
"2004-01-08 15:00","2004","01","08","15:00"," ","-7,60","","-10,00","","83,00","","11,00","","11,00","","32,20","","94,94","","","","-13,00","","Nuageux"
"2004-01-08 16:00","2004","01","08","16:00"," ","-7,20","","-9,70","","82,00","","12,00","","13,00","","24,10","","95,01","","","","-13,00","","Averses de neige"
"2004-01-08 17:00","2004","01","08","17:00"," ","-7,40","","-9,00","","88,00","","10,00","","7,00","","16,10","","95,06","","","","-11,00","","Neige"
"2004-01-08 18:00","2004","01","08","18:00"," ","-7,10","","-9,10","","86,00","","12,00","","7,00","","16,10","","95,13","","","","-11,00","","Neige"
"2004-01-08 19:00","2004","01","08","19:00"," ","-8,10","","-9,70","","88,00","","0,00","","0,00","","24,10","","95,22","","","","","","Généralement nuageux"
"2004-01-08 20:00","2004","01","08","20:00"," ","-8,80","","-10,00","","91,00","","0,00","","0,00","","32,20","","95,27","","","","","","Généralement dégagé"
"2004-01-08 21:00","2004","01","08","21:00"," ","-10,30","","-11,30","","92,00","","0,00","","0,00","","32,20","","95,33","","","","","","Généralement nuageux"
"2004-01-08 22:00","2004","01","08","22:00"," ","-9,60","","-10,80","","91,00","","0,00","","0,00","","40,20","","95,39","","","","","","Nuageux"
"2004-01-08 23:00","2004","01","08","23:00"," ","-10,20","","-11,40","","91,00","","0,00","","0,00","","32,20","","95,42","","","","","","Généralement nuageux"
"2004-01-09 00:00","2004","01","09","00:00"," ","-8,20","","-9,90","","88,00","","14,00","","4,00","","40,20","","95,42","","","","-10,00","","Généralement nuageux"
"2004-01-09 01:00","2004","01","09","01:00"," ","-8,30","","-9,60","","90,00","","0,00","","0,00","","40,20","","95,40","","","","","","Nuageux"
"2004-01-09 02:00","2004","01","09","02:00"," ","-7,60","","-9,10","","89,00","","13,00","","6,00","","40,20","","95,40","","","","-11,00","","Nuageux"
"2004-01-09 03:00","2004","01","09","03:00"," ","-7,50","","-9,00","","89,00","","0,00","","0,00","","40,20","","95,38","","","","","","Nuageux"
"2004-01-09 04:00","2004","01","09","04:00"," ","-7,50","","-8,90","","90,00","","0,00","","0,00","","40,20","","95,32","","","","","","Nuageux"
"2004-01-09 05:00","2004","01","09","05:00"," ","-7,50","","-8,80","","90,00","","0,00","","0,00","","40,20","","95,20","","","","","","Nuageux"
"2004-01-09 06:00","2004","01","09","06:00"," ","-7,20","","-8,80","","88,00","","0,00","","0,00","","40,20","","95,11","","","","","","Nuageux"
"2004-01-09 07:00","2004","01","09","07:00"," ","-7,00","","-8,40","","90,00","","0,00","","0,00","","24,10","","95,13","","","","","","Neige"
"2004-01-09 08:00","2004","01","09","08:00"," ","-6,70","","-8,20","","89,00","","0,00","","0,00","","9,70","","95,11","","","","","","Averses de neige"
"2004-01-09 09:00","2004","01","09","09:00"," ","-6,70","","-7,70","","93,00","","0,00","","0,00","","6,40","","95,09","","","","","","Averses de neige"
"2004-01-09 10:00","2004","01","09","10:00"," ","-6,20","","-7,10","","93,00","","0,00","","0,00","","1,60","","95,04","","","","","","Averses de neige"
"2004-01-09 11:00","2004","01","09","11:00"," ","-5,50","","-6,50","","93,00","","15,00","","9,00","","17,70","","95,01","","","","-10,00","","Averses de neige"
"2004-01-09 12:00","2004","01","09","12:00"," ","-4,20","","-5,40","","91,00","","0,00","","0,00","","6,40","","94,96","","","","","","Averses de neige"
"2004-01-09 13:00","2004","01","09","13:00"," ","-4,00","","-4,90","","93,00","","0,00","","0,00","","1,60","","94,88","","","","","","Averses de neige"
"2004-01-09 14:00","2004","01","09","14:00"," ","-4,00","","-4,70","","95,00","","0,00","","0,00","","1,20","","94,87","","","","","","Neige"
"2004-01-09 15:00","2004","01","09","15:00"," ","-3,20","","-3,90","","95,00","","0,00","","0,00","","24,10","","94,82","","","","","","Neige"
"2004-01-09 16:00","2004","01","09","16:00"," ","-3,00","","-3,70","","95,00","","0,00","","0,00","","8,00","","94,79","","","","","","Neige"
"2004-01-09 17:00","2004","01","09","17:00"," ","-3,40","","-4,20","","94,00","","0,00","","0,00","","12,90","","94,73","","","","","","Nuageux"
"2004-01-09 18:00","2004","01","09","18:00"," ","-3,20","","-3,90","","95,00","","0,00","","0,00","","8,00","","94,70","","","","","","Neige"
"2004-01-09 19:00","2004","01","09","19:00"," ","-3,10","","-3,70","","96,00","","0,00","","0,00","","8,00","","94,66","","","","","","Neige"
"2004-01-09 20:00","2004","01","09","20:00"," ","-3,40","","-4,00","","96,00","","0,00","","0,00","","8,00","","94,64","","","","","","Neige"
"2004-01-09 21:00","2004","01","09","21:00"," ","-3,30","","-3,90","","96,00","","0,00","","0,00","","8,00","","94,64","","","","","","Neige"
"2004-01-09 22:00","2004","01","09","22:00"," ","-3,00","","-3,50","","96,00","","0,00","","0,00","","8,00","","94,61","","","","","","Neige"
"2004-01-09 23:00","2004","01","09","23:00"," ","-2,80","","-3,20","","97,00","","0,00","","0,00","","16,10","","94,58","","","","","","Généralement nuageux"
"2004-01-10 00:00","2004","01","10","00:00"," ","-3,10","","-3,30","","99,00","","0,00","","0,00","","32,20","","94,56","","","","","","Généralement nuageux"
"2004-01-10 01:00","2004","01","10","01:00"," ","-2,50","","-3,00","","96,00","","0,00","","0,00","","32,20","","94,55","","","","","","Nuageux"
"2004-01-10 02:00","2004","01","10","02:00"," ","-2,10","","-2,70","","96,00","","14,00","","9,00","","32,20","","94,51","","","","-6,00","","Nuageux"
"2004-01-10 03:00","2004","01","10","03:00"," ","-2,10","","-2,90","","94,00","","0,00","","0,00","","32,20","","94,59","","","","","","Nuageux"
"2004-01-10 04:00","2004","01","10","04:00"," ","-2,30","","-2,90","","96,00","","15,00","","15,00","","32,20","","94,61","","","","-7,00","","Nuageux"
"2004-01-10 05:00","2004","01","10","05:00"," ","-0,60","","-1,50","","94,00","","0,00","","0,00","","32,20","","94,68","","","","","","Nuageux"
"2004-01-10 06:00","2004","01","10","06:00"," ","0,70","","-0,80","","90,00","","16,00","","19,00","","40,20","","94,75","","","","","","Nuageux"
"2004-01-10 07:00","2004","01","10","07:00"," ","0,90","","-0,50","","90,00","","15,00","","15,00","","40,20","","94,81","","","","","","Pluie"
"2004-01-10 08:00","2004","01","10","08:00"," ","1,20","","-0,50","","88,00","","9,00","","6,00","","40,20","","94,93","","","","","","Nuageux"
"2004-01-10 09:00","2004","01","10","09:00"," ","0,60","","0,00","","96,00","","12,00","","17,00","","40,20","","95,04","","","","","","Généralement nuageux"
"2004-01-10 10:00","2004","01","10","10:00"," ","0,80","","-0,70","","90,00","","15,00","","6,00","","40,20","","95,22","","","","","","Généralement nuageux"
"2004-01-10 11:00","2004","01","10","11:00"," ","0,70","","-0,70","","90,00","","5,00","","6,00","","40,20","","95,32","","","","","","Généralement nuageux"
"2004-01-10 12:00","2004","01","10","12:00"," ","0,90","","-0,70","","89,00","","33,00","","6,00","","40,20","","95,37","","","","","","Généralement nuageux"
"2004-01-10 13:00","2004","01","10","13:00"," ","1,30","","-0,40","","88,00","","0,00","","0,00","","40,20","","95,43","","","","","","Nuageux"
"2004-01-10 14:00","2004","01","10","14:00"," ","1,20","","-0,30","","90,00","","12,00","","9,00","","40,20","","95,47","","","","","","Nuageux"
"2004-01-10 15:00","2004","01","10","15:00"," ","0,60","","-0,40","","93,00","","18,00","","4,00","","40,20","","95,51","","","","","","Nuageux"
"2004-01-10 16:00","2004","01","10","16:00"," ","0,80","","-0,30","","92,00","","12,00","","6,00","","40,20","","95,57","","","","","","Nuageux"
"2004-01-10 17:00","2004","01","10","17:00"," ","0,40","","-0,60","","93,00","","0,00","","0,00","","40,20","","95,59","","","","","","Nuageux"
"2004-01-10 18:00","2004","01","10","18:00"," ","-0,50","","-1,20","","95,00","","0,00","","0,00","","40,20","","95,59","","","","","","Nuageux"
"2004-01-10 19:00","2004","01","10","19:00"," ","-0,50","","-0,80","","98,00","","0,00","","0,00","","32,20","","95,60","","","","","","Nuageux"
"2004-01-10 20:00","2004","01","10","20:00"," ","-1,00","","-1,30","","98,00","","0,00","","0,00","","8,00","","95,63","","","","","","Brouillard"
"2004-01-10 21:00","2004","01","10","21:00"," ","-3,50","","-3,90","","97,00","","0,00","","0,00","","12,90","","95,65","","","","","","Généralement dégagé"
"2004-01-10 22:00","2004","01","10","22:00"," ","-2,70","","-3,40","","95,00","","0,00","","0,00","","3,20","","95,68","","","","","","Brouillard"
"2004-01-10 23:00","2004","01","10","23:00"," ","-3,10","","-3,60","","96,00","","0,00","","0,00","","0,80","","95,69","","","","","","Brouillard verglaçant"
"2004-01-11 00:00","2004","01","11","00:00"," ","-4,80","","-4,90","","99,00","","0,00","","0,00","","0,40","","95,70","","","","","","Brouillard verglaçant"
"2004-01-11 01:00","2004","01","11","01:00"," ","-4,80","","-4,90","","99,00","","0,00","","0,00","","0,40","","95,72","","","","","","Brouillard verglaçant"
"2004-01-11 02:00","2004","01","11","02:00"," ","-6,60","","-6,60","","100,00","","0,00","","0,00","","0,80","","95,71","","","","","","Brouillard verglaçant"
"2004-01-11 03:00","2004","01","11","03:00"," ","-6,60","","-6,60","","100,00","","0,00","","0,00","","0,40","","95,71","","","","","","Brouillard verglaçant"
"2004-01-11 04:00","2004","01","11","04:00"," ","-5,80","","-5,90","","99,00","","0,00","","0,00","","0,80","","95,73","","","","","","Brouillard verglaçant"
"2004-01-11 05:00","2004","01","11","05:00"," ","-6,00","","-6,00","","100,00","","0,00","","0,00","","24,10","","95,71","","","","","","Nuageux"
"2004-01-11 06:00","2004","01","11","06:00"," ","-6,10","","-6,10","","100,00","","17,00","","7,00","","24,10","","95,68","","","","-9,00","","Nuageux"
"2004-01-11 07:00","2004","01","11","07:00"," ","-6,10","","-6,20","","99,00","","15,00","","9,00","","24,10","","95,66","","","","-10,00","","Nuageux"
"2004-01-11 08:00","2004","01","11","08:00"," ","-6,40","","-6,50","","99,00","","16,00","","13,00","","24,10","","95,67","","","","-12,00","","Nuageux"
"2004-01-11 09:00","2004","01","11","09:00"," ","-6,40","","-6,40","","100,00","","15,00","","7,00","","19,30","","95,69","","","","-10,00","","Nuageux"
"2004-01-11 10:00","2004","01","11","10:00"," ","-5,90","","-5,90","","100,00","","15,00","","13,00","","12,90","","95,70","","","","-11,00","","Nuageux"
"2004-01-11 11:00","2004","01","11","11:00"," ","-6,00","","-6,00","","100,00","","16,00","","9,00","","4,80","","95,71","","","","-10,00","","Brouillard"
"2004-01-11 12:00","2004","01","11","12:00"," ","-5,60","","-5,60","","100,00","","15,00","","6,00","","2,40","","95,68","","","","-8,00","","Brouillard"
"2004-01-11 13:00","2004","01","11","13:00"," ","-5,30","","-5,30","","100,00","","16,00","","6,00","","2,40","","95,67","","","","-8,00","","Brouillard"
"2004-01-11 14:00","2004","01","11","14:00"," ","-5,60","","-5,60","","100,00","","16,00","","6,00","","3,20","","95,64","","","","-8,00","","Brouillard"
"2004-01-11 15:00","2004","01","11","15:00"," ","-5,60","","-5,70","","99,00","","15,00","","6,00","","4,80","","95,63","","","","-8,00","","Brouillard"
"2004-01-11 16:00","2004","01","11","16:00"," ","-5,60","","-5,80","","98,00","","0,00","","0,00","","32,20","","95,66","","","","","","Nuageux"
"2004-01-11 17:00","2004","01","11","17:00"," ","-5,30","","-5,50","","98,00","","0,00","","0,00","","32,20","","95,62","","","","","","Nuageux"
"2004-01-11 18:00","2004","01","11","18:00"," ","-5,20","","-5,50","","98,00","","0,00","","0,00","","32,20","","95,61","","","","","","Nuageux"
"2004-01-11 19:00","2004","01","11","19:00"," ","-5,00","","-5,50","","96,00","","0,00","","0,00","","32,20","","95,60","","","","","","Généralement nuageux"
"2004-01-11 20:00","2004","01","11","20:00"," ","-5,50","","-6,10","","96,00","","0,00","","0,00","","32,20","","95,65","","","","","","Généralement nuageux"
"2004-01-11 21:00","2004","01","11","21:00"," ","-5,20","","-6,30","","92,00","","0,00","","0,00","","32,20","","95,63","","","","","","Généralement nuageux"
"2004-01-11 22:00","2004","01","11","22:00"," ","-6,20","","-7,10","","93,00","","0,00","","0,00","","32,20","","95,62","","","","","","Généralement nuageux"
"2004-01-11 23:00","2004","01","11","23:00"," ","-6,40","","-7,40","","93,00","","0,00","","0,00","","32,20","","95,59","","","","","","Nuageux"
"2004-01-12 00:00","2004","01","12","00:00"," ","-6,10","","-7,00","","93,00","","23,00","","9,00","","32,20","","95,63","","","","-10,00","","Nuageux"
"2004-01-12 01:00","2004","01","12","01:00"," ","-4,90","","-5,80","","93,00","","0,00","","0,00","","40,20","","95,60","","","","","","Nuageux"
"2004-01-12 02:00","2004","01","12","02:00"," ","-5,00","","-5,80","","94,00","","0,00","","0,00","","40,20","","95,50","","","","","","Nuageux"
"2004-01-12 03:00","2004","01","12","03:00"," ","-4,10","","-5,00","","93,00","","13,00","","17,00","","40,20","","95,45","","","","-10,00","","Nuageux"
"2004-01-12 04:00","2004","01","12","04:00"," ","-3,70","","-4,80","","92,00","","11,00","","9,00","","40,20","","95,40","","","","-7,00","","Nuageux"
"2004-01-12 05:00","2004","01","12","05:00"," ","-4,30","","-5,20","","93,00","","0,00","","0,00","","40,20","","95,36","","","","","","Nuageux"
"2004-01-12 06:00","2004","01","12","06:00"," ","-3,60","","-4,30","","95,00","","0,00","","0,00","","2,40","","95,32","","","","","","Averses de neige"
"2004-01-12 07:00","2004","01","12","07:00"," ","-3,20","","-3,70","","96,00","","13,00","","9,00","","1,60","","95,21","","","","-7,00","","Neige"
"2004-01-12 08:00","2004","01","12","08:00"," ","-2,70","","-3,30","","96,00","","11,00","","9,00","","2,40","","95,09","","","","-6,00","","Neige"
"2004-01-12 09:00","2004","01","12","09:00"," ","-2,40","","-2,90","","96,00","","12,00","","9,00","","1,60","","95,06","","","","-6,00","","Neige"
"2004-01-12 10:00","2004","01","12","10:00"," ","-2,20","","-2,70","","96,00","","0,00","","0,00","","2,40","","94,99","","","","","","Neige"
"2004-01-12 11:00","2004","01","12","11:00"," ","-1,80","","-2,20","","97,00","","12,00","","9,00","","2,00","","94,94","","","","-5,00","","Neige"
"2004-01-12 12:00","2004","01","12","12:00"," ","-1,40","","-1,90","","96,00","","10,00","","9,00","","4,80","","94,89","","","","-5,00","","Neige"
"2004-01-12 13:00","2004","01","12","13:00"," ","-0,70","","-1,60","","94,00","","14,00","","11,00","","24,10","","94,86","","","","-4,00","","Généralement nuageux"
"2004-01-12 14:00","2004","01","12","14:00"," ","-0,60","","-2,10","","90,00","","15,00","","15,00","","32,20","","94,81","","","","-5,00","","Généralement nuageux"
"2004-01-12 15:00","2004","01","12","15:00"," ","-1,00","","-2,20","","92,00","","10,00","","7,00","","40,20","","94,80","","","","-4,00","","Nuageux"
"2004-01-12 16:00","2004","01","12","16:00"," ","-1,40","","-2,40","","93,00","","14,00","","11,00","","40,20","","94,83","","","","-5,00","","Généralement nuageux"
"2004-01-12 17:00","2004","01","12","17:00"," ","-0,70","","-2,50","","88,00","","17,00","","19,00","","40,20","","94,87","","","","-6,00","","Nuageux"
"2004-01-12 18:00","2004","01","12","18:00"," ","-1,10","","-2,60","","90,00","","20,00","","7,00","","24,10","","94,88","","","","-4,00","","Généralement nuageux"
"2004-01-12 19:00","2004","01","12","19:00"," ","-2,10","","-3,10","","93,00","","0,00","","0,00","","24,10","","94,91","","","","","","Généralement nuageux"
"2004-01-12 20:00","2004","01","12","20:00"," ","-2,70","","-3,50","","94,00","","0,00","","0,00","","24,10","","94,96","","","","","","Généralement nuageux"
"2004-01-12 21:00","2004","01","12","21:00"," ","-2,30","","-2,70","","97,00","","0,00","","0,00","","24,10","","95,00","","","","","","Généralement nuageux"
"2004-01-12 22:00","2004","01","12","22:00"," ","-2,50","","-3,40","","94,00","","0,00","","0,00","","24,10","","95,05","","","","","","Généralement nuageux"
"2004-01-12 23:00","2004","01","12","23:00"," ","-3,60","","-4,00","","97,00","","0,00","","0,00","","24,10","","95,06","","","","","","Généralement nuageux"
"2004-01-13 00:00","2004","01","13","00:00"," ","-3,70","","-4,30","","96,00","","0,00","","0,00","","40,20","","95,11","","","","","","Généralement dégagé"
"2004-01-13 01:00","2004","01","13","01:00"," ","-3,90","","-4,30","","97,00","","0,00","","0,00","","40,20","","95,15","","","","","","Généralement dégagé"
"2004-01-13 02:00","2004","01","13","02:00"," ","-3,20","","-3,60","","97,00","","0,00","","0,00","","40,20","","95,19","","","","","","Généralement nuageux"
"2004-01-13 03:00","2004","01","13","03:00"," ","-4,30","","-4,70","","97,00","","0,00","","0,00","","40,20","","95,25","","","","","","Généralement nuageux"
"2004-01-13 04:00","2004","01","13","04:00"," ","-5,70","","-6,10","","97,00","","0,00","","0,00","","40,20","","95,25","","","","","","Généralement nuageux"
"2004-01-13 05:00","2004","01","13","05:00"," ","-3,60","","-4,30","","95,00","","14,00","","11,00","","40,20","","95,27","","","","-8,00","","Nuageux"
"2004-01-13 06:00","2004","01","13","06:00"," ","-3,90","","-4,60","","95,00","","14,00","","6,00","","40,20","","95,26","","","","-7,00","","Nuageux"
"2004-01-13 07:00","2004","01","13","07:00"," ","-3,30","","-4,20","","93,00","","15,00","","6,00","","24,10","","95,23","","","","-6,00","","Averses de neige"
"2004-01-13 08:00","2004","01","13","08:00"," ","-3,30","","-4,30","","93,00","","13,00","","9,00","","24,10","","95,22","","","","-7,00","","Généralement nuageux"
"2004-01-13 09:00","2004","01","13","09:00"," ","-3,00","","-4,00","","93,00","","16,00","","6,00","","24,10","","95,26","","","","-5,00","","Nuageux"
"2004-01-13 10:00","2004","01","13","10:00"," ","-3,30","","-4,10","","94,00","","0,00","","0,00","","32,20","","95,22","","","","","","Nuageux"
"2004-01-13 11:00","2004","01","13","11:00"," ","-2,50","","-3,40","","94,00","","14,00","","7,00","","3,20","","95,24","","","","-5,00","","Averses de neige"
"2004-01-13 12:00","2004","01","13","12:00"," ","-1,90","","-2,90","","93,00","","15,00","","7,00","","8,00","","95,18","","","","-5,00","","Averses de neige"
"2004-01-13 13:00","2004","01","13","13:00"," ","-1,40","","-2,30","","94,00","","15,00","","7,00","","16,10","","95,10","","","","-4,00","","Averses de pluie"
"2004-01-13 14:00","2004","01","13","14:00"," ","-0,40","","-1,40","","93,00","","0,00","","0,00","","24,10","","95,01","","","","","","Averses de pluie"
"2004-01-13 15:00","2004","01","13","15:00"," ","0,60","","-0,30","","94,00","","14,00","","4,00","","24,10","","94,93","","","","","","Averses de pluie"
"2004-01-13 16:00","2004","01","13","16:00"," ","1,20","","0,30","","94,00","","16,00","","9,00","","24,10","","94,92","","","","","","Nuageux"
"2004-01-13 17:00","2004","01","13","17:00"," ","2,60","","0,90","","89,00","","18,00","","19,00","","24,10","","94,88","","","","","","Averses de pluie"
"2004-01-13 18:00","2004","01","13","18:00"," ","1,30","","0,40","","94,00","","15,00","","7,00","","8,00","","94,83","","","","","","Averses de pluie,Brouillard"
"2004-01-13 19:00","2004","01","13","19:00"," ","1,20","","0,60","","96,00","","15,00","","9,00","","8,00","","94,77","","","","","","Averses de pluie,Brouillard"
"2004-01-13 20:00","2004","01","13","20:00"," ","2,20","","1,10","","92,00","","18,00","","17,00","","8,00","","94,72","","","","","","Averses de pluie,Brouillard"
"2004-01-13 21:00","2004","01","13","21:00"," ","2,20","","1,20","","93,00","","19,00","","15,00","","8,00","","94,66","","","","","","Averses de pluie,Brouillard"
"2004-01-13 22:00","2004","01","13","22:00"," ","1,30","","0,90","","97,00","","16,00","","9,00","","8,00","","94,62","","","","","","Averses de pluie,Brouillard"
"2004-01-13 23:00","2004","01","13","23:00"," ","2,20","","1,30","","94,00","","16,00","","11,00","","8,00","","94,58","","","","","","Averses de pluie,Brouillard"
"2004-01-14 00:00","2004","01","14","00:00"," ","1,30","","0,90","","97,00","","16,00","","9,00","","9,70","","94,50","","","","","","Pluie,Brouillard"
"2004-01-14 01:00","2004","01","14","01:00"," ","1,90","","1,30","","96,00","","16,00","","9,00","","9,70","","94,41","","","","","","Pluie"
"2004-01-14 02:00","2004","01","14","02:00"," ","1,80","","1,20","","96,00","","16,00","","11,00","","9,70","","94,37","","","","","","Pluie,Brouillard"
"2004-01-14 03:00","2004","01","14","03:00"," ","1,30","","0,80","","96,00","","14,00","","9,00","","16,10","","94,33","","","","","","Pluie"
"2004-01-14 04:00","2004","01","14","04:00"," ","1,30","","1,00","","98,00","","12,00","","7,00","","19,30","","94,29","","","","","","Pluie"
"2004-01-14 05:00","2004","01","14","05:00"," ","1,90","","1,30","","96,00","","15,00","","6,00","","24,10","","94,22","","","","","","Généralement nuageux"
"2004-01-14 06:00","2004","01","14","06:00"," ","1,30","","0,90","","97,00","","12,00","","6,00","","24,10","","94,18","","","","","","Averses de pluie"
"2004-01-14 07:00","2004","01","14","07:00"," ","1,00","","0,60","","97,00","","12,00","","6,00","","16,10","","94,10","","","","","","Averses de pluie"
"2004-01-14 08:00","2004","01","14","08:00"," ","1,80","","1,50","","98,00","","12,00","","19,00","","8,00","","94,14","","","","","","Averses de pluie,Brouillard"
"2004-01-14 09:00","2004","01","14","09:00"," ","2,10","","1,70","","97,00","","12,00","","15,00","","24,10","","94,15","","","","","","Averses de pluie"
"2004-01-14 10:00","2004","01","14","10:00"," ","2,40","","1,60","","94,00","","15,00","","19,00","","24,10","","94,12","","","","","","Généralement nuageux"
"2004-01-14 11:00","2004","01","14","11:00"," ","2,60","","1,80","","94,00","","15,00","","15,00","","24,10","","94,07","","","","","","Généralement nuageux"
"2004-01-14 12:00","2004","01","14","12:00"," ","4,20","","2,30","","87,00","","17,00","","20,00","","24,10","","94,02","","","","","","Généralement nuageux"
"2004-01-14 13:00","2004","01","14","13:00"," ","5,50","","3,00","","84,00","","17,00","","22,00","","24,10","","93,95","","","","","","Généralement nuageux"
"2004-01-14 14:00","2004","01","14","14:00"," ","6,70","","3,40","","79,00","","18,00","","19,00","","24,10","","93,81","","","","","","Généralement nuageux"
"2004-01-14 15:00","2004","01","14","15:00"," ","6,50","","3,30","","80,00","","18,00","","19,00","","40,20","","93,80","","","","","","Généralement nuageux"
"2004-01-14 16:00","2004","01","14","16:00"," ","7,20","","3,30","","76,00","","17,00","","19,00","","40,20","","93,80","","","","","","Généralement nuageux"
"2004-01-14 17:00","2004","01","14","17:00"," ","6,20","","2,90","","79,00","","15,00","","19,00","","40,20","","93,76","","","","","","Généralement dégagé"
"2004-01-14 18:00","2004","01","14","18:00"," ","3,60","","2,00","","89,00","","13,00","","9,00","","40,20","","93,77","","","","","","Généralement nuageux"
"2004-01-14 19:00","2004","01","14","19:00"," ","4,10","","2,40","","89,00","","12,00","","15,00","","40,20","","93,76","","","","","","Généralement dégagé"
"2004-01-14 20:00","2004","01","14","20:00"," ","4,10","","2,00","","86,00","","11,00","","19,00","","40,20","","93,75","","","","","","Généralement dégagé"
"2004-01-14 21:00","2004","01","14","21:00"," ","4,00","","1,90","","86,00","","12,00","","19,00","","40,20","","93,79","","","","","","Généralement dégagé"
"2004-01-14 22:00","2004","01","14","22:00"," ","5,20","","1,80","","79,00","","14,00","","15,00","","40,20","","93,84","","","","","","Généralement nuageux"
"2004-01-14 23:00","2004","01","14","23:00"," ","4,50","","1,60","","81,00","","16,00","","9,00","","40,20","","93,86","","","","","","Généralement nuageux"
"2004-01-15 00:00","2004","01","15","00:00"," ","3,30","","1,50","","88,00","","0,00","","0,00","","40,20","","93,91","","","","","","Généralement nuageux"
"2004-01-15 01:00","2004","01","15","01:00"," ","1,70","","0,60","","92,00","","0,00","","0,00","","40,20","","93,93","","","","","","Généralement nuageux"
"2004-01-15 02:00","2004","01","15","02:00"," ","1,70","","1,00","","95,00","","0,00","","0,00","","40,20","","93,95","","","","","","Généralement nuageux"
"2004-01-15 03:00","2004","01","15","03:00"," ","1,10","","0,60","","96,00","","0,00","","0,00","","32,20","","93,98","","","","","","Pluie"
"2004-01-15 04:00","2004","01","15","04:00"," ","0,90","","0,30","","96,00","","0,00","","0,00","","24,10","","94,03","","","","","","Pluie"
"2004-01-15 05:00","2004","01","15","05:00"," ","1,40","","1,10","","98,00","","0,00","","0,00","","32,20","","94,09","","","","","","Généralement nuageux"
"2004-01-15 06:00","2004","01","15","06:00"," ","1,00","","0,50","","96,00","","0,00","","0,00","","40,20","","94,09","","","","","","Généralement nuageux"
"2004-01-15 07:00","2004","01","15","07:00"," ","0,30","","-0,20","","96,00","","27,00","","6,00","","32,20","","94,14","","","","","","Généralement nuageux"
"2004-01-15 08:00","2004","01","15","08:00"," ","0,80","","0,40","","97,00","","14,00","","4,00","","32,20","","94,20","","","","","","Généralement nuageux"
"2004-01-15 09:00","2004","01","15","09:00"," ","-0,30","","-0,50","","99,00","","1,00","","6,00","","32,20","","94,26","","","","-2,00","","Généralement nuageux"
"2004-01-15 10:00","2004","01","15","10:00"," ","-0,60","","-0,90","","98,00","","0,00","","0,00","","32,20","","94,39","","","","","","Généralement dégagé"
"2004-01-15 11:00","2004","01","15","11:00"," ","0,60","","0,10","","96,00","","12,00","","7,00","","32,20","","94,52","","","","","","Généralement dégagé"
"2004-01-15 12:00","2004","01","15","12:00"," ","4,40","","0,80","","77,00","","0,00","","0,00","","32,20","","94,56","","","","","","Généralement dégagé"
"2004-01-15 13:00","2004","01","15","13:00"," ","4,80","","-1,50","","64,00","","0,00","","0,00","","40,20","","94,63","","","","","","Généralement dégagé"
"2004-01-15 14:00","2004","01","15","14:00"," ","3,00","","-2,80","","66,00","","1,00","","19,00","","40,20","","94,66","","","","","","Généralement dégagé"
"2004-01-15 15:00","2004","01","15","15:00"," ","3,70","","-3,70","","58,00","","35,00","","6,00","","40,20","","94,77","","","","","","Généralement dégagé"
"2004-01-15 16:00","2004","01","15","16:00"," ","1,50","","-4,70","","63,00","","36,00","","13,00","","40,20","","94,86","","","","","","Généralement dégagé"
"2004-01-15 17:00","2004","01","15","17:00"," ","-1,30","","-3,60","","84,00","","0,00","","0,00","","40,20","","94,94","","","","","","Généralement dégagé"
"2004-01-15 18:00","2004","01","15","18:00"," ","-2,10","","-3,70","","89,00","","0,00","","0,00","","40,20","","95,01","","","","","","Généralement dégagé"
"2004-01-15 19:00","2004","01","15","19:00"," ","-3,50","","-4,50","","93,00","","0,00","","0,00","","40,20","","95,06","","","","","","Généralement dégagé"
"2004-01-15 20:00","2004","01","15","20:00"," ","-3,90","","-4,70","","94,00","","0,00","","0,00","","40,20","","95,10","","","","","","Généralement dégagé"
"2004-01-15 21:00","2004","01","15","21:00"," ","-5,20","","-5,70","","96,00","","0,00","","0,00","","40,20","","95,18","","","","","","Généralement dégagé"
"2004-01-15 22:00","2004","01","15","22:00"," ","-5,70","","-6,50","","94,00","","0,00","","0,00","","40,20","","95,27","","","","","","Généralement dégagé"
"2004-01-15 23:00","2004","01","15","23:00"," ","-6,80","","-6,90","","99,00","","0,00","","0,00","","40,20","","95,30","","","","","","Généralement dégagé"
"2004-01-16 00:00","2004","01","16","00:00"," ","-7,70","","-8,70","","93,00","","0,00","","0,00","","40,20","","95,35","","","","","","Dégagé"
"2004-01-16 01:00","2004","01","16","01:00"," ","-7,30","","-7,30","","100,00","","0,00","","0,00","","40,20","","95,38","","","","","","Dégagé"
"2004-01-16 02:00","2004","01","16","02:00"," ","-6,90","","-6,90","","100,00","","18,00","","4,00","","40,20","","95,41","","","","-9,00","","Dégagé"
"2004-01-16 03:00","2004","01","16","03:00"," ","-9,00","","-9,00","","100,00","","0,00","","0,00","","40,20","","95,43","","","","","","Généralement dégagé"
"2004-01-16 04:00","2004","01","16","04:00"," ","-8,70","","-8,80","","99,00","","16,00","","6,00","","40,20","","95,45","","","","-12,00","","Généralement dégagé"
"2004-01-16 05:00","2004","01","16","05:00"," ","-9,70","","-9,90","","98,00","","16,00","","7,00","","24,10","","95,45","","","","-14,00","","Généralement dégagé"
"2004-01-16 06:00","2004","01","16","06:00"," ","-9,30","","-9,70","","97,00","","17,00","","6,00","","24,10","","95,48","","","","-13,00","","Généralement dégagé"
"2004-01-16 07:00","2004","01","16","07:00"," ","-9,50","","-9,90","","97,00","","17,00","","6,00","","24,10","","95,48","","","","-13,00","","Généralement dégagé"
"2004-01-16 08:00","2004","01","16","08:00"," ","-9,30","","-9,30","","100,00","","0,00","","0,00","","40,20","","95,46","","","","","","Généralement nuageux"
"2004-01-16 09:00","2004","01","16","09:00"," ","-8,40","","-8,90","","96,00","","17,00","","7,00","","40,20","","95,49","","","","-12,00","","Nuageux"
"2004-01-16 10:00","2004","01","16","10:00"," ","-7,20","","-7,20","","100,00","","14,00","","9,00","","40,20","","95,49","","","","-12,00","","Nuageux"
"2004-01-16 11:00","2004","01","16","11:00"," ","-6,70","","-7,40","","95,00","","21,00","","7,00","","40,20","","95,48","","","","-10,00","","Nuageux"
"2004-01-16 12:00","2004","01","16","12:00"," ","-5,90","","-6,70","","94,00","","13,00","","6,00","","40,20","","95,43","","","","-9,00","","Nuageux"
"2004-01-16 13:00","2004","01","16","13:00"," ","-4,80","","-6,30","","89,00","","17,00","","9,00","","32,20","","95,42","","","","-9,00","","Nuageux"
"2004-01-16 14:00","2004","01","16","14:00"," ","-3,80","","-6,00","","85,00","","15,00","","7,00","","8,00","","95,40","","","","-7,00","","Averses de neige"
"2004-01-16 15:00","2004","01","16","15:00"," ","-3,50","","-6,20","","82,00","","0,00","","0,00","","16,10","","95,34","","","","","","Averses de neige"
"2004-01-16 16:00","2004","01","16","16:00"," ","-3,40","","-5,70","","84,00","","14,00","","4,00","","12,90","","95,31","","","","-5,00","","Neige"
"2004-01-16 17:00","2004","01","16","17:00"," ","-3,70","","-4,80","","92,00","","13,00","","9,00","","2,40","","95,30","","","","-7,00","","Neige"
"2004-01-16 18:00","2004","01","16","18:00"," ","-3,30","","-4,20","","93,00","","15,00","","7,00","","2,40","","95,26","","","","-6,00","","Neige"
"2004-01-16 19:00","2004","01","16","19:00"," ","-3,30","","-4,10","","94,00","","13,00","","4,00","","4,80","","95,23","","","","-5,00","","Neige"
"2004-01-16 20:00","2004","01","16","20:00"," ","-3,10","","-4,30","","91,00","","14,00","","9,00","","24,10","","95,15","","","","-7,00","","Nuageux"
"2004-01-16 21:00","2004","01","16","21:00"," ","-3,50","","-4,30","","94,00","","13,00","","4,00","","32,20","","95,11","","","","-5,00","","Nuageux"
"2004-01-16 22:00","2004","01","16","22:00"," ","-3,00","","-4,20","","91,00","","15,00","","9,00","","40,20","","95,07","","","","-7,00","","Nuageux"
"2004-01-16 23:00","2004","01","16","23:00"," ","-3,00","","-4,20","","91,00","","14,00","","7,00","","40,20","","95,06","","","","-6,00","","Nuageux"
"2004-01-17 00:00","2004","01","17","00:00"," ","-2,70","","-4,00","","91,00","","15,00","","6,00","","40,20","","95,04","","","","-5,00","","Nuageux"
"2004-01-17 01:00","2004","01","17","01:00"," ","-2,90","","-4,10","","91,00","","16,00","","6,00","","40,20","","94,95","","","","-5,00","","Nuageux"
"2004-01-17 02:00","2004","01","17","02:00"," ","-2,70","","-3,90","","91,00","","13,00","","6,00","","40,20","","94,92","","","","-5,00","","Nuageux"
"2004-01-17 03:00","2004","01","17","03:00"," ","-3,40","","-4,40","","93,00","","1,00","","6,00","","40,20","","94,91","","","","-6,00","","Nuageux"
"2004-01-17 04:00","2004","01","17","04:00"," ","-1,50","","-3,30","","88,00","","12,00","","11,00","","40,20","","94,93","","","","-5,00","","Nuageux"
"2004-01-17 05:00","2004","01","17","05:00"," ","-1,40","","-3,20","","88,00","","12,00","","6,00","","40,20","","94,91","","","","-4,00","","Nuageux"
"2004-01-17 06:00","2004","01","17","06:00"," ","-2,00","","-3,70","","88,00","","16,00","","6,00","","40,20","","94,89","","","","-4,00","","Généralement nuageux"
"2004-01-17 07:00","2004","01","17","07:00"," ","-2,40","","-3,60","","91,00","","10,00","","9,00","","40,20","","94,87","","","","-6,00","","Généralement nuageux"
"2004-01-17 08:00","2004","01","17","08:00"," ","-2,00","","-3,50","","89,00","","17,00","","6,00","","32,20","","94,87","","","","-4,00","","Généralement nuageux"
"2004-01-17 09:00","2004","01","17","09:00"," ","-1,90","","-3,50","","89,00","","13,00","","6,00","","40,20","","94,87","","","","-4,00","","Généralement nuageux"
"2004-01-17 10:00","2004","01","17","10:00"," ","-1,20","","-3,10","","87,00","","15,00","","6,00","","32,20","","94,87","","","","-3,00","","Averses de neige"
"2004-01-17 11:00","2004","01","17","11:00"," ","-0,70","","-2,50","","88,00","","12,00","","9,00","","32,20","","94,87","","","","-4,00","","Nuageux"
"2004-01-17 12:00","2004","01","17","12:00"," ","0,60","","-2,70","","79,00","","15,00","","15,00","","40,20","","94,86","","","","","","Nuageux"
"2004-01-17 13:00","2004","01","17","13:00"," ","0,50","","-2,30","","81,00","","15,00","","9,00","","40,20","","94,84","","","","","","Nuageux"
"2004-01-17 14:00","2004","01","17","14:00"," ","1,10","","-2,10","","79,00","","16,00","","13,00","","40,20","","94,80","","","","","","Nuageux"
"2004-01-17 15:00","2004","01","17","15:00"," ","1,10","","-2,00","","80,00","","16,00","","4,00","","40,20","","94,79","","","","","","Nuageux"
"2004-01-17 16:00","2004","01","17","16:00"," ","1,10","","-2,00","","80,00","","17,00","","4,00","","40,20","","94,78","","","","","","Généralement nuageux"
"2004-01-17 17:00","2004","01","17","17:00"," ","0,80","","-2,10","","81,00","","14,00","","11,00","","40,20","","94,76","","","","","","Nuageux"
"2004-01-17 18:00","2004","01","17","18:00"," ","0,40","","-2,10","","83,00","","0,00","","0,00","","40,20","","94,77","","","","","","Nuageux"
"2004-01-17 19:00","2004","01","17","19:00"," ","0,40","","-2,10","","83,00","","15,00","","9,00","","40,20","","94,75","","","","","","Nuageux"
"2004-01-17 20:00","2004","01","17","20:00"," ","0,10","","-2,10","","85,00","","15,00","","6,00","","40,20","","94,75","","","","","","Nuageux"
"2004-01-17 21:00","2004","01","17","21:00"," ","-0,70","","-2,40","","88,00","","0,00","","0,00","","40,20","","94,72","","","","","","Nuageux"
"2004-01-17 22:00","2004","01","17","22:00"," ","0,30","","-2,20","","83,00","","14,00","","15,00","","40,20","","94,68","","","","","","Nuageux"
"2004-01-17 23:00","2004","01","17","23:00"," ","-0,30","","-2,20","","87,00","","15,00","","15,00","","40,20","","94,67","","","","-5,00","","Nuageux"
"2004-01-18 00:00","2004","01","18","00:00"," ","-0,30","","-2,10","","88,00","","13,00","","17,00","","32,20","","94,67","","","","-5,00","","Nuageux"
"2004-01-18 01:00","2004","01","18","01:00"," ","-0,30","","-2,20","","87,00","","16,00","","7,00","","32,20","","94,67","","","","-3,00","","Nuageux"
"2004-01-18 02:00","2004","01","18","02:00"," ","-0,20","","-2,00","","88,00","","16,00","","13,00","","32,20","","94,63","","","","-4,00","","Averses de pluie"
"2004-01-18 03:00","2004","01","18","03:00"," ","0,10","","-2,10","","85,00","","15,00","","19,00","","32,20","","94,60","","","","","","Averses de pluie"
"2004-01-18 04:00","2004","01","18","04:00"," ","0,10","","-1,80","","87,00","","15,00","","7,00","","32,20","","94,60","","","","","","Généralement nuageux"
"2004-01-18 05:00","2004","01","18","05:00"," ","0,60","","-1,40","","86,00","","15,00","","19,00","","32,20","","94,58","","","","","","Averses de pluie"
"2004-01-18 06:00","2004","01","18","06:00"," ","0,80","","-1,40","","85,00","","14,00","","17,00","","32,20","","94,56","","","","","","Généralement nuageux"
"2004-01-18 07:00","2004","01","18","07:00"," ","1,00","","-1,30","","85,00","","15,00","","19,00","","32,20","","94,55","","","","","","Généralement nuageux"
"2004-01-18 08:00","2004","01","18","08:00"," ","0,50","","-1,40","","87,00","","15,00","","15,00","","32,20","","94,54","","","","","","Généralement nuageux"
"2004-01-18 09:00","2004","01","18","09:00"," ","1,30","","-1,10","","84,00","","16,00","","24,00","","32,20","","94,60","","","","","","Généralement nuageux"
"2004-01-18 10:00","2004","01","18","10:00"," ","0,70","","-1,30","","86,00","","15,00","","24,00","","40,20","","94,62","","","","","","Généralement nuageux"
"2004-01-18 11:00","2004","01","18","11:00"," ","0,80","","-1,40","","85,00","","14,00","","24,00","","40,20","","94,65","","","","","","Généralement nuageux"
"2004-01-18 12:00","2004","01","18","12:00"," ","2,20","","-0,60","","82,00","","11,00","","13,00","","40,20","","94,66","","","","","","Généralement nuageux"
"2004-01-18 13:00","2004","01","18","13:00"," ","4,00","","0,10","","76,00","","16,00","","19,00","","40,20","","94,66","","","","","","Généralement nuageux"
"2004-01-18 14:00","2004","01","18","14:00"," ","5,10","","0,50","","72,00","","14,00","","4,00","","40,20","","94,67","","","","","","Généralement nuageux"
"2004-01-18 15:00","2004","01","18","15:00"," ","4,20","","0,30","","76,00","","0,00","","0,00","","40,20","","94,72","","","","","","Généralement nuageux"
"2004-01-18 16:00","2004","01","18","16:00"," ","3,20","","0,00","","79,00","","0,00","","0,00","","40,20","","94,77","","","","","","Généralement nuageux"
"2004-01-18 17:00","2004","01","18","17:00"," ","2,10","","-0,20","","85,00","","0,00","","0,00","","40,20","","94,82","","","","","","Généralement nuageux"
"2004-01-18 18:00","2004","01","18","18:00"," ","1,90","","-0,20","","86,00","","0,00","","0,00","","40,20","","94,87","","","","","","Généralement nuageux"
"2004-01-18 19:00","2004","01","18","19:00"," ","1,00","","-0,20","","92,00","","0,00","","0,00","","40,20","","94,94","","","","","","Généralement nuageux"
"2004-01-18 20:00","2004","01","18","20:00"," ","0,70","","-0,70","","90,00","","0,00","","0,00","","40,20","","94,98","","","","","","Généralement nuageux"
"2004-01-18 21:00","2004","01","18","21:00"," ","0,70","","-0,70","","90,00","","0,00","","0,00","","40,20","","95,05","","","","","","Généralement nuageux"
"2004-01-18 22:00","2004","01","18","22:00"," ","-0,20","","-1,00","","94,00","","0,00","","0,00","","40,20","","95,14","","","","","","Généralement nuageux"
"2004-01-18 23:00","2004","01","18","23:00"," ","0,00","","-0,90","","94,00","","0,00","","0,00","","40,20","","95,20","","","","","","Généralement nuageux"
"2004-01-19 00:00","2004","01","19","00:00"," ","-0,50","","-1,30","","94,00","","0,00","","0,00","","32,20","","95,25","","","","","","Généralement nuageux"
"2004-01-19 01:00","2004","01","19","01:00"," ","-0,60","","-1,30","","95,00","","11,00","","6,00","","32,20","","95,32","","","","-3,00","","Généralement nuageux"
"2004-01-19 02:00","2004","01","19","02:00"," ","-0,10","","-0,90","","94,00","","0,00","","0,00","","32,20","","95,36","","","","","","Généralement nuageux"
"2004-01-19 03:00","2004","01","19","03:00"," ","-0,70","","-1,50","","94,00","","0,00","","0,00","","32,20","","95,45","","","","","","Nuageux"
"2004-01-19 04:00","2004","01","19","04:00"," ","-1,00","","-1,70","","95,00","","0,00","","0,00","","32,20","","95,48","","","","","","Généralement nuageux"
"2004-01-19 05:00","2004","01","19","05:00"," ","-1,20","","-1,90","","95,00","","0,00","","0,00","","32,20","","95,52","","","","","","Généralement nuageux"
"2004-01-19 06:00","2004","01","19","06:00"," ","-1,60","","-2,40","","94,00","","0,00","","0,00","","32,20","","95,59","","","","","","Généralement nuageux"
"2004-01-19 07:00","2004","01","19","07:00"," ","-0,70","","-1,70","","93,00","","0,00","","0,00","","32,20","","95,60","","","","","","Généralement nuageux"
"2004-01-19 08:00","2004","01","19","08:00"," ","-1,00","","-1,90","","94,00","","0,00","","0,00","","32,20","","95,67","","","","","","Généralement nuageux"
"2004-01-19 09:00","2004","01","19","09:00"," ","-3,10","","-3,70","","96,00","","0,00","","0,00","","40,20","","95,71","","","","","","Généralement dégagé"
"2004-01-19 10:00","2004","01","19","10:00"," ","-2,30","","-2,90","","96,00","","0,00","","0,00","","16,10","","95,77","","","","","","Généralement dégagé"
"2004-01-19 11:00","2004","01","19","11:00"," ","-1,00","","-1,50","","96,00","","0,00","","0,00","","32,20","","95,82","","","","","","Généralement dégagé"
"2004-01-19 12:00","2004","01","19","12:00"," ","1,60","","-1,10","","82,00","","0,00","","0,00","","40,20","","95,87","","","","","","Généralement dégagé"
"2004-01-19 13:00","2004","01","19","13:00"," ","2,40","","-1,30","","77,00","","0,00","","0,00","","40,20","","95,90","","","","","","Généralement nuageux"
"2004-01-19 14:00","2004","01","19","14:00"," ","1,80","","-1,40","","79,00","","0,00","","0,00","","40,20","","95,90","","","","","","Généralement nuageux"
"2004-01-19 15:00","2004","01","19","15:00"," ","1,50","","-1,40","","81,00","","0,00","","0,00","","40,20","","95,90","","","","","","Généralement dégagé"
"2004-01-19 16:00","2004","01","19","16:00"," ","-0,40","","-1,50","","92,00","","0,00","","0,00","","40,20","","95,96","","","","","","Généralement dégagé"
"2004-01-19 17:00","2004","01","19","17:00"," ","-2,80","","-3,60","","94,00","","0,00","","0,00","","40,20","","95,97","","","","","","Généralement dégagé"
"2004-01-19 18:00","2004","01","19","18:00"," ","-2,50","","-3,30","","94,00","","0,00","","0,00","","40,20","","95,99","","","","","","Dégagé"
"2004-01-19 19:00","2004","01","19","19:00"," ","-3,20","","-3,90","","95,00","","0,00","","0,00","","4,80","","96,02","","","","","","Brouillard"
"2004-01-19 20:00","2004","01","19","20:00"," ","-3,90","","-4,30","","97,00","","0,00","","0,00","","1,20","","96,06","","","","","","Brouillard"
"2004-01-19 21:00","2004","01","19","21:00"," ","-3,20","","-3,20","","100,00","","0,00","","0,00","","3,20","","96,06","","","","","","Brouillard"
"2004-01-19 22:00","2004","01","19","22:00"," ","-2,60","","-2,60","","100,00","","0,00","","0,00","","6,40","","96,08","","","","","","Brouillard"
"2004-01-19 23:00","2004","01","19","23:00"," ","-2,60","","-3,00","","97,00","","0,00","","0,00","","6,40","","96,09","","","","","","Brouillard"
"2004-01-20 00:00","2004","01","20","00:00"," ","-1,60","","-2,30","","95,00","","0,00","","0,00","","9,70","","96,13","","","","","","Brouillard"
"2004-01-20 01:00","2004","01","20","01:00"," ","-1,50","","-2,00","","96,00","","13,00","","6,00","","4,80","","96,14","","","","-4,00","","Brouillard"
"2004-01-20 02:00","2004","01","20","02:00"," ","-1,40","","-1,90","","96,00","","14,00","","6,00","","0,80","","96,14","","","","-4,00","","Brouillard verglaçant"
"2004-01-20 03:00","2004","01","20","03:00"," ","-1,40","","-1,90","","96,00","","14,00","","6,00","","3,20","","96,15","","","","-4,00","","Brouillard"
"2004-01-20 04:00","2004","01","20","04:00"," ","-1,60","","-2,10","","96,00","","13,00","","6,00","","4,80","","96,15","","","","-4,00","","Brouillard"
"2004-01-20 05:00","2004","01","20","05:00"," ","-1,70","","-2,20","","96,00","","13,00","","7,00","","3,20","","96,15","","","","-4,00","","Brouillard"
"2004-01-20 06:00","2004","01","20","06:00"," ","-2,10","","-2,90","","94,00","","14,00","","13,00","","9,70","","96,14","","","","-7,00","","Brouillard"
"2004-01-20 07:00","2004","01","20","07:00"," ","-2,30","","-3,30","","93,00","","15,00","","9,00","","11,30","","96,13","","","","-6,00","","Averses de neige"
"2004-01-20 08:00","2004","01","20","08:00"," ","-2,60","","-3,80","","91,00","","15,00","","13,00","","16,10","","96,10","","","","-7,00","","Averses de neige"
"2004-01-20 09:00","2004","01","20","09:00"," ","-2,90","","-4,30","","90,00","","15,00","","9,00","","24,10","","96,08","","","","-6,00","","Nuageux"
"2004-01-20 10:00","2004","01","20","10:00"," ","-2,80","","-4,40","","89,00","","12,00","","15,00","","8,00","","96,10","","","","-8,00","","Averses de neige"
"2004-01-20 11:00","2004","01","20","11:00"," ","-2,80","","-4,20","","90,00","","16,00","","13,00","","3,20","","96,13","","","","-7,00","","Averses de neige"
"2004-01-20 12:00","2004","01","20","12:00"," ","-2,40","","-3,30","","94,00","","15,00","","6,00","","3,20","","96,11","","","","-5,00","","Neige"
"2004-01-20 13:00","2004","01","20","13:00"," ","-2,30","","-3,30","","93,00","","12,00","","7,00","","4,80","","96,10","","","","-5,00","","Neige"
"2004-01-20 14:00","2004","01","20","14:00"," ","-1,60","","-2,90","","91,00","","17,00","","9,00","","24,10","","96,06","","","","-5,00","","Généralement nuageux"
"2004-01-20 15:00","2004","01","20","15:00"," ","-1,10","","-2,70","","89,00","","17,00","","19,00","","24,10","","96,07","","","","-6,00","","Généralement nuageux"
"2004-01-20 16:00","2004","01","20","16:00"," ","-0,90","","-2,40","","90,00","","0,00","","0,00","","32,20","","96,08","","","","","","Généralement nuageux"
"2004-01-20 17:00","2004","01","20","17:00"," ","-1,00","","-2,60","","89,00","","11,00","","6,00","","40,20","","96,07","","","","-3,00","","Généralement nuageux"
"2004-01-20 18:00","2004","01","20","18:00"," ","-2,00","","-3,20","","91,00","","0,00","","0,00","","40,20","","96,07","","","","","","Généralement nuageux"
"2004-01-20 19:00","2004","01","20","19:00"," ","-1,80","","-2,90","","92,00","","0,00","","0,00","","40,20","","96,08","","","","","","Généralement nuageux"
"2004-01-20 20:00","2004","01","20","20:00"," ","-2,60","","-3,30","","95,00","","0,00","","0,00","","40,20","","96,07","","","","","","Généralement nuageux"
"2004-01-20 21:00","2004","01","20","21:00"," ","-2,60","","-3,40","","94,00","","0,00","","0,00","","40,20","","96,08","","","","","","Généralement nuageux"
"2004-01-20 22:00","2004","01","20","22:00"," ","-2,10","","-3,30","","91,00","","17,00","","6,00","","32,20","","96,09","","","","-4,00","","Généralement nuageux"
"2004-01-20 23:00","2004","01","20","23:00"," ","-2,10","","-3,40","","91,00","","0,00","","0,00","","40,20","","96,09","","","","","","Généralement nuageux"
"2004-01-21 00:00","2004","01","21","00:00"," ","-2,10","","-3,30","","91,00","","0,00","","0,00","","40,20","","96,11","","","","","","Généralement nuageux"
"2004-01-21 01:00","2004","01","21","01:00"," ","-1,80","","-3,20","","90,00","","0,00","","0,00","","40,20","","96,09","","","","","","Généralement nuageux"
"2004-01-21 02:00","2004","01","21","02:00"," ","-2,20","","-3,20","","93,00","","0,00","","0,00","","40,20","","96,08","","","","","","Généralement nuageux"
"2004-01-21 03:00","2004","01","21","03:00"," ","-2,10","","-3,60","","89,00","","0,00","","0,00","","40,20","","96,04","","","","","","Généralement nuageux"
"2004-01-21 04:00","2004","01","21","04:00"," ","-2,00","","-3,50","","89,00","","0,00","","0,00","","40,20","","95,99","","","","","","Généralement nuageux"
"2004-01-21 05:00","2004","01","21","05:00"," ","-1,50","","-2,80","","91,00","","0,00","","0,00","","40,20","","95,98","","","","","","Généralement nuageux"
"2004-01-21 06:00","2004","01","21","06:00"," ","-1,20","","-2,80","","89,00","","0,00","","0,00","","24,10","","95,94","","","","","","Pluie verglaçante"
"2004-01-21 07:00","2004","01","21","07:00"," ","-1,60","","-2,80","","92,00","","0,00","","0,00","","24,10","","95,88","","","","","","Pluie verglaçante"
"2004-01-21 08:00","2004","01","21","08:00"," ","-1,40","","-2,40","","93,00","","0,00","","0,00","","8,00","","95,86","","","","","","Pluie verglaçante"
"2004-01-21 09:00","2004","01","21","09:00"," ","-1,10","","-2,50","","90,00","","0,00","","0,00","","24,10","","95,89","","","","","","Pluie verglaçante"
"2004-01-21 10:00","2004","01","21","10:00"," ","-1,00","","-2,40","","90,00","","15,00","","13,00","","32,20","","95,89","","","","-5,00","","Nuageux"
"2004-01-21 11:00","2004","01","21","11:00"," ","-0,50","","-1,90","","90,00","","0,00","","0,00","","40,20","","95,91","","","","","","Généralement nuageux"
"2004-01-21 12:00","2004","01","21","12:00"," ","0,10","","-1,50","","89,00","","18,00","","9,00","","40,20","","95,86","","","","","","Généralement nuageux"
"2004-01-21 13:00","2004","01","21","13:00"," ","0,70","","-0,90","","89,00","","17,00","","9,00","","40,20","","95,84","","","","","","Nuageux"
"2004-01-21 14:00","2004","01","21","14:00"," ","1,40","","-0,80","","85,00","","16,00","","6,00","","40,20","","95,82","","","","","","Généralement nuageux"
"2004-01-21 15:00","2004","01","21","15:00"," ","1,40","","-0,70","","86,00","","19,00","","6,00","","40,20","","95,82","","","","","","Généralement nuageux"
"2004-01-21 16:00","2004","01","21","16:00"," ","1,30","","-0,50","","88,00","","0,00","","0,00","","40,20","","95,77","","","","","","Généralement nuageux"
"2004-01-21 17:00","2004","01","21","17:00"," ","0,80","","-0,50","","91,00","","0,00","","0,00","","40,20","","95,73","","","","","","Nuageux"
"2004-01-21 18:00","2004","01","21","18:00"," ","0,70","","-0,70","","90,00","","0,00","","0,00","","40,20","","95,71","","","","","","Nuageux"
"2004-01-21 19:00","2004","01","21","19:00"," ","0,20","","-0,70","","94,00","","0,00","","0,00","","32,20","","95,66","","","","","","Nuageux"
"2004-01-21 20:00","2004","01","21","20:00"," ","0,00","","-0,60","","96,00","","0,00","","0,00","","32,20","","95,53","","","","","","Nuageux"
"2004-01-21 21:00","2004","01","21","21:00"," ","0,60","","-0,30","","94,00","","0,00","","0,00","","32,20","","95,48","","","","","","Nuageux"
"2004-01-21 22:00","2004","01","21","22:00"," ","0,10","","-0,50","","96,00","","0,00","","0,00","","32,20","","95,37","","","","","","Nuageux"
"2004-01-21 23:00","2004","01","21","23:00"," ","0,30","","-0,20","","96,00","","0,00","","0,00","","6,40","","95,34","","","","","","Pluie,Brouillard"
"2004-01-22 00:00","2004","01","22","00:00"," ","0,60","","0,30","","98,00","","14,00","","13,00","","3,20","","95,23","","","","","","Pluie"
"2004-01-22 01:00","2004","01","22","01:00"," ","1,30","","1,00","","98,00","","14,00","","9,00","","4,80","","95,14","","","","","","Pluie,Brouillard"
"2004-01-22 02:00","2004","01","22","02:00"," ","1,50","","1,10","","97,00","","0,00","","0,00","","8,00","","95,09","","","","","","Pluie,Brouillard"
"2004-01-22 03:00","2004","01","22","03:00"," ","1,80","","1,20","","96,00","","0,00","","0,00","","16,10","","94,99","","","","","","Nuageux"
"2004-01-22 04:00","2004","01","22","04:00"," ","1,30","","0,70","","96,00","","0,00","","0,00","","16,10","","94,97","","","","","","Nuageux"
"2004-01-22 05:00","2004","01","22","05:00"," ","1,30","","0,90","","97,00","","0,00","","0,00","","16,10","","94,96","","","","","","Nuageux"
"2004-01-22 06:00","2004","01","22","06:00"," ","0,80","","0,70","","99,00","","0,00","","0,00","","0,80","","94,92","","","","","","Brouillard"
"2004-01-22 07:00","2004","01","22","07:00"," ","0,80","","0,30","","96,00","","0,00","","0,00","","8,00","","94,93","","","","","","Brouillard"
"2004-01-22 08:00","2004","01","22","08:00"," ","0,40","","0,00","","97,00","","0,00","","0,00","","4,80","","94,92","","","","","","Brouillard"
"2004-01-22 09:00","2004","01","22","09:00"," ","0,30","","0,00","","98,00","","12,00","","7,00","","24,10","","94,92","","","","","","Généralement nuageux"
"2004-01-22 10:00","2004","01","22","10:00"," ","0,90","","0,50","","97,00","","0,00","","0,00","","32,20","","94,92","","","","","","Généralement nuageux"
"2004-01-22 11:00","2004","01","22","11:00"," ","1,50","","0,90","","96,00","","0,00","","0,00","","32,20","","94,94","","","","","","Généralement nuageux"
"2004-01-22 12:00","2004","01","22","12:00"," ","2,60","","1,40","","92,00","","0,00","","0,00","","40,20","","94,92","","","","","","Généralement nuageux"
"2004-01-22 13:00","2004","01","22","13:00"," ","3,20","","1,90","","91,00","","24,00","","6,00","","40,20","","94,90","","","","","","Généralement nuageux"
"2004-01-22 14:00","2004","01","22","14:00"," ","4,10","","1,90","","86,00","","16,00","","7,00","","40,20","","94,86","","","","","","Généralement nuageux"
"2004-01-22 15:00","2004","01","22","15:00"," ","3,30","","1,70","","89,00","","0,00","","0,00","","40,20","","94,81","","","","","","Généralement nuageux"
"2004-01-22 16:00","2004","01","22","16:00"," ","2,70","","1,70","","93,00","","22,00","","4,00","","40,20","","94,79","","","","","","Généralement nuageux"
"2004-01-22 17:00","2004","01","22","17:00"," ","3,00","","1,90","","92,00","","14,00","","6,00","","40,20","","94,75","","","","","","Généralement nuageux"
"2004-01-22 18:00","2004","01","22","18:00"," ","1,70","","0,90","","94,00","","1,00","","9,00","","40,20","","94,78","","","","","","Généralement nuageux"
"2004-01-22 19:00","2004","01","22","19:00"," ","1,70","","0,70","","93,00","","36,00","","9,00","","24,10","","94,81","","","","","","Pluie"
"2004-01-22 20:00","2004","01","22","20:00"," ","1,60","","1,20","","97,00","","0,00","","0,00","","24,10","","94,84","","","","","","Pluie"
"2004-01-22 21:00","2004","01","22","21:00"," ","0,10","","-0,40","","96,00","","5,00","","4,00","","1,20","","94,89","","","","","","Brouillard"
"2004-01-22 22:00","2004","01","22","22:00"," ","0,20","","-0,40","","96,00","","0,00","","0,00","","0,80","","94,95","","","","","","Brouillard"
"2004-01-22 23:00","2004","01","22","23:00"," ","0,00","","-0,30","","98,00","","0,00","","0,00","","0,40","","94,99","","","","","","Brouillard"
"2004-01-23 00:00","2004","01","23","00:00"," ","0,10","","-0,10","","99,00","","0,00","","0,00","","0,40","","95,03","","","","","","Brouillard"
"2004-01-23 01:00","2004","01","23","01:00"," ","-0,30","","-0,50","","99,00","","0,00","","0,00","","0,40","","95,05","","","","","","Brouillard verglaçant"
"2004-01-23 02:00","2004","01","23","02:00"," ","-0,70","","-1,30","","96,00","","0,00","","0,00","","0,40","","95,08","","","","","","Brouillard verglaçant"
"2004-01-23 03:00","2004","01","23","03:00"," ","-1,00","","-1,20","","99,00","","0,00","","0,00","","0,40","","95,10","","","","","","Brouillard verglaçant"
"2004-01-23 04:00","2004","01","23","04:00"," ","-1,90","","-2,10","","99,00","","0,00","","0,00","","0,80","","95,10","","","","","","Brouillard verglaçant"
"2004-01-23 05:00","2004","01","23","05:00"," ","-2,60","","-3,10","","96,00","","0,00","","0,00","","0,80","","95,10","","","","","","Brouillard verglaçant"
"2004-01-23 06:00","2004","01","23","06:00"," ","-2,30","","-2,60","","98,00","","21,00","","7,00","","0,80","","95,10","","","","-5,00","","Brouillard verglaçant"
"2004-01-23 07:00","2004","01","23","07:00"," ","-2,30","","-2,70","","97,00","","0,00","","0,00","","0,80","","95,09","","","","","","Brouillard verglaçant"
"2004-01-23 08:00","2004","01","23","08:00"," ","-2,20","","-2,40","","99,00","","0,00","","0,00","","0,80","","95,08","","","","","","Brouillard verglaçant"
"2004-01-23 09:00","2004","01","23","09:00"," ","-1,90","","-2,00","","99,00","","14,00","","4,00","","0,80","","95,07","","","","-3,00","","Brouillard verglaçant"
"2004-01-23 10:00","2004","01","23","10:00"," ","-2,30","","-2,30","","100,00","","0,00","","0,00","","0,60","","95,07","","","","","","Brouillard verglaçant"
"2004-01-23 11:00","2004","01","23","11:00"," ","-1,80","","-1,80","","100,00","","0,00","","0,00","","0,60","","95,06","","","","","","Brouillard verglaçant"
"2004-01-23 12:00","2004","01","23","12:00"," ","-1,40","","-1,40","","100,00","","0,00","","0,00","","0,80","","94,96","","","","","","Brouillard verglaçant"
"2004-01-23 13:00","2004","01","23","13:00"," ","-1,00","","-1,00","","100,00","","0,00","","0,00","","1,20","","94,89","","","","","","Brouillard verglaçant"
"2004-01-23 14:00","2004","01","23","14:00"," ","-1,00","","-1,00","","100,00","","0,00","","0,00","","2,00","","94,82","","","","","","Brouillard"
"2004-01-23 15:00","2004","01","23","15:00"," ","-0,70","","-0,70","","100,00","","0,00","","0,00","","2,00","","94,75","","","","","","Brouillard"
"2004-01-23 16:00","2004","01","23","16:00"," ","-0,70","","-0,70","","100,00","","0,00","","0,00","","3,20","","94,70","","","","","","Brouillard"
"2004-01-23 17:00","2004","01","23","17:00"," ","-0,70","","-1,00","","98,00","","0,00","","0,00","","3,20","","94,66","","","","","","Neige,Brouillard"
"2004-01-23 18:00","2004","01","23","18:00"," ","-0,70","","-1,10","","97,00","","0,00","","0,00","","3,20","","94,62","","","","","","Neige,Brouillard"
"2004-01-23 19:00","2004","01","23","19:00"," ","-0,70","","-1,00","","98,00","","15,00","","4,00","","1,20","","94,58","","","","-2,00","","Neige,Brouillard"
"2004-01-23 20:00","2004","01","23","20:00"," ","-1,00","","-1,30","","98,00","","16,00","","4,00","","0,80","","94,57","","","","-2,00","","Brouillard verglaçant"
"2004-01-23 21:00","2004","01","23","21:00"," ","-1,20","","-1,60","","97,00","","0,00","","0,00","","2,40","","94,57","","","","","","Neige,Brouillard"
"2004-01-23 22:00","2004","01","23","22:00"," ","-1,20","","-1,70","","96,00","","0,00","","0,00","","4,80","","94,56","","","","","","Brouillard"
"2004-01-23 23:00","2004","01","23","23:00"," ","-1,50","","-2,30","","94,00","","30,00","","7,00","","16,10","","94,55","","","","-4,00","","Nuageux"
"2004-01-24 00:00","2004","01","24","00:00"," ","-1,80","","-2,90","","92,00","","0,00","","0,00","","16,10","","94,56","","","","","","Généralement nuageux"
"2004-01-24 01:00","2004","01","24","01:00"," ","-2,70","","-3,50","","94,00","","0,00","","0,00","","24,10","","94,58","","","","","","Généralement dégagé"
"2004-01-24 02:00","2004","01","24","02:00"," ","-3,00","","-4,00","","93,00","","0,00","","0,00","","24,10","","94,60","","","","","","Généralement dégagé"
"2004-01-24 03:00","2004","01","24","03:00"," ","-2,50","","-3,60","","92,00","","0,00","","0,00","","24,10","","94,60","","","","","","Généralement dégagé"
"2004-01-24 04:00","2004","01","24","04:00"," ","-2,80","","-3,80","","93,00","","28,00","","7,00","","24,10","","94,60","","","","-6,00","","Généralement dégagé"
"2004-01-24 05:00","2004","01","24","05:00"," ","-3,00","","-3,90","","93,00","","0,00","","0,00","","24,10","","94,59","","","","","","Généralement dégagé"
"2004-01-24 06:00","2004","01","24","06:00"," ","-3,50","","-4,70","","91,00","","0,00","","0,00","","24,10","","94,62","","","","","","Généralement nuageux"
"2004-01-24 07:00","2004","01","24","07:00"," ","-4,00","","-5,30","","91,00","","27,00","","7,00","","24,10","","94,64","","","","-7,00","","Généralement nuageux"
"2004-01-24 08:00","2004","01","24","08:00"," ","-3,70","","-5,10","","90,00","","0,00","","0,00","","24,10","","94,66","","","","","","Généralement nuageux"
"2004-01-24 09:00","2004","01","24","09:00"," ","-4,00","","-5,40","","90,00","","0,00","","0,00","","24,10","","94,69","","","","","","Averses de neige"
"2004-01-24 10:00","2004","01","24","10:00"," ","-3,20","","-4,20","","93,00","","0,00","","0,00","","24,10","","94,72","","","","","","Averses de neige"
"2004-01-24 11:00","2004","01","24","11:00"," ","-2,60","","-3,30","","95,00","","0,00","","0,00","","6,40","","94,76","","","","","","Averses de neige"
"2004-01-24 12:00","2004","01","24","12:00"," ","-1,80","","-2,50","","95,00","","0,00","","0,00","","4,80","","94,77","","","","","","Averses de neige"
"2004-01-24 13:00","2004","01","24","13:00"," ","-1,80","","-2,70","","94,00","","21,00","","4,00","","8,00","","94,80","","","","-3,00","","Averses de neige"
"2004-01-24 14:00","2004","01","24","14:00"," ","-4,40","","-6,30","","87,00","","17,00","","15,00","","4,80","","94,88","","","","-10,00","","Averses de neige"
"2004-01-24 15:00","2004","01","24","15:00"," ","-5,60","","-7,80","","84,00","","17,00","","26,00","","6,40","","94,96","","","","-13,00","","Neige"
"2004-01-24 16:00","2004","01","24","16:00"," ","-6,50","","-9,30","","80,00","","17,00","","19,00","","16,10","","95,03","","","","-13,00","","Neige"
"2004-01-24 17:00","2004","01","24","17:00"," ","-7,10","","-10,40","","77,00","","17,00","","19,00","","11,30","","95,11","","","","-14,00","","Neige"
"2004-01-24 18:00","2004","01","24","18:00"," ","-8,00","","-12,00","","73,00","","18,00","","19,00","","16,10","","95,20","","","","-15,00","","Neige"
"2004-01-24 19:00","2004","01","24","19:00"," ","-8,80","","-12,80","","73,00","","16,00","","19,00","","16,10","","95,27","","","","-16,00","","Neige"
"2004-01-24 20:00","2004","01","24","20:00"," ","-9,70","","-13,80","","72,00","","16,00","","19,00","","16,10","","95,34","","","","-17,00","","Neige"
"2004-01-24 21:00","2004","01","24","21:00"," ","-10,50","","-15,40","","67,00","","17,00","","19,00","","24,10","","95,42","","","","-18,00","","Neige"
"2004-01-24 22:00","2004","01","24","22:00"," ","-11,20","","-15,70","","69,00","","17,00","","19,00","","24,10","","95,45","","","","-19,00","","Neige"
"2004-01-24 23:00","2004","01","24","23:00"," ","-11,80","","-16,60","","67,00","","17,00","","19,00","","24,10","","95,51","","","","-20,00","","Neige"
"2004-01-25 00:00","2004","01","25","00:00"," ","-12,30","","-17,20","","67,00","","18,00","","19,00","","24,10","","95,54","","","","-21,00","","Neige"
"2004-01-25 01:00","2004","01","25","01:00"," ","-12,70","","-18,10","","64,00","","17,00","","19,00","","24,10","","95,59","","","","-21,00","","Neige"
"2004-01-25 02:00","2004","01","25","02:00"," ","-13,20","","-17,90","","68,00","","18,00","","19,00","","8,00","","95,62","","","","-22,00","","Neige"
"2004-01-25 03:00","2004","01","25","03:00"," ","-13,50","","-19,00","","63,00","","21,00","","19,00","","8,00","","95,64","","","","-22,00","","Neige"
"2004-01-25 04:00","2004","01","25","04:00"," ","-13,80","","-19,20","","64,00","","18,00","","19,00","","8,00","","95,68","","","","-22,00","","Neige"
"2004-01-25 05:00","2004","01","25","05:00"," ","-14,20","","-19,80","","62,00","","18,00","","19,00","","4,80","","95,70","","","","-23,00","","Neige"
"2004-01-25 06:00","2004","01","25","06:00"," ","-14,60","","-20,20","","62,00","","18,00","","19,00","","8,00","","95,73","","","","-23,00","","Neige"
"2004-01-25 07:00","2004","01","25","07:00"," ","-15,00","","-21,20","","59,00","","18,00","","19,00","","8,00","","95,75","","","","-24,00","","Neige"
"2004-01-25 08:00","2004","01","25","08:00"," ","-15,50","","-22,10","","57,00","","18,00","","24,00","","24,10","","95,79","","","","-26,00","","Neige"
"2004-01-25 09:00","2004","01","25","09:00"," ","-15,90","","-24,80","","46,00","","19,00","","19,00","","24,10","","95,83","","","","-25,00","","Neige"
"2004-01-25 10:00","2004","01","25","10:00"," ","-16,00","","-23,80","","51,00","","20,00","","19,00","","24,10","","95,86","","","","-25,00","","Neige"
"2004-01-25 11:00","2004","01","25","11:00"," ","-16,00","","-23,70","","52,00","","19,00","","19,00","","16,10","","95,88","","","","-25,00","","Neige"
"2004-01-25 12:00","2004","01","25","12:00"," ","-15,90","","-23,90","","50,00","","18,00","","28,00","","16,10","","95,89","","","","-27,00","","Neige"
"2004-01-25 13:00","2004","01","25","13:00"," ","-15,80","","-24,30","","48,00","","15,00","","22,00","","8,00","","95,89","","","","-26,00","","Neige"
"2004-01-25 14:00","2004","01","25","14:00"," ","-15,90","","-23,90","","50,00","","15,00","","22,00","","8,00","","95,89","","","","-26,00","","Neige"
"2004-01-25 15:00","2004","01","25","15:00"," ","-16,00","","-24,50","","48,00","","17,00","","22,00","","6,40","","95,90","","","","-26,00","","Neige"
"2004-01-25 16:00","2004","01","25","16:00"," ","-16,00","","-24,90","","46,00","","17,00","","15,00","","14,50","","95,89","","","","-24,00","","Neige"
"2004-01-25 17:00","2004","01","25","17:00"," ","-16,40","","-25,60","","45,00","","18,00","","17,00","","16,10","","95,92","","","","-25,00","","Neige"
"2004-01-25 18:00","2004","01","25","18:00"," ","-16,90","","-26,20","","44,00","","16,00","","19,00","","14,50","","95,97","","","","-26,00","","Neige"
"2004-01-25 19:00","2004","01","25","19:00"," ","-17,20","","-26,40","","45,00","","17,00","","19,00","","16,10","","96,00","","","","-27,00","","Neige"
"2004-01-25 20:00","2004","01","25","20:00"," ","-17,50","","-26,80","","44,00","","16,00","","19,00","","16,10","","95,99","","","","-27,00","","Neige"
"2004-01-25 21:00","2004","01","25","21:00"," ","-18,00","","-27,10","","45,00","","17,00","","19,00","","24,10","","96,01","","","","-28,00","","Neige"
"2004-01-25 22:00","2004","01","25","22:00"," ","-18,40","","-27,40","","45,00","","18,00","","19,00","","24,10","","96,02","","","","-28,00","","Neige"
"2004-01-25 23:00","2004","01","25","23:00"," ","-18,70","","-27,70","","45,00","","18,00","","19,00","","24,10","","96,05","","","","-29,00","","Neige"
"2004-01-26 00:00","2004","01","26","00:00"," ","-19,20","","-28,40","","44,00","","19,00","","19,00","","24,10","","96,08","","","","-29,00","","Neige"
"2004-01-26 01:00","2004","01","26","01:00"," ","-19,50","","-28,90","","43,00","","19,00","","19,00","","24,10","","96,08","","","","-30,00","","Neige"
"2004-01-26 02:00","2004","01","26","02:00"," ","-19,80","","-29,40","","42,00","","19,00","","19,00","","24,10","","96,10","","","","-30,00","","Neige"
"2004-01-26 03:00","2004","01","26","03:00"," ","-20,10","","-29,80","","42,00","","19,00","","15,00","","32,20","","96,11","","","","-29,00","","Neige"
"2004-01-26 04:00","2004","01","26","04:00"," ","-20,40","","-29,90","","42,00","","18,00","","19,00","","32,20","","96,10","","","","-31,00","","Nuageux"
"2004-01-26 05:00","2004","01","26","05:00"," ","-20,80","","-30,30","","42,00","","18,00","","19,00","","32,20","","96,10","","","","-31,00","","Nuageux"
"2004-01-26 06:00","2004","01","26","06:00"," ","-21,30","","-31,00","","41,00","","20,00","","28,00","","32,20","","96,10","","","","-34,00","","Nuageux"
"2004-01-26 07:00","2004","01","26","07:00"," ","-21,60","","-31,30","","41,00","","20,00","","19,00","","32,20","","96,14","","","","-32,00","","Nuageux"
"2004-01-26 08:00","2004","01","26","08:00"," ","-22,10","","-31,60","","42,00","","18,00","","19,00","","32,20","","96,17","","","","-33,00","","Nuageux"
"2004-01-26 09:00","2004","01","26","09:00"," ","-22,50","","-32,40","","40,00","","17,00","","19,00","","32,20","","96,20","","","","-33,00","","Nuageux"
"2004-01-26 10:00","2004","01","26","10:00"," ","-22,70","","-32,70","","40,00","","20,00","","19,00","","32,20","","96,23","","","","-34,00","","Nuageux"
"2004-01-26 11:00","2004","01","26","11:00"," ","-22,70","","-32,20","","42,00","","18,00","","19,00","","32,20","","96,25","","","","-34,00","","Nuageux"
"2004-01-26 12:00","2004","01","26","12:00"," ","-22,60","","-32,50","","40,00","","18,00","","22,00","","32,20","","96,27","","","","-34,00","","Nuageux"
"2004-01-26 13:00","2004","01","26","13:00"," ","-22,30","","-32,50","","39,00","","19,00","","17,00","","32,20","","96,25","","","","-33,00","","Nuageux"
"2004-01-26 14:00","2004","01","26","14:00"," ","-22,00","","-32,00","","40,00","","15,00","","19,00","","32,20","","96,25","","","","-33,00","","Nuageux"
"2004-01-26 15:00","2004","01","26","15:00"," ","-21,80","","-32,60","","37,00","","16,00","","22,00","","32,20","","96,25","","","","-33,00","","Généralement nuageux"
"2004-01-26 16:00","2004","01","26","16:00"," ","-22,70","","-33,80","","36,00","","16,00","","19,00","","40,20","","96,29","","","","-34,00","","Généralement nuageux"
"2004-01-26 17:00","2004","01","26","17:00"," ","-23,30","","-33,90","","37,00","","20,00","","22,00","","40,20","","96,35","","","","-35,00","","Généralement dégagé"
"2004-01-26 18:00","2004","01","26","18:00"," ","-23,50","","-33,70","","39,00","","18,00","","9,00","","40,20","","96,41","","","","-31,00","","Généralement dégagé"
"2004-01-26 19:00","2004","01","26","19:00"," ","-23,90","","-33,60","","40,00","","16,00","","11,00","","40,20","","96,46","","","","-32,00","","Généralement dégagé"
"2004-01-26 20:00","2004","01","26","20:00"," ","-24,70","","-33,20","","45,00","","15,00","","9,00","","32,20","","96,51","","","","-32,00","","Généralement dégagé"
"2004-01-26 21:00","2004","01","26","21:00"," ","-25,10","","-33,10","","47,00","","15,00","","15,00","","32,20","","96,56","","","","-35,00","","Généralement dégagé"
"2004-01-26 22:00","2004","01","26","22:00"," ","-25,20","","-33,20","","47,00","","14,00","","15,00","","32,20","","96,59","","","","-35,00","","Généralement dégagé"
"2004-01-26 23:00","2004","01","26","23:00"," ","-25,20","","-33,20","","47,00","","14,00","","11,00","","32,20","","96,66","","","","-34,00","","Généralement dégagé"
"2004-01-27 00:00","2004","01","27","00:00"," ","-25,60","","-33,10","","49,00","","14,00","","11,00","","32,20","","96,70","","","","-34,00","","Généralement dégagé"
"2004-01-27 01:00","2004","01","27","01:00"," ","-25,90","","-33,90","","47,00","","11,00","","9,00","","40,20","","96,71","","","","-34,00","","Généralement dégagé"
"2004-01-27 02:00","2004","01","27","02:00"," ","-26,10","","-33,60","","49,00","","10,00","","7,00","","40,20","","96,70","","","","-33,00","","Généralement nuageux"
"2004-01-27 03:00","2004","01","27","03:00"," ","-24,80","","-33,60","","44,00","","12,00","","6,00","","40,20","","96,71","","","","-31,00","","Nuageux"
"2004-01-27 04:00","2004","01","27","04:00"," ","-24,60","","-34,40","","40,00","","14,00","","19,00","","40,20","","96,66","","","","-36,00","","Nuageux"
"2004-01-27 05:00","2004","01","27","05:00"," ","-24,50","","-34,60","","39,00","","17,00","","15,00","","40,20","","96,62","","","","-35,00","","Généralement nuageux"
"2004-01-27 06:00","2004","01","27","06:00"," ","-24,30","","-34,90","","37,00","","18,00","","15,00","","40,20","","96,62","","","","-34,00","","Nuageux"
"2004-01-27 07:00","2004","01","27","07:00"," ","-24,20","","-34,60","","38,00","","18,00","","22,00","","40,20","","96,62","","","","-36,00","","Nuageux"
"2004-01-27 08:00","2004","01","27","08:00"," ","-24,50","","-31,80","","51,00","","20,00","","22,00","","6,40","","96,59","","","","-37,00","","Neige"
"2004-01-27 09:00","2004","01","27","09:00"," ","-24,50","","-31,30","","53,00","","18,00","","24,00","","6,40","","96,56","","","","-37,00","","Neige"
"2004-01-27 10:00","2004","01","27","10:00"," ","-24,40","","-30,80","","55,00","","19,00","","19,00","","6,40","","96,54","","","","-36,00","","Neige"
"2004-01-27 11:00","2004","01","27","11:00"," ","-24,10","","-31,10","","52,00","","20,00","","19,00","","9,70","","96,51","","","","-35,00","","Neige"
"2004-01-27 12:00","2004","01","27","12:00"," ","-23,20","","-30,50","","51,00","","16,00","","19,00","","9,70","","96,42","","","","-34,00","","Neige"
"2004-01-27 13:00","2004","01","27","13:00"," ","-23,10","","-30,50","","51,00","","18,00","","19,00","","16,10","","96,31","","","","-34,00","","Neige"
"2004-01-27 14:00","2004","01","27","14:00"," ","-22,70","","-29,20","","55,00","","16,00","","19,00","","11,30","","96,21","","","","-34,00","","Neige"
"2004-01-27 15:00","2004","01","27","15:00"," ","-22,60","","-29,20","","55,00","","18,00","","19,00","","4,80","","96,13","","","","-33,00","","Neige"
"2004-01-27 16:00","2004","01","27","16:00"," ","-22,80","","-28,50","","60,00","","18,00","","19,00","","3,20","","96,00","","","","-34,00","","Neige"
"2004-01-27 17:00","2004","01","27","17:00"," ","-22,50","","-28,50","","58,00","","18,00","","19,00","","3,20","","95,90","","","","-33,00","","Neige"
"2004-01-27 18:00","2004","01","27","18:00"," ","-22,40","","-27,50","","63,00","","18,00","","19,00","","1,60","","95,83","","","","-33,00","","Neige"
"2004-01-27 19:00","2004","01","27","19:00"," ","-22,70","","-27,70","","64,00","","18,00","","19,00","","1,60","","95,73","","","","-34,00","","Neige"
"2004-01-27 20:00","2004","01","27","20:00"," ","-22,40","","-26,90","","67,00","","18,00","","19,00","","1,60","","95,58","","","","-33,00","","Neige"
"2004-01-27 21:00","2004","01","27","21:00"," ","-22,40","","-28,20","","59,00","","15,00","","15,00","","1,60","","95,45","","","","-32,00","","Neige"
"2004-01-27 22:00","2004","01","27","22:00"," ","-22,20","","-26,40","","69,00","","20,00","","19,00","","1,60","","95,27","","","","-33,00","","Neige"
"2004-01-27 23:00","2004","01","27","23:00"," ","-22,00","","-26,40","","67,00","","17,00","","19,00","","1,60","","95,13","","","","-33,00","","Neige"
"2004-01-28 00:00","2004","01","28","00:00"," ","-21,80","","-26,40","","66,00","","18,00","","15,00","","1,60","","95,06","","","","-31,00","","Neige"
"2004-01-28 01:00","2004","01","28","01:00"," ","-21,60","","-26,10","","67,00","","17,00","","19,00","","3,20","","94,90","","","","-32,00","","Neige"
"2004-01-28 02:00","2004","01","28","02:00"," ","-21,10","","-26,60","","61,00","","19,00","","19,00","","4,80","","94,82","","","","-32,00","","Neige"
"2004-01-28 03:00","2004","01","28","03:00"," ","-21,10","","-26,90","","60,00","","15,00","","19,00","","9,70","","94,82","","","","-32,00","","Neige"
"2004-01-28 04:00","2004","01","28","04:00"," ","-22,30","","-26,00","","72,00","","12,00","","17,00","","3,20","","94,78","","","","-33,00","","Neige"
"2004-01-28 05:00","2004","01","28","05:00"," ","-21,70","","-26,10","","68,00","","11,00","","13,00","","16,10","","94,77","","","","-30,00","","Neige"
"2004-01-28 06:00","2004","01","28","06:00"," ","-21,60","","-26,10","","67,00","","12,00","","9,00","","4,80","","94,86","","","","-29,00","","Neige"
"2004-01-28 07:00","2004","01","28","07:00"," ","-21,50","","-25,80","","68,00","","12,00","","13,00","","16,10","","94,91","","","","-30,00","","Neige"
"2004-01-28 08:00","2004","01","28","08:00"," ","-21,50","","-25,80","","68,00","","14,00","","15,00","","9,70","","94,98","","","","-31,00","","Neige"
"2004-01-28 09:00","2004","01","28","09:00"," ","-21,30","","-25,60","","68,00","","13,00","","13,00","","8,00","","95,07","","","","-30,00","","Neige"
"2004-01-28 10:00","2004","01","28","10:00"," ","-20,70","","-25,00","","68,00","","13,00","","11,00","","14,50","","95,11","","","","-28,00","","Neige"
"2004-01-28 11:00","2004","01","28","11:00"," ","-20,10","","-24,60","","67,00","","14,00","","15,00","","24,10","","95,14","","","","-29,00","","Neige"
"2004-01-28 12:00","2004","01","28","12:00"," ","-19,20","","-23,70","","68,00","","14,00","","13,00","","24,10","","95,20","","","","-27,00","","Nuageux"
"2004-01-28 13:00","2004","01","28","13:00"," ","-18,50","","-23,30","","66,00","","13,00","","9,00","","24,10","","95,19","","","","-25,00","","Neige"
"2004-01-28 14:00","2004","01","28","14:00"," ","-17,50","","-22,60","","64,00","","15,00","","13,00","","24,10","","95,16","","","","-25,00","","Neige"
"2004-01-28 15:00","2004","01","28","15:00"," ","-17,30","","-22,80","","62,00","","14,00","","15,00","","24,10","","95,14","","","","-26,00","","Neige"
"2004-01-28 16:00","2004","01","28","16:00"," ","-16,90","","-21,50","","67,00","","12,00","","9,00","","16,10","","95,11","","","","-23,00","","Neige"
"2004-01-28 17:00","2004","01","28","17:00"," ","-16,80","","-22,40","","62,00","","12,00","","9,00","","16,10","","95,08","","","","-23,00","","Neige"
"2004-01-28 18:00","2004","01","28","18:00"," ","-16,90","","-22,10","","64,00","","15,00","","9,00","","16,10","","95,05","","","","-23,00","","Neige"
"2004-01-28 19:00","2004","01","28","19:00"," ","-17,00","","-21,90","","66,00","","15,00","","9,00","","16,10","","94,99","","","","-23,00","","Neige"
"2004-01-28 20:00","2004","01","28","20:00"," ","-16,60","","-23,30","","56,00","","15,00","","9,00","","24,10","","94,86","","","","-23,00","","Nuageux"
"2004-01-28 21:00","2004","01","28","21:00"," ","-16,60","","-22,00","","63,00","","0,00","","0,00","","24,10","","94,77","","","","","","Neige"
"2004-01-28 22:00","2004","01","28","22:00"," ","-16,60","","-21,60","","65,00","","18,00","","9,00","","24,10","","94,73","","","","-23,00","","Neige"
"2004-01-28 23:00","2004","01","28","23:00"," ","-16,60","","-21,30","","67,00","","17,00","","15,00","","8,00","","94,66","","","","-25,00","","Neige"
"2004-01-29 00:00","2004","01","29","00:00"," ","-16,40","","-21,30","","66,00","","17,00","","15,00","","4,80","","94,57","","","","-25,00","","Neige"
"2004-01-29 01:00","2004","01","29","01:00"," ","-16,50","","-21,00","","68,00","","19,00","","6,00","","3,20","","94,65","","","","-21,00","","Neige"
"2004-01-29 02:00","2004","01","29","02:00"," ","-16,70","","-20,50","","72,00","","18,00","","6,00","","3,20","","94,57","","","","-21,00","","Neige"
"2004-01-29 03:00","2004","01","29","03:00"," ","-17,40","","-21,40","","71,00","","15,00","","6,00","","4,80","","94,55","","","","-22,00","","Neige"
"2004-01-29 04:00","2004","01","29","04:00"," ","-17,30","","-21,70","","69,00","","15,00","","11,00","","24,10","","94,54","","","","-24,00","","Neige"
"2004-01-29 05:00","2004","01","29","05:00"," ","-17,80","","-21,90","","70,00","","0,00","","0,00","","16,10","","94,52","","","","","","Averses de neige"
"2004-01-29 06:00","2004","01","29","06:00"," ","-19,30","","-23,10","","72,00","","0,00","","0,00","","4,80","","94,52","","","","","","Neige"
"2004-01-29 07:00","2004","01","29","07:00"," ","-17,50","","-21,60","","70,00","","18,00","","9,00","","16,10","","94,47","","","","-24,00","","Neige"
"2004-01-29 08:00","2004","01","29","08:00"," ","-18,30","","-22,20","","71,00","","14,00","","6,00","","9,70","","94,44","","","","-23,00","","Neige"
"2004-01-29 09:00","2004","01","29","09:00"," ","-17,50","","-21,60","","70,00","","0,00","","0,00","","16,10","","94,45","","","","","","Neige"
"2004-01-29 10:00","2004","01","29","10:00"," ","-17,20","","-21,00","","72,00","","0,00","","0,00","","1,60","","94,46","","","","","","Neige"
"2004-01-29 11:00","2004","01","29","11:00"," ","-16,00","","-20,90","","66,00","","16,00","","6,00","","16,10","","94,43","","","","-20,00","","Neige"
"2004-01-29 12:00","2004","01","29","12:00"," ","-15,60","","-20,50","","66,00","","0,00","","0,00","","24,10","","94,35","","","","","","Neige"
"2004-01-29 13:00","2004","01","29","13:00"," ","-14,80","","-19,70","","66,00","","14,00","","6,00","","16,10","","94,31","","","","-19,00","","Neige"
"2004-01-29 14:00","2004","01","29","14:00"," ","-14,40","","-18,20","","73,00","","16,00","","7,00","","2,40","","94,25","","","","-19,00","","Neige"
"2004-01-29 15:00","2004","01","29","15:00"," ","-14,00","","-17,30","","76,00","","0,00","","0,00","","32,20","","94,20","","","","","","Neige"
"2004-01-29 16:00","2004","01","29","16:00"," ","-13,70","","-17,10","","75,00","","0,00","","0,00","","24,10","","94,16","","","","","","Généralement nuageux"
"2004-01-29 17:00","2004","01","29","17:00"," ","-13,50","","-17,90","","69,00","","0,00","","0,00","","24,10","","94,15","","","","","","Généralement nuageux"
"2004-01-29 18:00","2004","01","29","18:00"," ","-14,30","","-17,80","","75,00","","0,00","","0,00","","24,10","","94,10","","","","","","Neige"
"2004-01-29 19:00","2004","01","29","19:00"," ","-13,70","","-17,30","","74,00","","0,00","","0,00","","19,30","","94,06","","","","","","Neige"
"2004-01-29 20:00","2004","01","29","20:00"," ","-13,80","","-17,10","","76,00","","0,00","","0,00","","24,10","","94,03","","","","","","Neige"
"2004-01-29 21:00","2004","01","29","21:00"," ","-13,60","","-16,60","","78,00","","0,00","","0,00","","24,10","","94,00","","","","","","Neige"
"2004-01-29 22:00","2004","01","29","22:00"," ","-13,40","","-16,80","","76,00","","0,00","","0,00","","19,30","","94,00","","","","","","Neige"
"2004-01-29 23:00","2004","01","29","23:00"," ","-13,60","","-17,00","","75,00","","0,00","","0,00","","19,30","","93,98","","","","","","Neige"
"2004-01-30 00:00","2004","01","30","00:00"," ","-13,80","","-16,70","","79,00","","0,00","","0,00","","16,10","","93,96","","","","","","Neige"
"2004-01-30 01:00","2004","01","30","01:00"," ","-14,20","","-17,20","","78,00","","0,00","","0,00","","16,10","","93,94","","","","","","Neige"
"2004-01-30 02:00","2004","01","30","02:00"," ","-14,80","","-18,10","","76,00","","0,00","","0,00","","16,10","","93,95","","","","","","Neige"
"2004-01-30 03:00","2004","01","30","03:00"," ","-15,00","","-18,90","","72,00","","0,00","","0,00","","16,10","","93,93","","","","","","Neige"
"2004-01-30 04:00","2004","01","30","04:00"," ","-14,80","","-18,00","","77,00","","0,00","","0,00","","12,90","","93,89","","","","","","Neige"
"2004-01-30 05:00","2004","01","30","05:00"," ","-15,50","","-18,40","","78,00","","0,00","","0,00","","16,10","","93,89","","","","","","Neige"
"2004-01-30 06:00","2004","01","30","06:00"," ","-17,30","","-20,30","","77,00","","0,00","","0,00","","24,10","","93,91","","","","","","Neige"
"2004-01-30 07:00","2004","01","30","07:00"," ","-18,00","","-21,60","","73,00","","0,00","","0,00","","32,20","","93,95","","","","","","Généralement dégagé"
"2004-01-30 08:00","2004","01","30","08:00"," ","-19,00","","-22,60","","73,00","","0,00","","0,00","","32,20","","94,02","","","","","","Généralement nuageux"
"2004-01-30 09:00","2004","01","30","09:00"," ","-19,40","","-23,10","","72,00","","0,00","","0,00","","40,20","","94,11","","","","","","Généralement nuageux"
"2004-01-30 10:00","2004","01","30","10:00"," ","-17,50","","-20,30","","79,00","","0,00","","0,00","","32,20","","94,14","","","","","","Neige"
"2004-01-30 11:00","2004","01","30","11:00"," ","-16,90","","-20,30","","75,00","","0,00","","0,00","","32,20","","94,22","","","","","","Neige"
"2004-01-30 12:00","2004","01","30","12:00"," ","-14,30","","-17,90","","74,00","","0,00","","0,00","","32,20","","94,27","","","","","","Neige"
"2004-01-30 13:00","2004","01","30","13:00"," ","-13,30","","-16,70","","76,00","","0,00","","0,00","","8,00","","94,33","","","","","","Neige"
"2004-01-30 14:00","2004","01","30","14:00"," ","-12,70","","-15,40","","80,00","","0,00","","0,00","","8,00","","94,39","","","","","","Neige"
"2004-01-30 15:00","2004","01","30","15:00"," ","-12,10","","-14,50","","82,00","","0,00","","0,00","","24,10","","94,43","","","","","","Neige"
"2004-01-30 16:00","2004","01","30","16:00"," ","-12,50","","-14,60","","84,00","","0,00","","0,00","","32,20","","94,52","","","","","","Neige"
"2004-01-30 17:00","2004","01","30","17:00"," ","-13,70","","-15,40","","87,00","","0,00","","0,00","","24,10","","94,59","","","","","","Neige"
"2004-01-30 18:00","2004","01","30","18:00"," ","-15,20","","-17,00","","86,00","","0,00","","0,00","","24,10","","94,65","","","","","","Neige"
"2004-01-30 19:00","2004","01","30","19:00"," ","-16,40","","-18,10","","87,00","","0,00","","0,00","","32,20","","94,71","","","","","","Neige"
"2004-01-30 20:00","2004","01","30","20:00"," ","-17,50","","-19,30","","86,00","","0,00","","0,00","","40,20","","94,76","","","","","","Généralement dégagé"
"2004-01-30 21:00","2004","01","30","21:00"," ","-19,50","","-21,00","","88,00","","0,00","","0,00","","40,20","","94,80","","","","","","Généralement dégagé"
"2004-01-30 22:00","2004","01","30","22:00"," ","-20,10","","-21,70","","87,00","","0,00","","0,00","","40,20","","94,85","","","","","","Généralement dégagé"
"2004-01-30 23:00","2004","01","30","23:00"," ","-21,50","","-22,90","","88,00","","0,00","","0,00","","40,20","","94,93","","","","","","Généralement dégagé"
"2004-01-31 00:00","2004","01","31","00:00"," ","-20,60","","-21,80","","90,00","","0,00","","0,00","","40,20","","95,02","","","","","","Généralement nuageux"
"2004-01-31 01:00","2004","01","31","01:00"," ","-17,80","","-19,20","","89,00","","15,00","","4,00","","40,20","","95,00","","","","-21,00","","Généralement nuageux"
"2004-01-31 02:00","2004","01","31","02:00"," ","-18,70","","-20,10","","89,00","","15,00","","4,00","","40,20","","95,01","","","","-22,00","","Nuageux"
"2004-01-31 03:00","2004","01","31","03:00"," ","-18,80","","-20,40","","87,00","","0,00","","0,00","","32,20","","95,05","","","","","","Nuageux"
"2004-01-31 04:00","2004","01","31","04:00"," ","-18,60","","-20,20","","87,00","","18,00","","6,00","","32,20","","95,06","","","","-23,00","","Nuageux"
"2004-01-31 05:00","2004","01","31","05:00"," ","-17,50","","-19,20","","87,00","","20,00","","6,00","","32,20","","95,09","","","","-22,00","","Neige"
"2004-01-31 06:00","2004","01","31","06:00"," ","-17,00","","-18,80","","86,00","","15,00","","6,00","","24,10","","95,14","","","","-22,00","","Neige"
"2004-01-31 07:00","2004","01","31","07:00"," ","-16,60","","-18,60","","84,00","","15,00","","6,00","","24,10","","95,15","","","","-21,00","","Neige"
"2004-01-31 08:00","2004","01","31","08:00"," ","-16,00","","-18,10","","84,00","","0,00","","0,00","","24,10","","95,18","","","","","","Neige"
"2004-01-31 09:00","2004","01","31","09:00"," ","-15,80","","-17,80","","85,00","","14,00","","4,00","","24,10","","95,21","","","","-19,00","","Neige"
"2004-01-31 10:00","2004","01","31","10:00"," ","-15,20","","-17,40","","83,00","","0,00","","0,00","","6,40","","95,24","","","","","","Neige"
"2004-01-31 11:00","2004","01","31","11:00"," ","-14,50","","-16,50","","85,00","","0,00","","0,00","","4,80","","95,26","","","","","","Neige"
"2004-01-31 12:00","2004","01","31","12:00"," ","-13,50","","-15,90","","82,00","","15,00","","4,00","","6,40","","95,25","","","","-16,00","","Neige"
"2004-01-31 13:00","2004","01","31","13:00"," ","-12,80","","-15,40","","81,00","","0,00","","0,00","","9,70","","95,25","","","","","","Neige"
"2004-01-31 14:00","2004","01","31","14:00"," ","-12,10","","-14,70","","81,00","","0,00","","0,00","","16,10","","95,26","","","","","","Neige"
"2004-01-31 15:00","2004","01","31","15:00"," ","-11,60","","-14,20","","81,00","","0,00","","0,00","","24,10","","95,27","","","","","","Neige"
"2004-01-31 16:00","2004","01","31","16:00"," ","-11,40","","-14,30","","79,00","","0,00","","0,00","","32,20","","95,29","","","","","","Neige"
"2004-01-31 17:00","2004","01","31","17:00"," ","-11,30","","-13,90","","81,00","","0,00","","0,00","","32,20","","95,32","","","","","","Neige"
"2004-01-31 18:00","2004","01","31","18:00"," ","-13,30","","-15,50","","83,00","","0,00","","0,00","","32,20","","95,35","","","","","","Neige"
"2004-01-31 19:00","2004","01","31","19:00"," ","-13,00","","-15,00","","85,00","","0,00","","0,00","","32,20","","95,37","","","","","","Neige"
"2004-01-31 20:00","2004","01","31","20:00"," ","-12,90","","-14,90","","85,00","","0,00","","0,00","","32,20","","95,40","","","","","","Neige"
"2004-01-31 21:00","2004","01","31","21:00"," ","-12,90","","-15,10","","84,00","","0,00","","0,00","","24,10","","95,43","","","","","","Neige"
"2004-01-31 22:00","2004","01","31","22:00"," ","-11,90","","-14,20","","83,00","","0,00","","0,00","","24,10","","95,46","","","","","","Neige"
"2004-01-31 23:00","2004","01","31","23:00"," ","-11,80","","-14,10","","83,00","","15,00","","6,00","","19,30","","95,50","","","","-16,00","","Neige"
