"Nom de la Station","SMITHERS A"
"Province","BRITISH COLUMBIA"
"Latitude","54,82"
"Longitude","-127,18"
"Altitude","521,80"
"Identification Climat","1077500"
"Identification OMM",""
"Identification TC","YYD"
"Toutes les heures sont exprimées en heure normale locale (HNL). Pour convertir l'heure locale en heure avancée de l'Est (HAE), ajoutez 1 heure s'il y a lieu."

"Légende"
"M","Données Manquantes"
"E","Valeur Estimée"
"ND","Non Disponible"
"**","Données fournies par un partenaire, non assujetties à un révision par les Archives climatiques nationales du Canada"

"Date/Heure","Année","Mois","Jour","Heure","Qualité des Données","Temp (°C)","Temp Indicateur","Point de rosée (°C)","Point de rosée Indicateur","Hum. rel (%)","Hum. rel. Indicateur","Dir. du vent (10s deg)","Dir. du vent Indicateur","Vit. du vent (km/h)","Vit. du vent Indicateur","Visibilité (km)","Visibilité Indicateur","Pression à la station (kPa)","Pression à la station Indicateur","Hmdx","Hmdx Indicateur","Refroid. éolien","Refroid. éolien Indicateur","Temps"
"1969-03-01 00:00","1969","03","01","00:00"," ","-14,40","","-17,20","","79,00","","0,00","","0,00","","24,10","","94,95","","","","","","Dégagé"
"1969-03-01 01:00","1969","03","01","01:00"," ","-16,10","","-18,90","","79,00","","0,00","","0,00","","24,10","","94,98","","","","","","Dégagé"
"1969-03-01 02:00","1969","03","01","02:00"," ","-17,80","","-20,60","","79,00","","0,00","","0,00","","24,10","","95,01","","","","","","Dégagé"
"1969-03-01 03:00","1969","03","01","03:00"," ","-17,20","","-20,00","","78,00","","0,00","","0,00","","24,10","","95,02","","","","","","Généralement nuageux"
"1969-03-01 04:00","1969","03","01","04:00"," ","-18,30","","-21,10","","79,00","","0,00","","0,00","","24,10","","95,04","","","","","","Généralement nuageux"
"1969-03-01 05:00","1969","03","01","05:00"," ","-17,80","","-20,00","","82,00","","0,00","","0,00","","24,10","","95,03","","","","","","Généralement nuageux"
"1969-03-01 06:00","1969","03","01","06:00"," ","-18,30","","-21,10","","79,00","","0,00","","0,00","","24,10","","95,05","","","","","","Généralement nuageux"
"1969-03-01 07:00","1969","03","01","07:00"," ","-15,60","","-18,30","","78,00","","0,00","","0,00","","24,10","","95,09","","","","","","Généralement nuageux"
"1969-03-01 08:00","1969","03","01","08:00"," ","-15,60","","-18,90","","76,00","","0,00","","0,00","","24,10","","95,14","","","","","","Généralement nuageux"
"1969-03-01 09:00","1969","03","01","09:00"," ","-13,30","","-15,60","","84,00","","0,00","","0,00","","24,10","","95,16","","","","","","Généralement nuageux"
"1969-03-01 10:00","1969","03","01","10:00"," ","-11,70","","-15,00","","76,00","","0,00","","0,00","","24,10","","95,16","","","","","","Généralement nuageux"
"1969-03-01 11:00","1969","03","01","11:00"," ","-9,40","","-12,80","","75,00","","16,00","","6,00","","32,20","","95,17","","","","-13,00","","Généralement nuageux"
"1969-03-01 12:00","1969","03","01","12:00"," ","-6,70","","-11,70","","69,00","","14,00","","13,00","","24,10","","95,17","","","","-12,00","","Généralement nuageux"
"1969-03-01 13:00","1969","03","01","13:00"," ","-3,90","","-9,40","","66,00","","14,00","","11,00","","24,10","","95,14","","","","-8,00","","Nuageux"
"1969-03-01 14:00","1969","03","01","14:00"," ","-3,90","","-9,40","","64,00","","16,00","","16,00","","24,10","","95,15","","","","-9,00","","Généralement nuageux"
"1969-03-01 15:00","1969","03","01","15:00"," ","-1,10","","-6,70","","66,00","","16,00","","14,00","","32,20","","95,15","","","","-6,00","","Généralement nuageux"
"1969-03-01 16:00","1969","03","01","16:00"," ","-1,10","","-7,20","","63,00","","18,00","","8,00","","40,20","","95,15","","","","-4,00","","Nuageux"
"1969-03-01 17:00","1969","03","01","17:00"," ","-1,10","","-6,70","","67,00","","0,00","","0,00","","24,10","","95,14","","","","","","Nuageux"
"1969-03-01 18:00","1969","03","01","18:00"," ","-1,10","","-7,20","","63,00","","18,00","","13,00","","24,10","","95,16","","","","-5,00","","Généralement nuageux"
"1969-03-01 19:00","1969","03","01","19:00"," ","-1,10","","-6,70","","67,00","","18,00","","16,00","","19,30","","95,19","","","","-6,00","","Averses de neige"
"1969-03-01 20:00","1969","03","01","20:00"," ","-1,70","","-6,10","","72,00","","18,00","","16,00","","24,10","","95,18","","","","-7,00","","Nuageux"
"1969-03-01 21:00","1969","03","01","21:00"," ","-1,70","","-5,60","","75,00","","0,00","","0,00","","24,10","","95,18","","","","","","Généralement nuageux"
"1969-03-01 22:00","1969","03","01","22:00"," ","-2,80","","-4,40","","89,00","","0,00","","0,00","","6,40","","95,18","","","","","","Neige"
"1969-03-01 23:00","1969","03","01","23:00"," ","-2,80","","-3,90","","91,00","","0,00","","0,00","","8,00","","95,15","","","","","","Neige"
"1969-03-02 00:00","1969","03","02","00:00"," ","-3,30","","-4,40","","91,00","","0,00","","0,00","","8,00","","95,11","","","","","","Neige"
"1969-03-02 01:00","1969","03","02","01:00"," ","-3,30","","-4,40","","91,00","","0,00","","0,00","","9,70","","95,11","","","","","","Neige"
"1969-03-02 02:00","1969","03","02","02:00"," ","-3,90","","-5,00","","93,00","","0,00","","0,00","","8,00","","95,10","","","","","","Neige"
"1969-03-02 03:00","1969","03","02","03:00"," ","-3,90","","-5,00","","93,00","","0,00","","0,00","","9,70","","95,07","","","","","","Neige"
"1969-03-02 04:00","1969","03","02","04:00"," ","-4,40","","-5,60","","92,00","","0,00","","0,00","","12,90","","95,06","","","","","","Neige"
"1969-03-02 05:00","1969","03","02","05:00"," ","-4,40","","-5,60","","93,00","","0,00","","0,00","","12,90","","95,03","","","","","","Nuageux"
"1969-03-02 06:00","1969","03","02","06:00"," ","-3,90","","-5,00","","93,00","","0,00","","0,00","","16,10","","95,06","","","","","","Nuageux"
"1969-03-02 07:00","1969","03","02","07:00"," ","-3,30","","-4,40","","94,00","","0,00","","0,00","","9,70","","95,02","","","","","","Neige"
"1969-03-02 08:00","1969","03","02","08:00"," ","-3,90","","-4,40","","94,00","","0,00","","0,00","","11,30","","95,01","","","","","","Neige"
"1969-03-02 09:00","1969","03","02","09:00"," ","-3,30","","-3,90","","95,00","","0,00","","0,00","","8,00","","95,04","","","","","","Neige"
"1969-03-02 10:00","1969","03","02","10:00"," ","-2,80","","-3,30","","94,00","","0,00","","0,00","","2,40","","95,02","","","","","","Neige"
"1969-03-02 11:00","1969","03","02","11:00"," ","-1,70","","-2,80","","92,00","","0,00","","0,00","","2,40","","95,05","","","","","","Neige"
"1969-03-02 12:00","1969","03","02","12:00"," ","-0,60","","-1,70","","94,00","","0,00","","0,00","","2,40","","95,06","","","","","","Neige"
"1969-03-02 13:00","1969","03","02","13:00"," ","0,00","","-1,10","","92,00","","11,00","","5,00","","8,00","","95,03","","","","-2,00","","Neige"
"1969-03-02 14:00","1969","03","02","14:00"," ","1,10","","-1,10","","84,00","","11,00","","11,00","","16,10","","95,00","","","","","","Neige"
"1969-03-02 15:00","1969","03","02","15:00"," ","1,70","","-0,60","","84,00","","14,00","","10,00","","32,20","","95,01","","","","","","Nuageux"
"1969-03-02 16:00","1969","03","02","16:00"," ","1,10","","-1,10","","86,00","","0,00","","0,00","","32,20","","95,00","","","","","","Généralement nuageux"
"1969-03-02 17:00","1969","03","02","17:00"," ","1,10","","-1,10","","84,00","","14,00","","8,00","","32,20","","94,98","","","","","","Généralement nuageux"
"1969-03-02 18:00","1969","03","02","18:00"," ","0,60","","-1,10","","87,00","","14,00","","8,00","","32,20","","94,96","","","","","","Généralement nuageux"
"1969-03-02 19:00","1969","03","02","19:00"," ","-1,10","","-2,80","","88,00","","32,00","","8,00","","32,20","","94,91","","","","-4,00","","Généralement nuageux"
"1969-03-02 20:00","1969","03","02","20:00"," ","-1,10","","-2,80","","90,00","","0,00","","0,00","","32,20","","94,94","","","","","","Généralement nuageux"
"1969-03-02 21:00","1969","03","02","21:00"," ","-1,70","","-2,80","","90,00","","0,00","","0,00","","32,20","","94,95","","","","","","Généralement nuageux"
"1969-03-02 22:00","1969","03","02","22:00"," ","-1,70","","-2,20","","96,00","","0,00","","0,00","","24,10","","94,95","","","","","","Généralement nuageux"
"1969-03-02 23:00","1969","03","02","23:00"," ","-2,80","","-3,30","","97,00","","0,00","","0,00","","24,10","","94,95","","","","","","Généralement nuageux"
"1969-03-03 00:00","1969","03","03","00:00"," ","-2,20","","-2,80","","98,00","","0,00","","0,00","","0,40","","94,94","","","","","","Brouillard"
"1969-03-03 01:00","1969","03","03","01:00"," ","-2,20","","-2,80","","97,00","","0,00","","0,00","","4,80","","94,96","","","","","","Brouillard"
"1969-03-03 02:00","1969","03","03","02:00"," ","-2,20","","-2,80","","97,00","","0,00","","0,00","","11,30","","94,95","","","","","","Nuageux"
"1969-03-03 03:00","1969","03","03","03:00"," ","-3,30","","-3,90","","97,00","","0,00","","0,00","","0,20","","94,95","","","","","","Brouillard"
"1969-03-03 04:00","1969","03","03","04:00"," ","-1,70","","-2,20","","96,00","","0,00","","0,00","","9,70","","94,97","","","","","","Brouillard"
"1969-03-03 05:00","1969","03","03","05:00"," ","-1,10","","-2,20","","93,00","","0,00","","0,00","","12,90","","94,98","","","","","","Nuageux"
"1969-03-03 06:00","1969","03","03","06:00"," ","-2,20","","-3,30","","94,00","","14,00","","11,00","","24,10","","95,02","","","","-6,00","","Généralement nuageux"
"1969-03-03 07:00","1969","03","03","07:00"," ","-4,40","","-5,60","","93,00","","11,00","","13,00","","32,20","","95,10","","","","-9,00","","Généralement dégagé"
"1969-03-03 08:00","1969","03","03","08:00"," ","-3,30","","-3,90","","95,00","","11,00","","8,00","","40,20","","95,12","","","","-7,00","","Généralement dégagé"
"1969-03-03 09:00","1969","03","03","09:00"," ","-1,10","","-2,80","","90,00","","14,00","","13,00","","40,20","","95,16","","","","-5,00","","Généralement nuageux"
"1969-03-03 10:00","1969","03","03","10:00"," ","0,60","","-2,20","","81,00","","11,00","","23,00","","40,20","","95,21","","","","","","Généralement nuageux"
"1969-03-03 11:00","1969","03","03","11:00"," ","2,20","","-3,30","","67,00","","11,00","","11,00","","40,20","","95,23","","","","","","Généralement nuageux"
"1969-03-03 12:00","1969","03","03","12:00"," ","3,90","","-1,70","","67,00","","14,00","","16,00","","40,20","","95,28","","","","","","Généralement nuageux"
"1969-03-03 13:00","1969","03","03","13:00"," ","4,40","","-1,70","","63,00","","14,00","","19,00","","40,20","","95,30","","","","","","Averses de pluie"
"1969-03-03 14:00","1969","03","03","14:00"," ","5,00","","-1,10","","64,00","","11,00","","24,00","","40,20","","95,30","","","","","","Généralement nuageux"
"1969-03-03 15:00","1969","03","03","15:00"," ","4,40","","-1,70","","63,00","","16,00","","23,00","","40,20","","95,35","","","","","","Généralement nuageux"
"1969-03-03 16:00","1969","03","03","16:00"," ","3,90","","-1,10","","69,00","","16,00","","21,00","","40,20","","95,40","","","","","","Généralement nuageux"
"1969-03-03 17:00","1969","03","03","17:00"," ","3,30","","-1,70","","69,00","","0,00","","0,00","","40,20","","95,42","","","","","","Généralement nuageux"
"1969-03-03 18:00","1969","03","03","18:00"," ","2,80","","-2,20","","70,00","","11,00","","13,00","","40,20","","95,41","","","","","","Généralement nuageux"
"1969-03-03 19:00","1969","03","03","19:00"," ","2,80","","-2,20","","70,00","","16,00","","13,00","","40,20","","95,41","","","","","","Généralement nuageux"
"1969-03-03 20:00","1969","03","03","20:00"," ","0,60","","-1,70","","84,00","","0,00","","0,00","","40,20","","95,43","","","","","","Généralement dégagé"
"1969-03-03 21:00","1969","03","03","21:00"," ","-1,10","","-2,80","","87,00","","0,00","","0,00","","40,20","","95,46","","","","","","Généralement nuageux"
"1969-03-03 22:00","1969","03","03","22:00"," ","-1,10","","-2,80","","89,00","","0,00","","0,00","","40,20","","95,42","","","","","","Généralement nuageux"
"1969-03-03 23:00","1969","03","03","23:00"," ","-1,10","","-2,80","","90,00","","0,00","","0,00","","40,20","","95,39","","","","","","Généralement nuageux"
"1969-03-04 00:00","1969","03","04","00:00"," ","-2,20","","-3,90","","89,00","","0,00","","0,00","","32,20","","95,33","","","","","","Nuageux"
"1969-03-04 01:00","1969","03","04","01:00"," ","-0,60","","-2,20","","88,00","","11,00","","14,00","","32,20","","95,26","","","","-5,00","","Nuageux"
"1969-03-04 02:00","1969","03","04","02:00"," ","-0,60","","-3,30","","82,00","","11,00","","13,00","","32,20","","95,18","","","","-5,00","","Nuageux"
"1969-03-04 03:00","1969","03","04","03:00"," ","-0,60","","-3,30","","82,00","","14,00","","14,00","","8,00","","95,09","","","","-5,00","","Neige"
"1969-03-04 04:00","1969","03","04","04:00"," ","0,00","","-2,80","","83,00","","16,00","","13,00","","8,00","","94,94","","","","-4,00","","Neige"
"1969-03-04 05:00","1969","03","04","05:00"," ","0,00","","-1,70","","89,00","","16,00","","16,00","","3,20","","94,82","","","","-5,00","","Neige"
"1969-03-04 06:00","1969","03","04","06:00"," ","-0,60","","-0,60","","99,00","","14,00","","14,00","","1,60","","94,74","","","","-5,00","","Neige"
"1969-03-04 07:00","1969","03","04","07:00"," ","0,00","","0,00","","100,00","","11,00","","11,00","","8,00","","94,65","","","","-4,00","","Neige"
"1969-03-04 08:00","1969","03","04","08:00"," ","0,00","","-0,60","","94,00","","14,00","","16,00","","4,80","","94,59","","","","-5,00","","Neige"
"1969-03-04 09:00","1969","03","04","09:00"," ","0,00","","-0,60","","94,00","","11,00","","19,00","","6,40","","94,55","","","","-5,00","","Neige"
"1969-03-04 10:00","1969","03","04","10:00"," ","0,00","","-0,60","","94,00","","11,00","","18,00","","6,40","","94,54","","","","-5,00","","Neige"
"1969-03-04 11:00","1969","03","04","11:00"," ","1,10","","-1,10","","84,00","","9,00","","11,00","","19,30","","94,62","","","","","","Averses de neige"
"1969-03-04 12:00","1969","03","04","12:00"," ","1,70","","-0,60","","87,00","","0,00","","0,00","","32,20","","94,66","","","","","","Généralement nuageux"
"1969-03-04 13:00","1969","03","04","13:00"," ","2,20","","0,60","","87,00","","0,00","","0,00","","40,20","","94,69","","","","","","Généralement nuageux"
"1969-03-04 14:00","1969","03","04","14:00"," ","4,40","","-1,10","","68,00","","0,00","","0,00","","40,20","","94,70","","","","","","Généralement dégagé"
"1969-03-04 15:00","1969","03","04","15:00"," ","5,60","","-2,80","","55,00","","0,00","","0,00","","40,20","","94,75","","","","","","Généralement nuageux"
"1969-03-04 16:00","1969","03","04","16:00"," ","2,80","","-2,20","","70,00","","27,00","","11,00","","40,20","","94,85","","","","","","Averses de neige"
"1969-03-04 17:00","1969","03","04","17:00"," ","2,20","","-2,80","","70,00","","34,00","","8,00","","40,20","","94,92","","","","","","Généralement nuageux"
"1969-03-04 18:00","1969","03","04","18:00"," ","1,70","","-5,00","","61,00","","9,00","","5,00","","40,20","","94,98","","","","","","Généralement dégagé"
"1969-03-04 19:00","1969","03","04","19:00"," ","0,00","","-7,20","","59,00","","27,00","","13,00","","40,20","","95,00","","","","-4,00","","Généralement dégagé"
"1969-03-04 20:00","1969","03","04","20:00"," ","0,60","","-6,10","","61,00","","0,00","","0,00","","40,20","","95,01","","","","","","Généralement dégagé"
"1969-03-04 21:00","1969","03","04","21:00"," ","-3,30","","-7,20","","76,00","","0,00","","0,00","","40,20","","95,04","","","","","","Généralement dégagé"
"1969-03-04 22:00","1969","03","04","22:00"," ","-3,30","","-7,20","","76,00","","9,00","","6,00","","40,20","","95,04","","","","-6,00","","Généralement dégagé"
"1969-03-04 23:00","1969","03","04","23:00"," ","-6,10","","-8,30","","83,00","","0,00","","0,00","","40,20","","95,07","","","","","","Généralement dégagé"
"1969-03-05 00:00","1969","03","05","00:00"," ","-7,20","","-8,30","","92,00","","0,00","","0,00","","40,20","","95,07","","","","","","Généralement dégagé"
"1969-03-05 01:00","1969","03","05","01:00"," ","-7,80","","-8,90","","90,00","","0,00","","0,00","","40,20","","95,07","","","","","","Généralement dégagé"
"1969-03-05 02:00","1969","03","05","02:00"," ","-8,90","","-10,00","","92,00","","0,00","","0,00","","40,20","","95,09","","","","","","Généralement dégagé"
"1969-03-05 03:00","1969","03","05","03:00"," ","-9,40","","-11,10","","88,00","","0,00","","0,00","","40,20","","95,10","","","","","","Généralement dégagé"
"1969-03-05 04:00","1969","03","05","04:00"," ","-9,40","","-11,10","","88,00","","0,00","","0,00","","40,20","","95,11","","","","","","Généralement nuageux"
"1969-03-05 05:00","1969","03","05","05:00"," ","-9,40","","-11,10","","87,00","","0,00","","0,00","","40,20","","95,11","","","","","","Nuageux"
"1969-03-05 06:00","1969","03","05","06:00"," ","-10,60","","-12,20","","87,00","","0,00","","0,00","","40,20","","95,17","","","","","","Généralement dégagé"
"1969-03-05 07:00","1969","03","05","07:00"," ","-11,10","","-12,80","","88,00","","0,00","","0,00","","40,20","","95,21","","","","","","Généralement dégagé"
"1969-03-05 08:00","1969","03","05","08:00"," ","-10,60","","-12,20","","89,00","","0,00","","0,00","","40,20","","95,26","","","","","","Généralement dégagé"
"1969-03-05 09:00","1969","03","05","09:00"," ","-8,90","","-10,60","","88,00","","0,00","","0,00","","40,20","","95,28","","","","","","Généralement dégagé"
"1969-03-05 10:00","1969","03","05","10:00"," ","-7,20","","-9,40","","85,00","","0,00","","0,00","","40,20","","95,30","","","","","","Généralement dégagé"
"1969-03-05 11:00","1969","03","05","11:00"," ","-4,40","","-8,30","","73,00","","0,00","","0,00","","40,20","","95,31","","","","","","Généralement dégagé"
"1969-03-05 12:00","1969","03","05","12:00"," ","-0,60","","-6,10","","66,00","","34,00","","3,00","","40,20","","95,30","","","","-2,00","","Généralement dégagé"
"1969-03-05 13:00","1969","03","05","13:00"," ","0,60","","-4,40","","68,00","","0,00","","0,00","","40,20","","95,27","","","","","","Généralement dégagé"
"1969-03-05 14:00","1969","03","05","14:00"," ","1,70","","-3,90","","66,00","","32,00","","6,00","","40,20","","95,22","","","","","","Généralement dégagé"
"1969-03-05 15:00","1969","03","05","15:00"," ","2,80","","-3,90","","61,00","","32,00","","13,00","","40,20","","95,24","","","","","","Généralement dégagé"
"1969-03-05 16:00","1969","03","05","16:00"," ","2,80","","-3,90","","61,00","","32,00","","16,00","","40,20","","95,25","","","","","","Généralement dégagé"
"1969-03-05 17:00","1969","03","05","17:00"," ","0,60","","-5,60","","63,00","","25,00","","11,00","","40,20","","95,28","","","","","","Généralement dégagé"
"1969-03-05 18:00","1969","03","05","18:00"," ","-1,70","","-6,70","","69,00","","25,00","","10,00","","40,20","","95,34","","","","-5,00","","Généralement dégagé"
"1969-03-05 19:00","1969","03","05","19:00"," ","-3,30","","-7,20","","73,00","","25,00","","6,00","","40,20","","95,39","","","","-6,00","","Généralement dégagé"
"1969-03-05 20:00","1969","03","05","20:00"," ","-4,40","","-8,30","","75,00","","0,00","","0,00","","40,20","","95,42","","","","","","Généralement dégagé"
"1969-03-05 21:00","1969","03","05","21:00"," ","-2,80","","-7,20","","72,00","","0,00","","0,00","","40,20","","95,48","","","","","","Généralement dégagé"
"1969-03-05 22:00","1969","03","05","22:00"," ","-3,30","","-7,20","","75,00","","0,00","","0,00","","40,20","","95,56","","","","","","Généralement nuageux"
"1969-03-05 23:00","1969","03","05","23:00"," ","-3,90","","-7,20","","77,00","","0,00","","0,00","","40,20","","95,60","","","","","","Généralement nuageux"
"1969-03-06 00:00","1969","03","06","00:00"," ","-5,60","","-8,30","","81,00","","32,00","","10,00","","40,20","","95,70","","","","-10,00","","Généralement dégagé"
"1969-03-06 01:00","1969","03","06","01:00"," ","-5,60","","-8,30","","81,00","","0,00","","0,00","","40,20","","95,74","","","","","","Généralement dégagé"
"1969-03-06 02:00","1969","03","06","02:00"," ","-8,90","","-10,60","","89,00","","0,00","","0,00","","40,20","","95,79","","","","","","Dégagé"
"1969-03-06 03:00","1969","03","06","03:00"," ","-8,30","","-10,00","","87,00","","0,00","","0,00","","40,20","","95,84","","","","","","Dégagé"
"1969-03-06 04:00","1969","03","06","04:00"," ","-7,80","","-9,40","","86,00","","0,00","","0,00","","40,20","","95,92","","","","","","Dégagé"
"1969-03-06 05:00","1969","03","06","05:00"," ","-10,00","","-11,70","","89,00","","0,00","","0,00","","40,20","","96,02","","","","","","Dégagé"
"1969-03-06 06:00","1969","03","06","06:00"," ","-12,80","","-14,40","","88,00","","0,00","","0,00","","40,20","","96,11","","","","","","Généralement dégagé"
"1969-03-06 07:00","1969","03","06","07:00"," ","-12,80","","-14,40","","87,00","","0,00","","0,00","","40,20","","96,18","","","","","","Généralement dégagé"
"1969-03-06 08:00","1969","03","06","08:00"," ","-12,80","","-15,00","","83,00","","0,00","","0,00","","40,20","","96,27","","","","","","Généralement dégagé"
"1969-03-06 09:00","1969","03","06","09:00"," ","-9,40","","-11,70","","83,00","","0,00","","0,00","","40,20","","96,29","","","","","","Généralement dégagé"
"1969-03-06 10:00","1969","03","06","10:00"," ","-7,80","","-11,10","","78,00","","0,00","","0,00","","40,20","","96,31","","","","","","Généralement dégagé"
"1969-03-06 11:00","1969","03","06","11:00"," ","-3,90","","-8,30","","70,00","","14,00","","8,00","","40,20","","96,29","","","","-7,00","","Dégagé"
"1969-03-06 12:00","1969","03","06","12:00"," ","-1,10","","-6,70","","66,00","","0,00","","0,00","","40,20","","96,25","","","","","","Dégagé"
"1969-03-06 13:00","1969","03","06","13:00"," ","1,10","","-5,60","","62,00","","0,00","","0,00","","40,20","","96,20","","","","","","Dégagé"
"1969-03-06 14:00","1969","03","06","14:00"," ","1,70","","-3,30","","68,00","","0,00","","0,00","","40,20","","96,13","","","","","","Dégagé"
"1969-03-06 15:00","1969","03","06","15:00"," ","3,90","","-6,70","","47,00","","0,00","","0,00","","40,20","","96,10","","","","","","Dégagé"
"1969-03-06 16:00","1969","03","06","16:00"," ","4,40","","-6,10","","46,00","","0,00","","0,00","","40,20","","96,07","","","","","","Dégagé"
"1969-03-06 17:00","1969","03","06","17:00"," ","0,60","","-6,70","","58,00","","23,00","","8,00","","40,20","","96,04","","","","","","Généralement dégagé"
"1969-03-06 18:00","1969","03","06","18:00"," ","-2,20","","-6,70","","71,00","","0,00","","0,00","","40,20","","96,02","","","","","","Généralement dégagé"
"1969-03-06 19:00","1969","03","06","19:00"," ","-3,30","","-7,80","","70,00","","0,00","","0,00","","40,20","","96,02","","","","","","Généralement dégagé"
"1969-03-06 20:00","1969","03","06","20:00"," ","-5,60","","-8,30","","81,00","","0,00","","0,00","","40,20","","95,98","","","","","","Dégagé"
"1969-03-06 21:00","1969","03","06","21:00"," ","-5,60","","-10,00","","71,00","","0,00","","0,00","","40,20","","95,99","","","","","","Dégagé"
"1969-03-06 22:00","1969","03","06","22:00"," ","-7,20","","-9,40","","83,00","","0,00","","0,00","","40,20","","95,97","","","","","","Dégagé"
"1969-03-06 23:00","1969","03","06","23:00"," ","-8,30","","-11,10","","81,00","","0,00","","0,00","","40,20","","95,97","","","","","","Dégagé"
"1969-03-07 00:00","1969","03","07","00:00"," ","-11,70","","-13,90","","83,00","","0,00","","0,00","","40,20","","95,96","","","","","","Dégagé"
"1969-03-07 01:00","1969","03","07","01:00"," ","-12,80","","-15,00","","85,00","","0,00","","0,00","","40,20","","95,93","","","","","","Dégagé"
"1969-03-07 02:00","1969","03","07","02:00"," ","-10,60","","-12,20","","86,00","","0,00","","0,00","","40,20","","95,92","","","","","","Dégagé"
"1969-03-07 03:00","1969","03","07","03:00"," ","-12,20","","-13,90","","89,00","","0,00","","0,00","","40,20","","95,91","","","","","","Dégagé"
"1969-03-07 04:00","1969","03","07","04:00"," ","-12,80","","-15,00","","85,00","","0,00","","0,00","","40,20","","95,90","","","","","","Dégagé"
"1969-03-07 05:00","1969","03","07","05:00"," ","-13,90","","-15,60","","85,00","","0,00","","0,00","","40,20","","95,90","","","","","","Dégagé"
"1969-03-07 06:00","1969","03","07","06:00"," ","-12,80","","-15,00","","85,00","","0,00","","0,00","","40,20","","95,91","","","","","","Dégagé"
"1969-03-07 07:00","1969","03","07","07:00"," ","-15,00","","-16,70","","86,00","","0,00","","0,00","","40,20","","95,93","","","","","","Généralement dégagé"
"1969-03-07 08:00","1969","03","07","08:00"," ","-15,00","","-17,20","","84,00","","0,00","","0,00","","40,20","","95,96","","","","","","Généralement dégagé"
"1969-03-07 09:00","1969","03","07","09:00"," ","-13,90","","-16,10","","82,00","","0,00","","0,00","","40,20","","95,98","","","","","","Généralement dégagé"
"1969-03-07 10:00","1969","03","07","10:00"," ","-12,20","","-14,40","","84,00","","0,00","","0,00","","40,20","","95,95","","","","","","Généralement dégagé"
"1969-03-07 11:00","1969","03","07","11:00"," ","-7,80","","-11,70","","73,00","","0,00","","0,00","","40,20","","95,92","","","","","","Généralement nuageux"
"1969-03-07 12:00","1969","03","07","12:00"," ","-5,60","","-10,60","","68,00","","0,00","","0,00","","40,20","","95,90","","","","","","Généralement nuageux"
"1969-03-07 13:00","1969","03","07","13:00"," ","-2,80","","-10,00","","57,00","","0,00","","0,00","","40,20","","95,83","","","","","","Généralement nuageux"
"1969-03-07 14:00","1969","03","07","14:00"," ","1,10","","-6,70","","57,00","","0,00","","0,00","","40,20","","95,80","","","","","","Généralement nuageux"
"1969-03-07 15:00","1969","03","07","15:00"," ","0,00","","-7,20","","59,00","","29,00","","10,00","","40,20","","95,80","","","","-3,00","","Généralement nuageux"
"1969-03-07 16:00","1969","03","07","16:00"," ","-0,60","","-8,90","","52,00","","5,00","","10,00","","40,20","","95,80","","","","-4,00","","Généralement nuageux"
"1969-03-07 17:00","1969","03","07","17:00"," ","1,10","","-6,10","","59,00","","25,00","","8,00","","40,20","","95,79","","","","","","Généralement nuageux"
"1969-03-07 18:00","1969","03","07","18:00"," ","0,00","","-8,90","","51,00","","0,00","","0,00","","40,20","","95,79","","","","","","Généralement dégagé"
"1969-03-07 19:00","1969","03","07","19:00"," ","-2,80","","-8,30","","66,00","","0,00","","0,00","","40,20","","95,80","","","","","","Généralement dégagé"
"1969-03-07 20:00","1969","03","07","20:00"," ","-0,60","","-8,30","","55,00","","18,00","","8,00","","40,20","","95,85","","","","-3,00","","Généralement dégagé"
"1969-03-07 21:00","1969","03","07","21:00"," ","-0,60","","-7,20","","60,00","","18,00","","11,00","","40,20","","95,89","","","","-4,00","","Généralement nuageux"
"1969-03-07 22:00","1969","03","07","22:00"," ","-1,70","","-8,30","","59,00","","16,00","","11,00","","40,20","","95,91","","","","-6,00","","Généralement dégagé"
"1969-03-07 23:00","1969","03","07","23:00"," ","-3,30","","-8,90","","64,00","","14,00","","14,00","","40,20","","95,93","","","","-8,00","","Dégagé"
"1969-03-08 00:00","1969","03","08","00:00"," ","-1,10","","-8,90","","54,00","","16,00","","14,00","","40,20","","95,97","","","","-6,00","","Généralement dégagé"
"1969-03-08 01:00","1969","03","08","01:00"," ","-3,90","","-9,40","","64,00","","9,00","","6,00","","40,20","","95,99","","","","-7,00","","Généralement dégagé"
"1969-03-08 02:00","1969","03","08","02:00"," ","-4,40","","-10,00","","66,00","","0,00","","0,00","","40,20","","96,02","","","","","","Généralement dégagé"
"1969-03-08 03:00","1969","03","08","03:00"," ","-4,40","","-10,00","","65,00","","5,00","","5,00","","40,20","","96,05","","","","-7,00","","Généralement dégagé"
"1969-03-08 04:00","1969","03","08","04:00"," ","-5,00","","-10,60","","65,00","","5,00","","3,00","","40,20","","96,08","","","","-6,00","","Généralement dégagé"
"1969-03-08 05:00","1969","03","08","05:00"," ","-7,20","","-11,10","","73,00","","0,00","","0,00","","40,20","","96,10","","","","","","Généralement dégagé"
"1969-03-08 06:00","1969","03","08","06:00"," ","-7,80","","-11,70","","74,00","","0,00","","0,00","","40,20","","96,13","","","","","","Généralement dégagé"
"1969-03-08 07:00","1969","03","08","07:00"," ","-10,60","","-12,80","","83,00","","0,00","","0,00","","40,20","","96,18","","","","","","Généralement nuageux"
"1969-03-08 08:00","1969","03","08","08:00"," ","-10,00","","-13,30","","76,00","","14,00","","8,00","","40,20","","96,22","","","","-14,00","","Généralement dégagé"
"1969-03-08 09:00","1969","03","08","09:00"," ","-9,40","","-13,30","","73,00","","14,00","","10,00","","40,20","","96,26","","","","-15,00","","Généralement nuageux"
"1969-03-08 10:00","1969","03","08","10:00"," ","-8,30","","-12,80","","71,00","","0,00","","0,00","","40,20","","96,26","","","","","","Généralement nuageux"
"1969-03-08 11:00","1969","03","08","11:00"," ","-5,60","","-11,70","","62,00","","16,00","","10,00","","40,20","","96,24","","","","-10,00","","Généralement nuageux"
"1969-03-08 12:00","1969","03","08","12:00"," ","-3,90","","-11,10","","58,00","","14,00","","6,00","","40,20","","96,22","","","","-7,00","","Généralement nuageux"
"1969-03-08 13:00","1969","03","08","13:00"," ","-2,20","","-10,60","","52,00","","14,00","","8,00","","40,20","","96,21","","","","-5,00","","Généralement nuageux"
"1969-03-08 14:00","1969","03","08","14:00"," ","-0,60","","-10,00","","50,00","","0,00","","0,00","","40,20","","96,20","","","","","","Généralement nuageux"
"1969-03-08 15:00","1969","03","08","15:00"," ","0,00","","-7,20","","59,00","","0,00","","0,00","","40,20","","96,20","","","","","","Généralement nuageux"
"1969-03-08 16:00","1969","03","08","16:00"," ","0,00","","-8,30","","54,00","","29,00","","13,00","","40,20","","96,21","","","","-4,00","","Généralement nuageux"
"1969-03-08 17:00","1969","03","08","17:00"," ","-0,60","","-6,10","","66,00","","29,00","","13,00","","40,20","","96,24","","","","-5,00","","Généralement nuageux"
"1969-03-08 18:00","1969","03","08","18:00"," ","-1,10","","-7,80","","62,00","","32,00","","13,00","","40,20","","96,25","","","","-5,00","","Généralement nuageux"
"1969-03-08 19:00","1969","03","08","19:00"," ","-1,70","","-8,30","","61,00","","0,00","","0,00","","40,20","","96,28","","","","","","Généralement nuageux"
"1969-03-08 20:00","1969","03","08","20:00"," ","-1,70","","-8,30","","61,00","","27,00","","6,00","","40,20","","96,30","","","","-4,00","","Nuageux"
"1969-03-08 21:00","1969","03","08","21:00"," ","-2,80","","-7,80","","67,00","","27,00","","6,00","","40,20","","96,33","","","","-5,00","","Généralement nuageux"
"1969-03-08 22:00","1969","03","08","22:00"," ","-2,20","","-6,70","","73,00","","0,00","","0,00","","40,20","","96,39","","","","","","Généralement nuageux"
"1969-03-08 23:00","1969","03","08","23:00"," ","-3,90","","-7,80","","73,00","","0,00","","0,00","","40,20","","96,45","","","","","","Généralement nuageux"
"1969-03-09 00:00","1969","03","09","00:00"," ","-3,90","","-8,30","","72,00","","0,00","","0,00","","40,20","","96,51","","","","","","Généralement nuageux"
"1969-03-09 01:00","1969","03","09","01:00"," ","-4,40","","-7,80","","77,00","","0,00","","0,00","","40,20","","96,52","","","","","","Généralement dégagé"
"1969-03-09 02:00","1969","03","09","02:00"," ","-6,10","","-9,40","","79,00","","0,00","","0,00","","40,20","","96,55","","","","","","Généralement dégagé"
"1969-03-09 03:00","1969","03","09","03:00"," ","-7,80","","-10,00","","85,00","","0,00","","0,00","","40,20","","96,58","","","","","","Généralement dégagé"
"1969-03-09 04:00","1969","03","09","04:00"," ","-8,30","","-10,60","","84,00","","0,00","","0,00","","40,20","","96,61","","","","","","Généralement dégagé"
"1969-03-09 05:00","1969","03","09","05:00"," ","-10,00","","-12,20","","85,00","","0,00","","0,00","","40,20","","96,66","","","","","","Dégagé"
"1969-03-09 06:00","1969","03","09","06:00"," ","-11,10","","-13,30","","85,00","","0,00","","0,00","","40,20","","96,72","","","","","","Dégagé"
"1969-03-09 07:00","1969","03","09","07:00"," ","-11,70","","-13,90","","84,00","","0,00","","0,00","","40,20","","96,75","","","","","","Généralement dégagé"
"1969-03-09 08:00","1969","03","09","08:00"," ","-12,20","","-13,90","","85,00","","0,00","","0,00","","40,20","","96,78","","","","","","Généralement dégagé"
"1969-03-09 09:00","1969","03","09","09:00"," ","-8,90","","-12,20","","78,00","","14,00","","8,00","","40,20","","96,80","","","","-13,00","","Dégagé"
"1969-03-09 10:00","1969","03","09","10:00"," ","-8,30","","-12,20","","75,00","","14,00","","10,00","","40,20","","96,80","","","","-13,00","","Généralement dégagé"
"1969-03-09 11:00","1969","03","09","11:00"," ","-4,40","","-9,40","","67,00","","0,00","","0,00","","40,20","","96,76","","","","","","Dégagé"
"1969-03-09 12:00","1969","03","09","12:00"," ","-2,80","","-8,90","","64,00","","0,00","","0,00","","40,20","","96,73","","","","","","Dégagé"
"1969-03-09 13:00","1969","03","09","13:00"," ","0,00","","-6,70","","62,00","","0,00","","0,00","","40,20","","96,68","","","","","","Généralement dégagé"
"1969-03-09 14:00","1969","03","09","14:00"," ","1,70","","-8,30","","46,00","","0,00","","0,00","","40,20","","96,59","","","","","","Généralement dégagé"
"1969-03-09 15:00","1969","03","09","15:00"," ","3,30","","-7,20","","47,00","","0,00","","0,00","","40,20","","96,56","","","","","","Généralement dégagé"
"1969-03-09 16:00","1969","03","09","16:00"," ","3,30","","-7,80","","45,00","","0,00","","0,00","","40,20","","96,53","","","","","","Généralement dégagé"
"1969-03-09 17:00","1969","03","09","17:00"," ","1,10","","-6,70","","57,00","","25,00","","11,00","","40,20","","96,48","","","","","","Généralement dégagé"
"1969-03-09 18:00","1969","03","09","18:00"," ","-1,70","","-6,70","","69,00","","0,00","","0,00","","40,20","","96,46","","","","","","Généralement dégagé"
"1969-03-09 19:00","1969","03","09","19:00"," ","-3,30","","-7,80","","71,00","","0,00","","0,00","","40,20","","96,48","","","","","","Dégagé"
"1969-03-09 20:00","1969","03","09","20:00"," ","-4,40","","-8,90","","71,00","","0,00","","0,00","","40,20","","96,48","","","","","","Dégagé"
"1969-03-09 21:00","1969","03","09","21:00"," ","-6,10","","-9,40","","76,00","","0,00","","0,00","","40,20","","96,49","","","","","","Dégagé"
"1969-03-09 22:00","1969","03","09","22:00"," ","-6,70","","-9,40","","80,00","","0,00","","0,00","","40,20","","96,49","","","","","","Dégagé"
"1969-03-09 23:00","1969","03","09","23:00"," ","-7,20","","-10,00","","79,00","","0,00","","0,00","","40,20","","96,48","","","","","","Dégagé"
"1969-03-10 00:00","1969","03","10","00:00"," ","-8,90","","-10,60","","86,00","","0,00","","0,00","","40,20","","96,46","","","","","","Dégagé"
"1969-03-10 01:00","1969","03","10","01:00"," ","-8,30","","-11,10","","81,00","","0,00","","0,00","","40,20","","96,47","","","","","","Dégagé"
"1969-03-10 02:00","1969","03","10","02:00"," ","-8,30","","-11,10","","81,00","","0,00","","0,00","","40,20","","96,46","","","","","","Dégagé"
"1969-03-10 03:00","1969","03","10","03:00"," ","-9,40","","-11,70","","85,00","","0,00","","0,00","","40,20","","96,45","","","","","","Dégagé"
"1969-03-10 04:00","1969","03","10","04:00"," ","-10,60","","-12,80","","83,00","","0,00","","0,00","","40,20","","96,46","","","","","","Dégagé"
"1969-03-10 05:00","1969","03","10","05:00"," ","-11,10","","-13,30","","85,00","","0,00","","0,00","","40,20","","96,43","","","","","","Dégagé"
"1969-03-10 06:00","1969","03","10","06:00"," ","-12,20","","-14,40","","84,00","","0,00","","0,00","","40,20","","96,43","","","","","","Dégagé"
"1969-03-10 07:00","1969","03","10","07:00"," ","-11,70","","-13,90","","84,00","","0,00","","0,00","","40,20","","96,43","","","","","","Dégagé"
"1969-03-10 08:00","1969","03","10","08:00"," ","-12,20","","-14,40","","84,00","","0,00","","0,00","","40,20","","96,43","","","","","","Dégagé"
"1969-03-10 09:00","1969","03","10","09:00"," ","-8,90","","-13,30","","69,00","","14,00","","13,00","","40,20","","96,42","","","","-15,00","","Généralement dégagé"
"1969-03-10 10:00","1969","03","10","10:00"," ","-6,70","","-11,70","","69,00","","14,00","","13,00","","40,20","","96,38","","","","-12,00","","Généralement dégagé"
"1969-03-10 11:00","1969","03","10","11:00"," ","-3,30","","-10,00","","61,00","","14,00","","13,00","","40,20","","96,32","","","","-8,00","","Généralement dégagé"
"1969-03-10 12:00","1969","03","10","12:00"," ","-1,10","","-8,30","","57,00","","14,00","","16,00","","40,20","","96,22","","","","-6,00","","Généralement dégagé"
"1969-03-10 13:00","1969","03","10","13:00"," ","1,10","","-7,80","","52,00","","14,00","","13,00","","40,20","","96,14","","","","","","Généralement dégagé"
"1969-03-10 14:00","1969","03","10","14:00"," ","2,80","","-7,80","","45,00","","9,00","","8,00","","40,20","","96,06","","","","","","Généralement dégagé"
"1969-03-10 15:00","1969","03","10","15:00"," ","3,90","","-7,20","","44,00","","14,00","","6,00","","40,20","","95,97","","","","","","Généralement dégagé"
"1969-03-10 16:00","1969","03","10","16:00"," ","4,40","","-7,20","","42,00","","0,00","","0,00","","40,20","","95,92","","","","","","Généralement dégagé"
"1969-03-10 17:00","1969","03","10","17:00"," ","4,40","","-6,10","","46,00","","0,00","","0,00","","40,20","","95,88","","","","","","Généralement dégagé"
"1969-03-10 18:00","1969","03","10","18:00"," ","-0,60","","-6,70","","63,00","","27,00","","5,00","","40,20","","95,85","","","","-2,00","","Généralement dégagé"
"1969-03-10 19:00","1969","03","10","19:00"," ","-2,20","","-6,70","","73,00","","0,00","","0,00","","40,20","","95,86","","","","","","Généralement dégagé"
"1969-03-10 20:00","1969","03","10","20:00"," ","-3,90","","-8,30","","72,00","","0,00","","0,00","","40,20","","95,86","","","","","","Dégagé"
"1969-03-10 21:00","1969","03","10","21:00"," ","-4,40","","-8,90","","71,00","","0,00","","0,00","","40,20","","95,87","","","","","","Dégagé"
"1969-03-10 22:00","1969","03","10","22:00"," ","-5,60","","-8,90","","77,00","","0,00","","0,00","","40,20","","95,89","","","","","","Dégagé"
"1969-03-10 23:00","1969","03","10","23:00"," ","-6,70","","-9,40","","80,00","","0,00","","0,00","","40,20","","95,92","","","","","","Dégagé"
"1969-03-11 00:00","1969","03","11","00:00"," ","-7,80","","-10,00","","85,00","","0,00","","0,00","","40,20","","95,95","","","","","","Dégagé"
"1969-03-11 01:00","1969","03","11","01:00"," ","-8,90","","-11,10","","85,00","","0,00","","0,00","","40,20","","95,97","","","","","","Dégagé"
"1969-03-11 02:00","1969","03","11","02:00"," ","-10,00","","-12,20","","85,00","","0,00","","0,00","","40,20","","95,98","","","","","","Dégagé"
"1969-03-11 03:00","1969","03","11","03:00"," ","-11,10","","-13,30","","85,00","","0,00","","0,00","","40,20","","95,99","","","","","","Dégagé"
"1969-03-11 04:00","1969","03","11","04:00"," ","-11,10","","-13,30","","85,00","","0,00","","0,00","","40,20","","96,00","","","","","","Dégagé"
"1969-03-11 05:00","1969","03","11","05:00"," ","-11,10","","-13,30","","83,00","","0,00","","0,00","","40,20","","96,03","","","","","","Dégagé"
"1969-03-11 06:00","1969","03","11","06:00"," ","-11,10","","-13,30","","83,00","","0,00","","0,00","","40,20","","96,06","","","","","","Dégagé"
"1969-03-11 07:00","1969","03","11","07:00"," ","-12,20","","-15,00","","80,00","","0,00","","0,00","","40,20","","96,08","","","","","","Dégagé"
"1969-03-11 08:00","1969","03","11","08:00"," ","-11,10","","-13,30","","83,00","","0,00","","0,00","","40,20","","96,14","","","","","","Dégagé"
"1969-03-11 09:00","1969","03","11","09:00"," ","-8,90","","-12,80","","75,00","","14,00","","13,00","","40,20","","96,17","","","","-15,00","","Dégagé"
"1969-03-11 10:00","1969","03","11","10:00"," ","-6,70","","-11,70","","68,00","","14,00","","11,00","","40,20","","96,15","","","","-12,00","","Dégagé"
"1969-03-11 11:00","1969","03","11","11:00"," ","-2,80","","-9,40","","60,00","","14,00","","11,00","","40,20","","96,15","","","","-7,00","","Dégagé"
"1969-03-11 12:00","1969","03","11","12:00"," ","-0,60","","-7,20","","60,00","","14,00","","10,00","","40,20","","96,13","","","","-4,00","","Dégagé"
"1969-03-11 13:00","1969","03","11","13:00"," ","1,70","","-7,20","","51,00","","16,00","","8,00","","40,20","","96,09","","","","","","Dégagé"
"1969-03-11 14:00","1969","03","11","14:00"," ","3,90","","-5,60","","49,00","","0,00","","0,00","","40,20","","96,09","","","","","","Dégagé"
"1969-03-11 15:00","1969","03","11","15:00"," ","5,60","","-7,20","","38,00","","0,00","","0,00","","40,20","","96,07","","","","","","Généralement dégagé"
"1969-03-11 16:00","1969","03","11","16:00"," ","6,10","","-7,80","","36,00","","0,00","","0,00","","40,20","","96,06","","","","","","Généralement dégagé"
"1969-03-11 17:00","1969","03","11","17:00"," ","3,30","","-5,60","","52,00","","27,00","","8,00","","40,20","","96,05","","","","","","Dégagé"
"1969-03-11 18:00","1969","03","11","18:00"," ","-0,60","","-6,70","","63,00","","25,00","","6,00","","40,20","","96,09","","","","-3,00","","Généralement dégagé"
"1969-03-11 19:00","1969","03","11","19:00"," ","-2,80","","-7,20","","72,00","","0,00","","0,00","","40,20","","96,13","","","","","","Dégagé"
"1969-03-11 20:00","1969","03","11","20:00"," ","-5,00","","-7,80","","79,00","","0,00","","0,00","","40,20","","96,17","","","","","","Dégagé"
"1969-03-11 21:00","1969","03","11","21:00"," ","-4,40","","-8,90","","70,00","","0,00","","0,00","","40,20","","96,24","","","","","","Dégagé"
"1969-03-11 22:00","1969","03","11","22:00"," ","-5,60","","-8,30","","79,00","","0,00","","0,00","","40,20","","96,31","","","","","","Dégagé"
"1969-03-11 23:00","1969","03","11","23:00"," ","-6,10","","-8,90","","81,00","","0,00","","0,00","","40,20","","96,34","","","","","","Dégagé"
"1969-03-12 00:00","1969","03","12","00:00"," ","-7,80","","-10,60","","80,00","","0,00","","0,00","","40,20","","96,37","","","","","","Généralement dégagé"
"1969-03-12 01:00","1969","03","12","01:00"," ","-8,90","","-11,10","","85,00","","0,00","","0,00","","40,20","","96,41","","","","","","Dégagé"
"1969-03-12 02:00","1969","03","12","02:00"," ","-10,00","","-12,20","","85,00","","0,00","","0,00","","40,20","","96,44","","","","","","Dégagé"
"1969-03-12 03:00","1969","03","12","03:00"," ","-10,00","","-12,20","","85,00","","0,00","","0,00","","40,20","","96,48","","","","","","Dégagé"
"1969-03-12 04:00","1969","03","12","04:00"," ","-10,60","","-12,80","","83,00","","0,00","","0,00","","40,20","","96,51","","","","","","Dégagé"
"1969-03-12 05:00","1969","03","12","05:00"," ","-10,60","","-12,20","","86,00","","0,00","","0,00","","40,20","","96,56","","","","","","Dégagé"
"1969-03-12 06:00","1969","03","12","06:00"," ","-12,20","","-14,40","","84,00","","0,00","","0,00","","40,20","","96,54","","","","","","Dégagé"
"1969-03-12 07:00","1969","03","12","07:00"," ","-13,30","","-16,10","","81,00","","0,00","","0,00","","40,20","","96,58","","","","","","Généralement dégagé"
"1969-03-12 08:00","1969","03","12","08:00"," ","-13,90","","-16,10","","82,00","","0,00","","0,00","","40,20","","96,62","","","","","","Généralement dégagé"
"1969-03-12 09:00","1969","03","12","09:00"," ","-8,90","","-12,20","","78,00","","14,00","","8,00","","40,20","","96,64","","","","-13,00","","Généralement dégagé"
"1969-03-12 10:00","1969","03","12","10:00"," ","-6,10","","-10,00","","73,00","","14,00","","8,00","","40,20","","96,60","","","","-10,00","","Généralement dégagé"
"1969-03-12 11:00","1969","03","12","11:00"," ","-3,30","","-8,90","","66,00","","14,00","","10,00","","40,20","","96,60","","","","-7,00","","Généralement nuageux"
"1969-03-12 12:00","1969","03","12","12:00"," ","0,00","","-8,30","","54,00","","0,00","","0,00","","40,20","","96,57","","","","","","Généralement dégagé"
"1969-03-12 13:00","1969","03","12","13:00"," ","1,70","","-7,20","","51,00","","0,00","","0,00","","40,20","","96,50","","","","","","Généralement dégagé"
"1969-03-12 14:00","1969","03","12","14:00"," ","3,90","","-6,70","","46,00","","0,00","","0,00","","40,20","","96,45","","","","","","Généralement dégagé"
"1969-03-12 15:00","1969","03","12","15:00"," ","5,60","","-6,70","","40,00","","0,00","","0,00","","40,20","","96,43","","","","","","Généralement dégagé"
"1969-03-12 16:00","1969","03","12","16:00"," ","5,60","","-6,10","","42,00","","32,00","","16,00","","40,20","","96,42","","","","","","Généralement nuageux"
"1969-03-12 17:00","1969","03","12","17:00"," ","5,00","","-7,80","","39,00","","29,00","","23,00","","40,20","","96,44","","","","","","Généralement nuageux"
"1969-03-12 18:00","1969","03","12","18:00"," ","3,30","","-7,80","","45,00","","27,00","","24,00","","40,20","","96,45","","","","","","Généralement nuageux"
"1969-03-12 19:00","1969","03","12","19:00"," ","3,30","","-7,80","","45,00","","27,00","","24,00","","40,20","","96,47","","","","","","Généralement nuageux"
"1969-03-12 20:00","1969","03","12","20:00"," ","2,80","","-8,30","","43,00","","27,00","","23,00","","40,20","","96,48","","","","","","Généralement dégagé"
"1969-03-12 21:00","1969","03","12","21:00"," ","-1,10","","-8,90","","56,00","","0,00","","0,00","","40,20","","96,52","","","","","","Généralement dégagé"
"1969-03-12 22:00","1969","03","12","22:00"," ","-1,70","","-9,40","","56,00","","27,00","","8,00","","40,20","","96,55","","","","-5,00","","Généralement dégagé"
"1969-03-12 23:00","1969","03","12","23:00"," ","-3,30","","-9,40","","62,00","","0,00","","0,00","","40,20","","96,54","","","","","","Dégagé"
"1969-03-13 00:00","1969","03","13","00:00"," ","-5,00","","-11,10","","63,00","","0,00","","0,00","","40,20","","96,54","","","","","","Dégagé"
"1969-03-13 01:00","1969","03","13","01:00"," ","-6,70","","-10,00","","78,00","","0,00","","0,00","","40,20","","96,54","","","","","","Dégagé"
"1969-03-13 02:00","1969","03","13","02:00"," ","-7,80","","-11,10","","78,00","","0,00","","0,00","","40,20","","96,56","","","","","","Dégagé"
"1969-03-13 03:00","1969","03","13","03:00"," ","-7,80","","-12,20","","72,00","","0,00","","0,00","","40,20","","96,55","","","","","","Dégagé"
"1969-03-13 04:00","1969","03","13","04:00"," ","-7,80","","-12,20","","72,00","","0,00","","0,00","","40,20","","96,56","","","","","","Dégagé"
"1969-03-13 05:00","1969","03","13","05:00"," ","-11,10","","-13,90","","80,00","","0,00","","0,00","","40,20","","96,56","","","","","","Dégagé"
"1969-03-13 06:00","1969","03","13","06:00"," ","-12,20","","-14,40","","82,00","","0,00","","0,00","","40,20","","96,55","","","","","","Généralement dégagé"
"1969-03-13 07:00","1969","03","13","07:00"," ","-11,70","","-13,90","","83,00","","0,00","","0,00","","40,20","","96,55","","","","","","Généralement dégagé"
"1969-03-13 08:00","1969","03","13","08:00"," ","-10,60","","-13,30","","81,00","","11,00","","5,00","","40,20","","96,55","","","","-14,00","","Généralement nuageux"
"1969-03-13 09:00","1969","03","13","09:00"," ","-8,30","","-12,80","","69,00","","14,00","","10,00","","40,20","","96,54","","","","-13,00","","Généralement dégagé"
"1969-03-13 10:00","1969","03","13","10:00"," ","-6,10","","-11,10","","67,00","","14,00","","8,00","","40,20","","96,50","","","","-10,00","","Généralement nuageux"
"1969-03-13 11:00","1969","03","13","11:00"," ","-3,30","","-10,00","","59,00","","14,00","","6,00","","40,20","","96,44","","","","-6,00","","Généralement nuageux"
"1969-03-13 12:00","1969","03","13","12:00"," ","-1,70","","-8,90","","57,00","","14,00","","5,00","","40,20","","96,36","","","","-4,00","","Généralement nuageux"
"1969-03-13 13:00","1969","03","13","13:00"," ","0,00","","-8,30","","54,00","","16,00","","8,00","","40,20","","96,29","","","","-3,00","","Généralement nuageux"
"1969-03-13 14:00","1969","03","13","14:00"," ","1,70","","-6,70","","54,00","","14,00","","8,00","","40,20","","96,19","","","","","","Généralement nuageux"
"1969-03-13 15:00","1969","03","13","15:00"," ","2,20","","-6,70","","53,00","","0,00","","0,00","","40,20","","96,08","","","","","","Généralement nuageux"
"1969-03-13 16:00","1969","03","13","16:00"," ","1,70","","-7,20","","51,00","","0,00","","0,00","","40,20","","96,03","","","","","","Généralement nuageux"
"1969-03-13 17:00","1969","03","13","17:00"," ","2,80","","-6,70","","50,00","","0,00","","0,00","","40,20","","95,98","","","","","","Nuageux"
"1969-03-13 18:00","1969","03","13","18:00"," ","1,70","","-5,00","","61,00","","0,00","","0,00","","40,20","","95,93","","","","","","Généralement nuageux"
"1969-03-13 19:00","1969","03","13","19:00"," ","0,00","","-5,00","","70,00","","0,00","","0,00","","40,20","","95,89","","","","","","Nuageux"
"1969-03-13 20:00","1969","03","13","20:00"," ","-1,10","","-8,90","","56,00","","0,00","","0,00","","40,20","","95,82","","","","","","Nuageux"
"1969-03-13 21:00","1969","03","13","21:00"," ","-2,20","","-7,20","","68,00","","0,00","","0,00","","40,20","","95,76","","","","","","Nuageux"
"1969-03-13 22:00","1969","03","13","22:00"," ","-2,20","","-6,10","","74,00","","0,00","","0,00","","40,20","","95,69","","","","","","Nuageux"
"1969-03-13 23:00","1969","03","13","23:00"," ","-2,20","","-6,70","","72,00","","0,00","","0,00","","40,20","","95,63","","","","","","Nuageux"
"1969-03-14 00:00","1969","03","14","00:00"," ","-2,20","","-7,20","","69,00","","0,00","","0,00","","40,20","","95,58","","","","","","Nuageux"
"1969-03-14 01:00","1969","03","14","01:00"," ","-1,70","","-6,70","","69,00","","14,00","","5,00","","40,20","","95,50","","","","-4,00","","Nuageux"
"1969-03-14 02:00","1969","03","14","02:00"," ","-1,70","","-6,10","","71,00","","0,00","","0,00","","24,10","","95,49","","","","","","Neige"
"1969-03-14 03:00","1969","03","14","03:00"," ","-1,10","","-2,20","","92,00","","9,00","","8,00","","4,80","","95,39","","","","-4,00","","Neige"
"1969-03-14 04:00","1969","03","14","04:00"," ","-1,10","","-2,20","","93,00","","7,00","","5,00","","3,20","","95,28","","","","-3,00","","Neige"
"1969-03-14 05:00","1969","03","14","05:00"," ","-1,70","","-2,80","","91,00","","11,00","","8,00","","24,10","","95,20","","","","-5,00","","Neige"
"1969-03-14 06:00","1969","03","14","06:00"," ","-0,60","","-2,80","","85,00","","14,00","","16,00","","32,20","","95,10","","","","-5,00","","Nuageux"
"1969-03-14 07:00","1969","03","14","07:00"," ","-1,70","","-3,30","","88,00","","14,00","","13,00","","40,20","","95,00","","","","-6,00","","Neige"
"1969-03-14 08:00","1969","03","14","08:00"," ","0,00","","-2,80","","80,00","","14,00","","16,00","","40,20","","94,91","","","","-5,00","","Nuageux"
"1969-03-14 09:00","1969","03","14","09:00"," ","-0,60","","-2,80","","85,00","","14,00","","16,00","","32,20","","94,88","","","","-5,00","","Nuageux"
"1969-03-14 10:00","1969","03","14","10:00"," ","0,00","","-1,10","","92,00","","14,00","","19,00","","24,10","","94,73","","","","-5,00","","Nuageux"
"1969-03-14 11:00","1969","03","14","11:00"," ","1,10","","-3,30","","72,00","","14,00","","26,00","","32,20","","94,62","","","","","","Nuageux"
"1969-03-14 12:00","1969","03","14","12:00"," ","2,80","","-2,80","","65,00","","14,00","","29,00","","24,10","","94,56","","","","","","Nuageux"
"1969-03-14 13:00","1969","03","14","13:00"," ","3,30","","-2,80","","64,00","","14,00","","27,00","","24,10","","94,40","","","","","","Nuageux"
"1969-03-14 14:00","1969","03","14","14:00"," ","4,40","","-1,70","","63,00","","14,00","","27,00","","24,10","","94,26","","","","","","Généralement nuageux"
"1969-03-14 15:00","1969","03","14","15:00"," ","5,60","","-1,70","","59,00","","14,00","","26,00","","24,10","","94,21","","","","","","Nuageux"
"1969-03-14 16:00","1969","03","14","16:00"," ","5,00","","-1,10","","64,00","","16,00","","29,00","","24,10","","94,20","","","","","","Averses de pluie"
"1969-03-14 17:00","1969","03","14","17:00"," ","3,30","","0,60","","83,00","","14,00","","24,00","","24,10","","94,21","","","","","","Averses de pluie"
"1969-03-14 18:00","1969","03","14","18:00"," ","3,90","","-1,10","","69,00","","27,00","","16,00","","19,30","","94,34","","","","","","Averses de pluie"
"1969-03-14 19:00","1969","03","14","19:00"," ","2,20","","-1,10","","80,00","","5,00","","16,00","","19,30","","94,44","","","","","","Averses de pluie"
"1969-03-14 20:00","1969","03","14","20:00"," ","4,40","","-7,20","","42,00","","18,00","","24,00","","40,20","","94,56","","","","","","Généralement dégagé"
"1969-03-14 21:00","1969","03","14","21:00"," ","1,70","","-3,90","","66,00","","20,00","","13,00","","40,20","","94,69","","","","","","Généralement dégagé"
"1969-03-14 22:00","1969","03","14","22:00"," ","3,30","","-4,40","","57,00","","5,00","","16,00","","40,20","","94,72","","","","","","Généralement dégagé"
"1969-03-14 23:00","1969","03","14","23:00"," ","0,00","","-1,70","","89,00","","0,00","","0,00","","40,20","","94,74","","","","","","Généralement dégagé"
"1969-03-15 00:00","1969","03","15","00:00"," ","0,00","","-6,10","","64,00","","2,00","","10,00","","40,20","","94,79","","","","-3,00","","Généralement dégagé"
"1969-03-15 01:00","1969","03","15","01:00"," ","-2,80","","-6,70","","74,00","","0,00","","0,00","","40,20","","94,80","","","","","","Généralement dégagé"
"1969-03-15 02:00","1969","03","15","02:00"," ","-3,30","","-6,70","","78,00","","0,00","","0,00","","40,20","","94,80","","","","","","Généralement nuageux"
"1969-03-15 03:00","1969","03","15","03:00"," ","-3,90","","-6,70","","82,00","","0,00","","0,00","","40,20","","94,79","","","","","","Généralement nuageux"
"1969-03-15 04:00","1969","03","15","04:00"," ","-3,90","","-6,70","","80,00","","0,00","","0,00","","40,20","","94,72","","","","","","Généralement nuageux"
"1969-03-15 05:00","1969","03","15","05:00"," ","-3,90","","-6,70","","80,00","","0,00","","0,00","","40,20","","94,68","","","","","","Généralement nuageux"
"1969-03-15 06:00","1969","03","15","06:00"," ","-5,00","","-7,20","","85,00","","0,00","","0,00","","40,20","","94,67","","","","","","Nuageux"
"1969-03-15 07:00","1969","03","15","07:00"," ","-4,40","","-7,80","","79,00","","14,00","","13,00","","40,20","","94,60","","","","-9,00","","Généralement nuageux"
"1969-03-15 08:00","1969","03","15","08:00"," ","-5,00","","-7,80","","81,00","","0,00","","0,00","","40,20","","94,56","","","","","","Généralement nuageux"
"1969-03-15 09:00","1969","03","15","09:00"," ","-3,30","","-7,20","","75,00","","14,00","","14,00","","40,20","","94,51","","","","-8,00","","Généralement nuageux"
"1969-03-15 10:00","1969","03","15","10:00"," ","-1,70","","-6,70","","70,00","","11,00","","18,00","","40,20","","94,46","","","","-7,00","","Généralement nuageux"
"1969-03-15 11:00","1969","03","15","11:00"," ","1,10","","-3,30","","72,00","","0,00","","0,00","","40,20","","94,42","","","","","","Généralement nuageux"
"1969-03-15 12:00","1969","03","15","12:00"," ","2,80","","-2,80","","65,00","","14,00","","21,00","","40,20","","94,31","","","","","","Généralement nuageux"
"1969-03-15 13:00","1969","03","15","13:00"," ","3,90","","-3,30","","60,00","","11,00","","14,00","","40,20","","94,27","","","","","","Généralement nuageux"
"1969-03-15 14:00","1969","03","15","14:00"," ","5,60","","-3,90","","50,00","","0,00","","0,00","","40,20","","94,21","","","","","","Généralement nuageux"
"1969-03-15 15:00","1969","03","15","15:00"," ","5,60","","-7,20","","38,00","","18,00","","24,00","","40,20","","94,22","","","","","","Généralement nuageux"
"1969-03-15 16:00","1969","03","15","16:00"," ","5,00","","-8,30","","37,00","","23,00","","32,00","","40,20","","94,27","","","","","","Généralement dégagé"
"1969-03-15 17:00","1969","03","15","17:00"," ","4,40","","-8,90","","37,00","","18,00","","13,00","","40,20","","94,27","","","","","","Généralement nuageux"
"1969-03-15 18:00","1969","03","15","18:00"," ","2,80","","-7,80","","45,00","","5,00","","11,00","","40,20","","94,29","","","","","","Généralement nuageux"
"1969-03-15 19:00","1969","03","15","19:00"," ","1,10","","-6,70","","57,00","","7,00","","18,00","","40,20","","94,31","","","","","","Généralement dégagé"
"1969-03-15 20:00","1969","03","15","20:00"," ","1,10","","-6,10","","59,00","","7,00","","21,00","","40,20","","94,37","","","","","","Généralement dégagé"
"1969-03-15 21:00","1969","03","15","21:00"," ","0,60","","-7,20","","55,00","","7,00","","14,00","","40,20","","94,41","","","","","","Généralement dégagé"
"1969-03-15 22:00","1969","03","15","22:00"," ","0,60","","-6,10","","61,00","","36,00","","11,00","","40,20","","94,46","","","","","","Généralement dégagé"
"1969-03-15 23:00","1969","03","15","23:00"," ","-1,10","","-6,70","","65,00","","2,00","","11,00","","40,20","","94,49","","","","-5,00","","Généralement dégagé"
"1969-03-16 00:00","1969","03","16","00:00"," ","-1,10","","-7,80","","61,00","","0,00","","0,00","","40,20","","94,55","","","","","","Généralement dégagé"
"1969-03-16 01:00","1969","03","16","01:00"," ","-3,90","","-8,90","","68,00","","0,00","","0,00","","40,20","","94,55","","","","","","Généralement dégagé"
"1969-03-16 02:00","1969","03","16","02:00"," ","-3,30","","-7,80","","71,00","","0,00","","0,00","","40,20","","94,57","","","","","","Généralement dégagé"
"1969-03-16 03:00","1969","03","16","03:00"," ","-3,90","","-6,70","","81,00","","0,00","","0,00","","40,20","","94,60","","","","","","Généralement dégagé"
"1969-03-16 04:00","1969","03","16","04:00"," ","-2,20","","-5,00","","80,00","","29,00","","14,00","","40,20","","94,60","","","","-7,00","","Généralement dégagé"
"1969-03-16 05:00","1969","03","16","05:00"," ","-2,20","","-5,60","","78,00","","27,00","","8,00","","40,20","","94,57","","","","-5,00","","Généralement nuageux"
"1969-03-16 06:00","1969","03","16","06:00"," ","-2,20","","-5,60","","78,00","","32,00","","13,00","","40,20","","94,56","","","","-7,00","","Généralement nuageux"
"1969-03-16 07:00","1969","03","16","07:00"," ","-2,20","","-5,60","","78,00","","0,00","","0,00","","11,30","","94,59","","","","","","Neige"
"1969-03-16 08:00","1969","03","16","08:00"," ","-3,30","","-4,40","","91,00","","0,00","","0,00","","4,00","","94,65","","","","","","Neige"
"1969-03-16 09:00","1969","03","16","09:00"," ","-3,30","","-3,90","","95,00","","0,00","","0,00","","2,40","","94,65","","","","","","Neige"
"1969-03-16 10:00","1969","03","16","10:00"," ","-2,80","","-4,40","","89,00","","0,00","","0,00","","1,60","","94,63","","","","","","Neige"
"1969-03-16 11:00","1969","03","16","11:00"," ","-2,80","","-4,40","","88,00","","32,00","","11,00","","2,40","","94,59","","","","-7,00","","Neige"
"1969-03-16 12:00","1969","03","16","12:00"," ","-2,80","","-3,90","","92,00","","32,00","","13,00","","1,60","","94,58","","","","-7,00","","Neige"
"1969-03-16 13:00","1969","03","16","13:00"," ","-1,70","","-3,30","","87,00","","0,00","","0,00","","3,20","","94,52","","","","","","Neige"
"1969-03-16 14:00","1969","03","16","14:00"," ","-1,10","","-3,30","","85,00","","0,00","","0,00","","6,40","","94,49","","","","","","Neige"
"1969-03-16 15:00","1969","03","16","15:00"," ","-1,10","","-1,70","","97,00","","0,00","","0,00","","3,20","","94,47","","","","","","Neige,Brouillard"
"1969-03-16 16:00","1969","03","16","16:00"," ","-1,10","","-1,70","","97,00","","0,00","","0,00","","6,40","","94,43","","","","","","Neige,Brouillard"
"1969-03-16 17:00","1969","03","16","17:00"," ","-1,70","","-2,80","","92,00","","32,00","","8,00","","9,70","","94,38","","","","-5,00","","Neige"
"1969-03-16 18:00","1969","03","16","18:00"," ","-1,70","","-3,30","","89,00","","29,00","","11,00","","9,70","","94,34","","","","-6,00","","Neige"
"1969-03-16 19:00","1969","03","16","19:00"," ","-2,20","","-3,30","","93,00","","29,00","","8,00","","12,90","","94,36","","","","-5,00","","Neige"
"1969-03-16 20:00","1969","03","16","20:00"," ","-2,20","","-3,30","","92,00","","0,00","","0,00","","9,70","","94,38","","","","","","Neige"
"1969-03-16 21:00","1969","03","16","21:00"," ","-2,20","","-3,30","","93,00","","0,00","","0,00","","9,70","","94,37","","","","","","Neige"
"1969-03-16 22:00","1969","03","16","22:00"," ","-2,80","","-3,30","","94,00","","0,00","","0,00","","4,80","","94,38","","","","","","Neige"
"1969-03-16 23:00","1969","03","16","23:00"," ","-2,80","","-3,30","","95,00","","0,00","","0,00","","9,70","","94,39","","","","","","Neige"
"1969-03-17 00:00","1969","03","17","00:00"," ","-2,80","","-3,90","","93,00","","0,00","","0,00","","8,00","","94,43","","","","","","Neige"
"1969-03-17 01:00","1969","03","17","01:00"," ","-2,80","","-3,30","","94,00","","0,00","","0,00","","4,80","","94,46","","","","","","Neige"
"1969-03-17 02:00","1969","03","17","02:00"," ","-2,80","","-3,30","","94,00","","0,00","","0,00","","4,80","","94,48","","","","","","Neige"
"1969-03-17 03:00","1969","03","17","03:00"," ","-2,80","","-3,30","","95,00","","0,00","","0,00","","4,80","","94,52","","","","","","Neige"
"1969-03-17 04:00","1969","03","17","04:00"," ","-2,80","","-3,90","","93,00","","0,00","","0,00","","4,80","","94,55","","","","","","Neige"
"1969-03-17 05:00","1969","03","17","05:00"," ","-3,30","","-3,90","","95,00","","0,00","","0,00","","6,40","","94,57","","","","","","Neige"
"1969-03-17 06:00","1969","03","17","06:00"," ","-3,30","","-3,90","","95,00","","0,00","","0,00","","4,80","","94,60","","","","","","Neige"
"1969-03-17 07:00","1969","03","17","07:00"," ","-3,30","","-3,90","","95,00","","0,00","","0,00","","4,80","","94,65","","","","","","Neige"
"1969-03-17 08:00","1969","03","17","08:00"," ","-2,80","","-3,30","","94,00","","0,00","","0,00","","6,40","","94,70","","","","","","Neige"
"1969-03-17 09:00","1969","03","17","09:00"," ","-2,20","","-3,30","","93,00","","0,00","","0,00","","3,20","","94,77","","","","","","Neige"
"1969-03-17 10:00","1969","03","17","10:00"," ","-2,20","","-3,30","","94,00","","0,00","","0,00","","3,20","","94,78","","","","","","Neige"
"1969-03-17 11:00","1969","03","17","11:00"," ","-1,70","","-3,30","","88,00","","11,00","","5,00","","4,80","","94,80","","","","-4,00","","Neige"
"1969-03-17 12:00","1969","03","17","12:00"," ","-0,60","","-1,70","","94,00","","11,00","","8,00","","4,80","","94,79","","","","-3,00","","Neige"
"1969-03-17 13:00","1969","03","17","13:00"," ","0,00","","-0,60","","94,00","","14,00","","8,00","","8,00","","94,77","","","","-3,00","","Neige"
"1969-03-17 14:00","1969","03","17","14:00"," ","0,60","","-1,10","","89,00","","14,00","","6,00","","12,90","","94,73","","","","","","Nuageux"
"1969-03-17 15:00","1969","03","17","15:00"," ","1,10","","-1,10","","84,00","","16,00","","13,00","","19,30","","94,69","","","","","","Nuageux"
"1969-03-17 16:00","1969","03","17","16:00"," ","1,10","","-1,70","","82,00","","14,00","","8,00","","19,30","","94,67","","","","","","Nuageux"
"1969-03-17 17:00","1969","03","17","17:00"," ","0,60","","-0,60","","92,00","","14,00","","16,00","","9,70","","94,65","","","","","","Neige"
"1969-03-17 18:00","1969","03","17","18:00"," ","0,00","","-0,60","","94,00","","14,00","","8,00","","4,80","","94,64","","","","-3,00","","Neige"
"1969-03-17 19:00","1969","03","17","19:00"," ","-0,60","","-1,70","","94,00","","0,00","","0,00","","8,00","","94,64","","","","","","Neige"
"1969-03-17 20:00","1969","03","17","20:00"," ","-1,10","","-1,70","","95,00","","0,00","","0,00","","3,20","","94,63","","","","","","Neige"
"1969-03-17 21:00","1969","03","17","21:00"," ","-1,10","","-1,70","","98,00","","0,00","","0,00","","3,20","","94,61","","","","","","Neige"
"1969-03-17 22:00","1969","03","17","22:00"," ","-1,10","","-1,70","","97,00","","0,00","","0,00","","3,20","","94,61","","","","","","Neige"
"1969-03-17 23:00","1969","03","17","23:00"," ","-1,10","","-1,70","","96,00","","0,00","","0,00","","4,80","","94,58","","","","","","Neige"
"1969-03-18 00:00","1969","03","18","00:00"," ","-1,70","","-2,20","","95,00","","0,00","","0,00","","8,00","","94,56","","","","","","Neige"
"1969-03-18 01:00","1969","03","18","01:00"," ","-1,70","","-2,20","","94,00","","0,00","","0,00","","8,00","","94,55","","","","","","Neige"
"1969-03-18 02:00","1969","03","18","02:00"," ","-1,70","","-2,20","","95,00","","0,00","","0,00","","9,70","","94,53","","","","","","Neige"
"1969-03-18 03:00","1969","03","18","03:00"," ","-1,70","","-2,20","","94,00","","0,00","","0,00","","9,70","","94,52","","","","","","Neige"
"1969-03-18 04:00","1969","03","18","04:00"," ","-1,70","","-2,20","","94,00","","0,00","","0,00","","9,70","","94,49","","","","","","Neige"
"1969-03-18 05:00","1969","03","18","05:00"," ","-2,20","","-2,80","","96,00","","0,00","","0,00","","9,70","","94,47","","","","","","Neige"
"1969-03-18 06:00","1969","03","18","06:00"," ","-1,70","","-2,20","","95,00","","0,00","","0,00","","9,70","","94,49","","","","","","Neige"
"1969-03-18 07:00","1969","03","18","07:00"," ","-1,70","","-2,20","","94,00","","14,00","","6,00","","16,10","","94,48","","","","-4,00","","Neige"
"1969-03-18 08:00","1969","03","18","08:00"," ","-1,70","","-2,20","","94,00","","0,00","","0,00","","24,10","","94,50","","","","","","Neige"
"1969-03-18 09:00","1969","03","18","09:00"," ","-0,60","","-1,70","","91,00","","16,00","","13,00","","19,30","","94,52","","","","-5,00","","Averses de neige"
"1969-03-18 10:00","1969","03","18","10:00"," ","0,00","","-1,10","","92,00","","14,00","","16,00","","24,10","","94,56","","","","-5,00","","Généralement nuageux"
"1969-03-18 11:00","1969","03","18","11:00"," ","1,10","","-1,10","","86,00","","16,00","","13,00","","24,10","","94,58","","","","","","Averses de neige"
"1969-03-18 12:00","1969","03","18","12:00"," ","2,20","","-1,10","","80,00","","18,00","","5,00","","24,10","","94,60","","","","","","Averses de neige"
"1969-03-18 13:00","1969","03","18","13:00"," ","2,80","","-0,60","","78,00","","0,00","","0,00","","24,10","","94,62","","","","","","Averses de neige"
"1969-03-18 14:00","1969","03","18","14:00"," ","2,80","","0,00","","82,00","","0,00","","0,00","","24,10","","94,65","","","","","","Généralement nuageux"
"1969-03-18 15:00","1969","03","18","15:00"," ","3,30","","0,60","","80,00","","34,00","","11,00","","32,20","","94,68","","","","","","Généralement nuageux"
"1969-03-18 16:00","1969","03","18","16:00"," ","3,30","","0,60","","83,00","","32,00","","8,00","","32,20","","94,71","","","","","","Généralement nuageux"
"1969-03-18 17:00","1969","03","18","17:00"," ","2,80","","0,00","","82,00","","29,00","","6,00","","32,20","","94,74","","","","","","Généralement nuageux"
"1969-03-18 18:00","1969","03","18","18:00"," ","1,70","","0,00","","89,00","","27,00","","10,00","","32,20","","94,79","","","","","","Généralement nuageux"
"1969-03-18 19:00","1969","03","18","19:00"," ","1,70","","0,60","","92,00","","27,00","","8,00","","32,20","","94,87","","","","","","Généralement nuageux"
"1969-03-18 20:00","1969","03","18","20:00"," ","1,10","","0,00","","92,00","","25,00","","8,00","","32,20","","94,96","","","","","","Généralement nuageux"
"1969-03-18 21:00","1969","03","18","21:00"," ","0,60","","-1,10","","89,00","","0,00","","0,00","","32,20","","95,03","","","","","","Généralement nuageux"
"1969-03-18 22:00","1969","03","18","22:00"," ","0,60","","-1,10","","89,00","","29,00","","8,00","","32,20","","95,11","","","","","","Averses de neige"
"1969-03-18 23:00","1969","03","18","23:00"," ","-0,60","","-1,70","","94,00","","0,00","","0,00","","32,20","","95,21","","","","","","Averses de neige"
"1969-03-19 00:00","1969","03","19","00:00"," ","-1,10","","-1,70","","95,00","","0,00","","0,00","","32,20","","95,33","","","","","","Averses de neige"
"1969-03-19 01:00","1969","03","19","01:00"," ","-2,20","","-2,80","","95,00","","0,00","","0,00","","24,10","","95,41","","","","","","Généralement dégagé"
"1969-03-19 02:00","1969","03","19","02:00"," ","-0,60","","-1,70","","94,00","","0,00","","0,00","","24,10","","95,51","","","","","","Généralement dégagé"
"1969-03-19 03:00","1969","03","19","03:00"," ","-2,20","","-2,80","","95,00","","0,00","","0,00","","40,20","","95,57","","","","","","Généralement dégagé"
"1969-03-19 04:00","1969","03","19","04:00"," ","-1,70","","-3,30","","87,00","","0,00","","0,00","","40,20","","95,63","","","","","","Généralement dégagé"
"1969-03-19 05:00","1969","03","19","05:00"," ","-5,00","","-5,60","","95,00","","0,00","","0,00","","40,20","","95,72","","","","","","Généralement dégagé"
"1969-03-19 06:00","1969","03","19","06:00"," ","-6,10","","-6,70","","95,00","","0,00","","0,00","","40,20","","95,82","","","","","","Généralement dégagé"
"1969-03-19 07:00","1969","03","19","07:00"," ","-5,60","","-6,10","","96,00","","0,00","","0,00","","40,20","","95,88","","","","","","Généralement dégagé"
"1969-03-19 08:00","1969","03","19","08:00"," ","-5,60","","-6,10","","96,00","","0,00","","0,00","","40,20","","95,95","","","","","","Généralement dégagé"
"1969-03-19 09:00","1969","03","19","09:00"," ","-3,30","","-3,90","","95,00","","0,00","","0,00","","40,20","","96,02","","","","","","Généralement nuageux"
"1969-03-19 10:00","1969","03","19","10:00"," ","-0,60","","-3,30","","82,00","","0,00","","0,00","","40,20","","96,07","","","","","","Généralement nuageux"
"1969-03-19 11:00","1969","03","19","11:00"," ","1,70","","-2,20","","74,00","","29,00","","14,00","","40,20","","96,08","","","","","","Généralement dégagé"
"1969-03-19 12:00","1969","03","19","12:00"," ","2,80","","-3,90","","61,00","","32,00","","8,00","","40,20","","96,09","","","","","","Généralement nuageux"
"1969-03-19 13:00","1969","03","19","13:00"," ","2,80","","-3,90","","61,00","","34,00","","11,00","","40,20","","96,09","","","","","","Généralement nuageux"
"1969-03-19 14:00","1969","03","19","14:00"," ","3,30","","-5,60","","52,00","","32,00","","13,00","","40,20","","96,09","","","","","","Généralement nuageux"
"1969-03-19 15:00","1969","03","19","15:00"," ","3,90","","-4,40","","54,00","","34,00","","16,00","","40,20","","96,09","","","","","","Généralement nuageux"
"1969-03-19 16:00","1969","03","19","16:00"," ","4,40","","-5,00","","50,00","","32,00","","16,00","","40,20","","96,09","","","","","","Généralement nuageux"
"1969-03-19 17:00","1969","03","19","17:00"," ","3,90","","-5,60","","49,00","","32,00","","16,00","","40,20","","96,07","","","","","","Généralement nuageux"
"1969-03-19 18:00","1969","03","19","18:00"," ","2,80","","-5,00","","56,00","","34,00","","14,00","","40,20","","96,04","","","","","","Généralement nuageux"
"1969-03-19 19:00","1969","03","19","19:00"," ","0,00","","-4,40","","72,00","","25,00","","8,00","","40,20","","96,07","","","","-3,00","","Généralement dégagé"
"1969-03-19 20:00","1969","03","19","20:00"," ","-1,70","","-4,40","","81,00","","32,00","","8,00","","40,20","","96,13","","","","-5,00","","Généralement dégagé"
"1969-03-19 21:00","1969","03","19","21:00"," ","-2,80","","-5,60","","82,00","","23,00","","6,00","","40,20","","96,16","","","","-5,00","","Généralement dégagé"
"1969-03-19 22:00","1969","03","19","22:00"," ","-3,90","","-6,10","","85,00","","34,00","","11,00","","40,20","","96,20","","","","-8,00","","Généralement dégagé"
"1969-03-19 23:00","1969","03","19","23:00"," ","-3,90","","-5,60","","90,00","","0,00","","0,00","","40,20","","96,22","","","","","","Dégagé"
"1969-03-20 00:00","1969","03","20","00:00"," ","-4,40","","-5,60","","90,00","","0,00","","0,00","","40,20","","96,22","","","","","","Dégagé"
"1969-03-20 01:00","1969","03","20","01:00"," ","-5,60","","-7,20","","86,00","","0,00","","0,00","","40,20","","96,21","","","","","","Généralement dégagé"
"1969-03-20 02:00","1969","03","20","02:00"," ","-7,20","","-8,30","","92,00","","0,00","","0,00","","40,20","","96,22","","","","","","Généralement dégagé"
"1969-03-20 03:00","1969","03","20","03:00"," ","-8,30","","-9,40","","92,00","","0,00","","0,00","","40,20","","96,22","","","","","","Dégagé"
"1969-03-20 04:00","1969","03","20","04:00"," ","-8,90","","-10,00","","93,00","","0,00","","0,00","","40,20","","96,19","","","","","","Dégagé"
"1969-03-20 05:00","1969","03","20","05:00"," ","-10,60","","-11,10","","96,00","","0,00","","0,00","","40,20","","96,17","","","","","","Dégagé"
"1969-03-20 06:00","1969","03","20","06:00"," ","-9,40","","-10,60","","93,00","","0,00","","0,00","","40,20","","96,18","","","","","","Généralement dégagé"
"1969-03-20 07:00","1969","03","20","07:00"," ","-9,40","","-10,60","","93,00","","0,00","","0,00","","40,20","","96,21","","","","","","Généralement nuageux"
"1969-03-20 08:00","1969","03","20","08:00"," ","-10,60","","-11,70","","93,00","","0,00","","0,00","","40,20","","96,22","","","","","","Généralement nuageux"
"1969-03-20 09:00","1969","03","20","09:00"," ","-7,20","","-8,30","","91,00","","0,00","","0,00","","40,20","","96,23","","","","","","Généralement nuageux"
"1969-03-20 10:00","1969","03","20","10:00"," ","-6,10","","-8,30","","84,00","","0,00","","0,00","","40,20","","96,19","","","","","","Généralement nuageux"
"1969-03-20 11:00","1969","03","20","11:00"," ","-2,20","","-6,70","","73,00","","14,00","","11,00","","40,20","","96,07","","","","-6,00","","Nuageux"
"1969-03-20 12:00","1969","03","20","12:00"," ","0,00","","-5,60","","67,00","","16,00","","5,00","","40,20","","95,96","","","","-2,00","","Nuageux"
"1969-03-20 13:00","1969","03","20","13:00"," ","1,10","","-4,40","","67,00","","14,00","","13,00","","40,20","","95,88","","","","","","Nuageux"
"1969-03-20 14:00","1969","03","20","14:00"," ","1,70","","-5,60","","58,00","","14,00","","10,00","","40,20","","95,76","","","","","","Nuageux"
"1969-03-20 15:00","1969","03","20","15:00"," ","2,80","","-5,00","","56,00","","9,00","","8,00","","40,20","","95,65","","","","","","Nuageux"
"1969-03-20 16:00","1969","03","20","16:00"," ","2,80","","-3,90","","61,00","","0,00","","0,00","","40,20","","95,61","","","","","","Nuageux"
"1969-03-20 17:00","1969","03","20","17:00"," ","2,80","","-3,90","","61,00","","0,00","","0,00","","40,20","","95,48","","","","","","Nuageux"
"1969-03-20 18:00","1969","03","20","18:00"," ","2,20","","-2,80","","70,00","","0,00","","0,00","","40,20","","95,35","","","","","","Nuageux"
"1969-03-20 19:00","1969","03","20","19:00"," ","1,10","","-2,80","","75,00","","0,00","","0,00","","40,20","","95,25","","","","","","Nuageux"
"1969-03-20 20:00","1969","03","20","20:00"," ","1,10","","-3,30","","72,00","","0,00","","0,00","","40,20","","95,21","","","","","","Généralement nuageux"
"1969-03-20 21:00","1969","03","20","21:00"," ","0,60","","-2,80","","79,00","","0,00","","0,00","","40,20","","95,15","","","","","","Généralement nuageux"
"1969-03-20 22:00","1969","03","20","22:00"," ","0,00","","-1,70","","89,00","","0,00","","0,00","","40,20","","95,11","","","","","","Généralement nuageux"
"1969-03-20 23:00","1969","03","20","23:00"," ","-0,60","","-3,30","","82,00","","9,00","","8,00","","40,20","","95,00","","","","-3,00","","Généralement nuageux"
"1969-03-21 00:00","1969","03","21","00:00"," ","-0,60","","-3,30","","82,00","","36,00","","11,00","","40,20","","94,99","","","","-4,00","","Généralement nuageux"
"1969-03-21 01:00","1969","03","21","01:00"," ","1,10","","-1,70","","82,00","","0,00","","0,00","","24,10","","94,98","","","","","","Averses de neige"
"1969-03-21 02:00","1969","03","21","02:00"," ","1,70","","-2,80","","73,00","","0,00","","0,00","","40,20","","95,01","","","","","","Généralement dégagé"
"1969-03-21 03:00","1969","03","21","03:00"," ","1,10","","-1,70","","82,00","","7,00","","8,00","","40,20","","95,06","","","","","","Généralement dégagé"
"1969-03-21 04:00","1969","03","21","04:00"," ","0,60","","-2,80","","79,00","","0,00","","0,00","","40,20","","95,08","","","","","","Généralement nuageux"
"1969-03-21 05:00","1969","03","21","05:00"," ","2,20","","-5,60","","57,00","","32,00","","13,00","","40,20","","95,17","","","","","","Généralement dégagé"
"1969-03-21 06:00","1969","03","21","06:00"," ","2,20","","-5,60","","57,00","","29,00","","19,00","","40,20","","95,24","","","","","","Généralement dégagé"
"1969-03-21 07:00","1969","03","21","07:00"," ","2,20","","-6,10","","55,00","","27,00","","24,00","","40,20","","95,26","","","","","","Généralement dégagé"
"1969-03-21 08:00","1969","03","21","08:00"," ","2,20","","-7,80","","48,00","","36,00","","13,00","","40,20","","95,28","","","","","","Généralement dégagé"
"1969-03-21 09:00","1969","03","21","09:00"," ","3,30","","-8,90","","40,00","","27,00","","24,00","","40,20","","95,25","","","","","","Généralement dégagé"
"1969-03-21 10:00","1969","03","21","10:00"," ","3,30","","-7,80","","45,00","","27,00","","32,00","","40,20","","95,28","","","","","","Généralement dégagé"
"1969-03-21 11:00","1969","03","21","11:00"," ","3,90","","-6,10","","48,00","","27,00","","26,00","","40,20","","95,31","","","","","","Généralement dégagé"
"1969-03-21 12:00","1969","03","21","12:00"," ","3,90","","-6,10","","48,00","","27,00","","24,00","","40,20","","95,36","","","","","","Généralement nuageux"
"1969-03-21 13:00","1969","03","21","13:00"," ","4,40","","-7,20","","42,00","","27,00","","29,00","","40,20","","95,33","","","","","","Généralement nuageux"
"1969-03-21 14:00","1969","03","21","14:00"," ","4,40","","-6,10","","46,00","","27,00","","23,00","","40,20","","95,36","","","","","","Généralement nuageux"
"1969-03-21 15:00","1969","03","21","15:00"," ","5,60","","-6,10","","42,00","","25,00","","13,00","","40,20","","95,31","","","","","","Généralement nuageux"
"1969-03-21 16:00","1969","03","21","16:00"," ","5,60","","-7,20","","38,00","","27,00","","19,00","","40,20","","95,24","","","","","","Généralement nuageux"
"1969-03-21 17:00","1969","03","21","17:00"," ","5,00","","-7,20","","41,00","","25,00","","11,00","","40,20","","95,22","","","","","","Généralement nuageux"
"1969-03-21 18:00","1969","03","21","18:00"," ","4,40","","-7,20","","42,00","","23,00","","14,00","","40,20","","95,25","","","","","","Généralement nuageux"
"1969-03-21 19:00","1969","03","21","19:00"," ","3,30","","-6,10","","49,00","","27,00","","16,00","","40,20","","95,21","","","","","","Généralement nuageux"
"1969-03-21 20:00","1969","03","21","20:00"," ","2,80","","-5,00","","56,00","","23,00","","5,00","","40,20","","95,18","","","","","","Généralement nuageux"
"1969-03-21 21:00","1969","03","21","21:00"," ","1,10","","-6,10","","59,00","","36,00","","10,00","","40,20","","95,16","","","","","","Généralement nuageux"
"1969-03-21 22:00","1969","03","21","22:00"," ","0,00","","-6,70","","62,00","","0,00","","0,00","","40,20","","95,13","","","","","","Généralement nuageux"
"1969-03-21 23:00","1969","03","21","23:00"," ","-0,60","","-5,00","","71,00","","0,00","","0,00","","40,20","","95,06","","","","","","Généralement nuageux"
"1969-03-22 00:00","1969","03","22","00:00"," ","-0,60","","-5,00","","71,00","","0,00","","0,00","","40,20","","95,04","","","","","","Généralement nuageux"
"1969-03-22 01:00","1969","03","22","01:00"," ","-2,20","","-6,10","","76,00","","0,00","","0,00","","40,20","","94,94","","","","","","Nuageux"
"1969-03-22 02:00","1969","03","22","02:00"," ","-2,20","","-5,60","","79,00","","0,00","","0,00","","40,20","","94,86","","","","","","Nuageux"
"1969-03-22 03:00","1969","03","22","03:00"," ","-2,20","","-5,60","","77,00","","9,00","","6,00","","40,20","","94,78","","","","-5,00","","Nuageux"
"1969-03-22 04:00","1969","03","22","04:00"," ","-2,20","","-5,00","","83,00","","0,00","","0,00","","40,20","","94,69","","","","","","Nuageux"
"1969-03-22 05:00","1969","03","22","05:00"," ","-2,20","","-5,00","","81,00","","0,00","","0,00","","40,20","","94,61","","","","","","Nuageux"
"1969-03-22 06:00","1969","03","22","06:00"," ","-2,20","","-5,00","","80,00","","0,00","","0,00","","8,00","","94,61","","","","","","Neige"
"1969-03-22 07:00","1969","03","22","07:00"," ","-2,20","","-3,90","","87,00","","0,00","","0,00","","4,00","","94,62","","","","","","Neige"
"1969-03-22 08:00","1969","03","22","08:00"," ","-2,80","","-3,90","","92,00","","0,00","","0,00","","6,40","","94,64","","","","","","Neige"
"1969-03-22 09:00","1969","03","22","09:00"," ","-2,20","","-2,80","","96,00","","0,00","","0,00","","6,40","","94,68","","","","","","Neige"
"1969-03-22 10:00","1969","03","22","10:00"," ","-0,60","","-1,70","","91,00","","0,00","","0,00","","12,90","","94,73","","","","","","Neige"
"1969-03-22 11:00","1969","03","22","11:00"," ","0,60","","-3,30","","76,00","","23,00","","8,00","","40,20","","94,76","","","","","","Généralement nuageux"
"1969-03-22 12:00","1969","03","22","12:00"," ","2,20","","-4,40","","62,00","","32,00","","19,00","","40,20","","94,77","","","","","","Généralement nuageux"
"1969-03-22 13:00","1969","03","22","13:00"," ","2,80","","-4,40","","59,00","","29,00","","23,00","","40,20","","94,78","","","","","","Généralement nuageux"
"1969-03-22 14:00","1969","03","22","14:00"," ","3,30","","-5,60","","52,00","","27,00","","39,00","","40,20","","94,89","","","","","","Généralement nuageux"
"1969-03-22 15:00","1969","03","22","15:00"," ","3,90","","-6,10","","48,00","","32,00","","32,00","","40,20","","94,97","","","","","","Généralement nuageux"
"1969-03-22 16:00","1969","03","22","16:00"," ","3,90","","-7,20","","44,00","","27,00","","23,00","","40,20","","95,08","","","","","","Généralement nuageux"
"1969-03-22 17:00","1969","03","22","17:00"," ","3,30","","-3,90","","59,00","","27,00","","29,00","","40,20","","95,21","","","","","","Généralement nuageux"
"1969-03-22 18:00","1969","03","22","18:00"," ","3,30","","-3,30","","62,00","","27,00","","23,00","","40,20","","95,38","","","","","","Généralement dégagé"
"1969-03-22 19:00","1969","03","22","19:00"," ","2,20","","-5,00","","60,00","","27,00","","21,00","","40,20","","95,53","","","","","","Généralement dégagé"
"1969-03-22 20:00","1969","03","22","20:00"," ","1,70","","-7,80","","49,00","","29,00","","16,00","","40,20","","95,69","","","","","","Généralement dégagé"
"1969-03-22 21:00","1969","03","22","21:00"," ","1,70","","-7,20","","51,00","","32,00","","14,00","","40,20","","95,85","","","","","","Généralement dégagé"
"1969-03-22 22:00","1969","03","22","22:00"," ","1,70","","-7,20","","51,00","","34,00","","27,00","","40,20","","96,00","","","","","","Généralement dégagé"
"1969-03-22 23:00","1969","03","22","23:00"," ","1,70","","-5,60","","58,00","","32,00","","39,00","","40,20","","96,10","","","","","","Généralement dégagé"
"1969-03-23 00:00","1969","03","23","00:00"," ","1,10","","-5,00","","64,00","","32,00","","27,00","","40,20","","96,22","","","","","","Généralement dégagé"
"1969-03-23 01:00","1969","03","23","01:00"," ","-0,60","","-8,30","","55,00","","32,00","","8,00","","40,20","","96,34","","","","-3,00","","Dégagé"
"1969-03-23 02:00","1969","03","23","02:00"," ","-1,70","","-10,00","","54,00","","32,00","","8,00","","40,20","","96,44","","","","-5,00","","Dégagé"
"1969-03-23 03:00","1969","03","23","03:00"," ","-3,30","","-9,40","","62,00","","0,00","","0,00","","40,20","","96,53","","","","","","Dégagé"
"1969-03-23 04:00","1969","03","23","04:00"," ","-4,40","","-9,40","","68,00","","0,00","","0,00","","40,20","","96,61","","","","","","Dégagé"
"1969-03-23 05:00","1969","03","23","05:00"," ","-5,00","","-9,40","","72,00","","0,00","","0,00","","40,20","","96,68","","","","","","Généralement dégagé"
"1969-03-23 06:00","1969","03","23","06:00"," ","-5,60","","-10,00","","71,00","","0,00","","0,00","","40,20","","96,77","","","","","","Généralement nuageux"
"1969-03-23 07:00","1969","03","23","07:00"," ","-6,10","","-9,40","","77,00","","0,00","","0,00","","40,20","","96,88","","","","","","Généralement nuageux"
"1969-03-23 08:00","1969","03","23","08:00"," ","-5,00","","-9,40","","72,00","","0,00","","0,00","","40,20","","96,95","","","","","","Généralement nuageux"
"1969-03-23 09:00","1969","03","23","09:00"," ","-1,10","","-7,20","","64,00","","14,00","","8,00","","40,20","","96,96","","","","-4,00","","Généralement nuageux"
"1969-03-23 10:00","1969","03","23","10:00"," ","0,60","","-7,20","","55,00","","0,00","","0,00","","40,20","","97,00","","","","","","Généralement nuageux"
"1969-03-23 11:00","1969","03","23","11:00"," ","1,70","","-7,20","","51,00","","0,00","","0,00","","40,20","","97,05","","","","","","Généralement nuageux"
"1969-03-23 12:00","1969","03","23","12:00"," ","3,30","","-7,80","","45,00","","0,00","","0,00","","40,20","","97,05","","","","","","Généralement nuageux"
"1969-03-23 13:00","1969","03","23","13:00"," ","4,40","","-7,20","","42,00","","0,00","","0,00","","40,20","","97,05","","","","","","Généralement nuageux"
"1969-03-23 14:00","1969","03","23","14:00"," ","4,40","","-6,70","","44,00","","0,00","","0,00","","40,20","","97,03","","","","","","Nuageux"
"1969-03-23 15:00","1969","03","23","15:00"," ","5,60","","-9,40","","33,00","","0,00","","0,00","","40,20","","96,99","","","","","","Nuageux"
"1969-03-23 16:00","1969","03","23","16:00"," ","5,60","","-8,90","","34,00","","14,00","","10,00","","40,20","","96,95","","","","","","Généralement nuageux"
"1969-03-23 17:00","1969","03","23","17:00"," ","6,10","","-9,40","","32,00","","0,00","","0,00","","40,20","","96,93","","","","","","Généralement nuageux"
"1969-03-23 18:00","1969","03","23","18:00"," ","5,00","","-8,30","","37,00","","34,00","","6,00","","40,20","","96,93","","","","","","Nuageux"
"1969-03-23 19:00","1969","03","23","19:00"," ","3,30","","-5,00","","53,00","","32,00","","10,00","","40,20","","96,95","","","","","","Nuageux"
"1969-03-23 20:00","1969","03","23","20:00"," ","2,80","","-5,00","","56,00","","5,00","","8,00","","40,20","","97,03","","","","","","Nuageux"
"1969-03-23 21:00","1969","03","23","21:00"," ","2,20","","-3,90","","64,00","","36,00","","19,00","","40,20","","97,09","","","","","","Nuageux"
"1969-03-23 22:00","1969","03","23","22:00"," ","2,20","","-5,00","","60,00","","32,00","","3,00","","40,20","","97,12","","","","","","Nuageux"
"1969-03-23 23:00","1969","03","23","23:00"," ","1,10","","-4,40","","67,00","","0,00","","0,00","","40,20","","97,12","","","","","","Nuageux"
"1969-03-24 00:00","1969","03","24","00:00"," ","1,10","","-3,90","","69,00","","0,00","","0,00","","40,20","","97,10","","","","","","Nuageux"
"1969-03-24 01:00","1969","03","24","01:00"," ","-0,60","","-5,00","","71,00","","0,00","","0,00","","40,20","","97,12","","","","","","Généralement nuageux"
"1969-03-24 02:00","1969","03","24","02:00"," ","-1,70","","-3,90","","83,00","","0,00","","0,00","","40,20","","97,09","","","","","","Généralement nuageux"
"1969-03-24 03:00","1969","03","24","03:00"," ","-0,60","","-4,40","","74,00","","0,00","","0,00","","40,20","","97,07","","","","","","Nuageux"
"1969-03-24 04:00","1969","03","24","04:00"," ","-0,60","","-4,40","","74,00","","0,00","","0,00","","40,20","","97,05","","","","","","Généralement nuageux"
"1969-03-24 05:00","1969","03","24","05:00"," ","-1,10","","-5,00","","76,00","","0,00","","0,00","","40,20","","97,01","","","","","","Généralement nuageux"
"1969-03-24 06:00","1969","03","24","06:00"," ","-0,60","","-5,00","","71,00","","11,00","","18,00","","40,20","","96,96","","","","-6,00","","Généralement nuageux"
"1969-03-24 07:00","1969","03","24","07:00"," ","-0,60","","-5,00","","71,00","","9,00","","23,00","","40,20","","96,92","","","","-6,00","","Généralement nuageux"
"1969-03-24 08:00","1969","03","24","08:00"," ","0,00","","-6,10","","64,00","","11,00","","16,00","","40,20","","96,89","","","","-5,00","","Généralement nuageux"
"1969-03-24 09:00","1969","03","24","09:00"," ","1,10","","-5,00","","64,00","","16,00","","10,00","","40,20","","96,88","","","","","","Nuageux"
"1969-03-24 10:00","1969","03","24","10:00"," ","1,10","","-5,60","","62,00","","0,00","","0,00","","40,20","","96,89","","","","","","Nuageux"
"1969-03-24 11:00","1969","03","24","11:00"," ","3,30","","-5,60","","51,00","","0,00","","0,00","","40,20","","96,83","","","","","","Généralement nuageux"
"1969-03-24 12:00","1969","03","24","12:00"," ","3,90","","-5,60","","49,00","","23,00","","6,00","","40,20","","96,84","","","","","","Généralement nuageux"
"1969-03-24 13:00","1969","03","24","13:00"," ","6,10","","-7,80","","36,00","","0,00","","0,00","","40,20","","96,79","","","","","","Généralement nuageux"
"1969-03-24 14:00","1969","03","24","14:00"," ","6,10","","-7,20","","38,00","","16,00","","8,00","","40,20","","96,75","","","","","","Nuageux"
"1969-03-24 15:00","1969","03","24","15:00"," ","6,10","","-6,10","","42,00","","0,00","","0,00","","40,20","","96,72","","","","","","Nuageux"
"1969-03-24 16:00","1969","03","24","16:00"," ","6,70","","-5,60","","41,00","","0,00","","0,00","","40,20","","96,67","","","","","","Généralement nuageux"
"1969-03-24 17:00","1969","03","24","17:00"," ","6,10","","-3,90","","50,00","","0,00","","0,00","","40,20","","96,61","","","","","","Généralement nuageux"
"1969-03-24 18:00","1969","03","24","18:00"," ","6,10","","-3,30","","52,00","","0,00","","0,00","","40,20","","96,57","","","","","","Généralement nuageux"
"1969-03-24 19:00","1969","03","24","19:00"," ","5,00","","-5,00","","49,00","","0,00","","0,00","","40,20","","96,54","","","","","","Généralement nuageux"
"1969-03-24 20:00","1969","03","24","20:00"," ","2,80","","-2,80","","65,00","","23,00","","5,00","","40,20","","96,53","","","","","","Généralement dégagé"
"1969-03-24 21:00","1969","03","24","21:00"," ","2,20","","-2,80","","70,00","","0,00","","0,00","","40,20","","96,53","","","","","","Généralement dégagé"
"1969-03-24 22:00","1969","03","24","22:00"," ","1,70","","-3,30","","71,00","","0,00","","0,00","","40,20","","96,51","","","","","","Généralement nuageux"
"1969-03-24 23:00","1969","03","24","23:00"," ","-0,60","","-3,90","","77,00","","0,00","","0,00","","40,20","","96,46","","","","","","Généralement dégagé"
"1969-03-25 00:00","1969","03","25","00:00"," ","-1,10","","-4,40","","79,00","","36,00","","3,00","","40,20","","96,42","","","","-2,00","","Généralement dégagé"
"1969-03-25 01:00","1969","03","25","01:00"," ","-2,20","","-5,00","","82,00","","0,00","","0,00","","40,20","","96,42","","","","","","Généralement nuageux"
"1969-03-25 02:00","1969","03","25","02:00"," ","-3,30","","-5,60","","85,00","","0,00","","0,00","","40,20","","96,38","","","","","","Généralement nuageux"
"1969-03-25 03:00","1969","03","25","03:00"," ","-2,20","","-6,10","","76,00","","9,00","","6,00","","40,20","","96,35","","","","-5,00","","Généralement dégagé"
"1969-03-25 04:00","1969","03","25","04:00"," ","-3,30","","-6,70","","77,00","","18,00","","6,00","","40,20","","96,27","","","","-6,00","","Dégagé"
"1969-03-25 05:00","1969","03","25","05:00"," ","-3,90","","-7,80","","75,00","","27,00","","5,00","","40,20","","96,24","","","","-6,00","","Généralement dégagé"
"1969-03-25 06:00","1969","03","25","06:00"," ","-5,60","","-7,80","","83,00","","27,00","","8,00","","40,20","","96,24","","","","-9,00","","Généralement dégagé"
"1969-03-25 07:00","1969","03","25","07:00"," ","-4,40","","-7,20","","81,00","","27,00","","6,00","","40,20","","96,28","","","","-7,00","","Généralement nuageux"
"1969-03-25 08:00","1969","03","25","08:00"," ","-2,20","","-6,70","","72,00","","0,00","","0,00","","40,20","","96,31","","","","","","Généralement nuageux"
"1969-03-25 09:00","1969","03","25","09:00"," ","-0,60","","-6,70","","63,00","","14,00","","8,00","","40,20","","96,29","","","","-3,00","","Généralement nuageux"
"1969-03-25 10:00","1969","03","25","10:00"," ","1,10","","-6,70","","57,00","","16,00","","8,00","","40,20","","96,28","","","","","","Généralement nuageux"
"1969-03-25 11:00","1969","03","25","11:00"," ","1,70","","-6,10","","56,00","","0,00","","0,00","","40,20","","96,24","","","","","","Généralement nuageux"
"1969-03-25 12:00","1969","03","25","12:00"," ","3,90","","-6,70","","47,00","","0,00","","0,00","","40,20","","96,21","","","","","","Généralement nuageux"
"1969-03-25 13:00","1969","03","25","13:00"," ","6,10","","-7,20","","38,00","","0,00","","0,00","","40,20","","96,15","","","","","","Généralement nuageux"
"1969-03-25 14:00","1969","03","25","14:00"," ","10,00","","-4,40","","36,00","","14,00","","10,00","","40,20","","96,13","","","","","","Généralement nuageux"
"1969-03-25 15:00","1969","03","25","15:00"," ","10,00","","-5,00","","35,00","","11,00","","14,00","","40,20","","96,14","","","","","","Généralement nuageux"
"1969-03-25 16:00","1969","03","25","16:00"," ","8,90","","-4,40","","39,00","","5,00","","13,00","","40,20","","96,14","","","","","","Généralement nuageux"
"1969-03-25 17:00","1969","03","25","17:00"," ","8,30","","-2,80","","45,00","","23,00","","8,00","","40,20","","96,11","","","","","","Généralement nuageux"
"1969-03-25 18:00","1969","03","25","18:00"," ","7,80","","-3,90","","43,00","","0,00","","0,00","","40,20","","96,10","","","","","","Généralement nuageux"
"1969-03-25 19:00","1969","03","25","19:00"," ","4,40","","-2,20","","61,00","","0,00","","0,00","","40,20","","96,10","","","","","","Généralement nuageux"
"1969-03-25 20:00","1969","03","25","20:00"," ","2,80","","-2,80","","68,00","","0,00","","0,00","","40,20","","96,08","","","","","","Généralement nuageux"
"1969-03-25 21:00","1969","03","25","21:00"," ","1,70","","-2,20","","76,00","","0,00","","0,00","","40,20","","96,12","","","","","","Généralement nuageux"
"1969-03-25 22:00","1969","03","25","22:00"," ","0,00","","-2,80","","80,00","","0,00","","0,00","","40,20","","96,15","","","","","","Généralement nuageux"
"1969-03-25 23:00","1969","03","25","23:00"," ","-1,10","","-3,90","","82,00","","0,00","","0,00","","40,20","","96,15","","","","","","Généralement nuageux"
"1969-03-26 00:00","1969","03","26","00:00"," ","-2,80","","-4,40","","89,00","","0,00","","0,00","","40,20","","96,10","","","","","","Généralement dégagé"
"1969-03-26 01:00","1969","03","26","01:00"," ","-2,20","","-4,40","","84,00","","0,00","","0,00","","40,20","","96,09","","","","","","Généralement dégagé"
"1969-03-26 02:00","1969","03","26","02:00"," ","-3,30","","-5,60","","84,00","","0,00","","0,00","","40,20","","96,03","","","","","","Généralement nuageux"
"1969-03-26 03:00","1969","03","26","03:00"," ","-3,30","","-5,60","","85,00","","18,00","","8,00","","40,20","","95,99","","","","-7,00","","Généralement nuageux"
"1969-03-26 04:00","1969","03","26","04:00"," ","-0,60","","-6,10","","66,00","","11,00","","13,00","","40,20","","95,93","","","","-5,00","","Généralement nuageux"
"1969-03-26 05:00","1969","03","26","05:00"," ","-2,80","","-5,60","","81,00","","0,00","","0,00","","40,20","","95,88","","","","","","Généralement dégagé"
"1969-03-26 06:00","1969","03","26","06:00"," ","-2,80","","-6,70","","75,00","","16,00","","10,00","","40,20","","95,81","","","","-7,00","","Généralement dégagé"
"1969-03-26 07:00","1969","03","26","07:00"," ","-3,90","","-6,70","","82,00","","0,00","","0,00","","40,20","","95,69","","","","","","Généralement nuageux"
"1969-03-26 08:00","1969","03","26","08:00"," ","-2,20","","-7,20","","70,00","","0,00","","0,00","","40,20","","95,62","","","","","","Généralement nuageux"
"1969-03-26 09:00","1969","03","26","09:00"," ","0,00","","-7,80","","57,00","","0,00","","0,00","","40,20","","95,52","","","","","","Généralement nuageux"
"1969-03-26 10:00","1969","03","26","10:00"," ","1,10","","-6,70","","57,00","","14,00","","8,00","","40,20","","95,42","","","","","","Généralement nuageux"
"1969-03-26 11:00","1969","03","26","11:00"," ","4,40","","-6,70","","44,00","","27,00","","11,00","","40,20","","95,27","","","","","","Généralement nuageux"
"1969-03-26 12:00","1969","03","26","12:00"," ","7,80","","-8,30","","31,00","","0,00","","0,00","","40,20","","95,12","","","","","","Nuageux"
"1969-03-26 13:00","1969","03","26","13:00"," ","12,20","","-9,40","","21,00","","27,00","","40,00","","40,20","","95,04","","","","","","Nuageux"
"1969-03-26 14:00","1969","03","26","14:00"," ","11,70","","-8,30","","24,00","","27,00","","32,00","","40,20","","95,05","","","","","","Nuageux"
"1969-03-26 15:00","1969","03","26","15:00"," ","10,00","","-5,00","","35,00","","20,00","","32,00","","40,20","","94,90","","","","","","Généralement nuageux"
"1969-03-26 16:00","1969","03","26","16:00"," ","11,10","","-5,60","","31,00","","20,00","","10,00","","40,20","","94,87","","","","","","Généralement nuageux"
"1969-03-26 17:00","1969","03","26","17:00"," ","10,00","","-4,40","","36,00","","9,00","","16,00","","40,20","","94,84","","","","","","Généralement nuageux"
"1969-03-26 18:00","1969","03","26","18:00"," ","8,30","","-2,80","","45,00","","5,00","","13,00","","40,20","","94,82","","","","","","Généralement nuageux"
"1969-03-26 19:00","1969","03","26","19:00"," ","6,10","","-3,30","","52,00","","0,00","","0,00","","40,20","","94,76","","","","","","Généralement nuageux"
"1969-03-26 20:00","1969","03","26","20:00"," ","7,20","","-5,00","","42,00","","5,00","","10,00","","40,20","","94,77","","","","","","Généralement nuageux"
"1969-03-26 21:00","1969","03","26","21:00"," ","5,60","","-3,30","","53,00","","0,00","","0,00","","40,20","","94,80","","","","","","Généralement nuageux"
"1969-03-26 22:00","1969","03","26","22:00"," ","3,90","","-3,30","","60,00","","23,00","","8,00","","40,20","","94,88","","","","","","Généralement nuageux"
"1969-03-26 23:00","1969","03","26","23:00"," ","5,00","","-5,00","","49,00","","5,00","","11,00","","40,20","","94,91","","","","","","Généralement nuageux"
"1969-03-27 00:00","1969","03","27","00:00"," ","5,00","","-5,00","","49,00","","5,00","","11,00","","40,20","","94,98","","","","","","Généralement nuageux"
"1969-03-27 01:00","1969","03","27","01:00"," ","5,00","","-5,00","","49,00","","7,00","","5,00","","40,20","","95,06","","","","","","Nuageux"
"1969-03-27 02:00","1969","03","27","02:00"," ","4,40","","-3,30","","57,00","","32,00","","14,00","","40,20","","95,12","","","","","","Nuageux"
"1969-03-27 03:00","1969","03","27","03:00"," ","5,60","","-3,30","","53,00","","29,00","","24,00","","40,20","","95,18","","","","","","Généralement nuageux"
"1969-03-27 04:00","1969","03","27","04:00"," ","3,90","","-2,80","","63,00","","9,00","","5,00","","40,20","","95,26","","","","","","Généralement nuageux"
"1969-03-27 05:00","1969","03","27","05:00"," ","3,30","","-1,70","","69,00","","25,00","","10,00","","40,20","","95,36","","","","","","Généralement nuageux"
"1969-03-27 06:00","1969","03","27","06:00"," ","2,80","","-1,70","","73,00","","0,00","","0,00","","40,20","","95,45","","","","","","Généralement nuageux"
"1969-03-27 07:00","1969","03","27","07:00"," ","2,20","","-1,70","","75,00","","0,00","","0,00","","40,20","","95,51","","","","","","Généralement nuageux"
"1969-03-27 08:00","1969","03","27","08:00"," ","3,90","","-2,20","","65,00","","0,00","","0,00","","40,20","","95,55","","","","","","Généralement dégagé"
"1969-03-27 09:00","1969","03","27","09:00"," ","5,00","","-1,10","","64,00","","0,00","","0,00","","40,20","","95,59","","","","","","Généralement dégagé"
"1969-03-27 10:00","1969","03","27","10:00"," ","6,10","","-1,70","","58,00","","11,00","","3,00","","40,20","","95,62","","","","","","Généralement dégagé"
"1969-03-27 11:00","1969","03","27","11:00"," ","6,10","","-0,60","","62,00","","0,00","","0,00","","40,20","","95,64","","","","","","Généralement nuageux"
"1969-03-27 12:00","1969","03","27","12:00"," ","5,60","","-1,70","","59,00","","32,00","","6,00","","40,20","","95,65","","","","","","Généralement nuageux"
"1969-03-27 13:00","1969","03","27","13:00"," ","6,10","","-2,20","","56,00","","29,00","","3,00","","40,20","","95,63","","","","","","Généralement nuageux"
"1969-03-27 14:00","1969","03","27","14:00"," ","6,70","","-1,70","","55,00","","27,00","","6,00","","40,20","","95,59","","","","","","Généralement nuageux"
"1969-03-27 15:00","1969","03","27","15:00"," ","6,70","","-1,70","","55,00","","2,00","","11,00","","40,20","","95,56","","","","","","Généralement nuageux"
"1969-03-27 16:00","1969","03","27","16:00"," ","6,70","","-3,30","","49,00","","5,00","","3,00","","40,20","","95,54","","","","","","Généralement nuageux"
"1969-03-27 17:00","1969","03","27","17:00"," ","7,20","","-3,90","","46,00","","0,00","","0,00","","40,20","","95,52","","","","","","Nuageux"
"1969-03-27 18:00","1969","03","27","18:00"," ","6,10","","-3,30","","52,00","","32,00","","8,00","","40,20","","95,50","","","","","","Nuageux"
"1969-03-27 19:00","1969","03","27","19:00"," ","5,60","","-3,90","","50,00","","0,00","","0,00","","40,20","","95,49","","","","","","Nuageux"
"1969-03-27 20:00","1969","03","27","20:00"," ","4,40","","-2,20","","61,00","","0,00","","0,00","","40,20","","95,50","","","","","","Nuageux"
"1969-03-27 21:00","1969","03","27","21:00"," ","2,80","","-2,20","","70,00","","0,00","","0,00","","40,20","","95,50","","","","","","Généralement nuageux"
"1969-03-27 22:00","1969","03","27","22:00"," ","1,70","","-1,70","","79,00","","0,00","","0,00","","40,20","","95,53","","","","","","Généralement nuageux"
"1969-03-27 23:00","1969","03","27","23:00"," ","2,20","","-2,80","","70,00","","0,00","","0,00","","40,20","","95,59","","","","","","Généralement nuageux"
"1969-03-28 00:00","1969","03","28","00:00"," ","0,60","","-3,30","","76,00","","0,00","","0,00","","40,20","","95,59","","","","","","Généralement dégagé"
"1969-03-28 01:00","1969","03","28","01:00"," ","0,00","","-2,80","","83,00","","0,00","","0,00","","40,20","","95,61","","","","","","Généralement dégagé"
"1969-03-28 02:00","1969","03","28","02:00"," ","-1,70","","-3,90","","86,00","","0,00","","0,00","","40,20","","95,63","","","","","","Généralement dégagé"
"1969-03-28 03:00","1969","03","28","03:00"," ","-2,80","","-4,40","","90,00","","0,00","","0,00","","40,20","","95,64","","","","","","Généralement dégagé"
"1969-03-28 04:00","1969","03","28","04:00"," ","-1,70","","-3,30","","87,00","","0,00","","0,00","","40,20","","95,69","","","","","","Généralement dégagé"
"1969-03-28 05:00","1969","03","28","05:00"," ","-3,30","","-4,40","","90,00","","0,00","","0,00","","40,20","","95,75","","","","","","Généralement dégagé"
"1969-03-28 06:00","1969","03","28","06:00"," ","-2,80","","-3,90","","93,00","","0,00","","0,00","","40,20","","95,79","","","","","","Généralement dégagé"
"1969-03-28 07:00","1969","03","28","07:00"," ","-3,90","","-5,00","","91,00","","0,00","","0,00","","40,20","","95,82","","","","","","Généralement nuageux"
"1969-03-28 08:00","1969","03","28","08:00"," ","-1,10","","-3,90","","81,00","","0,00","","0,00","","40,20","","95,85","","","","","","Généralement nuageux"
"1969-03-28 09:00","1969","03","28","09:00"," ","0,60","","-2,20","","81,00","","0,00","","0,00","","40,20","","95,86","","","","","","Généralement nuageux"
"1969-03-28 10:00","1969","03","28","10:00"," ","2,80","","-2,20","","70,00","","0,00","","0,00","","40,20","","95,88","","","","","","Généralement nuageux"
"1969-03-28 11:00","1969","03","28","11:00"," ","5,00","","-1,10","","64,00","","7,00","","3,00","","40,20","","95,85","","","","","","Généralement nuageux"
"1969-03-28 12:00","1969","03","28","12:00"," ","6,10","","-2,20","","56,00","","0,00","","0,00","","40,20","","95,80","","","","","","Généralement nuageux"
"1969-03-28 13:00","1969","03","28","13:00"," ","7,80","","-2,20","","49,00","","0,00","","0,00","","40,20","","95,77","","","","","","Généralement nuageux"
"1969-03-28 14:00","1969","03","28","14:00"," ","8,90","","-0,60","","51,00","","0,00","","0,00","","40,20","","95,73","","","","","","Généralement nuageux"
"1969-03-28 15:00","1969","03","28","15:00"," ","8,90","","-2,80","","44,00","","0,00","","0,00","","40,20","","95,69","","","","","","Généralement nuageux"
"1969-03-28 16:00","1969","03","28","16:00"," ","9,40","","-2,80","","42,00","","0,00","","0,00","","40,20","","95,68","","","","","","Généralement nuageux"
"1969-03-28 17:00","1969","03","28","17:00"," ","9,40","","-5,00","","35,00","","0,00","","0,00","","40,20","","95,66","","","","","","Généralement nuageux"
"1969-03-28 18:00","1969","03","28","18:00"," ","7,80","","-3,90","","43,00","","0,00","","0,00","","40,20","","95,68","","","","","","Généralement nuageux"
"1969-03-28 19:00","1969","03","28","19:00"," ","4,40","","-2,80","","59,00","","0,00","","0,00","","40,20","","95,65","","","","","","Généralement nuageux"
"1969-03-28 20:00","1969","03","28","20:00"," ","2,80","","-2,80","","65,00","","0,00","","0,00","","40,20","","95,66","","","","","","Généralement nuageux"
"1969-03-28 21:00","1969","03","28","21:00"," ","1,10","","-2,20","","77,00","","0,00","","0,00","","40,20","","95,69","","","","","","Généralement dégagé"
"1969-03-28 22:00","1969","03","28","22:00"," ","0,00","","-3,30","","78,00","","0,00","","0,00","","40,20","","95,74","","","","","","Généralement dégagé"
"1969-03-28 23:00","1969","03","28","23:00"," ","-1,10","","-3,90","","81,00","","0,00","","0,00","","40,20","","95,79","","","","","","Dégagé"
"1969-03-29 00:00","1969","03","29","00:00"," ","-2,80","","-5,00","","86,00","","0,00","","0,00","","40,20","","95,79","","","","","","Généralement dégagé"
"1969-03-29 01:00","1969","03","29","01:00"," ","-2,80","","-4,40","","90,00","","0,00","","0,00","","40,20","","95,71","","","","","","Généralement dégagé"
"1969-03-29 02:00","1969","03","29","02:00"," ","-2,20","","-3,90","","88,00","","0,00","","0,00","","40,20","","95,83","","","","","","Généralement dégagé"
"1969-03-29 03:00","1969","03","29","03:00"," ","-2,80","","-4,40","","88,00","","0,00","","0,00","","40,20","","95,86","","","","","","Généralement dégagé"
"1969-03-29 04:00","1969","03","29","04:00"," ","-2,20","","-3,90","","87,00","","14,00","","11,00","","40,20","","95,82","","","","-6,00","","Généralement dégagé"
"1969-03-29 05:00","1969","03","29","05:00"," ","-3,90","","-5,60","","89,00","","16,00","","8,00","","40,20","","95,86","","","","-7,00","","Généralement dégagé"
"1969-03-29 06:00","1969","03","29","06:00"," ","-2,20","","-4,40","","85,00","","0,00","","0,00","","40,20","","95,87","","","","","","Généralement nuageux"
"1969-03-29 07:00","1969","03","29","07:00"," ","-2,80","","-5,00","","86,00","","0,00","","0,00","","40,20","","95,90","","","","","","Généralement nuageux"
"1969-03-29 08:00","1969","03","29","08:00"," ","0,00","","-3,90","","75,00","","14,00","","8,00","","40,20","","95,90","","","","-3,00","","Généralement nuageux"
"1969-03-29 09:00","1969","03","29","09:00"," ","2,20","","-3,30","","67,00","","11,00","","8,00","","40,20","","95,86","","","","","","Généralement nuageux"
"1969-03-29 10:00","1969","03","29","10:00"," ","3,90","","-3,30","","60,00","","14,00","","11,00","","40,20","","95,83","","","","","","Généralement nuageux"
"1969-03-29 11:00","1969","03","29","11:00"," ","8,30","","-3,30","","43,00","","16,00","","19,00","","40,20","","95,79","","","","","","Généralement nuageux"
"1969-03-29 12:00","1969","03","29","12:00"," ","8,90","","-2,80","","44,00","","16,00","","18,00","","40,20","","95,71","","","","","","Généralement nuageux"
"1969-03-29 13:00","1969","03","29","13:00"," ","10,00","","-3,30","","40,00","","16,00","","16,00","","40,20","","95,64","","","","","","Généralement nuageux"
"1969-03-29 14:00","1969","03","29","14:00"," ","10,60","","-2,20","","41,00","","16,00","","13,00","","40,20","","95,58","","","","","","Généralement nuageux"
"1969-03-29 15:00","1969","03","29","15:00"," ","12,80","","-3,30","","32,00","","11,00","","16,00","","40,20","","95,46","","","","","","Généralement nuageux"
"1969-03-29 16:00","1969","03","29","16:00"," ","12,20","","-2,80","","35,00","","14,00","","14,00","","40,20","","95,40","","","","","","Généralement nuageux"
"1969-03-29 17:00","1969","03","29","17:00"," ","11,10","","-3,30","","36,00","","18,00","","11,00","","40,20","","95,35","","","","","","Généralement nuageux"
"1969-03-29 18:00","1969","03","29","18:00"," ","11,10","","-5,60","","31,00","","20,00","","11,00","","40,20","","95,31","","","","","","Généralement nuageux"
"1969-03-29 19:00","1969","03","29","19:00"," ","10,00","","-5,60","","33,00","","18,00","","13,00","","40,20","","95,29","","","","","","Nuageux"
"1969-03-29 20:00","1969","03","29","20:00"," ","8,30","","-5,60","","38,00","","18,00","","13,00","","40,20","","95,30","","","","","","Nuageux"
"1969-03-29 21:00","1969","03","29","21:00"," ","6,10","","-4,40","","48,00","","14,00","","8,00","","40,20","","95,29","","","","","","Généralement nuageux"
"1969-03-29 22:00","1969","03","29","22:00"," ","6,10","","-4,40","","48,00","","14,00","","8,00","","40,20","","95,29","","","","","","Nuageux"
"1969-03-29 23:00","1969","03","29","23:00"," ","4,40","","-3,90","","55,00","","9,00","","8,00","","40,20","","95,29","","","","","","Nuageux"
"1969-03-30 00:00","1969","03","30","00:00"," ","2,80","","-2,80","","65,00","","11,00","","8,00","","40,20","","95,27","","","","","","Généralement nuageux"
"1969-03-30 01:00","1969","03","30","01:00"," ","3,30","","-3,30","","62,00","","0,00","","0,00","","40,20","","95,26","","","","","","Généralement nuageux"
"1969-03-30 02:00","1969","03","30","02:00"," ","2,20","","-1,10","","77,00","","0,00","","0,00","","32,20","","95,23","","","","","","Pluie"
"1969-03-30 03:00","1969","03","30","03:00"," ","2,80","","-2,80","","68,00","","7,00","","8,00","","40,20","","95,20","","","","","","Nuageux"
"1969-03-30 04:00","1969","03","30","04:00"," ","2,20","","-1,70","","75,00","","20,00","","8,00","","40,20","","95,23","","","","","","Nuageux"
"1969-03-30 05:00","1969","03","30","05:00"," ","2,20","","-2,80","","70,00","","9,00","","6,00","","40,20","","95,18","","","","","","Généralement nuageux"
"1969-03-30 06:00","1969","03","30","06:00"," ","0,60","","-2,80","","79,00","","11,00","","11,00","","40,20","","95,15","","","","","","Généralement nuageux"
"1969-03-30 07:00","1969","03","30","07:00"," ","1,10","","-2,20","","77,00","","0,00","","0,00","","40,20","","95,12","","","","","","Généralement nuageux"
"1969-03-30 08:00","1969","03","30","08:00"," ","1,10","","-2,20","","80,00","","0,00","","0,00","","40,20","","95,12","","","","","","Généralement nuageux"
"1969-03-30 09:00","1969","03","30","09:00"," ","3,90","","-2,20","","65,00","","11,00","","10,00","","40,20","","95,08","","","","","","Généralement nuageux"
"1969-03-30 10:00","1969","03","30","10:00"," ","5,00","","-1,10","","64,00","","9,00","","11,00","","40,20","","95,03","","","","","","Généralement nuageux"
"1969-03-30 11:00","1969","03","30","11:00"," ","8,90","","-2,80","","44,00","","11,00","","8,00","","40,20","","94,97","","","","","","Généralement nuageux"
"1969-03-30 12:00","1969","03","30","12:00"," ","8,90","","-3,30","","42,00","","11,00","","6,00","","40,20","","94,87","","","","","","Généralement nuageux"
"1969-03-30 13:00","1969","03","30","13:00"," ","10,00","","-2,20","","43,00","","0,00","","0,00","","40,20","","94,74","","","","","","Généralement nuageux"
"1969-03-30 14:00","1969","03","30","14:00"," ","11,70","","-1,70","","40,00","","14,00","","8,00","","40,20","","94,65","","","","","","Généralement nuageux"
"1969-03-30 15:00","1969","03","30","15:00"," ","11,70","","-0,60","","43,00","","0,00","","0,00","","40,20","","94,50","","","","","","Généralement nuageux"
"1969-03-30 16:00","1969","03","30","16:00"," ","11,10","","-1,10","","42,00","","14,00","","6,00","","40,20","","94,42","","","","","","Pluie"
"1969-03-30 17:00","1969","03","30","17:00"," ","10,60","","1,70","","54,00","","14,00","","10,00","","32,20","","94,38","","","","","","Averses de pluie"
"1969-03-30 18:00","1969","03","30","18:00"," ","9,40","","3,90","","68,00","","0,00","","0,00","","32,20","","94,30","","","","","","Averses de pluie"
"1969-03-30 19:00","1969","03","30","19:00"," ","7,80","","2,80","","72,00","","0,00","","0,00","","40,20","","94,16","","","","","","Généralement nuageux"
"1969-03-30 20:00","1969","03","30","20:00"," ","6,70","","2,20","","75,00","","32,00","","10,00","","40,20","","94,07","","","","","","Généralement nuageux"
"1969-03-30 21:00","1969","03","30","21:00"," ","6,10","","1,70","","74,00","","0,00","","0,00","","40,20","","93,99","","","","","","Généralement nuageux"
"1969-03-30 22:00","1969","03","30","22:00"," ","5,60","","2,80","","82,00","","9,00","","16,00","","16,10","","94,10","","","","","","Pluie"
"1969-03-30 23:00","1969","03","30","23:00"," ","4,40","","3,90","","95,00","","2,00","","16,00","","8,00","","94,17","","","","","","Pluie,Brouillard"
"1969-03-31 00:00","1969","03","31","00:00"," ","3,30","","2,80","","95,00","","0,00","","0,00","","9,70","","94,16","","","","","","Pluie,Brouillard"
"1969-03-31 01:00","1969","03","31","01:00"," ","3,30","","2,80","","95,00","","27,00","","10,00","","9,70","","94,12","","","","","","Pluie,Brouillard"
"1969-03-31 02:00","1969","03","31","02:00"," ","3,30","","2,20","","93,00","","0,00","","0,00","","9,70","","94,06","","","","","","Pluie,Brouillard"
"1969-03-31 03:00","1969","03","31","03:00"," ","2,80","","2,80","","100,00","","0,00","","0,00","","9,70","","94,03","","","","","","Brouillard"
"1969-03-31 04:00","1969","03","31","04:00"," ","2,20","","2,20","","100,00","","18,00","","6,00","","12,90","","93,96","","","","","","Nuageux"
"1969-03-31 05:00","1969","03","31","05:00"," ","2,20","","1,70","","97,00","","18,00","","10,00","","9,70","","93,94","","","","","","Brouillard"
"1969-03-31 06:00","1969","03","31","06:00"," ","1,70","","1,70","","100,00","","0,00","","0,00","","1,60","","93,93","","","","","","Brouillard"
"1969-03-31 07:00","1969","03","31","07:00"," ","1,10","","1,10","","100,00","","16,00","","10,00","","9,70","","93,89","","","","","","Brouillard"
"1969-03-31 08:00","1969","03","31","08:00"," ","1,70","","1,70","","100,00","","14,00","","10,00","","24,10","","93,89","","","","","","Généralement nuageux"
"1969-03-31 09:00","1969","03","31","09:00"," ","2,80","","2,20","","95,00","","14,00","","8,00","","40,20","","93,86","","","","","","Généralement nuageux"
"1969-03-31 10:00","1969","03","31","10:00"," ","3,90","","2,20","","90,00","","11,00","","10,00","","40,20","","93,85","","","","","","Généralement nuageux"
"1969-03-31 11:00","1969","03","31","11:00"," ","3,90","","1,70","","86,00","","14,00","","19,00","","40,20","","93,86","","","","","","Généralement nuageux"
"1969-03-31 12:00","1969","03","31","12:00"," ","4,40","","2,20","","86,00","","16,00","","18,00","","40,20","","93,84","","","","","","Nuageux"
"1969-03-31 13:00","1969","03","31","13:00"," ","5,60","","1,10","","73,00","","0,00","","0,00","","40,20","","93,78","","","","","","Nuageux"
"1969-03-31 14:00","1969","03","31","14:00"," ","7,20","","1,10","","65,00","","0,00","","0,00","","40,20","","93,75","","","","","","Généralement nuageux"
"1969-03-31 15:00","1969","03","31","15:00"," ","8,30","","0,60","","57,00","","0,00","","0,00","","40,20","","93,69","","","","","","Généralement nuageux"
"1969-03-31 16:00","1969","03","31","16:00"," ","8,90","","0,00","","53,00","","14,00","","14,00","","40,20","","93,60","","","","","","Généralement nuageux"
"1969-03-31 17:00","1969","03","31","17:00"," ","6,70","","1,10","","66,00","","16,00","","16,00","","24,10","","93,60","","","","","","Averses de pluie"
"1969-03-31 18:00","1969","03","31","18:00"," ","5,00","","2,80","","86,00","","16,00","","16,00","","32,20","","93,66","","","","","","Généralement nuageux"
"1969-03-31 19:00","1969","03","31","19:00"," ","3,90","","1,10","","81,00","","11,00","","11,00","","32,20","","93,66","","","","","","Généralement nuageux"
"1969-03-31 20:00","1969","03","31","20:00"," ","3,30","","0,60","","83,00","","9,00","","11,00","","40,20","","93,70","","","","","","Généralement nuageux"
"1969-03-31 21:00","1969","03","31","21:00"," ","3,90","","0,60","","79,00","","9,00","","16,00","","40,20","","93,75","","","","","","Généralement nuageux"
"1969-03-31 22:00","1969","03","31","22:00"," ","3,90","","-0,60","","74,00","","11,00","","13,00","","40,20","","93,84","","","","","","Généralement nuageux"
"1969-03-31 23:00","1969","03","31","23:00"," ","2,80","","-1,10","","75,00","","11,00","","14,00","","40,20","","93,87","","","","","","Généralement nuageux"
