"Nom de la Station","HAMILTON A"
"Province","ONTARIO"
"Latitude","43,17"
"Longitude","-79,93"
"Altitude","237,70"
"Identification Climat","6153194"
"Identification OMM","71263"
"Identification TC","YHM"
"Toutes les heures sont exprimées en heure normale locale (HNL). Pour convertir l'heure locale en heure avancée de l'Est (HAE), ajoutez 1 heure s'il y a lieu."

"Légende"
"M","Données Manquantes"
"E","Valeur Estimée"
"ND","Non Disponible"
"**","Données fournies par un partenaire, non assujetties à un révision par les Archives climatiques nationales du Canada"

"Date/Heure","Année","Mois","Jour","Heure","Qualité des Données","Temp (°C)","Temp Indicateur","Point de rosée (°C)","Point de rosée Indicateur","Hum. rel (%)","Hum. rel. Indicateur","Dir. du vent (10s deg)","Dir. du vent Indicateur","Vit. du vent (km/h)","Vit. du vent Indicateur","Visibilité (km)","Visibilité Indicateur","Pression à la station (kPa)","Pression à la station Indicateur","Hmdx","Hmdx Indicateur","Refroid. éolien","Refroid. éolien Indicateur","Temps"
"1983-02-01 00:00","1983","02","01","00:00"," ","","","","","","","28,00","","15,00","","","","","","","","","","ND"
"1983-02-01 01:00","1983","02","01","01:00"," ","","","","","","","28,00","","19,00","","","","","","","","","","ND"
"1983-02-01 02:00","1983","02","01","02:00"," ","","","","","","","30,00","","22,00","","","","","","","","","","ND"
"1983-02-01 03:00","1983","02","01","03:00"," ","","","","","","","31,00","","15,00","","","","","","","","","","ND"
"1983-02-01 04:00","1983","02","01","04:00"," ","","","","","","","30,00","","19,00","","","","","","","","","","ND"
"1983-02-01 05:00","1983","02","01","05:00"," ","","","","","","","30,00","","13,00","","","","","","","","","","ND"
"1983-02-01 06:00","1983","02","01","06:00"," ","-2,60","","-4,80","","85,00","","33,00","","11,00","","19,30","","99,47","","","","-7,00","","Nuageux"
"1983-02-01 07:00","1983","02","01","07:00"," ","-2,70","","-4,70","","86,00","","36,00","","2,00","","19,30","","99,54","","","","-3,00","","Nuageux"
"1983-02-01 08:00","1983","02","01","08:00"," ","-2,80","","-5,10","","84,00","","32,00","","6,00","","16,10","","99,60","","","","-5,00","","Nuageux"
"1983-02-01 09:00","1983","02","01","09:00"," ","-2,60","","-5,00","","84,00","","0,00","","0,00","","12,90","","99,64","","","","","","Nuageux"
"1983-02-01 10:00","1983","02","01","10:00"," ","-2,40","","-4,90","","83,00","","2,00","","13,00","","12,90","","99,64","","","","-7,00","","Nuageux"
"1983-02-01 11:00","1983","02","01","11:00"," ","-2,30","","-6,60","","72,00","","8,00","","15,00","","12,90","","99,60","","","","-7,00","","Généralement nuageux"
"1983-02-01 12:00","1983","02","01","12:00"," ","-2,30","","-5,70","","77,00","","8,00","","19,00","","12,90","","99,57","","","","-8,00","","Généralement nuageux"
"1983-02-01 13:00","1983","02","01","13:00"," ","-2,60","","-5,70","","79,00","","6,00","","15,00","","16,10","","99,44","","","","-8,00","","Généralement nuageux"
"1983-02-01 14:00","1983","02","01","14:00"," ","-2,40","","-5,20","","81,00","","9,00","","17,00","","16,10","","99,41","","","","-8,00","","Généralement nuageux"
"1983-02-01 15:00","1983","02","01","15:00"," ","-2,60","","-5,90","","78,00","","9,00","","19,00","","19,30","","99,37","","","","-8,00","","Généralement nuageux"
"1983-02-01 16:00","1983","02","01","16:00"," ","-2,80","","-6,20","","77,00","","7,00","","17,00","","19,30","","99,37","","","","-8,00","","Généralement nuageux"
"1983-02-01 17:00","1983","02","01","17:00"," ","-3,40","","-6,30","","80,00","","6,00","","28,00","","19,30","","99,21","","","","-11,00","","Nuageux"
"1983-02-01 18:00","1983","02","01","18:00"," ","-3,70","","-7,70","","74,00","","6,00","","24,00","","16,10","","99,11","","","","-11,00","","Nuageux"
"1983-02-01 19:00","1983","02","01","19:00"," ","-3,20","","-5,50","","84,00","","6,00","","22,00","","16,10","","99,11","","","","-10,00","","Nuageux"
"1983-02-01 20:00","1983","02","01","20:00"," ","-2,50","","-4,50","","86,00","","6,00","","28,00","","16,10","","99,01","","","","-10,00","","Nuageux"
"1983-02-01 21:00","1983","02","01","21:00"," ","-2,10","","-4,00","","87,00","","6,00","","28,00","","16,10","","98,88","","","","-9,00","","Nuageux"
"1983-02-01 22:00","1983","02","01","22:00"," ","","","","","","","6,00","","30,00","","","","","","","","","","ND"
"1983-02-01 23:00","1983","02","01","23:00"," ","","","","","","","5,00","","26,00","","","","","","","","","","ND"
"1983-02-02 00:00","1983","02","02","00:00"," ","","","","","","","6,00","","31,00","","","","","","","","","","ND"
"1983-02-02 01:00","1983","02","02","01:00"," ","","","","","","","6,00","","26,00","","","","","","","","","","ND"
"1983-02-02 02:00","1983","02","02","02:00"," ","","","","","","","5,00","","19,00","","","","","","","","","","ND"
"1983-02-02 03:00","1983","02","02","03:00"," ","","","","","","","5,00","","22,00","","","","","","","","","","ND"
"1983-02-02 04:00","1983","02","02","04:00"," ","","","","","","","5,00","","19,00","","","","","","","","","","ND"
"1983-02-02 05:00","1983","02","02","05:00"," ","","","","","","","5,00","","17,00","","","","","","","","","","ND"
"1983-02-02 06:00","1983","02","02","06:00"," ","-0,90","","-1,30","","97,00","","4,00","","17,00","","3,20","","98,05","","","","-6,00","","Pluie verglaçante,Brouillard"
"1983-02-02 07:00","1983","02","02","07:00"," ","-0,50","","-0,90","","97,00","","6,00","","19,00","","3,20","","97,92","","","","-6,00","","Pluie verglaçante,Brouillard"
"1983-02-02 08:00","1983","02","02","08:00"," ","-0,40","","-0,40","","100,00","","5,00","","19,00","","1,20","","97,82","","","","-6,00","","Pluie verglaçante,Brouillard"
"1983-02-02 09:00","1983","02","02","09:00"," ","0,30","","-0,40","","95,00","","5,00","","17,00","","1,20","","97,75","","","","","","Pluie verglaçante,Brouillard"
"1983-02-02 10:00","1983","02","02","10:00"," ","0,40","","0,40","","100,00","","5,00","","19,00","","0,80","","97,55","","","","","","Pluie modérée,Brouillard"
"1983-02-02 11:00","1983","02","02","11:00"," ","0,70","","0,70","","100,00","","4,00","","19,00","","0,20","","97,45","","","","","","Pluie,Brouillard"
"1983-02-02 12:00","1983","02","02","12:00"," ","1,10","","1,10","","100,00","","6,00","","24,00","","0,00","","97,25","","","","","","Pluie,Brouillard"
"1983-02-02 13:00","1983","02","02","13:00"," ","1,70","","1,70","","100,00","","5,00","","30,00","","0,00","","96,99","","","","","","Pluie,Brouillard"
"1983-02-02 14:00","1983","02","02","14:00"," ","2,70","","2,40","","98,00","","5,00","","19,00","","0,20","","96,89","","","","","","Pluie,Brouillard"
"1983-02-02 15:00","1983","02","02","15:00"," ","2,30","","2,30","","100,00","","5,00","","22,00","","0,00","","96,79","","","","","","Pluie,Brouillard"
"1983-02-02 16:00","1983","02","02","16:00"," ","2,60","","2,60","","100,00","","5,00","","19,00","","0,20","","96,72","","","","","","Pluie,Brouillard"
"1983-02-02 17:00","1983","02","02","17:00"," ","2,70","","2,70","","100,00","","4,00","","15,00","","0,80","","96,66","","","","","","Pluie,Brouillard"
"1983-02-02 18:00","1983","02","02","18:00"," ","2,80","","2,80","","100,00","","4,00","","11,00","","0,80","","96,62","","","","","","Pluie,Brouillard"
"1983-02-02 19:00","1983","02","02","19:00"," ","2,80","","2,80","","100,00","","1,00","","6,00","","0,80","","96,62","","","","","","Bruine,Brouillard"
"1983-02-02 20:00","1983","02","02","20:00"," ","2,70","","2,70","","100,00","","5,00","","6,00","","0,20","","96,56","","","","","","Bruine,Brouillard"
"1983-02-02 21:00","1983","02","02","21:00"," ","3,20","","3,20","","100,00","","34,00","","9,00","","0,20","","96,46","","","","","","Brouillard"
"1983-02-02 22:00","1983","02","02","22:00"," ","","","","","","","6,00","","7,00","","","","","","","","","","ND"
"1983-02-02 23:00","1983","02","02","23:00"," ","","","","","","","9,00","","7,00","","","","","","","","","","ND"
"1983-02-03 00:00","1983","02","03","00:00"," ","","","","","","","22,00","","9,00","","","","","","","","","","ND"
"1983-02-03 01:00","1983","02","03","01:00"," ","","","","","","","31,00","","9,00","","","","","","","","","","ND"
"1983-02-03 02:00","1983","02","03","02:00"," ","","","","","","","27,00","","9,00","","","","","","","","","","ND"
"1983-02-03 03:00","1983","02","03","03:00"," ","","","","","","","22,00","","13,00","","","","","","","","","","ND"
"1983-02-03 04:00","1983","02","03","04:00"," ","","","","","","","26,00","","13,00","","","","","","","","","","ND"
"1983-02-03 05:00","1983","02","03","05:00"," ","","","","","","","26,00","","17,00","","","","","","","","","","ND"
"1983-02-03 06:00","1983","02","03","06:00"," ","3,30","","3,30","","100,00","","25,00","","26,00","","11,30","","96,33","","","","","","Pluie"
"1983-02-03 07:00","1983","02","03","07:00"," ","2,90","","2,50","","97,00","","25,00","","15,00","","12,90","","96,39","","","","","","Pluie"
"1983-02-03 08:00","1983","02","03","08:00"," ","2,60","","2,20","","97,00","","24,00","","20,00","","12,90","","96,39","","","","","","Pluie"
"1983-02-03 09:00","1983","02","03","09:00"," ","2,50","","2,00","","96,00","","24,00","","20,00","","12,90","","96,39","","","","","","Pluie"
"1983-02-03 10:00","1983","02","03","10:00"," ","2,80","","2,30","","97,00","","23,00","","22,00","","9,70","","96,43","","","","","","Pluie,Brouillard"
"1983-02-03 11:00","1983","02","03","11:00"," ","2,60","","2,30","","98,00","","24,00","","28,00","","9,70","","96,49","","","","","","Pluie,Brouillard"
"1983-02-03 12:00","1983","02","03","12:00"," ","2,10","","1,20","","94,00","","25,00","","24,00","","11,30","","96,49","","","","","","Nuageux"
"1983-02-03 13:00","1983","02","03","13:00"," ","1,90","","-0,10","","87,00","","24,00","","28,00","","16,10","","96,49","","","","","","Nuageux"
"1983-02-03 14:00","1983","02","03","14:00"," ","0,90","","-0,80","","89,00","","23,00","","28,00","","11,30","","96,49","","","","","","Averses de neige"
"1983-02-03 15:00","1983","02","03","15:00"," ","1,00","","-1,60","","83,00","","23,00","","31,00","","12,90","","96,56","","","","","","Averses de neige"
"1983-02-03 16:00","1983","02","03","16:00"," ","0,30","","-3,50","","76,00","","24,00","","33,00","","19,30","","96,62","","","","","","Nuageux"
"1983-02-03 17:00","1983","02","03","17:00"," ","0,00","","-3,20","","79,00","","23,00","","37,00","","12,90","","96,69","","","","-7,00","","Nuageux"
"1983-02-03 18:00","1983","02","03","18:00"," ","-0,40","","-3,40","","80,00","","23,00","","33,00","","16,10","","96,79","","","","-7,00","","Nuageux"
"1983-02-03 19:00","1983","02","03","19:00"," ","-0,60","","-3,00","","84,00","","23,00","","30,00","","19,30","","96,89","","","","-7,00","","Nuageux"
"1983-02-03 20:00","1983","02","03","20:00"," ","-0,80","","-2,90","","86,00","","23,00","","26,00","","19,30","","96,96","","","","-7,00","","Nuageux"
"1983-02-03 21:00","1983","02","03","21:00"," ","-0,70","","-2,70","","86,00","","23,00","","33,00","","19,30","","96,99","","","","-8,00","","Nuageux"
"1983-02-03 22:00","1983","02","03","22:00"," ","","","","","","","23,00","","37,00","","","","","","","","","","ND"
"1983-02-03 23:00","1983","02","03","23:00"," ","","","","","","","23,00","","35,00","","","","","","","","","","ND"
"1983-02-04 00:00","1983","02","04","00:00"," ","","","","","","","24,00","","35,00","","","","","","","","","","ND"
"1983-02-04 01:00","1983","02","04","01:00"," ","","","","","","","23,00","","28,00","","","","","","","","","","ND"
"1983-02-04 02:00","1983","02","04","02:00"," ","","","","","","","24,00","","22,00","","","","","","","","","","ND"
"1983-02-04 03:00","1983","02","04","03:00"," ","","","","","","","27,00","","22,00","","","","","","","","","","ND"
"1983-02-04 04:00","1983","02","04","04:00"," ","","","","","","","29,00","","20,00","","","","","","","","","","ND"
"1983-02-04 05:00","1983","02","04","05:00"," ","","","","","","","30,00","","20,00","","","","","","","","","","ND"
"1983-02-04 06:00","1983","02","04","06:00"," ","-5,80","","-7,80","","86,00","","30,00","","22,00","","2,40","","97,62","","","","-13,00","","Neige"
"1983-02-04 07:00","1983","02","04","07:00"," ","-6,90","","-9,20","","83,00","","29,00","","20,00","","2,40","","97,75","","","","-14,00","","Neige"
"1983-02-04 08:00","1983","02","04","08:00"," ","-7,70","","-9,80","","85,00","","30,00","","20,00","","6,40","","97,85","","","","-15,00","","Neige"
"1983-02-04 09:00","1983","02","04","09:00"," ","-8,30","","-11,30","","79,00","","30,00","","26,00","","4,80","","97,98","","","","-17,00","","Neige"
"1983-02-04 10:00","1983","02","04","10:00"," ","-8,10","","-11,20","","78,00","","28,00","","26,00","","6,40","","98,08","","","","-16,00","","Neige"
"1983-02-04 11:00","1983","02","04","11:00"," ","-8,50","","-12,30","","74,00","","29,00","","35,00","","3,60","","98,18","","","","-18,00","","Neige"
"1983-02-04 12:00","1983","02","04","12:00"," ","-8,70","","-11,50","","80,00","","29,00","","28,00","","3,20","","98,28","","","","-18,00","","Neige"
"1983-02-04 13:00","1983","02","04","13:00"," ","-7,90","","-11,80","","73,00","","30,00","","30,00","","9,70","","98,31","","","","-17,00","","Neige"
"1983-02-04 14:00","1983","02","04","14:00"," ","-7,40","","-11,70","","71,00","","29,00","","33,00","","11,30","","98,35","","","","-17,00","","Nuageux"
"1983-02-04 15:00","1983","02","04","15:00"," ","-6,80","","-12,20","","65,00","","31,00","","35,00","","19,30","","98,54","","","","-16,00","","Généralement nuageux"
"1983-02-04 16:00","1983","02","04","16:00"," ","-6,80","","-12,20","","65,00","","29,00","","37,00","","24,10","","98,68","","","","-16,00","","Généralement nuageux"
"1983-02-04 17:00","1983","02","04","17:00"," ","-7,50","","-12,50","","67,00","","30,00","","33,00","","25,00","","98,78","","","","-17,00","","Généralement dégagé"
"1983-02-04 18:00","1983","02","04","18:00"," ","-8,20","","-12,80","","70,00","","30,00","","24,00","","25,00","","98,98","","","","-16,00","","Généralement dégagé"
"1983-02-04 19:00","1983","02","04","19:00"," ","-8,80","","-13,50","","68,00","","31,00","","22,00","","25,00","","99,07","","","","-17,00","","Dégagé"
"1983-02-04 20:00","1983","02","04","20:00"," ","-9,30","","-13,20","","73,00","","31,00","","24,00","","25,00","","99,17","","","","-18,00","","Dégagé"
"1983-02-04 21:00","1983","02","04","21:00"," ","-9,80","","-13,10","","76,00","","30,00","","17,00","","25,00","","99,27","","","","-17,00","","Généralement dégagé"
"1983-02-04 22:00","1983","02","04","22:00"," ","","","","","","","31,00","","13,00","","","","","","","","","","ND"
"1983-02-04 23:00","1983","02","04","23:00"," ","","","","","","","31,00","","9,00","","","","","","","","","","ND"
"1983-02-05 00:00","1983","02","05","00:00"," ","","","","","","","26,00","","2,00","","","","","","","","","","ND"
"1983-02-05 01:00","1983","02","05","01:00"," ","","","","","","","25,00","","7,00","","","","","","","","","","ND"
"1983-02-05 02:00","1983","02","05","02:00"," ","","","","","","","23,00","","7,00","","","","","","","","","","ND"
"1983-02-05 03:00","1983","02","05","03:00"," ","","","","","","","0,00","","0,00","","","","","","","","","","ND"
"1983-02-05 04:00","1983","02","05","04:00"," ","","","","","","","0,00","","0,00","","","","","","","","","","ND"
"1983-02-05 05:00","1983","02","05","05:00"," ","","","","","","","0,00","","0,00","","","","","","","","","","ND"
"1983-02-05 06:00","1983","02","05","06:00"," ","-9,30","","-11,50","","84,00","","0,00","","0,00","","24,10","","99,67","","","","","","Averses de neige"
"1983-02-05 07:00","1983","02","05","07:00"," ","-9,10","","-10,80","","88,00","","0,00","","0,00","","24,10","","99,77","","","","","","Averses de neige"
"1983-02-05 08:00","1983","02","05","08:00"," ","-8,70","","-10,30","","88,00","","24,00","","6,00","","24,10","","99,80","","","","-12,00","","Généralement nuageux"
"1983-02-05 09:00","1983","02","05","09:00"," ","-8,10","","-9,90","","87,00","","6,00","","6,00","","24,10","","99,84","","","","-11,00","","Averses de neige"
"1983-02-05 10:00","1983","02","05","10:00"," ","-7,20","","-9,70","","82,00","","8,00","","9,00","","19,30","","99,84","","","","-12,00","","Averses de neige"
"1983-02-05 11:00","1983","02","05","11:00"," ","-6,50","","-9,60","","78,00","","11,00","","7,00","","19,30","","99,84","","","","-10,00","","Averses de neige"
"1983-02-05 12:00","1983","02","05","12:00"," ","-5,90","","-9,30","","77,00","","9,00","","11,00","","19,30","","99,77","","","","-11,00","","Généralement nuageux"
"1983-02-05 13:00","1983","02","05","13:00"," ","-5,90","","-9,70","","74,00","","8,00","","9,00","","19,30","","99,67","","","","-10,00","","Averses de neige"
"1983-02-05 14:00","1983","02","05","14:00"," ","-5,50","","-9,70","","72,00","","12,00","","6,00","","12,90","","99,57","","","","-8,00","","Averses de neige"
"1983-02-05 15:00","1983","02","05","15:00"," ","-5,30","","-9,90","","70,00","","11,00","","6,00","","16,10","","99,60","","","","-8,00","","Généralement nuageux"
"1983-02-05 16:00","1983","02","05","16:00"," ","-4,50","","-9,80","","66,00","","22,00","","13,00","","12,90","","99,64","","","","-10,00","","Nuageux"
"1983-02-05 17:00","1983","02","05","17:00"," ","-4,90","","-10,80","","63,00","","25,00","","11,00","","12,90","","99,60","","","","-9,00","","Nuageux"
"1983-02-05 18:00","1983","02","05","18:00"," ","-5,70","","-7,90","","85,00","","5,00","","9,00","","16,10","","99,57","","","","-10,00","","Nuageux"
"1983-02-05 19:00","1983","02","05","19:00"," ","-5,80","","-7,90","","85,00","","7,00","","9,00","","16,10","","99,54","","","","-10,00","","Nuageux"
"1983-02-05 20:00","1983","02","05","20:00"," ","-6,00","","-7,90","","86,00","","6,00","","7,00","","19,30","","99,54","","","","-9,00","","Généralement nuageux"
"1983-02-05 21:00","1983","02","05","21:00"," ","-6,50","","-8,40","","86,00","","7,00","","6,00","","16,10","","99,44","","","","-9,00","","Généralement nuageux"
"1983-02-05 22:00","1983","02","05","22:00"," ","","","","","","","8,00","","9,00","","","","","","","","","","ND"
"1983-02-05 23:00","1983","02","05","23:00"," ","","","","","","","10,00","","11,00","","","","","","","","","","ND"
"1983-02-06 00:00","1983","02","06","00:00"," ","","","","","","","9,00","","9,00","","","","","","","","","","ND"
"1983-02-06 01:00","1983","02","06","01:00"," ","","","","","","","8,00","","11,00","","","","","","","","","","ND"
"1983-02-06 02:00","1983","02","06","02:00"," ","","","","","","","7,00","","9,00","","","","","","","","","","ND"
"1983-02-06 03:00","1983","02","06","03:00"," ","","","","","","","6,00","","7,00","","","","","","","","","","ND"
"1983-02-06 04:00","1983","02","06","04:00"," ","","","","","","","5,00","","11,00","","","","","","","","","","ND"
"1983-02-06 05:00","1983","02","06","05:00"," ","","","","","","","5,00","","11,00","","","","","","","","","","ND"
"1983-02-06 06:00","1983","02","06","06:00"," ","-6,80","","-9,90","","78,00","","4,00","","13,00","","19,30","","99,07","","","","-12,00","","Nuageux"
"1983-02-06 07:00","1983","02","06","07:00"," ","-6,90","","-10,30","","77,00","","6,00","","11,00","","19,30","","99,04","","","","-12,00","","Généralement nuageux"
"1983-02-06 08:00","1983","02","06","08:00"," ","-7,10","","-10,10","","79,00","","5,00","","20,00","","19,30","","99,01","","","","-14,00","","Généralement nuageux"
"1983-02-06 09:00","1983","02","06","09:00"," ","-6,90","","-9,80","","80,00","","6,00","","17,00","","19,30","","98,94","","","","-13,00","","Généralement nuageux"
"1983-02-06 10:00","1983","02","06","10:00"," ","-5,90","","-9,50","","75,00","","4,00","","19,00","","19,30","","98,94","","","","-13,00","","Généralement nuageux"
"1983-02-06 11:00","1983","02","06","11:00"," ","-5,00","","-9,20","","72,00","","3,00","","15,00","","16,10","","98,88","","","","-11,00","","Généralement nuageux"
"1983-02-06 12:00","1983","02","06","12:00"," ","-4,10","","-8,60","","71,00","","4,00","","15,00","","19,30","","98,84","","","","-9,00","","Généralement nuageux"
"1983-02-06 13:00","1983","02","06","13:00"," ","-4,10","","-8,60","","71,00","","4,00","","20,00","","19,30","","98,71","","","","-10,00","","Généralement nuageux"
"1983-02-06 14:00","1983","02","06","14:00"," ","-3,70","","-7,70","","74,00","","4,00","","19,00","","19,30","","98,61","","","","-10,00","","Généralement nuageux"
"1983-02-06 15:00","1983","02","06","15:00"," ","-3,90","","-7,90","","74,00","","6,00","","17,00","","19,30","","98,58","","","","-10,00","","Généralement nuageux"
"1983-02-06 16:00","1983","02","06","16:00"," ","-3,60","","-8,40","","69,00","","6,00","","19,00","","19,30","","98,58","","","","-10,00","","Généralement nuageux"
"1983-02-06 17:00","1983","02","06","17:00"," ","-3,60","","-7,90","","72,00","","5,00","","19,00","","19,30","","98,51","","","","-10,00","","Généralement nuageux"
"1983-02-06 18:00","1983","02","06","18:00"," ","-3,50","","-7,40","","74,00","","4,00","","19,00","","19,30","","98,51","","","","-9,00","","Généralement nuageux"
"1983-02-06 19:00","1983","02","06","19:00"," ","-3,10","","-7,00","","74,00","","5,00","","17,00","","24,10","","98,48","","","","-9,00","","Nuageux"
"1983-02-06 20:00","1983","02","06","20:00"," ","-2,90","","-6,30","","77,00","","5,00","","22,00","","24,10","","98,45","","","","-9,00","","Averses de neige"
"1983-02-06 21:00","1983","02","06","21:00"," ","-2,90","","-5,40","","83,00","","5,00","","26,00","","14,50","","98,38","","","","-10,00","","Neige"
"1983-02-06 22:00","1983","02","06","22:00"," ","","","","","","","5,00","","19,00","","","","","","","","","","ND"
"1983-02-06 23:00","1983","02","06","23:00"," ","","","","","","","5,00","","22,00","","","","","","","","","","ND"
"1983-02-07 00:00","1983","02","07","00:00"," ","","","","","","","2,00","","19,00","","","","","","","","","","ND"
"1983-02-07 01:00","1983","02","07","01:00"," ","","","","","","","2,00","","22,00","","","","","","","","","","ND"
"1983-02-07 02:00","1983","02","07","02:00"," ","","","","","","","2,00","","22,00","","","","","","","","","","ND"
"1983-02-07 03:00","1983","02","07","03:00"," ","","","","","","","2,00","","19,00","","","","","","","","","","ND"
"1983-02-07 04:00","1983","02","07","04:00"," ","","","","","","","2,00","","22,00","","","","","","","","","","ND"
"1983-02-07 05:00","1983","02","07","05:00"," ","","","","","","","1,00","","19,00","","","","","","","","","","ND"
"1983-02-07 06:00","1983","02","07","06:00"," ","-5,90","","-6,60","","95,00","","1,00","","19,00","","1,60","","98,02","","","","-13,00","","Neige"
"1983-02-07 07:00","1983","02","07","07:00"," ","-5,60","","-6,40","","94,00","","1,00","","19,00","","2,00","","98,01","","","","-12,00","","Neige"
"1983-02-07 08:00","1983","02","07","08:00"," ","-5,80","","-6,60","","94,00","","2,00","","22,00","","2,00","","98,02","","","","-13,00","","Neige"
"1983-02-07 09:00","1983","02","07","09:00"," ","-6,10","","-7,30","","91,00","","2,00","","28,00","","6,40","","98,05","","","","-14,00","","Neige"
"1983-02-07 10:00","1983","02","07","10:00"," ","-5,90","","-7,30","","90,00","","2,00","","22,00","","8,00","","98,05","","","","-13,00","","Neige"
"1983-02-07 11:00","1983","02","07","11:00"," ","-5,20","","-7,10","","87,00","","1,00","","20,00","","9,70","","98,05","","","","-12,00","","Neige,Brouillard"
"1983-02-07 12:00","1983","02","07","12:00"," ","-4,70","","-6,70","","86,00","","36,00","","15,00","","9,70","","98,08","","","","-10,00","","Brouillard"
"1983-02-07 13:00","1983","02","07","13:00"," ","-4,20","","-6,80","","82,00","","36,00","","11,00","","6,40","","98,05","","","","-9,00","","Neige"
"1983-02-07 14:00","1983","02","07","14:00"," ","-4,00","","-5,90","","87,00","","1,00","","9,00","","4,00","","98,05","","","","-8,00","","Neige"
"1983-02-07 15:00","1983","02","07","15:00"," ","-2,90","","-5,40","","83,00","","36,00","","9,00","","8,00","","98,08","","","","-6,00","","Neige,Brume sèche"
"1983-02-07 16:00","1983","02","07","16:00"," ","-2,90","","-5,10","","85,00","","6,00","","7,00","","8,00","","98,11","","","","-6,00","","Neige,Brume sèche"
"1983-02-07 17:00","1983","02","07","17:00"," ","-3,10","","-5,40","","84,00","","5,00","","6,00","","9,70","","98,21","","","","-6,00","","Brume sèche"
"1983-02-07 18:00","1983","02","07","18:00"," ","-3,70","","-6,10","","83,00","","4,00","","4,00","","11,30","","98,28","","","","-5,00","","Généralement nuageux"
"1983-02-07 19:00","1983","02","07","19:00"," ","-3,70","","-6,90","","79,00","","32,00","","22,00","","12,90","","98,38","","","","-10,00","","Averses de neige"
"1983-02-07 20:00","1983","02","07","20:00"," ","-4,10","","-7,70","","76,00","","34,00","","15,00","","16,10","","98,41","","","","-9,00","","Nuageux"
"1983-02-07 21:00","1983","02","07","21:00"," ","-4,30","","-7,90","","76,00","","34,00","","20,00","","16,10","","98,45","","","","-11,00","","Nuageux"
"1983-02-07 22:00","1983","02","07","22:00"," ","","","","","","","32,00","","26,00","","","","","","","","","","ND"
"1983-02-07 23:00","1983","02","07","23:00"," ","","","","","","","32,00","","24,00","","","","","","","","","","ND"
"1983-02-08 00:00","1983","02","08","00:00"," ","","","","","","","31,00","","15,00","","","","","","","","","","ND"
"1983-02-08 01:00","1983","02","08","01:00"," ","","","","","","","28,00","","13,00","","","","","","","","","","ND"
"1983-02-08 02:00","1983","02","08","02:00"," ","","","","","","","28,00","","11,00","","","","","","","","","","ND"
"1983-02-08 03:00","1983","02","08","03:00"," ","","","","","","","32,00","","24,00","","","","","","","","","","ND"
"1983-02-08 04:00","1983","02","08","04:00"," ","","","","","","","32,00","","19,00","","","","","","","","","","ND"
"1983-02-08 05:00","1983","02","08","05:00"," ","","","","","","","29,00","","17,00","","","","","","","","","","ND"
"1983-02-08 06:00","1983","02","08","06:00"," ","-6,30","","-10,20","","73,00","","28,00","","17,00","","24,10","","98,78","","","","-13,00","","Nuageux"
"1983-02-08 07:00","1983","02","08","07:00"," ","-8,50","","-11,30","","80,00","","26,00","","11,00","","24,10","","98,84","","","","-14,00","","Généralement nuageux"
"1983-02-08 08:00","1983","02","08","08:00"," ","-9,00","","-11,80","","80,00","","26,00","","11,00","","24,10","","98,91","","","","-14,00","","Généralement nuageux"
"1983-02-08 09:00","1983","02","08","09:00"," ","-7,00","","-10,30","","77,00","","27,00","","13,00","","19,30","","98,91","","","","-13,00","","Averses de neige"
"1983-02-08 10:00","1983","02","08","10:00"," ","-5,10","","-8,90","","75,00","","25,00","","13,00","","16,10","","98,98","","","","-10,00","","Neige"
"1983-02-08 11:00","1983","02","08","11:00"," ","-3,60","","-9,40","","64,00","","29,00","","24,00","","19,30","","99,01","","","","-10,00","","Neige"
"1983-02-08 12:00","1983","02","08","12:00"," ","-3,10","","-9,20","","63,00","","30,00","","24,00","","24,10","","98,98","","","","-10,00","","Généralement nuageux"
"1983-02-08 13:00","1983","02","08","13:00"," ","-3,00","","-9,70","","60,00","","30,00","","24,00","","16,10","","98,91","","","","-10,00","","Généralement nuageux"
"1983-02-08 14:00","1983","02","08","14:00"," ","-2,70","","-9,30","","60,00","","30,00","","24,00","","19,30","","98,88","","","","-9,00","","Généralement nuageux"
"1983-02-08 15:00","1983","02","08","15:00"," ","-2,60","","-9,20","","60,00","","27,00","","26,00","","19,30","","98,88","","","","-9,00","","Généralement nuageux"
"1983-02-08 16:00","1983","02","08","16:00"," ","-2,90","","-9,30","","61,00","","30,00","","22,00","","19,30","","98,88","","","","-9,00","","Généralement nuageux"
"1983-02-08 17:00","1983","02","08","17:00"," ","-3,10","","-9,60","","61,00","","31,00","","17,00","","24,10","","98,91","","","","-9,00","","Généralement nuageux"
"1983-02-08 18:00","1983","02","08","18:00"," ","-4,10","","-9,40","","67,00","","29,00","","9,00","","24,10","","98,98","","","","-8,00","","Généralement nuageux"
"1983-02-08 19:00","1983","02","08","19:00"," ","-4,40","","-8,70","","72,00","","26,00","","13,00","","24,10","","99,01","","","","-9,00","","Averses de neige"
"1983-02-08 20:00","1983","02","08","20:00"," ","-4,60","","-7,90","","78,00","","27,00","","19,00","","24,10","","99,07","","","","-11,00","","Averses de neige"
"1983-02-08 21:00","1983","02","08","21:00"," ","-5,00","","-7,50","","83,00","","29,00","","13,00","","19,30","","99,11","","","","-10,00","","Averses de neige"
"1983-02-08 22:00","1983","02","08","22:00"," ","","","","","","","32,00","","13,00","","","","","","","","","","ND"
"1983-02-08 23:00","1983","02","08","23:00"," ","","","","","","","31,00","","11,00","","","","","","","","","","ND"
"1983-02-09 00:00","1983","02","09","00:00"," ","","","","","","","36,00","","11,00","","","","","","","","","","ND"
"1983-02-09 01:00","1983","02","09","01:00"," ","","","","","","","2,00","","15,00","","","","","","","","","","ND"
"1983-02-09 02:00","1983","02","09","02:00"," ","","","","","","","2,00","","13,00","","","","","","","","","","ND"
"1983-02-09 03:00","1983","02","09","03:00"," ","","","","","","","3,00","","13,00","","","","","","","","","","ND"
"1983-02-09 04:00","1983","02","09","04:00"," ","","","","","","","1,00","","13,00","","","","","","","","","","ND"
"1983-02-09 05:00","1983","02","09","05:00"," ","","","","","","","36,00","","13,00","","","","","","","","","","ND"
"1983-02-09 06:00","1983","02","09","06:00"," ","-11,40","","-15,70","","70,00","","1,00","","13,00","","25,00","","99,34","","","","-18,00","","Généralement dégagé"
"1983-02-09 07:00","1983","02","09","07:00"," ","-11,40","","-15,60","","71,00","","2,00","","17,00","","24,10","","99,37","","","","-19,00","","Généralement dégagé"
"1983-02-09 08:00","1983","02","09","08:00"," ","-11,90","","-16,00","","71,00","","2,00","","17,00","","25,00","","99,41","","","","-20,00","","Généralement dégagé"
"1983-02-09 09:00","1983","02","09","09:00"," ","-11,60","","-16,20","","69,00","","2,00","","24,00","","19,30","","99,47","","","","-21,00","","Généralement dégagé"
"1983-02-09 10:00","1983","02","09","10:00"," ","-11,40","","-15,60","","71,00","","3,00","","26,00","","16,10","","99,44","","","","-21,00","","Généralement dégagé"
"1983-02-09 11:00","1983","02","09","11:00"," ","-10,90","","-16,50","","63,00","","2,00","","22,00","","19,30","","99,47","","","","-19,00","","Généralement dégagé"
"1983-02-09 12:00","1983","02","09","12:00"," ","-9,90","","-17,50","","54,00","","2,00","","20,00","","19,30","","99,44","","","","-18,00","","Généralement dégagé"
"1983-02-09 13:00","1983","02","09","13:00"," ","-9,70","","-21,60","","37,00","","3,00","","19,00","","19,30","","99,47","","","","-17,00","","Généralement dégagé"
"1983-02-09 14:00","1983","02","09","14:00"," ","-8,50","","-23,20","","29,00","","1,00","","20,00","","19,30","","99,31","","","","-16,00","","Généralement dégagé"
"1983-02-09 15:00","1983","02","09","15:00"," ","-8,70","","-21,10","","36,00","","3,00","","20,00","","24,10","","99,31","","","","-16,00","","Dégagé"
"1983-02-09 16:00","1983","02","09","16:00"," ","-8,90","","-20,50","","38,00","","1,00","","17,00","","24,10","","99,31","","","","-16,00","","Dégagé"
"1983-02-09 17:00","1983","02","09","17:00"," ","-9,40","","-21,10","","38,00","","2,00","","13,00","","24,10","","99,31","","","","-15,00","","Dégagé"
"1983-02-09 18:00","1983","02","09","18:00"," ","-10,80","","-21,50","","41,00","","1,00","","11,00","","24,10","","99,37","","","","-17,00","","Dégagé"
"1983-02-09 19:00","1983","02","09","19:00"," ","-11,70","","-19,90","","51,00","","1,00","","15,00","","24,10","","99,44","","","","-19,00","","Dégagé"
"1983-02-09 20:00","1983","02","09","20:00"," ","-12,10","","-20,60","","49,00","","1,00","","13,00","","24,10","","99,51","","","","-19,00","","Dégagé"
"1983-02-09 21:00","1983","02","09","21:00"," ","-12,50","","-21,00","","49,00","","1,00","","15,00","","25,00","","99,47","","","","-20,00","","Dégagé"
"1983-02-09 22:00","1983","02","09","22:00"," ","","","","","","","1,00","","11,00","","","","","","","","","","ND"
"1983-02-09 23:00","1983","02","09","23:00"," ","","","","","","","1,00","","11,00","","","","","","","","","","ND"
"1983-02-10 00:00","1983","02","10","00:00"," ","","","","","","","2,00","","15,00","","","","","","","","","","ND"
"1983-02-10 01:00","1983","02","10","01:00"," ","","","","","","","2,00","","13,00","","","","","","","","","","ND"
"1983-02-10 02:00","1983","02","10","02:00"," ","","","","","","","3,00","","17,00","","","","","","","","","","ND"
"1983-02-10 03:00","1983","02","10","03:00"," ","","","","","","","1,00","","13,00","","","","","","","","","","ND"
"1983-02-10 04:00","1983","02","10","04:00"," ","","","","","","","4,00","","20,00","","","","","","","","","","ND"
"1983-02-10 05:00","1983","02","10","05:00"," ","","","","","","","3,00","","17,00","","","","","","","","","","ND"
"1983-02-10 06:00","1983","02","10","06:00"," ","-13,80","","-16,70","","78,00","","3,00","","19,00","","9,70","","99,67","","","","-22,00","","Averses de neige"
"1983-02-10 07:00","1983","02","10","07:00"," ","-14,20","","-17,30","","78,00","","4,00","","20,00","","9,70","","99,67","","","","-23,00","","Averses de neige"
"1983-02-10 08:00","1983","02","10","08:00"," ","-14,70","","-17,60","","79,00","","3,00","","20,00","","6,40","","99,67","","","","-24,00","","Averses de neige"
"1983-02-10 09:00","1983","02","10","09:00"," ","-14,40","","-16,80","","82,00","","3,00","","17,00","","3,20","","99,70","","","","-23,00","","Averses de neige"
"1983-02-10 10:00","1983","02","10","10:00"," ","-13,10","","-15,20","","84,00","","2,00","","17,00","","2,40","","99,70","","","","-21,00","","Averses de neige"
"1983-02-10 11:00","1983","02","10","11:00"," ","-11,90","","-13,30","","89,00","","3,00","","13,00","","2,00","","99,77","","","","-19,00","","Averses de neige"
"1983-02-10 12:00","1983","02","10","12:00"," ","-9,10","","-11,40","","83,00","","8,00","","28,00","","3,20","","99,77","","","","-18,00","","Averses de neige"
"1983-02-10 13:00","1983","02","10","13:00"," ","-8,70","","-12,20","","76,00","","7,00","","28,00","","6,40","","99,74","","","","-18,00","","Averses de neige"
"1983-02-10 14:00","1983","02","10","14:00"," ","-8,40","","-11,10","","81,00","","6,00","","26,00","","8,00","","99,67","","","","-17,00","","Averses de neige"
"1983-02-10 15:00","1983","02","10","15:00"," ","-7,90","","-11,30","","76,00","","6,00","","26,00","","12,90","","99,67","","","","-16,00","","Averses de neige"
"1983-02-10 16:00","1983","02","10","16:00"," ","-7,80","","-12,70","","67,00","","6,00","","26,00","","25,00","","99,70","","","","-16,00","","Généralement dégagé"
"1983-02-10 17:00","1983","02","10","17:00"," ","-8,20","","-12,80","","70,00","","6,00","","24,00","","25,00","","99,67","","","","-16,00","","Généralement dégagé"
"1983-02-10 18:00","1983","02","10","18:00"," ","-8,70","","-12,60","","73,00","","7,00","","26,00","","25,00","","99,70","","","","-17,00","","Généralement dégagé"
"1983-02-10 19:00","1983","02","10","19:00"," ","-9,20","","-13,20","","73,00","","7,00","","22,00","","25,00","","99,74","","","","-17,00","","Généralement dégagé"
"1983-02-10 20:00","1983","02","10","20:00"," ","-9,90","","-13,80","","73,00","","7,00","","28,00","","25,00","","99,74","","","","-19,00","","Généralement dégagé"
"1983-02-10 21:00","1983","02","10","21:00"," ","-10,30","","-14,50","","71,00","","7,00","","28,00","","25,00","","99,74","","","","-20,00","","Généralement dégagé"
"1983-02-10 22:00","1983","02","10","22:00"," ","","","","","","","8,00","","31,00","","","","","","","","","","ND"
"1983-02-10 23:00","1983","02","10","23:00"," ","","","","","","","8,00","","30,00","","","","","","","","","","ND"
"1983-02-11 00:00","1983","02","11","00:00"," ","","","","","","","8,00","","33,00","","","","","","","","","","ND"
"1983-02-11 01:00","1983","02","11","01:00"," ","","","","","","","8,00","","31,00","","","","","","","","","","ND"
"1983-02-11 02:00","1983","02","11","02:00"," ","","","","","","","8,00","","30,00","","","","","","","","","","ND"
"1983-02-11 03:00","1983","02","11","03:00"," ","","","","","","","7,00","","31,00","","","","","","","","","","ND"
"1983-02-11 04:00","1983","02","11","04:00"," ","","","","","","","7,00","","28,00","","","","","","","","","","ND"
"1983-02-11 05:00","1983","02","11","05:00"," ","","","","","","","8,00","","33,00","","","","","","","","","","ND"
"1983-02-11 06:00","1983","02","11","06:00"," ","-10,50","","-13,00","","82,00","","7,00","","30,00","","24,10","","99,74","","","","-20,00","","Généralement dégagé"
"1983-02-11 07:00","1983","02","11","07:00"," ","-10,40","","-12,60","","84,00","","8,00","","30,00","","24,10","","99,77","","","","-20,00","","Généralement dégagé"
"1983-02-11 08:00","1983","02","11","08:00"," ","-10,40","","-12,60","","84,00","","8,00","","30,00","","25,00","","99,80","","","","-20,00","","Généralement nuageux"
"1983-02-11 09:00","1983","02","11","09:00"," ","-9,70","","-12,80","","78,00","","7,00","","28,00","","24,10","","99,80","","","","-19,00","","Généralement nuageux"
"1983-02-11 10:00","1983","02","11","10:00"," ","-8,40","","-11,10","","81,00","","7,00","","31,00","","24,10","","99,77","","","","-18,00","","Nuageux"
"1983-02-11 11:00","1983","02","11","11:00"," ","-7,20","","-10,10","","80,00","","7,00","","35,00","","24,10","","99,74","","","","-16,00","","Nuageux"
"1983-02-11 12:00","1983","02","11","12:00"," ","-6,30","","-9,20","","80,00","","6,00","","35,00","","19,30","","99,67","","","","-15,00","","Généralement nuageux"
"1983-02-11 13:00","1983","02","11","13:00"," ","-5,90","","-9,80","","74,00","","6,00","","33,00","","24,10","","99,64","","","","-15,00","","Généralement nuageux"
"1983-02-11 14:00","1983","02","11","14:00"," ","-5,60","","-10,50","","68,00","","6,00","","35,00","","24,10","","99,57","","","","-14,00","","Généralement nuageux"
"1983-02-11 15:00","1983","02","11","15:00"," ","-5,60","","-10,30","","69,00","","5,00","","37,00","","24,10","","99,54","","","","-15,00","","Généralement nuageux"
"1983-02-11 16:00","1983","02","11","16:00"," ","-6,60","","-9,20","","82,00","","5,00","","39,00","","24,10","","99,54","","","","-16,00","","Généralement nuageux"
"1983-02-11 17:00","1983","02","11","17:00"," ","-6,80","","-9,90","","78,00","","6,00","","33,00","","24,10","","99,57","","","","-16,00","","Généralement nuageux"
"1983-02-11 18:00","1983","02","11","18:00"," ","-6,70","","-10,60","","74,00","","6,00","","30,00","","24,10","","99,64","","","","-15,00","","Généralement nuageux"
"1983-02-11 19:00","1983","02","11","19:00"," ","-6,60","","-10,50","","74,00","","6,00","","31,00","","24,10","","99,67","","","","-15,00","","Généralement nuageux"
"1983-02-11 20:00","1983","02","11","20:00"," ","-7,30","","-10,70","","76,00","","9,00","","20,00","","24,10","","99,74","","","","-14,00","","Généralement dégagé"
"1983-02-11 21:00","1983","02","11","21:00"," ","-8,60","","-14,50","","62,00","","3,00","","19,00","","24,10","","99,74","","","","-16,00","","Généralement dégagé"
"1983-02-11 22:00","1983","02","11","22:00"," ","","","","","","","3,00","","20,00","","","","","","","","","","ND"
"1983-02-11 23:00","1983","02","11","23:00"," ","","","","","","","3,00","","22,00","","","","","","","","","","ND"
"1983-02-12 00:00","1983","02","12","00:00"," ","","","","","","","4,00","","20,00","","","","","","","","","","ND"
"1983-02-12 01:00","1983","02","12","01:00"," ","","","","","","","4,00","","20,00","","","","","","","","","","ND"
"1983-02-12 02:00","1983","02","12","02:00"," ","","","","","","","3,00","","15,00","","","","","","","","","","ND"
"1983-02-12 03:00","1983","02","12","03:00"," ","","","","","","","4,00","","11,00","","","","","","","","","","ND"
"1983-02-12 04:00","1983","02","12","04:00"," ","","","","","","","2,00","","19,00","","","","","","","","","","ND"
"1983-02-12 05:00","1983","02","12","05:00"," ","","","","","","","36,00","","13,00","","","","","","","","","","ND"
"1983-02-12 06:00","1983","02","12","06:00"," ","-13,80","","-19,70","","61,00","","36,00","","9,00","","24,10","","99,87","","","","-19,00","","Généralement nuageux"
"1983-02-12 07:00","1983","02","12","07:00"," ","-12,90","","-19,40","","58,00","","34,00","","9,00","","24,10","","99,97","","","","-18,00","","Nuageux"
"1983-02-12 08:00","1983","02","12","08:00"," ","-12,90","","-19,80","","56,00","","35,00","","9,00","","24,10","","100,00","","","","-18,00","","Généralement nuageux"
"1983-02-12 09:00","1983","02","12","09:00"," ","-12,00","","-19,00","","56,00","","2,00","","4,00","","24,10","","100,07","","","","-15,00","","Généralement nuageux"
"1983-02-12 10:00","1983","02","12","10:00"," ","-10,80","","-18,20","","54,00","","1,00","","7,00","","24,10","","100,13","","","","-15,00","","Généralement nuageux"
"1983-02-12 11:00","1983","02","12","11:00"," ","-9,20","","-15,60","","60,00","","8,00","","9,00","","19,30","","100,13","","","","-14,00","","Généralement dégagé"
"1983-02-12 12:00","1983","02","12","12:00"," ","-8,40","","-13,80","","65,00","","10,00","","9,00","","19,30","","100,17","","","","-13,00","","Généralement dégagé"
"1983-02-12 13:00","1983","02","12","13:00"," ","-6,40","","-13,30","","58,00","","17,00","","4,00","","16,10","","100,13","","","","-8,00","","Généralement dégagé"
"1983-02-12 14:00","1983","02","12","14:00"," ","-5,10","","-12,00","","58,00","","27,00","","9,00","","12,90","","100,07","","","","-9,00","","Généralement dégagé"
"1983-02-12 15:00","1983","02","12","15:00"," ","-4,60","","-13,20","","51,00","","24,00","","7,00","","16,10","","100,04","","","","-8,00","","Dégagé"
"1983-02-12 16:00","1983","02","12","16:00"," ","-4,50","","-11,90","","56,00","","27,00","","11,00","","19,30","","100,07","","","","-9,00","","Dégagé"
"1983-02-12 17:00","1983","02","12","17:00"," ","-5,20","","-13,80","","51,00","","28,00","","9,00","","19,30","","100,10","","","","-9,00","","Dégagé"
"1983-02-12 18:00","1983","02","12","18:00"," ","-6,40","","-12,60","","61,00","","26,00","","7,00","","19,30","","100,17","","","","-10,00","","Dégagé"
"1983-02-12 19:00","1983","02","12","19:00"," ","-6,90","","-11,80","","68,00","","25,00","","9,00","","25,00","","100,20","","","","-11,00","","Dégagé"
"1983-02-12 20:00","1983","02","12","20:00"," ","-7,60","","-11,80","","72,00","","23,00","","9,00","","25,00","","100,17","","","","-12,00","","Dégagé"
"1983-02-12 21:00","1983","02","12","21:00"," ","-8,40","","-11,80","","76,00","","24,00","","9,00","","25,00","","100,13","","","","-13,00","","Dégagé"
"1983-02-12 22:00","1983","02","12","22:00"," ","","","","","","","24,00","","7,00","","","","","","","","","","ND"
"1983-02-12 23:00","1983","02","12","23:00"," ","","","","","","","27,00","","9,00","","","","","","","","","","ND"
"1983-02-13 00:00","1983","02","13","00:00"," ","","","","","","","24,00","","11,00","","","","","","","","","","ND"
"1983-02-13 01:00","1983","02","13","01:00"," ","","","","","","","25,00","","9,00","","","","","","","","","","ND"
"1983-02-13 02:00","1983","02","13","02:00"," ","","","","","","","24,00","","11,00","","","","","","","","","","ND"
"1983-02-13 03:00","1983","02","13","03:00"," ","","","","","","","26,00","","11,00","","","","","","","","","","ND"
"1983-02-13 04:00","1983","02","13","04:00"," ","","","","","","","26,00","","13,00","","","","","","","","","","ND"
"1983-02-13 05:00","1983","02","13","05:00"," ","","","","","","","23,00","","11,00","","","","","","","","","","ND"
"1983-02-13 06:00","1983","02","13","06:00"," ","-12,70","","-13,80","","92,00","","24,00","","11,00","","24,10","","100,17","","","","-19,00","","Dégagé"
"1983-02-13 07:00","1983","02","13","07:00"," ","-12,00","","-12,70","","94,00","","25,00","","11,00","","16,10","","100,17","","","","-18,00","","Généralement dégagé"
"1983-02-13 08:00","1983","02","13","08:00"," ","-11,70","","-12,70","","92,00","","25,00","","7,00","","16,10","","100,20","","","","-16,00","","Généralement dégagé"
"1983-02-13 09:00","1983","02","13","09:00"," ","-8,80","","-10,30","","89,00","","22,00","","9,00","","16,10","","100,17","","","","-13,00","","Généralement dégagé"
"1983-02-13 10:00","1983","02","13","10:00"," ","-5,00","","-7,30","","84,00","","21,00","","17,00","","12,90","","100,13","","","","-11,00","","Généralement dégagé"
"1983-02-13 11:00","1983","02","13","11:00"," ","-2,50","","-5,30","","81,00","","22,00","","20,00","","11,30","","100,13","","","","-8,00","","Généralement dégagé"
"1983-02-13 12:00","1983","02","13","12:00"," ","-1,40","","-6,10","","70,00","","23,00","","19,00","","11,30","","100,04","","","","-7,00","","Généralement dégagé"
"1983-02-13 13:00","1983","02","13","13:00"," ","-1,00","","-6,50","","66,00","","21,00","","20,00","","9,70","","99,90","","","","-7,00","","Brume sèche"
"1983-02-13 14:00","1983","02","13","14:00"," ","0,40","","-4,80","","68,00","","22,00","","19,00","","12,90","","99,77","","","","","","Dégagé"
"1983-02-13 15:00","1983","02","13","15:00"," ","-1,00","","-5,10","","74,00","","21,00","","20,00","","12,90","","99,70","","","","-7,00","","Dégagé"
"1983-02-13 16:00","1983","02","13","16:00"," ","-0,90","","-4,60","","76,00","","21,00","","17,00","","9,70","","99,60","","","","-6,00","","Brume sèche"
"1983-02-13 17:00","1983","02","13","17:00"," ","-1,20","","-4,80","","77,00","","21,00","","15,00","","9,70","","99,54","","","","-6,00","","Brume sèche"
"1983-02-13 18:00","1983","02","13","18:00"," ","-2,30","","-5,00","","82,00","","22,00","","11,00","","9,70","","99,47","","","","-6,00","","Brume sèche"
"1983-02-13 19:00","1983","02","13","19:00"," ","-3,00","","-5,30","","84,00","","21,00","","11,00","","9,70","","99,51","","","","-7,00","","Brume sèche"
"1983-02-13 20:00","1983","02","13","20:00"," ","-3,40","","-5,90","","83,00","","22,00","","11,00","","12,90","","99,47","","","","-8,00","","Dégagé"
"1983-02-13 21:00","1983","02","13","21:00"," ","-4,60","","-6,50","","87,00","","19,00","","11,00","","16,10","","99,41","","","","-9,00","","Dégagé"
"1983-02-13 22:00","1983","02","13","22:00"," ","","","","","","","21,00","","13,00","","","","","","","","","","ND"
"1983-02-13 23:00","1983","02","13","23:00"," ","","","","","","","23,00","","13,00","","","","","","","","","","ND"
"1983-02-14 00:00","1983","02","14","00:00"," ","","","","","","","23,00","","13,00","","","","","","","","","","ND"
"1983-02-14 01:00","1983","02","14","01:00"," ","","","","","","","22,00","","15,00","","","","","","","","","","ND"
"1983-02-14 02:00","1983","02","14","02:00"," ","","","","","","","24,00","","17,00","","","","","","","","","","ND"
"1983-02-14 03:00","1983","02","14","03:00"," ","","","","","","","23,00","","15,00","","","","","","","","","","ND"
"1983-02-14 04:00","1983","02","14","04:00"," ","","","","","","","24,00","","17,00","","","","","","","","","","ND"
"1983-02-14 05:00","1983","02","14","05:00"," ","","","","","","","23,00","","17,00","","","","","","","","","","ND"
"1983-02-14 06:00","1983","02","14","06:00"," ","-5,00","","-6,30","","91,00","","23,00","","17,00","","11,30","","98,88","","","","-11,00","","Généralement dégagé"
"1983-02-14 07:00","1983","02","14","07:00"," ","-5,90","","-6,90","","93,00","","22,00","","13,00","","4,80","","98,81","","","","-11,00","","Brouillard"
"1983-02-14 08:00","1983","02","14","08:00"," ","-5,00","","-6,00","","93,00","","21,00","","17,00","","4,00","","98,81","","","","-11,00","","Brouillard"
"1983-02-14 09:00","1983","02","14","09:00"," ","-3,10","","-4,40","","91,00","","23,00","","20,00","","4,00","","98,78","","","","-9,00","","Brouillard"
"1983-02-14 10:00","1983","02","14","10:00"," ","-1,10","","-2,70","","89,00","","23,00","","20,00","","4,00","","98,68","","","","-7,00","","Brouillard"
"1983-02-14 11:00","1983","02","14","11:00"," ","1,40","","-2,70","","74,00","","23,00","","19,00","","4,80","","98,64","","","","","","Brume sèche"
"1983-02-14 12:00","1983","02","14","12:00"," ","2,10","","-2,70","","70,00","","20,00","","17,00","","4,80","","98,61","","","","","","Brume sèche"
"1983-02-14 13:00","1983","02","14","13:00"," ","3,40","","-1,20","","72,00","","22,00","","17,00","","6,40","","98,51","","","","","","Brume sèche"
"1983-02-14 14:00","1983","02","14","14:00"," ","3,70","","-0,50","","74,00","","20,00","","13,00","","6,40","","98,38","","","","","","Brume sèche"
"1983-02-14 15:00","1983","02","14","15:00"," ","3,90","","-1,10","","70,00","","20,00","","17,00","","6,40","","98,31","","","","","","Brume sèche"
"1983-02-14 16:00","1983","02","14","16:00"," ","4,40","","-2,70","","60,00","","24,00","","22,00","","9,70","","98,31","","","","","","Brume sèche"
"1983-02-14 17:00","1983","02","14","17:00"," ","2,80","","-3,40","","64,00","","22,00","","20,00","","11,30","","98,25","","","","","","Généralement dégagé"
"1983-02-14 18:00","1983","02","14","18:00"," ","1,60","","-4,80","","62,00","","24,00","","15,00","","11,30","","98,28","","","","","","Généralement dégagé"
"1983-02-14 19:00","1983","02","14","19:00"," ","0,90","","-4,30","","68,00","","24,00","","15,00","","12,90","","98,35","","","","","","Généralement dégagé"
"1983-02-14 20:00","1983","02","14","20:00"," ","1,10","","-3,60","","71,00","","24,00","","9,00","","11,30","","98,35","","","","","","Généralement dégagé"
"1983-02-14 21:00","1983","02","14","21:00"," ","1,00","","-3,10","","74,00","","26,00","","9,00","","11,30","","98,41","","","","","","Généralement nuageux"
"1983-02-14 22:00","1983","02","14","22:00"," ","","","","","","","28,00","","9,00","","","","","","","","","","ND"
"1983-02-14 23:00","1983","02","14","23:00"," ","","","","","","","25,00","","11,00","","","","","","","","","","ND"
"1983-02-15 00:00","1983","02","15","00:00"," ","","","","","","","27,00","","9,00","","","","","","","","","","ND"
"1983-02-15 01:00","1983","02","15","01:00"," ","","","","","","","26,00","","9,00","","","","","","","","","","ND"
"1983-02-15 02:00","1983","02","15","02:00"," ","","","","","","","28,00","","9,00","","","","","","","","","","ND"
"1983-02-15 03:00","1983","02","15","03:00"," ","","","","","","","28,00","","11,00","","","","","","","","","","ND"
"1983-02-15 04:00","1983","02","15","04:00"," ","","","","","","","29,00","","9,00","","","","","","","","","","ND"
"1983-02-15 05:00","1983","02","15","05:00"," ","","","","","","","28,00","","9,00","","","","","","","","","","ND"
"1983-02-15 06:00","1983","02","15","06:00"," ","0,60","","0,30","","98,00","","28,00","","9,00","","2,40","","98,51","","","","","","Brouillard"
"1983-02-15 07:00","1983","02","15","07:00"," ","0,70","","0,30","","97,00","","28,00","","7,00","","2,40","","98,58","","","","","","Brouillard"
"1983-02-15 08:00","1983","02","15","08:00"," ","0,70","","0,10","","96,00","","29,00","","9,00","","1,60","","98,61","","","","","","Brouillard"
"1983-02-15 09:00","1983","02","15","09:00"," ","0,90","","0,20","","95,00","","27,00","","9,00","","2,80","","98,71","","","","","","Brouillard"
"1983-02-15 10:00","1983","02","15","10:00"," ","1,60","","0,30","","91,00","","26,00","","9,00","","3,60","","98,74","","","","","","Brouillard"
"1983-02-15 11:00","1983","02","15","11:00"," ","2,90","","0,70","","86,00","","26,00","","11,00","","4,80","","98,78","","","","","","Brouillard"
"1983-02-15 12:00","1983","02","15","12:00"," ","4,20","","0,70","","78,00","","27,00","","11,00","","6,40","","98,78","","","","","","Brume sèche"
"1983-02-15 13:00","1983","02","15","13:00"," ","4,60","","-0,60","","69,00","","25,00","","13,00","","9,70","","98,78","","","","","","Brume sèche"
"1983-02-15 14:00","1983","02","15","14:00"," ","4,80","","-0,60","","68,00","","24,00","","11,00","","9,70","","98,71","","","","","","Brume sèche"
"1983-02-15 15:00","1983","02","15","15:00"," ","4,90","","-0,10","","70,00","","26,00","","11,00","","12,90","","98,71","","","","","","Généralement nuageux"
"1983-02-15 16:00","1983","02","15","16:00"," ","4,80","","-0,10","","71,00","","28,00","","9,00","","12,90","","98,74","","","","","","Généralement nuageux"
"1983-02-15 17:00","1983","02","15","17:00"," ","4,00","","0,30","","77,00","","30,00","","7,00","","11,30","","98,81","","","","","","Nuageux"
"1983-02-15 18:00","1983","02","15","18:00"," ","3,20","","0,00","","79,00","","27,00","","7,00","","6,40","","98,88","","","","","","Brume sèche"
"1983-02-15 19:00","1983","02","15","19:00"," ","2,70","","0,20","","84,00","","24,00","","7,00","","9,70","","98,91","","","","","","Brume sèche"
"1983-02-15 20:00","1983","02","15","20:00"," ","2,30","","0,00","","85,00","","22,00","","7,00","","11,30","","98,91","","","","","","Nuageux"
"1983-02-15 21:00","1983","02","15","21:00"," ","1,30","","0,10","","92,00","","20,00","","6,00","","11,30","","98,91","","","","","","Nuageux"
"1983-02-15 22:00","1983","02","15","22:00"," ","","","","","","","21,00","","7,00","","","","","","","","","","ND"
"1983-02-15 23:00","1983","02","15","23:00"," ","","","","","","","21,00","","7,00","","","","","","","","","","ND"
"1983-02-16 00:00","1983","02","16","00:00"," ","","","","","","","0,00","","0,00","","","","","","","","","","ND"
"1983-02-16 01:00","1983","02","16","01:00"," ","","","","","","","0,00","","0,00","","","","","","","","","","ND"
"1983-02-16 02:00","1983","02","16","02:00"," ","","","","","","","0,00","","0,00","","","","","","","","","","ND"
"1983-02-16 03:00","1983","02","16","03:00"," ","","","","","","","15,00","","7,00","","","","","","","","","","ND"
"1983-02-16 04:00","1983","02","16","04:00"," ","","","","","","","0,00","","0,00","","","","","","","","","","ND"
"1983-02-16 05:00","1983","02","16","05:00"," ","","","","","","","12,00","","7,00","","","","","","","","","","ND"
"1983-02-16 06:00","1983","02","16","06:00"," ","0,60","","-0,10","","95,00","","12,00","","7,00","","2,80","","98,91","","","","","","Neige"
"1983-02-16 07:00","1983","02","16","07:00"," ","0,50","","0,00","","96,00","","13,00","","15,00","","2,40","","98,91","","","","","","Neige en grains"
"1983-02-16 08:00","1983","02","16","08:00"," ","0,30","","0,00","","98,00","","13,00","","15,00","","2,40","","98,91","","","","","","Neige en grains"
"1983-02-16 09:00","1983","02","16","09:00"," ","0,30","","0,10","","99,00","","12,00","","13,00","","2,40","","98,88","","","","","","Neige,Brouillard"
"1983-02-16 10:00","1983","02","16","10:00"," ","1,10","","0,60","","96,00","","13,00","","13,00","","4,00","","98,84","","","","","","Neige,Brouillard"
"1983-02-16 11:00","1983","02","16","11:00"," ","2,30","","0,70","","89,00","","14,00","","13,00","","4,80","","98,78","","","","","","Brouillard"
"1983-02-16 12:00","1983","02","16","12:00"," ","3,10","","1,20","","87,00","","15,00","","13,00","","6,40","","98,68","","","","","","Brouillard"
"1983-02-16 13:00","1983","02","16","13:00"," ","3,70","","1,30","","84,00","","16,00","","17,00","","6,40","","98,58","","","","","","Brume sèche"
"1983-02-16 14:00","1983","02","16","14:00"," ","3,20","","0,60","","83,00","","15,00","","15,00","","8,00","","98,48","","","","","","Brume sèche"
"1983-02-16 15:00","1983","02","16","15:00"," ","3,50","","1,00","","84,00","","14,00","","11,00","","8,00","","98,41","","","","","","Brume sèche"
"1983-02-16 16:00","1983","02","16","16:00"," ","3,30","","1,10","","86,00","","13,00","","11,00","","6,40","","98,38","","","","","","Brume sèche"
"1983-02-16 17:00","1983","02","16","17:00"," ","3,30","","0,80","","84,00","","11,00","","9,00","","6,40","","98,35","","","","","","Brume sèche"
"1983-02-16 18:00","1983","02","16","18:00"," ","3,00","","0,70","","85,00","","8,00","","9,00","","4,80","","98,35","","","","","","Brume sèche"
"1983-02-16 19:00","1983","02","16","19:00"," ","2,70","","0,60","","86,00","","7,00","","6,00","","6,40","","98,38","","","","","","Brume sèche"
"1983-02-16 20:00","1983","02","16","20:00"," ","1,90","","0,30","","89,00","","8,00","","9,00","","6,40","","98,31","","","","","","Brouillard"
"1983-02-16 21:00","1983","02","16","21:00"," ","1,70","","0,10","","89,00","","8,00","","11,00","","8,00","","98,25","","","","","","Brouillard"
"1983-02-16 22:00","1983","02","16","22:00"," ","","","","","","","9,00","","11,00","","","","","","","","","","ND"
"1983-02-16 23:00","1983","02","16","23:00"," ","","","","","","","14,00","","11,00","","","","","","","","","","ND"
"1983-02-17 00:00","1983","02","17","00:00"," ","","","","","","","16,00","","13,00","","","","","","","","","","ND"
"1983-02-17 01:00","1983","02","17","01:00"," ","","","","","","","19,00","","19,00","","","","","","","","","","ND"
"1983-02-17 02:00","1983","02","17","02:00"," ","","","","","","","19,00","","15,00","","","","","","","","","","ND"
"1983-02-17 03:00","1983","02","17","03:00"," ","","","","","","","19,00","","22,00","","","","","","","","","","ND"
"1983-02-17 04:00","1983","02","17","04:00"," ","","","","","","","21,00","","22,00","","","","","","","","","","ND"
"1983-02-17 05:00","1983","02","17","05:00"," ","","","","","","","22,00","","24,00","","","","","","","","","","ND"
"1983-02-17 06:00","1983","02","17","06:00"," ","1,50","","1,00","","96,00","","23,00","","24,00","","6,40","","98,02","","","","","","Pluie,Brouillard"
"1983-02-17 07:00","1983","02","17","07:00"," ","1,30","","0,70","","96,00","","23,00","","24,00","","8,00","","98,11","","","","","","Bruine,Brouillard"
"1983-02-17 08:00","1983","02","17","08:00"," ","1,50","","0,70","","95,00","","23,00","","20,00","","8,00","","98,18","","","","","","Bruine,Brouillard"
"1983-02-17 09:00","1983","02","17","09:00"," ","1,50","","0,80","","95,00","","23,00","","20,00","","6,40","","98,25","","","","","","Neige,Brouillard"
"1983-02-17 10:00","1983","02","17","10:00"," ","1,70","","1,40","","98,00","","24,00","","24,00","","4,80","","98,28","","","","","","Pluie,Neige,Brouillard"
"1983-02-17 11:00","1983","02","17","11:00"," ","1,80","","1,20","","96,00","","24,00","","24,00","","6,40","","98,35","","","","","","Brouillard"
"1983-02-17 12:00","1983","02","17","12:00"," ","1,70","","1,20","","96,00","","26,00","","20,00","","4,80","","98,41","","","","","","Pluie,Brouillard"
"1983-02-17 13:00","1983","02","17","13:00"," ","1,70","","1,40","","98,00","","27,00","","22,00","","2,80","","98,45","","","","","","Pluie,Brouillard"
"1983-02-17 14:00","1983","02","17","14:00"," ","2,70","","1,90","","94,00","","27,00","","22,00","","4,00","","98,51","","","","","","Brouillard"
"1983-02-17 15:00","1983","02","17","15:00"," ","3,50","","1,70","","88,00","","29,00","","19,00","","6,40","","98,58","","","","","","Brouillard"
"1983-02-17 16:00","1983","02","17","16:00"," ","3,30","","1,00","","85,00","","28,00","","22,00","","6,40","","98,61","","","","","","Brume sèche"
"1983-02-17 17:00","1983","02","17","17:00"," ","2,40","","0,80","","89,00","","31,00","","20,00","","8,00","","98,78","","","","","","Brouillard"
"1983-02-17 18:00","1983","02","17","18:00"," ","1,90","","-0,20","","86,00","","31,00","","22,00","","12,90","","98,84","","","","","","Généralement nuageux"
"1983-02-17 19:00","1983","02","17","19:00"," ","1,90","","-1,00","","81,00","","32,00","","24,00","","19,30","","98,94","","","","","","Nuageux"
"1983-02-17 20:00","1983","02","17","20:00"," ","2,10","","-1,20","","79,00","","33,00","","17,00","","24,10","","98,98","","","","","","Généralement nuageux"
"1983-02-17 21:00","1983","02","17","21:00"," ","1,30","","-0,90","","85,00","","30,00","","9,00","","25,00","","99,04","","","","","","Nuageux"
"1983-02-17 22:00","1983","02","17","22:00"," ","","","","","","","32,00","","9,00","","","","","","","","","","ND"
"1983-02-17 23:00","1983","02","17","23:00"," ","","","","","","","25,00","","6,00","","","","","","","","","","ND"
"1983-02-18 00:00","1983","02","18","00:00"," ","","","","","","","27,00","","11,00","","","","","","","","","","ND"
"1983-02-18 01:00","1983","02","18","01:00"," ","","","","","","","28,00","","7,00","","","","","","","","","","ND"
"1983-02-18 02:00","1983","02","18","02:00"," ","","","","","","","27,00","","9,00","","","","","","","","","","ND"
"1983-02-18 03:00","1983","02","18","03:00"," ","","","","","","","27,00","","9,00","","","","","","","","","","ND"
"1983-02-18 04:00","1983","02","18","04:00"," ","","","","","","","26,00","","7,00","","","","","","","","","","ND"
"1983-02-18 05:00","1983","02","18","05:00"," ","","","","","","","28,00","","9,00","","","","","","","","","","ND"
"1983-02-18 06:00","1983","02","18","06:00"," ","-2,60","","-3,20","","96,00","","27,00","","7,00","","24,10","","99,14","","","","-5,00","","Dégagé"
"1983-02-18 07:00","1983","02","18","07:00"," ","-2,90","","-3,40","","96,00","","27,00","","7,00","","25,00","","99,14","","","","-6,00","","Généralement dégagé"
"1983-02-18 08:00","1983","02","18","08:00"," ","-2,70","","-3,20","","96,00","","29,00","","6,00","","24,10","","99,21","","","","-5,00","","Généralement nuageux"
"1983-02-18 09:00","1983","02","18","09:00"," ","-0,90","","-2,20","","91,00","","30,00","","7,00","","24,10","","99,24","","","","-3,00","","Généralement nuageux"
"1983-02-18 10:00","1983","02","18","10:00"," ","0,30","","-3,80","","74,00","","32,00","","2,00","","19,30","","99,27","","","","","","Généralement nuageux"
"1983-02-18 11:00","1983","02","18","11:00"," ","2,60","","-3,60","","63,00","","28,00","","6,00","","19,30","","99,24","","","","","","Généralement nuageux"
"1983-02-18 12:00","1983","02","18","12:00"," ","2,60","","-4,00","","62,00","","26,00","","11,00","","19,30","","99,17","","","","","","Généralement nuageux"
"1983-02-18 13:00","1983","02","18","13:00"," ","2,90","","-4,00","","60,00","","22,00","","7,00","","19,30","","99,07","","","","","","Généralement nuageux"
"1983-02-18 14:00","1983","02","18","14:00"," ","3,20","","-4,00","","59,00","","30,00","","7,00","","19,30","","99,01","","","","","","Généralement nuageux"
"1983-02-18 15:00","1983","02","18","15:00"," ","4,30","","-3,10","","59,00","","24,00","","9,00","","19,30","","98,94","","","","","","Généralement nuageux"
"1983-02-18 16:00","1983","02","18","16:00"," ","4,20","","-2,40","","62,00","","27,00","","9,00","","19,30","","98,94","","","","","","Généralement nuageux"
"1983-02-18 17:00","1983","02","18","17:00"," ","2,60","","-1,30","","75,00","","19,00","","15,00","","19,30","","98,91","","","","","","Généralement nuageux"
"1983-02-18 18:00","1983","02","18","18:00"," ","1,00","","-2,00","","80,00","","19,00","","11,00","","19,30","","98,91","","","","","","Généralement nuageux"
"1983-02-18 19:00","1983","02","18","19:00"," ","-0,50","","-2,00","","90,00","","17,00","","11,00","","19,30","","98,91","","","","-4,00","","Généralement nuageux"
"1983-02-18 20:00","1983","02","18","20:00"," ","-0,40","","-2,20","","87,00","","6,00","","7,00","","19,30","","98,91","","","","-3,00","","Généralement nuageux"
"1983-02-18 21:00","1983","02","18","21:00"," ","-1,20","","-2,40","","92,00","","13,00","","9,00","","19,30","","98,88","","","","-4,00","","Généralement nuageux"
"1983-02-18 22:00","1983","02","18","22:00"," ","","","","","","","16,00","","11,00","","","","","","","","","","ND"
"1983-02-18 23:00","1983","02","18","23:00"," ","","","","","","","17,00","","6,00","","","","","","","","","","ND"
"1983-02-19 00:00","1983","02","19","00:00"," ","","","","","","","0,00","","0,00","","","","","","","","","","ND"
"1983-02-19 01:00","1983","02","19","01:00"," ","","","","","","","0,00","","0,00","","","","","","","","","","ND"
"1983-02-19 02:00","1983","02","19","02:00"," ","","","","","","","15,00","","4,00","","","","","","","","","","ND"
"1983-02-19 03:00","1983","02","19","03:00"," ","","","","","","","11,00","","6,00","","","","","","","","","","ND"
"1983-02-19 04:00","1983","02","19","04:00"," ","","","","","","","7,00","","4,00","","","","","","","","","","ND"
"1983-02-19 05:00","1983","02","19","05:00"," ","","","","","","","5,00","","4,00","","","","","","","","","","ND"
"1983-02-19 06:00","1983","02","19","06:00"," ","-0,40","","-1,60","","91,00","","36,00","","11,00","","8,00","","98,88","","","","-4,00","","Neige"
"1983-02-19 07:00","1983","02","19","07:00"," ","-0,40","","-1,10","","95,00","","3,00","","7,00","","2,00","","98,91","","","","-3,00","","Neige"
"1983-02-19 08:00","1983","02","19","08:00"," ","-0,20","","-0,70","","96,00","","6,00","","13,00","","2,40","","98,98","","","","-4,00","","Neige,Brouillard"
"1983-02-19 09:00","1983","02","19","09:00"," ","0,00","","-0,40","","97,00","","6,00","","11,00","","3,60","","99,01","","","","-4,00","","Neige,Brouillard"
"1983-02-19 10:00","1983","02","19","10:00"," ","0,50","","-0,80","","91,00","","6,00","","11,00","","4,00","","99,07","","","","","","Brouillard"
"1983-02-19 11:00","1983","02","19","11:00"," ","0,90","","-0,20","","92,00","","5,00","","13,00","","3,60","","99,07","","","","","","Brouillard"
"1983-02-19 12:00","1983","02","19","12:00"," ","1,90","","0,60","","91,00","","4,00","","15,00","","3,60","","99,17","","","","","","Brouillard"
"1983-02-19 13:00","1983","02","19","13:00"," ","1,80","","0,00","","88,00","","4,00","","9,00","","4,00","","99,17","","","","","","Brouillard"
"1983-02-19 14:00","1983","02","19","14:00"," ","2,10","","0,00","","86,00","","4,00","","13,00","","8,00","","99,21","","","","","","Brouillard"
"1983-02-19 15:00","1983","02","19","15:00"," ","1,60","","-0,10","","88,00","","7,00","","13,00","","8,00","","99,21","","","","","","Brouillard"
"1983-02-19 16:00","1983","02","19","16:00"," ","1,40","","-0,30","","89,00","","6,00","","11,00","","8,00","","99,27","","","","","","Brouillard"
"1983-02-19 17:00","1983","02","19","17:00"," ","0,80","","-0,40","","92,00","","6,00","","17,00","","8,00","","99,31","","","","","","Brouillard"
"1983-02-19 18:00","1983","02","19","18:00"," ","0,60","","-0,60","","91,00","","7,00","","13,00","","6,40","","99,41","","","","","","Brouillard"
"1983-02-19 19:00","1983","02","19","19:00"," ","0,00","","-1,10","","92,00","","7,00","","15,00","","9,70","","99,47","","","","-4,00","","Brouillard"
"1983-02-19 20:00","1983","02","19","20:00"," ","-0,50","","-1,30","","94,00","","6,00","","13,00","","12,90","","99,51","","","","-5,00","","Généralement dégagé"
"1983-02-19 21:00","1983","02","19","21:00"," ","-0,40","","-1,00","","96,00","","7,00","","22,00","","8,00","","99,54","","","","-6,00","","Brouillard"
"1983-02-19 22:00","1983","02","19","22:00"," ","","","","","","","7,00","","17,00","","","","","","","","","","ND"
"1983-02-19 23:00","1983","02","19","23:00"," ","","","","","","","7,00","","15,00","","","","","","","","","","ND"
"1983-02-20 00:00","1983","02","20","00:00"," ","","","","","","","7,00","","11,00","","","","","","","","","","ND"
"1983-02-20 01:00","1983","02","20","01:00"," ","","","","","","","7,00","","15,00","","","","","","","","","","ND"
"1983-02-20 02:00","1983","02","20","02:00"," ","","","","","","","6,00","","17,00","","","","","","","","","","ND"
"1983-02-20 03:00","1983","02","20","03:00"," ","","","","","","","6,00","","17,00","","","","","","","","","","ND"
"1983-02-20 04:00","1983","02","20","04:00"," ","","","","","","","7,00","","17,00","","","","","","","","","","ND"
"1983-02-20 05:00","1983","02","20","05:00"," ","","","","","","","6,00","","17,00","","","","","","","","","","ND"
"1983-02-20 06:00","1983","02","20","06:00"," ","-0,50","","-0,60","","99,00","","6,00","","15,00","","0,60","","99,84","","","","-5,00","","Brouillard"
"1983-02-20 07:00","1983","02","20","07:00"," ","-0,60","","-0,70","","99,00","","6,00","","13,00","","0,40","","99,84","","","","-5,00","","Brouillard"
"1983-02-20 08:00","1983","02","20","08:00"," ","-0,90","","-0,90","","100,00","","5,00","","7,00","","1,20","","99,90","","","","-3,00","","Brouillard"
"1983-02-20 09:00","1983","02","20","09:00"," ","-0,20","","-0,20","","100,00","","3,00","","4,00","","1,60","","99,97","","","","-1,00","","Brouillard"
"1983-02-20 10:00","1983","02","20","10:00"," ","2,80","","1,50","","91,00","","5,00","","9,00","","4,00","","99,94","","","","","","Brouillard"
"1983-02-20 11:00","1983","02","20","11:00"," ","4,50","","1,40","","80,00","","7,00","","9,00","","4,80","","99,94","","","","","","Brume sèche"
"1983-02-20 12:00","1983","02","20","12:00"," ","6,20","","2,60","","78,00","","11,00","","6,00","","4,80","","99,90","","","","","","Brume sèche"
"1983-02-20 13:00","1983","02","20","13:00"," ","7,20","","3,10","","75,00","","3,00","","7,00","","8,00","","99,80","","","","","","Brume sèche"
"1983-02-20 14:00","1983","02","20","14:00"," ","8,00","","4,10","","76,00","","10,00","","7,00","","8,00","","99,74","","","","","","Brume sèche"
"1983-02-20 15:00","1983","02","20","15:00"," ","8,60","","4,30","","74,00","","8,00","","9,00","","8,00","","99,70","","","","","","Brume sèche"
"1983-02-20 16:00","1983","02","20","16:00"," ","7,70","","3,50","","75,00","","6,00","","11,00","","8,00","","99,67","","","","","","Brume sèche"
"1983-02-20 17:00","1983","02","20","17:00"," ","6,10","","2,60","","78,00","","7,00","","11,00","","8,00","","99,67","","","","","","Brume sèche"
"1983-02-20 18:00","1983","02","20","18:00"," ","3,10","","0,70","","84,00","","6,00","","13,00","","8,00","","99,64","","","","","","Brume sèche"
"1983-02-20 19:00","1983","02","20","19:00"," ","1,40","","0,20","","92,00","","6,00","","13,00","","6,40","","99,60","","","","","","Brouillard"
"1983-02-20 20:00","1983","02","20","20:00"," ","-0,20","","-0,20","","100,00","","6,00","","11,00","","0,00","","99,57","","","","-4,00","","Brouillard"
"1983-02-20 21:00","1983","02","20","21:00"," ","-0,40","","-0,60","","98,00","","5,00","","11,00","","0,00","","99,57","","","","-4,00","","Brouillard"
"1983-02-20 22:00","1983","02","20","22:00"," ","","","","","","","7,00","","6,00","","","","","","","","","","ND"
"1983-02-20 23:00","1983","02","20","23:00"," ","","","","","","","7,00","","6,00","","","","","","","","","","ND"
"1983-02-21 00:00","1983","02","21","00:00"," ","","","","","","","15,00","","6,00","","","","","","","","","","ND"
"1983-02-21 01:00","1983","02","21","01:00"," ","","","","","","","22,00","","7,00","","","","","","","","","","ND"
"1983-02-21 02:00","1983","02","21","02:00"," ","","","","","","","28,00","","11,00","","","","","","","","","","ND"
"1983-02-21 03:00","1983","02","21","03:00"," ","","","","","","","27,00","","13,00","","","","","","","","","","ND"
"1983-02-21 04:00","1983","02","21","04:00"," ","","","","","","","26,00","","15,00","","","","","","","","","","ND"
"1983-02-21 05:00","1983","02","21","05:00"," ","","","","","","","27,00","","15,00","","","","","","","","","","ND"
"1983-02-21 06:00","1983","02","21","06:00"," ","0,10","","0,00","","99,00","","26,00","","15,00","","11,30","","99,31","","","","","","Nuageux"
"1983-02-21 07:00","1983","02","21","07:00"," ","0,90","","0,10","","95,00","","27,00","","15,00","","4,00","","99,34","","","","","","Brouillard"
"1983-02-21 08:00","1983","02","21","08:00"," ","1,30","","0,40","","94,00","","26,00","","15,00","","4,00","","99,37","","","","","","Averses de pluie,Brouillard"
"1983-02-21 09:00","1983","02","21","09:00"," ","2,10","","0,80","","91,00","","29,00","","13,00","","4,00","","99,41","","","","","","Brouillard"
"1983-02-21 10:00","1983","02","21","10:00"," ","3,70","","2,10","","89,00","","28,00","","11,00","","3,60","","99,44","","","","","","Brouillard"
"1983-02-21 11:00","1983","02","21","11:00"," ","4,80","","2,10","","83,00","","31,00","","11,00","","4,00","","99,47","","","","","","Brume sèche"
"1983-02-21 12:00","1983","02","21","12:00"," ","4,10","","2,10","","87,00","","33,00","","11,00","","4,00","","99,47","","","","","","Brouillard"
"1983-02-21 13:00","1983","02","21","13:00"," ","4,40","","2,40","","87,00","","28,00","","11,00","","6,40","","99,44","","","","","","Brouillard"
"1983-02-21 14:00","1983","02","21","14:00"," ","4,70","","2,40","","85,00","","28,00","","13,00","","6,40","","99,41","","","","","","Brume sèche"
"1983-02-21 15:00","1983","02","21","15:00"," ","4,70","","2,60","","86,00","","28,00","","13,00","","6,40","","99,44","","","","","","Brume sèche"
"1983-02-21 16:00","1983","02","21","16:00"," ","4,70","","2,30","","84,00","","29,00","","9,00","","8,00","","99,41","","","","","","Brume sèche"
"1983-02-21 17:00","1983","02","21","17:00"," ","4,50","","2,30","","85,00","","28,00","","9,00","","8,00","","99,44","","","","","","Averses de pluie,Brouillard"
"1983-02-21 18:00","1983","02","21","18:00"," ","4,10","","1,90","","85,00","","30,00","","9,00","","6,40","","99,44","","","","","","Brouillard"
"1983-02-21 19:00","1983","02","21","19:00"," ","3,60","","1,60","","87,00","","34,00","","6,00","","9,70","","99,47","","","","","","Brouillard"
"1983-02-21 20:00","1983","02","21","20:00"," ","2,60","","0,20","","84,00","","5,00","","7,00","","11,30","","99,47","","","","","","Généralement nuageux"
"1983-02-21 21:00","1983","02","21","21:00"," ","1,50","","-1,80","","79,00","","4,00","","20,00","","12,90","","99,47","","","","","","Généralement nuageux"
"1983-02-21 22:00","1983","02","21","22:00"," ","","","","","","","4,00","","20,00","","","","","","","","","","ND"
"1983-02-21 23:00","1983","02","21","23:00"," ","","","","","","","2,00","","17,00","","","","","","","","","","ND"
"1983-02-22 00:00","1983","02","22","00:00"," ","","","","","","","3,00","","15,00","","","","","","","","","","ND"
"1983-02-22 01:00","1983","02","22","01:00"," ","","","","","","","5,00","","11,00","","","","","","","","","","ND"
"1983-02-22 02:00","1983","02","22","02:00"," ","","","","","","","4,00","","13,00","","","","","","","","","","ND"
"1983-02-22 03:00","1983","02","22","03:00"," ","","","","","","","4,00","","15,00","","","","","","","","","","ND"
"1983-02-22 04:00","1983","02","22","04:00"," ","","","","","","","5,00","","15,00","","","","","","","","","","ND"
"1983-02-22 05:00","1983","02","22","05:00"," ","","","","","","","4,00","","17,00","","","","","","","","","","ND"
"1983-02-22 06:00","1983","02","22","06:00"," ","-0,70","","-2,20","","90,00","","3,00","","15,00","","16,10","","99,21","","","","-5,00","","Nuageux"
"1983-02-22 07:00","1983","02","22","07:00"," ","-0,50","","-1,90","","90,00","","3,00","","13,00","","6,40","","99,17","","","","-5,00","","Brouillard"
"1983-02-22 08:00","1983","02","22","08:00"," ","0,10","","-0,80","","94,00","","6,00","","11,00","","4,80","","99,21","","","","","","Brouillard"
"1983-02-22 09:00","1983","02","22","09:00"," ","-0,10","","-0,80","","95,00","","5,00","","19,00","","4,80","","99,17","","","","-5,00","","Averses de pluie,Brouillard"
"1983-02-22 10:00","1983","02","22","10:00"," ","-0,20","","-1,10","","94,00","","6,00","","15,00","","6,40","","99,11","","","","-5,00","","Pluie verglaçante,Brouillard"
"1983-02-22 11:00","1983","02","22","11:00"," ","-0,10","","-0,70","","96,00","","6,00","","15,00","","6,40","","99,01","","","","-5,00","","Pluie verglaçante,Brouillard"
"1983-02-22 12:00","1983","02","22","12:00"," ","0,30","","-0,20","","96,00","","5,00","","20,00","","4,80","","98,88","","","","","","Pluie,Brouillard"
"1983-02-22 13:00","1983","02","22","13:00"," ","0,60","","-0,10","","95,00","","6,00","","24,00","","4,80","","98,78","","","","","","Brouillard"
"1983-02-22 14:00","1983","02","22","14:00"," ","1,00","","-0,10","","92,00","","5,00","","24,00","","8,00","","98,68","","","","","","Brouillard"
"1983-02-22 15:00","1983","02","22","15:00"," ","1,00","","0,00","","93,00","","5,00","","22,00","","8,00","","98,54","","","","","","Brouillard"
"1983-02-22 16:00","1983","02","22","16:00"," ","0,80","","-0,20","","93,00","","5,00","","26,00","","8,00","","98,41","","","","","","Averses de pluie,Brouillard"
"1983-02-22 17:00","1983","02","22","17:00"," ","0,40","","0,00","","97,00","","6,00","","26,00","","3,20","","98,31","","","","","","Averses de pluie,Brouillard"
"1983-02-22 18:00","1983","02","22","18:00"," ","0,40","","0,20","","99,00","","8,00","","22,00","","1,60","","98,28","","","","","","Pluie,Brouillard"
"1983-02-22 19:00","1983","02","22","19:00"," ","0,40","","0,20","","99,00","","6,00","","17,00","","1,60","","98,21","","","","","","Pluie,Bruine,Brouillard"
"1983-02-22 20:00","1983","02","22","20:00"," ","0,40","","0,40","","100,00","","6,00","","17,00","","0,20","","98,11","","","","","","Pluie,Bruine,Brouillard"
"1983-02-22 21:00","1983","02","22","21:00"," ","0,50","","0,50","","100,00","","5,00","","13,00","","1,60","","97,95","","","","","","Pluie,Brouillard"
"1983-02-22 22:00","1983","02","22","22:00"," ","","","","","","","12,00","","6,00","","","","","","","","","","ND"
"1983-02-22 23:00","1983","02","22","23:00"," ","","","","","","","24,00","","9,00","","","","","","","","","","ND"
"1983-02-23 00:00","1983","02","23","00:00"," ","","","","","","","25,00","","13,00","","","","","","","","","","ND"
"1983-02-23 01:00","1983","02","23","01:00"," ","","","","","","","26,00","","15,00","","","","","","","","","","ND"
"1983-02-23 02:00","1983","02","23","02:00"," ","","","","","","","27,00","","26,00","","","","","","","","","","ND"
"1983-02-23 03:00","1983","02","23","03:00"," ","","","","","","","28,00","","28,00","","","","","","","","","","ND"
"1983-02-23 04:00","1983","02","23","04:00"," ","","","","","","","29,00","","22,00","","","","","","","","","","ND"
"1983-02-23 05:00","1983","02","23","05:00"," ","","","","","","","30,00","","22,00","","","","","","","","","","ND"
"1983-02-23 06:00","1983","02","23","06:00"," ","1,40","","0,10","","91,00","","30,00","","15,00","","19,30","","97,85","","","","","","Nuageux"
"1983-02-23 07:00","1983","02","23","07:00"," ","1,30","","-0,60","","87,00","","31,00","","20,00","","19,30","","97,88","","","","","","Nuageux"
"1983-02-23 08:00","1983","02","23","08:00"," ","1,30","","-0,80","","86,00","","32,00","","15,00","","16,10","","97,95","","","","","","Nuageux"
"1983-02-23 09:00","1983","02","23","09:00"," ","1,50","","-0,60","","86,00","","28,00","","15,00","","19,30","","98,02","","","","","","Généralement nuageux"
"1983-02-23 10:00","1983","02","23","10:00"," ","1,90","","-1,00","","81,00","","32,00","","11,00","","19,30","","98,02","","","","","","Généralement nuageux"
"1983-02-23 11:00","1983","02","23","11:00"," ","3,50","","-1,10","","72,00","","27,00","","19,00","","24,10","","98,02","","","","","","Généralement nuageux"
"1983-02-23 12:00","1983","02","23","12:00"," ","4,40","","-2,00","","63,00","","31,00","","22,00","","24,10","","98,02","","","","","","Généralement nuageux"
"1983-02-23 13:00","1983","02","23","13:00"," ","4,90","","-2,70","","58,00","","33,00","","22,00","","24,10","","97,98","","","","","","Généralement nuageux"
"1983-02-23 14:00","1983","02","23","14:00"," ","4,50","","-2,60","","60,00","","31,00","","20,00","","24,10","","97,95","","","","","","Généralement nuageux"
"1983-02-23 15:00","1983","02","23","15:00"," ","4,20","","-3,10","","59,00","","31,00","","24,00","","24,10","","97,95","","","","","","Généralement nuageux"
"1983-02-23 16:00","1983","02","23","16:00"," ","3,20","","-2,80","","65,00","","30,00","","20,00","","25,00","","97,98","","","","","","Généralement nuageux"
"1983-02-23 17:00","1983","02","23","17:00"," ","2,60","","-3,00","","66,00","","30,00","","24,00","","25,00","","98,02","","","","","","Généralement nuageux"
"1983-02-23 18:00","1983","02","23","18:00"," ","1,80","","-3,00","","70,00","","28,00","","13,00","","25,00","","98,05","","","","","","Généralement nuageux"
"1983-02-23 19:00","1983","02","23","19:00"," ","1,40","","-3,10","","72,00","","30,00","","13,00","","25,00","","98,08","","","","","","Nuageux"
"1983-02-23 20:00","1983","02","23","20:00"," ","1,10","","-2,80","","75,00","","29,00","","9,00","","25,00","","98,08","","","","","","Nuageux"
"1983-02-23 21:00","1983","02","23","21:00"," ","1,00","","-2,90","","75,00","","28,00","","9,00","","24,10","","98,08","","","","","","Nuageux"
"1983-02-23 22:00","1983","02","23","22:00"," ","","","","","","","26,00","","9,00","","","","","","","","","","ND"
"1983-02-23 23:00","1983","02","23","23:00"," ","","","","","","","25,00","","9,00","","","","","","","","","","ND"
"1983-02-24 00:00","1983","02","24","00:00"," ","","","","","","","26,00","","6,00","","","","","","","","","","ND"
"1983-02-24 01:00","1983","02","24","01:00"," ","","","","","","","26,00","","6,00","","","","","","","","","","ND"
"1983-02-24 02:00","1983","02","24","02:00"," ","","","","","","","27,00","","7,00","","","","","","","","","","ND"
"1983-02-24 03:00","1983","02","24","03:00"," ","","","","","","","27,00","","6,00","","","","","","","","","","ND"
"1983-02-24 04:00","1983","02","24","04:00"," ","","","","","","","25,00","","7,00","","","","","","","","","","ND"
"1983-02-24 05:00","1983","02","24","05:00"," ","","","","","","","24,00","","13,00","","","","","","","","","","ND"
"1983-02-24 06:00","1983","02","24","06:00"," ","0,10","","-2,90","","80,00","","26,00","","15,00","","24,10","","98,02","","","","","","Nuageux"
"1983-02-24 07:00","1983","02","24","07:00"," ","-0,20","","-3,50","","78,00","","29,00","","13,00","","12,90","","98,02","","","","-4,00","","Averses de neige"
"1983-02-24 08:00","1983","02","24","08:00"," ","-0,10","","-4,20","","74,00","","28,00","","15,00","","19,30","","98,08","","","","-5,00","","Nuageux"
"1983-02-24 09:00","1983","02","24","09:00"," ","0,30","","-4,30","","71,00","","28,00","","15,00","","24,10","","98,11","","","","","","Généralement nuageux"
"1983-02-24 10:00","1983","02","24","10:00"," ","0,20","","-4,70","","69,00","","31,00","","17,00","","24,10","","98,11","","","","","","Nuageux"
"1983-02-24 11:00","1983","02","24","11:00"," ","0,40","","-4,80","","68,00","","30,00","","19,00","","19,30","","98,08","","","","","","Nuageux"
"1983-02-24 12:00","1983","02","24","12:00"," ","0,60","","-5,10","","65,00","","30,00","","17,00","","19,30","","98,05","","","","","","Averses de neige"
"1983-02-24 13:00","1983","02","24","13:00"," ","1,30","","-5,40","","61,00","","30,00","","19,00","","16,10","","97,95","","","","","","Nuageux"
"1983-02-24 14:00","1983","02","24","14:00"," ","1,50","","-5,30","","61,00","","28,00","","13,00","","16,10","","97,92","","","","","","Nuageux"
"1983-02-24 15:00","1983","02","24","15:00"," ","1,40","","-6,20","","57,00","","33,00","","13,00","","24,10","","97,92","","","","","","Nuageux"
"1983-02-24 16:00","1983","02","24","16:00"," ","0,90","","-6,10","","59,00","","33,00","","9,00","","9,70","","97,92","","","","","","Averses de neige"
"1983-02-24 17:00","1983","02","24","17:00"," ","0,40","","-4,80","","68,00","","35,00","","17,00","","16,10","","97,95","","","","","","Averses de neige"
"1983-02-24 18:00","1983","02","24","18:00"," ","-1,10","","-3,30","","85,00","","2,00","","20,00","","1,20","","97,98","","","","-7,00","","Averses de neige"
"1983-02-24 19:00","1983","02","24","19:00"," ","-2,30","","-3,00","","95,00","","2,00","","17,00","","1,00","","98,05","","","","-8,00","","Averses de neige"
"1983-02-24 20:00","1983","02","24","20:00"," ","-3,00","","-4,30","","91,00","","1,00","","22,00","","1,60","","98,11","","","","-9,00","","Averses de neige"
"1983-02-24 21:00","1983","02","24","21:00"," ","-3,50","","-5,40","","87,00","","36,00","","19,00","","4,00","","98,18","","","","-9,00","","Averses de neige"
"1983-02-24 22:00","1983","02","24","22:00"," ","","","","","","","35,00","","17,00","","","","","","","","","","ND"
"1983-02-24 23:00","1983","02","24","23:00"," ","","","","","","","34,00","","19,00","","","","","","","","","","ND"
"1983-02-25 00:00","1983","02","25","00:00"," ","","","","","","","35,00","","13,00","","","","","","","","","","ND"
"1983-02-25 01:00","1983","02","25","01:00"," ","","","","","","","35,00","","15,00","","","","","","","","","","ND"
"1983-02-25 02:00","1983","02","25","02:00"," ","","","","","","","35,00","","13,00","","","","","","","","","","ND"
"1983-02-25 03:00","1983","02","25","03:00"," ","","","","","","","3,00","","17,00","","","","","","","","","","ND"
"1983-02-25 04:00","1983","02","25","04:00"," ","","","","","","","1,00","","19,00","","","","","","","","","","ND"
"1983-02-25 05:00","1983","02","25","05:00"," ","","","","","","","2,00","","19,00","","","","","","","","","","ND"
"1983-02-25 06:00","1983","02","25","06:00"," ","-5,90","","-9,20","","77,00","","2,00","","22,00","","24,10","","98,41","","","","-13,00","","Nuageux"
"1983-02-25 07:00","1983","02","25","07:00"," ","-6,30","","-9,10","","80,00","","1,00","","24,00","","19,30","","98,51","","","","-14,00","","Averses de neige"
"1983-02-25 08:00","1983","02","25","08:00"," ","-6,30","","-9,30","","79,00","","2,00","","26,00","","19,30","","98,61","","","","-14,00","","Averses de neige"
"1983-02-25 09:00","1983","02","25","09:00"," ","-6,10","","-9,10","","79,00","","1,00","","28,00","","11,30","","98,67","","","","-14,00","","Averses de neige"
"1983-02-25 10:00","1983","02","25","10:00"," ","-6,20","","-9,00","","81,00","","2,00","","24,00","","4,80","","98,71","","","","-14,00","","Averses de neige"
"1983-02-25 11:00","1983","02","25","11:00"," ","-5,50","","-9,60","","73,00","","2,00","","22,00","","24,10","","98,78","","","","-13,00","","Averses de neige"
"1983-02-25 12:00","1983","02","25","12:00"," ","-4,60","","-9,90","","66,00","","1,00","","22,00","","24,10","","98,78","","","","-11,00","","Généralement dégagé"
"1983-02-25 13:00","1983","02","25","13:00"," ","-3,50","","-9,20","","64,00","","2,00","","20,00","","24,10","","98,74","","","","-10,00","","Généralement nuageux"
"1983-02-25 14:00","1983","02","25","14:00"," ","-3,60","","-9,20","","65,00","","36,00","","22,00","","24,10","","98,74","","","","-10,00","","Averses de neige"
"1983-02-25 15:00","1983","02","25","15:00"," ","-2,60","","-8,70","","63,00","","2,00","","17,00","","25,00","","98,74","","","","-8,00","","Généralement dégagé"
"1983-02-25 16:00","1983","02","25","16:00"," ","-2,50","","-9,60","","58,00","","2,00","","20,00","","25,00","","98,78","","","","-8,00","","Généralement dégagé"
"1983-02-25 17:00","1983","02","25","17:00"," ","-3,10","","-10,10","","58,00","","3,00","","20,00","","25,00","","98,84","","","","-9,00","","Généralement dégagé"
"1983-02-25 18:00","1983","02","25","18:00"," ","-3,80","","-9,40","","65,00","","4,00","","22,00","","24,10","","98,91","","","","-10,00","","Généralement dégagé"
"1983-02-25 19:00","1983","02","25","19:00"," ","-4,70","","-9,70","","68,00","","2,00","","24,00","","24,10","","99,01","","","","-12,00","","Averses de neige"
"1983-02-25 20:00","1983","02","25","20:00"," ","-6,10","","-11,00","","68,00","","36,00","","24,00","","25,00","","99,07","","","","-14,00","","Généralement dégagé"
"1983-02-25 21:00","1983","02","25","21:00"," ","-6,40","","-11,00","","70,00","","35,00","","17,00","","25,00","","99,14","","","","-13,00","","Dégagé"
"1983-02-25 22:00","1983","02","25","22:00"," ","","","","","","","34,00","","13,00","","","","","","","","","","ND"
"1983-02-25 23:00","1983","02","25","23:00"," ","","","","","","","34,00","","13,00","","","","","","","","","","ND"
"1983-02-26 00:00","1983","02","26","00:00"," ","","","","","","","36,00","","17,00","","","","","","","","","","ND"
"1983-02-26 01:00","1983","02","26","01:00"," ","","","","","","","36,00","","19,00","","","","","","","","","","ND"
"1983-02-26 02:00","1983","02","26","02:00"," ","","","","","","","36,00","","19,00","","","","","","","","","","ND"
"1983-02-26 03:00","1983","02","26","03:00"," ","","","","","","","35,00","","17,00","","","","","","","","","","ND"
"1983-02-26 04:00","1983","02","26","04:00"," ","","","","","","","36,00","","13,00","","","","","","","","","","ND"
"1983-02-26 05:00","1983","02","26","05:00"," ","","","","","","","35,00","","13,00","","","","","","","","","","ND"
"1983-02-26 06:00","1983","02","26","06:00"," ","-8,40","","-12,20","","74,00","","35,00","","11,00","","25,00","","99,54","","","","-14,00","","Généralement dégagé"
"1983-02-26 07:00","1983","02","26","07:00"," ","-8,70","","-11,80","","78,00","","34,00","","11,00","","25,00","","99,64","","","","-14,00","","Dégagé"
"1983-02-26 08:00","1983","02","26","08:00"," ","-7,40","","-11,10","","75,00","","33,00","","11,00","","25,00","","99,77","","","","-12,00","","Dégagé"
"1983-02-26 09:00","1983","02","26","09:00"," ","-6,00","","-11,10","","67,00","","33,00","","15,00","","25,00","","99,84","","","","-12,00","","Dégagé"
"1983-02-26 10:00","1983","02","26","10:00"," ","-5,60","","-10,60","","68,00","","35,00","","15,00","","25,00","","99,84","","","","-11,00","","Dégagé"
"1983-02-26 11:00","1983","02","26","11:00"," ","-3,90","","-10,50","","60,00","","33,00","","11,00","","25,00","","99,87","","","","-8,00","","Dégagé"
"1983-02-26 12:00","1983","02","26","12:00"," ","-3,20","","-9,70","","61,00","","31,00","","6,00","","25,00","","99,87","","","","-6,00","","Dégagé"
"1983-02-26 13:00","1983","02","26","13:00"," ","-1,40","","-9,10","","56,00","","25,00","","7,00","","25,00","","99,84","","","","-4,00","","Dégagé"
"1983-02-26 14:00","1983","02","26","14:00"," ","-1,30","","-9,50","","53,00","","33,00","","7,00","","25,00","","99,80","","","","-4,00","","Dégagé"
"1983-02-26 15:00","1983","02","26","15:00"," ","0,20","","-8,40","","52,00","","24,00","","9,00","","25,00","","99,77","","","","","","Dégagé"
"1983-02-26 16:00","1983","02","26","16:00"," ","0,50","","-9,40","","47,00","","28,00","","6,00","","25,00","","99,74","","","","","","Dégagé"
"1983-02-26 17:00","1983","02","26","17:00"," ","0,30","","-9,40","","48,00","","25,00","","13,00","","25,00","","99,77","","","","","","Dégagé"
"1983-02-26 18:00","1983","02","26","18:00"," ","-1,40","","-8,20","","60,00","","24,00","","9,00","","25,00","","99,77","","","","-5,00","","Dégagé"
"1983-02-26 19:00","1983","02","26","19:00"," ","-2,50","","-5,90","","77,00","","22,00","","13,00","","25,00","","99,84","","","","-7,00","","Dégagé"
"1983-02-26 20:00","1983","02","26","20:00"," ","-3,10","","-5,60","","83,00","","20,00","","9,00","","25,00","","99,84","","","","-7,00","","Dégagé"
"1983-02-26 21:00","1983","02","26","21:00"," ","-3,30","","-5,40","","85,00","","23,00","","13,00","","25,00","","99,84","","","","-8,00","","Dégagé"
"1983-02-26 22:00","1983","02","26","22:00"," ","","","","","","","25,00","","15,00","","","","","","","","","","ND"
"1983-02-26 23:00","1983","02","26","23:00"," ","","","","","","","24,00","","15,00","","","","","","","","","","ND"
"1983-02-27 00:00","1983","02","27","00:00"," ","","","","","","","24,00","","15,00","","","","","","","","","","ND"
"1983-02-27 01:00","1983","02","27","01:00"," ","","","","","","","23,00","","15,00","","","","","","","","","","ND"
"1983-02-27 02:00","1983","02","27","02:00"," ","","","","","","","22,00","","15,00","","","","","","","","","","ND"
"1983-02-27 03:00","1983","02","27","03:00"," ","","","","","","","24,00","","17,00","","","","","","","","","","ND"
"1983-02-27 04:00","1983","02","27","04:00"," ","","","","","","","23,00","","15,00","","","","","","","","","","ND"
"1983-02-27 05:00","1983","02","27","05:00"," ","","","","","","","23,00","","15,00","","","","","","","","","","ND"
"1983-02-27 06:00","1983","02","27","06:00"," ","-4,80","","-6,30","","89,00","","24,00","","13,00","","25,00","","99,80","","","","-10,00","","Dégagé"
"1983-02-27 07:00","1983","02","27","07:00"," ","-4,50","","-6,20","","88,00","","24,00","","19,00","","24,10","","99,84","","","","-11,00","","Généralement dégagé"
"1983-02-27 08:00","1983","02","27","08:00"," ","-3,70","","-5,20","","89,00","","24,00","","15,00","","16,10","","99,84","","","","-9,00","","Généralement dégagé"
"1983-02-27 09:00","1983","02","27","09:00"," ","-2,00","","-3,70","","88,00","","22,00","","20,00","","12,90","","99,87","","","","-8,00","","Généralement dégagé"
"1983-02-27 10:00","1983","02","27","10:00"," ","0,60","","-3,30","","75,00","","23,00","","26,00","","16,10","","99,80","","","","","","Généralement nuageux"
"1983-02-27 11:00","1983","02","27","11:00"," ","2,00","","-3,10","","69,00","","22,00","","22,00","","16,10","","99,74","","","","","","Généralement nuageux"
"1983-02-27 12:00","1983","02","27","12:00"," ","4,00","","-2,60","","62,00","","23,00","","20,00","","16,10","","99,70","","","","","","Généralement nuageux"
"1983-02-27 13:00","1983","02","27","13:00"," ","2,80","","-1,60","","73,00","","21,00","","20,00","","16,10","","99,64","","","","","","Généralement nuageux"
"1983-02-27 14:00","1983","02","27","14:00"," ","4,30","","-4,30","","54,00","","24,00","","20,00","","19,30","","99,57","","","","","","Généralement nuageux"
"1983-02-27 15:00","1983","02","27","15:00"," ","4,60","","-4,00","","54,00","","24,00","","19,00","","19,30","","99,51","","","","","","Généralement nuageux"
"1983-02-27 16:00","1983","02","27","16:00"," ","5,30","","-4,50","","49,00","","23,00","","24,00","","19,30","","99,47","","","","","","Généralement nuageux"
"1983-02-27 17:00","1983","02","27","17:00"," ","4,40","","-5,30","","49,00","","24,00","","22,00","","19,30","","99,47","","","","","","Généralement nuageux"
"1983-02-27 18:00","1983","02","27","18:00"," ","2,30","","-5,30","","57,00","","22,00","","13,00","","19,30","","99,47","","","","","","Généralement nuageux"
"1983-02-27 19:00","1983","02","27","19:00"," ","1,20","","-6,80","","55,00","","23,00","","13,00","","19,30","","99,54","","","","","","Généralement dégagé"
"1983-02-27 20:00","1983","02","27","20:00"," ","0,50","","-7,80","","54,00","","22,00","","15,00","","24,10","","99,47","","","","","","Généralement dégagé"
"1983-02-27 21:00","1983","02","27","21:00"," ","0,10","","-9,10","","50,00","","22,00","","19,00","","24,10","","99,44","","","","","","Généralement dégagé"
"1983-02-27 22:00","1983","02","27","22:00"," ","","","","","","","23,00","","15,00","","","","","","","","","","ND"
"1983-02-27 23:00","1983","02","27","23:00"," ","","","","","","","23,00","","15,00","","","","","","","","","","ND"
"1983-02-28 00:00","1983","02","28","00:00"," ","","","","","","","23,00","","11,00","","","","","","","","","","ND"
"1983-02-28 01:00","1983","02","28","01:00"," ","","","","","","","23,00","","9,00","","","","","","","","","","ND"
"1983-02-28 02:00","1983","02","28","02:00"," ","","","","","","","23,00","","9,00","","","","","","","","","","ND"
"1983-02-28 03:00","1983","02","28","03:00"," ","","","","","","","23,00","","9,00","","","","","","","","","","ND"
"1983-02-28 04:00","1983","02","28","04:00"," ","","","","","","","25,00","","9,00","","","","","","","","","","ND"
"1983-02-28 05:00","1983","02","28","05:00"," ","","","","","","","25,00","","13,00","","","","","","","","","","ND"
"1983-02-28 06:00","1983","02","28","06:00"," ","-3,10","","-6,40","","78,00","","22,00","","9,00","","19,30","","99,21","","","","-7,00","","Généralement dégagé"
"1983-02-28 07:00","1983","02","28","07:00"," ","-3,50","","-6,60","","79,00","","22,00","","7,00","","16,10","","99,21","","","","-6,00","","Généralement nuageux"
"1983-02-28 08:00","1983","02","28","08:00"," ","-2,70","","-5,10","","84,00","","18,00","","9,00","","16,10","","99,21","","","","-6,00","","Généralement nuageux"
"1983-02-28 09:00","1983","02","28","09:00"," ","0,20","","-4,80","","69,00","","0,00","","0,00","","12,90","","99,17","","","","","","Généralement nuageux"
"1983-02-28 10:00","1983","02","28","10:00"," ","2,80","","-3,30","","64,00","","20,00","","11,00","","12,90","","99,11","","","","","","Généralement nuageux"
"1983-02-28 11:00","1983","02","28","11:00"," ","5,50","","-1,90","","59,00","","24,00","","11,00","","12,90","","99,11","","","","","","Nuageux"
"1983-02-28 12:00","1983","02","28","12:00"," ","6,40","","-2,10","","54,00","","18,00","","7,00","","12,90","","99,04","","","","","","Nuageux"
"1983-02-28 13:00","1983","02","28","13:00"," ","7,80","","-3,90","","43,00","","22,00","","17,00","","12,90","","98,98","","","","","","Nuageux"
"1983-02-28 14:00","1983","02","28","14:00"," ","8,60","","-3,90","","41,00","","18,00","","13,00","","12,90","","98,88","","","","","","Nuageux"
"1983-02-28 15:00","1983","02","28","15:00"," ","9,00","","-5,40","","36,00","","19,00","","11,00","","12,90","","98,81","","","","","","Généralement nuageux"
"1983-02-28 16:00","1983","02","28","16:00"," ","9,70","","-6,90","","30,00","","19,00","","9,00","","16,10","","98,81","","","","","","Généralement nuageux"
"1983-02-28 17:00","1983","02","28","17:00"," ","9,20","","-5,10","","36,00","","19,00","","11,00","","16,10","","98,78","","","","","","Généralement nuageux"
"1983-02-28 18:00","1983","02","28","18:00"," ","6,60","","-4,20","","46,00","","0,00","","0,00","","16,10","","98,74","","","","","","Généralement dégagé"
"1983-02-28 19:00","1983","02","28","19:00"," ","4,60","","-6,60","","44,00","","17,00","","7,00","","16,10","","98,74","","","","","","Généralement dégagé"
"1983-02-28 20:00","1983","02","28","20:00"," ","3,40","","-6,30","","49,00","","15,00","","6,00","","24,10","","98,71","","","","","","Généralement dégagé"
"1983-02-28 21:00","1983","02","28","21:00"," ","1,90","","-2,40","","73,00","","1,00","","9,00","","19,30","","98,71","","","","","","Généralement dégagé"
"1983-02-28 22:00","1983","02","28","22:00"," ","","","","","","","2,00","","11,00","","","","","","","","","","ND"
"1983-02-28 23:00","1983","02","28","23:00"," ","","","","","","","3,00","","7,00","","","","","","","","","","ND"
