"Nom de la Station","HAMILTON A"
"Province","ONTARIO"
"Latitude","43,17"
"Longitude","-79,93"
"Altitude","237,70"
"Identification Climat","6153194"
"Identification OMM","71263"
"Identification TC","YHM"
"Toutes les heures sont exprimées en heure normale locale (HNL). Pour convertir l'heure locale en heure avancée de l'Est (HAE), ajoutez 1 heure s'il y a lieu."

"Légende"
"M","Données Manquantes"
"E","Valeur Estimée"
"ND","Non Disponible"
"**","Données fournies par un partenaire, non assujetties à un révision par les Archives climatiques nationales du Canada"

"Date/Heure","Année","Mois","Jour","Heure","Qualité des Données","Temp (°C)","Temp Indicateur","Point de rosée (°C)","Point de rosée Indicateur","Hum. rel (%)","Hum. rel. Indicateur","Dir. du vent (10s deg)","Dir. du vent Indicateur","Vit. du vent (km/h)","Vit. du vent Indicateur","Visibilité (km)","Visibilité Indicateur","Pression à la station (kPa)","Pression à la station Indicateur","Hmdx","Hmdx Indicateur","Refroid. éolien","Refroid. éolien Indicateur","Temps"
"1986-12-01 00:00","1986","12","01","00:00"," ","","","","","","","9,00","","24,00","","","","","","","","","","ND"
"1986-12-01 01:00","1986","12","01","01:00"," ","","","","","","","9,00","","24,00","","","","","","","","","","ND"
"1986-12-01 02:00","1986","12","01","02:00"," ","","","","","","","9,00","","24,00","","","","","","","","","","ND"
"1986-12-01 03:00","1986","12","01","03:00"," ","","","","","","","9,00","","26,00","","","","","","","","","","ND"
"1986-12-01 04:00","1986","12","01","04:00"," ","","","","","","","9,00","","28,00","","","","","","","","","","ND"
"1986-12-01 05:00","1986","12","01","05:00"," ","","","","","","","9,00","","26,00","","","","","","","","","","ND"
"1986-12-01 06:00","1986","12","01","06:00"," ","-3,30","","-6,00","","81,00","","8,00","","30,00","","25,00","","100,77","","","","-11,00","","Généralement nuageux"
"1986-12-01 07:00","1986","12","01","07:00"," ","-3,20","","-6,10","","80,00","","9,00","","28,00","","25,00","","100,81","","","","-10,00","","Généralement nuageux"
"1986-12-01 08:00","1986","12","01","08:00"," ","-3,50","","-6,40","","80,00","","9,00","","30,00","","24,10","","100,77","","","","-11,00","","Généralement nuageux"
"1986-12-01 09:00","1986","12","01","09:00"," ","-3,80","","-6,90","","79,00","","9,00","","37,00","","19,30","","100,77","","","","-12,00","","Généralement dégagé"
"1986-12-01 10:00","1986","12","01","10:00"," ","-3,00","","-6,60","","76,00","","8,00","","39,00","","24,10","","100,77","","","","-11,00","","Généralement nuageux"
"1986-12-01 11:00","1986","12","01","11:00"," ","-2,60","","-7,10","","71,00","","8,00","","37,00","","19,30","","100,77","","","","-11,00","","Généralement nuageux"
"1986-12-01 12:00","1986","12","01","12:00"," ","-2,40","","-6,90","","71,00","","8,00","","33,00","","24,10","","100,67","","","","-10,00","","Généralement nuageux"
"1986-12-01 13:00","1986","12","01","13:00"," ","-2,20","","-6,90","","70,00","","8,00","","33,00","","19,30","","100,57","","","","-10,00","","Nuageux"
"1986-12-01 14:00","1986","12","01","14:00"," ","-1,40","","-6,40","","69,00","","7,00","","35,00","","24,10","","100,51","","","","-9,00","","Nuageux"
"1986-12-01 15:00","1986","12","01","15:00"," ","-1,30","","-5,50","","73,00","","6,00","","35,00","","24,10","","100,44","","","","-9,00","","Nuageux"
"1986-12-01 16:00","1986","12","01","16:00"," ","-1,00","","-4,90","","75,00","","6,00","","35,00","","24,10","","100,38","","","","-8,00","","Nuageux"
"1986-12-01 17:00","1986","12","01","17:00"," ","-1,10","","-6,20","","68,00","","7,00","","30,00","","24,10","","100,38","","","","-8,00","","Nuageux"
"1986-12-01 18:00","1986","12","01","18:00"," ","-1,30","","-6,80","","66,00","","7,00","","33,00","","24,10","","100,34","","","","-8,00","","Nuageux"
"1986-12-01 19:00","1986","12","01","19:00"," ","-1,80","","-7,60","","64,00","","7,00","","35,00","","24,10","","100,28","","","","-9,00","","Nuageux"
"1986-12-01 20:00","1986","12","01","20:00"," ","-1,80","","-7,90","","63,00","","7,00","","31,00","","24,10","","100,24","","","","-9,00","","Nuageux"
"1986-12-01 21:00","1986","12","01","21:00"," ","-1,80","","-8,10","","62,00","","7,00","","33,00","","24,10","","100,18","","","","-9,00","","Nuageux"
"1986-12-01 22:00","1986","12","01","22:00"," ","","","","","","","7,00","","26,00","","","","","","","","","","ND"
"1986-12-01 23:00","1986","12","01","23:00"," ","","","","","","","7,00","","30,00","","","","","","","","","","ND"
"1986-12-02 00:00","1986","12","02","00:00"," ","","","","","","","7,00","","26,00","","","","","","","","","","ND"
"1986-12-02 01:00","1986","12","02","01:00"," ","","","","","","","8,00","","24,00","","","","","","","","","","ND"
"1986-12-02 02:00","1986","12","02","02:00"," ","","","","","","","7,00","","30,00","","","","","","","","","","ND"
"1986-12-02 03:00","1986","12","02","03:00"," ","","","","","","","8,00","","22,00","","","","","","","","","","ND"
"1986-12-02 04:00","1986","12","02","04:00"," ","","","","","","","7,00","","20,00","","","","","","","","","","ND"
"1986-12-02 05:00","1986","12","02","05:00"," ","","","","","","","6,00","","24,00","","","","","","","","","","ND"
"1986-12-02 06:00","1986","12","02","06:00"," ","-1,00","","-1,00","","100,00","","6,00","","33,00","","3,20","","99,48","","","","-8,00","","Neige,Granules de glace ou grésil"
"1986-12-02 07:00","1986","12","02","07:00"," ","-0,20","","-0,50","","98,00","","8,00","","20,00","","2,80","","99,48","","","","-5,00","","Neige,Granules de glace ou grésil"
"1986-12-02 08:00","1986","12","02","08:00"," ","-0,30","","-0,30","","100,00","","7,00","","20,00","","2,40","","99,45","","","","-6,00","","Neige"
"1986-12-02 09:00","1986","12","02","09:00"," ","-0,10","","-0,20","","99,00","","8,00","","19,00","","2,40","","99,48","","","","-5,00","","Neige,Granules de glace ou grésil"
"1986-12-02 10:00","1986","12","02","10:00"," ","0,10","","0,10","","100,00","","8,00","","17,00","","3,20","","99,32","","","","","","Pluie,Neige,Brouillard"
"1986-12-02 11:00","1986","12","02","11:00"," ","0,30","","0,30","","100,00","","8,00","","17,00","","2,80","","99,28","","","","","","Pluie,Brouillard"
"1986-12-02 12:00","1986","12","02","12:00"," ","0,50","","0,50","","100,00","","9,00","","20,00","","3,20","","99,15","","","","","","Pluie,Granules de glace ou grésil,Brouillard"
"1986-12-02 13:00","1986","12","02","13:00"," ","0,50","","0,50","","100,00","","8,00","","20,00","","2,40","","98,99","","","","","","Pluie,Neige,Brouillard"
"1986-12-02 14:00","1986","12","02","14:00"," ","0,90","","0,90","","100,00","","9,00","","17,00","","4,80","","98,82","","","","","","Pluie,Brouillard"
"1986-12-02 15:00","1986","12","02","15:00"," ","1,10","","1,10","","100,00","","8,00","","20,00","","2,40","","98,79","","","","","","Pluie,Brouillard"
"1986-12-02 16:00","1986","12","02","16:00"," ","1,10","","1,10","","100,00","","7,00","","22,00","","1,20","","98,69","","","","","","Pluie,Brouillard"
"1986-12-02 17:00","1986","12","02","17:00"," ","1,10","","1,10","","100,00","","8,00","","20,00","","1,20","","98,62","","","","","","Pluie,Brouillard"
"1986-12-02 18:00","1986","12","02","18:00"," ","1,10","","1,10","","100,00","","7,00","","20,00","","1,60","","98,49","","","","","","Pluie,Bruine,Brouillard"
"1986-12-02 19:00","1986","12","02","19:00"," ","1,10","","1,10","","100,00","","7,00","","20,00","","1,60","","98,36","","","","","","Pluie,Bruine,Brouillard"
"1986-12-02 20:00","1986","12","02","20:00"," ","1,20","","1,20","","100,00","","7,00","","20,00","","1,60","","98,26","","","","","","Pluie,Bruine,Brouillard"
"1986-12-02 21:00","1986","12","02","21:00"," ","1,20","","1,20","","100,00","","7,00","","19,00","","2,00","","98,12","","","","","","Pluie,Bruine,Brouillard"
"1986-12-02 22:00","1986","12","02","22:00"," ","","","","","","","7,00","","20,00","","","","","","","","","","ND"
"1986-12-02 23:00","1986","12","02","23:00"," ","","","","","","","7,00","","17,00","","","","","","","","","","ND"
"1986-12-03 00:00","1986","12","03","00:00"," ","","","","","","","7,00","","15,00","","","","","","","","","","ND"
"1986-12-03 01:00","1986","12","03","01:00"," ","","","","","","","6,00","","13,00","","","","","","","","","","ND"
"1986-12-03 02:00","1986","12","03","02:00"," ","","","","","","","2,00","","9,00","","","","","","","","","","ND"
"1986-12-03 03:00","1986","12","03","03:00"," ","","","","","","","1,00","","7,00","","","","","","","","","","ND"
"1986-12-03 04:00","1986","12","03","04:00"," ","","","","","","","2,00","","6,00","","","","","","","","","","ND"
"1986-12-03 05:00","1986","12","03","05:00"," ","","","","","","","32,00","","7,00","","","","","","","","","","ND"
"1986-12-03 06:00","1986","12","03","06:00"," ","1,10","","1,10","","100,00","","21,00","","7,00","","0,20","","97,30","","","","","","Pluie,Brouillard"
"1986-12-03 07:00","1986","12","03","07:00"," ","0,80","","0,80","","100,00","","22,00","","9,00","","0,40","","97,30","","","","","","Pluie,Brouillard"
"1986-12-03 08:00","1986","12","03","08:00"," ","0,90","","0,90","","100,00","","23,00","","13,00","","0,40","","97,30","","","","","","Pluie,Brouillard"
"1986-12-03 09:00","1986","12","03","09:00"," ","1,40","","1,40","","100,00","","23,00","","17,00","","0,40","","97,30","","","","","","Brouillard"
"1986-12-03 10:00","1986","12","03","10:00"," ","3,00","","3,00","","100,00","","24,00","","28,00","","1,00","","97,33","","","","","","Brouillard"
"1986-12-03 11:00","1986","12","03","11:00"," ","2,90","","2,70","","99,00","","25,00","","30,00","","8,00","","97,36","","","","","","Brouillard"
"1986-12-03 12:00","1986","12","03","12:00"," ","2,90","","2,90","","100,00","","26,00","","33,00","","6,40","","97,36","","","","","","Averses de pluie,Brouillard"
"1986-12-03 13:00","1986","12","03","13:00"," ","2,50","","1,80","","95,00","","25,00","","35,00","","8,00","","97,40","","","","","","Averses de pluie,Brouillard"
"1986-12-03 14:00","1986","12","03","14:00"," ","2,20","","1,00","","92,00","","25,00","","43,00","","14,50","","97,43","","","","","","Nuageux"
"1986-12-03 15:00","1986","12","03","15:00"," ","2,30","","0,60","","89,00","","24,00","","39,00","","16,10","","97,50","","","","","","Averses de pluie"
"1986-12-03 16:00","1986","12","03","16:00"," ","1,70","","0,60","","92,00","","24,00","","39,00","","4,80","","97,56","","","","","","Averses de granules de glace ou de grésil,Averses de neige,Brouillard"
"1986-12-03 17:00","1986","12","03","17:00"," ","1,80","","-0,20","","87,00","","24,00","","37,00","","12,90","","97,63","","","","","","Averses de neige"
"1986-12-03 18:00","1986","12","03","18:00"," ","0,60","","-0,20","","94,00","","25,00","","41,00","","9,70","","97,76","","","","","","Averses de neige"
"1986-12-03 19:00","1986","12","03","19:00"," ","1,10","","-1,70","","81,00","","25,00","","48,00","","2,40","","97,79","","","","","","Averses de neige,Poudrerie élevée"
"1986-12-03 20:00","1986","12","03","20:00"," ","0,40","","-4,90","","68,00","","25,00","","54,00","","24,10","","97,93","","","","","","Averses de neige"
"1986-12-03 21:00","1986","12","03","21:00"," ","0,00","","-4,90","","70,00","","25,00","","50,00","","25,00","","97,93","","","","-8,00","","Généralement nuageux"
"1986-12-03 22:00","1986","12","03","22:00"," ","","","","","","","25,00","","41,00","","","","","","","","","","ND"
"1986-12-03 23:00","1986","12","03","23:00"," ","","","","","","","24,00","","33,00","","","","","","","","","","ND"
"1986-12-04 00:00","1986","12","04","00:00"," ","","","","","","","24,00","","41,00","","","","","","","","","","ND"
"1986-12-04 01:00","1986","12","04","01:00"," ","","","","","","","25,00","","43,00","","","","","","","","","","ND"
"1986-12-04 02:00","1986","12","04","02:00"," ","","","","","","","24,00","","37,00","","","","","","","","","","ND"
"1986-12-04 03:00","1986","12","04","03:00"," ","","","","","","","24,00","","33,00","","","","","","","","","","ND"
"1986-12-04 04:00","1986","12","04","04:00"," ","","","","","","","24,00","","44,00","","","","","","","","","","ND"
"1986-12-04 05:00","1986","12","04","05:00"," ","","","","","","","25,00","","43,00","","","","","","","","","","ND"
"1986-12-04 06:00","1986","12","04","06:00"," ","-1,40","","-4,40","","80,00","","24,00","","37,00","","25,00","","98,32","","","","-9,00","","Nuageux"
"1986-12-04 07:00","1986","12","04","07:00"," ","-2,00","","-4,40","","84,00","","24,00","","37,00","","24,10","","98,36","","","","-10,00","","Généralement nuageux"
"1986-12-04 08:00","1986","12","04","08:00"," ","-1,20","","-5,10","","75,00","","24,00","","41,00","","16,10","","98,39","","","","-9,00","","Averses de neige"
"1986-12-04 09:00","1986","12","04","09:00"," ","-1,30","","-4,30","","80,00","","24,00","","39,00","","19,30","","98,46","","","","-9,00","","Généralement nuageux"
"1986-12-04 10:00","1986","12","04","10:00"," ","-1,10","","-4,40","","78,00","","24,00","","43,00","","24,10","","98,52","","","","-9,00","","Généralement nuageux"
"1986-12-04 11:00","1986","12","04","11:00"," ","-0,50","","-3,70","","79,00","","24,00","","39,00","","24,10","","98,55","","","","-8,00","","Généralement nuageux"
"1986-12-04 12:00","1986","12","04","12:00"," ","-0,10","","-4,20","","74,00","","25,00","","50,00","","24,10","","98,55","","","","-8,00","","Généralement nuageux"
"1986-12-04 13:00","1986","12","04","13:00"," ","-0,10","","-5,00","","70,00","","25,00","","46,00","","24,10","","98,55","","","","-8,00","","Généralement nuageux"
"1986-12-04 14:00","1986","12","04","14:00"," ","-1,80","","-3,30","","89,00","","27,00","","31,00","","3,20","","98,65","","","","-9,00","","Averses de neige"
"1986-12-04 15:00","1986","12","04","15:00"," ","-2,00","","-3,10","","92,00","","25,00","","28,00","","3,20","","98,72","","","","-9,00","","Averses de neige"
"1986-12-04 16:00","1986","12","04","16:00"," ","-2,10","","-3,50","","90,00","","24,00","","26,00","","11,30","","98,79","","","","-9,00","","Averses de neige"
"1986-12-04 17:00","1986","12","04","17:00"," ","-2,10","","-4,00","","87,00","","24,00","","24,00","","19,30","","98,85","","","","-8,00","","Généralement nuageux"
"1986-12-04 18:00","1986","12","04","18:00"," ","-2,90","","-4,90","","86,00","","24,00","","30,00","","24,10","","98,92","","","","-10,00","","Généralement dégagé"
"1986-12-04 19:00","1986","12","04","19:00"," ","-3,10","","-5,40","","84,00","","25,00","","28,00","","25,00","","99,02","","","","-10,00","","Généralement dégagé"
"1986-12-04 20:00","1986","12","04","20:00"," ","-2,40","","-6,90","","71,00","","26,00","","35,00","","25,00","","99,02","","","","-10,00","","Averses de neige"
"1986-12-04 21:00","1986","12","04","21:00"," ","-2,60","","-6,30","","76,00","","26,00","","35,00","","16,10","","99,12","","","","-10,00","","Averses de neige"
"1986-12-04 22:00","1986","12","04","22:00"," ","","","","","","","25,00","","39,00","","","","","","","","","","ND"
"1986-12-04 23:00","1986","12","04","23:00"," ","","","","","","","26,00","","33,00","","","","","","","","","","ND"
"1986-12-05 00:00","1986","12","05","00:00"," ","","","","","","","25,00","","33,00","","","","","","","","","","ND"
"1986-12-05 01:00","1986","12","05","01:00"," ","","","","","","","25,00","","33,00","","","","","","","","","","ND"
"1986-12-05 02:00","1986","12","05","02:00"," ","","","","","","","25,00","","33,00","","","","","","","","","","ND"
"1986-12-05 03:00","1986","12","05","03:00"," ","","","","","","","25,00","","35,00","","","","","","","","","","ND"
"1986-12-05 04:00","1986","12","05","04:00"," ","","","","","","","24,00","","31,00","","","","","","","","","","ND"
"1986-12-05 05:00","1986","12","05","05:00"," ","","","","","","","24,00","","31,00","","","","","","","","","","ND"
"1986-12-05 06:00","1986","12","05","06:00"," ","-4,70","","-7,10","","83,00","","23,00","","26,00","","24,10","","99,61","","","","-12,00","","Nuageux"
"1986-12-05 07:00","1986","12","05","07:00"," ","-3,90","","-6,10","","84,00","","24,00","","28,00","","24,10","","99,68","","","","-11,00","","Nuageux"
"1986-12-05 08:00","1986","12","05","08:00"," ","-3,50","","-5,60","","85,00","","25,00","","24,00","","12,90","","99,78","","","","-10,00","","Nuageux"
"1986-12-05 09:00","1986","12","05","09:00"," ","-2,90","","-4,70","","87,00","","26,00","","22,00","","12,90","","99,88","","","","-9,00","","Averses de neige"
"1986-12-05 10:00","1986","12","05","10:00"," ","-2,40","","-4,20","","87,00","","25,00","","24,00","","12,90","","99,98","","","","-9,00","","Averses de neige"
"1986-12-05 11:00","1986","12","05","11:00"," ","-1,50","","-3,60","","85,00","","25,00","","20,00","","19,30","","100,05","","","","-7,00","","Généralement nuageux"
"1986-12-05 12:00","1986","12","05","12:00"," ","0,30","","-3,00","","79,00","","24,00","","24,00","","19,30","","100,01","","","","","","Généralement nuageux"
"1986-12-05 13:00","1986","12","05","13:00"," ","0,40","","-2,80","","79,00","","24,00","","24,00","","19,30","","100,01","","","","","","Généralement nuageux"
"1986-12-05 14:00","1986","12","05","14:00"," ","0,00","","-2,90","","81,00","","25,00","","22,00","","19,30","","100,05","","","","-6,00","","Généralement nuageux"
"1986-12-05 15:00","1986","12","05","15:00"," ","-0,40","","-2,60","","85,00","","25,00","","22,00","","19,30","","100,08","","","","-6,00","","Nuageux"
"1986-12-05 16:00","1986","12","05","16:00"," ","-0,40","","-3,10","","82,00","","24,00","","19,00","","25,00","","100,14","","","","-6,00","","Généralement nuageux"
"1986-12-05 17:00","1986","12","05","17:00"," ","-0,40","","-4,20","","75,00","","25,00","","22,00","","25,00","","100,18","","","","-6,00","","Généralement nuageux"
"1986-12-05 18:00","1986","12","05","18:00"," ","-0,70","","-5,40","","71,00","","25,00","","22,00","","25,00","","100,18","","","","-6,00","","Généralement dégagé"
"1986-12-05 19:00","1986","12","05","19:00"," ","-2,40","","-5,40","","80,00","","23,00","","17,00","","25,00","","100,18","","","","-8,00","","Dégagé"
"1986-12-05 20:00","1986","12","05","20:00"," ","-2,90","","-5,90","","80,00","","24,00","","20,00","","25,00","","100,14","","","","-9,00","","Généralement dégagé"
"1986-12-05 21:00","1986","12","05","21:00"," ","-2,80","","-5,90","","79,00","","23,00","","17,00","","25,00","","100,11","","","","-8,00","","Généralement nuageux"
"1986-12-05 22:00","1986","12","05","22:00"," ","","","","","","","23,00","","15,00","","","","","","","","","","ND"
"1986-12-05 23:00","1986","12","05","23:00"," ","","","","","","","22,00","","15,00","","","","","","","","","","ND"
"1986-12-06 00:00","1986","12","06","00:00"," ","","","","","","","21,00","","19,00","","","","","","","","","","ND"
"1986-12-06 01:00","1986","12","06","01:00"," ","","","","","","","21,00","","35,00","","","","","","","","","","ND"
"1986-12-06 02:00","1986","12","06","02:00"," ","","","","","","","21,00","","37,00","","","","","","","","","","ND"
"1986-12-06 03:00","1986","12","06","03:00"," ","","","","","","","21,00","","33,00","","","","","","","","","","ND"
"1986-12-06 04:00","1986","12","06","04:00"," ","","","","","","","22,00","","31,00","","","","","","","","","","ND"
"1986-12-06 05:00","1986","12","06","05:00"," ","","","","","","","21,00","","30,00","","","","","","","","","","ND"
"1986-12-06 06:00","1986","12","06","06:00"," ","-0,60","","-3,40","","81,00","","22,00","","35,00","","19,30","","99,61","","","","-8,00","","Nuageux"
"1986-12-06 07:00","1986","12","06","07:00"," ","0,00","","-3,00","","80,00","","22,00","","41,00","","19,30","","99,55","","","","-7,00","","Nuageux"
"1986-12-06 08:00","1986","12","06","08:00"," ","0,20","","-2,60","","81,00","","22,00","","37,00","","19,30","","99,48","","","","","","Généralement nuageux"
"1986-12-06 09:00","1986","12","06","09:00"," ","0,90","","-2,10","","80,00","","24,00","","37,00","","19,30","","99,52","","","","","","Généralement nuageux"
"1986-12-06 10:00","1986","12","06","10:00"," ","0,70","","-1,00","","88,00","","25,00","","35,00","","2,40","","99,61","","","","","","Neige"
"1986-12-06 11:00","1986","12","06","11:00"," ","0,00","","-1,10","","92,00","","24,00","","37,00","","2,80","","99,61","","","","-7,00","","Neige"
"1986-12-06 12:00","1986","12","06","12:00"," ","-0,70","","-1,40","","95,00","","23,00","","35,00","","2,80","","99,61","","","","-8,00","","Neige"
"1986-12-06 13:00","1986","12","06","13:00"," ","-0,40","","-1,40","","93,00","","25,00","","31,00","","3,20","","99,61","","","","-7,00","","Neige"
"1986-12-06 14:00","1986","12","06","14:00"," ","-0,60","","-1,30","","95,00","","24,00","","28,00","","3,20","","99,61","","","","-7,00","","Neige"
"1986-12-06 15:00","1986","12","06","15:00"," ","-0,40","","-1,30","","94,00","","24,00","","26,00","","3,60","","99,71","","","","-7,00","","Neige"
"1986-12-06 16:00","1986","12","06","16:00"," ","-0,30","","-1,10","","94,00","","23,00","","20,00","","6,40","","99,78","","","","-6,00","","Brouillard"
"1986-12-06 17:00","1986","12","06","17:00"," ","-0,20","","-1,10","","94,00","","24,00","","20,00","","6,40","","99,91","","","","-5,00","","Brouillard"
"1986-12-06 18:00","1986","12","06","18:00"," ","-0,20","","-1,10","","94,00","","24,00","","13,00","","8,00","","99,98","","","","-4,00","","Brouillard"
"1986-12-06 19:00","1986","12","06","19:00"," ","-0,30","","-1,10","","94,00","","24,00","","11,00","","11,30","","100,08","","","","-4,00","","Averses de neige"
"1986-12-06 20:00","1986","12","06","20:00"," ","-0,70","","-1,30","","96,00","","24,00","","7,00","","12,90","","100,11","","","","-3,00","","Nuageux"
"1986-12-06 21:00","1986","12","06","21:00"," ","-0,40","","-2,40","","86,00","","30,00","","9,00","","16,10","","100,14","","","","-4,00","","Nuageux"
"1986-12-06 22:00","1986","12","06","22:00"," ","","","","","","","33,00","","13,00","","","","","","","","","","ND"
"1986-12-06 23:00","1986","12","06","23:00"," ","","","","","","","32,00","","7,00","","","","","","","","","","ND"
"1986-12-07 00:00","1986","12","07","00:00"," ","","","","","","","36,00","","7,00","","","","","","","","","","ND"
"1986-12-07 01:00","1986","12","07","01:00"," ","","","","","","","21,00","","11,00","","","","","","","","","","ND"
"1986-12-07 02:00","1986","12","07","02:00"," ","","","","","","","20,00","","7,00","","","","","","","","","","ND"
"1986-12-07 03:00","1986","12","07","03:00"," ","","","","","","","0,00","","0,00","","","","","","","","","","ND"
"1986-12-07 04:00","1986","12","07","04:00"," ","","","","","","","8,00","","6,00","","","","","","","","","","ND"
"1986-12-07 05:00","1986","12","07","05:00"," ","","","","","","","11,00","","9,00","","","","","","","","","","ND"
"1986-12-07 06:00","1986","12","07","06:00"," ","-1,60","","-3,50","","87,00","","12,00","","13,00","","16,10","","99,61","","","","-6,00","","Nuageux"
"1986-12-07 07:00","1986","12","07","07:00"," ","-0,90","","-2,70","","87,00","","13,00","","13,00","","3,20","","99,52","","","","-5,00","","Neige"
"1986-12-07 08:00","1986","12","07","08:00"," ","-1,30","","-1,50","","98,00","","18,00","","13,00","","2,40","","99,38","","","","-6,00","","Neige"
"1986-12-07 09:00","1986","12","07","09:00"," ","0,70","","0,50","","98,00","","20,00","","26,00","","2,80","","99,32","","","","","","Neige"
"1986-12-07 10:00","1986","12","07","10:00"," ","1,20","","0,70","","96,00","","20,00","","28,00","","6,40","","99,18","","","","","","Pluie,Neige,Brouillard"
"1986-12-07 11:00","1986","12","07","11:00"," ","1,30","","0,90","","97,00","","22,00","","33,00","","6,40","","99,02","","","","","","Pluie,Brouillard"
"1986-12-07 12:00","1986","12","07","12:00"," ","1,00","","0,70","","98,00","","21,00","","33,00","","4,00","","98,85","","","","","","Neige"
"1986-12-07 13:00","1986","12","07","13:00"," ","0,40","","0,40","","100,00","","22,00","","28,00","","1,20","","98,65","","","","","","Neige"
"1986-12-07 14:00","1986","12","07","14:00"," ","1,10","","0,90","","98,00","","23,00","","31,00","","8,00","","98,62","","","","","","Neige"
"1986-12-07 15:00","1986","12","07","15:00"," ","1,10","","0,80","","98,00","","24,00","","33,00","","3,60","","98,62","","","","","","Pluie,Neige"
"1986-12-07 16:00","1986","12","07","16:00"," ","0,70","","0,50","","98,00","","24,00","","37,00","","2,80","","98,69","","","","","","Neige"
"1986-12-07 17:00","1986","12","07","17:00"," ","0,70","","0,50","","98,00","","25,00","","31,00","","6,40","","98,75","","","","","","Neige,Brouillard"
"1986-12-07 18:00","1986","12","07","18:00"," ","0,70","","0,60","","99,00","","25,00","","24,00","","6,40","","98,85","","","","","","Neige"
"1986-12-07 19:00","1986","12","07","19:00"," ","0,80","","0,60","","99,00","","25,00","","22,00","","12,90","","98,95","","","","","","Nuageux"
"1986-12-07 20:00","1986","12","07","20:00"," ","1,00","","0,60","","97,00","","26,00","","15,00","","16,10","","99,05","","","","","","Nuageux"
"1986-12-07 21:00","1986","12","07","21:00"," ","1,10","","0,10","","93,00","","30,00","","17,00","","16,10","","99,12","","","","","","Nuageux"
"1986-12-07 22:00","1986","12","07","22:00"," ","","","","","","","24,00","","11,00","","","","","","","","","","ND"
"1986-12-07 23:00","1986","12","07","23:00"," ","","","","","","","24,00","","11,00","","","","","","","","","","ND"
"1986-12-08 00:00","1986","12","08","00:00"," ","","","","","","","25,00","","9,00","","","","","","","","","","ND"
"1986-12-08 01:00","1986","12","08","01:00"," ","","","","","","","25,00","","9,00","","","","","","","","","","ND"
"1986-12-08 02:00","1986","12","08","02:00"," ","","","","","","","32,00","","13,00","","","","","","","","","","ND"
"1986-12-08 03:00","1986","12","08","03:00"," ","","","","","","","31,00","","9,00","","","","","","","","","","ND"
"1986-12-08 04:00","1986","12","08","04:00"," ","","","","","","","3,00","","28,00","","","","","","","","","","ND"
"1986-12-08 05:00","1986","12","08","05:00"," ","","","","","","","3,00","","24,00","","","","","","","","","","ND"
"1986-12-08 06:00","1986","12","08","06:00"," ","-5,00","","-8,80","","75,00","","4,00","","28,00","","19,30","","99,68","","","","-13,00","","Généralement nuageux"
"1986-12-08 07:00","1986","12","08","07:00"," ","-5,60","","-8,60","","79,00","","4,00","","30,00","","19,30","","99,71","","","","-14,00","","Généralement nuageux"
"1986-12-08 08:00","1986","12","08","08:00"," ","-6,20","","-8,60","","83,00","","4,00","","30,00","","12,90","","99,78","","","","-15,00","","Généralement nuageux"
"1986-12-08 09:00","1986","12","08","09:00"," ","-6,10","","-8,10","","86,00","","5,00","","33,00","","4,80","","99,81","","","","-15,00","","Averses de neige"
"1986-12-08 10:00","1986","12","08","10:00"," ","-4,90","","-6,10","","91,00","","6,00","","35,00","","2,40","","99,85","","","","-13,00","","Averses de neige"
"1986-12-08 11:00","1986","12","08","11:00"," ","-5,50","","-7,40","","86,00","","7,00","","37,00","","9,70","","99,81","","","","-14,00","","Averses de neige"
"1986-12-08 12:00","1986","12","08","12:00"," ","-6,10","","-7,10","","93,00","","7,00","","35,00","","9,70","","99,71","","","","-15,00","","Averses de neige"
"1986-12-08 13:00","1986","12","08","13:00"," ","-5,70","","-7,90","","85,00","","7,00","","39,00","","19,30","","99,61","","","","-15,00","","Nuageux"
"1986-12-08 14:00","1986","12","08","14:00"," ","-5,40","","-6,70","","90,00","","7,00","","37,00","","19,30","","99,58","","","","-14,00","","Nuageux"
"1986-12-08 15:00","1986","12","08","15:00"," ","-5,30","","-7,10","","87,00","","7,00","","37,00","","19,30","","99,58","","","","-14,00","","Nuageux"
"1986-12-08 16:00","1986","12","08","16:00"," ","-5,10","","-6,00","","93,00","","7,00","","41,00","","1,60","","99,52","","","","-14,00","","Neige"
"1986-12-08 17:00","1986","12","08","17:00"," ","-5,40","","-6,20","","94,00","","7,00","","41,00","","0,80","","99,52","","","","-15,00","","Neige modérée"
"1986-12-08 18:00","1986","12","08","18:00"," ","-5,70","","-6,60","","93,00","","7,00","","41,00","","2,40","","99,48","","","","-15,00","","Neige"
"1986-12-08 19:00","1986","12","08","19:00"," ","-5,90","","-7,10","","91,00","","8,00","","37,00","","6,40","","99,42","","","","-15,00","","Neige"
"1986-12-08 20:00","1986","12","08","20:00"," ","-5,60","","-6,60","","93,00","","7,00","","39,00","","4,80","","99,35","","","","-15,00","","Neige"
"1986-12-08 21:00","1986","12","08","21:00"," ","-5,40","","-6,50","","92,00","","6,00","","37,00","","6,40","","99,28","","","","-14,00","","Neige"
"1986-12-08 22:00","1986","12","08","22:00"," ","","","","","","","7,00","","37,00","","","","","","","","","","ND"
"1986-12-08 23:00","1986","12","08","23:00"," ","","","","","","","7,00","","35,00","","","","","","","","","","ND"
"1986-12-09 00:00","1986","12","09","00:00"," ","","","","","","","7,00","","35,00","","","","","","","","","","ND"
"1986-12-09 01:00","1986","12","09","01:00"," ","","","","","","","5,00","","33,00","","","","","","","","","","ND"
"1986-12-09 02:00","1986","12","09","02:00"," ","","","","","","","6,00","","28,00","","","","","","","","","","ND"
"1986-12-09 03:00","1986","12","09","03:00"," ","","","","","","","4,00","","30,00","","","","","","","","","","ND"
"1986-12-09 04:00","1986","12","09","04:00"," ","","","","","","","4,00","","31,00","","","","","","","","","","ND"
"1986-12-09 05:00","1986","12","09","05:00"," ","","","","","","","4,00","","28,00","","","","","","","","","","ND"
"1986-12-09 06:00","1986","12","09","06:00"," ","-4,90","","-5,20","","97,00","","4,00","","26,00","","0,40","","98,62","","","","-12,00","","Bruine verglaçante,Brouillard"
"1986-12-09 07:00","1986","12","09","07:00"," ","-4,50","","-4,70","","98,00","","4,00","","24,00","","0,20","","98,52","","","","-12,00","","Bruine verglaçante,Brouillard"
"1986-12-09 08:00","1986","12","09","08:00"," ","-4,10","","-4,20","","99,00","","5,00","","22,00","","0,20","","98,46","","","","-11,00","","Pluie verglaçante,Brouillard"
"1986-12-09 09:00","1986","12","09","09:00"," ","-3,00","","-3,00","","100,00","","5,00","","17,00","","0,20","","98,36","","","","-9,00","","Pluie verglaçante,Brouillard"
"1986-12-09 10:00","1986","12","09","10:00"," ","-1,90","","-1,90","","100,00","","5,00","","17,00","","0,00","","98,29","","","","-7,00","","Pluie verglaçante,Brouillard"
"1986-12-09 11:00","1986","12","09","11:00"," ","-0,80","","-0,80","","100,00","","5,00","","17,00","","0,00","","98,12","","","","-6,00","","Pluie verglaçante,Brouillard"
"1986-12-09 12:00","1986","12","09","12:00"," ","-0,20","","-0,20","","100,00","","6,00","","13,00","","0,20","","97,93","","","","-4,00","","Pluie verglaçante modérée,Brouillard"
"1986-12-09 13:00","1986","12","09","13:00"," ","0,10","","0,10","","100,00","","5,00","","15,00","","0,40","","97,76","","","","","","Pluie,Brouillard"
"1986-12-09 14:00","1986","12","09","14:00"," ","0,20","","0,20","","100,00","","6,00","","15,00","","0,20","","97,59","","","","","","Pluie,Brouillard"
"1986-12-09 15:00","1986","12","09","15:00"," ","0,30","","0,30","","100,00","","3,00","","13,00","","0,20","","97,53","","","","","","Pluie,Brouillard"
"1986-12-09 16:00","1986","12","09","16:00"," ","0,40","","0,40","","100,00","","3,00","","9,00","","0,60","","97,50","","","","","","Pluie,Brouillard"
"1986-12-09 17:00","1986","12","09","17:00"," ","0,40","","0,40","","100,00","","30,00","","15,00","","4,00","","97,66","","","","","","Pluie,Brouillard"
"1986-12-09 18:00","1986","12","09","18:00"," ","0,70","","0,70","","100,00","","28,00","","11,00","","8,00","","97,63","","","","","","Bruine,Brouillard"
"1986-12-09 19:00","1986","12","09","19:00"," ","0,60","","0,60","","100,00","","24,00","","17,00","","6,40","","97,79","","","","","","Brouillard"
"1986-12-09 20:00","1986","12","09","20:00"," ","1,60","","1,60","","100,00","","27,00","","20,00","","11,30","","97,86","","","","","","Généralement nuageux"
"1986-12-09 21:00","1986","12","09","21:00"," ","1,70","","1,70","","100,00","","26,00","","24,00","","9,70","","97,96","","","","","","Brouillard"
"1986-12-09 22:00","1986","12","09","22:00"," ","","","","","","","27,00","","28,00","","","","","","","","","","ND"
"1986-12-09 23:00","1986","12","09","23:00"," ","","","","","","","26,00","","28,00","","","","","","","","","","ND"
"1986-12-10 00:00","1986","12","10","00:00"," ","","","","","","","24,00","","22,00","","","","","","","","","","ND"
"1986-12-10 01:00","1986","12","10","01:00"," ","","","","","","","25,00","","31,00","","","","","","","","","","ND"
"1986-12-10 02:00","1986","12","10","02:00"," ","","","","","","","25,00","","31,00","","","","","","","","","","ND"
"1986-12-10 03:00","1986","12","10","03:00"," ","","","","","","","24,00","","26,00","","","","","","","","","","ND"
"1986-12-10 04:00","1986","12","10","04:00"," ","","","","","","","24,00","","31,00","","","","","","","","","","ND"
"1986-12-10 05:00","1986","12","10","05:00"," ","","","","","","","25,00","","35,00","","","","","","","","","","ND"
"1986-12-10 06:00","1986","12","10","06:00"," ","0,50","","-3,40","","75,00","","26,00","","37,00","","19,30","","98,19","","","","","","Nuageux"
"1986-12-10 07:00","1986","12","10","07:00"," ","-1,70","","-4,90","","79,00","","27,00","","39,00","","16,10","","98,32","","","","-10,00","","Averses de neige"
"1986-12-10 08:00","1986","12","10","08:00"," ","-3,30","","-7,30","","74,00","","27,00","","48,00","","25,00","","98,42","","","","-12,00","","Généralement nuageux"
"1986-12-10 09:00","1986","12","10","09:00"," ","-4,40","","-9,20","","69,00","","27,00","","52,00","","19,30","","98,55","","","","-14,00","","Généralement nuageux"
"1986-12-10 10:00","1986","12","10","10:00"," ","-4,80","","-9,70","","68,00","","27,00","","44,00","","19,30","","98,62","","","","-14,00","","Averses de neige"
"1986-12-10 11:00","1986","12","10","11:00"," ","-5,70","","-10,50","","69,00","","26,00","","44,00","","19,30","","98,65","","","","-15,00","","Averses de neige"
"1986-12-10 12:00","1986","12","10","12:00"," ","-5,60","","-11,30","","64,00","","26,00","","44,00","","19,30","","98,65","","","","-15,00","","Averses de neige"
"1986-12-10 13:00","1986","12","10","13:00"," ","-5,70","","-10,50","","69,00","","26,00","","43,00","","24,10","","98,65","","","","-15,00","","Averses de neige"
"1986-12-10 14:00","1986","12","10","14:00"," ","-5,40","","-10,90","","65,00","","26,00","","46,00","","24,10","","98,72","","","","-15,00","","Averses de neige"
"1986-12-10 15:00","1986","12","10","15:00"," ","-5,20","","-10,90","","64,00","","26,00","","39,00","","24,10","","98,75","","","","-14,00","","Averses de neige"
"1986-12-10 16:00","1986","12","10","16:00"," ","-5,80","","-11,00","","66,00","","25,00","","41,00","","24,10","","98,85","","","","-15,00","","Généralement nuageux"
"1986-12-10 17:00","1986","12","10","17:00"," ","-6,10","","-10,40","","72,00","","25,00","","35,00","","24,10","","98,85","","","","-15,00","","Généralement dégagé"
"1986-12-10 18:00","1986","12","10","18:00"," ","-6,10","","-10,40","","72,00","","25,00","","35,00","","25,00","","98,95","","","","-15,00","","Généralement dégagé"
"1986-12-10 19:00","1986","12","10","19:00"," ","-6,00","","-9,90","","74,00","","25,00","","37,00","","25,00","","99,05","","","","-15,00","","Généralement nuageux"
"1986-12-10 20:00","1986","12","10","20:00"," ","-5,80","","-10,00","","72,00","","25,00","","35,00","","25,00","","99,12","","","","-15,00","","Généralement dégagé"
"1986-12-10 21:00","1986","12","10","21:00"," ","-6,50","","-10,10","","75,00","","26,00","","31,00","","25,00","","99,12","","","","-15,00","","Généralement dégagé"
"1986-12-10 22:00","1986","12","10","22:00"," ","","","","","","","26,00","","20,00","","","","","","","","","","ND"
"1986-12-10 23:00","1986","12","10","23:00"," ","","","","","","","26,00","","24,00","","","","","","","","","","ND"
"1986-12-11 00:00","1986","12","11","00:00"," ","","","","","","","26,00","","20,00","","","","","","","","","","ND"
"1986-12-11 01:00","1986","12","11","01:00"," ","","","","","","","23,00","","22,00","","","","","","","","","","ND"
"1986-12-11 02:00","1986","12","11","02:00"," ","","","","","","","24,00","","24,00","","","","","","","","","","ND"
"1986-12-11 03:00","1986","12","11","03:00"," ","","","","","","","26,00","","20,00","","","","","","","","","","ND"
"1986-12-11 04:00","1986","12","11","04:00"," ","","","","","","","27,00","","20,00","","","","","","","","","","ND"
"1986-12-11 05:00","1986","12","11","05:00"," ","","","","","","","26,00","","13,00","","","","","","","","","","ND"
"1986-12-11 06:00","1986","12","11","06:00"," ","-7,10","","-9,80","","81,00","","25,00","","13,00","","24,10","","99,08","","","","-13,00","","Nuageux"
"1986-12-11 07:00","1986","12","11","07:00"," ","-6,90","","-9,80","","80,00","","21,00","","11,00","","24,10","","99,08","","","","-12,00","","Nuageux"
"1986-12-11 08:00","1986","12","11","08:00"," ","-6,80","","-9,50","","81,00","","19,00","","9,00","","16,10","","99,08","","","","-11,00","","Nuageux"
"1986-12-11 09:00","1986","12","11","09:00"," ","-6,20","","-8,60","","83,00","","17,00","","11,00","","12,90","","99,05","","","","-11,00","","Averses de neige"
"1986-12-11 10:00","1986","12","11","10:00"," ","-4,70","","-7,30","","82,00","","19,00","","15,00","","12,90","","98,95","","","","-10,00","","Généralement nuageux"
"1986-12-11 11:00","1986","12","11","11:00"," ","-3,20","","-7,30","","73,00","","20,00","","28,00","","16,10","","98,85","","","","-10,00","","Généralement nuageux"
"1986-12-11 12:00","1986","12","11","12:00"," ","-2,90","","-7,00","","73,00","","20,00","","30,00","","19,30","","98,72","","","","-10,00","","Généralement nuageux"
"1986-12-11 13:00","1986","12","11","13:00"," ","-2,70","","-6,80","","74,00","","20,00","","31,00","","19,30","","98,62","","","","-10,00","","Généralement nuageux"
"1986-12-11 14:00","1986","12","11","14:00"," ","-3,00","","-6,80","","75,00","","20,00","","35,00","","19,30","","98,46","","","","-11,00","","Généralement nuageux"
"1986-12-11 15:00","1986","12","11","15:00"," ","-3,30","","-7,40","","73,00","","21,00","","35,00","","24,10","","98,42","","","","-11,00","","Généralement nuageux"
"1986-12-11 16:00","1986","12","11","16:00"," ","-3,20","","-7,00","","75,00","","22,00","","22,00","","19,30","","98,26","","","","-10,00","","Généralement nuageux"
"1986-12-11 17:00","1986","12","11","17:00"," ","-3,90","","-6,80","","80,00","","23,00","","20,00","","19,30","","98,26","","","","-10,00","","Généralement dégagé"
"1986-12-11 18:00","1986","12","11","18:00"," ","-4,10","","-7,10","","80,00","","23,00","","19,00","","24,10","","98,26","","","","-10,00","","Généralement dégagé"
"1986-12-11 19:00","1986","12","11","19:00"," ","-3,20","","-7,00","","75,00","","21,00","","20,00","","24,10","","98,16","","","","-9,00","","Généralement dégagé"
"1986-12-11 20:00","1986","12","11","20:00"," ","-3,20","","-6,60","","77,00","","22,00","","22,00","","24,10","","98,12","","","","-10,00","","Généralement dégagé"
"1986-12-11 21:00","1986","12","11","21:00"," ","-2,50","","-6,20","","75,00","","22,00","","24,00","","25,00","","98,12","","","","-9,00","","Généralement nuageux"
"1986-12-11 22:00","1986","12","11","22:00"," ","","","","","","","23,00","","26,00","","","","","","","","","","ND"
"1986-12-11 23:00","1986","12","11","23:00"," ","","","","","","","23,00","","30,00","","","","","","","","","","ND"
"1986-12-12 00:00","1986","12","12","00:00"," ","","","","","","","23,00","","30,00","","","","","","","","","","ND"
"1986-12-12 01:00","1986","12","12","01:00"," ","","","","","","","24,00","","33,00","","","","","","","","","","ND"
"1986-12-12 02:00","1986","12","12","02:00"," ","","","","","","","24,00","","37,00","","","","","","","","","","ND"
"1986-12-12 03:00","1986","12","12","03:00"," ","","","","","","","24,00","","37,00","","","","","","","","","","ND"
"1986-12-12 04:00","1986","12","12","04:00"," ","","","","","","","24,00","","35,00","","","","","","","","","","ND"
"1986-12-12 05:00","1986","12","12","05:00"," ","","","","","","","24,00","","41,00","","","","","","","","","","ND"
"1986-12-12 06:00","1986","12","12","06:00"," ","-1,50","","-3,00","","89,00","","24,00","","31,00","","9,70","","98,22","","","","-9,00","","Averses de neige"
"1986-12-12 07:00","1986","12","12","07:00"," ","-1,50","","-4,20","","82,00","","25,00","","28,00","","12,90","","98,29","","","","-8,00","","Averses de neige"
"1986-12-12 08:00","1986","12","12","08:00"," ","-1,70","","-5,10","","78,00","","27,00","","24,00","","11,30","","98,36","","","","-8,00","","Averses de neige"
"1986-12-12 09:00","1986","12","12","09:00"," ","-2,10","","-5,80","","76,00","","27,00","","30,00","","8,00","","98,42","","","","-9,00","","Averses de neige"
"1986-12-12 10:00","1986","12","12","10:00"," ","-1,90","","-7,30","","66,00","","28,00","","30,00","","16,10","","98,42","","","","-9,00","","Averses de neige"
"1986-12-12 11:00","1986","12","12","11:00"," ","-1,60","","-7,90","","62,00","","26,00","","28,00","","24,10","","98,46","","","","-8,00","","Généralement dégagé"
"1986-12-12 12:00","1986","12","12","12:00"," ","-2,10","","-7,90","","64,00","","28,00","","22,00","","24,10","","98,39","","","","-8,00","","Généralement nuageux"
"1986-12-12 13:00","1986","12","12","13:00"," ","-2,40","","-6,20","","75,00","","29,00","","26,00","","24,10","","98,42","","","","-9,00","","Généralement nuageux"
"1986-12-12 14:00","1986","12","12","14:00"," ","-2,60","","-8,50","","64,00","","28,00","","26,00","","25,00","","98,46","","","","-9,00","","Généralement nuageux"
"1986-12-12 15:00","1986","12","12","15:00"," ","-2,90","","-8,90","","63,00","","29,00","","28,00","","25,00","","98,55","","","","-10,00","","Averses de neige"
"1986-12-12 16:00","1986","12","12","16:00"," ","-4,20","","-8,40","","73,00","","30,00","","30,00","","25,00","","98,65","","","","-12,00","","Généralement dégagé"
"1986-12-12 17:00","1986","12","12","17:00"," ","-5,70","","-10,20","","70,00","","28,00","","24,00","","25,00","","98,75","","","","-13,00","","Généralement dégagé"
"1986-12-12 18:00","1986","12","12","18:00"," ","-6,70","","-10,90","","72,00","","27,00","","24,00","","25,00","","98,85","","","","-14,00","","Généralement dégagé"
"1986-12-12 19:00","1986","12","12","19:00"," ","-6,90","","-10,10","","78,00","","27,00","","22,00","","25,00","","98,95","","","","-14,00","","Généralement nuageux"
"1986-12-12 20:00","1986","12","12","20:00"," ","-7,30","","-10,50","","78,00","","26,00","","24,00","","25,00","","98,99","","","","-15,00","","Généralement nuageux"
"1986-12-12 21:00","1986","12","12","21:00"," ","-7,30","","-9,90","","81,00","","26,00","","24,00","","25,00","","99,02","","","","-15,00","","Généralement nuageux"
"1986-12-12 22:00","1986","12","12","22:00"," ","","","","","","","26,00","","22,00","","","","","","","","","","ND"
"1986-12-12 23:00","1986","12","12","23:00"," ","","","","","","","28,00","","20,00","","","","","","","","","","ND"
"1986-12-13 00:00","1986","12","13","00:00"," ","","","","","","","32,00","","31,00","","","","","","","","","","ND"
"1986-12-13 01:00","1986","12","13","01:00"," ","","","","","","","32,00","","20,00","","","","","","","","","","ND"
"1986-12-13 02:00","1986","12","13","02:00"," ","","","","","","","32,00","","19,00","","","","","","","","","","ND"
"1986-12-13 03:00","1986","12","13","03:00"," ","","","","","","","31,00","","17,00","","","","","","","","","","ND"
"1986-12-13 04:00","1986","12","13","04:00"," ","","","","","","","31,00","","13,00","","","","","","","","","","ND"
"1986-12-13 05:00","1986","12","13","05:00"," ","","","","","","","27,00","","9,00","","","","","","","","","","ND"
"1986-12-13 06:00","1986","12","13","06:00"," ","-12,40","","-14,90","","81,00","","29,00","","15,00","","25,00","","100,11","","","","-20,00","","Dégagé"
"1986-12-13 07:00","1986","12","13","07:00"," ","-12,40","","-15,70","","76,00","","32,00","","22,00","","25,00","","100,24","","","","-21,00","","Dégagé"
"1986-12-13 08:00","1986","12","13","08:00"," ","-13,30","","-16,00","","80,00","","29,00","","13,00","","25,00","","100,38","","","","-20,00","","Dégagé"
"1986-12-13 09:00","1986","12","13","09:00"," ","-12,00","","-15,30","","76,00","","30,00","","13,00","","25,00","","100,48","","","","-19,00","","Dégagé"
"1986-12-13 10:00","1986","12","13","10:00"," ","-10,40","","-14,80","","70,00","","30,00","","13,00","","25,00","","100,64","","","","-17,00","","Dégagé"
"1986-12-13 11:00","1986","12","13","11:00"," ","-8,80","","-13,90","","66,00","","29,00","","13,00","","25,00","","100,64","","","","-15,00","","Dégagé"
"1986-12-13 12:00","1986","12","13","12:00"," ","-7,40","","-13,20","","63,00","","30,00","","20,00","","25,00","","100,64","","","","-15,00","","Généralement dégagé"
"1986-12-13 13:00","1986","12","13","13:00"," ","-6,90","","-12,80","","63,00","","26,00","","13,00","","25,00","","100,57","","","","-12,00","","Généralement dégagé"
"1986-12-13 14:00","1986","12","13","14:00"," ","-5,80","","-12,20","","60,00","","26,00","","24,00","","25,00","","100,61","","","","-13,00","","Généralement nuageux"
"1986-12-13 15:00","1986","12","13","15:00"," ","-7,10","","-12,20","","67,00","","25,00","","17,00","","25,00","","100,64","","","","-14,00","","Généralement nuageux"
"1986-12-13 16:00","1986","12","13","16:00"," ","-7,30","","-11,40","","72,00","","24,00","","17,00","","25,00","","100,64","","","","-14,00","","Averses de neige"
"1986-12-13 17:00","1986","12","13","17:00"," ","-7,40","","-11,50","","72,00","","22,00","","13,00","","25,00","","100,61","","","","-13,00","","Averses de neige"
"1986-12-13 18:00","1986","12","13","18:00"," ","-8,30","","-12,10","","74,00","","21,00","","13,00","","25,00","","100,57","","","","-14,00","","Dégagé"
"1986-12-13 19:00","1986","12","13","19:00"," ","-8,40","","-12,10","","74,00","","22,00","","13,00","","25,00","","100,54","","","","-14,00","","Dégagé"
"1986-12-13 20:00","1986","12","13","20:00"," ","-9,10","","-11,60","","82,00","","22,00","","17,00","","25,00","","100,51","","","","-16,00","","Dégagé"
"1986-12-13 21:00","1986","12","13","21:00"," ","-8,20","","-10,70","","82,00","","25,00","","19,00","","25,00","","100,48","","","","-15,00","","Averses de neige"
"1986-12-13 22:00","1986","12","13","22:00"," ","","","","","","","23,00","","15,00","","","","","","","","","","ND"
"1986-12-13 23:00","1986","12","13","23:00"," ","","","","","","","23,00","","15,00","","","","","","","","","","ND"
"1986-12-14 00:00","1986","12","14","00:00"," ","","","","","","","24,00","","15,00","","","","","","","","","","ND"
"1986-12-14 01:00","1986","12","14","01:00"," ","","","","","","","24,00","","15,00","","","","","","","","","","ND"
"1986-12-14 02:00","1986","12","14","02:00"," ","","","","","","","24,00","","15,00","","","","","","","","","","ND"
"1986-12-14 03:00","1986","12","14","03:00"," ","","","","","","","22,00","","17,00","","","","","","","","","","ND"
"1986-12-14 04:00","1986","12","14","04:00"," ","","","","","","","21,00","","28,00","","","","","","","","","","ND"
"1986-12-14 05:00","1986","12","14","05:00"," ","","","","","","","22,00","","35,00","","","","","","","","","","ND"
"1986-12-14 06:00","1986","12","14","06:00"," ","-4,40","","-8,30","","74,00","","23,00","","35,00","","16,10","","99,68","","","","-13,00","","Nuageux"
"1986-12-14 07:00","1986","12","14","07:00"," ","-4,80","","-9,00","","72,00","","22,00","","33,00","","19,30","","99,58","","","","-13,00","","Généralement nuageux"
"1986-12-14 08:00","1986","12","14","08:00"," ","-4,70","","-8,50","","75,00","","21,00","","33,00","","19,30","","99,52","","","","-13,00","","Généralement dégagé"
"1986-12-14 09:00","1986","12","14","09:00"," ","-3,70","","-7,70","","74,00","","21,00","","35,00","","19,30","","99,38","","","","-12,00","","Généralement dégagé"
"1986-12-14 10:00","1986","12","14","10:00"," ","-2,80","","-7,00","","73,00","","21,00","","43,00","","24,10","","99,22","","","","-11,00","","Généralement dégagé"
"1986-12-14 11:00","1986","12","14","11:00"," ","-2,50","","-6,80","","72,00","","21,00","","43,00","","24,10","","99,12","","","","-11,00","","Généralement nuageux"
"1986-12-14 12:00","1986","12","14","12:00"," ","-1,60","","-6,10","","71,00","","22,00","","37,00","","24,10","","99,02","","","","-9,00","","Généralement dégagé"
"1986-12-14 13:00","1986","12","14","13:00"," ","-0,70","","-5,60","","69,00","","21,00","","39,00","","24,10","","98,85","","","","-8,00","","Généralement nuageux"
"1986-12-14 14:00","1986","12","14","14:00"," ","0,60","","-3,30","","75,00","","24,00","","48,00","","6,40","","98,85","","","","","","Neige"
"1986-12-14 15:00","1986","12","14","15:00"," ","0,50","","-3,00","","77,00","","24,00","","39,00","","12,90","","98,85","","","","","","Nuageux"
"1986-12-14 16:00","1986","12","14","16:00"," ","0,30","","-3,70","","74,00","","24,00","","46,00","","16,10","","98,92","","","","","","Nuageux"
"1986-12-14 17:00","1986","12","14","17:00"," ","0,10","","-3,80","","75,00","","24,00","","46,00","","12,90","","98,95","","","","","","Nuageux"
"1986-12-14 18:00","1986","12","14","18:00"," ","0,40","","-3,30","","76,00","","24,00","","43,00","","19,30","","99,02","","","","","","Nuageux"
"1986-12-14 19:00","1986","12","14","19:00"," ","0,60","","-3,10","","76,00","","23,00","","39,00","","19,30","","99,08","","","","","","Nuageux"
"1986-12-14 20:00","1986","12","14","20:00"," ","1,30","","-2,50","","76,00","","24,00","","33,00","","19,30","","99,12","","","","","","Nuageux"
"1986-12-14 21:00","1986","12","14","21:00"," ","1,50","","-2,40","","75,00","","24,00","","33,00","","19,30","","99,18","","","","","","Nuageux"
"1986-12-14 22:00","1986","12","14","22:00"," ","","","","","","","24,00","","33,00","","","","","","","","","","ND"
"1986-12-14 23:00","1986","12","14","23:00"," ","","","","","","","24,00","","28,00","","","","","","","","","","ND"
"1986-12-15 00:00","1986","12","15","00:00"," ","","","","","","","24,00","","24,00","","","","","","","","","","ND"
"1986-12-15 01:00","1986","12","15","01:00"," ","","","","","","","24,00","","26,00","","","","","","","","","","ND"
"1986-12-15 02:00","1986","12","15","02:00"," ","","","","","","","25,00","","26,00","","","","","","","","","","ND"
"1986-12-15 03:00","1986","12","15","03:00"," ","","","","","","","25,00","","22,00","","","","","","","","","","ND"
"1986-12-15 04:00","1986","12","15","04:00"," ","","","","","","","24,00","","17,00","","","","","","","","","","ND"
"1986-12-15 05:00","1986","12","15","05:00"," ","","","","","","","23,00","","17,00","","","","","","","","","","ND"
"1986-12-15 06:00","1986","12","15","06:00"," ","0,80","","-0,90","","89,00","","25,00","","15,00","","12,90","","99,45","","","","","","Nuageux"
"1986-12-15 07:00","1986","12","15","07:00"," ","0,80","","-0,80","","89,00","","25,00","","13,00","","12,90","","99,52","","","","","","Nuageux"
"1986-12-15 08:00","1986","12","15","08:00"," ","0,60","","-0,80","","90,00","","24,00","","15,00","","8,00","","99,52","","","","","","Brouillard"
"1986-12-15 09:00","1986","12","15","09:00"," ","0,70","","-0,70","","90,00","","25,00","","15,00","","8,00","","99,58","","","","","","Brouillard"
"1986-12-15 10:00","1986","12","15","10:00"," ","0,90","","-0,60","","90,00","","24,00","","13,00","","8,00","","99,61","","","","","","Brouillard"
"1986-12-15 11:00","1986","12","15","11:00"," ","1,50","","-0,80","","85,00","","24,00","","11,00","","9,70","","99,61","","","","","","Brouillard,Brume sèche"
"1986-12-15 12:00","1986","12","15","12:00"," ","1,30","","-0,80","","86,00","","24,00","","15,00","","11,30","","99,58","","","","","","Nuageux"
"1986-12-15 13:00","1986","12","15","13:00"," ","1,40","","-1,50","","81,00","","24,00","","20,00","","12,90","","99,55","","","","","","Nuageux"
"1986-12-15 14:00","1986","12","15","14:00"," ","1,50","","-1,20","","82,00","","26,00","","19,00","","9,70","","99,55","","","","","","Brume sèche"
"1986-12-15 15:00","1986","12","15","15:00"," ","1,20","","-1,20","","84,00","","26,00","","11,00","","8,00","","99,55","","","","","","Brume sèche"
"1986-12-15 16:00","1986","12","15","16:00"," ","0,90","","-1,30","","85,00","","24,00","","15,00","","8,00","","99,55","","","","","","Brume sèche"
"1986-12-15 17:00","1986","12","15","17:00"," ","0,90","","-1,30","","85,00","","25,00","","15,00","","8,00","","99,55","","","","","","Brume sèche"
"1986-12-15 18:00","1986","12","15","18:00"," ","0,80","","-1,40","","85,00","","24,00","","17,00","","9,70","","99,58","","","","","","Brume sèche"
"1986-12-15 19:00","1986","12","15","19:00"," ","0,20","","-1,00","","91,00","","22,00","","13,00","","9,70","","99,58","","","","","","Brouillard"
"1986-12-15 20:00","1986","12","15","20:00"," ","0,50","","-1,00","","90,00","","22,00","","13,00","","8,00","","99,58","","","","","","Brouillard"
"1986-12-15 21:00","1986","12","15","21:00"," ","0,50","","-0,80","","91,00","","23,00","","9,00","","8,00","","99,55","","","","","","Brouillard"
"1986-12-15 22:00","1986","12","15","22:00"," ","","","","","","","24,00","","13,00","","","","","","","","","","ND"
"1986-12-15 23:00","1986","12","15","23:00"," ","","","","","","","26,00","","15,00","","","","","","","","","","ND"
"1986-12-16 00:00","1986","12","16","00:00"," ","","","","","","","25,00","","17,00","","","","","","","","","","ND"
"1986-12-16 01:00","1986","12","16","01:00"," ","","","","","","","25,00","","15,00","","","","","","","","","","ND"
"1986-12-16 02:00","1986","12","16","02:00"," ","","","","","","","27,00","","13,00","","","","","","","","","","ND"
"1986-12-16 03:00","1986","12","16","03:00"," ","","","","","","","26,00","","17,00","","","","","","","","","","ND"
"1986-12-16 04:00","1986","12","16","04:00"," ","","","","","","","27,00","","15,00","","","","","","","","","","ND"
"1986-12-16 05:00","1986","12","16","05:00"," ","","","","","","","28,00","","20,00","","","","","","","","","","ND"
"1986-12-16 06:00","1986","12","16","06:00"," ","-0,10","","-1,50","","90,00","","26,00","","9,00","","8,00","","99,48","","","","-3,00","","Brouillard"
"1986-12-16 07:00","1986","12","16","07:00"," ","-0,20","","-1,30","","93,00","","20,00","","6,00","","8,00","","99,48","","","","-2,00","","Brouillard"
"1986-12-16 08:00","1986","12","16","08:00"," ","-0,10","","-1,20","","92,00","","0,00","","0,00","","4,80","","99,45","","","","","","Brouillard"
"1986-12-16 09:00","1986","12","16","09:00"," ","0,00","","-0,90","","94,00","","20,00","","6,00","","4,80","","99,48","","","","-2,00","","Brouillard"
"1986-12-16 10:00","1986","12","16","10:00"," ","0,50","","-0,90","","90,00","","0,00","","0,00","","4,80","","99,52","","","","","","Brouillard"
"1986-12-16 11:00","1986","12","16","11:00"," ","0,70","","-0,70","","90,00","","0,00","","0,00","","4,80","","99,48","","","","","","Brouillard"
"1986-12-16 12:00","1986","12","16","12:00"," ","0,80","","-0,50","","91,00","","0,00","","0,00","","4,80","","99,45","","","","","","Brouillard"
"1986-12-16 13:00","1986","12","16","13:00"," ","1,00","","-0,40","","90,00","","0,00","","0,00","","4,80","","99,42","","","","","","Brouillard"
"1986-12-16 14:00","1986","12","16","14:00"," ","0,90","","-0,30","","92,00","","13,00","","6,00","","4,80","","99,38","","","","","","Brouillard"
"1986-12-16 15:00","1986","12","16","15:00"," ","0,80","","-0,20","","93,00","","8,00","","9,00","","4,00","","99,38","","","","","","Brouillard"
"1986-12-16 16:00","1986","12","16","16:00"," ","0,70","","0,30","","97,00","","8,00","","6,00","","2,40","","99,38","","","","","","Brouillard"
"1986-12-16 17:00","1986","12","16","17:00"," ","0,60","","0,40","","98,00","","9,00","","9,00","","1,20","","99,42","","","","","","Brouillard"
"1986-12-16 18:00","1986","12","16","18:00"," ","0,40","","0,40","","100,00","","8,00","","9,00","","0,80","","99,48","","","","","","Brouillard"
"1986-12-16 19:00","1986","12","16","19:00"," ","0,30","","0,10","","99,00","","12,00","","7,00","","2,00","","99,55","","","","","","Brouillard"
"1986-12-16 20:00","1986","12","16","20:00"," ","0,50","","0,10","","97,00","","9,00","","7,00","","2,80","","99,55","","","","","","Brouillard"
"1986-12-16 21:00","1986","12","16","21:00"," ","0,70","","0,00","","95,00","","6,00","","9,00","","4,00","","99,58","","","","","","Brouillard"
"1986-12-16 22:00","1986","12","16","22:00"," ","","","","","","","7,00","","6,00","","","","","","","","","","ND"
"1986-12-16 23:00","1986","12","16","23:00"," ","","","","","","","6,00","","9,00","","","","","","","","","","ND"
"1986-12-17 00:00","1986","12","17","00:00"," ","","","","","","","0,00","","0,00","","","","","","","","","","ND"
"1986-12-17 01:00","1986","12","17","01:00"," ","","","","","","","0,00","","0,00","","","","","","","","","","ND"
"1986-12-17 02:00","1986","12","17","02:00"," ","","","","","","","9,00","","9,00","","","","","","","","","","ND"
"1986-12-17 03:00","1986","12","17","03:00"," ","","","","","","","11,00","","6,00","","","","","","","","","","ND"
"1986-12-17 04:00","1986","12","17","04:00"," ","","","","","","","10,00","","6,00","","","","","","","","","","ND"
"1986-12-17 05:00","1986","12","17","05:00"," ","","","","","","","7,00","","7,00","","","","","","","","","","ND"
"1986-12-17 06:00","1986","12","17","06:00"," ","0,80","","0,50","","98,00","","9,00","","7,00","","2,00","","99,52","","","","","","Brouillard"
"1986-12-17 07:00","1986","12","17","07:00"," ","0,70","","0,50","","98,00","","8,00","","11,00","","2,00","","99,52","","","","","","Brouillard"
"1986-12-17 08:00","1986","12","17","08:00"," ","0,80","","0,60","","99,00","","8,00","","9,00","","1,20","","99,48","","","","","","Brouillard"
"1986-12-17 09:00","1986","12","17","09:00"," ","1,10","","1,00","","99,00","","11,00","","7,00","","1,60","","99,48","","","","","","Brouillard"
"1986-12-17 10:00","1986","12","17","10:00"," ","1,40","","1,30","","99,00","","9,00","","7,00","","1,60","","99,48","","","","","","Brouillard"
"1986-12-17 11:00","1986","12","17","11:00"," ","1,80","","1,60","","99,00","","0,00","","0,00","","2,40","","99,48","","","","","","Brouillard"
"1986-12-17 12:00","1986","12","17","12:00"," ","2,30","","1,90","","97,00","","14,00","","15,00","","2,40","","99,35","","","","","","Brouillard"
"1986-12-17 13:00","1986","12","17","13:00"," ","2,90","","2,20","","95,00","","18,00","","15,00","","3,20","","99,22","","","","","","Brouillard"
"1986-12-17 14:00","1986","12","17","14:00"," ","3,00","","2,00","","93,00","","18,00","","17,00","","6,40","","99,08","","","","","","Brouillard"
"1986-12-17 15:00","1986","12","17","15:00"," ","3,30","","2,20","","93,00","","18,00","","7,00","","6,40","","99,05","","","","","","Brouillard"
"1986-12-17 16:00","1986","12","17","16:00"," ","2,90","","2,10","","95,00","","0,00","","0,00","","6,40","","99,05","","","","","","Brouillard"
"1986-12-17 17:00","1986","12","17","17:00"," ","2,40","","1,50","","94,00","","14,00","","9,00","","6,40","","99,02","","","","","","Brouillard"
"1986-12-17 18:00","1986","12","17","18:00"," ","2,40","","1,50","","94,00","","9,00","","11,00","","8,00","","98,95","","","","","","Brouillard"
"1986-12-17 19:00","1986","12","17","19:00"," ","2,30","","1,40","","94,00","","9,00","","11,00","","8,00","","98,85","","","","","","Brouillard"
"1986-12-17 20:00","1986","12","17","20:00"," ","2,30","","1,40","","94,00","","9,00","","11,00","","8,00","","98,82","","","","","","Brouillard"
"1986-12-17 21:00","1986","12","17","21:00"," ","2,00","","1,20","","95,00","","9,00","","13,00","","8,00","","98,69","","","","","","Brouillard"
"1986-12-17 22:00","1986","12","17","22:00"," ","","","","","","","","","13,00","","","","","","","","","","ND"
"1986-12-17 23:00","1986","12","17","23:00"," ","","","","","","","","","15,00","","","","","","","","","","ND"
"1986-12-18 00:00","1986","12","18","00:00"," ","","","","","","","","","11,00","","","","","","","","","","ND"
"1986-12-18 01:00","1986","12","18","01:00"," ","","","","","","","","","13,00","","","","","","","","","","ND"
"1986-12-18 02:00","1986","12","18","02:00"," ","","","","","","","","","11,00","","","","","","","","","","ND"
"1986-12-18 03:00","1986","12","18","03:00"," ","","","","","","","","","17,00","","","","","","","","","","ND"
"1986-12-18 04:00","1986","12","18","04:00"," ","","","","","","","","","17,00","","","","","","","","","","ND"
"1986-12-18 05:00","1986","12","18","05:00"," ","","","","","","","","","13,00","","","","","","","","","","ND"
"1986-12-18 06:00","1986","12","18","06:00"," ","1,90","","1,90","","100,00","","14,00","","13,00","","2,40","","97,79","","","","","","Pluie,Brouillard"
"1986-12-18 07:00","1986","12","18","07:00"," ","2,40","","2,40","","100,00","","14,00","","7,00","","1,60","","97,73","","","","","","Pluie,Brouillard"
"1986-12-18 08:00","1986","12","18","08:00"," ","2,50","","2,50","","100,00","","18,00","","9,00","","1,20","","97,69","","","","","","Pluie,Brouillard"
"1986-12-18 09:00","1986","12","18","09:00"," ","2,90","","2,90","","100,00","","23,00","","17,00","","3,20","","97,76","","","","","","Pluie,Brouillard"
"1986-12-18 10:00","1986","12","18","10:00"," ","2,10","","1,90","","98,00","","23,00","","24,00","","9,70","","97,79","","","","","","Brouillard"
"1986-12-18 11:00","1986","12","18","11:00"," ","1,50","","1,20","","98,00","","23,00","","26,00","","8,00","","97,86","","","","","","Averses de pluie,Brouillard"
"1986-12-18 12:00","1986","12","18","12:00"," ","1,40","","1,00","","97,00","","24,00","","31,00","","8,00","","97,86","","","","","","Pluie,Brouillard"
"1986-12-18 13:00","1986","12","18","13:00"," ","1,20","","0,80","","97,00","","24,00","","30,00","","8,00","","97,86","","","","","","Bruine,Brouillard"
"1986-12-18 14:00","1986","12","18","14:00"," ","1,10","","0,50","","96,00","","24,00","","28,00","","9,70","","97,86","","","","","","Neige"
"1986-12-18 15:00","1986","12","18","15:00"," ","1,00","","0,40","","96,00","","23,00","","33,00","","11,30","","97,86","","","","","","Neige"
"1986-12-18 16:00","1986","12","18","16:00"," ","0,80","","0,10","","95,00","","23,00","","33,00","","6,40","","97,93","","","","","","Neige"
"1986-12-18 17:00","1986","12","18","17:00"," ","0,50","","0,30","","98,00","","23,00","","28,00","","8,00","","97,96","","","","","","Neige"
"1986-12-18 18:00","1986","12","18","18:00"," ","0,30","","0,30","","100,00","","23,00","","28,00","","4,00","","98,03","","","","","","Neige"
"1986-12-18 19:00","1986","12","18","19:00"," ","0,40","","0,40","","100,00","","26,00","","22,00","","4,00","","98,06","","","","","","Neige"
"1986-12-18 20:00","1986","12","18","20:00"," ","0,60","","0,60","","100,00","","25,00","","19,00","","9,70","","98,16","","","","","","Neige"
"1986-12-18 21:00","1986","12","18","21:00"," ","1,00","","0,90","","99,00","","25,00","","15,00","","9,70","","98,22","","","","","","Brouillard"
"1986-12-18 22:00","1986","12","18","22:00"," ","","","","","","","28,00","","","","","","","","","","","","ND"
"1986-12-18 23:00","1986","12","18","23:00"," ","","","","","","","28,00","","","","","","","","","","","","ND"
"1986-12-19 00:00","1986","12","19","00:00"," ","","","","","","","24,00","","","","","","","","","","","","ND"
"1986-12-19 01:00","1986","12","19","01:00"," ","","","","","","","24,00","","","","","","","","","","","","ND"
"1986-12-19 02:00","1986","12","19","02:00"," ","","","","","","","24,00","","","","","","","","","","","","ND"
"1986-12-19 03:00","1986","12","19","03:00"," ","","","","","","","26,00","","","","","","","","","","","","ND"
"1986-12-19 04:00","1986","12","19","04:00"," ","","","","","","","26,00","","","","","","","","","","","","ND"
"1986-12-19 05:00","1986","12","19","05:00"," ","","","","","","","26,00","","","","","","","","","","","","ND"
"1986-12-19 06:00","1986","12","19","06:00"," ","0,60","","-1,70","","84,00","","26,00","","28,00","","24,10","","98,52","","","","","","Nuageux"
"1986-12-19 07:00","1986","12","19","07:00"," ","0,30","","-1,90","","85,00","","27,00","","17,00","","24,10","","98,62","","","","","","Nuageux"
"1986-12-19 08:00","1986","12","19","08:00"," ","0,00","","-2,70","","82,00","","27,00","","28,00","","19,30","","98,65","","","","-6,00","","Nuageux"
"1986-12-19 09:00","1986","12","19","09:00"," ","0,00","","-2,70","","82,00","","26,00","","28,00","","16,10","","98,75","","","","-6,00","","Nuageux"
"1986-12-19 10:00","1986","12","19","10:00"," ","-0,10","","-2,70","","82,00","","28,00","","22,00","","16,10","","98,82","","","","-6,00","","Nuageux"
"1986-12-19 11:00","1986","12","19","11:00"," ","-0,20","","-2,10","","87,00","","27,00","","19,00","","11,30","","98,85","","","","-5,00","","Averses de neige"
"1986-12-19 12:00","1986","12","19","12:00"," ","0,10","","-2,10","","85,00","","27,00","","17,00","","12,90","","98,82","","","","","","Averses de neige"
"1986-12-19 13:00","1986","12","19","13:00"," ","0,10","","-2,50","","83,00","","27,00","","15,00","","12,90","","98,82","","","","","","Nuageux"
"1986-12-19 14:00","1986","12","19","14:00"," ","0,10","","-2,40","","83,00","","27,00","","19,00","","11,30","","98,82","","","","","","Nuageux"
"1986-12-19 15:00","1986","12","19","15:00"," ","0,10","","-2,10","","85,00","","27,00","","19,00","","11,30","","98,82","","","","","","Nuageux"
"1986-12-19 16:00","1986","12","19","16:00"," ","0,00","","-2,50","","83,00","","27,00","","17,00","","11,30","","98,85","","","","-5,00","","Nuageux"
"1986-12-19 17:00","1986","12","19","17:00"," ","-0,10","","-2,60","","83,00","","26,00","","24,00","","12,90","","98,92","","","","-6,00","","Nuageux"
"1986-12-19 18:00","1986","12","19","18:00"," ","-0,20","","-2,10","","87,00","","27,00","","11,00","","12,90","","98,95","","","","-4,00","","Averses de neige"
"1986-12-19 19:00","1986","12","19","19:00"," ","-0,20","","-2,70","","83,00","","28,00","","15,00","","16,10","","98,95","","","","-5,00","","Nuageux"
"1986-12-19 20:00","1986","12","19","20:00"," ","-0,40","","-2,70","","84,00","","29,00","","15,00","","16,10","","99,02","","","","-5,00","","Nuageux"
"1986-12-19 21:00","1986","12","19","21:00"," ","-0,40","","-2,60","","85,00","","28,00","","11,00","","16,10","","99,02","","","","-4,00","","Nuageux"
"1986-12-19 22:00","1986","12","19","22:00"," ","","","","","","","26,00","","13,00","","","","","","","","","","ND"
"1986-12-19 23:00","1986","12","19","23:00"," ","","","","","","","29,00","","13,00","","","","","","","","","","ND"
"1986-12-20 00:00","1986","12","20","00:00"," ","","","","","","","27,00","","13,00","","","","","","","","","","ND"
"1986-12-20 01:00","1986","12","20","01:00"," ","","","","","","","29,00","","13,00","","","","","","","","","","ND"
"1986-12-20 02:00","1986","12","20","02:00"," ","","","","","","","29,00","","9,00","","","","","","","","","","ND"
"1986-12-20 03:00","1986","12","20","03:00"," ","","","","","","","29,00","","9,00","","","","","","","","","","ND"
"1986-12-20 04:00","1986","12","20","04:00"," ","","","","","","","25,00","","17,00","","","","","","","","","","ND"
"1986-12-20 05:00","1986","12","20","05:00"," ","","","","","","","24,00","","11,00","","","","","","","","","","ND"
"1986-12-20 06:00","1986","12","20","06:00"," ","-1,20","","-3,00","","88,00","","24,00","","6,00","","19,30","","99,15","","","","-3,00","","Généralement nuageux"
"1986-12-20 07:00","1986","12","20","07:00"," ","-1,30","","-3,00","","88,00","","24,00","","13,00","","19,30","","99,18","","","","-6,00","","Généralement nuageux"
"1986-12-20 08:00","1986","12","20","08:00"," ","-1,50","","-2,80","","91,00","","26,00","","9,00","","6,40","","99,18","","","","-5,00","","Brouillard"
"1986-12-20 09:00","1986","12","20","09:00"," ","-1,00","","-2,10","","92,00","","25,00","","11,00","","6,40","","99,25","","","","-5,00","","Brouillard"
"1986-12-20 10:00","1986","12","20","10:00"," ","-0,40","","-1,80","","90,00","","23,00","","15,00","","8,00","","99,32","","","","-5,00","","Brouillard"
"1986-12-20 11:00","1986","12","20","11:00"," ","0,10","","-1,80","","87,00","","24,00","","19,00","","8,00","","99,38","","","","","","Brouillard"
"1986-12-20 12:00","1986","12","20","12:00"," ","0,80","","-1,50","","85,00","","26,00","","17,00","","9,70","","99,32","","","","","","Brume sèche"
"1986-12-20 13:00","1986","12","20","13:00"," ","1,40","","-1,80","","79,00","","25,00","","15,00","","9,70","","99,28","","","","","","Brume sèche"
"1986-12-20 14:00","1986","12","20","14:00"," ","2,00","","-3,20","","68,00","","29,00","","15,00","","11,30","","99,28","","","","","","Généralement nuageux"
"1986-12-20 15:00","1986","12","20","15:00"," ","1,80","","-4,20","","64,00","","30,00","","19,00","","14,50","","99,32","","","","","","Généralement nuageux"
"1986-12-20 16:00","1986","12","20","16:00"," ","1,20","","-4,20","","67,00","","30,00","","13,00","","16,10","","99,35","","","","","","Généralement nuageux"
"1986-12-20 17:00","1986","12","20","17:00"," ","0,90","","-4,60","","67,00","","30,00","","7,00","","19,30","","99,38","","","","","","Généralement nuageux"
"1986-12-20 18:00","1986","12","20","18:00"," ","0,70","","-4,80","","67,00","","30,00","","9,00","","19,30","","99,45","","","","","","Généralement nuageux"
"1986-12-20 19:00","1986","12","20","19:00"," ","0,00","","-3,60","","77,00","","32,00","","9,00","","19,30","","99,52","","","","-3,00","","Nuageux"
"1986-12-20 20:00","1986","12","20","20:00"," ","-0,10","","-3,20","","79,00","","31,00","","9,00","","16,10","","99,58","","","","-3,00","","Généralement nuageux"
"1986-12-20 21:00","1986","12","20","21:00"," ","-0,60","","-3,10","","83,00","","30,00","","9,00","","16,10","","99,61","","","","-4,00","","Généralement nuageux"
"1986-12-20 22:00","1986","12","20","22:00"," ","","","","","","","31,00","","13,00","","","","","","","","","","ND"
"1986-12-20 23:00","1986","12","20","23:00"," ","","","","","","","30,00","","9,00","","","","","","","","","","ND"
"1986-12-21 00:00","1986","12","21","00:00"," ","","","","","","","33,00","","11,00","","","","","","","","","","ND"
"1986-12-21 01:00","1986","12","21","01:00"," ","","","","","","","27,00","","9,00","","","","","","","","","","ND"
"1986-12-21 02:00","1986","12","21","02:00"," ","","","","","","","28,00","","13,00","","","","","","","","","","ND"
"1986-12-21 03:00","1986","12","21","03:00"," ","","","","","","","33,00","","15,00","","","","","","","","","","ND"
"1986-12-21 04:00","1986","12","21","04:00"," ","","","","","","","33,00","","15,00","","","","","","","","","","ND"
"1986-12-21 05:00","1986","12","21","05:00"," ","","","","","","","34,00","","17,00","","","","","","","","","","ND"
"1986-12-21 06:00","1986","12","21","06:00"," ","-4,90","","-7,30","","83,00","","35,00","","11,00","","25,00","","99,98","","","","-9,00","","Dégagé"
"1986-12-21 07:00","1986","12","21","07:00"," ","-5,40","","-7,40","","86,00","","29,00","","6,00","","25,00","","100,05","","","","-8,00","","Généralement dégagé"
"1986-12-21 08:00","1986","12","21","08:00"," ","-5,40","","-7,30","","86,00","","29,00","","7,00","","24,10","","100,08","","","","-9,00","","Dégagé"
"1986-12-21 09:00","1986","12","21","09:00"," ","-4,30","","-6,20","","86,00","","27,00","","7,00","","24,10","","100,14","","","","-7,00","","Dégagé"
"1986-12-21 10:00","1986","12","21","10:00"," ","-2,30","","-5,80","","77,00","","32,00","","17,00","","24,10","","100,24","","","","-8,00","","Dégagé"
"1986-12-21 11:00","1986","12","21","11:00"," ","-1,40","","-5,30","","75,00","","32,00","","15,00","","24,10","","100,28","","","","-6,00","","Dégagé"
"1986-12-21 12:00","1986","12","21","12:00"," ","-0,70","","-5,50","","70,00","","33,00","","20,00","","24,10","","100,24","","","","-6,00","","Dégagé"
"1986-12-21 13:00","1986","12","21","13:00"," ","0,00","","-5,00","","69,00","","30,00","","13,00","","24,10","","100,14","","","","-4,00","","Dégagé"
"1986-12-21 14:00","1986","12","21","14:00"," ","0,40","","-4,60","","69,00","","29,00","","19,00","","24,10","","100,11","","","","","","Généralement dégagé"
"1986-12-21 15:00","1986","12","21","15:00"," ","0,20","","-4,90","","68,00","","29,00","","15,00","","24,10","","100,11","","","","","","Généralement dégagé"
"1986-12-21 16:00","1986","12","21","16:00"," ","0,20","","-5,20","","67,00","","28,00","","9,00","","25,00","","100,11","","","","","","Dégagé"
"1986-12-21 17:00","1986","12","21","17:00"," ","-1,00","","-5,00","","74,00","","26,00","","13,00","","25,00","","100,14","","","","-5,00","","Dégagé"
"1986-12-21 18:00","1986","12","21","18:00"," ","-1,90","","-5,10","","79,00","","23,00","","15,00","","25,00","","100,14","","","","-7,00","","Dégagé"
"1986-12-21 19:00","1986","12","21","19:00"," ","-2,50","","-4,90","","84,00","","23,00","","17,00","","25,00","","100,11","","","","-8,00","","Dégagé"
"1986-12-21 20:00","1986","12","21","20:00"," ","-2,90","","-5,00","","85,00","","23,00","","13,00","","25,00","","100,11","","","","-8,00","","Dégagé"
"1986-12-21 21:00","1986","12","21","21:00"," ","-3,20","","-5,10","","87,00","","23,00","","17,00","","25,00","","100,08","","","","-9,00","","Dégagé"
"1986-12-21 22:00","1986","12","21","22:00"," ","","","","","","","23,00","","17,00","","","","","","","","","","ND"
"1986-12-21 23:00","1986","12","21","23:00"," ","","","","","","","23,00","","17,00","","","","","","","","","","ND"
"1986-12-22 00:00","1986","12","22","00:00"," ","","","","","","","24,00","","17,00","","","","","","","","","","ND"
"1986-12-22 01:00","1986","12","22","01:00"," ","","","","","","","24,00","","20,00","","","","","","","","","","ND"
"1986-12-22 02:00","1986","12","22","02:00"," ","","","","","","","23,00","","17,00","","","","","","","","","","ND"
"1986-12-22 03:00","1986","12","22","03:00"," ","","","","","","","22,00","","15,00","","","","","","","","","","ND"
"1986-12-22 04:00","1986","12","22","04:00"," ","","","","","","","22,00","","17,00","","","","","","","","","","ND"
"1986-12-22 05:00","1986","12","22","05:00"," ","","","","","","","23,00","","19,00","","","","","","","","","","ND"
"1986-12-22 06:00","1986","12","22","06:00"," ","-5,10","","-6,20","","92,00","","23,00","","19,00","","24,10","","99,88","","","","-12,00","","Dégagé"
"1986-12-22 07:00","1986","12","22","07:00"," ","-4,60","","-5,90","","91,00","","23,00","","20,00","","12,90","","99,91","","","","-11,00","","Dégagé"
"1986-12-22 08:00","1986","12","22","08:00"," ","-4,90","","-5,50","","95,00","","23,00","","20,00","","4,80","","99,91","","","","-11,00","","Brouillard"
"1986-12-22 09:00","1986","12","22","09:00"," ","-3,20","","-4,60","","90,00","","22,00","","19,00","","8,00","","99,88","","","","-9,00","","Brouillard"
"1986-12-22 10:00","1986","12","22","10:00"," ","-1,20","","-3,70","","83,00","","23,00","","24,00","","12,90","","99,91","","","","-7,00","","Généralement dégagé"
"1986-12-22 11:00","1986","12","22","11:00"," ","0,20","","-3,70","","75,00","","23,00","","30,00","","12,90","","99,81","","","","","","Généralement dégagé"
"1986-12-22 12:00","1986","12","22","12:00"," ","1,30","","-2,90","","74,00","","23,00","","39,00","","12,90","","99,71","","","","","","Généralement nuageux"
"1986-12-22 13:00","1986","12","22","13:00"," ","1,30","","-3,30","","72,00","","24,00","","37,00","","12,90","","99,68","","","","","","Généralement nuageux"
"1986-12-22 14:00","1986","12","22","14:00"," ","1,00","","-3,40","","72,00","","23,00","","41,00","","9,70","","99,55","","","","","","Brume sèche"
"1986-12-22 15:00","1986","12","22","15:00"," ","0,90","","-3,10","","75,00","","23,00","","33,00","","9,70","","99,52","","","","","","Brume sèche"
"1986-12-22 16:00","1986","12","22","16:00"," ","0,50","","-2,90","","78,00","","22,00","","33,00","","9,70","","99,52","","","","","","Brume sèche"
"1986-12-22 17:00","1986","12","22","17:00"," ","0,00","","-3,20","","79,00","","22,00","","35,00","","9,70","","99,48","","","","-7,00","","Brume sèche"
"1986-12-22 18:00","1986","12","22","18:00"," ","-0,30","","-3,10","","81,00","","22,00","","33,00","","11,30","","99,42","","","","-7,00","","Généralement nuageux"
"1986-12-22 19:00","1986","12","22","19:00"," ","0,10","","-3,20","","78,00","","23,00","","48,00","","11,30","","99,38","","","","","","Généralement nuageux"
"1986-12-22 20:00","1986","12","22","20:00"," ","0,10","","-2,70","","81,00","","23,00","","35,00","","12,90","","99,38","","","","","","Généralement nuageux"
"1986-12-22 21:00","1986","12","22","21:00"," ","-0,10","","-3,10","","80,00","","23,00","","44,00","","12,90","","99,35","","","","-8,00","","Généralement nuageux"
"1986-12-22 22:00","1986","12","22","22:00"," ","","","","","","","23,00","","37,00","","","","","","","","","","ND"
"1986-12-22 23:00","1986","12","22","23:00"," ","","","","","","","23,00","","37,00","","","","","","","","","","ND"
"1986-12-23 00:00","1986","12","23","00:00"," ","","","","","","","23,00","","41,00","","","","","","","","","","ND"
"1986-12-23 01:00","1986","12","23","01:00"," ","","","","","","","23,00","","43,00","","","","","","","","","","ND"
"1986-12-23 02:00","1986","12","23","02:00"," ","","","","","","","23,00","","33,00","","","","","","","","","","ND"
"1986-12-23 03:00","1986","12","23","03:00"," ","","","","","","","25,00","","31,00","","","","","","","","","","ND"
"1986-12-23 04:00","1986","12","23","04:00"," ","","","","","","","25,00","","30,00","","","","","","","","","","ND"
"1986-12-23 05:00","1986","12","23","05:00"," ","","","","","","","25,00","","35,00","","","","","","","","","","ND"
"1986-12-23 06:00","1986","12","23","06:00"," ","-1,10","","-2,70","","89,00","","24,00","","30,00","","6,40","","99,15","","","","-8,00","","Brouillard"
"1986-12-23 07:00","1986","12","23","07:00"," ","-1,10","","-2,70","","89,00","","25,00","","30,00","","4,80","","99,18","","","","-8,00","","Brouillard"
"1986-12-23 08:00","1986","12","23","08:00"," ","-1,20","","-2,40","","92,00","","24,00","","33,00","","4,00","","99,18","","","","-8,00","","Brouillard"
"1986-12-23 09:00","1986","12","23","09:00"," ","-0,80","","-1,90","","92,00","","24,00","","31,00","","4,00","","99,25","","","","-8,00","","Brouillard"
"1986-12-23 10:00","1986","12","23","10:00"," ","-0,50","","-1,70","","91,00","","23,00","","20,00","","4,80","","99,32","","","","-6,00","","Brouillard"
"1986-12-23 11:00","1986","12","23","11:00"," ","-0,10","","-1,50","","90,00","","23,00","","22,00","","4,80","","99,38","","","","-6,00","","Brouillard"
"1986-12-23 12:00","1986","12","23","12:00"," ","0,20","","-1,20","","90,00","","23,00","","19,00","","4,80","","99,32","","","","","","Brouillard"
"1986-12-23 13:00","1986","12","23","13:00"," ","0,50","","-1,00","","90,00","","22,00","","17,00","","4,80","","99,28","","","","","","Brouillard"
"1986-12-23 14:00","1986","12","23","14:00"," ","0,70","","-0,80","","90,00","","22,00","","13,00","","6,40","","99,28","","","","","","Brouillard"
"1986-12-23 15:00","1986","12","23","15:00"," ","0,70","","-0,50","","91,00","","22,00","","15,00","","4,80","","99,28","","","","","","Bruine,Brouillard"
"1986-12-23 16:00","1986","12","23","16:00"," ","0,50","","-0,30","","95,00","","21,00","","11,00","","4,00","","99,32","","","","","","Bruine,Brouillard"
"1986-12-23 17:00","1986","12","23","17:00"," ","0,10","","0,00","","99,00","","21,00","","13,00","","1,60","","99,35","","","","","","Bruine,Brouillard"
"1986-12-23 18:00","1986","12","23","18:00"," ","0,00","","-0,20","","98,00","","22,00","","11,00","","2,00","","99,38","","","","-4,00","","Bruine,Brouillard"
"1986-12-23 19:00","1986","12","23","19:00"," ","-0,10","","-0,30","","99,00","","22,00","","9,00","","2,00","","99,38","","","","-3,00","","Brouillard"
"1986-12-23 20:00","1986","12","23","20:00"," ","-0,20","","-0,30","","100,00","","22,00","","7,00","","1,60","","99,35","","","","-3,00","","Brouillard"
"1986-12-23 21:00","1986","12","23","21:00"," ","-0,20","","-0,30","","100,00","","21,00","","11,00","","2,00","","99,45","","","","-4,00","","Brouillard"
"1986-12-23 22:00","1986","12","23","22:00"," ","","","","","","","0,00","","0,00","","","","","","","","","","ND"
"1986-12-23 23:00","1986","12","23","23:00"," ","","","","","","","0,00","","0,00","","","","","","","","","","ND"
"1986-12-24 00:00","1986","12","24","00:00"," ","","","","","","","0,00","","0,00","","","","","","","","","","ND"
"1986-12-24 01:00","1986","12","24","01:00"," ","","","","","","","6,00","","9,00","","","","","","","","","","ND"
"1986-12-24 02:00","1986","12","24","02:00"," ","","","","","","","8,00","","13,00","","","","","","","","","","ND"
"1986-12-24 03:00","1986","12","24","03:00"," ","","","","","","","8,00","","19,00","","","","","","","","","","ND"
"1986-12-24 04:00","1986","12","24","04:00"," ","","","","","","","8,00","","17,00","","","","","","","","","","ND"
"1986-12-24 05:00","1986","12","24","05:00"," ","","","","","","","8,00","","17,00","","","","","","","","","","ND"
"1986-12-24 06:00","1986","12","24","06:00"," ","-0,90","","-3,50","","82,00","","9,00","","20,00","","6,40","","99,25","","","","-6,00","","Brouillard"
"1986-12-24 07:00","1986","12","24","07:00"," ","-1,20","","-3,60","","84,00","","7,00","","26,00","","8,00","","99,18","","","","-8,00","","Brume sèche"
"1986-12-24 08:00","1986","12","24","08:00"," ","-1,10","","-3,70","","82,00","","7,00","","26,00","","8,00","","99,15","","","","-7,00","","Brume sèche"
"1986-12-24 09:00","1986","12","24","09:00"," ","-0,30","","-3,50","","79,00","","6,00","","33,00","","8,00","","99,08","","","","-7,00","","Brume sèche"
"1986-12-24 10:00","1986","12","24","10:00"," ","0,80","","-3,20","","75,00","","7,00","","41,00","","8,00","","99,05","","","","","","Brume sèche"
"1986-12-24 11:00","1986","12","24","11:00"," ","0,80","","-2,90","","76,00","","6,00","","35,00","","8,00","","98,95","","","","","","Brume sèche"
"1986-12-24 12:00","1986","12","24","12:00"," ","2,00","","-2,40","","73,00","","6,00","","35,00","","9,70","","98,82","","","","","","Brume sèche"
"1986-12-24 13:00","1986","12","24","13:00"," ","1,60","","-2,70","","73,00","","6,00","","33,00","","11,30","","98,72","","","","","","Généralement nuageux"
"1986-12-24 14:00","1986","12","24","14:00"," ","2,10","","-2,50","","71,00","","6,00","","35,00","","11,30","","98,59","","","","","","Nuageux"
"1986-12-24 15:00","1986","12","24","15:00"," ","1,40","","-0,30","","89,00","","6,00","","31,00","","2,80","","98,46","","","","","","Averses de pluie,Brouillard"
"1986-12-24 16:00","1986","12","24","16:00"," ","0,70","","0,30","","97,00","","6,00","","33,00","","2,00","","98,42","","","","","","Pluie,Brouillard"
"1986-12-24 17:00","1986","12","24","17:00"," ","0,60","","0,40","","98,00","","6,00","","35,00","","2,80","","98,39","","","","","","Pluie,Brouillard"
"1986-12-24 18:00","1986","12","24","18:00"," ","0,70","","0,40","","98,00","","6,00","","39,00","","4,00","","98,32","","","","","","Pluie,Brouillard"
"1986-12-24 19:00","1986","12","24","19:00"," ","0,80","","0,50","","98,00","","6,00","","41,00","","6,40","","98,19","","","","","","Pluie,Brouillard"
"1986-12-24 20:00","1986","12","24","20:00"," ","1,10","","0,60","","96,00","","6,00","","39,00","","6,40","","98,06","","","","","","Pluie,Brouillard"
"1986-12-24 21:00","1986","12","24","21:00"," ","1,20","","1,00","","98,00","","5,00","","37,00","","6,40","","97,96","","","","","","Pluie,Brouillard"
"1986-12-24 22:00","1986","12","24","22:00"," ","","","","","","","5,00","","37,00","","","","","","","","","","ND"
"1986-12-24 23:00","1986","12","24","23:00"," ","","","","","","","5,00","","31,00","","","","","","","","","","ND"
"1986-12-25 00:00","1986","12","25","00:00"," ","","","","","","","5,00","","30,00","","","","","","","","","","ND"
"1986-12-25 01:00","1986","12","25","01:00"," ","","","","","","","5,00","","22,00","","","","","","","","","","ND"
"1986-12-25 02:00","1986","12","25","02:00"," ","","","","","","","5,00","","20,00","","","","","","","","","","ND"
"1986-12-25 03:00","1986","12","25","03:00"," ","","","","","","","6,00","","13,00","","","","","","","","","","ND"
"1986-12-25 04:00","1986","12","25","04:00"," ","","","","","","","5,00","","11,00","","","","","","","","","","ND"
"1986-12-25 05:00","1986","12","25","05:00"," ","","","","","","","0,00","","0,00","","","","","","","","","","ND"
"1986-12-25 06:00","1986","12","25","06:00"," ","0,40","","0,40","","100,00","","0,00","","0,00","","1,60","","97,50","","","","","","Pluie,Brouillard"
"1986-12-25 07:00","1986","12","25","07:00"," ","0,30","","0,30","","100,00","","23,00","","6,00","","2,00","","97,56","","","","","","Pluie,Brouillard"
"1986-12-25 08:00","1986","12","25","08:00"," ","0,30","","0,30","","100,00","","24,00","","13,00","","0,80","","97,59","","","","","","Neige,Brouillard"
"1986-12-25 09:00","1986","12","25","09:00"," ","0,60","","0,60","","100,00","","25,00","","20,00","","4,00","","97,69","","","","","","Brouillard"
"1986-12-25 10:00","1986","12","25","10:00"," ","1,20","","1,20","","100,00","","25,00","","24,00","","8,00","","97,79","","","","","","Brouillard"
"1986-12-25 11:00","1986","12","25","11:00"," ","1,80","","1,60","","99,00","","26,00","","24,00","","12,90","","97,89","","","","","","Généralement nuageux"
"1986-12-25 12:00","1986","12","25","12:00"," ","2,00","","1,30","","95,00","","26,00","","28,00","","19,30","","97,93","","","","","","Nuageux"
"1986-12-25 13:00","1986","12","25","13:00"," ","1,80","","1,50","","98,00","","27,00","","24,00","","9,70","","98,03","","","","","","Brouillard"
"1986-12-25 14:00","1986","12","25","14:00"," ","2,10","","0,90","","92,00","","28,00","","22,00","","19,30","","98,12","","","","","","Nuageux"
"1986-12-25 15:00","1986","12","25","15:00"," ","2,50","","0,70","","88,00","","25,00","","26,00","","25,00","","98,19","","","","","","Nuageux"
"1986-12-25 16:00","1986","12","25","16:00"," ","1,50","","0,80","","95,00","","26,00","","22,00","","6,40","","98,32","","","","","","Bruine,Brouillard"
"1986-12-25 17:00","1986","12","25","17:00"," ","1,20","","0,10","","92,00","","24,00","","22,00","","8,00","","98,42","","","","","","Brouillard"
"1986-12-25 18:00","1986","12","25","18:00"," ","0,80","","-0,30","","93,00","","24,00","","22,00","","9,70","","98,55","","","","","","Brouillard"
"1986-12-25 19:00","1986","12","25","19:00"," ","0,70","","-0,40","","92,00","","24,00","","19,00","","9,70","","98,65","","","","","","Brouillard"
"1986-12-25 20:00","1986","12","25","20:00"," ","0,70","","-1,40","","86,00","","25,00","","19,00","","11,30","","98,82","","","","","","Nuageux"
"1986-12-25 21:00","1986","12","25","21:00"," ","0,40","","-1,80","","85,00","","26,00","","20,00","","11,30","","98,85","","","","","","Nuageux"
"1986-12-25 22:00","1986","12","25","22:00"," ","","","","","","","27,00","","24,00","","","","","","","","","","ND"
"1986-12-25 23:00","1986","12","25","23:00"," ","","","","","","","26,00","","13,00","","","","","","","","","","ND"
"1986-12-26 00:00","1986","12","26","00:00"," ","","","","","","","25,00","","9,00","","","","","","","","","","ND"
"1986-12-26 01:00","1986","12","26","01:00"," ","","","","","","","24,00","","11,00","","","","","","","","","","ND"
"1986-12-26 02:00","1986","12","26","02:00"," ","","","","","","","23,00","","11,00","","","","","","","","","","ND"
"1986-12-26 03:00","1986","12","26","03:00"," ","","","","","","","22,00","","11,00","","","","","","","","","","ND"
"1986-12-26 04:00","1986","12","26","04:00"," ","","","","","","","24,00","","9,00","","","","","","","","","","ND"
"1986-12-26 05:00","1986","12","26","05:00"," ","","","","","","","24,00","","13,00","","","","","","","","","","ND"
"1986-12-26 06:00","1986","12","26","06:00"," ","0,30","","-1,40","","89,00","","24,00","","17,00","","12,90","","99,22","","","","","","Nuageux"
"1986-12-26 07:00","1986","12","26","07:00"," ","0,10","","-1,20","","91,00","","24,00","","15,00","","11,30","","99,28","","","","","","Nuageux"
"1986-12-26 08:00","1986","12","26","08:00"," ","0,00","","-1,10","","92,00","","25,00","","15,00","","8,00","","99,32","","","","-4,00","","Brouillard"
"1986-12-26 09:00","1986","12","26","09:00"," ","0,00","","-1,10","","92,00","","24,00","","17,00","","8,00","","99,38","","","","-5,00","","Brouillard"
"1986-12-26 10:00","1986","12","26","10:00"," ","0,10","","-1,10","","91,00","","25,00","","19,00","","6,40","","99,42","","","","","","Brouillard"
"1986-12-26 11:00","1986","12","26","11:00"," ","0,00","","-1,20","","91,00","","25,00","","20,00","","6,40","","99,45","","","","-5,00","","Averses de neige,Brouillard"
"1986-12-26 12:00","1986","12","26","12:00"," ","0,20","","-1,10","","91,00","","25,00","","19,00","","6,40","","99,38","","","","","","Averses de neige,Brouillard"
"1986-12-26 13:00","1986","12","26","13:00"," ","0,50","","-1,10","","89,00","","25,00","","17,00","","8,00","","99,35","","","","","","Brouillard"
"1986-12-26 14:00","1986","12","26","14:00"," ","0,80","","-0,90","","89,00","","24,00","","15,00","","9,70","","99,35","","","","","","Brouillard"
"1986-12-26 15:00","1986","12","26","15:00"," ","1,00","","-0,70","","88,00","","25,00","","15,00","","9,70","","99,38","","","","","","Brouillard"
"1986-12-26 16:00","1986","12","26","16:00"," ","0,80","","-1,30","","86,00","","26,00","","15,00","","11,30","","99,42","","","","","","Nuageux"
"1986-12-26 17:00","1986","12","26","17:00"," ","0,40","","-1,20","","89,00","","24,00","","11,00","","11,30","","99,48","","","","","","Nuageux"
"1986-12-26 18:00","1986","12","26","18:00"," ","0,20","","-1,30","","90,00","","24,00","","15,00","","12,90","","99,52","","","","","","Nuageux"
"1986-12-26 19:00","1986","12","26","19:00"," ","0,10","","-1,30","","90,00","","26,00","","11,00","","16,10","","99,55","","","","","","Nuageux"
"1986-12-26 20:00","1986","12","26","20:00"," ","-0,10","","-1,10","","93,00","","27,00","","7,00","","16,10","","99,58","","","","-3,00","","Nuageux"
"1986-12-26 21:00","1986","12","26","21:00"," ","-0,10","","-1,10","","93,00","","26,00","","13,00","","12,90","","99,58","","","","-4,00","","Nuageux"
"1986-12-26 22:00","1986","12","26","22:00"," ","","","","","","","24,00","","9,00","","","","","","","","","","ND"
"1986-12-26 23:00","1986","12","26","23:00"," ","","","","","","","27,00","","9,00","","","","","","","","","","ND"
"1986-12-27 00:00","1986","12","27","00:00"," ","","","","","","","24,00","","13,00","","","","","","","","","","ND"
"1986-12-27 01:00","1986","12","27","01:00"," ","","","","","","","24,00","","9,00","","","","","","","","","","ND"
"1986-12-27 02:00","1986","12","27","02:00"," ","","","","","","","25,00","","4,00","","","","","","","","","","ND"
"1986-12-27 03:00","1986","12","27","03:00"," ","","","","","","","24,00","","7,00","","","","","","","","","","ND"
"1986-12-27 04:00","1986","12","27","04:00"," ","","","","","","","24,00","","6,00","","","","","","","","","","ND"
"1986-12-27 05:00","1986","12","27","05:00"," ","","","","","","","25,00","","9,00","","","","","","","","","","ND"
"1986-12-27 06:00","1986","12","27","06:00"," ","-0,60","","-1,70","","92,00","","20,00","","6,00","","19,30","","99,65","","","","-3,00","","Nuageux"
"1986-12-27 07:00","1986","12","27","07:00"," ","-0,50","","-1,90","","90,00","","0,00","","0,00","","19,30","","99,71","","","","","","Nuageux"
"1986-12-27 08:00","1986","12","27","08:00"," ","-0,60","","-2,00","","90,00","","0,00","","0,00","","12,90","","99,75","","","","","","Nuageux"
"1986-12-27 09:00","1986","12","27","09:00"," ","-0,40","","-2,10","","88,00","","10,00","","6,00","","14,50","","99,81","","","","-2,00","","Nuageux"
"1986-12-27 10:00","1986","12","27","10:00"," ","-0,10","","-1,90","","88,00","","27,00","","6,00","","11,30","","99,85","","","","-2,00","","Nuageux"
"1986-12-27 11:00","1986","12","27","11:00"," ","0,30","","-2,70","","80,00","","0,00","","0,00","","12,90","","99,81","","","","","","Nuageux"
"1986-12-27 12:00","1986","12","27","12:00"," ","0,60","","-2,50","","80,00","","0,00","","0,00","","11,30","","99,71","","","","","","Nuageux"
"1986-12-27 13:00","1986","12","27","13:00"," ","0,80","","-2,00","","82,00","","10,00","","6,00","","12,90","","99,65","","","","","","Nuageux"
"1986-12-27 14:00","1986","12","27","14:00"," ","0,40","","-2,90","","79,00","","17,00","","6,00","","12,90","","99,61","","","","","","Nuageux"
"1986-12-27 15:00","1986","12","27","15:00"," ","0,30","","-3,00","","79,00","","18,00","","6,00","","12,90","","99,61","","","","","","Nuageux"
"1986-12-27 16:00","1986","12","27","16:00"," ","-0,20","","-2,80","","83,00","","20,00","","9,00","","16,10","","99,61","","","","-3,00","","Averses de neige"
"1986-12-27 17:00","1986","12","27","17:00"," ","-0,70","","-2,60","","87,00","","21,00","","9,00","","12,90","","99,61","","","","-4,00","","Neige en grains"
"1986-12-27 18:00","1986","12","27","18:00"," ","-0,90","","-2,70","","87,00","","22,00","","6,00","","16,10","","99,61","","","","-3,00","","Nuageux"
"1986-12-27 19:00","1986","12","27","19:00"," ","-0,90","","-2,30","","90,00","","0,00","","0,00","","16,10","","99,58","","","","","","Nuageux"
"1986-12-27 20:00","1986","12","27","20:00"," ","-0,90","","-2,20","","91,00","","0,00","","0,00","","16,10","","99,58","","","","","","Nuageux"
"1986-12-27 21:00","1986","12","27","21:00"," ","-1,00","","-2,20","","91,00","","24,00","","6,00","","16,10","","99,58","","","","-3,00","","Nuageux"
"1986-12-27 22:00","1986","12","27","22:00"," ","","","","","","","24,00","","9,00","","","","","","","","","","ND"
"1986-12-27 23:00","1986","12","27","23:00"," ","","","","","","","26,00","","9,00","","","","","","","","","","ND"
"1986-12-28 00:00","1986","12","28","00:00"," ","","","","","","","25,00","","7,00","","","","","","","","","","ND"
"1986-12-28 01:00","1986","12","28","01:00"," ","","","","","","","23,00","","9,00","","","","","","","","","","ND"
"1986-12-28 02:00","1986","12","28","02:00"," ","","","","","","","24,00","","9,00","","","","","","","","","","ND"
"1986-12-28 03:00","1986","12","28","03:00"," ","","","","","","","23,00","","9,00","","","","","","","","","","ND"
"1986-12-28 04:00","1986","12","28","04:00"," ","","","","","","","25,00","","9,00","","","","","","","","","","ND"
"1986-12-28 05:00","1986","12","28","05:00"," ","","","","","","","24,00","","11,00","","","","","","","","","","ND"
"1986-12-28 06:00","1986","12","28","06:00"," ","-1,30","","-2,90","","89,00","","25,00","","9,00","","19,30","","99,45","","","","-5,00","","Généralement nuageux"
"1986-12-28 07:00","1986","12","28","07:00"," ","-1,50","","-3,50","","86,00","","21,00","","9,00","","19,30","","99,48","","","","-5,00","","Généralement nuageux"
"1986-12-28 08:00","1986","12","28","08:00"," ","-1,10","","-3,80","","82,00","","22,00","","11,00","","16,10","","99,52","","","","-5,00","","Nuageux"
"1986-12-28 09:00","1986","12","28","09:00"," ","-0,70","","-3,50","","81,00","","21,00","","13,00","","19,30","","99,52","","","","-5,00","","Nuageux"
"1986-12-28 10:00","1986","12","28","10:00"," ","0,00","","-3,60","","77,00","","23,00","","20,00","","19,30","","99,55","","","","-5,00","","Nuageux"
"1986-12-28 11:00","1986","12","28","11:00"," ","0,40","","-3,40","","76,00","","23,00","","24,00","","24,10","","99,58","","","","","","Nuageux"
"1986-12-28 12:00","1986","12","28","12:00"," ","0,90","","-2,90","","76,00","","24,00","","26,00","","19,30","","99,52","","","","","","Nuageux"
"1986-12-28 13:00","1986","12","28","13:00"," ","0,60","","-3,30","","75,00","","24,00","","30,00","","19,30","","99,48","","","","","","Nuageux"
"1986-12-28 14:00","1986","12","28","14:00"," ","0,40","","-3,90","","73,00","","24,00","","28,00","","12,90","","99,45","","","","","","Nuageux"
"1986-12-28 15:00","1986","12","28","15:00"," ","0,40","","-3,90","","73,00","","24,00","","28,00","","16,10","","99,42","","","","","","Nuageux"
"1986-12-28 16:00","1986","12","28","16:00"," ","0,20","","-3,30","","77,00","","25,00","","28,00","","16,10","","99,45","","","","","","Nuageux"
"1986-12-28 17:00","1986","12","28","17:00"," ","-0,20","","-3,10","","81,00","","25,00","","24,00","","16,10","","99,48","","","","-6,00","","Nuageux"
"1986-12-28 18:00","1986","12","28","18:00"," ","-0,30","","-3,10","","81,00","","24,00","","28,00","","19,30","","99,52","","","","-7,00","","Nuageux"
"1986-12-28 19:00","1986","12","28","19:00"," ","-0,50","","-2,90","","84,00","","24,00","","20,00","","24,10","","99,52","","","","-6,00","","Nuageux"
"1986-12-28 20:00","1986","12","28","20:00"," ","-0,20","","-2,50","","85,00","","24,00","","19,00","","16,10","","99,52","","","","-5,00","","Nuageux"
"1986-12-28 21:00","1986","12","28","21:00"," ","-0,30","","-2,30","","86,00","","25,00","","15,00","","12,90","","99,48","","","","-5,00","","Nuageux"
"1986-12-28 22:00","1986","12","28","22:00"," ","","","","","","","24,00","","15,00","","","","","","","","","","ND"
"1986-12-28 23:00","1986","12","28","23:00"," ","","","","","","","24,00","","15,00","","","","","","","","","","ND"
"1986-12-29 00:00","1986","12","29","00:00"," ","","","","","","","23,00","","15,00","","","","","","","","","","ND"
"1986-12-29 01:00","1986","12","29","01:00"," ","","","","","","","22,00","","17,00","","","","","","","","","","ND"
"1986-12-29 02:00","1986","12","29","02:00"," ","","","","","","","22,00","","19,00","","","","","","","","","","ND"
"1986-12-29 03:00","1986","12","29","03:00"," ","","","","","","","22,00","","20,00","","","","","","","","","","ND"
"1986-12-29 04:00","1986","12","29","04:00"," ","","","","","","","21,00","","19,00","","","","","","","","","","ND"
"1986-12-29 05:00","1986","12","29","05:00"," ","","","","","","","21,00","","13,00","","","","","","","","","","ND"
"1986-12-29 06:00","1986","12","29","06:00"," ","0,10","","-1,50","","89,00","","20,00","","11,00","","9,70","","99,28","","","","","","Brouillard"
"1986-12-29 07:00","1986","12","29","07:00"," ","0,00","","-0,90","","94,00","","21,00","","17,00","","9,70","","99,28","","","","-5,00","","Brouillard"
"1986-12-29 08:00","1986","12","29","08:00"," ","0,10","","-1,00","","92,00","","20,00","","17,00","","4,00","","99,28","","","","","","Brouillard"
"1986-12-29 09:00","1986","12","29","09:00"," ","0,00","","-2,00","","86,00","","22,00","","24,00","","6,40","","99,25","","","","-6,00","","Brouillard"
"1986-12-29 10:00","1986","12","29","10:00"," ","0,20","","-1,90","","86,00","","21,00","","20,00","","8,00","","99,22","","","","","","Brouillard"
"1986-12-29 11:00","1986","12","29","11:00"," ","0,30","","-1,90","","85,00","","21,00","","20,00","","8,00","","99,18","","","","","","Brouillard"
"1986-12-29 12:00","1986","12","29","12:00"," ","0,10","","-1,60","","88,00","","19,00","","24,00","","6,40","","99,05","","","","","","Brouillard"
"1986-12-29 13:00","1986","12","29","13:00"," ","-0,60","","-2,20","","89,00","","20,00","","20,00","","6,40","","99,02","","","","-6,00","","Brouillard"
"1986-12-29 14:00","1986","12","29","14:00"," ","-0,40","","-1,90","","90,00","","22,00","","20,00","","6,40","","98,95","","","","-6,00","","Brouillard"
"1986-12-29 15:00","1986","12","29","15:00"," ","-0,90","","-2,30","","90,00","","18,00","","20,00","","6,40","","98,89","","","","-6,00","","Brouillard"
"1986-12-29 16:00","1986","12","29","16:00"," ","-0,80","","-2,00","","91,00","","24,00","","13,00","","4,80","","98,85","","","","-5,00","","Brouillard"
"1986-12-29 17:00","1986","12","29","17:00"," ","-1,00","","-2,10","","92,00","","24,00","","13,00","","4,00","","98,85","","","","-5,00","","Brouillard"
"1986-12-29 18:00","1986","12","29","18:00"," ","-1,20","","-2,20","","93,00","","24,00","","7,00","","3,20","","98,85","","","","-4,00","","Brouillard"
"1986-12-29 19:00","1986","12","29","19:00"," ","-1,50","","-2,40","","94,00","","22,00","","11,00","","3,20","","98,82","","","","-5,00","","Brouillard"
"1986-12-29 20:00","1986","12","29","20:00"," ","-1,90","","-2,70","","94,00","","23,00","","6,00","","3,20","","98,82","","","","-4,00","","Brouillard"
"1986-12-29 21:00","1986","12","29","21:00"," ","-1,90","","-2,50","","96,00","","0,00","","0,00","","2,00","","98,79","","","","","","Brouillard"
"1986-12-29 22:00","1986","12","29","22:00"," ","","","","","","","5,00","","6,00","","","","","","","","","","ND"
"1986-12-29 23:00","1986","12","29","23:00"," ","","","","","","","1,00","","7,00","","","","","","","","","","ND"
"1986-12-30 00:00","1986","12","30","00:00"," ","","","","","","","1,00","","7,00","","","","","","","","","","ND"
"1986-12-30 01:00","1986","12","30","01:00"," ","","","","","","","35,00","","7,00","","","","","","","","","","ND"
"1986-12-30 02:00","1986","12","30","02:00"," ","","","","","","","36,00","","9,00","","","","","","","","","","ND"
"1986-12-30 03:00","1986","12","30","03:00"," ","","","","","","","36,00","","7,00","","","","","","","","","","ND"
"1986-12-30 04:00","1986","12","30","04:00"," ","","","","","","","1,00","","9,00","","","","","","","","","","ND"
"1986-12-30 05:00","1986","12","30","05:00"," ","","","","","","","3,00","","13,00","","","","","","","","","","ND"
"1986-12-30 06:00","1986","12","30","06:00"," ","-1,30","","-1,70","","97,00","","2,00","","13,00","","4,00","","98,52","","","","-6,00","","Brouillard"
"1986-12-30 07:00","1986","12","30","07:00"," ","-1,20","","-1,30","","100,00","","2,00","","13,00","","4,00","","98,52","","","","-5,00","","Brouillard"
"1986-12-30 08:00","1986","12","30","08:00"," ","-0,80","","-1,20","","97,00","","1,00","","13,00","","4,00","","98,55","","","","-5,00","","Brouillard"
"1986-12-30 09:00","1986","12","30","09:00"," ","-0,50","","-1,10","","96,00","","2,00","","13,00","","4,00","","98,62","","","","-5,00","","Brouillard"
"1986-12-30 10:00","1986","12","30","10:00"," ","-0,50","","-1,30","","94,00","","2,00","","17,00","","4,00","","98,65","","","","-5,00","","Brouillard"
"1986-12-30 11:00","1986","12","30","11:00"," ","-0,50","","-1,50","","93,00","","2,00","","20,00","","4,80","","98,69","","","","-6,00","","Brouillard"
"1986-12-30 12:00","1986","12","30","12:00"," ","0,10","","-1,80","","87,00","","1,00","","19,00","","6,40","","98,69","","","","","","Brouillard"
"1986-12-30 13:00","1986","12","30","13:00"," ","-0,10","","-1,90","","88,00","","35,00","","17,00","","6,40","","98,69","","","","-5,00","","Bruine verglaçante,Averses de neige,Brouillard"
"1986-12-30 14:00","1986","12","30","14:00"," ","0,00","","-1,80","","88,00","","36,00","","15,00","","4,80","","98,69","","","","-4,00","","Averses de neige"
"1986-12-30 15:00","1986","12","30","15:00"," ","0,10","","-1,60","","88,00","","35,00","","13,00","","6,40","","98,72","","","","","","Brouillard"
"1986-12-30 16:00","1986","12","30","16:00"," ","0,20","","-1,70","","87,00","","35,00","","11,00","","8,00","","98,75","","","","","","Brouillard"
"1986-12-30 17:00","1986","12","30","17:00"," ","0,30","","-1,90","","85,00","","34,00","","9,00","","6,40","","98,85","","","","","","Brouillard,Brume sèche"
"1986-12-30 18:00","1986","12","30","18:00"," ","0,00","","-2,00","","86,00","","32,00","","15,00","","4,80","","98,89","","","","-4,00","","Averses de neige,Brouillard,Brume sèche"
"1986-12-30 19:00","1986","12","30","19:00"," ","0,10","","-2,20","","84,00","","34,00","","15,00","","9,70","","98,95","","","","","","Brouillard,Brume sèche"
"1986-12-30 20:00","1986","12","30","20:00"," ","0,00","","-2,00","","86,00","","35,00","","13,00","","9,70","","99,02","","","","-4,00","","Brouillard,Brume sèche"
"1986-12-30 21:00","1986","12","30","21:00"," ","-0,30","","-2,20","","87,00","","2,00","","15,00","","9,70","","99,05","","","","-5,00","","Brouillard"
"1986-12-30 22:00","1986","12","30","22:00"," ","","","","","","","35,00","","15,00","","","","","","","","","","ND"
"1986-12-30 23:00","1986","12","30","23:00"," ","","","","","","","35,00","","11,00","","","","","","","","","","ND"
"1986-12-31 00:00","1986","12","31","00:00"," ","","","","","","","2,00","","13,00","","","","","","","","","","ND"
"1986-12-31 01:00","1986","12","31","01:00"," ","","","","","","","35,00","","7,00","","","","","","","","","","ND"
"1986-12-31 02:00","1986","12","31","02:00"," ","","","","","","","35,00","","6,00","","","","","","","","","","ND"
"1986-12-31 03:00","1986","12","31","03:00"," ","","","","","","","0,00","","0,00","","","","","","","","","","ND"
"1986-12-31 04:00","1986","12","31","04:00"," ","","","","","","","21,00","","6,00","","","","","","","","","","ND"
"1986-12-31 05:00","1986","12","31","05:00"," ","","","","","","","23,00","","9,00","","","","","","","","","","ND"
"1986-12-31 06:00","1986","12","31","06:00"," ","-1,20","","-1,90","","95,00","","25,00","","9,00","","12,90","","99,38","","","","-4,00","","Nuageux"
"1986-12-31 07:00","1986","12","31","07:00"," ","-0,90","","-1,70","","94,00","","22,00","","7,00","","12,90","","99,42","","","","-3,00","","Nuageux"
"1986-12-31 08:00","1986","12","31","08:00"," ","-1,00","","-1,60","","96,00","","24,00","","9,00","","4,80","","99,48","","","","-4,00","","Brouillard"
"1986-12-31 09:00","1986","12","31","09:00"," ","-0,90","","-1,80","","94,00","","22,00","","11,00","","6,40","","99,55","","","","-5,00","","Brouillard"
"1986-12-31 10:00","1986","12","31","10:00"," ","-0,60","","-1,70","","92,00","","17,00","","6,00","","6,40","","99,61","","","","-3,00","","Brouillard"
"1986-12-31 11:00","1986","12","31","11:00"," ","0,00","","-1,40","","90,00","","17,00","","9,00","","6,40","","99,61","","","","-3,00","","Brouillard"
"1986-12-31 12:00","1986","12","31","12:00"," ","0,50","","-1,60","","86,00","","18,00","","9,00","","6,40","","99,58","","","","","","Brouillard"
"1986-12-31 13:00","1986","12","31","13:00"," ","0,80","","-1,80","","83,00","","18,00","","9,00","","8,00","","99,52","","","","","","Brume sèche"
"1986-12-31 14:00","1986","12","31","14:00"," ","1,00","","-1,30","","85,00","","18,00","","11,00","","8,00","","99,48","","","","","","Brume sèche"
"1986-12-31 15:00","1986","12","31","15:00"," ","0,90","","-1,10","","86,00","","17,00","","9,00","","8,00","","99,48","","","","","","Brouillard"
"1986-12-31 16:00","1986","12","31","16:00"," ","0,90","","-1,30","","85,00","","17,00","","11,00","","9,70","","99,42","","","","","","Brume sèche"
"1986-12-31 17:00","1986","12","31","17:00"," ","0,70","","-1,10","","87,00","","15,00","","9,00","","8,00","","99,42","","","","","","Brouillard"
"1986-12-31 18:00","1986","12","31","18:00"," ","0,60","","-0,80","","90,00","","19,00","","6,00","","8,00","","99,48","","","","","","Brouillard"
"1986-12-31 19:00","1986","12","31","19:00"," ","0,40","","-0,70","","92,00","","19,00","","9,00","","8,00","","99,52","","","","","","Brouillard"
"1986-12-31 20:00","1986","12","31","20:00"," ","0,70","","-0,80","","90,00","","18,00","","11,00","","8,00","","99,52","","","","","","Brouillard"
"1986-12-31 21:00","1986","12","31","21:00"," ","0,60","","-0,80","","90,00","","21,00","","6,00","","9,70","","99,52","","","","","","Brouillard"
"1986-12-31 22:00","1986","12","31","22:00"," ","","","","","","","17,00","","9,00","","","","","","","","","","ND"
"1986-12-31 23:00","1986","12","31","23:00"," ","","","","","","","19,00","","9,00","","","","","","","","","","ND"
