"Nom de la Station","HAMILTON A"
"Province","ONTARIO"
"Latitude","43,17"
"Longitude","-79,93"
"Altitude","237,70"
"Identification Climat","6153194"
"Identification OMM","71263"
"Identification TC","YHM"
"Toutes les heures sont exprimées en heure normale locale (HNL). Pour convertir l'heure locale en heure avancée de l'Est (HAE), ajoutez 1 heure s'il y a lieu."

"Légende"
"M","Données Manquantes"
"E","Valeur Estimée"
"ND","Non Disponible"
"**","Données fournies par un partenaire, non assujetties à un révision par les Archives climatiques nationales du Canada"

"Date/Heure","Année","Mois","Jour","Heure","Qualité des Données","Temp (°C)","Temp Indicateur","Point de rosée (°C)","Point de rosée Indicateur","Hum. rel (%)","Hum. rel. Indicateur","Dir. du vent (10s deg)","Dir. du vent Indicateur","Vit. du vent (km/h)","Vit. du vent Indicateur","Visibilité (km)","Visibilité Indicateur","Pression à la station (kPa)","Pression à la station Indicateur","Hmdx","Hmdx Indicateur","Refroid. éolien","Refroid. éolien Indicateur","Temps"
"1993-03-01 00:00","1993","03","01","00:00"," ","","","","","","","22,00","","19,00","","","","","","","","","","ND"
"1993-03-01 01:00","1993","03","01","01:00"," ","","","","","","","22,00","","20,00","","","","","","","","","","ND"
"1993-03-01 02:00","1993","03","01","02:00"," ","","","","","","","22,00","","17,00","","","","","","","","","","ND"
"1993-03-01 03:00","1993","03","01","03:00"," ","","","","","","","23,00","","20,00","","","","","","","","","","ND"
"1993-03-01 04:00","1993","03","01","04:00"," ","","","","","","","21,00","","17,00","","","","","","","","","","ND"
"1993-03-01 05:00","1993","03","01","05:00"," ","","","","","","","21,00","","15,00","","","","","","","","","","ND"
"1993-03-01 06:00","1993","03","01","06:00"," ","-4,80","","-7,80","","79,00","","22,00","","20,00","","16,10","","98,85","","","","-11,00","","Généralement nuageux"
"1993-03-01 07:00","1993","03","01","07:00"," ","-4,80","","-7,50","","81,00","","23,00","","20,00","","9,70","","98,82","","","","-11,00","","Brume sèche"
"1993-03-01 08:00","1993","03","01","08:00"," ","-4,50","","-7,40","","80,00","","22,00","","19,00","","11,30","","98,82","","","","-11,00","","Généralement nuageux"
"1993-03-01 09:00","1993","03","01","09:00"," ","-4,10","","-6,90","","81,00","","23,00","","19,00","","11,30","","98,82","","","","-10,00","","Généralement nuageux"
"1993-03-01 10:00","1993","03","01","10:00"," ","-3,70","","-6,80","","79,00","","23,00","","19,00","","12,90","","98,75","","","","-10,00","","Généralement nuageux"
"1993-03-01 11:00","1993","03","01","11:00"," ","-3,10","","-6,70","","76,00","","24,00","","22,00","","9,70","","98,65","","","","-9,00","","Brume sèche"
"1993-03-01 12:00","1993","03","01","12:00"," ","-2,50","","-6,20","","75,00","","26,00","","17,00","","9,70","","98,62","","","","-8,00","","Brume sèche"
"1993-03-01 13:00","1993","03","01","13:00"," ","-2,00","","-5,60","","76,00","","24,00","","17,00","","9,70","","98,55","","","","-7,00","","Brume sèche"
"1993-03-01 14:00","1993","03","01","14:00"," ","-1,40","","-5,50","","73,00","","25,00","","17,00","","11,30","","98,46","","","","-7,00","","Nuageux"
"1993-03-01 15:00","1993","03","01","15:00"," ","-0,90","","-4,90","","74,00","","26,00","","13,00","","11,30","","98,42","","","","-5,00","","Nuageux"
"1993-03-01 16:00","1993","03","01","16:00"," ","-0,80","","-4,30","","77,00","","25,00","","13,00","","11,30","","98,39","","","","-5,00","","Nuageux"
"1993-03-01 17:00","1993","03","01","17:00"," ","-0,70","","-3,90","","79,00","","24,00","","11,00","","11,30","","98,36","","","","-4,00","","Nuageux"
"1993-03-01 18:00","1993","03","01","18:00"," ","-0,80","","-3,70","","80,00","","22,00","","13,00","","12,90","","98,36","","","","-5,00","","Nuageux"
"1993-03-01 19:00","1993","03","01","19:00"," ","-1,00","","-3,60","","82,00","","22,00","","9,00","","11,30","","98,36","","","","-4,00","","Nuageux"
"1993-03-01 20:00","1993","03","01","20:00"," ","-1,40","","-3,20","","87,00","","26,00","","11,00","","11,30","","98,36","","","","-5,00","","Nuageux"
"1993-03-01 21:00","1993","03","01","21:00"," ","-1,20","","-3,60","","84,00","","24,00","","13,00","","9,70","","98,32","","","","-5,00","","Brume sèche"
"1993-03-01 22:00","1993","03","01","22:00"," ","","","","","","","20,00","","9,00","","","","","","","","","","ND"
"1993-03-01 23:00","1993","03","01","23:00"," ","","","","","","","21,00","","11,00","","","","","","","","","","ND"
"1993-03-02 00:00","1993","03","02","00:00"," ","","","","","","","23,00","","6,00","","","","","","","","","","ND"
"1993-03-02 01:00","1993","03","02","01:00"," ","","","","","","","20,00","","11,00","","","","","","","","","","ND"
"1993-03-02 02:00","1993","03","02","02:00"," ","","","","","","","21,00","","11,00","","","","","","","","","","ND"
"1993-03-02 03:00","1993","03","02","03:00"," ","","","","","","","22,00","","13,00","","","","","","","","","","ND"
"1993-03-02 04:00","1993","03","02","04:00"," ","","","","","","","23,00","","13,00","","","","","","","","","","ND"
"1993-03-02 05:00","1993","03","02","05:00"," ","","","","","","","24,00","","13,00","","","","","","","","","","ND"
"1993-03-02 06:00","1993","03","02","06:00"," ","-6,30","","-6,30","","100,00","","23,00","","13,00","","0,00","","98,19","","","","-12,00","","Brouillard"
"1993-03-02 07:00","1993","03","02","07:00"," ","-8,00","","-8,00","","100,00","","23,00","","7,00","","0,20","","98,22","","","","-12,00","","Brouillard"
"1993-03-02 08:00","1993","03","02","08:00"," ","-7,80","","-7,80","","100,00","","22,00","","6,00","","0,40","","98,22","","","","-11,00","","Brouillard"
"1993-03-02 09:00","1993","03","02","09:00"," ","-6,30","","-6,30","","100,00","","21,00","","7,00","","0,80","","98,22","","","","-10,00","","Brouillard"
"1993-03-02 10:00","1993","03","02","10:00"," ","-4,30","","-4,30","","100,00","","23,00","","13,00","","1,20","","98,22","","","","-9,00","","Brouillard"
"1993-03-02 11:00","1993","03","02","11:00"," ","-2,10","","-2,20","","99,00","","22,00","","15,00","","2,00","","98,16","","","","-7,00","","Brouillard"
"1993-03-02 12:00","1993","03","02","12:00"," ","-1,20","","-1,90","","95,00","","25,00","","22,00","","3,20","","98,16","","","","-7,00","","Brouillard"
"1993-03-02 13:00","1993","03","02","13:00"," ","-0,40","","-1,50","","92,00","","25,00","","17,00","","2,80","","98,12","","","","-5,00","","Brouillard"
"1993-03-02 14:00","1993","03","02","14:00"," ","0,60","","-1,20","","87,00","","24,00","","17,00","","3,20","","98,06","","","","","","Brouillard"
"1993-03-02 15:00","1993","03","02","15:00"," ","1,90","","-1,00","","81,00","","25,00","","20,00","","4,80","","98,06","","","","","","Brume sèche"
"1993-03-02 16:00","1993","03","02","16:00"," ","2,00","","-0,80","","82,00","","25,00","","19,00","","4,80","","98,12","","","","","","Brume sèche"
"1993-03-02 17:00","1993","03","02","17:00"," ","2,00","","-1,00","","80,00","","24,00","","13,00","","4,80","","98,16","","","","","","Brume sèche"
"1993-03-02 18:00","1993","03","02","18:00"," ","1,10","","-1,40","","83,00","","26,00","","15,00","","4,00","","98,22","","","","","","Brume sèche"
"1993-03-02 19:00","1993","03","02","19:00"," ","0,10","","-1,90","","86,00","","24,00","","9,00","","3,20","","98,29","","","","","","Brouillard"
"1993-03-02 20:00","1993","03","02","20:00"," ","-1,20","","-2,50","","91,00","","27,00","","11,00","","3,20","","98,36","","","","-5,00","","Brouillard"
"1993-03-02 21:00","1993","03","02","21:00"," ","-1,40","","-2,70","","91,00","","30,00","","13,00","","2,40","","98,42","","","","-6,00","","Brouillard"
"1993-03-02 22:00","1993","03","02","22:00"," ","","","","","","","34,00","","13,00","","","","","","","","","","ND"
"1993-03-02 23:00","1993","03","02","23:00"," ","","","","","","","34,00","","9,00","","","","","","","","","","ND"
"1993-03-03 00:00","1993","03","03","00:00"," ","","","","","","","31,00","","6,00","","","","","","","","","","ND"
"1993-03-03 01:00","1993","03","03","01:00"," ","","","","","","","1,00","","17,00","","","","","","","","","","ND"
"1993-03-03 02:00","1993","03","03","02:00"," ","","","","","","","2,00","","13,00","","","","","","","","","","ND"
"1993-03-03 03:00","1993","03","03","03:00"," ","","","","","","","4,00","","13,00","","","","","","","","","","ND"
"1993-03-03 04:00","1993","03","03","04:00"," ","","","","","","","4,00","","17,00","","","","","","","","","","ND"
"1993-03-03 05:00","1993","03","03","05:00"," ","","","","","","","4,00","","17,00","","","","","","","","","","ND"
"1993-03-03 06:00","1993","03","03","06:00"," ","-2,80","","-3,60","","94,00","","3,00","","17,00","","4,00","","98,59","","","","-8,00","","Brouillard"
"1993-03-03 07:00","1993","03","03","07:00"," ","-2,60","","-3,50","","94,00","","3,00","","11,00","","3,20","","98,72","","","","-7,00","","Brouillard"
"1993-03-03 08:00","1993","03","03","08:00"," ","-2,70","","-3,80","","92,00","","3,00","","11,00","","4,00","","98,82","","","","-7,00","","Brouillard"
"1993-03-03 09:00","1993","03","03","09:00"," ","-1,00","","-2,90","","87,00","","4,00","","9,00","","4,00","","98,85","","","","-4,00","","Brouillard"
"1993-03-03 10:00","1993","03","03","10:00"," ","1,40","","-1,50","","81,00","","4,00","","15,00","","4,80","","98,89","","","","","","Brume sèche"
"1993-03-03 11:00","1993","03","03","11:00"," ","1,20","","-1,40","","83,00","","5,00","","19,00","","6,40","","98,92","","","","","","Brume sèche"
"1993-03-03 12:00","1993","03","03","12:00"," ","1,80","","-0,60","","84,00","","4,00","","20,00","","4,80","","98,92","","","","","","Brume sèche"
"1993-03-03 13:00","1993","03","03","13:00"," ","1,50","","-0,90","","84,00","","5,00","","20,00","","6,40","","98,85","","","","","","Brume sèche"
"1993-03-03 14:00","1993","03","03","14:00"," ","0,50","","-0,50","","93,00","","5,00","","26,00","","4,00","","98,89","","","","","","Brouillard"
"1993-03-03 15:00","1993","03","03","15:00"," ","2,00","","-1,30","","79,00","","7,00","","26,00","","9,70","","98,92","","","","","","Brume sèche"
"1993-03-03 16:00","1993","03","03","16:00"," ","1,60","","-1,20","","81,00","","8,00","","22,00","","9,70","","98,95","","","","","","Brume sèche"
"1993-03-03 17:00","1993","03","03","17:00"," ","2,00","","-2,10","","74,00","","7,00","","19,00","","14,50","","98,99","","","","","","Généralement nuageux"
"1993-03-03 18:00","1993","03","03","18:00"," ","1,30","","-3,00","","73,00","","6,00","","20,00","","16,10","","98,95","","","","","","Généralement nuageux"
"1993-03-03 19:00","1993","03","03","19:00"," ","0,40","","-2,30","","82,00","","6,00","","24,00","","19,30","","99,02","","","","","","Généralement nuageux"
"1993-03-03 20:00","1993","03","03","20:00"," ","0,30","","-2,10","","84,00","","7,00","","24,00","","19,30","","99,05","","","","","","Généralement nuageux"
"1993-03-03 21:00","1993","03","03","21:00"," ","-0,10","","-1,80","","88,00","","6,00","","26,00","","16,10","","99,12","","","","-6,00","","Généralement nuageux"
"1993-03-03 22:00","1993","03","03","22:00"," ","","","","","","","7,00","","24,00","","","","","","","","","","ND"
"1993-03-03 23:00","1993","03","03","23:00"," ","","","","","","","8,00","","30,00","","","","","","","","","","ND"
"1993-03-04 00:00","1993","03","04","00:00"," ","","","","","","","7,00","","28,00","","","","","","","","","","ND"
"1993-03-04 01:00","1993","03","04","01:00"," ","","","","","","","7,00","","31,00","","","","","","","","","","ND"
"1993-03-04 02:00","1993","03","04","02:00"," ","","","","","","","7,00","","30,00","","","","","","","","","","ND"
"1993-03-04 03:00","1993","03","04","03:00"," ","","","","","","","7,00","","35,00","","","","","","","","","","ND"
"1993-03-04 04:00","1993","03","04","04:00"," ","","","","","","","6,00","","50,00","","","","","","","","","","ND"
"1993-03-04 05:00","1993","03","04","05:00"," ","","","","","","","7,00","","41,00","","","","","","","","","","ND"
"1993-03-04 06:00","1993","03","04","06:00"," ","-0,60","","-2,80","","85,00","","6,00","","52,00","","12,90","","98,75","","","","-9,00","","Averses de granules de glace ou de grésil"
"1993-03-04 07:00","1993","03","04","07:00"," ","-0,70","","-3,00","","84,00","","7,00","","43,00","","16,10","","98,75","","","","-9,00","","Nuageux"
"1993-03-04 08:00","1993","03","04","08:00"," ","-0,70","","-2,40","","88,00","","7,00","","54,00","","11,30","","98,79","","","","-9,00","","Nuageux"
"1993-03-04 09:00","1993","03","04","09:00"," ","-0,40","","-2,20","","87,00","","6,00","","50,00","","11,30","","98,72","","","","-9,00","","Nuageux"
"1993-03-04 10:00","1993","03","04","10:00"," ","-0,40","","-2,10","","88,00","","6,00","","50,00","","11,30","","98,65","","","","-9,00","","Nuageux"
"1993-03-04 11:00","1993","03","04","11:00"," ","-0,70","","-2,50","","88,00","","6,00","","54,00","","11,30","","98,55","","","","-9,00","","Nuageux"
"1993-03-04 12:00","1993","03","04","12:00"," ","-0,70","","-2,80","","86,00","","6,00","","56,00","","11,30","","98,42","","","","-9,00","","Nuageux"
"1993-03-04 13:00","1993","03","04","13:00"," ","-0,60","","-3,30","","82,00","","6,00","","63,00","","11,30","","98,26","","","","-10,00","","Nuageux"
"1993-03-04 14:00","1993","03","04","14:00"," ","-0,50","","-3,90","","78,00","","6,00","","54,00","","14,50","","98,16","","","","-9,00","","Nuageux"
"1993-03-04 15:00","1993","03","04","15:00"," ","-0,20","","-3,60","","78,00","","6,00","","63,00","","16,10","","98,12","","","","-9,00","","Nuageux"
"1993-03-04 16:00","1993","03","04","16:00"," ","-0,20","","-3,60","","78,00","","6,00","","54,00","","19,30","","97,99","","","","-9,00","","Nuageux"
"1993-03-04 17:00","1993","03","04","17:00"," ","-0,10","","-4,00","","75,00","","5,00","","52,00","","17,70","","98,06","","","","-8,00","","Nuageux"
"1993-03-04 18:00","1993","03","04","18:00"," ","-0,10","","-4,70","","71,00","","5,00","","57,00","","1,60","","97,99","","","","-9,00","","Neige,Poudrerie élevée"
"1993-03-04 19:00","1993","03","04","19:00"," ","-2,10","","-2,30","","99,00","","5,00","","57,00","","0,60","","98,03","","","","-11,00","","Neige modérée,Granules de glace ou grésil,Poudrerie élevée"
"1993-03-04 20:00","1993","03","04","20:00"," ","-2,40","","-2,50","","99,00","","5,00","","63,00","","0,20","","97,96","","","","-12,00","","Neige modérée,Poudrerie élevée"
"1993-03-04 21:00","1993","03","04","21:00"," ","-2,60","","-2,60","","100,00","","5,00","","67,00","","0,60","","97,89","","","","-13,00","","Neige modérée,Poudrerie élevée"
"1993-03-04 22:00","1993","03","04","22:00"," ","","","","","","","5,00","","63,00","","","","","","","","","","ND"
"1993-03-04 23:00","1993","03","04","23:00"," ","","","","","","","5,00","","61,00","","","","","","","","","","ND"
"1993-03-05 00:00","1993","03","05","00:00"," ","","","","","","","5,00","","54,00","","","","","","","","","","ND"
"1993-03-05 01:00","1993","03","05","01:00"," ","","","","","","","6,00","","54,00","","","","","","","","","","ND"
"1993-03-05 02:00","1993","03","05","02:00"," ","","","","","","","6,00","","54,00","","","","","","","","","","ND"
"1993-03-05 03:00","1993","03","05","03:00"," ","","","","","","","6,00","","48,00","","","","","","","","","","ND"
"1993-03-05 04:00","1993","03","05","04:00"," ","","","","","","","6,00","","52,00","","","","","","","","","","ND"
"1993-03-05 05:00","1993","03","05","05:00"," ","","","","","","","7,00","","44,00","","","","","","","","","","ND"
"1993-03-05 06:00","1993","03","05","06:00"," ","-1,40","","-2,00","","96,00","","6,00","","39,00","","3,20","","97,66","","","","-9,00","","Bruine verglaçante,Neige,Poudrerie élevée"
"1993-03-05 07:00","1993","03","05","07:00"," ","-1,70","","-2,00","","98,00","","6,00","","43,00","","1,60","","97,69","","","","-10,00","","Neige,Poudrerie élevée"
"1993-03-05 08:00","1993","03","05","08:00"," ","-1,80","","-1,80","","100,00","","6,00","","44,00","","1,60","","97,69","","","","-10,00","","Neige,Poudrerie élevée"
"1993-03-05 09:00","1993","03","05","09:00"," ","-1,70","","-1,70","","100,00","","6,00","","37,00","","0,80","","97,69","","","","-9,00","","Neige,Poudrerie élevée"
"1993-03-05 10:00","1993","03","05","10:00"," ","-1,60","","-1,60","","100,00","","6,00","","39,00","","0,80","","97,69","","","","-9,00","","Neige,Poudrerie élevée"
"1993-03-05 11:00","1993","03","05","11:00"," ","-1,70","","-1,90","","99,00","","6,00","","35,00","","1,00","","97,69","","","","-9,00","","Neige,Poudrerie élevée"
"1993-03-05 12:00","1993","03","05","12:00"," ","-1,60","","-1,70","","99,00","","6,00","","39,00","","0,60","","97,69","","","","-9,00","","Neige modérée,Poudrerie élevée"
"1993-03-05 13:00","1993","03","05","13:00"," ","-1,60","","-1,80","","99,00","","6,00","","37,00","","1,20","","97,66","","","","-9,00","","Neige,Poudrerie élevée"
"1993-03-05 14:00","1993","03","05","14:00"," ","-1,30","","-1,80","","96,00","","6,00","","39,00","","2,00","","97,66","","","","-9,00","","Neige,Poudrerie élevée"
"1993-03-05 15:00","1993","03","05","15:00"," ","-1,20","","-1,40","","99,00","","6,00","","31,00","","2,40","","97,66","","","","-8,00","","Neige,Poudrerie élevée"
"1993-03-05 16:00","1993","03","05","16:00"," ","-0,90","","-1,10","","98,00","","5,00","","33,00","","1,60","","97,69","","","","-8,00","","Neige,Poudrerie élevée"
"1993-03-05 17:00","1993","03","05","17:00"," ","-0,90","","-1,30","","97,00","","5,00","","35,00","","2,40","","97,76","","","","-8,00","","Neige,Poudrerie élevée"
"1993-03-05 18:00","1993","03","05","18:00"," ","-0,80","","-1,30","","96,00","","5,00","","35,00","","4,00","","97,79","","","","-8,00","","Neige,Poudrerie élevée"
"1993-03-05 19:00","1993","03","05","19:00"," ","-1,00","","-1,00","","100,00","","3,00","","28,00","","1,60","","97,86","","","","-8,00","","Neige"
"1993-03-05 20:00","1993","03","05","20:00"," ","-1,10","","-1,50","","97,00","","5,00","","35,00","","3,20","","97,89","","","","-8,00","","Neige"
"1993-03-05 21:00","1993","03","05","21:00"," ","-1,30","","-1,80","","96,00","","3,00","","26,00","","4,80","","97,89","","","","-8,00","","Neige,Poudrerie élevée"
"1993-03-05 22:00","1993","03","05","22:00"," ","","","","","","","2,00","","28,00","","","","","","","","","","ND"
"1993-03-05 23:00","1993","03","05","23:00"," ","","","","","","","3,00","","22,00","","","","","","","","","","ND"
"1993-03-06 00:00","1993","03","06","00:00"," ","","","","","","","2,00","","20,00","","","","","","","","","","ND"
"1993-03-06 01:00","1993","03","06","01:00"," ","","","","","","","2,00","","13,00","","","","","","","","","","ND"
"1993-03-06 02:00","1993","03","06","02:00"," ","","","","","","","5,00","","13,00","","","","","","","","","","ND"
"1993-03-06 03:00","1993","03","06","03:00"," ","","","","","","","35,00","","7,00","","","","","","","","","","ND"
"1993-03-06 04:00","1993","03","06","04:00"," ","","","","","","","33,00","","6,00","","","","","","","","","","ND"
"1993-03-06 05:00","1993","03","06","05:00"," ","","","","","","","29,00","","6,00","","","","","","","","","","ND"
"1993-03-06 06:00","1993","03","06","06:00"," ","-2,80","","-3,30","","96,00","","0,00","","0,00","","11,30","","98,22","","","","","","Neige"
"1993-03-06 07:00","1993","03","06","07:00"," ","-2,80","","-3,10","","98,00","","0,00","","0,00","","11,30","","98,26","","","","","","Neige"
"1993-03-06 08:00","1993","03","06","08:00"," ","-2,60","","-3,00","","97,00","","0,00","","0,00","","6,40","","98,26","","","","","","Neige,Brouillard"
"1993-03-06 09:00","1993","03","06","09:00"," ","-2,10","","-2,70","","96,00","","22,00","","9,00","","6,40","","98,26","","","","-6,00","","Neige,Brouillard"
"1993-03-06 10:00","1993","03","06","10:00"," ","-1,40","","-2,10","","95,00","","24,00","","17,00","","4,80","","98,32","","","","-7,00","","Neige"
"1993-03-06 11:00","1993","03","06","11:00"," ","-0,60","","-1,70","","92,00","","25,00","","13,00","","11,30","","98,32","","","","-5,00","","Neige en grains"
"1993-03-06 12:00","1993","03","06","12:00"," ","-0,10","","-1,80","","88,00","","26,00","","13,00","","11,30","","98,32","","","","-4,00","","Neige"
"1993-03-06 13:00","1993","03","06","13:00"," ","-0,20","","-1,20","","93,00","","26,00","","17,00","","8,00","","98,32","","","","-5,00","","Neige,Brouillard"
"1993-03-06 14:00","1993","03","06","14:00"," ","0,10","","-1,10","","91,00","","26,00","","17,00","","9,70","","98,29","","","","","","Neige,Brouillard"
"1993-03-06 15:00","1993","03","06","15:00"," ","0,10","","-1,80","","87,00","","26,00","","19,00","","11,30","","98,29","","","","","","Neige"
"1993-03-06 16:00","1993","03","06","16:00"," ","0,10","","-2,10","","85,00","","26,00","","19,00","","12,90","","98,32","","","","","","Nuageux"
"1993-03-06 17:00","1993","03","06","17:00"," ","0,40","","-3,90","","73,00","","29,00","","17,00","","17,70","","98,36","","","","","","Généralement nuageux"
"1993-03-06 18:00","1993","03","06","18:00"," ","-0,30","","-4,40","","74,00","","24,00","","13,00","","19,30","","98,36","","","","-4,00","","Généralement nuageux"
"1993-03-06 19:00","1993","03","06","19:00"," ","-1,80","","-5,40","","76,00","","23,00","","11,00","","24,10","","98,42","","","","-6,00","","Généralement nuageux"
"1993-03-06 20:00","1993","03","06","20:00"," ","-2,10","","-4,00","","87,00","","26,00","","13,00","","19,30","","98,46","","","","-7,00","","Généralement nuageux"
"1993-03-06 21:00","1993","03","06","21:00"," ","-3,10","","-3,80","","95,00","","23,00","","17,00","","19,30","","98,46","","","","-9,00","","Dégagé"
"1993-03-06 22:00","1993","03","06","22:00"," ","","","","","","","23,00","","15,00","","","","","","","","","","ND"
"1993-03-06 23:00","1993","03","06","23:00"," ","","","","","","","23,00","","13,00","","","","","","","","","","ND"
"1993-03-07 00:00","1993","03","07","00:00"," ","","","","","","","24,00","","13,00","","","","","","","","","","ND"
"1993-03-07 01:00","1993","03","07","01:00"," ","","","","","","","24,00","","11,00","","","","","","","","","","ND"
"1993-03-07 02:00","1993","03","07","02:00"," ","","","","","","","23,00","","9,00","","","","","","","","","","ND"
"1993-03-07 03:00","1993","03","07","03:00"," ","","","","","","","24,00","","9,00","","","","","","","","","","ND"
"1993-03-07 04:00","1993","03","07","04:00"," ","","","","","","","24,00","","7,00","","","","","","","","","","ND"
"1993-03-07 05:00","1993","03","07","05:00"," ","","","","","","","23,00","","9,00","","","","","","","","","","ND"
"1993-03-07 06:00","1993","03","07","06:00"," ","-9,00","","-9,00","","100,00","","23,00","","9,00","","0,00","","98,32","","","","-14,00","","Brouillard"
"1993-03-07 07:00","1993","03","07","07:00"," ","-7,20","","-7,40","","99,00","","21,00","","9,00","","0,00","","98,32","","","","-12,00","","Brouillard"
"1993-03-07 08:00","1993","03","07","08:00"," ","-5,40","","-5,70","","97,00","","22,00","","9,00","","0,00","","98,32","","","","-9,00","","Brouillard"
"1993-03-07 09:00","1993","03","07","09:00"," ","-3,60","","-3,60","","100,00","","20,00","","13,00","","0,20","","98,26","","","","-8,00","","Brouillard"
"1993-03-07 10:00","1993","03","07","10:00"," ","-2,60","","-2,60","","100,00","","20,00","","15,00","","0,20","","98,26","","","","-8,00","","Brouillard"
"1993-03-07 11:00","1993","03","07","11:00"," ","-0,70","","-0,70","","100,00","","21,00","","17,00","","2,00","","98,26","","","","-6,00","","Brouillard"
"1993-03-07 12:00","1993","03","07","12:00"," ","0,40","","0,40","","100,00","","20,00","","19,00","","4,80","","98,22","","","","","","Brouillard"
"1993-03-07 13:00","1993","03","07","13:00"," ","1,90","","0,80","","92,00","","18,00","","19,00","","9,70","","98,12","","","","","","Brouillard"
"1993-03-07 14:00","1993","03","07","14:00"," ","2,40","","-0,10","","84,00","","19,00","","17,00","","9,70","","98,06","","","","","","Brume sèche"
"1993-03-07 15:00","1993","03","07","15:00"," ","3,30","","0,00","","79,00","","18,00","","19,00","","11,30","","97,96","","","","","","Généralement dégagé"
"1993-03-07 16:00","1993","03","07","16:00"," ","3,40","","-0,20","","77,00","","19,00","","19,00","","11,30","","97,89","","","","","","Généralement dégagé"
"1993-03-07 17:00","1993","03","07","17:00"," ","3,30","","-0,70","","75,00","","19,00","","13,00","","11,30","","97,83","","","","","","Nuageux"
"1993-03-07 18:00","1993","03","07","18:00"," ","3,20","","-1,10","","73,00","","18,00","","11,00","","11,30","","97,79","","","","","","Nuageux"
"1993-03-07 19:00","1993","03","07","19:00"," ","3,80","","-0,10","","76,00","","19,00","","20,00","","16,10","","97,79","","","","","","Nuageux"
"1993-03-07 20:00","1993","03","07","20:00"," ","3,30","","1,50","","88,00","","18,00","","26,00","","19,30","","97,73","","","","","","Nuageux"
"1993-03-07 21:00","1993","03","07","21:00"," ","3,60","","2,10","","90,00","","18,00","","30,00","","19,30","","97,66","","","","","","Averses de pluie"
"1993-03-07 22:00","1993","03","07","22:00"," ","","","","","","","21,00","","17,00","","","","","","","","","","ND"
"1993-03-07 23:00","1993","03","07","23:00"," ","","","","","","","22,00","","24,00","","","","","","","","","","ND"
"1993-03-08 00:00","1993","03","08","00:00"," ","","","","","","","21,00","","15,00","","","","","","","","","","ND"
"1993-03-08 01:00","1993","03","08","01:00"," ","","","","","","","21,00","","13,00","","","","","","","","","","ND"
"1993-03-08 02:00","1993","03","08","02:00"," ","","","","","","","23,00","","13,00","","","","","","","","","","ND"
"1993-03-08 03:00","1993","03","08","03:00"," ","","","","","","","29,00","","13,00","","","","","","","","","","ND"
"1993-03-08 04:00","1993","03","08","04:00"," ","","","","","","","28,00","","9,00","","","","","","","","","","ND"
"1993-03-08 05:00","1993","03","08","05:00"," ","","","","","","","25,00","","7,00","","","","","","","","","","ND"
"1993-03-08 06:00","1993","03","08","06:00"," ","0,60","","0,40","","98,00","","26,00","","6,00","","4,00","","97,43","","","","","","Brouillard"
"1993-03-08 07:00","1993","03","08","07:00"," ","0,70","","-0,70","","90,00","","26,00","","11,00","","9,70","","97,50","","","","","","Brouillard"
"1993-03-08 08:00","1993","03","08","08:00"," ","0,80","","-1,10","","87,00","","25,00","","6,00","","12,90","","97,50","","","","","","Nuageux"
"1993-03-08 09:00","1993","03","08","09:00"," ","0,60","","-0,90","","90,00","","25,00","","9,00","","11,30","","97,50","","","","","","Nuageux"
"1993-03-08 10:00","1993","03","08","10:00"," ","0,70","","-0,90","","89,00","","24,00","","13,00","","9,70","","97,50","","","","","","Brouillard"
"1993-03-08 11:00","1993","03","08","11:00"," ","0,80","","-0,60","","90,00","","23,00","","17,00","","4,80","","97,50","","","","","","Averses de neige,Brouillard"
"1993-03-08 12:00","1993","03","08","12:00"," ","0,80","","-0,50","","91,00","","25,00","","13,00","","6,40","","97,50","","","","","","Bruine,Brouillard"
"1993-03-08 13:00","1993","03","08","13:00"," ","1,00","","-0,50","","90,00","","24,00","","13,00","","8,00","","97,46","","","","","","Brouillard"
"1993-03-08 14:00","1993","03","08","14:00"," ","0,90","","-0,50","","90,00","","26,00","","13,00","","6,40","","97,43","","","","","","Brouillard"
"1993-03-08 15:00","1993","03","08","15:00"," ","0,90","","-0,30","","92,00","","24,00","","13,00","","4,00","","97,46","","","","","","Neige,Brouillard"
"1993-03-08 16:00","1993","03","08","16:00"," ","0,80","","0,20","","96,00","","23,00","","9,00","","1,60","","97,50","","","","","","Neige"
"1993-03-08 17:00","1993","03","08","17:00"," ","0,60","","0,60","","100,00","","24,00","","9,00","","3,60","","97,56","","","","","","Neige"
"1993-03-08 18:00","1993","03","08","18:00"," ","0,40","","0,40","","100,00","","25,00","","11,00","","2,00","","97,66","","","","","","Neige"
"1993-03-08 19:00","1993","03","08","19:00"," ","0,30","","0,30","","100,00","","25,00","","9,00","","1,60","","97,69","","","","","","Neige,Brouillard"
"1993-03-08 20:00","1993","03","08","20:00"," ","0,20","","0,20","","100,00","","26,00","","9,00","","1,60","","97,76","","","","","","Brouillard"
"1993-03-08 21:00","1993","03","08","21:00"," ","0,20","","0,20","","100,00","","27,00","","11,00","","1,60","","97,79","","","","","","Brouillard"
"1993-03-08 22:00","1993","03","08","22:00"," ","","","","","","","26,00","","9,00","","","","","","","","","","ND"
"1993-03-08 23:00","1993","03","08","23:00"," ","","","","","","","26,00","","11,00","","","","","","","","","","ND"
"1993-03-09 00:00","1993","03","09","00:00"," ","","","","","","","29,00","","19,00","","","","","","","","","","ND"
"1993-03-09 01:00","1993","03","09","01:00"," ","","","","","","","27,00","","17,00","","","","","","","","","","ND"
"1993-03-09 02:00","1993","03","09","02:00"," ","","","","","","","27,00","","19,00","","","","","","","","","","ND"
"1993-03-09 03:00","1993","03","09","03:00"," ","","","","","","","29,00","","24,00","","","","","","","","","","ND"
"1993-03-09 04:00","1993","03","09","04:00"," ","","","","","","","31,00","","33,00","","","","","","","","","","ND"
"1993-03-09 05:00","1993","03","09","05:00"," ","","","","","","","29,00","","28,00","","","","","","","","","","ND"
"1993-03-09 06:00","1993","03","09","06:00"," ","-1,10","","-5,00","","75,00","","30,00","","28,00","","16,10","","98,36","","","","-8,00","","Généralement nuageux"
"1993-03-09 07:00","1993","03","09","07:00"," ","-1,30","","-4,50","","79,00","","29,00","","26,00","","19,30","","98,46","","","","-8,00","","Nuageux"
"1993-03-09 08:00","1993","03","09","08:00"," ","-1,10","","-4,50","","78,00","","30,00","","20,00","","19,30","","98,52","","","","-7,00","","Généralement nuageux"
"1993-03-09 09:00","1993","03","09","09:00"," ","-1,30","","-5,60","","72,00","","30,00","","26,00","","19,30","","98,59","","","","-8,00","","Généralement nuageux"
"1993-03-09 10:00","1993","03","09","10:00"," ","-1,00","","-5,70","","70,00","","29,00","","26,00","","19,30","","98,62","","","","-7,00","","Généralement dégagé"
"1993-03-09 11:00","1993","03","09","11:00"," ","-0,40","","-5,00","","71,00","","29,00","","24,00","","19,30","","98,65","","","","-6,00","","Généralement nuageux"
"1993-03-09 12:00","1993","03","09","12:00"," ","-0,40","","-5,30","","69,00","","28,00","","28,00","","24,10","","98,69","","","","-7,00","","Généralement nuageux"
"1993-03-09 13:00","1993","03","09","13:00"," ","-0,70","","-5,80","","68,00","","29,00","","35,00","","24,10","","98,72","","","","-8,00","","Généralement nuageux"
"1993-03-09 14:00","1993","03","09","14:00"," ","-1,00","","-6,00","","69,00","","28,00","","30,00","","24,10","","98,69","","","","-8,00","","Généralement nuageux"
"1993-03-09 15:00","1993","03","09","15:00"," ","-1,70","","-7,00","","67,00","","28,00","","31,00","","19,30","","98,75","","","","-9,00","","Généralement nuageux"
"1993-03-09 16:00","1993","03","09","16:00"," ","-2,70","","-9,40","","60,00","","28,00","","24,00","","19,30","","98,79","","","","-9,00","","Généralement dégagé"
"1993-03-09 17:00","1993","03","09","17:00"," ","-3,20","","-9,40","","62,00","","28,00","","31,00","","24,10","","98,85","","","","-11,00","","Généralement dégagé"
"1993-03-09 18:00","1993","03","09","18:00"," ","-4,20","","-9,90","","64,00","","28,00","","22,00","","24,10","","98,92","","","","-11,00","","Généralement dégagé"
"1993-03-09 19:00","1993","03","09","19:00"," ","-4,60","","-9,30","","70,00","","29,00","","19,00","","25,00","","99,02","","","","-11,00","","Généralement dégagé"
"1993-03-09 20:00","1993","03","09","20:00"," ","-5,30","","-10,10","","69,00","","28,00","","13,00","","25,00","","99,08","","","","-10,00","","Généralement dégagé"
"1993-03-09 21:00","1993","03","09","21:00"," ","-6,10","","-9,80","","75,00","","30,00","","7,00","","25,00","","99,12","","","","-9,00","","Généralement dégagé"
"1993-03-09 22:00","1993","03","09","22:00"," ","","","","","","","26,00","","9,00","","","","","","","","","","ND"
"1993-03-09 23:00","1993","03","09","23:00"," ","","","","","","","23,00","","4,00","","","","","","","","","","ND"
"1993-03-10 00:00","1993","03","10","00:00"," ","","","","","","","26,00","","7,00","","","","","","","","","","ND"
"1993-03-10 01:00","1993","03","10","01:00"," ","","","","","","","28,00","","7,00","","","","","","","","","","ND"
"1993-03-10 02:00","1993","03","10","02:00"," ","","","","","","","24,00","","9,00","","","","","","","","","","ND"
"1993-03-10 03:00","1993","03","10","03:00"," ","","","","","","","28,00","","7,00","","","","","","","","","","ND"
"1993-03-10 04:00","1993","03","10","04:00"," ","","","","","","","26,00","","7,00","","","","","","","","","","ND"
"1993-03-10 05:00","1993","03","10","05:00"," ","","","","","","","26,00","","4,00","","","","","","","","","","ND"
"1993-03-10 06:00","1993","03","10","06:00"," ","-9,60","","-10,70","","92,00","","28,00","","4,00","","25,00","","98,72","","","","-12,00","","Généralement dégagé"
"1993-03-10 07:00","1993","03","10","07:00"," ","-9,50","","-10,60","","92,00","","0,00","","0,00","","17,70","","98,65","","","","","","Généralement nuageux"
"1993-03-10 08:00","1993","03","10","08:00"," ","-8,00","","-9,50","","89,00","","7,00","","6,00","","17,70","","98,59","","","","-11,00","","Nuageux"
"1993-03-10 09:00","1993","03","10","09:00"," ","-6,10","","-8,40","","84,00","","10,00","","7,00","","14,50","","98,52","","","","-9,00","","Nuageux"
"1993-03-10 10:00","1993","03","10","10:00"," ","-5,40","","-9,30","","74,00","","9,00","","7,00","","12,90","","98,49","","","","-9,00","","Nuageux"
"1993-03-10 11:00","1993","03","10","11:00"," ","-5,00","","-8,30","","78,00","","8,00","","19,00","","12,90","","98,36","","","","-11,00","","Nuageux"
"1993-03-10 12:00","1993","03","10","12:00"," ","-3,80","","-7,90","","73,00","","8,00","","24,00","","14,50","","98,26","","","","-11,00","","Neige"
"1993-03-10 13:00","1993","03","10","13:00"," ","-3,80","","-6,90","","79,00","","6,00","","31,00","","4,80","","98,12","","","","-12,00","","Neige"
"1993-03-10 14:00","1993","03","10","14:00"," ","-4,20","","-5,60","","90,00","","4,00","","33,00","","2,40","","97,96","","","","-12,00","","Neige"
"1993-03-10 15:00","1993","03","10","15:00"," ","-4,20","","-4,80","","96,00","","4,00","","30,00","","2,00","","97,86","","","","-12,00","","Neige"
"1993-03-10 16:00","1993","03","10","16:00"," ","-4,30","","-5,20","","93,00","","3,00","","22,00","","2,40","","97,86","","","","-11,00","","Neige"
"1993-03-10 17:00","1993","03","10","17:00"," ","-4,30","","-5,00","","95,00","","3,00","","17,00","","1,60","","97,93","","","","-10,00","","Neige"
"1993-03-10 18:00","1993","03","10","18:00"," ","-4,10","","-5,00","","93,00","","2,00","","22,00","","2,40","","97,96","","","","-11,00","","Neige"
"1993-03-10 19:00","1993","03","10","19:00"," ","-4,40","","-5,90","","89,00","","1,00","","19,00","","4,00","","98,03","","","","-11,00","","Neige"
"1993-03-10 20:00","1993","03","10","20:00"," ","-5,00","","-6,60","","88,00","","36,00","","22,00","","9,70","","98,09","","","","-12,00","","Neige"
"1993-03-10 21:00","1993","03","10","21:00"," ","-5,10","","-6,60","","89,00","","35,00","","22,00","","9,70","","98,09","","","","-12,00","","Neige"
"1993-03-10 22:00","1993","03","10","22:00"," ","","","","","","","35,00","","20,00","","","","","","","","","","ND"
"1993-03-10 23:00","1993","03","10","23:00"," ","","","","","","","34,00","","22,00","","","","","","","","","","ND"
"1993-03-11 00:00","1993","03","11","00:00"," ","","","","","","","33,00","","20,00","","","","","","","","","","ND"
"1993-03-11 01:00","1993","03","11","01:00"," ","","","","","","","22,00","","13,00","","","","","","","","","","ND"
"1993-03-11 02:00","1993","03","11","02:00"," ","","","","","","","31,00","","13,00","","","","","","","","","","ND"
"1993-03-11 03:00","1993","03","11","03:00"," ","","","","","","","32,00","","11,00","","","","","","","","","","ND"
"1993-03-11 04:00","1993","03","11","04:00"," ","","","","","","","27,00","","9,00","","","","","","","","","","ND"
"1993-03-11 05:00","1993","03","11","05:00"," ","","","","","","","31,00","","19,00","","","","","","","","","","ND"
"1993-03-11 06:00","1993","03","11","06:00"," ","-9,50","","-11,40","","86,00","","32,00","","17,00","","25,00","","98,62","","","","-17,00","","Généralement dégagé"
"1993-03-11 07:00","1993","03","11","07:00"," ","-10,90","","-12,70","","86,00","","28,00","","13,00","","19,30","","98,72","","","","-17,00","","Dégagé"
"1993-03-11 08:00","1993","03","11","08:00"," ","-11,60","","-13,10","","89,00","","25,00","","13,00","","19,30","","98,82","","","","-18,00","","Généralement nuageux"
"1993-03-11 09:00","1993","03","11","09:00"," ","-8,00","","-12,20","","71,00","","31,00","","11,00","","24,10","","98,85","","","","-13,00","","Généralement nuageux"
"1993-03-11 10:00","1993","03","11","10:00"," ","-6,30","","-12,90","","59,00","","32,00","","6,00","","25,00","","98,95","","","","-9,00","","Généralement nuageux"
"1993-03-11 11:00","1993","03","11","11:00"," ","-5,10","","-13,10","","53,00","","26,00","","6,00","","25,00","","98,99","","","","-8,00","","Généralement nuageux"
"1993-03-11 12:00","1993","03","11","12:00"," ","-4,70","","-12,40","","55,00","","25,00","","13,00","","25,00","","98,99","","","","-10,00","","Généralement nuageux"
"1993-03-11 13:00","1993","03","11","13:00"," ","-3,50","","-12,30","","50,00","","27,00","","15,00","","25,00","","98,99","","","","-9,00","","Généralement nuageux"
"1993-03-11 14:00","1993","03","11","14:00"," ","-3,00","","-11,80","","51,00","","27,00","","19,00","","25,00","","98,99","","","","-9,00","","Généralement nuageux"
"1993-03-11 15:00","1993","03","11","15:00"," ","-2,60","","-9,90","","57,00","","24,00","","20,00","","24,10","","98,99","","","","-9,00","","Généralement nuageux"
"1993-03-11 16:00","1993","03","11","16:00"," ","-2,40","","-7,40","","68,00","","27,00","","22,00","","17,70","","99,02","","","","-9,00","","Généralement nuageux"
"1993-03-11 17:00","1993","03","11","17:00"," ","-3,40","","-4,70","","90,00","","25,00","","17,00","","6,40","","99,02","","","","-9,00","","Averses de neige"
"1993-03-11 18:00","1993","03","11","18:00"," ","-3,20","","-5,30","","86,00","","25,00","","13,00","","17,70","","99,08","","","","-8,00","","Généralement nuageux"
"1993-03-11 19:00","1993","03","11","19:00"," ","-4,60","","-5,70","","92,00","","35,00","","22,00","","3,20","","99,15","","","","-11,00","","Averses de neige"
"1993-03-11 20:00","1993","03","11","20:00"," ","-6,70","","-9,20","","82,00","","34,00","","19,00","","11,30","","99,25","","","","-14,00","","Averses de neige"
"1993-03-11 21:00","1993","03","11","21:00"," ","-7,00","","-10,60","","75,00","","33,00","","15,00","","19,30","","99,32","","","","-13,00","","Averses de neige"
"1993-03-11 22:00","1993","03","11","22:00"," ","","","","","","","32,00","","20,00","","","","","","","","","","ND"
"1993-03-11 23:00","1993","03","11","23:00"," ","","","","","","","35,00","","15,00","","","","","","","","","","ND"
"1993-03-12 00:00","1993","03","12","00:00"," ","","","","","","","35,00","","15,00","","","","","","","","","","ND"
"1993-03-12 01:00","1993","03","12","01:00"," ","","","","","","","36,00","","13,00","","","","","","","","","","ND"
"1993-03-12 02:00","1993","03","12","02:00"," ","","","","","","","2,00","","7,00","","","","","","","","","","ND"
"1993-03-12 03:00","1993","03","12","03:00"," ","","","","","","","2,00","","7,00","","","","","","","","","","ND"
"1993-03-12 04:00","1993","03","12","04:00"," ","","","","","","","2,00","","9,00","","","","","","","","","","ND"
"1993-03-12 05:00","1993","03","12","05:00"," ","","","","","","","2,00","","11,00","","","","","","","","","","ND"
"1993-03-12 06:00","1993","03","12","06:00"," ","-16,80","","-24,40","","52,00","","36,00","","11,00","","25,00","","99,61","","","","-24,00","","Dégagé"
"1993-03-12 07:00","1993","03","12","07:00"," ","-17,20","","-24,40","","54,00","","36,00","","9,00","","25,00","","99,68","","","","-23,00","","Dégagé"
"1993-03-12 08:00","1993","03","12","08:00"," ","-15,40","","-23,00","","52,00","","36,00","","9,00","","25,00","","99,71","","","","-21,00","","Dégagé"
"1993-03-12 09:00","1993","03","12","09:00"," ","-13,10","","-20,40","","54,00","","2,00","","6,00","","25,00","","99,75","","","","-17,00","","Dégagé"
"1993-03-12 10:00","1993","03","12","10:00"," ","-10,40","","-17,90","","54,00","","7,00","","4,00","","25,00","","99,78","","","","-13,00","","Dégagé"
"1993-03-12 11:00","1993","03","12","11:00"," ","-9,80","","-16,40","","58,00","","11,00","","6,00","","25,00","","99,78","","","","-13,00","","Dégagé"
"1993-03-12 12:00","1993","03","12","12:00"," ","-9,10","","-16,20","","56,00","","12,00","","7,00","","25,00","","99,68","","","","-13,00","","Dégagé"
"1993-03-12 13:00","1993","03","12","13:00"," ","-8,30","","-16,40","","52,00","","24,00","","4,00","","25,00","","99,61","","","","-10,00","","Dégagé"
"1993-03-12 14:00","1993","03","12","14:00"," ","-7,80","","-17,20","","46,00","","26,00","","4,00","","25,00","","99,58","","","","-10,00","","Généralement dégagé"
"1993-03-12 15:00","1993","03","12","15:00"," ","-6,10","","-15,90","","46,00","","20,00","","4,00","","25,00","","99,52","","","","-8,00","","Généralement dégagé"
"1993-03-12 16:00","1993","03","12","16:00"," ","-7,30","","-16,00","","50,00","","22,00","","6,00","","25,00","","99,52","","","","-10,00","","Généralement nuageux"
"1993-03-12 17:00","1993","03","12","17:00"," ","-7,60","","-14,90","","56,00","","12,00","","9,00","","24,10","","99,52","","","","-12,00","","Généralement dégagé"
"1993-03-12 18:00","1993","03","12","18:00"," ","-8,60","","-14,40","","63,00","","13,00","","7,00","","24,10","","99,48","","","","-12,00","","Généralement dégagé"
"1993-03-12 19:00","1993","03","12","19:00"," ","-8,80","","-15,60","","58,00","","8,00","","7,00","","19,30","","99,52","","","","-13,00","","Généralement nuageux"
"1993-03-12 20:00","1993","03","12","20:00"," ","-9,30","","-14,80","","64,00","","13,00","","6,00","","24,10","","99,52","","","","-13,00","","Généralement nuageux"
"1993-03-12 21:00","1993","03","12","21:00"," ","-11,10","","-15,20","","72,00","","16,00","","7,00","","24,10","","99,58","","","","-15,00","","Généralement dégagé"
"1993-03-12 22:00","1993","03","12","22:00"," ","","","","","","","0,00","","0,00","","","","","","","","","","ND"
"1993-03-12 23:00","1993","03","12","23:00"," ","","","","","","","0,00","","0,00","","","","","","","","","","ND"
"1993-03-13 00:00","1993","03","13","00:00"," ","","","","","","","11,00","","6,00","","","","","","","","","","ND"
"1993-03-13 01:00","1993","03","13","01:00"," ","","","","","","","10,00","","2,00","","","","","","","","","","ND"
"1993-03-13 02:00","1993","03","13","02:00"," ","","","","","","","0,00","","0,00","","","","","","","","","","ND"
"1993-03-13 03:00","1993","03","13","03:00"," ","","","","","","","6,00","","6,00","","","","","","","","","","ND"
"1993-03-13 04:00","1993","03","13","04:00"," ","","","","","","","4,00","","7,00","","","","","","","","","","ND"
"1993-03-13 05:00","1993","03","13","05:00"," ","","","","","","","7,00","","6,00","","","","","","","","","","ND"
"1993-03-13 06:00","1993","03","13","06:00"," ","-10,20","","-13,40","","77,00","","3,00","","9,00","","19,30","","98,95","","","","-15,00","","Averses de neige"
"1993-03-13 07:00","1993","03","13","07:00"," ","-9,40","","-11,30","","86,00","","6,00","","11,00","","9,70","","98,85","","","","-15,00","","Averses de neige"
"1993-03-13 08:00","1993","03","13","08:00"," ","-8,30","","-10,40","","85,00","","4,00","","17,00","","6,40","","98,79","","","","-15,00","","Averses de neige"
"1993-03-13 09:00","1993","03","13","09:00"," ","-8,30","","-10,10","","87,00","","5,00","","19,00","","2,00","","98,75","","","","-16,00","","Averses de neige"
"1993-03-13 10:00","1993","03","13","10:00"," ","-6,80","","-9,80","","79,00","","6,00","","41,00","","4,80","","98,55","","","","-17,00","","Averses de neige"
"1993-03-13 11:00","1993","03","13","11:00"," ","-6,90","","-9,90","","79,00","","5,00","","44,00","","3,20","","98,32","","","","-17,00","","Neige,Poudrerie élevée"
"1993-03-13 12:00","1993","03","13","12:00"," ","-7,80","","-9,80","","85,00","","4,00","","46,00","","0,80","","98,12","","","","-18,00","","Neige,Poudrerie élevée"
"1993-03-13 13:00","1993","03","13","13:00"," ","-8,20","","-10,00","","87,00","","4,00","","50,00","","0,40","","97,93","","","","-19,00","","Neige,Poudrerie élevée"
"1993-03-13 14:00","1993","03","13","14:00"," ","-8,90","","-10,50","","88,00","","3,00","","43,00","","1,00","","97,76","","","","-20,00","","Neige,Poudrerie élevée"
"1993-03-13 15:00","1993","03","13","15:00"," ","-8,90","","-10,10","","91,00","","3,00","","50,00","","0,80","","97,56","","","","-20,00","","Neige,Poudrerie élevée"
"1993-03-13 16:00","1993","03","13","16:00"," ","-8,80","","-9,90","","92,00","","3,00","","39,00","","1,20","","97,40","","","","-19,00","","Neige,Poudrerie élevée"
"1993-03-13 17:00","1993","03","13","17:00"," ","-8,50","","-9,30","","94,00","","2,00","","43,00","","0,40","","97,26","","","","-19,00","","Neige,Poudrerie élevée"
"1993-03-13 18:00","1993","03","13","18:00"," ","-8,60","","-9,20","","95,00","","2,00","","39,00","","0,40","","97,16","","","","-19,00","","Neige,Poudrerie élevée"
"1993-03-13 19:00","1993","03","13","19:00"," ","-8,80","","-9,60","","94,00","","1,00","","46,00","","0,60","","97,06","","","","-20,00","","Neige,Poudrerie élevée"
"1993-03-13 20:00","1993","03","13","20:00"," ","-9,60","","-10,90","","90,00","","1,00","","46,00","","0,80","","97,00","","","","-21,00","","Neige,Poudrerie élevée"
"1993-03-13 21:00","1993","03","13","21:00"," ","-11,20","","-12,50","","90,00","","36,00","","46,00","","0,80","","96,90","","","","-23,00","","Neige,Poudrerie élevée"
"1993-03-13 22:00","1993","03","13","22:00"," ","","","","","","","35,00","","41,00","","","","","","","","","","ND"
"1993-03-13 23:00","1993","03","13","23:00"," ","","","","","","","35,00","","44,00","","","","","","","","","","ND"
"1993-03-14 00:00","1993","03","14","00:00"," ","","","","","","","34,00","","44,00","","","","","","","","","","ND"
"1993-03-14 01:00","1993","03","14","01:00"," ","","","","","","","33,00","","37,00","","","","","","","","","","ND"
"1993-03-14 02:00","1993","03","14","02:00"," ","","","","","","","33,00","","44,00","","","","","","","","","","ND"
"1993-03-14 03:00","1993","03","14","03:00"," ","","","","","","","32,00","","44,00","","","","","","","","","","ND"
"1993-03-14 04:00","1993","03","14","04:00"," ","","","","","","","32,00","","44,00","","","","","","","","","","ND"
"1993-03-14 05:00","1993","03","14","05:00"," ","","","","","","","32,00","","43,00","","","","","","","","","","ND"
"1993-03-14 06:00","1993","03","14","06:00"," ","-15,40","","-21,90","","58,00","","31,00","","48,00","","9,70","","97,26","","","","-29,00","","Poudrerie élevée"
"1993-03-14 07:00","1993","03","14","07:00"," ","-15,40","","-21,20","","61,00","","32,00","","35,00","","16,10","","97,40","","","","-27,00","","Nuageux"
"1993-03-14 08:00","1993","03","14","08:00"," ","-15,30","","-21,20","","60,00","","32,00","","41,00","","19,30","","97,56","","","","-28,00","","Nuageux"
"1993-03-14 09:00","1993","03","14","09:00"," ","-15,50","","-21,40","","61,00","","32,00","","44,00","","19,30","","97,69","","","","-29,00","","Généralement nuageux"
"1993-03-14 10:00","1993","03","14","10:00"," ","-14,70","","-21,20","","58,00","","32,00","","41,00","","24,10","","97,83","","","","-27,00","","Généralement nuageux"
"1993-03-14 11:00","1993","03","14","11:00"," ","-14,30","","-20,70","","58,00","","30,00","","37,00","","24,10","","97,96","","","","-26,00","","Généralement nuageux"
"1993-03-14 12:00","1993","03","14","12:00"," ","-13,70","","-21,00","","54,00","","29,00","","43,00","","24,10","","98,06","","","","-26,00","","Généralement nuageux"
"1993-03-14 13:00","1993","03","14","13:00"," ","-12,30","","-20,50","","50,00","","30,00","","37,00","","24,10","","98,12","","","","-23,00","","Généralement dégagé"
"1993-03-14 14:00","1993","03","14","14:00"," ","-11,50","","-19,80","","50,00","","28,00","","35,00","","24,10","","98,22","","","","-22,00","","Généralement dégagé"
"1993-03-14 15:00","1993","03","14","15:00"," ","-11,20","","-20,60","","46,00","","29,00","","31,00","","24,10","","98,32","","","","-21,00","","Généralement dégagé"
"1993-03-14 16:00","1993","03","14","16:00"," ","-11,10","","-19,40","","50,00","","28,00","","37,00","","24,10","","98,42","","","","-22,00","","Généralement nuageux"
"1993-03-14 17:00","1993","03","14","17:00"," ","-11,60","","-20,10","","49,00","","29,00","","39,00","","16,10","","98,55","","","","-23,00","","Généralement nuageux"
"1993-03-14 18:00","1993","03","14","18:00"," ","-12,00","","-15,60","","74,00","","29,00","","31,00","","14,50","","98,72","","","","-22,00","","Généralement dégagé"
"1993-03-14 19:00","1993","03","14","19:00"," ","-12,60","","-17,50","","67,00","","28,00","","20,00","","24,10","","98,82","","","","-21,00","","Généralement dégagé"
"1993-03-14 20:00","1993","03","14","20:00"," ","-13,80","","-18,40","","68,00","","25,00","","17,00","","25,00","","98,92","","","","-22,00","","Dégagé"
"1993-03-14 21:00","1993","03","14","21:00"," ","-13,70","","-16,90","","77,00","","23,00","","19,00","","25,00","","99,05","","","","-22,00","","Dégagé"
"1993-03-14 22:00","1993","03","14","22:00"," ","","","","","","","25,00","","17,00","","","","","","","","","","ND"
"1993-03-14 23:00","1993","03","14","23:00"," ","","","","","","","24,00","","19,00","","","","","","","","","","ND"
"1993-03-15 00:00","1993","03","15","00:00"," ","","","","","","","24,00","","17,00","","","","","","","","","","ND"
"1993-03-15 01:00","1993","03","15","01:00"," ","","","","","","","24,00","","13,00","","","","","","","","","","ND"
"1993-03-15 02:00","1993","03","15","02:00"," ","","","","","","","24,00","","13,00","","","","","","","","","","ND"
"1993-03-15 03:00","1993","03","15","03:00"," ","","","","","","","25,00","","13,00","","","","","","","","","","ND"
"1993-03-15 04:00","1993","03","15","04:00"," ","","","","","","","24,00","","13,00","","","","","","","","","","ND"
"1993-03-15 05:00","1993","03","15","05:00"," ","","","","","","","24,00","","13,00","","","","","","","","","","ND"
"1993-03-15 06:00","1993","03","15","06:00"," ","-16,80","","-20,90","","70,00","","23,00","","11,00","","25,00","","99,68","","","","-24,00","","Dégagé"
"1993-03-15 07:00","1993","03","15","07:00"," ","-16,90","","-19,60","","79,00","","23,00","","13,00","","19,30","","99,78","","","","-25,00","","Dégagé"
"1993-03-15 08:00","1993","03","15","08:00"," ","-15,90","","-19,00","","77,00","","24,00","","17,00","","19,30","","99,88","","","","-25,00","","Dégagé"
"1993-03-15 09:00","1993","03","15","09:00"," ","-13,60","","-17,50","","72,00","","23,00","","13,00","","19,30","","99,91","","","","-21,00","","Dégagé"
"1993-03-15 10:00","1993","03","15","10:00"," ","-10,80","","-15,70","","67,00","","24,00","","17,00","","24,10","","99,98","","","","-18,00","","Dégagé"
"1993-03-15 11:00","1993","03","15","11:00"," ","-8,30","","-14,00","","63,00","","24,00","","20,00","","25,00","","100,01","","","","-16,00","","Dégagé"
"1993-03-15 12:00","1993","03","15","12:00"," ","-6,90","","-13,70","","58,00","","24,00","","30,00","","25,00","","100,01","","","","-15,00","","Dégagé"
"1993-03-15 13:00","1993","03","15","13:00"," ","-6,30","","-12,40","","62,00","","23,00","","24,00","","25,00","","99,98","","","","-14,00","","Généralement dégagé"
"1993-03-15 14:00","1993","03","15","14:00"," ","-6,00","","-9,10","","79,00","","22,00","","24,00","","25,00","","99,95","","","","-13,00","","Averses de neige"
"1993-03-15 15:00","1993","03","15","15:00"," ","-5,50","","-12,10","","59,00","","22,00","","24,00","","25,00","","99,88","","","","-13,00","","Généralement dégagé"
"1993-03-15 16:00","1993","03","15","16:00"," ","-5,80","","-13,80","","53,00","","21,00","","22,00","","24,10","","99,88","","","","-13,00","","Généralement nuageux"
"1993-03-15 17:00","1993","03","15","17:00"," ","-5,80","","-13,00","","57,00","","20,00","","24,00","","24,10","","99,81","","","","-13,00","","Nuageux"
"1993-03-15 18:00","1993","03","15","18:00"," ","-5,50","","-12,80","","56,00","","20,00","","20,00","","24,10","","99,75","","","","-12,00","","Nuageux"
"1993-03-15 19:00","1993","03","15","19:00"," ","-4,80","","-11,80","","58,00","","19,00","","17,00","","24,10","","99,68","","","","-11,00","","Nuageux"
"1993-03-15 20:00","1993","03","15","20:00"," ","-5,10","","-7,20","","85,00","","20,00","","24,00","","4,80","","99,58","","","","-12,00","","Neige"
"1993-03-15 21:00","1993","03","15","21:00"," ","-3,90","","-10,30","","61,00","","19,00","","22,00","","25,00","","99,55","","","","-10,00","","Généralement dégagé"
"1993-03-15 22:00","1993","03","15","22:00"," ","","","","","","","19,00","","19,00","","","","","","","","","","ND"
"1993-03-15 23:00","1993","03","15","23:00"," ","","","","","","","20,00","","17,00","","","","","","","","","","ND"
"1993-03-16 00:00","1993","03","16","00:00"," ","","","","","","","19,00","","19,00","","","","","","","","","","ND"
"1993-03-16 01:00","1993","03","16","01:00"," ","","","","","","","20,00","","30,00","","","","","","","","","","ND"
"1993-03-16 02:00","1993","03","16","02:00"," ","","","","","","","20,00","","33,00","","","","","","","","","","ND"
"1993-03-16 03:00","1993","03","16","03:00"," ","","","","","","","21,00","","30,00","","","","","","","","","","ND"
"1993-03-16 04:00","1993","03","16","04:00"," ","","","","","","","21,00","","26,00","","","","","","","","","","ND"
"1993-03-16 05:00","1993","03","16","05:00"," ","","","","","","","21,00","","37,00","","","","","","","","","","ND"
"1993-03-16 06:00","1993","03","16","06:00"," ","0,70","","-5,30","","64,00","","21,00","","30,00","","24,10","","99,25","","","","","","Nuageux"
"1993-03-16 07:00","1993","03","16","07:00"," ","0,80","","-3,90","","71,00","","20,00","","30,00","","24,10","","99,18","","","","","","Nuageux"
"1993-03-16 08:00","1993","03","16","08:00"," ","1,70","","-0,80","","83,00","","20,00","","37,00","","19,30","","99,18","","","","","","Nuageux"
"1993-03-16 09:00","1993","03","16","09:00"," ","0,90","","0,60","","98,00","","20,00","","44,00","","4,00","","99,22","","","","","","Averses de neige"
"1993-03-16 10:00","1993","03","16","10:00"," ","0,80","","0,70","","100,00","","20,00","","44,00","","6,40","","99,15","","","","","","Neige,Brouillard"
"1993-03-16 11:00","1993","03","16","11:00"," ","1,10","","0,70","","97,00","","21,00","","37,00","","9,70","","99,12","","","","","","Neige en grains,Brouillard"
"1993-03-16 12:00","1993","03","16","12:00"," ","0,90","","0,90","","100,00","","20,00","","37,00","","3,20","","99,08","","","","","","Neige"
"1993-03-16 13:00","1993","03","16","13:00"," ","0,50","","0,50","","100,00","","21,00","","46,00","","2,80","","98,99","","","","","","Neige"
"1993-03-16 14:00","1993","03","16","14:00"," ","2,50","","-0,50","","81,00","","21,00","","50,00","","8,00","","98,92","","","","","","Averses de neige"
"1993-03-16 15:00","1993","03","16","15:00"," ","0,70","","0,70","","100,00","","20,00","","35,00","","2,00","","98,89","","","","","","Neige"
"1993-03-16 16:00","1993","03","16","16:00"," ","0,60","","0,60","","100,00","","20,00","","41,00","","2,40","","98,85","","","","","","Neige"
"1993-03-16 17:00","1993","03","16","17:00"," ","2,10","","1,90","","98,00","","21,00","","44,00","","8,00","","98,85","","","","","","Pluie,Neige,Brouillard"
"1993-03-16 18:00","1993","03","16","18:00"," ","1,20","","1,20","","100,00","","21,00","","41,00","","9,70","","98,85","","","","","","Pluie,Neige,Brouillard"
"1993-03-16 19:00","1993","03","16","19:00"," ","0,80","","0,80","","100,00","","21,00","","35,00","","8,00","","98,89","","","","","","Neige"
"1993-03-16 20:00","1993","03","16","20:00"," ","1,10","","1,10","","100,00","","21,00","","31,00","","9,70","","98,92","","","","","","Neige"
"1993-03-16 21:00","1993","03","16","21:00"," ","1,90","","1,90","","100,00","","21,00","","35,00","","11,30","","98,89","","","","","","Pluie,Neige"
"1993-03-16 22:00","1993","03","16","22:00"," ","","","","","","","21,00","","37,00","","","","","","","","","","ND"
"1993-03-16 23:00","1993","03","16","23:00"," ","","","","","","","22,00","","41,00","","","","","","","","","","ND"
"1993-03-17 00:00","1993","03","17","00:00"," ","","","","","","","22,00","","41,00","","","","","","","","","","ND"
"1993-03-17 01:00","1993","03","17","01:00"," ","","","","","","","22,00","","30,00","","","","","","","","","","ND"
"1993-03-17 02:00","1993","03","17","02:00"," ","","","","","","","23,00","","30,00","","","","","","","","","","ND"
"1993-03-17 03:00","1993","03","17","03:00"," ","","","","","","","32,00","","30,00","","","","","","","","","","ND"
"1993-03-17 04:00","1993","03","17","04:00"," ","","","","","","","33,00","","24,00","","","","","","","","","","ND"
"1993-03-17 05:00","1993","03","17","05:00"," ","","","","","","","33,00","","24,00","","","","","","","","","","ND"
"1993-03-17 06:00","1993","03","17","06:00"," ","-4,30","","-7,40","","79,00","","33,00","","30,00","","16,10","","99,42","","","","-12,00","","Neige"
"1993-03-17 07:00","1993","03","17","07:00"," ","-5,30","","-8,70","","77,00","","34,00","","20,00","","24,10","","99,55","","","","-12,00","","Nuageux"
"1993-03-17 08:00","1993","03","17","08:00"," ","-6,00","","-10,60","","70,00","","33,00","","35,00","","24,10","","99,71","","","","-15,00","","Nuageux"
"1993-03-17 09:00","1993","03","17","09:00"," ","-6,30","","-12,60","","61,00","","33,00","","28,00","","25,00","","99,81","","","","-14,00","","Nuageux"
"1993-03-17 10:00","1993","03","17","10:00"," ","-6,80","","-11,00","","72,00","","33,00","","30,00","","25,00","","99,91","","","","-15,00","","Généralement nuageux"
"1993-03-17 11:00","1993","03","17","11:00"," ","-6,90","","-13,10","","61,00","","33,00","","28,00","","25,00","","99,98","","","","-15,00","","Généralement nuageux"
"1993-03-17 12:00","1993","03","17","12:00"," ","-7,40","","-14,00","","59,00","","32,00","","28,00","","25,00","","100,05","","","","-16,00","","Généralement nuageux"
"1993-03-17 13:00","1993","03","17","13:00"," ","-7,20","","-14,70","","55,00","","33,00","","22,00","","25,00","","100,08","","","","-15,00","","Généralement nuageux"
"1993-03-17 14:00","1993","03","17","14:00"," ","-6,90","","-14,10","","56,00","","36,00","","26,00","","25,00","","100,08","","","","-15,00","","Généralement nuageux"
"1993-03-17 15:00","1993","03","17","15:00"," ","-7,40","","-14,30","","58,00","","35,00","","24,00","","25,00","","100,14","","","","-15,00","","Généralement dégagé"
"1993-03-17 16:00","1993","03","17","16:00"," ","-8,30","","-15,70","","55,00","","33,00","","28,00","","25,00","","100,18","","","","-17,00","","Dégagé"
"1993-03-17 17:00","1993","03","17","17:00"," ","-9,30","","-16,40","","56,00","","33,00","","26,00","","25,00","","100,28","","","","-18,00","","Dégagé"
"1993-03-17 18:00","1993","03","17","18:00"," ","-10,40","","-17,60","","55,00","","33,00","","22,00","","25,00","","100,34","","","","-19,00","","Dégagé"
"1993-03-17 19:00","1993","03","17","19:00"," ","-11,10","","-16,90","","62,00","","35,00","","17,00","","25,00","","100,41","","","","-19,00","","Dégagé"
"1993-03-17 20:00","1993","03","17","20:00"," ","-12,00","","-16,90","","67,00","","33,00","","13,00","","25,00","","100,51","","","","-19,00","","Dégagé"
"1993-03-17 21:00","1993","03","17","21:00"," ","-12,60","","-17,00","","70,00","","36,00","","17,00","","25,00","","100,57","","","","-20,00","","Dégagé"
"1993-03-17 22:00","1993","03","17","22:00"," ","","","","","","","35,00","","13,00","","","","","","","","","","ND"
"1993-03-17 23:00","1993","03","17","23:00"," ","","","","","","","35,00","","7,00","","","","","","","","","","ND"
"1993-03-18 00:00","1993","03","18","00:00"," ","","","","","","","35,00","","11,00","","","","","","","","","","ND"
"1993-03-18 01:00","1993","03","18","01:00"," ","","","","","","","1,00","","11,00","","","","","","","","","","ND"
"1993-03-18 02:00","1993","03","18","02:00"," ","","","","","","","1,00","","13,00","","","","","","","","","","ND"
"1993-03-18 03:00","1993","03","18","03:00"," ","","","","","","","3,00","","11,00","","","","","","","","","","ND"
"1993-03-18 04:00","1993","03","18","04:00"," ","","","","","","","4,00","","7,00","","","","","","","","","","ND"
"1993-03-18 05:00","1993","03","18","05:00"," ","","","","","","","36,00","","11,00","","","","","","","","","","ND"
"1993-03-18 06:00","1993","03","18","06:00"," ","-15,90","","-20,80","","66,00","","36,00","","11,00","","25,00","","100,81","","","","-23,00","","Généralement dégagé"
"1993-03-18 07:00","1993","03","18","07:00"," ","-15,80","","-20,90","","65,00","","35,00","","11,00","","24,10","","100,87","","","","-23,00","","Généralement dégagé"
"1993-03-18 08:00","1993","03","18","08:00"," ","-14,00","","-19,70","","62,00","","36,00","","9,00","","24,10","","100,94","","","","-20,00","","Généralement dégagé"
"1993-03-18 09:00","1993","03","18","09:00"," ","-11,80","","-17,80","","61,00","","36,00","","9,00","","24,10","","100,97","","","","-17,00","","Généralement dégagé"
"1993-03-18 10:00","1993","03","18","10:00"," ","-10,10","","-16,40","","60,00","","4,00","","15,00","","19,30","","101,04","","","","-17,00","","Généralement dégagé"
"1993-03-18 11:00","1993","03","18","11:00"," ","-9,20","","-13,30","","72,00","","8,00","","13,00","","19,30","","101,04","","","","-15,00","","Généralement nuageux"
"1993-03-18 12:00","1993","03","18","12:00"," ","-8,80","","-14,00","","66,00","","4,00","","11,00","","19,30","","101,04","","","","-14,00","","Généralement nuageux"
"1993-03-18 13:00","1993","03","18","13:00"," ","-8,10","","-13,60","","64,00","","9,00","","6,00","","19,30","","101,04","","","","-11,00","","Généralement nuageux"
"1993-03-18 14:00","1993","03","18","14:00"," ","-8,40","","-13,80","","65,00","","14,00","","4,00","","19,30","","101,07","","","","-11,00","","Généralement dégagé"
"1993-03-18 15:00","1993","03","18","15:00"," ","-7,50","","-12,80","","66,00","","12,00","","4,00","","19,30","","101,07","","","","-10,00","","Généralement dégagé"
"1993-03-18 16:00","1993","03","18","16:00"," ","-8,00","","-13,70","","63,00","","11,00","","9,00","","19,30","","101,04","","","","-13,00","","Généralement dégagé"
"1993-03-18 17:00","1993","03","18","17:00"," ","-8,00","","-13,20","","66,00","","12,00","","4,00","","19,30","","101,04","","","","-10,00","","Dégagé"
"1993-03-18 18:00","1993","03","18","18:00"," ","-8,30","","-13,30","","67,00","","13,00","","7,00","","19,30","","101,07","","","","-12,00","","Dégagé"
"1993-03-18 19:00","1993","03","18","19:00"," ","-8,90","","-13,50","","69,00","","10,00","","9,00","","24,10","","101,04","","","","-14,00","","Dégagé"
"1993-03-18 20:00","1993","03","18","20:00"," ","-9,60","","-14,10","","70,00","","13,00","","7,00","","25,00","","101,10","","","","-14,00","","Dégagé"
"1993-03-18 21:00","1993","03","18","21:00"," ","-10,30","","-14,20","","73,00","","13,00","","9,00","","25,00","","101,10","","","","-15,00","","Dégagé"
"1993-03-18 22:00","1993","03","18","22:00"," ","","","","","","","10,00","","9,00","","","","","","","","","","ND"
"1993-03-18 23:00","1993","03","18","23:00"," ","","","","","","","11,00","","11,00","","","","","","","","","","ND"
"1993-03-19 00:00","1993","03","19","00:00"," ","","","","","","","9,00","","7,00","","","","","","","","","","ND"
"1993-03-19 01:00","1993","03","19","01:00"," ","","","","","","","10,00","","6,00","","","","","","","","","","ND"
"1993-03-19 02:00","1993","03","19","02:00"," ","","","","","","","9,00","","9,00","","","","","","","","","","ND"
"1993-03-19 03:00","1993","03","19","03:00"," ","","","","","","","8,00","","11,00","","","","","","","","","","ND"
"1993-03-19 04:00","1993","03","19","04:00"," ","","","","","","","7,00","","11,00","","","","","","","","","","ND"
"1993-03-19 05:00","1993","03","19","05:00"," ","","","","","","","7,00","","17,00","","","","","","","","","","ND"
"1993-03-19 06:00","1993","03","19","06:00"," ","-13,20","","-18,30","","66,00","","7,00","","13,00","","24,10","","100,94","","","","-20,00","","Dégagé"
"1993-03-19 07:00","1993","03","19","07:00"," ","-13,80","","-18,00","","70,00","","8,00","","11,00","","24,10","","100,87","","","","-20,00","","Généralement dégagé"
"1993-03-19 08:00","1993","03","19","08:00"," ","-12,40","","-17,80","","64,00","","7,00","","9,00","","24,10","","100,91","","","","-18,00","","Généralement dégagé"
"1993-03-19 09:00","1993","03","19","09:00"," ","-10,20","","-17,40","","56,00","","7,00","","11,00","","19,30","","100,91","","","","-16,00","","Généralement dégagé"
"1993-03-19 10:00","1993","03","19","10:00"," ","-8,20","","-16,70","","50,00","","8,00","","15,00","","19,30","","100,84","","","","-15,00","","Généralement dégagé"
"1993-03-19 11:00","1993","03","19","11:00"," ","-6,30","","-16,70","","43,00","","8,00","","19,00","","19,30","","100,74","","","","-13,00","","Généralement nuageux"
"1993-03-19 12:00","1993","03","19","12:00"," ","-5,00","","-15,60","","43,00","","10,00","","15,00","","19,30","","100,67","","","","-11,00","","Généralement nuageux"
"1993-03-19 13:00","1993","03","19","13:00"," ","-3,70","","-14,00","","45,00","","7,00","","11,00","","19,30","","100,61","","","","-8,00","","Généralement nuageux"
"1993-03-19 14:00","1993","03","19","14:00"," ","-3,00","","-13,20","","45,00","","8,00","","13,00","","19,30","","100,54","","","","-8,00","","Généralement nuageux"
"1993-03-19 15:00","1993","03","19","15:00"," ","-3,00","","-10,70","","55,00","","7,00","","19,00","","19,30","","100,44","","","","-9,00","","Généralement nuageux"
"1993-03-19 16:00","1993","03","19","16:00"," ","-3,20","","-10,60","","56,00","","6,00","","17,00","","19,30","","100,38","","","","-9,00","","Généralement nuageux"
"1993-03-19 17:00","1993","03","19","17:00"," ","-3,70","","-10,00","","62,00","","5,00","","20,00","","19,30","","100,34","","","","-10,00","","Généralement nuageux"
"1993-03-19 18:00","1993","03","19","18:00"," ","-3,90","","-9,50","","65,00","","6,00","","22,00","","19,30","","100,31","","","","-10,00","","Nuageux"
"1993-03-19 19:00","1993","03","19","19:00"," ","-3,70","","-9,40","","65,00","","6,00","","19,00","","24,10","","100,24","","","","-10,00","","Nuageux"
"1993-03-19 20:00","1993","03","19","20:00"," ","-3,40","","-8,20","","69,00","","6,00","","13,00","","25,00","","100,24","","","","-8,00","","Nuageux"
"1993-03-19 21:00","1993","03","19","21:00"," ","-3,10","","-7,30","","73,00","","6,00","","11,00","","25,00","","100,18","","","","-7,00","","Nuageux"
"1993-03-19 22:00","1993","03","19","22:00"," ","","","","","","","6,00","","11,00","","","","","","","","","","ND"
"1993-03-19 23:00","1993","03","19","23:00"," ","","","","","","","7,00","","9,00","","","","","","","","","","ND"
"1993-03-20 00:00","1993","03","20","00:00"," ","","","","","","","8,00","","9,00","","","","","","","","","","ND"
"1993-03-20 01:00","1993","03","20","01:00"," ","","","","","","","12,00","","7,00","","","","","","","","","","ND"
"1993-03-20 02:00","1993","03","20","02:00"," ","","","","","","","16,00","","11,00","","","","","","","","","","ND"
"1993-03-20 03:00","1993","03","20","03:00"," ","","","","","","","18,00","","6,00","","","","","","","","","","ND"
"1993-03-20 04:00","1993","03","20","04:00"," ","","","","","","","21,00","","9,00","","","","","","","","","","ND"
"1993-03-20 05:00","1993","03","20","05:00"," ","","","","","","","16,00","","7,00","","","","","","","","","","ND"
"1993-03-20 06:00","1993","03","20","06:00"," ","-2,40","","-2,80","","97,00","","15,00","","11,00","","1,60","","99,71","","","","-6,00","","Neige"
"1993-03-20 07:00","1993","03","20","07:00"," ","-2,00","","-2,50","","96,00","","16,00","","15,00","","3,20","","99,71","","","","-7,00","","Neige"
"1993-03-20 08:00","1993","03","20","08:00"," ","-1,70","","-2,00","","98,00","","17,00","","15,00","","3,20","","99,68","","","","-7,00","","Neige"
"1993-03-20 09:00","1993","03","20","09:00"," ","-0,90","","-1,20","","98,00","","19,00","","13,00","","3,20","","99,68","","","","-5,00","","Neige"
"1993-03-20 10:00","1993","03","20","10:00"," ","0,10","","-0,60","","95,00","","20,00","","17,00","","4,80","","99,61","","","","","","Neige"
"1993-03-20 11:00","1993","03","20","11:00"," ","0,70","","-0,10","","94,00","","20,00","","22,00","","9,70","","99,61","","","","","","Neige"
"1993-03-20 12:00","1993","03","20","12:00"," ","1,00","","0,60","","97,00","","21,00","","24,00","","11,30","","99,58","","","","","","Neige"
"1993-03-20 13:00","1993","03","20","13:00"," ","1,50","","0,80","","95,00","","20,00","","24,00","","9,70","","99,55","","","","","","Neige,Brouillard"
"1993-03-20 14:00","1993","03","20","14:00"," ","1,90","","0,70","","92,00","","20,00","","20,00","","12,90","","99,48","","","","","","Pluie"
"1993-03-20 15:00","1993","03","20","15:00"," ","1,80","","0,60","","92,00","","21,00","","17,00","","12,90","","99,48","","","","","","Pluie,Neige"
"1993-03-20 16:00","1993","03","20","16:00"," ","1,10","","1,10","","100,00","","19,00","","13,00","","3,20","","99,45","","","","","","Pluie,Neige en grains,Brouillard"
"1993-03-20 17:00","1993","03","20","17:00"," ","0,90","","0,90","","100,00","","19,00","","17,00","","4,00","","99,42","","","","","","Neige,Brouillard"
"1993-03-20 18:00","1993","03","20","18:00"," ","0,90","","0,90","","100,00","","20,00","","15,00","","4,00","","99,42","","","","","","Granules de glace ou grésil,Brouillard"
"1993-03-20 19:00","1993","03","20","19:00"," ","1,00","","1,00","","100,00","","20,00","","13,00","","1,20","","99,42","","","","","","Pluie,Brouillard"
"1993-03-20 20:00","1993","03","20","20:00"," ","1,50","","1,50","","100,00","","20,00","","15,00","","1,60","","99,38","","","","","","Pluie,Brouillard"
"1993-03-20 21:00","1993","03","20","21:00"," ","1,50","","1,50","","100,00","","20,00","","13,00","","1,60","","99,38","","","","","","Pluie,Brouillard"
"1993-03-20 22:00","1993","03","20","22:00"," ","","","","","","","20,00","","15,00","","","","","","","","","","ND"
"1993-03-20 23:00","1993","03","20","23:00"," ","","","","","","","21,00","","15,00","","","","","","","","","","ND"
"1993-03-21 00:00","1993","03","21","00:00"," ","","","","","","","24,00","","13,00","","","","","","","","","","ND"
"1993-03-21 01:00","1993","03","21","01:00"," ","","","","","","","24,00","","15,00","","","","","","","","","","ND"
"1993-03-21 02:00","1993","03","21","02:00"," ","","","","","","","25,00","","13,00","","","","","","","","","","ND"
"1993-03-21 03:00","1993","03","21","03:00"," ","","","","","","","25,00","","17,00","","","","","","","","","","ND"
"1993-03-21 04:00","1993","03","21","04:00"," ","","","","","","","27,00","","24,00","","","","","","","","","","ND"
"1993-03-21 05:00","1993","03","21","05:00"," ","","","","","","","25,00","","15,00","","","","","","","","","","ND"
"1993-03-21 06:00","1993","03","21","06:00"," ","-0,70","","-1,20","","96,00","","26,00","","20,00","","8,00","","99,48","","","","-6,00","","Brouillard"
"1993-03-21 07:00","1993","03","21","07:00"," ","-0,10","","-0,60","","96,00","","24,00","","15,00","","6,40","","99,58","","","","-5,00","","Brouillard"
"1993-03-21 08:00","1993","03","21","08:00"," ","0,10","","0,10","","100,00","","23,00","","11,00","","4,80","","99,61","","","","","","Brouillard"
"1993-03-21 09:00","1993","03","21","09:00"," ","0,40","","0,40","","100,00","","24,00","","19,00","","3,20","","99,68","","","","","","Neige en grains,Brouillard"
"1993-03-21 10:00","1993","03","21","10:00"," ","0,80","","0,60","","99,00","","25,00","","17,00","","4,80","","99,71","","","","","","Neige en grains,Brouillard"
"1993-03-21 11:00","1993","03","21","11:00"," ","0,50","","0,50","","100,00","","24,00","","13,00","","3,20","","99,71","","","","","","Neige en grains,Brouillard"
"1993-03-21 12:00","1993","03","21","12:00"," ","0,80","","0,20","","96,00","","25,00","","19,00","","6,40","","99,75","","","","","","Brouillard"
"1993-03-21 13:00","1993","03","21","13:00"," ","1,20","","-0,10","","91,00","","25,00","","15,00","","9,70","","99,75","","","","","","Brouillard"
"1993-03-21 14:00","1993","03","21","14:00"," ","1,50","","-1,90","","78,00","","26,00","","20,00","","11,30","","99,75","","","","","","Généralement nuageux"
"1993-03-21 15:00","1993","03","21","15:00"," ","1,10","","-2,40","","77,00","","27,00","","17,00","","11,30","","99,78","","","","","","Nuageux"
"1993-03-21 16:00","1993","03","21","16:00"," ","1,40","","-1,90","","79,00","","28,00","","15,00","","12,90","","99,75","","","","","","Généralement nuageux"
"1993-03-21 17:00","1993","03","21","17:00"," ","1,50","","-3,20","","71,00","","24,00","","13,00","","12,90","","99,78","","","","","","Généralement nuageux"
"1993-03-21 18:00","1993","03","21","18:00"," ","1,30","","-2,50","","76,00","","23,00","","13,00","","12,90","","99,81","","","","","","Nuageux"
"1993-03-21 19:00","1993","03","21","19:00"," ","0,90","","-2,20","","80,00","","23,00","","9,00","","12,90","","99,85","","","","","","Généralement nuageux"
"1993-03-21 20:00","1993","03","21","20:00"," ","0,80","","-1,70","","83,00","","25,00","","13,00","","11,30","","99,88","","","","","","Généralement nuageux"
"1993-03-21 21:00","1993","03","21","21:00"," ","0,50","","-1,60","","86,00","","23,00","","9,00","","11,30","","99,91","","","","","","Généralement nuageux"
"1993-03-21 22:00","1993","03","21","22:00"," ","","","","","","","23,00","","9,00","","","","","","","","","","ND"
"1993-03-21 23:00","1993","03","21","23:00"," ","","","","","","","25,00","","7,00","","","","","","","","","","ND"
"1993-03-22 00:00","1993","03","22","00:00"," ","","","","","","","27,00","","6,00","","","","","","","","","","ND"
"1993-03-22 01:00","1993","03","22","01:00"," ","","","","","","","31,00","","6,00","","","","","","","","","","ND"
"1993-03-22 02:00","1993","03","22","02:00"," ","","","","","","","33,00","","6,00","","","","","","","","","","ND"
"1993-03-22 03:00","1993","03","22","03:00"," ","","","","","","","35,00","","9,00","","","","","","","","","","ND"
"1993-03-22 04:00","1993","03","22","04:00"," ","","","","","","","36,00","","9,00","","","","","","","","","","ND"
"1993-03-22 05:00","1993","03","22","05:00"," ","","","","","","","5,00","","7,00","","","","","","","","","","ND"
"1993-03-22 06:00","1993","03","22","06:00"," ","-3,50","","-4,80","","91,00","","1,00","","9,00","","19,30","","100,24","","","","-7,00","","Généralement nuageux"
"1993-03-22 07:00","1993","03","22","07:00"," ","-2,70","","-5,50","","81,00","","3,00","","13,00","","19,30","","100,34","","","","-7,00","","Généralement nuageux"
"1993-03-22 08:00","1993","03","22","08:00"," ","-3,10","","-5,30","","85,00","","1,00","","6,00","","16,10","","100,38","","","","-6,00","","Généralement nuageux"
"1993-03-22 09:00","1993","03","22","09:00"," ","-1,30","","-5,20","","74,00","","2,00","","6,00","","16,10","","100,41","","","","-4,00","","Généralement dégagé"
"1993-03-22 10:00","1993","03","22","10:00"," ","-0,10","","-5,00","","70,00","","5,00","","11,00","","16,10","","100,44","","","","-4,00","","Généralement dégagé"
"1993-03-22 11:00","1993","03","22","11:00"," ","0,10","","-4,90","","69,00","","7,00","","13,00","","17,70","","100,44","","","","","","Dégagé"
"1993-03-22 12:00","1993","03","22","12:00"," ","0,60","","-4,80","","67,00","","8,00","","11,00","","17,70","","100,44","","","","","","Dégagé"
"1993-03-22 13:00","1993","03","22","13:00"," ","1,10","","-5,10","","63,00","","12,00","","6,00","","17,70","","100,44","","","","","","Généralement dégagé"
"1993-03-22 14:00","1993","03","22","14:00"," ","1,20","","-4,60","","65,00","","14,00","","7,00","","12,90","","100,38","","","","","","Généralement nuageux"
"1993-03-22 15:00","1993","03","22","15:00"," ","1,40","","-5,40","","61,00","","11,00","","13,00","","16,10","","100,38","","","","","","Généralement dégagé"
"1993-03-22 16:00","1993","03","22","16:00"," ","0,90","","-5,40","","63,00","","14,00","","9,00","","14,50","","100,38","","","","","","Généralement dégagé"
"1993-03-22 17:00","1993","03","22","17:00"," ","1,40","","-5,70","","59,00","","11,00","","13,00","","17,70","","100,34","","","","","","Généralement nuageux"
"1993-03-22 18:00","1993","03","22","18:00"," ","0,40","","-5,10","","66,00","","10,00","","9,00","","16,10","","100,34","","","","","","Généralement nuageux"
"1993-03-22 19:00","1993","03","22","19:00"," ","-1,20","","-5,00","","75,00","","8,00","","7,00","","14,50","","100,34","","","","-4,00","","Généralement dégagé"
"1993-03-22 20:00","1993","03","22","20:00"," ","-2,30","","-5,60","","78,00","","6,00","","11,00","","19,30","","100,34","","","","-6,00","","Généralement dégagé"
"1993-03-22 21:00","1993","03","22","21:00"," ","-3,00","","-5,50","","83,00","","7,00","","9,00","","19,30","","100,34","","","","-7,00","","Généralement dégagé"
"1993-03-22 22:00","1993","03","22","22:00"," ","","","","","","","7,00","","6,00","","","","","","","","","","ND"
"1993-03-22 23:00","1993","03","22","23:00"," ","","","","","","","8,00","","13,00","","","","","","","","","","ND"
"1993-03-23 00:00","1993","03","23","00:00"," ","","","","","","","7,00","","52,00","","","","","","","","","","ND"
"1993-03-23 01:00","1993","03","23","01:00"," ","","","","","","","5,00","","15,00","","","","","","","","","","ND"
"1993-03-23 02:00","1993","03","23","02:00"," ","","","","","","","5,00","","20,00","","","","","","","","","","ND"
"1993-03-23 03:00","1993","03","23","03:00"," ","","","","","","","5,00","","24,00","","","","","","","","","","ND"
"1993-03-23 04:00","1993","03","23","04:00"," ","","","","","","","5,00","","26,00","","","","","","","","","","ND"
"1993-03-23 05:00","1993","03","23","05:00"," ","","","","","","","5,00","","26,00","","","","","","","","","","ND"
"1993-03-23 06:00","1993","03","23","06:00"," ","-1,60","","-3,80","","85,00","","5,00","","28,00","","24,10","","99,81","","","","-8,00","","Généralement nuageux"
"1993-03-23 07:00","1993","03","23","07:00"," ","-1,80","","-3,90","","85,00","","6,00","","24,00","","17,70","","99,81","","","","-8,00","","Nuageux"
"1993-03-23 08:00","1993","03","23","08:00"," ","-1,40","","-4,00","","82,00","","5,00","","24,00","","12,90","","99,78","","","","-8,00","","Nuageux"
"1993-03-23 09:00","1993","03","23","09:00"," ","-0,90","","-4,00","","79,00","","5,00","","22,00","","11,30","","99,75","","","","-7,00","","Nuageux"
"1993-03-23 10:00","1993","03","23","10:00"," ","-0,50","","-3,80","","78,00","","5,00","","20,00","","12,90","","99,71","","","","-6,00","","Nuageux"
"1993-03-23 11:00","1993","03","23","11:00"," ","0,10","","-2,90","","80,00","","4,00","","22,00","","11,30","","99,68","","","","","","Pluie"
"1993-03-23 12:00","1993","03","23","12:00"," ","0,40","","-2,70","","80,00","","5,00","","24,00","","11,30","","99,58","","","","","","Pluie"
"1993-03-23 13:00","1993","03","23","13:00"," ","0,30","","-1,80","","86,00","","6,00","","24,00","","9,70","","99,55","","","","","","Pluie,Brouillard"
"1993-03-23 14:00","1993","03","23","14:00"," ","0,20","","-1,10","","91,00","","5,00","","31,00","","8,00","","99,42","","","","","","Pluie,Brouillard"
"1993-03-23 15:00","1993","03","23","15:00"," ","0,10","","-0,90","","93,00","","5,00","","24,00","","4,80","","99,35","","","","","","Pluie,Brouillard"
"1993-03-23 16:00","1993","03","23","16:00"," ","0,10","","-0,30","","97,00","","5,00","","24,00","","4,00","","99,28","","","","","","Pluie,Brouillard"
"1993-03-23 17:00","1993","03","23","17:00"," ","0,10","","-0,10","","98,00","","5,00","","24,00","","3,20","","99,25","","","","","","Pluie,Brouillard"
"1993-03-23 18:00","1993","03","23","18:00"," ","0,10","","0,10","","100,00","","5,00","","26,00","","0,40","","99,25","","","","","","Pluie,Brouillard"
"1993-03-23 19:00","1993","03","23","19:00"," ","0,20","","0,20","","100,00","","5,00","","24,00","","0,40","","99,22","","","","","","Bruine,Brouillard"
"1993-03-23 20:00","1993","03","23","20:00"," ","0,30","","0,30","","100,00","","5,00","","22,00","","0,40","","99,22","","","","","","Bruine,Brouillard"
"1993-03-23 21:00","1993","03","23","21:00"," ","0,50","","0,50","","100,00","","4,00","","24,00","","0,40","","99,22","","","","","","Bruine,Brouillard"
"1993-03-23 22:00","1993","03","23","22:00"," ","","","","","","","4,00","","20,00","","","","","","","","","","ND"
"1993-03-23 23:00","1993","03","23","23:00"," ","","","","","","","4,00","","17,00","","","","","","","","","","ND"
"1993-03-24 00:00","1993","03","24","00:00"," ","","","","","","","5,00","","20,00","","","","","","","","","","ND"
"1993-03-24 01:00","1993","03","24","01:00"," ","","","","","","","4,00","","17,00","","","","","","","","","","ND"
"1993-03-24 02:00","1993","03","24","02:00"," ","","","","","","","4,00","","22,00","","","","","","","","","","ND"
"1993-03-24 03:00","1993","03","24","03:00"," ","","","","","","","4,00","","30,00","","","","","","","","","","ND"
"1993-03-24 04:00","1993","03","24","04:00"," ","","","","","","","5,00","","24,00","","","","","","","","","","ND"
"1993-03-24 05:00","1993","03","24","05:00"," ","","","","","","","5,00","","24,00","","","","","","","","","","ND"
"1993-03-24 06:00","1993","03","24","06:00"," ","0,60","","0,60","","100,00","","5,00","","24,00","","0,20","","99,18","","","","","","Bruine,Brouillard"
"1993-03-24 07:00","1993","03","24","07:00"," ","0,40","","0,40","","100,00","","4,00","","33,00","","0,00","","99,18","","","","","","Bruine,Brouillard"
"1993-03-24 08:00","1993","03","24","08:00"," ","0,50","","0,50","","100,00","","5,00","","24,00","","0,20","","99,32","","","","","","Bruine modérée,Brouillard"
"1993-03-24 09:00","1993","03","24","09:00"," ","0,50","","0,50","","100,00","","5,00","","28,00","","0,20","","99,38","","","","","","Bruine modérée,Brouillard"
"1993-03-24 10:00","1993","03","24","10:00"," ","0,60","","0,60","","100,00","","5,00","","30,00","","0,20","","99,42","","","","","","Bruine modérée,Brouillard"
"1993-03-24 11:00","1993","03","24","11:00"," ","0,70","","0,70","","100,00","","5,00","","30,00","","0,00","","99,42","","","","","","Bruine,Brouillard"
"1993-03-24 12:00","1993","03","24","12:00"," ","0,70","","0,70","","100,00","","6,00","","24,00","","0,00","","99,45","","","","","","Bruine,Brouillard"
"1993-03-24 13:00","1993","03","24","13:00"," ","0,80","","0,80","","100,00","","6,00","","28,00","","0,20","","99,42","","","","","","Bruine,Brouillard"
"1993-03-24 14:00","1993","03","24","14:00"," ","0,80","","0,80","","100,00","","5,00","","26,00","","0,20","","99,42","","","","","","Brouillard"
"1993-03-24 15:00","1993","03","24","15:00"," ","0,90","","0,90","","100,00","","5,00","","28,00","","0,20","","99,38","","","","","","Brouillard"
"1993-03-24 16:00","1993","03","24","16:00"," ","0,90","","0,90","","100,00","","5,00","","28,00","","1,60","","99,35","","","","","","Brouillard"
"1993-03-24 17:00","1993","03","24","17:00"," ","0,90","","0,90","","100,00","","6,00","","24,00","","3,20","","99,38","","","","","","Brouillard"
"1993-03-24 18:00","1993","03","24","18:00"," ","1,10","","0,90","","98,00","","6,00","","24,00","","6,40","","99,42","","","","","","Brouillard"
"1993-03-24 19:00","1993","03","24","19:00"," ","1,10","","0,90","","98,00","","7,00","","17,00","","8,00","","99,48","","","","","","Brouillard"
"1993-03-24 20:00","1993","03","24","20:00"," ","0,90","","0,70","","99,00","","7,00","","17,00","","8,00","","99,52","","","","","","Brouillard"
"1993-03-24 21:00","1993","03","24","21:00"," ","0,80","","0,60","","99,00","","5,00","","20,00","","8,00","","99,55","","","","","","Brouillard"
"1993-03-24 22:00","1993","03","24","22:00"," ","","","","","","","6,00","","17,00","","","","","","","","","","ND"
"1993-03-24 23:00","1993","03","24","23:00"," ","","","","","","","5,00","","19,00","","","","","","","","","","ND"
"1993-03-25 00:00","1993","03","25","00:00"," ","","","","","","","5,00","","20,00","","","","","","","","","","ND"
"1993-03-25 01:00","1993","03","25","01:00"," ","","","","","","","7,00","","20,00","","","","","","","","","","ND"
"1993-03-25 02:00","1993","03","25","02:00"," ","","","","","","","6,00","","17,00","","","","","","","","","","ND"
"1993-03-25 03:00","1993","03","25","03:00"," ","","","","","","","6,00","","13,00","","","","","","","","","","ND"
"1993-03-25 04:00","1993","03","25","04:00"," ","","","","","","","6,00","","15,00","","","","","","","","","","ND"
"1993-03-25 05:00","1993","03","25","05:00"," ","","","","","","","5,00","","17,00","","","","","","","","","","ND"
"1993-03-25 06:00","1993","03","25","06:00"," ","0,40","","0,30","","99,00","","6,00","","17,00","","2,80","","99,61","","","","","","Brouillard"
"1993-03-25 07:00","1993","03","25","07:00"," ","0,50","","0,50","","100,00","","5,00","","17,00","","1,60","","99,68","","","","","","Brouillard"
"1993-03-25 08:00","1993","03","25","08:00"," ","0,50","","0,50","","100,00","","5,00","","13,00","","1,20","","99,68","","","","","","Brouillard"
"1993-03-25 09:00","1993","03","25","09:00"," ","1,10","","1,00","","99,00","","5,00","","26,00","","2,80","","99,71","","","","","","Brouillard"
"1993-03-25 10:00","1993","03","25","10:00"," ","1,50","","1,40","","99,00","","5,00","","15,00","","3,20","","99,71","","","","","","Brouillard"
"1993-03-25 11:00","1993","03","25","11:00"," ","1,90","","1,40","","96,00","","5,00","","20,00","","4,80","","99,75","","","","","","Brouillard"
"1993-03-25 12:00","1993","03","25","12:00"," ","2,20","","1,20","","93,00","","6,00","","17,00","","4,80","","99,78","","","","","","Brouillard"
"1993-03-25 13:00","1993","03","25","13:00"," ","2,50","","1,30","","92,00","","5,00","","17,00","","4,00","","99,78","","","","","","Brouillard"
"1993-03-25 14:00","1993","03","25","14:00"," ","2,60","","1,40","","92,00","","5,00","","17,00","","4,00","","99,68","","","","","","Brouillard"
"1993-03-25 15:00","1993","03","25","15:00"," ","2,50","","1,20","","91,00","","6,00","","13,00","","4,80","","99,65","","","","","","Brouillard"
"1993-03-25 16:00","1993","03","25","16:00"," ","2,50","","1,10","","91,00","","5,00","","20,00","","4,80","","99,61","","","","","","Brouillard"
"1993-03-25 17:00","1993","03","25","17:00"," ","2,20","","0,90","","91,00","","6,00","","17,00","","4,80","","99,65","","","","","","Brouillard"
"1993-03-25 18:00","1993","03","25","18:00"," ","2,00","","1,00","","93,00","","7,00","","11,00","","6,40","","99,65","","","","","","Brouillard"
"1993-03-25 19:00","1993","03","25","19:00"," ","1,80","","0,90","","94,00","","6,00","","7,00","","6,40","","99,68","","","","","","Brouillard"
"1993-03-25 20:00","1993","03","25","20:00"," ","1,30","","0,60","","95,00","","5,00","","9,00","","9,70","","99,68","","","","","","Brouillard"
"1993-03-25 21:00","1993","03","25","21:00"," ","1,30","","0,40","","94,00","","5,00","","6,00","","9,70","","99,68","","","","","","Brouillard"
"1993-03-25 22:00","1993","03","25","22:00"," ","","","","","","","8,00","","4,00","","","","","","","","","","ND"
"1993-03-25 23:00","1993","03","25","23:00"," ","","","","","","","0,00","","0,00","","","","","","","","","","ND"
"1993-03-26 00:00","1993","03","26","00:00"," ","","","","","","","0,00","","0,00","","","","","","","","","","ND"
"1993-03-26 01:00","1993","03","26","01:00"," ","","","","","","","33,00","","6,00","","","","","","","","","","ND"
"1993-03-26 02:00","1993","03","26","02:00"," ","","","","","","","33,00","","4,00","","","","","","","","","","ND"
"1993-03-26 03:00","1993","03","26","03:00"," ","","","","","","","32,00","","4,00","","","","","","","","","","ND"
"1993-03-26 04:00","1993","03","26","04:00"," ","","","","","","","3,00","","6,00","","","","","","","","","","ND"
"1993-03-26 05:00","1993","03","26","05:00"," ","","","","","","","0,00","","0,00","","","","","","","","","","ND"
"1993-03-26 06:00","1993","03","26","06:00"," ","-0,30","","-0,30","","100,00","","0,00","","0,00","","0,00","","99,68","","","","","","Brouillard"
"1993-03-26 07:00","1993","03","26","07:00"," ","-0,60","","-0,60","","100,00","","0,00","","0,00","","0,00","","99,71","","","","","","Bruine verglaçante,Brouillard"
"1993-03-26 08:00","1993","03","26","08:00"," ","-0,70","","-0,70","","100,00","","11,00","","4,00","","0,00","","99,75","","","","-2,00","","Brouillard"
"1993-03-26 09:00","1993","03","26","09:00"," ","-0,70","","-0,70","","100,00","","0,00","","0,00","","0,40","","99,71","","","","","","Bruine verglaçante,Brouillard"
"1993-03-26 10:00","1993","03","26","10:00"," ","-0,40","","-0,40","","100,00","","0,00","","0,00","","0,40","","99,75","","","","","","Brouillard"
"1993-03-26 11:00","1993","03","26","11:00"," ","0,00","","0,00","","100,00","","0,00","","0,00","","0,40","","99,71","","","","","","Brouillard"
"1993-03-26 12:00","1993","03","26","12:00"," ","0,50","","0,50","","100,00","","0,00","","0,00","","2,40","","99,65","","","","","","Brouillard"
"1993-03-26 13:00","1993","03","26","13:00"," ","2,00","","1,30","","95,00","","0,00","","0,00","","4,00","","99,61","","","","","","Brouillard"
"1993-03-26 14:00","1993","03","26","14:00"," ","3,20","","1,20","","87,00","","10,00","","2,00","","3,60","","99,58","","","","","","Brouillard"
"1993-03-26 15:00","1993","03","26","15:00"," ","3,90","","1,20","","83,00","","13,00","","6,00","","4,00","","99,52","","","","","","Brume sèche"
"1993-03-26 16:00","1993","03","26","16:00"," ","4,50","","1,60","","81,00","","11,00","","6,00","","4,00","","99,48","","","","","","Brume sèche"
"1993-03-26 17:00","1993","03","26","17:00"," ","4,90","","1,50","","79,00","","10,00","","4,00","","4,80","","99,42","","","","","","Brume sèche"
"1993-03-26 18:00","1993","03","26","18:00"," ","4,70","","1,50","","80,00","","0,00","","0,00","","6,40","","99,42","","","","","","Brume sèche"
"1993-03-26 19:00","1993","03","26","19:00"," ","3,70","","0,90","","82,00","","0,00","","0,00","","6,40","","99,45","","","","","","Brume sèche"
"1993-03-26 20:00","1993","03","26","20:00"," ","1,80","","-0,10","","87,00","","5,00","","9,00","","8,00","","99,45","","","","","","Brouillard"
"1993-03-26 21:00","1993","03","26","21:00"," ","1,20","","-0,40","","89,00","","4,00","","7,00","","8,00","","99,48","","","","","","Brouillard"
"1993-03-26 22:00","1993","03","26","22:00"," ","","","","","","","6,00","","4,00","","","","","","","","","","ND"
"1993-03-26 23:00","1993","03","26","23:00"," ","","","","","","","6,00","","6,00","","","","","","","","","","ND"
"1993-03-27 00:00","1993","03","27","00:00"," ","","","","","","","3,00","","15,00","","","","","","","","","","ND"
"1993-03-27 01:00","1993","03","27","01:00"," ","","","","","","","4,00","","13,00","","","","","","","","","","ND"
"1993-03-27 02:00","1993","03","27","02:00"," ","","","","","","","4,00","","13,00","","","","","","","","","","ND"
"1993-03-27 03:00","1993","03","27","03:00"," ","","","","","","","4,00","","13,00","","","","","","","","","","ND"
"1993-03-27 04:00","1993","03","27","04:00"," ","","","","","","","5,00","","11,00","","","","","","","","","","ND"
"1993-03-27 05:00","1993","03","27","05:00"," ","","","","","","","4,00","","15,00","","","","","","","","","","ND"
"1993-03-27 06:00","1993","03","27","06:00"," ","-2,00","","-2,00","","100,00","","4,00","","20,00","","0,20","","99,28","","","","-8,00","","Brouillard"
"1993-03-27 07:00","1993","03","27","07:00"," ","-2,00","","-2,00","","100,00","","5,00","","22,00","","0,20","","99,32","","","","-8,00","","Brouillard"
"1993-03-27 08:00","1993","03","27","08:00"," ","-1,60","","-1,60","","100,00","","4,00","","22,00","","0,20","","99,32","","","","-8,00","","Brouillard"
"1993-03-27 09:00","1993","03","27","09:00"," ","-1,00","","-1,00","","100,00","","5,00","","15,00","","0,20","","99,32","","","","-6,00","","Brouillard"
"1993-03-27 10:00","1993","03","27","10:00"," ","0,10","","0,00","","99,00","","5,00","","19,00","","4,00","","99,32","","","","","","Brouillard"
"1993-03-27 11:00","1993","03","27","11:00"," ","2,10","","0,50","","89,00","","4,00","","17,00","","4,80","","99,28","","","","","","Brouillard"
"1993-03-27 12:00","1993","03","27","12:00"," ","3,50","","0,90","","83,00","","4,00","","22,00","","6,40","","99,22","","","","","","Brume sèche"
"1993-03-27 13:00","1993","03","27","13:00"," ","4,10","","0,90","","79,00","","4,00","","24,00","","9,70","","99,15","","","","","","Brume sèche"
"1993-03-27 14:00","1993","03","27","14:00"," ","5,10","","1,40","","77,00","","4,00","","24,00","","9,70","","99,08","","","","","","Brume sèche"
"1993-03-27 15:00","1993","03","27","15:00"," ","4,70","","1,10","","77,00","","4,00","","22,00","","11,30","","99,02","","","","","","Généralement nuageux"
"1993-03-27 16:00","1993","03","27","16:00"," ","4,00","","0,70","","79,00","","4,00","","20,00","","12,90","","98,99","","","","","","Généralement nuageux"
"1993-03-27 17:00","1993","03","27","17:00"," ","3,10","","0,40","","82,00","","6,00","","17,00","","14,50","","98,95","","","","","","Généralement nuageux"
"1993-03-27 18:00","1993","03","27","18:00"," ","2,30","","0,00","","85,00","","4,00","","22,00","","14,50","","98,95","","","","","","Généralement nuageux"
"1993-03-27 19:00","1993","03","27","19:00"," ","1,50","","0,30","","92,00","","4,00","","19,00","","4,00","","98,95","","","","","","Brouillard"
"1993-03-27 20:00","1993","03","27","20:00"," ","1,50","","0,30","","92,00","","3,00","","20,00","","8,00","","98,95","","","","","","Brouillard"
"1993-03-27 21:00","1993","03","27","21:00"," ","1,50","","0,00","","90,00","","3,00","","22,00","","12,90","","98,95","","","","","","Généralement nuageux"
"1993-03-27 22:00","1993","03","27","22:00"," ","","","","","","","3,00","","20,00","","","","","","","","","","ND"
"1993-03-27 23:00","1993","03","27","23:00"," ","","","","","","","3,00","","19,00","","","","","","","","","","ND"
"1993-03-28 00:00","1993","03","28","00:00"," ","","","","","","","3,00","","19,00","","","","","","","","","","ND"
"1993-03-28 01:00","1993","03","28","01:00"," ","","","","","","","3,00","","22,00","","","","","","","","","","ND"
"1993-03-28 02:00","1993","03","28","02:00"," ","","","","","","","3,00","","22,00","","","","","","","","","","ND"
"1993-03-28 03:00","1993","03","28","03:00"," ","","","","","","","3,00","","22,00","","","","","","","","","","ND"
"1993-03-28 04:00","1993","03","28","04:00"," ","","","","","","","3,00","","19,00","","","","","","","","","","ND"
"1993-03-28 05:00","1993","03","28","05:00"," ","","","","","","","3,00","","19,00","","","","","","","","","","ND"
"1993-03-28 06:00","1993","03","28","06:00"," ","3,00","","-0,60","","77,00","","3,00","","19,00","","12,90","","98,65","","","","","","Généralement nuageux"
"1993-03-28 07:00","1993","03","28","07:00"," ","3,30","","-0,70","","75,00","","3,00","","15,00","","14,50","","98,65","","","","","","Généralement nuageux"
"1993-03-28 08:00","1993","03","28","08:00"," ","4,30","","-0,20","","72,00","","4,00","","22,00","","12,90","","98,69","","","","","","Généralement nuageux"
"1993-03-28 09:00","1993","03","28","09:00"," ","4,80","","0,10","","72,00","","4,00","","30,00","","12,90","","98,69","","","","","","Généralement nuageux"
"1993-03-28 10:00","1993","03","28","10:00"," ","4,50","","0,10","","73,00","","4,00","","30,00","","12,90","","98,69","","","","","","Généralement nuageux"
"1993-03-28 11:00","1993","03","28","11:00"," ","5,10","","0,60","","73,00","","4,00","","26,00","","12,90","","98,65","","","","","","Généralement nuageux"
"1993-03-28 12:00","1993","03","28","12:00"," ","4,90","","0,30","","72,00","","4,00","","30,00","","12,90","","98,62","","","","","","Généralement nuageux"
"1993-03-28 13:00","1993","03","28","13:00"," ","5,20","","0,30","","70,00","","4,00","","28,00","","12,90","","98,59","","","","","","Nuageux"
"1993-03-28 14:00","1993","03","28","14:00"," ","5,90","","0,60","","69,00","","6,00","","22,00","","14,50","","98,59","","","","","","Nuageux"
"1993-03-28 15:00","1993","03","28","15:00"," ","6,00","","1,40","","72,00","","4,00","","20,00","","16,10","","98,55","","","","","","Nuageux"
"1993-03-28 16:00","1993","03","28","16:00"," ","5,60","","1,00","","72,00","","6,00","","22,00","","16,10","","98,55","","","","","","Nuageux"
"1993-03-28 17:00","1993","03","28","17:00"," ","5,00","","2,90","","86,00","","5,00","","20,00","","14,50","","98,55","","","","","","Averses de pluie"
"1993-03-28 18:00","1993","03","28","18:00"," ","4,60","","3,30","","91,00","","5,00","","20,00","","14,50","","98,55","","","","","","Averses de pluie"
"1993-03-28 19:00","1993","03","28","19:00"," ","3,90","","3,50","","97,00","","4,00","","22,00","","6,40","","98,55","","","","","","Averses de pluie,Brouillard"
"1993-03-28 20:00","1993","03","28","20:00"," ","3,30","","3,20","","100,00","","5,00","","24,00","","3,20","","98,55","","","","","","Brouillard"
"1993-03-28 21:00","1993","03","28","21:00"," ","3,90","","3,90","","100,00","","4,00","","24,00","","1,60","","98,55","","","","","","Brouillard"
"1993-03-28 22:00","1993","03","28","22:00"," ","","","","","","","5,00","","19,00","","","","","","","","","","ND"
"1993-03-28 23:00","1993","03","28","23:00"," ","","","","","","","4,00","","19,00","","","","","","","","","","ND"
"1993-03-29 00:00","1993","03","29","00:00"," ","","","","","","","6,00","","15,00","","","","","","","","","","ND"
"1993-03-29 01:00","1993","03","29","01:00"," ","","","","","","","4,00","","15,00","","","","","","","","","","ND"
"1993-03-29 02:00","1993","03","29","02:00"," ","","","","","","","5,00","","15,00","","","","","","","","","","ND"
"1993-03-29 03:00","1993","03","29","03:00"," ","","","","","","","6,00","","11,00","","","","","","","","","","ND"
"1993-03-29 04:00","1993","03","29","04:00"," ","","","","","","","4,00","","15,00","","","","","","","","","","ND"
"1993-03-29 05:00","1993","03","29","05:00"," ","","","","","","","4,00","","15,00","","","","","","","","","","ND"
"1993-03-29 06:00","1993","03","29","06:00"," ","4,60","","4,60","","100,00","","4,00","","15,00","","2,40","","98,42","","","","","","Brouillard"
"1993-03-29 07:00","1993","03","29","07:00"," ","4,80","","4,70","","100,00","","4,00","","13,00","","2,40","","98,46","","","","","","Averses de pluie,Brouillard"
"1993-03-29 08:00","1993","03","29","08:00"," ","5,30","","5,30","","100,00","","3,00","","11,00","","2,40","","98,46","","","","","","Brouillard"
"1993-03-29 09:00","1993","03","29","09:00"," ","6,30","","5,60","","95,00","","3,00","","13,00","","3,20","","98,49","","","","","","Brouillard"
"1993-03-29 10:00","1993","03","29","10:00"," ","7,20","","4,70","","84,00","","5,00","","17,00","","11,30","","98,46","","","","","","Nuageux"
"1993-03-29 11:00","1993","03","29","11:00"," ","7,80","","6,40","","91,00","","3,00","","13,00","","4,80","","98,46","","","","","","Brouillard"
"1993-03-29 12:00","1993","03","29","12:00"," ","8,60","","6,70","","88,00","","3,00","","15,00","","4,80","","98,46","","","","","","Brouillard"
"1993-03-29 13:00","1993","03","29","13:00"," ","9,50","","7,20","","86,00","","3,00","","7,00","","6,40","","98,42","","","","","","Brume sèche"
"1993-03-29 14:00","1993","03","29","14:00"," ","9,80","","6,80","","82,00","","35,00","","7,00","","11,30","","98,42","","","","","","Nuageux"
"1993-03-29 15:00","1993","03","29","15:00"," ","10,90","","7,30","","78,00","","34,00","","9,00","","11,30","","98,36","","","","","","Généralement nuageux"
"1993-03-29 16:00","1993","03","29","16:00"," ","11,00","","7,90","","81,00","","36,00","","13,00","","11,30","","98,36","","","","","","Nuageux"
"1993-03-29 17:00","1993","03","29","17:00"," ","11,20","","7,90","","80,00","","34,00","","6,00","","11,30","","98,36","","","","","","Généralement nuageux"
"1993-03-29 18:00","1993","03","29","18:00"," ","10,30","","7,60","","84,00","","36,00","","6,00","","12,90","","98,39","","","","","","Généralement nuageux"
"1993-03-29 19:00","1993","03","29","19:00"," ","9,30","","6,90","","85,00","","36,00","","4,00","","11,30","","98,42","","","","","","Généralement nuageux"
"1993-03-29 20:00","1993","03","29","20:00"," ","7,90","","6,90","","93,00","","33,00","","4,00","","12,90","","98,42","","","","","","Généralement dégagé"
"1993-03-29 21:00","1993","03","29","21:00"," ","7,20","","6,80","","97,00","","33,00","","6,00","","14,50","","98,42","","","","","","Généralement nuageux"
"1993-03-29 22:00","1993","03","29","22:00"," ","","","","","","","1,00","","6,00","","","","","","","","","","ND"
"1993-03-29 23:00","1993","03","29","23:00"," ","","","","","","","0,00","","0,00","","","","","","","","","","ND"
"1993-03-30 00:00","1993","03","30","00:00"," ","","","","","","","0,00","","0,00","","","","","","","","","","ND"
"1993-03-30 01:00","1993","03","30","01:00"," ","","","","","","","22,00","","6,00","","","","","","","","","","ND"
"1993-03-30 02:00","1993","03","30","02:00"," ","","","","","","","29,00","","7,00","","","","","","","","","","ND"
"1993-03-30 03:00","1993","03","30","03:00"," ","","","","","","","29,00","","9,00","","","","","","","","","","ND"
"1993-03-30 04:00","1993","03","30","04:00"," ","","","","","","","31,00","","9,00","","","","","","","","","","ND"
"1993-03-30 05:00","1993","03","30","05:00"," ","","","","","","","31,00","","6,00","","","","","","","","","","ND"
"1993-03-30 06:00","1993","03","30","06:00"," ","4,70","","0,20","","73,00","","3,00","","9,00","","19,30","","98,42","","","","","","Généralement dégagé"
"1993-03-30 07:00","1993","03","30","07:00"," ","3,40","","0,30","","80,00","","4,00","","9,00","","19,30","","98,46","","","","","","Généralement dégagé"
"1993-03-30 08:00","1993","03","30","08:00"," ","5,60","","2,00","","78,00","","4,00","","4,00","","19,30","","98,52","","","","","","Dégagé"
"1993-03-30 09:00","1993","03","30","09:00"," ","8,00","","1,90","","65,00","","4,00","","9,00","","16,10","","98,52","","","","","","Dégagé"
"1993-03-30 10:00","1993","03","30","10:00"," ","9,80","","2,10","","59,00","","2,00","","7,00","","16,10","","98,55","","","","","","Dégagé"
"1993-03-30 11:00","1993","03","30","11:00"," ","11,70","","3,20","","56,00","","8,00","","11,00","","16,10","","98,52","","","","","","Dégagé"
"1993-03-30 12:00","1993","03","30","12:00"," ","12,40","","3,30","","54,00","","6,00","","6,00","","16,10","","98,52","","","","","","Généralement dégagé"
"1993-03-30 13:00","1993","03","30","13:00"," ","12,90","","5,60","","61,00","","16,00","","6,00","","16,10","","98,52","","","","","","Généralement dégagé"
"1993-03-30 14:00","1993","03","30","14:00"," ","14,40","","5,30","","54,00","","0,00","","0,00","","12,90","","98,52","","","","","","Généralement dégagé"
"1993-03-30 15:00","1993","03","30","15:00"," ","14,70","","5,20","","53,00","","13,00","","6,00","","11,30","","98,52","","","","","","Généralement dégagé"
"1993-03-30 16:00","1993","03","30","16:00"," ","14,90","","5,40","","53,00","","13,00","","6,00","","11,30","","98,52","","","","","","Généralement dégagé"
"1993-03-30 17:00","1993","03","30","17:00"," ","14,50","","4,70","","52,00","","12,00","","13,00","","11,30","","98,49","","","","","","Généralement dégagé"
"1993-03-30 18:00","1993","03","30","18:00"," ","13,40","","5,90","","60,00","","14,00","","13,00","","11,30","","98,49","","","","","","Généralement dégagé"
"1993-03-30 19:00","1993","03","30","19:00"," ","8,80","","6,40","","85,00","","16,00","","7,00","","9,70","","98,49","","","","","","Brume sèche"
"1993-03-30 20:00","1993","03","30","20:00"," ","7,70","","4,70","","81,00","","16,00","","6,00","","11,30","","98,52","","","","","","Généralement dégagé"
"1993-03-30 21:00","1993","03","30","21:00"," ","6,00","","3,80","","86,00","","0,00","","0,00","","12,90","","98,52","","","","","","Généralement dégagé"
"1993-03-30 22:00","1993","03","30","22:00"," ","","","","","","","0,00","","0,00","","","","","","","","","","ND"
"1993-03-30 23:00","1993","03","30","23:00"," ","","","","","","","28,00","","4,00","","","","","","","","","","ND"
"1993-03-31 00:00","1993","03","31","00:00"," ","","","","","","","5,00","","7,00","","","","","","","","","","ND"
"1993-03-31 01:00","1993","03","31","01:00"," ","","","","","","","4,00","","9,00","","","","","","","","","","ND"
"1993-03-31 02:00","1993","03","31","02:00"," ","","","","","","","5,00","","9,00","","","","","","","","","","ND"
"1993-03-31 03:00","1993","03","31","03:00"," ","","","","","","","4,00","","15,00","","","","","","","","","","ND"
"1993-03-31 04:00","1993","03","31","04:00"," ","","","","","","","4,00","","15,00","","","","","","","","","","ND"
"1993-03-31 05:00","1993","03","31","05:00"," ","","","","","","","4,00","","24,00","","","","","","","","","","ND"
"1993-03-31 06:00","1993","03","31","06:00"," ","1,90","","1,10","","95,00","","5,00","","19,00","","4,00","","98,49","","","","","","Brouillard"
"1993-03-31 07:00","1993","03","31","07:00"," ","2,60","","0,50","","86,00","","6,00","","26,00","","9,70","","98,52","","","","","","Brouillard"
"1993-03-31 08:00","1993","03","31","08:00"," ","3,10","","-1,20","","73,00","","5,00","","33,00","","12,90","","98,52","","","","","","Généralement nuageux"
"1993-03-31 09:00","1993","03","31","09:00"," ","3,50","","-1,50","","70,00","","6,00","","35,00","","19,30","","98,52","","","","","","Généralement nuageux"
"1993-03-31 10:00","1993","03","31","10:00"," ","3,60","","-2,00","","67,00","","6,00","","39,00","","24,10","","98,46","","","","","","Généralement nuageux"
"1993-03-31 11:00","1993","03","31","11:00"," ","3,60","","-1,70","","68,00","","6,00","","44,00","","24,10","","98,46","","","","","","Généralement nuageux"
"1993-03-31 12:00","1993","03","31","12:00"," ","3,70","","-1,80","","67,00","","6,00","","44,00","","25,00","","98,36","","","","","","Généralement nuageux"
"1993-03-31 13:00","1993","03","31","13:00"," ","4,00","","-1,90","","65,00","","5,00","","50,00","","25,00","","98,29","","","","","","Généralement nuageux"
"1993-03-31 14:00","1993","03","31","14:00"," ","3,90","","-2,90","","61,00","","6,00","","46,00","","24,10","","98,19","","","","","","Généralement nuageux"
"1993-03-31 15:00","1993","03","31","15:00"," ","3,70","","-2,70","","63,00","","6,00","","56,00","","24,10","","98,06","","","","","","Généralement nuageux"
"1993-03-31 16:00","1993","03","31","16:00"," ","3,50","","-2,60","","64,00","","6,00","","54,00","","24,10","","98,03","","","","","","Généralement nuageux"
"1993-03-31 17:00","1993","03","31","17:00"," ","3,60","","-2,60","","64,00","","6,00","","54,00","","24,10","","97,99","","","","","","Généralement nuageux"
"1993-03-31 18:00","1993","03","31","18:00"," ","3,00","","-2,80","","66,00","","6,00","","52,00","","25,00","","97,99","","","","","","Nuageux"
"1993-03-31 19:00","1993","03","31","19:00"," ","2,60","","-3,10","","66,00","","6,00","","50,00","","24,10","","97,99","","","","","","Nuageux"
"1993-03-31 20:00","1993","03","31","20:00"," ","2,40","","-4,00","","63,00","","6,00","","57,00","","25,00","","97,99","","","","","","Nuageux"
"1993-03-31 21:00","1993","03","31","21:00"," ","1,90","","-3,60","","67,00","","6,00","","54,00","","24,10","","97,96","","","","","","Nuageux"
"1993-03-31 22:00","1993","03","31","22:00"," ","","","","","","","6,00","","52,00","","","","","","","","","","ND"
"1993-03-31 23:00","1993","03","31","23:00"," ","","","","","","","6,00","","54,00","","","","","","","","","","ND"
