"Nom de la Station","BAKER LAKE A"
"Province","NUNAVUT"
"Latitude","64,30"
"Longitude","-96,08"
"Altitude","18,60"
"Identification Climat","2300500"
"Identification OMM","71926"
"Identification TC","YBK"
"Toutes les heures sont exprimées en heure normale locale (HNL). Pour convertir l'heure locale en heure avancée de l'Est (HAE), ajoutez 1 heure s'il y a lieu."

"Légende"
"M","Données Manquantes"
"E","Valeur Estimée"
"ND","Non Disponible"
"**","Données fournies par un partenaire, non assujetties à un révision par les Archives climatiques nationales du Canada"

"Date/Heure","Année","Mois","Jour","Heure","Qualité des Données","Temp (°C)","Temp Indicateur","Point de rosée (°C)","Point de rosée Indicateur","Hum. rel (%)","Hum. rel. Indicateur","Dir. du vent (10s deg)","Dir. du vent Indicateur","Vit. du vent (km/h)","Vit. du vent Indicateur","Visibilité (km)","Visibilité Indicateur","Pression à la station (kPa)","Pression à la station Indicateur","Hmdx","Hmdx Indicateur","Refroid. éolien","Refroid. éolien Indicateur","Temps"
"1974-05-01 00:00","1974","05","01","00:00"," ","-19,40","","-25,60","","61,00","","29,00","","16,00","","24,10","","100,16","","","","-29,00","","Généralement dégagé"
"1974-05-01 01:00","1974","05","01","01:00"," ","-19,40","","-25,00","","63,00","","28,00","","21,00","","24,10","","100,08","","","","-30,00","","Généralement dégagé"
"1974-05-01 02:00","1974","05","01","02:00"," ","-20,00","","-25,00","","62,00","","29,00","","21,00","","16,10","","100,00","","","","-31,00","","Cristaux de glace"
"1974-05-01 03:00","1974","05","01","03:00"," ","-20,00","","-25,00","","64,00","","30,00","","26,00","","3,20","","99,94","","","","-32,00","","Cristaux de glace,Brouillard de glace"
"1974-05-01 04:00","1974","05","01","04:00"," ","-19,40","","-25,00","","63,00","","31,00","","16,00","","1,60","","99,94","","","","-29,00","","Brouillard de glace"
"1974-05-01 05:00","1974","05","01","05:00"," ","-18,90","","-23,90","","64,00","","31,00","","26,00","","1,60","","99,90","","","","-30,00","","Neige,Brouillard de glace"
"1974-05-01 06:00","1974","05","01","06:00"," ","-18,90","","-24,40","","62,00","","31,00","","29,00","","9,70","","99,87","","","","-31,00","","Brouillard de glace"
"1974-05-01 07:00","1974","05","01","07:00"," ","-18,30","","-23,30","","65,00","","32,00","","29,00","","16,10","","99,88","","","","-30,00","","Généralement nuageux"
"1974-05-01 08:00","1974","05","01","08:00"," ","-18,30","","-23,30","","65,00","","32,00","","35,00","","9,70","","99,88","","","","-31,00","","Poudrerie élevée"
"1974-05-01 09:00","1974","05","01","09:00"," ","-18,30","","-23,30","","64,00","","32,00","","35,00","","1,60","","99,84","","","","-31,00","","Poudrerie élevée"
"1974-05-01 10:00","1974","05","01","10:00"," ","-18,30","","-23,30","","62,00","","32,00","","32,00","","3,20","","99,89","","","","-31,00","","Poudrerie élevée"
"1974-05-01 11:00","1974","05","01","11:00"," ","-19,40","","-25,00","","61,00","","33,00","","32,00","","12,90","","99,99","","","","-32,00","","Nuageux"
"1974-05-01 12:00","1974","05","01","12:00"," ","-19,40","","-25,00","","62,00","","33,00","","29,00","","16,10","","100,08","","","","-32,00","","Généralement dégagé"
"1974-05-01 13:00","1974","05","01","13:00"," ","-18,90","","-24,40","","61,00","","32,00","","32,00","","24,10","","100,18","","","","-31,00","","Généralement dégagé"
"1974-05-01 14:00","1974","05","01","14:00"," ","-18,90","","-25,00","","61,00","","32,00","","32,00","","24,10","","100,28","","","","-31,00","","Généralement nuageux"
"1974-05-01 15:00","1974","05","01","15:00"," ","-19,40","","-25,60","","61,00","","33,00","","32,00","","1,60","","100,36","","","","-32,00","","Poudrerie élevée"
"1974-05-01 16:00","1974","05","01","16:00"," ","-20,60","","-26,10","","63,00","","33,00","","37,00","","6,40","","100,46","","","","-34,00","","Poudrerie élevée"
"1974-05-01 17:00","1974","05","01","17:00"," ","-21,10","","-26,70","","61,00","","33,00","","37,00","","6,40","","100,51","","","","-35,00","","Poudrerie élevée"
"1974-05-01 18:00","1974","05","01","18:00"," ","-21,10","","-26,70","","60,00","","33,00","","29,00","","16,10","","100,62","","","","-34,00","","Dégagé"
"1974-05-01 19:00","1974","05","01","19:00"," ","-21,10","","-26,70","","63,00","","32,00","","26,00","","24,10","","100,69","","","","-33,00","","Dégagé"
"1974-05-01 20:00","1974","05","01","20:00"," ","-21,70","","-27,20","","61,00","","31,00","","24,00","","24,10","","100,75","","","","-34,00","","Dégagé"
"1974-05-01 21:00","1974","05","01","21:00"," ","-22,20","","-27,80","","60,00","","32,00","","24,00","","24,10","","100,81","","","","-34,00","","Dégagé"
"1974-05-01 22:00","1974","05","01","22:00"," ","-22,80","","-28,30","","60,00","","32,00","","24,00","","24,10","","100,87","","","","-35,00","","Dégagé"
"1974-05-01 23:00","1974","05","01","23:00"," ","-23,30","","-28,90","","60,00","","32,00","","26,00","","24,10","","100,94","","","","-36,00","","Dégagé"
"1974-05-02 00:00","1974","05","02","00:00"," ","-24,40","","-30,00","","61,00","","32,00","","29,00","","24,10","","100,97","","","","-38,00","","Dégagé"
"1974-05-02 01:00","1974","05","02","01:00"," ","-25,00","","-30,60","","61,00","","32,00","","21,00","","16,10","","101,01","","","","-37,00","","Dégagé"
"1974-05-02 02:00","1974","05","02","02:00"," ","-25,00","","-30,60","","60,00","","31,00","","26,00","","24,10","","101,05","","","","-38,00","","Dégagé"
"1974-05-02 03:00","1974","05","02","03:00"," ","-25,60","","-31,10","","60,00","","32,00","","29,00","","24,10","","101,07","","","","-40,00","","Généralement dégagé"
"1974-05-02 04:00","1974","05","02","04:00"," ","-25,60","","-31,10","","60,00","","32,00","","32,00","","24,10","","101,10","","","","-40,00","","Dégagé"
"1974-05-02 05:00","1974","05","02","05:00"," ","-25,00","","-31,10","","58,00","","33,00","","29,00","","24,10","","101,14","","","","-39,00","","Dégagé"
"1974-05-02 06:00","1974","05","02","06:00"," ","-25,60","","-31,10","","61,00","","32,00","","19,00","","24,10","","101,20","","","","-37,00","","Dégagé"
"1974-05-02 07:00","1974","05","02","07:00"," ","-24,40","","-30,00","","60,00","","28,00","","18,00","","24,10","","101,27","","","","-35,00","","Dégagé"
"1974-05-02 08:00","1974","05","02","08:00"," ","-23,90","","-29,40","","61,00","","31,00","","24,00","","24,10","","101,30","","","","-36,00","","Dégagé"
"1974-05-02 09:00","1974","05","02","09:00"," ","-23,30","","-28,90","","60,00","","31,00","","27,00","","24,10","","101,30","","","","-36,00","","Dégagé"
"1974-05-02 10:00","1974","05","02","10:00"," ","-22,20","","-27,80","","63,00","","32,00","","26,00","","24,10","","101,29","","","","-35,00","","Généralement nuageux"
"1974-05-02 11:00","1974","05","02","11:00"," ","-21,70","","-26,70","","62,00","","32,00","","11,00","","24,10","","101,35","","","","-30,00","","Généralement dégagé"
"1974-05-02 12:00","1974","05","02","12:00"," ","-19,40","","-25,60","","60,00","","25,00","","13,00","","24,10","","101,37","","","","-28,00","","Généralement dégagé"
"1974-05-02 13:00","1974","05","02","13:00"," ","-19,40","","-25,00","","62,00","","22,00","","16,00","","24,10","","101,44","","","","-29,00","","Dégagé"
"1974-05-02 14:00","1974","05","02","14:00"," ","-18,30","","-24,40","","61,00","","24,00","","16,00","","24,10","","101,44","","","","-27,00","","Dégagé"
"1974-05-02 15:00","1974","05","02","15:00"," ","-17,80","","-23,30","","62,00","","24,00","","21,00","","24,10","","101,43","","","","-28,00","","Dégagé"
"1974-05-02 16:00","1974","05","02","16:00"," ","-17,20","","-23,30","","60,00","","22,00","","23,00","","24,10","","101,44","","","","-28,00","","Dégagé"
"1974-05-02 17:00","1974","05","02","17:00"," ","-17,80","","-23,90","","59,00","","22,00","","18,00","","24,10","","101,44","","","","-27,00","","Dégagé"
"1974-05-02 18:00","1974","05","02","18:00"," ","-17,80","","-23,90","","58,00","","19,00","","11,00","","24,10","","101,41","","","","-25,00","","Généralement nuageux"
"1974-05-02 19:00","1974","05","02","19:00"," ","-18,30","","-23,90","","61,00","","15,00","","11,00","","24,10","","101,38","","","","-26,00","","Nuageux"
"1974-05-02 20:00","1974","05","02","20:00"," ","-19,40","","-25,60","","59,00","","17,00","","18,00","","24,10","","101,36","","","","-29,00","","Généralement dégagé"
"1974-05-02 21:00","1974","05","02","21:00"," ","-21,10","","-26,70","","61,00","","25,00","","10,00","","24,10","","101,33","","","","-29,00","","Généralement dégagé"
"1974-05-02 22:00","1974","05","02","22:00"," ","-20,60","","-26,10","","60,00","","0,00","","0,00","","24,10","","101,29","","","","","","Généralement nuageux"
"1974-05-02 23:00","1974","05","02","23:00"," ","-18,30","","-24,40","","61,00","","18,00","","16,00","","4,80","","101,24","","","","-27,00","","Cristaux de glace"
"1974-05-03 00:00","1974","05","03","00:00"," ","-18,30","","-23,90","","64,00","","19,00","","23,00","","1,60","","101,20","","","","-29,00","","Neige"
"1974-05-03 01:00","1974","05","03","01:00"," ","-19,40","","-24,40","","64,00","","20,00","","16,00","","24,10","","101,17","","","","-29,00","","Généralement nuageux"
"1974-05-03 02:00","1974","05","03","02:00"," ","-19,40","","-25,00","","63,00","","20,00","","23,00","","24,10","","101,14","","","","-30,00","","Généralement nuageux"
"1974-05-03 03:00","1974","05","03","03:00"," ","-20,60","","-26,10","","63,00","","0,00","","0,00","","24,10","","101,14","","","","","","Généralement dégagé"
"1974-05-03 04:00","1974","05","03","04:00"," ","-21,70","","-27,20","","61,00","","0,00","","0,00","","24,10","","101,14","","","","","","Généralement dégagé"
"1974-05-03 05:00","1974","05","03","05:00"," ","-22,20","","-27,20","","62,00","","0,00","","0,00","","24,10","","101,17","","","","","","Généralement dégagé"
"1974-05-03 06:00","1974","05","03","06:00"," ","-21,70","","-27,20","","62,00","","0,00","","0,00","","24,10","","101,23","","","","","","Généralement dégagé"
"1974-05-03 07:00","1974","05","03","07:00"," ","-21,70","","-26,70","","64,00","","0,00","","0,00","","24,10","","101,28","","","","","","Généralement dégagé"
"1974-05-03 08:00","1974","05","03","08:00"," ","-20,00","","-25,60","","62,00","","0,00","","0,00","","24,10","","101,32","","","","","","Généralement nuageux"
"1974-05-03 09:00","1974","05","03","09:00"," ","-18,90","","-24,40","","63,00","","14,00","","8,00","","24,10","","101,39","","","","-25,00","","Généralement nuageux"
"1974-05-03 10:00","1974","05","03","10:00"," ","-16,70","","-22,80","","61,00","","0,00","","0,00","","24,10","","101,43","","","","","","Dégagé"
"1974-05-03 11:00","1974","05","03","11:00"," ","-15,00","","-21,10","","61,00","","19,00","","6,00","","24,10","","101,47","","","","-19,00","","Dégagé"
"1974-05-03 12:00","1974","05","03","12:00"," ","-14,40","","-20,00","","62,00","","18,00","","11,00","","24,10","","101,51","","","","-21,00","","Dégagé"
"1974-05-03 13:00","1974","05","03","13:00"," ","-13,90","","-19,40","","63,00","","18,00","","11,00","","24,10","","101,57","","","","-20,00","","Dégagé"
"1974-05-03 14:00","1974","05","03","14:00"," ","-13,30","","-19,40","","61,00","","17,00","","10,00","","24,10","","101,64","","","","-19,00","","Dégagé"
"1974-05-03 15:00","1974","05","03","15:00"," ","-12,80","","-18,90","","61,00","","16,00","","11,00","","24,10","","101,65","","","","-19,00","","Dégagé"
"1974-05-03 16:00","1974","05","03","16:00"," ","-12,20","","-17,80","","63,00","","15,00","","6,00","","24,10","","101,70","","","","-16,00","","Dégagé"
"1974-05-03 17:00","1974","05","03","17:00"," ","-12,20","","-17,80","","62,00","","14,00","","10,00","","24,10","","101,72","","","","-18,00","","Dégagé"
"1974-05-03 18:00","1974","05","03","18:00"," ","-12,80","","-17,80","","67,00","","12,00","","13,00","","24,10","","101,72","","","","-20,00","","Dégagé"
"1974-05-03 19:00","1974","05","03","19:00"," ","-13,90","","-18,30","","69,00","","9,00","","11,00","","24,10","","101,74","","","","-20,00","","Dégagé"
"1974-05-03 20:00","1974","05","03","20:00"," ","-13,90","","-18,90","","65,00","","11,00","","18,00","","24,10","","101,72","","","","-22,00","","Dégagé"
"1974-05-03 21:00","1974","05","03","21:00"," ","-15,00","","-20,00","","66,00","","11,00","","16,00","","24,10","","101,72","","","","-23,00","","Généralement dégagé"
"1974-05-03 22:00","1974","05","03","22:00"," ","-15,60","","-20,60","","65,00","","10,00","","16,00","","24,10","","101,73","","","","-24,00","","Généralement dégagé"
"1974-05-03 23:00","1974","05","03","23:00"," ","-18,30","","-22,80","","67,00","","9,00","","14,00","","24,10","","101,71","","","","-27,00","","Généralement dégagé"
"1974-05-04 00:00","1974","05","04","00:00"," ","-17,80","","-22,80","","67,00","","8,00","","16,00","","24,10","","101,72","","","","-27,00","","Généralement dégagé"
"1974-05-04 01:00","1974","05","04","01:00"," ","-18,90","","-23,30","","66,00","","8,00","","14,00","","24,10","","101,70","","","","-27,00","","Généralement dégagé"
"1974-05-04 02:00","1974","05","04","02:00"," ","-20,60","","-25,00","","66,00","","8,00","","19,00","","24,10","","101,69","","","","-31,00","","Généralement dégagé"
"1974-05-04 03:00","1974","05","04","03:00"," ","-20,60","","-25,00","","67,00","","8,00","","14,00","","24,10","","101,65","","","","-29,00","","Généralement dégagé"
"1974-05-04 04:00","1974","05","04","04:00"," ","-18,30","","-23,30","","67,00","","10,00","","16,00","","12,90","","101,58","","","","-27,00","","Généralement nuageux"
"1974-05-04 05:00","1974","05","04","05:00"," ","-20,00","","-23,90","","72,00","","8,00","","10,00","","4,80","","101,61","","","","-27,00","","Brouillard de glace"
"1974-05-04 06:00","1974","05","04","06:00"," ","-20,00","","-25,00","","67,00","","8,00","","14,00","","9,70","","101,59","","","","-29,00","","Brouillard de glace"
"1974-05-04 07:00","1974","05","04","07:00"," ","-18,90","","-23,30","","67,00","","11,00","","19,00","","24,10","","101,59","","","","-29,00","","Nuageux"
"1974-05-04 08:00","1974","05","04","08:00"," ","-17,20","","-22,20","","65,00","","10,00","","19,00","","24,10","","101,60","","","","-27,00","","Nuageux"
"1974-05-04 09:00","1974","05","04","09:00"," ","-16,70","","-21,10","","69,00","","12,00","","19,00","","24,10","","101,60","","","","-26,00","","Nuageux"
"1974-05-04 10:00","1974","05","04","10:00"," ","-16,10","","-20,60","","69,00","","11,00","","13,00","","24,10","","101,60","","","","-24,00","","Nuageux"
"1974-05-04 11:00","1974","05","04","11:00"," ","-15,00","","-19,40","","69,00","","11,00","","11,00","","6,40","","101,60","","","","-22,00","","Neige"
"1974-05-04 12:00","1974","05","04","12:00"," ","-14,40","","-18,90","","70,00","","12,00","","11,00","","4,80","","101,66","","","","-21,00","","Neige"
"1974-05-04 13:00","1974","05","04","13:00"," ","-14,40","","-18,30","","71,00","","32,00","","16,00","","2,40","","101,68","","","","-22,00","","Neige"
"1974-05-04 14:00","1974","05","04","14:00"," ","-14,40","","-19,40","","66,00","","32,00","","23,00","","4,80","","101,86","","","","-24,00","","Neige"
"1974-05-04 15:00","1974","05","04","15:00"," ","-15,00","","-20,60","","63,00","","33,00","","32,00","","1,60","","101,90","","","","-26,00","","Neige,Poudrerie élevée"
"1974-05-04 16:00","1974","05","04","16:00"," ","-15,60","","-21,10","","63,00","","33,00","","32,00","","1,20","","102,02","","","","-27,00","","Neige,Poudrerie élevée"
"1974-05-04 17:00","1974","05","04","17:00"," ","-17,20","","-22,20","","63,00","","33,00","","27,00","","8,00","","102,18","","","","-28,00","","Poudrerie élevée"
"1974-05-04 18:00","1974","05","04","18:00"," ","-17,80","","-22,80","","65,00","","32,00","","26,00","","8,00","","102,29","","","","-29,00","","Poudrerie élevée"
"1974-05-04 19:00","1974","05","04","19:00"," ","-18,90","","-24,40","","61,00","","32,00","","26,00","","4,80","","102,38","","","","-30,00","","Poudrerie élevée"
"1974-05-04 20:00","1974","05","04","20:00"," ","-20,00","","-25,60","","61,00","","31,00","","26,00","","24,10","","102,48","","","","-32,00","","Dégagé"
"1974-05-04 21:00","1974","05","04","21:00"," ","-20,60","","-26,70","","60,00","","32,00","","24,00","","24,10","","102,62","","","","-32,00","","Dégagé"
"1974-05-04 22:00","1974","05","04","22:00"," ","-22,20","","-27,80","","62,00","","33,00","","21,00","","24,10","","102,69","","","","-34,00","","Dégagé"
"1974-05-04 23:00","1974","05","04","23:00"," ","-23,90","","-29,40","","60,00","","33,00","","27,00","","24,10","","102,74","","","","-37,00","","Dégagé"
"1974-05-05 00:00","1974","05","05","00:00"," ","-23,90","","-29,40","","62,00","","32,00","","24,00","","24,10","","102,83","","","","-36,00","","Dégagé"
"1974-05-05 01:00","1974","05","05","01:00"," ","-25,60","","-31,10","","60,00","","30,00","","10,00","","24,10","","102,89","","","","-34,00","","Dégagé"
"1974-05-05 02:00","1974","05","05","02:00"," ","-25,00","","-30,00","","63,00","","35,00","","6,00","","24,10","","102,94","","","","-31,00","","Dégagé"
"1974-05-05 03:00","1974","05","05","03:00"," ","-26,70","","-31,10","","65,00","","32,00","","5,00","","24,10","","103,00","","","","-32,00","","Dégagé"
"1974-05-05 04:00","1974","05","05","04:00"," ","-27,20","","-32,20","","61,00","","35,00","","3,00","","24,10","","103,09","","","","-30,00","","Dégagé"
"1974-05-05 05:00","1974","05","05","05:00"," ","-25,60","","-31,10","","60,00","","33,00","","8,00","","32,20","","103,18","","","","-33,00","","Dégagé"
"1974-05-05 06:00","1974","05","05","06:00"," ","-26,10","","-31,10","","63,00","","33,00","","8,00","","32,20","","103,20","","","","-33,00","","Dégagé"
"1974-05-05 07:00","1974","05","05","07:00"," ","-25,60","","-30,00","","64,00","","32,00","","3,00","","32,20","","103,25","","","","-29,00","","Dégagé"
"1974-05-05 08:00","1974","05","05","08:00"," ","-24,40","","-30,00","","61,00","","24,00","","8,00","","24,10","","103,29","","","","-31,00","","Dégagé"
"1974-05-05 09:00","1974","05","05","09:00"," ","-23,30","","-28,30","","64,00","","17,00","","8,00","","24,10","","103,35","","","","-30,00","","Dégagé"
"1974-05-05 10:00","1974","05","05","10:00"," ","-13,90","","-27,20","","31,00","","24,00","","3,00","","24,10","","103,48","","","","-16,00","","Dégagé"
"1974-05-05 11:00","1974","05","05","11:00"," ","-21,10","","-26,10","","64,00","","12,00","","5,00","","24,10","","103,39","","","","-26,00","","Dégagé"
"1974-05-05 12:00","1974","05","05","12:00"," ","-20,00","","-25,00","","64,00","","13,00","","6,00","","24,10","","103,40","","","","-25,00","","Dégagé"
"1974-05-05 13:00","1974","05","05","13:00"," ","-19,40","","-24,40","","65,00","","12,00","","16,00","","24,10","","103,45","","","","-29,00","","Dégagé"
"1974-05-05 14:00","1974","05","05","14:00"," ","-18,30","","-23,30","","66,00","","11,00","","13,00","","24,10","","103,45","","","","-26,00","","Dégagé"
"1974-05-05 15:00","1974","05","05","15:00"," ","-17,20","","-22,20","","66,00","","11,00","","18,00","","24,10","","103,43","","","","-26,00","","Dégagé"
"1974-05-05 16:00","1974","05","05","16:00"," ","-16,70","","-21,70","","66,00","","11,00","","21,00","","24,10","","103,36","","","","-27,00","","Dégagé"
"1974-05-05 17:00","1974","05","05","17:00"," ","-16,70","","-22,20","","65,00","","11,00","","24,00","","24,10","","103,32","","","","-27,00","","Dégagé"
"1974-05-05 18:00","1974","05","05","18:00"," ","-17,20","","-22,20","","64,00","","12,00","","24,00","","24,10","","103,29","","","","-28,00","","Dégagé"
"1974-05-05 19:00","1974","05","05","19:00"," ","-17,80","","-22,80","","65,00","","11,00","","19,00","","24,10","","103,23","","","","-27,00","","Généralement dégagé"
"1974-05-05 20:00","1974","05","05","20:00"," ","-18,30","","-24,40","","61,00","","9,00","","23,00","","24,10","","103,15","","","","-29,00","","Généralement dégagé"
"1974-05-05 21:00","1974","05","05","21:00"," ","-18,30","","-24,40","","61,00","","12,00","","24,00","","24,10","","103,13","","","","-29,00","","Généralement dégagé"
"1974-05-05 22:00","1974","05","05","22:00"," ","-18,30","","-23,90","","62,00","","11,00","","27,00","","24,10","","103,09","","","","-30,00","","Généralement nuageux"
"1974-05-05 23:00","1974","05","05","23:00"," ","-18,30","","-23,90","","62,00","","11,00","","27,00","","24,10","","103,03","","","","-30,00","","Généralement dégagé"
"1974-05-06 00:00","1974","05","06","00:00"," ","-17,80","","-23,30","","63,00","","11,00","","24,00","","24,10","","103,00","","","","-29,00","","Généralement nuageux"
"1974-05-06 01:00","1974","05","06","01:00"," ","-18,30","","-23,90","","62,00","","10,00","","27,00","","24,10","","102,95","","","","-30,00","","Généralement nuageux"
"1974-05-06 02:00","1974","05","06","02:00"," ","-18,30","","-23,90","","62,00","","9,00","","31,00","","24,10","","102,91","","","","-31,00","","Généralement nuageux"
"1974-05-06 03:00","1974","05","06","03:00"," ","-17,80","","-22,80","","66,00","","9,00","","32,00","","16,10","","102,82","","","","-30,00","","Généralement nuageux"
"1974-05-06 04:00","1974","05","06","04:00"," ","-17,80","","-22,20","","66,00","","9,00","","23,00","","1,60","","102,74","","","","-28,00","","Brouillard de glace"
"1974-05-06 05:00","1974","05","06","05:00"," ","-17,20","","-22,20","","67,00","","8,00","","31,00","","1,60","","102,67","","","","-29,00","","Brouillard de glace"
"1974-05-06 06:00","1974","05","06","06:00"," ","-16,70","","-21,10","","68,00","","8,00","","29,00","","1,60","","102,63","","","","-28,00","","Brouillard de glace"
"1974-05-06 07:00","1974","05","06","07:00"," ","-16,10","","-21,10","","66,00","","8,00","","23,00","","1,60","","102,58","","","","-26,00","","Brouillard de glace"
"1974-05-06 08:00","1974","05","06","08:00"," ","-14,40","","-18,90","","70,00","","10,00","","32,00","","0,80","","102,49","","","","-26,00","","Poudrerie élevée"
"1974-05-06 09:00","1974","05","06","09:00"," ","-13,30","","-17,20","","71,00","","10,00","","29,00","","0,80","","102,46","","","","-24,00","","Poudrerie élevée"
"1974-05-06 10:00","1974","05","06","10:00"," ","-12,80","","-16,70","","72,00","","11,00","","29,00","","0,40","","102,37","","","","-23,00","","Poudrerie élevée"
"1974-05-06 11:00","1974","05","06","11:00"," ","-11,10","","-16,10","","68,00","","10,00","","31,00","","0,40","","102,33","","","","-21,00","","Poudrerie élevée"
"1974-05-06 12:00","1974","05","06","12:00"," ","-10,60","","-13,90","","76,00","","12,00","","29,00","","0,40","","102,27","","","","-20,00","","Poudrerie élevée"
"1974-05-06 13:00","1974","05","06","13:00"," ","-8,90","","-12,80","","75,00","","10,00","","32,00","","6,40","","102,22","","","","-18,00","","Poudrerie élevée"
"1974-05-06 14:00","1974","05","06","14:00"," ","-7,80","","-11,10","","76,00","","11,00","","32,00","","16,10","","102,14","","","","-17,00","","Nuageux"
"1974-05-06 15:00","1974","05","06","15:00"," ","-6,70","","-10,60","","74,00","","11,00","","37,00","","16,10","","102,11","","","","-16,00","","Nuageux"
"1974-05-06 16:00","1974","05","06","16:00"," ","-6,10","","-10,60","","73,00","","12,00","","39,00","","16,10","","102,05","","","","-15,00","","Nuageux"
"1974-05-06 17:00","1974","05","06","17:00"," ","-6,10","","-10,00","","75,00","","12,00","","32,00","","16,10","","102,05","","","","-15,00","","Nuageux"
"1974-05-06 18:00","1974","05","06","18:00"," ","-6,10","","-9,40","","75,00","","12,00","","32,00","","16,10","","102,05","","","","-15,00","","Nuageux"
"1974-05-06 19:00","1974","05","06","19:00"," ","-5,60","","-9,40","","75,00","","13,00","","21,00","","16,10","","102,10","","","","-12,00","","Nuageux"
"1974-05-06 20:00","1974","05","06","20:00"," ","-5,60","","-9,40","","75,00","","13,00","","19,00","","12,90","","102,10","","","","-12,00","","Neige"
"1974-05-06 21:00","1974","05","06","21:00"," ","-6,10","","-9,40","","77,00","","12,00","","29,00","","0,80","","102,05","","","","-14,00","","Neige,Poudrerie élevée"
"1974-05-06 22:00","1974","05","06","22:00"," ","-6,10","","-9,40","","77,00","","12,00","","29,00","","1,20","","102,06","","","","-14,00","","Neige,Poudrerie élevée"
"1974-05-06 23:00","1974","05","06","23:00"," ","-6,70","","-10,00","","77,00","","12,00","","27,00","","2,40","","102,07","","","","-15,00","","Neige,Poudrerie élevée"
"1974-05-07 00:00","1974","05","07","00:00"," ","-6,70","","-10,00","","77,00","","12,00","","26,00","","3,20","","102,07","","","","-15,00","","Neige"
"1974-05-07 01:00","1974","05","07","01:00"," ","-6,70","","-10,00","","78,00","","12,00","","29,00","","1,60","","102,07","","","","-15,00","","Neige"
"1974-05-07 02:00","1974","05","07","02:00"," ","-6,70","","-10,00","","77,00","","12,00","","26,00","","3,20","","102,07","","","","-15,00","","Neige"
"1974-05-07 03:00","1974","05","07","03:00"," ","-6,70","","-10,00","","75,00","","13,00","","26,00","","2,40","","102,07","","","","-15,00","","Neige,Brouillard"
"1974-05-07 04:00","1974","05","07","04:00"," ","-6,70","","-10,00","","77,00","","14,00","","16,00","","12,90","","102,12","","","","-13,00","","Neige"
"1974-05-07 05:00","1974","05","07","05:00"," ","-6,10","","-10,00","","72,00","","13,00","","23,00","","12,90","","102,12","","","","-13,00","","Neige"
"1974-05-07 06:00","1974","05","07","06:00"," ","-6,10","","-10,00","","74,00","","13,00","","23,00","","12,90","","102,14","","","","-13,00","","Nuageux"
"1974-05-07 07:00","1974","05","07","07:00"," ","-6,10","","-9,40","","76,00","","13,00","","19,00","","9,70","","102,18","","","","-13,00","","Brouillard"
"1974-05-07 08:00","1974","05","07","08:00"," ","-5,60","","-9,40","","75,00","","13,00","","16,00","","19,30","","102,20","","","","-12,00","","Nuageux"
"1974-05-07 09:00","1974","05","07","09:00"," ","-5,60","","-9,40","","76,00","","12,00","","21,00","","19,30","","102,21","","","","-12,00","","Nuageux"
"1974-05-07 10:00","1974","05","07","10:00"," ","-5,60","","-8,90","","77,00","","12,00","","21,00","","12,90","","102,26","","","","-12,00","","Neige"
"1974-05-07 11:00","1974","05","07","11:00"," ","-5,00","","-8,90","","77,00","","12,00","","21,00","","12,90","","102,29","","","","-12,00","","Neige"
"1974-05-07 12:00","1974","05","07","12:00"," ","-4,40","","-8,30","","76,00","","13,00","","23,00","","16,10","","102,30","","","","-11,00","","Neige"
"1974-05-07 13:00","1974","05","07","13:00"," ","-3,90","","-7,20","","77,00","","12,00","","19,00","","24,10","","102,34","","","","-10,00","","Nuageux"
"1974-05-07 14:00","1974","05","07","14:00"," ","-3,30","","-6,70","","77,00","","11,00","","14,00","","24,10","","102,35","","","","-8,00","","Nuageux"
"1974-05-07 15:00","1974","05","07","15:00"," ","-2,20","","-6,10","","75,00","","12,00","","14,00","","24,10","","102,35","","","","-7,00","","Nuageux"
"1974-05-07 16:00","1974","05","07","16:00"," ","-2,20","","-6,10","","75,00","","14,00","","18,00","","24,10","","102,35","","","","-8,00","","Nuageux"
"1974-05-07 17:00","1974","05","07","17:00"," ","-1,70","","-6,10","","73,00","","13,00","","16,00","","32,20","","102,39","","","","-7,00","","Nuageux"
"1974-05-07 18:00","1974","05","07","18:00"," ","-2,20","","-5,60","","76,00","","12,00","","13,00","","32,20","","102,41","","","","-7,00","","Généralement nuageux"
"1974-05-07 19:00","1974","05","07","19:00"," ","-3,90","","-7,80","","75,00","","11,00","","19,00","","32,20","","102,43","","","","-10,00","","Généralement nuageux"
"1974-05-07 20:00","1974","05","07","20:00"," ","-3,30","","-6,70","","78,00","","13,00","","13,00","","24,10","","102,45","","","","-8,00","","Nuageux"
"1974-05-07 21:00","1974","05","07","21:00"," ","-3,90","","-6,70","","79,00","","13,00","","19,00","","24,10","","102,48","","","","-10,00","","Nuageux"
"1974-05-07 22:00","1974","05","07","22:00"," ","-3,90","","-7,20","","79,00","","13,00","","18,00","","24,10","","102,51","","","","-10,00","","Nuageux"
"1974-05-07 23:00","1974","05","07","23:00"," ","-4,40","","-7,80","","77,00","","14,00","","13,00","","16,10","","102,55","","","","-9,00","","Nuageux"
"1974-05-08 00:00","1974","05","08","00:00"," ","-4,40","","-7,80","","77,00","","12,00","","13,00","","24,10","","102,55","","","","-9,00","","Nuageux"
"1974-05-08 01:00","1974","05","08","01:00"," ","-4,40","","-7,80","","76,00","","14,00","","13,00","","24,10","","102,59","","","","-9,00","","Nuageux"
"1974-05-08 02:00","1974","05","08","02:00"," ","-5,00","","-8,30","","77,00","","16,00","","21,00","","24,10","","102,60","","","","-12,00","","Nuageux"
"1974-05-08 03:00","1974","05","08","03:00"," ","-5,00","","-8,30","","77,00","","14,00","","16,00","","24,10","","102,60","","","","-11,00","","Nuageux"
"1974-05-08 04:00","1974","05","08","04:00"," ","-5,60","","-8,90","","76,00","","12,00","","18,00","","24,10","","102,61","","","","-12,00","","Nuageux"
"1974-05-08 05:00","1974","05","08","05:00"," ","-5,60","","-8,90","","78,00","","12,00","","19,00","","24,10","","102,62","","","","-12,00","","Nuageux"
"1974-05-08 06:00","1974","05","08","06:00"," ","-6,10","","-8,90","","78,00","","12,00","","21,00","","12,90","","102,62","","","","-13,00","","Nuageux"
"1974-05-08 07:00","1974","05","08","07:00"," ","-6,10","","-8,90","","78,00","","12,00","","26,00","","1,60","","102,62","","","","-14,00","","Bruine verglaçante,Brouillard"
"1974-05-08 08:00","1974","05","08","08:00"," ","-5,60","","-8,30","","79,00","","12,00","","24,00","","1,20","","102,61","","","","-13,00","","Bruine verglaçante,Brouillard"
"1974-05-08 09:00","1974","05","08","09:00"," ","-4,40","","-6,10","","89,00","","13,00","","26,00","","16,10","","102,60","","","","-12,00","","Nuageux"
"1974-05-08 10:00","1974","05","08","10:00"," ","-5,00","","-8,90","","76,00","","13,00","","26,00","","16,10","","102,61","","","","-12,00","","Nuageux"
"1974-05-08 11:00","1974","05","08","11:00"," ","-4,40","","-8,30","","74,00","","13,00","","26,00","","32,20","","102,61","","","","-12,00","","Nuageux"
"1974-05-08 12:00","1974","05","08","12:00"," ","-3,90","","-7,80","","74,00","","13,00","","23,00","","32,20","","102,61","","","","-11,00","","Nuageux"
"1974-05-08 13:00","1974","05","08","13:00"," ","-3,30","","-7,20","","76,00","","14,00","","24,00","","32,20","","102,60","","","","-10,00","","Nuageux"
"1974-05-08 14:00","1974","05","08","14:00"," ","-2,80","","-6,10","","77,00","","14,00","","29,00","","32,20","","102,60","","","","-10,00","","Nuageux"
"1974-05-08 15:00","1974","05","08","15:00"," ","-2,20","","-5,60","","76,00","","15,00","","27,00","","24,10","","102,60","","","","-9,00","","Nuageux"
"1974-05-08 16:00","1974","05","08","16:00"," ","-1,70","","-4,40","","79,00","","14,00","","21,00","","32,20","","102,66","","","","-8,00","","Nuageux"
"1974-05-08 17:00","1974","05","08","17:00"," ","-1,70","","-3,90","","84,00","","14,00","","23,00","","32,20","","102,65","","","","-8,00","","Nuageux"
"1974-05-08 18:00","1974","05","08","18:00"," ","-1,70","","-3,30","","88,00","","15,00","","24,00","","24,10","","102,66","","","","-8,00","","Nuageux"
"1974-05-08 19:00","1974","05","08","19:00"," ","-2,20","","-3,90","","88,00","","14,00","","24,00","","24,10","","102,66","","","","-9,00","","Nuageux"
"1974-05-08 20:00","1974","05","08","20:00"," ","-2,80","","-4,40","","87,00","","13,00","","23,00","","24,10","","102,69","","","","-9,00","","Nuageux"
"1974-05-08 21:00","1974","05","08","21:00"," ","-3,30","","-5,00","","87,00","","13,00","","29,00","","12,90","","102,71","","","","-11,00","","Nuageux"
"1974-05-08 22:00","1974","05","08","22:00"," ","-3,90","","-5,60","","86,00","","12,00","","23,00","","12,90","","102,74","","","","-11,00","","Nuageux"
"1974-05-08 23:00","1974","05","08","23:00"," ","-4,40","","-6,70","","85,00","","12,00","","26,00","","12,90","","102,76","","","","-12,00","","Nuageux"
"1974-05-09 00:00","1974","05","09","00:00"," ","-5,60","","-7,80","","84,00","","12,00","","29,00","","19,30","","102,79","","","","-14,00","","Nuageux"
"1974-05-09 01:00","1974","05","09","01:00"," ","-5,60","","-7,20","","86,00","","10,00","","18,00","","24,10","","102,81","","","","-12,00","","Nuageux"
"1974-05-09 02:00","1974","05","09","02:00"," ","-6,10","","-7,80","","88,00","","11,00","","16,00","","24,10","","102,83","","","","-12,00","","Nuageux"
"1974-05-09 03:00","1974","05","09","03:00"," ","-6,10","","-7,80","","88,00","","12,00","","24,00","","24,10","","102,85","","","","-14,00","","Nuageux"
"1974-05-09 04:00","1974","05","09","04:00"," ","-6,70","","-8,90","","85,00","","12,00","","16,00","","12,90","","102,86","","","","-13,00","","Nuageux"
"1974-05-09 05:00","1974","05","09","05:00"," ","-6,70","","-8,30","","87,00","","11,00","","23,00","","12,90","","102,84","","","","-14,00","","Nuageux"
"1974-05-09 06:00","1974","05","09","06:00"," ","-6,10","","-7,80","","88,00","","11,00","","21,00","","12,90","","102,82","","","","-13,00","","Nuageux"
"1974-05-09 07:00","1974","05","09","07:00"," ","-5,60","","-7,80","","85,00","","12,00","","24,00","","12,90","","102,81","","","","-13,00","","Nuageux"
"1974-05-09 08:00","1974","05","09","08:00"," ","-5,60","","-7,80","","85,00","","13,00","","23,00","","32,20","","102,79","","","","-13,00","","Nuageux"
"1974-05-09 09:00","1974","05","09","09:00"," ","-5,60","","-7,80","","85,00","","13,00","","23,00","","32,20","","102,77","","","","-13,00","","Nuageux"
"1974-05-09 10:00","1974","05","09","10:00"," ","-5,60","","-7,80","","86,00","","14,00","","23,00","","32,20","","102,77","","","","-13,00","","Nuageux"
"1974-05-09 11:00","1974","05","09","11:00"," ","-3,90","","-6,70","","82,00","","13,00","","19,00","","32,20","","102,77","","","","-10,00","","Généralement nuageux"
"1974-05-09 12:00","1974","05","09","12:00"," ","-3,30","","-6,10","","82,00","","14,00","","23,00","","32,20","","102,76","","","","-10,00","","Généralement nuageux"
"1974-05-09 13:00","1974","05","09","13:00"," ","-2,20","","-5,00","","81,00","","14,00","","21,00","","32,20","","102,75","","","","-8,00","","Généralement dégagé"
"1974-05-09 14:00","1974","05","09","14:00"," ","-1,10","","-3,90","","82,00","","13,00","","27,00","","32,20","","102,75","","","","-8,00","","Généralement dégagé"
"1974-05-09 15:00","1974","05","09","15:00"," ","0,00","","-2,20","","84,00","","12,00","","21,00","","24,10","","102,76","","","","-5,00","","Généralement dégagé"
"1974-05-09 16:00","1974","05","09","16:00"," ","0,00","","-1,70","","86,00","","12,00","","26,00","","32,20","","102,75","","","","-6,00","","Généralement dégagé"
"1974-05-09 17:00","1974","05","09","17:00"," ","0,60","","-1,70","","83,00","","11,00","","24,00","","32,20","","102,75","","","","","","Généralement dégagé"
"1974-05-09 18:00","1974","05","09","18:00"," ","0,00","","-2,20","","86,00","","11,00","","24,00","","32,20","","102,71","","","","-6,00","","Généralement dégagé"
"1974-05-09 19:00","1974","05","09","19:00"," ","-0,60","","-2,20","","86,00","","11,00","","29,00","","32,20","","102,70","","","","-7,00","","Généralement dégagé"
"1974-05-09 20:00","1974","05","09","20:00"," ","-1,10","","-3,30","","85,00","","11,00","","24,00","","32,20","","102,70","","","","-7,00","","Généralement nuageux"
"1974-05-09 21:00","1974","05","09","21:00"," ","-2,80","","-5,60","","83,00","","11,00","","21,00","","32,20","","102,72","","","","-9,00","","Généralement dégagé"
"1974-05-09 22:00","1974","05","09","22:00"," ","-2,80","","-5,60","","81,00","","10,00","","18,00","","32,20","","102,72","","","","-8,00","","Généralement dégagé"
"1974-05-09 23:00","1974","05","09","23:00"," ","-2,80","","-5,60","","80,00","","11,00","","23,00","","32,20","","102,74","","","","-9,00","","Généralement dégagé"
"1974-05-10 00:00","1974","05","10","00:00"," ","-6,10","","-8,30","","84,00","","8,00","","23,00","","24,10","","102,79","","","","-13,00","","Généralement dégagé"
"1974-05-10 01:00","1974","05","10","01:00"," ","-5,00","","-7,20","","85,00","","9,00","","29,00","","24,10","","102,77","","","","-13,00","","Généralement dégagé"
"1974-05-10 02:00","1974","05","10","02:00"," ","-5,00","","-7,20","","83,00","","11,00","","26,00","","24,10","","102,76","","","","-12,00","","Dégagé"
"1974-05-10 03:00","1974","05","10","03:00"," ","-5,00","","-7,80","","83,00","","11,00","","23,00","","12,90","","102,78","","","","-12,00","","Dégagé"
"1974-05-10 04:00","1974","05","10","04:00"," ","-6,10","","-8,90","","82,00","","11,00","","16,00","","12,90","","102,78","","","","-12,00","","Dégagé"
"1974-05-10 05:00","1974","05","10","05:00"," ","-6,70","","-9,40","","83,00","","10,00","","18,00","","0,80","","102,79","","","","-13,00","","Brouillard"
"1974-05-10 06:00","1974","05","10","06:00"," ","-7,20","","-9,40","","84,00","","11,00","","19,00","","0,80","","102,80","","","","-14,00","","Brouillard"
"1974-05-10 07:00","1974","05","10","07:00"," ","-6,70","","-8,90","","83,00","","12,00","","14,00","","0,40","","102,79","","","","-12,00","","Brouillard"
"1974-05-10 08:00","1974","05","10","08:00"," ","-6,10","","-8,30","","86,00","","12,00","","21,00","","1,60","","102,76","","","","-13,00","","Neige en grains,Brouillard"
"1974-05-10 09:00","1974","05","10","09:00"," ","-6,10","","-8,30","","85,00","","12,00","","21,00","","24,10","","102,75","","","","-13,00","","Nuageux"
"1974-05-10 10:00","1974","05","10","10:00"," ","-6,10","","-7,80","","85,00","","12,00","","24,00","","16,10","","102,75","","","","-14,00","","Nuageux"
"1974-05-10 11:00","1974","05","10","11:00"," ","-5,60","","-7,20","","86,00","","12,00","","24,00","","1,60","","102,75","","","","-13,00","","Brouillard"
"1974-05-10 12:00","1974","05","10","12:00"," ","-4,40","","-6,10","","87,00","","12,00","","23,00","","4,80","","102,75","","","","-11,00","","Brouillard"
"1974-05-10 13:00","1974","05","10","13:00"," ","-3,30","","-5,60","","88,00","","11,00","","21,00","","24,10","","102,75","","","","-10,00","","Nuageux"
"1974-05-10 14:00","1974","05","10","14:00"," ","-2,80","","-4,40","","89,00","","12,00","","24,00","","4,00","","102,71","","","","-9,00","","Brouillard"
"1974-05-10 15:00","1974","05","10","15:00"," ","-2,20","","-3,90","","88,00","","11,00","","16,00","","24,10","","102,70","","","","-7,00","","Généralement nuageux"
"1974-05-10 16:00","1974","05","10","16:00"," ","-1,70","","-3,90","","87,00","","11,00","","11,00","","32,20","","102,72","","","","-6,00","","Généralement dégagé"
"1974-05-10 17:00","1974","05","10","17:00"," ","-1,10","","-3,30","","85,00","","12,00","","13,00","","32,20","","102,72","","","","-5,00","","Généralement dégagé"
"1974-05-10 18:00","1974","05","10","18:00"," ","-1,10","","-3,30","","86,00","","11,00","","14,00","","32,20","","102,72","","","","-6,00","","Généralement dégagé"
"1974-05-10 19:00","1974","05","10","19:00"," ","-1,10","","-3,90","","83,00","","11,00","","16,00","","32,20","","102,70","","","","-6,00","","Généralement dégagé"
"1974-05-10 20:00","1974","05","10","20:00"," ","-2,20","","-4,40","","83,00","","11,00","","18,00","","32,20","","102,69","","","","-8,00","","Généralement dégagé"
"1974-05-10 21:00","1974","05","10","21:00"," ","-2,20","","-5,00","","83,00","","11,00","","19,00","","32,20","","102,67","","","","-8,00","","Généralement dégagé"
"1974-05-10 22:00","1974","05","10","22:00"," ","-2,80","","-5,60","","80,00","","11,00","","21,00","","32,20","","102,66","","","","-9,00","","Généralement dégagé"
"1974-05-10 23:00","1974","05","10","23:00"," ","-5,00","","-7,20","","83,00","","10,00","","13,00","","32,20","","102,67","","","","-10,00","","Généralement dégagé"
"1974-05-11 00:00","1974","05","11","00:00"," ","-5,00","","-7,80","","81,00","","10,00","","8,00","","32,20","","102,69","","","","-9,00","","Généralement dégagé"
"1974-05-11 01:00","1974","05","11","01:00"," ","-6,70","","-10,00","","79,00","","8,00","","13,00","","24,10","","102,68","","","","-12,00","","Dégagé"
"1974-05-11 02:00","1974","05","11","02:00"," ","-8,30","","-11,10","","79,00","","8,00","","10,00","","24,10","","102,69","","","","-13,00","","Dégagé"
"1974-05-11 03:00","1974","05","11","03:00"," ","-9,40","","-12,20","","82,00","","9,00","","13,00","","24,10","","102,71","","","","-15,00","","Dégagé"
"1974-05-11 04:00","1974","05","11","04:00"," ","-10,60","","-12,80","","84,00","","7,00","","16,00","","24,10","","102,72","","","","-18,00","","Dégagé"
"1974-05-11 05:00","1974","05","11","05:00"," ","-10,60","","-12,20","","86,00","","9,00","","16,00","","1,60","","102,74","","","","-18,00","","Brouillard"
"1974-05-11 06:00","1974","05","11","06:00"," ","-9,40","","-11,10","","87,00","","9,00","","11,00","","0,80","","102,74","","","","-15,00","","Brouillard"
"1974-05-11 07:00","1974","05","11","07:00"," ","-9,40","","-10,60","","90,00","","11,00","","16,00","","0,80","","102,74","","","","-16,00","","Brouillard"
"1974-05-11 08:00","1974","05","11","08:00"," ","-8,90","","-10,00","","92,00","","12,00","","13,00","","1,20","","102,74","","","","-15,00","","Brouillard"
"1974-05-11 09:00","1974","05","11","09:00"," ","-8,30","","-10,00","","86,00","","12,00","","14,00","","1,20","","102,74","","","","-14,00","","Brouillard"
"1974-05-11 10:00","1974","05","11","10:00"," ","-7,80","","-9,40","","90,00","","12,00","","13,00","","0,40","","102,73","","","","-14,00","","Brouillard"
"1974-05-11 11:00","1974","05","11","11:00"," ","-7,20","","-9,40","","84,00","","12,00","","13,00","","0,60","","102,72","","","","-13,00","","Brouillard"
"1974-05-11 12:00","1974","05","11","12:00"," ","-6,70","","-8,90","","86,00","","13,00","","13,00","","0,60","","102,71","","","","-12,00","","Brouillard"
"1974-05-11 13:00","1974","05","11","13:00"," ","-6,10","","-7,80","","88,00","","13,00","","13,00","","3,20","","102,70","","","","-11,00","","Brouillard"
"1974-05-11 14:00","1974","05","11","14:00"," ","-5,60","","-7,20","","88,00","","13,00","","8,00","","3,20","","102,69","","","","-9,00","","Brouillard"
"1974-05-11 15:00","1974","05","11","15:00"," ","-5,00","","-6,70","","88,00","","12,00","","8,00","","1,60","","102,67","","","","-9,00","","Brouillard"
"1974-05-11 16:00","1974","05","11","16:00"," ","-5,00","","-7,20","","86,00","","12,00","","5,00","","0,80","","102,66","","","","-7,00","","Brouillard"
"1974-05-11 17:00","1974","05","11","17:00"," ","-5,00","","-6,70","","85,00","","13,00","","5,00","","0,80","","102,65","","","","-7,00","","Brouillard"
"1974-05-11 18:00","1974","05","11","18:00"," ","-5,00","","-7,20","","84,00","","0,00","","0,00","","0,20","","102,63","","","","","","Brouillard"
"1974-05-11 19:00","1974","05","11","19:00"," ","-5,00","","-7,80","","84,00","","0,00","","0,00","","0,20","","102,62","","","","","","Brouillard"
"1974-05-11 20:00","1974","05","11","20:00"," ","-6,10","","-8,30","","81,00","","0,00","","0,00","","0,00","","102,60","","","","","","Brouillard"
"1974-05-11 21:00","1974","05","11","21:00"," ","-6,70","","-8,90","","82,00","","0,00","","0,00","","0,20","","102,56","","","","","","Brouillard"
"1974-05-11 22:00","1974","05","11","22:00"," ","-7,20","","-10,60","","78,00","","0,00","","0,00","","0,20","","102,55","","","","","","Brouillard"
"1974-05-11 23:00","1974","05","11","23:00"," ","-9,40","","-12,80","","74,00","","0,00","","0,00","","0,80","","102,52","","","","","","Brouillard"
"1974-05-12 00:00","1974","05","12","00:00"," ","-10,60","","-14,40","","73,00","","35,00","","8,00","","4,80","","102,52","","","","-15,00","","Brouillard"
"1974-05-12 01:00","1974","05","12","01:00"," ","-11,70","","-14,40","","78,00","","34,00","","10,00","","0,40","","102,49","","","","-17,00","","Brouillard"
"1974-05-12 02:00","1974","05","12","02:00"," ","-12,20","","-15,00","","81,00","","35,00","","13,00","","8,00","","102,47","","","","-19,00","","Brouillard"
"1974-05-12 03:00","1974","05","12","03:00"," ","-12,80","","-16,10","","77,00","","35,00","","14,00","","24,10","","102,43","","","","-20,00","","Généralement dégagé"
"1974-05-12 04:00","1974","05","12","04:00"," ","-13,90","","-16,70","","79,00","","33,00","","10,00","","24,10","","102,43","","","","-20,00","","Généralement dégagé"
"1974-05-12 05:00","1974","05","12","05:00"," ","-13,30","","-16,10","","79,00","","0,00","","0,00","","24,10","","102,42","","","","","","Généralement dégagé"
"1974-05-12 06:00","1974","05","12","06:00"," ","-13,90","","-16,10","","84,00","","34,00","","11,00","","24,10","","102,41","","","","-20,00","","Généralement dégagé"
"1974-05-12 07:00","1974","05","12","07:00"," ","-11,70","","-13,90","","80,00","","0,00","","0,00","","24,10","","102,40","","","","","","Généralement dégagé"
"1974-05-12 08:00","1974","05","12","08:00"," ","-10,00","","-12,80","","82,00","","0,00","","0,00","","12,90","","102,39","","","","","","Généralement dégagé"
"1974-05-12 09:00","1974","05","12","09:00"," ","-8,90","","-10,60","","89,00","","0,00","","0,00","","16,10","","102,34","","","","","","Généralement dégagé"
"1974-05-12 10:00","1974","05","12","10:00"," ","-8,30","","-10,60","","83,00","","0,00","","0,00","","19,30","","102,30","","","","","","Généralement dégagé"
"1974-05-12 11:00","1974","05","12","11:00"," ","-6,70","","-8,30","","85,00","","0,00","","0,00","","32,20","","102,27","","","","","","Généralement dégagé"
"1974-05-12 12:00","1974","05","12","12:00"," ","-5,00","","-7,20","","84,00","","0,00","","0,00","","32,20","","102,24","","","","","","Généralement dégagé"
"1974-05-12 13:00","1974","05","12","13:00"," ","-3,30","","-5,00","","89,00","","0,00","","0,00","","32,20","","102,21","","","","","","Généralement dégagé"
"1974-05-12 14:00","1974","05","12","14:00"," ","-2,20","","-3,90","","86,00","","0,00","","0,00","","32,20","","102,18","","","","","","Généralement dégagé"
"1974-05-12 15:00","1974","05","12","15:00"," ","-1,10","","-3,90","","81,00","","34,00","","6,00","","32,20","","102,16","","","","-3,00","","Généralement dégagé"
"1974-05-12 16:00","1974","05","12","16:00"," ","-0,60","","-3,30","","80,00","","34,00","","13,00","","32,20","","102,14","","","","-5,00","","Généralement dégagé"
"1974-05-12 17:00","1974","05","12","17:00"," ","-0,60","","-3,30","","80,00","","34,00","","18,00","","32,20","","102,11","","","","-6,00","","Généralement dégagé"
"1974-05-12 18:00","1974","05","12","18:00"," ","-1,10","","-3,90","","80,00","","35,00","","21,00","","32,20","","102,10","","","","-7,00","","Dégagé"
"1974-05-12 19:00","1974","05","12","19:00"," ","-2,80","","-5,60","","81,00","","35,00","","21,00","","32,20","","102,10","","","","-9,00","","Dégagé"
"1974-05-12 20:00","1974","05","12","20:00"," ","-3,30","","-6,10","","80,00","","35,00","","24,00","","32,20","","102,09","","","","-10,00","","Dégagé"
"1974-05-12 21:00","1974","05","12","21:00"," ","-4,40","","-7,80","","79,00","","36,00","","23,00","","32,20","","102,06","","","","-11,00","","Dégagé"
"1974-05-12 22:00","1974","05","12","22:00"," ","-5,00","","-7,80","","79,00","","36,00","","23,00","","24,10","","102,05","","","","-12,00","","Dégagé"
"1974-05-12 23:00","1974","05","12","23:00"," ","-6,70","","-9,40","","80,00","","36,00","","24,00","","24,10","","102,05","","","","-14,00","","Dégagé"
"1974-05-13 00:00","1974","05","13","00:00"," ","-6,70","","-10,00","","78,00","","36,00","","23,00","","24,10","","102,00","","","","-14,00","","Dégagé"
"1974-05-13 01:00","1974","05","13","01:00"," ","-6,10","","-10,00","","76,00","","36,00","","23,00","","24,10","","102,00","","","","-13,00","","Dégagé"
"1974-05-13 02:00","1974","05","13","02:00"," ","-8,30","","-11,10","","80,00","","36,00","","24,00","","24,10","","102,00","","","","-16,00","","Dégagé"
"1974-05-13 03:00","1974","05","13","03:00"," ","-10,00","","-13,30","","74,00","","35,00","","24,00","","24,10","","102,01","","","","-19,00","","Dégagé"
"1974-05-13 04:00","1974","05","13","04:00"," ","-7,80","","-10,00","","85,00","","1,00","","24,00","","24,10","","102,02","","","","-16,00","","Dégagé"
"1974-05-13 05:00","1974","05","13","05:00"," ","-7,80","","-11,10","","77,00","","1,00","","21,00","","16,10","","102,05","","","","-15,00","","Généralement dégagé"
"1974-05-13 06:00","1974","05","13","06:00"," ","-7,80","","-9,40","","85,00","","4,00","","21,00","","16,10","","102,07","","","","-15,00","","Généralement dégagé"
"1974-05-13 07:00","1974","05","13","07:00"," ","-8,90","","-11,70","","81,00","","36,00","","18,00","","24,10","","102,07","","","","-16,00","","Dégagé"
"1974-05-13 08:00","1974","05","13","08:00"," ","-7,20","","-10,00","","81,00","","1,00","","18,00","","16,10","","102,09","","","","-14,00","","Dégagé"
"1974-05-13 09:00","1974","05","13","09:00"," ","-6,10","","-8,90","","78,00","","1,00","","16,00","","16,10","","102,08","","","","-12,00","","Dégagé"
"1974-05-13 10:00","1974","05","13","10:00"," ","-4,40","","-6,70","","83,00","","35,00","","14,00","","19,30","","102,06","","","","-10,00","","Dégagé"
"1974-05-13 11:00","1974","05","13","11:00"," ","-2,20","","-6,10","","76,00","","36,00","","10,00","","19,30","","102,04","","","","-6,00","","Dégagé"
"1974-05-13 12:00","1974","05","13","12:00"," ","-1,10","","-5,00","","77,00","","36,00","","16,00","","19,30","","102,03","","","","-6,00","","Dégagé"
"1974-05-13 13:00","1974","05","13","13:00"," ","-0,60","","-3,90","","80,00","","35,00","","11,00","","32,20","","102,02","","","","-4,00","","Dégagé"
"1974-05-13 14:00","1974","05","13","14:00"," ","0,00","","-3,30","","79,00","","34,00","","13,00","","32,20","","102,02","","","","-4,00","","Dégagé"
"1974-05-13 15:00","1974","05","13","15:00"," ","1,10","","-2,80","","77,00","","36,00","","18,00","","32,20","","101,99","","","","","","Dégagé"
"1974-05-13 16:00","1974","05","13","16:00"," ","1,70","","-2,20","","76,00","","36,00","","26,00","","32,20","","102,01","","","","","","Dégagé"
"1974-05-13 17:00","1974","05","13","17:00"," ","1,10","","-2,20","","79,00","","36,00","","21,00","","32,20","","102,01","","","","","","Dégagé"
"1974-05-13 18:00","1974","05","13","18:00"," ","1,70","","-2,20","","74,00","","36,00","","21,00","","32,20","","101,97","","","","","","Dégagé"
"1974-05-13 19:00","1974","05","13","19:00"," ","-0,60","","-2,80","","82,00","","35,00","","19,00","","32,20","","101,98","","","","-6,00","","Dégagé"
"1974-05-13 20:00","1974","05","13","20:00"," ","-1,70","","-4,40","","80,00","","36,00","","19,00","","32,20","","102,00","","","","-7,00","","Dégagé"
"1974-05-13 21:00","1974","05","13","21:00"," ","-3,30","","-6,70","","80,00","","36,00","","19,00","","32,20","","102,00","","","","-9,00","","Dégagé"
"1974-05-13 22:00","1974","05","13","22:00"," ","-2,80","","-6,10","","79,00","","1,00","","21,00","","24,10","","101,97","","","","-9,00","","Dégagé"
"1974-05-13 23:00","1974","05","13","23:00"," ","-3,30","","-6,70","","79,00","","2,00","","21,00","","24,10","","101,96","","","","-10,00","","Dégagé"
"1974-05-14 00:00","1974","05","14","00:00"," ","-3,90","","-6,70","","78,00","","2,00","","24,00","","24,10","","101,93","","","","-11,00","","Généralement dégagé"
"1974-05-14 01:00","1974","05","14","01:00"," ","-4,40","","-7,80","","76,00","","2,00","","24,00","","24,10","","101,95","","","","-11,00","","Dégagé"
"1974-05-14 02:00","1974","05","14","02:00"," ","-4,40","","-8,30","","76,00","","2,00","","24,00","","24,10","","101,94","","","","-11,00","","Dégagé"
"1974-05-14 03:00","1974","05","14","03:00"," ","-5,60","","-8,90","","77,00","","2,00","","27,00","","24,10","","101,95","","","","-13,00","","Généralement dégagé"
"1974-05-14 04:00","1974","05","14","04:00"," ","-5,60","","-9,40","","76,00","","2,00","","29,00","","24,10","","101,95","","","","-14,00","","Généralement dégagé"
"1974-05-14 05:00","1974","05","14","05:00"," ","-5,60","","-9,40","","75,00","","2,00","","27,00","","24,10","","101,97","","","","-13,00","","Généralement dégagé"
"1974-05-14 06:00","1974","05","14","06:00"," ","-5,00","","-8,90","","73,00","","1,00","","26,00","","24,10","","101,98","","","","-12,00","","Généralement dégagé"
"1974-05-14 07:00","1974","05","14","07:00"," ","-3,90","","-8,30","","73,00","","1,00","","24,00","","24,10","","101,98","","","","-11,00","","Généralement dégagé"
"1974-05-14 08:00","1974","05","14","08:00"," ","-3,30","","-7,80","","72,00","","1,00","","26,00","","32,20","","102,01","","","","-10,00","","Généralement nuageux"
"1974-05-14 09:00","1974","05","14","09:00"," ","-2,80","","-7,20","","74,00","","36,00","","26,00","","32,20","","102,00","","","","-10,00","","Nuageux"
"1974-05-14 10:00","1974","05","14","10:00"," ","-1,70","","-5,60","","74,00","","36,00","","23,00","","32,20","","101,99","","","","-8,00","","Nuageux"
"1974-05-14 11:00","1974","05","14","11:00"," ","0,00","","-4,40","","73,00","","1,00","","21,00","","32,20","","101,97","","","","-5,00","","Nuageux"
"1974-05-14 12:00","1974","05","14","12:00"," ","0,60","","-3,30","","74,00","","1,00","","16,00","","32,20","","101,95","","","","","","Nuageux"
"1974-05-14 13:00","1974","05","14","13:00"," ","1,70","","-2,20","","76,00","","1,00","","21,00","","32,20","","101,95","","","","","","Nuageux"
"1974-05-14 14:00","1974","05","14","14:00"," ","2,20","","-1,70","","75,00","","1,00","","14,00","","32,20","","101,92","","","","","","Nuageux"
"1974-05-14 15:00","1974","05","14","15:00"," ","2,80","","-1,10","","76,00","","2,00","","14,00","","32,20","","101,92","","","","","","Nuageux"
"1974-05-14 16:00","1974","05","14","16:00"," ","2,80","","-1,10","","77,00","","2,00","","18,00","","32,20","","101,93","","","","","","Nuageux"
"1974-05-14 17:00","1974","05","14","17:00"," ","2,80","","-1,10","","76,00","","2,00","","19,00","","32,20","","101,91","","","","","","Nuageux"
"1974-05-14 18:00","1974","05","14","18:00"," ","2,20","","-1,10","","78,00","","2,00","","19,00","","32,20","","101,89","","","","","","Nuageux"
"1974-05-14 19:00","1974","05","14","19:00"," ","2,20","","-1,10","","79,00","","2,00","","18,00","","32,20","","101,93","","","","","","Nuageux"
"1974-05-14 20:00","1974","05","14","20:00"," ","1,70","","-1,70","","79,00","","2,00","","11,00","","32,20","","101,93","","","","","","Nuageux"
"1974-05-14 21:00","1974","05","14","21:00"," ","1,70","","-1,70","","77,00","","5,00","","21,00","","32,20","","101,92","","","","","","Nuageux"
"1974-05-14 22:00","1974","05","14","22:00"," ","1,70","","-2,20","","75,00","","4,00","","21,00","","24,10","","101,92","","","","","","Généralement nuageux"
"1974-05-14 23:00","1974","05","14","23:00"," ","1,10","","-2,20","","79,00","","3,00","","19,00","","24,10","","101,92","","","","","","Nuageux"
"1974-05-15 00:00","1974","05","15","00:00"," ","0,00","","-2,80","","80,00","","2,00","","19,00","","24,10","","101,88","","","","-5,00","","Nuageux"
"1974-05-15 01:00","1974","05","15","01:00"," ","0,00","","-3,90","","75,00","","3,00","","23,00","","24,10","","101,86","","","","-6,00","","Généralement nuageux"
"1974-05-15 02:00","1974","05","15","02:00"," ","-1,10","","-5,00","","76,00","","3,00","","26,00","","24,10","","101,87","","","","-7,00","","Généralement nuageux"
"1974-05-15 03:00","1974","05","15","03:00"," ","-2,20","","-6,10","","75,00","","2,00","","27,00","","24,10","","101,87","","","","-9,00","","Généralement dégagé"
"1974-05-15 04:00","1974","05","15","04:00"," ","-2,20","","-6,10","","74,00","","3,00","","32,00","","24,10","","101,85","","","","-10,00","","Généralement dégagé"
"1974-05-15 05:00","1974","05","15","05:00"," ","-2,20","","-6,10","","74,00","","3,00","","27,00","","24,10","","101,84","","","","-9,00","","Généralement dégagé"
"1974-05-15 06:00","1974","05","15","06:00"," ","-2,20","","-6,10","","74,00","","3,00","","27,00","","32,20","","101,85","","","","-9,00","","Généralement dégagé"
"1974-05-15 07:00","1974","05","15","07:00"," ","-1,10","","-5,60","","73,00","","2,00","","24,00","","32,20","","101,86","","","","-7,00","","Généralement nuageux"
"1974-05-15 08:00","1974","05","15","08:00"," ","0,00","","-4,40","","72,00","","3,00","","23,00","","32,20","","101,89","","","","-6,00","","Généralement nuageux"
"1974-05-15 09:00","1974","05","15","09:00"," ","0,60","","-3,30","","73,00","","4,00","","23,00","","32,20","","101,89","","","","","","Généralement nuageux"
"1974-05-15 10:00","1974","05","15","10:00"," ","1,70","","-3,30","","69,00","","4,00","","26,00","","32,20","","101,87","","","","","","Généralement nuageux"
"1974-05-15 11:00","1974","05","15","11:00"," ","2,20","","-2,80","","71,00","","2,00","","23,00","","32,20","","101,86","","","","","","Généralement nuageux"
"1974-05-15 12:00","1974","05","15","12:00"," ","2,80","","-2,20","","72,00","","2,00","","19,00","","32,20","","101,84","","","","","","Généralement nuageux"
"1974-05-15 13:00","1974","05","15","13:00"," ","2,80","","-1,70","","72,00","","2,00","","23,00","","32,20","","101,84","","","","","","Généralement nuageux"
"1974-05-15 14:00","1974","05","15","14:00"," ","3,30","","-2,20","","69,00","","2,00","","26,00","","32,20","","101,84","","","","","","Généralement nuageux"
"1974-05-15 15:00","1974","05","15","15:00"," ","2,80","","-1,70","","73,00","","2,00","","24,00","","32,20","","101,82","","","","","","Généralement nuageux"
"1974-05-15 16:00","1974","05","15","16:00"," ","2,80","","-1,70","","71,00","","2,00","","19,00","","32,20","","101,86","","","","","","Nuageux"
"1974-05-15 17:00","1974","05","15","17:00"," ","2,80","","-1,70","","74,00","","1,00","","23,00","","32,20","","101,89","","","","","","Nuageux"
"1974-05-15 18:00","1974","05","15","18:00"," ","1,70","","-1,70","","77,00","","1,00","","26,00","","32,20","","101,89","","","","","","Nuageux"
"1974-05-15 19:00","1974","05","15","19:00"," ","1,70","","-2,20","","77,00","","1,00","","29,00","","32,20","","101,89","","","","","","Nuageux"
"1974-05-15 20:00","1974","05","15","20:00"," ","1,10","","-2,20","","78,00","","1,00","","29,00","","32,20","","101,90","","","","","","Nuageux"
"1974-05-15 21:00","1974","05","15","21:00"," ","0,60","","-2,80","","79,00","","36,00","","24,00","","32,20","","101,93","","","","","","Généralement nuageux"
"1974-05-15 22:00","1974","05","15","22:00"," ","-0,60","","-3,90","","80,00","","36,00","","26,00","","32,20","","101,93","","","","-7,00","","Généralement nuageux"
"1974-05-15 23:00","1974","05","15","23:00"," ","-1,70","","-4,40","","79,00","","1,00","","23,00","","24,10","","101,94","","","","-8,00","","Généralement nuageux"
"1974-05-16 00:00","1974","05","16","00:00"," ","-3,30","","-6,10","","80,00","","36,00","","24,00","","32,20","","101,93","","","","-10,00","","Généralement nuageux"
"1974-05-16 01:00","1974","05","16","01:00"," ","-3,90","","-6,70","","78,00","","36,00","","26,00","","32,20","","101,95","","","","-11,00","","Généralement dégagé"
"1974-05-16 02:00","1974","05","16","02:00"," ","-5,00","","-8,30","","78,00","","36,00","","26,00","","32,20","","101,96","","","","-12,00","","Généralement dégagé"
"1974-05-16 03:00","1974","05","16","03:00"," ","-5,60","","-8,90","","78,00","","36,00","","31,00","","32,20","","101,98","","","","-14,00","","Généralement dégagé"
"1974-05-16 04:00","1974","05","16","04:00"," ","-5,60","","-8,90","","76,00","","36,00","","32,00","","32,20","","101,98","","","","-14,00","","Généralement dégagé"
"1974-05-16 05:00","1974","05","16","05:00"," ","-6,10","","-9,40","","76,00","","36,00","","29,00","","32,20","","102,00","","","","-14,00","","Généralement dégagé"
"1974-05-16 06:00","1974","05","16","06:00"," ","-5,00","","-8,90","","72,00","","36,00","","32,00","","32,20","","102,02","","","","-13,00","","Généralement dégagé"
"1974-05-16 07:00","1974","05","16","07:00"," ","-4,40","","-8,30","","73,00","","36,00","","34,00","","32,20","","102,04","","","","-13,00","","Généralement dégagé"
"1974-05-16 08:00","1974","05","16","08:00"," ","-3,90","","-7,80","","73,00","","35,00","","31,00","","32,20","","102,07","","","","-12,00","","Généralement dégagé"
"1974-05-16 09:00","1974","05","16","09:00"," ","-2,80","","-6,70","","76,00","","35,00","","27,00","","32,20","","102,11","","","","-10,00","","Généralement dégagé"
"1974-05-16 10:00","1974","05","16","10:00"," ","-1,70","","-5,60","","76,00","","35,00","","35,00","","32,20","","102,08","","","","-9,00","","Généralement dégagé"
"1974-05-16 11:00","1974","05","16","11:00"," ","-1,10","","-4,40","","77,00","","35,00","","32,00","","32,20","","102,10","","","","-8,00","","Dégagé"
"1974-05-16 12:00","1974","05","16","12:00"," ","0,00","","-3,90","","75,00","","35,00","","29,00","","32,20","","102,09","","","","-6,00","","Dégagé"
"1974-05-16 13:00","1974","05","16","13:00"," ","0,00","","-3,90","","75,00","","34,00","","29,00","","32,20","","102,09","","","","-6,00","","Dégagé"
"1974-05-16 14:00","1974","05","16","14:00"," ","0,60","","-3,30","","74,00","","33,00","","24,00","","32,20","","102,10","","","","","","Généralement dégagé"
"1974-05-16 15:00","1974","05","16","15:00"," ","0,00","","-3,90","","74,00","","33,00","","24,00","","32,20","","102,08","","","","-6,00","","Généralement dégagé"
"1974-05-16 16:00","1974","05","16","16:00"," ","0,60","","-3,30","","74,00","","33,00","","21,00","","32,20","","102,05","","","","","","Généralement dégagé"
"1974-05-16 17:00","1974","05","16","17:00"," ","0,00","","-3,30","","75,00","","34,00","","23,00","","32,20","","101,99","","","","-6,00","","Généralement dégagé"
"1974-05-16 18:00","1974","05","16","18:00"," ","0,00","","-3,90","","75,00","","35,00","","21,00","","32,20","","101,96","","","","-5,00","","Généralement dégagé"
"1974-05-16 19:00","1974","05","16","19:00"," ","-1,10","","-5,00","","73,00","","36,00","","19,00","","32,20","","101,96","","","","-6,00","","Généralement dégagé"
"1974-05-16 20:00","1974","05","16","20:00"," ","-2,20","","-5,60","","77,00","","2,00","","19,00","","32,20","","101,97","","","","-8,00","","Généralement nuageux"
"1974-05-16 21:00","1974","05","16","21:00"," ","-2,80","","-6,70","","75,00","","1,00","","19,00","","32,20","","102,00","","","","-9,00","","Généralement nuageux"
"1974-05-16 22:00","1974","05","16","22:00"," ","-3,30","","-7,20","","73,00","","1,00","","26,00","","32,20","","102,01","","","","-10,00","","Nuageux"
"1974-05-16 23:00","1974","05","16","23:00"," ","-3,30","","-7,20","","75,00","","3,00","","21,00","","24,10","","102,01","","","","-10,00","","Nuageux"
"1974-05-17 00:00","1974","05","17","00:00"," ","-3,90","","-7,80","","74,00","","3,00","","14,00","","24,10","","102,03","","","","-9,00","","Nuageux"
"1974-05-17 01:00","1974","05","17","01:00"," ","-4,40","","-7,80","","75,00","","5,00","","13,00","","32,20","","102,04","","","","-9,00","","Généralement nuageux"
"1974-05-17 02:00","1974","05","17","02:00"," ","-4,40","","-7,80","","77,00","","1,00","","6,00","","32,20","","102,05","","","","-7,00","","Généralement nuageux"
"1974-05-17 03:00","1974","05","17","03:00"," ","-4,40","","-7,20","","80,00","","35,00","","11,00","","32,20","","102,04","","","","-9,00","","Généralement nuageux"
"1974-05-17 04:00","1974","05","17","04:00"," ","-5,60","","-7,80","","84,00","","34,00","","10,00","","32,20","","102,06","","","","-10,00","","Généralement nuageux"
"1974-05-17 05:00","1974","05","17","05:00"," ","-5,00","","-7,80","","82,00","","33,00","","13,00","","32,20","","102,08","","","","-10,00","","Nuageux"
"1974-05-17 06:00","1974","05","17","06:00"," ","-5,60","","-7,80","","86,00","","33,00","","14,00","","12,90","","102,12","","","","-11,00","","Nuageux"
"1974-05-17 07:00","1974","05","17","07:00"," ","-6,10","","-8,90","","82,00","","33,00","","11,00","","16,10","","102,14","","","","-11,00","","Nuageux"
"1974-05-17 08:00","1974","05","17","08:00"," ","-6,10","","-8,30","","84,00","","34,00","","23,00","","16,10","","102,16","","","","-13,00","","Nuageux"
"1974-05-17 09:00","1974","05","17","09:00"," ","-6,10","","-7,80","","85,00","","34,00","","27,00","","24,10","","102,16","","","","-14,00","","Généralement dégagé"
"1974-05-17 10:00","1974","05","17","10:00"," ","-5,00","","-7,20","","82,00","","34,00","","31,00","","24,10","","102,16","","","","-13,00","","Généralement dégagé"
"1974-05-17 11:00","1974","05","17","11:00"," ","-3,90","","-6,70","","83,00","","33,00","","32,00","","24,10","","102,17","","","","-12,00","","Généralement dégagé"
"1974-05-17 12:00","1974","05","17","12:00"," ","-2,80","","-5,60","","83,00","","34,00","","32,00","","24,10","","102,18","","","","-10,00","","Généralement dégagé"
"1974-05-17 13:00","1974","05","17","13:00"," ","-2,20","","-5,00","","79,00","","34,00","","24,00","","24,10","","102,21","","","","-9,00","","Généralement dégagé"
"1974-05-17 14:00","1974","05","17","14:00"," ","-1,70","","-4,40","","80,00","","35,00","","24,00","","32,20","","102,23","","","","-8,00","","Généralement dégagé"
"1974-05-17 15:00","1974","05","17","15:00"," ","-1,10","","-4,40","","79,00","","33,00","","24,00","","32,20","","102,26","","","","-7,00","","Généralement nuageux"
"1974-05-17 16:00","1974","05","17","16:00"," ","-0,60","","-3,90","","78,00","","34,00","","24,00","","32,20","","102,29","","","","-7,00","","Généralement nuageux"
"1974-05-17 17:00","1974","05","17","17:00"," ","-1,10","","-4,40","","79,00","","33,00","","26,00","","32,20","","102,29","","","","-7,00","","Nuageux"
"1974-05-17 18:00","1974","05","17","18:00"," ","-1,70","","-5,00","","80,00","","33,00","","29,00","","32,20","","102,32","","","","-9,00","","Généralement nuageux"
"1974-05-17 19:00","1974","05","17","19:00"," ","-2,20","","-5,60","","78,00","","34,00","","23,00","","32,20","","102,37","","","","-8,00","","Nuageux"
"1974-05-17 20:00","1974","05","17","20:00"," ","-2,80","","-6,10","","79,00","","32,00","","14,00","","32,20","","102,42","","","","-8,00","","Généralement nuageux"
"1974-05-17 21:00","1974","05","17","21:00"," ","-3,90","","-7,20","","78,00","","32,00","","26,00","","32,20","","102,42","","","","-11,00","","Généralement dégagé"
"1974-05-17 22:00","1974","05","17","22:00"," ","-4,40","","-7,80","","79,00","","30,00","","16,00","","24,10","","102,44","","","","-10,00","","Généralement dégagé"
"1974-05-17 23:00","1974","05","17","23:00"," ","-5,60","","-8,30","","79,00","","33,00","","24,00","","24,10","","102,41","","","","-13,00","","Généralement dégagé"
"1974-05-18 00:00","1974","05","18","00:00"," ","-5,60","","-8,30","","79,00","","34,00","","32,00","","24,10","","102,44","","","","-14,00","","Généralement nuageux"
"1974-05-18 01:00","1974","05","18","01:00"," ","-6,70","","-9,40","","81,00","","31,00","","23,00","","16,10","","102,49","","","","-14,00","","Généralement nuageux"
"1974-05-18 02:00","1974","05","18","02:00"," ","-6,70","","-8,90","","83,00","","23,00","","13,00","","8,00","","102,56","","","","-12,00","","Brouillard"
"1974-05-18 03:00","1974","05","18","03:00"," ","-6,70","","-9,40","","81,00","","32,00","","19,00","","12,90","","102,58","","","","-14,00","","Généralement nuageux"
"1974-05-18 04:00","1974","05","18","04:00"," ","-6,70","","-9,40","","83,00","","29,00","","11,00","","3,20","","102,62","","","","-12,00","","Brouillard"
"1974-05-18 05:00","1974","05","18","05:00"," ","-7,80","","-9,40","","86,00","","31,00","","19,00","","3,20","","102,68","","","","-15,00","","Brouillard"
"1974-05-18 06:00","1974","05","18","06:00"," ","-7,20","","-9,40","","84,00","","29,00","","16,00","","4,80","","102,68","","","","-14,00","","Brouillard"
"1974-05-18 07:00","1974","05","18","07:00"," ","-6,70","","-8,90","","85,00","","32,00","","11,00","","4,80","","102,69","","","","-12,00","","Brouillard"
"1974-05-18 08:00","1974","05","18","08:00"," ","-6,10","","-7,80","","86,00","","29,00","","16,00","","12,90","","102,71","","","","-12,00","","Nuageux"
"1974-05-18 09:00","1974","05","18","09:00"," ","-5,60","","-7,80","","85,00","","27,00","","8,00","","12,90","","102,71","","","","-9,00","","Nuageux"
"1974-05-18 10:00","1974","05","18","10:00"," ","-5,00","","-6,70","","87,00","","30,00","","13,00","","12,90","","102,71","","","","-10,00","","Nuageux"
"1974-05-18 11:00","1974","05","18","11:00"," ","-4,40","","-6,70","","87,00","","30,00","","8,00","","12,90","","102,71","","","","-8,00","","Nuageux"
"1974-05-18 12:00","1974","05","18","12:00"," ","-3,30","","-5,60","","85,00","","25,00","","8,00","","12,90","","102,71","","","","-7,00","","Nuageux"
"1974-05-18 13:00","1974","05","18","13:00"," ","-2,80","","-5,00","","84,00","","23,00","","13,00","","12,90","","102,71","","","","-7,00","","Généralement nuageux"
"1974-05-18 14:00","1974","05","18","14:00"," ","-1,70","","-3,90","","83,00","","27,00","","10,00","","32,20","","102,70","","","","-5,00","","Généralement nuageux"
"1974-05-18 15:00","1974","05","18","15:00"," ","-1,10","","-3,30","","83,00","","24,00","","16,00","","32,20","","102,70","","","","-6,00","","Généralement nuageux"
"1974-05-18 16:00","1974","05","18","16:00"," ","-1,10","","-3,90","","82,00","","26,00","","14,00","","32,20","","102,67","","","","-6,00","","Généralement nuageux"
"1974-05-18 17:00","1974","05","18","17:00"," ","-1,10","","-3,90","","81,00","","22,00","","13,00","","32,20","","102,66","","","","-5,00","","Généralement nuageux"
"1974-05-18 18:00","1974","05","18","18:00"," ","-1,10","","-3,90","","81,00","","21,00","","11,00","","32,20","","102,64","","","","-5,00","","Généralement nuageux"
"1974-05-18 19:00","1974","05","18","19:00"," ","-1,70","","-3,90","","83,00","","24,00","","14,00","","32,20","","102,64","","","","-6,00","","Généralement nuageux"
"1974-05-18 20:00","1974","05","18","20:00"," ","-1,70","","-3,90","","83,00","","23,00","","10,00","","32,20","","102,62","","","","-5,00","","Nuageux"
"1974-05-18 21:00","1974","05","18","21:00"," ","-1,70","","-4,40","","82,00","","24,00","","11,00","","32,20","","102,62","","","","-6,00","","Nuageux"
"1974-05-18 22:00","1974","05","18","22:00"," ","-1,70","","-3,90","","84,00","","19,00","","10,00","","24,10","","102,61","","","","-5,00","","Nuageux"
"1974-05-18 23:00","1974","05","18","23:00"," ","-1,70","","-3,90","","83,00","","21,00","","10,00","","24,10","","102,61","","","","-5,00","","Nuageux"
"1974-05-19 00:00","1974","05","19","00:00"," ","-1,70","","-4,40","","82,00","","21,00","","18,00","","16,10","","102,62","","","","-7,00","","Nuageux"
"1974-05-19 01:00","1974","05","19","01:00"," ","-2,20","","-4,40","","85,00","","22,00","","18,00","","12,90","","102,63","","","","-8,00","","Nuageux"
"1974-05-19 02:00","1974","05","19","02:00"," ","-2,20","","-3,90","","88,00","","21,00","","13,00","","4,80","","102,63","","","","-7,00","","Brouillard"
"1974-05-19 03:00","1974","05","19","03:00"," ","-2,80","","-4,40","","89,00","","22,00","","21,00","","4,80","","102,63","","","","-9,00","","Bruine verglaçante,Brouillard"
"1974-05-19 04:00","1974","05","19","04:00"," ","-2,80","","-5,00","","87,00","","23,00","","14,00","","8,00","","102,64","","","","-8,00","","Neige,Brouillard"
"1974-05-19 05:00","1974","05","19","05:00"," ","-3,30","","-5,60","","85,00","","22,00","","18,00","","16,10","","102,64","","","","-9,00","","Neige en grains"
"1974-05-19 06:00","1974","05","19","06:00"," ","-3,30","","-5,00","","86,00","","20,00","","16,00","","19,30","","102,62","","","","-9,00","","Nuageux"
"1974-05-19 07:00","1974","05","19","07:00"," ","-3,30","","-5,00","","87,00","","21,00","","13,00","","4,80","","102,61","","","","-8,00","","Neige en grains"
"1974-05-19 08:00","1974","05","19","08:00"," ","-2,80","","-4,40","","88,00","","20,00","","13,00","","4,80","","102,61","","","","-7,00","","Neige en grains"
"1974-05-19 09:00","1974","05","19","09:00"," ","-2,80","","-3,90","","89,00","","17,00","","21,00","","9,70","","102,57","","","","-9,00","","Brouillard"
"1974-05-19 10:00","1974","05","19","10:00"," ","-2,20","","-3,30","","91,00","","18,00","","16,00","","9,70","","102,57","","","","-7,00","","Brouillard"
"1974-05-19 11:00","1974","05","19","11:00"," ","-1,10","","-3,30","","86,00","","17,00","","10,00","","24,10","","102,56","","","","-5,00","","Nuageux"
"1974-05-19 12:00","1974","05","19","12:00"," ","0,00","","-2,80","","84,00","","17,00","","16,00","","32,20","","102,52","","","","-5,00","","Généralement nuageux"
"1974-05-19 13:00","1974","05","19","13:00"," ","0,00","","-2,80","","83,00","","17,00","","14,00","","32,20","","102,50","","","","-4,00","","Généralement nuageux"
"1974-05-19 14:00","1974","05","19","14:00"," ","0,00","","-2,20","","84,00","","17,00","","23,00","","32,20","","102,46","","","","-6,00","","Généralement nuageux"
"1974-05-19 15:00","1974","05","19","15:00"," ","0,00","","-2,20","","85,00","","17,00","","19,00","","24,10","","102,43","","","","-5,00","","Généralement nuageux"
"1974-05-19 16:00","1974","05","19","16:00"," ","0,00","","-2,20","","84,00","","16,00","","19,00","","24,10","","102,40","","","","-5,00","","Nuageux"
"1974-05-19 17:00","1974","05","19","17:00"," ","0,00","","-2,20","","84,00","","18,00","","13,00","","24,10","","102,36","","","","-4,00","","Nuageux"
"1974-05-19 18:00","1974","05","19","18:00"," ","0,00","","-2,20","","85,00","","16,00","","14,00","","24,10","","102,35","","","","-4,00","","Nuageux"
"1974-05-19 19:00","1974","05","19","19:00"," ","-0,60","","-2,80","","85,00","","16,00","","19,00","","24,10","","102,28","","","","-6,00","","Nuageux"
"1974-05-19 20:00","1974","05","19","20:00"," ","-1,10","","-3,30","","86,00","","17,00","","19,00","","24,10","","102,24","","","","-6,00","","Nuageux"
"1974-05-19 21:00","1974","05","19","21:00"," ","-1,70","","-3,30","","86,00","","18,00","","16,00","","24,10","","102,24","","","","-7,00","","Nuageux"
"1974-05-19 22:00","1974","05","19","22:00"," ","-2,20","","-3,90","","88,00","","18,00","","14,00","","16,10","","102,26","","","","-7,00","","Nuageux"
"1974-05-19 23:00","1974","05","19","23:00"," ","-2,20","","-3,90","","88,00","","18,00","","19,00","","4,80","","102,23","","","","-8,00","","Brouillard"
"1974-05-20 00:00","1974","05","20","00:00"," ","-2,20","","-3,90","","88,00","","17,00","","19,00","","1,60","","102,25","","","","-8,00","","Brouillard"
"1974-05-20 01:00","1974","05","20","01:00"," ","-2,20","","-3,30","","89,00","","16,00","","16,00","","0,80","","102,23","","","","-7,00","","Brouillard"
"1974-05-20 02:00","1974","05","20","02:00"," ","-2,20","","-3,90","","88,00","","18,00","","13,00","","0,80","","102,21","","","","-7,00","","Brouillard"
"1974-05-20 03:00","1974","05","20","03:00"," ","-2,20","","-4,40","","86,00","","16,00","","11,00","","0,80","","102,20","","","","-6,00","","Brouillard"
"1974-05-20 04:00","1974","05","20","04:00"," ","-2,20","","-4,40","","88,00","","14,00","","6,00","","0,80","","102,20","","","","-5,00","","Brouillard"
"1974-05-20 05:00","1974","05","20","05:00"," ","-2,80","","-5,00","","85,00","","16,00","","8,00","","0,80","","102,19","","","","-6,00","","Brouillard"
"1974-05-20 06:00","1974","05","20","06:00"," ","-3,30","","-5,60","","85,00","","17,00","","8,00","","0,20","","102,18","","","","-7,00","","Brouillard"
"1974-05-20 07:00","1974","05","20","07:00"," ","-3,30","","-5,00","","89,00","","18,00","","5,00","","9,70","","102,18","","","","-5,00","","Brouillard"
"1974-05-20 08:00","1974","05","20","08:00"," ","-3,30","","-5,00","","88,00","","18,00","","5,00","","16,10","","102,24","","","","-5,00","","Généralement nuageux"
"1974-05-20 09:00","1974","05","20","09:00"," ","-3,30","","-5,00","","88,00","","14,00","","8,00","","32,20","","102,24","","","","-7,00","","Généralement nuageux"
"1974-05-20 10:00","1974","05","20","10:00"," ","-2,20","","-3,90","","89,00","","0,00","","0,00","","32,20","","102,23","","","","","","Généralement nuageux"
"1974-05-20 11:00","1974","05","20","11:00"," ","-2,20","","-4,40","","85,00","","0,00","","0,00","","32,20","","102,20","","","","","","Généralement nuageux"
"1974-05-20 12:00","1974","05","20","12:00"," ","-1,70","","-3,90","","83,00","","0,00","","0,00","","32,20","","102,24","","","","","","Généralement dégagé"
"1974-05-20 13:00","1974","05","20","13:00"," ","-1,70","","-3,90","","84,00","","14,00","","6,00","","32,20","","102,26","","","","-4,00","","Généralement dégagé"
"1974-05-20 14:00","1974","05","20","14:00"," ","-0,60","","-2,80","","83,00","","0,00","","0,00","","32,20","","102,27","","","","","","Généralement dégagé"
"1974-05-20 15:00","1974","05","20","15:00"," ","-0,60","","-2,80","","82,00","","0,00","","0,00","","32,20","","102,30","","","","","","Généralement nuageux"
"1974-05-20 16:00","1974","05","20","16:00"," ","0,00","","-2,80","","82,00","","19,00","","3,00","","32,20","","102,32","","","","-1,00","","Généralement nuageux"
"1974-05-20 17:00","1974","05","20","17:00"," ","0,60","","-2,80","","78,00","","21,00","","3,00","","32,20","","102,34","","","","","","Généralement nuageux"
"1974-05-20 18:00","1974","05","20","18:00"," ","1,70","","-2,80","","73,00","","0,00","","0,00","","32,20","","102,34","","","","","","Généralement nuageux"
"1974-05-20 19:00","1974","05","20","19:00"," ","1,10","","-2,80","","76,00","","0,00","","0,00","","32,20","","102,36","","","","","","Généralement dégagé"
"1974-05-20 20:00","1974","05","20","20:00"," ","0,00","","-2,80","","81,00","","0,00","","0,00","","32,20","","102,38","","","","","","Généralement nuageux"
"1974-05-20 21:00","1974","05","20","21:00"," ","1,10","","-1,70","","81,00","","35,00","","11,00","","32,20","","102,40","","","","","","Généralement nuageux"
"1974-05-20 22:00","1974","05","20","22:00"," ","0,60","","-2,20","","83,00","","36,00","","14,00","","32,20","","102,43","","","","","","Généralement nuageux"
"1974-05-20 23:00","1974","05","20","23:00"," ","0,60","","-1,10","","86,00","","1,00","","19,00","","32,20","","102,45","","","","","","Généralement nuageux"
"1974-05-21 00:00","1974","05","21","00:00"," ","0,60","","-1,10","","89,00","","2,00","","23,00","","12,90","","102,47","","","","","","Nuageux"
"1974-05-21 01:00","1974","05","21","01:00"," ","0,60","","-1,10","","90,00","","3,00","","10,00","","12,90","","102,49","","","","","","Nuageux"
"1974-05-21 02:00","1974","05","21","02:00"," ","0,00","","-1,10","","91,00","","2,00","","13,00","","1,20","","102,53","","","","-4,00","","Brouillard"
"1974-05-21 03:00","1974","05","21","03:00"," ","0,00","","-1,10","","92,00","","3,00","","10,00","","1,60","","102,54","","","","-3,00","","Brouillard"
"1974-05-21 04:00","1974","05","21","04:00"," ","-0,60","","-1,70","","92,00","","3,00","","6,00","","9,70","","102,57","","","","-3,00","","Brouillard"
"1974-05-21 05:00","1974","05","21","05:00"," ","-1,10","","-2,20","","90,00","","2,00","","14,00","","0,80","","102,59","","","","-6,00","","Brouillard"
"1974-05-21 06:00","1974","05","21","06:00"," ","-0,60","","-2,20","","90,00","","2,00","","13,00","","6,40","","102,62","","","","-5,00","","Brouillard"
"1974-05-21 07:00","1974","05","21","07:00"," ","-0,60","","-1,70","","92,00","","6,00","","14,00","","1,60","","102,65","","","","-5,00","","Brouillard"
"1974-05-21 08:00","1974","05","21","08:00"," ","-0,60","","-2,20","","89,00","","6,00","","11,00","","8,00","","102,65","","","","-4,00","","Brouillard"
"1974-05-21 09:00","1974","05","21","09:00"," ","-0,60","","-2,20","","89,00","","11,00","","8,00","","16,10","","102,62","","","","-3,00","","Nuageux"
"1974-05-21 10:00","1974","05","21","10:00"," ","-0,60","","-2,20","","88,00","","12,00","","13,00","","16,10","","102,61","","","","-5,00","","Nuageux"
"1974-05-21 11:00","1974","05","21","11:00"," ","-0,60","","-2,20","","90,00","","12,00","","16,00","","16,10","","102,61","","","","-5,00","","Nuageux"
"1974-05-21 12:00","1974","05","21","12:00"," ","-0,60","","-1,70","","91,00","","14,00","","13,00","","3,20","","102,61","","","","-5,00","","Brouillard"
"1974-05-21 13:00","1974","05","21","13:00"," ","-0,60","","-1,70","","90,00","","12,00","","10,00","","3,20","","102,61","","","","-4,00","","Brouillard"
"1974-05-21 14:00","1974","05","21","14:00"," ","-0,60","","-1,70","","90,00","","14,00","","8,00","","1,60","","102,60","","","","-3,00","","Brouillard"
"1974-05-21 15:00","1974","05","21","15:00"," ","-0,60","","-1,70","","90,00","","14,00","","8,00","","1,20","","102,60","","","","-3,00","","Brouillard"
"1974-05-21 16:00","1974","05","21","16:00"," ","-0,60","","-1,70","","91,00","","14,00","","5,00","","0,20","","102,62","","","","-2,00","","Brouillard"
"1974-05-21 17:00","1974","05","21","17:00"," ","-0,60","","-2,20","","89,00","","0,00","","0,00","","1,60","","102,60","","","","","","Brouillard"
"1974-05-21 18:00","1974","05","21","18:00"," ","-0,60","","-1,70","","90,00","","0,00","","0,00","","0,80","","102,59","","","","","","Brouillard"
"1974-05-21 19:00","1974","05","21","19:00"," ","0,00","","-1,70","","89,00","","18,00","","5,00","","8,00","","102,57","","","","-2,00","","Brouillard"
"1974-05-21 20:00","1974","05","21","20:00"," ","-0,60","","-2,20","","90,00","","22,00","","10,00","","4,80","","102,57","","","","-4,00","","Brouillard"
"1974-05-21 21:00","1974","05","21","21:00"," ","-0,60","","-2,20","","90,00","","0,00","","0,00","","4,80","","102,56","","","","","","Brouillard"
"1974-05-21 22:00","1974","05","21","22:00"," ","-0,60","","-1,10","","93,00","","0,00","","0,00","","4,80","","102,54","","","","","","Brouillard"
"1974-05-21 23:00","1974","05","21","23:00"," ","0,00","","-1,70","","91,00","","0,00","","0,00","","0,40","","102,56","","","","","","Brouillard"
"1974-05-22 00:00","1974","05","22","00:00"," ","0,00","","-1,70","","87,00","","20,00","","10,00","","0,40","","102,60","","","","-3,00","","Brouillard"
"1974-05-22 01:00","1974","05","22","01:00"," ","-0,60","","-2,20","","89,00","","21,00","","6,00","","0,40","","102,58","","","","-3,00","","Brouillard"
"1974-05-22 02:00","1974","05","22","02:00"," ","-2,20","","-3,90","","88,00","","21,00","","10,00","","0,40","","102,58","","","","-6,00","","Brouillard"
"1974-05-22 03:00","1974","05","22","03:00"," ","-2,20","","-3,90","","88,00","","14,00","","8,00","","0,40","","102,55","","","","-5,00","","Brouillard"
"1974-05-22 04:00","1974","05","22","04:00"," ","-2,20","","-3,90","","87,00","","14,00","","11,00","","0,40","","102,53","","","","-6,00","","Brouillard"
"1974-05-22 05:00","1974","05","22","05:00"," ","-3,90","","-3,90","","99,00","","14,00","","14,00","","0,40","","102,48","","","","-9,00","","Brouillard"
"1974-05-22 06:00","1974","05","22","06:00"," ","-2,20","","-3,90","","91,00","","14,00","","14,00","","0,40","","102,45","","","","-7,00","","Brouillard"
"1974-05-22 07:00","1974","05","22","07:00"," ","-1,70","","-2,80","","91,00","","12,00","","14,00","","0,40","","102,43","","","","-6,00","","Brouillard"
"1974-05-22 08:00","1974","05","22","08:00"," ","-0,60","","-1,70","","93,00","","12,00","","13,00","","32,20","","102,35","","","","-5,00","","Généralement dégagé"
"1974-05-22 09:00","1974","05","22","09:00"," ","0,00","","-1,70","","89,00","","12,00","","8,00","","32,20","","102,31","","","","-3,00","","Généralement dégagé"
"1974-05-22 10:00","1974","05","22","10:00"," ","1,70","","-1,10","","80,00","","0,00","","0,00","","32,20","","102,29","","","","","","Généralement dégagé"
"1974-05-22 11:00","1974","05","22","11:00"," ","2,80","","-1,10","","77,00","","18,00","","6,00","","32,20","","102,25","","","","","","Généralement nuageux"
"1974-05-22 12:00","1974","05","22","12:00"," ","2,80","","-1,10","","77,00","","17,00","","10,00","","32,20","","102,23","","","","","","Généralement nuageux"
"1974-05-22 13:00","1974","05","22","13:00"," ","2,80","","-1,10","","75,00","","18,00","","10,00","","32,20","","102,23","","","","","","Généralement nuageux"
"1974-05-22 14:00","1974","05","22","14:00"," ","3,30","","-1,10","","74,00","","18,00","","10,00","","32,20","","102,21","","","","","","Généralement nuageux"
"1974-05-22 15:00","1974","05","22","15:00"," ","2,80","","-1,10","","76,00","","17,00","","14,00","","32,20","","102,16","","","","","","Généralement nuageux"
"1974-05-22 16:00","1974","05","22","16:00"," ","2,80","","-1,10","","76,00","","21,00","","23,00","","32,20","","102,14","","","","","","Généralement nuageux"
"1974-05-22 17:00","1974","05","22","17:00"," ","2,20","","-1,10","","79,00","","21,00","","19,00","","32,20","","102,12","","","","","","Généralement nuageux"
"1974-05-22 18:00","1974","05","22","18:00"," ","2,20","","-1,10","","79,00","","19,00","","21,00","","32,20","","102,08","","","","","","Généralement nuageux"
"1974-05-22 19:00","1974","05","22","19:00"," ","2,20","","-1,10","","80,00","","20,00","","11,00","","32,20","","102,06","","","","","","Généralement nuageux"
"1974-05-22 20:00","1974","05","22","20:00"," ","1,70","","-1,10","","80,00","","21,00","","18,00","","32,20","","102,05","","","","","","Généralement nuageux"
"1974-05-22 21:00","1974","05","22","21:00"," ","1,70","","-1,10","","80,00","","0,00","","0,00","","32,20","","102,07","","","","","","Généralement nuageux"
"1974-05-22 22:00","1974","05","22","22:00"," ","2,20","","-1,10","","78,00","","23,00","","18,00","","32,20","","102,05","","","","","","Généralement nuageux"
"1974-05-22 23:00","1974","05","22","23:00"," ","2,20","","-1,70","","77,00","","23,00","","8,00","","32,20","","102,07","","","","","","Généralement nuageux"
"1974-05-23 00:00","1974","05","23","00:00"," ","1,10","","-1,70","","82,00","","0,00","","0,00","","32,20","","102,10","","","","","","Généralement nuageux"
"1974-05-23 01:00","1974","05","23","01:00"," ","1,70","","-1,70","","78,00","","25,00","","6,00","","24,10","","102,09","","","","","","Nuageux"
"1974-05-23 02:00","1974","05","23","02:00"," ","1,70","","-1,70","","80,00","","20,00","","6,00","","24,10","","102,09","","","","","","Nuageux"
"1974-05-23 03:00","1974","05","23","03:00"," ","0,00","","-2,20","","87,00","","11,00","","10,00","","24,10","","102,07","","","","-3,00","","Généralement nuageux"
"1974-05-23 04:00","1974","05","23","04:00"," ","0,00","","-2,80","","82,00","","0,00","","0,00","","24,10","","102,11","","","","","","Généralement nuageux"
"1974-05-23 05:00","1974","05","23","05:00"," ","0,00","","-2,80","","82,00","","0,00","","0,00","","32,20","","102,11","","","","","","Généralement nuageux"
"1974-05-23 06:00","1974","05","23","06:00"," ","0,00","","-2,20","","82,00","","20,00","","10,00","","32,20","","102,11","","","","-3,00","","Généralement nuageux"
"1974-05-23 07:00","1974","05","23","07:00"," ","1,10","","-2,20","","80,00","","0,00","","0,00","","32,20","","102,13","","","","","","Généralement nuageux"
"1974-05-23 08:00","1974","05","23","08:00"," ","1,70","","-1,10","","81,00","","0,00","","0,00","","32,20","","102,08","","","","","","Généralement nuageux"
"1974-05-23 09:00","1974","05","23","09:00"," ","2,80","","-0,60","","80,00","","0,00","","0,00","","32,20","","102,07","","","","","","Généralement dégagé"
"1974-05-23 10:00","1974","05","23","10:00"," ","3,30","","0,00","","78,00","","0,00","","0,00","","24,10","","102,07","","","","","","Généralement dégagé"
"1974-05-23 11:00","1974","05","23","11:00"," ","2,80","","0,00","","81,00","","0,00","","0,00","","24,10","","102,07","","","","","","Généralement dégagé"
"1974-05-23 12:00","1974","05","23","12:00"," ","2,20","","-0,60","","82,00","","17,00","","6,00","","24,10","","102,06","","","","","","Généralement dégagé"
"1974-05-23 13:00","1974","05","23","13:00"," ","2,80","","-0,60","","81,00","","0,00","","0,00","","24,10","","102,06","","","","","","Généralement dégagé"
"1974-05-23 14:00","1974","05","23","14:00"," ","2,80","","-0,60","","78,00","","0,00","","0,00","","32,20","","102,06","","","","","","Généralement dégagé"
"1974-05-23 15:00","1974","05","23","15:00"," ","3,30","","-0,60","","76,00","","0,00","","0,00","","32,20","","102,10","","","","","","Généralement dégagé"
"1974-05-23 16:00","1974","05","23","16:00"," ","3,30","","-0,60","","77,00","","0,00","","0,00","","32,20","","102,09","","","","","","Généralement dégagé"
"1974-05-23 17:00","1974","05","23","17:00"," ","2,20","","-1,10","","79,00","","12,00","","10,00","","32,20","","102,08","","","","","","Généralement dégagé"
"1974-05-23 18:00","1974","05","23","18:00"," ","2,20","","-1,10","","78,00","","12,00","","8,00","","32,20","","102,07","","","","","","Généralement dégagé"
"1974-05-23 19:00","1974","05","23","19:00"," ","2,80","","-0,60","","78,00","","12,00","","11,00","","32,20","","102,08","","","","","","Généralement dégagé"
"1974-05-23 20:00","1974","05","23","20:00"," ","2,80","","-1,10","","78,00","","11,00","","8,00","","32,20","","102,07","","","","","","Généralement dégagé"
"1974-05-23 21:00","1974","05","23","21:00"," ","1,70","","-1,70","","80,00","","0,00","","0,00","","32,20","","102,08","","","","","","Généralement dégagé"
"1974-05-23 22:00","1974","05","23","22:00"," ","1,10","","-1,70","","83,00","","9,00","","11,00","","32,20","","102,06","","","","","","Généralement dégagé"
"1974-05-23 23:00","1974","05","23","23:00"," ","1,10","","-1,70","","82,00","","7,00","","14,00","","32,20","","102,06","","","","","","Généralement dégagé"
"1974-05-24 00:00","1974","05","24","00:00"," ","0,00","","-2,20","","83,00","","8,00","","14,00","","32,20","","102,06","","","","-4,00","","Généralement dégagé"
"1974-05-24 01:00","1974","05","24","01:00"," ","0,00","","-2,80","","81,00","","11,00","","6,00","","24,10","","102,05","","","","-2,00","","Généralement dégagé"
"1974-05-24 02:00","1974","05","24","02:00"," ","0,00","","-2,80","","82,00","","9,00","","16,00","","24,10","","102,03","","","","-5,00","","Généralement nuageux"
"1974-05-24 03:00","1974","05","24","03:00"," ","0,60","","-2,20","","83,00","","10,00","","14,00","","24,10","","102,03","","","","","","Généralement nuageux"
"1974-05-24 04:00","1974","05","24","04:00"," ","0,60","","-1,70","","84,00","","10,00","","16,00","","24,10","","102,01","","","","","","Généralement nuageux"
"1974-05-24 05:00","1974","05","24","05:00"," ","0,60","","-1,70","","85,00","","10,00","","14,00","","24,10","","102,00","","","","","","Généralement nuageux"
"1974-05-24 06:00","1974","05","24","06:00"," ","1,10","","-1,10","","84,00","","11,00","","16,00","","24,10","","102,00","","","","","","Généralement nuageux"
"1974-05-24 07:00","1974","05","24","07:00"," ","1,70","","-1,10","","84,00","","11,00","","19,00","","24,10","","101,98","","","","","","Généralement nuageux"
"1974-05-24 08:00","1974","05","24","08:00"," ","1,70","","-0,60","","85,00","","12,00","","14,00","","24,10","","101,99","","","","","","Généralement dégagé"
"1974-05-24 09:00","1974","05","24","09:00"," ","1,10","","-1,10","","84,00","","12,00","","18,00","","32,20","","101,98","","","","","","Généralement nuageux"
"1974-05-24 10:00","1974","05","24","10:00"," ","1,10","","-1,10","","83,00","","13,00","","6,00","","32,20","","101,98","","","","","","Généralement nuageux"
"1974-05-24 11:00","1974","05","24","11:00"," ","2,20","","-1,70","","75,00","","12,00","","18,00","","32,20","","101,96","","","","","","Généralement nuageux"
"1974-05-24 12:00","1974","05","24","12:00"," ","2,20","","-1,10","","77,00","","11,00","","16,00","","32,20","","101,96","","","","","","Généralement nuageux"
"1974-05-24 13:00","1974","05","24","13:00"," ","2,20","","-1,10","","78,00","","12,00","","19,00","","32,20","","101,93","","","","","","Généralement nuageux"
"1974-05-24 14:00","1974","05","24","14:00"," ","1,70","","-1,10","","80,00","","12,00","","11,00","","32,20","","101,91","","","","","","Généralement nuageux"
"1974-05-24 15:00","1974","05","24","15:00"," ","2,80","","0,00","","82,00","","12,00","","11,00","","32,20","","101,89","","","","","","Généralement nuageux"
"1974-05-24 16:00","1974","05","24","16:00"," ","3,30","","-0,60","","78,00","","12,00","","16,00","","32,20","","101,89","","","","","","Généralement nuageux"
"1974-05-24 17:00","1974","05","24","17:00"," ","3,30","","0,00","","78,00","","12,00","","18,00","","32,20","","101,82","","","","","","Généralement dégagé"
"1974-05-24 18:00","1974","05","24","18:00"," ","2,80","","-0,60","","79,00","","12,00","","16,00","","32,20","","101,81","","","","","","Généralement dégagé"
"1974-05-24 19:00","1974","05","24","19:00"," ","2,80","","-0,60","","81,00","","12,00","","10,00","","32,20","","101,79","","","","","","Dégagé"
"1974-05-24 20:00","1974","05","24","20:00"," ","2,20","","-0,60","","81,00","","12,00","","5,00","","32,20","","101,77","","","","","","Dégagé"
"1974-05-24 21:00","1974","05","24","21:00"," ","1,70","","-0,60","","82,00","","0,00","","0,00","","32,20","","101,77","","","","","","Dégagé"
"1974-05-24 22:00","1974","05","24","22:00"," ","0,60","","-1,70","","83,00","","0,00","","0,00","","32,20","","101,76","","","","","","Dégagé"
"1974-05-24 23:00","1974","05","24","23:00"," ","0,60","","-1,70","","86,00","","0,00","","0,00","","32,20","","101,75","","","","","","Dégagé"
"1974-05-25 00:00","1974","05","25","00:00"," ","-0,60","","-2,20","","86,00","","33,00","","14,00","","24,10","","101,72","","","","-5,00","","Généralement dégagé"
"1974-05-25 01:00","1974","05","25","01:00"," ","-0,60","","-2,80","","85,00","","0,00","","0,00","","24,10","","101,73","","","","","","Généralement dégagé"
"1974-05-25 02:00","1974","05","25","02:00"," ","0,60","","-1,10","","88,00","","29,00","","6,00","","6,40","","101,74","","","","","","Brouillard"
"1974-05-25 03:00","1974","05","25","03:00"," ","0,60","","-1,10","","89,00","","26,00","","6,00","","6,40","","101,75","","","","","","Brouillard"
"1974-05-25 04:00","1974","05","25","04:00"," ","0,00","","-1,10","","90,00","","0,00","","0,00","","6,40","","101,75","","","","","","Bruine,Brouillard"
"1974-05-25 05:00","1974","05","25","05:00"," ","0,00","","-1,10","","90,00","","23,00","","10,00","","8,00","","101,78","","","","-3,00","","Bruine,Brouillard"
"1974-05-25 06:00","1974","05","25","06:00"," ","0,00","","-1,10","","90,00","","23,00","","11,00","","8,00","","101,77","","","","-4,00","","Bruine,Brouillard"
"1974-05-25 07:00","1974","05","25","07:00"," ","0,00","","-1,70","","88,00","","23,00","","6,00","","8,00","","101,82","","","","-2,00","","Brouillard"
"1974-05-25 08:00","1974","05","25","08:00"," ","0,00","","-1,70","","91,00","","20,00","","8,00","","8,00","","101,85","","","","-3,00","","Bruine,Brouillard"
"1974-05-25 09:00","1974","05","25","09:00"," ","0,00","","-1,70","","87,00","","21,00","","5,00","","4,80","","101,84","","","","-2,00","","Brouillard"
"1974-05-25 10:00","1974","05","25","10:00"," ","0,60","","-1,70","","87,00","","0,00","","0,00","","3,20","","101,84","","","","","","Brouillard"
"1974-05-25 11:00","1974","05","25","11:00"," ","0,60","","-1,70","","87,00","","20,00","","3,00","","8,00","","101,84","","","","","","Brouillard"
"1974-05-25 12:00","1974","05","25","12:00"," ","1,10","","-1,70","","83,00","","20,00","","6,00","","19,30","","101,87","","","","","","Nuageux"
"1974-05-25 13:00","1974","05","25","13:00"," ","0,60","","-1,10","","89,00","","0,00","","0,00","","16,10","","101,87","","","","","","Pluie,Neige"
"1974-05-25 14:00","1974","05","25","14:00"," ","0,60","","-0,60","","90,00","","0,00","","0,00","","19,30","","101,89","","","","","","Nuageux"
"1974-05-25 15:00","1974","05","25","15:00"," ","0,60","","-1,10","","91,00","","0,00","","0,00","","19,30","","101,86","","","","","","Généralement nuageux"
"1974-05-25 16:00","1974","05","25","16:00"," ","1,70","","-1,10","","82,00","","0,00","","0,00","","32,20","","101,89","","","","","","Généralement nuageux"
"1974-05-25 17:00","1974","05","25","17:00"," ","1,10","","-1,10","","85,00","","0,00","","0,00","","32,20","","101,89","","","","","","Généralement nuageux"
"1974-05-25 18:00","1974","05","25","18:00"," ","1,10","","-1,10","","85,00","","0,00","","0,00","","32,20","","101,89","","","","","","Généralement nuageux"
"1974-05-25 19:00","1974","05","25","19:00"," ","2,20","","-0,60","","81,00","","0,00","","0,00","","32,20","","101,89","","","","","","Généralement dégagé"
"1974-05-25 20:00","1974","05","25","20:00"," ","1,70","","-0,60","","84,00","","0,00","","0,00","","32,20","","101,89","","","","","","Généralement dégagé"
"1974-05-25 21:00","1974","05","25","21:00"," ","1,70","","-1,10","","81,00","","4,00","","14,00","","32,20","","101,85","","","","","","Généralement dégagé"
"1974-05-25 22:00","1974","05","25","22:00"," ","1,10","","-1,70","","85,00","","6,00","","11,00","","32,20","","101,87","","","","","","Généralement dégagé"
"1974-05-25 23:00","1974","05","25","23:00"," ","0,00","","-1,70","","86,00","","6,00","","13,00","","32,20","","101,85","","","","-4,00","","Généralement nuageux"
"1974-05-26 00:00","1974","05","26","00:00"," ","0,00","","-2,20","","85,00","","7,00","","14,00","","24,10","","101,85","","","","-4,00","","Généralement nuageux"
"1974-05-26 01:00","1974","05","26","01:00"," ","0,00","","-2,20","","86,00","","6,00","","14,00","","24,10","","101,84","","","","-4,00","","Généralement nuageux"
"1974-05-26 02:00","1974","05","26","02:00"," ","0,00","","-1,70","","89,00","","6,00","","14,00","","32,20","","101,84","","","","-4,00","","Généralement nuageux"
"1974-05-26 03:00","1974","05","26","03:00"," ","0,00","","-2,20","","86,00","","7,00","","23,00","","32,20","","101,79","","","","-6,00","","Généralement nuageux"
"1974-05-26 04:00","1974","05","26","04:00"," ","0,60","","-1,70","","85,00","","7,00","","27,00","","32,20","","101,74","","","","","","Généralement dégagé"
"1974-05-26 05:00","1974","05","26","05:00"," ","1,10","","-1,10","","82,00","","9,00","","24,00","","32,20","","101,71","","","","","","Généralement dégagé"
"1974-05-26 06:00","1974","05","26","06:00"," ","1,10","","-1,10","","84,00","","9,00","","24,00","","32,20","","101,70","","","","","","Généralement nuageux"
"1974-05-26 07:00","1974","05","26","07:00"," ","2,80","","0,00","","81,00","","10,00","","23,00","","32,20","","101,64","","","","","","Généralement dégagé"
"1974-05-26 08:00","1974","05","26","08:00"," ","3,30","","-0,60","","78,00","","11,00","","24,00","","32,20","","101,61","","","","","","Généralement nuageux"
"1974-05-26 09:00","1974","05","26","09:00"," ","3,90","","0,60","","78,00","","11,00","","32,00","","32,20","","101,57","","","","","","Généralement dégagé"
"1974-05-26 10:00","1974","05","26","10:00"," ","4,40","","0,60","","76,00","","11,00","","32,00","","32,20","","101,54","","","","","","Généralement dégagé"
"1974-05-26 11:00","1974","05","26","11:00"," ","5,00","","1,10","","77,00","","11,00","","32,00","","32,20","","101,52","","","","","","Généralement dégagé"
"1974-05-26 12:00","1974","05","26","12:00"," ","6,10","","1,70","","75,00","","11,00","","32,00","","32,20","","101,48","","","","","","Généralement dégagé"
"1974-05-26 13:00","1974","05","26","13:00"," ","6,70","","2,20","","76,00","","11,00","","32,00","","32,20","","101,47","","","","","","Généralement dégagé"
"1974-05-26 14:00","1974","05","26","14:00"," ","7,20","","3,30","","76,00","","12,00","","26,00","","32,20","","101,43","","","","","","Généralement nuageux"
"1974-05-26 15:00","1974","05","26","15:00"," ","7,80","","3,90","","75,00","","11,00","","24,00","","32,20","","101,39","","","","","","Généralement nuageux"
"1974-05-26 16:00","1974","05","26","16:00"," ","8,30","","4,40","","74,00","","12,00","","14,00","","32,20","","101,36","","","","","","Généralement nuageux"
"1974-05-26 17:00","1974","05","26","17:00"," ","7,80","","3,90","","75,00","","12,00","","16,00","","32,20","","101,31","","","","","","Généralement nuageux"
"1974-05-26 18:00","1974","05","26","18:00"," ","4,40","","1,70","","80,00","","13,00","","18,00","","32,20","","101,26","","","","","","Généralement nuageux"
"1974-05-26 19:00","1974","05","26","19:00"," ","6,70","","2,80","","78,00","","11,00","","24,00","","32,20","","101,23","","","","","","Généralement nuageux"
"1974-05-26 20:00","1974","05","26","20:00"," ","5,00","","2,20","","80,00","","12,00","","26,00","","32,20","","101,19","","","","","","Généralement dégagé"
"1974-05-26 21:00","1974","05","26","21:00"," ","4,40","","1,10","","79,00","","10,00","","13,00","","32,20","","101,22","","","","","","Généralement nuageux"
"1974-05-26 22:00","1974","05","26","22:00"," ","5,00","","0,60","","73,00","","17,00","","8,00","","32,20","","101,23","","","","","","Nuageux"
"1974-05-26 23:00","1974","05","26","23:00"," ","4,40","","0,00","","73,00","","18,00","","10,00","","32,20","","101,29","","","","","","Nuageux"
"1974-05-27 00:00","1974","05","27","00:00"," ","4,40","","0,00","","73,00","","17,00","","14,00","","24,10","","101,28","","","","","","Nuageux"
"1974-05-27 01:00","1974","05","27","01:00"," ","3,30","","0,00","","78,00","","19,00","","19,00","","32,20","","101,34","","","","","","Nuageux"
"1974-05-27 02:00","1974","05","27","02:00"," ","2,80","","0,00","","80,00","","14,00","","8,00","","24,10","","101,37","","","","","","Pluie"
"1974-05-27 03:00","1974","05","27","03:00"," ","3,30","","0,00","","80,00","","0,00","","0,00","","32,20","","101,37","","","","","","Nuageux"
"1974-05-27 04:00","1974","05","27","04:00"," ","3,30","","-0,60","","75,00","","14,00","","10,00","","32,20","","101,41","","","","","","Nuageux"
"1974-05-27 05:00","1974","05","27","05:00"," ","1,70","","-1,70","","79,00","","12,00","","18,00","","32,20","","101,45","","","","","","Généralement nuageux"
"1974-05-27 06:00","1974","05","27","06:00"," ","3,30","","-1,70","","71,00","","13,00","","14,00","","32,20","","101,47","","","","","","Généralement nuageux"
"1974-05-27 07:00","1974","05","27","07:00"," ","2,80","","-1,70","","72,00","","13,00","","19,00","","32,20","","101,49","","","","","","Généralement nuageux"
"1974-05-27 08:00","1974","05","27","08:00"," ","3,30","","-1,10","","74,00","","13,00","","11,00","","32,20","","101,52","","","","","","Généralement nuageux"
"1974-05-27 09:00","1974","05","27","09:00"," ","3,90","","-0,60","","71,00","","13,00","","16,00","","32,20","","101,53","","","","","","Nuageux"
"1974-05-27 10:00","1974","05","27","10:00"," ","3,90","","-0,60","","72,00","","14,00","","10,00","","32,20","","101,55","","","","","","Nuageux"
"1974-05-27 11:00","1974","05","27","11:00"," ","3,90","","0,00","","75,00","","15,00","","11,00","","32,20","","101,54","","","","","","Nuageux"
"1974-05-27 12:00","1974","05","27","12:00"," ","5,00","","0,00","","71,00","","13,00","","13,00","","32,20","","101,57","","","","","","Nuageux"
"1974-05-27 13:00","1974","05","27","13:00"," ","5,60","","0,60","","68,00","","14,00","","11,00","","32,20","","101,61","","","","","","Nuageux"
"1974-05-27 14:00","1974","05","27","14:00"," ","8,30","","1,10","","61,00","","17,00","","8,00","","32,20","","101,64","","","","","","Nuageux"
"1974-05-27 15:00","1974","05","27","15:00"," ","7,80","","1,70","","65,00","","13,00","","11,00","","32,20","","101,66","","","","","","Nuageux"
"1974-05-27 16:00","1974","05","27","16:00"," ","9,40","","3,30","","64,00","","12,00","","13,00","","32,20","","101,69","","","","","","Généralement nuageux"
"1974-05-27 17:00","1974","05","27","17:00"," ","6,70","","1,70","","70,00","","13,00","","11,00","","32,20","","101,71","","","","","","Généralement nuageux"
"1974-05-27 18:00","1974","05","27","18:00"," ","6,70","","1,70","","73,00","","13,00","","11,00","","32,20","","101,74","","","","","","Généralement nuageux"
"1974-05-27 19:00","1974","05","27","19:00"," ","8,30","","2,80","","69,00","","10,00","","8,00","","32,20","","101,76","","","","","","Généralement nuageux"
"1974-05-27 20:00","1974","05","27","20:00"," ","8,30","","2,80","","69,00","","11,00","","8,00","","32,20","","101,81","","","","","","Généralement nuageux"
"1974-05-27 21:00","1974","05","27","21:00"," ","3,90","","0,60","","80,00","","35,00","","23,00","","32,20","","101,85","","","","","","Généralement nuageux"
"1974-05-27 22:00","1974","05","27","22:00"," ","2,20","","-0,60","","82,00","","36,00","","27,00","","32,20","","101,89","","","","","","Généralement nuageux"
"1974-05-27 23:00","1974","05","27","23:00"," ","1,10","","-1,10","","83,00","","36,00","","24,00","","32,20","","101,95","","","","","","Généralement nuageux"
"1974-05-28 00:00","1974","05","28","00:00"," ","0,60","","-1,70","","84,00","","1,00","","29,00","","32,20","","101,99","","","","","","Généralement dégagé"
"1974-05-28 01:00","1974","05","28","01:00"," ","0,00","","-1,70","","86,00","","1,00","","24,00","","32,20","","102,02","","","","-6,00","","Généralement dégagé"
"1974-05-28 02:00","1974","05","28","02:00"," ","0,00","","-2,20","","85,00","","36,00","","24,00","","32,20","","102,05","","","","-6,00","","Généralement dégagé"
"1974-05-28 03:00","1974","05","28","03:00"," ","0,00","","-2,20","","86,00","","1,00","","23,00","","24,10","","102,08","","","","-6,00","","Généralement nuageux"
"1974-05-28 04:00","1974","05","28","04:00"," ","-0,60","","-2,20","","87,00","","1,00","","21,00","","24,10","","102,12","","","","-6,00","","Généralement nuageux"
"1974-05-28 05:00","1974","05","28","05:00"," ","0,00","","-1,70","","90,00","","1,00","","18,00","","19,30","","102,14","","","","-5,00","","Nuageux"
"1974-05-28 06:00","1974","05","28","06:00"," ","1,10","","-1,10","","88,00","","1,00","","19,00","","19,30","","102,16","","","","","","Nuageux"
"1974-05-28 07:00","1974","05","28","07:00"," ","2,20","","0,60","","88,00","","2,00","","14,00","","19,30","","102,16","","","","","","Nuageux"
"1974-05-28 08:00","1974","05","28","08:00"," ","3,90","","1,70","","87,00","","5,00","","11,00","","19,30","","102,17","","","","","","Nuageux"
"1974-05-28 09:00","1974","05","28","09:00"," ","0,60","","0,00","","94,00","","0,00","","0,00","","0,40","","102,17","","","","","","Brouillard"
"1974-05-28 10:00","1974","05","28","10:00"," ","0,60","","-0,60","","93,00","","15,00","","6,00","","0,60","","102,18","","","","","","Brouillard"
"1974-05-28 11:00","1974","05","28","11:00"," ","0,60","","-0,60","","92,00","","13,00","","14,00","","0,80","","102,18","","","","","","Brouillard"
"1974-05-28 12:00","1974","05","28","12:00"," ","1,70","","0,00","","89,00","","14,00","","6,00","","19,30","","102,15","","","","","","Généralement dégagé"
"1974-05-28 13:00","1974","05","28","13:00"," ","3,90","","1,10","","81,00","","18,00","","2,00","","32,20","","102,14","","","","","","Généralement dégagé"
"1974-05-28 14:00","1974","05","28","14:00"," ","5,60","","2,20","","77,00","","0,00","","0,00","","32,20","","102,11","","","","","","Dégagé"
"1974-05-28 15:00","1974","05","28","15:00"," ","6,70","","2,80","","77,00","","0,00","","0,00","","32,20","","102,10","","","","","","Dégagé"
"1974-05-28 16:00","1974","05","28","16:00"," ","7,80","","3,90","","76,00","","0,00","","0,00","","32,20","","102,04","","","","","","Dégagé"
"1974-05-28 17:00","1974","05","28","17:00"," ","8,30","","3,90","","74,00","","0,00","","0,00","","32,20","","102,02","","","","","","Dégagé"
"1974-05-28 18:00","1974","05","28","18:00"," ","8,90","","3,90","","71,00","","0,00","","0,00","","32,20","","102,01","","","","","","Dégagé"
"1974-05-28 19:00","1974","05","28","19:00"," ","7,20","","2,80","","74,00","","0,00","","0,00","","32,20","","102,00","","","","","","Dégagé"
"1974-05-28 20:00","1974","05","28","20:00"," ","7,80","","2,80","","71,00","","0,00","","0,00","","32,20","","101,99","","","","","","Dégagé"
"1974-05-28 21:00","1974","05","28","21:00"," ","6,70","","2,80","","78,00","","0,00","","0,00","","32,20","","101,97","","","","","","Dégagé"
"1974-05-28 22:00","1974","05","28","22:00"," ","6,70","","2,20","","74,00","","9,00","","8,00","","32,20","","101,95","","","","","","Dégagé"
"1974-05-28 23:00","1974","05","28","23:00"," ","5,60","","2,20","","78,00","","9,00","","8,00","","32,20","","101,95","","","","","","Généralement dégagé"
"1974-05-29 00:00","1974","05","29","00:00"," ","4,40","","1,70","","81,00","","9,00","","6,00","","32,20","","101,96","","","","","","Généralement dégagé"
"1974-05-29 01:00","1974","05","29","01:00"," ","3,90","","1,10","","82,00","","10,00","","10,00","","32,20","","101,93","","","","","","Généralement dégagé"
"1974-05-29 02:00","1974","05","29","02:00"," ","3,30","","0,60","","82,00","","10,00","","11,00","","32,20","","101,93","","","","","","Généralement dégagé"
"1974-05-29 03:00","1974","05","29","03:00"," ","1,10","","-1,10","","85,00","","11,00","","5,00","","32,20","","101,93","","","","","","Généralement dégagé"
"1974-05-29 04:00","1974","05","29","04:00"," ","-0,60","","-2,20","","88,00","","0,00","","0,00","","32,20","","101,91","","","","","","Généralement dégagé"
"1974-05-29 05:00","1974","05","29","05:00"," ","1,10","","-1,10","","86,00","","0,00","","0,00","","32,20","","101,89","","","","","","Généralement dégagé"
"1974-05-29 06:00","1974","05","29","06:00"," ","1,10","","-1,70","","83,00","","0,00","","0,00","","32,20","","101,88","","","","","","Généralement dégagé"
"1974-05-29 07:00","1974","05","29","07:00"," ","2,20","","-0,60","","82,00","","13,00","","6,00","","32,20","","101,86","","","","","","Généralement dégagé"
"1974-05-29 08:00","1974","05","29","08:00"," ","2,20","","-0,60","","82,00","","13,00","","6,00","","32,20","","101,85","","","","","","Généralement dégagé"
"1974-05-29 09:00","1974","05","29","09:00"," ","3,90","","0,00","","75,00","","12,00","","11,00","","32,20","","101,81","","","","","","Généralement dégagé"
"1974-05-29 10:00","1974","05","29","10:00"," ","5,60","","1,10","","71,00","","12,00","","13,00","","32,20","","101,79","","","","","","Généralement nuageux"
"1974-05-29 11:00","1974","05","29","11:00"," ","7,80","","1,70","","65,00","","12,00","","13,00","","32,20","","101,76","","","","","","Généralement nuageux"
"1974-05-29 12:00","1974","05","29","12:00"," ","8,30","","1,70","","64,00","","12,00","","13,00","","32,20","","101,74","","","","","","Généralement nuageux"
"1974-05-29 13:00","1974","05","29","13:00"," ","7,80","","1,10","","63,00","","12,00","","13,00","","32,20","","101,71","","","","","","Généralement nuageux"
"1974-05-29 14:00","1974","05","29","14:00"," ","10,60","","2,20","","56,00","","12,00","","16,00","","32,20","","101,67","","","","","","Généralement nuageux"
"1974-05-29 15:00","1974","05","29","15:00"," ","11,10","","1,70","","51,00","","12,00","","14,00","","32,20","","101,65","","","","","","Généralement dégagé"
"1974-05-29 16:00","1974","05","29","16:00"," ","10,00","","1,70","","54,00","","11,00","","13,00","","32,20","","101,60","","","","","","Généralement dégagé"
"1974-05-29 17:00","1974","05","29","17:00"," ","9,40","","1,70","","58,00","","12,00","","10,00","","32,20","","101,58","","","","","","Généralement dégagé"
"1974-05-29 18:00","1974","05","29","18:00"," ","6,70","","0,60","","66,00","","0,00","","0,00","","32,20","","101,54","","","","","","Généralement dégagé"
"1974-05-29 19:00","1974","05","29","19:00"," ","7,80","","0,60","","60,00","","0,00","","0,00","","32,20","","101,53","","","","","","Généralement dégagé"
"1974-05-29 20:00","1974","05","29","20:00"," ","7,20","","0,60","","62,00","","0,00","","0,00","","32,20","","101,51","","","","","","Généralement dégagé"
"1974-05-29 21:00","1974","05","29","21:00"," ","7,20","","0,60","","63,00","","0,00","","0,00","","32,20","","101,50","","","","","","Généralement dégagé"
"1974-05-29 22:00","1974","05","29","22:00"," ","4,40","","-0,60","","69,00","","0,00","","0,00","","32,20","","101,50","","","","","","Généralement dégagé"
"1974-05-29 23:00","1974","05","29","23:00"," ","5,00","","-0,60","","67,00","","0,00","","0,00","","32,20","","101,50","","","","","","Généralement nuageux"
"1974-05-30 00:00","1974","05","30","00:00"," ","5,00","","-0,60","","68,00","","0,00","","0,00","","32,20","","101,49","","","","","","Généralement nuageux"
"1974-05-30 01:00","1974","05","30","01:00"," ","5,00","","-0,60","","66,00","","36,00","","6,00","","32,20","","101,46","","","","","","Généralement nuageux"
"1974-05-30 02:00","1974","05","30","02:00"," ","1,10","","-1,70","","80,00","","13,00","","6,00","","32,20","","101,49","","","","","","Généralement nuageux"
"1974-05-30 03:00","1974","05","30","03:00"," ","1,70","","-1,10","","81,00","","0,00","","0,00","","32,20","","101,46","","","","","","Généralement nuageux"
"1974-05-30 04:00","1974","05","30","04:00"," ","2,20","","-1,10","","80,00","","13,00","","2,00","","32,20","","101,43","","","","","","Généralement nuageux"
"1974-05-30 05:00","1974","05","30","05:00"," ","1,70","","-1,10","","81,00","","12,00","","5,00","","32,20","","101,42","","","","","","Généralement nuageux"
"1974-05-30 06:00","1974","05","30","06:00"," ","3,30","","0,60","","81,00","","0,00","","0,00","","32,20","","101,39","","","","","","Généralement nuageux"
"1974-05-30 07:00","1974","05","30","07:00"," ","3,30","","0,60","","81,00","","0,00","","0,00","","32,20","","101,36","","","","","","Généralement nuageux"
"1974-05-30 08:00","1974","05","30","08:00"," ","5,00","","1,70","","80,00","","0,00","","0,00","","32,20","","101,34","","","","","","Généralement nuageux"
"1974-05-30 09:00","1974","05","30","09:00"," ","6,10","","2,20","","77,00","","0,00","","0,00","","32,20","","101,32","","","","","","Généralement nuageux"
"1974-05-30 10:00","1974","05","30","10:00"," ","5,00","","2,20","","84,00","","12,00","","3,00","","32,20","","101,31","","","","","","Généralement nuageux"
"1974-05-30 11:00","1974","05","30","11:00"," ","6,70","","2,80","","75,00","","12,00","","10,00","","32,20","","101,27","","","","","","Généralement nuageux"
"1974-05-30 12:00","1974","05","30","12:00"," ","7,80","","3,30","","72,00","","13,00","","8,00","","32,20","","101,25","","","","","","Généralement nuageux"
"1974-05-30 13:00","1974","05","30","13:00"," ","8,30","","2,80","","69,00","","13,00","","13,00","","32,20","","101,21","","","","","","Généralement dégagé"
"1974-05-30 14:00","1974","05","30","14:00"," ","8,90","","3,30","","67,00","","12,00","","11,00","","32,20","","101,18","","","","","","Généralement nuageux"
"1974-05-30 15:00","1974","05","30","15:00"," ","6,10","","1,70","","74,00","","13,00","","14,00","","32,20","","101,16","","","","","","Généralement nuageux"
"1974-05-30 16:00","1974","05","30","16:00"," ","7,20","","2,20","","69,00","","9,00","","14,00","","32,20","","101,10","","","","","","Généralement nuageux"
"1974-05-30 17:00","1974","05","30","17:00"," ","8,30","","2,80","","67,00","","11,00","","13,00","","32,20","","101,06","","","","","","Généralement nuageux"
"1974-05-30 18:00","1974","05","30","18:00"," ","7,20","","1,70","","67,00","","12,00","","10,00","","32,20","","101,03","","","","","","Généralement nuageux"
"1974-05-30 19:00","1974","05","30","19:00"," ","8,90","","2,20","","64,00","","34,00","","14,00","","32,20","","100,98","","","","","","Généralement nuageux"
"1974-05-30 20:00","1974","05","30","20:00"," ","5,60","","1,10","","76,00","","36,00","","24,00","","32,20","","100,97","","","","","","Généralement nuageux"
"1974-05-30 21:00","1974","05","30","21:00"," ","2,80","","-0,60","","79,00","","36,00","","24,00","","32,20","","100,98","","","","","","Généralement nuageux"
"1974-05-30 22:00","1974","05","30","22:00"," ","1,10","","-1,70","","81,00","","36,00","","26,00","","32,20","","100,96","","","","","","Généralement nuageux"
"1974-05-30 23:00","1974","05","30","23:00"," ","0,00","","-2,80","","80,00","","36,00","","26,00","","32,20","","100,98","","","","-6,00","","Généralement nuageux"
"1974-05-31 00:00","1974","05","31","00:00"," ","-1,10","","-3,90","","80,00","","36,00","","35,00","","32,20","","100,99","","","","-8,00","","Généralement nuageux"
"1974-05-31 01:00","1974","05","31","01:00"," ","-2,20","","-5,60","","77,00","","35,00","","43,00","","32,20","","101,00","","","","-11,00","","Neige"
"1974-05-31 02:00","1974","05","31","02:00"," ","-2,80","","-6,10","","77,00","","35,00","","40,00","","19,30","","101,04","","","","-11,00","","Nuageux"
"1974-05-31 03:00","1974","05","31","03:00"," ","-4,40","","-7,80","","77,00","","34,00","","35,00","","6,40","","101,07","","","","-13,00","","Neige"
"1974-05-31 04:00","1974","05","31","04:00"," ","-5,60","","-8,90","","77,00","","35,00","","32,00","","3,20","","101,08","","","","-14,00","","Neige"
"1974-05-31 05:00","1974","05","31","05:00"," ","-5,60","","-10,00","","69,00","","34,00","","29,00","","19,30","","101,13","","","","-14,00","","Généralement nuageux"
"1974-05-31 06:00","1974","05","31","06:00"," ","-5,00","","-10,60","","66,00","","34,00","","32,00","","32,20","","101,18","","","","-13,00","","Généralement nuageux"
"1974-05-31 07:00","1974","05","31","07:00"," ","-4,40","","-9,40","","68,00","","34,00","","31,00","","32,20","","101,20","","","","-12,00","","Généralement nuageux"
"1974-05-31 08:00","1974","05","31","08:00"," ","-4,40","","-10,00","","66,00","","34,00","","34,00","","32,20","","101,25","","","","-13,00","","Généralement nuageux"
"1974-05-31 09:00","1974","05","31","09:00"," ","-4,40","","-10,60","","62,00","","34,00","","37,00","","32,20","","101,30","","","","-13,00","","Nuageux"
"1974-05-31 10:00","1974","05","31","10:00"," ","-4,40","","-10,60","","64,00","","34,00","","32,00","","32,20","","101,34","","","","-12,00","","Généralement nuageux"
"1974-05-31 11:00","1974","05","31","11:00"," ","-5,00","","-11,10","","63,00","","35,00","","35,00","","32,20","","101,34","","","","-14,00","","Généralement nuageux"
"1974-05-31 12:00","1974","05","31","12:00"," ","-3,90","","-10,00","","62,00","","36,00","","35,00","","32,20","","101,34","","","","-12,00","","Nuageux"
"1974-05-31 13:00","1974","05","31","13:00"," ","-3,30","","-10,00","","60,00","","34,00","","29,00","","32,20","","101,34","","","","-11,00","","Généralement nuageux"
"1974-05-31 14:00","1974","05","31","14:00"," ","-3,90","","-10,60","","59,00","","34,00","","32,00","","32,20","","101,35","","","","-12,00","","Généralement nuageux"
"1974-05-31 15:00","1974","05","31","15:00"," ","-3,30","","-10,60","","57,00","","35,00","","29,00","","32,20","","101,36","","","","-11,00","","Généralement nuageux"
"1974-05-31 16:00","1974","05","31","16:00"," ","-3,90","","-10,60","","59,00","","35,00","","24,00","","32,20","","101,37","","","","-11,00","","Généralement nuageux"
"1974-05-31 17:00","1974","05","31","17:00"," ","-3,90","","-10,60","","58,00","","35,00","","26,00","","32,20","","101,42","","","","-11,00","","Généralement nuageux"
"1974-05-31 18:00","1974","05","31","18:00"," ","-4,40","","-11,10","","59,00","","35,00","","29,00","","32,20","","101,44","","","","-12,00","","Neige"
"1974-05-31 19:00","1974","05","31","19:00"," ","-5,00","","-11,70","","59,00","","34,00","","26,00","","32,20","","101,46","","","","-12,00","","Généralement nuageux"
"1974-05-31 20:00","1974","05","31","20:00"," ","-5,00","","-12,20","","57,00","","34,00","","29,00","","32,20","","101,51","","","","-13,00","","Généralement nuageux"
"1974-05-31 21:00","1974","05","31","21:00"," ","-5,60","","-12,20","","59,00","","35,00","","24,00","","32,20","","101,54","","","","-13,00","","Généralement nuageux"
"1974-05-31 22:00","1974","05","31","22:00"," ","-6,70","","-13,30","","58,00","","36,00","","26,00","","32,20","","101,55","","","","-15,00","","Généralement nuageux"
"1974-05-31 23:00","1974","05","31","23:00"," ","-6,70","","-13,30","","59,00","","34,00","","24,00","","24,10","","101,56","","","","-14,00","","Nuageux"
