"Nom de la Station","YARMOUTH A"
"Province","NOVA SCOTIA"
"Latitude","43,83"
"Longitude","-66,09"
"Altitude","43,00"
"Identification Climat","8206500"
"Identification OMM","71603"
"Identification TC","YQI"
"Toutes les heures sont exprimées en heure normale locale (HNL). Pour convertir l'heure locale en heure avancée de l'Est (HAE), ajoutez 1 heure s'il y a lieu."

"Légende"
"M","Données Manquantes"
"E","Valeur Estimée"
"ND","Non Disponible"
"**","Données fournies par un partenaire, non assujetties à un révision par les Archives climatiques nationales du Canada"

"Date/Heure","Année","Mois","Jour","Heure","Qualité des Données","Temp (°C)","Temp Indicateur","Point de rosée (°C)","Point de rosée Indicateur","Hum. rel (%)","Hum. rel. Indicateur","Dir. du vent (10s deg)","Dir. du vent Indicateur","Vit. du vent (km/h)","Vit. du vent Indicateur","Visibilité (km)","Visibilité Indicateur","Pression à la station (kPa)","Pression à la station Indicateur","Hmdx","Hmdx Indicateur","Refroid. éolien","Refroid. éolien Indicateur","Temps"
"1977-08-01 00:00","1977","08","01","00:00"," ","11,00","","10,90","","99,00","","20,00","","17,00","","0,20","","101,11","","","","","","Brouillard"
"1977-08-01 01:00","1977","08","01","01:00"," ","11,10","","11,00","","99,00","","13,00","","6,00","","0,20","","101,15","","","","","","Brouillard"
"1977-08-01 02:00","1977","08","01","02:00"," ","11,60","","11,60","","100,00","","16,00","","7,00","","0,20","","101,15","","","","","","Brouillard"
"1977-08-01 03:00","1977","08","01","03:00"," ","11,60","","11,50","","99,00","","15,00","","7,00","","0,20","","101,15","","","","","","Brouillard"
"1977-08-01 04:00","1977","08","01","04:00"," ","12,10","","12,10","","100,00","","15,00","","9,00","","0,20","","101,11","","","","","","Brouillard"
"1977-08-01 05:00","1977","08","01","05:00"," ","12,40","","12,30","","99,00","","12,00","","6,00","","0,20","","101,11","","","","","","Brouillard"
"1977-08-01 06:00","1977","08","01","06:00"," ","12,80","","12,80","","100,00","","12,00","","7,00","","0,40","","101,15","","","","","","Brouillard"
"1977-08-01 07:00","1977","08","01","07:00"," ","13,60","","13,40","","99,00","","15,00","","15,00","","0,40","","101,15","","","","","","Brouillard"
"1977-08-01 08:00","1977","08","01","08:00"," ","14,20","","13,20","","94,00","","16,00","","11,00","","1,60","","101,18","","","","","","Brouillard"
"1977-08-01 09:00","1977","08","01","09:00"," ","15,20","","14,70","","97,00","","16,00","","13,00","","4,00","","101,15","","","","","","Brouillard"
"1977-08-01 10:00","1977","08","01","10:00"," ","15,30","","14,70","","96,00","","18,00","","13,00","","2,40","","101,15","","","","","","Brouillard"
"1977-08-01 11:00","1977","08","01","11:00"," ","16,40","","15,30","","93,00","","16,00","","11,00","","1,20","","101,15","","","","","","Brouillard"
"1977-08-01 12:00","1977","08","01","12:00"," ","15,80","","14,90","","94,00","","19,00","","7,00","","0,40","","101,15","","","","","","Brouillard"
"1977-08-01 13:00","1977","08","01","13:00"," ","14,90","","14,20","","96,00","","16,00","","11,00","","1,20","","101,15","","","","","","Brouillard"
"1977-08-01 14:00","1977","08","01","14:00"," ","16,70","","15,60","","93,00","","18,00","","15,00","","2,40","","101,15","","","","","","Brouillard"
"1977-08-01 15:00","1977","08","01","15:00"," ","17,20","","16,40","","95,00","","18,00","","9,00","","2,00","","101,11","","","","","","Brouillard"
"1977-08-01 16:00","1977","08","01","16:00"," ","18,90","","17,10","","89,00","","22,00","","20,00","","4,80","","101,05","","","","","","Brouillard"
"1977-08-01 17:00","1977","08","01","17:00"," ","18,90","","16,60","","87,00","","23,00","","30,00","","6,40","","101,05","","","","","","Brouillard"
"1977-08-01 18:00","1977","08","01","18:00"," ","18,30","","16,30","","88,00","","23,00","","28,00","","6,40","","101,05","","","","","","Brouillard"
"1977-08-01 19:00","1977","08","01","19:00"," ","17,40","","16,20","","93,00","","20,00","","28,00","","3,20","","101,01","","","","","","Brouillard"
"1977-08-01 20:00","1977","08","01","20:00"," ","17,70","","16,80","","94,00","","19,00","","19,00","","0,40","","101,01","","","","","","Brouillard"
"1977-08-01 21:00","1977","08","01","21:00"," ","14,80","","14,50","","98,00","","16,00","","13,00","","0,00","","101,01","","","","","","Brouillard"
"1977-08-01 22:00","1977","08","01","22:00"," ","14,70","","14,50","","99,00","","18,00","","9,00","","0,00","","101,11","","","","","","Brouillard"
"1977-08-01 23:00","1977","08","01","23:00"," ","16,70","","16,40","","98,00","","18,00","","19,00","","0,80","","101,11","","","","","","Brouillard"
"1977-08-02 00:00","1977","08","02","00:00"," ","15,80","","15,70","","100,00","","16,00","","13,00","","0,40","","101,08","","","","","","Brouillard"
"1977-08-02 01:00","1977","08","02","01:00"," ","16,20","","16,10","","99,00","","17,00","","13,00","","0,40","","101,01","","","","","","Brouillard"
"1977-08-02 02:00","1977","08","02","02:00"," ","16,40","","16,30","","99,00","","17,00","","13,00","","0,40","","100,98","","","","","","Brouillard"
"1977-08-02 03:00","1977","08","02","03:00"," ","16,70","","16,40","","98,00","","16,00","","17,00","","0,40","","100,88","","","","","","Brouillard"
"1977-08-02 04:00","1977","08","02","04:00"," ","15,20","","15,10","","99,00","","19,00","","19,00","","0,40","","100,91","","","","","","Brouillard"
"1977-08-02 05:00","1977","08","02","05:00"," ","14,90","","14,70","","99,00","","17,00","","7,00","","0,40","","100,95","","","","","","Brouillard"
"1977-08-02 06:00","1977","08","02","06:00"," ","14,70","","14,70","","100,00","","15,00","","7,00","","0,20","","100,91","","","","","","Brouillard"
"1977-08-02 07:00","1977","08","02","07:00"," ","14,50","","14,30","","99,00","","17,00","","7,00","","0,20","","100,91","","","","","","Brouillard"
"1977-08-02 08:00","1977","08","02","08:00"," ","15,60","","14,90","","95,00","","18,00","","11,00","","0,40","","100,95","","","","","","Brouillard"
"1977-08-02 09:00","1977","08","02","09:00"," ","15,00","","14,70","","98,00","","19,00","","6,00","","0,20","","101,01","","","","","","Brouillard"
"1977-08-02 10:00","1977","08","02","10:00"," ","15,40","","14,90","","97,00","","16,00","","6,00","","0,20","","101,01","","","","","","Averses de pluie,Brouillard"
"1977-08-02 11:00","1977","08","02","11:00"," ","15,90","","15,70","","99,00","","0,00","","0,00","","2,40","","101,05","","","","","","Averses de pluie,Brouillard"
"1977-08-02 12:00","1977","08","02","12:00"," ","17,50","","16,90","","96,00","","15,00","","7,00","","3,20","","101,01","","","","","","Brouillard"
"1977-08-02 13:00","1977","08","02","13:00"," ","18,10","","17,70","","98,00","","18,00","","4,00","","1,20","","101,01","","","","","","Brouillard"
"1977-08-02 14:00","1977","08","02","14:00"," ","18,90","","18,80","","99,00","","23,00","","9,00","","2,40","","101,05","","","","","","Brouillard"
"1977-08-02 15:00","1977","08","02","15:00"," ","18,20","","18,20","","100,00","","15,00","","6,00","","0,40","","101,05","","","","","","Brouillard"
"1977-08-02 16:00","1977","08","02","16:00"," ","18,90","","18,70","","99,00","","17,00","","7,00","","1,20","","101,05","","","","","","Brouillard"
"1977-08-02 17:00","1977","08","02","17:00"," ","16,80","","16,70","","100,00","","18,00","","9,00","","0,80","","101,01","","","","","","Brouillard"
"1977-08-02 18:00","1977","08","02","18:00"," ","16,80","","16,80","","100,00","","23,00","","6,00","","0,20","","101,05","","","","","","Brouillard"
"1977-08-02 19:00","1977","08","02","19:00"," ","16,40","","16,40","","100,00","","17,00","","6,00","","0,20","","101,08","","","","","","Brouillard"
"1977-08-02 20:00","1977","08","02","20:00"," ","15,20","","15,20","","100,00","","0,00","","0,00","","0,20","","101,11","","","","","","Brouillard"
"1977-08-02 21:00","1977","08","02","21:00"," ","14,80","","14,80","","100,00","","16,00","","6,00","","0,00","","101,15","","","","","","Brouillard"
"1977-08-02 22:00","1977","08","02","22:00"," ","14,10","","14,10","","100,00","","20,00","","4,00","","0,00","","101,21","","","","","","Brouillard"
"1977-08-02 23:00","1977","08","02","23:00"," ","13,90","","13,90","","100,00","","18,00","","4,00","","0,00","","101,21","","","","","","Brouillard"
"1977-08-03 00:00","1977","08","03","00:00"," ","14,40","","14,40","","100,00","","0,00","","0,00","","0,00","","101,25","","","","","","Brouillard"
"1977-08-03 01:00","1977","08","03","01:00"," ","14,30","","14,30","","100,00","","0,00","","0,00","","0,00","","101,32","","","","","","Brouillard"
"1977-08-03 02:00","1977","08","03","02:00"," ","14,60","","14,60","","100,00","","0,00","","0,00","","0,00","","101,32","","","","","","Brouillard"
"1977-08-03 03:00","1977","08","03","03:00"," ","14,40","","14,40","","100,00","","0,00","","0,00","","0,00","","101,32","","","","","","Brouillard"
"1977-08-03 04:00","1977","08","03","04:00"," ","13,90","","13,90","","100,00","","0,00","","0,00","","0,00","","101,32","","","","","","Brouillard"
"1977-08-03 05:00","1977","08","03","05:00"," ","13,40","","13,40","","100,00","","0,00","","0,00","","0,00","","101,32","","","","","","Brouillard"
"1977-08-03 06:00","1977","08","03","06:00"," ","13,30","","13,30","","100,00","","0,00","","0,00","","0,00","","101,42","","","","","","Brouillard"
"1977-08-03 07:00","1977","08","03","07:00"," ","13,30","","13,30","","100,00","","0,00","","0,00","","0,00","","101,45","","","","","","Brouillard"
"1977-08-03 08:00","1977","08","03","08:00"," ","13,90","","13,90","","100,00","","0,00","","0,00","","0,00","","101,52","","","","","","Brouillard"
"1977-08-03 09:00","1977","08","03","09:00"," ","15,40","","15,40","","100,00","","0,00","","0,00","","0,20","","101,52","","","","","","Brouillard"
"1977-08-03 10:00","1977","08","03","10:00"," ","16,60","","16,60","","100,00","","14,00","","6,00","","1,20","","101,52","","","","","","Brouillard"
"1977-08-03 11:00","1977","08","03","11:00"," ","19,10","","18,30","","95,00","","12,00","","6,00","","11,30","","101,52","","","","","","Nuageux"
"1977-08-03 12:00","1977","08","03","12:00"," ","21,80","","19,70","","88,00","","0,00","","0,00","","12,90","","101,45","","29,00","","","","Généralement nuageux"
"1977-08-03 13:00","1977","08","03","13:00"," ","21,70","","18,20","","81,00","","23,00","","9,00","","16,10","","101,45","","28,00","","","","Généralement nuageux"
"1977-08-03 14:00","1977","08","03","14:00"," ","21,40","","18,30","","82,00","","25,00","","9,00","","16,10","","101,48","","28,00","","","","Généralement nuageux"
"1977-08-03 15:00","1977","08","03","15:00"," ","16,30","","14,50","","89,00","","24,00","","17,00","","9,70","","101,45","","","","","","Brouillard"
"1977-08-03 16:00","1977","08","03","16:00"," ","18,30","","16,90","","92,00","","24,00","","9,00","","9,70","","101,48","","","","","","Brouillard"
"1977-08-03 17:00","1977","08","03","17:00"," ","19,00","","17,20","","89,00","","24,00","","7,00","","9,70","","101,48","","","","","","Brouillard"
"1977-08-03 18:00","1977","08","03","18:00"," ","19,10","","16,60","","85,00","","21,00","","6,00","","9,70","","101,45","","","","","","Brouillard"
"1977-08-03 19:00","1977","08","03","19:00"," ","18,20","","16,60","","90,00","","0,00","","0,00","","9,70","","101,48","","","","","","Brouillard"
"1977-08-03 20:00","1977","08","03","20:00"," ","16,80","","16,10","","96,00","","18,00","","6,00","","9,70","","101,45","","","","","","Brouillard"
"1977-08-03 21:00","1977","08","03","21:00"," ","14,90","","14,70","","99,00","","17,00","","6,00","","0,40","","101,45","","","","","","Brouillard"
"1977-08-03 22:00","1977","08","03","22:00"," ","14,60","","14,40","","99,00","","18,00","","11,00","","0,40","","101,48","","","","","","Brouillard"
"1977-08-03 23:00","1977","08","03","23:00"," ","14,60","","14,40","","99,00","","17,00","","7,00","","0,80","","101,45","","","","","","Brouillard"
"1977-08-04 00:00","1977","08","04","00:00"," ","14,80","","14,80","","100,00","","16,00","","6,00","","1,60","","101,52","","","","","","Brouillard"
"1977-08-04 01:00","1977","08","04","01:00"," ","14,80","","14,70","","100,00","","0,00","","0,00","","1,60","","101,48","","","","","","Brouillard"
"1977-08-04 02:00","1977","08","04","02:00"," ","14,70","","14,70","","100,00","","0,00","","0,00","","3,20","","101,52","","","","","","Brouillard"
"1977-08-04 03:00","1977","08","04","03:00"," ","15,10","","14,80","","98,00","","0,00","","0,00","","3,20","","101,45","","","","","","Brouillard"
"1977-08-04 04:00","1977","08","04","04:00"," ","15,10","","14,80","","98,00","","0,00","","0,00","","0,20","","101,42","","","","","","Brouillard"
"1977-08-04 05:00","1977","08","04","05:00"," ","15,50","","15,50","","100,00","","0,00","","0,00","","0,20","","101,38","","","","","","Brouillard"
"1977-08-04 06:00","1977","08","04","06:00"," ","15,40","","15,40","","100,00","","0,00","","0,00","","0,00","","101,35","","","","","","Brouillard"
"1977-08-04 07:00","1977","08","04","07:00"," ","16,10","","16,10","","100,00","","0,00","","0,00","","0,00","","101,42","","","","","","Brouillard"
"1977-08-04 08:00","1977","08","04","08:00"," ","16,80","","16,80","","100,00","","18,00","","6,00","","0,00","","101,45","","","","","","Brouillard"
"1977-08-04 09:00","1977","08","04","09:00"," ","18,00","","17,70","","98,00","","16,00","","4,00","","0,20","","101,45","","","","","","Brouillard"
"1977-08-04 10:00","1977","08","04","10:00"," ","18,70","","18,50","","99,00","","18,00","","7,00","","0,20","","101,45","","","","","","Brouillard"
"1977-08-04 11:00","1977","08","04","11:00"," ","20,70","","19,20","","91,00","","24,00","","9,00","","4,80","","101,45","","28,00","","","","Brouillard"
"1977-08-04 12:00","1977","08","04","12:00"," ","20,10","","18,60","","91,00","","24,00","","9,00","","4,80","","101,48","","27,00","","","","Brouillard"
"1977-08-04 13:00","1977","08","04","13:00"," ","19,90","","18,30","","90,00","","23,00","","9,00","","4,80","","101,45","","","","","","Brouillard"
"1977-08-04 14:00","1977","08","04","14:00"," ","19,70","","18,70","","94,00","","27,00","","7,00","","1,20","","101,42","","","","","","Brouillard"
"1977-08-04 15:00","1977","08","04","15:00"," ","20,10","","18,30","","89,00","","26,00","","7,00","","3,20","","101,45","","26,00","","","","Brouillard"
"1977-08-04 16:00","1977","08","04","16:00"," ","20,00","","17,80","","87,00","","26,00","","11,00","","4,80","","101,52","","26,00","","","","Brouillard,Brume sèche"
"1977-08-04 17:00","1977","08","04","17:00"," ","18,90","","17,00","","89,00","","26,00","","9,00","","6,40","","101,45","","","","","","Brume sèche"
"1977-08-04 18:00","1977","08","04","18:00"," ","19,20","","16,60","","85,00","","24,00","","11,00","","8,00","","101,42","","","","","","Brume sèche"
"1977-08-04 19:00","1977","08","04","19:00"," ","17,80","","16,20","","91,00","","24,00","","9,00","","8,00","","101,48","","","","","","Brume sèche"
"1977-08-04 20:00","1977","08","04","20:00"," ","15,60","","15,10","","97,00","","19,00","","6,00","","1,20","","101,45","","","","","","Brouillard"
"1977-08-04 21:00","1977","08","04","21:00"," ","16,20","","16,10","","99,00","","19,00","","6,00","","0,20","","101,45","","","","","","Brouillard"
"1977-08-04 22:00","1977","08","04","22:00"," ","16,50","","16,20","","98,00","","21,00","","7,00","","0,00","","101,52","","","","","","Brouillard"
"1977-08-04 23:00","1977","08","04","23:00"," ","16,40","","16,10","","98,00","","21,00","","7,00","","0,00","","101,52","","","","","","Brouillard"
"1977-08-05 00:00","1977","08","05","00:00"," ","15,80","","15,80","","100,00","","23,00","","13,00","","0,00","","101,48","","","","","","Brouillard"
"1977-08-05 01:00","1977","08","05","01:00"," ","15,80","","15,80","","100,00","","22,00","","13,00","","0,00","","101,52","","","","","","Brouillard"
"1977-08-05 02:00","1977","08","05","02:00"," ","14,10","","14,10","","100,00","","17,00","","7,00","","0,00","","101,52","","","","","","Brouillard"
"1977-08-05 03:00","1977","08","05","03:00"," ","13,60","","13,60","","100,00","","17,00","","7,00","","0,00","","101,52","","","","","","Brouillard"
"1977-08-05 04:00","1977","08","05","04:00"," ","13,60","","13,60","","100,00","","15,00","","9,00","","0,00","","101,52","","","","","","Brouillard"
"1977-08-05 05:00","1977","08","05","05:00"," ","13,70","","13,70","","100,00","","16,00","","7,00","","0,00","","101,52","","","","","","Brouillard"
"1977-08-05 06:00","1977","08","05","06:00"," ","13,90","","13,90","","100,00","","17,00","","6,00","","0,00","","101,55","","","","","","Brouillard"
"1977-08-05 07:00","1977","08","05","07:00"," ","14,50","","14,50","","100,00","","0,00","","0,00","","0,00","","101,59","","","","","","Brouillard"
"1977-08-05 08:00","1977","08","05","08:00"," ","16,40","","16,20","","99,00","","17,00","","6,00","","0,40","","101,55","","","","","","Brouillard"
"1977-08-05 09:00","1977","08","05","09:00"," ","16,70","","16,60","","99,00","","20,00","","6,00","","0,40","","101,55","","","","","","Brouillard"
"1977-08-05 10:00","1977","08","05","10:00"," ","17,80","","17,80","","100,00","","20,00","","6,00","","1,20","","101,55","","","","","","Brouillard"
"1977-08-05 11:00","1977","08","05","11:00"," ","18,70","","18,20","","97,00","","0,00","","0,00","","4,80","","101,52","","","","","","Brouillard"
"1977-08-05 12:00","1977","08","05","12:00"," ","20,40","","18,90","","91,00","","22,00","","6,00","","8,00","","101,52","","27,00","","","","Brouillard"
"1977-08-05 13:00","1977","08","05","13:00"," ","19,70","","18,50","","93,00","","24,00","","13,00","","8,00","","101,52","","","","","","Brume sèche"
"1977-08-05 14:00","1977","08","05","14:00"," ","19,40","","17,80","","90,00","","21,00","","9,00","","8,00","","101,45","","","","","","Brume sèche"
"1977-08-05 15:00","1977","08","05","15:00"," ","19,90","","18,70","","93,00","","16,00","","9,00","","8,00","","101,42","","","","","","Brouillard"
"1977-08-05 16:00","1977","08","05","16:00"," ","17,30","","16,00","","92,00","","18,00","","11,00","","6,40","","101,35","","","","","","Brouillard"
"1977-08-05 17:00","1977","08","05","17:00"," ","16,30","","15,70","","97,00","","18,00","","13,00","","4,00","","101,32","","","","","","Brouillard"
"1977-08-05 18:00","1977","08","05","18:00"," ","16,30","","15,70","","97,00","","17,00","","9,00","","4,00","","101,32","","","","","","Brouillard"
"1977-08-05 19:00","1977","08","05","19:00"," ","15,80","","15,30","","97,00","","19,00","","11,00","","0,80","","101,25","","","","","","Brouillard"
"1977-08-05 20:00","1977","08","05","20:00"," ","16,20","","16,20","","100,00","","20,00","","15,00","","0,40","","101,25","","","","","","Brouillard"
"1977-08-05 21:00","1977","08","05","21:00"," ","16,30","","15,90","","98,00","","17,00","","17,00","","0,80","","101,25","","","","","","Brouillard"
"1977-08-05 22:00","1977","08","05","22:00"," ","16,10","","15,80","","98,00","","17,00","","19,00","","1,60","","101,18","","","","","","Brouillard"
"1977-08-05 23:00","1977","08","05","23:00"," ","16,80","","16,70","","100,00","","20,00","","22,00","","2,40","","101,05","","","","","","Brouillard"
"1977-08-06 00:00","1977","08","06","00:00"," ","17,70","","17,00","","96,00","","20,00","","15,00","","3,20","","101,05","","","","","","Brouillard"
"1977-08-06 01:00","1977","08","06","01:00"," ","16,30","","16,20","","100,00","","21,00","","26,00","","1,20","","101,01","","","","","","Brouillard"
"1977-08-06 02:00","1977","08","06","02:00"," ","16,10","","15,90","","99,00","","21,00","","19,00","","1,20","","100,91","","","","","","Brouillard"
"1977-08-06 03:00","1977","08","06","03:00"," ","16,10","","15,90","","99,00","","22,00","","20,00","","0,40","","100,91","","","","","","Brouillard"
"1977-08-06 04:00","1977","08","06","04:00"," ","16,10","","16,10","","100,00","","24,00","","24,00","","0,40","","100,95","","","","","","Brouillard"
"1977-08-06 05:00","1977","08","06","05:00"," ","16,00","","15,90","","99,00","","23,00","","20,00","","0,20","","100,95","","","","","","Brouillard"
"1977-08-06 06:00","1977","08","06","06:00"," ","15,30","","15,30","","100,00","","25,00","","13,00","","0,20","","100,95","","","","","","Brouillard"
"1977-08-06 07:00","1977","08","06","07:00"," ","15,20","","15,20","","100,00","","25,00","","15,00","","0,20","","101,01","","","","","","Brouillard"
"1977-08-06 08:00","1977","08","06","08:00"," ","16,90","","16,90","","100,00","","23,00","","11,00","","0,20","","100,98","","","","","","Brouillard"
"1977-08-06 09:00","1977","08","06","09:00"," ","16,90","","16,90","","100,00","","23,00","","7,00","","0,00","","100,95","","","","","","Brouillard"
"1977-08-06 10:00","1977","08","06","10:00"," ","16,60","","16,60","","100,00","","25,00","","11,00","","0,20","","100,95","","","","","","Brouillard"
"1977-08-06 11:00","1977","08","06","11:00"," ","17,40","","16,90","","97,00","","25,00","","7,00","","1,60","","100,95","","","","","","Brouillard"
"1977-08-06 12:00","1977","08","06","12:00"," ","17,90","","17,30","","96,00","","25,00","","6,00","","4,80","","100,91","","","","","","Brouillard"
"1977-08-06 13:00","1977","08","06","13:00"," ","18,30","","17,20","","94,00","","26,00","","7,00","","8,00","","100,91","","","","","","Brouillard"
"1977-08-06 14:00","1977","08","06","14:00"," ","17,20","","16,40","","95,00","","26,00","","7,00","","8,00","","100,91","","","","","","Brume sèche"
"1977-08-06 15:00","1977","08","06","15:00"," ","17,40","","16,60","","95,00","","25,00","","6,00","","8,00","","100,88","","","","","","Brume sèche"
"1977-08-06 16:00","1977","08","06","16:00"," ","18,10","","16,70","","92,00","","27,00","","11,00","","4,80","","100,88","","","","","","Brume sèche"
"1977-08-06 17:00","1977","08","06","17:00"," ","19,40","","17,30","","88,00","","27,00","","11,00","","8,00","","100,88","","","","","","Brume sèche"
"1977-08-06 18:00","1977","08","06","18:00"," ","19,70","","17,50","","87,00","","24,00","","7,00","","9,70","","100,88","","","","","","Brume sèche"
"1977-08-06 19:00","1977","08","06","19:00"," ","18,10","","16,40","","90,00","","18,00","","11,00","","9,70","","100,88","","","","","","Brouillard,Brume sèche"
"1977-08-06 20:00","1977","08","06","20:00"," ","15,90","","15,40","","97,00","","25,00","","9,00","","1,00","","100,88","","","","","","Brouillard"
"1977-08-06 21:00","1977","08","06","21:00"," ","16,70","","16,20","","97,00","","0,00","","0,00","","0,80","","100,91","","","","","","Brouillard"
"1977-08-06 22:00","1977","08","06","22:00"," ","16,10","","15,50","","96,00","","0,00","","0,00","","0,80","","100,91","","","","","","Brouillard"
"1977-08-06 23:00","1977","08","06","23:00"," ","16,40","","15,90","","97,00","","0,00","","0,00","","1,20","","100,91","","","","","","Brouillard"
"1977-08-07 00:00","1977","08","07","00:00"," ","16,20","","16,10","","99,00","","0,00","","0,00","","0,20","","100,91","","","","","","Brouillard"
"1977-08-07 01:00","1977","08","07","01:00"," ","16,20","","16,10","","99,00","","14,00","","6,00","","0,20","","100,88","","","","","","Brouillard"
"1977-08-07 02:00","1977","08","07","02:00"," ","15,50","","15,30","","99,00","","0,00","","0,00","","0,20","","100,88","","","","","","Brouillard"
"1977-08-07 03:00","1977","08","07","03:00"," ","15,60","","15,40","","99,00","","0,00","","0,00","","0,20","","100,88","","","","","","Brouillard"
"1977-08-07 04:00","1977","08","07","04:00"," ","15,60","","15,40","","99,00","","0,00","","0,00","","0,00","","100,84","","","","","","Brouillard"
"1977-08-07 05:00","1977","08","07","05:00"," ","15,50","","15,40","","99,00","","0,00","","0,00","","0,00","","100,88","","","","","","Brouillard"
"1977-08-07 06:00","1977","08","07","06:00"," ","16,10","","15,90","","99,00","","0,00","","0,00","","0,20","","100,91","","","","","","Brouillard"
"1977-08-07 07:00","1977","08","07","07:00"," ","17,80","","17,20","","97,00","","0,00","","0,00","","1,20","","100,98","","","","","","Brouillard"
"1977-08-07 08:00","1977","08","07","08:00"," ","18,80","","18,20","","97,00","","0,00","","0,00","","2,40","","101,01","","","","","","Brouillard,Brume sèche"
"1977-08-07 09:00","1977","08","07","09:00"," ","21,40","","18,80","","85,00","","0,00","","0,00","","6,40","","100,95","","28,00","","","","Brume sèche"
"1977-08-07 10:00","1977","08","07","10:00"," ","23,90","","20,00","","79,00","","8,00","","6,00","","9,70","","100,91","","31,00","","","","Brume sèche"
"1977-08-07 11:00","1977","08","07","11:00"," ","24,40","","20,80","","80,00","","27,00","","7,00","","9,70","","100,84","","33,00","","","","Brume sèche"
"1977-08-07 12:00","1977","08","07","12:00"," ","21,00","","18,80","","87,00","","29,00","","17,00","","9,70","","100,81","","28,00","","","","Brume sèche"
"1977-08-07 13:00","1977","08","07","13:00"," ","18,90","","17,20","","90,00","","29,00","","11,00","","6,40","","100,78","","","","","","Brouillard,Brume sèche"
"1977-08-07 14:00","1977","08","07","14:00"," ","18,80","","17,00","","89,00","","27,00","","11,00","","8,00","","100,78","","","","","","Brume sèche"
"1977-08-07 15:00","1977","08","07","15:00"," ","21,90","","18,10","","79,00","","28,00","","11,00","","8,00","","100,78","","28,00","","","","Brume sèche"
"1977-08-07 16:00","1977","08","07","16:00"," ","21,60","","19,20","","86,00","","28,00","","7,00","","12,90","","100,78","","29,00","","","","Généralement nuageux"
"1977-08-07 17:00","1977","08","07","17:00"," ","21,20","","17,80","","81,00","","31,00","","6,00","","12,90","","100,71","","27,00","","","","Généralement nuageux"
"1977-08-07 18:00","1977","08","07","18:00"," ","16,80","","15,30","","91,00","","26,00","","6,00","","12,90","","100,74","","","","","","Généralement nuageux"
"1977-08-07 19:00","1977","08","07","19:00"," ","15,60","","14,20","","91,00","","0,00","","0,00","","12,90","","100,74","","","","","","Généralement nuageux"
"1977-08-07 20:00","1977","08","07","20:00"," ","15,60","","14,60","","94,00","","0,00","","0,00","","12,90","","100,68","","","","","","Généralement nuageux"
"1977-08-07 21:00","1977","08","07","21:00"," ","14,80","","13,90","","94,00","","25,00","","6,00","","12,90","","100,74","","","","","","Nuageux"
"1977-08-07 22:00","1977","08","07","22:00"," ","15,60","","14,90","","95,00","","0,00","","0,00","","0,80","","100,68","","","","","","Brouillard"
"1977-08-07 23:00","1977","08","07","23:00"," ","16,40","","16,10","","98,00","","0,00","","0,00","","0,00","","100,68","","","","","","Brouillard"
"1977-08-08 00:00","1977","08","08","00:00"," ","15,70","","15,60","","99,00","","0,00","","0,00","","0,00","","100,64","","","","","","Brouillard"
"1977-08-08 01:00","1977","08","08","01:00"," ","15,30","","15,30","","100,00","","0,00","","0,00","","0,00","","100,61","","","","","","Brouillard"
"1977-08-08 02:00","1977","08","08","02:00"," ","15,20","","15,10","","99,00","","0,00","","0,00","","0,00","","100,57","","","","","","Brouillard"
"1977-08-08 03:00","1977","08","08","03:00"," ","15,40","","15,30","","99,00","","0,00","","0,00","","0,00","","100,57","","","","","","Brouillard"
"1977-08-08 04:00","1977","08","08","04:00"," ","15,40","","15,30","","99,00","","0,00","","0,00","","0,00","","100,54","","","","","","Brouillard"
"1977-08-08 05:00","1977","08","08","05:00"," ","16,20","","16,00","","99,00","","0,00","","0,00","","0,00","","100,54","","","","","","Brouillard"
"1977-08-08 06:00","1977","08","08","06:00"," ","16,40","","16,30","","99,00","","0,00","","0,00","","0,00","","100,54","","","","","","Brouillard"
"1977-08-08 07:00","1977","08","08","07:00"," ","17,10","","16,80","","98,00","","0,00","","0,00","","0,00","","100,57","","","","","","Brouillard"
"1977-08-08 08:00","1977","08","08","08:00"," ","18,20","","17,80","","97,00","","30,00","","6,00","","0,40","","100,57","","","","","","Brouillard"
"1977-08-08 09:00","1977","08","08","09:00"," ","17,70","","17,40","","98,00","","0,00","","0,00","","0,80","","100,51","","","","","","Brouillard"
"1977-08-08 10:00","1977","08","08","10:00"," ","18,40","","17,90","","97,00","","0,00","","0,00","","3,20","","100,47","","","","","","Brouillard"
"1977-08-08 11:00","1977","08","08","11:00"," ","18,30","","17,80","","97,00","","24,00","","6,00","","4,80","","100,54","","","","","","Brouillard"
"1977-08-08 12:00","1977","08","08","12:00"," ","19,80","","18,60","","93,00","","26,00","","6,00","","9,70","","100,47","","","","","","Brouillard"
"1977-08-08 13:00","1977","08","08","13:00"," ","18,20","","17,40","","95,00","","25,00","","13,00","","2,40","","100,51","","","","","","Brouillard"
"1977-08-08 14:00","1977","08","08","14:00"," ","19,20","","17,70","","91,00","","24,00","","13,00","","8,00","","100,47","","","","","","Brouillard"
"1977-08-08 15:00","1977","08","08","15:00"," ","18,50","","17,30","","93,00","","22,00","","9,00","","6,40","","100,44","","","","","","Brouillard"
"1977-08-08 16:00","1977","08","08","16:00"," ","18,30","","17,70","","97,00","","27,00","","7,00","","6,40","","100,41","","","","","","Brouillard"
"1977-08-08 17:00","1977","08","08","17:00"," ","17,90","","17,30","","96,00","","23,00","","6,00","","3,20","","100,37","","","","","","Brouillard"
"1977-08-08 18:00","1977","08","08","18:00"," ","16,70","","16,40","","98,00","","25,00","","6,00","","0,40","","100,37","","","","","","Brouillard"
"1977-08-08 19:00","1977","08","08","19:00"," ","16,60","","16,40","","99,00","","0,00","","0,00","","0,20","","100,37","","","","","","Brouillard"
"1977-08-08 20:00","1977","08","08","20:00"," ","16,00","","15,00","","94,00","","0,00","","0,00","","1,20","","100,37","","","","","","Brouillard"
"1977-08-08 21:00","1977","08","08","21:00"," ","15,50","","15,40","","99,00","","0,00","","0,00","","0,00","","100,41","","","","","","Brouillard"
"1977-08-08 22:00","1977","08","08","22:00"," ","14,40","","14,30","","99,00","","19,00","","6,00","","0,00","","100,37","","","","","","Brouillard"
"1977-08-08 23:00","1977","08","08","23:00"," ","13,60","","13,50","","99,00","","17,00","","6,00","","0,00","","100,37","","","","","","Brouillard"
"1977-08-09 00:00","1977","08","09","00:00"," ","15,10","","14,70","","98,00","","0,00","","0,00","","0,00","","100,34","","","","","","Brouillard"
"1977-08-09 01:00","1977","08","09","01:00"," ","15,60","","15,30","","98,00","","0,00","","0,00","","0,00","","100,34","","","","","","Brouillard"
"1977-08-09 02:00","1977","08","09","02:00"," ","15,80","","15,50","","98,00","","15,00","","6,00","","0,00","","100,27","","","","","","Brouillard"
"1977-08-09 03:00","1977","08","09","03:00"," ","15,80","","15,30","","97,00","","17,00","","6,00","","0,00","","100,27","","","","","","Brouillard"
"1977-08-09 04:00","1977","08","09","04:00"," ","15,60","","15,20","","98,00","","15,00","","6,00","","0,00","","100,24","","","","","","Brouillard"
"1977-08-09 05:00","1977","08","09","05:00"," ","15,70","","15,30","","97,00","","16,00","","6,00","","0,00","","100,24","","","","","","Brouillard"
"1977-08-09 06:00","1977","08","09","06:00"," ","15,30","","14,90","","98,00","","17,00","","17,00","","0,00","","100,24","","","","","","Brouillard"
"1977-08-09 07:00","1977","08","09","07:00"," ","15,20","","14,70","","97,00","","19,00","","9,00","","0,00","","100,27","","","","","","Brouillard"
"1977-08-09 08:00","1977","08","09","08:00"," ","16,10","","15,80","","98,00","","18,00","","6,00","","0,00","","100,27","","","","","","Brouillard"
"1977-08-09 09:00","1977","08","09","09:00"," ","18,10","","17,50","","96,00","","26,00","","15,00","","1,60","","100,30","","","","","","Brouillard"
"1977-08-09 10:00","1977","08","09","10:00"," ","19,70","","18,20","","91,00","","27,00","","19,00","","8,00","","100,34","","","","","","Brouillard"
"1977-08-09 11:00","1977","08","09","11:00"," ","21,00","","18,40","","85,00","","27,00","","15,00","","8,00","","100,37","","27,00","","","","Brouillard"
"1977-08-09 12:00","1977","08","09","12:00"," ","20,50","","18,00","","86,00","","27,00","","19,00","","12,90","","100,37","","27,00","","","","Généralement nuageux"
"1977-08-09 13:00","1977","08","09","13:00"," ","20,40","","17,30","","82,00","","27,00","","20,00","","16,10","","100,37","","26,00","","","","Généralement nuageux"
"1977-08-09 14:00","1977","08","09","14:00"," ","20,90","","14,60","","67,00","","30,00","","33,00","","16,10","","100,44","","25,00","","","","Généralement dégagé"
"1977-08-09 15:00","1977","08","09","15:00"," ","20,30","","14,40","","69,00","","30,00","","33,00","","16,10","","100,51","","","","","","Généralement dégagé"
"1977-08-09 16:00","1977","08","09","16:00"," ","20,30","","13,30","","64,00","","31,00","","24,00","","24,10","","100,51","","","","","","Généralement dégagé"
"1977-08-09 17:00","1977","08","09","17:00"," ","19,70","","13,80","","69,00","","27,00","","22,00","","24,10","","100,57","","","","","","Généralement dégagé"
"1977-08-09 18:00","1977","08","09","18:00"," ","18,10","","12,90","","72,00","","27,00","","24,00","","24,10","","100,61","","","","","","Généralement nuageux"
"1977-08-09 19:00","1977","08","09","19:00"," ","16,20","","12,50","","79,00","","28,00","","13,00","","24,10","","100,71","","","","","","Généralement nuageux"
"1977-08-09 20:00","1977","08","09","20:00"," ","15,40","","11,60","","78,00","","34,00","","15,00","","24,10","","100,81","","","","","","Généralement dégagé"
"1977-08-09 21:00","1977","08","09","21:00"," ","14,40","","11,40","","82,00","","31,00","","13,00","","24,10","","100,95","","","","","","Dégagé"
"1977-08-09 22:00","1977","08","09","22:00"," ","13,90","","11,00","","83,00","","29,00","","4,00","","24,10","","101,01","","","","","","Dégagé"
"1977-08-09 23:00","1977","08","09","23:00"," ","13,10","","10,80","","86,00","","30,00","","7,00","","24,10","","101,11","","","","","","Dégagé"
"1977-08-10 00:00","1977","08","10","00:00"," ","11,50","","10,40","","93,00","","18,00","","7,00","","24,10","","101,18","","","","","","Dégagé"
"1977-08-10 01:00","1977","08","10","01:00"," ","12,50","","10,20","","86,00","","26,00","","7,00","","24,10","","101,21","","","","","","Dégagé"
"1977-08-10 02:00","1977","08","10","02:00"," ","12,20","","10,20","","88,00","","28,00","","9,00","","24,10","","101,28","","","","","","Dégagé"
"1977-08-10 03:00","1977","08","10","03:00"," ","11,90","","9,80","","87,00","","28,00","","9,00","","24,10","","101,32","","","","","","Dégagé"
"1977-08-10 04:00","1977","08","10","04:00"," ","12,30","","9,60","","84,00","","32,00","","13,00","","24,10","","101,35","","","","","","Dégagé"
"1977-08-10 05:00","1977","08","10","05:00"," ","12,10","","9,60","","85,00","","31,00","","11,00","","24,10","","101,42","","","","","","Généralement dégagé"
"1977-08-10 06:00","1977","08","10","06:00"," ","13,80","","9,60","","76,00","","28,00","","9,00","","24,10","","101,42","","","","","","Généralement dégagé"
"1977-08-10 07:00","1977","08","10","07:00"," ","16,10","","10,80","","71,00","","30,00","","7,00","","24,10","","101,48","","","","","","Généralement dégagé"
"1977-08-10 08:00","1977","08","10","08:00"," ","16,70","","13,00","","79,00","","26,00","","7,00","","24,10","","101,55","","","","","","Généralement dégagé"
"1977-08-10 09:00","1977","08","10","09:00"," ","17,70","","12,80","","73,00","","28,00","","7,00","","24,10","","101,55","","","","","","Généralement dégagé"
"1977-08-10 10:00","1977","08","10","10:00"," ","19,80","","12,70","","64,00","","27,00","","9,00","","24,10","","101,59","","","","","","Généralement dégagé"
"1977-08-10 11:00","1977","08","10","11:00"," ","20,20","","11,70","","58,00","","27,00","","15,00","","24,10","","101,59","","","","","","Généralement dégagé"
"1977-08-10 12:00","1977","08","10","12:00"," ","21,50","","10,60","","50,00","","26,00","","11,00","","24,10","","101,55","","","","","","Généralement dégagé"
"1977-08-10 13:00","1977","08","10","13:00"," ","21,60","","12,00","","54,00","","25,00","","24,00","","24,10","","101,55","","","","","","Généralement dégagé"
"1977-08-10 14:00","1977","08","10","14:00"," ","21,00","","12,60","","59,00","","25,00","","19,00","","24,10","","101,55","","","","","","Généralement dégagé"
"1977-08-10 15:00","1977","08","10","15:00"," ","20,20","","13,20","","64,00","","25,00","","15,00","","24,10","","101,52","","","","","","Généralement nuageux"
"1977-08-10 16:00","1977","08","10","16:00"," ","18,90","","13,30","","70,00","","25,00","","15,00","","24,10","","101,52","","","","","","Généralement nuageux"
"1977-08-10 17:00","1977","08","10","17:00"," ","19,40","","12,90","","66,00","","23,00","","13,00","","24,10","","101,45","","","","","","Généralement nuageux"
"1977-08-10 18:00","1977","08","10","18:00"," ","18,70","","11,60","","63,00","","21,00","","9,00","","24,10","","101,45","","","","","","Généralement nuageux"
"1977-08-10 19:00","1977","08","10","19:00"," ","16,40","","12,50","","78,00","","17,00","","9,00","","24,10","","101,42","","","","","","Généralement nuageux"
"1977-08-10 20:00","1977","08","10","20:00"," ","15,50","","12,40","","82,00","","17,00","","7,00","","24,10","","101,35","","","","","","Généralement nuageux"
"1977-08-10 21:00","1977","08","10","21:00"," ","15,90","","12,90","","82,00","","17,00","","9,00","","24,10","","101,35","","","","","","Nuageux"
"1977-08-10 22:00","1977","08","10","22:00"," ","16,10","","13,20","","83,00","","15,00","","6,00","","24,10","","101,35","","","","","","Nuageux"
"1977-08-10 23:00","1977","08","10","23:00"," ","15,70","","13,90","","89,00","","0,00","","0,00","","16,10","","101,38","","","","","","Averses de pluie"
"1977-08-11 00:00","1977","08","11","00:00"," ","15,10","","14,30","","95,00","","0,00","","0,00","","16,10","","101,38","","","","","","Pluie"
"1977-08-11 01:00","1977","08","11","01:00"," ","15,10","","14,50","","96,00","","14,00","","7,00","","16,10","","101,32","","","","","","Pluie"
"1977-08-11 02:00","1977","08","11","02:00"," ","14,90","","14,60","","98,00","","12,00","","6,00","","12,90","","101,21","","","","","","Pluie"
"1977-08-11 03:00","1977","08","11","03:00"," ","14,70","","14,30","","97,00","","11,00","","17,00","","11,30","","101,08","","","","","","Pluie"
"1977-08-11 04:00","1977","08","11","04:00"," ","14,70","","14,30","","97,00","","12,00","","7,00","","9,70","","101,08","","","","","","Pluie,Brouillard"
"1977-08-11 05:00","1977","08","11","05:00"," ","14,90","","14,40","","97,00","","11,00","","9,00","","16,10","","100,98","","","","","","Nuageux"
"1977-08-11 06:00","1977","08","11","06:00"," ","15,20","","14,70","","97,00","","12,00","","11,00","","16,10","","101,01","","","","","","Nuageux"
"1977-08-11 07:00","1977","08","11","07:00"," ","15,20","","14,40","","95,00","","11,00","","9,00","","12,90","","101,05","","","","","","Nuageux"
"1977-08-11 08:00","1977","08","11","08:00"," ","14,80","","14,80","","100,00","","11,00","","11,00","","4,80","","101,15","","","","","","Brouillard"
"1977-08-11 09:00","1977","08","11","09:00"," ","15,10","","15,10","","100,00","","9,00","","15,00","","4,80","","101,05","","","","","","Brouillard"
"1977-08-11 10:00","1977","08","11","10:00"," ","15,80","","15,80","","100,00","","10,00","","19,00","","3,20","","101,01","","","","","","Bruine,Brouillard"
"1977-08-11 11:00","1977","08","11","11:00"," ","16,60","","16,60","","100,00","","10,00","","17,00","","1,60","","101,01","","","","","","Bruine,Brouillard"
"1977-08-11 12:00","1977","08","11","12:00"," ","18,10","","17,20","","95,00","","9,00","","9,00","","12,90","","101,05","","","","","","Nuageux"
"1977-08-11 13:00","1977","08","11","13:00"," ","19,10","","18,00","","93,00","","8,00","","13,00","","16,10","","101,08","","","","","","Nuageux"
"1977-08-11 14:00","1977","08","11","14:00"," ","19,00","","17,60","","92,00","","8,00","","13,00","","16,10","","101,05","","","","","","Nuageux"
"1977-08-11 15:00","1977","08","11","15:00"," ","20,10","","18,10","","88,00","","5,00","","11,00","","24,10","","101,05","","26,00","","","","Nuageux"
"1977-08-11 16:00","1977","08","11","16:00"," ","19,10","","17,80","","92,00","","5,00","","9,00","","24,10","","101,11","","","","","","Nuageux"
"1977-08-11 17:00","1977","08","11","17:00"," ","18,90","","17,70","","93,00","","6,00","","7,00","","24,10","","101,11","","","","","","Nuageux"
"1977-08-11 18:00","1977","08","11","18:00"," ","18,30","","17,70","","97,00","","7,00","","9,00","","12,90","","101,15","","","","","","Nuageux"
"1977-08-11 19:00","1977","08","11","19:00"," ","17,80","","17,70","","100,00","","7,00","","9,00","","9,70","","101,18","","","","","","Brouillard"
"1977-08-11 20:00","1977","08","11","20:00"," ","17,30","","17,20","","100,00","","6,00","","7,00","","9,70","","101,21","","","","","","Brouillard"
"1977-08-11 21:00","1977","08","11","21:00"," ","16,80","","16,70","","100,00","","6,00","","6,00","","4,80","","101,25","","","","","","Brouillard"
"1977-08-11 22:00","1977","08","11","22:00"," ","17,20","","17,10","","99,00","","0,00","","0,00","","3,20","","101,25","","","","","","Bruine,Brouillard"
"1977-08-11 23:00","1977","08","11","23:00"," ","17,10","","17,10","","100,00","","9,00","","6,00","","3,20","","101,21","","","","","","Bruine,Brouillard"
"1977-08-12 00:00","1977","08","12","00:00"," ","16,20","","16,20","","100,00","","0,00","","0,00","","1,60","","101,18","","","","","","Bruine,Brouillard"
"1977-08-12 01:00","1977","08","12","01:00"," ","16,00","","16,00","","100,00","","0,00","","0,00","","1,60","","101,18","","","","","","Brouillard"
"1977-08-12 02:00","1977","08","12","02:00"," ","15,80","","15,80","","100,00","","0,00","","0,00","","1,60","","101,18","","","","","","Brouillard"
"1977-08-12 03:00","1977","08","12","03:00"," ","15,70","","15,70","","100,00","","0,00","","0,00","","0,80","","101,18","","","","","","Brouillard"
"1977-08-12 04:00","1977","08","12","04:00"," ","15,60","","15,60","","100,00","","0,00","","0,00","","0,80","","101,15","","","","","","Brouillard"
"1977-08-12 05:00","1977","08","12","05:00"," ","15,10","","15,10","","100,00","","18,00","","6,00","","0,00","","101,11","","","","","","Brouillard"
"1977-08-12 06:00","1977","08","12","06:00"," ","14,90","","14,90","","100,00","","0,00","","0,00","","0,00","","101,11","","","","","","Brouillard"
"1977-08-12 07:00","1977","08","12","07:00"," ","15,50","","15,50","","100,00","","16,00","","7,00","","0,40","","101,15","","","","","","Brouillard"
"1977-08-12 08:00","1977","08","12","08:00"," ","15,30","","15,30","","100,00","","17,00","","11,00","","3,20","","101,18","","","","","","Brouillard"
"1977-08-12 09:00","1977","08","12","09:00"," ","15,60","","15,60","","100,00","","20,00","","7,00","","0,20","","101,18","","","","","","Brouillard"
"1977-08-12 10:00","1977","08","12","10:00"," ","17,70","","17,70","","100,00","","18,00","","7,00","","0,40","","101,08","","","","","","Brouillard"
"1977-08-12 11:00","1977","08","12","11:00"," ","18,40","","18,30","","99,00","","20,00","","11,00","","4,80","","101,11","","","","","","Brouillard"
"1977-08-12 12:00","1977","08","12","12:00"," ","18,30","","18,00","","98,00","","19,00","","9,00","","4,80","","101,11","","","","","","Brouillard"
"1977-08-12 13:00","1977","08","12","13:00"," ","16,40","","16,40","","100,00","","20,00","","11,00","","0,00","","101,11","","","","","","Averses de pluie,Brouillard"
"1977-08-12 14:00","1977","08","12","14:00"," ","16,40","","16,40","","100,00","","13,00","","9,00","","0,20","","101,05","","","","","","Averses de pluie,Brouillard"
"1977-08-12 15:00","1977","08","12","15:00"," ","17,60","","17,60","","100,00","","9,00","","9,00","","0,80","","101,01","","","","","","Brouillard"
"1977-08-12 16:00","1977","08","12","16:00"," ","18,40","","18,40","","100,00","","15,00","","11,00","","2,40","","101,01","","","","","","Orages,Averses de pluie,Brouillard"
"1977-08-12 17:00","1977","08","12","17:00"," ","17,70","","17,70","","100,00","","15,00","","13,00","","1,20","","100,91","","","","","","Averses de pluie,Brouillard"
"1977-08-12 18:00","1977","08","12","18:00"," ","18,30","","18,30","","100,00","","15,00","","17,00","","2,40","","100,84","","","","","","Averses de pluie,Brouillard"
"1977-08-12 19:00","1977","08","12","19:00"," ","16,90","","16,60","","98,00","","16,00","","11,00","","0,40","","100,84","","","","","","Pluie,Brouillard"
"1977-08-12 20:00","1977","08","12","20:00"," ","16,90","","16,80","","99,00","","17,00","","11,00","","0,40","","100,88","","","","","","Brouillard"
"1977-08-12 21:00","1977","08","12","21:00"," ","16,70","","16,50","","99,00","","17,00","","7,00","","0,40","","100,95","","","","","","Brouillard"
"1977-08-12 22:00","1977","08","12","22:00"," ","16,40","","16,40","","100,00","","0,00","","0,00","","0,00","","100,91","","","","","","Brouillard"
"1977-08-12 23:00","1977","08","12","23:00"," ","16,40","","16,40","","100,00","","14,00","","7,00","","0,00","","100,88","","","","","","Brouillard"
"1977-08-13 00:00","1977","08","13","00:00"," ","15,80","","15,80","","100,00","","0,00","","0,00","","0,00","","100,91","","","","","","Brouillard"
"1977-08-13 01:00","1977","08","13","01:00"," ","15,90","","15,90","","100,00","","0,00","","0,00","","0,00","","100,91","","","","","","Brouillard"
"1977-08-13 02:00","1977","08","13","02:00"," ","16,00","","16,00","","100,00","","0,00","","0,00","","0,00","","100,91","","","","","","Brouillard"
"1977-08-13 03:00","1977","08","13","03:00"," ","15,10","","15,10","","100,00","","31,00","","6,00","","0,00","","100,95","","","","","","Brouillard"
"1977-08-13 04:00","1977","08","13","04:00"," ","15,20","","15,20","","100,00","","35,00","","4,00","","0,20","","100,95","","","","","","Brouillard"
"1977-08-13 05:00","1977","08","13","05:00"," ","15,60","","15,60","","100,00","","1,00","","4,00","","1,60","","101,01","","","","","","Brouillard"
"1977-08-13 06:00","1977","08","13","06:00"," ","16,40","","16,40","","100,00","","35,00","","6,00","","1,60","","101,05","","","","","","Brouillard"
"1977-08-13 07:00","1977","08","13","07:00"," ","17,10","","17,10","","100,00","","0,00","","0,00","","1,60","","101,11","","","","","","Brouillard"
"1977-08-13 08:00","1977","08","13","08:00"," ","18,80","","18,70","","100,00","","0,00","","0,00","","1,60","","101,11","","","","","","Brouillard"
"1977-08-13 09:00","1977","08","13","09:00"," ","17,90","","17,90","","100,00","","0,00","","0,00","","1,20","","101,11","","","","","","Brouillard"
"1977-08-13 10:00","1977","08","13","10:00"," ","17,80","","17,70","","100,00","","30,00","","6,00","","1,60","","101,15","","","","","","Brouillard"
"1977-08-13 11:00","1977","08","13","11:00"," ","19,00","","18,60","","98,00","","0,00","","0,00","","4,80","","101,18","","","","","","Brouillard"
"1977-08-13 12:00","1977","08","13","12:00"," ","18,60","","18,00","","96,00","","29,00","","6,00","","6,40","","101,21","","","","","","Brouillard"
"1977-08-13 13:00","1977","08","13","13:00"," ","17,20","","16,60","","96,00","","28,00","","9,00","","1,20","","101,21","","","","","","Brouillard"
"1977-08-13 14:00","1977","08","13","14:00"," ","18,50","","18,00","","97,00","","28,00","","9,00","","9,70","","101,15","","","","","","Brouillard"
"1977-08-13 15:00","1977","08","13","15:00"," ","18,30","","17,70","","97,00","","29,00","","6,00","","9,70","","101,15","","","","","","Brouillard"
"1977-08-13 16:00","1977","08","13","16:00"," ","16,90","","16,80","","99,00","","28,00","","6,00","","1,20","","101,15","","","","","","Brouillard"
"1977-08-13 17:00","1977","08","13","17:00"," ","16,30","","16,10","","99,00","","25,00","","9,00","","1,60","","101,18","","","","","","Brouillard"
"1977-08-13 18:00","1977","08","13","18:00"," ","16,40","","16,20","","99,00","","24,00","","6,00","","0,80","","101,15","","","","","","Brouillard"
"1977-08-13 19:00","1977","08","13","19:00"," ","15,90","","15,80","","99,00","","18,00","","7,00","","0,40","","101,15","","","","","","Brouillard"
"1977-08-13 20:00","1977","08","13","20:00"," ","15,20","","15,10","","99,00","","20,00","","7,00","","0,40","","101,15","","","","","","Brouillard"
"1977-08-13 21:00","1977","08","13","21:00"," ","14,60","","14,50","","99,00","","17,00","","7,00","","0,40","","101,18","","","","","","Brouillard"
"1977-08-13 22:00","1977","08","13","22:00"," ","16,40","","16,30","","99,00","","20,00","","7,00","","0,40","","101,21","","","","","","Brouillard"
"1977-08-13 23:00","1977","08","13","23:00"," ","16,70","","16,50","","99,00","","16,00","","7,00","","0,40","","101,21","","","","","","Brouillard"
"1977-08-14 00:00","1977","08","14","00:00"," ","16,40","","16,40","","100,00","","17,00","","6,00","","0,20","","101,18","","","","","","Brouillard"
"1977-08-14 01:00","1977","08","14","01:00"," ","14,70","","14,70","","100,00","","17,00","","6,00","","0,20","","101,15","","","","","","Brouillard"
"1977-08-14 02:00","1977","08","14","02:00"," ","14,60","","14,60","","100,00","","16,00","","7,00","","0,00","","101,11","","","","","","Brouillard"
"1977-08-14 03:00","1977","08","14","03:00"," ","14,10","","14,10","","100,00","","17,00","","11,00","","0,80","","101,11","","","","","","Brouillard"
"1977-08-14 04:00","1977","08","14","04:00"," ","14,50","","14,40","","99,00","","17,00","","11,00","","4,80","","101,11","","","","","","Brouillard"
"1977-08-14 05:00","1977","08","14","05:00"," ","15,30","","15,20","","100,00","","15,00","","6,00","","4,80","","101,11","","","","","","Brouillard"
"1977-08-14 06:00","1977","08","14","06:00"," ","15,40","","15,40","","100,00","","17,00","","11,00","","0,00","","101,11","","","","","","Brouillard"
"1977-08-14 07:00","1977","08","14","07:00"," ","15,30","","15,30","","100,00","","17,00","","9,00","","0,00","","101,11","","","","","","Brouillard"
"1977-08-14 08:00","1977","08","14","08:00"," ","15,80","","15,70","","100,00","","16,00","","9,00","","0,00","","101,15","","","","","","Brouillard"
"1977-08-14 09:00","1977","08","14","09:00"," ","16,90","","16,90","","100,00","","15,00","","7,00","","0,00","","101,11","","","","","","Brouillard"
"1977-08-14 10:00","1977","08","14","10:00"," ","18,30","","18,30","","100,00","","22,00","","19,00","","0,00","","101,15","","","","","","Brouillard"
"1977-08-14 11:00","1977","08","14","11:00"," ","19,60","","19,60","","100,00","","23,00","","26,00","","0,60","","101,11","","","","","","Brouillard"
"1977-08-14 12:00","1977","08","14","12:00"," ","19,80","","19,70","","100,00","","24,00","","28,00","","9,70","","101,01","","","","","","Brouillard"
"1977-08-14 13:00","1977","08","14","13:00"," ","22,60","","19,20","","81,00","","25,00","","22,00","","19,30","","100,95","","30,00","","","","Généralement nuageux"
"1977-08-14 14:00","1977","08","14","14:00"," ","23,30","","19,60","","80,00","","21,00","","26,00","","19,30","","100,88","","31,00","","","","Généralement nuageux"
"1977-08-14 15:00","1977","08","14","15:00"," ","21,20","","19,30","","89,00","","19,00","","24,00","","11,30","","100,91","","28,00","","","","Généralement nuageux"
"1977-08-14 16:00","1977","08","14","16:00"," ","19,20","","18,10","","93,00","","19,00","","20,00","","12,90","","100,84","","","","","","Nuageux"
"1977-08-14 17:00","1977","08","14","17:00"," ","18,20","","17,50","","96,00","","21,00","","19,00","","12,90","","100,78","","","","","","Nuageux"
"1977-08-14 18:00","1977","08","14","18:00"," ","18,60","","18,20","","98,00","","22,00","","20,00","","12,90","","100,78","","","","","","Nuageux"
"1977-08-14 19:00","1977","08","14","19:00"," ","17,30","","17,30","","100,00","","21,00","","28,00","","0,80","","100,71","","","","","","Pluie,Brouillard"
"1977-08-14 20:00","1977","08","14","20:00"," ","17,50","","17,50","","100,00","","24,00","","31,00","","0,80","","100,71","","","","","","Pluie,Brouillard"
"1977-08-14 21:00","1977","08","14","21:00"," ","17,80","","17,80","","100,00","","23,00","","19,00","","0,40","","100,71","","","","","","Pluie,Brouillard"
"1977-08-14 22:00","1977","08","14","22:00"," ","17,20","","17,20","","100,00","","24,00","","28,00","","6,40","","100,71","","","","","","Pluie,Brouillard"
"1977-08-14 23:00","1977","08","14","23:00"," ","15,70","","15,70","","100,00","","24,00","","28,00","","1,20","","100,71","","","","","","Pluie,Brouillard"
"1977-08-15 00:00","1977","08","15","00:00"," ","16,40","","16,30","","99,00","","24,00","","22,00","","4,80","","100,71","","","","","","Brouillard"
"1977-08-15 01:00","1977","08","15","01:00"," ","16,70","","16,70","","100,00","","24,00","","19,00","","0,80","","100,68","","","","","","Brouillard"
"1977-08-15 02:00","1977","08","15","02:00"," ","16,50","","16,30","","99,00","","24,00","","22,00","","0,80","","100,68","","","","","","Brouillard"
"1977-08-15 03:00","1977","08","15","03:00"," ","16,80","","16,60","","99,00","","24,00","","24,00","","0,80","","100,68","","","","","","Brouillard"
"1977-08-15 04:00","1977","08","15","04:00"," ","15,80","","15,60","","99,00","","27,00","","19,00","","0,40","","100,71","","","","","","Brouillard"
"1977-08-15 05:00","1977","08","15","05:00"," ","14,80","","14,80","","100,00","","28,00","","13,00","","0,40","","100,74","","","","","","Brouillard"
"1977-08-15 06:00","1977","08","15","06:00"," ","14,10","","14,00","","99,00","","28,00","","9,00","","0,20","","100,81","","","","","","Brouillard"
"1977-08-15 07:00","1977","08","15","07:00"," ","14,60","","14,50","","99,00","","29,00","","9,00","","0,20","","100,91","","","","","","Brouillard"
"1977-08-15 08:00","1977","08","15","08:00"," ","15,50","","15,50","","100,00","","32,00","","17,00","","1,20","","100,98","","","","","","Brouillard"
"1977-08-15 09:00","1977","08","15","09:00"," ","15,70","","14,80","","94,00","","33,00","","19,00","","4,80","","101,05","","","","","","Brouillard"
"1977-08-15 10:00","1977","08","15","10:00"," ","17,00","","16,40","","96,00","","33,00","","17,00","","9,70","","101,11","","","","","","Brouillard"
"1977-08-15 11:00","1977","08","15","11:00"," ","17,80","","16,30","","91,00","","30,00","","17,00","","12,90","","101,15","","","","","","Généralement nuageux"
"1977-08-15 12:00","1977","08","15","12:00"," ","18,30","","16,10","","87,00","","30,00","","22,00","","16,10","","101,21","","","","","","Généralement nuageux"
"1977-08-15 13:00","1977","08","15","13:00"," ","17,50","","15,00","","85,00","","30,00","","22,00","","19,30","","101,28","","","","","","Généralement nuageux"
"1977-08-15 14:00","1977","08","15","14:00"," ","17,90","","14,30","","79,00","","30,00","","22,00","","19,30","","101,25","","","","","","Généralement nuageux"
"1977-08-15 15:00","1977","08","15","15:00"," ","18,30","","14,60","","79,00","","31,00","","17,00","","24,10","","101,25","","","","","","Généralement nuageux"
"1977-08-15 16:00","1977","08","15","16:00"," ","18,40","","13,00","","71,00","","30,00","","24,00","","24,10","","101,28","","","","","","Généralement nuageux"
"1977-08-15 17:00","1977","08","15","17:00"," ","17,80","","10,70","","63,00","","30,00","","22,00","","24,10","","101,32","","","","","","Généralement dégagé"
"1977-08-15 18:00","1977","08","15","18:00"," ","16,60","","11,00","","69,00","","29,00","","17,00","","24,10","","101,32","","","","","","Généralement dégagé"
"1977-08-15 19:00","1977","08","15","19:00"," ","15,10","","10,10","","72,00","","29,00","","11,00","","24,10","","101,28","","","","","","Généralement dégagé"
"1977-08-15 20:00","1977","08","15","20:00"," ","12,70","","9,90","","83,00","","26,00","","9,00","","24,10","","101,42","","","","","","Généralement dégagé"
"1977-08-15 21:00","1977","08","15","21:00"," ","12,10","","10,30","","89,00","","25,00","","11,00","","24,10","","101,45","","","","","","Généralement dégagé"
"1977-08-15 22:00","1977","08","15","22:00"," ","12,80","","11,00","","89,00","","28,00","","13,00","","24,10","","101,52","","","","","","Généralement dégagé"
"1977-08-15 23:00","1977","08","15","23:00"," ","13,10","","11,60","","91,00","","28,00","","11,00","","24,10","","101,55","","","","","","Généralement dégagé"
"1977-08-16 00:00","1977","08","16","00:00"," ","13,60","","12,10","","91,00","","28,00","","15,00","","24,10","","101,59","","","","","","Dégagé"
"1977-08-16 01:00","1977","08","16","01:00"," ","13,50","","12,40","","93,00","","29,00","","11,00","","24,10","","101,59","","","","","","Dégagé"
"1977-08-16 02:00","1977","08","16","02:00"," ","13,00","","11,80","","92,00","","28,00","","7,00","","24,10","","101,55","","","","","","Dégagé"
"1977-08-16 03:00","1977","08","16","03:00"," ","12,10","","11,20","","94,00","","29,00","","11,00","","24,10","","101,59","","","","","","Dégagé"
"1977-08-16 04:00","1977","08","16","04:00"," ","11,60","","10,40","","92,00","","30,00","","9,00","","24,10","","101,62","","","","","","Dégagé"
"1977-08-16 05:00","1977","08","16","05:00"," ","12,60","","10,60","","88,00","","21,00","","11,00","","24,10","","101,59","","","","","","Généralement dégagé"
"1977-08-16 06:00","1977","08","16","06:00"," ","12,20","","10,60","","90,00","","30,00","","11,00","","24,10","","101,65","","","","","","Généralement nuageux"
"1977-08-16 07:00","1977","08","16","07:00"," ","13,80","","10,90","","83,00","","32,00","","9,00","","24,10","","101,69","","","","","","Généralement nuageux"
"1977-08-16 08:00","1977","08","16","08:00"," ","16,20","","11,90","","76,00","","32,00","","6,00","","24,10","","101,72","","","","","","Généralement nuageux"
"1977-08-16 09:00","1977","08","16","09:00"," ","17,40","","13,00","","75,00","","28,00","","7,00","","24,10","","101,72","","","","","","Généralement nuageux"
"1977-08-16 10:00","1977","08","16","10:00"," ","17,90","","11,90","","68,00","","29,00","","6,00","","24,10","","101,75","","","","","","Généralement nuageux"
"1977-08-16 11:00","1977","08","16","11:00"," ","18,60","","12,30","","67,00","","28,00","","7,00","","24,10","","101,75","","","","","","Généralement nuageux"
"1977-08-16 12:00","1977","08","16","12:00"," ","19,00","","11,00","","60,00","","29,00","","6,00","","24,10","","101,75","","","","","","Généralement nuageux"
"1977-08-16 13:00","1977","08","16","13:00"," ","19,90","","11,50","","58,00","","27,00","","6,00","","24,10","","101,69","","","","","","Généralement nuageux"
"1977-08-16 14:00","1977","08","16","14:00"," ","20,20","","11,30","","56,00","","24,00","","9,00","","24,10","","101,65","","","","","","Généralement nuageux"
"1977-08-16 15:00","1977","08","16","15:00"," ","19,80","","10,90","","57,00","","21,00","","11,00","","24,10","","101,65","","","","","","Généralement dégagé"
"1977-08-16 16:00","1977","08","16","16:00"," ","18,60","","9,80","","56,00","","23,00","","13,00","","24,10","","101,62","","","","","","Généralement nuageux"
"1977-08-16 17:00","1977","08","16","17:00"," ","17,80","","14,90","","83,00","","23,00","","9,00","","24,10","","101,59","","","","","","Généralement nuageux"
"1977-08-16 18:00","1977","08","16","18:00"," ","17,80","","14,90","","83,00","","23,00","","15,00","","24,10","","101,52","","","","","","Généralement nuageux"
"1977-08-16 19:00","1977","08","16","19:00"," ","15,00","","14,20","","95,00","","17,00","","11,00","","24,10","","101,45","","","","","","Généralement nuageux"
"1977-08-16 20:00","1977","08","16","20:00"," ","15,80","","14,30","","91,00","","21,00","","9,00","","24,10","","101,52","","","","","","Nuageux"
"1977-08-16 21:00","1977","08","16","21:00"," ","16,10","","12,80","","81,00","","21,00","","13,00","","24,10","","101,45","","","","","","Généralement nuageux"
"1977-08-16 22:00","1977","08","16","22:00"," ","16,20","","12,30","","77,00","","22,00","","19,00","","24,10","","101,42","","","","","","Nuageux"
"1977-08-16 23:00","1977","08","16","23:00"," ","15,20","","12,60","","84,00","","23,00","","19,00","","24,10","","101,48","","","","","","Averses de pluie"
"1977-08-17 00:00","1977","08","17","00:00"," ","15,80","","12,50","","81,00","","18,00","","7,00","","19,30","","101,45","","","","","","Pluie"
"1977-08-17 01:00","1977","08","17","01:00"," ","14,40","","12,50","","88,00","","0,00","","0,00","","19,30","","101,42","","","","","","Nuageux"
"1977-08-17 02:00","1977","08","17","02:00"," ","14,50","","12,10","","86,00","","9,00","","6,00","","24,10","","101,32","","","","","","Nuageux"
"1977-08-17 03:00","1977","08","17","03:00"," ","14,40","","12,30","","87,00","","0,00","","0,00","","24,10","","101,25","","","","","","Nuageux"
"1977-08-17 04:00","1977","08","17","04:00"," ","14,50","","12,90","","90,00","","0,00","","0,00","","19,30","","101,21","","","","","","Pluie"
"1977-08-17 05:00","1977","08","17","05:00"," ","15,10","","13,20","","88,00","","15,00","","11,00","","19,30","","101,11","","","","","","Nuageux"
"1977-08-17 06:00","1977","08","17","06:00"," ","15,20","","13,60","","90,00","","15,00","","9,00","","24,10","","101,01","","","","","","Nuageux"
"1977-08-17 07:00","1977","08","17","07:00"," ","15,90","","13,70","","87,00","","16,00","","11,00","","24,10","","100,95","","","","","","Nuageux"
"1977-08-17 08:00","1977","08","17","08:00"," ","16,40","","14,40","","88,00","","16,00","","26,00","","24,10","","100,71","","","","","","Nuageux"
"1977-08-17 09:00","1977","08","17","09:00"," ","17,80","","15,30","","85,00","","18,00","","33,00","","24,10","","100,61","","","","","","Nuageux"
"1977-08-17 10:00","1977","08","17","10:00"," ","17,80","","16,20","","91,00","","20,00","","33,00","","24,10","","100,51","","","","","","Nuageux"
"1977-08-17 11:00","1977","08","17","11:00"," ","18,10","","17,10","","94,00","","19,00","","31,00","","16,10","","100,41","","","","","","Nuageux"
"1977-08-17 12:00","1977","08","17","12:00"," ","18,10","","17,60","","97,00","","19,00","","33,00","","1,60","","100,30","","","","","","Pluie,Brouillard"
"1977-08-17 13:00","1977","08","17","13:00"," ","18,30","","17,80","","97,00","","19,00","","37,00","","0,80","","100,20","","","","","","Brouillard"
"1977-08-17 14:00","1977","08","17","14:00"," ","18,20","","17,70","","97,00","","20,00","","33,00","","0,80","","100,10","","","","","","Pluie,Brouillard"
"1977-08-17 15:00","1977","08","17","15:00"," ","17,90","","17,50","","98,00","","20,00","","22,00","","0,40","","100,07","","","","","","Pluie modérée,Brouillard"
"1977-08-17 16:00","1977","08","17","16:00"," ","19,10","","17,80","","92,00","","20,00","","24,00","","4,80","","100,03","","","","","","Pluie,Brouillard"
"1977-08-17 17:00","1977","08","17","17:00"," ","19,50","","18,90","","96,00","","19,00","","15,00","","3,20","","100,00","","","","","","Brouillard"
"1977-08-17 18:00","1977","08","17","18:00"," ","18,30","","18,10","","99,00","","19,00","","17,00","","0,40","","99,93","","","","","","Brouillard"
"1977-08-17 19:00","1977","08","17","19:00"," ","17,40","","17,30","","99,00","","21,00","","19,00","","0,00","","99,90","","","","","","Brouillard"
"1977-08-17 20:00","1977","08","17","20:00"," ","18,70","","18,30","","97,00","","20,00","","15,00","","0,20","","99,87","","","","","","Averses de pluie,Brouillard"
"1977-08-17 21:00","1977","08","17","21:00"," ","18,00","","17,70","","98,00","","21,00","","22,00","","1,60","","99,87","","","","","","Averses de pluie,Brouillard"
"1977-08-17 22:00","1977","08","17","22:00"," ","18,90","","18,70","","99,00","","21,00","","22,00","","4,80","","99,80","","","","","","Brouillard"
"1977-08-17 23:00","1977","08","17","23:00"," ","17,50","","17,40","","99,00","","23,00","","19,00","","0,40","","99,80","","","","","","Brouillard"
"1977-08-18 00:00","1977","08","18","00:00"," ","16,70","","16,60","","99,00","","23,00","","17,00","","0,80","","99,80","","","","","","Brouillard"
"1977-08-18 01:00","1977","08","18","01:00"," ","15,60","","15,50","","99,00","","24,00","","22,00","","0,40","","99,76","","","","","","Brouillard"
"1977-08-18 02:00","1977","08","18","02:00"," ","15,50","","15,40","","99,00","","25,00","","13,00","","0,40","","99,76","","","","","","Brouillard"
"1977-08-18 03:00","1977","08","18","03:00"," ","14,70","","14,60","","99,00","","28,00","","15,00","","0,40","","99,80","","","","","","Brouillard"
"1977-08-18 04:00","1977","08","18","04:00"," ","14,40","","14,40","","100,00","","29,00","","11,00","","0,40","","99,87","","","","","","Brouillard"
"1977-08-18 05:00","1977","08","18","05:00"," ","14,90","","14,90","","100,00","","29,00","","9,00","","0,40","","99,97","","","","","","Brouillard"
"1977-08-18 06:00","1977","08","18","06:00"," ","14,90","","14,50","","98,00","","30,00","","9,00","","6,40","","100,03","","","","","","Brouillard"
"1977-08-18 07:00","1977","08","18","07:00"," ","14,40","","12,50","","88,00","","28,00","","9,00","","9,70","","100,14","","","","","","Brouillard"
"1977-08-18 08:00","1977","08","18","08:00"," ","15,80","","15,10","","96,00","","29,00","","9,00","","6,40","","100,20","","","","","","Brouillard"
"1977-08-18 09:00","1977","08","18","09:00"," ","17,50","","14,90","","85,00","","28,00","","11,00","","16,10","","100,24","","","","","","Généralement nuageux"
"1977-08-18 10:00","1977","08","18","10:00"," ","18,60","","14,50","","77,00","","28,00","","11,00","","19,30","","100,37","","","","","","Généralement nuageux"
"1977-08-18 11:00","1977","08","18","11:00"," ","18,60","","14,70","","78,00","","26,00","","9,00","","19,30","","100,37","","","","","","Généralement dégagé"
"1977-08-18 12:00","1977","08","18","12:00"," ","19,40","","15,50","","78,00","","25,00","","13,00","","24,10","","100,41","","","","","","Généralement nuageux"
"1977-08-18 13:00","1977","08","18","13:00"," ","19,40","","15,40","","78,00","","24,00","","19,00","","24,10","","100,41","","","","","","Généralement nuageux"
"1977-08-18 14:00","1977","08","18","14:00"," ","19,10","","15,60","","80,00","","24,00","","26,00","","24,10","","100,41","","","","","","Généralement nuageux"
"1977-08-18 15:00","1977","08","18","15:00"," ","17,50","","14,60","","83,00","","25,00","","19,00","","24,10","","100,41","","","","","","Généralement nuageux"
"1977-08-18 16:00","1977","08","18","16:00"," ","17,60","","14,40","","81,00","","25,00","","22,00","","24,10","","100,51","","","","","","Généralement nuageux"
"1977-08-18 17:00","1977","08","18","17:00"," ","16,60","","13,90","","84,00","","24,00","","15,00","","24,10","","100,51","","","","","","Généralement nuageux"
"1977-08-18 18:00","1977","08","18","18:00"," ","15,90","","13,30","","85,00","","24,00","","19,00","","24,10","","100,54","","","","","","Généralement nuageux"
"1977-08-18 19:00","1977","08","18","19:00"," ","14,10","","12,30","","89,00","","24,00","","17,00","","24,10","","100,57","","","","","","Généralement nuageux"
"1977-08-18 20:00","1977","08","18","20:00"," ","13,40","","12,20","","93,00","","25,00","","15,00","","24,10","","100,68","","","","","","Généralement nuageux"
"1977-08-18 21:00","1977","08","18","21:00"," ","14,80","","12,70","","88,00","","24,00","","13,00","","24,10","","100,78","","","","","","Généralement dégagé"
"1977-08-18 22:00","1977","08","18","22:00"," ","13,10","","12,10","","94,00","","25,00","","9,00","","24,10","","100,84","","","","","","Généralement dégagé"
"1977-08-18 23:00","1977","08","18","23:00"," ","12,90","","11,90","","94,00","","25,00","","11,00","","24,10","","100,88","","","","","","Généralement dégagé"
"1977-08-19 00:00","1977","08","19","00:00"," ","12,50","","11,80","","95,00","","26,00","","9,00","","24,10","","100,91","","","","","","Généralement dégagé"
"1977-08-19 01:00","1977","08","19","01:00"," ","12,00","","11,20","","95,00","","24,00","","7,00","","24,10","","100,95","","","","","","Généralement dégagé"
"1977-08-19 02:00","1977","08","19","02:00"," ","11,60","","11,20","","97,00","","24,00","","9,00","","24,10","","100,95","","","","","","Généralement dégagé"
"1977-08-19 03:00","1977","08","19","03:00"," ","12,20","","11,40","","95,00","","26,00","","7,00","","19,30","","100,98","","","","","","Généralement dégagé"
"1977-08-19 04:00","1977","08","19","04:00"," ","11,10","","10,60","","97,00","","29,00","","6,00","","19,30","","101,01","","","","","","Généralement dégagé"
"1977-08-19 05:00","1977","08","19","05:00"," ","11,30","","10,60","","96,00","","31,00","","7,00","","24,10","","101,01","","","","","","Généralement dégagé"
"1977-08-19 06:00","1977","08","19","06:00"," ","12,30","","10,60","","90,00","","32,00","","7,00","","24,10","","101,08","","","","","","Généralement dégagé"
"1977-08-19 07:00","1977","08","19","07:00"," ","14,10","","11,90","","86,00","","33,00","","6,00","","24,10","","101,11","","","","","","Généralement dégagé"
"1977-08-19 08:00","1977","08","19","08:00"," ","16,10","","10,70","","70,00","","35,00","","6,00","","24,10","","101,25","","","","","","Généralement nuageux"
"1977-08-19 09:00","1977","08","19","09:00"," ","17,20","","9,60","","61,00","","34,00","","6,00","","24,10","","101,28","","","","","","Généralement nuageux"
"1977-08-19 10:00","1977","08","19","10:00"," ","18,30","","10,40","","60,00","","31,00","","9,00","","24,10","","101,32","","","","","","Généralement nuageux"
"1977-08-19 11:00","1977","08","19","11:00"," ","18,50","","11,50","","64,00","","28,00","","13,00","","24,10","","101,35","","","","","","Généralement dégagé"
"1977-08-19 12:00","1977","08","19","12:00"," ","17,80","","9,70","","59,00","","31,00","","13,00","","24,10","","101,28","","","","","","Généralement nuageux"
"1977-08-19 13:00","1977","08","19","13:00"," ","18,90","","11,60","","63,00","","28,00","","7,00","","24,10","","101,28","","","","","","Généralement nuageux"
"1977-08-19 14:00","1977","08","19","14:00"," ","18,40","","9,20","","55,00","","29,00","","9,00","","24,10","","101,25","","","","","","Généralement nuageux"
"1977-08-19 15:00","1977","08","19","15:00"," ","17,90","","8,80","","55,00","","29,00","","9,00","","24,10","","101,25","","","","","","Généralement nuageux"
"1977-08-19 16:00","1977","08","19","16:00"," ","17,60","","9,20","","58,00","","29,00","","9,00","","24,10","","101,28","","","","","","Généralement nuageux"
"1977-08-19 17:00","1977","08","19","17:00"," ","18,20","","8,90","","54,00","","29,00","","6,00","","24,10","","101,25","","","","","","Généralement nuageux"
"1977-08-19 18:00","1977","08","19","18:00"," ","17,80","","8,80","","56,00","","28,00","","6,00","","24,10","","101,25","","","","","","Généralement nuageux"
"1977-08-19 19:00","1977","08","19","19:00"," ","15,30","","9,00","","66,00","","31,00","","6,00","","24,10","","101,25","","","","","","Généralement dégagé"
"1977-08-19 20:00","1977","08","19","20:00"," ","13,10","","8,90","","76,00","","0,00","","0,00","","24,10","","101,25","","","","","","Généralement dégagé"
"1977-08-19 21:00","1977","08","19","21:00"," ","11,90","","9,00","","82,00","","0,00","","0,00","","24,10","","101,32","","","","","","Généralement dégagé"
"1977-08-19 22:00","1977","08","19","22:00"," ","11,60","","7,50","","76,00","","0,00","","0,00","","24,10","","101,28","","","","","","Dégagé"
"1977-08-19 23:00","1977","08","19","23:00"," ","10,80","","6,30","","74,00","","32,00","","4,00","","24,10","","101,28","","","","","","Dégagé"
"1977-08-20 00:00","1977","08","20","00:00"," ","9,60","","7,70","","88,00","","36,00","","6,00","","24,10","","101,21","","","","","","Dégagé"
"1977-08-20 01:00","1977","08","20","01:00"," ","9,70","","7,20","","84,00","","0,00","","0,00","","24,10","","101,15","","","","","","Dégagé"
"1977-08-20 02:00","1977","08","20","02:00"," ","9,90","","6,40","","79,00","","0,00","","0,00","","24,10","","101,11","","","","","","Dégagé"
"1977-08-20 03:00","1977","08","20","03:00"," ","9,70","","5,80","","76,00","","2,00","","7,00","","24,10","","101,11","","","","","","Dégagé"
"1977-08-20 04:00","1977","08","20","04:00"," ","8,80","","6,10","","83,00","","2,00","","7,00","","24,10","","101,05","","","","","","Dégagé"
"1977-08-20 05:00","1977","08","20","05:00"," ","9,20","","5,40","","77,00","","3,00","","6,00","","24,10","","101,05","","","","","","Généralement dégagé"
"1977-08-20 06:00","1977","08","20","06:00"," ","9,70","","6,30","","79,00","","5,00","","7,00","","24,10","","101,08","","","","","","Généralement nuageux"
"1977-08-20 07:00","1977","08","20","07:00"," ","11,10","","6,80","","75,00","","1,00","","9,00","","24,10","","101,05","","","","","","Généralement dégagé"
"1977-08-20 08:00","1977","08","20","08:00"," ","14,10","","7,00","","62,00","","4,00","","7,00","","24,10","","101,01","","","","","","Généralement dégagé"
"1977-08-20 09:00","1977","08","20","09:00"," ","16,70","","10,40","","66,00","","6,00","","6,00","","24,10","","100,95","","","","","","Généralement dégagé"
"1977-08-20 10:00","1977","08","20","10:00"," ","18,50","","12,20","","67,00","","12,00","","6,00","","24,10","","100,95","","","","","","Généralement nuageux"
"1977-08-20 11:00","1977","08","20","11:00"," ","18,20","","11,20","","64,00","","0,00","","0,00","","24,10","","100,95","","","","","","Généralement nuageux"
"1977-08-20 12:00","1977","08","20","12:00"," ","19,00","","12,30","","65,00","","29,00","","7,00","","24,10","","100,91","","","","","","Généralement nuageux"
"1977-08-20 13:00","1977","08","20","13:00"," ","18,50","","11,40","","63,00","","27,00","","9,00","","24,10","","100,84","","","","","","Généralement nuageux"
"1977-08-20 14:00","1977","08","20","14:00"," ","18,00","","10,30","","61,00","","28,00","","9,00","","24,10","","100,84","","","","","","Généralement nuageux"
"1977-08-20 15:00","1977","08","20","15:00"," ","17,30","","9,70","","61,00","","31,00","","11,00","","24,10","","100,81","","","","","","Généralement nuageux"
"1977-08-20 16:00","1977","08","20","16:00"," ","18,80","","9,20","","54,00","","31,00","","13,00","","24,10","","100,78","","","","","","Généralement dégagé"
"1977-08-20 17:00","1977","08","20","17:00"," ","17,90","","7,80","","52,00","","30,00","","9,00","","24,10","","100,78","","","","","","Généralement dégagé"
"1977-08-20 18:00","1977","08","20","18:00"," ","16,80","","7,60","","55,00","","30,00","","9,00","","24,10","","100,78","","","","","","Généralement dégagé"
"1977-08-20 19:00","1977","08","20","19:00"," ","14,60","","8,40","","66,00","","0,00","","0,00","","24,10","","100,78","","","","","","Généralement dégagé"
"1977-08-20 20:00","1977","08","20","20:00"," ","12,30","","9,90","","85,00","","28,00","","6,00","","24,10","","100,81","","","","","","Généralement dégagé"
"1977-08-20 21:00","1977","08","20","21:00"," ","10,80","","9,40","","91,00","","0,00","","0,00","","24,10","","100,84","","","","","","Généralement dégagé"
"1977-08-20 22:00","1977","08","20","22:00"," ","10,70","","9,60","","93,00","","25,00","","7,00","","24,10","","100,84","","","","","","Dégagé"
"1977-08-20 23:00","1977","08","20","23:00"," ","10,60","","8,80","","88,00","","0,00","","0,00","","24,10","","100,81","","","","","","Dégagé"
"1977-08-21 00:00","1977","08","21","00:00"," ","10,00","","8,90","","93,00","","0,00","","0,00","","24,10","","100,84","","","","","","Dégagé"
"1977-08-21 01:00","1977","08","21","01:00"," ","10,30","","8,80","","90,00","","24,00","","4,00","","24,10","","100,84","","","","","","Dégagé"
"1977-08-21 02:00","1977","08","21","02:00"," ","9,00","","7,70","","92,00","","0,00","","0,00","","24,10","","100,78","","","","","","Dégagé"
"1977-08-21 03:00","1977","08","21","03:00"," ","10,60","","9,50","","93,00","","20,00","","6,00","","24,10","","100,81","","","","","","Dégagé"
"1977-08-21 04:00","1977","08","21","04:00"," ","9,10","","8,40","","95,00","","0,00","","0,00","","24,10","","100,81","","","","","","Dégagé"
"1977-08-21 05:00","1977","08","21","05:00"," ","11,00","","10,00","","94,00","","23,00","","6,00","","24,10","","100,88","","","","","","Généralement nuageux"
"1977-08-21 06:00","1977","08","21","06:00"," ","10,80","","10,20","","96,00","","29,00","","13,00","","24,10","","100,91","","","","","","Généralement dégagé"
"1977-08-21 07:00","1977","08","21","07:00"," ","11,80","","11,20","","96,00","","33,00","","15,00","","24,10","","100,95","","","","","","Généralement dégagé"
"1977-08-21 08:00","1977","08","21","08:00"," ","13,20","","11,80","","91,00","","33,00","","9,00","","24,10","","101,01","","","","","","Généralement dégagé"
"1977-08-21 09:00","1977","08","21","09:00"," ","14,30","","12,30","","88,00","","31,00","","13,00","","24,10","","101,05","","","","","","Généralement dégagé"
"1977-08-21 10:00","1977","08","21","10:00"," ","14,80","","11,50","","81,00","","31,00","","17,00","","24,10","","101,05","","","","","","Généralement dégagé"
"1977-08-21 11:00","1977","08","21","11:00"," ","15,40","","12,40","","82,00","","29,00","","17,00","","24,10","","101,08","","","","","","Généralement dégagé"
"1977-08-21 12:00","1977","08","21","12:00"," ","15,00","","11,40","","79,00","","30,00","","17,00","","24,10","","101,11","","","","","","Généralement dégagé"
"1977-08-21 13:00","1977","08","21","13:00"," ","15,20","","11,60","","79,00","","29,00","","24,00","","24,10","","101,11","","","","","","Généralement dégagé"
"1977-08-21 14:00","1977","08","21","14:00"," ","15,20","","11,70","","80,00","","29,00","","19,00","","24,10","","101,15","","","","","","Généralement dégagé"
"1977-08-21 15:00","1977","08","21","15:00"," ","15,60","","11,60","","77,00","","28,00","","19,00","","24,10","","101,15","","","","","","Dégagé"
"1977-08-21 16:00","1977","08","21","16:00"," ","16,40","","11,60","","73,00","","31,00","","20,00","","24,10","","101,11","","","","","","Dégagé"
"1977-08-21 17:00","1977","08","21","17:00"," ","15,80","","10,00","","69,00","","31,00","","17,00","","24,10","","101,11","","","","","","Dégagé"
"1977-08-21 18:00","1977","08","21","18:00"," ","15,30","","11,60","","79,00","","29,00","","13,00","","24,10","","101,18","","","","","","Dégagé"
"1977-08-21 19:00","1977","08","21","19:00"," ","13,60","","11,40","","86,00","","30,00","","7,00","","24,10","","101,21","","","","","","Dégagé"
"1977-08-21 20:00","1977","08","21","20:00"," ","11,90","","10,70","","93,00","","29,00","","7,00","","24,10","","101,25","","","","","","Dégagé"
"1977-08-21 21:00","1977","08","21","21:00"," ","11,30","","10,40","","94,00","","28,00","","9,00","","24,10","","101,35","","","","","","Dégagé"
"1977-08-21 22:00","1977","08","21","22:00"," ","11,20","","10,20","","94,00","","27,00","","9,00","","24,10","","101,35","","","","","","Dégagé"
"1977-08-21 23:00","1977","08","21","23:00"," ","11,10","","10,20","","94,00","","27,00","","7,00","","24,10","","101,32","","","","","","Dégagé"
"1977-08-22 00:00","1977","08","22","00:00"," ","10,30","","9,90","","97,00","","32,00","","11,00","","24,10","","101,25","","","","","","Dégagé"
"1977-08-22 01:00","1977","08","22","01:00"," ","9,90","","9,70","","99,00","","28,00","","13,00","","24,10","","101,32","","","","","","Dégagé"
"1977-08-22 02:00","1977","08","22","02:00"," ","10,90","","10,60","","98,00","","0,00","","0,00","","24,10","","101,32","","","","","","Dégagé"
"1977-08-22 03:00","1977","08","22","03:00"," ","8,30","","8,20","","100,00","","0,00","","0,00","","1,60","","101,32","","","","","","Brouillard"
"1977-08-22 04:00","1977","08","22","04:00"," ","7,80","","7,70","","100,00","","0,00","","0,00","","0,40","","101,25","","","","","","Brouillard"
"1977-08-22 05:00","1977","08","22","05:00"," ","7,70","","7,60","","99,00","","0,00","","0,00","","0,20","","101,25","","","","","","Brouillard"
"1977-08-22 06:00","1977","08","22","06:00"," ","8,10","","8,00","","99,00","","15,00","","6,00","","0,20","","101,32","","","","","","Brouillard"
"1977-08-22 07:00","1977","08","22","07:00"," ","9,80","","9,70","","100,00","","0,00","","0,00","","0,40","","101,32","","","","","","Brouillard"
"1977-08-22 08:00","1977","08","22","08:00"," ","12,20","","12,20","","100,00","","13,00","","6,00","","8,00","","101,25","","","","","","Brouillard"
"1977-08-22 09:00","1977","08","22","09:00"," ","15,30","","13,70","","90,00","","16,00","","13,00","","19,30","","101,25","","","","","","Généralement nuageux"
"1977-08-22 10:00","1977","08","22","10:00"," ","16,90","","12,40","","75,00","","18,00","","17,00","","19,30","","101,25","","","","","","Généralement dégagé"
"1977-08-22 11:00","1977","08","22","11:00"," ","17,20","","11,60","","70,00","","18,00","","15,00","","24,10","","101,21","","","","","","Généralement dégagé"
"1977-08-22 12:00","1977","08","22","12:00"," ","16,80","","11,70","","72,00","","18,00","","20,00","","24,10","","101,15","","","","","","Généralement dégagé"
"1977-08-22 13:00","1977","08","22","13:00"," ","16,70","","13,20","","80,00","","18,00","","33,00","","24,10","","101,11","","","","","","Généralement dégagé"
"1977-08-22 14:00","1977","08","22","14:00"," ","16,10","","12,20","","78,00","","16,00","","26,00","","24,10","","101,05","","","","","","Généralement dégagé"
"1977-08-22 15:00","1977","08","22","15:00"," ","15,70","","11,90","","78,00","","16,00","","33,00","","24,10","","100,98","","","","","","Généralement nuageux"
"1977-08-22 16:00","1977","08","22","16:00"," ","16,20","","12,30","","77,00","","16,00","","28,00","","24,10","","100,95","","","","","","Généralement nuageux"
"1977-08-22 17:00","1977","08","22","17:00"," ","15,40","","12,30","","82,00","","16,00","","19,00","","24,10","","100,95","","","","","","Généralement nuageux"
"1977-08-22 18:00","1977","08","22","18:00"," ","15,40","","12,60","","84,00","","16,00","","19,00","","24,10","","100,88","","","","","","Nuageux"
"1977-08-22 19:00","1977","08","22","19:00"," ","15,60","","12,40","","81,00","","16,00","","24,00","","24,10","","100,74","","","","","","Averses de pluie"
"1977-08-22 20:00","1977","08","22","20:00"," ","15,60","","13,60","","88,00","","15,00","","24,00","","19,30","","100,71","","","","","","Pluie"
"1977-08-22 21:00","1977","08","22","21:00"," ","15,10","","13,70","","91,00","","17,00","","24,00","","16,10","","100,71","","","","","","Pluie"
"1977-08-22 22:00","1977","08","22","22:00"," ","15,20","","13,90","","92,00","","18,00","","24,00","","19,30","","100,71","","","","","","Nuageux"
"1977-08-22 23:00","1977","08","22","23:00"," ","14,80","","13,20","","90,00","","18,00","","28,00","","19,30","","100,71","","","","","","Nuageux"
"1977-08-23 00:00","1977","08","23","00:00"," ","15,30","","14,30","","94,00","","21,00","","22,00","","12,90","","100,68","","","","","","Nuageux"
"1977-08-23 01:00","1977","08","23","01:00"," ","14,80","","13,90","","94,00","","19,00","","19,00","","12,90","","100,68","","","","","","Nuageux"
"1977-08-23 02:00","1977","08","23","02:00"," ","15,20","","14,40","","95,00","","19,00","","19,00","","12,90","","100,68","","","","","","Nuageux"
"1977-08-23 03:00","1977","08","23","03:00"," ","16,10","","15,10","","94,00","","20,00","","15,00","","12,90","","100,68","","","","","","Nuageux"
"1977-08-23 04:00","1977","08","23","04:00"," ","15,20","","14,70","","97,00","","24,00","","13,00","","8,00","","100,68","","","","","","Brouillard"
"1977-08-23 05:00","1977","08","23","05:00"," ","15,00","","14,70","","98,00","","24,00","","7,00","","1,60","","100,71","","","","","","Bruine,Brouillard"
"1977-08-23 06:00","1977","08","23","06:00"," ","15,00","","14,90","","99,00","","0,00","","0,00","","0,40","","100,71","","","","","","Brouillard"
"1977-08-23 07:00","1977","08","23","07:00"," ","15,30","","14,80","","97,00","","25,00","","6,00","","0,00","","100,81","","","","","","Brouillard"
"1977-08-23 08:00","1977","08","23","08:00"," ","15,50","","14,90","","96,00","","24,00","","7,00","","0,20","","100,88","","","","","","Brouillard"
"1977-08-23 09:00","1977","08","23","09:00"," ","18,00","","16,80","","93,00","","23,00","","11,00","","6,40","","100,88","","","","","","Brouillard"
"1977-08-23 10:00","1977","08","23","10:00"," ","16,90","","16,20","","96,00","","24,00","","11,00","","6,40","","100,91","","","","","","Brouillard"
"1977-08-23 11:00","1977","08","23","11:00"," ","18,40","","16,60","","89,00","","18,00","","11,00","","6,40","","100,91","","","","","","Brouillard"
"1977-08-23 12:00","1977","08","23","12:00"," ","18,00","","16,20","","89,00","","19,00","","11,00","","1,60","","100,95","","","","","","Brouillard"
"1977-08-23 13:00","1977","08","23","13:00"," ","19,50","","16,40","","82,00","","18,00","","13,00","","9,70","","100,91","","","","","","Brouillard"
"1977-08-23 14:00","1977","08","23","14:00"," ","19,40","","14,40","","73,00","","25,00","","13,00","","12,90","","100,91","","","","","","Généralement nuageux"
"1977-08-23 15:00","1977","08","23","15:00"," ","20,20","","14,10","","68,00","","18,00","","13,00","","9,70","","100,95","","","","","","Brouillard"
"1977-08-23 16:00","1977","08","23","16:00"," ","17,30","","13,40","","78,00","","0,00","","0,00","","9,70","","100,95","","","","","","Brouillard"
"1977-08-23 17:00","1977","08","23","17:00"," ","16,80","","14,20","","85,00","","17,00","","6,00","","9,70","","100,91","","","","","","Brouillard"
"1977-08-23 18:00","1977","08","23","18:00"," ","15,20","","13,40","","89,00","","19,00","","7,00","","9,70","","100,91","","","","","","Brouillard"
"1977-08-23 19:00","1977","08","23","19:00"," ","13,30","","12,80","","97,00","","18,00","","6,00","","6,40","","100,91","","","","","","Brouillard"
"1977-08-23 20:00","1977","08","23","20:00"," ","13,00","","12,70","","98,00","","18,00","","6,00","","6,40","","100,95","","","","","","Brouillard"
"1977-08-23 21:00","1977","08","23","21:00"," ","11,90","","11,80","","99,00","","17,00","","15,00","","0,40","","101,01","","","","","","Brouillard"
"1977-08-23 22:00","1977","08","23","22:00"," ","11,80","","11,80","","100,00","","20,00","","7,00","","0,20","","101,05","","","","","","Brouillard"
"1977-08-23 23:00","1977","08","23","23:00"," ","12,70","","12,70","","100,00","","18,00","","7,00","","0,20","","101,05","","","","","","Brouillard"
"1977-08-24 00:00","1977","08","24","00:00"," ","13,90","","13,90","","100,00","","18,00","","7,00","","0,00","","101,01","","","","","","Brouillard"
"1977-08-24 01:00","1977","08","24","01:00"," ","14,40","","14,40","","100,00","","0,00","","0,00","","0,00","","101,01","","","","","","Brouillard"
"1977-08-24 02:00","1977","08","24","02:00"," ","14,90","","14,90","","100,00","","18,00","","6,00","","0,00","","101,01","","","","","","Brouillard"
"1977-08-24 03:00","1977","08","24","03:00"," ","14,40","","14,40","","100,00","","20,00","","7,00","","0,00","","101,01","","","","","","Brouillard"
"1977-08-24 04:00","1977","08","24","04:00"," ","13,90","","13,90","","100,00","","17,00","","6,00","","0,00","","101,01","","","","","","Brouillard"
"1977-08-24 05:00","1977","08","24","05:00"," ","13,40","","13,40","","100,00","","18,00","","9,00","","0,00","","101,05","","","","","","Brouillard"
"1977-08-24 06:00","1977","08","24","06:00"," ","13,20","","13,20","","100,00","","16,00","","13,00","","0,00","","101,05","","","","","","Brouillard"
"1977-08-24 07:00","1977","08","24","07:00"," ","12,90","","12,90","","100,00","","17,00","","13,00","","0,00","","101,11","","","","","","Brouillard"
"1977-08-24 08:00","1977","08","24","08:00"," ","13,30","","13,30","","100,00","","15,00","","11,00","","0,00","","101,05","","","","","","Brouillard"
"1977-08-24 09:00","1977","08","24","09:00"," ","14,30","","14,20","","100,00","","16,00","","15,00","","0,20","","101,11","","","","","","Brouillard"
"1977-08-24 10:00","1977","08","24","10:00"," ","14,60","","14,50","","99,00","","15,00","","17,00","","1,60","","101,08","","","","","","Brouillard"
"1977-08-24 11:00","1977","08","24","11:00"," ","17,10","","16,20","","95,00","","17,00","","13,00","","9,70","","101,05","","","","","","Brouillard"
"1977-08-24 12:00","1977","08","24","12:00"," ","18,60","","16,50","","88,00","","17,00","","15,00","","11,30","","100,98","","","","","","Nuageux"
"1977-08-24 13:00","1977","08","24","13:00"," ","17,00","","16,30","","96,00","","17,00","","11,00","","4,80","","100,91","","","","","","Averses de pluie,Brouillard"
"1977-08-24 14:00","1977","08","24","14:00"," ","18,00","","17,10","","95,00","","18,00","","22,00","","8,00","","100,88","","","","","","Brouillard"
"1977-08-24 15:00","1977","08","24","15:00"," ","19,90","","17,90","","88,00","","20,00","","22,00","","11,30","","100,78","","","","","","Nuageux"
"1977-08-24 16:00","1977","08","24","16:00"," ","19,10","","17,30","","89,00","","20,00","","33,00","","11,30","","100,68","","","","","","Nuageux"
"1977-08-24 17:00","1977","08","24","17:00"," ","19,00","","16,90","","88,00","","21,00","","28,00","","12,90","","100,64","","","","","","Nuageux"
"1977-08-24 18:00","1977","08","24","18:00"," ","18,30","","16,80","","91,00","","21,00","","33,00","","9,70","","100,61","","","","","","Averses de pluie"
"1977-08-24 19:00","1977","08","24","19:00"," ","16,60","","16,20","","98,00","","21,00","","30,00","","1,60","","100,57","","","","","","Averses de pluie modérées,Brouillard"
"1977-08-24 20:00","1977","08","24","20:00"," ","17,20","","16,80","","97,00","","22,00","","30,00","","3,20","","100,57","","","","","","Brouillard"
"1977-08-24 21:00","1977","08","24","21:00"," ","17,80","","17,60","","99,00","","22,00","","28,00","","0,80","","100,51","","","","","","Brouillard"
"1977-08-24 22:00","1977","08","24","22:00"," ","17,70","","17,40","","98,00","","22,00","","28,00","","0,00","","100,47","","","","","","Brouillard"
"1977-08-24 23:00","1977","08","24","23:00"," ","15,90","","15,90","","100,00","","24,00","","22,00","","0,00","","100,47","","","","","","Brouillard"
"1977-08-25 00:00","1977","08","25","00:00"," ","15,60","","15,20","","98,00","","25,00","","15,00","","0,00","","100,41","","","","","","Brouillard"
"1977-08-25 01:00","1977","08","25","01:00"," ","15,90","","15,50","","98,00","","25,00","","13,00","","0,20","","100,41","","","","","","Averses de pluie,Brouillard"
"1977-08-25 02:00","1977","08","25","02:00"," ","15,50","","15,10","","98,00","","29,00","","7,00","","0,80","","100,37","","","","","","Averses de pluie,Brouillard"
"1977-08-25 03:00","1977","08","25","03:00"," ","14,70","","14,20","","97,00","","31,00","","17,00","","4,80","","100,37","","","","","","Averses de pluie,Brouillard"
"1977-08-25 04:00","1977","08","25","04:00"," ","14,10","","13,70","","98,00","","32,00","","22,00","","6,40","","100,41","","","","","","Averses de pluie,Brouillard"
"1977-08-25 05:00","1977","08","25","05:00"," ","12,70","","12,50","","99,00","","32,00","","26,00","","12,90","","100,51","","","","","","Nuageux"
"1977-08-25 06:00","1977","08","25","06:00"," ","12,60","","12,30","","98,00","","33,00","","24,00","","12,90","","100,57","","","","","","Nuageux"
"1977-08-25 07:00","1977","08","25","07:00"," ","13,10","","12,30","","95,00","","34,00","","19,00","","12,90","","100,68","","","","","","Nuageux"
"1977-08-25 08:00","1977","08","25","08:00"," ","12,90","","12,30","","96,00","","35,00","","20,00","","12,90","","100,71","","","","","","Nuageux"
"1977-08-25 09:00","1977","08","25","09:00"," ","13,20","","12,30","","94,00","","32,00","","20,00","","12,90","","100,78","","","","","","Nuageux"
"1977-08-25 10:00","1977","08","25","10:00"," ","14,70","","12,80","","88,00","","30,00","","20,00","","19,30","","100,81","","","","","","Généralement nuageux"
"1977-08-25 11:00","1977","08","25","11:00"," ","15,60","","13,20","","86,00","","31,00","","28,00","","24,10","","100,81","","","","","","Généralement dégagé"
"1977-08-25 12:00","1977","08","25","12:00"," ","15,30","","12,50","","84,00","","32,00","","24,00","","24,10","","100,84","","","","","","Généralement dégagé"
"1977-08-25 13:00","1977","08","25","13:00"," ","15,90","","13,10","","84,00","","32,00","","26,00","","24,10","","100,88","","","","","","Généralement dégagé"
"1977-08-25 14:00","1977","08","25","14:00"," ","16,50","","13,00","","80,00","","30,00","","26,00","","24,10","","100,88","","","","","","Généralement dégagé"
"1977-08-25 15:00","1977","08","25","15:00"," ","15,90","","12,60","","81,00","","31,00","","22,00","","24,10","","100,88","","","","","","Généralement dégagé"
"1977-08-25 16:00","1977","08","25","16:00"," ","15,10","","11,90","","81,00","","30,00","","24,00","","24,10","","100,91","","","","","","Généralement dégagé"
"1977-08-25 17:00","1977","08","25","17:00"," ","15,60","","12,40","","81,00","","31,00","","22,00","","24,10","","100,91","","","","","","Généralement dégagé"
"1977-08-25 18:00","1977","08","25","18:00"," ","14,80","","12,10","","84,00","","28,00","","15,00","","24,10","","100,98","","","","","","Généralement dégagé"
"1977-08-25 19:00","1977","08","25","19:00"," ","13,40","","11,90","","91,00","","28,00","","15,00","","24,10","","101,01","","","","","","Généralement dégagé"
"1977-08-25 20:00","1977","08","25","20:00"," ","12,90","","11,60","","92,00","","27,00","","13,00","","24,10","","101,08","","","","","","Généralement dégagé"
"1977-08-25 21:00","1977","08","25","21:00"," ","12,80","","11,10","","90,00","","31,00","","13,00","","24,10","","101,21","","","","","","Généralement dégagé"
"1977-08-25 22:00","1977","08","25","22:00"," ","12,20","","9,80","","85,00","","32,00","","15,00","","24,10","","101,21","","","","","","Généralement dégagé"
"1977-08-25 23:00","1977","08","25","23:00"," ","11,70","","9,60","","87,00","","32,00","","11,00","","24,10","","101,28","","","","","","Dégagé"
"1977-08-26 00:00","1977","08","26","00:00"," ","10,90","","9,40","","90,00","","33,00","","9,00","","24,10","","101,32","","","","","","Dégagé"
"1977-08-26 01:00","1977","08","26","01:00"," ","10,90","","9,20","","89,00","","31,00","","11,00","","24,10","","101,38","","","","","","Dégagé"
"1977-08-26 02:00","1977","08","26","02:00"," ","11,30","","8,90","","85,00","","32,00","","19,00","","24,10","","101,42","","","","","","Dégagé"
"1977-08-26 03:00","1977","08","26","03:00"," ","11,60","","8,70","","82,00","","31,00","","20,00","","24,10","","101,45","","","","","","Dégagé"
"1977-08-26 04:00","1977","08","26","04:00"," ","10,70","","9,10","","90,00","","31,00","","19,00","","24,10","","101,48","","","","","","Dégagé"
"1977-08-26 05:00","1977","08","26","05:00"," ","9,70","","8,60","","93,00","","31,00","","9,00","","24,10","","101,55","","","","","","Dégagé"
"1977-08-26 06:00","1977","08","26","06:00"," ","9,50","","8,40","","93,00","","32,00","","7,00","","24,10","","101,65","","","","","","Dégagé"
"1977-08-26 07:00","1977","08","26","07:00"," ","10,70","","9,30","","91,00","","31,00","","7,00","","24,10","","101,72","","","","","","Dégagé"
"1977-08-26 08:00","1977","08","26","08:00"," ","12,80","","9,90","","83,00","","32,00","","19,00","","24,10","","101,75","","","","","","Généralement dégagé"
"1977-08-26 09:00","1977","08","26","09:00"," ","13,40","","8,80","","74,00","","31,00","","19,00","","24,10","","101,79","","","","","","Généralement nuageux"
"1977-08-26 10:00","1977","08","26","10:00"," ","14,00","","9,20","","73,00","","32,00","","17,00","","24,10","","101,82","","","","","","Généralement nuageux"
"1977-08-26 11:00","1977","08","26","11:00"," ","14,80","","9,30","","70,00","","31,00","","20,00","","24,10","","101,86","","","","","","Généralement nuageux"
"1977-08-26 12:00","1977","08","26","12:00"," ","14,90","","9,10","","68,00","","31,00","","26,00","","24,10","","101,86","","","","","","Généralement nuageux"
"1977-08-26 13:00","1977","08","26","13:00"," ","15,80","","10,00","","69,00","","30,00","","20,00","","24,10","","101,89","","","","","","Généralement nuageux"
"1977-08-26 14:00","1977","08","26","14:00"," ","15,80","","9,70","","67,00","","27,00","","20,00","","24,10","","101,89","","","","","","Généralement nuageux"
"1977-08-26 15:00","1977","08","26","15:00"," ","15,80","","8,30","","61,00","","28,00","","20,00","","24,10","","101,89","","","","","","Généralement nuageux"
"1977-08-26 16:00","1977","08","26","16:00"," ","15,30","","9,20","","67,00","","27,00","","22,00","","24,10","","101,89","","","","","","Généralement nuageux"
"1977-08-26 17:00","1977","08","26","17:00"," ","14,70","","8,90","","68,00","","27,00","","13,00","","24,10","","101,89","","","","","","Généralement nuageux"
"1977-08-26 18:00","1977","08","26","18:00"," ","14,10","","9,40","","73,00","","26,00","","15,00","","24,10","","101,92","","","","","","Généralement nuageux"
"1977-08-26 19:00","1977","08","26","19:00"," ","12,10","","9,30","","83,00","","26,00","","7,00","","24,10","","101,96","","","","","","Généralement nuageux"
"1977-08-26 20:00","1977","08","26","20:00"," ","10,50","","8,30","","86,00","","25,00","","9,00","","24,10","","101,99","","","","","","Généralement nuageux"
"1977-08-26 21:00","1977","08","26","21:00"," ","10,00","","8,30","","89,00","","24,00","","9,00","","24,10","","102,06","","","","","","Généralement dégagé"
"1977-08-26 22:00","1977","08","26","22:00"," ","10,10","","8,70","","91,00","","24,00","","7,00","","24,10","","102,06","","","","","","Généralement nuageux"
"1977-08-26 23:00","1977","08","26","23:00"," ","9,60","","8,40","","92,00","","24,00","","9,00","","24,10","","102,02","","","","","","Généralement nuageux"
"1977-08-27 00:00","1977","08","27","00:00"," ","10,10","","9,10","","94,00","","24,00","","9,00","","24,10","","102,02","","","","","","Généralement dégagé"
"1977-08-27 01:00","1977","08","27","01:00"," ","10,30","","9,30","","94,00","","25,00","","9,00","","24,10","","102,02","","","","","","Généralement dégagé"
"1977-08-27 02:00","1977","08","27","02:00"," ","9,50","","8,90","","96,00","","21,00","","6,00","","24,10","","102,02","","","","","","Dégagé"
"1977-08-27 03:00","1977","08","27","03:00"," ","9,90","","9,40","","97,00","","22,00","","9,00","","24,10","","102,06","","","","","","Dégagé"
"1977-08-27 04:00","1977","08","27","04:00"," ","11,70","","11,10","","96,00","","24,00","","13,00","","24,10","","102,06","","","","","","Dégagé"
"1977-08-27 05:00","1977","08","27","05:00"," ","11,70","","11,30","","97,00","","23,00","","6,00","","24,10","","102,09","","","","","","Généralement dégagé"
"1977-08-27 06:00","1977","08","27","06:00"," ","12,20","","11,80","","97,00","","23,00","","9,00","","24,10","","102,13","","","","","","Généralement dégagé"
"1977-08-27 07:00","1977","08","27","07:00"," ","14,00","","13,40","","96,00","","23,00","","11,00","","24,10","","102,13","","","","","","Généralement dégagé"
"1977-08-27 08:00","1977","08","27","08:00"," ","15,40","","14,60","","95,00","","23,00","","19,00","","24,10","","102,13","","","","","","Généralement dégagé"
"1977-08-27 09:00","1977","08","27","09:00"," ","16,60","","14,50","","87,00","","23,00","","13,00","","24,10","","102,16","","","","","","Généralement dégagé"
"1977-08-27 10:00","1977","08","27","10:00"," ","17,40","","15,20","","87,00","","22,00","","17,00","","24,10","","102,13","","","","","","Généralement dégagé"
"1977-08-27 11:00","1977","08","27","11:00"," ","18,40","","15,60","","84,00","","24,00","","19,00","","24,10","","102,09","","","","","","Généralement dégagé"
"1977-08-27 12:00","1977","08","27","12:00"," ","18,90","","15,90","","83,00","","24,00","","24,00","","24,10","","102,09","","","","","","Généralement dégagé"
"1977-08-27 13:00","1977","08","27","13:00"," ","18,40","","15,90","","85,00","","24,00","","22,00","","24,10","","102,09","","","","","","Généralement dégagé"
"1977-08-27 14:00","1977","08","27","14:00"," ","19,30","","15,90","","81,00","","24,00","","24,00","","24,10","","102,09","","","","","","Généralement dégagé"
"1977-08-27 15:00","1977","08","27","15:00"," ","18,90","","16,10","","84,00","","24,00","","26,00","","24,10","","102,06","","","","","","Généralement dégagé"
"1977-08-27 16:00","1977","08","27","16:00"," ","18,30","","15,70","","85,00","","24,00","","22,00","","19,30","","101,99","","","","","","Généralement dégagé"
"1977-08-27 17:00","1977","08","27","17:00"," ","18,00","","14,90","","82,00","","22,00","","28,00","","19,30","","101,92","","","","","","Généralement dégagé"
"1977-08-27 18:00","1977","08","27","18:00"," ","17,30","","14,50","","84,00","","21,00","","28,00","","19,30","","101,82","","","","","","Généralement dégagé"
"1977-08-27 19:00","1977","08","27","19:00"," ","16,10","","13,70","","86,00","","22,00","","24,00","","19,30","","101,86","","","","","","Généralement dégagé"
"1977-08-27 20:00","1977","08","27","20:00"," ","15,40","","13,40","","88,00","","24,00","","26,00","","19,30","","101,86","","","","","","Généralement dégagé"
"1977-08-27 21:00","1977","08","27","21:00"," ","14,90","","13,70","","93,00","","22,00","","22,00","","24,10","","101,89","","","","","","Dégagé"
"1977-08-27 22:00","1977","08","27","22:00"," ","15,20","","13,70","","91,00","","21,00","","24,00","","24,10","","101,82","","","","","","Dégagé"
"1977-08-27 23:00","1977","08","27","23:00"," ","14,60","","13,30","","92,00","","22,00","","26,00","","24,10","","101,82","","","","","","Dégagé"
"1977-08-28 00:00","1977","08","28","00:00"," ","14,20","","13,20","","94,00","","22,00","","24,00","","24,10","","101,82","","","","","","Dégagé"
"1977-08-28 01:00","1977","08","28","01:00"," ","14,60","","13,70","","94,00","","23,00","","24,00","","24,10","","101,79","","","","","","Dégagé"
"1977-08-28 02:00","1977","08","28","02:00"," ","15,20","","14,30","","94,00","","23,00","","19,00","","24,10","","101,75","","","","","","Dégagé"
"1977-08-28 03:00","1977","08","28","03:00"," ","14,70","","14,20","","97,00","","23,00","","28,00","","24,10","","101,75","","","","","","Dégagé"
"1977-08-28 04:00","1977","08","28","04:00"," ","15,30","","14,80","","97,00","","23,00","","15,00","","16,10","","101,72","","","","","","Généralement dégagé"
"1977-08-28 05:00","1977","08","28","05:00"," ","15,80","","15,20","","97,00","","24,00","","28,00","","16,10","","101,75","","","","","","Généralement dégagé"
"1977-08-28 06:00","1977","08","28","06:00"," ","15,40","","14,80","","96,00","","25,00","","28,00","","8,00","","101,79","","","","","","Brume sèche"
"1977-08-28 07:00","1977","08","28","07:00"," ","15,80","","15,30","","97,00","","23,00","","19,00","","8,00","","101,79","","","","","","Brume sèche"
"1977-08-28 08:00","1977","08","28","08:00"," ","16,80","","15,80","","94,00","","24,00","","30,00","","8,00","","101,82","","","","","","Brume sèche"
"1977-08-28 09:00","1977","08","28","09:00"," ","17,80","","16,20","","91,00","","25,00","","22,00","","12,90","","101,89","","","","","","Généralement nuageux"
"1977-08-28 10:00","1977","08","28","10:00"," ","18,80","","16,80","","88,00","","25,00","","20,00","","12,90","","101,89","","","","","","Généralement dégagé"
"1977-08-28 11:00","1977","08","28","11:00"," ","18,90","","17,10","","89,00","","24,00","","22,00","","11,30","","101,89","","","","","","Généralement nuageux"
"1977-08-28 12:00","1977","08","28","12:00"," ","19,70","","17,80","","89,00","","23,00","","19,00","","9,70","","101,86","","","","","","Brume sèche"
"1977-08-28 13:00","1977","08","28","13:00"," ","20,00","","18,10","","89,00","","24,00","","26,00","","8,00","","101,82","","26,00","","","","Brume sèche"
"1977-08-28 14:00","1977","08","28","14:00"," ","19,70","","17,80","","89,00","","24,00","","22,00","","9,70","","101,82","","","","","","Brume sèche"
"1977-08-28 15:00","1977","08","28","15:00"," ","19,20","","17,40","","89,00","","25,00","","15,00","","9,70","","101,79","","","","","","Brume sèche"
"1977-08-28 16:00","1977","08","28","16:00"," ","19,00","","17,20","","89,00","","25,00","","22,00","","8,00","","101,75","","","","","","Brume sèche"
"1977-08-28 17:00","1977","08","28","17:00"," ","18,40","","17,10","","92,00","","24,00","","15,00","","8,00","","101,75","","","","","","Brume sèche"
"1977-08-28 18:00","1977","08","28","18:00"," ","18,40","","17,20","","93,00","","21,00","","13,00","","8,00","","101,69","","","","","","Brume sèche"
"1977-08-28 19:00","1977","08","28","19:00"," ","16,90","","16,20","","96,00","","17,00","","7,00","","4,80","","101,72","","","","","","Brouillard"
"1977-08-28 20:00","1977","08","28","20:00"," ","15,50","","15,20","","98,00","","18,00","","7,00","","0,80","","101,72","","","","","","Brouillard"
"1977-08-28 21:00","1977","08","28","21:00"," ","14,70","","14,60","","99,00","","18,00","","9,00","","0,00","","101,72","","","","","","Brouillard"
"1977-08-28 22:00","1977","08","28","22:00"," ","14,60","","14,50","","99,00","","16,00","","6,00","","0,00","","101,69","","","","","","Brouillard"
"1977-08-28 23:00","1977","08","28","23:00"," ","14,80","","14,70","","100,00","","17,00","","6,00","","0,80","","101,69","","","","","","Brouillard"
"1977-08-29 00:00","1977","08","29","00:00"," ","14,70","","14,70","","100,00","","15,00","","6,00","","0,40","","101,72","","","","","","Brouillard"
"1977-08-29 01:00","1977","08","29","01:00"," ","14,60","","14,60","","100,00","","16,00","","6,00","","0,80","","101,69","","","","","","Brouillard"
"1977-08-29 02:00","1977","08","29","02:00"," ","15,10","","15,10","","100,00","","15,00","","6,00","","0,80","","101,69","","","","","","Brouillard"
"1977-08-29 03:00","1977","08","29","03:00"," ","14,90","","14,90","","100,00","","19,00","","7,00","","0,80","","101,65","","","","","","Brouillard"
"1977-08-29 04:00","1977","08","29","04:00"," ","14,10","","14,10","","100,00","","18,00","","7,00","","0,40","","101,65","","","","","","Brouillard"
"1977-08-29 05:00","1977","08","29","05:00"," ","13,80","","13,80","","100,00","","17,00","","6,00","","0,40","","101,65","","","","","","Brouillard"
"1977-08-29 06:00","1977","08","29","06:00"," ","14,30","","14,30","","100,00","","18,00","","7,00","","0,60","","101,65","","","","","","Brouillard"
"1977-08-29 07:00","1977","08","29","07:00"," ","15,10","","15,10","","100,00","","17,00","","6,00","","0,40","","101,69","","","","","","Brouillard"
"1977-08-29 08:00","1977","08","29","08:00"," ","17,20","","16,80","","97,00","","20,00","","9,00","","1,60","","101,69","","","","","","Brouillard"
"1977-08-29 09:00","1977","08","29","09:00"," ","17,80","","17,50","","98,00","","24,00","","7,00","","2,40","","101,72","","","","","","Brouillard"
"1977-08-29 10:00","1977","08","29","10:00"," ","18,20","","17,70","","97,00","","25,00","","6,00","","0,80","","101,69","","","","","","Brouillard"
"1977-08-29 11:00","1977","08","29","11:00"," ","18,20","","17,80","","97,00","","24,00","","7,00","","0,80","","101,69","","","","","","Brouillard"
"1977-08-29 12:00","1977","08","29","12:00"," ","18,30","","17,80","","97,00","","25,00","","9,00","","0,80","","101,62","","","","","","Brouillard"
"1977-08-29 13:00","1977","08","29","13:00"," ","18,40","","17,70","","96,00","","23,00","","15,00","","0,80","","101,59","","","","","","Brouillard"
"1977-08-29 14:00","1977","08","29","14:00"," ","18,30","","17,40","","95,00","","24,00","","19,00","","0,80","","101,55","","","","","","Brouillard"
"1977-08-29 15:00","1977","08","29","15:00"," ","18,20","","17,80","","97,00","","25,00","","17,00","","0,80","","101,48","","","","","","Brouillard"
"1977-08-29 16:00","1977","08","29","16:00"," ","19,60","","17,90","","90,00","","24,00","","11,00","","1,60","","101,42","","","","","","Brouillard"
"1977-08-29 17:00","1977","08","29","17:00"," ","19,10","","17,90","","93,00","","22,00","","9,00","","2,40","","101,42","","","","","","Brouillard"
"1977-08-29 18:00","1977","08","29","18:00"," ","18,30","","17,40","","95,00","","23,00","","19,00","","4,00","","101,35","","","","","","Brouillard"
"1977-08-29 19:00","1977","08","29","19:00"," ","18,50","","17,50","","94,00","","22,00","","11,00","","4,00","","101,32","","","","","","Brouillard"
"1977-08-29 20:00","1977","08","29","20:00"," ","18,70","","17,50","","93,00","","20,00","","11,00","","4,00","","101,32","","","","","","Brouillard"
"1977-08-29 21:00","1977","08","29","21:00"," ","18,30","","17,30","","94,00","","23,00","","15,00","","4,80","","101,35","","","","","","Brouillard"
"1977-08-29 22:00","1977","08","29","22:00"," ","16,10","","15,50","","96,00","","17,00","","7,00","","1,20","","101,35","","","","","","Brouillard"
"1977-08-29 23:00","1977","08","29","23:00"," ","16,20","","15,70","","97,00","","18,00","","7,00","","2,40","","101,35","","","","","","Brouillard"
"1977-08-30 00:00","1977","08","30","00:00"," ","16,90","","16,60","","98,00","","18,00","","6,00","","6,40","","101,28","","","","","","Brouillard"
"1977-08-30 01:00","1977","08","30","01:00"," ","17,20","","16,70","","97,00","","18,00","","6,00","","9,70","","101,25","","","","","","Brouillard"
"1977-08-30 02:00","1977","08","30","02:00"," ","17,10","","16,30","","95,00","","23,00","","11,00","","9,70","","101,21","","","","","","Brouillard"
"1977-08-30 03:00","1977","08","30","03:00"," ","16,50","","16,10","","98,00","","23,00","","13,00","","9,70","","101,15","","","","","","Brouillard"
"1977-08-30 04:00","1977","08","30","04:00"," ","16,50","","16,10","","98,00","","24,00","","26,00","","9,70","","101,15","","","","","","Brouillard"
"1977-08-30 05:00","1977","08","30","05:00"," ","16,10","","15,50","","96,00","","25,00","","22,00","","9,70","","101,15","","","","","","Brouillard"
"1977-08-30 06:00","1977","08","30","06:00"," ","16,10","","15,70","","98,00","","24,00","","19,00","","6,40","","101,21","","","","","","Brouillard"
"1977-08-30 07:00","1977","08","30","07:00"," ","16,10","","15,60","","97,00","","26,00","","20,00","","4,80","","101,21","","","","","","Brouillard"
"1977-08-30 08:00","1977","08","30","08:00"," ","16,60","","16,10","","97,00","","26,00","","15,00","","4,80","","101,25","","","","","","Brouillard"
"1977-08-30 09:00","1977","08","30","09:00"," ","16,60","","16,20","","98,00","","27,00","","7,00","","1,60","","101,25","","","","","","Brouillard"
"1977-08-30 10:00","1977","08","30","10:00"," ","17,20","","16,20","","94,00","","29,00","","6,00","","4,80","","101,28","","","","","","Brouillard"
"1977-08-30 11:00","1977","08","30","11:00"," ","20,80","","18,40","","86,00","","29,00","","13,00","","6,40","","101,25","","27,00","","","","Brume sèche"
"1977-08-30 12:00","1977","08","30","12:00"," ","21,20","","18,30","","83,00","","27,00","","13,00","","9,70","","101,25","","27,00","","","","Brume sèche"
"1977-08-30 13:00","1977","08","30","13:00"," ","20,90","","17,80","","82,00","","30,00","","17,00","","9,70","","101,28","","27,00","","","","Brume sèche"
"1977-08-30 14:00","1977","08","30","14:00"," ","20,90","","17,80","","82,00","","33,00","","13,00","","12,90","","101,28","","27,00","","","","Généralement nuageux"
"1977-08-30 15:00","1977","08","30","15:00"," ","21,70","","18,40","","81,00","","33,00","","13,00","","12,90","","101,28","","28,00","","","","Généralement nuageux"
"1977-08-30 16:00","1977","08","30","16:00"," ","21,80","","18,40","","81,00","","32,00","","15,00","","12,90","","101,32","","28,00","","","","Généralement nuageux"
"1977-08-30 17:00","1977","08","30","17:00"," ","22,70","","18,30","","76,00","","35,00","","19,00","","12,90","","101,32","","29,00","","","","Généralement nuageux"
"1977-08-30 18:00","1977","08","30","18:00"," ","21,60","","18,10","","81,00","","33,00","","11,00","","16,10","","101,35","","28,00","","","","Généralement nuageux"
"1977-08-30 19:00","1977","08","30","19:00"," ","18,30","","16,20","","88,00","","32,00","","7,00","","19,30","","101,42","","","","","","Généralement nuageux"
"1977-08-30 20:00","1977","08","30","20:00"," ","19,20","","16,90","","86,00","","35,00","","7,00","","19,30","","101,52","","","","","","Généralement nuageux"
"1977-08-30 21:00","1977","08","30","21:00"," ","20,10","","17,30","","84,00","","4,00","","9,00","","19,30","","101,59","","26,00","","","","Nuageux"
"1977-08-30 22:00","1977","08","30","22:00"," ","19,80","","17,00","","84,00","","4,00","","11,00","","19,30","","101,65","","","","","","Nuageux"
"1977-08-30 23:00","1977","08","30","23:00"," ","19,20","","16,60","","85,00","","4,00","","9,00","","19,30","","101,72","","","","","","Généralement nuageux"
"1977-08-31 00:00","1977","08","31","00:00"," ","17,80","","16,00","","89,00","","5,00","","6,00","","19,30","","101,79","","","","","","Généralement dégagé"
"1977-08-31 01:00","1977","08","31","01:00"," ","17,20","","14,80","","86,00","","5,00","","9,00","","24,10","","101,82","","","","","","Généralement nuageux"
"1977-08-31 02:00","1977","08","31","02:00"," ","16,90","","14,50","","86,00","","5,00","","7,00","","24,10","","101,86","","","","","","Généralement nuageux"
"1977-08-31 03:00","1977","08","31","03:00"," ","15,90","","14,00","","89,00","","5,00","","7,00","","24,10","","101,89","","","","","","Généralement dégagé"
"1977-08-31 04:00","1977","08","31","04:00"," ","15,10","","13,60","","91,00","","6,00","","6,00","","24,10","","101,92","","","","","","Généralement dégagé"
"1977-08-31 05:00","1977","08","31","05:00"," ","14,60","","13,40","","92,00","","5,00","","6,00","","24,10","","101,99","","","","","","Généralement dégagé"
"1977-08-31 06:00","1977","08","31","06:00"," ","14,00","","12,80","","92,00","","6,00","","9,00","","24,10","","102,06","","","","","","Généralement dégagé"
"1977-08-31 07:00","1977","08","31","07:00"," ","14,60","","12,70","","88,00","","6,00","","7,00","","24,10","","102,09","","","","","","Généralement dégagé"
"1977-08-31 08:00","1977","08","31","08:00"," ","16,30","","12,30","","77,00","","7,00","","17,00","","24,10","","102,13","","","","","","Généralement dégagé"
"1977-08-31 09:00","1977","08","31","09:00"," ","17,80","","12,10","","69,00","","8,00","","15,00","","24,10","","102,19","","","","","","Généralement dégagé"
"1977-08-31 10:00","1977","08","31","10:00"," ","19,70","","12,40","","63,00","","9,00","","11,00","","24,10","","102,23","","","","","","Généralement dégagé"
"1977-08-31 11:00","1977","08","31","11:00"," ","20,30","","11,60","","58,00","","9,00","","6,00","","24,10","","102,29","","","","","","Généralement dégagé"
"1977-08-31 12:00","1977","08","31","12:00"," ","21,40","","11,90","","55,00","","33,00","","11,00","","24,10","","102,29","","","","","","Généralement dégagé"
"1977-08-31 13:00","1977","08","31","13:00"," ","20,60","","12,30","","59,00","","31,00","","15,00","","24,10","","102,26","","","","","","Généralement dégagé"
"1977-08-31 14:00","1977","08","31","14:00"," ","20,60","","12,80","","61,00","","31,00","","17,00","","24,10","","102,19","","","","","","Généralement dégagé"
"1977-08-31 15:00","1977","08","31","15:00"," ","20,30","","12,30","","60,00","","31,00","","13,00","","24,10","","102,09","","","","","","Généralement dégagé"
"1977-08-31 16:00","1977","08","31","16:00"," ","19,00","","10,40","","57,00","","30,00","","19,00","","24,10","","102,09","","","","","","Généralement dégagé"
"1977-08-31 17:00","1977","08","31","17:00"," ","17,20","","11,30","","68,00","","25,00","","7,00","","24,10","","102,19","","","","","","Généralement dégagé"
"1977-08-31 18:00","1977","08","31","18:00"," ","15,10","","9,90","","71,00","","25,00","","9,00","","24,10","","102,23","","","","","","Généralement dégagé"
"1977-08-31 19:00","1977","08","31","19:00"," ","12,90","","10,10","","83,00","","25,00","","6,00","","24,10","","102,29","","","","","","Généralement dégagé"
"1977-08-31 20:00","1977","08","31","20:00"," ","11,40","","9,20","","87,00","","0,00","","0,00","","24,10","","102,26","","","","","","Généralement dégagé"
"1977-08-31 21:00","1977","08","31","21:00"," ","11,30","","9,00","","86,00","","0,00","","0,00","","24,10","","102,26","","","","","","Dégagé"
"1977-08-31 22:00","1977","08","31","22:00"," ","10,30","","8,50","","89,00","","0,00","","0,00","","24,10","","102,23","","","","","","Dégagé"
"1977-08-31 23:00","1977","08","31","23:00"," ","11,00","","9,10","","88,00","","0,00","","0,00","","24,10","","102,23","","","","","","Dégagé"
