"Nom de la Station","RESOLUTE CARS"
"Province","NUNAVUT"
"Latitude","74,72"
"Longitude","-94,97"
"Altitude","67,70"
"Identification Climat","2403500"
"Identification OMM","71924"
"Identification TC","YRB"
"Toutes les heures sont exprimées en heure normale locale (HNL). Pour convertir l'heure locale en heure avancée de l'Est (HAE), ajoutez 1 heure s'il y a lieu."

"Légende"
"M","Données Manquantes"
"E","Valeur Estimée"
"ND","Non Disponible"
"**","Données fournies par un partenaire, non assujetties à un révision par les Archives climatiques nationales du Canada"

"Date/Heure","Année","Mois","Jour","Heure","Qualité des Données","Temp (°C)","Temp Indicateur","Point de rosée (°C)","Point de rosée Indicateur","Hum. rel (%)","Hum. rel. Indicateur","Dir. du vent (10s deg)","Dir. du vent Indicateur","Vit. du vent (km/h)","Vit. du vent Indicateur","Visibilité (km)","Visibilité Indicateur","Pression à la station (kPa)","Pression à la station Indicateur","Hmdx","Hmdx Indicateur","Refroid. éolien","Refroid. éolien Indicateur","Temps"
"1981-11-01 00:00","1981","11","01","00:00"," ","-5,80","","-7,40","","88,00","","8,00","","41,00","","1,20","","98,60","","","","-15,00","","Poudrerie élevée"
"1981-11-01 01:00","1981","11","01","01:00"," ","-5,70","","-7,30","","89,00","","7,00","","31,00","","2,40","","98,50","","","","-14,00","","Neige,Poudrerie élevée"
"1981-11-01 02:00","1981","11","01","02:00"," ","-5,50","","-7,00","","89,00","","6,00","","33,00","","2,40","","98,43","","","","-14,00","","Neige,Poudrerie élevée"
"1981-11-01 03:00","1981","11","01","03:00"," ","-5,80","","-7,70","","86,00","","6,00","","31,00","","2,40","","98,33","","","","-14,00","","Neige,Poudrerie élevée"
"1981-11-01 04:00","1981","11","01","04:00"," ","-5,20","","-6,80","","89,00","","5,00","","26,00","","3,20","","98,29","","","","-13,00","","Neige"
"1981-11-01 05:00","1981","11","01","05:00"," ","-4,80","","-6,50","","88,00","","9,00","","24,00","","12,90","","98,23","","","","-12,00","","Neige"
"1981-11-01 06:00","1981","11","01","06:00"," ","-4,80","","-6,30","","89,00","","9,00","","24,00","","12,90","","98,19","","","","-12,00","","Neige"
"1981-11-01 07:00","1981","11","01","07:00"," ","-4,50","","-6,20","","88,00","","8,00","","24,00","","16,10","","98,16","","","","-12,00","","Généralement nuageux"
"1981-11-01 08:00","1981","11","01","08:00"," ","-4,30","","-5,90","","88,00","","10,00","","22,00","","8,00","","98,16","","","","-11,00","","Brouillard"
"1981-11-01 09:00","1981","11","01","09:00"," ","-4,40","","-6,00","","88,00","","11,00","","24,00","","3,20","","98,19","","","","-11,00","","Neige,Brouillard"
"1981-11-01 10:00","1981","11","01","10:00"," ","-4,50","","-5,90","","90,00","","10,00","","22,00","","3,20","","98,23","","","","-11,00","","Neige,Brouillard"
"1981-11-01 11:00","1981","11","01","11:00"," ","-4,40","","-5,90","","89,00","","9,00","","24,00","","3,20","","98,23","","","","-11,00","","Neige,Brouillard"
"1981-11-01 12:00","1981","11","01","12:00"," ","-4,50","","-5,80","","91,00","","10,00","","19,00","","3,20","","98,26","","","","-11,00","","Neige,Brouillard"
"1981-11-01 13:00","1981","11","01","13:00"," ","-4,90","","-6,30","","90,00","","14,00","","9,00","","6,40","","98,29","","","","-9,00","","Neige,Brouillard"
"1981-11-01 14:00","1981","11","01","14:00"," ","-5,20","","-6,50","","91,00","","13,00","","9,00","","4,80","","98,33","","","","-9,00","","Neige,Brouillard"
"1981-11-01 15:00","1981","11","01","15:00"," ","-5,20","","-6,40","","91,00","","11,00","","9,00","","3,20","","98,36","","","","-9,00","","Neige,Brouillard"
"1981-11-01 16:00","1981","11","01","16:00"," ","-5,60","","-6,80","","91,00","","19,00","","7,00","","3,20","","98,40","","","","-9,00","","Neige,Brouillard"
"1981-11-01 17:00","1981","11","01","17:00"," ","-5,70","","-6,80","","92,00","","26,00","","11,00","","6,40","","98,43","","","","-10,00","","Neige"
"1981-11-01 18:00","1981","11","01","18:00"," ","-5,40","","-6,60","","91,00","","28,00","","20,00","","6,40","","98,46","","","","-12,00","","Neige"
"1981-11-01 19:00","1981","11","01","19:00"," ","-6,10","","-7,50","","90,00","","27,00","","26,00","","6,40","","98,50","","","","-14,00","","Neige"
"1981-11-01 20:00","1981","11","01","20:00"," ","-7,10","","-8,80","","88,00","","29,00","","24,00","","6,40","","98,53","","","","-15,00","","Neige"
"1981-11-01 21:00","1981","11","01","21:00"," ","-7,70","","-9,20","","89,00","","30,00","","22,00","","6,40","","98,56","","","","-15,00","","Neige"
"1981-11-01 22:00","1981","11","01","22:00"," ","-7,90","","-9,40","","89,00","","29,00","","20,00","","6,40","","98,60","","","","-15,00","","Neige"
"1981-11-01 23:00","1981","11","01","23:00"," ","-8,70","","-10,30","","88,00","","25,00","","22,00","","6,40","","98,63","","","","-17,00","","Neige"
"1981-11-02 00:00","1981","11","02","00:00"," ","-9,10","","-10,60","","89,00","","26,00","","19,00","","6,40","","98,66","","","","-17,00","","Neige"
"1981-11-02 01:00","1981","11","02","01:00"," ","-8,70","","-10,30","","88,00","","28,00","","7,00","","12,90","","98,70","","","","-13,00","","Neige"
"1981-11-02 02:00","1981","11","02","02:00"," ","-8,40","","-10,00","","88,00","","25,00","","7,00","","12,90","","98,73","","","","-12,00","","Neige"
"1981-11-02 03:00","1981","11","02","03:00"," ","-8,80","","-10,60","","86,00","","27,00","","24,00","","12,90","","98,77","","","","-17,00","","Neige"
"1981-11-02 04:00","1981","11","02","04:00"," ","-10,10","","-11,90","","87,00","","28,00","","22,00","","16,10","","98,83","","","","-18,00","","Neige"
"1981-11-02 05:00","1981","11","02","05:00"," ","-10,40","","-12,50","","84,00","","28,00","","22,00","","9,70","","98,93","","","","-19,00","","Neige"
"1981-11-02 06:00","1981","11","02","06:00"," ","-10,60","","-12,70","","84,00","","32,00","","15,00","","9,70","","98,93","","","","-17,00","","Neige"
"1981-11-02 07:00","1981","11","02","07:00"," ","-11,00","","-12,90","","86,00","","35,00","","13,00","","9,70","","98,97","","","","-17,00","","Neige"
"1981-11-02 08:00","1981","11","02","08:00"," ","-10,90","","-12,90","","85,00","","1,00","","7,00","","6,40","","99,00","","","","-15,00","","Neige"
"1981-11-02 09:00","1981","11","02","09:00"," ","-10,40","","-12,40","","85,00","","24,00","","15,00","","1,60","","99,04","","","","-17,00","","Neige"
"1981-11-02 10:00","1981","11","02","10:00"," ","-11,20","","-13,20","","85,00","","24,00","","19,00","","4,00","","99,07","","","","-19,00","","Neige,Brouillard"
"1981-11-02 11:00","1981","11","02","11:00"," ","-11,40","","-13,60","","83,00","","27,00","","11,00","","4,00","","99,10","","","","-17,00","","Neige,Brouillard"
"1981-11-02 12:00","1981","11","02","12:00"," ","-11,80","","-14,00","","83,00","","28,00","","13,00","","4,00","","99,17","","","","-18,00","","Neige,Brouillard"
"1981-11-02 13:00","1981","11","02","13:00"," ","-12,20","","-14,30","","85,00","","26,00","","9,00","","6,40","","99,20","","","","-17,00","","Neige,Brouillard"
"1981-11-02 14:00","1981","11","02","14:00"," ","-12,40","","-15,20","","79,00","","26,00","","4,00","","8,00","","99,24","","","","-15,00","","Neige"
"1981-11-02 15:00","1981","11","02","15:00"," ","-12,90","","-15,10","","83,00","","0,00","","0,00","","1,20","","99,27","","","","","","Neige"
"1981-11-02 16:00","1981","11","02","16:00"," ","-12,80","","-14,80","","85,00","","32,00","","6,00","","3,20","","99,30","","","","-17,00","","Neige,Brouillard"
"1981-11-02 17:00","1981","11","02","17:00"," ","-13,40","","-15,40","","85,00","","33,00","","6,00","","6,40","","99,34","","","","-17,00","","Neige"
"1981-11-02 18:00","1981","11","02","18:00"," ","-13,60","","-15,40","","86,00","","31,00","","9,00","","6,40","","99,37","","","","-19,00","","Neige"
"1981-11-02 19:00","1981","11","02","19:00"," ","-13,70","","-15,40","","87,00","","35,00","","9,00","","6,40","","99,41","","","","-19,00","","Neige"
"1981-11-02 20:00","1981","11","02","20:00"," ","-14,70","","-16,70","","85,00","","34,00","","13,00","","6,40","","99,44","","","","-22,00","","Neige"
"1981-11-02 21:00","1981","11","02","21:00"," ","-14,70","","-16,70","","85,00","","34,00","","11,00","","6,40","","99,44","","","","-21,00","","Neige"
"1981-11-02 22:00","1981","11","02","22:00"," ","-14,00","","-15,90","","86,00","","33,00","","9,00","","6,40","","99,47","","","","-20,00","","Neige"
"1981-11-02 23:00","1981","11","02","23:00"," ","-13,80","","-15,70","","85,00","","35,00","","15,00","","6,40","","99,47","","","","-21,00","","Neige"
"1981-11-03 00:00","1981","11","03","00:00"," ","-13,70","","-15,80","","84,00","","1,00","","19,00","","6,40","","99,47","","","","-22,00","","Neige"
"1981-11-03 01:00","1981","11","03","01:00"," ","-13,70","","-16,00","","83,00","","2,00","","22,00","","8,00","","99,51","","","","-23,00","","Neige"
"1981-11-03 02:00","1981","11","03","02:00"," ","-14,50","","-16,80","","83,00","","35,00","","13,00","","12,90","","99,57","","","","-22,00","","Neige"
"1981-11-03 03:00","1981","11","03","03:00"," ","-14,90","","-16,80","","85,00","","34,00","","17,00","","11,30","","99,57","","","","-23,00","","Neige"
"1981-11-03 04:00","1981","11","03","04:00"," ","-14,60","","-16,50","","85,00","","33,00","","15,00","","8,00","","99,57","","","","-22,00","","Neige"
"1981-11-03 05:00","1981","11","03","05:00"," ","-13,90","","-16,00","","84,00","","35,00","","19,00","","6,40","","99,57","","","","-23,00","","Neige"
"1981-11-03 06:00","1981","11","03","06:00"," ","-13,90","","-16,00","","84,00","","35,00","","20,00","","12,90","","99,61","","","","-23,00","","Neige"
"1981-11-03 07:00","1981","11","03","07:00"," ","-14,80","","-16,70","","85,00","","33,00","","17,00","","24,10","","99,61","","","","-23,00","","Neige"
"1981-11-03 08:00","1981","11","03","08:00"," ","-14,10","","-15,90","","86,00","","33,00","","15,00","","16,10","","99,57","","","","-22,00","","Neige"
"1981-11-03 09:00","1981","11","03","09:00"," ","-13,30","","-15,20","","85,00","","33,00","","15,00","","3,20","","99,57","","","","-21,00","","Neige"
"1981-11-03 10:00","1981","11","03","10:00"," ","-13,50","","-15,40","","86,00","","32,00","","13,00","","1,60","","99,57","","","","-20,00","","Neige,Brouillard"
"1981-11-03 11:00","1981","11","03","11:00"," ","-14,10","","-15,80","","87,00","","34,00","","15,00","","4,80","","99,57","","","","-22,00","","Neige,Brouillard"
"1981-11-03 12:00","1981","11","03","12:00"," ","-13,40","","-15,20","","86,00","","33,00","","13,00","","6,40","","99,57","","","","-20,00","","Neige,Brouillard"
"1981-11-03 13:00","1981","11","03","13:00"," ","-13,00","","-14,80","","86,00","","32,00","","20,00","","4,80","","99,57","","","","-22,00","","Neige,Brouillard"
"1981-11-03 14:00","1981","11","03","14:00"," ","-12,50","","-14,40","","86,00","","32,00","","17,00","","3,20","","99,57","","","","-20,00","","Neige,Brouillard"
"1981-11-03 15:00","1981","11","03","15:00"," ","-11,50","","-13,20","","87,00","","33,00","","17,00","","2,40","","99,57","","","","-19,00","","Neige,Brouillard"
"1981-11-03 16:00","1981","11","03","16:00"," ","-11,50","","-13,40","","86,00","","28,00","","11,00","","3,20","","99,61","","","","-17,00","","Neige,Brouillard"
"1981-11-03 17:00","1981","11","03","17:00"," ","-11,10","","-13,20","","84,00","","33,00","","19,00","","6,40","","99,67","","","","-19,00","","Neige"
"1981-11-03 18:00","1981","11","03","18:00"," ","-10,50","","-13,10","","81,00","","3,00","","28,00","","6,40","","99,64","","","","-20,00","","Neige"
"1981-11-03 19:00","1981","11","03","19:00"," ","-11,10","","-13,60","","82,00","","4,00","","31,00","","6,40","","99,64","","","","-21,00","","Neige"
"1981-11-03 20:00","1981","11","03","20:00"," ","-11,30","","-13,60","","83,00","","4,00","","31,00","","6,40","","99,64","","","","-21,00","","Neige"
"1981-11-03 21:00","1981","11","03","21:00"," ","-11,40","","-13,80","","82,00","","4,00","","31,00","","6,40","","99,64","","","","-21,00","","Neige"
"1981-11-03 22:00","1981","11","03","22:00"," ","-11,90","","-14,30","","82,00","","4,00","","33,00","","6,40","","99,64","","","","-22,00","","Neige"
"1981-11-03 23:00","1981","11","03","23:00"," ","-11,80","","-14,10","","83,00","","3,00","","30,00","","6,40","","99,71","","","","-22,00","","Neige"
"1981-11-04 00:00","1981","11","04","00:00"," ","-12,10","","-14,30","","84,00","","4,00","","39,00","","6,40","","99,71","","","","-23,00","","Neige"
"1981-11-04 01:00","1981","11","04","01:00"," ","-12,20","","-14,70","","82,00","","4,00","","33,00","","8,00","","99,74","","","","-23,00","","Neige"
"1981-11-04 02:00","1981","11","04","02:00"," ","-12,50","","-14,80","","83,00","","4,00","","30,00","","4,80","","99,78","","","","-23,00","","Neige"
"1981-11-04 03:00","1981","11","04","03:00"," ","-12,70","","-15,20","","81,00","","3,00","","28,00","","8,00","","99,81","","","","-23,00","","Neige"
"1981-11-04 04:00","1981","11","04","04:00"," ","-12,30","","-14,70","","82,00","","3,00","","31,00","","4,80","","99,81","","","","-23,00","","Neige"
"1981-11-04 05:00","1981","11","04","05:00"," ","-12,20","","-14,70","","82,00","","3,00","","33,00","","4,80","","99,81","","","","-23,00","","Neige"
"1981-11-04 06:00","1981","11","04","06:00"," ","-12,20","","-14,50","","83,00","","4,00","","31,00","","4,80","","99,81","","","","-23,00","","Neige"
"1981-11-04 07:00","1981","11","04","07:00"," ","-12,20","","-14,60","","82,00","","4,00","","33,00","","3,20","","99,78","","","","-23,00","","Neige,Poudrerie élevée"
"1981-11-04 08:00","1981","11","04","08:00"," ","-12,20","","-14,70","","82,00","","4,00","","33,00","","4,00","","99,78","","","","-23,00","","Neige,Poudrerie élevée"
"1981-11-04 09:00","1981","11","04","09:00"," ","-12,40","","-14,80","","82,00","","3,00","","26,00","","4,00","","99,81","","","","-22,00","","Neige,Poudrerie élevée"
"1981-11-04 10:00","1981","11","04","10:00"," ","-12,80","","-15,30","","81,00","","4,00","","37,00","","4,00","","99,81","","","","-24,00","","Neige"
"1981-11-04 11:00","1981","11","04","11:00"," ","-12,60","","-15,00","","82,00","","3,00","","33,00","","1,60","","99,81","","","","-23,00","","Neige"
"1981-11-04 12:00","1981","11","04","12:00"," ","-12,10","","-14,50","","82,00","","3,00","","30,00","","1,60","","99,81","","","","-22,00","","Neige"
"1981-11-04 13:00","1981","11","04","13:00"," ","-11,80","","-14,40","","81,00","","3,00","","33,00","","1,60","","99,81","","","","-22,00","","Neige"
"1981-11-04 14:00","1981","11","04","14:00"," ","-11,60","","-14,10","","82,00","","2,00","","26,00","","4,80","","99,81","","","","-21,00","","Neige"
"1981-11-04 15:00","1981","11","04","15:00"," ","-11,00","","-14,30","","77,00","","4,00","","31,00","","6,40","","99,81","","","","-21,00","","Neige"
"1981-11-04 16:00","1981","11","04","16:00"," ","-11,00","","-14,30","","77,00","","3,00","","33,00","","6,40","","99,81","","","","-21,00","","Neige"
"1981-11-04 17:00","1981","11","04","17:00"," ","-11,30","","-14,30","","78,00","","2,00","","41,00","","8,00","","99,74","","","","-23,00","","Neige"
"1981-11-04 18:00","1981","11","04","18:00"," ","-11,10","","-13,30","","84,00","","3,00","","43,00","","6,40","","99,74","","","","-23,00","","Neige"
"1981-11-04 19:00","1981","11","04","19:00"," ","-11,20","","-14,30","","78,00","","3,00","","44,00","","6,40","","99,67","","","","-23,00","","Neige,Poudrerie élevée"
"1981-11-04 20:00","1981","11","04","20:00"," ","-11,10","","-13,20","","84,00","","4,00","","43,00","","4,00","","99,61","","","","-23,00","","Neige,Poudrerie élevée"
"1981-11-04 21:00","1981","11","04","21:00"," ","-11,30","","-13,70","","82,00","","3,00","","43,00","","4,80","","99,61","","","","-23,00","","Neige,Poudrerie élevée"
"1981-11-04 22:00","1981","11","04","22:00"," ","-11,30","","-13,80","","82,00","","1,00","","30,00","","16,10","","99,61","","","","-21,00","","Neige"
"1981-11-04 23:00","1981","11","04","23:00"," ","-11,20","","-13,60","","82,00","","2,00","","35,00","","9,70","","99,57","","","","-22,00","","Neige"
"1981-11-05 00:00","1981","11","05","00:00"," ","-10,90","","-13,50","","81,00","","1,00","","31,00","","16,10","","99,51","","","","-21,00","","Neige"
"1981-11-05 01:00","1981","11","05","01:00"," ","-11,10","","-13,70","","81,00","","2,00","","52,00","","6,40","","99,41","","","","-23,00","","Neige,Poudrerie élevée"
"1981-11-05 02:00","1981","11","05","02:00"," ","-12,10","","-14,80","","80,00","","3,00","","52,00","","4,00","","99,37","","","","-25,00","","Neige,Poudrerie élevée"
"1981-11-05 03:00","1981","11","05","03:00"," ","-12,80","","-15,00","","83,00","","3,00","","57,00","","4,00","","99,34","","","","-26,00","","Neige,Poudrerie élevée"
"1981-11-05 04:00","1981","11","05","04:00"," ","-12,70","","-15,00","","83,00","","1,00","","48,00","","4,80","","99,34","","","","-25,00","","Neige,Poudrerie élevée"
"1981-11-05 05:00","1981","11","05","05:00"," ","-12,90","","-15,30","","82,00","","35,00","","41,00","","16,10","","99,27","","","","-25,00","","Neige"
"1981-11-05 06:00","1981","11","05","06:00"," ","-14,50","","-16,90","","82,00","","35,00","","37,00","","9,70","","99,27","","","","-26,00","","Neige,Poudrerie élevée"
"1981-11-05 07:00","1981","11","05","07:00"," ","-16,10","","-18,50","","82,00","","33,00","","35,00","","12,90","","99,17","","","","-28,00","","Cristaux de glace"
"1981-11-05 08:00","1981","11","05","08:00"," ","-17,10","","-19,20","","84,00","","34,00","","26,00","","12,90","","99,14","","","","-28,00","","Cristaux de glace"
"1981-11-05 09:00","1981","11","05","09:00"," ","-17,70","","-20,00","","82,00","","32,00","","22,00","","12,90","","99,07","","","","-28,00","","Cristaux de glace"
"1981-11-05 10:00","1981","11","05","10:00"," ","-18,20","","-20,30","","84,00","","33,00","","31,00","","12,90","","98,97","","","","-30,00","","Cristaux de glace"
"1981-11-05 11:00","1981","11","05","11:00"," ","-18,40","","-20,40","","84,00","","33,00","","13,00","","6,40","","99,00","","","","-26,00","","Brouillard de glace"
"1981-11-05 12:00","1981","11","05","12:00"," ","-19,00","","-21,20","","83,00","","34,00","","41,00","","2,40","","98,93","","","","-33,00","","Brouillard de glace"
"1981-11-05 13:00","1981","11","05","13:00"," ","-19,40","","-21,60","","83,00","","33,00","","37,00","","3,20","","98,93","","","","-33,00","","Brouillard de glace"
"1981-11-05 14:00","1981","11","05","14:00"," ","-19,30","","-21,30","","84,00","","31,00","","37,00","","4,00","","98,97","","","","-33,00","","Brouillard de glace"
"1981-11-05 15:00","1981","11","05","15:00"," ","-19,50","","-21,90","","81,00","","35,00","","56,00","","4,00","","98,93","","","","-35,00","","Brouillard de glace"
"1981-11-05 16:00","1981","11","05","16:00"," ","-19,40","","-21,60","","83,00","","34,00","","35,00","","6,40","","98,97","","","","-33,00","","Brouillard de glace"
"1981-11-05 17:00","1981","11","05","17:00"," ","-19,30","","-21,60","","82,00","","35,00","","28,00","","6,40","","98,97","","","","-31,00","","Brouillard de glace"
"1981-11-05 18:00","1981","11","05","18:00"," ","-19,50","","-22,00","","81,00","","36,00","","28,00","","12,90","","98,97","","","","-32,00","","Cristaux de glace"
"1981-11-05 19:00","1981","11","05","19:00"," ","-19,10","","-21,40","","82,00","","35,00","","28,00","","12,90","","98,93","","","","-31,00","","Cristaux de glace"
"1981-11-05 20:00","1981","11","05","20:00"," ","-18,80","","-21,50","","79,00","","34,00","","19,00","","16,10","","98,97","","","","-29,00","","Cristaux de glace"
"1981-11-05 21:00","1981","11","05","21:00"," ","-19,00","","-21,60","","80,00","","35,00","","15,00","","16,10","","98,97","","","","-28,00","","Cristaux de glace"
"1981-11-05 22:00","1981","11","05","22:00"," ","-18,90","","-21,30","","81,00","","36,00","","24,00","","16,10","","98,97","","","","-30,00","","Cristaux de glace"
"1981-11-05 23:00","1981","11","05","23:00"," ","-19,00","","-21,50","","81,00","","35,00","","24,00","","16,10","","98,97","","","","-30,00","","Cristaux de glace"
"1981-11-06 00:00","1981","11","06","00:00"," ","-18,90","","-21,60","","79,00","","34,00","","19,00","","16,10","","99,00","","","","-29,00","","Nuageux"
"1981-11-06 01:00","1981","11","06","01:00"," ","-18,80","","-21,80","","77,00","","36,00","","15,00","","24,10","","99,04","","","","-28,00","","Généralement nuageux"
"1981-11-06 02:00","1981","11","06","02:00"," ","-18,50","","-20,90","","81,00","","1,00","","19,00","","24,10","","99,00","","","","-28,00","","Généralement nuageux"
"1981-11-06 03:00","1981","11","06","03:00"," ","-18,60","","-21,20","","80,00","","2,00","","15,00","","24,10","","99,00","","","","-27,00","","Généralement nuageux"
"1981-11-06 04:00","1981","11","06","04:00"," ","-18,70","","-21,40","","80,00","","4,00","","20,00","","24,10","","98,97","","","","-29,00","","Nuageux"
"1981-11-06 05:00","1981","11","06","05:00"," ","-17,70","","-20,10","","82,00","","4,00","","20,00","","24,10","","98,93","","","","-28,00","","Nuageux"
"1981-11-06 06:00","1981","11","06","06:00"," ","-16,00","","-18,20","","83,00","","10,00","","15,00","","24,10","","98,93","","","","-24,00","","Nuageux"
"1981-11-06 07:00","1981","11","06","07:00"," ","-15,30","","-17,30","","85,00","","8,00","","22,00","","24,10","","98,90","","","","-25,00","","Nuageux"
"1981-11-06 08:00","1981","11","06","08:00"," ","-14,70","","-16,70","","85,00","","8,00","","19,00","","24,10","","98,87","","","","-24,00","","Nuageux"
"1981-11-06 09:00","1981","11","06","09:00"," ","-14,50","","-16,60","","84,00","","8,00","","15,00","","16,10","","98,87","","","","-22,00","","Neige"
"1981-11-06 10:00","1981","11","06","10:00"," ","-14,60","","-16,40","","86,00","","8,00","","17,00","","12,90","","98,87","","","","-23,00","","Neige"
"1981-11-06 11:00","1981","11","06","11:00"," ","-14,20","","-16,10","","85,00","","10,00","","13,00","","4,80","","98,87","","","","-21,00","","Neige"
"1981-11-06 12:00","1981","11","06","12:00"," ","-14,00","","-16,10","","84,00","","10,00","","19,00","","6,40","","98,87","","","","-23,00","","Neige"
"1981-11-06 13:00","1981","11","06","13:00"," ","-14,00","","-16,00","","85,00","","14,00","","15,00","","9,70","","98,83","","","","-22,00","","Neige"
"1981-11-06 14:00","1981","11","06","14:00"," ","-14,20","","-16,50","","83,00","","6,00","","19,00","","4,80","","98,83","","","","-23,00","","Neige"
"1981-11-06 15:00","1981","11","06","15:00"," ","-14,10","","-16,60","","81,00","","6,00","","20,00","","8,00","","98,83","","","","-23,00","","Neige"
"1981-11-06 16:00","1981","11","06","16:00"," ","-13,70","","-16,40","","80,00","","4,00","","20,00","","9,70","","98,80","","","","-23,00","","Neige"
"1981-11-06 17:00","1981","11","06","17:00"," ","-13,10","","-15,90","","80,00","","5,00","","22,00","","9,70","","98,77","","","","-22,00","","Neige"
"1981-11-06 18:00","1981","11","06","18:00"," ","-12,60","","-15,20","","81,00","","6,00","","22,00","","12,90","","98,80","","","","-22,00","","Neige"
"1981-11-06 19:00","1981","11","06","19:00"," ","-12,40","","-14,90","","81,00","","9,00","","28,00","","9,70","","98,80","","","","-22,00","","Neige"
"1981-11-06 20:00","1981","11","06","20:00"," ","-13,10","","-15,60","","81,00","","7,00","","26,00","","9,70","","98,83","","","","-23,00","","Neige"
"1981-11-06 21:00","1981","11","06","21:00"," ","-13,10","","-15,60","","81,00","","7,00","","24,00","","9,70","","98,83","","","","-23,00","","Neige"
"1981-11-06 22:00","1981","11","06","22:00"," ","-13,00","","-15,10","","84,00","","7,00","","22,00","","9,70","","98,87","","","","-22,00","","Neige"
"1981-11-06 23:00","1981","11","06","23:00"," ","-12,90","","-15,30","","82,00","","8,00","","22,00","","6,40","","98,93","","","","-22,00","","Neige"
"1981-11-07 00:00","1981","11","07","00:00"," ","-12,40","","-14,80","","82,00","","8,00","","19,00","","8,00","","98,97","","","","-21,00","","Neige"
"1981-11-07 01:00","1981","11","07","01:00"," ","-13,20","","-15,60","","82,00","","9,00","","26,00","","19,30","","99,04","","","","-23,00","","Neige"
"1981-11-07 02:00","1981","11","07","02:00"," ","-13,50","","-16,40","","79,00","","9,00","","28,00","","24,10","","99,07","","","","-24,00","","Neige"
"1981-11-07 03:00","1981","11","07","03:00"," ","-14,30","","-17,10","","79,00","","9,00","","28,00","","24,10","","99,14","","","","-25,00","","Généralement nuageux"
"1981-11-07 04:00","1981","11","07","04:00"," ","-13,80","","-15,90","","84,00","","12,00","","17,00","","24,10","","99,24","","","","-22,00","","Neige"
"1981-11-07 05:00","1981","11","07","05:00"," ","-14,10","","-16,40","","83,00","","11,00","","17,00","","24,10","","99,27","","","","-22,00","","Neige"
"1981-11-07 06:00","1981","11","07","06:00"," ","-14,80","","-17,10","","82,00","","10,00","","20,00","","24,10","","99,30","","","","-24,00","","Neige"
"1981-11-07 07:00","1981","11","07","07:00"," ","-14,50","","-17,10","","80,00","","9,00","","20,00","","24,10","","99,37","","","","-24,00","","Neige"
"1981-11-07 08:00","1981","11","07","08:00"," ","-14,50","","-17,20","","80,00","","8,00","","22,00","","24,10","","99,37","","","","-24,00","","Neige"
"1981-11-07 09:00","1981","11","07","09:00"," ","-14,30","","-17,00","","80,00","","7,00","","22,00","","24,10","","99,44","","","","-24,00","","Neige"
"1981-11-07 10:00","1981","11","07","10:00"," ","-13,90","","-16,50","","81,00","","5,00","","17,00","","24,10","","99,51","","","","-22,00","","Nuageux"
"1981-11-07 11:00","1981","11","07","11:00"," ","-14,00","","-16,50","","81,00","","8,00","","17,00","","24,10","","99,54","","","","-22,00","","Neige"
"1981-11-07 12:00","1981","11","07","12:00"," ","-14,00","","-16,50","","81,00","","8,00","","19,00","","24,10","","99,54","","","","-23,00","","Neige"
"1981-11-07 13:00","1981","11","07","13:00"," ","-15,70","","-18,70","","78,00","","7,00","","11,00","","24,10","","99,61","","","","-22,00","","Neige"
"1981-11-07 14:00","1981","11","07","14:00"," ","-15,60","","-17,60","","85,00","","6,00","","22,00","","24,10","","99,67","","","","-25,00","","Neige"
"1981-11-07 15:00","1981","11","07","15:00"," ","-17,40","","-19,00","","87,00","","4,00","","20,00","","24,10","","99,64","","","","-27,00","","Généralement nuageux"
"1981-11-07 16:00","1981","11","07","16:00"," ","-16,60","","-18,60","","84,00","","2,00","","22,00","","24,10","","99,64","","","","-27,00","","Généralement nuageux"
"1981-11-07 17:00","1981","11","07","17:00"," ","-15,70","","-17,60","","85,00","","22,00","","15,00","","24,10","","99,67","","","","-24,00","","Généralement nuageux"
"1981-11-07 18:00","1981","11","07","18:00"," ","-14,50","","-16,00","","88,00","","32,00","","15,00","","24,10","","99,67","","","","-22,00","","Neige"
"1981-11-07 19:00","1981","11","07","19:00"," ","-14,10","","-16,20","","84,00","","26,00","","9,00","","24,10","","99,64","","","","-20,00","","Neige"
"1981-11-07 20:00","1981","11","07","20:00"," ","-14,30","","-16,60","","82,00","","31,00","","15,00","","24,10","","99,61","","","","-22,00","","Nuageux"
"1981-11-07 21:00","1981","11","07","21:00"," ","-12,90","","-15,20","","83,00","","2,00","","30,00","","24,10","","99,61","","","","-23,00","","Nuageux"
"1981-11-07 22:00","1981","11","07","22:00"," ","-12,50","","-15,00","","81,00","","3,00","","30,00","","19,30","","99,61","","","","-23,00","","Neige"
"1981-11-07 23:00","1981","11","07","23:00"," ","-12,30","","-14,70","","82,00","","3,00","","26,00","","19,30","","99,61","","","","-22,00","","Neige"
"1981-11-08 00:00","1981","11","08","00:00"," ","-12,30","","-14,60","","83,00","","1,00","","28,00","","16,10","","99,61","","","","-22,00","","Neige"
"1981-11-08 01:00","1981","11","08","01:00"," ","-12,30","","-14,70","","82,00","","3,00","","30,00","","24,10","","99,67","","","","-23,00","","Neige"
"1981-11-08 02:00","1981","11","08","02:00"," ","-13,50","","-16,10","","81,00","","3,00","","31,00","","16,10","","99,67","","","","-24,00","","Neige"
"1981-11-08 03:00","1981","11","08","03:00"," ","-13,80","","-16,20","","82,00","","4,00","","31,00","","16,10","","99,64","","","","-25,00","","Neige"
"1981-11-08 04:00","1981","11","08","04:00"," ","-13,50","","-16,20","","80,00","","3,00","","33,00","","16,10","","99,61","","","","-25,00","","Neige"
"1981-11-08 05:00","1981","11","08","05:00"," ","-13,90","","-16,40","","81,00","","2,00","","35,00","","24,10","","99,61","","","","-25,00","","Neige"
"1981-11-08 06:00","1981","11","08","06:00"," ","-15,00","","-17,30","","83,00","","4,00","","41,00","","24,10","","99,61","","","","-28,00","","Neige"
"1981-11-08 07:00","1981","11","08","07:00"," ","-16,20","","-18,70","","81,00","","4,00","","43,00","","24,10","","99,61","","","","-29,00","","Généralement nuageux"
"1981-11-08 08:00","1981","11","08","08:00"," ","-16,40","","-19,10","","79,00","","3,00","","46,00","","24,10","","99,64","","","","-30,00","","Généralement nuageux"
"1981-11-08 09:00","1981","11","08","09:00"," ","-17,00","","-19,40","","82,00","","3,00","","46,00","","24,10","","99,64","","","","-31,00","","Généralement nuageux"
"1981-11-08 10:00","1981","11","08","10:00"," ","-16,90","","-19,20","","82,00","","3,00","","41,00","","16,10","","99,67","","","","-30,00","","Généralement nuageux"
"1981-11-08 11:00","1981","11","08","11:00"," ","-17,50","","-20,10","","80,00","","3,00","","39,00","","16,10","","99,67","","","","-31,00","","Généralement nuageux"
"1981-11-08 12:00","1981","11","08","12:00"," ","-16,40","","-19,20","","79,00","","3,00","","41,00","","16,10","","99,71","","","","-29,00","","Généralement nuageux"
"1981-11-08 13:00","1981","11","08","13:00"," ","-17,80","","-20,00","","83,00","","3,00","","41,00","","12,90","","99,71","","","","-31,00","","Généralement nuageux"
"1981-11-08 14:00","1981","11","08","14:00"," ","-18,70","","-21,50","","79,00","","3,00","","46,00","","12,90","","99,74","","","","-33,00","","Généralement nuageux"
"1981-11-08 15:00","1981","11","08","15:00"," ","-19,20","","-21,30","","84,00","","3,00","","39,00","","6,40","","99,78","","","","-33,00","","Poudrerie élevée"
"1981-11-08 16:00","1981","11","08","16:00"," ","-20,00","","-24,30","","69,00","","35,00","","33,00","","12,90","","99,81","","","","-33,00","","Généralement nuageux"
"1981-11-08 17:00","1981","11","08","17:00"," ","-22,20","","-28,00","","60,00","","34,00","","30,00","","16,10","","99,84","","","","-35,00","","Généralement dégagé"
"1981-11-08 18:00","1981","11","08","18:00"," ","-23,00","","-28,10","","63,00","","35,00","","41,00","","12,90","","99,81","","","","-38,00","","Généralement dégagé"
"1981-11-08 19:00","1981","11","08","19:00"," ","-23,00","","-28,00","","64,00","","33,00","","28,00","","16,10","","99,84","","","","-36,00","","Généralement dégagé"
"1981-11-08 20:00","1981","11","08","20:00"," ","-23,10","","-28,00","","65,00","","33,00","","37,00","","16,10","","99,84","","","","-38,00","","Généralement dégagé"
"1981-11-08 21:00","1981","11","08","21:00"," ","-23,20","","-28,20","","64,00","","32,00","","17,00","","16,10","","99,84","","","","-34,00","","Généralement dégagé"
"1981-11-08 22:00","1981","11","08","22:00"," ","-21,90","","-26,40","","67,00","","34,00","","19,00","","16,10","","99,78","","","","-33,00","","Généralement nuageux"
"1981-11-08 23:00","1981","11","08","23:00"," ","-20,60","","-25,20","","67,00","","33,00","","26,00","","16,10","","99,81","","","","-33,00","","Nuageux"
"1981-11-09 00:00","1981","11","09","00:00"," ","-21,30","","-25,80","","67,00","","32,00","","19,00","","16,10","","99,84","","","","-32,00","","Nuageux"
"1981-11-09 01:00","1981","11","09","01:00"," ","-19,80","","-24,40","","67,00","","1,00","","24,00","","16,10","","99,81","","","","-31,00","","Nuageux"
"1981-11-09 02:00","1981","11","09","02:00"," ","-18,80","","-23,30","","68,00","","34,00","","26,00","","16,10","","99,84","","","","-30,00","","Nuageux"
"1981-11-09 03:00","1981","11","09","03:00"," ","-16,50","","-21,60","","65,00","","1,00","","43,00","","12,90","","99,88","","","","-30,00","","Nuageux"
"1981-11-09 04:00","1981","11","09","04:00"," ","-19,00","","-23,30","","69,00","","36,00","","30,00","","12,90","","99,91","","","","-31,00","","Nuageux"
"1981-11-09 05:00","1981","11","09","05:00"," ","-21,10","","-25,50","","68,00","","2,00","","41,00","","12,90","","99,91","","","","-36,00","","Généralement nuageux"
"1981-11-09 06:00","1981","11","09","06:00"," ","-20,50","","-25,20","","66,00","","1,00","","37,00","","12,90","","99,91","","","","-34,00","","Généralement nuageux"
"1981-11-09 07:00","1981","11","09","07:00"," ","-20,40","","-24,90","","68,00","","35,00","","35,00","","12,90","","99,94","","","","-34,00","","Généralement nuageux"
"1981-11-09 08:00","1981","11","09","08:00"," ","-19,70","","-24,10","","68,00","","35,00","","35,00","","12,90","","99,94","","","","-33,00","","Généralement nuageux"
"1981-11-09 09:00","1981","11","09","09:00"," ","-19,40","","-23,40","","71,00","","30,00","","19,00","","16,10","","99,98","","","","-29,00","","Généralement nuageux"
"1981-11-09 10:00","1981","11","09","10:00"," ","-19,80","","-24,10","","69,00","","31,00","","22,00","","12,90","","99,98","","","","-31,00","","Généralement nuageux"
"1981-11-09 11:00","1981","11","09","11:00"," ","-19,20","","-23,60","","68,00","","2,00","","46,00","","12,90","","99,98","","","","-34,00","","Généralement nuageux"
"1981-11-09 12:00","1981","11","09","12:00"," ","-20,10","","-24,70","","67,00","","2,00","","46,00","","12,90","","99,98","","","","-35,00","","Généralement nuageux"
"1981-11-09 13:00","1981","11","09","13:00"," ","-21,10","","-25,40","","69,00","","1,00","","43,00","","12,90","","100,04","","","","-36,00","","Généralement nuageux"
"1981-11-09 14:00","1981","11","09","14:00"," ","-21,60","","-25,90","","69,00","","36,00","","33,00","","12,90","","100,08","","","","-35,00","","Généralement nuageux"
"1981-11-09 15:00","1981","11","09","15:00"," ","-22,10","","-26,60","","67,00","","36,00","","41,00","","6,40","","100,11","","","","-37,00","","Poudrerie élevée"
"1981-11-09 16:00","1981","11","09","16:00"," ","-22,20","","-26,90","","66,00","","2,00","","41,00","","6,40","","100,11","","","","-37,00","","Poudrerie élevée"
"1981-11-09 17:00","1981","11","09","17:00"," ","-22,30","","-26,80","","67,00","","2,00","","39,00","","12,90","","100,18","","","","-37,00","","Nuageux"
"1981-11-09 18:00","1981","11","09","18:00"," ","-22,10","","-26,60","","67,00","","3,00","","37,00","","8,00","","100,11","","","","-36,00","","Nuageux"
"1981-11-09 19:00","1981","11","09","19:00"," ","-21,90","","-26,50","","67,00","","3,00","","37,00","","8,00","","100,15","","","","-36,00","","Poudrerie élevée"
"1981-11-09 20:00","1981","11","09","20:00"," ","-22,00","","-26,50","","67,00","","2,00","","41,00","","6,40","","100,15","","","","-37,00","","Poudrerie élevée"
"1981-11-09 21:00","1981","11","09","21:00"," ","-22,10","","-26,60","","67,00","","1,00","","35,00","","4,80","","100,11","","","","-36,00","","Poudrerie élevée"
"1981-11-09 22:00","1981","11","09","22:00"," ","-22,30","","-27,10","","65,00","","1,00","","44,00","","3,20","","100,11","","","","-38,00","","Poudrerie élevée"
"1981-11-09 23:00","1981","11","09","23:00"," ","-22,30","","-27,00","","66,00","","2,00","","46,00","","2,40","","100,11","","","","-38,00","","Poudrerie élevée"
"1981-11-10 00:00","1981","11","10","00:00"," ","-21,50","","-27,00","","62,00","","34,00","","33,00","","4,80","","100,15","","","","-35,00","","Poudrerie élevée"
"1981-11-10 01:00","1981","11","10","01:00"," ","-23,20","","-27,50","","68,00","","35,00","","39,00","","12,90","","100,15","","","","-38,00","","Nuageux"
"1981-11-10 02:00","1981","11","10","02:00"," ","-22,70","","-27,10","","68,00","","35,00","","28,00","","12,90","","100,11","","","","-36,00","","Généralement nuageux"
"1981-11-10 03:00","1981","11","10","03:00"," ","-20,20","","-24,70","","68,00","","36,00","","46,00","","4,80","","100,08","","","","-35,00","","Poudrerie élevée"
"1981-11-10 04:00","1981","11","10","04:00"," ","-18,90","","-22,80","","71,00","","2,00","","56,00","","3,20","","100,08","","","","-35,00","","Poudrerie élevée"
"1981-11-10 05:00","1981","11","10","05:00"," ","-18,60","","-22,70","","70,00","","2,00","","52,00","","3,20","","100,08","","","","-34,00","","Poudrerie élevée"
"1981-11-10 06:00","1981","11","10","06:00"," ","-19,50","","-23,50","","71,00","","2,00","","46,00","","4,80","","100,11","","","","-34,00","","Poudrerie élevée"
"1981-11-10 07:00","1981","11","10","07:00"," ","-21,40","","-25,70","","68,00","","2,00","","46,00","","4,80","","100,15","","","","-37,00","","Poudrerie élevée"
"1981-11-10 08:00","1981","11","10","08:00"," ","-22,60","","-27,20","","66,00","","36,00","","44,00","","4,80","","100,18","","","","-38,00","","Poudrerie élevée"
"1981-11-10 09:00","1981","11","10","09:00"," ","-23,50","","-28,00","","67,00","","36,00","","50,00","","4,80","","100,18","","","","-40,00","","Poudrerie élevée"
"1981-11-10 10:00","1981","11","10","10:00"," ","-26,20","","-30,90","","65,00","","36,00","","52,00","","2,40","","100,15","","","","-44,00","","Poudrerie élevée"
"1981-11-10 11:00","1981","11","10","11:00"," ","-26,90","","-31,60","","64,00","","36,00","","44,00","","4,00","","100,21","","","","-44,00","","Poudrerie élevée"
"1981-11-10 12:00","1981","11","10","12:00"," ","-27,20","","-31,80","","65,00","","33,00","","37,00","","8,00","","100,21","","","","-43,00","","Poudrerie élevée"
"1981-11-10 13:00","1981","11","10","13:00"," ","-26,90","","-31,60","","64,00","","35,00","","41,00","","4,80","","100,25","","","","-44,00","","Poudrerie élevée"
"1981-11-10 14:00","1981","11","10","14:00"," ","-27,20","","-31,80","","65,00","","33,00","","35,00","","8,00","","100,25","","","","-43,00","","Poudrerie élevée"
"1981-11-10 15:00","1981","11","10","15:00"," ","-27,70","","-32,40","","64,00","","34,00","","44,00","","6,40","","100,21","","","","-45,00","","Poudrerie élevée"
"1981-11-10 16:00","1981","11","10","16:00"," ","-27,90","","-32,80","","63,00","","33,00","","37,00","","9,70","","100,31","","","","-44,00","","Poudrerie élevée"
"1981-11-10 17:00","1981","11","10","17:00"," ","-28,30","","-33,00","","64,00","","33,00","","37,00","","9,70","","100,28","","","","-45,00","","Poudrerie élevée"
"1981-11-10 18:00","1981","11","10","18:00"," ","-27,90","","-32,90","","62,00","","33,00","","33,00","","12,90","","100,25","","","","-43,00","","Généralement dégagé"
"1981-11-10 19:00","1981","11","10","19:00"," ","-27,80","","-32,10","","66,00","","33,00","","41,00","","6,40","","100,21","","","","-45,00","","Poudrerie élevée"
"1981-11-10 20:00","1981","11","10","20:00"," ","-27,10","","-32,10","","62,00","","33,00","","41,00","","6,40","","100,18","","","","-44,00","","Poudrerie élevée"
"1981-11-10 21:00","1981","11","10","21:00"," ","-26,90","","-32,50","","59,00","","33,00","","22,00","","9,70","","100,21","","","","-40,00","","Poudrerie élevée"
"1981-11-10 22:00","1981","11","10","22:00"," ","-26,90","","-31,80","","63,00","","34,00","","35,00","","4,80","","100,21","","","","-43,00","","Cristaux de glace,Poudrerie élevée"
"1981-11-10 23:00","1981","11","10","23:00"," ","-27,00","","-32,50","","59,00","","33,00","","28,00","","9,70","","100,21","","","","-41,00","","Cristaux de glace"
"1981-11-11 00:00","1981","11","11","00:00"," ","-27,20","","-32,20","","62,00","","33,00","","37,00","","12,90","","100,21","","","","-43,00","","Cristaux de glace"
"1981-11-11 01:00","1981","11","11","01:00"," ","-26,30","","-30,90","","65,00","","34,00","","39,00","","12,90","","100,21","","","","-42,00","","Cristaux de glace"
"1981-11-11 02:00","1981","11","11","02:00"," ","-25,90","","-30,60","","64,00","","33,00","","33,00","","12,90","","100,25","","","","-41,00","","Cristaux de glace"
"1981-11-11 03:00","1981","11","11","03:00"," ","-26,90","","-31,60","","64,00","","32,00","","28,00","","12,90","","100,28","","","","-41,00","","Cristaux de glace"
"1981-11-11 04:00","1981","11","11","04:00"," ","-26,20","","-31,10","","63,00","","34,00","","24,00","","12,90","","100,25","","","","-39,00","","Cristaux de glace"
"1981-11-11 05:00","1981","11","11","05:00"," ","-24,10","","-28,90","","65,00","","36,00","","35,00","","9,70","","100,25","","","","-39,00","","Cristaux de glace"
"1981-11-11 06:00","1981","11","11","06:00"," ","-23,10","","-28,00","","65,00","","1,00","","37,00","","9,70","","100,28","","","","-38,00","","Cristaux de glace"
"1981-11-11 07:00","1981","11","11","07:00"," ","-23,70","","-28,50","","65,00","","1,00","","41,00","","9,70","","100,31","","","","-39,00","","Cristaux de glace"
"1981-11-11 08:00","1981","11","11","08:00"," ","-25,20","","-30,10","","64,00","","1,00","","37,00","","12,90","","100,38","","","","-41,00","","Cristaux de glace"
"1981-11-11 09:00","1981","11","11","09:00"," ","-25,80","","-30,30","","66,00","","1,00","","43,00","","12,90","","100,38","","","","-42,00","","Cristaux de glace"
"1981-11-11 10:00","1981","11","11","10:00"," ","-26,40","","-31,10","","64,00","","2,00","","37,00","","9,70","","100,41","","","","-42,00","","Poudrerie élevée"
"1981-11-11 11:00","1981","11","11","11:00"," ","-26,30","","-31,10","","64,00","","2,00","","33,00","","24,10","","100,45","","","","-41,00","","Généralement dégagé"
"1981-11-11 12:00","1981","11","11","12:00"," ","-26,10","","-30,80","","65,00","","2,00","","37,00","","16,10","","100,52","","","","-42,00","","Généralement dégagé"
"1981-11-11 13:00","1981","11","11","13:00"," ","-25,70","","-30,70","","63,00","","2,00","","33,00","","16,10","","100,55","","","","-41,00","","Généralement dégagé"
"1981-11-11 14:00","1981","11","11","14:00"," ","-25,20","","-30,00","","64,00","","2,00","","39,00","","16,10","","100,55","","","","-41,00","","Dégagé"
"1981-11-11 15:00","1981","11","11","15:00"," ","-26,10","","-31,50","","60,00","","3,00","","35,00","","16,10","","100,62","","","","-41,00","","Dégagé"
"1981-11-11 16:00","1981","11","11","16:00"," ","-25,20","","-29,80","","66,00","","4,00","","37,00","","24,10","","100,65","","","","-41,00","","Dégagé"
"1981-11-11 17:00","1981","11","11","17:00"," ","-28,90","","-31,60","","77,00","","4,00","","41,00","","24,10","","100,62","","","","-46,00","","Dégagé"
"1981-11-11 18:00","1981","11","11","18:00"," ","-25,90","","-30,60","","64,00","","5,00","","43,00","","16,10","","100,65","","","","-42,00","","Dégagé"
"1981-11-11 19:00","1981","11","11","19:00"," ","-26,20","","-31,00","","64,00","","5,00","","46,00","","16,10","","100,65","","","","-43,00","","Dégagé"
"1981-11-11 20:00","1981","11","11","20:00"," ","-25,80","","-30,70","","63,00","","3,00","","46,00","","9,70","","100,68","","","","-43,00","","Poudrerie élevée"
"1981-11-11 21:00","1981","11","11","21:00"," ","-26,00","","-30,70","","64,00","","3,00","","43,00","","9,70","","100,72","","","","-43,00","","Poudrerie élevée"
"1981-11-11 22:00","1981","11","11","22:00"," ","-25,70","","-30,60","","64,00","","3,00","","43,00","","16,10","","100,75","","","","-42,00","","Généralement dégagé"
"1981-11-11 23:00","1981","11","11","23:00"," ","-26,20","","-31,50","","61,00","","2,00","","41,00","","16,10","","100,75","","","","-43,00","","Généralement dégagé"
"1981-11-12 00:00","1981","11","12","00:00"," ","-25,80","","-29,60","","70,00","","3,00","","54,00","","3,20","","100,75","","","","-44,00","","Poudrerie élevée"
"1981-11-12 01:00","1981","11","12","01:00"," ","-26,40","","-31,10","","64,00","","4,00","","52,00","","6,40","","100,79","","","","-44,00","","Poudrerie élevée"
"1981-11-12 02:00","1981","11","12","02:00"," ","-25,40","","-29,90","","66,00","","4,00","","50,00","","6,40","","100,82","","","","-43,00","","Poudrerie élevée"
"1981-11-12 03:00","1981","11","12","03:00"," ","-24,50","","-29,30","","65,00","","4,00","","50,00","","4,80","","100,82","","","","-42,00","","Poudrerie élevée"
"1981-11-12 04:00","1981","11","12","04:00"," ","-24,40","","-29,00","","66,00","","4,00","","56,00","","3,20","","100,82","","","","-42,00","","Poudrerie élevée"
"1981-11-12 05:00","1981","11","12","05:00"," ","-25,50","","-30,30","","64,00","","4,00","","44,00","","12,90","","100,85","","","","-42,00","","Dégagé"
"1981-11-12 06:00","1981","11","12","06:00"," ","-24,70","","-29,70","","63,00","","34,00","","20,00","","12,90","","100,89","","","","-36,00","","Dégagé"
"1981-11-12 07:00","1981","11","12","07:00"," ","-25,60","","-30,30","","65,00","","36,00","","19,00","","16,10","","100,95","","","","-37,00","","Dégagé"
"1981-11-12 08:00","1981","11","12","08:00"," ","-25,60","","-29,50","","70,00","","33,00","","11,00","","24,10","","100,95","","","","-34,00","","Généralement dégagé"
"1981-11-12 09:00","1981","11","12","09:00"," ","-27,00","","-32,00","","62,00","","31,00","","15,00","","24,10","","100,99","","","","-38,00","","Généralement dégagé"
"1981-11-12 10:00","1981","11","12","10:00"," ","-26,50","","-32,30","","58,00","","34,00","","19,00","","24,10","","100,95","","","","-38,00","","Généralement dégagé"
"1981-11-12 11:00","1981","11","12","11:00"," ","-26,40","","-31,20","","64,00","","3,00","","33,00","","16,10","","100,95","","","","-41,00","","Dégagé"
"1981-11-12 12:00","1981","11","12","12:00"," ","-26,40","","-31,30","","63,00","","3,00","","35,00","","16,10","","100,95","","","","-42,00","","Dégagé"
"1981-11-12 13:00","1981","11","12","13:00"," ","-26,90","","-31,80","","63,00","","34,00","","20,00","","3,20","","100,95","","","","-39,00","","Brouillard de glace"
"1981-11-12 14:00","1981","11","12","14:00"," ","-25,40","","-30,40","","63,00","","12,00","","4,00","","8,00","","100,99","","","","-29,00","","Brouillard de glace"
"1981-11-12 15:00","1981","11","12","15:00"," ","-26,20","","-31,00","","64,00","","27,00","","19,00","","3,20","","101,05","","","","-38,00","","Brouillard de glace"
"1981-11-12 16:00","1981","11","12","16:00"," ","-25,40","","-30,30","","64,00","","34,00","","15,00","","8,00","","101,02","","","","-36,00","","Brouillard de glace"
"1981-11-12 17:00","1981","11","12","17:00"," ","-26,20","","-30,90","","65,00","","30,00","","13,00","","8,00","","101,05","","","","-36,00","","Brouillard de glace"
"1981-11-12 18:00","1981","11","12","18:00"," ","-24,60","","-29,20","","66,00","","29,00","","19,00","","12,90","","101,02","","","","-36,00","","Dégagé"
"1981-11-12 19:00","1981","11","12","19:00"," ","-24,40","","-30,00","","60,00","","30,00","","20,00","","16,10","","101,05","","","","-36,00","","Dégagé"
"1981-11-12 20:00","1981","11","12","20:00"," ","-25,00","","-29,80","","64,00","","34,00","","43,00","","6,40","","100,99","","","","-41,00","","Poudrerie élevée"
"1981-11-12 21:00","1981","11","12","21:00"," ","-24,50","","-29,50","","63,00","","29,00","","19,00","","16,10","","101,05","","","","-36,00","","Dégagé"
"1981-11-12 22:00","1981","11","12","22:00"," ","-27,00","","-30,60","","71,00","","28,00","","17,00","","16,10","","101,05","","","","-38,00","","Dégagé"
"1981-11-12 23:00","1981","11","12","23:00"," ","-25,50","","-31,10","","59,00","","33,00","","11,00","","16,10","","100,99","","","","-34,00","","Dégagé"
"1981-11-13 00:00","1981","11","13","00:00"," ","-24,90","","-29,70","","64,00","","30,00","","15,00","","16,10","","101,02","","","","-35,00","","Cristaux de glace"
"1981-11-13 01:00","1981","11","13","01:00"," ","-24,80","","-29,10","","67,00","","34,00","","19,00","","16,10","","100,99","","","","-36,00","","Cristaux de glace"
"1981-11-13 02:00","1981","11","13","02:00"," ","-26,20","","-31,50","","61,00","","32,00","","17,00","","16,10","","101,02","","","","-37,00","","Cristaux de glace"
"1981-11-13 03:00","1981","11","13","03:00"," ","-26,90","","-31,40","","65,00","","33,00","","17,00","","24,10","","100,99","","","","-38,00","","Cristaux de glace"
"1981-11-13 04:00","1981","11","13","04:00"," ","-26,30","","-31,50","","61,00","","33,00","","13,00","","24,10","","100,95","","","","-36,00","","Dégagé"
"1981-11-13 05:00","1981","11","13","05:00"," ","-25,80","","-30,70","","63,00","","36,00","","6,00","","24,10","","100,95","","","","-32,00","","Dégagé"
"1981-11-13 06:00","1981","11","13","06:00"," ","-26,10","","-31,10","","63,00","","34,00","","17,00","","24,10","","100,89","","","","-37,00","","Dégagé"
"1981-11-13 07:00","1981","11","13","07:00"," ","-27,60","","-31,20","","71,00","","33,00","","17,00","","24,10","","100,85","","","","-39,00","","Dégagé"
"1981-11-13 08:00","1981","11","13","08:00"," ","-26,70","","-31,40","","64,00","","34,00","","20,00","","24,10","","100,85","","","","-39,00","","Dégagé"
"1981-11-13 09:00","1981","11","13","09:00"," ","-26,80","","-30,60","","70,00","","29,00","","20,00","","24,10","","100,82","","","","-39,00","","Dégagé"
"1981-11-13 10:00","1981","11","13","10:00"," ","-25,80","","-30,60","","64,00","","34,00","","31,00","","16,10","","100,72","","","","-40,00","","Dégagé"
"1981-11-13 11:00","1981","11","13","11:00"," ","-25,70","","-30,60","","64,00","","34,00","","26,00","","16,10","","100,72","","","","-39,00","","Généralement dégagé"
"1981-11-13 12:00","1981","11","13","12:00"," ","-26,30","","-31,40","","62,00","","1,00","","35,00","","24,10","","100,65","","","","-42,00","","Généralement dégagé"
"1981-11-13 13:00","1981","11","13","13:00"," ","-25,20","","-30,10","","64,00","","36,00","","30,00","","24,10","","100,65","","","","-39,00","","Généralement dégagé"
"1981-11-13 14:00","1981","11","13","14:00"," ","-25,00","","-29,80","","64,00","","31,00","","22,00","","24,10","","100,65","","","","-37,00","","Généralement dégagé"
"1981-11-13 15:00","1981","11","13","15:00"," ","-26,00","","-31,20","","61,00","","30,00","","22,00","","24,10","","100,65","","","","-39,00","","Dégagé"
"1981-11-13 16:00","1981","11","13","16:00"," ","-25,50","","-30,50","","63,00","","27,00","","9,00","","24,10","","100,62","","","","-33,00","","Dégagé"
"1981-11-13 17:00","1981","11","13","17:00"," ","-25,70","","-31,10","","61,00","","36,00","","28,00","","24,10","","100,55","","","","-40,00","","Dégagé"
"1981-11-13 18:00","1981","11","13","18:00"," ","-25,10","","-28,30","","75,00","","36,00","","22,00","","24,10","","100,52","","","","-37,00","","Dégagé"
"1981-11-13 19:00","1981","11","13","19:00"," ","-27,00","","-32,50","","59,00","","34,00","","37,00","","24,10","","100,45","","","","-43,00","","Dégagé"
"1981-11-13 20:00","1981","11","13","20:00"," ","-26,70","","-31,10","","66,00","","31,00","","31,00","","12,90","","100,45","","","","-42,00","","Dégagé"
"1981-11-13 21:00","1981","11","13","21:00"," ","-26,10","","-30,90","","64,00","","31,00","","26,00","","16,10","","100,38","","","","-40,00","","Dégagé"
"1981-11-13 22:00","1981","11","13","22:00"," ","-26,40","","-31,20","","64,00","","33,00","","26,00","","16,10","","100,35","","","","-40,00","","Dégagé"
"1981-11-13 23:00","1981","11","13","23:00"," ","-25,70","","-30,80","","62,00","","29,00","","15,00","","24,10","","100,25","","","","-36,00","","Dégagé"
"1981-11-14 00:00","1981","11","14","00:00"," ","-25,30","","-30,00","","65,00","","33,00","","31,00","","24,10","","100,28","","","","-40,00","","Dégagé"
"1981-11-14 01:00","1981","11","14","01:00"," ","-25,30","","-30,00","","65,00","","34,00","","52,00","","24,10","","100,18","","","","-43,00","","Dégagé"
"1981-11-14 02:00","1981","11","14","02:00"," ","-25,60","","-30,60","","63,00","","33,00","","26,00","","24,10","","100,18","","","","-39,00","","Dégagé"
"1981-11-14 03:00","1981","11","14","03:00"," ","-25,30","","-30,00","","65,00","","35,00","","31,00","","12,90","","100,18","","","","-40,00","","Dégagé"
"1981-11-14 04:00","1981","11","14","04:00"," ","-25,50","","-30,00","","66,00","","36,00","","46,00","","16,10","","100,11","","","","-42,00","","Dégagé"
"1981-11-14 05:00","1981","11","14","05:00"," ","-24,70","","-29,70","","63,00","","31,00","","35,00","","16,10","","100,18","","","","-40,00","","Dégagé"
"1981-11-14 06:00","1981","11","14","06:00"," ","-24,40","","-29,40","","63,00","","32,00","","31,00","","12,90","","100,21","","","","-38,00","","Dégagé"
"1981-11-14 07:00","1981","11","14","07:00"," ","-25,20","","-30,20","","63,00","","35,00","","41,00","","6,40","","100,11","","","","-41,00","","Poudrerie élevée"
"1981-11-14 08:00","1981","11","14","08:00"," ","-24,50","","-29,20","","65,00","","31,00","","35,00","","9,70","","100,15","","","","-39,00","","Poudrerie élevée"
"1981-11-14 09:00","1981","11","14","09:00"," ","-23,90","","-29,30","","61,00","","33,00","","41,00","","9,70","","100,11","","","","-39,00","","Poudrerie élevée"
"1981-11-14 10:00","1981","11","14","10:00"," ","-23,70","","-29,10","","61,00","","35,00","","52,00","","4,00","","100,08","","","","-41,00","","Poudrerie élevée"
"1981-11-14 11:00","1981","11","14","11:00"," ","-23,60","","-28,20","","66,00","","31,00","","30,00","","8,00","","100,18","","","","-37,00","","Brouillard de glace"
"1981-11-14 12:00","1981","11","14","12:00"," ","-23,40","","-28,50","","63,00","","33,00","","41,00","","8,00","","100,11","","","","-39,00","","Brouillard de glace"
"1981-11-14 13:00","1981","11","14","13:00"," ","-23,70","","-28,50","","65,00","","33,00","","28,00","","12,90","","100,21","","","","-37,00","","Dégagé"
"1981-11-14 14:00","1981","11","14","14:00"," ","-23,80","","-28,20","","67,00","","33,00","","41,00","","4,80","","100,18","","","","-39,00","","Brouillard de glace"
"1981-11-14 15:00","1981","11","14","15:00"," ","-23,50","","-27,80","","68,00","","32,00","","35,00","","12,90","","100,25","","","","-38,00","","Cristaux de glace"
"1981-11-14 16:00","1981","11","14","16:00"," ","-23,10","","-28,00","","65,00","","32,00","","35,00","","16,10","","100,25","","","","-37,00","","Cristaux de glace"
"1981-11-14 17:00","1981","11","14","17:00"," ","-22,80","","-27,10","","68,00","","31,00","","35,00","","16,10","","100,35","","","","-37,00","","Cristaux de glace"
"1981-11-14 18:00","1981","11","14","18:00"," ","-22,80","","-27,50","","66,00","","34,00","","33,00","","16,10","","100,31","","","","-37,00","","Cristaux de glace"
"1981-11-14 19:00","1981","11","14","19:00"," ","-22,20","","-26,50","","69,00","","35,00","","46,00","","6,40","","100,38","","","","-38,00","","Poudrerie élevée"
"1981-11-14 20:00","1981","11","14","20:00"," ","-21,10","","-25,10","","70,00","","33,00","","41,00","","1,20","","100,41","","","","-36,00","","Poudrerie élevée"
"1981-11-14 21:00","1981","11","14","21:00"," ","-22,30","","-26,70","","68,00","","34,00","","44,00","","9,70","","100,45","","","","-38,00","","Poudrerie élevée"
"1981-11-14 22:00","1981","11","14","22:00"," ","-21,40","","-25,90","","67,00","","34,00","","52,00","","6,40","","100,45","","","","-38,00","","Poudrerie élevée"
"1981-11-14 23:00","1981","11","14","23:00"," ","-20,60","","-25,40","","66,00","","34,00","","72,00","","0,80","","100,41","","","","-38,00","","Poudrerie élevée"
"1981-11-15 00:00","1981","11","15","00:00"," ","-20,80","","-25,10","","68,00","","33,00","","52,00","","6,40","","100,52","","","","-37,00","","Poudrerie élevée"
"1981-11-15 01:00","1981","11","15","01:00"," ","-20,80","","-25,00","","69,00","","35,00","","50,00","","3,20","","100,55","","","","-36,00","","Poudrerie élevée"
"1981-11-15 02:00","1981","11","15","02:00"," ","-21,70","","-25,70","","70,00","","33,00","","19,00","","16,10","","100,79","","","","-32,00","","Dégagé"
"1981-11-15 03:00","1981","11","15","03:00"," ","-21,90","","-25,80","","71,00","","33,00","","19,00","","3,20","","100,82","","","","-33,00","","Poudrerie élevée"
"1981-11-15 04:00","1981","11","15","04:00"," ","-21,50","","-25,80","","69,00","","35,00","","44,00","","0,80","","100,75","","","","-37,00","","Poudrerie élevée"
"1981-11-15 05:00","1981","11","15","05:00"," ","-21,80","","-25,90","","70,00","","33,00","","26,00","","6,40","","100,89","","","","-34,00","","Poudrerie élevée"
"1981-11-15 06:00","1981","11","15","06:00"," ","-21,40","","-25,80","","68,00","","34,00","","24,00","","6,40","","100,95","","","","-33,00","","Poudrerie élevée"
"1981-11-15 07:00","1981","11","15","07:00"," ","-20,20","","-24,80","","67,00","","31,00","","20,00","","16,10","","101,05","","","","-31,00","","Généralement dégagé"
"1981-11-15 08:00","1981","11","15","08:00"," ","-21,20","","-26,00","","66,00","","35,00","","19,00","","16,10","","101,02","","","","-32,00","","Généralement dégagé"
"1981-11-15 09:00","1981","11","15","09:00"," ","-20,10","","-24,40","","69,00","","35,00","","28,00","","16,10","","101,05","","","","-32,00","","Généralement nuageux"
"1981-11-15 10:00","1981","11","15","10:00"," ","-19,90","","-24,50","","67,00","","31,00","","24,00","","24,10","","101,16","","","","-31,00","","Généralement nuageux"
"1981-11-15 11:00","1981","11","15","11:00"," ","-20,10","","-24,90","","66,00","","32,00","","17,00","","24,10","","101,19","","","","-30,00","","Généralement nuageux"
"1981-11-15 12:00","1981","11","15","12:00"," ","-19,70","","-24,00","","69,00","","33,00","","30,00","","24,10","","101,22","","","","-32,00","","Généralement nuageux"
"1981-11-15 13:00","1981","11","15","13:00"," ","-19,50","","-24,20","","66,00","","31,00","","28,00","","24,10","","101,26","","","","-32,00","","Généralement nuageux"
"1981-11-15 14:00","1981","11","15","14:00"," ","-20,00","","-25,60","","61,00","","33,00","","20,00","","24,10","","101,29","","","","-30,00","","Généralement nuageux"
"1981-11-15 15:00","1981","11","15","15:00"," ","-19,10","","-25,20","","59,00","","33,00","","33,00","","24,10","","101,29","","","","-32,00","","Généralement nuageux"
"1981-11-15 16:00","1981","11","15","16:00"," ","-19,50","","-24,90","","63,00","","33,00","","30,00","","24,10","","101,36","","","","-32,00","","Généralement dégagé"
"1981-11-15 17:00","1981","11","15","17:00"," ","-20,20","","-25,20","","65,00","","34,00","","22,00","","24,10","","101,36","","","","-31,00","","Généralement dégagé"
"1981-11-15 18:00","1981","11","15","18:00"," ","-18,20","","-22,50","","69,00","","34,00","","30,00","","24,10","","101,36","","","","-30,00","","Généralement dégagé"
"1981-11-15 19:00","1981","11","15","19:00"," ","-18,90","","-23,50","","67,00","","34,00","","33,00","","24,10","","101,39","","","","-32,00","","Généralement dégagé"
"1981-11-15 20:00","1981","11","15","20:00"," ","-17,50","","-21,40","","72,00","","33,00","","20,00","","24,10","","101,39","","","","-27,00","","Généralement dégagé"
"1981-11-15 21:00","1981","11","15","21:00"," ","-16,40","","-20,50","","71,00","","34,00","","30,00","","24,10","","101,39","","","","-28,00","","Généralement nuageux"
"1981-11-15 22:00","1981","11","15","22:00"," ","-15,60","","-19,90","","70,00","","32,00","","37,00","","24,10","","101,36","","","","-28,00","","Généralement nuageux"
"1981-11-15 23:00","1981","11","15","23:00"," ","-15,40","","-19,80","","69,00","","31,00","","33,00","","24,10","","101,36","","","","-27,00","","Généralement nuageux"
"1981-11-16 00:00","1981","11","16","00:00"," ","-15,50","","-20,00","","68,00","","32,00","","35,00","","24,10","","101,39","","","","-27,00","","Généralement nuageux"
"1981-11-16 01:00","1981","11","16","01:00"," ","-16,10","","-20,80","","67,00","","34,00","","39,00","","24,10","","101,39","","","","-29,00","","Généralement nuageux"
"1981-11-16 02:00","1981","11","16","02:00"," ","-16,50","","-20,70","","70,00","","32,00","","39,00","","24,10","","101,42","","","","-29,00","","Nuageux"
"1981-11-16 03:00","1981","11","16","03:00"," ","-16,20","","-20,30","","71,00","","31,00","","37,00","","24,10","","101,49","","","","-29,00","","Nuageux"
"1981-11-16 04:00","1981","11","16","04:00"," ","-16,80","","-20,70","","71,00","","32,00","","31,00","","24,10","","101,53","","","","-29,00","","Nuageux"
"1981-11-16 05:00","1981","11","16","05:00"," ","-16,60","","-20,50","","72,00","","31,00","","33,00","","12,90","","101,56","","","","-29,00","","Averses de neige"
"1981-11-16 06:00","1981","11","16","06:00"," ","-16,70","","-20,70","","71,00","","33,00","","31,00","","24,10","","101,63","","","","-28,00","","Cristaux de glace"
"1981-11-16 07:00","1981","11","16","07:00"," ","-17,20","","-21,20","","71,00","","33,00","","20,00","","24,10","","101,63","","","","-27,00","","Nuageux"
"1981-11-16 08:00","1981","11","16","08:00"," ","-17,80","","-21,50","","73,00","","34,00","","35,00","","16,10","","101,63","","","","-30,00","","Cristaux de glace"
"1981-11-16 09:00","1981","11","16","09:00"," ","-17,30","","-21,20","","71,00","","32,00","","33,00","","16,10","","101,73","","","","-30,00","","Cristaux de glace"
"1981-11-16 10:00","1981","11","16","10:00"," ","-17,60","","-21,60","","71,00","","30,00","","30,00","","16,10","","101,80","","","","-29,00","","Cristaux de glace"
"1981-11-16 11:00","1981","11","16","11:00"," ","-17,70","","-22,00","","69,00","","31,00","","26,00","","16,10","","101,83","","","","-29,00","","Neige"
"1981-11-16 12:00","1981","11","16","12:00"," ","-17,90","","-22,10","","70,00","","31,00","","33,00","","12,90","","101,83","","","","-30,00","","Neige"
"1981-11-16 13:00","1981","11","16","13:00"," ","-18,50","","-23,20","","66,00","","32,00","","28,00","","12,90","","101,93","","","","-30,00","","Neige"
"1981-11-16 14:00","1981","11","16","14:00"," ","-20,10","","-24,90","","66,00","","30,00","","28,00","","24,10","","101,93","","","","-32,00","","Généralement dégagé"
"1981-11-16 15:00","1981","11","16","15:00"," ","-20,40","","-25,40","","65,00","","31,00","","28,00","","24,10","","101,96","","","","-33,00","","Généralement dégagé"
"1981-11-16 16:00","1981","11","16","16:00"," ","-21,50","","-26,50","","64,00","","31,00","","26,00","","24,10","","102,00","","","","-34,00","","Généralement dégagé"
"1981-11-16 17:00","1981","11","16","17:00"," ","-22,20","","-26,10","","71,00","","33,00","","28,00","","24,10","","102,03","","","","-35,00","","Généralement dégagé"
"1981-11-16 18:00","1981","11","16","18:00"," ","-20,20","","-24,40","","70,00","","36,00","","28,00","","24,10","","102,03","","","","-32,00","","Généralement dégagé"
"1981-11-16 19:00","1981","11","16","19:00"," ","-19,80","","-25,00","","63,00","","34,00","","26,00","","24,10","","102,03","","","","-32,00","","Dégagé"
"1981-11-16 20:00","1981","11","16","20:00"," ","-20,00","","-25,60","","61,00","","33,00","","15,00","","24,10","","102,03","","","","-29,00","","Dégagé"
"1981-11-16 21:00","1981","11","16","21:00"," ","-18,80","","-25,00","","58,00","","33,00","","22,00","","24,10","","102,03","","","","-29,00","","Dégagé"
"1981-11-16 22:00","1981","11","16","22:00"," ","-18,70","","-23,50","","66,00","","33,00","","17,00","","24,10","","102,03","","","","-28,00","","Dégagé"
"1981-11-16 23:00","1981","11","16","23:00"," ","-16,90","","-19,80","","78,00","","31,00","","9,00","","24,10","","102,03","","","","-23,00","","Généralement dégagé"
"1981-11-17 00:00","1981","11","17","00:00"," ","-18,20","","-21,10","","78,00","","35,00","","9,00","","0,80","","102,03","","","","-25,00","","Brouillard de glace"
"1981-11-17 01:00","1981","11","17","01:00"," ","-18,50","","-21,20","","79,00","","34,00","","9,00","","0,80","","102,03","","","","-25,00","","Brouillard de glace"
"1981-11-17 02:00","1981","11","17","02:00"," ","-18,60","","-21,90","","75,00","","33,00","","11,00","","0,80","","102,03","","","","-26,00","","Brouillard de glace"
"1981-11-17 03:00","1981","11","17","03:00"," ","-19,30","","-22,60","","75,00","","35,00","","7,00","","24,10","","102,00","","","","-25,00","","Dégagé"
"1981-11-17 04:00","1981","11","17","04:00"," ","-20,10","","-23,70","","73,00","","28,00","","4,00","","24,10","","102,00","","","","-24,00","","Dégagé"
"1981-11-17 05:00","1981","11","17","05:00"," ","-20,50","","-23,60","","76,00","","13,00","","9,00","","24,10","","102,00","","","","-27,00","","Dégagé"
"1981-11-17 06:00","1981","11","17","06:00"," ","-20,50","","-24,20","","72,00","","11,00","","17,00","","24,10","","101,93","","","","-30,00","","Dégagé"
"1981-11-17 07:00","1981","11","17","07:00"," ","-20,50","","-24,00","","74,00","","11,00","","17,00","","24,10","","101,93","","","","-30,00","","Dégagé"
"1981-11-17 08:00","1981","11","17","08:00"," ","-20,60","","-24,20","","73,00","","11,00","","19,00","","24,10","","101,90","","","","-31,00","","Généralement dégagé"
"1981-11-17 09:00","1981","11","17","09:00"," ","-21,40","","-25,10","","72,00","","11,00","","19,00","","24,10","","101,86","","","","-32,00","","Généralement dégagé"
"1981-11-17 10:00","1981","11","17","10:00"," ","-20,30","","-24,10","","72,00","","11,00","","22,00","","24,10","","101,83","","","","-31,00","","Généralement dégagé"
"1981-11-17 11:00","1981","11","17","11:00"," ","-19,50","","-22,50","","77,00","","11,00","","20,00","","24,10","","101,80","","","","-30,00","","Généralement dégagé"
"1981-11-17 12:00","1981","11","17","12:00"," ","-20,80","","-24,40","","73,00","","10,00","","20,00","","24,10","","101,76","","","","-31,00","","Généralement dégagé"
"1981-11-17 13:00","1981","11","17","13:00"," ","-20,50","","-24,40","","71,00","","13,00","","19,00","","24,10","","101,73","","","","-31,00","","Généralement nuageux"
"1981-11-17 14:00","1981","11","17","14:00"," ","-19,00","","-22,10","","76,00","","15,00","","19,00","","24,10","","101,73","","","","-29,00","","Généralement nuageux"
"1981-11-17 15:00","1981","11","17","15:00"," ","-19,10","","-23,50","","68,00","","12,00","","22,00","","24,10","","101,66","","","","-30,00","","Généralement nuageux"
"1981-11-17 16:00","1981","11","17","16:00"," ","-18,30","","-22,50","","69,00","","15,00","","30,00","","24,10","","101,59","","","","-30,00","","Généralement nuageux"
"1981-11-17 17:00","1981","11","17","17:00"," ","-18,90","","-22,60","","72,00","","13,00","","30,00","","24,10","","101,56","","","","-31,00","","Généralement dégagé"
"1981-11-17 18:00","1981","11","17","18:00"," ","-18,10","","-23,00","","66,00","","11,00","","31,00","","24,10","","101,46","","","","-30,00","","Généralement dégagé"
"1981-11-17 19:00","1981","11","17","19:00"," ","-17,90","","-23,30","","63,00","","12,00","","30,00","","24,10","","101,39","","","","-30,00","","Généralement dégagé"
"1981-11-17 20:00","1981","11","17","20:00"," ","-17,40","","-22,60","","64,00","","14,00","","33,00","","24,10","","101,29","","","","-30,00","","Dégagé"
"1981-11-17 21:00","1981","11","17","21:00"," ","-16,10","","-22,00","","60,00","","16,00","","28,00","","24,10","","101,29","","","","-27,00","","Généralement dégagé"
"1981-11-17 22:00","1981","11","17","22:00"," ","-16,00","","-21,50","","63,00","","18,00","","26,00","","24,10","","101,26","","","","-27,00","","Généralement dégagé"
"1981-11-17 23:00","1981","11","17","23:00"," ","-15,20","","-20,60","","63,00","","17,00","","26,00","","24,10","","101,22","","","","-26,00","","Généralement nuageux"
"1981-11-18 00:00","1981","11","18","00:00"," ","-14,80","","-20,20","","63,00","","17,00","","33,00","","24,10","","101,16","","","","-26,00","","Généralement nuageux"
"1981-11-18 01:00","1981","11","18","01:00"," ","-14,90","","-19,80","","66,00","","18,00","","28,00","","24,10","","101,09","","","","-26,00","","Nuageux"
"1981-11-18 02:00","1981","11","18","02:00"," ","-15,10","","-19,80","","67,00","","20,00","","30,00","","24,10","","101,05","","","","-26,00","","Nuageux"
"1981-11-18 03:00","1981","11","18","03:00"," ","-15,10","","-19,80","","67,00","","19,00","","39,00","","24,10","","100,99","","","","-27,00","","Généralement nuageux"
"1981-11-18 04:00","1981","11","18","04:00"," ","-15,60","","-19,70","","71,00","","20,00","","28,00","","24,10","","100,99","","","","-26,00","","Généralement nuageux"
"1981-11-18 05:00","1981","11","18","05:00"," ","-15,90","","-19,90","","71,00","","20,00","","31,00","","24,10","","100,95","","","","-27,00","","Nuageux"
"1981-11-18 06:00","1981","11","18","06:00"," ","-16,00","","-19,50","","74,00","","21,00","","33,00","","6,40","","100,92","","","","-28,00","","Neige"
"1981-11-18 07:00","1981","11","18","07:00"," ","-15,70","","-19,00","","76,00","","22,00","","24,00","","3,20","","100,89","","","","-26,00","","Neige"
"1981-11-18 08:00","1981","11","18","08:00"," ","-15,70","","-19,00","","76,00","","22,00","","24,00","","24,10","","100,92","","","","-26,00","","Généralement nuageux"
"1981-11-18 09:00","1981","11","18","09:00"," ","-15,70","","-18,50","","79,00","","24,00","","20,00","","24,10","","100,89","","","","-25,00","","Cristaux de glace"
"1981-11-18 10:00","1981","11","18","10:00"," ","-16,40","","-19,60","","76,00","","26,00","","22,00","","24,10","","100,95","","","","-26,00","","Cristaux de glace"
"1981-11-18 11:00","1981","11","18","11:00"," ","-17,00","","-20,20","","76,00","","26,00","","24,00","","9,70","","100,99","","","","-28,00","","Cristaux de glace,Brouillard de glace"
"1981-11-18 12:00","1981","11","18","12:00"," ","-18,00","","-21,40","","75,00","","26,00","","19,00","","16,10","","101,02","","","","-28,00","","Cristaux de glace"
"1981-11-18 13:00","1981","11","18","13:00"," ","-18,40","","-21,70","","75,00","","27,00","","22,00","","6,40","","101,05","","","","-29,00","","Cristaux de glace,Brouillard de glace"
"1981-11-18 14:00","1981","11","18","14:00"," ","-18,20","","-21,60","","75,00","","28,00","","22,00","","6,40","","101,09","","","","-29,00","","Cristaux de glace,Brouillard de glace"
"1981-11-18 15:00","1981","11","18","15:00"," ","-16,80","","-19,90","","77,00","","26,00","","15,00","","6,40","","101,16","","","","-25,00","","Cristaux de glace,Brouillard de glace"
"1981-11-18 16:00","1981","11","18","16:00"," ","-16,30","","-19,80","","74,00","","21,00","","17,00","","6,40","","101,19","","","","-25,00","","Cristaux de glace,Brouillard de glace"
"1981-11-18 17:00","1981","11","18","17:00"," ","-16,20","","-19,90","","73,00","","25,00","","22,00","","8,00","","101,19","","","","-26,00","","Neige"
"1981-11-18 18:00","1981","11","18","18:00"," ","-17,90","","-22,20","","69,00","","27,00","","19,00","","9,70","","101,19","","","","-28,00","","Cristaux de glace"
"1981-11-18 19:00","1981","11","18","19:00"," ","-18,80","","-22,40","","73,00","","28,00","","15,00","","9,70","","101,26","","","","-28,00","","Cristaux de glace,Brouillard de glace"
"1981-11-18 20:00","1981","11","18","20:00"," ","-18,90","","-22,50","","73,00","","28,00","","15,00","","12,90","","101,26","","","","-28,00","","Cristaux de glace"
"1981-11-18 21:00","1981","11","18","21:00"," ","-20,90","","-24,50","","73,00","","33,00","","13,00","","16,10","","101,29","","","","-30,00","","Cristaux de glace"
"1981-11-18 22:00","1981","11","18","22:00"," ","-19,20","","-22,90","","73,00","","32,00","","11,00","","16,10","","101,29","","","","-27,00","","Cristaux de glace"
"1981-11-18 23:00","1981","11","18","23:00"," ","-20,00","","-23,80","","72,00","","35,00","","6,00","","24,10","","101,29","","","","-25,00","","Cristaux de glace"
"1981-11-19 00:00","1981","11","19","00:00"," ","-19,80","","-23,80","","71,00","","35,00","","4,00","","24,10","","101,32","","","","-23,00","","Cristaux de glace"
"1981-11-19 01:00","1981","11","19","01:00"," ","-18,20","","-21,70","","74,00","","11,00","","11,00","","24,10","","101,32","","","","-25,00","","Cristaux de glace"
"1981-11-19 02:00","1981","11","19","02:00"," ","-16,90","","-20,40","","74,00","","12,00","","15,00","","24,10","","101,29","","","","-25,00","","Cristaux de glace"
"1981-11-19 03:00","1981","11","19","03:00"," ","-16,20","","-19,30","","77,00","","12,00","","19,00","","24,10","","101,29","","","","-25,00","","Cristaux de glace"
"1981-11-19 04:00","1981","11","19","04:00"," ","-15,50","","-18,30","","79,00","","12,00","","17,00","","24,10","","101,29","","","","-24,00","","Cristaux de glace"
"1981-11-19 05:00","1981","11","19","05:00"," ","-13,50","","-16,00","","81,00","","19,00","","20,00","","16,10","","101,19","","","","-22,00","","Cristaux de glace"
"1981-11-19 06:00","1981","11","19","06:00"," ","-13,50","","-16,30","","79,00","","20,00","","22,00","","12,90","","101,19","","","","-23,00","","Cristaux de glace"
"1981-11-19 07:00","1981","11","19","07:00"," ","-13,50","","-16,10","","81,00","","21,00","","17,00","","12,90","","101,19","","","","-22,00","","Cristaux de glace"
"1981-11-19 08:00","1981","11","19","08:00"," ","-13,40","","-16,30","","79,00","","20,00","","24,00","","6,40","","101,12","","","","-23,00","","Neige"
"1981-11-19 09:00","1981","11","19","09:00"," ","-13,00","","-15,70","","80,00","","20,00","","37,00","","6,40","","101,09","","","","-24,00","","Neige"
"1981-11-19 10:00","1981","11","19","10:00"," ","-13,30","","-15,70","","82,00","","19,00","","37,00","","6,40","","101,09","","","","-25,00","","Neige"
"1981-11-19 11:00","1981","11","19","11:00"," ","-13,50","","-16,10","","81,00","","19,00","","31,00","","6,40","","101,09","","","","-24,00","","Neige"
"1981-11-19 12:00","1981","11","19","12:00"," ","-13,60","","-16,20","","81,00","","19,00","","35,00","","3,20","","101,09","","","","-25,00","","Neige"
"1981-11-19 13:00","1981","11","19","13:00"," ","-13,40","","-15,60","","83,00","","19,00","","28,00","","3,20","","101,05","","","","-24,00","","Neige,Brouillard"
"1981-11-19 14:00","1981","11","19","14:00"," ","-13,20","","-15,90","","80,00","","21,00","","30,00","","3,20","","101,05","","","","-24,00","","Neige,Brouillard"
"1981-11-19 15:00","1981","11","19","15:00"," ","-13,20","","-16,20","","78,00","","21,00","","28,00","","3,20","","101,09","","","","-23,00","","Neige,Brouillard"
"1981-11-19 16:00","1981","11","19","16:00"," ","-13,30","","-15,80","","81,00","","19,00","","20,00","","12,90","","101,09","","","","-22,00","","Neige"
"1981-11-19 17:00","1981","11","19","17:00"," ","-13,20","","-15,70","","81,00","","17,00","","19,00","","12,90","","101,05","","","","-22,00","","Neige"
"1981-11-19 18:00","1981","11","19","18:00"," ","-13,20","","-15,60","","82,00","","16,00","","22,00","","6,40","","101,05","","","","-22,00","","Neige"
"1981-11-19 19:00","1981","11","19","19:00"," ","-13,40","","-15,60","","83,00","","17,00","","24,00","","9,70","","100,99","","","","-23,00","","Neige"
"1981-11-19 20:00","1981","11","19","20:00"," ","-14,00","","-16,20","","83,00","","17,00","","17,00","","12,90","","100,99","","","","-22,00","","Neige"
"1981-11-19 21:00","1981","11","19","21:00"," ","-14,50","","-16,90","","82,00","","17,00","","17,00","","12,90","","100,99","","","","-23,00","","Neige"
"1981-11-19 22:00","1981","11","19","22:00"," ","-15,50","","-18,70","","76,00","","12,00","","17,00","","16,10","","100,99","","","","-24,00","","Cristaux de glace"
"1981-11-19 23:00","1981","11","19","23:00"," ","-14,90","","-18,10","","76,00","","13,00","","20,00","","3,20","","100,95","","","","-24,00","","Neige"
"1981-11-20 00:00","1981","11","20","00:00"," ","-15,60","","-18,70","","77,00","","12,00","","20,00","","4,00","","100,95","","","","-25,00","","Neige"
"1981-11-20 01:00","1981","11","20","01:00"," ","-15,80","","-18,90","","77,00","","12,00","","15,00","","6,40","","100,95","","","","-24,00","","Neige"
"1981-11-20 02:00","1981","11","20","02:00"," ","-14,90","","-17,90","","78,00","","11,00","","17,00","","6,40","","100,95","","","","-23,00","","Neige"
"1981-11-20 03:00","1981","11","20","03:00"," ","-15,10","","-19,00","","72,00","","11,00","","15,00","","9,70","","100,89","","","","-23,00","","Neige"
"1981-11-20 04:00","1981","11","20","04:00"," ","-14,70","","-17,90","","77,00","","10,00","","13,00","","9,70","","100,89","","","","-22,00","","Neige"
"1981-11-20 05:00","1981","11","20","05:00"," ","-15,20","","-18,60","","75,00","","7,00","","19,00","","9,70","","100,82","","","","-24,00","","Neige"
"1981-11-20 06:00","1981","11","20","06:00"," ","-15,00","","-18,20","","76,00","","9,00","","13,00","","6,40","","100,79","","","","-22,00","","Neige"
"1981-11-20 07:00","1981","11","20","07:00"," ","-15,20","","-18,50","","76,00","","11,00","","17,00","","12,90","","100,75","","","","-24,00","","Neige"
"1981-11-20 08:00","1981","11","20","08:00"," ","-14,50","","-18,50","","72,00","","11,00","","13,00","","3,20","","100,72","","","","-22,00","","Neige"
"1981-11-20 09:00","1981","11","20","09:00"," ","-15,40","","-18,70","","76,00","","10,00","","15,00","","3,20","","100,68","","","","-23,00","","Neige"
"1981-11-20 10:00","1981","11","20","10:00"," ","-15,50","","-19,10","","74,00","","9,00","","17,00","","3,20","","100,65","","","","-24,00","","Neige"
"1981-11-20 11:00","1981","11","20","11:00"," ","-15,90","","-19,50","","74,00","","9,00","","17,00","","3,20","","100,65","","","","-25,00","","Neige"
"1981-11-20 12:00","1981","11","20","12:00"," ","-16,40","","-20,00","","74,00","","8,00","","20,00","","3,20","","100,62","","","","-26,00","","Neige"
"1981-11-20 13:00","1981","11","20","13:00"," ","-17,30","","-21,10","","72,00","","7,00","","20,00","","6,40","","100,58","","","","-27,00","","Neige"
"1981-11-20 14:00","1981","11","20","14:00"," ","-18,30","","-22,10","","72,00","","7,00","","24,00","","16,10","","100,58","","","","-29,00","","Cristaux de glace"
"1981-11-20 15:00","1981","11","20","15:00"," ","-18,80","","-22,60","","72,00","","8,00","","17,00","","16,10","","100,55","","","","-28,00","","Cristaux de glace"
"1981-11-20 16:00","1981","11","20","16:00"," ","-17,60","","-21,50","","72,00","","8,00","","19,00","","8,00","","100,52","","","","-27,00","","Neige"
"1981-11-20 17:00","1981","11","20","17:00"," ","-18,00","","-22,10","","70,00","","10,00","","17,00","","16,10","","100,52","","","","-27,00","","Neige"
"1981-11-20 18:00","1981","11","20","18:00"," ","-19,00","","-22,80","","72,00","","8,00","","17,00","","16,10","","100,52","","","","-28,00","","Neige"
"1981-11-20 19:00","1981","11","20","19:00"," ","-19,80","","-23,90","","70,00","","6,00","","22,00","","16,10","","100,48","","","","-31,00","","Cristaux de glace"
"1981-11-20 20:00","1981","11","20","20:00"," ","-18,20","","-22,20","","71,00","","6,00","","20,00","","24,10","","100,48","","","","-28,00","","Cristaux de glace"
"1981-11-20 21:00","1981","11","20","21:00"," ","-19,50","","-23,60","","70,00","","6,00","","28,00","","16,10","","100,41","","","","-32,00","","Cristaux de glace"
"1981-11-20 22:00","1981","11","20","22:00"," ","-20,50","","-24,50","","71,00","","6,00","","31,00","","16,10","","100,41","","","","-33,00","","Cristaux de glace"
"1981-11-20 23:00","1981","11","20","23:00"," ","-20,50","","-24,50","","71,00","","6,00","","33,00","","24,10","","100,41","","","","-34,00","","Cristaux de glace"
"1981-11-21 00:00","1981","11","21","00:00"," ","-20,90","","-25,60","","66,00","","6,00","","30,00","","24,10","","100,38","","","","-34,00","","Cristaux de glace"
"1981-11-21 01:00","1981","11","21","01:00"," ","-20,30","","-24,70","","68,00","","6,00","","26,00","","24,10","","100,38","","","","-32,00","","Cristaux de glace"
"1981-11-21 02:00","1981","11","21","02:00"," ","-19,00","","-23,20","","69,00","","6,00","","30,00","","24,10","","100,35","","","","-31,00","","Cristaux de glace"
"1981-11-21 03:00","1981","11","21","03:00"," ","-18,30","","-22,90","","67,00","","5,00","","26,00","","24,10","","100,35","","","","-30,00","","Cristaux de glace"
"1981-11-21 04:00","1981","11","21","04:00"," ","-19,00","","-23,60","","67,00","","7,00","","22,00","","16,10","","100,35","","","","-30,00","","Cristaux de glace"
"1981-11-21 05:00","1981","11","21","05:00"," ","-19,30","","-23,00","","72,00","","10,00","","11,00","","24,10","","100,38","","","","-27,00","","Cristaux de glace"
"1981-11-21 06:00","1981","11","21","06:00"," ","-19,90","","-23,90","","71,00","","14,00","","7,00","","24,10","","100,38","","","","-26,00","","Cristaux de glace"
"1981-11-21 07:00","1981","11","21","07:00"," ","-22,00","","-25,50","","74,00","","11,00","","13,00","","24,10","","100,38","","","","-31,00","","Cristaux de glace"
"1981-11-21 08:00","1981","11","21","08:00"," ","-20,10","","-24,50","","68,00","","15,00","","7,00","","24,10","","100,38","","","","-26,00","","Cristaux de glace"
"1981-11-21 09:00","1981","11","21","09:00"," ","-21,30","","-25,50","","69,00","","10,00","","11,00","","24,10","","100,38","","","","-29,00","","Cristaux de glace"
"1981-11-21 10:00","1981","11","21","10:00"," ","-22,10","","-25,70","","73,00","","11,00","","11,00","","24,10","","100,38","","","","-30,00","","Cristaux de glace"
"1981-11-21 11:00","1981","11","21","11:00"," ","-20,10","","-23,80","","73,00","","11,00","","15,00","","16,10","","100,41","","","","-29,00","","Cristaux de glace"
"1981-11-21 12:00","1981","11","21","12:00"," ","-20,20","","-24,10","","71,00","","11,00","","17,00","","4,00","","100,41","","","","-30,00","","Cristaux de glace,Brouillard de glace"
"1981-11-21 13:00","1981","11","21","13:00"," ","-19,90","","-23,70","","72,00","","11,00","","17,00","","4,00","","100,45","","","","-30,00","","Cristaux de glace,Brouillard de glace"
"1981-11-21 14:00","1981","11","21","14:00"," ","-20,10","","-23,90","","72,00","","11,00","","20,00","","4,00","","100,48","","","","-31,00","","Cristaux de glace,Brouillard de glace"
"1981-11-21 15:00","1981","11","21","15:00"," ","-21,00","","-23,70","","79,00","","13,00","","13,00","","24,10","","100,52","","","","-30,00","","Généralement dégagé"
"1981-11-21 16:00","1981","11","21","16:00"," ","-21,50","","-23,10","","87,00","","14,00","","19,00","","4,00","","100,55","","","","-32,00","","Cristaux de glace,Brouillard de glace"
"1981-11-21 17:00","1981","11","21","17:00"," ","-22,40","","-26,30","","71,00","","15,00","","17,00","","12,90","","100,62","","","","-33,00","","Cristaux de glace"
"1981-11-21 18:00","1981","11","21","18:00"," ","-24,30","","-28,50","","68,00","","14,00","","19,00","","16,10","","100,62","","","","-36,00","","Cristaux de glace"
"1981-11-21 19:00","1981","11","21","19:00"," ","-22,70","","-26,80","","70,00","","16,00","","22,00","","16,10","","100,65","","","","-34,00","","Cristaux de glace"
"1981-11-21 20:00","1981","11","21","20:00"," ","-24,60","","-29,10","","66,00","","15,00","","20,00","","24,10","","100,65","","","","-36,00","","Cristaux de glace"
"1981-11-21 21:00","1981","11","21","21:00"," ","-25,60","","-30,60","","63,00","","13,00","","19,00","","24,10","","100,72","","","","-37,00","","Cristaux de glace"
"1981-11-21 22:00","1981","11","21","22:00"," ","-25,50","","-30,00","","66,00","","14,00","","20,00","","16,10","","100,72","","","","-37,00","","Cristaux de glace"
"1981-11-21 23:00","1981","11","21","23:00"," ","-25,60","","-30,00","","67,00","","13,00","","20,00","","16,10","","100,75","","","","-38,00","","Cristaux de glace"
"1981-11-22 00:00","1981","11","22","00:00"," ","-25,80","","-30,70","","63,00","","13,00","","20,00","","24,10","","100,82","","","","-38,00","","Cristaux de glace"
"1981-11-22 01:00","1981","11","22","01:00"," ","-27,40","","-32,10","","64,00","","14,00","","19,00","","24,10","","100,82","","","","-40,00","","Cristaux de glace"
"1981-11-22 02:00","1981","11","22","02:00"," ","-26,70","","-31,10","","66,00","","15,00","","19,00","","24,10","","100,85","","","","-39,00","","Cristaux de glace"
"1981-11-22 03:00","1981","11","22","03:00"," ","-26,90","","-31,40","","65,00","","14,00","","17,00","","24,10","","100,89","","","","-38,00","","Cristaux de glace"
"1981-11-22 04:00","1981","11","22","04:00"," ","-27,30","","-31,60","","66,00","","14,00","","13,00","","24,10","","100,92","","","","-37,00","","Cristaux de glace"
"1981-11-22 05:00","1981","11","22","05:00"," ","-28,10","","-32,00","","69,00","","12,00","","15,00","","24,10","","100,95","","","","-39,00","","Cristaux de glace"
"1981-11-22 06:00","1981","11","22","06:00"," ","-28,10","","-32,70","","64,00","","14,00","","17,00","","24,10","","100,99","","","","-40,00","","Cristaux de glace"
"1981-11-22 07:00","1981","11","22","07:00"," ","-27,90","","-32,40","","65,00","","13,00","","19,00","","24,10","","101,05","","","","-40,00","","Cristaux de glace"
"1981-11-22 08:00","1981","11","22","08:00"," ","-27,40","","-32,20","","63,00","","13,00","","13,00","","24,10","","101,05","","","","-37,00","","Cristaux de glace"
"1981-11-22 09:00","1981","11","22","09:00"," ","-27,80","","-31,90","","68,00","","13,00","","15,00","","24,10","","101,12","","","","-39,00","","Cristaux de glace"
"1981-11-22 10:00","1981","11","22","10:00"," ","-27,70","","-31,90","","67,00","","13,00","","17,00","","24,10","","101,16","","","","-39,00","","Cristaux de glace"
"1981-11-22 11:00","1981","11","22","11:00"," ","-28,00","","-32,40","","66,00","","12,00","","17,00","","24,10","","101,19","","","","-40,00","","Généralement dégagé"
"1981-11-22 12:00","1981","11","22","12:00"," ","-27,70","","-31,90","","67,00","","11,00","","13,00","","24,10","","101,26","","","","-38,00","","Généralement dégagé"
"1981-11-22 13:00","1981","11","22","13:00"," ","-27,80","","-31,80","","68,00","","12,00","","13,00","","24,10","","101,26","","","","-38,00","","Généralement dégagé"
"1981-11-22 14:00","1981","11","22","14:00"," ","-27,60","","-31,90","","67,00","","11,00","","11,00","","24,10","","101,29","","","","-37,00","","Généralement dégagé"
"1981-11-22 15:00","1981","11","22","15:00"," ","-28,50","","-32,90","","66,00","","11,00","","11,00","","24,10","","101,32","","","","-38,00","","Généralement dégagé"
"1981-11-22 16:00","1981","11","22","16:00"," ","-28,70","","-32,70","","68,00","","12,00","","13,00","","24,10","","101,36","","","","-39,00","","Généralement dégagé"
"1981-11-22 17:00","1981","11","22","17:00"," ","-27,70","","-32,20","","65,00","","11,00","","9,00","","24,10","","101,39","","","","-36,00","","Dégagé"
"1981-11-22 18:00","1981","11","22","18:00"," ","-28,70","","-32,90","","67,00","","11,00","","7,00","","24,10","","101,46","","","","-36,00","","Dégagé"
"1981-11-22 19:00","1981","11","22","19:00"," ","-28,70","","-33,00","","66,00","","11,00","","7,00","","24,10","","101,46","","","","-36,00","","Dégagé"
"1981-11-22 20:00","1981","11","22","20:00"," ","-29,90","","-34,00","","67,00","","11,00","","7,00","","24,10","","101,46","","","","-37,00","","Généralement dégagé"
"1981-11-22 21:00","1981","11","22","21:00"," ","-29,40","","-33,30","","69,00","","11,00","","4,00","","24,10","","101,46","","","","-34,00","","Généralement dégagé"
"1981-11-22 22:00","1981","11","22","22:00"," ","-30,30","","-33,70","","72,00","","11,00","","2,00","","24,10","","101,49","","","","-33,00","","Généralement dégagé"
"1981-11-22 23:00","1981","11","22","23:00"," ","-30,50","","-34,10","","70,00","","11,00","","4,00","","24,10","","101,49","","","","-35,00","","Généralement dégagé"
"1981-11-23 00:00","1981","11","23","00:00"," ","-28,50","","-33,00","","65,00","","0,00","","0,00","","24,10","","101,49","","","","","","Généralement dégagé"
"1981-11-23 01:00","1981","11","23","01:00"," ","-26,70","","-31,20","","65,00","","34,00","","6,00","","24,10","","101,46","","","","-33,00","","Dégagé"
"1981-11-23 02:00","1981","11","23","02:00"," ","-26,60","","-30,70","","68,00","","33,00","","7,00","","24,10","","101,49","","","","-33,00","","Généralement dégagé"
"1981-11-23 03:00","1981","11","23","03:00"," ","-28,70","","-31,40","","78,00","","34,00","","9,00","","24,10","","101,53","","","","-37,00","","Généralement dégagé"
"1981-11-23 04:00","1981","11","23","04:00"," ","-27,80","","-31,60","","70,00","","34,00","","11,00","","24,10","","101,53","","","","-37,00","","Généralement dégagé"
"1981-11-23 05:00","1981","11","23","05:00"," ","-29,10","","-33,40","","66,00","","34,00","","11,00","","24,10","","101,56","","","","-39,00","","Généralement dégagé"
"1981-11-23 06:00","1981","11","23","06:00"," ","-28,50","","-32,20","","70,00","","33,00","","7,00","","24,10","","101,56","","","","-36,00","","Généralement dégagé"
"1981-11-23 07:00","1981","11","23","07:00"," ","-28,50","","-32,90","","66,00","","30,00","","7,00","","24,10","","101,56","","","","-36,00","","Généralement dégagé"
"1981-11-23 08:00","1981","11","23","08:00"," ","-29,20","","-34,30","","61,00","","33,00","","9,00","","24,10","","101,56","","","","-38,00","","Généralement dégagé"
"1981-11-23 09:00","1981","11","23","09:00"," ","-28,70","","-32,80","","68,00","","33,00","","9,00","","24,10","","101,59","","","","-37,00","","Nuageux"
"1981-11-23 10:00","1981","11","23","10:00"," ","-28,80","","-32,80","","68,00","","33,00","","9,00","","24,10","","101,63","","","","-37,00","","Généralement nuageux"
"1981-11-23 11:00","1981","11","23","11:00"," ","-28,50","","-32,70","","67,00","","32,00","","11,00","","24,10","","101,63","","","","-38,00","","Nuageux"
"1981-11-23 12:00","1981","11","23","12:00"," ","-29,00","","-33,20","","67,00","","32,00","","7,00","","9,70","","101,63","","","","-36,00","","Brouillard de glace"
"1981-11-23 13:00","1981","11","23","13:00"," ","-31,10","","-35,30","","66,00","","34,00","","9,00","","9,70","","101,66","","","","-40,00","","Brouillard de glace"
"1981-11-23 14:00","1981","11","23","14:00"," ","-30,00","","-34,90","","62,00","","34,00","","7,00","","9,70","","101,69","","","","-37,00","","Brouillard de glace"
"1981-11-23 15:00","1981","11","23","15:00"," ","-30,80","","-35,80","","61,00","","35,00","","6,00","","4,80","","101,69","","","","-37,00","","Brouillard de glace"
"1981-11-23 16:00","1981","11","23","16:00"," ","-30,50","","-35,10","","64,00","","34,00","","6,00","","1,20","","101,73","","","","-37,00","","Brouillard de glace"
"1981-11-23 17:00","1981","11","23","17:00"," ","-30,30","","-34,90","","64,00","","34,00","","6,00","","4,00","","101,73","","","","-37,00","","Brouillard de glace"
"1981-11-23 18:00","1981","11","23","18:00"," ","-30,20","","-34,90","","64,00","","35,00","","6,00","","24,10","","101,69","","","","-37,00","","Dégagé"
"1981-11-23 19:00","1981","11","23","19:00"," ","-30,90","","-34,50","","70,00","","34,00","","6,00","","24,10","","101,69","","","","-38,00","","Dégagé"
"1981-11-23 20:00","1981","11","23","20:00"," ","-30,30","","-34,70","","65,00","","35,00","","4,00","","24,10","","101,73","","","","-35,00","","Dégagé"
"1981-11-23 21:00","1981","11","23","21:00"," ","-31,70","","-35,50","","69,00","","36,00","","6,00","","24,10","","101,69","","","","-38,00","","Dégagé"
"1981-11-23 22:00","1981","11","23","22:00"," ","-30,80","","-35,30","","64,00","","0,00","","0,00","","24,10","","101,69","","","","","","Dégagé"
"1981-11-23 23:00","1981","11","23","23:00"," ","-31,60","","-36,10","","64,00","","0,00","","0,00","","24,10","","101,66","","","","","","Dégagé"
"1981-11-24 00:00","1981","11","24","00:00"," ","-31,50","","-35,30","","69,00","","0,00","","0,00","","24,10","","101,66","","","","","","Dégagé"
"1981-11-24 01:00","1981","11","24","01:00"," ","-31,80","","-36,40","","63,00","","12,00","","6,00","","24,10","","101,63","","","","-39,00","","Dégagé"
"1981-11-24 02:00","1981","11","24","02:00"," ","-31,20","","-35,20","","68,00","","11,00","","7,00","","24,10","","101,59","","","","-39,00","","Dégagé"
"1981-11-24 03:00","1981","11","24","03:00"," ","-31,40","","-35,40","","68,00","","12,00","","7,00","","24,10","","101,59","","","","-39,00","","Dégagé"
"1981-11-24 04:00","1981","11","24","04:00"," ","-29,90","","-34,20","","66,00","","11,00","","9,00","","24,10","","101,56","","","","-38,00","","Dégagé"
"1981-11-24 05:00","1981","11","24","05:00"," ","-31,10","","-35,90","","63,00","","11,00","","9,00","","24,10","","101,49","","","","-40,00","","Dégagé"
"1981-11-24 06:00","1981","11","24","06:00"," ","-30,30","","-34,50","","66,00","","9,00","","4,00","","24,10","","101,46","","","","-35,00","","Dégagé"
"1981-11-24 07:00","1981","11","24","07:00"," ","-31,10","","-35,00","","68,00","","0,00","","0,00","","24,10","","101,39","","","","","","Dégagé"
"1981-11-24 08:00","1981","11","24","08:00"," ","-32,00","","-36,50","","64,00","","10,00","","7,00","","24,10","","101,36","","","","-40,00","","Dégagé"
"1981-11-24 09:00","1981","11","24","09:00"," ","-30,30","","-35,90","","58,00","","9,00","","7,00","","24,10","","101,29","","","","-38,00","","Généralement dégagé"
"1981-11-24 10:00","1981","11","24","10:00"," ","-29,60","","-34,60","","62,00","","10,00","","9,00","","4,80","","101,26","","","","-38,00","","Brouillard de glace"
"1981-11-24 11:00","1981","11","24","11:00"," ","-29,20","","-33,70","","65,00","","13,00","","6,00","","2,40","","101,19","","","","-36,00","","Cristaux de glace,Brouillard de glace"
"1981-11-24 12:00","1981","11","24","12:00"," ","-28,30","","-32,40","","68,00","","15,00","","9,00","","1,60","","101,16","","","","-37,00","","Cristaux de glace,Brouillard de glace"
"1981-11-24 13:00","1981","11","24","13:00"," ","-27,50","","-31,60","","68,00","","10,00","","22,00","","4,80","","101,09","","","","-40,00","","Cristaux de glace,Brouillard de glace"
"1981-11-24 14:00","1981","11","24","14:00"," ","-26,40","","-30,60","","67,00","","11,00","","22,00","","9,70","","101,02","","","","-39,00","","Cristaux de glace,Brouillard de glace"
"1981-11-24 15:00","1981","11","24","15:00"," ","-26,40","","-30,60","","67,00","","11,00","","24,00","","9,70","","100,99","","","","-40,00","","Cristaux de glace,Brouillard de glace"
"1981-11-24 16:00","1981","11","24","16:00"," ","-26,00","","-29,60","","72,00","","11,00","","26,00","","16,10","","100,89","","","","-40,00","","Cristaux de glace"
"1981-11-24 17:00","1981","11","24","17:00"," ","-25,20","","-29,40","","68,00","","12,00","","30,00","","8,00","","100,85","","","","-39,00","","Cristaux de glace"
"1981-11-24 18:00","1981","11","24","18:00"," ","-24,30","","-28,60","","68,00","","12,00","","30,00","","8,00","","100,82","","","","-38,00","","Cristaux de glace"
"1981-11-24 19:00","1981","11","24","19:00"," ","-23,90","","-28,20","","68,00","","10,00","","33,00","","4,80","","100,75","","","","-38,00","","Cristaux de glace"
"1981-11-24 20:00","1981","11","24","20:00"," ","-24,00","","-28,30","","68,00","","10,00","","37,00","","4,00","","100,65","","","","-39,00","","Cristaux de glace,Poudrerie élevée"
"1981-11-24 21:00","1981","11","24","21:00"," ","-24,90","","-29,10","","68,00","","9,00","","41,00","","1,20","","100,62","","","","-41,00","","Cristaux de glace,Poudrerie élevée"
"1981-11-24 22:00","1981","11","24","22:00"," ","-23,20","","-27,50","","68,00","","8,00","","39,00","","1,20","","100,55","","","","-38,00","","Cristaux de glace,Poudrerie élevée"
"1981-11-24 23:00","1981","11","24","23:00"," ","-22,60","","-26,70","","70,00","","10,00","","35,00","","1,20","","100,55","","","","-37,00","","Cristaux de glace,Poudrerie élevée"
"1981-11-25 00:00","1981","11","25","00:00"," ","-22,40","","-26,60","","69,00","","11,00","","33,00","","1,20","","100,52","","","","-36,00","","Cristaux de glace,Poudrerie élevée"
"1981-11-25 01:00","1981","11","25","01:00"," ","-22,20","","-26,10","","71,00","","12,00","","28,00","","6,40","","100,48","","","","-35,00","","Cristaux de glace,Poudrerie élevée"
"1981-11-25 02:00","1981","11","25","02:00"," ","-21,20","","-25,20","","70,00","","12,00","","30,00","","4,80","","100,41","","","","-34,00","","Cristaux de glace,Poudrerie élevée"
"1981-11-25 03:00","1981","11","25","03:00"," ","-20,60","","-24,40","","72,00","","11,00","","31,00","","4,80","","100,35","","","","-34,00","","Cristaux de glace,Poudrerie élevée"
"1981-11-25 04:00","1981","11","25","04:00"," ","-19,80","","-23,40","","73,00","","12,00","","31,00","","4,80","","100,25","","","","-32,00","","Cristaux de glace,Poudrerie élevée"
"1981-11-25 05:00","1981","11","25","05:00"," ","-19,60","","-23,40","","72,00","","12,00","","33,00","","4,80","","100,21","","","","-33,00","","Cristaux de glace,Poudrerie élevée"
"1981-11-25 06:00","1981","11","25","06:00"," ","-19,50","","-23,20","","72,00","","12,00","","39,00","","4,80","","100,11","","","","-33,00","","Cristaux de glace,Poudrerie élevée"
"1981-11-25 07:00","1981","11","25","07:00"," ","-19,50","","-23,40","","71,00","","11,00","","39,00","","2,40","","100,04","","","","-33,00","","Cristaux de glace,Poudrerie élevée"
"1981-11-25 08:00","1981","11","25","08:00"," ","-19,40","","-23,10","","72,00","","12,00","","37,00","","2,40","","100,01","","","","-33,00","","Cristaux de glace,Poudrerie élevée"
"1981-11-25 09:00","1981","11","25","09:00"," ","-19,00","","-22,70","","72,00","","11,00","","44,00","","2,40","","99,91","","","","-33,00","","Cristaux de glace,Poudrerie élevée"
"1981-11-25 10:00","1981","11","25","10:00"," ","-18,40","","-22,00","","73,00","","10,00","","48,00","","1,60","","99,81","","","","-33,00","","Cristaux de glace,Poudrerie élevée"
"1981-11-25 11:00","1981","11","25","11:00"," ","-17,70","","-21,20","","74,00","","10,00","","48,00","","1,60","","99,67","","","","-32,00","","Cristaux de glace,Poudrerie élevée"
"1981-11-25 12:00","1981","11","25","12:00"," ","-17,10","","-19,90","","79,00","","11,00","","50,00","","1,60","","99,57","","","","-31,00","","Cristaux de glace,Poudrerie élevée"
"1981-11-25 13:00","1981","11","25","13:00"," ","-16,20","","-19,10","","78,00","","10,00","","56,00","","1,20","","99,44","","","","-31,00","","Cristaux de glace,Poudrerie élevée"
"1981-11-25 14:00","1981","11","25","14:00"," ","-15,30","","-17,90","","80,00","","9,00","","52,00","","0,80","","99,30","","","","-29,00","","Cristaux de glace,Poudrerie élevée"
"1981-11-25 15:00","1981","11","25","15:00"," ","-14,10","","-16,50","","82,00","","9,00","","56,00","","0,80","","99,17","","","","-28,00","","Cristaux de glace,Poudrerie élevée"
"1981-11-25 16:00","1981","11","25","16:00"," ","-12,80","","-14,80","","85,00","","11,00","","44,00","","0,60","","99,04","","","","-25,00","","Neige,Poudrerie élevée"
"1981-11-25 17:00","1981","11","25","17:00"," ","-10,80","","-12,70","","86,00","","15,00","","46,00","","0,60","","98,97","","","","-22,00","","Neige,Poudrerie élevée"
"1981-11-25 18:00","1981","11","25","18:00"," ","-10,70","","-12,40","","87,00","","15,00","","37,00","","0,60","","98,93","","","","-21,00","","Neige,Poudrerie élevée"
"1981-11-25 19:00","1981","11","25","19:00"," ","-10,40","","-12,00","","88,00","","16,00","","48,00","","0,60","","98,93","","","","-22,00","","Neige,Poudrerie élevée"
"1981-11-25 20:00","1981","11","25","20:00"," ","-10,50","","-12,20","","87,00","","16,00","","43,00","","1,20","","98,90","","","","-22,00","","Neige,Poudrerie élevée"
"1981-11-25 21:00","1981","11","25","21:00"," ","-10,60","","-12,30","","87,00","","17,00","","46,00","","1,20","","98,93","","","","-22,00","","Neige,Poudrerie élevée"
"1981-11-25 22:00","1981","11","25","22:00"," ","-10,80","","-12,40","","88,00","","17,00","","50,00","","1,20","","98,93","","","","-23,00","","Neige,Poudrerie élevée"
"1981-11-25 23:00","1981","11","25","23:00"," ","-10,80","","-12,50","","87,00","","17,00","","46,00","","1,20","","98,93","","","","-22,00","","Neige,Poudrerie élevée"
"1981-11-26 00:00","1981","11","26","00:00"," ","-11,70","","-13,50","","87,00","","18,00","","46,00","","1,20","","98,97","","","","-24,00","","Neige,Poudrerie élevée"
"1981-11-26 01:00","1981","11","26","01:00"," ","-13,30","","-15,20","","85,00","","19,00","","39,00","","1,20","","99,04","","","","-25,00","","Neige,Poudrerie élevée"
"1981-11-26 02:00","1981","11","26","02:00"," ","-13,60","","-15,60","","85,00","","19,00","","31,00","","3,20","","99,14","","","","-24,00","","Cristaux de glace,Poudrerie élevée"
"1981-11-26 03:00","1981","11","26","03:00"," ","-13,60","","-15,70","","84,00","","19,00","","24,00","","3,20","","99,17","","","","-23,00","","Cristaux de glace,Poudrerie élevée"
"1981-11-26 04:00","1981","11","26","04:00"," ","-14,50","","-16,40","","85,00","","18,00","","28,00","","3,20","","99,24","","","","-25,00","","Cristaux de glace,Poudrerie élevée"
"1981-11-26 05:00","1981","11","26","05:00"," ","-15,10","","-17,10","","85,00","","21,00","","20,00","","1,60","","99,24","","","","-24,00","","Neige,Poudrerie élevée"
"1981-11-26 06:00","1981","11","26","06:00"," ","-16,10","","-18,10","","85,00","","22,00","","17,00","","4,80","","99,30","","","","-25,00","","Neige"
"1981-11-26 07:00","1981","11","26","07:00"," ","-17,20","","-19,00","","86,00","","19,00","","7,00","","6,40","","99,34","","","","-22,00","","Neige"
"1981-11-26 08:00","1981","11","26","08:00"," ","-18,80","","-20,70","","85,00","","23,00","","20,00","","8,00","","99,34","","","","-29,00","","Neige"
"1981-11-26 09:00","1981","11","26","09:00"," ","-19,50","","-21,50","","84,00","","32,00","","15,00","","8,00","","99,41","","","","-28,00","","Brouillard de glace"
"1981-11-26 10:00","1981","11","26","10:00"," ","-20,40","","-22,20","","85,00","","24,00","","22,00","","8,00","","99,41","","","","-31,00","","Brouillard de glace"
"1981-11-26 11:00","1981","11","26","11:00"," ","-22,00","","-23,80","","86,00","","26,00","","30,00","","16,10","","99,47","","","","-35,00","","Généralement dégagé"
"1981-11-26 12:00","1981","11","26","12:00"," ","-23,10","","-24,70","","87,00","","24,00","","24,00","","16,10","","99,47","","","","-35,00","","Généralement dégagé"
"1981-11-26 13:00","1981","11","26","13:00"," ","-24,40","","-26,40","","84,00","","25,00","","28,00","","24,10","","99,54","","","","-38,00","","Généralement dégagé"
"1981-11-26 14:00","1981","11","26","14:00"," ","-25,30","","-31,20","","58,00","","25,00","","20,00","","24,10","","99,61","","","","-37,00","","Généralement dégagé"
"1981-11-26 15:00","1981","11","26","15:00"," ","-26,00","","-31,20","","61,00","","25,00","","22,00","","24,10","","99,64","","","","-39,00","","Généralement dégagé"
"1981-11-26 16:00","1981","11","26","16:00"," ","-26,70","","-31,10","","66,00","","25,00","","30,00","","24,10","","99,67","","","","-41,00","","Généralement dégagé"
"1981-11-26 17:00","1981","11","26","17:00"," ","-28,10","","-33,20","","61,00","","23,00","","22,00","","16,10","","99,81","","","","-41,00","","Cristaux de glace"
"1981-11-26 18:00","1981","11","26","18:00"," ","-28,50","","-33,70","","61,00","","21,00","","19,00","","24,10","","99,81","","","","-41,00","","Cristaux de glace"
"1981-11-26 19:00","1981","11","26","19:00"," ","-28,50","","-33,20","","64,00","","22,00","","24,00","","16,10","","99,91","","","","-42,00","","Cristaux de glace"
"1981-11-26 20:00","1981","11","26","20:00"," ","-28,60","","-33,20","","64,00","","21,00","","11,00","","16,10","","99,91","","","","-38,00","","Cristaux de glace"
"1981-11-26 21:00","1981","11","26","21:00"," ","-28,20","","-33,20","","62,00","","20,00","","22,00","","16,10","","100,01","","","","-41,00","","Cristaux de glace"
"1981-11-26 22:00","1981","11","26","22:00"," ","-29,30","","-33,90","","64,00","","22,00","","33,00","","16,10","","100,04","","","","-45,00","","Cristaux de glace"
"1981-11-26 23:00","1981","11","26","23:00"," ","-29,10","","-33,80","","64,00","","23,00","","31,00","","24,10","","100,08","","","","-45,00","","Cristaux de glace"
"1981-11-27 00:00","1981","11","27","00:00"," ","-28,70","","-33,50","","63,00","","22,00","","11,00","","12,90","","100,15","","","","-38,00","","Cristaux de glace"
"1981-11-27 01:00","1981","11","27","01:00"," ","-28,60","","-33,10","","65,00","","21,00","","9,00","","16,10","","100,25","","","","-37,00","","Cristaux de glace"
"1981-11-27 02:00","1981","11","27","02:00"," ","-28,10","","-32,60","","65,00","","20,00","","17,00","","8,00","","100,25","","","","-40,00","","Cristaux de glace,Brouillard de glace"
"1981-11-27 03:00","1981","11","27","03:00"," ","-28,00","","-32,90","","63,00","","27,00","","7,00","","9,70","","100,28","","","","-35,00","","Cristaux de glace"
"1981-11-27 04:00","1981","11","27","04:00"," ","-28,80","","-33,40","","64,00","","25,00","","11,00","","12,90","","100,31","","","","-38,00","","Cristaux de glace"
"1981-11-27 05:00","1981","11","27","05:00"," ","-30,30","","-35,30","","61,00","","12,00","","9,00","","24,10","","100,38","","","","-39,00","","Cristaux de glace"
"1981-11-27 06:00","1981","11","27","06:00"," ","-29,80","","-34,40","","64,00","","15,00","","17,00","","16,10","","100,38","","","","-42,00","","Cristaux de glace"
"1981-11-27 07:00","1981","11","27","07:00"," ","-29,60","","-33,80","","67,00","","16,00","","13,00","","16,10","","100,41","","","","-40,00","","Cristaux de glace"
"1981-11-27 08:00","1981","11","27","08:00"," ","-29,80","","-34,80","","62,00","","22,00","","9,00","","16,10","","100,41","","","","-38,00","","Cristaux de glace"
"1981-11-27 09:00","1981","11","27","09:00"," ","-30,20","","-35,50","","60,00","","18,00","","9,00","","16,10","","100,45","","","","-39,00","","Cristaux de glace"
"1981-11-27 10:00","1981","11","27","10:00"," ","-29,60","","-34,30","","64,00","","20,00","","15,00","","16,10","","100,41","","","","-41,00","","Cristaux de glace"
"1981-11-27 11:00","1981","11","27","11:00"," ","-29,90","","-34,70","","63,00","","20,00","","9,00","","16,10","","100,41","","","","-38,00","","Cristaux de glace"
"1981-11-27 12:00","1981","11","27","12:00"," ","-29,90","","-34,40","","65,00","","16,00","","13,00","","12,90","","100,41","","","","-40,00","","Cristaux de glace"
"1981-11-27 13:00","1981","11","27","13:00"," ","-29,50","","-34,10","","64,00","","17,00","","19,00","","9,70","","100,41","","","","-42,00","","Cristaux de glace"
"1981-11-27 14:00","1981","11","27","14:00"," ","-30,10","","-34,70","","64,00","","16,00","","20,00","","12,90","","100,41","","","","-43,00","","Cristaux de glace"
"1981-11-27 15:00","1981","11","27","15:00"," ","-29,50","","-34,00","","65,00","","17,00","","15,00","","12,90","","100,45","","","","-41,00","","Cristaux de glace"
"1981-11-27 16:00","1981","11","27","16:00"," ","-31,60","","-36,80","","60,00","","12,00","","7,00","","16,10","","100,45","","","","-39,00","","Cristaux de glace"
"1981-11-27 17:00","1981","11","27","17:00"," ","-32,30","","-36,90","","63,00","","12,00","","9,00","","24,10","","100,45","","","","-41,00","","Cristaux de glace"
"1981-11-27 18:00","1981","11","27","18:00"," ","-30,90","","-35,60","","63,00","","14,00","","7,00","","24,10","","100,45","","","","-38,00","","Cristaux de glace"
"1981-11-27 19:00","1981","11","27","19:00"," ","-31,90","","-37,00","","60,00","","17,00","","6,00","","24,10","","100,45","","","","-39,00","","Cristaux de glace"
"1981-11-27 20:00","1981","11","27","20:00"," ","-32,00","","-37,60","","57,00","","14,00","","2,00","","24,10","","100,45","","","","-34,00","","Cristaux de glace"
"1981-11-27 21:00","1981","11","27","21:00"," ","-31,70","","-38,30","","52,00","","0,00","","0,00","","16,10","","100,45","","","","","","Cristaux de glace"
"1981-11-27 22:00","1981","11","27","22:00"," ","-33,50","","-39,80","","53,00","","0,00","","0,00","","24,10","","100,41","","","","","","Cristaux de glace"
"1981-11-27 23:00","1981","11","27","23:00"," ","-33,00","","-37,40","","65,00","","0,00","","0,00","","24,10","","100,41","","","","","","Cristaux de glace"
"1981-11-28 00:00","1981","11","28","00:00"," ","-33,80","","-38,20","","64,00","","3,00","","4,00","","16,10","","100,41","","","","-39,00","","Cristaux de glace"
"1981-11-28 01:00","1981","11","28","01:00"," ","-33,40","","-37,70","","65,00","","0,00","","0,00","","16,10","","100,38","","","","","","Cristaux de glace"
"1981-11-28 02:00","1981","11","28","02:00"," ","-32,60","","-37,80","","60,00","","10,00","","7,00","","24,10","","100,35","","","","-40,00","","Cristaux de glace"
"1981-11-28 03:00","1981","11","28","03:00"," ","-32,10","","-37,10","","61,00","","11,00","","9,00","","24,10","","100,38","","","","-41,00","","Cristaux de glace"
"1981-11-28 04:00","1981","11","28","04:00"," ","-32,30","","-37,60","","59,00","","13,00","","6,00","","24,10","","100,38","","","","-39,00","","Dégagé"
"1981-11-28 05:00","1981","11","28","05:00"," ","-31,00","","-36,30","","60,00","","24,00","","7,00","","24,10","","100,35","","","","-38,00","","Dégagé"
"1981-11-28 06:00","1981","11","28","06:00"," ","-32,20","","-37,50","","59,00","","35,00","","4,00","","24,10","","100,38","","","","-37,00","","Dégagé"
"1981-11-28 07:00","1981","11","28","07:00"," ","-32,20","","-37,60","","59,00","","35,00","","9,00","","24,10","","100,31","","","","-41,00","","Cristaux de glace"
"1981-11-28 08:00","1981","11","28","08:00"," ","-31,60","","-35,60","","67,00","","35,00","","9,00","","24,10","","100,31","","","","-40,00","","Cristaux de glace"
"1981-11-28 09:00","1981","11","28","09:00"," ","-32,90","","-38,00","","60,00","","36,00","","4,00","","24,10","","100,28","","","","-38,00","","Cristaux de glace"
"1981-11-28 10:00","1981","11","28","10:00"," ","-32,20","","-37,10","","62,00","","0,00","","0,00","","24,10","","100,28","","","","","","Cristaux de glace"
"1981-11-28 11:00","1981","11","28","11:00"," ","-33,20","","-38,50","","59,00","","0,00","","0,00","","24,10","","100,25","","","","","","Cristaux de glace"
"1981-11-28 12:00","1981","11","28","12:00"," ","-32,60","","-36,50","","68,00","","34,00","","6,00","","24,10","","100,28","","","","-40,00","","Cristaux de glace"
"1981-11-28 13:00","1981","11","28","13:00"," ","-31,50","","-35,50","","68,00","","33,00","","7,00","","24,10","","100,25","","","","-39,00","","Cristaux de glace"
"1981-11-28 14:00","1981","11","28","14:00"," ","-32,20","","-37,10","","62,00","","33,00","","13,00","","24,10","","100,25","","","","-43,00","","Cristaux de glace"
"1981-11-28 15:00","1981","11","28","15:00"," ","-32,00","","-37,00","","61,00","","33,00","","15,00","","24,10","","100,25","","","","-44,00","","Cristaux de glace"
"1981-11-28 16:00","1981","11","28","16:00"," ","-32,20","","-38,00","","56,00","","34,00","","15,00","","12,90","","100,25","","","","-44,00","","Cristaux de glace"
"1981-11-28 17:00","1981","11","28","17:00"," ","-30,90","","-36,20","","59,00","","35,00","","13,00","","16,10","","100,25","","","","-42,00","","Cristaux de glace"
"1981-11-28 18:00","1981","11","28","18:00"," ","-31,90","","-36,90","","61,00","","36,00","","13,00","","24,10","","100,21","","","","-43,00","","Cristaux de glace"
"1981-11-28 19:00","1981","11","28","19:00"," ","-31,90","","-36,80","","62,00","","36,00","","9,00","","24,10","","100,18","","","","-41,00","","Cristaux de glace"
"1981-11-28 20:00","1981","11","28","20:00"," ","-31,50","","-36,90","","59,00","","36,00","","7,00","","11,30","","100,11","","","","-39,00","","Cristaux de glace"
"1981-11-28 21:00","1981","11","28","21:00"," ","-30,70","","-35,50","","63,00","","32,00","","7,00","","16,10","","100,11","","","","-38,00","","Cristaux de glace"
"1981-11-28 22:00","1981","11","28","22:00"," ","-30,90","","-36,00","","61,00","","35,00","","2,00","","16,10","","100,11","","","","-33,00","","Cristaux de glace"
"1981-11-28 23:00","1981","11","28","23:00"," ","-32,50","","-38,00","","58,00","","33,00","","7,00","","24,10","","100,08","","","","-40,00","","Cristaux de glace"
"1981-11-29 00:00","1981","11","29","00:00"," ","-31,60","","-36,50","","62,00","","33,00","","11,00","","24,10","","100,04","","","","-42,00","","Cristaux de glace"
"1981-11-29 01:00","1981","11","29","01:00"," ","-32,20","","-37,10","","62,00","","34,00","","17,00","","24,10","","100,04","","","","-45,00","","Cristaux de glace"
"1981-11-29 02:00","1981","11","29","02:00"," ","-32,20","","-37,10","","62,00","","36,00","","17,00","","16,10","","100,04","","","","-45,00","","Cristaux de glace"
"1981-11-29 03:00","1981","11","29","03:00"," ","-31,80","","-37,00","","60,00","","36,00","","15,00","","9,70","","100,01","","","","-44,00","","Cristaux de glace,Brouillard de glace"
"1981-11-29 04:00","1981","11","29","04:00"," ","-31,40","","-37,60","","54,00","","1,00","","17,00","","16,10","","99,98","","","","-44,00","","Cristaux de glace"
"1981-11-29 05:00","1981","11","29","05:00"," ","-32,50","","-37,30","","62,00","","35,00","","15,00","","16,10","","99,94","","","","-44,00","","Cristaux de glace"
"1981-11-29 06:00","1981","11","29","06:00"," ","-32,20","","-37,30","","61,00","","36,00","","17,00","","12,90","","99,94","","","","-45,00","","Cristaux de glace"
"1981-11-29 07:00","1981","11","29","07:00"," ","-32,10","","-37,60","","58,00","","33,00","","13,00","","16,10","","99,91","","","","-43,00","","Cristaux de glace"
"1981-11-29 08:00","1981","11","29","08:00"," ","-32,20","","-37,20","","61,00","","36,00","","2,00","","16,10","","99,91","","","","-35,00","","Cristaux de glace"
"1981-11-29 09:00","1981","11","29","09:00"," ","-31,30","","-35,70","","65,00","","26,00","","4,00","","19,30","","99,91","","","","-36,00","","Cristaux de glace"
"1981-11-29 10:00","1981","11","29","10:00"," ","-32,00","","-37,80","","56,00","","32,00","","9,00","","16,10","","99,88","","","","-41,00","","Cristaux de glace"
"1981-11-29 11:00","1981","11","29","11:00"," ","-32,90","","-38,10","","59,00","","35,00","","7,00","","16,10","","99,88","","","","-41,00","","Cristaux de glace"
"1981-11-29 12:00","1981","11","29","12:00"," ","-32,20","","-37,50","","59,00","","34,00","","13,00","","16,10","","99,88","","","","-43,00","","Cristaux de glace"
"1981-11-29 13:00","1981","11","29","13:00"," ","-31,40","","-37,60","","54,00","","31,00","","17,00","","16,10","","99,91","","","","-44,00","","Cristaux de glace"
"1981-11-29 14:00","1981","11","29","14:00"," ","-33,10","","-38,20","","60,00","","32,00","","13,00","","16,10","","99,91","","","","-44,00","","Cristaux de glace"
"1981-11-29 15:00","1981","11","29","15:00"," ","-33,60","","-38,20","","63,00","","31,00","","7,00","","16,10","","99,98","","","","-41,00","","Généralement dégagé"
"1981-11-29 16:00","1981","11","29","16:00"," ","-31,80","","-36,30","","64,00","","28,00","","9,00","","16,10","","99,98","","","","-41,00","","Généralement dégagé"
"1981-11-29 17:00","1981","11","29","17:00"," ","-31,90","","-37,40","","58,00","","35,00","","15,00","","24,10","","100,01","","","","-44,00","","Dégagé"
"1981-11-29 18:00","1981","11","29","18:00"," ","-33,50","","-38,90","","58,00","","34,00","","17,00","","16,10","","100,04","","","","-46,00","","Généralement dégagé"
"1981-11-29 19:00","1981","11","29","19:00"," ","-32,90","","-39,30","","53,00","","35,00","","13,00","","16,10","","100,04","","","","-44,00","","Généralement dégagé"
"1981-11-29 20:00","1981","11","29","20:00"," ","-30,70","","-35,70","","61,00","","36,00","","11,00","","24,10","","100,04","","","","-41,00","","Dégagé"
"1981-11-29 21:00","1981","11","29","21:00"," ","-31,50","","-36,10","","64,00","","2,00","","24,00","","24,10","","100,04","","","","-46,00","","Dégagé"
"1981-11-29 22:00","1981","11","29","22:00"," ","-32,30","","-37,40","","60,00","","34,00","","26,00","","24,10","","100,01","","","","-48,00","","Dégagé"
"1981-11-29 23:00","1981","11","29","23:00"," ","-30,70","","-36,00","","60,00","","35,00","","20,00","","24,10","","100,04","","","","-44,00","","Dégagé"
"1981-11-30 00:00","1981","11","30","00:00"," ","-30,50","","-38,00","","48,00","","31,00","","19,00","","12,90","","100,08","","","","-43,00","","Cristaux de glace"
"1981-11-30 01:00","1981","11","30","01:00"," ","-30,40","","-35,30","","62,00","","34,00","","15,00","","16,10","","100,08","","","","-42,00","","Cristaux de glace"
"1981-11-30 02:00","1981","11","30","02:00"," ","-30,40","","-35,20","","62,00","","31,00","","20,00","","16,10","","100,08","","","","-44,00","","Cristaux de glace"
"1981-11-30 03:00","1981","11","30","03:00"," ","-32,50","","-38,00","","58,00","","33,00","","19,00","","24,10","","100,11","","","","-46,00","","Cristaux de glace"
"1981-11-30 04:00","1981","11","30","04:00"," ","-31,80","","-36,80","","61,00","","35,00","","24,00","","16,10","","100,08","","","","-47,00","","Cristaux de glace"
"1981-11-30 05:00","1981","11","30","05:00"," ","-31,80","","-37,00","","60,00","","32,00","","19,00","","9,70","","100,04","","","","-45,00","","Cristaux de glace,Brouillard de glace"
"1981-11-30 06:00","1981","11","30","06:00"," ","-31,90","","-36,80","","62,00","","36,00","","13,00","","6,40","","100,04","","","","-43,00","","Cristaux de glace,Brouillard de glace"
"1981-11-30 07:00","1981","11","30","07:00"," ","-31,90","","-37,10","","60,00","","32,00","","9,00","","6,40","","100,04","","","","-41,00","","Cristaux de glace,Brouillard de glace"
"1981-11-30 08:00","1981","11","30","08:00"," ","-30,90","","-36,40","","58,00","","35,00","","17,00","","24,10","","100,04","","","","-43,00","","Cristaux de glace"
"1981-11-30 09:00","1981","11","30","09:00"," ","-32,20","","-36,10","","68,00","","30,00","","13,00","","24,10","","100,01","","","","-43,00","","Cristaux de glace"
"1981-11-30 10:00","1981","11","30","10:00"," ","-31,90","","-36,70","","62,00","","36,00","","20,00","","19,30","","99,98","","","","-45,00","","Cristaux de glace"
"1981-11-30 11:00","1981","11","30","11:00"," ","-30,70","","-36,80","","55,00","","32,00","","7,00","","19,30","","99,94","","","","-38,00","","Cristaux de glace"
"1981-11-30 12:00","1981","11","30","12:00"," ","-28,30","","-34,60","","54,00","","5,00","","26,00","","19,30","","99,94","","","","-43,00","","Cristaux de glace"
"1981-11-30 13:00","1981","11","30","13:00"," ","-29,20","","-33,80","","64,00","","30,00","","13,00","","24,10","","99,91","","","","-40,00","","Cristaux de glace"
"1981-11-30 14:00","1981","11","30","14:00"," ","-29,20","","-33,60","","66,00","","36,00","","15,00","","24,10","","99,91","","","","-40,00","","Cristaux de glace"
"1981-11-30 15:00","1981","11","30","15:00"," ","-28,20","","-32,90","","64,00","","6,00","","13,00","","24,10","","99,88","","","","-38,00","","Cristaux de glace"
"1981-11-30 16:00","1981","11","30","16:00"," ","-31,10","","-35,80","","63,00","","26,00","","6,00","","24,10","","99,88","","","","-38,00","","Cristaux de glace"
"1981-11-30 17:00","1981","11","30","17:00"," ","-31,10","","-36,50","","59,00","","0,00","","0,00","","24,10","","99,84","","","","","","Cristaux de glace"
"1981-11-30 18:00","1981","11","30","18:00"," ","-27,60","","-32,00","","66,00","","4,00","","20,00","","24,10","","99,81","","","","-40,00","","Cristaux de glace"
"1981-11-30 19:00","1981","11","30","19:00"," ","-28,40","","-33,00","","64,00","","6,00","","9,00","","24,10","","99,74","","","","-37,00","","Cristaux de glace"
"1981-11-30 20:00","1981","11","30","20:00"," ","-29,80","","-34,30","","65,00","","11,00","","4,00","","24,10","","99,71","","","","-34,00","","Cristaux de glace"
"1981-11-30 21:00","1981","11","30","21:00"," ","-30,70","","-35,10","","65,00","","0,00","","0,00","","24,10","","99,67","","","","","","Cristaux de glace"
"1981-11-30 22:00","1981","11","30","22:00"," ","-33,20","","-38,50","","59,00","","33,00","","7,00","","24,10","","99,67","","","","-41,00","","Cristaux de glace"
"1981-11-30 23:00","1981","11","30","23:00"," ","-32,20","","-38,10","","56,00","","0,00","","0,00","","24,10","","99,64","","","","","","Cristaux de glace"
