"Nom de la Station","LONDON INT'L AIRPORT"
"Province","ONTARIO"
"Latitude","43,03"
"Longitude","-81,15"
"Altitude","278,00"
"Identification Climat","6144475"
"Identification OMM","71623"
"Identification TC","YXU"
"Toutes les heures sont exprimées en heure normale locale (HNL). Pour convertir l'heure locale en heure avancée de l'Est (HAE), ajoutez 1 heure s'il y a lieu."

"Légende"
"M","Données Manquantes"
"E","Valeur Estimée"
"ND","Non Disponible"
"**","Données fournies par un partenaire, non assujetties à un révision par les Archives climatiques nationales du Canada"

"Date/Heure","Année","Mois","Jour","Heure","Qualité des Données","Temp (°C)","Temp Indicateur","Point de rosée (°C)","Point de rosée Indicateur","Hum. rel (%)","Hum. rel. Indicateur","Dir. du vent (10s deg)","Dir. du vent Indicateur","Vit. du vent (km/h)","Vit. du vent Indicateur","Visibilité (km)","Visibilité Indicateur","Pression à la station (kPa)","Pression à la station Indicateur","Hmdx","Hmdx Indicateur","Refroid. éolien","Refroid. éolien Indicateur","Temps"
"1957-06-01 00:00","1957","06","01","00:00"," ","17,20","","16,70","","97,00","","9,00","","6,00","","4,80","","98,47","","","","","","Averses de pluie,Brouillard"
"1957-06-01 01:00","1957","06","01","01:00"," ","16,70","","16,10","","97,00","","9,00","","6,00","","3,20","","98,42","","","","","","Brouillard"
"1957-06-01 02:00","1957","06","01","02:00"," ","16,70","","16,10","","97,00","","14,00","","5,00","","3,20","","98,38","","","","","","Averses de pluie,Brouillard"
"1957-06-01 03:00","1957","06","01","03:00"," ","16,70","","16,10","","97,00","","14,00","","3,00","","4,00","","98,37","","","","","","Brouillard"
"1957-06-01 04:00","1957","06","01","04:00"," ","16,10","","15,00","","93,00","","18,00","","13,00","","4,80","","98,38","","","","","","Brouillard"
"1957-06-01 05:00","1957","06","01","05:00"," ","15,60","","14,40","","93,00","","18,00","","6,00","","4,00","","98,38","","","","","","Brouillard"
"1957-06-01 06:00","1957","06","01","06:00"," ","15,60","","15,00","","97,00","","18,00","","6,00","","4,00","","98,36","","","","","","Brouillard"
"1957-06-01 07:00","1957","06","01","07:00"," ","15,60","","15,00","","97,00","","18,00","","10,00","","4,00","","98,35","","","","","","Brouillard"
"1957-06-01 08:00","1957","06","01","08:00"," ","16,70","","15,60","","93,00","","20,00","","13,00","","4,00","","98,31","","","","","","Brouillard"
"1957-06-01 09:00","1957","06","01","09:00"," ","17,80","","16,70","","93,00","","20,00","","13,00","","4,00","","98,30","","","","","","Brouillard"
"1957-06-01 10:00","1957","06","01","10:00"," ","19,40","","16,70","","84,00","","23,00","","16,00","","4,80","","98,29","","","","","","Brume sèche"
"1957-06-01 11:00","1957","06","01","11:00"," ","21,10","","17,20","","79,00","","23,00","","10,00","","6,40","","98,28","","27,00","","","","Brume sèche"
"1957-06-01 12:00","1957","06","01","12:00"," ","20,60","","17,20","","81,00","","23,00","","10,00","","6,40","","98,28","","26,00","","","","Brume sèche"
"1957-06-01 13:00","1957","06","01","13:00"," ","21,10","","17,20","","79,00","","18,00","","6,00","","4,80","","98,25","","27,00","","","","Averses de pluie,Brume sèche"
"1957-06-01 14:00","1957","06","01","14:00"," ","19,40","","18,30","","90,00","","18,00","","16,00","","6,40","","98,21","","","","","","Pluie"
"1957-06-01 15:00","1957","06","01","15:00"," ","18,90","","17,80","","93,00","","18,00","","6,00","","6,40","","98,15","","","","","","Pluie"
"1957-06-01 16:00","1957","06","01","16:00"," ","17,80","","17,20","","97,00","","32,00","","23,00","","4,00","","98,16","","","","","","Pluie"
"1957-06-01 17:00","1957","06","01","17:00"," ","15,00","","13,90","","93,00","","34,00","","29,00","","4,00","","98,18","","","","","","Averses de pluie"
"1957-06-01 18:00","1957","06","01","18:00"," ","12,80","","11,70","","93,00","","34,00","","35,00","","4,80","","98,23","","","","","","Averses de pluie,Brouillard"
"1957-06-01 19:00","1957","06","01","19:00"," ","12,20","","11,70","","96,00","","34,00","","19,00","","9,70","","98,28","","","","","","Brouillard"
"1957-06-01 20:00","1957","06","01","20:00"," ","12,20","","7,20","","71,00","","34,00","","19,00","","16,10","","98,32","","","","","","Généralement nuageux"
"1957-06-01 21:00","1957","06","01","21:00"," ","11,10","","4,40","","64,00","","34,00","","29,00","","24,10","","98,40","","","","","","Généralement dégagé"
"1957-06-01 22:00","1957","06","01","22:00"," ","10,00","","3,30","","63,00","","34,00","","23,00","","24,10","","98,48","","","","","","Généralement nuageux"
"1957-06-01 23:00","1957","06","01","23:00"," ","8,90","","2,80","","66,00","","34,00","","16,00","","25,00","","98,53","","","","","","Généralement dégagé"
"1957-06-02 00:00","1957","06","02","00:00"," ","7,80","","1,70","","65,00","","32,00","","26,00","","25,00","","98,54","","","","","","Généralement dégagé"
"1957-06-02 01:00","1957","06","02","01:00"," ","7,20","","1,70","","86,00","","32,00","","26,00","","25,00","","98,55","","","","","","Dégagé"
"1957-06-02 02:00","1957","06","02","02:00"," ","6,70","","1,10","","68,00","","32,00","","23,00","","25,00","","98,55","","","","","","Dégagé"
"1957-06-02 03:00","1957","06","02","03:00"," ","5,60","","3,30","","86,00","","29,00","","23,00","","25,00","","98,56","","","","","","Dégagé"
"1957-06-02 04:00","1957","06","02","04:00"," ","4,40","","2,80","","89,00","","29,00","","16,00","","25,00","","98,61","","","","","","Généralement dégagé"
"1957-06-02 05:00","1957","06","02","05:00"," ","5,00","","2,20","","82,00","","32,00","","13,00","","25,00","","98,67","","","","","","Généralement nuageux"
"1957-06-02 06:00","1957","06","02","06:00"," ","5,60","","2,80","","82,00","","34,00","","16,00","","25,00","","98,72","","","","","","Généralement nuageux"
"1957-06-02 07:00","1957","06","02","07:00"," ","6,10","","3,30","","82,00","","34,00","","19,00","","25,00","","98,76","","","","","","Généralement nuageux"
"1957-06-02 08:00","1957","06","02","08:00"," ","10,00","","4,40","","68,00","","36,00","","26,00","","25,00","","98,86","","","","","","Généralement nuageux"
"1957-06-02 09:00","1957","06","02","09:00"," ","12,20","","4,40","","59,00","","36,00","","32,00","","25,00","","98,90","","","","","","Généralement nuageux"
"1957-06-02 10:00","1957","06","02","10:00"," ","13,30","","3,90","","53,00","","36,00","","26,00","","25,00","","98,94","","","","","","Généralement nuageux"
"1957-06-02 11:00","1957","06","02","11:00"," ","15,00","","3,90","","47,00","","2,00","","16,00","","25,00","","98,92","","","","","","Généralement nuageux"
"1957-06-02 12:00","1957","06","02","12:00"," ","15,60","","3,90","","46,00","","36,00","","19,00","","25,00","","98,93","","","","","","Généralement nuageux"
"1957-06-02 13:00","1957","06","02","13:00"," ","17,20","","5,00","","44,00","","36,00","","23,00","","25,00","","98,92","","","","","","Généralement dégagé"
"1957-06-02 14:00","1957","06","02","14:00"," ","16,70","","2,20","","38,00","","36,00","","23,00","","25,00","","98,83","","","","","","Généralement dégagé"
"1957-06-02 15:00","1957","06","02","15:00"," ","17,80","","5,00","","43,00","","2,00","","24,00","","25,00","","98,83","","","","","","Généralement dégagé"
"1957-06-02 16:00","1957","06","02","16:00"," ","16,70","","5,00","","46,00","","36,00","","16,00","","25,00","","98,90","","","","","","Généralement dégagé"
"1957-06-02 17:00","1957","06","02","17:00"," ","17,20","","5,00","","44,00","","34,00","","23,00","","25,00","","98,90","","","","","","Généralement dégagé"
"1957-06-02 18:00","1957","06","02","18:00"," ","16,10","","3,30","","42,00","","34,00","","13,00","","25,00","","98,88","","","","","","Généralement dégagé"
"1957-06-02 19:00","1957","06","02","19:00"," ","15,60","","4,40","","48,00","","36,00","","24,00","","25,00","","98,93","","","","","","Généralement dégagé"
"1957-06-02 20:00","1957","06","02","20:00"," ","13,30","","5,60","","59,00","","36,00","","13,00","","25,00","","98,93","","","","","","Généralement dégagé"
"1957-06-02 21:00","1957","06","02","21:00"," ","11,10","","5,00","","66,00","","36,00","","16,00","","25,00","","98,95","","","","","","Généralement dégagé"
"1957-06-02 22:00","1957","06","02","22:00"," ","9,40","","5,00","","74,00","","36,00","","16,00","","25,00","","99,00","","","","","","Généralement dégagé"
"1957-06-02 23:00","1957","06","02","23:00"," ","8,30","","5,60","","83,00","","36,00","","13,00","","25,00","","99,00","","","","","","Généralement dégagé"
"1957-06-03 00:00","1957","06","03","00:00"," ","7,20","","4,40","","82,00","","2,00","","13,00","","25,00","","99,00","","","","","","Généralement dégagé"
"1957-06-03 01:00","1957","06","03","01:00"," ","6,70","","3,90","","82,00","","5,00","","6,00","","25,00","","99,00","","","","","","Dégagé"
"1957-06-03 02:00","1957","06","03","02:00"," ","6,10","","3,30","","82,00","","5,00","","6,00","","25,00","","98,98","","","","","","Dégagé"
"1957-06-03 03:00","1957","06","03","03:00"," ","5,60","","2,80","","82,00","","5,00","","10,00","","25,00","","98,98","","","","","","Dégagé"
"1957-06-03 04:00","1957","06","03","04:00"," ","6,10","","3,90","","86,00","","5,00","","10,00","","25,00","","98,98","","","","","","Généralement dégagé"
"1957-06-03 05:00","1957","06","03","05:00"," ","6,70","","4,40","","86,00","","9,00","","6,00","","25,00","","98,98","","","","","","Généralement dégagé"
"1957-06-03 06:00","1957","06","03","06:00"," ","7,20","","4,40","","82,00","","9,00","","10,00","","16,10","","98,98","","","","","","Généralement dégagé"
"1957-06-03 07:00","1957","06","03","07:00"," ","8,90","","5,00","","77,00","","9,00","","13,00","","16,10","","98,98","","","","","","Généralement dégagé"
"1957-06-03 08:00","1957","06","03","08:00"," ","12,80","","5,60","","61,00","","9,00","","13,00","","19,30","","99,02","","","","","","Généralement dégagé"
"1957-06-03 09:00","1957","06","03","09:00"," ","13,90","","6,70","","62,00","","11,00","","6,00","","19,30","","98,98","","","","","","Généralement dégagé"
"1957-06-03 10:00","1957","06","03","10:00"," ","16,10","","7,80","","58,00","","9,00","","6,00","","19,30","","99,04","","","","","","Généralement dégagé"
"1957-06-03 11:00","1957","06","03","11:00"," ","16,10","","5,60","","50,00","","18,00","","3,00","","19,30","","98,91","","","","","","Généralement dégagé"
"1957-06-03 12:00","1957","06","03","12:00"," ","16,70","","5,00","","46,00","","32,00","","6,00","","19,30","","98,91","","","","","","Généralement dégagé"
"1957-06-03 13:00","1957","06","03","13:00"," ","17,80","","6,70","","48,00","","0,00","","0,00","","19,30","","98,89","","","","","","Généralement dégagé"
"1957-06-03 14:00","1957","06","03","14:00"," ","18,30","","5,60","","43,00","","5,00","","10,00","","19,30","","98,78","","","","","","Généralement dégagé"
"1957-06-03 15:00","1957","06","03","15:00"," ","19,40","","5,00","","39,00","","14,00","","3,00","","24,10","","98,72","","","","","","Généralement dégagé"
"1957-06-03 16:00","1957","06","03","16:00"," ","20,00","","6,70","","42,00","","18,00","","19,00","","25,00","","98,64","","","","","","Dégagé"
"1957-06-03 17:00","1957","06","03","17:00"," ","20,00","","7,20","","44,00","","18,00","","10,00","","25,00","","98,59","","","","","","Dégagé"
"1957-06-03 18:00","1957","06","03","18:00"," ","20,00","","10,00","","53,00","","18,00","","10,00","","25,00","","98,57","","","","","","Dégagé"
"1957-06-03 19:00","1957","06","03","19:00"," ","18,30","","10,00","","58,00","","18,00","","10,00","","25,00","","98,58","","","","","","Généralement dégagé"
"1957-06-03 20:00","1957","06","03","20:00"," ","16,10","","9,40","","65,00","","20,00","","10,00","","25,00","","98,59","","","","","","Généralement dégagé"
"1957-06-03 21:00","1957","06","03","21:00"," ","13,90","","8,90","","72,00","","18,00","","6,00","","25,00","","98,64","","","","","","Généralement dégagé"
"1957-06-03 22:00","1957","06","03","22:00"," ","13,30","","7,20","","66,00","","20,00","","13,00","","24,10","","98,66","","","","","","Généralement dégagé"
"1957-06-03 23:00","1957","06","03","23:00"," ","12,20","","7,20","","71,00","","23,00","","6,00","","24,10","","98,66","","","","","","Généralement dégagé"
"1957-06-04 00:00","1957","06","04","00:00"," ","11,70","","7,20","","74,00","","20,00","","3,00","","24,10","","98,64","","","","","","Dégagé"
"1957-06-04 01:00","1957","06","04","01:00"," ","11,70","","6,70","","71,00","","20,00","","6,00","","24,10","","98,63","","","","","","Dégagé"
"1957-06-04 02:00","1957","06","04","02:00"," ","11,10","","6,70","","74,00","","0,00","","0,00","","24,10","","98,60","","","","","","Dégagé"
"1957-06-04 03:00","1957","06","04","03:00"," ","9,40","","7,20","","86,00","","0,00","","0,00","","24,10","","98,56","","","","","","Dégagé"
"1957-06-04 04:00","1957","06","04","04:00"," ","9,40","","7,20","","86,00","","0,00","","0,00","","24,10","","98,56","","","","","","Dégagé"
"1957-06-04 05:00","1957","06","04","05:00"," ","7,80","","6,10","","89,00","","0,00","","0,00","","24,10","","98,58","","","","","","Généralement dégagé"
"1957-06-04 06:00","1957","06","04","06:00"," ","10,00","","7,80","","86,00","","0,00","","0,00","","19,30","","98,61","","","","","","Généralement dégagé"
"1957-06-04 07:00","1957","06","04","07:00"," ","12,80","","8,30","","74,00","","27,00","","6,00","","9,70","","98,67","","","","","","Brume sèche"
"1957-06-04 08:00","1957","06","04","08:00"," ","16,10","","10,00","","67,00","","32,00","","6,00","","16,10","","98,67","","","","","","Généralement dégagé"
"1957-06-04 09:00","1957","06","04","09:00"," ","19,40","","10,00","","54,00","","9,00","","3,00","","16,10","","98,66","","","","","","Généralement dégagé"
"1957-06-04 10:00","1957","06","04","10:00"," ","20,60","","9,40","","49,00","","32,00","","6,00","","16,10","","98,65","","","","","","Généralement dégagé"
"1957-06-04 11:00","1957","06","04","11:00"," ","21,70","","10,00","","48,00","","32,00","","3,00","","16,10","","98,65","","","","","","Généralement dégagé"
"1957-06-04 12:00","1957","06","04","12:00"," ","22,80","","10,60","","46,00","","20,00","","10,00","","19,30","","98,62","","","","","","Généralement dégagé"
"1957-06-04 13:00","1957","06","04","13:00"," ","22,80","","11,10","","42,00","","23,00","","10,00","","19,30","","98,60","","25,00","","","","Généralement dégagé"
"1957-06-04 14:00","1957","06","04","14:00"," ","23,90","","11,10","","45,00","","25,00","","13,00","","19,30","","98,54","","26,00","","","","Généralement dégagé"
"1957-06-04 15:00","1957","06","04","15:00"," ","23,90","","11,10","","45,00","","25,00","","13,00","","25,00","","98,50","","26,00","","","","Généralement nuageux"
"1957-06-04 16:00","1957","06","04","16:00"," ","23,30","","12,20","","50,00","","23,00","","10,00","","25,00","","98,49","","26,00","","","","Généralement nuageux"
"1957-06-04 17:00","1957","06","04","17:00"," ","22,80","","10,00","","44,00","","23,00","","6,00","","25,00","","98,45","","","","","","Généralement dégagé"
"1957-06-04 18:00","1957","06","04","18:00"," ","21,70","","10,60","","49,00","","18,00","","6,00","","25,00","","98,43","","","","","","Généralement nuageux"
"1957-06-04 19:00","1957","06","04","19:00"," ","21,10","","11,10","","53,00","","18,00","","3,00","","25,00","","98,44","","","","","","Généralement nuageux"
"1957-06-04 20:00","1957","06","04","20:00"," ","20,00","","10,00","","53,00","","18,00","","3,00","","25,00","","98,49","","","","","","Généralement nuageux"
"1957-06-04 21:00","1957","06","04","21:00"," ","18,30","","11,70","","65,00","","18,00","","6,00","","25,00","","98,55","","","","","","Nuageux"
"1957-06-04 22:00","1957","06","04","22:00"," ","16,70","","12,80","","78,00","","18,00","","6,00","","25,00","","98,51","","","","","","Généralement dégagé"
"1957-06-04 23:00","1957","06","04","23:00"," ","16,10","","10,60","","70,00","","18,00","","6,00","","25,00","","98,49","","","","","","Généralement dégagé"
"1957-06-05 00:00","1957","06","05","00:00"," ","14,40","","11,70","","84,00","","5,00","","10,00","","24,10","","98,47","","","","","","Généralement dégagé"
"1957-06-05 01:00","1957","06","05","01:00"," ","13,90","","11,70","","87,00","","5,00","","10,00","","16,10","","98,46","","","","","","Généralement dégagé"
"1957-06-05 02:00","1957","06","05","02:00"," ","13,90","","11,10","","83,00","","9,00","","10,00","","12,90","","98,45","","","","","","Généralement nuageux"
"1957-06-05 03:00","1957","06","05","03:00"," ","12,80","","11,70","","93,00","","9,00","","10,00","","12,90","","98,45","","","","","","Généralement nuageux"
"1957-06-05 04:00","1957","06","05","04:00"," ","12,80","","11,10","","90,00","","9,00","","6,00","","11,30","","98,41","","","","","","Généralement dégagé"
"1957-06-05 05:00","1957","06","05","05:00"," ","12,20","","10,60","","90,00","","9,00","","6,00","","4,80","","98,33","","","","","","Brouillard"
"1957-06-05 06:00","1957","06","05","06:00"," ","12,80","","11,10","","90,00","","0,00","","0,00","","4,80","","98,33","","","","","","Brouillard"
"1957-06-05 07:00","1957","06","05","07:00"," ","12,20","","11,10","","83,00","","14,00","","6,00","","6,40","","98,35","","","","","","Brume sèche"
"1957-06-05 08:00","1957","06","05","08:00"," ","17,80","","11,10","","65,00","","14,00","","6,00","","8,00","","98,36","","","","","","Brume sèche"
"1957-06-05 09:00","1957","06","05","09:00"," ","19,40","","10,00","","54,00","","23,00","","6,00","","11,30","","98,34","","","","","","Généralement dégagé"
"1957-06-05 10:00","1957","06","05","10:00"," ","21,10","","7,80","","42,00","","14,00","","3,00","","12,90","","98,26","","","","","","Généralement dégagé"
"1957-06-05 11:00","1957","06","05","11:00"," ","22,80","","10,00","","44,00","","23,00","","13,00","","12,90","","98,24","","","","","","Généralement dégagé"
"1957-06-05 12:00","1957","06","05","12:00"," ","23,30","","11,70","","48,00","","32,00","","13,00","","16,10","","98,16","","25,00","","","","Généralement dégagé"
"1957-06-05 13:00","1957","06","05","13:00"," ","23,90","","12,20","","48,00","","29,00","","10,00","","16,10","","98,14","","26,00","","","","Généralement dégagé"
"1957-06-05 14:00","1957","06","05","14:00"," ","24,40","","12,20","","47,00","","32,00","","19,00","","16,10","","98,07","","27,00","","","","Généralement dégagé"
"1957-06-05 15:00","1957","06","05","15:00"," ","24,40","","12,20","","47,00","","29,00","","13,00","","24,10","","98,02","","27,00","","","","Généralement nuageux"
"1957-06-05 16:00","1957","06","05","16:00"," ","23,90","","10,00","","42,00","","29,00","","6,00","","24,10","","97,98","","25,00","","","","Généralement nuageux"
"1957-06-05 17:00","1957","06","05","17:00"," ","23,90","","12,20","","48,00","","32,00","","10,00","","19,30","","97,96","","26,00","","","","Généralement nuageux"
"1957-06-05 18:00","1957","06","05","18:00"," ","22,20","","13,30","","57,00","","34,00","","10,00","","16,10","","97,96","","25,00","","","","Généralement nuageux"
"1957-06-05 19:00","1957","06","05","19:00"," ","21,70","","13,90","","61,00","","36,00","","10,00","","16,10","","97,97","","25,00","","","","Généralement nuageux"
"1957-06-05 20:00","1957","06","05","20:00"," ","17,80","","11,70","","68,00","","7,00","","13,00","","12,90","","97,99","","","","","","Généralement nuageux"
"1957-06-05 21:00","1957","06","05","21:00"," ","16,10","","11,70","","75,00","","9,00","","13,00","","12,90","","98,03","","","","","","Généralement nuageux"
"1957-06-05 22:00","1957","06","05","22:00"," ","15,60","","11,10","","70,00","","7,00","","6,00","","12,90","","98,04","","","","","","Généralement nuageux"
"1957-06-05 23:00","1957","06","05","23:00"," ","15,00","","9,40","","69,00","","5,00","","6,00","","16,10","","98,01","","","","","","Nuageux"
"1957-06-06 00:00","1957","06","06","00:00"," ","14,40","","10,60","","78,00","","9,00","","10,00","","16,10","","97,98","","","","","","Averses de pluie"
"1957-06-06 01:00","1957","06","06","01:00"," ","13,90","","11,10","","83,00","","9,00","","6,00","","16,10","","97,95","","","","","","Nuageux"
"1957-06-06 02:00","1957","06","06","02:00"," ","13,90","","10,60","","80,00","","9,00","","13,00","","16,10","","97,84","","","","","","Nuageux"
"1957-06-06 03:00","1957","06","06","03:00"," ","13,30","","10,60","","83,00","","9,00","","13,00","","16,10","","97,81","","","","","","Nuageux"
"1957-06-06 04:00","1957","06","06","04:00"," ","12,80","","9,40","","80,00","","7,00","","19,00","","16,10","","97,80","","","","","","Généralement nuageux"
"1957-06-06 05:00","1957","06","06","05:00"," ","13,90","","10,00","","77,00","","7,00","","19,00","","9,70","","97,80","","","","","","Brume sèche"
"1957-06-06 06:00","1957","06","06","06:00"," ","13,90","","10,00","","77,00","","9,00","","13,00","","11,30","","97,81","","","","","","Généralement nuageux"
"1957-06-06 07:00","1957","06","06","07:00"," ","13,90","","10,60","","80,00","","9,00","","13,00","","11,30","","97,74","","","","","","Généralement nuageux"
"1957-06-06 08:00","1957","06","06","08:00"," ","15,60","","10,60","","72,00","","11,00","","26,00","","8,00","","97,81","","","","","","Brume sèche"
"1957-06-06 09:00","1957","06","06","09:00"," ","17,20","","11,10","","67,00","","11,00","","23,00","","8,00","","97,78","","","","","","Brume sèche"
"1957-06-06 10:00","1957","06","06","10:00"," ","19,40","","13,30","","68,00","","9,00","","13,00","","9,70","","97,72","","","","","","Brume sèche"
"1957-06-06 11:00","1957","06","06","11:00"," ","21,10","","12,80","","59,00","","16,00","","13,00","","9,70","","97,63","","","","","","Brume sèche"
"1957-06-06 12:00","1957","06","06","12:00"," ","23,30","","13,30","","54,00","","16,00","","23,00","","9,70","","97,54","","26,00","","","","Brume sèche"
"1957-06-06 13:00","1957","06","06","13:00"," ","22,80","","14,40","","59,00","","18,00","","23,00","","9,70","","97,51","","26,00","","","","Brume sèche"
"1957-06-06 14:00","1957","06","06","14:00"," ","22,80","","12,20","","51,00","","23,00","","13,00","","9,70","","97,42","","25,00","","","","Brume sèche"
"1957-06-06 15:00","1957","06","06","15:00"," ","22,80","","13,30","","55,00","","23,00","","13,00","","9,70","","97,32","","26,00","","","","Brume sèche"
"1957-06-06 16:00","1957","06","06","16:00"," ","23,30","","13,90","","56,00","","23,00","","23,00","","9,70","","97,22","","27,00","","","","Brume sèche"
"1957-06-06 17:00","1957","06","06","17:00"," ","22,80","","13,90","","57,00","","20,00","","13,00","","8,00","","97,19","","26,00","","","","Brume sèche"
"1957-06-06 18:00","1957","06","06","18:00"," ","21,10","","","","","","25,00","","6,00","","6,40","","97,20","","","","","","Brume sèche"
"1957-06-06 19:00","1957","06","06","19:00"," ","20,00","","17,20","","84,00","","25,00","","3,00","","6,40","","97,20","","25,00","","","","Brouillard"
"1957-06-06 20:00","1957","06","06","20:00"," ","19,40","","16,70","","84,00","","0,00","","0,00","","4,80","","97,21","","","","","","Brouillard"
"1957-06-06 21:00","1957","06","06","21:00"," ","17,80","","16,70","","93,00","","27,00","","3,00","","4,00","","97,23","","","","","","Brouillard"
"1957-06-06 22:00","1957","06","06","22:00"," ","16,10","","13,90","","87,00","","34,00","","19,00","","4,00","","97,38","","","","","","Brouillard"
"1957-06-06 23:00","1957","06","06","23:00"," ","15,00","","12,20","","84,00","","36,00","","13,00","","4,80","","97,39","","","","","","Brouillard"
"1957-06-07 00:00","1957","06","07","00:00"," ","14,40","","11,70","","84,00","","34,00","","16,00","","4,80","","97,44","","","","","","Brouillard"
"1957-06-07 01:00","1957","06","07","01:00"," ","13,30","","11,10","","86,00","","32,00","","19,00","","6,40","","97,44","","","","","","Brouillard"
"1957-06-07 02:00","1957","06","07","02:00"," ","12,80","","10,60","","76,00","","32,00","","13,00","","6,40","","97,45","","","","","","Brouillard"
"1957-06-07 03:00","1957","06","07","03:00"," ","10,60","","8,90","","89,00","","32,00","","13,00","","6,40","","97,48","","","","","","Brouillard"
"1957-06-07 04:00","1957","06","07","04:00"," ","10,00","","8,90","","93,00","","32,00","","16,00","","8,00","","97,55","","","","","","Brouillard"
"1957-06-07 05:00","1957","06","07","05:00"," ","10,00","","7,80","","86,00","","32,00","","19,00","","16,10","","97,62","","","","","","Généralement nuageux"
"1957-06-07 06:00","1957","06","07","06:00"," ","9,40","","6,70","","83,00","","32,00","","26,00","","16,10","","97,78","","","","","","Nuageux"
"1957-06-07 07:00","1957","06","07","07:00"," ","9,40","","6,70","","83,00","","36,00","","23,00","","16,10","","97,85","","","","","","Nuageux"
"1957-06-07 08:00","1957","06","07","08:00"," ","10,60","","6,10","","74,00","","34,00","","23,00","","19,30","","97,94","","","","","","Généralement nuageux"
"1957-06-07 09:00","1957","06","07","09:00"," ","11,10","","6,70","","74,00","","34,00","","23,00","","25,00","","98,04","","","","","","Nuageux"
"1957-06-07 10:00","1957","06","07","10:00"," ","11,70","","5,60","","66,00","","34,00","","13,00","","25,00","","98,12","","","","","","Nuageux"
"1957-06-07 11:00","1957","06","07","11:00"," ","12,20","","5,60","","64,00","","32,00","","23,00","","25,00","","98,12","","","","","","Nuageux"
"1957-06-07 12:00","1957","06","07","12:00"," ","12,20","","5,60","","64,00","","32,00","","19,00","","25,00","","98,14","","","","","","Nuageux"
"1957-06-07 13:00","1957","06","07","13:00"," ","12,80","","6,70","","66,00","","36,00","","16,00","","25,00","","98,26","","","","","","Nuageux"
"1957-06-07 14:00","1957","06","07","14:00"," ","13,30","","6,10","","62,00","","32,00","","16,00","","25,00","","98,19","","","","","","Nuageux"
"1957-06-07 15:00","1957","06","07","15:00"," ","14,40","","7,80","","64,00","","36,00","","13,00","","24,10","","98,14","","","","","","Nuageux"
"1957-06-07 16:00","1957","06","07","16:00"," ","15,00","","7,20","","60,00","","36,00","","10,00","","25,00","","98,14","","","","","","Généralement nuageux"
"1957-06-07 17:00","1957","06","07","17:00"," ","15,60","","7,80","","60,00","","36,00","","19,00","","24,10","","98,18","","","","","","Généralement nuageux"
"1957-06-07 18:00","1957","06","07","18:00"," ","15,60","","7,80","","60,00","","5,00","","10,00","","24,10","","98,18","","","","","","Généralement nuageux"
"1957-06-07 19:00","1957","06","07","19:00"," ","16,10","","7,80","","58,00","","32,00","","6,00","","24,10","","98,20","","","","","","Généralement dégagé"
"1957-06-07 20:00","1957","06","07","20:00"," ","12,20","","8,90","","80,00","","29,00","","13,00","","19,30","","98,26","","","","","","Généralement dégagé"
"1957-06-07 21:00","1957","06","07","21:00"," ","11,10","","8,30","","83,00","","32,00","","10,00","","19,30","","98,28","","","","","","Généralement dégagé"
"1957-06-07 22:00","1957","06","07","22:00"," ","9,40","","7,80","","89,00","","32,00","","6,00","","16,10","","98,35","","","","","","Dégagé"
"1957-06-07 23:00","1957","06","07","23:00"," ","8,90","","7,80","","93,00","","36,00","","6,00","","16,10","","98,38","","","","","","Dégagé"
"1957-06-08 00:00","1957","06","08","00:00"," ","7,20","","5,00","","86,00","","9,00","","13,00","","16,10","","98,38","","","","","","Dégagé"
"1957-06-08 01:00","1957","06","08","01:00"," ","7,20","","6,10","","93,00","","9,00","","6,00","","16,10","","98,40","","","","","","Dégagé"
"1957-06-08 02:00","1957","06","08","02:00"," ","7,20","","6,70","","96,00","","5,00","","10,00","","6,40","","98,41","","","","","","Brouillard"
"1957-06-08 03:00","1957","06","08","03:00"," ","7,20","","6,70","","96,00","","5,00","","13,00","","8,00","","98,43","","","","","","Brouillard"
"1957-06-08 04:00","1957","06","08","04:00"," ","6,70","","5,60","","93,00","","5,00","","16,00","","12,90","","98,44","","","","","","Généralement dégagé"
"1957-06-08 05:00","1957","06","08","05:00"," ","7,20","","5,00","","86,00","","5,00","","16,00","","16,10","","98,51","","","","","","Généralement dégagé"
"1957-06-08 06:00","1957","06","08","06:00"," ","8,30","","6,70","","89,00","","9,00","","16,00","","16,10","","98,55","","","","","","Généralement nuageux"
"1957-06-08 07:00","1957","06","08","07:00"," ","9,40","","7,20","","86,00","","9,00","","23,00","","16,10","","98,55","","","","","","Généralement nuageux"
"1957-06-08 08:00","1957","06","08","08:00"," ","12,20","","8,30","","77,00","","9,00","","23,00","","16,10","","98,58","","","","","","Généralement nuageux"
"1957-06-08 09:00","1957","06","08","09:00"," ","13,30","","7,80","","69,00","","9,00","","23,00","","24,10","","98,58","","","","","","Généralement nuageux"
"1957-06-08 10:00","1957","06","08","10:00"," ","15,60","","7,20","","58,00","","7,00","","19,00","","25,00","","98,60","","","","","","Généralement nuageux"
"1957-06-08 11:00","1957","06","08","11:00"," ","16,10","","6,10","","51,00","","9,00","","19,00","","25,00","","98,60","","","","","","Généralement nuageux"
"1957-06-08 12:00","1957","06","08","12:00"," ","17,80","","6,70","","48,00","","9,00","","23,00","","25,00","","98,57","","","","","","Généralement nuageux"
"1957-06-08 13:00","1957","06","08","13:00"," ","17,80","","6,10","","46,00","","9,00","","16,00","","25,00","","98,57","","","","","","Généralement nuageux"
"1957-06-08 14:00","1957","06","08","14:00"," ","18,30","","5,00","","41,00","","9,00","","26,00","","25,00","","98,55","","","","","","Généralement nuageux"
"1957-06-08 15:00","1957","06","08","15:00"," ","19,40","","6,70","","43,00","","11,00","","19,00","","25,00","","98,48","","","","","","Généralement nuageux"
"1957-06-08 16:00","1957","06","08","16:00"," ","17,80","","6,70","","48,00","","7,00","","23,00","","25,00","","98,52","","","","","","Généralement nuageux"
"1957-06-08 17:00","1957","06","08","17:00"," ","18,30","","7,20","","48,00","","7,00","","19,00","","25,00","","98,50","","","","","","Généralement nuageux"
"1957-06-08 18:00","1957","06","08","18:00"," ","17,80","","8,30","","54,00","","7,00","","16,00","","25,00","","98,52","","","","","","Généralement dégagé"
"1957-06-08 19:00","1957","06","08","19:00"," ","17,20","","6,70","","50,00","","7,00","","23,00","","25,00","","98,54","","","","","","Généralement dégagé"
"1957-06-08 20:00","1957","06","08","20:00"," ","14,40","","7,20","","62,00","","9,00","","19,00","","19,30","","98,56","","","","","","Dégagé"
"1957-06-08 21:00","1957","06","08","21:00"," ","12,20","","5,00","","61,00","","7,00","","16,00","","19,30","","98,57","","","","","","Dégagé"
"1957-06-08 22:00","1957","06","08","22:00"," ","10,60","","5,00","","68,00","","7,00","","16,00","","19,30","","98,58","","","","","","Dégagé"
"1957-06-08 23:00","1957","06","08","23:00"," ","10,00","","4,40","","68,00","","9,00","","13,00","","19,30","","98,63","","","","","","Dégagé"
"1957-06-09 00:00","1957","06","09","00:00"," ","9,40","","5,00","","74,00","","9,00","","16,00","","19,30","","98,62","","","","","","Dégagé"
"1957-06-09 01:00","1957","06","09","01:00"," ","9,40","","5,00","","74,00","","9,00","","16,00","","24,10","","98,63","","","","","","Dégagé"
"1957-06-09 02:00","1957","06","09","02:00"," ","9,40","","4,40","","71,00","","9,00","","13,00","","24,10","","98,64","","","","","","Dégagé"
"1957-06-09 03:00","1957","06","09","03:00"," ","7,80","","5,00","","82,00","","9,00","","16,00","","19,30","","98,61","","","","","","Dégagé"
"1957-06-09 04:00","1957","06","09","04:00"," ","7,20","","5,60","","89,00","","7,00","","13,00","","12,90","","98,63","","","","","","Dégagé"
"1957-06-09 05:00","1957","06","09","05:00"," ","8,30","","6,70","","89,00","","9,00","","16,00","","8,00","","98,63","","","","","","Brume sèche"
"1957-06-09 06:00","1957","06","09","06:00"," ","10,00","","7,20","","83,00","","9,00","","23,00","","6,40","","98,63","","","","","","Brume sèche"
"1957-06-09 07:00","1957","06","09","07:00"," ","11,70","","7,80","","77,00","","9,00","","23,00","","8,00","","98,63","","","","","","Brume sèche"
"1957-06-09 08:00","1957","06","09","08:00"," ","14,40","","6,70","","60,00","","11,00","","32,00","","16,10","","98,62","","","","","","Dégagé"
"1957-06-09 09:00","1957","06","09","09:00"," ","16,10","","7,80","","58,00","","11,00","","32,00","","24,10","","98,60","","","","","","Dégagé"
"1957-06-09 10:00","1957","06","09","10:00"," ","17,80","","8,90","","56,00","","11,00","","32,00","","24,10","","98,58","","","","","","Dégagé"
"1957-06-09 11:00","1957","06","09","11:00"," ","18,90","","9,40","","54,00","","11,00","","26,00","","24,10","","98,57","","","","","","Dégagé"
"1957-06-09 12:00","1957","06","09","12:00"," ","19,40","","8,90","","50,00","","11,00","","26,00","","25,00","","98,53","","","","","","Dégagé"
"1957-06-09 13:00","1957","06","09","13:00"," ","20,60","","9,40","","49,00","","14,00","","29,00","","25,00","","98,51","","","","","","Généralement dégagé"
"1957-06-09 14:00","1957","06","09","14:00"," ","21,10","","10,60","","51,00","","11,00","","29,00","","25,00","","98,41","","","","","","Généralement dégagé"
"1957-06-09 15:00","1957","06","09","15:00"," ","22,20","","11,70","","51,00","","16,00","","32,00","","25,00","","98,38","","","","","","Généralement dégagé"
"1957-06-09 16:00","1957","06","09","16:00"," ","21,10","","13,30","","61,00","","16,00","","32,00","","24,10","","98,34","","","","","","Généralement nuageux"
"1957-06-09 17:00","1957","06","09","17:00"," ","20,60","","12,80","","59,00","","16,00","","24,00","","19,30","","98,35","","","","","","Généralement nuageux"
"1957-06-09 18:00","1957","06","09","18:00"," ","20,00","","13,30","","66,00","","20,00","","13,00","","19,30","","98,33","","","","","","Généralement nuageux"
"1957-06-09 19:00","1957","06","09","19:00"," ","20,00","","13,30","","66,00","","18,00","","6,00","","19,30","","98,34","","","","","","Nuageux"
"1957-06-09 20:00","1957","06","09","20:00"," ","18,90","","13,90","","73,00","","0,00","","0,00","","16,10","","98,34","","","","","","Nuageux"
"1957-06-09 21:00","1957","06","09","21:00"," ","18,90","","13,90","","73,00","","11,00","","16,00","","16,10","","98,35","","","","","","Nuageux"
"1957-06-09 22:00","1957","06","09","22:00"," ","18,30","","14,40","","78,00","","9,00","","23,00","","12,90","","98,41","","","","","","Nuageux"
"1957-06-09 23:00","1957","06","09","23:00"," ","17,20","","12,80","","75,00","","14,00","","16,00","","12,90","","98,43","","","","","","Nuageux"
"1957-06-10 00:00","1957","06","10","00:00"," ","17,20","","12,80","","75,00","","14,00","","10,00","","16,10","","98,43","","","","","","Généralement nuageux"
"1957-06-10 01:00","1957","06","10","01:00"," ","17,80","","12,80","","73,00","","14,00","","13,00","","16,10","","98,43","","","","","","Généralement nuageux"
"1957-06-10 02:00","1957","06","10","02:00"," ","13,90","","8,90","","72,00","","14,00","","16,00","","19,30","","98,39","","","","","","Généralement dégagé"
"1957-06-10 03:00","1957","06","10","03:00"," ","16,10","","11,70","","75,00","","18,00","","13,00","","16,10","","98,37","","","","","","Nuageux"
"1957-06-10 04:00","1957","06","10","04:00"," ","13,90","","11,70","","87,00","","14,00","","10,00","","8,00","","98,34","","","","","","Brume sèche"
"1957-06-10 05:00","1957","06","10","05:00"," ","14,40","","12,20","","87,00","","14,00","","6,00","","8,00","","98,39","","","","","","Brume sèche"
"1957-06-10 06:00","1957","06","10","06:00"," ","15,60","","12,20","","81,00","","14,00","","13,00","","6,40","","98,41","","","","","","Brume sèche"
"1957-06-10 07:00","1957","06","10","07:00"," ","15,60","","12,80","","84,00","","16,00","","13,00","","6,40","","98,47","","","","","","Brume sèche"
"1957-06-10 08:00","1957","06","10","08:00"," ","16,10","","12,20","","78,00","","18,00","","16,00","","8,00","","98,51","","","","","","Brume sèche"
"1957-06-10 09:00","1957","06","10","09:00"," ","17,80","","13,30","","75,00","","20,00","","6,00","","8,00","","98,51","","","","","","Brume sèche"
"1957-06-10 10:00","1957","06","10","10:00"," ","19,40","","14,40","","73,00","","18,00","","10,00","","8,00","","98,46","","","","","","Brume sèche"
"1957-06-10 11:00","1957","06","10","11:00"," ","21,10","","15,60","","71,00","","18,00","","16,00","","8,00","","98,42","","25,00","","","","Brume sèche"
"1957-06-10 12:00","1957","06","10","12:00"," ","22,20","","16,10","","68,00","","18,00","","16,00","","8,00","","98,37","","27,00","","","","Brume sèche"
"1957-06-10 13:00","1957","06","10","13:00"," ","22,80","","16,10","","66,00","","18,00","","16,00","","8,00","","98,37","","27,00","","","","Brume sèche"
"1957-06-10 14:00","1957","06","10","14:00"," ","22,80","","16,10","","66,00","","18,00","","13,00","","8,00","","98,34","","27,00","","","","Brume sèche"
"1957-06-10 15:00","1957","06","10","15:00"," ","23,30","","16,10","","64,00","","18,00","","16,00","","12,90","","98,29","","28,00","","","","Généralement dégagé"
"1957-06-10 16:00","1957","06","10","16:00"," ","24,40","","16,70","","62,00","","16,00","","19,00","","12,90","","98,24","","29,00","","","","Généralement nuageux"
"1957-06-10 17:00","1957","06","10","17:00"," ","24,40","","16,70","","62,00","","18,00","","19,00","","12,90","","98,20","","29,00","","","","Généralement dégagé"
"1957-06-10 18:00","1957","06","10","18:00"," ","23,90","","17,20","","66,00","","18,00","","19,00","","12,90","","98,16","","29,00","","","","Généralement dégagé"
"1957-06-10 19:00","1957","06","10","19:00"," ","23,90","","17,20","","66,00","","18,00","","19,00","","11,30","","98,16","","29,00","","","","Généralement dégagé"
"1957-06-10 20:00","1957","06","10","20:00"," ","21,70","","17,20","","73,00","","16,00","","13,00","","9,70","","98,11","","27,00","","","","Brume sèche"
"1957-06-10 21:00","1957","06","10","21:00"," ","20,60","","17,80","","84,00","","0,00","","0,00","","8,00","","98,11","","26,00","","","","Brume sèche"
"1957-06-10 22:00","1957","06","10","22:00"," ","20,60","","17,20","","81,00","","11,00","","6,00","","9,70","","98,15","","26,00","","","","Brume sèche"
"1957-06-10 23:00","1957","06","10","23:00"," ","19,40","","16,70","","84,00","","16,00","","13,00","","11,30","","98,15","","","","","","Généralement nuageux"
"1957-06-11 00:00","1957","06","11","00:00"," ","18,90","","16,10","","84,00","","16,00","","10,00","","11,30","","98,10","","","","","","Généralement nuageux"
"1957-06-11 01:00","1957","06","11","01:00"," ","18,30","","16,10","","87,00","","14,00","","6,00","","11,30","","98,08","","","","","","Généralement nuageux"
"1957-06-11 02:00","1957","06","11","02:00"," ","17,80","","15,60","","87,00","","16,00","","6,00","","11,30","","98,02","","","","","","Généralement nuageux"
"1957-06-11 03:00","1957","06","11","03:00"," ","17,20","","15,00","","87,00","","18,00","","10,00","","11,30","","97,98","","","","","","Généralement nuageux"
"1957-06-11 04:00","1957","06","11","04:00"," ","17,80","","16,70","","93,00","","18,00","","10,00","","8,00","","97,90","","","","","","Brouillard"
"1957-06-11 05:00","1957","06","11","05:00"," ","18,30","","17,20","","93,00","","16,00","","13,00","","8,00","","97,88","","","","","","Brouillard"
"1957-06-11 06:00","1957","06","11","06:00"," ","18,90","","17,20","","90,00","","18,00","","10,00","","6,40","","97,86","","","","","","Brouillard"
"1957-06-11 07:00","1957","06","11","07:00"," ","19,40","","17,80","","90,00","","18,00","","10,00","","6,40","","97,83","","","","","","Brouillard"
"1957-06-11 08:00","1957","06","11","08:00"," ","20,00","","17,80","","87,00","","16,00","","19,00","","6,40","","97,79","","26,00","","","","Brume sèche"
"1957-06-11 09:00","1957","06","11","09:00"," ","21,10","","18,30","","84,00","","18,00","","26,00","","12,90","","97,68","","27,00","","","","Nuageux"
"1957-06-11 10:00","1957","06","11","10:00"," ","20,60","","17,80","","84,00","","20,00","","19,00","","12,90","","97,68","","26,00","","","","Nuageux"
"1957-06-11 11:00","1957","06","11","11:00"," ","20,60","","18,30","","87,00","","16,00","","29,00","","9,70","","97,58","","27,00","","","","Brume sèche"
"1957-06-11 12:00","1957","06","11","12:00"," ","22,20","","17,80","","76,00","","18,00","","35,00","","9,70","","97,52","","28,00","","","","Brume sèche"
"1957-06-11 13:00","1957","06","11","13:00"," ","22,20","","18,90","","82,00","","18,00","","35,00","","9,70","","97,44","","29,00","","","","Brume sèche"
"1957-06-11 14:00","1957","06","11","14:00"," ","22,20","","18,90","","82,00","","18,00","","39,00","","6,40","","97,40","","29,00","","","","Averses de pluie,Brouillard"
"1957-06-11 15:00","1957","06","11","15:00"," ","20,60","","19,40","","93,00","","23,00","","26,00","","8,00","","97,23","","28,00","","","","Brouillard"
"1957-06-11 16:00","1957","06","11","16:00"," ","20,60","","19,40","","93,00","","18,00","","23,00","","8,00","","97,24","","28,00","","","","Brouillard"
"1957-06-11 17:00","1957","06","11","17:00"," ","20,00","","19,40","","97,00","","18,00","","16,00","","8,00","","97,04","","27,00","","","","Averses de pluie,Brouillard"
"1957-06-11 18:00","1957","06","11","18:00"," ","20,00","","19,40","","97,00","","23,00","","13,00","","6,40","","97,04","","27,00","","","","Averses de pluie,Brouillard"
"1957-06-11 19:00","1957","06","11","19:00"," ","20,60","","20,00","","97,00","","23,00","","10,00","","8,00","","97,00","","28,00","","","","Brouillard"
"1957-06-11 20:00","1957","06","11","20:00"," ","21,10","","20,60","","97,00","","23,00","","13,00","","6,40","","97,01","","29,00","","","","Brouillard"
"1957-06-11 21:00","1957","06","11","21:00"," ","21,10","","20,00","","93,00","","23,00","","23,00","","4,80","","97,04","","29,00","","","","Brouillard"
"1957-06-11 22:00","1957","06","11","22:00"," ","21,10","","20,00","","93,00","","25,00","","19,00","","4,00","","97,07","","29,00","","","","Brouillard"
"1957-06-11 23:00","1957","06","11","23:00"," ","21,10","","18,90","","87,00","","25,00","","19,00","","6,40","","97,07","","28,00","","","","Brouillard"
"1957-06-12 00:00","1957","06","12","00:00"," ","20,00","","18,30","","90,00","","25,00","","23,00","","8,00","","97,05","","26,00","","","","Brouillard"
"1957-06-12 01:00","1957","06","12","01:00"," ","20,00","","18,90","","93,00","","25,00","","19,00","","8,00","","97,03","","27,00","","","","Brouillard"
"1957-06-12 02:00","1957","06","12","02:00"," ","20,00","","18,90","","93,00","","27,00","","23,00","","9,70","","97,12","","27,00","","","","Brouillard"
"1957-06-12 03:00","1957","06","12","03:00"," ","18,90","","17,80","","93,00","","29,00","","13,00","","9,70","","97,20","","","","","","Brouillard"
"1957-06-12 04:00","1957","06","12","04:00"," ","17,20","","16,10","","93,00","","32,00","","16,00","","9,70","","97,26","","","","","","Brouillard"
"1957-06-12 05:00","1957","06","12","05:00"," ","14,40","","11,70","","84,00","","29,00","","19,00","","24,10","","97,44","","","","","","Généralement nuageux"
"1957-06-12 06:00","1957","06","12","06:00"," ","13,90","","11,10","","83,00","","32,00","","19,00","","25,00","","97,48","","","","","","Généralement dégagé"
"1957-06-12 07:00","1957","06","12","07:00"," ","13,90","","11,10","","83,00","","32,00","","19,00","","25,00","","97,54","","","","","","Généralement dégagé"
"1957-06-12 08:00","1957","06","12","08:00"," ","15,60","","11,10","","75,00","","32,00","","23,00","","25,00","","97,69","","","","","","Généralement dégagé"
"1957-06-12 09:00","1957","06","12","09:00"," ","16,70","","11,70","","72,00","","29,00","","29,00","","25,00","","97,73","","","","","","Généralement dégagé"
"1957-06-12 10:00","1957","06","12","10:00"," ","17,20","","11,70","","70,00","","32,00","","16,00","","25,00","","97,77","","","","","","Généralement dégagé"
"1957-06-12 11:00","1957","06","12","11:00"," ","18,30","","13,30","","73,00","","29,00","","23,00","","25,00","","97,82","","","","","","Généralement dégagé"
"1957-06-12 12:00","1957","06","12","12:00"," ","17,20","","12,20","","72,00","","32,00","","19,00","","25,00","","97,86","","","","","","Généralement dégagé"
"1957-06-12 13:00","1957","06","12","13:00"," ","17,80","","11,70","","68,00","","29,00","","16,00","","25,00","","97,86","","","","","","Généralement dégagé"
"1957-06-12 14:00","1957","06","12","14:00"," ","18,90","","5,00","","40,00","","29,00","","13,00","","25,00","","97,80","","","","","","Généralement dégagé"
"1957-06-12 15:00","1957","06","12","15:00"," ","20,60","","12,20","","59,00","","36,00","","13,00","","25,00","","97,78","","","","","","Généralement dégagé"
"1957-06-12 16:00","1957","06","12","16:00"," ","21,70","","11,70","","53,00","","36,00","","13,00","","25,00","","97,81","","","","","","Généralement dégagé"
"1957-06-12 17:00","1957","06","12","17:00"," ","21,70","","10,60","","49,00","","32,00","","16,00","","25,00","","97,80","","","","","","Généralement dégagé"
"1957-06-12 18:00","1957","06","12","18:00"," ","22,20","","12,80","","55,00","","32,00","","10,00","","25,00","","97,79","","25,00","","","","Généralement nuageux"
"1957-06-12 19:00","1957","06","12","19:00"," ","20,60","","13,90","","66,00","","32,00","","13,00","","25,00","","97,84","","","","","","Généralement dégagé"
"1957-06-12 20:00","1957","06","12","20:00"," ","18,30","","13,30","","75,00","","32,00","","13,00","","25,00","","97,86","","","","","","Généralement dégagé"
"1957-06-12 21:00","1957","06","12","21:00"," ","17,20","","13,90","","81,00","","32,00","","10,00","","16,10","","97,91","","","","","","Généralement dégagé"
"1957-06-12 22:00","1957","06","12","22:00"," ","16,10","","13,30","","84,00","","36,00","","10,00","","16,10","","97,90","","","","","","Généralement dégagé"
"1957-06-12 23:00","1957","06","12","23:00"," ","14,40","","11,70","","84,00","","5,00","","6,00","","24,10","","97,80","","","","","","Généralement dégagé"
"1957-06-13 00:00","1957","06","13","00:00"," ","13,90","","11,10","","83,00","","5,00","","6,00","","25,00","","97,82","","","","","","Généralement dégagé"
"1957-06-13 01:00","1957","06","13","01:00"," ","13,90","","11,10","","83,00","","5,00","","3,00","","25,00","","97,81","","","","","","Généralement dégagé"
"1957-06-13 02:00","1957","06","13","02:00"," ","13,90","","11,10","","83,00","","9,00","","3,00","","25,00","","97,79","","","","","","Généralement nuageux"
"1957-06-13 03:00","1957","06","13","03:00"," ","13,90","","11,10","","83,00","","11,00","","10,00","","24,10","","97,80","","","","","","Nuageux"
"1957-06-13 04:00","1957","06","13","04:00"," ","13,30","","10,60","","83,00","","11,00","","6,00","","24,10","","97,76","","","","","","Nuageux"
"1957-06-13 05:00","1957","06","13","05:00"," ","14,40","","11,10","","81,00","","11,00","","13,00","","24,10","","97,76","","","","","","Généralement dégagé"
"1957-06-13 06:00","1957","06","13","06:00"," ","15,00","","11,70","","81,00","","18,00","","16,00","","16,10","","97,77","","","","","","Généralement nuageux"
"1957-06-13 07:00","1957","06","13","07:00"," ","15,00","","11,70","","81,00","","9,00","","13,00","","16,10","","97,75","","","","","","Nuageux"
"1957-06-13 08:00","1957","06","13","08:00"," ","16,10","","12,20","","78,00","","14,00","","10,00","","6,40","","97,72","","","","","","Averses de pluie,Brouillard"
"1957-06-13 09:00","1957","06","13","09:00"," ","19,40","","16,10","","81,00","","14,00","","16,00","","16,10","","97,59","","","","","","Généralement nuageux"
"1957-06-13 10:00","1957","06","13","10:00"," ","20,60","","17,80","","84,00","","18,00","","19,00","","8,00","","97,54","","26,00","","","","Brume sèche"
"1957-06-13 11:00","1957","06","13","11:00"," ","21,10","","18,90","","87,00","","18,00","","16,00","","8,00","","97,53","","28,00","","","","Brume sèche"
"1957-06-13 12:00","1957","06","13","12:00"," ","23,90","","18,90","","74,00","","20,00","","13,00","","12,90","","97,53","","31,00","","","","Généralement nuageux"
"1957-06-13 13:00","1957","06","13","13:00"," ","24,40","","20,00","","76,00","","20,00","","19,00","","12,90","","97,50","","32,00","","","","Généralement nuageux"
"1957-06-13 14:00","1957","06","13","14:00"," ","25,00","","20,00","","74,00","","25,00","","26,00","","4,80","","97,42","","33,00","","","","Orages,Averses de pluie modérées"
"1957-06-13 15:00","1957","06","13","15:00"," ","21,70","","19,40","","87,00","","27,00","","6,00","","24,10","","97,38","","29,00","","","","Généralement nuageux"
"1957-06-13 16:00","1957","06","13","16:00"," ","23,30","","20,00","","82,00","","18,00","","6,00","","24,10","","97,29","","31,00","","","","Généralement nuageux"
"1957-06-13 17:00","1957","06","13","17:00"," ","24,40","","21,70","","85,00","","20,00","","13,00","","24,10","","97,27","","33,00","","","","Généralement nuageux"
"1957-06-13 18:00","1957","06","13","18:00"," ","23,30","","20,00","","82,00","","20,00","","19,00","","24,10","","97,28","","31,00","","","","Généralement nuageux"
"1957-06-13 19:00","1957","06","13","19:00"," ","21,70","","19,40","","87,00","","16,00","","19,00","","19,30","","97,31","","29,00","","","","Généralement nuageux"
"1957-06-13 20:00","1957","06","13","20:00"," ","19,40","","17,80","","90,00","","16,00","","13,00","","19,30","","97,27","","","","","","Généralement dégagé"
"1957-06-13 21:00","1957","06","13","21:00"," ","18,90","","17,80","","93,00","","16,00","","13,00","","16,10","","97,26","","","","","","Généralement dégagé"
"1957-06-13 22:00","1957","06","13","22:00"," ","18,90","","17,80","","93,00","","16,00","","16,00","","16,10","","97,24","","","","","","Généralement dégagé"
"1957-06-13 23:00","1957","06","13","23:00"," ","19,40","","18,30","","93,00","","25,00","","13,00","","9,70","","97,34","","","","","","Averses de pluie,Brouillard"
"1957-06-14 00:00","1957","06","14","00:00"," ","18,30","","17,20","","93,00","","23,00","","3,00","","12,90","","97,34","","","","","","Généralement nuageux"
"1957-06-14 01:00","1957","06","14","01:00"," ","18,90","","17,20","","90,00","","25,00","","10,00","","12,90","","97,39","","","","","","Averses de pluie"
"1957-06-14 02:00","1957","06","14","02:00"," ","18,30","","17,20","","93,00","","14,00","","10,00","","12,90","","97,35","","","","","","Nuageux"
"1957-06-14 03:00","1957","06","14","03:00"," ","18,30","","17,80","","97,00","","16,00","","13,00","","2,40","","97,35","","","","","","Brouillard"
"1957-06-14 04:00","1957","06","14","04:00"," ","18,30","","17,80","","97,00","","20,00","","16,00","","4,00","","97,38","","","","","","Brouillard"
"1957-06-14 05:00","1957","06","14","05:00"," ","18,90","","17,80","","93,00","","20,00","","32,00","","12,90","","97,41","","","","","","Nuageux"
"1957-06-14 06:00","1957","06","14","06:00"," ","19,40","","18,30","","93,00","","20,00","","32,00","","11,30","","97,48","","","","","","Nuageux"
"1957-06-14 07:00","1957","06","14","07:00"," ","19,40","","18,90","","97,00","","25,00","","26,00","","6,40","","97,52","","","","","","Brume sèche"
"1957-06-14 08:00","1957","06","14","08:00"," ","20,60","","18,90","","90,00","","23,00","","16,00","","11,30","","97,62","","27,00","","","","Généralement nuageux"
"1957-06-14 09:00","1957","06","14","09:00"," ","21,70","","18,90","","84,00","","25,00","","16,00","","12,90","","97,69","","28,00","","","","Généralement nuageux"
"1957-06-14 10:00","1957","06","14","10:00"," ","23,30","","20,00","","82,00","","25,00","","19,00","","12,90","","97,70","","31,00","","","","Généralement nuageux"
"1957-06-14 11:00","1957","06","14","11:00"," ","24,40","","19,40","","74,00","","25,00","","19,00","","16,10","","97,76","","31,00","","","","Généralement nuageux"
"1957-06-14 12:00","1957","06","14","12:00"," ","26,10","","20,00","","69,00","","20,00","","16,00","","16,10","","97,76","","34,00","","","","Généralement nuageux"
"1957-06-14 13:00","1957","06","14","13:00"," ","25,60","","20,00","","69,00","","23,00","","13,00","","16,10","","97,73","","33,00","","","","Généralement nuageux"
"1957-06-14 14:00","1957","06","14","14:00"," ","25,60","","20,60","","74,00","","18,00","","23,00","","16,10","","97,73","","34,00","","","","Généralement dégagé"
"1957-06-14 15:00","1957","06","14","15:00"," ","26,70","","21,10","","72,00","","23,00","","16,00","","19,30","","97,70","","35,00","","","","Généralement nuageux"
"1957-06-14 16:00","1957","06","14","16:00"," ","26,70","","21,10","","72,00","","20,00","","19,00","","16,10","","97,63","","35,00","","","","Généralement dégagé"
"1957-06-14 17:00","1957","06","14","17:00"," ","26,10","","20,60","","72,00","","20,00","","19,00","","19,30","","97,54","","34,00","","","","Généralement dégagé"
"1957-06-14 18:00","1957","06","14","18:00"," ","25,60","","21,70","","79,00","","20,00","","19,00","","19,30","","97,60","","35,00","","","","Généralement dégagé"
"1957-06-14 19:00","1957","06","14","19:00"," ","25,60","","21,10","","77,00","","20,00","","19,00","","19,30","","97,65","","34,00","","","","Généralement dégagé"
"1957-06-14 20:00","1957","06","14","20:00"," ","23,90","","21,70","","88,00","","18,00","","6,00","","16,10","","97,77","","33,00","","","","Généralement nuageux"
"1957-06-14 21:00","1957","06","14","21:00"," ","22,80","","20,60","","87,00","","16,00","","10,00","","16,10","","97,79","","31,00","","","","Généralement nuageux"
"1957-06-14 22:00","1957","06","14","22:00"," ","21,70","","20,00","","90,00","","18,00","","13,00","","16,10","","97,84","","29,00","","","","Généralement nuageux"
"1957-06-14 23:00","1957","06","14","23:00"," ","21,10","","20,00","","93,00","","18,00","","13,00","","16,10","","97,78","","29,00","","","","Généralement nuageux"
"1957-06-15 00:00","1957","06","15","00:00"," ","21,10","","19,40","","90,00","","18,00","","19,00","","12,90","","97,82","","28,00","","","","Généralement nuageux"
"1957-06-15 01:00","1957","06","15","01:00"," ","20,60","","19,40","","93,00","","18,00","","16,00","","11,30","","97,84","","28,00","","","","Généralement dégagé"
"1957-06-15 02:00","1957","06","15","02:00"," ","21,10","","20,60","","97,00","","20,00","","16,00","","11,30","","97,86","","29,00","","","","Nuageux"
"1957-06-15 03:00","1957","06","15","03:00"," ","20,60","","20,00","","97,00","","23,00","","16,00","","11,30","","97,89","","28,00","","","","Généralement nuageux"
"1957-06-15 04:00","1957","06","15","04:00"," ","20,60","","20,00","","97,00","","23,00","","13,00","","11,30","","97,93","","28,00","","","","Généralement nuageux"
"1957-06-15 05:00","1957","06","15","05:00"," ","20,60","","20,00","","97,00","","23,00","","16,00","","12,90","","98,02","","28,00","","","","Généralement dégagé"
"1957-06-15 06:00","1957","06","15","06:00"," ","21,70","","20,00","","90,00","","23,00","","16,00","","16,10","","98,10","","29,00","","","","Généralement dégagé"
"1957-06-15 07:00","1957","06","15","07:00"," ","22,20","","20,00","","87,00","","20,00","","16,00","","16,10","","98,17","","30,00","","","","Généralement dégagé"
"1957-06-15 08:00","1957","06","15","08:00"," ","22,80","","20,60","","87,00","","25,00","","16,00","","16,10","","98,31","","31,00","","","","Généralement nuageux"
"1957-06-15 09:00","1957","06","15","09:00"," ","23,30","","20,60","","85,00","","25,00","","19,00","","12,90","","98,38","","31,00","","","","Généralement nuageux"
"1957-06-15 10:00","1957","06","15","10:00"," ","25,00","","20,00","","74,00","","25,00","","16,00","","16,10","","98,41","","33,00","","","","Généralement nuageux"
"1957-06-15 11:00","1957","06","15","11:00"," ","26,10","","20,00","","69,00","","27,00","","13,00","","24,10","","98,46","","34,00","","","","Généralement nuageux"
"1957-06-15 12:00","1957","06","15","12:00"," ","27,80","","19,40","","61,00","","25,00","","23,00","","25,00","","98,48","","35,00","","","","Généralement dégagé"
"1957-06-15 13:00","1957","06","15","13:00"," ","27,20","","20,00","","65,00","","25,00","","23,00","","25,00","","98,50","","35,00","","","","Généralement nuageux"
"1957-06-15 14:00","1957","06","15","14:00"," ","27,80","","20,00","","63,00","","25,00","","19,00","","25,00","","98,50","","35,00","","","","Généralement nuageux"
"1957-06-15 15:00","1957","06","15","15:00"," ","28,30","","18,90","","57,00","","23,00","","10,00","","25,00","","98,46","","35,00","","","","Généralement nuageux"
"1957-06-15 16:00","1957","06","15","16:00"," ","26,70","","21,70","","74,00","","18,00","","19,00","","24,10","","98,46","","36,00","","","","Généralement nuageux"
"1957-06-15 17:00","1957","06","15","17:00"," ","25,60","","21,10","","77,00","","18,00","","16,00","","24,10","","98,46","","34,00","","","","Généralement nuageux"
"1957-06-15 18:00","1957","06","15","18:00"," ","25,60","","20,00","","72,00","","20,00","","13,00","","24,10","","98,50","","33,00","","","","Généralement dégagé"
"1957-06-15 19:00","1957","06","15","19:00"," ","25,00","","18,90","","69,00","","20,00","","16,00","","24,10","","98,54","","32,00","","","","Généralement dégagé"
"1957-06-15 20:00","1957","06","15","20:00"," ","22,80","","17,80","","74,00","","18,00","","10,00","","24,10","","98,56","","29,00","","","","Généralement dégagé"
"1957-06-15 21:00","1957","06","15","21:00"," ","22,20","","17,80","","76,00","","18,00","","3,00","","24,10","","98,62","","28,00","","","","Généralement dégagé"
"1957-06-15 22:00","1957","06","15","22:00"," ","20,60","","17,20","","81,00","","0,00","","0,00","","24,10","","98,62","","26,00","","","","Généralement dégagé"
"1957-06-15 23:00","1957","06","15","23:00"," ","20,00","","17,20","","84,00","","9,00","","3,00","","16,10","","98,65","","25,00","","","","Généralement dégagé"
"1957-06-16 00:00","1957","06","16","00:00"," ","19,40","","16,70","","81,00","","18,00","","10,00","","16,10","","98,62","","","","","","Généralement dégagé"
"1957-06-16 01:00","1957","06","16","01:00"," ","19,40","","17,20","","87,00","","18,00","","6,00","","16,10","","98,69","","","","","","Généralement dégagé"
"1957-06-16 02:00","1957","06","16","02:00"," ","19,40","","17,20","","87,00","","0,00","","0,00","","16,10","","98,69","","","","","","Généralement nuageux"
"1957-06-16 03:00","1957","06","16","03:00"," ","18,90","","17,80","","93,00","","14,00","","10,00","","12,90","","98,71","","","","","","Généralement nuageux"
"1957-06-16 04:00","1957","06","16","04:00"," ","18,90","","17,80","","93,00","","18,00","","10,00","","16,10","","98,73","","","","","","Généralement dégagé"
"1957-06-16 05:00","1957","06","16","05:00"," ","18,30","","17,80","","97,00","","14,00","","6,00","","16,10","","98,74","","","","","","Généralement nuageux"
"1957-06-16 06:00","1957","06","16","06:00"," ","19,40","","18,30","","93,00","","18,00","","6,00","","16,10","","98,77","","","","","","Généralement nuageux"
"1957-06-16 07:00","1957","06","16","07:00"," ","20,00","","18,30","","90,00","","18,00","","6,00","","16,10","","98,78","","26,00","","","","Nuageux"
"1957-06-16 08:00","1957","06","16","08:00"," ","21,70","","20,00","","90,00","","18,00","","3,00","","12,90","","98,85","","29,00","","","","Généralement nuageux"
"1957-06-16 09:00","1957","06","16","09:00"," ","23,30","","20,60","","85,00","","27,00","","6,00","","11,30","","98,89","","31,00","","","","Averses de pluie"
"1957-06-16 10:00","1957","06","16","10:00"," ","23,90","","20,00","","79,00","","25,00","","13,00","","12,90","","98,93","","31,00","","","","Averses de pluie"
"1957-06-16 11:00","1957","06","16","11:00"," ","22,80","","21,70","","94,00","","20,00","","3,00","","12,90","","98,95","","32,00","","","","Averses de pluie"
"1957-06-16 12:00","1957","06","16","12:00"," ","24,40","","20,60","","79,00","","20,00","","10,00","","16,10","","98,93","","32,00","","","","Généralement nuageux"
"1957-06-16 13:00","1957","06","16","13:00"," ","27,20","","21,10","","69,00","","29,00","","10,00","","24,10","","98,86","","36,00","","","","Généralement dégagé"
"1957-06-16 14:00","1957","06","16","14:00"," ","28,30","","22,80","","72,00","","20,00","","10,00","","24,10","","98,81","","38,00","","","","Généralement dégagé"
"1957-06-16 15:00","1957","06","16","15:00"," ","29,40","","21,70","","63,00","","20,00","","10,00","","24,10","","98,81","","38,00","","","","Généralement nuageux"
"1957-06-16 16:00","1957","06","16","16:00"," ","29,40","","23,30","","70,00","","20,00","","13,00","","24,10","","98,80","","40,00","","","","Généralement nuageux"
"1957-06-16 17:00","1957","06","16","17:00"," ","27,80","","22,20","","72,00","","18,00","","16,00","","24,10","","98,80","","37,00","","","","Généralement nuageux"
"1957-06-16 18:00","1957","06","16","18:00"," ","27,20","","22,20","","74,00","","20,00","","13,00","","19,30","","98,82","","37,00","","","","Généralement nuageux"
"1957-06-16 19:00","1957","06","16","19:00"," ","25,00","","22,20","","85,00","","20,00","","10,00","","19,30","","98,86","","35,00","","","","Généralement nuageux"
"1957-06-16 20:00","1957","06","16","20:00"," ","23,30","","21,10","","88,00","","18,00","","10,00","","12,90","","98,85","","32,00","","","","Généralement nuageux"
"1957-06-16 21:00","1957","06","16","21:00"," ","22,20","","20,60","","90,00","","20,00","","6,00","","6,40","","98,88","","30,00","","","","Brume sèche"
"1957-06-16 22:00","1957","06","16","22:00"," ","21,70","","20,60","","93,00","","18,00","","3,00","","4,80","","98,90","","30,00","","","","Brouillard"
"1957-06-16 23:00","1957","06","16","23:00"," ","21,70","","20,60","","93,00","","18,00","","3,00","","4,80","","98,91","","30,00","","","","Brouillard"
"1957-06-17 00:00","1957","06","17","00:00"," ","21,70","","20,60","","93,00","","18,00","","3,00","","4,80","","98,93","","30,00","","","","Brouillard"
"1957-06-17 01:00","1957","06","17","01:00"," ","21,10","","20,00","","93,00","","0,00","","0,00","","4,00","","98,95","","29,00","","","","Brouillard"
"1957-06-17 02:00","1957","06","17","02:00"," ","22,20","","21,10","","93,00","","23,00","","6,00","","3,20","","98,99","","31,00","","","","Brouillard"
"1957-06-17 03:00","1957","06","17","03:00"," ","20,60","","19,40","","93,00","","0,00","","0,00","","1,60","","99,02","","28,00","","","","Brouillard"
"1957-06-17 04:00","1957","06","17","04:00"," ","20,00","","19,40","","97,00","","0,00","","0,00","","0,80","","99,02","","27,00","","","","Brouillard"
"1957-06-17 05:00","1957","06","17","05:00"," ","19,40","","18,90","","97,00","","5,00","","6,00","","0,60","","99,03","","","","","","Brouillard"
"1957-06-17 06:00","1957","06","17","06:00"," ","20,00","","19,40","","97,00","","0,00","","0,00","","0,60","","99,07","","27,00","","","","Brouillard"
"1957-06-17 07:00","1957","06","17","07:00"," ","21,70","","21,10","","97,00","","18,00","","3,00","","2,40","","99,07","","30,00","","","","Brouillard"
"1957-06-17 08:00","1957","06","17","08:00"," ","25,60","","22,20","","82,00","","23,00","","3,00","","4,80","","99,12","","35,00","","","","Brume sèche"
"1957-06-17 09:00","1957","06","17","09:00"," ","28,30","","23,30","","74,00","","23,00","","3,00","","6,40","","99,11","","39,00","","","","Brume sèche"
"1957-06-17 10:00","1957","06","17","10:00"," ","29,40","","23,30","","70,00","","32,00","","6,00","","8,00","","99,12","","40,00","","","","Brume sèche"
"1957-06-17 11:00","1957","06","17","11:00"," ","30,00","","22,20","","63,00","","27,00","","3,00","","11,30","","99,10","","40,00","","","","Généralement dégagé"
"1957-06-17 12:00","1957","06","17","12:00"," ","31,10","","21,70","","57,00","","27,00","","10,00","","11,30","","99,09","","40,00","","","","Généralement dégagé"
"1957-06-17 13:00","1957","06","17","13:00"," ","31,70","","22,80","","60,00","","23,00","","3,00","","12,90","","99,05","","42,00","","","","Généralement dégagé"
"1957-06-17 14:00","1957","06","17","14:00"," ","29,40","","22,80","","68,00","","14,00","","19,00","","12,90","","99,14","","39,00","","","","Orages"
"1957-06-17 15:00","1957","06","17","15:00"," ","27,80","","23,30","","74,00","","16,00","","13,00","","12,90","","99,02","","38,00","","","","Généralement nuageux"
"1957-06-17 16:00","1957","06","17","16:00"," ","28,90","","23,30","","72,00","","25,00","","3,00","","9,70","","98,99","","39,00","","","","Brume sèche"
"1957-06-17 17:00","1957","06","17","17:00"," ","30,60","","21,70","","59,00","","20,00","","13,00","","9,70","","99,05","","40,00","","","","Brume sèche"
"1957-06-17 18:00","1957","06","17","18:00"," ","29,40","","22,20","","65,00","","18,00","","13,00","","9,70","","99,05","","39,00","","","","Brume sèche"
"1957-06-17 19:00","1957","06","17","19:00"," ","28,30","","22,20","","70,00","","20,00","","3,00","","12,90","","98,93","","38,00","","","","Généralement dégagé"
"1957-06-17 20:00","1957","06","17","20:00"," ","26,70","","22,20","","77,00","","20,00","","3,00","","12,90","","98,93","","36,00","","","","Généralement dégagé"
"1957-06-17 21:00","1957","06","17","21:00"," ","24,40","","21,10","","85,00","","20,00","","3,00","","9,70","","98,94","","33,00","","","","Brume sèche"
"1957-06-17 22:00","1957","06","17","22:00"," ","23,30","","21,10","","88,00","","16,00","","3,00","","4,80","","98,93","","32,00","","","","Brouillard"
"1957-06-17 23:00","1957","06","17","23:00"," ","22,20","","21,10","","93,00","","9,00","","3,00","","4,80","","98,89","","31,00","","","","Brouillard"
"1957-06-18 00:00","1957","06","18","00:00"," ","22,80","","21,10","","90,00","","0,00","","0,00","","4,80","","98,85","","31,00","","","","Brouillard"
"1957-06-18 01:00","1957","06","18","01:00"," ","21,10","","20,60","","97,00","","16,00","","6,00","","4,00","","98,82","","29,00","","","","Brouillard"
"1957-06-18 02:00","1957","06","18","02:00"," ","21,70","","20,60","","93,00","","23,00","","3,00","","4,00","","98,79","","30,00","","","","Brouillard"
"1957-06-18 03:00","1957","06","18","03:00"," ","20,60","","19,40","","93,00","","14,00","","6,00","","3,20","","98,78","","28,00","","","","Brouillard"
"1957-06-18 04:00","1957","06","18","04:00"," ","20,00","","19,40","","97,00","","9,00","","3,00","","1,60","","98,76","","27,00","","","","Brouillard"
"1957-06-18 05:00","1957","06","18","05:00"," ","20,00","","18,90","","93,00","","9,00","","6,00","","2,40","","98,73","","27,00","","","","Brouillard"
"1957-06-18 06:00","1957","06","18","06:00"," ","21,10","","20,00","","93,00","","9,00","","6,00","","4,00","","98,72","","29,00","","","","Brouillard"
"1957-06-18 07:00","1957","06","18","07:00"," ","22,80","","20,60","","87,00","","14,00","","6,00","","4,00","","98,71","","31,00","","","","Brouillard"
"1957-06-18 08:00","1957","06","18","08:00"," ","26,10","","22,20","","79,00","","20,00","","10,00","","4,80","","98,69","","36,00","","","","Brume sèche"
"1957-06-18 09:00","1957","06","18","09:00"," ","26,70","","22,20","","77,00","","0,00","","0,00","","6,40","","98,60","","36,00","","","","Brume sèche"
"1957-06-18 10:00","1957","06","18","10:00"," ","27,20","","22,80","","77,00","","5,00","","3,00","","6,40","","98,55","","37,00","","","","Brume sèche"
"1957-06-18 11:00","1957","06","18","11:00"," ","29,40","","23,30","","70,00","","14,00","","10,00","","6,40","","98,41","","40,00","","","","Brume sèche"
"1957-06-18 12:00","1957","06","18","12:00"," ","30,00","","23,30","","68,00","","18,00","","16,00","","8,00","","98,32","","41,00","","","","Brume sèche"
"1957-06-18 13:00","1957","06","18","13:00"," ","29,40","","22,20","","65,00","","27,00","","26,00","","8,00","","98,26","","39,00","","","","Orages,Averses de pluie"
"1957-06-18 14:00","1957","06","18","14:00"," ","29,40","","22,20","","65,00","","27,00","","6,00","","8,00","","98,25","","39,00","","","","Averses de pluie"
"1957-06-18 15:00","1957","06","18","15:00"," ","25,00","","23,30","","91,00","","20,00","","10,00","","2,40","","98,15","","36,00","","","","Brume sèche"
"1957-06-18 16:00","1957","06","18","16:00"," ","26,70","","22,20","","77,00","","20,00","","16,00","","4,80","","98,08","","36,00","","","","Brume sèche"
"1957-06-18 17:00","1957","06","18","17:00"," ","26,10","","20,00","","69,00","","20,00","","19,00","","12,90","","98,06","","34,00","","","","Généralement dégagé"
"1957-06-18 18:00","1957","06","18","18:00"," ","24,40","","19,40","","74,00","","20,00","","19,00","","11,30","","98,05","","31,00","","","","Généralement nuageux"
"1957-06-18 19:00","1957","06","18","19:00"," ","23,90","","20,00","","79,00","","20,00","","19,00","","11,30","","98,04","","31,00","","","","Généralement nuageux"
"1957-06-18 20:00","1957","06","18","20:00"," ","22,20","","20,00","","87,00","","20,00","","16,00","","8,00","","97,98","","30,00","","","","Brume sèche"
"1957-06-18 21:00","1957","06","18","21:00"," ","21,10","","19,40","","90,00","","18,00","","26,00","","12,90","","97,88","","28,00","","","","Généralement nuageux"
"1957-06-18 22:00","1957","06","18","22:00"," ","21,10","","19,40","","90,00","","23,00","","29,00","","3,20","","97,94","","28,00","","","","Orages,Averses de pluie modérées"
"1957-06-18 23:00","1957","06","18","23:00"," ","20,00","","19,40","","97,00","","14,00","","10,00","","11,30","","97,79","","27,00","","","","Nuageux"
"1957-06-19 00:00","1957","06","19","00:00"," ","20,00","","19,40","","97,00","","23,00","","10,00","","6,40","","97,82","","27,00","","","","Brouillard"
"1957-06-19 01:00","1957","06","19","01:00"," ","20,00","","18,90","","93,00","","23,00","","13,00","","12,90","","97,79","","27,00","","","","Nuageux"
"1957-06-19 02:00","1957","06","19","02:00"," ","20,00","","18,90","","93,00","","23,00","","19,00","","11,30","","97,78","","27,00","","","","Nuageux"
"1957-06-19 03:00","1957","06","19","03:00"," ","20,00","","18,90","","93,00","","25,00","","19,00","","11,30","","97,74","","27,00","","","","Averses de pluie"
"1957-06-19 04:00","1957","06","19","04:00"," ","18,30","","14,40","","78,00","","25,00","","26,00","","16,10","","97,76","","","","","","Généralement nuageux"
"1957-06-19 05:00","1957","06","19","05:00"," ","16,10","","13,30","","84,00","","27,00","","13,00","","19,30","","97,80","","","","","","Généralement dégagé"
"1957-06-19 06:00","1957","06","19","06:00"," ","16,70","","12,80","","78,00","","25,00","","6,00","","24,10","","97,82","","","","","","Généralement dégagé"
"1957-06-19 07:00","1957","06","19","07:00"," ","17,80","","13,30","","75,00","","25,00","","13,00","","25,00","","97,84","","","","","","Généralement dégagé"
"1957-06-19 08:00","1957","06","19","08:00"," ","18,30","","12,80","","70,00","","25,00","","23,00","","25,00","","97,85","","","","","","Généralement dégagé"
"1957-06-19 09:00","1957","06","19","09:00"," ","18,90","","12,20","","65,00","","25,00","","19,00","","25,00","","97,85","","","","","","Généralement dégagé"
"1957-06-19 10:00","1957","06","19","10:00"," ","19,40","","12,20","","63,00","","27,00","","29,00","","25,00","","97,85","","","","","","Généralement nuageux"
"1957-06-19 11:00","1957","06","19","11:00"," ","18,30","","11,10","","63,00","","27,00","","29,00","","25,00","","97,90","","","","","","Généralement nuageux"
"1957-06-19 12:00","1957","06","19","12:00"," ","17,80","","10,60","","63,00","","25,00","","26,00","","25,00","","97,90","","","","","","Généralement nuageux"
"1957-06-19 13:00","1957","06","19","13:00"," ","18,30","","11,10","","63,00","","27,00","","29,00","","25,00","","97,90","","","","","","Généralement nuageux"
"1957-06-19 14:00","1957","06","19","14:00"," ","18,90","","10,60","","58,00","","27,00","","35,00","","25,00","","97,92","","","","","","Généralement nuageux"
"1957-06-19 15:00","1957","06","19","15:00"," ","19,40","","11,10","","59,00","","27,00","","26,00","","25,00","","97,95","","","","","","Généralement nuageux"
"1957-06-19 16:00","1957","06","19","16:00"," ","20,60","","11,70","","57,00","","27,00","","29,00","","25,00","","97,98","","","","","","Généralement nuageux"
"1957-06-19 17:00","1957","06","19","17:00"," ","20,00","","12,20","","61,00","","27,00","","26,00","","25,00","","97,98","","","","","","Généralement nuageux"
"1957-06-19 18:00","1957","06","19","18:00"," ","18,90","","12,20","","65,00","","27,00","","19,00","","25,00","","98,00","","","","","","Généralement nuageux"
"1957-06-19 19:00","1957","06","19","19:00"," ","18,30","","12,80","","70,00","","27,00","","16,00","","25,00","","98,01","","","","","","Généralement nuageux"
"1957-06-19 20:00","1957","06","19","20:00"," ","17,80","","12,80","","73,00","","27,00","","13,00","","25,00","","98,01","","","","","","Généralement nuageux"
"1957-06-19 21:00","1957","06","19","21:00"," ","17,20","","13,30","","78,00","","27,00","","10,00","","25,00","","98,04","","","","","","Généralement nuageux"
"1957-06-19 22:00","1957","06","19","22:00"," ","17,20","","13,30","","78,00","","27,00","","6,00","","16,10","","98,05","","","","","","Généralement nuageux"
"1957-06-19 23:00","1957","06","19","23:00"," ","16,10","","13,90","","87,00","","27,00","","13,00","","16,10","","98,01","","","","","","Généralement dégagé"
"1957-06-20 00:00","1957","06","20","00:00"," ","16,10","","13,90","","87,00","","32,00","","16,00","","16,10","","98,03","","","","","","Nuageux"
"1957-06-20 01:00","1957","06","20","01:00"," ","15,00","","12,80","","87,00","","32,00","","10,00","","19,30","","98,06","","","","","","Généralement dégagé"
"1957-06-20 02:00","1957","06","20","02:00"," ","12,80","","11,10","","90,00","","34,00","","10,00","","24,10","","98,08","","","","","","Dégagé"
"1957-06-20 03:00","1957","06","20","03:00"," ","12,80","","10,60","","86,00","","32,00","","6,00","","24,10","","98,09","","","","","","Généralement dégagé"
"1957-06-20 04:00","1957","06","20","04:00"," ","12,20","","10,60","","90,00","","29,00","","6,00","","24,10","","98,12","","","","","","Généralement dégagé"
"1957-06-20 05:00","1957","06","20","05:00"," ","11,70","","10,00","","90,00","","29,00","","10,00","","24,10","","98,14","","","","","","Généralement dégagé"
"1957-06-20 06:00","1957","06","20","06:00"," ","12,80","","11,10","","90,00","","29,00","","10,00","","25,00","","98,18","","","","","","Généralement dégagé"
"1957-06-20 07:00","1957","06","20","07:00"," ","13,30","","11,10","","86,00","","32,00","","10,00","","25,00","","98,18","","","","","","Généralement dégagé"
"1957-06-20 08:00","1957","06","20","08:00"," ","15,60","","10,60","","72,00","","29,00","","6,00","","25,00","","98,24","","","","","","Généralement dégagé"
"1957-06-20 09:00","1957","06","20","09:00"," ","16,10","","10,60","","70,00","","29,00","","16,00","","25,00","","98,22","","","","","","Généralement dégagé"
"1957-06-20 10:00","1957","06","20","10:00"," ","17,20","","12,20","","72,00","","29,00","","19,00","","25,00","","98,21","","","","","","Généralement nuageux"
"1957-06-20 11:00","1957","06","20","11:00"," ","18,30","","10,60","","61,00","","27,00","","10,00","","25,00","","98,21","","","","","","Généralement nuageux"
"1957-06-20 12:00","1957","06","20","12:00"," ","20,00","","11,70","","59,00","","27,00","","3,00","","25,00","","98,16","","","","","","Généralement dégagé"
"1957-06-20 13:00","1957","06","20","13:00"," ","21,10","","12,20","","57,00","","27,00","","6,00","","25,00","","98,17","","","","","","Généralement dégagé"
"1957-06-20 14:00","1957","06","20","14:00"," ","22,80","","12,20","","51,00","","25,00","","13,00","","25,00","","98,11","","25,00","","","","Généralement dégagé"
"1957-06-20 15:00","1957","06","20","15:00"," ","22,20","","12,80","","55,00","","27,00","","10,00","","25,00","","98,11","","25,00","","","","Généralement dégagé"
"1957-06-20 16:00","1957","06","20","16:00"," ","23,30","","11,70","","48,00","","32,00","","10,00","","25,00","","98,07","","25,00","","","","Généralement dégagé"
"1957-06-20 17:00","1957","06","20","17:00"," ","23,30","","11,10","","46,00","","29,00","","10,00","","25,00","","98,04","","25,00","","","","Généralement dégagé"
"1957-06-20 18:00","1957","06","20","18:00"," ","21,10","","15,60","","71,00","","18,00","","13,00","","25,00","","98,03","","25,00","","","","Généralement dégagé"
"1957-06-20 19:00","1957","06","20","19:00"," ","20,00","","15,60","","76,00","","18,00","","23,00","","25,00","","98,07","","","","","","Généralement nuageux"
"1957-06-20 20:00","1957","06","20","20:00"," ","18,30","","13,30","","73,00","","18,00","","16,00","","25,00","","98,09","","","","","","Généralement nuageux"
"1957-06-20 21:00","1957","06","20","21:00"," ","16,70","","13,90","","84,00","","18,00","","16,00","","25,00","","98,12","","","","","","Généralement nuageux"
"1957-06-20 22:00","1957","06","20","22:00"," ","17,20","","12,80","","75,00","","18,00","","13,00","","25,00","","98,12","","","","","","Généralement nuageux"
"1957-06-20 23:00","1957","06","20","23:00"," ","16,70","","12,80","","78,00","","20,00","","10,00","","25,00","","98,12","","","","","","Généralement dégagé"
"1957-06-21 00:00","1957","06","21","00:00"," ","16,10","","12,20","","78,00","","20,00","","10,00","","25,00","","98,09","","","","","","Généralement dégagé"
"1957-06-21 01:00","1957","06","21","01:00"," ","16,10","","12,20","","78,00","","20,00","","10,00","","19,30","","98,10","","","","","","Généralement dégagé"
"1957-06-21 02:00","1957","06","21","02:00"," ","16,10","","11,70","","75,00","","20,00","","13,00","","16,10","","98,08","","","","","","Généralement dégagé"
"1957-06-21 03:00","1957","06","21","03:00"," ","15,60","","11,70","","78,00","","20,00","","13,00","","16,10","","98,05","","","","","","Généralement dégagé"
"1957-06-21 04:00","1957","06","21","04:00"," ","16,10","","11,70","","75,00","","20,00","","13,00","","16,10","","98,13","","","","","","Généralement dégagé"
"1957-06-21 05:00","1957","06","21","05:00"," ","16,10","","12,20","","78,00","","20,00","","16,00","","12,90","","98,21","","","","","","Généralement dégagé"
"1957-06-21 06:00","1957","06","21","06:00"," ","17,20","","13,30","","78,00","","18,00","","10,00","","9,70","","98,23","","","","","","Brume sèche"
"1957-06-21 07:00","1957","06","21","07:00"," ","18,90","","13,90","","73,00","","20,00","","19,00","","9,70","","98,24","","","","","","Brume sèche"
"1957-06-21 08:00","1957","06","21","08:00"," ","21,70","","15,00","","66,00","","23,00","","16,00","","16,10","","98,32","","26,00","","","","Généralement dégagé"
"1957-06-21 09:00","1957","06","21","09:00"," ","24,40","","15,00","","56,00","","23,00","","13,00","","16,10","","98,35","","28,00","","","","Généralement dégagé"
"1957-06-21 10:00","1957","06","21","10:00"," ","25,60","","15,00","","52,00","","23,00","","13,00","","16,10","","98,32","","30,00","","","","Généralement dégagé"
"1957-06-21 11:00","1957","06","21","11:00"," ","26,70","","16,10","","52,00","","23,00","","23,00","","25,00","","98,29","","31,00","","","","Généralement dégagé"
"1957-06-21 12:00","1957","06","21","12:00"," ","27,80","","16,10","","49,00","","23,00","","23,00","","25,00","","98,28","","32,00","","","","Généralement nuageux"
"1957-06-21 13:00","1957","06","21","13:00"," ","27,80","","16,70","","51,00","","18,00","","19,00","","25,00","","98,26","","33,00","","","","Généralement nuageux"
"1957-06-21 14:00","1957","06","21","14:00"," ","27,20","","15,00","","49,00","","20,00","","23,00","","25,00","","98,29","","31,00","","","","Généralement nuageux"
"1957-06-21 15:00","1957","06","21","15:00"," ","26,70","","12,80","","42,00","","18,00","","19,00","","25,00","","98,28","","29,00","","","","Généralement dégagé"
"1957-06-21 16:00","1957","06","21","16:00"," ","26,70","","11,10","","38,00","","20,00","","29,00","","25,00","","98,27","","29,00","","","","Généralement dégagé"
"1957-06-21 17:00","1957","06","21","17:00"," ","26,10","","13,90","","47,00","","20,00","","16,00","","24,10","","98,30","","29,00","","","","Généralement dégagé"
"1957-06-21 18:00","1957","06","21","18:00"," ","25,60","","13,30","","47,00","","20,00","","10,00","","24,10","","98,36","","29,00","","","","Généralement dégagé"
"1957-06-21 19:00","1957","06","21","19:00"," ","24,40","","14,40","","54,00","","18,00","","6,00","","24,10","","98,36","","28,00","","","","Généralement dégagé"
"1957-06-21 20:00","1957","06","21","20:00"," ","21,10","","15,60","","71,00","","18,00","","10,00","","16,10","","98,33","","25,00","","","","Généralement dégagé"
"1957-06-21 21:00","1957","06","21","21:00"," ","20,60","","13,90","","66,00","","18,00","","6,00","","12,90","","98,34","","","","","","Généralement dégagé"
"1957-06-21 22:00","1957","06","21","22:00"," ","18,90","","13,90","","73,00","","18,00","","6,00","","12,90","","98,24","","","","","","Généralement dégagé"
"1957-06-21 23:00","1957","06","21","23:00"," ","18,30","","12,20","","68,00","","16,00","","10,00","","12,90","","98,25","","","","","","Généralement dégagé"
"1957-06-22 00:00","1957","06","22","00:00"," ","16,10","","13,30","","84,00","","9,00","","10,00","","12,90","","98,36","","","","","","Généralement dégagé"
"1957-06-22 01:00","1957","06","22","01:00"," ","17,20","","12,80","","75,00","","9,00","","10,00","","12,90","","98,36","","","","","","Généralement dégagé"
"1957-06-22 02:00","1957","06","22","02:00"," ","17,80","","13,30","","75,00","","9,00","","13,00","","12,90","","98,37","","","","","","Généralement dégagé"
"1957-06-22 03:00","1957","06","22","03:00"," ","17,80","","13,30","","75,00","","9,00","","13,00","","12,90","","98,39","","","","","","Généralement dégagé"
"1957-06-22 04:00","1957","06","22","04:00"," ","15,00","","13,30","","87,00","","16,00","","16,00","","11,30","","98,40","","","","","","Généralement dégagé"
"1957-06-22 05:00","1957","06","22","05:00"," ","15,00","","13,30","","87,00","","16,00","","13,00","","9,70","","98,42","","","","","","Brume sèche"
"1957-06-22 06:00","1957","06","22","06:00"," ","16,10","","14,40","","90,00","","11,00","","6,00","","6,40","","98,48","","","","","","Brouillard"
"1957-06-22 07:00","1957","06","22","07:00"," ","17,80","","15,60","","87,00","","14,00","","6,00","","4,80","","98,50","","","","","","Brouillard"
"1957-06-22 08:00","1957","06","22","08:00"," ","22,20","","15,60","","66,00","","18,00","","16,00","","8,00","","98,55","","27,00","","","","Brume sèche"
"1957-06-22 09:00","1957","06","22","09:00"," ","24,40","","16,10","","60,00","","18,00","","19,00","","8,00","","98,52","","29,00","","","","Brume sèche"
"1957-06-22 10:00","1957","06","22","10:00"," ","25,60","","16,10","","56,00","","18,00","","16,00","","12,90","","98,51","","30,00","","","","Généralement dégagé"
"1957-06-22 11:00","1957","06","22","11:00"," ","26,70","","16,70","","54,00","","18,00","","23,00","","16,10","","98,48","","32,00","","","","Généralement dégagé"
"1957-06-22 12:00","1957","06","22","12:00"," ","28,30","","17,80","","53,00","","18,00","","19,00","","16,10","","98,47","","34,00","","","","Généralement dégagé"
"1957-06-22 13:00","1957","06","22","13:00"," ","28,30","","17,20","","51,00","","20,00","","29,00","","16,10","","98,46","","34,00","","","","Généralement dégagé"
"1957-06-22 14:00","1957","06","22","14:00"," ","29,40","","17,80","","50,00","","18,00","","26,00","","16,10","","98,43","","35,00","","","","Généralement dégagé"
"1957-06-22 15:00","1957","06","22","15:00"," ","28,90","","18,30","","53,00","","18,00","","29,00","","16,10","","98,32","","35,00","","","","Généralement dégagé"
"1957-06-22 16:00","1957","06","22","16:00"," ","29,40","","19,40","","55,00","","18,00","","29,00","","16,10","","98,30","","36,00","","","","Dégagé"
"1957-06-22 17:00","1957","06","22","17:00"," ","27,80","","20,00","","63,00","","18,00","","23,00","","12,90","","98,26","","35,00","","","","Généralement nuageux"
"1957-06-22 18:00","1957","06","22","18:00"," ","28,30","","20,00","","61,00","","16,00","","23,00","","12,90","","98,21","","36,00","","","","Généralement dégagé"
"1957-06-22 19:00","1957","06","22","19:00"," ","27,20","","20,00","","65,00","","16,00","","19,00","","16,10","","98,21","","35,00","","","","Généralement dégagé"
"1957-06-22 20:00","1957","06","22","20:00"," ","25,00","","19,40","","71,00","","18,00","","16,00","","11,30","","98,24","","32,00","","","","Généralement dégagé"
"1957-06-22 21:00","1957","06","22","21:00"," ","24,40","","20,60","","79,00","","20,00","","16,00","","11,30","","98,27","","32,00","","","","Généralement dégagé"
"1957-06-22 22:00","1957","06","22","22:00"," ","23,30","","20,60","","85,00","","20,00","","16,00","","9,70","","98,29","","31,00","","","","Brume sèche"
"1957-06-22 23:00","1957","06","22","23:00"," ","23,30","","19,40","","79,00","","23,00","","16,00","","11,30","","98,36","","30,00","","","","Généralement nuageux"
"1957-06-23 00:00","1957","06","23","00:00"," ","22,20","","18,90","","82,00","","23,00","","13,00","","11,30","","98,36","","29,00","","","","Généralement nuageux"
"1957-06-23 01:00","1957","06","23","01:00"," ","21,10","","17,80","","81,00","","23,00","","26,00","","12,90","","98,32","","27,00","","","","Généralement dégagé"
"1957-06-23 02:00","1957","06","23","02:00"," ","22,20","","20,00","","87,00","","18,00","","10,00","","12,90","","98,31","","30,00","","","","Généralement dégagé"
"1957-06-23 03:00","1957","06","23","03:00"," ","22,20","","19,40","","84,00","","18,00","","6,00","","16,10","","98,30","","29,00","","","","Généralement dégagé"
"1957-06-23 04:00","1957","06","23","04:00"," ","21,10","","19,40","","90,00","","18,00","","6,00","","16,10","","98,29","","28,00","","","","Nuageux"
"1957-06-23 05:00","1957","06","23","05:00"," ","21,10","","19,40","","90,00","","18,00","","16,00","","16,10","","98,33","","28,00","","","","Nuageux"
"1957-06-23 06:00","1957","06","23","06:00"," ","21,70","","19,40","","87,00","","23,00","","13,00","","25,00","","98,32","","29,00","","","","Nuageux"
"1957-06-23 07:00","1957","06","23","07:00"," ","21,70","","19,40","","87,00","","23,00","","19,00","","25,00","","98,32","","29,00","","","","Généralement nuageux"
"1957-06-23 08:00","1957","06","23","08:00"," ","22,80","","20,60","","87,00","","23,00","","13,00","","16,10","","98,31","","31,00","","","","Nuageux"
"1957-06-23 09:00","1957","06","23","09:00"," ","23,90","","21,10","","85,00","","23,00","","16,00","","12,90","","98,32","","32,00","","","","Généralement nuageux"
"1957-06-23 10:00","1957","06","23","10:00"," ","25,60","","21,10","","77,00","","23,00","","19,00","","12,90","","98,36","","34,00","","","","Généralement nuageux"
"1957-06-23 11:00","1957","06","23","11:00"," ","27,20","","21,10","","69,00","","25,00","","16,00","","19,30","","98,34","","36,00","","","","Généralement nuageux"
"1957-06-23 12:00","1957","06","23","12:00"," ","26,70","","21,70","","74,00","","20,00","","19,00","","16,10","","98,31","","36,00","","","","Généralement nuageux"
"1957-06-23 13:00","1957","06","23","13:00"," ","28,90","","20,60","","61,00","","25,00","","19,00","","24,10","","98,31","","37,00","","","","Généralement nuageux"
"1957-06-23 14:00","1957","06","23","14:00"," ","26,10","","20,00","","69,00","","20,00","","23,00","","24,10","","98,28","","34,00","","","","Généralement nuageux"
"1957-06-23 15:00","1957","06","23","15:00"," ","27,20","","21,10","","69,00","","20,00","","29,00","","24,10","","98,25","","36,00","","","","Généralement nuageux"
"1957-06-23 16:00","1957","06","23","16:00"," ","27,80","","21,10","","67,00","","20,00","","19,00","","24,10","","98,18","","36,00","","","","Généralement nuageux"
"1957-06-23 17:00","1957","06","23","17:00"," ","27,20","","21,70","","72,00","","20,00","","19,00","","24,10","","98,14","","36,00","","","","Généralement nuageux"
"1957-06-23 18:00","1957","06","23","18:00"," ","28,30","","16,70","","49,00","","25,00","","26,00","","24,10","","98,14","","33,00","","","","Généralement dégagé"
"1957-06-23 19:00","1957","06","23","19:00"," ","27,80","","17,20","","53,00","","23,00","","13,00","","24,10","","98,16","","33,00","","","","Généralement nuageux"
"1957-06-23 20:00","1957","06","23","20:00"," ","25,60","","18,30","","64,00","","23,00","","13,00","","19,30","","98,20","","32,00","","","","Généralement nuageux"
"1957-06-23 21:00","1957","06","23","21:00"," ","22,80","","16,10","","66,00","","34,00","","29,00","","16,10","","98,33","","27,00","","","","Généralement dégagé"
"1957-06-23 22:00","1957","06","23","22:00"," ","21,10","","15,60","","71,00","","32,00","","19,00","","19,30","","98,41","","25,00","","","","Généralement dégagé"
"1957-06-23 23:00","1957","06","23","23:00"," ","20,00","","15,00","","73,00","","32,00","","16,00","","16,10","","98,46","","","","","","Dégagé"
"1957-06-24 00:00","1957","06","24","00:00"," ","19,40","","17,80","","90,00","","27,00","","6,00","","16,10","","98,44","","","","","","Dégagé"
"1957-06-24 01:00","1957","06","24","01:00"," ","17,20","","14,40","","84,00","","27,00","","3,00","","16,10","","98,40","","","","","","Dégagé"
"1957-06-24 02:00","1957","06","24","02:00"," ","17,20","","14,40","","84,00","","27,00","","6,00","","16,10","","98,38","","","","","","Dégagé"
"1957-06-24 03:00","1957","06","24","03:00"," ","15,60","","13,30","","87,00","","27,00","","6,00","","16,10","","98,36","","","","","","Dégagé"
"1957-06-24 04:00","1957","06","24","04:00"," ","15,00","","13,90","","93,00","","32,00","","6,00","","16,10","","98,31","","","","","","Généralement nuageux"
"1957-06-24 05:00","1957","06","24","05:00"," ","14,40","","13,90","","96,00","","0,00","","0,00","","16,10","","98,33","","","","","","Généralement nuageux"
"1957-06-24 06:00","1957","06","24","06:00"," ","15,60","","13,90","","90,00","","0,00","","0,00","","16,10","","98,38","","","","","","Généralement nuageux"
"1957-06-24 07:00","1957","06","24","07:00"," ","15,60","","13,30","","87,00","","27,00","","6,00","","16,10","","98,38","","","","","","Généralement nuageux"
"1957-06-24 08:00","1957","06","24","08:00"," ","18,30","","13,30","","73,00","","5,00","","13,00","","25,00","","98,40","","","","","","Généralement nuageux"
"1957-06-24 09:00","1957","06","24","09:00"," ","19,40","","12,80","","65,00","","9,00","","10,00","","25,00","","98,39","","","","","","Généralement nuageux"
"1957-06-24 10:00","1957","06","24","10:00"," ","20,00","","12,80","","63,00","","5,00","","13,00","","25,00","","98,39","","","","","","Généralement nuageux"
"1957-06-24 11:00","1957","06","24","11:00"," ","21,10","","17,80","","81,00","","9,00","","6,00","","25,00","","98,31","","27,00","","","","Généralement nuageux"
"1957-06-24 12:00","1957","06","24","12:00"," ","21,10","","10,00","","49,00","","5,00","","6,00","","25,00","","98,30","","","","","","Nuageux"
"1957-06-24 13:00","1957","06","24","13:00"," ","21,70","","14,40","","64,00","","36,00","","6,00","","25,00","","98,24","","25,00","","","","Nuageux"
"1957-06-24 14:00","1957","06","24","14:00"," ","22,20","","15,00","","64,00","","27,00","","3,00","","25,00","","98,20","","26,00","","","","Nuageux"
"1957-06-24 15:00","1957","06","24","15:00"," ","21,10","","17,20","","79,00","","32,00","","19,00","","19,30","","98,07","","27,00","","","","Averses de pluie"
"1957-06-24 16:00","1957","06","24","16:00"," ","20,60","","17,80","","84,00","","34,00","","13,00","","12,90","","98,02","","26,00","","","","Averses de pluie"
"1957-06-24 17:00","1957","06","24","17:00"," ","19,40","","17,80","","90,00","","34,00","","16,00","","11,30","","98,02","","","","","","Averses de pluie"
"1957-06-24 18:00","1957","06","24","18:00"," ","18,30","","17,80","","97,00","","34,00","","13,00","","6,40","","98,01","","","","","","Averses de pluie"
"1957-06-24 19:00","1957","06","24","19:00"," ","17,20","","16,70","","97,00","","36,00","","23,00","","12,90","","97,93","","","","","","Nuageux"
"1957-06-24 20:00","1957","06","24","20:00"," ","16,70","","16,10","","97,00","","36,00","","13,00","","6,40","","97,90","","","","","","Averses de pluie,Brouillard"
"1957-06-24 21:00","1957","06","24","21:00"," ","16,10","","15,60","","97,00","","29,00","","10,00","","4,80","","97,89","","","","","","Pluie,Brouillard"
"1957-06-24 22:00","1957","06","24","22:00"," ","16,10","","15,60","","97,00","","36,00","","13,00","","3,20","","97,90","","","","","","Pluie,Brouillard"
"1957-06-24 23:00","1957","06","24","23:00"," ","16,10","","15,60","","97,00","","36,00","","16,00","","6,40","","97,78","","","","","","Pluie,Brouillard"
"1957-06-25 00:00","1957","06","25","00:00"," ","16,10","","15,60","","97,00","","34,00","","19,00","","4,80","","97,70","","","","","","Pluie,Brouillard"
"1957-06-25 01:00","1957","06","25","01:00"," ","16,10","","15,60","","97,00","","34,00","","16,00","","8,00","","97,64","","","","","","Brume sèche"
"1957-06-25 02:00","1957","06","25","02:00"," ","15,60","","15,00","","97,00","","29,00","","13,00","","8,00","","97,63","","","","","","Brume sèche"
"1957-06-25 03:00","1957","06","25","03:00"," ","15,00","","14,40","","96,00","","29,00","","10,00","","8,00","","97,61","","","","","","Brume sèche"
"1957-06-25 04:00","1957","06","25","04:00"," ","14,40","","13,90","","96,00","","27,00","","13,00","","6,40","","97,62","","","","","","Brume sèche"
"1957-06-25 05:00","1957","06","25","05:00"," ","15,00","","14,40","","96,00","","27,00","","13,00","","6,40","","97,66","","","","","","Brouillard"
"1957-06-25 06:00","1957","06","25","06:00"," ","15,00","","14,40","","96,00","","29,00","","10,00","","6,40","","97,70","","","","","","Brouillard"
"1957-06-25 07:00","1957","06","25","07:00"," ","15,00","","14,40","","96,00","","27,00","","13,00","","6,40","","97,75","","","","","","Brouillard"
"1957-06-25 08:00","1957","06","25","08:00"," ","16,10","","14,40","","90,00","","27,00","","13,00","","12,90","","97,86","","","","","","Nuageux"
"1957-06-25 09:00","1957","06","25","09:00"," ","17,20","","15,00","","87,00","","27,00","","16,00","","16,10","","97,87","","","","","","Généralement nuageux"
"1957-06-25 10:00","1957","06","25","10:00"," ","18,90","","15,60","","81,00","","25,00","","19,00","","19,30","","97,87","","","","","","Généralement nuageux"
"1957-06-25 11:00","1957","06","25","11:00"," ","18,90","","15,00","","78,00","","25,00","","10,00","","25,00","","97,87","","","","","","Généralement nuageux"
"1957-06-25 12:00","1957","06","25","12:00"," ","20,60","","16,10","","76,00","","23,00","","19,00","","25,00","","97,84","","25,00","","","","Généralement nuageux"
"1957-06-25 13:00","1957","06","25","13:00"," ","21,70","","16,70","","73,00","","18,00","","13,00","","25,00","","97,83","","27,00","","","","Généralement nuageux"
"1957-06-25 14:00","1957","06","25","14:00"," ","21,10","","16,70","","76,00","","20,00","","19,00","","25,00","","97,81","","26,00","","","","Généralement nuageux"
"1957-06-25 15:00","1957","06","25","15:00"," ","21,10","","16,10","","73,00","","20,00","","26,00","","25,00","","97,77","","26,00","","","","Généralement nuageux"
"1957-06-25 16:00","1957","06","25","16:00"," ","21,70","","15,60","","68,00","","20,00","","29,00","","25,00","","97,75","","26,00","","","","Généralement dégagé"
"1957-06-25 17:00","1957","06","25","17:00"," ","21,10","","16,10","","73,00","","20,00","","29,00","","25,00","","97,76","","26,00","","","","Généralement dégagé"
"1957-06-25 18:00","1957","06","25","18:00"," ","21,10","","16,70","","76,00","","23,00","","29,00","","16,10","","97,79","","26,00","","","","Généralement dégagé"
"1957-06-25 19:00","1957","06","25","19:00"," ","21,10","","16,10","","73,00","","23,00","","16,00","","12,90","","97,82","","26,00","","","","Généralement dégagé"
"1957-06-25 20:00","1957","06","25","20:00"," ","18,90","","16,70","","87,00","","23,00","","16,00","","11,30","","97,87","","","","","","Généralement dégagé"
"1957-06-25 21:00","1957","06","25","21:00"," ","17,20","","15,60","","90,00","","20,00","","13,00","","9,70","","97,94","","","","","","Brume sèche"
"1957-06-25 22:00","1957","06","25","22:00"," ","16,70","","15,00","","90,00","","23,00","","10,00","","9,70","","98,00","","","","","","Brume sèche"
"1957-06-25 23:00","1957","06","25","23:00"," ","15,00","","14,40","","96,00","","0,00","","0,00","","8,00","","98,04","","","","","","Brume sèche"
"1957-06-26 00:00","1957","06","26","00:00"," ","15,00","","13,90","","93,00","","20,00","","3,00","","8,00","","98,05","","","","","","Brume sèche"
"1957-06-26 01:00","1957","06","26","01:00"," ","14,40","","13,90","","96,00","","0,00","","0,00","","4,80","","98,06","","","","","","Brouillard"
"1957-06-26 02:00","1957","06","26","02:00"," ","13,90","","13,30","","96,00","","0,00","","0,00","","4,80","","98,06","","","","","","Brouillard"
"1957-06-26 03:00","1957","06","26","03:00"," ","13,30","","12,20","","93,00","","0,00","","0,00","","4,80","","98,04","","","","","","Brouillard"
"1957-06-26 04:00","1957","06","26","04:00"," ","13,90","","11,70","","96,00","","18,00","","3,00","","4,00","","98,06","","","","","","Brouillard"
"1957-06-26 05:00","1957","06","26","05:00"," ","13,90","","13,30","","96,00","","14,00","","3,00","","4,00","","98,09","","","","","","Brouillard"
"1957-06-26 06:00","1957","06","26","06:00"," ","15,00","","14,40","","96,00","","16,00","","10,00","","6,40","","98,11","","","","","","Brouillard"
"1957-06-26 07:00","1957","06","26","07:00"," ","16,10","","15,00","","93,00","","16,00","","13,00","","6,40","","98,11","","","","","","Brouillard"
"1957-06-26 08:00","1957","06","26","08:00"," ","18,30","","15,60","","84,00","","16,00","","16,00","","6,40","","98,08","","","","","","Brume sèche"
"1957-06-26 09:00","1957","06","26","09:00"," ","20,00","","16,10","","78,00","","18,00","","26,00","","11,30","","98,06","","25,00","","","","Nuageux"
"1957-06-26 10:00","1957","06","26","10:00"," ","21,10","","17,20","","79,00","","18,00","","26,00","","11,30","","98,06","","27,00","","","","Nuageux"
"1957-06-26 11:00","1957","06","26","11:00"," ","22,20","","16,70","","71,00","","18,00","","19,00","","16,10","","98,02","","27,00","","","","Généralement nuageux"
"1957-06-26 12:00","1957","06","26","12:00"," ","22,80","","17,80","","74,00","","20,00","","19,00","","24,10","","98,01","","29,00","","","","Généralement nuageux"
"1957-06-26 13:00","1957","06","26","13:00"," ","21,70","","16,70","","73,00","","18,00","","19,00","","19,30","","97,99","","27,00","","","","Généralement nuageux"
"1957-06-26 14:00","1957","06","26","14:00"," ","23,90","","16,10","","62,00","","20,00","","32,00","","24,10","","97,94","","29,00","","","","Généralement dégagé"
"1957-06-26 15:00","1957","06","26","15:00"," ","24,40","","15,60","","58,00","","20,00","","32,00","","19,30","","97,93","","29,00","","","","Généralement dégagé"
"1957-06-26 16:00","1957","06","26","16:00"," ","23,90","","16,70","","64,00","","20,00","","26,00","","19,30","","97,92","","29,00","","","","Généralement dégagé"
"1957-06-26 17:00","1957","06","26","17:00"," ","23,90","","16,10","","62,00","","20,00","","26,00","","16,10","","97,88","","29,00","","","","Généralement nuageux"
"1957-06-26 18:00","1957","06","26","18:00"," ","22,80","","16,70","","69,00","","20,00","","13,00","","19,30","","97,84","","28,00","","","","Généralement nuageux"
"1957-06-26 19:00","1957","06","26","19:00"," ","22,20","","16,70","","71,00","","18,00","","13,00","","16,10","","97,84","","27,00","","","","Nuageux"
"1957-06-26 20:00","1957","06","26","20:00"," ","21,10","","16,10","","73,00","","20,00","","10,00","","16,10","","97,84","","26,00","","","","Généralement nuageux"
"1957-06-26 21:00","1957","06","26","21:00"," ","20,00","","16,10","","78,00","","20,00","","6,00","","16,10","","97,86","","25,00","","","","Généralement nuageux"
"1957-06-26 22:00","1957","06","26","22:00"," ","18,90","","15,60","","81,00","","18,00","","6,00","","16,10","","97,92","","","","","","Généralement dégagé"
"1957-06-26 23:00","1957","06","26","23:00"," ","17,20","","15,60","","90,00","","14,00","","6,00","","12,90","","97,92","","","","","","Généralement dégagé"
"1957-06-27 00:00","1957","06","27","00:00"," ","17,80","","16,10","","90,00","","16,00","","10,00","","12,90","","97,90","","","","","","Nuageux"
"1957-06-27 01:00","1957","06","27","01:00"," ","17,80","","16,10","","90,00","","16,00","","10,00","","12,90","","97,88","","","","","","Généralement nuageux"
"1957-06-27 02:00","1957","06","27","02:00"," ","18,30","","16,70","","90,00","","18,00","","10,00","","11,30","","97,82","","","","","","Généralement nuageux"
"1957-06-27 03:00","1957","06","27","03:00"," ","18,90","","17,20","","90,00","","20,00","","6,00","","11,30","","97,82","","","","","","Généralement nuageux"
"1957-06-27 04:00","1957","06","27","04:00"," ","18,30","","17,20","","93,00","","27,00","","3,00","","11,30","","97,84","","","","","","Nuageux"
"1957-06-27 05:00","1957","06","27","05:00"," ","18,30","","17,20","","93,00","","16,00","","6,00","","6,40","","97,84","","","","","","Brouillard"
"1957-06-27 06:00","1957","06","27","06:00"," ","18,30","","17,20","","93,00","","18,00","","10,00","","4,80","","97,84","","","","","","Brouillard"
"1957-06-27 07:00","1957","06","27","07:00"," ","18,30","","17,20","","93,00","","18,00","","10,00","","4,00","","97,85","","","","","","Brouillard"
"1957-06-27 08:00","1957","06","27","08:00"," ","19,40","","18,30","","93,00","","20,00","","13,00","","6,40","","97,85","","","","","","Brouillard"
"1957-06-27 09:00","1957","06","27","09:00"," ","20,00","","18,90","","93,00","","25,00","","13,00","","4,80","","97,87","","27,00","","","","Averses de pluie,Brouillard"
"1957-06-27 10:00","1957","06","27","10:00"," ","18,90","","18,30","","97,00","","20,00","","13,00","","3,20","","97,87","","","","","","Pluie,Brouillard"
"1957-06-27 11:00","1957","06","27","11:00"," ","19,40","","18,90","","97,00","","18,00","","10,00","","4,80","","97,87","","","","","","Pluie,Brouillard"
"1957-06-27 12:00","1957","06","27","12:00"," ","19,40","","18,90","","97,00","","0,00","","0,00","","6,40","","97,87","","","","","","Pluie,Brouillard"
"1957-06-27 13:00","1957","06","27","13:00"," ","20,60","","19,40","","93,00","","20,00","","13,00","","6,40","","97,86","","28,00","","","","Pluie,Brouillard"
"1957-06-27 14:00","1957","06","27","14:00"," ","20,60","","19,40","","93,00","","18,00","","6,00","","6,40","","97,87","","28,00","","","","Averses de pluie,Brouillard"
"1957-06-27 15:00","1957","06","27","15:00"," ","20,00","","19,40","","97,00","","18,00","","13,00","","3,20","","97,90","","27,00","","","","Pluie,Brouillard"
"1957-06-27 16:00","1957","06","27","16:00"," ","21,10","","19,40","","93,00","","18,00","","6,00","","11,30","","97,86","","28,00","","","","Nuageux"
"1957-06-27 17:00","1957","06","27","17:00"," ","21,70","","18,90","","84,00","","23,00","","13,00","","11,30","","97,83","","28,00","","","","Généralement nuageux"
"1957-06-27 18:00","1957","06","27","18:00"," ","20,60","","18,90","","90,00","","23,00","","6,00","","11,30","","97,71","","27,00","","","","Nuageux"
"1957-06-27 19:00","1957","06","27","19:00"," ","21,10","","18,30","","84,00","","18,00","","6,00","","11,30","","97,76","","27,00","","","","Nuageux"
"1957-06-27 20:00","1957","06","27","20:00"," ","20,00","","18,90","","93,00","","23,00","","10,00","","6,40","","97,76","","27,00","","","","Brume sèche"
"1957-06-27 21:00","1957","06","27","21:00"," ","19,40","","18,30","","93,00","","14,00","","6,00","","6,40","","97,76","","","","","","Brume sèche"
"1957-06-27 22:00","1957","06","27","22:00"," ","18,90","","17,80","","93,00","","16,00","","10,00","","4,80","","97,71","","","","","","Pluie,Brouillard"
"1957-06-27 23:00","1957","06","27","23:00"," ","18,30","","17,20","","93,00","","16,00","","6,00","","4,00","","97,66","","","","","","Pluie,Brouillard"
"1957-06-28 00:00","1957","06","28","00:00"," ","18,30","","17,80","","97,00","","16,00","","13,00","","4,00","","97,63","","","","","","Brouillard"
"1957-06-28 01:00","1957","06","28","01:00"," ","18,30","","17,80","","97,00","","18,00","","10,00","","4,00","","97,56","","","","","","Pluie,Brouillard"
"1957-06-28 02:00","1957","06","28","02:00"," ","18,30","","17,80","","97,00","","16,00","","10,00","","3,20","","97,54","","","","","","Pluie,Brouillard"
"1957-06-28 03:00","1957","06","28","03:00"," ","18,30","","18,30","","100,00","","16,00","","10,00","","3,20","","97,45","","","","","","Pluie,Brouillard"
"1957-06-28 04:00","1957","06","28","04:00"," ","18,30","","17,80","","97,00","","20,00","","10,00","","3,20","","97,44","","","","","","Brouillard"
"1957-06-28 05:00","1957","06","28","05:00"," ","18,30","","17,80","","97,00","","18,00","","16,00","","2,40","","97,36","","","","","","Pluie,Brouillard"
"1957-06-28 06:00","1957","06","28","06:00"," ","18,90","","18,30","","97,00","","18,00","","13,00","","4,80","","97,30","","","","","","Pluie,Brouillard"
"1957-06-28 07:00","1957","06","28","07:00"," ","18,90","","18,30","","97,00","","16,00","","19,00","","4,00","","97,28","","","","","","Brouillard"
"1957-06-28 08:00","1957","06","28","08:00"," ","18,90","","18,30","","97,00","","18,00","","23,00","","4,00","","97,23","","","","","","Brouillard"
"1957-06-28 09:00","1957","06","28","09:00"," ","18,90","","18,30","","97,00","","18,00","","13,00","","4,80","","97,18","","","","","","Pluie,Brouillard"
"1957-06-28 10:00","1957","06","28","10:00"," ","19,40","","18,90","","97,00","","16,00","","32,00","","4,00","","97,08","","","","","","Pluie,Brouillard"
"1957-06-28 11:00","1957","06","28","11:00"," ","19,40","","18,90","","97,00","","20,00","","16,00","","3,20","","96,98","","","","","","Pluie,Brouillard"
"1957-06-28 12:00","1957","06","28","12:00"," ","19,40","","18,90","","97,00","","16,00","","29,00","","6,40","","96,89","","","","","","Pluie,Brouillard"
"1957-06-28 13:00","1957","06","28","13:00"," ","19,40","","18,90","","97,00","","18,00","","26,00","","12,90","","96,82","","","","","","Nuageux"
"1957-06-28 14:00","1957","06","28","14:00"," ","20,60","","20,00","","97,00","","18,00","","19,00","","3,20","","96,62","","28,00","","","","Pluie,Brouillard"
"1957-06-28 15:00","1957","06","28","15:00"," ","19,40","","18,90","","97,00","","14,00","","19,00","","4,80","","96,54","","","","","","Pluie,Brouillard"
"1957-06-28 16:00","1957","06","28","16:00"," ","20,00","","19,40","","97,00","","16,00","","19,00","","16,10","","96,38","","27,00","","","","Nuageux"
"1957-06-28 17:00","1957","06","28","17:00"," ","19,40","","18,90","","97,00","","16,00","","26,00","","3,20","","96,38","","","","","","Pluie"
"1957-06-28 18:00","1957","06","28","18:00"," ","18,30","","17,80","","97,00","","16,00","","19,00","","1,60","","96,30","","","","","","Pluie,Brouillard"
"1957-06-28 19:00","1957","06","28","19:00"," ","18,30","","18,30","","100,00","","14,00","","19,00","","3,20","","96,16","","","","","","Pluie,Brouillard"
"1957-06-28 20:00","1957","06","28","20:00"," ","17,80","","17,80","","100,00","","23,00","","19,00","","3,20","","96,10","","","","","","Pluie,Brouillard"
"1957-06-28 21:00","1957","06","28","21:00"," ","17,20","","16,70","","97,00","","27,00","","16,00","","3,20","","95,99","","","","","","Pluie,Brouillard"
"1957-06-28 22:00","1957","06","28","22:00"," ","16,70","","16,10","","97,00","","29,00","","19,00","","3,20","","95,97","","","","","","Pluie,Brouillard"
"1957-06-28 23:00","1957","06","28","23:00"," ","16,70","","15,60","","93,00","","27,00","","19,00","","4,80","","95,94","","","","","","Pluie,Brouillard"
"1957-06-29 00:00","1957","06","29","00:00"," ","16,10","","15,60","","97,00","","20,00","","35,00","","4,80","","95,94","","","","","","Pluie,Brouillard"
"1957-06-29 01:00","1957","06","29","01:00"," ","16,10","","15,60","","97,00","","25,00","","40,00","","9,70","","95,94","","","","","","Pluie"
"1957-06-29 02:00","1957","06","29","02:00"," ","16,10","","15,00","","93,00","","25,00","","40,00","","9,70","","95,95","","","","","","Pluie"
"1957-06-29 03:00","1957","06","29","03:00"," ","16,10","","15,00","","93,00","","27,00","","40,00","","12,90","","95,96","","","","","","Nuageux"
"1957-06-29 04:00","1957","06","29","04:00"," ","15,00","","13,90","","93,00","","25,00","","40,00","","12,90","","96,00","","","","","","Nuageux"
"1957-06-29 05:00","1957","06","29","05:00"," ","14,40","","13,30","","93,00","","25,00","","32,00","","9,70","","96,10","","","","","","Pluie"
"1957-06-29 06:00","1957","06","29","06:00"," ","14,40","","13,30","","93,00","","25,00","","32,00","","4,80","","96,21","","","","","","Pluie,Brouillard"
"1957-06-29 07:00","1957","06","29","07:00"," ","11,70","","11,10","","96,00","","25,00","","32,00","","4,80","","96,13","","","","","","Pluie,Brouillard"
"1957-06-29 08:00","1957","06","29","08:00"," ","15,00","","14,40","","96,00","","27,00","","32,00","","4,80","","96,26","","","","","","Pluie,Brouillard"
"1957-06-29 09:00","1957","06","29","09:00"," ","17,20","","13,90","","81,00","","27,00","","42,00","","16,10","","96,25","","","","","","Généralement nuageux"
"1957-06-29 10:00","1957","06","29","10:00"," ","17,80","","14,40","","81,00","","27,00","","32,00","","25,00","","96,31","","","","","","Généralement nuageux"
"1957-06-29 11:00","1957","06","29","11:00"," ","20,00","","15,00","","73,00","","27,00","","40,00","","25,00","","96,34","","","","","","Généralement nuageux"
"1957-06-29 12:00","1957","06","29","12:00"," ","21,10","","14,40","","66,00","","27,00","","45,00","","25,00","","96,37","","25,00","","","","Généralement nuageux"
"1957-06-29 13:00","1957","06","29","13:00"," ","21,70","","14,40","","64,00","","27,00","","48,00","","25,00","","96,39","","25,00","","","","Généralement nuageux"
"1957-06-29 14:00","1957","06","29","14:00"," ","22,20","","14,40","","61,00","","27,00","","56,00","","25,00","","96,44","","26,00","","","","Généralement nuageux"
"1957-06-29 15:00","1957","06","29","15:00"," ","22,80","","15,00","","62,00","","25,00","","56,00","","25,00","","96,50","","27,00","","","","Généralement nuageux"
"1957-06-29 16:00","1957","06","29","16:00"," ","23,30","","15,00","","60,00","","27,00","","48,00","","25,00","","96,53","","27,00","","","","Généralement nuageux"
"1957-06-29 17:00","1957","06","29","17:00"," ","22,80","","15,00","","62,00","","27,00","","32,00","","25,00","","96,54","","27,00","","","","Généralement dégagé"
"1957-06-29 18:00","1957","06","29","18:00"," ","22,80","","15,00","","62,00","","27,00","","29,00","","25,00","","96,57","","27,00","","","","Généralement dégagé"
"1957-06-29 19:00","1957","06","29","19:00"," ","22,20","","15,60","","66,00","","25,00","","23,00","","25,00","","96,65","","27,00","","","","Généralement dégagé"
"1957-06-29 20:00","1957","06","29","20:00"," ","20,00","","16,10","","78,00","","25,00","","16,00","","25,00","","96,71","","25,00","","","","Généralement dégagé"
"1957-06-29 21:00","1957","06","29","21:00"," ","18,90","","15,00","","78,00","","25,00","","13,00","","25,00","","96,77","","","","","","Généralement dégagé"
"1957-06-29 22:00","1957","06","29","22:00"," ","18,30","","14,40","","78,00","","25,00","","16,00","","25,00","","96,78","","","","","","Généralement dégagé"
"1957-06-29 23:00","1957","06","29","23:00"," ","17,80","","14,40","","81,00","","25,00","","13,00","","25,00","","96,77","","","","","","Dégagé"
"1957-06-30 00:00","1957","06","30","00:00"," ","17,20","","13,90","","81,00","","25,00","","16,00","","25,00","","96,77","","","","","","Dégagé"
"1957-06-30 01:00","1957","06","30","01:00"," ","17,20","","13,90","","81,00","","23,00","","16,00","","25,00","","96,76","","","","","","Dégagé"
"1957-06-30 02:00","1957","06","30","02:00"," ","17,20","","13,90","","81,00","","25,00","","13,00","","25,00","","96,75","","","","","","Dégagé"
"1957-06-30 03:00","1957","06","30","03:00"," ","17,20","","13,90","","81,00","","25,00","","13,00","","25,00","","96,74","","","","","","Dégagé"
"1957-06-30 04:00","1957","06","30","04:00"," ","15,00","","13,30","","90,00","","25,00","","16,00","","25,00","","96,76","","","","","","Généralement dégagé"
"1957-06-30 05:00","1957","06","30","05:00"," ","15,00","","12,20","","84,00","","27,00","","19,00","","25,00","","96,82","","","","","","Dégagé"
"1957-06-30 06:00","1957","06","30","06:00"," ","15,60","","14,40","","93,00","","27,00","","19,00","","25,00","","96,87","","","","","","Dégagé"
"1957-06-30 07:00","1957","06","30","07:00"," ","16,10","","13,90","","87,00","","27,00","","29,00","","25,00","","96,87","","","","","","Dégagé"
"1957-06-30 08:00","1957","06","30","08:00"," ","17,80","","14,40","","81,00","","27,00","","29,00","","25,00","","96,98","","","","","","Dégagé"
"1957-06-30 09:00","1957","06","30","09:00"," ","19,40","","13,30","","68,00","","27,00","","29,00","","25,00","","97,00","","","","","","Généralement dégagé"
"1957-06-30 10:00","1957","06","30","10:00"," ","20,60","","13,30","","63,00","","27,00","","29,00","","25,00","","97,02","","","","","","Généralement dégagé"
"1957-06-30 11:00","1957","06","30","11:00"," ","21,70","","15,60","","68,00","","27,00","","29,00","","25,00","","97,06","","26,00","","","","Généralement dégagé"
"1957-06-30 12:00","1957","06","30","12:00"," ","21,70","","14,40","","64,00","","27,00","","32,00","","25,00","","97,12","","25,00","","","","Généralement dégagé"
"1957-06-30 13:00","1957","06","30","13:00"," ","22,20","","14,40","","61,00","","32,00","","35,00","","25,00","","97,15","","26,00","","","","Généralement nuageux"
"1957-06-30 14:00","1957","06","30","14:00"," ","22,20","","13,90","","59,00","","27,00","","35,00","","25,00","","97,20","","26,00","","","","Généralement nuageux"
"1957-06-30 15:00","1957","06","30","15:00"," ","22,80","","15,00","","62,00","","29,00","","39,00","","25,00","","97,24","","27,00","","","","Généralement nuageux"
"1957-06-30 16:00","1957","06","30","16:00"," ","21,70","","16,10","","71,00","","32,00","","32,00","","25,00","","97,25","","26,00","","","","Généralement dégagé"
"1957-06-30 17:00","1957","06","30","17:00"," ","21,70","","16,10","","71,00","","29,00","","23,00","","25,00","","97,32","","26,00","","","","Généralement dégagé"
"1957-06-30 18:00","1957","06","30","18:00"," ","18,90","","13,90","","73,00","","32,00","","26,00","","25,00","","97,43","","","","","","Généralement nuageux"
"1957-06-30 19:00","1957","06","30","19:00"," ","18,30","","13,90","","75,00","","29,00","","23,00","","25,00","","97,54","","","","","","Généralement nuageux"
"1957-06-30 20:00","1957","06","30","20:00"," ","17,20","","12,80","","75,00","","32,00","","16,00","","25,00","","97,59","","","","","","Généralement nuageux"
"1957-06-30 21:00","1957","06","30","21:00"," ","16,70","","12,80","","78,00","","34,00","","10,00","","25,00","","97,69","","","","","","Généralement nuageux"
"1957-06-30 22:00","1957","06","30","22:00"," ","15,00","","11,70","","81,00","","32,00","","10,00","","25,00","","97,75","","","","","","Généralement dégagé"
"1957-06-30 23:00","1957","06","30","23:00"," ","13,90","","11,10","","83,00","","32,00","","10,00","","25,00","","97,83","","","","","","Généralement nuageux"
