"Nom de la Station","WHITEHORSE A"
"Province","YUKON TERRITORY"
"Latitude","60,71"
"Longitude","-135,07"
"Altitude","706,20"
"Identification Climat","2101300"
"Identification OMM","71964"
"Identification TC","YXY"
"Toutes les heures sont exprimées en heure normale locale (HNL). Pour convertir l'heure locale en heure avancée de l'Est (HAE), ajoutez 1 heure s'il y a lieu."

"Légende"
"M","Données Manquantes"
"E","Valeur Estimée"
"ND","Non Disponible"
"**","Données fournies par un partenaire, non assujetties à un révision par les Archives climatiques nationales du Canada"

"Date/Heure","Année","Mois","Jour","Heure","Qualité des Données","Temp (°C)","Temp Indicateur","Point de rosée (°C)","Point de rosée Indicateur","Hum. rel (%)","Hum. rel. Indicateur","Dir. du vent (10s deg)","Dir. du vent Indicateur","Vit. du vent (km/h)","Vit. du vent Indicateur","Visibilité (km)","Visibilité Indicateur","Pression à la station (kPa)","Pression à la station Indicateur","Hmdx","Hmdx Indicateur","Refroid. éolien","Refroid. éolien Indicateur","Temps"
"2001-02-01 00:00","2001","02","01","00:00"," ","-0,50","","-3,30","","81,00","","16,00","","28,00","","64,40","","91,10","","","","-7,00","","Généralement nuageux"
"2001-02-01 01:00","2001","02","01","01:00"," ","-0,90","","-4,00","","79,00","","15,00","","15,00","","64,40","","91,16","","","","-6,00","","Généralement nuageux"
"2001-02-01 02:00","2001","02","01","02:00"," ","-0,80","","-3,80","","80,00","","21,00","","13,00","","64,40","","91,19","","","","-5,00","","Généralement nuageux"
"2001-02-01 03:00","2001","02","01","03:00"," ","0,10","","-3,40","","77,00","","17,00","","22,00","","64,40","","91,22","","","","","","Généralement nuageux"
"2001-02-01 04:00","2001","02","01","04:00"," ","0,60","","-4,10","","71,00","","16,00","","28,00","","64,40","","91,29","","","","","","Généralement dégagé"
"2001-02-01 05:00","2001","02","01","05:00"," ","-0,40","","-5,20","","70,00","","16,00","","15,00","","64,40","","91,25","","","","-5,00","","Généralement dégagé"
"2001-02-01 06:00","2001","02","01","06:00"," ","-1,50","","-5,80","","72,00","","17,00","","15,00","","64,40","","91,29","","","","-6,00","","Généralement dégagé"
"2001-02-01 07:00","2001","02","01","07:00"," ","-2,10","","-6,40","","72,00","","18,00","","19,00","","64,40","","91,29","","","","-8,00","","Généralement nuageux"
"2001-02-01 08:00","2001","02","01","08:00"," ","-2,10","","-6,60","","71,00","","18,00","","26,00","","64,40","","91,29","","","","-9,00","","Généralement dégagé"
"2001-02-01 09:00","2001","02","01","09:00"," ","-2,30","","-6,70","","72,00","","17,00","","22,00","","64,40","","91,22","","","","-8,00","","Généralement dégagé"
"2001-02-01 10:00","2001","02","01","10:00"," ","-2,20","","-6,60","","72,00","","16,00","","19,00","","64,40","","91,38","","","","-8,00","","Généralement dégagé"
"2001-02-01 11:00","2001","02","01","11:00"," ","-1,80","","-6,00","","73,00","","18,00","","19,00","","64,40","","91,41","","","","-7,00","","Généralement nuageux"
"2001-02-01 12:00","2001","02","01","12:00"," ","-0,50","","-5,10","","71,00","","17,00","","19,00","","48,30","","91,51","","","","-6,00","","Généralement nuageux"
"2001-02-01 13:00","2001","02","01","13:00"," ","0,40","","-4,40","","70,00","","17,00","","20,00","","64,40","","91,51","","","","","","Généralement nuageux"
"2001-02-01 14:00","2001","02","01","14:00"," ","0,60","","-6,40","","59,00","","16,00","","22,00","","64,40","","91,57","","","","","","Généralement nuageux"
"2001-02-01 15:00","2001","02","01","15:00"," ","0,40","","-7,30","","56,00","","17,00","","19,00","","64,40","","91,60","","","","","","Généralement dégagé"
"2001-02-01 16:00","2001","02","01","16:00"," ","1,70","","-10,10","","41,00","","18,00","","17,00","","64,40","","91,60","","","","","","Généralement dégagé"
"2001-02-01 17:00","2001","02","01","17:00"," ","-1,50","","-8,70","","58,00","","18,00","","17,00","","64,40","","91,60","","","","-7,00","","Dégagé"
"2001-02-01 18:00","2001","02","01","18:00"," ","-3,10","","-9,00","","64,00","","0,00","","0,00","","64,40","","91,63","","","","","","Dégagé"
"2001-02-01 19:00","2001","02","01","19:00"," ","-6,60","","-10,60","","73,00","","17,00","","7,00","","64,40","","91,63","","","","-10,00","","Dégagé"
"2001-02-01 20:00","2001","02","01","20:00"," ","-8,60","","-12,30","","75,00","","24,00","","7,00","","64,40","","91,60","","","","-12,00","","Dégagé"
"2001-02-01 21:00","2001","02","01","21:00"," ","-8,30","","-12,40","","72,00","","24,00","","4,00","","64,40","","91,57","","","","-10,00","","Dégagé"
"2001-02-01 22:00","2001","02","01","22:00"," ","-10,80","","-14,60","","74,00","","15,00","","6,00","","64,40","","91,54","","","","-14,00","","Généralement dégagé"
"2001-02-01 23:00","2001","02","01","23:00"," ","-10,60","","-14,20","","75,00","","23,00","","4,00","","32,20","","91,48","","","","-13,00","","Nuageux"
"2001-02-02 00:00","2001","02","02","00:00"," ","-10,20","","-13,70","","75,00","","0,00","","0,00","","32,20","","91,44","","","","","","Nuageux"
"2001-02-02 01:00","2001","02","02","01:00"," ","-10,10","","-13,70","","75,00","","0,00","","0,00","","32,20","","91,44","","","","","","Nuageux"
"2001-02-02 02:00","2001","02","02","02:00"," ","-9,80","","-13,30","","76,00","","0,00","","0,00","","32,20","","91,44","","","","","","Nuageux"
"2001-02-02 03:00","2001","02","02","03:00"," ","-9,60","","-13,00","","76,00","","0,00","","0,00","","32,20","","91,41","","","","","","Nuageux"
"2001-02-02 04:00","2001","02","02","04:00"," ","-9,00","","-12,40","","76,00","","0,00","","0,00","","32,20","","91,35","","","","","","Nuageux"
"2001-02-02 05:00","2001","02","02","05:00"," ","-8,80","","-12,40","","75,00","","0,00","","0,00","","24,10","","91,29","","","","","","Neige"
"2001-02-02 06:00","2001","02","02","06:00"," ","-8,70","","-11,80","","78,00","","0,00","","0,00","","4,80","","91,25","","","","","","Neige"
"2001-02-02 07:00","2001","02","02","07:00"," ","-8,20","","-11,20","","79,00","","0,00","","0,00","","6,40","","91,22","","","","","","Neige"
"2001-02-02 08:00","2001","02","02","08:00"," ","-8,10","","-11,00","","80,00","","0,00","","0,00","","4,80","","91,22","","","","","","Neige"
"2001-02-02 09:00","2001","02","02","09:00"," ","-8,10","","-10,70","","82,00","","0,00","","0,00","","4,80","","91,22","","","","","","Neige"
"2001-02-02 10:00","2001","02","02","10:00"," ","-8,10","","-11,10","","79,00","","0,00","","0,00","","48,30","","91,22","","","","","","Généralement nuageux"
"2001-02-02 11:00","2001","02","02","11:00"," ","-7,90","","-11,70","","74,00","","0,00","","0,00","","64,40","","91,29","","","","","","Généralement nuageux"
"2001-02-02 12:00","2001","02","02","12:00"," ","-7,10","","-10,80","","75,00","","0,00","","0,00","","64,40","","91,25","","","","","","Généralement nuageux"
"2001-02-02 13:00","2001","02","02","13:00"," ","-6,50","","-10,30","","74,00","","0,00","","0,00","","64,40","","91,22","","","","","","Généralement nuageux"
"2001-02-02 14:00","2001","02","02","14:00"," ","-5,10","","-9,70","","70,00","","13,00","","6,00","","64,40","","91,25","","","","-8,00","","Généralement nuageux"
"2001-02-02 15:00","2001","02","02","15:00"," ","-4,30","","-7,90","","76,00","","0,00","","0,00","","64,40","","91,25","","","","","","Généralement nuageux"
"2001-02-02 16:00","2001","02","02","16:00"," ","-4,30","","-7,90","","76,00","","14,00","","7,00","","64,40","","91,22","","","","-7,00","","Généralement nuageux"
"2001-02-02 17:00","2001","02","02","17:00"," ","-3,90","","-6,80","","80,00","","16,00","","19,00","","64,40","","91,22","","","","-10,00","","Généralement nuageux"
"2001-02-02 18:00","2001","02","02","18:00"," ","-3,80","","-6,80","","80,00","","19,00","","11,00","","64,40","","91,25","","","","-8,00","","Généralement nuageux"
"2001-02-02 19:00","2001","02","02","19:00"," ","-3,60","","-6,80","","78,00","","16,00","","17,00","","64,40","","91,25","","","","-9,00","","Généralement nuageux"
"2001-02-02 20:00","2001","02","02","20:00"," ","-3,90","","-7,10","","78,00","","17,00","","15,00","","64,40","","91,32","","","","-9,00","","Généralement nuageux"
"2001-02-02 21:00","2001","02","02","21:00"," ","-4,70","","-7,60","","80,00","","17,00","","15,00","","64,40","","91,38","","","","-10,00","","Généralement nuageux"
"2001-02-02 22:00","2001","02","02","22:00"," ","-4,70","","-7,70","","79,00","","18,00","","26,00","","64,40","","91,38","","","","-12,00","","Généralement nuageux"
"2001-02-02 23:00","2001","02","02","23:00"," ","-4,30","","-7,30","","80,00","","21,00","","7,00","","64,40","","91,44","","","","-7,00","","Généralement nuageux"
"2001-02-03 00:00","2001","02","03","00:00"," ","-4,10","","-7,20","","79,00","","19,00","","20,00","","64,40","","91,51","","","","-10,00","","Généralement dégagé"
"2001-02-03 01:00","2001","02","03","01:00"," ","-4,40","","-7,20","","81,00","","21,00","","19,00","","64,40","","91,57","","","","-11,00","","Généralement nuageux"
"2001-02-03 02:00","2001","02","03","02:00"," ","-4,10","","-6,90","","81,00","","19,00","","20,00","","16,10","","91,60","","","","-10,00","","Nuageux"
"2001-02-03 03:00","2001","02","03","03:00"," ","-4,10","","-6,70","","82,00","","19,00","","28,00","","16,10","","91,70","","","","-12,00","","Généralement nuageux"
"2001-02-03 04:00","2001","02","03","04:00"," ","-4,40","","-7,10","","81,00","","21,00","","17,00","","16,10","","91,76","","","","-10,00","","Nuageux"
"2001-02-03 05:00","2001","02","03","05:00"," ","-4,30","","-6,90","","82,00","","18,00","","24,00","","16,10","","91,79","","","","-11,00","","Généralement nuageux"
"2001-02-03 06:00","2001","02","03","06:00"," ","-4,20","","-6,70","","83,00","","0,00","","0,00","","16,10","","91,86","","","","","","Nuageux"
"2001-02-03 07:00","2001","02","03","07:00"," ","-6,80","","-9,80","","79,00","","1,00","","9,00","","16,10","","91,95","","","","-11,00","","Nuageux"
"2001-02-03 08:00","2001","02","03","08:00"," ","-7,40","","-10,40","","79,00","","35,00","","7,00","","16,10","","92,04","","","","-11,00","","Nuageux"
"2001-02-03 09:00","2001","02","03","09:00"," ","-6,60","","-9,70","","79,00","","0,00","","0,00","","16,10","","92,14","","","","","","Nuageux"
"2001-02-03 10:00","2001","02","03","10:00"," ","-6,90","","-10,10","","78,00","","0,00","","0,00","","16,10","","92,20","","","","","","Nuageux"
"2001-02-03 11:00","2001","02","03","11:00"," ","-6,80","","-9,90","","79,00","","3,00","","4,00","","16,10","","92,33","","","","-9,00","","Nuageux"
"2001-02-03 12:00","2001","02","03","12:00"," ","-6,40","","-9,40","","79,00","","2,00","","6,00","","16,10","","92,46","","","","-9,00","","Nuageux"
"2001-02-03 13:00","2001","02","03","13:00"," ","-5,90","","-8,40","","82,00","","26,00","","4,00","","64,40","","92,55","","","","-8,00","","Généralement nuageux"
"2001-02-03 14:00","2001","02","03","14:00"," ","-5,20","","-8,70","","76,00","","1,00","","4,00","","64,40","","92,65","","","","-7,00","","Généralement nuageux"
"2001-02-03 15:00","2001","02","03","15:00"," ","-4,10","","-11,60","","56,00","","1,00","","9,00","","64,40","","92,74","","","","-8,00","","Généralement nuageux"
"2001-02-03 16:00","2001","02","03","16:00"," ","-2,70","","-12,60","","46,00","","0,00","","0,00","","64,40","","92,80","","","","","","Généralement nuageux"
"2001-02-03 17:00","2001","02","03","17:00"," ","-4,40","","-13,00","","51,00","","0,00","","0,00","","64,40","","92,93","","","","","","Généralement dégagé"
"2001-02-03 18:00","2001","02","03","18:00"," ","-6,70","","-12,00","","66,00","","23,00","","7,00","","64,40","","92,96","","","","-10,00","","Généralement dégagé"
"2001-02-03 19:00","2001","02","03","19:00"," ","-8,20","","-13,50","","66,00","","24,00","","6,00","","64,40","","93,03","","","","-11,00","","Généralement dégagé"
"2001-02-03 20:00","2001","02","03","20:00"," ","-11,40","","-16,30","","67,00","","36,00","","6,00","","64,40","","93,09","","","","-15,00","","Généralement dégagé"
"2001-02-03 21:00","2001","02","03","21:00"," ","-11,80","","-16,80","","66,00","","0,00","","0,00","","64,40","","93,12","","","","","","Dégagé"
"2001-02-03 22:00","2001","02","03","22:00"," ","-15,30","","-19,30","","71,00","","0,00","","0,00","","64,40","","93,12","","","","","","Dégagé"
"2001-02-03 23:00","2001","02","03","23:00"," ","-14,10","","-19,00","","66,00","","0,00","","0,00","","64,40","","93,21","","","","","","Dégagé"
"2001-02-04 00:00","2001","02","04","00:00"," ","-15,00","","-19,00","","71,00","","16,00","","9,00","","64,40","","93,28","","","","-21,00","","Dégagé"
"2001-02-04 01:00","2001","02","04","01:00"," ","-15,90","","-20,50","","68,00","","12,00","","9,00","","64,40","","93,28","","","","-22,00","","Généralement dégagé"
"2001-02-04 02:00","2001","02","04","02:00"," ","-16,20","","-20,20","","71,00","","15,00","","7,00","","64,40","","93,28","","","","-21,00","","Généralement dégagé"
"2001-02-04 03:00","2001","02","04","03:00"," ","-14,50","","-18,50","","72,00","","36,00","","9,00","","64,40","","93,28","","","","-20,00","","Généralement dégagé"
"2001-02-04 04:00","2001","02","04","04:00"," ","-14,00","","-18,20","","70,00","","0,00","","0,00","","64,40","","93,28","","","","","","Généralement dégagé"
"2001-02-04 05:00","2001","02","04","05:00"," ","-14,60","","-18,70","","71,00","","0,00","","0,00","","64,40","","93,25","","","","","","Généralement dégagé"
"2001-02-04 06:00","2001","02","04","06:00"," ","-13,80","","-17,90","","71,00","","15,00","","19,00","","64,40","","93,21","","","","-22,00","","Généralement dégagé"
"2001-02-04 07:00","2001","02","04","07:00"," ","-12,30","","-16,70","","70,00","","16,00","","7,00","","64,40","","93,21","","","","-17,00","","Généralement dégagé"
"2001-02-04 08:00","2001","02","04","08:00"," ","-12,00","","-16,40","","70,00","","14,00","","15,00","","64,40","","93,21","","","","-19,00","","Généralement dégagé"
"2001-02-04 09:00","2001","02","04","09:00"," ","-10,40","","-15,40","","67,00","","18,00","","28,00","","64,40","","93,18","","","","-20,00","","Généralement dégagé"
"2001-02-04 10:00","2001","02","04","10:00"," ","-11,70","","-16,20","","69,00","","18,00","","11,00","","64,40","","93,21","","","","-18,00","","Généralement dégagé"
"2001-02-04 11:00","2001","02","04","11:00"," ","-10,50","","-15,50","","67,00","","0,00","","0,00","","64,40","","93,25","","","","","","Généralement dégagé"
"2001-02-04 12:00","2001","02","04","12:00"," ","-8,80","","-14,30","","64,00","","18,00","","24,00","","64,40","","93,28","","","","-17,00","","Généralement dégagé"
"2001-02-04 13:00","2001","02","04","13:00"," ","-7,20","","-13,40","","61,00","","15,00","","9,00","","64,40","","93,31","","","","-12,00","","Généralement nuageux"
"2001-02-04 14:00","2001","02","04","14:00"," ","-7,80","","-13,90","","62,00","","0,00","","0,00","","64,40","","93,31","","","","","","Généralement dégagé"
"2001-02-04 15:00","2001","02","04","15:00"," ","-7,90","","-13,10","","66,00","","0,00","","0,00","","64,40","","93,34","","","","","","Généralement dégagé"
"2001-02-04 16:00","2001","02","04","16:00"," ","-7,90","","-13,70","","63,00","","20,00","","9,00","","64,40","","93,40","","","","-12,00","","Généralement dégagé"
"2001-02-04 17:00","2001","02","04","17:00"," ","-11,00","","-15,00","","72,00","","21,00","","7,00","","64,40","","93,40","","","","-15,00","","Généralement dégagé"
"2001-02-04 18:00","2001","02","04","18:00"," ","-12,80","","-16,20","","76,00","","15,00","","9,00","","64,40","","93,47","","","","-18,00","","Généralement dégagé"
"2001-02-04 19:00","2001","02","04","19:00"," ","-14,70","","-17,80","","77,00","","17,00","","6,00","","64,40","","93,50","","","","-19,00","","Généralement dégagé"
"2001-02-04 20:00","2001","02","04","20:00"," ","-15,40","","-18,80","","75,00","","17,00","","7,00","","64,40","","93,53","","","","-20,00","","Généralement dégagé"
"2001-02-04 21:00","2001","02","04","21:00"," ","-17,00","","-20,60","","74,00","","0,00","","0,00","","64,40","","93,59","","","","","","Généralement dégagé"
"2001-02-04 22:00","2001","02","04","22:00"," ","-17,70","","-21,40","","73,00","","0,00","","0,00","","64,40","","93,63","","","","","","Généralement dégagé"
"2001-02-04 23:00","2001","02","04","23:00"," ","-18,10","","-21,20","","77,00","","0,00","","0,00","","64,40","","93,69","","","","","","Généralement dégagé"
"2001-02-05 00:00","2001","02","05","00:00"," ","-19,20","","-22,40","","76,00","","0,00","","0,00","","64,40","","93,72","","","","","","Généralement dégagé"
"2001-02-05 01:00","2001","02","05","01:00"," ","-17,90","","-21,90","","71,00","","0,00","","0,00","","64,40","","93,75","","","","","","Généralement dégagé"
"2001-02-05 02:00","2001","02","05","02:00"," ","-18,60","","-23,60","","65,00","","0,00","","0,00","","64,40","","93,78","","","","","","Généralement dégagé"
"2001-02-05 03:00","2001","02","05","03:00"," ","-18,60","","-23,50","","65,00","","18,00","","6,00","","64,40","","93,88","","","","-23,00","","Généralement dégagé"
"2001-02-05 04:00","2001","02","05","04:00"," ","-19,10","","-24,40","","63,00","","0,00","","0,00","","64,40","","93,91","","","","","","Généralement dégagé"
"2001-02-05 05:00","2001","02","05","05:00"," ","-20,00","","-25,70","","60,00","","0,00","","0,00","","64,40","","93,94","","","","","","Dégagé"
"2001-02-05 06:00","2001","02","05","06:00"," ","-21,00","","-26,30","","62,00","","17,00","","7,00","","64,40","","94,01","","","","-27,00","","Dégagé"
"2001-02-05 07:00","2001","02","05","07:00"," ","-19,90","","-25,00","","64,00","","17,00","","7,00","","64,40","","94,07","","","","-26,00","","Dégagé"
"2001-02-05 08:00","2001","02","05","08:00"," ","-20,80","","-26,30","","61,00","","21,00","","6,00","","64,40","","94,10","","","","-26,00","","Généralement dégagé"
"2001-02-05 09:00","2001","02","05","09:00"," ","-22,10","","-27,60","","61,00","","18,00","","6,00","","64,40","","94,16","","","","-27,00","","Généralement dégagé"
"2001-02-05 10:00","2001","02","05","10:00"," ","-22,20","","-27,50","","62,00","","16,00","","7,00","","64,40","","94,20","","","","-28,00","","Généralement dégagé"
"2001-02-05 11:00","2001","02","05","11:00"," ","-19,20","","-24,30","","64,00","","15,00","","9,00","","64,40","","94,29","","","","-26,00","","Généralement dégagé"
"2001-02-05 12:00","2001","02","05","12:00"," ","-18,10","","-23,30","","64,00","","15,00","","4,00","","64,40","","94,35","","","","-21,00","","Généralement nuageux"
"2001-02-05 13:00","2001","02","05","13:00"," ","-16,40","","-21,00","","68,00","","14,00","","9,00","","64,40","","94,42","","","","-22,00","","Généralement nuageux"
"2001-02-05 14:00","2001","02","05","14:00"," ","-13,40","","-19,00","","63,00","","14,00","","4,00","","64,40","","94,42","","","","-16,00","","Généralement nuageux"
"2001-02-05 15:00","2001","02","05","15:00"," ","-12,10","","-17,10","","66,00","","14,00","","9,00","","64,40","","94,42","","","","-17,00","","Généralement nuageux"
"2001-02-05 16:00","2001","02","05","16:00"," ","-10,20","","-15,80","","63,00","","0,00","","0,00","","64,40","","94,42","","","","","","Généralement dégagé"
"2001-02-05 17:00","2001","02","05","17:00"," ","-11,90","","-16,80","","67,00","","18,00","","6,00","","64,40","","94,45","","","","-16,00","","Généralement dégagé"
"2001-02-05 18:00","2001","02","05","18:00"," ","-15,20","","-19,20","","71,00","","20,00","","4,00","","64,40","","94,48","","","","-18,00","","Généralement dégagé"
"2001-02-05 19:00","2001","02","05","19:00"," ","-17,90","","-22,70","","66,00","","0,00","","0,00","","64,40","","94,48","","","","","","Dégagé"
"2001-02-05 20:00","2001","02","05","20:00"," ","-18,90","","-24,00","","64,00","","0,00","","0,00","","64,40","","94,45","","","","","","Dégagé"
"2001-02-05 21:00","2001","02","05","21:00"," ","-19,40","","-24,60","","63,00","","0,00","","0,00","","64,40","","94,45","","","","","","Dégagé"
"2001-02-05 22:00","2001","02","05","22:00"," ","-20,00","","-25,60","","61,00","","0,00","","0,00","","64,40","","94,45","","","","","","Dégagé"
"2001-02-05 23:00","2001","02","05","23:00"," ","-19,80","","-24,60","","66,00","","0,00","","0,00","","64,40","","94,45","","","","","","Dégagé"
"2001-02-06 00:00","2001","02","06","00:00"," ","-22,10","","-27,70","","60,00","","0,00","","0,00","","64,40","","94,42","","","","","","Dégagé"
"2001-02-06 01:00","2001","02","06","01:00"," ","-21,00","","-26,40","","62,00","","0,00","","0,00","","64,40","","94,42","","","","","","Dégagé"
"2001-02-06 02:00","2001","02","06","02:00"," ","-21,00","","-27,00","","58,00","","0,00","","0,00","","64,40","","94,39","","","","","","Dégagé"
"2001-02-06 03:00","2001","02","06","03:00"," ","-17,70","","-23,20","","62,00","","12,00","","7,00","","64,40","","94,29","","","","-23,00","","Dégagé"
"2001-02-06 04:00","2001","02","06","04:00"," ","-15,60","","-20,60","","65,00","","9,00","","11,00","","64,40","","94,23","","","","-22,00","","Dégagé"
"2001-02-06 05:00","2001","02","06","05:00"," ","-16,20","","-21,20","","65,00","","18,00","","11,00","","64,40","","94,16","","","","-23,00","","Généralement dégagé"
"2001-02-06 06:00","2001","02","06","06:00"," ","-15,80","","-20,80","","65,00","","17,00","","19,00","","64,40","","94,20","","","","-25,00","","Généralement nuageux"
"2001-02-06 07:00","2001","02","06","07:00"," ","-16,20","","-21,20","","65,00","","14,00","","4,00","","32,20","","94,16","","","","-19,00","","Nuageux"
"2001-02-06 08:00","2001","02","06","08:00"," ","-17,00","","-22,20","","64,00","","17,00","","15,00","","32,20","","94,10","","","","-25,00","","Nuageux"
"2001-02-06 09:00","2001","02","06","09:00"," ","-18,30","","-23,70","","63,00","","15,00","","7,00","","32,20","","94,07","","","","-24,00","","Généralement dégagé"
"2001-02-06 10:00","2001","02","06","10:00"," ","-18,90","","-24,40","","62,00","","0,00","","0,00","","64,40","","94,07","","","","","","Généralement dégagé"
"2001-02-06 11:00","2001","02","06","11:00"," ","-17,90","","-23,60","","61,00","","13,00","","7,00","","64,40","","94,07","","","","-23,00","","Cristaux de glace"
"2001-02-06 12:00","2001","02","06","12:00"," ","-17,10","","-22,80","","61,00","","15,00","","6,00","","64,40","","94,01","","","","-22,00","","Cristaux de glace"
"2001-02-06 13:00","2001","02","06","13:00"," ","-14,20","","-19,40","","65,00","","16,00","","9,00","","64,40","","93,94","","","","-20,00","","Cristaux de glace"
"2001-02-06 14:00","2001","02","06","14:00"," ","-13,40","","-17,80","","69,00","","17,00","","13,00","","64,40","","93,85","","","","-20,00","","Généralement nuageux"
"2001-02-06 15:00","2001","02","06","15:00"," ","-12,80","","-17,50","","68,00","","26,00","","13,00","","64,40","","93,78","","","","-20,00","","Généralement nuageux"
"2001-02-06 16:00","2001","02","06","16:00"," ","-12,60","","-17,60","","66,00","","19,00","","30,00","","64,40","","93,72","","","","-23,00","","Généralement nuageux"
"2001-02-06 17:00","2001","02","06","17:00"," ","-13,10","","-17,90","","67,00","","19,00","","28,00","","64,40","","93,63","","","","-23,00","","Généralement nuageux"
"2001-02-06 18:00","2001","02","06","18:00"," ","-13,10","","-17,90","","67,00","","19,00","","28,00","","64,40","","93,56","","","","-23,00","","Nuageux"
"2001-02-06 19:00","2001","02","06","19:00"," ","-13,20","","-18,10","","67,00","","18,00","","30,00","","64,40","","93,50","","","","-24,00","","Généralement nuageux"
"2001-02-06 20:00","2001","02","06","20:00"," ","-13,10","","-18,00","","67,00","","19,00","","28,00","","64,40","","93,47","","","","-23,00","","Généralement nuageux"
"2001-02-06 21:00","2001","02","06","21:00"," ","-13,00","","-17,80","","67,00","","17,00","","28,00","","64,40","","93,40","","","","-23,00","","Généralement nuageux"
"2001-02-06 22:00","2001","02","06","22:00"," ","-12,70","","-17,70","","66,00","","19,00","","26,00","","64,40","","93,40","","","","-22,00","","Généralement dégagé"
"2001-02-06 23:00","2001","02","06","23:00"," ","-12,20","","-17,00","","67,00","","19,00","","26,00","","64,40","","93,34","","","","-22,00","","Nuageux"
"2001-02-07 00:00","2001","02","07","00:00"," ","-11,70","","-16,70","","66,00","","18,00","","28,00","","64,40","","93,31","","","","-21,00","","Nuageux"
"2001-02-07 01:00","2001","02","07","01:00"," ","-11,50","","-16,40","","67,00","","18,00","","32,00","","64,40","","93,25","","","","-22,00","","Neige"
"2001-02-07 02:00","2001","02","07","02:00"," ","-11,90","","-16,30","","70,00","","18,00","","33,00","","9,70","","93,18","","","","-22,00","","Neige"
"2001-02-07 03:00","2001","02","07","03:00"," ","-11,50","","-15,60","","72,00","","18,00","","26,00","","4,80","","93,15","","","","-21,00","","Neige"
"2001-02-07 04:00","2001","02","07","04:00"," ","-11,50","","-15,60","","72,00","","20,00","","26,00","","3,20","","93,03","","","","-21,00","","Neige"
"2001-02-07 05:00","2001","02","07","05:00"," ","-11,30","","-15,50","","71,00","","19,00","","26,00","","3,20","","93,12","","","","-21,00","","Neige"
"2001-02-07 06:00","2001","02","07","06:00"," ","-11,30","","-15,20","","73,00","","18,00","","17,00","","1,60","","93,12","","","","-19,00","","Neige"
"2001-02-07 07:00","2001","02","07","07:00"," ","-11,00","","-14,80","","73,00","","16,00","","15,00","","1,60","","93,12","","","","-18,00","","Neige"
"2001-02-07 08:00","2001","02","07","08:00"," ","-10,80","","-14,80","","72,00","","15,00","","13,00","","3,20","","93,09","","","","-17,00","","Neige"
"2001-02-07 09:00","2001","02","07","09:00"," ","-11,30","","-15,30","","72,00","","17,00","","11,00","","4,80","","93,15","","","","-17,00","","Neige"
"2001-02-07 10:00","2001","02","07","10:00"," ","-11,30","","-15,10","","73,00","","18,00","","9,00","","3,20","","93,15","","","","-16,00","","Neige"
"2001-02-07 11:00","2001","02","07","11:00"," ","-11,20","","-15,00","","73,00","","17,00","","4,00","","8,00","","93,15","","","","-14,00","","Neige"
"2001-02-07 12:00","2001","02","07","12:00"," ","-10,60","","-14,60","","72,00","","0,00","","0,00","","9,70","","93,18","","","","","","Neige"
"2001-02-07 13:00","2001","02","07","13:00"," ","-9,60","","-13,50","","73,00","","10,00","","6,00","","6,40","","93,15","","","","-13,00","","Neige"
"2001-02-07 14:00","2001","02","07","14:00"," ","-9,20","","-13,30","","72,00","","0,00","","0,00","","8,00","","93,15","","","","","","Neige"
"2001-02-07 15:00","2001","02","07","15:00"," ","-9,40","","-13,10","","74,00","","0,00","","0,00","","16,10","","93,12","","","","","","Neige"
"2001-02-07 16:00","2001","02","07","16:00"," ","-9,60","","-13,30","","74,00","","36,00","","7,00","","32,20","","93,09","","","","-14,00","","Neige"
"2001-02-07 17:00","2001","02","07","17:00"," ","-10,10","","-13,90","","74,00","","35,00","","9,00","","32,20","","93,09","","","","-15,00","","Généralement nuageux"
"2001-02-07 18:00","2001","02","07","18:00"," ","-10,40","","-14,30","","73,00","","33,00","","11,00","","32,20","","93,12","","","","-16,00","","Généralement nuageux"
"2001-02-07 19:00","2001","02","07","19:00"," ","-10,40","","-14,30","","73,00","","30,00","","9,00","","32,20","","93,12","","","","-15,00","","Généralement nuageux"
"2001-02-07 20:00","2001","02","07","20:00"," ","-10,50","","-14,40","","73,00","","33,00","","11,00","","16,10","","93,12","","","","-16,00","","Neige"
"2001-02-07 21:00","2001","02","07","21:00"," ","-10,60","","-14,40","","74,00","","33,00","","11,00","","16,10","","93,15","","","","-16,00","","Neige"
"2001-02-07 22:00","2001","02","07","22:00"," ","-11,00","","-14,50","","75,00","","36,00","","9,00","","16,10","","93,18","","","","-16,00","","Neige"
"2001-02-07 23:00","2001","02","07","23:00"," ","-11,20","","-14,80","","75,00","","34,00","","9,00","","16,10","","93,21","","","","-16,00","","Neige"
"2001-02-08 00:00","2001","02","08","00:00"," ","-11,50","","-15,30","","73,00","","33,00","","17,00","","16,10","","93,21","","","","-19,00","","Neige"
"2001-02-08 01:00","2001","02","08","01:00"," ","-11,90","","-15,90","","72,00","","35,00","","9,00","","6,40","","93,25","","","","-17,00","","Neige"
"2001-02-08 02:00","2001","02","08","02:00"," ","-12,10","","-15,90","","73,00","","33,00","","13,00","","9,70","","93,31","","","","-19,00","","Neige"
"2001-02-08 03:00","2001","02","08","03:00"," ","-12,70","","-16,90","","71,00","","33,00","","19,00","","16,10","","93,31","","","","-21,00","","Neige"
"2001-02-08 04:00","2001","02","08","04:00"," ","-13,40","","-17,60","","71,00","","32,00","","20,00","","16,10","","93,37","","","","-22,00","","Neige"
"2001-02-08 05:00","2001","02","08","05:00"," ","-13,40","","-17,80","","69,00","","34,00","","19,00","","9,70","","93,37","","","","-22,00","","Neige"
"2001-02-08 06:00","2001","02","08","06:00"," ","-13,40","","-17,80","","69,00","","34,00","","19,00","","16,10","","93,40","","","","-22,00","","Neige"
"2001-02-08 07:00","2001","02","08","07:00"," ","-13,90","","-18,00","","71,00","","36,00","","13,00","","16,10","","93,40","","","","-21,00","","Neige"
"2001-02-08 08:00","2001","02","08","08:00"," ","-14,30","","-18,40","","71,00","","36,00","","19,00","","16,10","","93,44","","","","-23,00","","Neige"
"2001-02-08 09:00","2001","02","08","09:00"," ","-14,30","","-18,70","","69,00","","34,00","","19,00","","24,10","","93,44","","","","-23,00","","Généralement dégagé"
"2001-02-08 10:00","2001","02","08","10:00"," ","-15,60","","-19,70","","71,00","","36,00","","7,00","","48,30","","93,50","","","","-21,00","","Généralement nuageux"
"2001-02-08 11:00","2001","02","08","11:00"," ","-15,90","","-19,70","","73,00","","34,00","","7,00","","48,30","","93,50","","","","-21,00","","Généralement nuageux"
"2001-02-08 12:00","2001","02","08","12:00"," ","-14,50","","-18,60","","71,00","","1,00","","7,00","","48,30","","93,47","","","","-19,00","","Généralement nuageux"
"2001-02-08 13:00","2001","02","08","13:00"," ","-14,10","","-18,30","","70,00","","1,00","","6,00","","48,30","","93,50","","","","-18,00","","Nuageux"
"2001-02-08 14:00","2001","02","08","14:00"," ","-13,00","","-17,50","","69,00","","0,00","","0,00","","64,40","","93,44","","","","","","Généralement nuageux"
"2001-02-08 15:00","2001","02","08","15:00"," ","-12,90","","-17,60","","68,00","","33,00","","7,00","","64,40","","93,44","","","","-17,00","","Généralement nuageux"
"2001-02-08 16:00","2001","02","08","16:00"," ","-11,90","","-16,90","","66,00","","33,00","","9,00","","64,40","","93,40","","","","-17,00","","Généralement nuageux"
"2001-02-08 17:00","2001","02","08","17:00"," ","-12,80","","-17,50","","68,00","","30,00","","9,00","","64,40","","93,37","","","","-18,00","","Généralement nuageux"
"2001-02-08 18:00","2001","02","08","18:00"," ","-15,20","","-19,80","","68,00","","28,00","","11,00","","64,40","","93,37","","","","-22,00","","Généralement dégagé"
"2001-02-08 19:00","2001","02","08","19:00"," ","-16,70","","-20,80","","70,00","","27,00","","9,00","","64,40","","93,31","","","","-23,00","","Généralement dégagé"
"2001-02-08 20:00","2001","02","08","20:00"," ","-18,30","","-22,40","","70,00","","0,00","","0,00","","64,40","","93,28","","","","","","Généralement dégagé"
"2001-02-08 21:00","2001","02","08","21:00"," ","-18,80","","-22,90","","70,00","","24,00","","11,00","","64,40","","93,21","","","","-26,00","","Généralement dégagé"
"2001-02-08 22:00","2001","02","08","22:00"," ","-20,20","","-24,10","","71,00","","18,00","","9,00","","64,40","","93,15","","","","-27,00","","Généralement dégagé"
"2001-02-08 23:00","2001","02","08","23:00"," ","-22,80","","-26,90","","69,00","","19,00","","9,00","","64,40","","93,09","","","","-30,00","","Dégagé"
"2001-02-09 00:00","2001","02","09","00:00"," ","-23,10","","-27,50","","67,00","","0,00","","0,00","","64,40","","92,99","","","","","","Dégagé"
"2001-02-09 01:00","2001","02","09","01:00"," ","-22,00","","-27,40","","62,00","","14,00","","7,00","","64,40","","92,93","","","","-28,00","","Dégagé"
"2001-02-09 02:00","2001","02","09","02:00"," ","-21,70","","-27,00","","62,00","","12,00","","6,00","","64,40","","92,90","","","","-27,00","","Dégagé"
"2001-02-09 03:00","2001","02","09","03:00"," ","-18,50","","-23,70","","64,00","","15,00","","9,00","","64,40","","92,74","","","","-25,00","","Dégagé"
"2001-02-09 04:00","2001","02","09","04:00"," ","-18,20","","-23,20","","65,00","","18,00","","13,00","","64,40","","92,71","","","","-26,00","","Dégagé"
"2001-02-09 05:00","2001","02","09","05:00"," ","-18,10","","-22,90","","66,00","","16,00","","6,00","","64,40","","92,61","","","","-23,00","","Généralement dégagé"
"2001-02-09 06:00","2001","02","09","06:00"," ","-18,70","","-23,60","","65,00","","18,00","","9,00","","64,40","","92,58","","","","-25,00","","Généralement dégagé"
"2001-02-09 07:00","2001","02","09","07:00"," ","-17,70","","-22,30","","67,00","","19,00","","15,00","","64,40","","92,55","","","","-26,00","","Généralement nuageux"
"2001-02-09 08:00","2001","02","09","08:00"," ","-17,40","","-22,00","","67,00","","19,00","","15,00","","64,40","","92,55","","","","-26,00","","Généralement nuageux"
"2001-02-09 09:00","2001","02","09","09:00"," ","-17,00","","-21,70","","67,00","","20,00","","7,00","","64,40","","92,58","","","","-22,00","","Généralement nuageux"
"2001-02-09 10:00","2001","02","09","10:00"," ","-18,10","","-22,70","","67,00","","0,00","","0,00","","64,40","","92,58","","","","","","Généralement nuageux"
"2001-02-09 11:00","2001","02","09","11:00"," ","-19,50","","-24,40","","65,00","","1,00","","9,00","","48,30","","92,68","","","","-26,00","","Généralement nuageux"
"2001-02-09 12:00","2001","02","09","12:00"," ","-18,80","","-23,40","","67,00","","35,00","","11,00","","48,30","","92,74","","","","-26,00","","Neige"
"2001-02-09 13:00","2001","02","09","13:00"," ","-18,60","","-23,20","","67,00","","35,00","","9,00","","48,30","","92,80","","","","-25,00","","Neige"
"2001-02-09 14:00","2001","02","09","14:00"," ","-18,00","","-22,60","","67,00","","34,00","","11,00","","32,20","","92,87","","","","-25,00","","Neige"
"2001-02-09 15:00","2001","02","09","15:00"," ","-16,50","","-21,20","","67,00","","34,00","","13,00","","32,20","","92,93","","","","-24,00","","Neige"
"2001-02-09 16:00","2001","02","09","16:00"," ","-15,70","","-20,40","","67,00","","35,00","","13,00","","9,70","","92,99","","","","-23,00","","Neige"
"2001-02-09 17:00","2001","02","09","17:00"," ","-14,90","","-19,60","","67,00","","36,00","","9,00","","9,70","","93,06","","","","-21,00","","Neige"
"2001-02-09 18:00","2001","02","09","18:00"," ","-15,40","","-20,10","","67,00","","33,00","","11,00","","9,70","","93,12","","","","-22,00","","Neige"
"2001-02-09 19:00","2001","02","09","19:00"," ","-15,50","","-19,30","","73,00","","32,00","","9,00","","9,70","","93,21","","","","-21,00","","Neige"
"2001-02-09 20:00","2001","02","09","20:00"," ","-14,40","","-19,50","","65,00","","33,00","","15,00","","9,70","","93,25","","","","-22,00","","Neige"
"2001-02-09 21:00","2001","02","09","21:00"," ","-14,50","","-19,50","","66,00","","33,00","","19,00","","6,40","","93,34","","","","-23,00","","Neige"
"2001-02-09 22:00","2001","02","09","22:00"," ","-14,30","","-19,30","","66,00","","33,00","","20,00","","6,40","","93,40","","","","-23,00","","Neige"
"2001-02-09 23:00","2001","02","09","23:00"," ","-14,40","","-19,50","","65,00","","36,00","","19,00","","9,70","","93,47","","","","-23,00","","Neige"
"2001-02-10 00:00","2001","02","10","00:00"," ","-14,50","","-19,70","","65,00","","35,00","","20,00","","9,70","","93,53","","","","-24,00","","Neige"
"2001-02-10 01:00","2001","02","10","01:00"," ","-14,70","","-20,10","","63,00","","32,00","","19,00","","12,90","","93,59","","","","-24,00","","Neige"
"2001-02-10 02:00","2001","02","10","02:00"," ","-15,20","","-20,70","","63,00","","32,00","","17,00","","24,10","","93,66","","","","-24,00","","Généralement nuageux"
"2001-02-10 03:00","2001","02","10","03:00"," ","-15,60","","-21,00","","63,00","","31,00","","13,00","","24,10","","93,69","","","","-23,00","","Généralement nuageux"
"2001-02-10 04:00","2001","02","10","04:00"," ","-16,00","","-21,70","","61,00","","32,00","","11,00","","32,20","","93,72","","","","-23,00","","Généralement nuageux"
"2001-02-10 05:00","2001","02","10","05:00"," ","-15,90","","-20,60","","67,00","","28,00","","11,00","","9,70","","93,75","","","","-23,00","","Neige"
"2001-02-10 06:00","2001","02","10","06:00"," ","-15,60","","-20,50","","66,00","","31,00","","13,00","","16,10","","93,82","","","","-23,00","","Neige"
"2001-02-10 07:00","2001","02","10","07:00"," ","-16,50","","-21,70","","64,00","","28,00","","9,00","","24,10","","93,85","","","","-23,00","","Généralement nuageux"
"2001-02-10 08:00","2001","02","10","08:00"," ","-16,60","","-21,30","","67,00","","36,00","","6,00","","32,20","","93,85","","","","-21,00","","Généralement nuageux"
"2001-02-10 09:00","2001","02","10","09:00"," ","-17,10","","-22,60","","62,00","","31,00","","6,00","","32,20","","93,85","","","","-22,00","","Généralement nuageux"
"2001-02-10 10:00","2001","02","10","10:00"," ","-16,80","","-22,50","","61,00","","30,00","","9,00","","48,30","","93,88","","","","-23,00","","Généralement nuageux"
"2001-02-10 11:00","2001","02","10","11:00"," ","-15,60","","-21,50","","61,00","","35,00","","4,00","","48,30","","93,85","","","","-19,00","","Généralement nuageux"
"2001-02-10 12:00","2001","02","10","12:00"," ","-14,40","","-19,70","","64,00","","1,00","","6,00","","48,30","","93,85","","","","-19,00","","Généralement nuageux"
"2001-02-10 13:00","2001","02","10","13:00"," ","-13,50","","-19,50","","61,00","","36,00","","6,00","","64,40","","93,85","","","","-18,00","","Généralement dégagé"
"2001-02-10 14:00","2001","02","10","14:00"," ","-12,50","","-19,00","","58,00","","0,00","","0,00","","64,40","","93,85","","","","","","Généralement dégagé"
"2001-02-10 15:00","2001","02","10","15:00"," ","-11,00","","-18,30","","55,00","","26,00","","7,00","","64,40","","93,78","","","","-15,00","","Généralement nuageux"
"2001-02-10 16:00","2001","02","10","16:00"," ","-10,90","","-18,30","","54,00","","24,00","","4,00","","64,40","","93,78","","","","-13,00","","Généralement dégagé"
"2001-02-10 17:00","2001","02","10","17:00"," ","-14,60","","-20,20","","62,00","","17,00","","17,00","","64,40","","93,78","","","","-23,00","","Généralement dégagé"
"2001-02-10 18:00","2001","02","10","18:00"," ","-16,10","","-21,80","","61,00","","18,00","","15,00","","64,40","","93,78","","","","-24,00","","Généralement dégagé"
"2001-02-10 19:00","2001","02","10","19:00"," ","-16,00","","-21,70","","61,00","","18,00","","15,00","","64,40","","93,75","","","","-24,00","","Généralement dégagé"
"2001-02-10 20:00","2001","02","10","20:00"," ","-16,70","","-22,20","","62,00","","18,00","","19,00","","64,40","","93,75","","","","-26,00","","Dégagé"
"2001-02-10 21:00","2001","02","10","21:00"," ","-17,50","","-22,90","","63,00","","18,00","","15,00","","64,40","","93,75","","","","-26,00","","Généralement dégagé"
"2001-02-10 22:00","2001","02","10","22:00"," ","-18,10","","-23,60","","62,00","","20,00","","15,00","","64,40","","93,72","","","","-27,00","","Dégagé"
"2001-02-10 23:00","2001","02","10","23:00"," ","-19,20","","-24,60","","62,00","","19,00","","22,00","","64,40","","93,69","","","","-30,00","","Dégagé"
"2001-02-11 00:00","2001","02","11","00:00"," ","-19,50","","-25,00","","62,00","","18,00","","20,00","","64,40","","93,69","","","","-30,00","","Dégagé"
"2001-02-11 01:00","2001","02","11","01:00"," ","-19,40","","-25,10","","61,00","","19,00","","22,00","","64,40","","93,66","","","","-30,00","","Dégagé"
"2001-02-11 02:00","2001","02","11","02:00"," ","-20,00","","-25,60","","61,00","","18,00","","22,00","","64,40","","93,63","","","","-31,00","","Dégagé"
"2001-02-11 03:00","2001","02","11","03:00"," ","-20,80","","-26,30","","61,00","","19,00","","24,00","","64,40","","93,59","","","","-32,00","","Dégagé"
"2001-02-11 04:00","2001","02","11","04:00"," ","-20,50","","-26,10","","61,00","","18,00","","26,00","","64,40","","93,59","","","","-32,00","","Dégagé"
"2001-02-11 05:00","2001","02","11","05:00"," ","-21,20","","-26,60","","62,00","","19,00","","28,00","","64,40","","93,53","","","","-34,00","","Dégagé"
"2001-02-11 06:00","2001","02","11","06:00"," ","-21,50","","-26,90","","62,00","","18,00","","28,00","","64,40","","93,50","","","","-34,00","","Dégagé"
"2001-02-11 07:00","2001","02","11","07:00"," ","-21,30","","-26,80","","61,00","","18,00","","37,00","","64,40","","93,47","","","","-35,00","","Dégagé"
"2001-02-11 08:00","2001","02","11","08:00"," ","-21,40","","-27,00","","61,00","","19,00","","30,00","","64,40","","93,44","","","","-34,00","","Généralement nuageux"
"2001-02-11 09:00","2001","02","11","09:00"," ","-20,30","","-25,90","","61,00","","20,00","","32,00","","64,40","","93,44","","","","-33,00","","Généralement nuageux"
"2001-02-11 10:00","2001","02","11","10:00"," ","-20,50","","-26,10","","61,00","","18,00","","24,00","","64,40","","93,44","","","","-32,00","","Nuageux"
"2001-02-11 11:00","2001","02","11","11:00"," ","-19,60","","-25,40","","60,00","","18,00","","30,00","","64,40","","93,37","","","","-32,00","","Nuageux"
"2001-02-11 12:00","2001","02","11","12:00"," ","-17,90","","-24,00","","59,00","","20,00","","22,00","","64,40","","93,37","","","","-28,00","","Nuageux"
"2001-02-11 13:00","2001","02","11","13:00"," ","-16,20","","-22,70","","57,00","","18,00","","24,00","","64,40","","93,37","","","","-27,00","","Généralement nuageux"
"2001-02-11 14:00","2001","02","11","14:00"," ","-15,40","","-22,00","","57,00","","17,00","","26,00","","64,40","","93,34","","","","-26,00","","Généralement nuageux"
"2001-02-11 15:00","2001","02","11","15:00"," ","-14,10","","-21,20","","55,00","","17,00","","32,00","","64,40","","93,31","","","","-25,00","","Nuageux"
"2001-02-11 16:00","2001","02","11","16:00"," ","-13,60","","-20,60","","56,00","","16,00","","19,00","","64,40","","93,31","","","","-22,00","","Nuageux"
"2001-02-11 17:00","2001","02","11","17:00"," ","-13,80","","-20,20","","58,00","","19,00","","17,00","","64,40","","93,34","","","","-22,00","","Nuageux"
"2001-02-11 18:00","2001","02","11","18:00"," ","-14,20","","-20,70","","58,00","","18,00","","20,00","","64,40","","93,34","","","","-23,00","","Nuageux"
"2001-02-11 19:00","2001","02","11","19:00"," ","-14,50","","-20,80","","59,00","","18,00","","20,00","","64,40","","93,34","","","","-24,00","","Généralement nuageux"
"2001-02-11 20:00","2001","02","11","20:00"," ","-15,30","","-21,50","","59,00","","19,00","","22,00","","64,40","","93,34","","","","-25,00","","Généralement nuageux"
"2001-02-11 21:00","2001","02","11","21:00"," ","-15,90","","-22,10","","59,00","","20,00","","22,00","","64,40","","93,34","","","","-26,00","","Généralement dégagé"
"2001-02-11 22:00","2001","02","11","22:00"," ","-15,40","","-22,00","","57,00","","18,00","","22,00","","64,40","","93,31","","","","-25,00","","Généralement nuageux"
"2001-02-11 23:00","2001","02","11","23:00"," ","-15,50","","-21,80","","58,00","","18,00","","19,00","","64,40","","93,31","","","","-25,00","","Généralement nuageux"
"2001-02-12 00:00","2001","02","12","00:00"," ","-15,40","","-21,80","","58,00","","20,00","","22,00","","64,40","","93,25","","","","-25,00","","Généralement nuageux"
"2001-02-12 01:00","2001","02","12","01:00"," ","-15,20","","-21,30","","60,00","","20,00","","22,00","","64,40","","93,21","","","","-25,00","","Généralement nuageux"
"2001-02-12 02:00","2001","02","12","02:00"," ","-15,40","","-21,60","","59,00","","19,00","","26,00","","64,40","","93,18","","","","-26,00","","Généralement dégagé"
"2001-02-12 03:00","2001","02","12","03:00"," ","-15,20","","-21,70","","58,00","","18,00","","28,00","","64,40","","93,21","","","","-26,00","","Généralement dégagé"
"2001-02-12 04:00","2001","02","12","04:00"," ","-15,90","","-22,00","","59,00","","19,00","","26,00","","64,40","","93,15","","","","-27,00","","Généralement dégagé"
"2001-02-12 05:00","2001","02","12","05:00"," ","-15,60","","-21,90","","58,00","","19,00","","30,00","","64,40","","93,12","","","","-27,00","","Généralement dégagé"
"2001-02-12 06:00","2001","02","12","06:00"," ","-15,90","","-22,10","","59,00","","19,00","","28,00","","64,40","","93,12","","","","-27,00","","Généralement dégagé"
"2001-02-12 07:00","2001","02","12","07:00"," ","-15,70","","-22,20","","57,00","","19,00","","28,00","","64,40","","93,06","","","","-27,00","","Généralement dégagé"
"2001-02-12 08:00","2001","02","12","08:00"," ","-15,50","","-21,80","","58,00","","19,00","","33,00","","64,40","","92,99","","","","-27,00","","Généralement nuageux"
"2001-02-12 09:00","2001","02","12","09:00"," ","-15,20","","-21,50","","59,00","","19,00","","33,00","","64,40","","93,03","","","","-27,00","","Généralement dégagé"
"2001-02-12 10:00","2001","02","12","10:00"," ","-14,80","","-21,60","","56,00","","19,00","","37,00","","64,40","","92,99","","","","-27,00","","Généralement nuageux"
"2001-02-12 11:00","2001","02","12","11:00"," ","-14,00","","-20,90","","56,00","","19,00","","33,00","","64,40","","92,93","","","","-25,00","","Généralement nuageux"
"2001-02-12 12:00","2001","02","12","12:00"," ","-12,90","","-20,00","","55,00","","19,00","","41,00","","64,40","","92,84","","","","-25,00","","Généralement nuageux"
"2001-02-12 13:00","2001","02","12","13:00"," ","-11,90","","-19,00","","56,00","","20,00","","28,00","","64,40","","92,77","","","","-22,00","","Généralement nuageux"
"2001-02-12 14:00","2001","02","12","14:00"," ","-10,80","","-17,20","","59,00","","17,00","","37,00","","64,40","","92,68","","","","-21,00","","Généralement nuageux"
"2001-02-12 15:00","2001","02","12","15:00"," ","-10,80","","-17,10","","60,00","","17,00","","30,00","","64,40","","92,71","","","","-21,00","","Généralement nuageux"
"2001-02-12 16:00","2001","02","12","16:00"," ","-10,10","","-16,20","","61,00","","18,00","","37,00","","64,40","","92,65","","","","-21,00","","Nuageux"
"2001-02-12 17:00","2001","02","12","17:00"," ","-9,30","","-15,10","","63,00","","18,00","","37,00","","64,40","","92,61","","","","-19,00","","Nuageux"
"2001-02-12 18:00","2001","02","12","18:00"," ","-8,80","","-14,30","","64,00","","18,00","","33,00","","64,40","","92,65","","","","-18,00","","Nuageux"
"2001-02-12 19:00","2001","02","12","19:00"," ","-8,30","","-13,20","","68,00","","21,00","","28,00","","64,40","","92,65","","","","-17,00","","Généralement nuageux"
"2001-02-12 20:00","2001","02","12","20:00"," ","-7,60","","-12,30","","69,00","","21,00","","6,00","","64,40","","92,71","","","","-11,00","","Généralement nuageux"
"2001-02-12 21:00","2001","02","12","21:00"," ","-7,40","","-11,80","","71,00","","0,00","","0,00","","64,40","","92,74","","","","","","Nuageux"
"2001-02-12 22:00","2001","02","12","22:00"," ","-7,70","","-12,20","","70,00","","36,00","","6,00","","64,40","","92,80","","","","-11,00","","Nuageux"
"2001-02-12 23:00","2001","02","12","23:00"," ","-8,50","","-12,70","","72,00","","35,00","","19,00","","4,80","","92,93","","","","-16,00","","Neige"
"2001-02-13 00:00","2001","02","13","00:00"," ","-8,30","","-11,60","","77,00","","34,00","","22,00","","1,60","","93,06","","","","-16,00","","Neige"
"2001-02-13 01:00","2001","02","13","01:00"," ","-8,00","","-11,70","","75,00","","35,00","","20,00","","3,20","","93,21","","","","-15,00","","Neige"
"2001-02-13 02:00","2001","02","13","02:00"," ","-8,70","","-12,70","","73,00","","34,00","","19,00","","9,70","","93,31","","","","-16,00","","Neige"
"2001-02-13 03:00","2001","02","13","03:00"," ","-9,10","","-13,30","","72,00","","34,00","","15,00","","9,70","","93,44","","","","-16,00","","Neige"
"2001-02-13 04:00","2001","02","13","04:00"," ","-9,40","","-13,90","","70,00","","34,00","","19,00","","6,40","","93,50","","","","-17,00","","Neige"
"2001-02-13 05:00","2001","02","13","05:00"," ","-9,70","","-13,80","","72,00","","34,00","","15,00","","9,70","","93,50","","","","-16,00","","Neige"
"2001-02-13 06:00","2001","02","13","06:00"," ","-9,70","","-13,70","","73,00","","34,00","","19,00","","9,70","","93,53","","","","-17,00","","Neige"
"2001-02-13 07:00","2001","02","13","07:00"," ","-9,60","","-13,50","","73,00","","33,00","","19,00","","3,20","","93,53","","","","-17,00","","Neige"
"2001-02-13 08:00","2001","02","13","08:00"," ","-9,50","","-13,10","","75,00","","34,00","","15,00","","3,20","","93,63","","","","-16,00","","Neige"
"2001-02-13 09:00","2001","02","13","09:00"," ","-9,40","","-12,80","","76,00","","33,00","","13,00","","2,40","","93,63","","","","-15,00","","Neige"
"2001-02-13 10:00","2001","02","13","10:00"," ","-9,10","","-12,50","","76,00","","32,00","","15,00","","2,40","","93,63","","","","-16,00","","Neige"
"2001-02-13 11:00","2001","02","13","11:00"," ","-8,20","","-11,40","","78,00","","34,00","","11,00","","1,60","","93,66","","","","-13,00","","Neige"
"2001-02-13 12:00","2001","02","13","12:00"," ","-8,90","","-12,80","","73,00","","36,00","","22,00","","0,80","","93,69","","","","-17,00","","Neige modérée"
"2001-02-13 13:00","2001","02","13","13:00"," ","-8,80","","-12,90","","72,00","","36,00","","22,00","","1,60","","93,72","","","","-17,00","","Neige"
"2001-02-13 14:00","2001","02","13","14:00"," ","-8,70","","-12,60","","73,00","","35,00","","19,00","","1,60","","93,72","","","","-16,00","","Neige"
"2001-02-13 15:00","2001","02","13","15:00"," ","-8,20","","-13,00","","68,00","","35,00","","19,00","","32,20","","93,75","","","","-15,00","","Neige"
"2001-02-13 16:00","2001","02","13","16:00"," ","-8,60","","-14,40","","63,00","","35,00","","24,00","","32,20","","93,78","","","","-17,00","","Neige"
"2001-02-13 17:00","2001","02","13","17:00"," ","-8,70","","-15,40","","58,00","","36,00","","24,00","","64,40","","93,85","","","","-17,00","","Neige"
"2001-02-13 18:00","2001","02","13","18:00"," ","-9,00","","-16,60","","54,00","","34,00","","32,00","","32,20","","93,88","","","","-18,00","","Neige"
"2001-02-13 19:00","2001","02","13","19:00"," ","-9,80","","-16,70","","57,00","","35,00","","26,00","","32,20","","93,94","","","","-19,00","","Neige"
"2001-02-13 20:00","2001","02","13","20:00"," ","-10,90","","-17,30","","59,00","","35,00","","17,00","","64,40","","94,07","","","","-18,00","","Neige"
"2001-02-13 21:00","2001","02","13","21:00"," ","-12,30","","-17,90","","63,00","","36,00","","13,00","","64,40","","94,13","","","","-19,00","","Généralement dégagé"
"2001-02-13 22:00","2001","02","13","22:00"," ","-12,90","","-18,50","","63,00","","34,00","","15,00","","64,40","","94,23","","","","-20,00","","Généralement dégagé"
"2001-02-13 23:00","2001","02","13","23:00"," ","-13,60","","-19,20","","63,00","","34,00","","11,00","","64,40","","94,39","","","","-20,00","","Généralement dégagé"
"2001-02-14 00:00","2001","02","14","00:00"," ","-13,70","","-19,10","","64,00","","30,00","","9,00","","64,40","","94,48","","","","-19,00","","Généralement dégagé"
"2001-02-14 01:00","2001","02","14","01:00"," ","-15,00","","-20,00","","66,00","","35,00","","15,00","","64,40","","94,64","","","","-23,00","","Généralement dégagé"
"2001-02-14 02:00","2001","02","14","02:00"," ","-15,30","","-20,00","","67,00","","33,00","","19,00","","64,40","","94,73","","","","-24,00","","Généralement dégagé"
"2001-02-14 03:00","2001","02","14","03:00"," ","-15,30","","-20,30","","66,00","","31,00","","15,00","","64,40","","94,86","","","","-23,00","","Généralement dégagé"
"2001-02-14 04:00","2001","02","14","04:00"," ","-18,50","","-22,50","","71,00","","27,00","","7,00","","64,40","","94,95","","","","-24,00","","Dégagé"
"2001-02-14 05:00","2001","02","14","05:00"," ","-17,30","","-21,00","","73,00","","3,00","","9,00","","64,40","","95,02","","","","-24,00","","Dégagé"
"2001-02-14 06:00","2001","02","14","06:00"," ","-19,50","","-22,60","","76,00","","0,00","","0,00","","64,40","","95,02","","","","","","Dégagé"
"2001-02-14 07:00","2001","02","14","07:00"," ","-22,10","","-27,00","","64,00","","0,00","","0,00","","64,40","","95,02","","","","","","Dégagé"
"2001-02-14 08:00","2001","02","14","08:00"," ","-22,30","","-27,60","","62,00","","30,00","","9,00","","64,40","","95,05","","","","-29,00","","Dégagé"
"2001-02-14 09:00","2001","02","14","09:00"," ","-23,10","","-28,40","","62,00","","28,00","","6,00","","64,40","","95,08","","","","-29,00","","Dégagé"
"2001-02-14 10:00","2001","02","14","10:00"," ","-21,40","","-27,10","","60,00","","34,00","","4,00","","64,40","","95,11","","","","-25,00","","Généralement dégagé"
"2001-02-14 11:00","2001","02","14","11:00"," ","-17,60","","-22,70","","64,00","","33,00","","4,00","","64,40","","95,14","","","","-21,00","","Généralement dégagé"
"2001-02-14 12:00","2001","02","14","12:00"," ","-15,20","","-21,40","","59,00","","1,00","","9,00","","64,40","","95,14","","","","-21,00","","Généralement dégagé"
"2001-02-14 13:00","2001","02","14","13:00"," ","-13,20","","-20,40","","55,00","","33,00","","9,00","","64,40","","95,14","","","","-19,00","","Généralement dégagé"
"2001-02-14 14:00","2001","02","14","14:00"," ","-12,20","","-19,70","","54,00","","0,00","","0,00","","64,40","","95,11","","","","","","Généralement dégagé"
"2001-02-14 15:00","2001","02","14","15:00"," ","-11,50","","-19,30","","52,00","","1,00","","7,00","","64,40","","95,08","","","","-16,00","","Généralement dégagé"
"2001-02-14 16:00","2001","02","14","16:00"," ","-10,10","","-19,00","","48,00","","0,00","","0,00","","64,40","","95,05","","","","","","Dégagé"
"2001-02-14 17:00","2001","02","14","17:00"," ","-11,40","","-19,20","","52,00","","0,00","","0,00","","64,40","","95,05","","","","","","Dégagé"
"2001-02-14 18:00","2001","02","14","18:00"," ","-16,10","","-21,00","","66,00","","28,00","","6,00","","64,40","","95,05","","","","-21,00","","Dégagé"
"2001-02-14 19:00","2001","02","14","19:00"," ","-18,70","","-23,10","","68,00","","27,00","","6,00","","64,40","","95,08","","","","-24,00","","Dégagé"
"2001-02-14 20:00","2001","02","14","20:00"," ","-20,70","","-26,20","","61,00","","0,00","","0,00","","64,40","","95,05","","","","","","Dégagé"
"2001-02-14 21:00","2001","02","14","21:00"," ","-22,00","","-27,10","","63,00","","0,00","","0,00","","64,40","","95,05","","","","","","Dégagé"
"2001-02-14 22:00","2001","02","14","22:00"," ","-23,10","","-28,50","","61,00","","16,00","","6,00","","64,40","","95,05","","","","-29,00","","Dégagé"
"2001-02-14 23:00","2001","02","14","23:00"," ","-23,20","","-28,40","","62,00","","0,00","","0,00","","64,40","","95,02","","","","","","Dégagé"
"2001-02-15 00:00","2001","02","15","00:00"," ","-23,80","","-29,30","","60,00","","0,00","","0,00","","64,40","","95,05","","","","","","Dégagé"
"2001-02-15 01:00","2001","02","15","01:00"," ","-24,80","","-30,40","","60,00","","0,00","","0,00","","64,40","","95,08","","","","","","Dégagé"
"2001-02-15 02:00","2001","02","15","02:00"," ","-25,60","","-31,10","","60,00","","0,00","","0,00","","64,40","","95,08","","","","","","Dégagé"
"2001-02-15 03:00","2001","02","15","03:00"," ","-26,80","","-32,90","","56,00","","0,00","","0,00","","64,40","","95,08","","","","","","Dégagé"
"2001-02-15 04:00","2001","02","15","04:00"," ","-26,80","","-33,00","","56,00","","0,00","","0,00","","64,40","","95,05","","","","","","Dégagé"
"2001-02-15 05:00","2001","02","15","05:00"," ","-26,90","","-33,30","","55,00","","0,00","","0,00","","64,40","","95,02","","","","","","Dégagé"
"2001-02-15 06:00","2001","02","15","06:00"," ","-27,10","","-33,30","","56,00","","0,00","","0,00","","64,40","","94,95","","","","","","Dégagé"
"2001-02-15 07:00","2001","02","15","07:00"," ","-27,70","","-33,90","","55,00","","0,00","","0,00","","64,40","","94,92","","","","","","Dégagé"
"2001-02-15 08:00","2001","02","15","08:00"," ","-24,50","","-30,60","","57,00","","12,00","","6,00","","64,40","","94,86","","","","-30,00","","Dégagé"
"2001-02-15 09:00","2001","02","15","09:00"," ","-19,30","","-24,90","","61,00","","15,00","","6,00","","64,40","","94,86","","","","-24,00","","Généralement dégagé"
"2001-02-15 10:00","2001","02","15","10:00"," ","-21,40","","-27,30","","59,00","","0,00","","0,00","","64,40","","94,86","","","","","","Généralement dégagé"
"2001-02-15 11:00","2001","02","15","11:00"," ","-16,50","","-21,90","","63,00","","19,00","","11,00","","64,40","","94,80","","","","-23,00","","Dégagé"
"2001-02-15 12:00","2001","02","15","12:00"," ","-15,50","","-21,60","","59,00","","18,00","","32,00","","64,40","","94,76","","","","-27,00","","Généralement dégagé"
"2001-02-15 13:00","2001","02","15","13:00"," ","-14,10","","-20,70","","57,00","","18,00","","28,00","","64,40","","94,70","","","","-25,00","","Généralement dégagé"
"2001-02-15 14:00","2001","02","15","14:00"," ","-12,40","","-19,50","","55,00","","19,00","","30,00","","64,40","","94,64","","","","-23,00","","Généralement dégagé"
"2001-02-15 15:00","2001","02","15","15:00"," ","-11,80","","-19,10","","55,00","","20,00","","26,00","","64,40","","94,61","","","","-21,00","","Généralement dégagé"
"2001-02-15 16:00","2001","02","15","16:00"," ","-10,90","","-18,50","","53,00","","19,00","","28,00","","64,40","","94,61","","","","-20,00","","Généralement nuageux"
"2001-02-15 17:00","2001","02","15","17:00"," ","-11,10","","-18,50","","54,00","","20,00","","26,00","","64,40","","94,58","","","","-20,00","","Généralement dégagé"
"2001-02-15 18:00","2001","02","15","18:00"," ","-12,10","","-19,20","","55,00","","18,00","","26,00","","64,40","","94,51","","","","-22,00","","Généralement dégagé"
"2001-02-15 19:00","2001","02","15","19:00"," ","-12,80","","-19,90","","55,00","","19,00","","24,00","","64,40","","94,51","","","","-22,00","","Généralement dégagé"
"2001-02-15 20:00","2001","02","15","20:00"," ","-12,70","","-20,10","","54,00","","17,00","","22,00","","64,40","","94,51","","","","-22,00","","Généralement dégagé"
"2001-02-15 21:00","2001","02","15","21:00"," ","-12,60","","-20,00","","54,00","","17,00","","28,00","","64,40","","94,48","","","","-23,00","","Généralement nuageux"
"2001-02-15 22:00","2001","02","15","22:00"," ","-13,60","","-20,50","","56,00","","20,00","","19,00","","64,40","","94,45","","","","-22,00","","Généralement nuageux"
"2001-02-15 23:00","2001","02","15","23:00"," ","-13,70","","-20,50","","56,00","","19,00","","19,00","","64,40","","94,35","","","","-22,00","","Généralement nuageux"
"2001-02-16 00:00","2001","02","16","00:00"," ","-14,30","","-20,80","","58,00","","18,00","","22,00","","64,40","","94,32","","","","-24,00","","Généralement nuageux"
"2001-02-16 01:00","2001","02","16","01:00"," ","-14,90","","-21,10","","59,00","","18,00","","22,00","","64,40","","94,29","","","","-24,00","","Généralement nuageux"
"2001-02-16 02:00","2001","02","16","02:00"," ","-14,80","","-21,00","","59,00","","19,00","","22,00","","64,40","","94,23","","","","-24,00","","Généralement nuageux"
"2001-02-16 03:00","2001","02","16","03:00"," ","-15,50","","-21,50","","60,00","","18,00","","28,00","","64,40","","94,16","","","","-26,00","","Généralement nuageux"
"2001-02-16 04:00","2001","02","16","04:00"," ","-16,10","","-22,00","","60,00","","18,00","","22,00","","64,40","","94,13","","","","-26,00","","Généralement nuageux"
"2001-02-16 05:00","2001","02","16","05:00"," ","-16,30","","-22,10","","61,00","","19,00","","19,00","","64,40","","94,10","","","","-26,00","","Généralement dégagé"
"2001-02-16 06:00","2001","02","16","06:00"," ","-16,40","","-22,00","","62,00","","19,00","","19,00","","64,40","","94,07","","","","-26,00","","Généralement nuageux"
"2001-02-16 07:00","2001","02","16","07:00"," ","-18,00","","-23,30","","63,00","","0,00","","0,00","","64,40","","94,07","","","","","","Généralement nuageux"
"2001-02-16 08:00","2001","02","16","08:00"," ","-18,50","","-23,60","","64,00","","8,00","","7,00","","64,40","","94,04","","","","-24,00","","Généralement nuageux"
"2001-02-16 09:00","2001","02","16","09:00"," ","-19,20","","-24,20","","65,00","","0,00","","0,00","","64,40","","94,01","","","","","","Généralement nuageux"
"2001-02-16 10:00","2001","02","16","10:00"," ","-16,70","","-22,20","","62,00","","9,00","","6,00","","64,40","","94,04","","","","-21,00","","Généralement nuageux"
"2001-02-16 11:00","2001","02","16","11:00"," ","-18,00","","-23,60","","61,00","","0,00","","0,00","","64,40","","94,01","","","","","","Généralement nuageux"
"2001-02-16 12:00","2001","02","16","12:00"," ","-14,90","","-21,40","","58,00","","16,00","","9,00","","64,40","","93,97","","","","-21,00","","Généralement nuageux"
"2001-02-16 13:00","2001","02","16","13:00"," ","-13,40","","-20,30","","56,00","","15,00","","9,00","","64,40","","93,97","","","","-19,00","","Généralement nuageux"
"2001-02-16 14:00","2001","02","16","14:00"," ","-11,70","","-19,20","","54,00","","15,00","","11,00","","64,40","","93,91","","","","-18,00","","Généralement nuageux"
"2001-02-16 15:00","2001","02","16","15:00"," ","-10,80","","-18,60","","53,00","","18,00","","13,00","","64,40","","93,88","","","","-17,00","","Généralement nuageux"
"2001-02-16 16:00","2001","02","16","16:00"," ","-10,10","","-18,30","","51,00","","18,00","","13,00","","64,40","","93,82","","","","-16,00","","Généralement nuageux"
"2001-02-16 17:00","2001","02","16","17:00"," ","-10,40","","-18,50","","51,00","","19,00","","19,00","","64,40","","93,75","","","","-18,00","","Généralement nuageux"
"2001-02-16 18:00","2001","02","16","18:00"," ","-11,70","","-19,10","","54,00","","19,00","","19,00","","64,40","","93,72","","","","-20,00","","Généralement nuageux"
"2001-02-16 19:00","2001","02","16","19:00"," ","-12,60","","-19,70","","55,00","","18,00","","22,00","","64,40","","93,69","","","","-22,00","","Généralement dégagé"
"2001-02-16 20:00","2001","02","16","20:00"," ","-13,00","","-20,10","","55,00","","19,00","","20,00","","64,40","","93,69","","","","-22,00","","Généralement dégagé"
"2001-02-16 21:00","2001","02","16","21:00"," ","-13,30","","-20,10","","57,00","","18,00","","24,00","","64,40","","93,66","","","","-23,00","","Généralement nuageux"
"2001-02-16 22:00","2001","02","16","22:00"," ","-13,70","","-20,30","","57,00","","18,00","","19,00","","64,40","","93,66","","","","-22,00","","Généralement nuageux"
"2001-02-16 23:00","2001","02","16","23:00"," ","-13,60","","-20,40","","56,00","","17,00","","19,00","","64,40","","93,63","","","","-22,00","","Généralement nuageux"
"2001-02-17 00:00","2001","02","17","00:00"," ","-14,90","","-21,20","","59,00","","18,00","","22,00","","64,40","","93,63","","","","-24,00","","Généralement dégagé"
"2001-02-17 01:00","2001","02","17","01:00"," ","-14,90","","-21,20","","59,00","","18,00","","22,00","","64,40","","93,56","","","","-24,00","","Généralement dégagé"
"2001-02-17 02:00","2001","02","17","02:00"," ","-15,90","","-21,80","","60,00","","17,00","","19,00","","64,40","","93,56","","","","-25,00","","Généralement dégagé"
"2001-02-17 03:00","2001","02","17","03:00"," ","-16,10","","-21,80","","61,00","","15,00","","11,00","","64,40","","93,59","","","","-23,00","","Généralement dégagé"
"2001-02-17 04:00","2001","02","17","04:00"," ","-19,20","","-24,30","","64,00","","14,00","","11,00","","64,40","","93,56","","","","-27,00","","Généralement dégagé"
"2001-02-17 05:00","2001","02","17","05:00"," ","-19,80","","-24,80","","64,00","","0,00","","0,00","","64,40","","93,53","","","","","","Généralement dégagé"
"2001-02-17 06:00","2001","02","17","06:00"," ","-21,40","","-26,60","","63,00","","0,00","","0,00","","64,40","","93,56","","","","","","Généralement dégagé"
"2001-02-17 07:00","2001","02","17","07:00"," ","-21,70","","-27,10","","62,00","","0,00","","0,00","","64,40","","93,53","","","","","","Généralement dégagé"
"2001-02-17 08:00","2001","02","17","08:00"," ","-24,10","","-29,70","","60,00","","0,00","","0,00","","64,40","","93,53","","","","","","Généralement dégagé"
"2001-02-17 09:00","2001","02","17","09:00"," ","-24,90","","-30,80","","58,00","","0,00","","0,00","","64,40","","93,56","","","","","","Généralement dégagé"
"2001-02-17 10:00","2001","02","17","10:00"," ","-22,10","","-27,70","","60,00","","0,00","","0,00","","64,40","","93,63","","","","","","Généralement dégagé"
"2001-02-17 11:00","2001","02","17","11:00"," ","-20,40","","-25,50","","64,00","","0,00","","0,00","","64,40","","93,56","","","","","","Généralement dégagé"
"2001-02-17 12:00","2001","02","17","12:00"," ","-17,70","","-23,70","","59,00","","0,00","","0,00","","64,40","","93,56","","","","","","Généralement dégagé"
"2001-02-17 13:00","2001","02","17","13:00"," ","-13,80","","-20,30","","58,00","","15,00","","20,00","","64,40","","93,53","","","","-23,00","","Généralement dégagé"
"2001-02-17 14:00","2001","02","17","14:00"," ","-12,30","","-19,50","","55,00","","16,00","","20,00","","64,40","","93,50","","","","-21,00","","Généralement dégagé"
"2001-02-17 15:00","2001","02","17","15:00"," ","-10,40","","-18,20","","53,00","","15,00","","13,00","","64,40","","93,50","","","","-17,00","","Généralement nuageux"
"2001-02-17 16:00","2001","02","17","16:00"," ","-10,30","","-18,20","","52,00","","16,00","","11,00","","64,40","","93,47","","","","-16,00","","Généralement dégagé"
"2001-02-17 17:00","2001","02","17","17:00"," ","-10,50","","-18,10","","54,00","","17,00","","9,00","","64,40","","93,44","","","","-15,00","","Généralement nuageux"
"2001-02-17 18:00","2001","02","17","18:00"," ","-10,60","","-18,00","","54,00","","20,00","","6,00","","64,40","","93,37","","","","-14,00","","Généralement nuageux"
"2001-02-17 19:00","2001","02","17","19:00"," ","-13,30","","-19,80","","58,00","","1,00","","6,00","","64,40","","93,40","","","","-17,00","","Généralement nuageux"
"2001-02-17 20:00","2001","02","17","20:00"," ","-15,50","","-21,10","","62,00","","2,00","","4,00","","64,40","","93,44","","","","-18,00","","Généralement nuageux"
"2001-02-17 21:00","2001","02","17","21:00"," ","-17,40","","-22,90","","62,00","","0,00","","0,00","","64,40","","93,47","","","","","","Généralement nuageux"
"2001-02-17 22:00","2001","02","17","22:00"," ","-19,30","","-24,10","","66,00","","0,00","","0,00","","64,40","","93,47","","","","","","Généralement dégagé"
"2001-02-17 23:00","2001","02","17","23:00"," ","-21,10","","-26,10","","64,00","","0,00","","0,00","","64,40","","93,47","","","","","","Généralement dégagé"
"2001-02-18 00:00","2001","02","18","00:00"," ","-22,10","","-27,60","","61,00","","0,00","","0,00","","64,40","","93,50","","","","","","Dégagé"
"2001-02-18 01:00","2001","02","18","01:00"," ","-22,80","","-28,80","","58,00","","0,00","","0,00","","64,40","","93,50","","","","","","Dégagé"
"2001-02-18 02:00","2001","02","18","02:00"," ","-23,90","","-29,80","","58,00","","0,00","","0,00","","64,40","","93,56","","","","","","Dégagé"
"2001-02-18 03:00","2001","02","18","03:00"," ","-24,80","","-30,90","","57,00","","0,00","","0,00","","64,40","","93,53","","","","","","Dégagé"
"2001-02-18 04:00","2001","02","18","04:00"," ","-24,50","","-30,30","","59,00","","0,00","","0,00","","64,40","","93,56","","","","","","Dégagé"
"2001-02-18 05:00","2001","02","18","05:00"," ","-25,80","","-32,00","","56,00","","0,00","","0,00","","64,40","","93,59","","","","","","Dégagé"
"2001-02-18 06:00","2001","02","18","06:00"," ","-26,00","","-32,00","","57,00","","0,00","","0,00","","64,40","","93,59","","","","","","Dégagé"
"2001-02-18 07:00","2001","02","18","07:00"," ","-26,40","","-32,70","","55,00","","0,00","","0,00","","64,40","","93,56","","","","","","Dégagé"
"2001-02-18 08:00","2001","02","18","08:00"," ","-27,10","","-33,50","","55,00","","16,00","","4,00","","64,40","","93,56","","","","-31,00","","Dégagé"
"2001-02-18 09:00","2001","02","18","09:00"," ","-26,80","","-33,10","","55,00","","0,00","","0,00","","64,40","","93,63","","","","","","Généralement dégagé"
"2001-02-18 10:00","2001","02","18","10:00"," ","-23,70","","-29,40","","59,00","","0,00","","0,00","","64,40","","93,66","","","","","","Généralement dégagé"
"2001-02-18 11:00","2001","02","18","11:00"," ","-21,90","","-28,10","","57,00","","0,00","","0,00","","64,40","","93,66","","","","","","Généralement dégagé"
"2001-02-18 12:00","2001","02","18","12:00"," ","-19,20","","-25,50","","57,00","","0,00","","0,00","","64,40","","93,69","","","","","","Généralement dégagé"
"2001-02-18 13:00","2001","02","18","13:00"," ","-16,00","","-23,50","","52,00","","0,00","","0,00","","64,40","","93,66","","","","","","Généralement dégagé"
"2001-02-18 14:00","2001","02","18","14:00"," ","-14,00","","-21,60","","53,00","","0,00","","0,00","","64,40","","93,66","","","","","","Généralement dégagé"
"2001-02-18 15:00","2001","02","18","15:00"," ","-12,30","","-20,70","","50,00","","0,00","","0,00","","64,40","","93,63","","","","","","Généralement dégagé"
"2001-02-18 16:00","2001","02","18","16:00"," ","-11,80","","-20,40","","49,00","","0,00","","0,00","","64,40","","93,59","","","","","","Généralement dégagé"
"2001-02-18 17:00","2001","02","18","17:00"," ","-12,00","","-20,40","","50,00","","0,00","","0,00","","64,40","","93,59","","","","","","Généralement nuageux"
"2001-02-18 18:00","2001","02","18","18:00"," ","-15,30","","-21,50","","59,00","","0,00","","0,00","","64,40","","93,56","","","","","","Généralement nuageux"
"2001-02-18 19:00","2001","02","18","19:00"," ","-18,50","","-24,00","","62,00","","0,00","","0,00","","64,40","","93,59","","","","","","Généralement nuageux"
"2001-02-18 20:00","2001","02","18","20:00"," ","-19,90","","-25,20","","63,00","","0,00","","0,00","","64,40","","93,59","","","","","","Généralement nuageux"
"2001-02-18 21:00","2001","02","18","21:00"," ","-20,70","","-25,50","","65,00","","0,00","","0,00","","64,40","","93,59","","","","","","Généralement dégagé"
"2001-02-18 22:00","2001","02","18","22:00"," ","-20,90","","-26,40","","61,00","","0,00","","0,00","","64,40","","93,59","","","","","","Généralement dégagé"
"2001-02-18 23:00","2001","02","18","23:00"," ","-21,00","","-25,70","","66,00","","0,00","","0,00","","64,40","","93,59","","","","","","Généralement dégagé"
"2001-02-19 00:00","2001","02","19","00:00"," ","-21,00","","-27,30","","57,00","","0,00","","0,00","","64,40","","93,63","","","","","","Dégagé"
"2001-02-19 01:00","2001","02","19","01:00"," ","-19,90","","-25,30","","62,00","","0,00","","0,00","","64,40","","93,59","","","","","","Dégagé"
"2001-02-19 02:00","2001","02","19","02:00"," ","-16,30","","-21,70","","63,00","","16,00","","9,00","","64,40","","93,56","","","","-22,00","","Dégagé"
"2001-02-19 03:00","2001","02","19","03:00"," ","-16,30","","-22,00","","61,00","","15,00","","9,00","","64,40","","93,56","","","","-22,00","","Dégagé"
"2001-02-19 04:00","2001","02","19","04:00"," ","-16,30","","-22,00","","61,00","","15,00","","9,00","","64,40","","93,53","","","","-22,00","","Dégagé"
"2001-02-19 05:00","2001","02","19","05:00"," ","-15,50","","-21,50","","60,00","","16,00","","7,00","","64,40","","93,53","","","","-20,00","","Dégagé"
"2001-02-19 06:00","2001","02","19","06:00"," ","-16,60","","-22,30","","61,00","","14,00","","13,00","","64,40","","93,50","","","","-24,00","","Généralement dégagé"
"2001-02-19 07:00","2001","02","19","07:00"," ","-17,10","","-22,50","","63,00","","17,00","","13,00","","64,40","","93,47","","","","-25,00","","Généralement dégagé"
"2001-02-19 08:00","2001","02","19","08:00"," ","-17,20","","-22,70","","62,00","","17,00","","26,00","","64,40","","93,47","","","","-28,00","","Généralement dégagé"
"2001-02-19 09:00","2001","02","19","09:00"," ","-17,50","","-23,00","","62,00","","18,00","","26,00","","64,40","","93,47","","","","-29,00","","Généralement dégagé"
"2001-02-19 10:00","2001","02","19","10:00"," ","-16,70","","-22,60","","60,00","","19,00","","28,00","","64,40","","93,44","","","","-28,00","","Généralement nuageux"
"2001-02-19 11:00","2001","02","19","11:00"," ","-14,80","","-21,30","","58,00","","18,00","","30,00","","64,40","","93,40","","","","-26,00","","Généralement nuageux"
"2001-02-19 12:00","2001","02","19","12:00"," ","-13,70","","-20,60","","56,00","","18,00","","28,00","","64,40","","93,40","","","","-24,00","","Généralement nuageux"
"2001-02-19 13:00","2001","02","19","13:00"," ","-11,40","","-19,20","","52,00","","14,00","","13,00","","64,40","","93,37","","","","-18,00","","Généralement nuageux"
"2001-02-19 14:00","2001","02","19","14:00"," ","-9,80","","-18,30","","50,00","","16,00","","19,00","","64,40","","93,34","","","","-17,00","","Généralement nuageux"
"2001-02-19 15:00","2001","02","19","15:00"," ","-8,30","","-17,40","","48,00","","16,00","","15,00","","64,40","","93,31","","","","-15,00","","Généralement nuageux"
"2001-02-19 16:00","2001","02","19","16:00"," ","-9,10","","-17,60","","50,00","","15,00","","19,00","","64,40","","93,31","","","","-17,00","","Généralement nuageux"
"2001-02-19 17:00","2001","02","19","17:00"," ","-10,10","","-18,20","","51,00","","17,00","","15,00","","64,40","","93,28","","","","-17,00","","Généralement nuageux"
"2001-02-19 18:00","2001","02","19","18:00"," ","-9,70","","-18,60","","48,00","","16,00","","9,00","","64,40","","93,28","","","","-15,00","","Généralement nuageux"
"2001-02-19 19:00","2001","02","19","19:00"," ","-11,60","","-19,30","","53,00","","18,00","","19,00","","64,40","","93,28","","","","-20,00","","Généralement nuageux"
"2001-02-19 20:00","2001","02","19","20:00"," ","-12,70","","-20,20","","53,00","","17,00","","13,00","","64,40","","93,28","","","","-20,00","","Généralement nuageux"
"2001-02-19 21:00","2001","02","19","21:00"," ","-12,60","","-20,10","","53,00","","0,00","","0,00","","64,40","","93,28","","","","","","Généralement dégagé"
"2001-02-19 22:00","2001","02","19","22:00"," ","-15,80","","-22,30","","57,00","","0,00","","0,00","","64,40","","93,31","","","","","","Dégagé"
"2001-02-19 23:00","2001","02","19","23:00"," ","-18,20","","-23,90","","61,00","","0,00","","0,00","","64,40","","93,34","","","","","","Dégagé"
"2001-02-20 00:00","2001","02","20","00:00"," ","-19,90","","-25,30","","62,00","","0,00","","0,00","","64,40","","93,37","","","","","","Dégagé"
"2001-02-20 01:00","2001","02","20","01:00"," ","-20,50","","-25,90","","62,00","","18,00","","7,00","","64,40","","93,37","","","","-26,00","","Dégagé"
"2001-02-20 02:00","2001","02","20","02:00"," ","-21,70","","-27,20","","61,00","","19,00","","6,00","","64,40","","93,37","","","","-27,00","","Dégagé"
"2001-02-20 03:00","2001","02","20","03:00"," ","-22,40","","-28,00","","60,00","","0,00","","0,00","","64,40","","93,40","","","","","","Dégagé"
"2001-02-20 04:00","2001","02","20","04:00"," ","-23,10","","-29,00","","58,00","","20,00","","6,00","","64,40","","93,44","","","","-29,00","","Dégagé"
"2001-02-20 05:00","2001","02","20","05:00"," ","-23,80","","-30,00","","57,00","","18,00","","6,00","","64,40","","93,44","","","","-29,00","","Dégagé"
"2001-02-20 06:00","2001","02","20","06:00"," ","-24,30","","-30,60","","56,00","","0,00","","0,00","","64,40","","93,47","","","","","","Dégagé"
"2001-02-20 07:00","2001","02","20","07:00"," ","-24,60","","-30,60","","57,00","","0,00","","0,00","","64,40","","93,50","","","","","","Dégagé"
"2001-02-20 08:00","2001","02","20","08:00"," ","-24,90","","-31,00","","57,00","","0,00","","0,00","","64,40","","93,50","","","","","","Dégagé"
"2001-02-20 09:00","2001","02","20","09:00"," ","-24,20","","-30,60","","55,00","","0,00","","0,00","","64,40","","93,53","","","","","","Dégagé"
"2001-02-20 10:00","2001","02","20","10:00"," ","-21,00","","-26,40","","62,00","","0,00","","0,00","","64,40","","93,56","","","","","","Généralement dégagé"
"2001-02-20 11:00","2001","02","20","11:00"," ","-18,80","","-25,30","","57,00","","0,00","","0,00","","64,40","","93,59","","","","","","Généralement dégagé"
"2001-02-20 12:00","2001","02","20","12:00"," ","-14,50","","-22,40","","51,00","","0,00","","0,00","","64,40","","93,59","","","","","","Généralement dégagé"
"2001-02-20 13:00","2001","02","20","13:00"," ","-13,90","","-21,00","","55,00","","0,00","","0,00","","64,40","","93,59","","","","","","Généralement dégagé"
"2001-02-20 14:00","2001","02","20","14:00"," ","-10,20","","-18,20","","52,00","","15,00","","4,00","","64,40","","93,59","","","","-13,00","","Généralement nuageux"
"2001-02-20 15:00","2001","02","20","15:00"," ","-9,30","","-17,70","","50,00","","15,00","","9,00","","64,40","","93,59","","","","-14,00","","Généralement dégagé"
"2001-02-20 16:00","2001","02","20","16:00"," ","-7,90","","-17,00","","48,00","","16,00","","11,00","","64,40","","93,59","","","","-13,00","","Généralement dégagé"
"2001-02-20 17:00","2001","02","20","17:00"," ","-8,60","","-17,40","","49,00","","15,00","","11,00","","64,40","","93,59","","","","-14,00","","Généralement nuageux"
"2001-02-20 18:00","2001","02","20","18:00"," ","-10,10","","-17,90","","53,00","","17,00","","9,00","","64,40","","93,59","","","","-15,00","","Généralement nuageux"
"2001-02-20 19:00","2001","02","20","19:00"," ","-13,60","","-19,50","","61,00","","0,00","","0,00","","64,40","","93,63","","","","","","Généralement nuageux"
"2001-02-20 20:00","2001","02","20","20:00"," ","-15,00","","-20,70","","62,00","","0,00","","0,00","","64,40","","93,63","","","","","","Généralement nuageux"
"2001-02-20 21:00","2001","02","20","21:00"," ","-14,50","","-20,00","","63,00","","0,00","","0,00","","64,40","","93,66","","","","","","Généralement nuageux"
"2001-02-20 22:00","2001","02","20","22:00"," ","-15,20","","-20,80","","62,00","","0,00","","0,00","","64,40","","93,66","","","","","","Généralement nuageux"
"2001-02-20 23:00","2001","02","20","23:00"," ","-15,60","","-21,00","","63,00","","0,00","","0,00","","64,40","","93,69","","","","","","Généralement nuageux"
"2001-02-21 00:00","2001","02","21","00:00"," ","-14,60","","-20,30","","62,00","","0,00","","0,00","","64,40","","93,69","","","","","","Généralement nuageux"
"2001-02-21 01:00","2001","02","21","01:00"," ","-14,40","","-20,20","","61,00","","0,00","","0,00","","64,40","","93,72","","","","","","Généralement nuageux"
"2001-02-21 02:00","2001","02","21","02:00"," ","-14,50","","-20,70","","59,00","","0,00","","0,00","","64,40","","93,72","","","","","","Généralement nuageux"
"2001-02-21 03:00","2001","02","21","03:00"," ","-14,60","","-20,10","","63,00","","0,00","","0,00","","64,40","","93,72","","","","","","Généralement nuageux"
"2001-02-21 04:00","2001","02","21","04:00"," ","-14,20","","-19,90","","62,00","","0,00","","0,00","","64,40","","93,72","","","","","","Nuageux"
"2001-02-21 05:00","2001","02","21","05:00"," ","-13,90","","-20,00","","60,00","","0,00","","0,00","","64,40","","93,69","","","","","","Nuageux"
"2001-02-21 06:00","2001","02","21","06:00"," ","-13,10","","-18,90","","62,00","","0,00","","0,00","","64,40","","93,69","","","","","","Nuageux"
"2001-02-21 07:00","2001","02","21","07:00"," ","-13,40","","-19,30","","61,00","","0,00","","0,00","","64,40","","93,69","","","","","","Nuageux"
"2001-02-21 08:00","2001","02","21","08:00"," ","-13,30","","-19,20","","61,00","","1,00","","6,00","","64,40","","93,69","","","","-17,00","","Nuageux"
"2001-02-21 09:00","2001","02","21","09:00"," ","-12,80","","-18,80","","61,00","","0,00","","0,00","","64,40","","93,72","","","","","","Nuageux"
"2001-02-21 10:00","2001","02","21","10:00"," ","-11,90","","-18,00","","60,00","","0,00","","0,00","","64,40","","93,72","","","","","","Généralement nuageux"
"2001-02-21 11:00","2001","02","21","11:00"," ","-10,50","","-17,60","","56,00","","0,00","","0,00","","64,40","","93,75","","","","","","Généralement nuageux"
"2001-02-21 12:00","2001","02","21","12:00"," ","-10,40","","-17,50","","56,00","","36,00","","9,00","","64,40","","93,72","","","","-15,00","","Généralement nuageux"
"2001-02-21 13:00","2001","02","21","13:00"," ","-8,80","","-16,40","","54,00","","36,00","","7,00","","64,40","","93,69","","","","-13,00","","Généralement nuageux"
"2001-02-21 14:00","2001","02","21","14:00"," ","-7,10","","-15,00","","53,00","","36,00","","9,00","","48,30","","93,69","","","","-11,00","","Nuageux"
"2001-02-21 15:00","2001","02","21","15:00"," ","-7,30","","-15,00","","54,00","","35,00","","7,00","","32,20","","93,69","","","","-11,00","","Neige"
"2001-02-21 16:00","2001","02","21","16:00"," ","-7,50","","-14,50","","57,00","","33,00","","11,00","","40,20","","93,66","","","","-13,00","","Nuageux"
"2001-02-21 17:00","2001","02","21","17:00"," ","-8,30","","-13,60","","66,00","","36,00","","11,00","","32,20","","93,69","","","","-14,00","","Nuageux"
"2001-02-21 18:00","2001","02","21","18:00"," ","-8,30","","-13,00","","69,00","","36,00","","9,00","","16,10","","93,66","","","","-13,00","","Neige"
"2001-02-21 19:00","2001","02","21","19:00"," ","-8,70","","-13,10","","70,00","","35,00","","7,00","","16,10","","93,66","","","","-13,00","","Neige"
"2001-02-21 20:00","2001","02","21","20:00"," ","-8,80","","-12,70","","73,00","","35,00","","6,00","","16,10","","93,69","","","","-12,00","","Neige"
"2001-02-21 21:00","2001","02","21","21:00"," ","-8,70","","-12,50","","74,00","","33,00","","9,00","","16,10","","93,72","","","","-13,00","","Neige"
"2001-02-21 22:00","2001","02","21","22:00"," ","-8,70","","-12,40","","75,00","","34,00","","7,00","","16,10","","93,75","","","","-13,00","","Neige"
"2001-02-21 23:00","2001","02","21","23:00"," ","-8,70","","-12,50","","74,00","","36,00","","15,00","","16,10","","93,75","","","","-15,00","","Neige"
"2001-02-22 00:00","2001","02","22","00:00"," ","-9,00","","-12,70","","74,00","","31,00","","9,00","","24,10","","93,82","","","","-14,00","","Neige"
"2001-02-22 01:00","2001","02","22","01:00"," ","-8,60","","-12,30","","75,00","","33,00","","9,00","","16,10","","93,85","","","","-13,00","","Neige"
"2001-02-22 02:00","2001","02","22","02:00"," ","-8,60","","-12,30","","75,00","","34,00","","11,00","","16,10","","93,82","","","","-14,00","","Neige"
"2001-02-22 03:00","2001","02","22","03:00"," ","-10,50","","-14,20","","74,00","","33,00","","6,00","","32,20","","93,85","","","","-14,00","","Neige"
"2001-02-22 04:00","2001","02","22","04:00"," ","-11,40","","-15,60","","71,00","","3,00","","7,00","","16,10","","93,88","","","","-16,00","","Neige"
"2001-02-22 05:00","2001","02","22","05:00"," ","-9,00","","-13,20","","72,00","","35,00","","17,00","","8,00","","93,88","","","","-16,00","","Neige"
"2001-02-22 06:00","2001","02","22","06:00"," ","-9,30","","-13,20","","73,00","","27,00","","7,00","","16,10","","93,88","","","","-13,00","","Neige"
"2001-02-22 07:00","2001","02","22","07:00"," ","-9,00","","-13,00","","73,00","","33,00","","6,00","","24,10","","93,91","","","","-12,00","","Neige"
"2001-02-22 08:00","2001","02","22","08:00"," ","-9,00","","-12,90","","73,00","","0,00","","0,00","","32,20","","93,88","","","","","","Neige"
"2001-02-22 09:00","2001","02","22","09:00"," ","-7,90","","-12,90","","67,00","","35,00","","6,00","","32,20","","93,88","","","","-11,00","","Neige"
"2001-02-22 10:00","2001","02","22","10:00"," ","-9,00","","-13,20","","72,00","","35,00","","9,00","","32,20","","93,91","","","","-14,00","","Neige"
"2001-02-22 11:00","2001","02","22","11:00"," ","-7,20","","-12,50","","66,00","","34,00","","7,00","","32,20","","93,91","","","","-11,00","","Neige"
"2001-02-22 12:00","2001","02","22","12:00"," ","-6,60","","-12,00","","65,00","","36,00","","11,00","","24,10","","93,94","","","","-12,00","","Neige"
"2001-02-22 13:00","2001","02","22","13:00"," ","-6,10","","-12,40","","61,00","","35,00","","4,00","","64,40","","93,94","","","","-8,00","","Neige"
"2001-02-22 14:00","2001","02","22","14:00"," ","-5,70","","-12,90","","57,00","","35,00","","13,00","","64,40","","93,94","","","","-11,00","","Généralement nuageux"
"2001-02-22 15:00","2001","02","22","15:00"," ","-5,50","","-14,70","","48,00","","34,00","","15,00","","64,40","","93,91","","","","-11,00","","Généralement nuageux"
"2001-02-22 16:00","2001","02","22","16:00"," ","-5,50","","-14,40","","49,00","","35,00","","13,00","","64,40","","93,91","","","","-11,00","","Généralement dégagé"
"2001-02-22 17:00","2001","02","22","17:00"," ","-6,10","","-15,40","","48,00","","34,00","","11,00","","64,40","","93,88","","","","-11,00","","Généralement dégagé"
"2001-02-22 18:00","2001","02","22","18:00"," ","-8,00","","-16,40","","51,00","","31,00","","7,00","","64,40","","93,85","","","","-12,00","","Généralement dégagé"
"2001-02-22 19:00","2001","02","22","19:00"," ","-9,70","","-16,90","","56,00","","28,00","","11,00","","64,40","","93,88","","","","-15,00","","Généralement dégagé"
"2001-02-22 20:00","2001","02","22","20:00"," ","-11,60","","-17,90","","60,00","","26,00","","11,00","","64,40","","93,85","","","","-18,00","","Dégagé"
"2001-02-22 21:00","2001","02","22","21:00"," ","-12,80","","-18,80","","61,00","","27,00","","9,00","","64,40","","93,88","","","","-18,00","","Dégagé"
"2001-02-22 22:00","2001","02","22","22:00"," ","-13,60","","-19,30","","62,00","","27,00","","6,00","","64,40","","93,85","","","","-18,00","","Dégagé"
"2001-02-22 23:00","2001","02","22","23:00"," ","-15,40","","-20,50","","65,00","","0,00","","0,00","","64,40","","93,88","","","","","","Dégagé"
"2001-02-23 00:00","2001","02","23","00:00"," ","-18,80","","-23,20","","68,00","","0,00","","0,00","","64,40","","93,82","","","","","","Dégagé"
"2001-02-23 01:00","2001","02","23","01:00"," ","-20,50","","-25,00","","67,00","","0,00","","0,00","","64,40","","93,82","","","","","","Dégagé"
"2001-02-23 02:00","2001","02","23","02:00"," ","-21,60","","-26,60","","64,00","","0,00","","0,00","","64,40","","93,78","","","","","","Dégagé"
"2001-02-23 03:00","2001","02","23","03:00"," ","-20,30","","-25,10","","65,00","","0,00","","0,00","","64,40","","93,75","","","","","","Dégagé"
"2001-02-23 04:00","2001","02","23","04:00"," ","-22,40","","-27,80","","61,00","","0,00","","0,00","","64,40","","93,72","","","","","","Généralement dégagé"
"2001-02-23 05:00","2001","02","23","05:00"," ","-20,70","","-26,30","","61,00","","0,00","","0,00","","64,40","","93,69","","","","","","Généralement dégagé"
"2001-02-23 06:00","2001","02","23","06:00"," ","-21,00","","-26,60","","61,00","","0,00","","0,00","","64,40","","93,63","","","","","","Généralement dégagé"
"2001-02-23 07:00","2001","02","23","07:00"," ","-20,10","","-25,50","","62,00","","0,00","","0,00","","48,30","","93,53","","","","","","Neige"
"2001-02-23 08:00","2001","02","23","08:00"," ","-20,60","","-26,10","","61,00","","0,00","","0,00","","32,20","","93,50","","","","","","Neige"
"2001-02-23 09:00","2001","02","23","09:00"," ","-19,90","","-25,40","","62,00","","0,00","","0,00","","32,20","","93,47","","","","","","Neige"
"2001-02-23 10:00","2001","02","23","10:00"," ","-18,90","","-24,50","","61,00","","0,00","","0,00","","4,80","","93,44","","","","","","Neige"
"2001-02-23 11:00","2001","02","23","11:00"," ","-17,10","","-22,60","","62,00","","0,00","","0,00","","9,70","","93,44","","","","","","Neige"
"2001-02-23 12:00","2001","02","23","12:00"," ","-12,70","","-18,80","","60,00","","0,00","","0,00","","32,20","","93,34","","","","","","Neige"
"2001-02-23 13:00","2001","02","23","13:00"," ","-10,50","","-17,40","","57,00","","36,00","","9,00","","48,30","","93,28","","","","-15,00","","Neige"
"2001-02-23 14:00","2001","02","23","14:00"," ","-9,70","","-15,90","","61,00","","33,00","","6,00","","64,40","","93,18","","","","-13,00","","Nuageux"
"2001-02-23 15:00","2001","02","23","15:00"," ","-9,10","","-15,80","","58,00","","36,00","","11,00","","48,30","","93,12","","","","-15,00","","Nuageux"
"2001-02-23 16:00","2001","02","23","16:00"," ","-9,50","","-15,90","","60,00","","33,00","","9,00","","48,30","","93,06","","","","-14,00","","Généralement nuageux"
"2001-02-23 17:00","2001","02","23","17:00"," ","-9,90","","-15,90","","61,00","","35,00","","6,00","","32,20","","93,03","","","","-13,00","","Généralement nuageux"
"2001-02-23 18:00","2001","02","23","18:00"," ","-10,90","","-16,20","","65,00","","32,00","","6,00","","32,20","","92,93","","","","-15,00","","Averses de neige"
"2001-02-23 19:00","2001","02","23","19:00"," ","-12,30","","-17,20","","67,00","","28,00","","7,00","","32,20","","92,90","","","","-17,00","","Averses de neige"
"2001-02-23 20:00","2001","02","23","20:00"," ","-11,70","","-16,30","","69,00","","0,00","","0,00","","8,00","","92,90","","","","","","Neige"
"2001-02-23 21:00","2001","02","23","21:00"," ","-11,50","","-15,90","","70,00","","0,00","","0,00","","4,80","","92,84","","","","","","Neige"
"2001-02-23 22:00","2001","02","23","22:00"," ","-11,60","","-15,60","","72,00","","0,00","","0,00","","4,80","","92,84","","","","","","Neige"
"2001-02-23 23:00","2001","02","23","23:00"," ","-12,30","","-16,60","","70,00","","32,00","","4,00","","3,20","","92,77","","","","-15,00","","Neige"
"2001-02-24 00:00","2001","02","24","00:00"," ","-11,60","","-15,80","","71,00","","32,00","","9,00","","3,20","","92,74","","","","-17,00","","Neige"
"2001-02-24 01:00","2001","02","24","01:00"," ","-11,60","","-16,00","","70,00","","33,00","","9,00","","3,20","","92,74","","","","-17,00","","Neige"
"2001-02-24 02:00","2001","02","24","02:00"," ","-12,00","","-16,50","","69,00","","34,00","","9,00","","3,20","","92,77","","","","-17,00","","Neige"
"2001-02-24 03:00","2001","02","24","03:00"," ","-12,80","","-17,90","","66,00","","36,00","","11,00","","3,20","","92,77","","","","-19,00","","Neige"
"2001-02-24 04:00","2001","02","24","04:00"," ","-13,40","","-18,40","","66,00","","35,00","","13,00","","3,20","","92,80","","","","-20,00","","Neige"
"2001-02-24 05:00","2001","02","24","05:00"," ","-14,10","","-19,30","","65,00","","36,00","","19,00","","3,20","","92,80","","","","-23,00","","Neige"
"2001-02-24 06:00","2001","02","24","06:00"," ","-14,50","","-19,70","","65,00","","33,00","","15,00","","3,20","","92,80","","","","-22,00","","Neige"
"2001-02-24 07:00","2001","02","24","07:00"," ","-15,00","","-20,10","","65,00","","34,00","","17,00","","3,20","","92,80","","","","-23,00","","Neige"
"2001-02-24 08:00","2001","02","24","08:00"," ","-15,20","","-20,40","","64,00","","33,00","","13,00","","9,70","","92,84","","","","-23,00","","Neige"
"2001-02-24 09:00","2001","02","24","09:00"," ","-15,70","","-21,10","","63,00","","31,00","","15,00","","16,10","","92,87","","","","-24,00","","Neige"
"2001-02-24 10:00","2001","02","24","10:00"," ","-15,40","","-21,00","","62,00","","33,00","","19,00","","24,10","","92,87","","","","-24,00","","Neige"
"2001-02-24 11:00","2001","02","24","11:00"," ","-15,30","","-21,30","","60,00","","34,00","","13,00","","24,10","","92,90","","","","-23,00","","Neige"
"2001-02-24 12:00","2001","02","24","12:00"," ","-14,80","","-21,10","","59,00","","35,00","","15,00","","24,10","","92,90","","","","-23,00","","Neige"
"2001-02-24 13:00","2001","02","24","13:00"," ","-14,50","","-21,00","","58,00","","36,00","","13,00","","48,30","","92,90","","","","-22,00","","Neige"
"2001-02-24 14:00","2001","02","24","14:00"," ","-14,20","","-21,70","","53,00","","32,00","","9,00","","48,30","","92,87","","","","-20,00","","Généralement dégagé"
"2001-02-24 15:00","2001","02","24","15:00"," ","-14,00","","-21,70","","52,00","","34,00","","11,00","","48,30","","92,84","","","","-20,00","","Généralement dégagé"
"2001-02-24 16:00","2001","02","24","16:00"," ","-13,70","","-22,30","","48,00","","36,00","","4,00","","64,40","","92,80","","","","-16,00","","Généralement dégagé"
"2001-02-24 17:00","2001","02","24","17:00"," ","-14,20","","-22,60","","49,00","","34,00","","6,00","","64,40","","92,80","","","","-18,00","","Généralement dégagé"
"2001-02-24 18:00","2001","02","24","18:00"," ","-17,00","","-22,80","","61,00","","27,00","","4,00","","64,40","","92,80","","","","-20,00","","Généralement nuageux"
"2001-02-24 19:00","2001","02","24","19:00"," ","-16,90","","-22,50","","62,00","","26,00","","6,00","","64,40","","92,84","","","","-21,00","","Généralement nuageux"
"2001-02-24 20:00","2001","02","24","20:00"," ","-16,50","","-22,40","","60,00","","15,00","","6,00","","64,40","","92,80","","","","-21,00","","Généralement nuageux"
"2001-02-24 21:00","2001","02","24","21:00"," ","-16,30","","-22,60","","58,00","","17,00","","7,00","","48,30","","92,80","","","","-21,00","","Nuageux"
"2001-02-24 22:00","2001","02","24","22:00"," ","-16,10","","-24,00","","51,00","","16,00","","17,00","","48,30","","92,80","","","","-25,00","","Généralement dégagé"
"2001-02-24 23:00","2001","02","24","23:00"," ","-16,70","","-24,30","","52,00","","17,00","","20,00","","48,30","","92,80","","","","-26,00","","Généralement nuageux"
"2001-02-25 00:00","2001","02","25","00:00"," ","-16,80","","-24,90","","49,00","","17,00","","22,00","","64,40","","92,80","","","","-27,00","","Généralement nuageux"
"2001-02-25 01:00","2001","02","25","01:00"," ","-16,90","","-25,10","","49,00","","18,00","","26,00","","64,40","","92,80","","","","-28,00","","Généralement nuageux"
"2001-02-25 02:00","2001","02","25","02:00"," ","-17,20","","-25,30","","49,00","","17,00","","28,00","","64,40","","92,77","","","","-29,00","","Généralement nuageux"
"2001-02-25 03:00","2001","02","25","03:00"," ","-17,40","","-25,40","","50,00","","16,00","","28,00","","64,40","","92,77","","","","-29,00","","Généralement nuageux"
"2001-02-25 04:00","2001","02","25","04:00"," ","-18,20","","-26,00","","50,00","","16,00","","28,00","","64,40","","92,74","","","","-30,00","","Généralement nuageux"
"2001-02-25 05:00","2001","02","25","05:00"," ","-18,60","","-26,50","","50,00","","16,00","","28,00","","64,40","","92,80","","","","-30,00","","Généralement nuageux"
"2001-02-25 06:00","2001","02","25","06:00"," ","-19,00","","-27,00","","49,00","","16,00","","28,00","","64,40","","92,80","","","","-31,00","","Généralement nuageux"
"2001-02-25 07:00","2001","02","25","07:00"," ","-19,40","","-27,40","","49,00","","17,00","","37,00","","64,40","","92,84","","","","-33,00","","Généralement dégagé"
"2001-02-25 08:00","2001","02","25","08:00"," ","-19,70","","-27,60","","49,00","","17,00","","33,00","","64,40","","92,84","","","","-33,00","","Généralement dégagé"
"2001-02-25 09:00","2001","02","25","09:00"," ","-19,60","","-27,50","","49,00","","16,00","","32,00","","64,40","","92,87","","","","-32,00","","Généralement dégagé"
"2001-02-25 10:00","2001","02","25","10:00"," ","-19,10","","-27,00","","50,00","","15,00","","41,00","","64,40","","92,90","","","","-33,00","","Généralement nuageux"
"2001-02-25 11:00","2001","02","25","11:00"," ","-18,30","","-26,40","","49,00","","16,00","","32,00","","64,40","","92,93","","","","-31,00","","Généralement nuageux"
"2001-02-25 12:00","2001","02","25","12:00"," ","-17,10","","-25,70","","47,00","","14,00","","26,00","","64,40","","93,03","","","","-28,00","","Généralement dégagé"
"2001-02-25 13:00","2001","02","25","13:00"," ","-16,20","","-25,30","","45,00","","15,00","","28,00","","64,40","","93,03","","","","-27,00","","Généralement dégagé"
"2001-02-25 14:00","2001","02","25","14:00"," ","-15,20","","-23,80","","48,00","","16,00","","32,00","","64,40","","92,99","","","","-27,00","","Généralement dégagé"
"2001-02-25 15:00","2001","02","25","15:00"," ","-15,10","","-24,00","","47,00","","16,00","","20,00","","64,40","","93,03","","","","-24,00","","Généralement nuageux"
"2001-02-25 16:00","2001","02","25","16:00"," ","-14,90","","-23,60","","47,00","","17,00","","28,00","","64,40","","93,06","","","","-26,00","","Généralement nuageux"
"2001-02-25 17:00","2001","02","25","17:00"," ","-14,50","","-23,60","","46,00","","16,00","","28,00","","64,40","","93,06","","","","-25,00","","Généralement nuageux"
"2001-02-25 18:00","2001","02","25","18:00"," ","-14,40","","-23,50","","46,00","","16,00","","28,00","","64,40","","93,06","","","","-25,00","","Généralement nuageux"
"2001-02-25 19:00","2001","02","25","19:00"," ","-14,40","","-23,30","","47,00","","16,00","","28,00","","64,40","","93,06","","","","-25,00","","Généralement nuageux"
"2001-02-25 20:00","2001","02","25","20:00"," ","-14,50","","-23,10","","48,00","","16,00","","37,00","","64,40","","93,06","","","","-26,00","","Généralement nuageux"
"2001-02-25 21:00","2001","02","25","21:00"," ","-14,60","","-22,80","","50,00","","16,00","","37,00","","64,40","","93,03","","","","-27,00","","Généralement nuageux"
"2001-02-25 22:00","2001","02","25","22:00"," ","-14,70","","-22,70","","51,00","","17,00","","28,00","","64,40","","92,93","","","","-25,00","","Généralement nuageux"
"2001-02-25 23:00","2001","02","25","23:00"," ","-14,50","","-21,70","","54,00","","17,00","","33,00","","64,40","","92,90","","","","-26,00","","Généralement nuageux"
"2001-02-26 00:00","2001","02","26","00:00"," ","-14,50","","-21,70","","54,00","","17,00","","46,00","","64,40","","92,87","","","","-27,00","","Généralement nuageux"
"2001-02-26 01:00","2001","02","26","01:00"," ","-13,50","","-20,40","","56,00","","18,00","","46,00","","64,40","","92,80","","","","-26,00","","Généralement nuageux"
"2001-02-26 02:00","2001","02","26","02:00"," ","-12,60","","-19,10","","58,00","","19,00","","28,00","","64,40","","92,77","","","","-23,00","","Généralement dégagé"
"2001-02-26 03:00","2001","02","26","03:00"," ","-12,80","","-18,80","","61,00","","19,00","","26,00","","64,40","","92,74","","","","-23,00","","Généralement dégagé"
"2001-02-26 04:00","2001","02","26","04:00"," ","-10,00","","-16,10","","61,00","","18,00","","33,00","","64,40","","92,71","","","","-20,00","","Généralement dégagé"
"2001-02-26 05:00","2001","02","26","05:00"," ","-9,50","","-15,20","","63,00","","18,00","","37,00","","64,40","","92,65","","","","-20,00","","Généralement dégagé"
"2001-02-26 06:00","2001","02","26","06:00"," ","-9,00","","-14,40","","65,00","","18,00","","28,00","","64,40","","92,55","","","","-18,00","","Généralement dégagé"
"2001-02-26 07:00","2001","02","26","07:00"," ","-8,10","","-13,10","","67,00","","20,00","","37,00","","64,40","","92,52","","","","-18,00","","Généralement dégagé"
"2001-02-26 08:00","2001","02","26","08:00"," ","-6,50","","-11,40","","68,00","","18,00","","37,00","","64,40","","92,49","","","","-16,00","","Généralement nuageux"
"2001-02-26 09:00","2001","02","26","09:00"," ","-5,70","","-10,90","","67,00","","18,00","","41,00","","64,40","","92,46","","","","-15,00","","Généralement nuageux"
"2001-02-26 10:00","2001","02","26","10:00"," ","-3,80","","-9,00","","67,00","","16,00","","43,00","","64,40","","92,36","","","","-13,00","","Généralement nuageux"
"2001-02-26 11:00","2001","02","26","11:00"," ","-2,10","","-8,00","","64,00","","16,00","","28,00","","64,40","","92,39","","","","-9,00","","Généralement nuageux"
"2001-02-26 12:00","2001","02","26","12:00"," ","1,00","","-6,40","","58,00","","17,00","","41,00","","64,40","","92,36","","","","","","Généralement nuageux"
"2001-02-26 13:00","2001","02","26","13:00"," ","1,80","","-6,10","","56,00","","16,00","","37,00","","64,40","","92,36","","","","","","Généralement nuageux"
"2001-02-26 14:00","2001","02","26","14:00"," ","2,80","","-5,40","","55,00","","15,00","","17,00","","64,40","","92,33","","","","","","Généralement nuageux"
"2001-02-26 15:00","2001","02","26","15:00"," ","3,90","","-6,00","","48,00","","15,00","","20,00","","64,40","","92,33","","","","","","Généralement nuageux"
"2001-02-26 16:00","2001","02","26","16:00"," ","4,00","","-5,50","","50,00","","15,00","","15,00","","64,40","","92,36","","","","","","Généralement nuageux"
"2001-02-26 17:00","2001","02","26","17:00"," ","2,60","","-5,90","","53,00","","15,00","","28,00","","64,40","","92,33","","","","","","Nuageux"
"2001-02-26 18:00","2001","02","26","18:00"," ","2,00","","-5,90","","56,00","","16,00","","32,00","","64,40","","92,30","","","","","","Nuageux"
"2001-02-26 19:00","2001","02","26","19:00"," ","1,30","","-6,10","","58,00","","16,00","","19,00","","64,40","","92,23","","","","","","Généralement nuageux"
"2001-02-26 20:00","2001","02","26","20:00"," ","1,30","","-5,80","","59,00","","15,00","","19,00","","64,40","","92,17","","","","","","Généralement nuageux"
"2001-02-26 21:00","2001","02","26","21:00"," ","0,70","","-5,80","","62,00","","17,00","","28,00","","64,40","","92,14","","","","","","Généralement nuageux"
"2001-02-26 22:00","2001","02","26","22:00"," ","1,00","","-5,20","","63,00","","16,00","","28,00","","64,40","","92,04","","","","","","Généralement nuageux"
"2001-02-26 23:00","2001","02","26","23:00"," ","0,80","","-5,20","","64,00","","16,00","","28,00","","64,40","","91,89","","","","","","Généralement nuageux"
"2001-02-27 00:00","2001","02","27","00:00"," ","0,80","","-5,30","","64,00","","17,00","","35,00","","64,40","","91,79","","","","","","Nuageux"
"2001-02-27 01:00","2001","02","27","01:00"," ","1,00","","-5,30","","63,00","","18,00","","37,00","","64,40","","91,60","","","","","","Nuageux"
"2001-02-27 02:00","2001","02","27","02:00"," ","1,60","","-5,00","","61,00","","15,00","","33,00","","64,40","","91,54","","","","","","Nuageux"
"2001-02-27 03:00","2001","02","27","03:00"," ","1,70","","-4,70","","62,00","","15,00","","37,00","","64,40","","91,44","","","","","","Nuageux"
"2001-02-27 04:00","2001","02","27","04:00"," ","0,80","","-4,30","","69,00","","15,00","","28,00","","64,40","","91,25","","","","","","Nuageux"
"2001-02-27 05:00","2001","02","27","05:00"," ","0,80","","-4,20","","69,00","","15,00","","37,00","","64,40","","91,13","","","","","","Nuageux"
"2001-02-27 06:00","2001","02","27","06:00"," ","0,90","","-3,70","","71,00","","17,00","","41,00","","64,40","","90,94","","","","","","Généralement nuageux"
"2001-02-27 07:00","2001","02","27","07:00"," ","1,60","","-3,20","","70,00","","17,00","","46,00","","64,40","","90,81","","","","","","Généralement nuageux"
"2001-02-27 08:00","2001","02","27","08:00"," ","1,40","","-2,70","","74,00","","17,00","","28,00","","32,20","","90,78","","","","","","Nuageux"
"2001-02-27 09:00","2001","02","27","09:00"," ","1,50","","-3,10","","71,00","","16,00","","37,00","","64,40","","90,59","","","","","","Généralement nuageux"
"2001-02-27 10:00","2001","02","27","10:00"," ","1,60","","-2,70","","73,00","","17,00","","37,00","","64,40","","90,59","","","","","","Généralement nuageux"
"2001-02-27 11:00","2001","02","27","11:00"," ","1,10","","-2,20","","79,00","","17,00","","37,00","","9,70","","90,59","","","","","","Neige"
"2001-02-27 12:00","2001","02","27","12:00"," ","0,80","","-2,10","","81,00","","16,00","","30,00","","8,00","","90,59","","","","","","Neige"
"2001-02-27 13:00","2001","02","27","13:00"," ","1,80","","-1,80","","77,00","","16,00","","37,00","","48,30","","90,59","","","","","","Généralement nuageux"
"2001-02-27 14:00","2001","02","27","14:00"," ","2,50","","-2,90","","67,00","","17,00","","37,00","","64,40","","90,59","","","","","","Généralement dégagé"
"2001-02-27 15:00","2001","02","27","15:00"," ","3,30","","-2,60","","65,00","","17,00","","15,00","","64,40","","90,75","","","","","","Généralement dégagé"
"2001-02-27 16:00","2001","02","27","16:00"," ","2,50","","-3,70","","64,00","","16,00","","33,00","","64,40","","90,62","","","","","","Généralement dégagé"
"2001-02-27 17:00","2001","02","27","17:00"," ","1,50","","-3,80","","68,00","","15,00","","28,00","","64,40","","90,59","","","","","","Généralement dégagé"
"2001-02-27 18:00","2001","02","27","18:00"," ","1,30","","-4,60","","65,00","","16,00","","33,00","","64,40","","90,65","","","","","","Généralement dégagé"
"2001-02-27 19:00","2001","02","27","19:00"," ","0,10","","-5,10","","68,00","","17,00","","32,00","","64,40","","90,69","","","","","","Généralement dégagé"
"2001-02-27 20:00","2001","02","27","20:00"," ","-0,80","","-5,80","","69,00","","16,00","","28,00","","64,40","","90,69","","","","-7,00","","Généralement dégagé"
"2001-02-27 21:00","2001","02","27","21:00"," ","-1,20","","-6,10","","69,00","","17,00","","28,00","","64,40","","90,69","","","","-8,00","","Généralement dégagé"
"2001-02-27 22:00","2001","02","27","22:00"," ","-0,50","","-5,80","","67,00","","15,00","","28,00","","64,40","","90,69","","","","-7,00","","Généralement nuageux"
"2001-02-27 23:00","2001","02","27","23:00"," ","-1,80","","-6,50","","70,00","","14,00","","19,00","","64,40","","90,75","","","","-7,00","","Généralement nuageux"
"2001-02-28 00:00","2001","02","28","00:00"," ","-1,10","","-6,20","","68,00","","16,00","","19,00","","64,40","","90,81","","","","-6,00","","Généralement nuageux"
"2001-02-28 01:00","2001","02","28","01:00"," ","-1,30","","-6,20","","69,00","","15,00","","19,00","","64,40","","90,87","","","","-7,00","","Généralement nuageux"
"2001-02-28 02:00","2001","02","28","02:00"," ","-1,40","","-6,50","","68,00","","16,00","","19,00","","64,40","","90,87","","","","-7,00","","Généralement nuageux"
"2001-02-28 03:00","2001","02","28","03:00"," ","-2,10","","-7,10","","69,00","","15,00","","19,00","","64,40","","90,91","","","","-8,00","","Généralement nuageux"
"2001-02-28 04:00","2001","02","28","04:00"," ","-2,70","","-7,40","","70,00","","16,00","","22,00","","64,40","","90,87","","","","-9,00","","Généralement nuageux"
"2001-02-28 05:00","2001","02","28","05:00"," ","-3,40","","-7,90","","71,00","","16,00","","22,00","","64,40","","90,78","","","","-10,00","","Généralement dégagé"
"2001-02-28 06:00","2001","02","28","06:00"," ","-3,60","","-8,10","","71,00","","16,00","","19,00","","64,40","","90,78","","","","-10,00","","Généralement dégagé"
"2001-02-28 07:00","2001","02","28","07:00"," ","-3,30","","-8,70","","66,00","","16,00","","28,00","","64,40","","90,78","","","","-11,00","","Généralement dégagé"
"2001-02-28 08:00","2001","02","28","08:00"," ","-3,20","","-8,70","","66,00","","17,00","","30,00","","64,40","","90,81","","","","-11,00","","Généralement nuageux"
"2001-02-28 09:00","2001","02","28","09:00"," ","-3,30","","-8,80","","66,00","","17,00","","24,00","","64,40","","90,84","","","","-10,00","","Généralement dégagé"
"2001-02-28 10:00","2001","02","28","10:00"," ","-2,70","","-8,40","","65,00","","15,00","","15,00","","64,40","","90,91","","","","-8,00","","Généralement dégagé"
"2001-02-28 11:00","2001","02","28","11:00"," ","-1,60","","-8,20","","61,00","","17,00","","15,00","","64,40","","90,91","","","","-6,00","","Généralement dégagé"
"2001-02-28 12:00","2001","02","28","12:00"," ","-0,50","","-8,00","","57,00","","16,00","","15,00","","64,40","","90,94","","","","-5,00","","Généralement dégagé"
"2001-02-28 13:00","2001","02","28","13:00"," ","0,40","","-7,60","","55,00","","15,00","","11,00","","64,40","","91,03","","","","","","Généralement dégagé"
"2001-02-28 14:00","2001","02","28","14:00"," ","1,60","","-8,20","","48,00","","13,00","","7,00","","64,40","","91,03","","","","","","Généralement nuageux"
"2001-02-28 15:00","2001","02","28","15:00"," ","1,90","","-7,90","","48,00","","0,00","","0,00","","64,40","","91,10","","","","","","Nuageux"
"2001-02-28 16:00","2001","02","28","16:00"," ","2,10","","-8,10","","47,00","","1,00","","7,00","","64,40","","91,16","","","","","","Nuageux"
"2001-02-28 17:00","2001","02","28","17:00"," ","1,40","","-8,50","","48,00","","2,00","","9,00","","64,40","","91,19","","","","","","Généralement nuageux"
"2001-02-28 18:00","2001","02","28","18:00"," ","0,90","","-10,10","","44,00","","23,00","","9,00","","64,40","","91,29","","","","","","Généralement nuageux"
"2001-02-28 19:00","2001","02","28","19:00"," ","0,10","","-10,80","","44,00","","22,00","","7,00","","64,40","","91,35","","","","","","Généralement nuageux"
"2001-02-28 20:00","2001","02","28","20:00"," ","-1,60","","-11,20","","48,00","","20,00","","15,00","","64,40","","91,41","","","","-6,00","","Généralement nuageux"
"2001-02-28 21:00","2001","02","28","21:00"," ","-2,80","","-12,10","","49,00","","22,00","","13,00","","64,40","","91,44","","","","-7,00","","Généralement nuageux"
"2001-02-28 22:00","2001","02","28","22:00"," ","-2,90","","-11,70","","51,00","","18,00","","11,00","","64,40","","91,51","","","","-7,00","","Généralement nuageux"
"2001-02-28 23:00","2001","02","28","23:00"," ","-3,80","","-11,20","","56,00","","14,00","","15,00","","64,40","","91,54","","","","-9,00","","Généralement nuageux"
