"Nom de la Station","WHITEHORSE A"
"Province","YUKON TERRITORY"
"Latitude","60,71"
"Longitude","-135,07"
"Altitude","706,20"
"Identification Climat","2101300"
"Identification OMM","71964"
"Identification TC","YXY"
"Toutes les heures sont exprimées en heure normale locale (HNL). Pour convertir l'heure locale en heure avancée de l'Est (HAE), ajoutez 1 heure s'il y a lieu."

"Légende"
"M","Données Manquantes"
"E","Valeur Estimée"
"ND","Non Disponible"
"**","Données fournies par un partenaire, non assujetties à un révision par les Archives climatiques nationales du Canada"

"Date/Heure","Année","Mois","Jour","Heure","Qualité des Données","Temp (°C)","Temp Indicateur","Point de rosée (°C)","Point de rosée Indicateur","Hum. rel (%)","Hum. rel. Indicateur","Dir. du vent (10s deg)","Dir. du vent Indicateur","Vit. du vent (km/h)","Vit. du vent Indicateur","Visibilité (km)","Visibilité Indicateur","Pression à la station (kPa)","Pression à la station Indicateur","Hmdx","Hmdx Indicateur","Refroid. éolien","Refroid. éolien Indicateur","Temps"
"1970-09-01 00:00","1970","09","01","00:00"," ","6,70","","2,80","","77,00","","18,00","","8,00","","64,40","","92,95","","","","","","Généralement nuageux"
"1970-09-01 01:00","1970","09","01","01:00"," ","7,20","","2,80","","73,00","","0,00","","0,00","","64,40","","92,91","","","","","","Généralement nuageux"
"1970-09-01 02:00","1970","09","01","02:00"," ","6,70","","3,90","","83,00","","0,00","","0,00","","48,30","","92,88","","","","","","Pluie"
"1970-09-01 03:00","1970","09","01","03:00"," ","6,70","","3,30","","81,00","","18,00","","8,00","","64,40","","92,82","","","","","","Généralement nuageux"
"1970-09-01 04:00","1970","09","01","04:00"," ","5,60","","3,90","","89,00","","16,00","","5,00","","64,40","","92,76","","","","","","Généralement nuageux"
"1970-09-01 05:00","1970","09","01","05:00"," ","5,60","","3,90","","89,00","","0,00","","0,00","","64,40","","92,74","","","","","","Nuageux"
"1970-09-01 06:00","1970","09","01","06:00"," ","6,10","","3,90","","85,00","","29,00","","8,00","","64,40","","92,74","","","","","","Généralement nuageux"
"1970-09-01 07:00","1970","09","01","07:00"," ","6,70","","5,00","","89,00","","34,00","","8,00","","32,20","","92,69","","","","","","Pluie"
"1970-09-01 08:00","1970","09","01","08:00"," ","6,70","","5,00","","89,00","","32,00","","8,00","","32,20","","92,64","","","","","","Pluie"
"1970-09-01 09:00","1970","09","01","09:00"," ","6,70","","5,60","","93,00","","29,00","","8,00","","16,10","","92,62","","","","","","Pluie"
"1970-09-01 10:00","1970","09","01","10:00"," ","7,20","","6,10","","94,00","","0,00","","0,00","","12,90","","92,62","","","","","","Pluie"
"1970-09-01 11:00","1970","09","01","11:00"," ","7,80","","7,20","","96,00","","0,00","","0,00","","9,70","","92,58","","","","","","Pluie"
"1970-09-01 12:00","1970","09","01","12:00"," ","7,80","","6,70","","94,00","","18,00","","5,00","","9,70","","92,57","","","","","","Pluie"
"1970-09-01 13:00","1970","09","01","13:00"," ","8,30","","6,70","","88,00","","16,00","","10,00","","12,90","","92,57","","","","","","Pluie"
"1970-09-01 14:00","1970","09","01","14:00"," ","9,40","","7,80","","88,00","","14,00","","14,00","","48,30","","92,54","","","","","","Pluie"
"1970-09-01 15:00","1970","09","01","15:00"," ","10,60","","7,80","","83,00","","16,00","","8,00","","64,40","","92,50","","","","","","Généralement nuageux"
"1970-09-01 16:00","1970","09","01","16:00"," ","9,40","","7,80","","88,00","","34,00","","8,00","","64,40","","92,42","","","","","","Généralement nuageux"
"1970-09-01 17:00","1970","09","01","17:00"," ","9,40","","7,20","","86,00","","36,00","","10,00","","64,40","","92,39","","","","","","Généralement nuageux"
"1970-09-01 18:00","1970","09","01","18:00"," ","9,40","","7,20","","84,00","","36,00","","13,00","","64,40","","92,36","","","","","","Généralement nuageux"
"1970-09-01 19:00","1970","09","01","19:00"," ","8,30","","6,70","","88,00","","0,00","","0,00","","40,20","","92,39","","","","","","Averses de pluie"
"1970-09-01 20:00","1970","09","01","20:00"," ","8,30","","5,00","","80,00","","11,00","","6,00","","48,30","","92,40","","","","","","Généralement nuageux"
"1970-09-01 21:00","1970","09","01","21:00"," ","7,20","","4,40","","81,00","","20,00","","5,00","","64,40","","92,37","","","","","","Généralement nuageux"
"1970-09-01 22:00","1970","09","01","22:00"," ","6,70","","3,90","","83,00","","18,00","","13,00","","64,40","","92,36","","","","","","Généralement dégagé"
"1970-09-01 23:00","1970","09","01","23:00"," ","6,10","","4,40","","89,00","","18,00","","8,00","","64,40","","92,37","","","","","","Nuageux"
"1970-09-02 00:00","1970","09","02","00:00"," ","7,20","","5,00","","85,00","","16,00","","13,00","","64,40","","92,33","","","","","","Généralement nuageux"
"1970-09-02 01:00","1970","09","02","01:00"," ","7,20","","4,40","","83,00","","14,00","","14,00","","64,40","","92,35","","","","","","Pluie"
"1970-09-02 02:00","1970","09","02","02:00"," ","7,20","","5,00","","85,00","","16,00","","14,00","","64,40","","92,33","","","","","","Nuageux"
"1970-09-02 03:00","1970","09","02","03:00"," ","6,70","","4,40","","87,00","","16,00","","13,00","","64,40","","92,31","","","","","","Nuageux"
"1970-09-02 04:00","1970","09","02","04:00"," ","6,10","","4,40","","89,00","","18,00","","8,00","","64,40","","92,28","","","","","","Pluie"
"1970-09-02 05:00","1970","09","02","05:00"," ","6,70","","4,40","","87,00","","16,00","","11,00","","48,30","","92,25","","","","","","Pluie"
"1970-09-02 06:00","1970","09","02","06:00"," ","6,10","","5,00","","93,00","","9,00","","5,00","","48,30","","92,24","","","","","","Pluie"
"1970-09-02 07:00","1970","09","02","07:00"," ","6,10","","4,40","","89,00","","0,00","","0,00","","64,40","","92,24","","","","","","Nuageux"
"1970-09-02 08:00","1970","09","02","08:00"," ","6,70","","5,60","","91,00","","0,00","","0,00","","64,40","","92,22","","","","","","Nuageux"
"1970-09-02 09:00","1970","09","02","09:00"," ","7,20","","5,00","","85,00","","0,00","","0,00","","64,40","","92,20","","","","","","Nuageux"
"1970-09-02 10:00","1970","09","02","10:00"," ","8,90","","5,60","","78,00","","0,00","","0,00","","64,40","","92,17","","","","","","Nuageux"
"1970-09-02 11:00","1970","09","02","11:00"," ","10,60","","5,60","","71,00","","36,00","","8,00","","64,40","","92,12","","","","","","Généralement nuageux"
"1970-09-02 12:00","1970","09","02","12:00"," ","10,00","","6,10","","76,00","","36,00","","13,00","","64,40","","92,08","","","","","","Généralement nuageux"
"1970-09-02 13:00","1970","09","02","13:00"," ","10,60","","6,70","","78,00","","29,00","","10,00","","64,40","","92,06","","","","","","Averses de pluie"
"1970-09-02 14:00","1970","09","02","14:00"," ","11,10","","7,80","","80,00","","27,00","","11,00","","64,40","","92,00","","","","","","Averses de pluie"
"1970-09-02 15:00","1970","09","02","15:00"," ","11,70","","7,80","","77,00","","0,00","","0,00","","64,40","","91,97","","","","","","Généralement nuageux"
"1970-09-02 16:00","1970","09","02","16:00"," ","11,10","","7,80","","80,00","","36,00","","13,00","","48,30","","91,94","","","","","","Averses de pluie"
"1970-09-02 17:00","1970","09","02","17:00"," ","11,10","","8,30","","82,00","","29,00","","8,00","","64,40","","91,93","","","","","","Averses de pluie"
"1970-09-02 18:00","1970","09","02","18:00"," ","10,60","","8,30","","85,00","","36,00","","6,00","","40,20","","91,92","","","","","","Pluie"
"1970-09-02 19:00","1970","09","02","19:00"," ","10,00","","8,30","","89,00","","32,00","","5,00","","32,20","","91,92","","","","","","Pluie"
"1970-09-02 20:00","1970","09","02","20:00"," ","9,40","","8,30","","94,00","","29,00","","5,00","","19,30","","91,91","","","","","","Pluie"
"1970-09-02 21:00","1970","09","02","21:00"," ","9,40","","7,80","","90,00","","32,00","","10,00","","16,10","","91,91","","","","","","Pluie"
"1970-09-02 22:00","1970","09","02","22:00"," ","8,90","","7,80","","92,00","","0,00","","0,00","","16,10","","91,92","","","","","","Pluie"
"1970-09-02 23:00","1970","09","02","23:00"," ","8,90","","8,30","","96,00","","0,00","","0,00","","16,10","","91,93","","","","","","Pluie"
"1970-09-03 00:00","1970","09","03","00:00"," ","8,30","","7,80","","98,00","","27,00","","5,00","","16,10","","91,93","","","","","","Pluie"
"1970-09-03 01:00","1970","09","03","01:00"," ","8,30","","7,80","","98,00","","29,00","","5,00","","12,90","","91,92","","","","","","Pluie"
"1970-09-03 02:00","1970","09","03","02:00"," ","8,30","","7,80","","96,00","","29,00","","8,00","","12,90","","91,91","","","","","","Pluie"
"1970-09-03 03:00","1970","09","03","03:00"," ","8,30","","7,80","","98,00","","34,00","","6,00","","12,90","","91,90","","","","","","Pluie"
"1970-09-03 04:00","1970","09","03","04:00"," ","8,30","","7,80","","96,00","","34,00","","6,00","","12,90","","91,89","","","","","","Pluie"
"1970-09-03 05:00","1970","09","03","05:00"," ","7,80","","7,20","","98,00","","32,00","","8,00","","12,90","","91,90","","","","","","Pluie"
"1970-09-03 06:00","1970","09","03","06:00"," ","7,80","","7,80","","100,00","","34,00","","8,00","","9,70","","91,93","","","","","","Pluie"
"1970-09-03 07:00","1970","09","03","07:00"," ","8,30","","7,80","","96,00","","34,00","","11,00","","32,20","","91,95","","","","","","Pluie"
"1970-09-03 08:00","1970","09","03","08:00"," ","8,30","","7,20","","94,00","","36,00","","10,00","","24,10","","92,00","","","","","","Pluie"
"1970-09-03 09:00","1970","09","03","09:00"," ","8,90","","7,80","","94,00","","36,00","","10,00","","24,10","","92,03","","","","","","Pluie"
"1970-09-03 10:00","1970","09","03","10:00"," ","9,40","","8,30","","94,00","","36,00","","6,00","","16,10","","92,08","","","","","","Pluie"
"1970-09-03 11:00","1970","09","03","11:00"," ","10,60","","8,30","","85,00","","36,00","","10,00","","48,30","","92,11","","","","","","Généralement nuageux"
"1970-09-03 12:00","1970","09","03","12:00"," ","10,60","","7,20","","80,00","","7,00","","5,00","","48,30","","92,13","","","","","","Averses de pluie"
"1970-09-03 13:00","1970","09","03","13:00"," ","12,20","","7,80","","74,00","","0,00","","0,00","","64,40","","92,13","","","","","","Généralement nuageux"
"1970-09-03 14:00","1970","09","03","14:00"," ","13,30","","7,20","","67,00","","14,00","","6,00","","64,40","","92,16","","","","","","Généralement dégagé"
"1970-09-03 15:00","1970","09","03","15:00"," ","13,90","","8,90","","71,00","","11,00","","8,00","","64,40","","92,20","","","","","","Généralement nuageux"
"1970-09-03 16:00","1970","09","03","16:00"," ","12,80","","7,80","","73,00","","14,00","","10,00","","64,40","","92,22","","","","","","Généralement nuageux"
"1970-09-03 17:00","1970","09","03","17:00"," ","12,20","","8,90","","81,00","","5,00","","8,00","","64,40","","92,22","","","","","","Généralement nuageux"
"1970-09-03 18:00","1970","09","03","18:00"," ","12,20","","7,80","","76,00","","0,00","","0,00","","64,40","","92,21","","","","","","Généralement dégagé"
"1970-09-03 19:00","1970","09","03","19:00"," ","11,10","","7,80","","80,00","","18,00","","6,00","","64,40","","92,20","","","","","","Généralement dégagé"
"1970-09-03 20:00","1970","09","03","20:00"," ","10,00","","6,70","","79,00","","18,00","","13,00","","64,40","","92,28","","","","","","Généralement nuageux"
"1970-09-03 21:00","1970","09","03","21:00"," ","10,00","","6,10","","77,00","","18,00","","6,00","","64,40","","92,27","","","","","","Généralement nuageux"
"1970-09-03 22:00","1970","09","03","22:00"," ","9,40","","5,60","","77,00","","16,00","","16,00","","64,40","","92,21","","","","","","Nuageux"
"1970-09-03 23:00","1970","09","03","23:00"," ","8,90","","4,40","","73,00","","14,00","","23,00","","64,40","","92,17","","","","","","Généralement dégagé"
"1970-09-04 00:00","1970","09","04","00:00"," ","8,30","","3,90","","74,00","","16,00","","21,00","","64,40","","92,13","","","","","","Généralement dégagé"
"1970-09-04 01:00","1970","09","04","01:00"," ","7,80","","3,90","","78,00","","14,00","","27,00","","64,40","","92,10","","","","","","Généralement nuageux"
"1970-09-04 02:00","1970","09","04","02:00"," ","7,80","","3,30","","74,00","","16,00","","27,00","","64,40","","91,98","","","","","","Généralement nuageux"
"1970-09-04 03:00","1970","09","04","03:00"," ","7,80","","3,90","","76,00","","16,00","","29,00","","64,40","","91,88","","","","","","Nuageux"
"1970-09-04 04:00","1970","09","04","04:00"," ","7,80","","3,90","","76,00","","16,00","","26,00","","64,40","","91,83","","","","","","Nuageux"
"1970-09-04 05:00","1970","09","04","05:00"," ","7,80","","3,90","","78,00","","16,00","","24,00","","64,40","","91,75","","","","","","Nuageux"
"1970-09-04 06:00","1970","09","04","06:00"," ","7,20","","4,40","","83,00","","16,00","","24,00","","48,30","","91,69","","","","","","Pluie"
"1970-09-04 07:00","1970","09","04","07:00"," ","6,70","","4,40","","87,00","","16,00","","16,00","","24,10","","91,62","","","","","","Pluie"
"1970-09-04 08:00","1970","09","04","08:00"," ","6,70","","4,40","","85,00","","14,00","","24,00","","16,10","","91,54","","","","","","Pluie"
"1970-09-04 09:00","1970","09","04","09:00"," ","6,70","","5,00","","89,00","","16,00","","31,00","","32,20","","91,37","","","","","","Pluie"
"1970-09-04 10:00","1970","09","04","10:00"," ","7,20","","5,00","","85,00","","16,00","","31,00","","64,40","","91,27","","","","","","Nuageux"
"1970-09-04 11:00","1970","09","04","11:00"," ","7,80","","5,00","","84,00","","16,00","","29,00","","64,40","","91,24","","","","","","Nuageux"
"1970-09-04 12:00","1970","09","04","12:00"," ","8,30","","3,90","","74,00","","14,00","","32,00","","48,30","","91,19","","","","","","Averses de pluie"
"1970-09-04 13:00","1970","09","04","13:00"," ","7,20","","5,60","","89,00","","9,00","","19,00","","48,30","","91,13","","","","","","Pluie"
"1970-09-04 14:00","1970","09","04","14:00"," ","8,30","","5,60","","82,00","","14,00","","24,00","","64,40","","91,05","","","","","","Généralement nuageux"
"1970-09-04 15:00","1970","09","04","15:00"," ","9,40","","4,40","","71,00","","16,00","","27,00","","64,40","","90,98","","","","","","Généralement nuageux"
"1970-09-04 16:00","1970","09","04","16:00"," ","10,00","","2,80","","61,00","","16,00","","23,00","","64,40","","90,93","","","","","","Généralement nuageux"
"1970-09-04 17:00","1970","09","04","17:00"," ","9,40","","3,90","","68,00","","16,00","","21,00","","64,40","","90,91","","","","","","Généralement nuageux"
"1970-09-04 18:00","1970","09","04","18:00"," ","9,40","","3,30","","66,00","","14,00","","23,00","","64,40","","90,85","","","","","","Généralement nuageux"
"1970-09-04 19:00","1970","09","04","19:00"," ","8,30","","2,80","","68,00","","14,00","","24,00","","64,40","","90,85","","","","","","Nuageux"
"1970-09-04 20:00","1970","09","04","20:00"," ","8,30","","3,30","","70,00","","16,00","","21,00","","64,40","","90,86","","","","","","Nuageux"
"1970-09-04 21:00","1970","09","04","21:00"," ","7,80","","3,30","","74,00","","14,00","","16,00","","64,40","","90,88","","","","","","Nuageux"
"1970-09-04 22:00","1970","09","04","22:00"," ","7,80","","3,30","","74,00","","14,00","","19,00","","64,40","","90,87","","","","","","Nuageux"
"1970-09-04 23:00","1970","09","04","23:00"," ","7,80","","3,90","","76,00","","16,00","","19,00","","64,40","","90,83","","","","","","Nuageux"
"1970-09-05 00:00","1970","09","05","00:00"," ","7,20","","2,20","","71,00","","14,00","","16,00","","64,40","","90,85","","","","","","Nuageux"
"1970-09-05 01:00","1970","09","05","01:00"," ","7,20","","2,20","","71,00","","14,00","","18,00","","64,40","","90,82","","","","","","Nuageux"
"1970-09-05 02:00","1970","09","05","02:00"," ","7,20","","3,30","","75,00","","14,00","","26,00","","64,40","","90,81","","","","","","Pluie"
"1970-09-05 03:00","1970","09","05","03:00"," ","6,70","","2,80","","77,00","","16,00","","14,00","","64,40","","90,82","","","","","","Pluie"
"1970-09-05 04:00","1970","09","05","04:00"," ","6,70","","3,30","","79,00","","16,00","","13,00","","48,30","","90,83","","","","","","Pluie"
"1970-09-05 05:00","1970","09","05","05:00"," ","6,10","","2,80","","80,00","","14,00","","16,00","","32,20","","90,84","","","","","","Pluie"
"1970-09-05 06:00","1970","09","05","06:00"," ","6,10","","2,80","","80,00","","18,00","","5,00","","32,20","","90,87","","","","","","Pluie"
"1970-09-05 07:00","1970","09","05","07:00"," ","6,10","","2,80","","78,00","","16,00","","10,00","","32,20","","90,87","","","","","","Pluie"
"1970-09-05 08:00","1970","09","05","08:00"," ","6,10","","3,30","","82,00","","18,00","","8,00","","32,20","","90,89","","","","","","Pluie"
"1970-09-05 09:00","1970","09","05","09:00"," ","6,70","","3,90","","83,00","","18,00","","6,00","","32,20","","90,96","","","","","","Pluie"
"1970-09-05 10:00","1970","09","05","10:00"," ","6,70","","4,40","","87,00","","0,00","","0,00","","32,20","","91,02","","","","","","Pluie"
"1970-09-05 11:00","1970","09","05","11:00"," ","6,70","","6,10","","96,00","","36,00","","5,00","","9,70","","91,06","","","","","","Pluie"
"1970-09-05 12:00","1970","09","05","12:00"," ","6,10","","5,00","","91,00","","36,00","","10,00","","9,70","","91,13","","","","","","Pluie"
"1970-09-05 13:00","1970","09","05","13:00"," ","6,70","","5,60","","91,00","","36,00","","5,00","","12,90","","91,17","","","","","","Pluie"
"1970-09-05 14:00","1970","09","05","14:00"," ","7,20","","5,60","","89,00","","5,00","","3,00","","12,90","","91,20","","","","","","Pluie"
"1970-09-05 15:00","1970","09","05","15:00"," ","7,80","","6,70","","94,00","","7,00","","3,00","","16,10","","91,22","","","","","","Pluie"
"1970-09-05 16:00","1970","09","05","16:00"," ","7,80","","6,70","","92,00","","0,00","","0,00","","24,10","","91,29","","","","","","Pluie"
"1970-09-05 17:00","1970","09","05","17:00"," ","7,80","","6,70","","94,00","","0,00","","0,00","","48,30","","91,34","","","","","","Pluie"
"1970-09-05 18:00","1970","09","05","18:00"," ","7,80","","6,70","","92,00","","0,00","","0,00","","24,10","","91,38","","","","","","Pluie"
"1970-09-05 19:00","1970","09","05","19:00"," ","7,80","","5,60","","86,00","","0,00","","0,00","","48,30","","91,44","","","","","","Nuageux"
"1970-09-05 20:00","1970","09","05","20:00"," ","7,20","","6,10","","94,00","","2,00","","8,00","","24,10","","91,51","","","","","","Pluie"
"1970-09-05 21:00","1970","09","05","21:00"," ","6,70","","5,60","","93,00","","0,00","","0,00","","32,20","","91,57","","","","","","Pluie"
"1970-09-05 22:00","1970","09","05","22:00"," ","6,70","","5,60","","93,00","","0,00","","0,00","","32,20","","91,63","","","","","","Pluie"
"1970-09-05 23:00","1970","09","05","23:00"," ","6,70","","5,60","","93,00","","0,00","","0,00","","24,10","","91,68","","","","","","Pluie"
"1970-09-06 00:00","1970","09","06","00:00"," ","6,10","","6,10","","100,00","","0,00","","0,00","","32,20","","91,72","","","","","","Pluie"
"1970-09-06 01:00","1970","09","06","01:00"," ","6,10","","6,10","","100,00","","0,00","","0,00","","9,70","","91,76","","","","","","Pluie"
"1970-09-06 02:00","1970","09","06","02:00"," ","6,10","","5,60","","98,00","","0,00","","0,00","","9,70","","91,82","","","","","","Pluie"
"1970-09-06 03:00","1970","09","06","03:00"," ","5,60","","5,00","","98,00","","0,00","","0,00","","12,90","","91,87","","","","","","Pluie"
"1970-09-06 04:00","1970","09","06","04:00"," ","6,10","","5,60","","98,00","","0,00","","0,00","","48,30","","91,91","","","","","","Nuageux"
"1970-09-06 05:00","1970","09","06","05:00"," ","5,60","","5,00","","98,00","","0,00","","0,00","","9,70","","91,95","","","","","","Brouillard"
"1970-09-06 06:00","1970","09","06","06:00"," ","5,60","","5,00","","98,00","","34,00","","3,00","","40,20","","92,00","","","","","","Généralement nuageux"
"1970-09-06 07:00","1970","09","06","07:00"," ","6,10","","5,00","","93,00","","29,00","","10,00","","40,20","","92,05","","","","","","Pluie"
"1970-09-06 08:00","1970","09","06","08:00"," ","5,60","","5,00","","98,00","","29,00","","16,00","","64,40","","92,09","","","","","","Pluie"
"1970-09-06 09:00","1970","09","06","09:00"," ","7,80","","6,10","","88,00","","36,00","","14,00","","64,40","","92,12","","","","","","Généralement nuageux"
"1970-09-06 10:00","1970","09","06","10:00"," ","7,80","","3,90","","78,00","","36,00","","11,00","","48,30","","92,19","","","","","","Généralement nuageux"
"1970-09-06 11:00","1970","09","06","11:00"," ","7,80","","5,00","","82,00","","34,00","","21,00","","48,30","","92,21","","","","","","Averses de pluie"
"1970-09-06 12:00","1970","09","06","12:00"," ","7,80","","3,90","","78,00","","36,00","","14,00","","64,40","","92,23","","","","","","Averses de pluie"
"1970-09-06 13:00","1970","09","06","13:00"," ","9,40","","4,40","","70,00","","34,00","","13,00","","64,40","","92,26","","","","","","Averses de pluie"
"1970-09-06 14:00","1970","09","06","14:00"," ","10,00","","3,30","","63,00","","34,00","","14,00","","64,40","","92,25","","","","","","Généralement nuageux"
"1970-09-06 15:00","1970","09","06","15:00"," ","10,60","","2,20","","57,00","","32,00","","14,00","","64,40","","92,24","","","","","","Généralement nuageux"
"1970-09-06 16:00","1970","09","06","16:00"," ","10,60","","1,10","","52,00","","32,00","","11,00","","64,40","","92,27","","","","","","Généralement nuageux"
"1970-09-06 17:00","1970","09","06","17:00"," ","10,60","","2,20","","57,00","","32,00","","10,00","","64,40","","92,29","","","","","","Généralement nuageux"
"1970-09-06 18:00","1970","09","06","18:00"," ","10,00","","2,80","","60,00","","29,00","","6,00","","64,40","","92,32","","","","","","Généralement nuageux"
"1970-09-06 19:00","1970","09","06","19:00"," ","9,40","","1,70","","59,00","","29,00","","8,00","","64,40","","92,36","","","","","","Généralement nuageux"
"1970-09-06 20:00","1970","09","06","20:00"," ","8,30","","2,20","","67,00","","36,00","","5,00","","64,40","","92,39","","","","","","Généralement nuageux"
"1970-09-06 21:00","1970","09","06","21:00"," ","7,80","","1,10","","62,00","","32,00","","5,00","","64,40","","92,45","","","","","","Généralement nuageux"
"1970-09-06 22:00","1970","09","06","22:00"," ","8,30","","-1,10","","52,00","","34,00","","19,00","","64,40","","92,52","","","","","","Généralement nuageux"
"1970-09-06 23:00","1970","09","06","23:00"," ","7,80","","-2,20","","49,00","","34,00","","11,00","","64,40","","92,56","","","","","","Généralement nuageux"
"1970-09-07 00:00","1970","09","07","00:00"," ","7,20","","-2,20","","52,00","","29,00","","6,00","","64,40","","92,63","","","","","","Généralement nuageux"
"1970-09-07 01:00","1970","09","07","01:00"," ","5,00","","-0,60","","69,00","","0,00","","0,00","","64,40","","92,66","","","","","","Généralement nuageux"
"1970-09-07 02:00","1970","09","07","02:00"," ","5,00","","-0,60","","69,00","","32,00","","6,00","","64,40","","92,70","","","","","","Généralement nuageux"
"1970-09-07 03:00","1970","09","07","03:00"," ","3,30","","-1,10","","73,00","","27,00","","6,00","","64,40","","92,72","","","","","","Généralement nuageux"
"1970-09-07 04:00","1970","09","07","04:00"," ","3,30","","0,00","","78,00","","0,00","","0,00","","64,40","","92,75","","","","","","Généralement nuageux"
"1970-09-07 05:00","1970","09","07","05:00"," ","2,80","","-1,10","","75,00","","0,00","","0,00","","64,40","","92,80","","","","","","Généralement nuageux"
"1970-09-07 06:00","1970","09","07","06:00"," ","2,20","","-1,10","","77,00","","34,00","","3,00","","64,40","","92,85","","","","","","Généralement nuageux"
"1970-09-07 07:00","1970","09","07","07:00"," ","1,10","","0,00","","92,00","","29,00","","6,00","","64,40","","92,88","","","","","","Généralement dégagé"
"1970-09-07 08:00","1970","09","07","08:00"," ","5,00","","0,60","","73,00","","0,00","","0,00","","64,40","","92,86","","","","","","Généralement dégagé"
"1970-09-07 09:00","1970","09","07","09:00"," ","6,70","","-1,10","","58,00","","34,00","","5,00","","64,40","","92,86","","","","","","Généralement dégagé"
"1970-09-07 10:00","1970","09","07","10:00"," ","8,90","","-2,80","","44,00","","36,00","","13,00","","64,40","","92,88","","","","","","Généralement nuageux"
"1970-09-07 11:00","1970","09","07","11:00"," ","9,40","","-4,40","","37,00","","2,00","","6,00","","64,40","","92,85","","","","","","Généralement nuageux"
"1970-09-07 12:00","1970","09","07","12:00"," ","10,60","","-2,80","","39,00","","9,00","","5,00","","64,40","","92,80","","","","","","Généralement nuageux"
"1970-09-07 13:00","1970","09","07","13:00"," ","11,10","","-3,30","","36,00","","5,00","","6,00","","64,40","","92,78","","","","","","Généralement nuageux"
"1970-09-07 14:00","1970","09","07","14:00"," ","11,70","","-3,30","","35,00","","0,00","","0,00","","64,40","","92,75","","","","","","Généralement nuageux"
"1970-09-07 15:00","1970","09","07","15:00"," ","12,20","","-1,70","","38,00","","11,00","","11,00","","64,40","","92,71","","","","","","Généralement nuageux"
"1970-09-07 16:00","1970","09","07","16:00"," ","8,30","","3,90","","72,00","","27,00","","14,00","","56,30","","92,77","","","","","","Averses de pluie"
"1970-09-07 17:00","1970","09","07","17:00"," ","7,80","","3,90","","76,00","","29,00","","8,00","","48,30","","92,72","","","","","","Averses de pluie"
"1970-09-07 18:00","1970","09","07","18:00"," ","7,20","","5,00","","87,00","","27,00","","10,00","","64,40","","92,67","","","","","","Généralement nuageux"
"1970-09-07 19:00","1970","09","07","19:00"," ","6,70","","4,40","","85,00","","11,00","","5,00","","64,40","","92,67","","","","","","Généralement nuageux"
"1970-09-07 20:00","1970","09","07","20:00"," ","6,10","","5,00","","91,00","","23,00","","5,00","","64,40","","92,67","","","","","","Généralement nuageux"
"1970-09-07 21:00","1970","09","07","21:00"," ","6,10","","3,90","","87,00","","0,00","","0,00","","64,40","","92,65","","","","","","Généralement nuageux"
"1970-09-07 22:00","1970","09","07","22:00"," ","7,20","","2,80","","73,00","","14,00","","13,00","","64,40","","92,63","","","","","","Généralement nuageux"
"1970-09-07 23:00","1970","09","07","23:00"," ","7,20","","2,20","","71,00","","14,00","","16,00","","64,40","","92,59","","","","","","Nuageux"
"1970-09-08 00:00","1970","09","08","00:00"," ","7,20","","1,70","","67,00","","14,00","","21,00","","64,40","","92,56","","","","","","Nuageux"
"1970-09-08 01:00","1970","09","08","01:00"," ","6,70","","1,70","","70,00","","16,00","","19,00","","64,40","","92,53","","","","","","Nuageux"
"1970-09-08 02:00","1970","09","08","02:00"," ","6,70","","1,70","","70,00","","14,00","","14,00","","64,40","","92,52","","","","","","Nuageux"
"1970-09-08 03:00","1970","09","08","03:00"," ","6,70","","1,10","","66,00","","14,00","","21,00","","64,40","","92,48","","","","","","Généralement nuageux"
"1970-09-08 04:00","1970","09","08","04:00"," ","6,70","","2,20","","73,00","","14,00","","23,00","","64,40","","92,45","","","","","","Nuageux"
"1970-09-08 05:00","1970","09","08","05:00"," ","6,10","","1,70","","72,00","","16,00","","11,00","","64,40","","92,50","","","","","","Averses de pluie"
"1970-09-08 06:00","1970","09","08","06:00"," ","6,10","","2,80","","78,00","","14,00","","5,00","","48,30","","92,50","","","","","","Pluie"
"1970-09-08 07:00","1970","09","08","07:00"," ","6,10","","2,20","","76,00","","14,00","","16,00","","32,20","","92,52","","","","","","Pluie"
"1970-09-08 08:00","1970","09","08","08:00"," ","3,30","","2,20","","93,00","","34,00","","24,00","","8,00","","92,65","","","","","","Pluie,Brouillard"
"1970-09-08 09:00","1970","09","08","09:00"," ","1,70","","1,10","","95,00","","36,00","","8,00","","4,80","","92,73","","","","","","Pluie,Neige"
"1970-09-08 10:00","1970","09","08","10:00"," ","2,20","","1,70","","97,00","","36,00","","26,00","","9,70","","92,83","","","","","","Pluie"
"1970-09-08 11:00","1970","09","08","11:00"," ","1,10","","0,60","","97,00","","34,00","","21,00","","3,20","","92,98","","","","","","Averses de neige"
"1970-09-08 12:00","1970","09","08","12:00"," ","1,10","","0,60","","95,00","","36,00","","29,00","","9,70","","93,06","","","","","","Averses de neige"
"1970-09-08 13:00","1970","09","08","13:00"," ","1,10","","-0,60","","89,00","","36,00","","24,00","","16,10","","93,17","","","","","","Nuageux"
"1970-09-08 14:00","1970","09","08","14:00"," ","1,70","","-0,60","","87,00","","36,00","","23,00","","24,10","","93,24","","","","","","Nuageux"
"1970-09-08 15:00","1970","09","08","15:00"," ","1,70","","-1,10","","82,00","","34,00","","23,00","","24,10","","93,32","","","","","","Nuageux"
"1970-09-08 16:00","1970","09","08","16:00"," ","1,10","","-1,10","","84,00","","34,00","","24,00","","6,40","","93,38","","","","","","Averses de neige"
"1970-09-08 17:00","1970","09","08","17:00"," ","1,10","","-1,10","","86,00","","34,00","","19,00","","16,10","","93,44","","","","","","Averses de neige"
"1970-09-08 18:00","1970","09","08","18:00"," ","0,60","","-0,60","","92,00","","34,00","","11,00","","8,00","","93,52","","","","","","Averses de neige"
"1970-09-08 19:00","1970","09","08","19:00"," ","0,60","","-0,60","","92,00","","34,00","","11,00","","32,20","","93,60","","","","","","Neige"
"1970-09-08 20:00","1970","09","08","20:00"," ","0,60","","-1,10","","89,00","","34,00","","14,00","","64,40","","93,68","","","","","","Généralement nuageux"
"1970-09-08 21:00","1970","09","08","21:00"," ","0,60","","-1,10","","87,00","","32,00","","13,00","","64,40","","93,76","","","","","","Généralement nuageux"
"1970-09-08 22:00","1970","09","08","22:00"," ","0,60","","-2,20","","81,00","","36,00","","14,00","","64,40","","93,85","","","","","","Neige"
"1970-09-08 23:00","1970","09","08","23:00"," ","-0,60","","-2,80","","85,00","","36,00","","23,00","","64,40","","93,92","","","","-6,00","","Neige"
"1970-09-09 00:00","1970","09","09","00:00"," ","-0,60","","-1,70","","91,00","","29,00","","5,00","","64,40","","93,98","","","","-2,00","","Dégagé"
"1970-09-09 01:00","1970","09","09","01:00"," ","-0,60","","-3,30","","82,00","","27,00","","8,00","","64,40","","94,02","","","","-3,00","","Dégagé"
"1970-09-09 02:00","1970","09","09","02:00"," ","-2,20","","-4,40","","85,00","","27,00","","8,00","","64,40","","94,09","","","","-5,00","","Dégagé"
"1970-09-09 03:00","1970","09","09","03:00"," ","-2,80","","-5,00","","85,00","","27,00","","6,00","","64,40","","94,12","","","","-5,00","","Dégagé"
"1970-09-09 04:00","1970","09","09","04:00"," ","-2,80","","-5,00","","85,00","","27,00","","5,00","","64,40","","94,21","","","","-5,00","","Généralement nuageux"
"1970-09-09 05:00","1970","09","09","05:00"," ","-2,80","","-4,40","","87,00","","32,00","","8,00","","64,40","","94,24","","","","-6,00","","Généralement dégagé"
"1970-09-09 06:00","1970","09","09","06:00"," ","-1,70","","-2,80","","90,00","","27,00","","8,00","","64,40","","94,31","","","","-5,00","","Généralement nuageux"
"1970-09-09 07:00","1970","09","09","07:00"," ","-1,70","","-3,30","","88,00","","32,00","","3,00","","64,40","","94,33","","","","-3,00","","Généralement nuageux"
"1970-09-09 08:00","1970","09","09","08:00"," ","-0,60","","-2,20","","88,00","","0,00","","0,00","","64,40","","94,39","","","","","","Généralement nuageux"
"1970-09-09 09:00","1970","09","09","09:00"," ","0,00","","-3,30","","78,00","","36,00","","10,00","","64,40","","94,43","","","","-3,00","","Généralement nuageux"
"1970-09-09 10:00","1970","09","09","10:00"," ","2,20","","-3,30","","67,00","","36,00","","19,00","","64,40","","94,44","","","","","","Généralement nuageux"
"1970-09-09 11:00","1970","09","09","11:00"," ","2,20","","-3,30","","67,00","","36,00","","11,00","","64,40","","94,49","","","","","","Généralement nuageux"
"1970-09-09 12:00","1970","09","09","12:00"," ","3,30","","-2,20","","66,00","","36,00","","14,00","","64,40","","94,53","","","","","","Généralement nuageux"
"1970-09-09 13:00","1970","09","09","13:00"," ","3,30","","-1,70","","69,00","","2,00","","10,00","","64,40","","94,53","","","","","","Généralement nuageux"
"1970-09-09 14:00","1970","09","09","14:00"," ","3,30","","-1,70","","69,00","","2,00","","11,00","","64,40","","94,53","","","","","","Généralement nuageux"
"1970-09-09 15:00","1970","09","09","15:00"," ","2,80","","-1,70","","73,00","","36,00","","13,00","","64,40","","94,55","","","","","","Généralement nuageux"
"1970-09-09 16:00","1970","09","09","16:00"," ","2,80","","-1,70","","73,00","","36,00","","14,00","","64,40","","94,56","","","","","","Nuageux"
"1970-09-09 17:00","1970","09","09","17:00"," ","3,30","","-1,70","","69,00","","36,00","","13,00","","64,40","","94,57","","","","","","Nuageux"
"1970-09-09 18:00","1970","09","09","18:00"," ","2,80","","-2,80","","68,00","","34,00","","16,00","","64,40","","94,60","","","","","","Généralement nuageux"
"1970-09-09 19:00","1970","09","09","19:00"," ","2,20","","-1,70","","75,00","","34,00","","16,00","","64,40","","94,63","","","","","","Généralement nuageux"
"1970-09-09 20:00","1970","09","09","20:00"," ","2,20","","-1,70","","75,00","","32,00","","8,00","","64,40","","94,67","","","","","","Généralement nuageux"
"1970-09-09 21:00","1970","09","09","21:00"," ","2,20","","-2,20","","72,00","","0,00","","0,00","","64,40","","94,71","","","","","","Généralement nuageux"
"1970-09-09 22:00","1970","09","09","22:00"," ","0,00","","-2,80","","83,00","","27,00","","8,00","","64,40","","94,74","","","","-3,00","","Généralement dégagé"
"1970-09-09 23:00","1970","09","09","23:00"," ","-0,60","","-5,00","","71,00","","27,00","","8,00","","64,40","","94,76","","","","-3,00","","Dégagé"
"1970-09-10 00:00","1970","09","10","00:00"," ","-1,10","","-3,30","","83,00","","27,00","","10,00","","64,40","","94,81","","","","-5,00","","Dégagé"
"1970-09-10 01:00","1970","09","10","01:00"," ","-1,10","","-3,30","","83,00","","29,00","","6,00","","64,40","","94,82","","","","-3,00","","Dégagé"
"1970-09-10 02:00","1970","09","10","02:00"," ","-2,20","","-4,40","","86,00","","0,00","","0,00","","64,40","","94,86","","","","","","Dégagé"
"1970-09-10 03:00","1970","09","10","03:00"," ","-2,20","","-3,30","","92,00","","27,00","","5,00","","64,40","","94,88","","","","-4,00","","Généralement dégagé"
"1970-09-10 04:00","1970","09","10","04:00"," ","-3,90","","-5,60","","89,00","","0,00","","0,00","","64,40","","94,92","","","","","","Généralement dégagé"
"1970-09-10 05:00","1970","09","10","05:00"," ","-3,90","","-5,60","","90,00","","29,00","","5,00","","64,40","","94,98","","","","-6,00","","Dégagé"
"1970-09-10 06:00","1970","09","10","06:00"," ","-4,40","","-6,10","","87,00","","0,00","","0,00","","64,40","","95,01","","","","","","Généralement nuageux"
"1970-09-10 07:00","1970","09","10","07:00"," ","-2,80","","-3,90","","91,00","","0,00","","0,00","","64,40","","95,06","","","","","","Généralement nuageux"
"1970-09-10 08:00","1970","09","10","08:00"," ","-1,10","","-2,80","","89,00","","32,00","","10,00","","64,40","","95,11","","","","-5,00","","Généralement nuageux"
"1970-09-10 09:00","1970","09","10","09:00"," ","0,60","","-2,20","","81,00","","36,00","","11,00","","64,40","","95,11","","","","","","Généralement dégagé"
"1970-09-10 10:00","1970","09","10","10:00"," ","2,20","","-2,80","","70,00","","36,00","","10,00","","64,40","","95,13","","","","","","Généralement dégagé"
"1970-09-10 11:00","1970","09","10","11:00"," ","3,30","","-1,70","","69,00","","34,00","","8,00","","64,40","","95,13","","","","","","Généralement dégagé"
"1970-09-10 12:00","1970","09","10","12:00"," ","4,40","","-3,90","","55,00","","36,00","","13,00","","64,40","","95,15","","","","","","Généralement dégagé"
"1970-09-10 13:00","1970","09","10","13:00"," ","6,10","","-3,30","","52,00","","34,00","","14,00","","64,40","","95,13","","","","","","Généralement dégagé"
"1970-09-10 14:00","1970","09","10","14:00"," ","6,70","","-4,40","","45,00","","36,00","","13,00","","64,40","","95,13","","","","","","Généralement nuageux"
"1970-09-10 15:00","1970","09","10","15:00"," ","7,20","","-3,90","","46,00","","36,00","","11,00","","64,40","","95,12","","","","","","Généralement nuageux"
"1970-09-10 16:00","1970","09","10","16:00"," ","7,20","","-3,90","","44,00","","34,00","","14,00","","64,40","","95,12","","","","","","Généralement dégagé"
"1970-09-10 17:00","1970","09","10","17:00"," ","6,70","","-4,40","","45,00","","32,00","","13,00","","64,40","","95,14","","","","","","Généralement dégagé"
"1970-09-10 18:00","1970","09","10","18:00"," ","6,10","","-4,40","","48,00","","32,00","","8,00","","64,40","","95,13","","","","","","Dégagé"
"1970-09-10 19:00","1970","09","10","19:00"," ","2,80","","-3,30","","63,00","","27,00","","8,00","","64,40","","95,18","","","","","","Dégagé"
"1970-09-10 20:00","1970","09","10","20:00"," ","1,10","","-2,80","","75,00","","27,00","","10,00","","64,40","","95,21","","","","","","Dégagé"
"1970-09-10 21:00","1970","09","10","21:00"," ","0,00","","-4,40","","72,00","","0,00","","0,00","","64,40","","95,25","","","","","","Dégagé"
"1970-09-10 22:00","1970","09","10","22:00"," ","-0,60","","-2,80","","85,00","","18,00","","3,00","","64,40","","95,30","","","","-2,00","","Dégagé"
"1970-09-10 23:00","1970","09","10","23:00"," ","-2,20","","-5,00","","83,00","","0,00","","0,00","","64,40","","95,35","","","","","","Dégagé"
"1970-09-11 00:00","1970","09","11","00:00"," ","-2,80","","-4,40","","89,00","","18,00","","6,00","","64,40","","95,39","","","","-5,00","","Dégagé"
"1970-09-11 01:00","1970","09","11","01:00"," ","-2,20","","-3,90","","89,00","","0,00","","0,00","","64,40","","95,41","","","","","","Dégagé"
"1970-09-11 02:00","1970","09","11","02:00"," ","-3,90","","-5,60","","88,00","","0,00","","0,00","","64,40","","95,41","","","","","","Dégagé"
"1970-09-11 03:00","1970","09","11","03:00"," ","-3,30","","-4,40","","91,00","","0,00","","0,00","","64,40","","95,44","","","","","","Dégagé"
"1970-09-11 04:00","1970","09","11","04:00"," ","-4,40","","-5,60","","90,00","","0,00","","0,00","","64,40","","95,42","","","","","","Dégagé"
"1970-09-11 05:00","1970","09","11","05:00"," ","-3,30","","-5,00","","89,00","","14,00","","10,00","","64,40","","95,45","","","","-7,00","","Généralement dégagé"
"1970-09-11 06:00","1970","09","11","06:00"," ","-3,90","","-5,60","","86,00","","14,00","","8,00","","64,40","","95,45","","","","-7,00","","Généralement dégagé"
"1970-09-11 07:00","1970","09","11","07:00"," ","-2,20","","-5,00","","83,00","","16,00","","11,00","","64,40","","95,45","","","","-6,00","","Généralement dégagé"
"1970-09-11 08:00","1970","09","11","08:00"," ","0,60","","-5,00","","66,00","","18,00","","27,00","","64,40","","95,46","","","","","","Généralement dégagé"
"1970-09-11 09:00","1970","09","11","09:00"," ","2,20","","-5,00","","60,00","","18,00","","24,00","","64,40","","95,43","","","","","","Généralement dégagé"
"1970-09-11 10:00","1970","09","11","10:00"," ","5,60","","-5,00","","46,00","","16,00","","23,00","","64,40","","95,42","","","","","","Généralement dégagé"
"1970-09-11 11:00","1970","09","11","11:00"," ","7,20","","-3,90","","44,00","","16,00","","24,00","","64,40","","95,37","","","","","","Généralement dégagé"
"1970-09-11 12:00","1970","09","11","12:00"," ","9,40","","-3,90","","38,00","","16,00","","23,00","","64,40","","95,36","","","","","","Généralement dégagé"
"1970-09-11 13:00","1970","09","11","13:00"," ","10,60","","-3,90","","36,00","","14,00","","24,00","","64,40","","95,30","","","","","","Généralement dégagé"
"1970-09-11 14:00","1970","09","11","14:00"," ","11,70","","-4,40","","32,00","","16,00","","16,00","","64,40","","95,27","","","","","","Généralement nuageux"
"1970-09-11 15:00","1970","09","11","15:00"," ","12,20","","-5,60","","28,00","","16,00","","13,00","","64,40","","95,23","","","","","","Généralement nuageux"
"1970-09-11 16:00","1970","09","11","16:00"," ","12,80","","-3,90","","31,00","","16,00","","10,00","","64,40","","95,21","","","","","","Généralement nuageux"
"1970-09-11 17:00","1970","09","11","17:00"," ","12,80","","-4,40","","29,00","","18,00","","8,00","","64,40","","95,17","","","","","","Généralement nuageux"
"1970-09-11 18:00","1970","09","11","18:00"," ","10,60","","-3,90","","36,00","","18,00","","11,00","","64,40","","95,16","","","","","","Généralement dégagé"
"1970-09-11 19:00","1970","09","11","19:00"," ","9,40","","-2,80","","42,00","","18,00","","11,00","","64,40","","95,16","","","","","","Généralement dégagé"
"1970-09-11 20:00","1970","09","11","20:00"," ","4,40","","-2,20","","61,00","","0,00","","0,00","","64,40","","95,19","","","","","","Généralement nuageux"
"1970-09-11 21:00","1970","09","11","21:00"," ","3,30","","-1,70","","69,00","","0,00","","0,00","","64,40","","95,19","","","","","","Généralement nuageux"
"1970-09-11 22:00","1970","09","11","22:00"," ","3,90","","-1,70","","67,00","","9,00","","6,00","","64,40","","95,19","","","","","","Généralement nuageux"
"1970-09-11 23:00","1970","09","11","23:00"," ","3,90","","-1,70","","67,00","","0,00","","0,00","","64,40","","95,19","","","","","","Généralement nuageux"
"1970-09-12 00:00","1970","09","12","00:00"," ","4,40","","-2,80","","59,00","","16,00","","16,00","","64,40","","95,16","","","","","","Généralement nuageux"
"1970-09-12 01:00","1970","09","12","01:00"," ","3,90","","-2,80","","63,00","","16,00","","8,00","","64,40","","95,14","","","","","","Généralement nuageux"
"1970-09-12 02:00","1970","09","12","02:00"," ","3,90","","-2,80","","63,00","","18,00","","10,00","","64,40","","95,10","","","","","","Nuageux"
"1970-09-12 03:00","1970","09","12","03:00"," ","5,00","","-2,20","","60,00","","18,00","","13,00","","64,40","","95,08","","","","","","Nuageux"
"1970-09-12 04:00","1970","09","12","04:00"," ","5,00","","-2,20","","60,00","","18,00","","14,00","","64,40","","95,04","","","","","","Nuageux"
"1970-09-12 05:00","1970","09","12","05:00"," ","5,00","","-1,70","","62,00","","18,00","","16,00","","64,40","","94,99","","","","","","Nuageux"
"1970-09-12 06:00","1970","09","12","06:00"," ","4,40","","-1,70","","66,00","","18,00","","16,00","","64,40","","94,91","","","","","","Généralement nuageux"
"1970-09-12 07:00","1970","09","12","07:00"," ","5,00","","-1,10","","64,00","","18,00","","16,00","","64,40","","94,93","","","","","","Nuageux"
"1970-09-12 08:00","1970","09","12","08:00"," ","6,10","","-0,60","","62,00","","18,00","","16,00","","64,40","","94,93","","","","","","Nuageux"
"1970-09-12 09:00","1970","09","12","09:00"," ","6,70","","-1,10","","58,00","","18,00","","14,00","","64,40","","94,90","","","","","","Nuageux"
"1970-09-12 10:00","1970","09","12","10:00"," ","8,90","","-1,10","","49,00","","16,00","","8,00","","64,40","","94,85","","","","","","Nuageux"
"1970-09-12 11:00","1970","09","12","11:00"," ","10,00","","-2,80","","41,00","","18,00","","5,00","","64,40","","94,79","","","","","","Généralement nuageux"
"1970-09-12 12:00","1970","09","12","12:00"," ","11,70","","-2,80","","37,00","","0,00","","0,00","","64,40","","94,73","","","","","","Généralement nuageux"
"1970-09-12 13:00","1970","09","12","13:00"," ","12,80","","-3,30","","32,00","","0,00","","0,00","","64,40","","94,68","","","","","","Généralement nuageux"
"1970-09-12 14:00","1970","09","12","14:00"," ","12,80","","-2,20","","35,00","","34,00","","5,00","","64,40","","94,57","","","","","","Généralement nuageux"
"1970-09-12 15:00","1970","09","12","15:00"," ","13,30","","-2,20","","35,00","","34,00","","8,00","","64,40","","94,50","","","","","","Généralement nuageux"
"1970-09-12 16:00","1970","09","12","16:00"," ","13,90","","-3,30","","30,00","","34,00","","6,00","","64,40","","94,44","","","","","","Nuageux"
"1970-09-12 17:00","1970","09","12","17:00"," ","13,30","","-1,70","","36,00","","0,00","","0,00","","64,40","","94,35","","","","","","Nuageux"
"1970-09-12 18:00","1970","09","12","18:00"," ","12,80","","-0,60","","39,00","","0,00","","0,00","","64,40","","94,32","","","","","","Généralement nuageux"
"1970-09-12 19:00","1970","09","12","19:00"," ","10,60","","2,20","","57,00","","0,00","","0,00","","64,40","","94,27","","","","","","Généralement nuageux"
"1970-09-12 20:00","1970","09","12","20:00"," ","9,40","","0,60","","54,00","","0,00","","0,00","","64,40","","94,23","","","","","","Généralement nuageux"
"1970-09-12 21:00","1970","09","12","21:00"," ","8,30","","0,60","","57,00","","0,00","","0,00","","64,40","","94,16","","","","","","Généralement nuageux"
"1970-09-12 22:00","1970","09","12","22:00"," ","7,20","","1,70","","67,00","","0,00","","0,00","","64,40","","94,11","","","","","","Généralement nuageux"
"1970-09-12 23:00","1970","09","12","23:00"," ","6,70","","1,10","","68,00","","0,00","","0,00","","64,40","","94,08","","","","","","Généralement nuageux"
"1970-09-13 00:00","1970","09","13","00:00"," ","5,60","","0,60","","69,00","","25,00","","8,00","","64,40","","94,04","","","","","","Nuageux"
"1970-09-13 01:00","1970","09","13","01:00"," ","6,70","","0,00","","62,00","","0,00","","0,00","","64,40","","94,00","","","","","","Nuageux"
"1970-09-13 02:00","1970","09","13","02:00"," ","6,10","","0,00","","64,00","","0,00","","0,00","","64,40","","93,96","","","","","","Nuageux"
"1970-09-13 03:00","1970","09","13","03:00"," ","5,60","","2,20","","78,00","","0,00","","0,00","","64,40","","93,94","","","","","","Nuageux"
"1970-09-13 04:00","1970","09","13","04:00"," ","6,70","","3,30","","79,00","","32,00","","6,00","","64,40","","93,89","","","","","","Pluie"
"1970-09-13 05:00","1970","09","13","05:00"," ","6,70","","3,30","","79,00","","2,00","","8,00","","64,40","","93,84","","","","","","Pluie"
"1970-09-13 06:00","1970","09","13","06:00"," ","6,10","","3,90","","87,00","","0,00","","0,00","","64,40","","93,84","","","","","","Pluie"
"1970-09-13 07:00","1970","09","13","07:00"," ","6,70","","3,30","","79,00","","29,00","","8,00","","64,40","","93,79","","","","","","Nuageux"
"1970-09-13 08:00","1970","09","13","08:00"," ","6,10","","4,40","","89,00","","2,00","","5,00","","48,30","","93,80","","","","","","Averses de pluie"
"1970-09-13 09:00","1970","09","13","09:00"," ","7,20","","4,40","","83,00","","29,00","","6,00","","48,30","","93,79","","","","","","Averses de pluie"
"1970-09-13 10:00","1970","09","13","10:00"," ","8,90","","5,60","","80,00","","0,00","","0,00","","64,40","","93,73","","","","","","Généralement nuageux"
"1970-09-13 11:00","1970","09","13","11:00"," ","10,00","","4,40","","68,00","","0,00","","0,00","","64,40","","93,67","","","","","","Généralement nuageux"
"1970-09-13 12:00","1970","09","13","12:00"," ","11,70","","5,00","","63,00","","2,00","","6,00","","64,40","","93,61","","","","","","Généralement nuageux"
"1970-09-13 13:00","1970","09","13","13:00"," ","11,70","","4,40","","62,00","","36,00","","10,00","","64,40","","93,54","","","","","","Nuageux"
"1970-09-13 14:00","1970","09","13","14:00"," ","12,20","","5,00","","61,00","","36,00","","11,00","","64,40","","93,50","","","","","","Nuageux"
"1970-09-13 15:00","1970","09","13","15:00"," ","12,20","","4,40","","59,00","","0,00","","0,00","","64,40","","93,46","","","","","","Généralement nuageux"
"1970-09-13 16:00","1970","09","13","16:00"," ","12,80","","4,40","","57,00","","32,00","","5,00","","64,40","","93,40","","","","","","Généralement nuageux"
"1970-09-13 17:00","1970","09","13","17:00"," ","12,80","","3,90","","55,00","","0,00","","0,00","","64,40","","93,33","","","","","","Généralement nuageux"
"1970-09-13 18:00","1970","09","13","18:00"," ","12,20","","5,00","","61,00","","16,00","","5,00","","64,40","","93,25","","","","","","Généralement nuageux"
"1970-09-13 19:00","1970","09","13","19:00"," ","10,00","","5,00","","70,00","","0,00","","0,00","","64,40","","93,24","","","","","","Généralement nuageux"
"1970-09-13 20:00","1970","09","13","20:00"," ","6,70","","2,80","","77,00","","18,00","","8,00","","64,40","","93,21","","","","","","Généralement nuageux"
"1970-09-13 21:00","1970","09","13","21:00"," ","7,80","","2,80","","70,00","","18,00","","11,00","","64,40","","93,15","","","","","","Généralement dégagé"
"1970-09-13 22:00","1970","09","13","22:00"," ","6,10","","3,90","","85,00","","18,00","","14,00","","64,40","","93,12","","","","","","Généralement dégagé"
"1970-09-13 23:00","1970","09","13","23:00"," ","6,70","","3,90","","83,00","","18,00","","11,00","","64,40","","93,10","","","","","","Généralement nuageux"
"1970-09-14 00:00","1970","09","14","00:00"," ","6,10","","3,30","","82,00","","16,00","","13,00","","64,40","","93,06","","","","","","Généralement nuageux"
"1970-09-14 01:00","1970","09","14","01:00"," ","7,20","","3,30","","75,00","","18,00","","21,00","","64,40","","93,00","","","","","","Généralement nuageux"
"1970-09-14 02:00","1970","09","14","02:00"," ","6,10","","1,70","","74,00","","18,00","","13,00","","64,40","","92,99","","","","","","Généralement dégagé"
"1970-09-14 03:00","1970","09","14","03:00"," ","6,10","","3,30","","82,00","","0,00","","0,00","","64,40","","92,98","","","","","","Généralement nuageux"
"1970-09-14 04:00","1970","09","14","04:00"," ","5,60","","3,30","","84,00","","18,00","","14,00","","64,40","","92,95","","","","","","Généralement nuageux"
"1970-09-14 05:00","1970","09","14","05:00"," ","5,00","","2,80","","86,00","","23,00","","6,00","","64,40","","92,96","","","","","","Généralement nuageux"
"1970-09-14 06:00","1970","09","14","06:00"," ","4,40","","2,80","","88,00","","0,00","","0,00","","64,40","","92,98","","","","","","Généralement nuageux"
"1970-09-14 07:00","1970","09","14","07:00"," ","4,40","","3,30","","93,00","","0,00","","0,00","","64,40","","92,99","","","","","","Généralement nuageux"
"1970-09-14 08:00","1970","09","14","08:00"," ","7,20","","3,30","","75,00","","16,00","","18,00","","64,40","","92,95","","","","","","Généralement nuageux"
"1970-09-14 09:00","1970","09","14","09:00"," ","9,40","","3,30","","66,00","","16,00","","14,00","","64,40","","92,95","","","","","","Généralement nuageux"
"1970-09-14 10:00","1970","09","14","10:00"," ","11,10","","3,90","","61,00","","16,00","","8,00","","64,40","","92,93","","","","","","Généralement nuageux"
"1970-09-14 11:00","1970","09","14","11:00"," ","12,20","","3,90","","56,00","","9,00","","6,00","","64,40","","92,87","","","","","","Généralement nuageux"
"1970-09-14 12:00","1970","09","14","12:00"," ","14,40","","3,30","","48,00","","9,00","","6,00","","64,40","","92,83","","","","","","Généralement nuageux"
"1970-09-14 13:00","1970","09","14","13:00"," ","14,40","","2,20","","44,00","","20,00","","6,00","","64,40","","92,80","","","","","","Généralement dégagé"
"1970-09-14 14:00","1970","09","14","14:00"," ","16,10","","3,30","","42,00","","0,00","","0,00","","64,40","","92,73","","","","","","Généralement dégagé"
"1970-09-14 15:00","1970","09","14","15:00"," ","16,10","","2,80","","41,00","","5,00","","5,00","","64,40","","92,69","","","","","","Généralement nuageux"
"1970-09-14 16:00","1970","09","14","16:00"," ","16,70","","3,30","","42,00","","0,00","","0,00","","64,40","","92,65","","","","","","Généralement nuageux"
"1970-09-14 17:00","1970","09","14","17:00"," ","16,10","","3,30","","42,00","","14,00","","13,00","","64,40","","92,62","","","","","","Généralement nuageux"
"1970-09-14 18:00","1970","09","14","18:00"," ","13,90","","3,30","","50,00","","14,00","","13,00","","64,40","","92,65","","","","","","Généralement nuageux"
"1970-09-14 19:00","1970","09","14","19:00"," ","11,70","","2,80","","54,00","","14,00","","10,00","","64,40","","92,69","","","","","","Généralement nuageux"
"1970-09-14 20:00","1970","09","14","20:00"," ","10,60","","2,20","","57,00","","18,00","","16,00","","64,40","","92,72","","","","","","Généralement nuageux"
"1970-09-14 21:00","1970","09","14","21:00"," ","10,00","","2,80","","60,00","","16,00","","11,00","","64,40","","92,76","","","","","","Généralement dégagé"
"1970-09-14 22:00","1970","09","14","22:00"," ","8,30","","2,20","","67,00","","16,00","","10,00","","64,40","","92,80","","","","","","Généralement nuageux"
"1970-09-14 23:00","1970","09","14","23:00"," ","8,30","","2,20","","67,00","","16,00","","14,00","","64,40","","92,80","","","","","","Généralement nuageux"
"1970-09-15 00:00","1970","09","15","00:00"," ","7,20","","2,20","","71,00","","18,00","","14,00","","64,40","","92,82","","","","","","Généralement nuageux"
"1970-09-15 01:00","1970","09","15","01:00"," ","5,60","","2,20","","78,00","","25,00","","8,00","","64,40","","92,84","","","","","","Généralement nuageux"
"1970-09-15 02:00","1970","09","15","02:00"," ","5,60","","2,20","","78,00","","0,00","","0,00","","64,40","","92,86","","","","","","Généralement nuageux"
"1970-09-15 03:00","1970","09","15","03:00"," ","5,00","","1,70","","80,00","","0,00","","0,00","","64,40","","92,86","","","","","","Nuageux"
"1970-09-15 04:00","1970","09","15","04:00"," ","5,60","","2,20","","80,00","","0,00","","0,00","","64,40","","92,87","","","","","","Nuageux"
"1970-09-15 05:00","1970","09","15","05:00"," ","5,00","","2,80","","84,00","","0,00","","0,00","","64,40","","92,86","","","","","","Nuageux"
"1970-09-15 06:00","1970","09","15","06:00"," ","5,00","","2,80","","84,00","","16,00","","6,00","","64,40","","92,88","","","","","","Nuageux"
"1970-09-15 07:00","1970","09","15","07:00"," ","6,70","","2,80","","77,00","","16,00","","13,00","","64,40","","92,88","","","","","","Nuageux"
"1970-09-15 08:00","1970","09","15","08:00"," ","7,80","","2,20","","68,00","","18,00","","11,00","","64,40","","92,85","","","","","","Généralement nuageux"
"1970-09-15 09:00","1970","09","15","09:00"," ","9,40","","2,20","","61,00","","14,00","","11,00","","64,40","","92,85","","","","","","Généralement nuageux"
"1970-09-15 10:00","1970","09","15","10:00"," ","11,10","","2,20","","55,00","","14,00","","18,00","","64,40","","92,83","","","","","","Nuageux"
"1970-09-15 11:00","1970","09","15","11:00"," ","12,80","","2,20","","48,00","","14,00","","13,00","","64,40","","92,78","","","","","","Généralement nuageux"
"1970-09-15 12:00","1970","09","15","12:00"," ","13,90","","0,00","","38,00","","14,00","","27,00","","64,40","","92,75","","","","","","Généralement nuageux"
"1970-09-15 13:00","1970","09","15","13:00"," ","14,40","","-2,20","","31,00","","23,00","","16,00","","64,40","","92,72","","","","","","Généralement nuageux"
"1970-09-15 14:00","1970","09","15","14:00"," ","14,40","","-1,70","","33,00","","20,00","","24,00","","64,40","","92,72","","","","","","Généralement nuageux"
"1970-09-15 15:00","1970","09","15","15:00"," ","15,60","","-2,80","","29,00","","25,00","","8,00","","64,40","","92,66","","","","","","Généralement nuageux"
"1970-09-15 16:00","1970","09","15","16:00"," ","15,60","","-2,80","","29,00","","16,00","","10,00","","64,40","","92,61","","","","","","Généralement nuageux"
"1970-09-15 17:00","1970","09","15","17:00"," ","14,40","","-0,60","","35,00","","2,00","","6,00","","64,40","","92,58","","","","","","Généralement nuageux"
"1970-09-15 18:00","1970","09","15","18:00"," ","11,70","","0,60","","46,00","","14,00","","10,00","","64,40","","92,62","","","","","","Généralement nuageux"
"1970-09-15 19:00","1970","09","15","19:00"," ","9,40","","0,60","","54,00","","14,00","","24,00","","64,40","","92,66","","","","","","Généralement nuageux"
"1970-09-15 20:00","1970","09","15","20:00"," ","8,30","","0,60","","59,00","","14,00","","13,00","","64,40","","92,67","","","","","","Généralement nuageux"
"1970-09-15 21:00","1970","09","15","21:00"," ","7,80","","1,10","","62,00","","16,00","","11,00","","64,40","","92,67","","","","","","Généralement nuageux"
"1970-09-15 22:00","1970","09","15","22:00"," ","7,20","","1,10","","65,00","","16,00","","11,00","","64,40","","92,68","","","","","","Généralement dégagé"
"1970-09-15 23:00","1970","09","15","23:00"," ","6,70","","1,10","","68,00","","18,00","","13,00","","64,40","","92,68","","","","","","Généralement nuageux"
"1970-09-16 00:00","1970","09","16","00:00"," ","6,10","","1,10","","70,00","","18,00","","11,00","","64,40","","92,67","","","","","","Généralement dégagé"
"1970-09-16 01:00","1970","09","16","01:00"," ","6,10","","1,10","","70,00","","16,00","","16,00","","64,40","","92,67","","","","","","Généralement dégagé"
"1970-09-16 02:00","1970","09","16","02:00"," ","5,60","","0,60","","71,00","","16,00","","11,00","","64,40","","92,67","","","","","","Généralement dégagé"
"1970-09-16 03:00","1970","09","16","03:00"," ","5,60","","0,60","","71,00","","18,00","","10,00","","64,40","","92,67","","","","","","Généralement dégagé"
"1970-09-16 04:00","1970","09","16","04:00"," ","5,00","","1,10","","75,00","","18,00","","13,00","","64,40","","92,65","","","","","","Généralement nuageux"
"1970-09-16 05:00","1970","09","16","05:00"," ","3,90","","0,00","","76,00","","18,00","","10,00","","64,40","","92,65","","","","","","Généralement nuageux"
"1970-09-16 06:00","1970","09","16","06:00"," ","3,30","","0,60","","83,00","","18,00","","13,00","","64,40","","92,66","","","","","","Généralement nuageux"
"1970-09-16 07:00","1970","09","16","07:00"," ","3,90","","1,10","","81,00","","18,00","","13,00","","64,40","","92,66","","","","","","Généralement nuageux"
"1970-09-16 08:00","1970","09","16","08:00"," ","6,10","","1,70","","72,00","","18,00","","16,00","","64,40","","92,62","","","","","","Généralement nuageux"
"1970-09-16 09:00","1970","09","16","09:00"," ","8,90","","2,20","","62,00","","16,00","","21,00","","64,40","","92,59","","","","","","Généralement nuageux"
"1970-09-16 10:00","1970","09","16","10:00"," ","10,60","","1,70","","54,00","","14,00","","18,00","","64,40","","92,56","","","","","","Généralement nuageux"
"1970-09-16 11:00","1970","09","16","11:00"," ","11,10","","1,70","","53,00","","11,00","","24,00","","64,40","","92,51","","","","","","Généralement nuageux"
"1970-09-16 12:00","1970","09","16","12:00"," ","11,10","","1,70","","51,00","","14,00","","24,00","","64,40","","92,47","","","","","","Généralement nuageux"
"1970-09-16 13:00","1970","09","16","13:00"," ","11,70","","2,20","","52,00","","14,00","","13,00","","64,40","","92,42","","","","","","Généralement nuageux"
"1970-09-16 14:00","1970","09","16","14:00"," ","13,30","","2,20","","47,00","","16,00","","21,00","","64,40","","92,36","","","","","","Généralement nuageux"
"1970-09-16 15:00","1970","09","16","15:00"," ","12,80","","1,70","","46,00","","16,00","","29,00","","64,40","","92,31","","","","","","Généralement nuageux"
"1970-09-16 16:00","1970","09","16","16:00"," ","12,80","","2,20","","48,00","","14,00","","24,00","","64,40","","92,28","","","","","","Généralement nuageux"
"1970-09-16 17:00","1970","09","16","17:00"," ","12,20","","2,20","","50,00","","14,00","","23,00","","64,40","","92,27","","","","","","Pluie"
"1970-09-16 18:00","1970","09","16","18:00"," ","11,10","","1,70","","53,00","","14,00","","19,00","","64,40","","92,24","","","","","","Pluie"
"1970-09-16 19:00","1970","09","16","19:00"," ","10,60","","2,20","","57,00","","14,00","","24,00","","64,40","","92,24","","","","","","Pluie"
"1970-09-16 20:00","1970","09","16","20:00"," ","9,40","","2,20","","61,00","","14,00","","16,00","","64,40","","92,23","","","","","","Généralement nuageux"
"1970-09-16 21:00","1970","09","16","21:00"," ","9,40","","2,80","","62,00","","14,00","","21,00","","64,40","","92,21","","","","","","Généralement nuageux"
"1970-09-16 22:00","1970","09","16","22:00"," ","8,90","","2,20","","64,00","","14,00","","13,00","","64,40","","92,19","","","","","","Généralement nuageux"
"1970-09-16 23:00","1970","09","16","23:00"," ","8,30","","3,30","","70,00","","14,00","","11,00","","64,40","","92,18","","","","","","Généralement nuageux"
"1970-09-17 00:00","1970","09","17","00:00"," ","8,30","","3,30","","70,00","","14,00","","10,00","","64,40","","92,15","","","","","","Généralement dégagé"
"1970-09-17 01:00","1970","09","17","01:00"," ","7,20","","2,80","","73,00","","16,00","","8,00","","64,40","","92,13","","","","","","Généralement nuageux"
"1970-09-17 02:00","1970","09","17","02:00"," ","7,20","","3,30","","75,00","","18,00","","11,00","","64,40","","92,08","","","","","","Généralement nuageux"
"1970-09-17 03:00","1970","09","17","03:00"," ","6,10","","2,20","","76,00","","18,00","","18,00","","64,40","","92,05","","","","","","Généralement nuageux"
"1970-09-17 04:00","1970","09","17","04:00"," ","5,60","","2,80","","82,00","","18,00","","31,00","","64,40","","92,00","","","","","","Généralement dégagé"
"1970-09-17 05:00","1970","09","17","05:00"," ","5,60","","2,80","","82,00","","18,00","","19,00","","64,40","","91,97","","","","","","Généralement dégagé"
"1970-09-17 06:00","1970","09","17","06:00"," ","5,00","","2,80","","84,00","","18,00","","16,00","","64,40","","91,95","","","","","","Généralement dégagé"
"1970-09-17 07:00","1970","09","17","07:00"," ","3,90","","2,20","","88,00","","18,00","","23,00","","64,40","","91,93","","","","","","Généralement dégagé"
"1970-09-17 08:00","1970","09","17","08:00"," ","6,10","","2,80","","78,00","","16,00","","16,00","","64,40","","91,89","","","","","","Généralement dégagé"
"1970-09-17 09:00","1970","09","17","09:00"," ","7,80","","2,80","","70,00","","16,00","","18,00","","64,40","","91,85","","","","","","Généralement dégagé"
"1970-09-17 10:00","1970","09","17","10:00"," ","8,30","","2,20","","67,00","","14,00","","21,00","","64,40","","91,82","","","","","","Généralement nuageux"
"1970-09-17 11:00","1970","09","17","11:00"," ","10,00","","3,30","","63,00","","16,00","","21,00","","64,40","","91,78","","","","","","Généralement nuageux"
"1970-09-17 12:00","1970","09","17","12:00"," ","10,60","","2,80","","59,00","","14,00","","24,00","","64,40","","91,74","","","","","","Généralement nuageux"
"1970-09-17 13:00","1970","09","17","13:00"," ","11,10","","3,30","","59,00","","14,00","","16,00","","64,40","","91,68","","","","","","Pluie"
"1970-09-17 14:00","1970","09","17","14:00"," ","12,20","","3,30","","55,00","","14,00","","16,00","","64,40","","91,65","","","","","","Généralement nuageux"
"1970-09-17 15:00","1970","09","17","15:00"," ","12,20","","3,30","","55,00","","14,00","","16,00","","64,40","","91,60","","","","","","Généralement nuageux"
"1970-09-17 16:00","1970","09","17","16:00"," ","12,80","","3,90","","55,00","","14,00","","14,00","","64,40","","91,58","","","","","","Généralement nuageux"
"1970-09-17 17:00","1970","09","17","17:00"," ","11,70","","4,40","","60,00","","16,00","","11,00","","64,40","","91,55","","","","","","Généralement nuageux"
"1970-09-17 18:00","1970","09","17","18:00"," ","11,10","","3,90","","61,00","","16,00","","11,00","","64,40","","91,54","","","","","","Généralement nuageux"
"1970-09-17 19:00","1970","09","17","19:00"," ","10,60","","3,90","","62,00","","16,00","","11,00","","64,40","","91,54","","","","","","Généralement nuageux"
"1970-09-17 20:00","1970","09","17","20:00"," ","10,60","","5,00","","67,00","","18,00","","16,00","","64,40","","91,55","","","","","","Généralement nuageux"
"1970-09-17 21:00","1970","09","17","21:00"," ","9,40","","4,40","","71,00","","18,00","","10,00","","64,40","","91,53","","","","","","Généralement nuageux"
"1970-09-17 22:00","1970","09","17","22:00"," ","9,40","","5,00","","75,00","","18,00","","13,00","","64,40","","91,53","","","","","","Généralement nuageux"
"1970-09-17 23:00","1970","09","17","23:00"," ","8,90","","5,60","","80,00","","18,00","","14,00","","64,40","","91,53","","","","","","Généralement nuageux"
"1970-09-18 00:00","1970","09","18","00:00"," ","8,90","","6,10","","82,00","","18,00","","13,00","","64,40","","91,51","","","","","","Généralement nuageux"
"1970-09-18 01:00","1970","09","18","01:00"," ","8,30","","5,60","","82,00","","18,00","","11,00","","64,40","","91,50","","","","","","Généralement nuageux"
"1970-09-18 02:00","1970","09","18","02:00"," ","8,30","","5,60","","82,00","","18,00","","14,00","","64,40","","91,49","","","","","","Généralement nuageux"
"1970-09-18 03:00","1970","09","18","03:00"," ","7,80","","5,00","","82,00","","18,00","","14,00","","64,40","","91,50","","","","","","Généralement nuageux"
"1970-09-18 04:00","1970","09","18","04:00"," ","8,30","","5,00","","80,00","","18,00","","13,00","","64,40","","91,51","","","","","","Généralement nuageux"
"1970-09-18 05:00","1970","09","18","05:00"," ","7,80","","5,00","","84,00","","18,00","","16,00","","64,40","","91,51","","","","","","Généralement nuageux"
"1970-09-18 06:00","1970","09","18","06:00"," ","7,20","","5,00","","87,00","","18,00","","10,00","","64,40","","91,51","","","","","","Généralement nuageux"
"1970-09-18 07:00","1970","09","18","07:00"," ","7,20","","5,60","","89,00","","18,00","","11,00","","64,40","","91,53","","","","","","Généralement nuageux"
"1970-09-18 08:00","1970","09","18","08:00"," ","7,80","","6,10","","88,00","","18,00","","10,00","","64,40","","91,55","","","","","","Généralement nuageux"
"1970-09-18 09:00","1970","09","18","09:00"," ","8,90","","5,00","","77,00","","16,00","","13,00","","64,40","","91,55","","","","","","Nuageux"
"1970-09-18 10:00","1970","09","18","10:00"," ","10,00","","5,00","","72,00","","16,00","","14,00","","64,40","","91,54","","","","","","Généralement nuageux"
"1970-09-18 11:00","1970","09","18","11:00"," ","11,10","","5,60","","70,00","","16,00","","16,00","","64,40","","91,52","","","","","","Nuageux"
"1970-09-18 12:00","1970","09","18","12:00"," ","10,60","","6,70","","76,00","","16,00","","11,00","","48,30","","91,52","","","","","","Averses de pluie"
"1970-09-18 13:00","1970","09","18","13:00"," ","11,70","","7,80","","77,00","","14,00","","13,00","","64,40","","91,50","","","","","","Généralement nuageux"
"1970-09-18 14:00","1970","09","18","14:00"," ","12,80","","5,60","","62,00","","14,00","","13,00","","64,40","","91,50","","","","","","Généralement nuageux"
"1970-09-18 15:00","1970","09","18","15:00"," ","12,20","","5,00","","61,00","","14,00","","16,00","","64,40","","91,48","","","","","","Généralement nuageux"
"1970-09-18 16:00","1970","09","18","16:00"," ","12,20","","5,60","","63,00","","18,00","","10,00","","64,40","","91,48","","","","","","Généralement nuageux"
"1970-09-18 17:00","1970","09","18","17:00"," ","12,20","","5,00","","61,00","","16,00","","11,00","","64,40","","91,46","","","","","","Généralement nuageux"
"1970-09-18 18:00","1970","09","18","18:00"," ","11,70","","4,40","","62,00","","16,00","","11,00","","64,40","","91,49","","","","","","Généralement nuageux"
"1970-09-18 19:00","1970","09","18","19:00"," ","10,60","","2,20","","57,00","","16,00","","16,00","","64,40","","91,52","","","","","","Généralement nuageux"
"1970-09-18 20:00","1970","09","18","20:00"," ","10,60","","2,20","","57,00","","18,00","","13,00","","64,40","","91,56","","","","","","Généralement nuageux"
"1970-09-18 21:00","1970","09","18","21:00"," ","9,40","","2,20","","61,00","","14,00","","10,00","","64,40","","91,59","","","","","","Généralement nuageux"
"1970-09-18 22:00","1970","09","18","22:00"," ","9,40","","2,80","","62,00","","16,00","","11,00","","64,40","","91,61","","","","","","Généralement nuageux"
"1970-09-18 23:00","1970","09","18","23:00"," ","8,90","","2,80","","65,00","","16,00","","11,00","","64,40","","91,68","","","","","","Généralement nuageux"
"1970-09-19 00:00","1970","09","19","00:00"," ","8,30","","2,20","","67,00","","0,00","","0,00","","64,40","","91,73","","","","","","Généralement nuageux"
"1970-09-19 01:00","1970","09","19","01:00"," ","8,30","","2,80","","68,00","","36,00","","24,00","","64,40","","91,83","","","","","","Généralement nuageux"
"1970-09-19 02:00","1970","09","19","02:00"," ","5,60","","2,20","","80,00","","34,00","","27,00","","64,40","","91,92","","","","","","Nuageux"
"1970-09-19 03:00","1970","09","19","03:00"," ","3,90","","1,10","","83,00","","34,00","","26,00","","24,10","","92,00","","","","","","Pluie"
"1970-09-19 04:00","1970","09","19","04:00"," ","2,80","","1,10","","87,00","","32,00","","16,00","","24,10","","92,10","","","","","","Pluie,Neige"
"1970-09-19 05:00","1970","09","19","05:00"," ","2,20","","0,60","","90,00","","34,00","","23,00","","32,20","","92,14","","","","","","Nuageux"
"1970-09-19 06:00","1970","09","19","06:00"," ","1,70","","-1,10","","82,00","","32,00","","11,00","","64,40","","92,18","","","","","","Généralement nuageux"
"1970-09-19 07:00","1970","09","19","07:00"," ","2,20","","0,00","","85,00","","32,00","","13,00","","64,40","","92,19","","","","","","Généralement nuageux"
"1970-09-19 08:00","1970","09","19","08:00"," ","2,20","","-1,10","","80,00","","34,00","","18,00","","64,40","","92,21","","","","","","Généralement nuageux"
"1970-09-19 09:00","1970","09","19","09:00"," ","2,20","","-1,10","","80,00","","34,00","","16,00","","64,40","","92,25","","","","","","Nuageux"
"1970-09-19 10:00","1970","09","19","10:00"," ","3,30","","-1,70","","69,00","","36,00","","16,00","","64,40","","92,26","","","","","","Nuageux"
"1970-09-19 11:00","1970","09","19","11:00"," ","3,90","","-1,10","","69,00","","36,00","","16,00","","64,40","","92,25","","","","","","Nuageux"
"1970-09-19 12:00","1970","09","19","12:00"," ","3,90","","-1,10","","69,00","","34,00","","16,00","","64,40","","92,25","","","","","","Généralement nuageux"
"1970-09-19 13:00","1970","09","19","13:00"," ","4,40","","-1,70","","66,00","","34,00","","11,00","","64,40","","92,25","","","","","","Généralement nuageux"
"1970-09-19 14:00","1970","09","19","14:00"," ","5,60","","-0,60","","65,00","","36,00","","3,00","","64,40","","92,23","","","","","","Généralement nuageux"
"1970-09-19 15:00","1970","09","19","15:00"," ","6,10","","-0,60","","62,00","","0,00","","0,00","","64,40","","92,20","","","","","","Averses de pluie"
"1970-09-19 16:00","1970","09","19","16:00"," ","6,10","","0,00","","66,00","","0,00","","0,00","","64,40","","92,19","","","","","","Généralement nuageux"
"1970-09-19 17:00","1970","09","19","17:00"," ","6,10","","0,60","","68,00","","0,00","","0,00","","64,40","","92,17","","","","","","Généralement dégagé"
"1970-09-19 18:00","1970","09","19","18:00"," ","6,10","","0,60","","68,00","","0,00","","0,00","","64,40","","92,19","","","","","","Généralement nuageux"
"1970-09-19 19:00","1970","09","19","19:00"," ","4,40","","0,60","","75,00","","0,00","","0,00","","64,40","","92,20","","","","","","Généralement nuageux"
"1970-09-19 20:00","1970","09","19","20:00"," ","1,70","","-0,60","","87,00","","0,00","","0,00","","64,40","","92,21","","","","","","Généralement dégagé"
"1970-09-19 21:00","1970","09","19","21:00"," ","2,80","","1,10","","87,00","","0,00","","0,00","","64,40","","92,22","","","","","","Généralement nuageux"
"1970-09-19 22:00","1970","09","19","22:00"," ","3,30","","1,10","","85,00","","0,00","","0,00","","64,40","","92,23","","","","","","Généralement nuageux"
"1970-09-19 23:00","1970","09","19","23:00"," ","3,30","","0,60","","83,00","","0,00","","0,00","","64,40","","92,24","","","","","","Généralement nuageux"
"1970-09-20 00:00","1970","09","20","00:00"," ","3,90","","1,10","","83,00","","0,00","","0,00","","64,40","","92,25","","","","","","Généralement nuageux"
"1970-09-20 01:00","1970","09","20","01:00"," ","5,60","","2,20","","78,00","","16,00","","16,00","","64,40","","92,27","","","","","","Généralement nuageux"
"1970-09-20 02:00","1970","09","20","02:00"," ","5,00","","1,10","","75,00","","16,00","","13,00","","64,40","","92,28","","","","","","Généralement nuageux"
"1970-09-20 03:00","1970","09","20","03:00"," ","5,60","","1,70","","76,00","","16,00","","21,00","","64,40","","92,28","","","","","","Généralement nuageux"
"1970-09-20 04:00","1970","09","20","04:00"," ","4,40","","1,70","","81,00","","16,00","","26,00","","64,40","","92,29","","","","","","Généralement nuageux"
"1970-09-20 05:00","1970","09","20","05:00"," ","4,40","","1,70","","81,00","","16,00","","19,00","","64,40","","92,30","","","","","","Généralement nuageux"
"1970-09-20 06:00","1970","09","20","06:00"," ","4,40","","1,70","","79,00","","18,00","","8,00","","64,40","","92,34","","","","","","Généralement nuageux"
"1970-09-20 07:00","1970","09","20","07:00"," ","4,40","","1,70","","81,00","","18,00","","24,00","","64,40","","92,33","","","","","","Généralement nuageux"
"1970-09-20 08:00","1970","09","20","08:00"," ","5,00","","1,10","","77,00","","18,00","","21,00","","64,40","","92,37","","","","","","Généralement nuageux"
"1970-09-20 09:00","1970","09","20","09:00"," ","6,10","","1,70","","74,00","","16,00","","19,00","","64,40","","92,34","","","","","","Généralement nuageux"
"1970-09-20 10:00","1970","09","20","10:00"," ","7,20","","1,70","","67,00","","14,00","","24,00","","64,40","","92,37","","","","","","Généralement nuageux"
"1970-09-20 11:00","1970","09","20","11:00"," ","9,40","","1,70","","59,00","","14,00","","24,00","","64,40","","92,36","","","","","","Généralement nuageux"
"1970-09-20 12:00","1970","09","20","12:00"," ","10,00","","0,60","","53,00","","14,00","","27,00","","64,40","","92,35","","","","","","Généralement nuageux"
"1970-09-20 13:00","1970","09","20","13:00"," ","10,60","","-0,60","","46,00","","14,00","","29,00","","64,40","","92,33","","","","","","Généralement nuageux"
"1970-09-20 14:00","1970","09","20","14:00"," ","10,60","","1,10","","52,00","","14,00","","29,00","","64,40","","92,31","","","","","","Généralement nuageux"
"1970-09-20 15:00","1970","09","20","15:00"," ","10,60","","1,10","","52,00","","14,00","","32,00","","64,40","","92,30","","","","","","Averses de pluie"
"1970-09-20 16:00","1970","09","20","16:00"," ","10,60","","2,20","","55,00","","16,00","","21,00","","64,40","","92,29","","","","","","Nuageux"
"1970-09-20 17:00","1970","09","20","17:00"," ","9,40","","1,10","","55,00","","16,00","","26,00","","64,40","","92,28","","","","","","Nuageux"
"1970-09-20 18:00","1970","09","20","18:00"," ","8,90","","0,00","","55,00","","16,00","","23,00","","64,40","","92,29","","","","","","Généralement nuageux"
"1970-09-20 19:00","1970","09","20","19:00"," ","7,20","","0,00","","61,00","","16,00","","24,00","","64,40","","92,32","","","","","","Nuageux"
"1970-09-20 20:00","1970","09","20","20:00"," ","7,20","","0,00","","59,00","","16,00","","16,00","","64,40","","92,32","","","","","","Nuageux"
"1970-09-20 21:00","1970","09","20","21:00"," ","7,20","","-0,60","","57,00","","14,00","","18,00","","64,40","","92,32","","","","","","Nuageux"
"1970-09-20 22:00","1970","09","20","22:00"," ","6,70","","0,00","","62,00","","11,00","","23,00","","64,40","","92,36","","","","","","Généralement nuageux"
"1970-09-20 23:00","1970","09","20","23:00"," ","5,60","","0,60","","69,00","","16,00","","23,00","","64,40","","92,35","","","","","","Nuageux"
"1970-09-21 00:00","1970","09","21","00:00"," ","6,10","","-0,60","","62,00","","18,00","","16,00","","64,40","","92,35","","","","","","Nuageux"
"1970-09-21 01:00","1970","09","21","01:00"," ","5,00","","-0,60","","66,00","","14,00","","16,00","","64,40","","92,35","","","","","","Nuageux"
"1970-09-21 02:00","1970","09","21","02:00"," ","5,00","","-0,60","","66,00","","14,00","","16,00","","64,40","","92,35","","","","","","Généralement nuageux"
"1970-09-21 03:00","1970","09","21","03:00"," ","5,00","","-0,60","","69,00","","16,00","","21,00","","64,40","","92,33","","","","","","Nuageux"
"1970-09-21 04:00","1970","09","21","04:00"," ","5,00","","0,00","","71,00","","16,00","","21,00","","64,40","","92,33","","","","","","Nuageux"
"1970-09-21 05:00","1970","09","21","05:00"," ","4,40","","-1,10","","68,00","","16,00","","21,00","","64,40","","92,31","","","","","","Généralement nuageux"
"1970-09-21 06:00","1970","09","21","06:00"," ","3,90","","-1,10","","69,00","","16,00","","16,00","","64,40","","92,27","","","","","","Généralement nuageux"
"1970-09-21 07:00","1970","09","21","07:00"," ","3,30","","-0,60","","76,00","","16,00","","11,00","","64,40","","92,29","","","","","","Généralement dégagé"
"1970-09-21 08:00","1970","09","21","08:00"," ","5,60","","-1,70","","61,00","","16,00","","24,00","","64,40","","92,25","","","","","","Généralement dégagé"
"1970-09-21 09:00","1970","09","21","09:00"," ","6,10","","-1,70","","58,00","","14,00","","26,00","","64,40","","92,21","","","","","","Généralement dégagé"
"1970-09-21 10:00","1970","09","21","10:00"," ","7,80","","-2,20","","49,00","","14,00","","21,00","","64,40","","92,14","","","","","","Généralement dégagé"
"1970-09-21 11:00","1970","09","21","11:00"," ","7,80","","-3,90","","43,00","","14,00","","18,00","","64,40","","92,08","","","","","","Généralement nuageux"
"1970-09-21 12:00","1970","09","21","12:00"," ","7,80","","-1,70","","51,00","","14,00","","16,00","","64,40","","92,03","","","","","","Généralement nuageux"
"1970-09-21 13:00","1970","09","21","13:00"," ","6,70","","-1,10","","58,00","","32,00","","13,00","","64,40","","91,99","","","","","","Généralement nuageux"
"1970-09-21 14:00","1970","09","21","14:00"," ","6,10","","-0,60","","62,00","","36,00","","24,00","","64,40","","91,97","","","","","","Averses de pluie"
"1970-09-21 15:00","1970","09","21","15:00"," ","6,70","","-1,70","","55,00","","36,00","","24,00","","64,40","","91,90","","","","","","Généralement nuageux"
"1970-09-21 16:00","1970","09","21","16:00"," ","3,30","","-1,10","","73,00","","34,00","","24,00","","64,40","","91,92","","","","","","Généralement nuageux"
"1970-09-21 17:00","1970","09","21","17:00"," ","2,20","","-1,10","","77,00","","34,00","","37,00","","12,90","","91,94","","","","","","Averses de neige"
"1970-09-21 18:00","1970","09","21","18:00"," ","1,10","","-2,20","","77,00","","34,00","","32,00","","19,30","","91,99","","","","","","Averses de neige"
"1970-09-21 19:00","1970","09","21","19:00"," ","0,60","","-3,30","","76,00","","34,00","","32,00","","24,10","","92,03","","","","","","Neige"
"1970-09-21 20:00","1970","09","21","20:00"," ","0,00","","-3,30","","78,00","","34,00","","34,00","","24,10","","92,09","","","","-7,00","","Neige"
"1970-09-21 21:00","1970","09","21","21:00"," ","-0,60","","-4,40","","74,00","","34,00","","34,00","","6,40","","92,14","","","","-8,00","","Neige"
"1970-09-21 22:00","1970","09","21","22:00"," ","-1,10","","-5,00","","74,00","","34,00","","39,00","","16,10","","92,22","","","","-9,00","","Neige"
"1970-09-21 23:00","1970","09","21","23:00"," ","-1,10","","-5,00","","75,00","","34,00","","35,00","","6,40","","92,26","","","","-8,00","","Neige"
"1970-09-22 00:00","1970","09","22","00:00"," ","-1,70","","-5,00","","79,00","","32,00","","24,00","","9,70","","92,35","","","","-8,00","","Neige"
"1970-09-22 01:00","1970","09","22","01:00"," ","-1,70","","-6,10","","71,00","","32,00","","21,00","","9,70","","92,44","","","","-8,00","","Neige"
"1970-09-22 02:00","1970","09","22","02:00"," ","-1,70","","-5,60","","74,00","","32,00","","29,00","","12,90","","92,52","","","","-9,00","","Neige"
"1970-09-22 03:00","1970","09","22","03:00"," ","-1,70","","-6,10","","72,00","","32,00","","27,00","","24,10","","92,60","","","","-8,00","","Neige"
"1970-09-22 04:00","1970","09","22","04:00"," ","-1,70","","-6,70","","70,00","","32,00","","24,00","","24,10","","92,69","","","","-8,00","","Nuageux"
"1970-09-22 05:00","1970","09","22","05:00"," ","-1,70","","-7,80","","62,00","","32,00","","24,00","","64,40","","92,79","","","","-8,00","","Généralement nuageux"
"1970-09-22 06:00","1970","09","22","06:00"," ","-2,20","","-8,30","","64,00","","29,00","","27,00","","64,40","","92,87","","","","-9,00","","Généralement nuageux"
"1970-09-22 07:00","1970","09","22","07:00"," ","-1,70","","-10,00","","54,00","","32,00","","31,00","","64,40","","92,93","","","","-9,00","","Généralement nuageux"
"1970-09-22 08:00","1970","09","22","08:00"," ","-1,70","","-6,10","","73,00","","32,00","","24,00","","64,40","","92,98","","","","-8,00","","Généralement nuageux"
"1970-09-22 09:00","1970","09","22","09:00"," ","-1,70","","-7,20","","67,00","","32,00","","29,00","","64,40","","93,03","","","","-9,00","","Généralement nuageux"
"1970-09-22 10:00","1970","09","22","10:00"," ","-0,60","","-6,70","","63,00","","34,00","","32,00","","64,40","","93,06","","","","-7,00","","Généralement nuageux"
"1970-09-22 11:00","1970","09","22","11:00"," ","0,00","","-6,10","","64,00","","34,00","","27,00","","64,40","","93,11","","","","-6,00","","Généralement nuageux"
"1970-09-22 12:00","1970","09","22","12:00"," ","0,00","","-6,10","","64,00","","34,00","","29,00","","64,40","","93,16","","","","-6,00","","Généralement nuageux"
"1970-09-22 13:00","1970","09","22","13:00"," ","0,60","","-8,30","","50,00","","36,00","","31,00","","64,40","","93,20","","","","","","Généralement nuageux"
"1970-09-22 14:00","1970","09","22","14:00"," ","1,10","","-9,40","","45,00","","36,00","","27,00","","64,40","","93,23","","","","","","Généralement nuageux"
"1970-09-22 15:00","1970","09","22","15:00"," ","1,10","","-8,30","","50,00","","34,00","","23,00","","64,40","","93,27","","","","","","Généralement nuageux"
"1970-09-22 16:00","1970","09","22","16:00"," ","1,10","","-2,20","","77,00","","34,00","","24,00","","64,40","","93,32","","","","","","Généralement nuageux"
"1970-09-22 17:00","1970","09","22","17:00"," ","1,10","","-5,60","","62,00","","32,00","","31,00","","64,40","","93,37","","","","","","Généralement nuageux"
"1970-09-22 18:00","1970","09","22","18:00"," ","0,00","","-4,40","","72,00","","32,00","","14,00","","64,40","","93,45","","","","-4,00","","Généralement nuageux"
"1970-09-22 19:00","1970","09","22","19:00"," ","-0,60","","-1,70","","91,00","","29,00","","24,00","","64,40","","93,51","","","","-7,00","","Généralement nuageux"
"1970-09-22 20:00","1970","09","22","20:00"," ","-1,10","","-2,80","","88,00","","29,00","","23,00","","64,40","","93,59","","","","-7,00","","Généralement nuageux"
"1970-09-22 21:00","1970","09","22","21:00"," ","-1,70","","-5,00","","77,00","","29,00","","23,00","","64,40","","93,62","","","","-8,00","","Généralement dégagé"
"1970-09-22 22:00","1970","09","22","22:00"," ","-2,80","","-5,60","","82,00","","27,00","","14,00","","64,40","","93,72","","","","-8,00","","Généralement dégagé"
"1970-09-22 23:00","1970","09","22","23:00"," ","-3,30","","-5,60","","85,00","","27,00","","14,00","","64,40","","93,78","","","","-8,00","","Généralement dégagé"
"1970-09-23 00:00","1970","09","23","00:00"," ","-3,30","","-5,60","","85,00","","0,00","","0,00","","64,40","","93,87","","","","","","Généralement dégagé"
"1970-09-23 01:00","1970","09","23","01:00"," ","-5,60","","-7,80","","83,00","","0,00","","0,00","","64,40","","93,93","","","","","","Généralement dégagé"
"1970-09-23 02:00","1970","09","23","02:00"," ","-7,20","","-12,80","","65,00","","0,00","","0,00","","64,40","","94,00","","","","","","Généralement dégagé"
"1970-09-23 03:00","1970","09","23","03:00"," ","-7,80","","-12,80","","67,00","","0,00","","0,00","","64,40","","94,06","","","","","","Généralement dégagé"
"1970-09-23 04:00","1970","09","23","04:00"," ","-8,90","","-12,80","","72,00","","0,00","","0,00","","64,40","","94,10","","","","","","Généralement dégagé"
"1970-09-23 05:00","1970","09","23","05:00"," ","-9,40","","-13,30","","74,00","","0,00","","0,00","","64,40","","94,14","","","","","","Généralement dégagé"
"1970-09-23 06:00","1970","09","23","06:00"," ","-10,00","","-13,30","","76,00","","0,00","","0,00","","64,40","","94,20","","","","","","Généralement dégagé"
"1970-09-23 07:00","1970","09","23","07:00"," ","-8,90","","-13,30","","69,00","","0,00","","0,00","","64,40","","94,23","","","","","","Généralement dégagé"
"1970-09-23 08:00","1970","09","23","08:00"," ","-5,60","","-11,10","","66,00","","0,00","","0,00","","64,40","","94,25","","","","","","Généralement dégagé"
"1970-09-23 09:00","1970","09","23","09:00"," ","-3,90","","-11,70","","54,00","","0,00","","0,00","","64,40","","94,28","","","","","","Généralement dégagé"
"1970-09-23 10:00","1970","09","23","10:00"," ","-1,10","","-10,00","","51,00","","0,00","","0,00","","64,40","","94,26","","","","","","Généralement dégagé"
"1970-09-23 11:00","1970","09","23","11:00"," ","0,00","","-8,90","","51,00","","0,00","","0,00","","64,40","","94,23","","","","","","Généralement dégagé"
"1970-09-23 12:00","1970","09","23","12:00"," ","1,10","","-8,30","","50,00","","2,00","","10,00","","64,40","","94,22","","","","","","Généralement dégagé"
"1970-09-23 13:00","1970","09","23","13:00"," ","2,20","","-7,80","","48,00","","0,00","","0,00","","64,40","","94,22","","","","","","Généralement dégagé"
"1970-09-23 14:00","1970","09","23","14:00"," ","2,80","","-8,30","","43,00","","0,00","","0,00","","64,40","","94,19","","","","","","Généralement dégagé"
"1970-09-23 15:00","1970","09","23","15:00"," ","2,80","","-13,90","","28,00","","32,00","","3,00","","64,40","","94,18","","","","","","Généralement dégagé"
"1970-09-23 16:00","1970","09","23","16:00"," ","3,30","","-8,30","","42,00","","0,00","","0,00","","64,40","","94,10","","","","","","Généralement dégagé"
"1970-09-23 17:00","1970","09","23","17:00"," ","3,30","","-8,30","","42,00","","0,00","","0,00","","64,40","","94,08","","","","","","Généralement dégagé"
"1970-09-23 18:00","1970","09","23","18:00"," ","-1,10","","-10,00","","50,00","","20,00","","8,00","","64,40","","94,07","","","","-4,00","","Généralement dégagé"
"1970-09-23 19:00","1970","09","23","19:00"," ","-2,20","","-9,40","","58,00","","25,00","","6,00","","64,40","","94,07","","","","-5,00","","Généralement dégagé"
"1970-09-23 20:00","1970","09","23","20:00"," ","-3,30","","-8,90","","66,00","","0,00","","0,00","","64,40","","94,07","","","","","","Dégagé"
"1970-09-23 21:00","1970","09","23","21:00"," ","-4,40","","-8,90","","70,00","","0,00","","0,00","","64,40","","94,08","","","","","","Dégagé"
"1970-09-23 22:00","1970","09","23","22:00"," ","-6,70","","-8,30","","87,00","","0,00","","0,00","","64,40","","94,10","","","","","","Dégagé"
"1970-09-23 23:00","1970","09","23","23:00"," ","-5,60","","-10,60","","69,00","","0,00","","0,00","","64,40","","94,10","","","","","","Dégagé"
"1970-09-24 00:00","1970","09","24","00:00"," ","-7,20","","-12,20","","68,00","","0,00","","0,00","","64,40","","94,09","","","","","","Dégagé"
"1970-09-24 01:00","1970","09","24","01:00"," ","-8,30","","-12,20","","73,00","","0,00","","0,00","","64,40","","94,06","","","","","","Généralement dégagé"
"1970-09-24 02:00","1970","09","24","02:00"," ","-8,30","","-12,20","","72,00","","18,00","","3,00","","64,40","","94,03","","","","-10,00","","Généralement dégagé"
"1970-09-24 03:00","1970","09","24","03:00"," ","-7,80","","-10,60","","80,00","","16,00","","3,00","","64,40","","93,97","","","","-9,00","","Généralement dégagé"
"1970-09-24 04:00","1970","09","24","04:00"," ","-6,70","","-10,60","","75,00","","18,00","","11,00","","64,40","","93,93","","","","-12,00","","Généralement dégagé"
"1970-09-24 05:00","1970","09","24","05:00"," ","-6,10","","-11,10","","68,00","","18,00","","14,00","","64,40","","93,88","","","","-12,00","","Généralement nuageux"
"1970-09-24 06:00","1970","09","24","06:00"," ","-6,10","","-11,10","","67,00","","16,00","","8,00","","64,40","","93,82","","","","-10,00","","Généralement nuageux"
"1970-09-24 07:00","1970","09","24","07:00"," ","-5,00","","-11,10","","63,00","","18,00","","13,00","","64,40","","93,78","","","","-10,00","","Généralement nuageux"
"1970-09-24 08:00","1970","09","24","08:00"," ","-3,90","","-9,40","","65,00","","16,00","","19,00","","64,40","","93,68","","","","-10,00","","Généralement nuageux"
"1970-09-24 09:00","1970","09","24","09:00"," ","-2,80","","-7,80","","70,00","","23,00","","8,00","","64,40","","93,66","","","","-6,00","","Généralement nuageux"
"1970-09-24 10:00","1970","09","24","10:00"," ","-1,10","","-6,70","","67,00","","14,00","","23,00","","64,40","","93,64","","","","-7,00","","Nuageux"
"1970-09-24 11:00","1970","09","24","11:00"," ","-0,60","","-5,60","","69,00","","14,00","","27,00","","64,40","","93,56","","","","-7,00","","Nuageux"
"1970-09-24 12:00","1970","09","24","12:00"," ","0,00","","-2,80","","80,00","","14,00","","27,00","","64,40","","93,50","","","","-6,00","","Nuageux"
"1970-09-24 13:00","1970","09","24","13:00"," ","-1,10","","-2,80","","89,00","","14,00","","23,00","","2,40","","93,44","","","","-7,00","","Neige"
"1970-09-24 14:00","1970","09","24","14:00"," ","-1,70","","-2,80","","92,00","","14,00","","32,00","","1,20","","93,36","","","","-9,00","","Neige"
"1970-09-24 15:00","1970","09","24","15:00"," ","-1,70","","-3,90","","86,00","","14,00","","26,00","","1,20","","93,28","","","","-8,00","","Neige"
"1970-09-24 16:00","1970","09","24","16:00"," ","-1,70","","-3,30","","88,00","","14,00","","24,00","","2,40","","93,18","","","","-8,00","","Neige"
"1970-09-24 17:00","1970","09","24","17:00"," ","-1,10","","-2,80","","88,00","","16,00","","23,00","","3,20","","93,11","","","","-7,00","","Neige"
"1970-09-24 18:00","1970","09","24","18:00"," ","-1,70","","-2,80","","92,00","","14,00","","24,00","","1,60","","93,06","","","","-8,00","","Neige"
"1970-09-24 19:00","1970","09","24","19:00"," ","-1,70","","-2,80","","92,00","","16,00","","27,00","","2,40","","93,03","","","","-8,00","","Neige"
"1970-09-24 20:00","1970","09","24","20:00"," ","-1,10","","-2,80","","89,00","","14,00","","29,00","","24,10","","92,98","","","","-8,00","","Neige"
"1970-09-24 21:00","1970","09","24","21:00"," ","-0,60","","-2,20","","88,00","","14,00","","32,00","","64,40","","92,96","","","","-7,00","","Généralement nuageux"
"1970-09-24 22:00","1970","09","24","22:00"," ","-0,60","","-2,80","","85,00","","14,00","","35,00","","64,40","","92,94","","","","-8,00","","Généralement nuageux"
"1970-09-24 23:00","1970","09","24","23:00"," ","-0,60","","-2,80","","85,00","","14,00","","27,00","","64,40","","92,91","","","","-7,00","","Généralement nuageux"
"1970-09-25 00:00","1970","09","25","00:00"," ","-0,60","","-2,20","","88,00","","14,00","","27,00","","64,40","","92,90","","","","-7,00","","Nuageux"
"1970-09-25 01:00","1970","09","25","01:00"," ","0,00","","-2,20","","86,00","","14,00","","10,00","","64,40","","92,92","","","","-3,00","","Nuageux"
"1970-09-25 02:00","1970","09","25","02:00"," ","0,60","","-3,30","","76,00","","14,00","","32,00","","64,40","","92,84","","","","","","Nuageux"
"1970-09-25 03:00","1970","09","25","03:00"," ","0,60","","-3,30","","76,00","","16,00","","23,00","","64,40","","92,87","","","","","","Nuageux"
"1970-09-25 04:00","1970","09","25","04:00"," ","1,10","","-1,10","","84,00","","16,00","","29,00","","64,40","","92,88","","","","","","Nuageux"
"1970-09-25 05:00","1970","09","25","05:00"," ","1,70","","-1,70","","79,00","","18,00","","23,00","","64,40","","92,90","","","","","","Généralement nuageux"
"1970-09-25 06:00","1970","09","25","06:00"," ","1,10","","-1,70","","82,00","","18,00","","24,00","","64,40","","92,92","","","","","","Généralement nuageux"
"1970-09-25 07:00","1970","09","25","07:00"," ","1,70","","-0,60","","84,00","","18,00","","29,00","","64,40","","92,91","","","","","","Généralement nuageux"
"1970-09-25 08:00","1970","09","25","08:00"," ","1,70","","-0,60","","84,00","","18,00","","19,00","","64,40","","92,93","","","","","","Généralement nuageux"
"1970-09-25 09:00","1970","09","25","09:00"," ","2,20","","0,60","","87,00","","18,00","","29,00","","64,40","","92,94","","","","","","Généralement nuageux"
"1970-09-25 10:00","1970","09","25","10:00"," ","3,30","","0,60","","83,00","","18,00","","24,00","","64,40","","92,99","","","","","","Généralement nuageux"
"1970-09-25 11:00","1970","09","25","11:00"," ","5,00","","0,60","","73,00","","16,00","","24,00","","64,40","","92,99","","","","","","Généralement nuageux"
"1970-09-25 12:00","1970","09","25","12:00"," ","7,20","","1,70","","67,00","","14,00","","23,00","","64,40","","92,98","","","","","","Généralement nuageux"
"1970-09-25 13:00","1970","09","25","13:00"," ","9,40","","1,70","","57,00","","14,00","","26,00","","64,40","","92,99","","","","","","Généralement nuageux"
"1970-09-25 14:00","1970","09","25","14:00"," ","8,30","","0,60","","59,00","","14,00","","26,00","","64,40","","92,99","","","","","","Généralement nuageux"
"1970-09-25 15:00","1970","09","25","15:00"," ","8,90","","1,10","","58,00","","14,00","","16,00","","64,40","","93,02","","","","","","Généralement nuageux"
"1970-09-25 16:00","1970","09","25","16:00"," ","8,90","","0,60","","56,00","","14,00","","23,00","","64,40","","93,01","","","","","","Généralement nuageux"
"1970-09-25 17:00","1970","09","25","17:00"," ","8,30","","0,00","","55,00","","16,00","","26,00","","64,40","","92,99","","","","","","Généralement nuageux"
"1970-09-25 18:00","1970","09","25","18:00"," ","7,20","","0,60","","63,00","","14,00","","21,00","","64,40","","93,05","","","","","","Généralement nuageux"
"1970-09-25 19:00","1970","09","25","19:00"," ","7,20","","1,70","","67,00","","16,00","","23,00","","64,40","","93,05","","","","","","Généralement nuageux"
"1970-09-25 20:00","1970","09","25","20:00"," ","6,10","","1,10","","70,00","","14,00","","23,00","","64,40","","93,05","","","","","","Généralement nuageux"
"1970-09-25 21:00","1970","09","25","21:00"," ","6,10","","1,10","","70,00","","16,00","","26,00","","64,40","","93,05","","","","","","Généralement dégagé"
"1970-09-25 22:00","1970","09","25","22:00"," ","5,60","","0,60","","71,00","","16,00","","29,00","","64,40","","93,05","","","","","","Généralement dégagé"
"1970-09-25 23:00","1970","09","25","23:00"," ","6,10","","1,10","","70,00","","16,00","","26,00","","64,40","","93,07","","","","","","Généralement nuageux"
"1970-09-26 00:00","1970","09","26","00:00"," ","6,10","","1,70","","72,00","","16,00","","19,00","","64,40","","93,05","","","","","","Généralement nuageux"
"1970-09-26 01:00","1970","09","26","01:00"," ","6,10","","1,70","","72,00","","16,00","","29,00","","64,40","","93,01","","","","","","Généralement nuageux"
"1970-09-26 02:00","1970","09","26","02:00"," ","7,80","","-0,60","","56,00","","16,00","","29,00","","64,40","","92,97","","","","","","Généralement nuageux"
"1970-09-26 03:00","1970","09","26","03:00"," ","5,60","","2,80","","82,00","","18,00","","26,00","","64,40","","92,96","","","","","","Généralement nuageux"
"1970-09-26 04:00","1970","09","26","04:00"," ","4,40","","1,70","","81,00","","16,00","","21,00","","64,40","","92,98","","","","","","Généralement nuageux"
"1970-09-26 05:00","1970","09","26","05:00"," ","5,00","","1,10","","77,00","","18,00","","19,00","","64,40","","92,96","","","","","","Généralement nuageux"
"1970-09-26 06:00","1970","09","26","06:00"," ","4,40","","1,70","","84,00","","16,00","","24,00","","64,40","","92,96","","","","","","Généralement nuageux"
"1970-09-26 07:00","1970","09","26","07:00"," ","4,40","","1,70","","84,00","","18,00","","18,00","","64,40","","92,94","","","","","","Généralement nuageux"
"1970-09-26 08:00","1970","09","26","08:00"," ","6,70","","2,20","","75,00","","14,00","","24,00","","64,40","","92,95","","","","","","Généralement dégagé"
"1970-09-26 09:00","1970","09","26","09:00"," ","7,80","","2,80","","70,00","","16,00","","24,00","","64,40","","92,96","","","","","","Généralement nuageux"
"1970-09-26 10:00","1970","09","26","10:00"," ","8,90","","2,80","","65,00","","14,00","","29,00","","64,40","","92,92","","","","","","Généralement nuageux"
"1970-09-26 11:00","1970","09","26","11:00"," ","11,70","","3,90","","59,00","","14,00","","24,00","","64,40","","92,95","","","","","","Généralement nuageux"
"1970-09-26 12:00","1970","09","26","12:00"," ","11,70","","2,80","","54,00","","14,00","","19,00","","64,40","","92,99","","","","","","Généralement nuageux"
"1970-09-26 13:00","1970","09","26","13:00"," ","12,80","","3,30","","52,00","","14,00","","21,00","","64,40","","92,92","","","","","","Généralement nuageux"
"1970-09-26 14:00","1970","09","26","14:00"," ","12,80","","0,60","","43,00","","11,00","","16,00","","64,40","","92,92","","","","","","Généralement nuageux"
"1970-09-26 15:00","1970","09","26","15:00"," ","11,10","","2,20","","55,00","","14,00","","23,00","","64,40","","92,92","","","","","","Généralement nuageux"
"1970-09-26 16:00","1970","09","26","16:00"," ","11,10","","2,20","","55,00","","18,00","","27,00","","64,40","","92,89","","","","","","Nuageux"
"1970-09-26 17:00","1970","09","26","17:00"," ","9,40","","3,30","","66,00","","14,00","","19,00","","64,40","","92,86","","","","","","Nuageux"
"1970-09-26 18:00","1970","09","26","18:00"," ","9,40","","4,40","","70,00","","14,00","","29,00","","64,40","","92,89","","","","","","Pluie"
"1970-09-26 19:00","1970","09","26","19:00"," ","7,20","","6,10","","92,00","","14,00","","23,00","","24,10","","92,89","","","","","","Pluie"
"1970-09-26 20:00","1970","09","26","20:00"," ","6,70","","5,60","","93,00","","16,00","","19,00","","24,10","","92,81","","","","","","Pluie"
"1970-09-26 21:00","1970","09","26","21:00"," ","6,70","","5,60","","93,00","","16,00","","29,00","","32,20","","92,73","","","","","","Pluie"
"1970-09-26 22:00","1970","09","26","22:00"," ","7,20","","-0,60","","57,00","","14,00","","19,00","","64,40","","92,69","","","","","","Nuageux"
"1970-09-26 23:00","1970","09","26","23:00"," ","6,70","","5,60","","91,00","","14,00","","16,00","","64,40","","92,63","","","","","","Nuageux"
"1970-09-27 00:00","1970","09","27","00:00"," ","6,70","","5,60","","93,00","","18,00","","23,00","","24,10","","92,54","","","","","","Pluie"
"1970-09-27 01:00","1970","09","27","01:00"," ","6,70","","5,60","","91,00","","16,00","","19,00","","40,20","","92,50","","","","","","Pluie"
"1970-09-27 02:00","1970","09","27","02:00"," ","6,70","","5,60","","91,00","","16,00","","32,00","","64,40","","92,42","","","","","","Nuageux"
"1970-09-27 03:00","1970","09","27","03:00"," ","6,70","","4,40","","85,00","","14,00","","29,00","","64,40","","92,37","","","","","","Nuageux"
"1970-09-27 04:00","1970","09","27","04:00"," ","6,10","","3,30","","82,00","","16,00","","21,00","","64,40","","92,33","","","","","","Nuageux"
"1970-09-27 05:00","1970","09","27","05:00"," ","6,10","","3,30","","82,00","","16,00","","19,00","","64,40","","92,28","","","","","","Nuageux"
"1970-09-27 06:00","1970","09","27","06:00"," ","6,10","","3,30","","82,00","","16,00","","29,00","","64,40","","92,19","","","","","","Nuageux"
"1970-09-27 07:00","1970","09","27","07:00"," ","6,10","","3,30","","82,00","","16,00","","32,00","","64,40","","92,14","","","","","","Généralement nuageux"
"1970-09-27 08:00","1970","09","27","08:00"," ","7,20","","3,30","","77,00","","16,00","","32,00","","64,40","","92,10","","","","","","Généralement nuageux"
"1970-09-27 09:00","1970","09","27","09:00"," ","7,20","","3,30","","77,00","","16,00","","29,00","","64,40","","92,07","","","","","","Généralement nuageux"
"1970-09-27 10:00","1970","09","27","10:00"," ","8,90","","3,30","","67,00","","14,00","","27,00","","64,40","","91,99","","","","","","Généralement nuageux"
"1970-09-27 11:00","1970","09","27","11:00"," ","8,90","","2,80","","65,00","","14,00","","27,00","","64,40","","91,94","","","","","","Généralement nuageux"
"1970-09-27 12:00","1970","09","27","12:00"," ","10,00","","2,80","","61,00","","14,00","","26,00","","64,40","","91,91","","","","","","Généralement nuageux"
"1970-09-27 13:00","1970","09","27","13:00"," ","10,60","","3,30","","60,00","","14,00","","32,00","","64,40","","91,90","","","","","","Averses de pluie"
"1970-09-27 14:00","1970","09","27","14:00"," ","11,70","","3,30","","57,00","","16,00","","31,00","","64,40","","91,88","","","","","","Généralement nuageux"
"1970-09-27 15:00","1970","09","27","15:00"," ","11,70","","2,80","","55,00","","14,00","","27,00","","64,40","","91,86","","","","","","Généralement nuageux"
"1970-09-27 16:00","1970","09","27","16:00"," ","11,10","","3,90","","61,00","","16,00","","29,00","","64,40","","91,89","","","","","","Généralement nuageux"
"1970-09-27 17:00","1970","09","27","17:00"," ","10,00","","4,40","","68,00","","14,00","","21,00","","64,40","","91,95","","","","","","Généralement nuageux"
"1970-09-27 18:00","1970","09","27","18:00"," ","10,00","","1,10","","55,00","","14,00","","31,00","","64,40","","92,00","","","","","","Généralement nuageux"
"1970-09-27 19:00","1970","09","27","19:00"," ","8,90","","0,60","","56,00","","16,00","","29,00","","64,40","","92,04","","","","","","Généralement nuageux"
"1970-09-27 20:00","1970","09","27","20:00"," ","8,90","","0,60","","56,00","","18,00","","29,00","","64,40","","92,10","","","","","","Généralement nuageux"
"1970-09-27 21:00","1970","09","27","21:00"," ","8,30","","0,60","","59,00","","16,00","","24,00","","64,40","","92,16","","","","","","Généralement nuageux"
"1970-09-27 22:00","1970","09","27","22:00"," ","8,30","","1,10","","61,00","","16,00","","18,00","","64,40","","92,22","","","","","","Généralement nuageux"
"1970-09-27 23:00","1970","09","27","23:00"," ","7,80","","0,60","","60,00","","16,00","","21,00","","64,40","","92,25","","","","","","Nuageux"
"1970-09-28 00:00","1970","09","28","00:00"," ","8,30","","1,10","","61,00","","14,00","","19,00","","64,40","","92,28","","","","","","Nuageux"
"1970-09-28 01:00","1970","09","28","01:00"," ","8,30","","1,10","","61,00","","18,00","","24,00","","64,40","","92,28","","","","","","Nuageux"
"1970-09-28 02:00","1970","09","28","02:00"," ","8,30","","1,10","","61,00","","16,00","","19,00","","64,40","","92,28","","","","","","Nuageux"
"1970-09-28 03:00","1970","09","28","03:00"," ","7,20","","0,00","","61,00","","18,00","","16,00","","64,40","","92,30","","","","","","Nuageux"
"1970-09-28 04:00","1970","09","28","04:00"," ","6,70","","0,60","","64,00","","0,00","","0,00","","64,40","","92,29","","","","","","Nuageux"
"1970-09-28 05:00","1970","09","28","05:00"," ","6,70","","1,10","","66,00","","16,00","","16,00","","64,40","","92,25","","","","","","Généralement nuageux"
"1970-09-28 06:00","1970","09","28","06:00"," ","6,70","","1,10","","68,00","","16,00","","13,00","","64,40","","92,26","","","","","","Généralement nuageux"
"1970-09-28 07:00","1970","09","28","07:00"," ","6,70","","1,10","","68,00","","18,00","","13,00","","64,40","","92,24","","","","","","Généralement nuageux"
"1970-09-28 08:00","1970","09","28","08:00"," ","7,80","","2,20","","68,00","","16,00","","11,00","","64,40","","92,26","","","","","","Généralement nuageux"
"1970-09-28 09:00","1970","09","28","09:00"," ","8,30","","2,20","","65,00","","14,00","","24,00","","64,40","","92,26","","","","","","Généralement nuageux"
"1970-09-28 10:00","1970","09","28","10:00"," ","8,90","","3,30","","67,00","","14,00","","16,00","","64,40","","92,23","","","","","","Nuageux"
"1970-09-28 11:00","1970","09","28","11:00"," ","8,90","","3,30","","67,00","","14,00","","16,00","","24,10","","92,22","","","","","","Pluie"
"1970-09-28 12:00","1970","09","28","12:00"," ","7,80","","5,00","","84,00","","14,00","","10,00","","16,10","","92,20","","","","","","Pluie"
"1970-09-28 13:00","1970","09","28","13:00"," ","7,20","","5,60","","89,00","","16,00","","14,00","","16,10","","92,16","","","","","","Pluie"
"1970-09-28 14:00","1970","09","28","14:00"," ","7,20","","6,10","","92,00","","14,00","","24,00","","16,10","","92,15","","","","","","Pluie"
"1970-09-28 15:00","1970","09","28","15:00"," ","6,70","","5,60","","93,00","","14,00","","24,00","","16,10","","92,14","","","","","","Pluie"
"1970-09-28 16:00","1970","09","28","16:00"," ","6,70","","5,60","","93,00","","14,00","","19,00","","12,90","","92,11","","","","","","Pluie"
"1970-09-28 17:00","1970","09","28","17:00"," ","5,60","","4,40","","93,00","","14,00","","14,00","","16,10","","92,10","","","","","","Pluie"
"1970-09-28 18:00","1970","09","28","18:00"," ","5,00","","4,40","","95,00","","14,00","","21,00","","16,10","","92,06","","","","","","Pluie"
"1970-09-28 19:00","1970","09","28","19:00"," ","5,00","","3,90","","93,00","","14,00","","24,00","","24,10","","92,04","","","","","","Pluie"
"1970-09-28 20:00","1970","09","28","20:00"," ","4,40","","2,80","","88,00","","14,00","","24,00","","32,20","","92,01","","","","","","Pluie"
"1970-09-28 21:00","1970","09","28","21:00"," ","3,90","","2,20","","90,00","","14,00","","23,00","","40,20","","91,99","","","","","","Pluie"
"1970-09-28 22:00","1970","09","28","22:00"," ","3,90","","2,20","","90,00","","16,00","","23,00","","48,30","","91,98","","","","","","Pluie"
"1970-09-28 23:00","1970","09","28","23:00"," ","3,30","","2,20","","93,00","","16,00","","29,00","","48,30","","91,96","","","","","","Pluie"
"1970-09-29 00:00","1970","09","29","00:00"," ","3,90","","2,20","","90,00","","14,00","","16,00","","48,30","","91,97","","","","","","Nuageux"
"1970-09-29 01:00","1970","09","29","01:00"," ","3,30","","2,20","","93,00","","16,00","","16,00","","48,30","","91,97","","","","","","Nuageux"
"1970-09-29 02:00","1970","09","29","02:00"," ","3,90","","2,20","","90,00","","16,00","","13,00","","64,40","","91,95","","","","","","Nuageux"
"1970-09-29 03:00","1970","09","29","03:00"," ","3,90","","2,20","","88,00","","18,00","","16,00","","64,40","","91,96","","","","","","Nuageux"
"1970-09-29 04:00","1970","09","29","04:00"," ","3,90","","2,20","","88,00","","18,00","","21,00","","64,40","","91,93","","","","","","Nuageux"
"1970-09-29 05:00","1970","09","29","05:00"," ","4,40","","2,20","","86,00","","18,00","","24,00","","64,40","","91,93","","","","","","Généralement nuageux"
"1970-09-29 06:00","1970","09","29","06:00"," ","4,40","","2,80","","88,00","","18,00","","11,00","","64,40","","91,96","","","","","","Généralement nuageux"
"1970-09-29 07:00","1970","09","29","07:00"," ","4,40","","2,20","","86,00","","18,00","","13,00","","64,40","","91,99","","","","","","Généralement nuageux"
"1970-09-29 08:00","1970","09","29","08:00"," ","4,40","","2,20","","86,00","","18,00","","14,00","","64,40","","92,02","","","","","","Généralement nuageux"
"1970-09-29 09:00","1970","09","29","09:00"," ","5,00","","3,30","","89,00","","18,00","","16,00","","64,40","","92,05","","","","","","Généralement nuageux"
"1970-09-29 10:00","1970","09","29","10:00"," ","6,70","","3,30","","81,00","","16,00","","11,00","","64,40","","92,04","","","","","","Généralement nuageux"
"1970-09-29 11:00","1970","09","29","11:00"," ","7,20","","4,40","","81,00","","14,00","","21,00","","64,40","","92,04","","","","","","Généralement nuageux"
"1970-09-29 12:00","1970","09","29","12:00"," ","7,80","","2,80","","70,00","","14,00","","24,00","","64,40","","92,02","","","","","","Généralement nuageux"
"1970-09-29 13:00","1970","09","29","13:00"," ","7,80","","4,40","","80,00","","16,00","","13,00","","64,40","","91,99","","","","","","Nuageux"
"1970-09-29 14:00","1970","09","29","14:00"," ","7,80","","4,40","","80,00","","14,00","","18,00","","64,40","","91,98","","","","","","Pluie"
"1970-09-29 15:00","1970","09","29","15:00"," ","7,80","","3,90","","78,00","","16,00","","16,00","","64,40","","91,94","","","","","","Nuageux"
"1970-09-29 16:00","1970","09","29","16:00"," ","7,80","","3,90","","78,00","","14,00","","13,00","","64,40","","91,85","","","","","","Nuageux"
"1970-09-29 17:00","1970","09","29","17:00"," ","7,80","","5,00","","82,00","","14,00","","13,00","","64,40","","91,80","","","","","","Nuageux"
"1970-09-29 18:00","1970","09","29","18:00"," ","7,20","","5,00","","87,00","","14,00","","11,00","","64,40","","91,75","","","","","","Nuageux"
"1970-09-29 19:00","1970","09","29","19:00"," ","6,70","","4,40","","87,00","","16,00","","14,00","","64,40","","91,76","","","","","","Pluie"
"1970-09-29 20:00","1970","09","29","20:00"," ","6,70","","5,60","","93,00","","18,00","","10,00","","24,10","","91,80","","","","","","Pluie"
"1970-09-29 21:00","1970","09","29","21:00"," ","5,60","","4,40","","93,00","","16,00","","13,00","","24,10","","91,80","","","","","","Pluie"
"1970-09-29 22:00","1970","09","29","22:00"," ","5,60","","3,90","","89,00","","16,00","","16,00","","64,40","","91,87","","","","","","Nuageux"
"1970-09-29 23:00","1970","09","29","23:00"," ","5,60","","3,90","","89,00","","16,00","","6,00","","64,40","","91,91","","","","","","Nuageux"
"1970-09-30 00:00","1970","09","30","00:00"," ","5,00","","3,30","","89,00","","16,00","","13,00","","64,40","","92,03","","","","","","Nuageux"
"1970-09-30 01:00","1970","09","30","01:00"," ","5,00","","3,30","","89,00","","18,00","","11,00","","64,40","","92,16","","","","","","Généralement nuageux"
"1970-09-30 02:00","1970","09","30","02:00"," ","5,60","","1,70","","76,00","","18,00","","10,00","","64,40","","92,30","","","","","","Généralement nuageux"
"1970-09-30 03:00","1970","09","30","03:00"," ","4,40","","1,70","","81,00","","25,00","","13,00","","64,40","","92,42","","","","","","Généralement dégagé"
"1970-09-30 04:00","1970","09","30","04:00"," ","4,40","","0,60","","77,00","","27,00","","5,00","","64,40","","92,55","","","","","","Généralement nuageux"
"1970-09-30 05:00","1970","09","30","05:00"," ","3,90","","0,00","","76,00","","32,00","","5,00","","64,40","","92,64","","","","","","Généralement nuageux"
"1970-09-30 06:00","1970","09","30","06:00"," ","3,90","","-1,70","","67,00","","34,00","","8,00","","64,40","","92,74","","","","","","Généralement dégagé"
"1970-09-30 07:00","1970","09","30","07:00"," ","2,20","","-1,10","","77,00","","0,00","","0,00","","64,40","","92,85","","","","","","Généralement dégagé"
"1970-09-30 08:00","1970","09","30","08:00"," ","4,40","","-1,70","","66,00","","7,00","","3,00","","64,40","","92,92","","","","","","Généralement nuageux"
"1970-09-30 09:00","1970","09","30","09:00"," ","7,80","","-2,20","","49,00","","14,00","","18,00","","64,40","","92,92","","","","","","Généralement nuageux"
"1970-09-30 10:00","1970","09","30","10:00"," ","7,20","","-0,60","","57,00","","14,00","","18,00","","64,40","","93,01","","","","","","Généralement nuageux"
"1970-09-30 11:00","1970","09","30","11:00"," ","7,20","","-0,60","","57,00","","14,00","","24,00","","64,40","","93,02","","","","","","Généralement nuageux"
"1970-09-30 12:00","1970","09","30","12:00"," ","7,80","","1,10","","62,00","","14,00","","27,00","","64,40","","92,97","","","","","","Généralement nuageux"
"1970-09-30 13:00","1970","09","30","13:00"," ","7,80","","0,00","","58,00","","11,00","","27,00","","64,40","","92,95","","","","","","Généralement nuageux"
"1970-09-30 14:00","1970","09","30","14:00"," ","8,30","","0,00","","55,00","","14,00","","32,00","","64,40","","92,89","","","","","","Nuageux"
"1970-09-30 15:00","1970","09","30","15:00"," ","8,30","","-1,70","","50,00","","14,00","","31,00","","64,40","","92,82","","","","","","Nuageux"
"1970-09-30 16:00","1970","09","30","16:00"," ","8,30","","0,00","","55,00","","16,00","","39,00","","64,40","","92,67","","","","","","Généralement nuageux"
"1970-09-30 17:00","1970","09","30","17:00"," ","7,80","","0,00","","58,00","","16,00","","42,00","","64,40","","92,53","","","","","","Généralement nuageux"
"1970-09-30 18:00","1970","09","30","18:00"," ","7,20","","0,00","","59,00","","14,00","","35,00","","64,40","","92,47","","","","","","Généralement nuageux"
"1970-09-30 19:00","1970","09","30","19:00"," ","6,70","","-1,10","","58,00","","11,00","","29,00","","64,40","","92,33","","","","","","Généralement dégagé"
"1970-09-30 20:00","1970","09","30","20:00"," ","7,80","","-2,80","","47,00","","14,00","","29,00","","64,40","","92,37","","","","","","Généralement dégagé"
"1970-09-30 21:00","1970","09","30","21:00"," ","5,60","","0,00","","67,00","","16,00","","29,00","","64,40","","92,32","","","","","","Généralement nuageux"
"1970-09-30 22:00","1970","09","30","22:00"," ","5,00","","0,00","","71,00","","16,00","","26,00","","64,40","","92,36","","","","","","Nuageux"
"1970-09-30 23:00","1970","09","30","23:00"," ","5,00","","0,00","","71,00","","14,00","","26,00","","64,40","","92,40","","","","","","Généralement nuageux"
