"Nom de la Station","WHITEHORSE A"
"Province","YUKON TERRITORY"
"Latitude","60,71"
"Longitude","-135,07"
"Altitude","706,20"
"Identification Climat","2101300"
"Identification OMM","71964"
"Identification TC","YXY"
"Toutes les heures sont exprimées en heure normale locale (HNL). Pour convertir l'heure locale en heure avancée de l'Est (HAE), ajoutez 1 heure s'il y a lieu."

"Légende"
"M","Données Manquantes"
"E","Valeur Estimée"
"ND","Non Disponible"
"**","Données fournies par un partenaire, non assujetties à un révision par les Archives climatiques nationales du Canada"

"Date/Heure","Année","Mois","Jour","Heure","Qualité des Données","Temp (°C)","Temp Indicateur","Point de rosée (°C)","Point de rosée Indicateur","Hum. rel (%)","Hum. rel. Indicateur","Dir. du vent (10s deg)","Dir. du vent Indicateur","Vit. du vent (km/h)","Vit. du vent Indicateur","Visibilité (km)","Visibilité Indicateur","Pression à la station (kPa)","Pression à la station Indicateur","Hmdx","Hmdx Indicateur","Refroid. éolien","Refroid. éolien Indicateur","Temps"
"1985-01-01 00:00","1985","01","01","00:00"," ","-6,20","","-8,90","","81,00","","18,00","","33,00","","64,40","","93,26","","","","-15,00","","Nuageux"
"1985-01-01 01:00","1985","01","01","01:00"," ","-5,40","","-8,40","","79,00","","17,00","","28,00","","64,40","","93,19","","","","-13,00","","Nuageux"
"1985-01-01 02:00","1985","01","01","02:00"," ","-5,00","","-7,90","","80,00","","19,00","","22,00","","64,40","","93,19","","","","-12,00","","Nuageux"
"1985-01-01 03:00","1985","01","01","03:00"," ","-4,00","","-7,30","","78,00","","15,00","","19,00","","64,40","","93,13","","","","-10,00","","Nuageux"
"1985-01-01 04:00","1985","01","01","04:00"," ","-3,40","","-6,80","","77,00","","19,00","","13,00","","64,40","","93,10","","","","-8,00","","Nuageux"
"1985-01-01 05:00","1985","01","01","05:00"," ","-2,40","","-6,00","","76,00","","16,00","","28,00","","64,40","","93,00","","","","-9,00","","Nuageux"
"1985-01-01 06:00","1985","01","01","06:00"," ","-1,90","","-5,80","","75,00","","16,00","","37,00","","64,40","","92,91","","","","-10,00","","Nuageux"
"1985-01-01 07:00","1985","01","01","07:00"," ","-2,20","","-6,20","","74,00","","16,00","","37,00","","64,40","","92,88","","","","-10,00","","Généralement nuageux"
"1985-01-01 08:00","1985","01","01","08:00"," ","-0,40","","-5,40","","69,00","","15,00","","44,00","","64,40","","92,85","","","","-8,00","","Généralement nuageux"
"1985-01-01 09:00","1985","01","01","09:00"," ","-1,00","","-5,40","","72,00","","15,00","","24,00","","64,40","","92,85","","","","-7,00","","Généralement nuageux"
"1985-01-01 10:00","1985","01","01","10:00"," ","0,10","","-4,80","","70,00","","14,00","","22,00","","64,40","","92,85","","","","","","Généralement nuageux"
"1985-01-01 11:00","1985","01","01","11:00"," ","0,40","","-4,90","","68,00","","16,00","","26,00","","64,40","","92,82","","","","","","Nuageux"
"1985-01-01 12:00","1985","01","01","12:00"," ","0,20","","-5,00","","68,00","","14,00","","19,00","","64,40","","92,82","","","","","","Nuageux"
"1985-01-01 13:00","1985","01","01","13:00"," ","0,30","","-4,90","","68,00","","13,00","","15,00","","64,40","","92,82","","","","","","Nuageux"
"1985-01-01 14:00","1985","01","01","14:00"," ","0,60","","-4,60","","68,00","","15,00","","35,00","","64,40","","92,69","","","","","","Généralement nuageux"
"1985-01-01 15:00","1985","01","01","15:00"," ","0,30","","-4,00","","73,00","","14,00","","43,00","","64,40","","92,69","","","","","","Généralement nuageux"
"1985-01-01 16:00","1985","01","01","16:00"," ","0,40","","-4,20","","71,00","","14,00","","22,00","","64,40","","92,69","","","","","","Généralement nuageux"
"1985-01-01 17:00","1985","01","01","17:00"," ","0,40","","-4,40","","70,00","","14,00","","41,00","","64,40","","92,59","","","","","","Généralement nuageux"
"1985-01-01 18:00","1985","01","01","18:00"," ","0,60","","-3,60","","73,00","","14,00","","52,00","","64,40","","92,53","","","","","","Généralement nuageux"
"1985-01-01 19:00","1985","01","01","19:00"," ","0,60","","-2,60","","79,00","","15,00","","44,00","","64,40","","92,53","","","","","","Généralement nuageux"
"1985-01-01 20:00","1985","01","01","20:00"," ","0,80","","-2,80","","77,00","","15,00","","31,00","","64,40","","92,53","","","","","","Généralement nuageux"
"1985-01-01 21:00","1985","01","01","21:00"," ","0,50","","-2,90","","78,00","","16,00","","44,00","","64,40","","92,44","","","","","","Généralement nuageux"
"1985-01-01 22:00","1985","01","01","22:00"," ","-0,30","","-2,80","","83,00","","17,00","","48,00","","64,40","","92,31","","","","-8,00","","Généralement nuageux"
"1985-01-01 23:00","1985","01","01","23:00"," ","1,60","","-2,40","","75,00","","16,00","","46,00","","64,40","","92,28","","","","","","Nuageux"
"1985-01-02 00:00","1985","01","02","00:00"," ","2,90","","-2,70","","66,00","","16,00","","48,00","","64,40","","92,15","","","","","","Généralement dégagé"
"1985-01-02 01:00","1985","01","02","01:00"," ","3,70","","-2,60","","63,00","","16,00","","44,00","","64,40","","92,12","","","","","","Généralement dégagé"
"1985-01-02 02:00","1985","01","02","02:00"," ","4,00","","-2,20","","64,00","","16,00","","44,00","","64,40","","92,06","","","","","","Généralement dégagé"
"1985-01-02 03:00","1985","01","02","03:00"," ","4,40","","-1,90","","64,00","","18,00","","22,00","","64,40","","92,06","","","","","","Nuageux"
"1985-01-02 04:00","1985","01","02","04:00"," ","4,10","","-1,70","","66,00","","15,00","","28,00","","64,40","","92,02","","","","","","Généralement nuageux"
"1985-01-02 05:00","1985","01","02","05:00"," ","4,50","","-1,80","","64,00","","13,00","","44,00","","64,40","","91,93","","","","","","Généralement nuageux"
"1985-01-02 06:00","1985","01","02","06:00"," ","3,60","","-1,70","","68,00","","10,00","","28,00","","64,40","","91,83","","","","","","Généralement nuageux"
"1985-01-02 07:00","1985","01","02","07:00"," ","3,20","","-1,70","","70,00","","7,00","","11,00","","64,40","","91,64","","","","","","Nuageux"
"1985-01-02 08:00","1985","01","02","08:00"," ","3,50","","-1,70","","69,00","","15,00","","33,00","","64,40","","91,71","","","","","","Nuageux"
"1985-01-02 09:00","1985","01","02","09:00"," ","3,10","","-1,50","","72,00","","12,00","","13,00","","64,40","","91,68","","","","","","Généralement nuageux"
"1985-01-02 10:00","1985","01","02","10:00"," ","2,90","","-1,20","","74,00","","15,00","","26,00","","32,20","","91,80","","","","","","Pluie"
"1985-01-02 11:00","1985","01","02","11:00"," ","2,20","","-1,20","","78,00","","12,00","","28,00","","48,30","","91,80","","","","","","Nuageux"
"1985-01-02 12:00","1985","01","02","12:00"," ","1,80","","-1,30","","80,00","","14,00","","24,00","","48,30","","91,80","","","","","","Nuageux"
"1985-01-02 13:00","1985","01","02","13:00"," ","2,10","","-1,70","","76,00","","16,00","","43,00","","48,30","","91,77","","","","","","Nuageux"
"1985-01-02 14:00","1985","01","02","14:00"," ","1,90","","-1,60","","78,00","","16,00","","39,00","","64,40","","91,80","","","","","","Nuageux"
"1985-01-02 15:00","1985","01","02","15:00"," ","1,70","","-1,60","","78,00","","16,00","","43,00","","48,30","","91,87","","","","","","Nuageux"
"1985-01-02 16:00","1985","01","02","16:00"," ","1,50","","-1,70","","79,00","","16,00","","31,00","","64,40","","91,87","","","","","","Nuageux"
"1985-01-02 17:00","1985","01","02","17:00"," ","0,30","","-2,00","","85,00","","14,00","","24,00","","64,40","","91,90","","","","","","Généralement nuageux"
"1985-01-02 18:00","1985","01","02","18:00"," ","0,90","","-1,30","","85,00","","13,00","","15,00","","64,40","","92,02","","","","","","Nuageux"
"1985-01-02 19:00","1985","01","02","19:00"," ","0,90","","-1,50","","84,00","","15,00","","15,00","","24,10","","92,09","","","","","","Neige"
"1985-01-02 20:00","1985","01","02","20:00"," ","0,40","","-2,90","","79,00","","15,00","","20,00","","64,40","","92,06","","","","","","Généralement dégagé"
"1985-01-02 21:00","1985","01","02","21:00"," ","-1,50","","-4,10","","82,00","","13,00","","9,00","","64,40","","92,15","","","","-5,00","","Généralement dégagé"
"1985-01-02 22:00","1985","01","02","22:00"," ","0,50","","-4,10","","71,00","","13,00","","20,00","","64,40","","92,34","","","","","","Généralement dégagé"
"1985-01-02 23:00","1985","01","02","23:00"," ","1,60","","-4,60","","63,00","","16,00","","24,00","","64,40","","92,47","","","","","","Généralement dégagé"
"1985-01-03 00:00","1985","01","03","00:00"," ","0,70","","-5,00","","65,00","","16,00","","31,00","","64,40","","92,56","","","","","","Généralement dégagé"
"1985-01-03 01:00","1985","01","03","01:00"," ","1,00","","-5,80","","60,00","","24,00","","15,00","","64,40","","92,75","","","","","","Généralement dégagé"
"1985-01-03 02:00","1985","01","03","02:00"," ","1,50","","-6,40","","56,00","","15,00","","24,00","","64,40","","92,85","","","","","","Généralement dégagé"
"1985-01-03 03:00","1985","01","03","03:00"," ","2,20","","-6,90","","51,00","","18,00","","22,00","","64,40","","93,04","","","","","","Généralement dégagé"
"1985-01-03 04:00","1985","01","03","04:00"," ","2,40","","-7,90","","46,00","","20,00","","30,00","","64,40","","93,07","","","","","","Généralement dégagé"
"1985-01-03 05:00","1985","01","03","05:00"," ","1,70","","-8,20","","47,00","","21,00","","17,00","","64,40","","93,16","","","","","","Dégagé"
"1985-01-03 06:00","1985","01","03","06:00"," ","0,10","","-8,90","","51,00","","13,00","","15,00","","64,40","","93,19","","","","","","Généralement dégagé"
"1985-01-03 07:00","1985","01","03","07:00"," ","0,60","","-9,50","","47,00","","19,00","","24,00","","64,40","","93,23","","","","","","Dégagé"
"1985-01-03 08:00","1985","01","03","08:00"," ","-0,20","","-9,80","","48,00","","18,00","","17,00","","64,40","","93,29","","","","-5,00","","Dégagé"
"1985-01-03 09:00","1985","01","03","09:00"," ","0,40","","-9,20","","48,00","","17,00","","19,00","","64,40","","93,35","","","","","","Généralement dégagé"
"1985-01-03 10:00","1985","01","03","10:00"," ","-1,20","","-7,90","","60,00","","17,00","","13,00","","64,40","","93,42","","","","-5,00","","Généralement dégagé"
"1985-01-03 11:00","1985","01","03","11:00"," ","-2,20","","-7,90","","65,00","","17,00","","13,00","","64,40","","93,42","","","","-7,00","","Généralement nuageux"
"1985-01-03 12:00","1985","01","03","12:00"," ","-1,60","","-7,80","","63,00","","18,00","","26,00","","64,40","","93,42","","","","-8,00","","Nuageux"
"1985-01-03 13:00","1985","01","03","13:00"," ","-1,90","","-7,90","","63,00","","18,00","","20,00","","64,40","","93,42","","","","-8,00","","Nuageux"
"1985-01-03 14:00","1985","01","03","14:00"," ","-2,10","","-7,70","","65,00","","18,00","","17,00","","64,40","","93,23","","","","-7,00","","Nuageux"
"1985-01-03 15:00","1985","01","03","15:00"," ","-2,20","","-7,30","","68,00","","18,00","","17,00","","64,40","","93,13","","","","-8,00","","Nuageux"
"1985-01-03 16:00","1985","01","03","16:00"," ","-2,40","","-7,20","","69,00","","18,00","","22,00","","64,40","","93,07","","","","-9,00","","Nuageux"
"1985-01-03 17:00","1985","01","03","17:00"," ","-1,60","","-6,50","","69,00","","18,00","","17,00","","64,40","","92,88","","","","-7,00","","Nuageux"
"1985-01-03 18:00","1985","01","03","18:00"," ","-2,00","","-6,60","","71,00","","18,00","","13,00","","64,40","","92,75","","","","-6,00","","Nuageux"
"1985-01-03 19:00","1985","01","03","19:00"," ","-2,20","","-5,90","","76,00","","18,00","","9,00","","6,40","","92,63","","","","-6,00","","Neige"
"1985-01-03 20:00","1985","01","03","20:00"," ","-2,80","","-4,40","","89,00","","18,00","","13,00","","4,80","","92,63","","","","-7,00","","Neige"
"1985-01-03 21:00","1985","01","03","21:00"," ","-2,60","","-4,00","","90,00","","19,00","","9,00","","6,40","","92,47","","","","-6,00","","Neige"
"1985-01-03 22:00","1985","01","03","22:00"," ","-2,70","","-4,40","","88,00","","17,00","","13,00","","24,10","","92,31","","","","-7,00","","Neige"
"1985-01-03 23:00","1985","01","03","23:00"," ","-1,60","","-3,50","","87,00","","16,00","","39,00","","32,20","","92,31","","","","-9,00","","Neige"
"1985-01-04 00:00","1985","01","04","00:00"," ","-1,00","","-2,80","","88,00","","16,00","","41,00","","32,20","","92,28","","","","-9,00","","Neige"
"1985-01-04 01:00","1985","01","04","01:00"," ","-1,20","","-3,20","","86,00","","16,00","","37,00","","64,40","","92,25","","","","-9,00","","Généralement dégagé"
"1985-01-04 02:00","1985","01","04","02:00"," ","-1,20","","-3,40","","85,00","","17,00","","28,00","","64,40","","92,21","","","","-8,00","","Généralement dégagé"
"1985-01-04 03:00","1985","01","04","03:00"," ","-1,40","","-3,80","","84,00","","12,00","","22,00","","64,40","","92,31","","","","-7,00","","Généralement dégagé"
"1985-01-04 04:00","1985","01","04","04:00"," ","-0,10","","-3,60","","77,00","","12,00","","28,00","","64,40","","92,31","","","","-6,00","","Généralement dégagé"
"1985-01-04 05:00","1985","01","04","05:00"," ","-2,80","","-5,10","","84,00","","23,00","","7,00","","64,40","","92,37","","","","-6,00","","Généralement dégagé"
"1985-01-04 06:00","1985","01","04","06:00"," ","-5,30","","-7,30","","86,00","","24,00","","7,00","","64,40","","92,47","","","","-9,00","","Généralement dégagé"
"1985-01-04 07:00","1985","01","04","07:00"," ","0,80","","-4,30","","69,00","","14,00","","20,00","","64,40","","92,47","","","","","","Généralement dégagé"
"1985-01-04 08:00","1985","01","04","08:00"," ","-2,00","","-5,20","","78,00","","17,00","","24,00","","64,40","","92,50","","","","-8,00","","Dégagé"
"1985-01-04 09:00","1985","01","04","09:00"," ","-0,20","","-5,00","","70,00","","17,00","","24,00","","64,40","","92,44","","","","-6,00","","Généralement dégagé"
"1985-01-04 10:00","1985","01","04","10:00"," ","0,50","","-4,70","","68,00","","16,00","","22,00","","64,40","","92,44","","","","","","Généralement nuageux"
"1985-01-04 11:00","1985","01","04","11:00"," ","-0,20","","-4,60","","72,00","","16,00","","22,00","","64,40","","92,44","","","","-6,00","","Généralement nuageux"
"1985-01-04 12:00","1985","01","04","12:00"," ","-1,00","","-4,90","","75,00","","16,00","","11,00","","64,40","","92,44","","","","-5,00","","Généralement nuageux"
"1985-01-04 13:00","1985","01","04","13:00"," ","-0,10","","-4,80","","71,00","","18,00","","26,00","","64,40","","92,34","","","","-6,00","","Généralement nuageux"
"1985-01-04 14:00","1985","01","04","14:00"," ","0,10","","-4,50","","71,00","","15,00","","13,00","","64,40","","92,28","","","","","","Généralement nuageux"
"1985-01-04 15:00","1985","01","04","15:00"," ","-0,60","","-4,70","","74,00","","18,00","","26,00","","64,40","","92,21","","","","-7,00","","Nuageux"
"1985-01-04 16:00","1985","01","04","16:00"," ","-1,20","","-4,50","","78,00","","18,00","","19,00","","64,40","","92,15","","","","-7,00","","Nuageux"
"1985-01-04 17:00","1985","01","04","17:00"," ","-2,10","","-4,90","","81,00","","21,00","","7,00","","64,40","","92,12","","","","-5,00","","Nuageux"
"1985-01-04 18:00","1985","01","04","18:00"," ","-1,40","","-4,90","","77,00","","21,00","","4,00","","64,40","","92,02","","","","-3,00","","Nuageux"
"1985-01-04 19:00","1985","01","04","19:00"," ","-1,00","","-3,70","","82,00","","16,00","","15,00","","32,20","","92,02","","","","-6,00","","Neige"
"1985-01-04 20:00","1985","01","04","20:00"," ","-1,60","","-2,70","","92,00","","19,00","","13,00","","9,70","","91,96","","","","-6,00","","Neige"
"1985-01-04 21:00","1985","01","04","21:00"," ","-1,60","","-2,70","","92,00","","17,00","","13,00","","3,20","","91,93","","","","-6,00","","Neige"
"1985-01-04 22:00","1985","01","04","22:00"," ","-1,80","","-2,70","","93,00","","0,00","","0,00","","1,60","","91,87","","","","","","Neige"
"1985-01-04 23:00","1985","01","04","23:00"," ","-2,20","","-3,00","","94,00","","0,00","","0,00","","1,60","","91,83","","","","","","Neige"
"1985-01-05 00:00","1985","01","05","00:00"," ","-2,60","","-3,40","","94,00","","0,00","","0,00","","3,20","","91,83","","","","","","Neige"
"1985-01-05 01:00","1985","01","05","01:00"," ","-2,70","","-3,50","","94,00","","0,00","","0,00","","6,40","","91,83","","","","","","Neige"
"1985-01-05 02:00","1985","01","05","02:00"," ","-3,00","","-3,80","","94,00","","0,00","","0,00","","16,10","","91,87","","","","","","Neige"
"1985-01-05 03:00","1985","01","05","03:00"," ","-3,60","","-4,40","","94,00","","0,00","","0,00","","24,10","","91,83","","","","","","Neige"
"1985-01-05 04:00","1985","01","05","04:00"," ","-3,40","","-4,60","","91,00","","14,00","","7,00","","32,20","","91,87","","","","-6,00","","Neige"
"1985-01-05 05:00","1985","01","05","05:00"," ","-3,20","","-4,30","","92,00","","0,00","","0,00","","48,30","","91,87","","","","","","Généralement nuageux"
"1985-01-05 06:00","1985","01","05","06:00"," ","-3,90","","-5,40","","89,00","","0,00","","0,00","","64,40","","91,93","","","","","","Généralement nuageux"
"1985-01-05 07:00","1985","01","05","07:00"," ","-4,00","","-5,40","","90,00","","35,00","","11,00","","64,40","","91,99","","","","-8,00","","Généralement nuageux"
"1985-01-05 08:00","1985","01","05","08:00"," ","-5,50","","-6,80","","91,00","","0,00","","0,00","","64,40","","92,06","","","","","","Généralement dégagé"
"1985-01-05 09:00","1985","01","05","09:00"," ","-3,10","","-8,30","","67,00","","26,00","","11,00","","64,40","","92,18","","","","-7,00","","Généralement dégagé"
"1985-01-05 10:00","1985","01","05","10:00"," ","-1,50","","-9,20","","55,00","","3,00","","11,00","","64,40","","92,28","","","","-5,00","","Généralement dégagé"
"1985-01-05 11:00","1985","01","05","11:00"," ","-3,00","","-9,20","","62,00","","36,00","","13,00","","64,40","","92,47","","","","-8,00","","Généralement nuageux"
"1985-01-05 12:00","1985","01","05","12:00"," ","-5,90","","-8,40","","82,00","","14,00","","6,00","","64,40","","92,59","","","","-9,00","","Généralement nuageux"
"1985-01-05 13:00","1985","01","05","13:00"," ","-2,80","","-10,10","","57,00","","14,00","","11,00","","64,40","","92,72","","","","-7,00","","Généralement dégagé"
"1985-01-05 14:00","1985","01","05","14:00"," ","-4,40","","-9,50","","67,00","","25,00","","9,00","","64,40","","92,85","","","","-8,00","","Généralement dégagé"
"1985-01-05 15:00","1985","01","05","15:00"," ","-6,40","","-11,00","","70,00","","0,00","","0,00","","64,40","","92,94","","","","","","Généralement dégagé"
"1985-01-05 16:00","1985","01","05","16:00"," ","-9,50","","-12,30","","80,00","","0,00","","0,00","","64,40","","93,07","","","","","","Généralement dégagé"
"1985-01-05 17:00","1985","01","05","17:00"," ","-10,40","","-13,40","","79,00","","25,00","","6,00","","64,40","","93,16","","","","-14,00","","Généralement dégagé"
"1985-01-05 18:00","1985","01","05","18:00"," ","-13,30","","-15,10","","86,00","","0,00","","0,00","","64,40","","93,26","","","","","","Généralement dégagé"
"1985-01-05 19:00","1985","01","05","19:00"," ","-14,90","","-16,20","","90,00","","25,00","","6,00","","64,40","","93,35","","","","-19,00","","Dégagé"
"1985-01-05 20:00","1985","01","05","20:00"," ","-15,10","","-18,10","","78,00","","0,00","","0,00","","64,40","","93,42","","","","","","Dégagé"
"1985-01-05 21:00","1985","01","05","21:00"," ","-16,60","","-19,50","","78,00","","24,00","","4,00","","64,40","","93,51","","","","-20,00","","Dégagé"
"1985-01-05 22:00","1985","01","05","22:00"," ","-16,00","","-19,80","","73,00","","18,00","","4,00","","64,40","","93,57","","","","-19,00","","Dégagé"
"1985-01-05 23:00","1985","01","05","23:00"," ","-17,70","","-20,70","","77,00","","14,00","","7,00","","64,40","","93,61","","","","-23,00","","Dégagé"
"1985-01-06 00:00","1985","01","06","00:00"," ","-18,10","","-21,40","","75,00","","18,00","","9,00","","64,40","","93,64","","","","-24,00","","Dégagé"
"1985-01-06 01:00","1985","01","06","01:00"," ","-19,40","","-23,70","","69,00","","16,00","","9,00","","64,40","","93,70","","","","-26,00","","Dégagé"
"1985-01-06 02:00","1985","01","06","02:00"," ","-19,10","","-22,80","","73,00","","15,00","","7,00","","64,40","","93,76","","","","-25,00","","Dégagé"
"1985-01-06 03:00","1985","01","06","03:00"," ","-17,60","","-21,20","","73,00","","17,00","","7,00","","64,40","","93,76","","","","-23,00","","Généralement nuageux"
"1985-01-06 04:00","1985","01","06","04:00"," ","-18,50","","-22,00","","74,00","","0,00","","0,00","","64,40","","93,80","","","","","","Généralement nuageux"
"1985-01-06 05:00","1985","01","06","05:00"," ","-19,30","","-23,10","","72,00","","0,00","","0,00","","64,40","","93,80","","","","","","Généralement nuageux"
"1985-01-06 06:00","1985","01","06","06:00"," ","-18,80","","-22,50","","73,00","","18,00","","4,00","","64,40","","93,80","","","","-22,00","","Nuageux"
"1985-01-06 07:00","1985","01","06","07:00"," ","-17,80","","-21,30","","74,00","","17,00","","6,00","","64,40","","93,76","","","","-22,00","","Nuageux"
"1985-01-06 08:00","1985","01","06","08:00"," ","-16,30","","-19,60","","75,00","","18,00","","4,00","","64,40","","93,73","","","","-19,00","","Nuageux"
"1985-01-06 09:00","1985","01","06","09:00"," ","-14,90","","-17,90","","78,00","","11,00","","6,00","","64,40","","93,73","","","","-19,00","","Nuageux"
"1985-01-06 10:00","1985","01","06","10:00"," ","-11,30","","-13,80","","82,00","","19,00","","9,00","","64,40","","93,73","","","","-16,00","","Nuageux"
"1985-01-06 11:00","1985","01","06","11:00"," ","-9,30","","-11,30","","85,00","","16,00","","20,00","","3,20","","93,70","","","","-17,00","","Neige"
"1985-01-06 12:00","1985","01","06","12:00"," ","-8,90","","-11,00","","85,00","","19,00","","20,00","","1,60","","93,61","","","","-16,00","","Neige"
"1985-01-06 13:00","1985","01","06","13:00"," ","-8,70","","-10,80","","85,00","","17,00","","28,00","","6,40","","93,57","","","","-18,00","","Neige"
"1985-01-06 14:00","1985","01","06","14:00"," ","-8,60","","-10,60","","85,00","","18,00","","30,00","","19,30","","93,51","","","","-18,00","","Neige"
"1985-01-06 15:00","1985","01","06","15:00"," ","-7,70","","-9,70","","85,00","","16,00","","37,00","","64,40","","93,45","","","","-17,00","","Nuageux"
"1985-01-06 16:00","1985","01","06","16:00"," ","-7,50","","-9,80","","84,00","","17,00","","26,00","","64,40","","93,45","","","","-16,00","","Nuageux"
"1985-01-06 17:00","1985","01","06","17:00"," ","-6,70","","-9,10","","83,00","","15,00","","28,00","","64,40","","93,38","","","","-15,00","","Nuageux"
"1985-01-06 18:00","1985","01","06","18:00"," ","-6,50","","-8,90","","83,00","","17,00","","28,00","","64,40","","93,32","","","","-15,00","","Nuageux"
"1985-01-06 19:00","1985","01","06","19:00"," ","-6,60","","-9,00","","83,00","","16,00","","31,00","","64,40","","93,26","","","","-15,00","","Nuageux"
"1985-01-06 20:00","1985","01","06","20:00"," ","-6,40","","-8,90","","82,00","","15,00","","31,00","","64,40","","93,23","","","","-15,00","","Nuageux"
"1985-01-06 21:00","1985","01","06","21:00"," ","-6,20","","-8,90","","81,00","","17,00","","26,00","","64,40","","93,19","","","","-14,00","","Nuageux"
"1985-01-06 22:00","1985","01","06","22:00"," ","-6,10","","-9,00","","80,00","","16,00","","33,00","","64,40","","93,13","","","","-15,00","","Nuageux"
"1985-01-06 23:00","1985","01","06","23:00"," ","-6,30","","-9,10","","80,00","","17,00","","30,00","","64,40","","93,10","","","","-15,00","","Nuageux"
"1985-01-07 00:00","1985","01","07","00:00"," ","-5,90","","-8,90","","79,00","","16,00","","43,00","","64,40","","93,04","","","","-16,00","","Nuageux"
"1985-01-07 01:00","1985","01","07","01:00"," ","-5,60","","-8,70","","79,00","","17,00","","37,00","","64,40","","93,00","","","","-15,00","","Nuageux"
"1985-01-07 02:00","1985","01","07","02:00"," ","-5,00","","-8,40","","77,00","","17,00","","37,00","","64,40","","92,97","","","","-14,00","","Nuageux"
"1985-01-07 03:00","1985","01","07","03:00"," ","-4,60","","-9,20","","70,00","","16,00","","48,00","","64,40","","92,91","","","","-14,00","","Nuageux"
"1985-01-07 04:00","1985","01","07","04:00"," ","-4,80","","-8,50","","75,00","","16,00","","39,00","","64,40","","92,91","","","","-14,00","","Nuageux"
"1985-01-07 05:00","1985","01","07","05:00"," ","-5,70","","-8,80","","79,00","","18,00","","26,00","","64,40","","92,88","","","","-13,00","","Nuageux"
"1985-01-07 06:00","1985","01","07","06:00"," ","-6,10","","-8,90","","81,00","","20,00","","26,00","","64,40","","92,85","","","","-14,00","","Généralement nuageux"
"1985-01-07 07:00","1985","01","07","07:00"," ","-5,30","","-8,90","","76,00","","19,00","","43,00","","64,40","","92,82","","","","-15,00","","Généralement nuageux"
"1985-01-07 08:00","1985","01","07","08:00"," ","-5,60","","-9,00","","77,00","","18,00","","37,00","","64,40","","92,75","","","","-15,00","","Généralement nuageux"
"1985-01-07 09:00","1985","01","07","09:00"," ","-5,60","","-9,00","","77,00","","18,00","","46,00","","64,40","","92,75","","","","-15,00","","Généralement nuageux"
"1985-01-07 10:00","1985","01","07","10:00"," ","-6,20","","-9,40","","78,00","","17,00","","37,00","","64,40","","92,72","","","","-15,00","","Généralement nuageux"
"1985-01-07 11:00","1985","01","07","11:00"," ","-6,40","","-9,20","","80,00","","18,00","","33,00","","64,40","","92,75","","","","-15,00","","Généralement nuageux"
"1985-01-07 12:00","1985","01","07","12:00"," ","-6,30","","-9,20","","80,00","","18,00","","28,00","","64,40","","92,75","","","","-14,00","","Généralement nuageux"
"1985-01-07 13:00","1985","01","07","13:00"," ","-5,50","","-8,60","","79,00","","18,00","","31,00","","64,40","","92,69","","","","-14,00","","Généralement nuageux"
"1985-01-07 14:00","1985","01","07","14:00"," ","-5,50","","-8,60","","79,00","","17,00","","35,00","","64,40","","92,69","","","","-14,00","","Généralement nuageux"
"1985-01-07 15:00","1985","01","07","15:00"," ","-4,70","","-7,70","","79,00","","17,00","","37,00","","64,40","","92,66","","","","-13,00","","Généralement nuageux"
"1985-01-07 16:00","1985","01","07","16:00"," ","-4,30","","-7,60","","77,00","","17,00","","35,00","","64,40","","92,66","","","","-13,00","","Généralement nuageux"
"1985-01-07 17:00","1985","01","07","17:00"," ","-4,70","","-7,50","","81,00","","17,00","","28,00","","64,40","","92,66","","","","-12,00","","Généralement nuageux"
"1985-01-07 18:00","1985","01","07","18:00"," ","-4,20","","-7,20","","79,00","","18,00","","35,00","","64,40","","92,59","","","","-13,00","","Généralement nuageux"
"1985-01-07 19:00","1985","01","07","19:00"," ","-3,90","","-6,80","","80,00","","17,00","","31,00","","64,40","","92,63","","","","-12,00","","Généralement nuageux"
"1985-01-07 20:00","1985","01","07","20:00"," ","-3,80","","-6,30","","83,00","","17,00","","28,00","","64,40","","92,59","","","","-11,00","","Généralement nuageux"
"1985-01-07 21:00","1985","01","07","21:00"," ","-3,90","","-6,60","","81,00","","17,00","","28,00","","64,40","","92,56","","","","-11,00","","Généralement nuageux"
"1985-01-07 22:00","1985","01","07","22:00"," ","-3,50","","-6,00","","83,00","","18,00","","20,00","","64,40","","92,56","","","","-10,00","","Généralement nuageux"
"1985-01-07 23:00","1985","01","07","23:00"," ","-2,60","","-5,40","","81,00","","17,00","","33,00","","64,40","","92,50","","","","-10,00","","Généralement nuageux"
"1985-01-08 00:00","1985","01","08","00:00"," ","-2,90","","-5,40","","83,00","","18,00","","33,00","","64,40","","92,50","","","","-11,00","","Généralement nuageux"
"1985-01-08 01:00","1985","01","08","01:00"," ","-2,30","","-4,90","","82,00","","18,00","","33,00","","64,40","","92,50","","","","-10,00","","Généralement nuageux"
"1985-01-08 02:00","1985","01","08","02:00"," ","-0,80","","-3,50","","82,00","","16,00","","30,00","","64,40","","92,47","","","","-8,00","","Averses de neige"
"1985-01-08 03:00","1985","01","08","03:00"," ","-1,20","","-3,80","","83,00","","19,00","","28,00","","32,20","","92,47","","","","-8,00","","Neige"
"1985-01-08 04:00","1985","01","08","04:00"," ","-1,40","","-3,70","","84,00","","19,00","","22,00","","32,20","","92,44","","","","-7,00","","Neige"
"1985-01-08 05:00","1985","01","08","05:00"," ","-1,50","","-4,10","","82,00","","16,00","","35,00","","64,40","","92,37","","","","-9,00","","Généralement nuageux"
"1985-01-08 06:00","1985","01","08","06:00"," ","-1,20","","-4,10","","81,00","","16,00","","35,00","","64,40","","92,31","","","","-9,00","","Généralement dégagé"
"1985-01-08 07:00","1985","01","08","07:00"," ","-1,30","","-3,90","","82,00","","19,00","","33,00","","64,40","","92,31","","","","-8,00","","Généralement nuageux"
"1985-01-08 08:00","1985","01","08","08:00"," ","-0,50","","-3,60","","79,00","","19,00","","24,00","","64,40","","92,31","","","","-6,00","","Généralement nuageux"
"1985-01-08 09:00","1985","01","08","09:00"," ","-0,80","","-3,80","","80,00","","18,00","","28,00","","64,40","","92,31","","","","-7,00","","Généralement nuageux"
"1985-01-08 10:00","1985","01","08","10:00"," ","-1,40","","-4,00","","82,00","","17,00","","33,00","","64,40","","92,34","","","","-9,00","","Généralement nuageux"
"1985-01-08 11:00","1985","01","08","11:00"," ","-1,40","","-4,00","","82,00","","16,00","","35,00","","64,40","","92,37","","","","-9,00","","Généralement nuageux"
"1985-01-08 12:00","1985","01","08","12:00"," ","-0,50","","-3,60","","79,00","","17,00","","37,00","","64,40","","92,40","","","","-8,00","","Généralement nuageux"
"1985-01-08 13:00","1985","01","08","13:00"," ","0,10","","-3,50","","77,00","","16,00","","41,00","","64,40","","92,40","","","","","","Généralement nuageux"
"1985-01-08 14:00","1985","01","08","14:00"," ","-0,60","","-3,80","","79,00","","17,00","","31,00","","64,40","","92,40","","","","-7,00","","Généralement nuageux"
"1985-01-08 15:00","1985","01","08","15:00"," ","0,20","","-3,50","","76,00","","18,00","","20,00","","64,40","","92,37","","","","","","Généralement nuageux"
"1985-01-08 16:00","1985","01","08","16:00"," ","-0,40","","-3,40","","80,00","","22,00","","17,00","","64,40","","92,37","","","","-5,00","","Généralement nuageux"
"1985-01-08 17:00","1985","01","08","17:00"," ","0,30","","-3,50","","76,00","","16,00","","24,00","","64,40","","92,37","","","","","","Généralement nuageux"
"1985-01-08 18:00","1985","01","08","18:00"," ","0,60","","-3,20","","75,00","","16,00","","31,00","","64,40","","92,34","","","","","","Généralement nuageux"
"1985-01-08 19:00","1985","01","08","19:00"," ","0,60","","-3,00","","77,00","","18,00","","30,00","","64,40","","92,31","","","","","","Généralement nuageux"
"1985-01-08 20:00","1985","01","08","20:00"," ","0,80","","-3,10","","75,00","","18,00","","31,00","","64,40","","92,25","","","","","","Généralement nuageux"
"1985-01-08 21:00","1985","01","08","21:00"," ","0,70","","-3,10","","75,00","","18,00","","26,00","","64,40","","92,21","","","","","","Généralement nuageux"
"1985-01-08 22:00","1985","01","08","22:00"," ","0,20","","-3,40","","77,00","","18,00","","28,00","","64,40","","92,21","","","","","","Nuageux"
"1985-01-08 23:00","1985","01","08","23:00"," ","0,50","","-3,40","","75,00","","17,00","","31,00","","64,40","","92,15","","","","","","Nuageux"
"1985-01-09 00:00","1985","01","09","00:00"," ","0,40","","-3,40","","76,00","","16,00","","37,00","","64,40","","92,18","","","","","","Généralement nuageux"
"1985-01-09 01:00","1985","01","09","01:00"," ","0,60","","-3,20","","75,00","","17,00","","30,00","","64,40","","92,12","","","","","","Généralement nuageux"
"1985-01-09 02:00","1985","01","09","02:00"," ","1,60","","-2,80","","73,00","","15,00","","30,00","","64,40","","92,15","","","","","","Nuageux"
"1985-01-09 03:00","1985","01","09","03:00"," ","1,60","","-2,30","","75,00","","15,00","","26,00","","64,40","","92,25","","","","","","Généralement nuageux"
"1985-01-09 04:00","1985","01","09","04:00"," ","1,80","","-1,60","","78,00","","15,00","","26,00","","64,40","","92,31","","","","","","Généralement nuageux"
"1985-01-09 05:00","1985","01","09","05:00"," ","1,30","","-1,20","","83,00","","15,00","","24,00","","64,40","","92,40","","","","","","Généralement dégagé"
"1985-01-09 06:00","1985","01","09","06:00"," ","1,40","","-1,40","","82,00","","16,00","","31,00","","64,40","","92,50","","","","","","Généralement dégagé"
"1985-01-09 07:00","1985","01","09","07:00"," ","2,10","","-1,80","","75,00","","15,00","","31,00","","64,40","","92,63","","","","","","Généralement dégagé"
"1985-01-09 08:00","1985","01","09","08:00"," ","1,20","","-1,90","","80,00","","16,00","","37,00","","64,40","","92,69","","","","","","Généralement dégagé"
"1985-01-09 09:00","1985","01","09","09:00"," ","0,20","","-2,00","","85,00","","16,00","","20,00","","64,40","","92,85","","","","","","Généralement dégagé"
"1985-01-09 10:00","1985","01","09","10:00"," ","2,20","","-1,90","","74,00","","18,00","","43,00","","64,40","","92,91","","","","","","Généralement nuageux"
"1985-01-09 11:00","1985","01","09","11:00"," ","0,60","","-1,90","","83,00","","18,00","","28,00","","64,40","","92,97","","","","","","Généralement nuageux"
"1985-01-09 12:00","1985","01","09","12:00"," ","1,60","","-2,50","","74,00","","15,00","","26,00","","64,40","","93,07","","","","","","Généralement dégagé"
"1985-01-09 13:00","1985","01","09","13:00"," ","2,60","","-2,70","","68,00","","16,00","","30,00","","64,40","","93,07","","","","","","Dégagé"
"1985-01-09 14:00","1985","01","09","14:00"," ","2,20","","-2,70","","70,00","","18,00","","28,00","","64,40","","93,16","","","","","","Dégagé"
"1985-01-09 15:00","1985","01","09","15:00"," ","2,70","","-3,70","","62,00","","15,00","","20,00","","64,40","","93,13","","","","","","Dégagé"
"1985-01-09 16:00","1985","01","09","16:00"," ","1,80","","-3,70","","67,00","","17,00","","33,00","","64,40","","93,19","","","","","","Dégagé"
"1985-01-09 17:00","1985","01","09","17:00"," ","1,90","","-4,20","","64,00","","17,00","","37,00","","64,40","","93,26","","","","","","Dégagé"
"1985-01-09 18:00","1985","01","09","18:00"," ","0,80","","-4,30","","69,00","","17,00","","28,00","","64,40","","93,26","","","","","","Dégagé"
"1985-01-09 19:00","1985","01","09","19:00"," ","0,40","","-4,50","","70,00","","11,00","","15,00","","64,40","","93,32","","","","","","Dégagé"
"1985-01-09 20:00","1985","01","09","20:00"," ","-0,90","","-4,60","","76,00","","13,00","","11,00","","64,40","","93,42","","","","-5,00","","Généralement dégagé"
"1985-01-09 21:00","1985","01","09","21:00"," ","-1,10","","-5,00","","75,00","","16,00","","17,00","","64,40","","93,45","","","","-6,00","","Généralement dégagé"
"1985-01-09 22:00","1985","01","09","22:00"," ","-1,50","","-5,00","","77,00","","20,00","","20,00","","64,40","","93,51","","","","-7,00","","Généralement dégagé"
"1985-01-09 23:00","1985","01","09","23:00"," ","-2,10","","-5,10","","80,00","","20,00","","13,00","","64,40","","93,51","","","","-7,00","","Généralement dégagé"
"1985-01-10 00:00","1985","01","10","00:00"," ","-2,30","","-5,40","","79,00","","15,00","","15,00","","64,40","","93,48","","","","-7,00","","Dégagé"
"1985-01-10 01:00","1985","01","10","01:00"," ","-2,70","","-5,70","","80,00","","18,00","","13,00","","64,40","","93,51","","","","-7,00","","Généralement dégagé"
"1985-01-10 02:00","1985","01","10","02:00"," ","-1,90","","-5,20","","78,00","","16,00","","11,00","","64,40","","93,51","","","","-6,00","","Généralement dégagé"
"1985-01-10 03:00","1985","01","10","03:00"," ","-2,40","","-5,40","","80,00","","18,00","","20,00","","64,40","","93,51","","","","-8,00","","Généralement dégagé"
"1985-01-10 04:00","1985","01","10","04:00"," ","-3,10","","-5,80","","82,00","","18,00","","22,00","","64,40","","93,54","","","","-9,00","","Généralement dégagé"
"1985-01-10 05:00","1985","01","10","05:00"," ","-2,80","","-5,80","","80,00","","16,00","","15,00","","64,40","","93,57","","","","-8,00","","Généralement dégagé"
"1985-01-10 06:00","1985","01","10","06:00"," ","-3,40","","-6,20","","81,00","","17,00","","13,00","","64,40","","93,54","","","","-8,00","","Généralement nuageux"
"1985-01-10 07:00","1985","01","10","07:00"," ","-3,50","","-6,30","","81,00","","18,00","","26,00","","64,40","","93,45","","","","-11,00","","Généralement nuageux"
"1985-01-10 08:00","1985","01","10","08:00"," ","-4,40","","-6,80","","83,00","","18,00","","35,00","","64,40","","93,45","","","","-13,00","","Généralement nuageux"
"1985-01-10 09:00","1985","01","10","09:00"," ","-4,90","","-7,30","","83,00","","19,00","","22,00","","64,40","","93,51","","","","-12,00","","Généralement nuageux"
"1985-01-10 10:00","1985","01","10","10:00"," ","-4,40","","-6,80","","83,00","","18,00","","28,00","","64,40","","93,45","","","","-12,00","","Généralement nuageux"
"1985-01-10 11:00","1985","01","10","11:00"," ","-5,60","","-6,90","","91,00","","18,00","","31,00","","64,40","","93,45","","","","-14,00","","Généralement nuageux"
"1985-01-10 12:00","1985","01","10","12:00"," ","-4,20","","-6,80","","82,00","","17,00","","35,00","","64,40","","93,45","","","","-13,00","","Généralement nuageux"
"1985-01-10 13:00","1985","01","10","13:00"," ","-4,10","","-6,90","","81,00","","18,00","","30,00","","64,40","","93,45","","","","-12,00","","Généralement nuageux"
"1985-01-10 14:00","1985","01","10","14:00"," ","-4,00","","-6,70","","81,00","","17,00","","33,00","","64,40","","93,42","","","","-12,00","","Généralement nuageux"
"1985-01-10 15:00","1985","01","10","15:00"," ","-4,10","","-6,80","","82,00","","18,00","","20,00","","64,40","","93,35","","","","-10,00","","Généralement nuageux"
"1985-01-10 16:00","1985","01","10","16:00"," ","-3,80","","-6,60","","81,00","","20,00","","17,00","","64,40","","93,38","","","","-10,00","","Généralement nuageux"
"1985-01-10 17:00","1985","01","10","17:00"," ","-4,00","","-7,00","","80,00","","18,00","","30,00","","64,40","","93,35","","","","-12,00","","Généralement nuageux"
"1985-01-10 18:00","1985","01","10","18:00"," ","-3,70","","-6,60","","80,00","","19,00","","28,00","","64,40","","93,29","","","","-11,00","","Généralement nuageux"
"1985-01-10 19:00","1985","01","10","19:00"," ","-4,20","","-7,10","","80,00","","20,00","","17,00","","64,40","","93,23","","","","-10,00","","Généralement dégagé"
"1985-01-10 20:00","1985","01","10","20:00"," ","-4,10","","-7,10","","80,00","","17,00","","28,00","","64,40","","93,13","","","","-12,00","","Généralement nuageux"
"1985-01-10 21:00","1985","01","10","21:00"," ","-3,70","","-6,60","","80,00","","18,00","","24,00","","64,40","","93,07","","","","-11,00","","Nuageux"
"1985-01-10 22:00","1985","01","10","22:00"," ","-4,00","","-6,60","","82,00","","19,00","","22,00","","64,40","","92,97","","","","-11,00","","Nuageux"
"1985-01-10 23:00","1985","01","10","23:00"," ","-4,30","","-7,00","","81,00","","19,00","","24,00","","64,40","","92,88","","","","-11,00","","Généralement dégagé"
"1985-01-11 00:00","1985","01","11","00:00"," ","-4,20","","-7,20","","79,00","","18,00","","22,00","","64,40","","92,78","","","","-11,00","","Généralement dégagé"
"1985-01-11 01:00","1985","01","11","01:00"," ","-3,90","","-6,30","","83,00","","19,00","","15,00","","6,40","","92,69","","","","-9,00","","Neige"
"1985-01-11 02:00","1985","01","11","02:00"," ","-3,90","","-6,20","","84,00","","18,00","","20,00","","48,30","","92,53","","","","-10,00","","Nuageux"
"1985-01-11 03:00","1985","01","11","03:00"," ","-3,10","","-4,90","","87,00","","16,00","","33,00","","6,40","","92,47","","","","-11,00","","Neige"
"1985-01-11 04:00","1985","01","11","04:00"," ","-2,20","","-4,70","","83,00","","22,00","","30,00","","16,10","","92,44","","","","-9,00","","Neige"
"1985-01-11 05:00","1985","01","11","05:00"," ","-2,80","","-4,70","","86,00","","21,00","","20,00","","16,10","","92,44","","","","-9,00","","Neige"
"1985-01-11 06:00","1985","01","11","06:00"," ","-2,60","","-4,60","","86,00","","17,00","","37,00","","6,40","","92,44","","","","-11,00","","Neige"
"1985-01-11 07:00","1985","01","11","07:00"," ","-2,70","","-4,60","","87,00","","19,00","","26,00","","24,10","","92,44","","","","-10,00","","Neige"
"1985-01-11 08:00","1985","01","11","08:00"," ","-2,70","","-4,60","","87,00","","16,00","","35,00","","48,30","","92,44","","","","-11,00","","Généralement dégagé"
"1985-01-11 09:00","1985","01","11","09:00"," ","-1,50","","-3,90","","84,00","","16,00","","37,00","","64,40","","92,40","","","","-9,00","","Généralement dégagé"
"1985-01-11 10:00","1985","01","11","10:00"," ","-1,50","","-4,00","","83,00","","16,00","","44,00","","64,40","","92,40","","","","-10,00","","Généralement dégagé"
"1985-01-11 11:00","1985","01","11","11:00"," ","-1,90","","-3,80","","87,00","","18,00","","35,00","","64,40","","92,40","","","","-9,00","","Généralement nuageux"
"1985-01-11 12:00","1985","01","11","12:00"," ","-1,60","","-3,80","","85,00","","18,00","","33,00","","64,40","","92,40","","","","-9,00","","Généralement nuageux"
"1985-01-11 13:00","1985","01","11","13:00"," ","-1,60","","-3,80","","85,00","","16,00","","33,00","","64,40","","92,47","","","","-9,00","","Généralement nuageux"
"1985-01-11 14:00","1985","01","11","14:00"," ","-1,00","","-3,50","","83,00","","20,00","","22,00","","64,40","","92,37","","","","-7,00","","Généralement nuageux"
"1985-01-11 15:00","1985","01","11","15:00"," ","-0,90","","-3,40","","83,00","","19,00","","24,00","","64,40","","92,28","","","","-7,00","","Généralement nuageux"
"1985-01-11 16:00","1985","01","11","16:00"," ","-1,40","","-3,50","","85,00","","18,00","","22,00","","64,40","","92,15","","","","-7,00","","Généralement nuageux"
"1985-01-11 17:00","1985","01","11","17:00"," ","-0,10","","-3,00","","81,00","","17,00","","33,00","","64,40","","92,06","","","","-7,00","","Généralement nuageux"
"1985-01-11 18:00","1985","01","11","18:00"," ","0,10","","-2,70","","81,00","","18,00","","22,00","","48,30","","92,02","","","","","","Neige"
"1985-01-11 19:00","1985","01","11","19:00"," ","-0,30","","-2,70","","83,00","","16,00","","9,00","","64,40","","91,96","","","","-3,00","","Nuageux"
"1985-01-11 20:00","1985","01","11","20:00"," ","-1,30","","-2,10","","94,00","","0,00","","0,00","","3,20","","91,90","","","","","","Neige"
"1985-01-11 21:00","1985","01","11","21:00"," ","-1,30","","-2,00","","95,00","","0,00","","0,00","","3,20","","91,83","","","","","","Neige"
"1985-01-11 22:00","1985","01","11","22:00"," ","-1,50","","-2,20","","95,00","","0,00","","0,00","","3,20","","91,77","","","","","","Neige"
"1985-01-11 23:00","1985","01","11","23:00"," ","-1,50","","-2,10","","96,00","","0,00","","0,00","","3,20","","91,71","","","","","","Neige"
"1985-01-12 00:00","1985","01","12","00:00"," ","-1,50","","-2,00","","96,00","","15,00","","6,00","","2,40","","91,71","","","","-4,00","","Neige"
"1985-01-12 01:00","1985","01","12","01:00"," ","-1,80","","-2,40","","96,00","","15,00","","7,00","","4,80","","91,77","","","","-4,00","","Neige"
"1985-01-12 02:00","1985","01","12","02:00"," ","-1,20","","-2,20","","93,00","","17,00","","9,00","","6,40","","91,83","","","","-4,00","","Neige"
"1985-01-12 03:00","1985","01","12","03:00"," ","-1,40","","-2,10","","95,00","","1,00","","6,00","","4,80","","91,93","","","","-4,00","","Neige"
"1985-01-12 04:00","1985","01","12","04:00"," ","-1,40","","-2,00","","96,00","","0,00","","0,00","","2,40","","91,99","","","","","","Neige"
"1985-01-12 05:00","1985","01","12","05:00"," ","-1,50","","-2,20","","95,00","","0,00","","0,00","","6,40","","92,09","","","","","","Neige"
"1985-01-12 06:00","1985","01","12","06:00"," ","-1,50","","-2,20","","95,00","","0,00","","0,00","","6,40","","92,21","","","","","","Neige"
"1985-01-12 07:00","1985","01","12","07:00"," ","-1,50","","-2,20","","95,00","","0,00","","0,00","","9,70","","92,34","","","","","","Neige"
"1985-01-12 08:00","1985","01","12","08:00"," ","-1,60","","-2,50","","94,00","","0,00","","0,00","","9,70","","92,50","","","","","","Neige"
"1985-01-12 09:00","1985","01","12","09:00"," ","-1,50","","-2,40","","94,00","","0,00","","0,00","","16,10","","92,66","","","","","","Neige"
"1985-01-12 10:00","1985","01","12","10:00"," ","-1,20","","-2,10","","94,00","","0,00","","0,00","","32,20","","92,85","","","","","","Neige"
"1985-01-12 11:00","1985","01","12","11:00"," ","-0,90","","-1,70","","94,00","","36,00","","4,00","","32,20","","92,97","","","","-2,00","","Neige"
"1985-01-12 12:00","1985","01","12","12:00"," ","-1,00","","-1,90","","94,00","","0,00","","0,00","","32,20","","93,07","","","","","","Neige"
"1985-01-12 13:00","1985","01","12","13:00"," ","-0,80","","-1,80","","93,00","","0,00","","0,00","","12,90","","93,19","","","","","","Neige"
"1985-01-12 14:00","1985","01","12","14:00"," ","-0,50","","-1,40","","94,00","","1,00","","9,00","","6,40","","93,32","","","","-4,00","","Neige"
"1985-01-12 15:00","1985","01","12","15:00"," ","-0,60","","-1,40","","94,00","","36,00","","6,00","","3,20","","93,42","","","","-3,00","","Neige,Brouillard"
"1985-01-12 16:00","1985","01","12","16:00"," ","-0,80","","-1,90","","92,00","","2,00","","9,00","","1,60","","93,45","","","","-4,00","","Neige,Brouillard"
"1985-01-12 17:00","1985","01","12","17:00"," ","-0,90","","-1,70","","94,00","","0,00","","0,00","","3,20","","93,57","","","","","","Neige,Brouillard"
"1985-01-12 18:00","1985","01","12","18:00"," ","-2,30","","-3,00","","95,00","","0,00","","0,00","","16,10","","93,51","","","","","","Neige"
"1985-01-12 19:00","1985","01","12","19:00"," ","-1,80","","-3,00","","91,00","","29,00","","6,00","","16,10","","93,54","","","","-4,00","","Neige"
"1985-01-12 20:00","1985","01","12","20:00"," ","-2,90","","-4,00","","92,00","","0,00","","0,00","","24,10","","93,57","","","","","","Neige"
"1985-01-12 21:00","1985","01","12","21:00"," ","-4,20","","-5,10","","93,00","","0,00","","0,00","","24,10","","93,57","","","","","","Neige"
"1985-01-12 22:00","1985","01","12","22:00"," ","-4,20","","-5,30","","92,00","","0,00","","0,00","","24,10","","93,57","","","","","","Neige"
"1985-01-12 23:00","1985","01","12","23:00"," ","-6,30","","-7,70","","89,00","","0,00","","0,00","","0,00","","93,54","","","","","","Brouillard"
"1985-01-13 00:00","1985","01","13","00:00"," ","-7,10","","-8,60","","89,00","","0,00","","0,00","","0,00","","93,57","","","","","","Brouillard"
"1985-01-13 01:00","1985","01","13","01:00"," ","-6,50","","-7,90","","90,00","","0,00","","0,00","","0,00","","93,64","","","","","","Brouillard"
"1985-01-13 02:00","1985","01","13","02:00"," ","-8,10","","-9,60","","89,00","","0,00","","0,00","","0,60","","93,61","","","","","","Brouillard"
"1985-01-13 03:00","1985","01","13","03:00"," ","-8,70","","-10,00","","90,00","","0,00","","0,00","","0,20","","93,57","","","","","","Brouillard"
"1985-01-13 04:00","1985","01","13","04:00"," ","-10,80","","-12,50","","87,00","","0,00","","0,00","","0,80","","93,54","","","","","","Brouillard"
"1985-01-13 05:00","1985","01","13","05:00"," ","-10,90","","-12,70","","86,00","","0,00","","0,00","","0,60","","93,48","","","","","","Brouillard"
"1985-01-13 06:00","1985","01","13","06:00"," ","-10,70","","-12,70","","85,00","","0,00","","0,00","","1,20","","93,38","","","","","","Brouillard"
"1985-01-13 07:00","1985","01","13","07:00"," ","-10,20","","-11,80","","88,00","","0,00","","0,00","","0,80","","93,29","","","","","","Brouillard"
"1985-01-13 08:00","1985","01","13","08:00"," ","-11,90","","-12,70","","93,00","","0,00","","0,00","","1,60","","93,16","","","","","","Brouillard"
"1985-01-13 09:00","1985","01","13","09:00"," ","-11,20","","-13,00","","87,00","","32,00","","4,00","","1,20","","93,13","","","","-14,00","","Brouillard"
"1985-01-13 10:00","1985","01","13","10:00"," ","-11,40","","-13,30","","86,00","","33,00","","6,00","","1,60","","93,13","","","","-15,00","","Brouillard"
"1985-01-13 11:00","1985","01","13","11:00"," ","-11,40","","-13,30","","86,00","","0,00","","0,00","","4,80","","93,07","","","","","","Brouillard"
"1985-01-13 12:00","1985","01","13","12:00"," ","-10,80","","-12,60","","86,00","","0,00","","0,00","","1,20","","92,97","","","","","","Neige,Brouillard"
"1985-01-13 13:00","1985","01","13","13:00"," ","-10,30","","-12,20","","86,00","","0,00","","0,00","","1,20","","92,88","","","","","","Neige,Brouillard"
"1985-01-13 14:00","1985","01","13","14:00"," ","-10,20","","-12,00","","87,00","","0,00","","0,00","","0,60","","92,82","","","","","","Neige modérée,Brouillard"
"1985-01-13 15:00","1985","01","13","15:00"," ","-9,90","","-11,60","","87,00","","0,00","","0,00","","1,20","","92,72","","","","","","Neige"
"1985-01-13 16:00","1985","01","13","16:00"," ","-9,70","","-11,50","","87,00","","18,00","","4,00","","48,30","","92,63","","","","-12,00","","Généralement nuageux"
"1985-01-13 17:00","1985","01","13","17:00"," ","-10,00","","-11,80","","87,00","","18,00","","4,00","","64,40","","92,59","","","","-12,00","","Généralement nuageux"
"1985-01-13 18:00","1985","01","13","18:00"," ","-7,90","","-9,50","","88,00","","15,00","","7,00","","64,40","","92,44","","","","-12,00","","Généralement nuageux"
"1985-01-13 19:00","1985","01","13","19:00"," ","-7,60","","-8,90","","90,00","","17,00","","15,00","","64,40","","92,53","","","","-14,00","","Généralement dégagé"
"1985-01-13 20:00","1985","01","13","20:00"," ","-6,00","","-7,60","","88,00","","16,00","","26,00","","64,40","","92,47","","","","-14,00","","Généralement nuageux"
"1985-01-13 21:00","1985","01","13","21:00"," ","-6,10","","-7,60","","89,00","","16,00","","30,00","","64,40","","92,47","","","","-14,00","","Généralement dégagé"
"1985-01-13 22:00","1985","01","13","22:00"," ","-6,40","","-8,10","","88,00","","16,00","","39,00","","64,40","","92,47","","","","-16,00","","Généralement dégagé"
"1985-01-13 23:00","1985","01","13","23:00"," ","-6,60","","-8,00","","90,00","","17,00","","31,00","","64,40","","92,44","","","","-15,00","","Généralement dégagé"
"1985-01-14 00:00","1985","01","14","00:00"," ","-6,10","","-7,60","","89,00","","17,00","","33,00","","64,40","","92,44","","","","-15,00","","Généralement dégagé"
"1985-01-14 01:00","1985","01","14","01:00"," ","-6,10","","-7,30","","91,00","","16,00","","35,00","","64,40","","92,44","","","","-15,00","","Généralement dégagé"
"1985-01-14 02:00","1985","01","14","02:00"," ","-6,40","","-7,80","","90,00","","17,00","","22,00","","64,40","","92,44","","","","-14,00","","Généralement dégagé"
"1985-01-14 03:00","1985","01","14","03:00"," ","-6,60","","-8,00","","90,00","","18,00","","24,00","","64,40","","92,44","","","","-14,00","","Généralement dégagé"
"1985-01-14 04:00","1985","01","14","04:00"," ","-6,10","","-7,80","","88,00","","17,00","","35,00","","64,40","","92,31","","","","-15,00","","Dégagé"
"1985-01-14 05:00","1985","01","14","05:00"," ","-6,90","","-8,30","","90,00","","18,00","","26,00","","64,40","","92,37","","","","-15,00","","Généralement dégagé"
"1985-01-14 06:00","1985","01","14","06:00"," ","-6,70","","-8,50","","87,00","","15,00","","20,00","","64,40","","92,28","","","","-14,00","","Généralement dégagé"
"1985-01-14 07:00","1985","01","14","07:00"," ","-7,40","","-9,50","","85,00","","17,00","","30,00","","64,40","","92,25","","","","-16,00","","Généralement dégagé"
"1985-01-14 08:00","1985","01","14","08:00"," ","-8,20","","-10,40","","84,00","","16,00","","19,00","","64,40","","92,25","","","","-15,00","","Généralement dégagé"
"1985-01-14 09:00","1985","01","14","09:00"," ","-8,60","","-10,40","","87,00","","16,00","","20,00","","64,40","","92,25","","","","-16,00","","Généralement dégagé"
"1985-01-14 10:00","1985","01","14","10:00"," ","-9,60","","-11,10","","89,00","","12,00","","7,00","","64,40","","92,25","","","","-14,00","","Généralement dégagé"
"1985-01-14 11:00","1985","01","14","11:00"," ","-11,80","","-13,50","","87,00","","0,00","","0,00","","64,40","","92,25","","","","","","Cristaux de glace"
"1985-01-14 12:00","1985","01","14","12:00"," ","-11,90","","-13,80","","86,00","","19,00","","4,00","","64,40","","92,25","","","","-14,00","","Cristaux de glace"
"1985-01-14 13:00","1985","01","14","13:00"," ","-13,10","","-14,80","","87,00","","0,00","","0,00","","64,40","","92,21","","","","","","Généralement nuageux"
"1985-01-14 14:00","1985","01","14","14:00"," ","-11,90","","-13,70","","86,00","","0,00","","0,00","","64,40","","92,25","","","","","","Généralement nuageux"
"1985-01-14 15:00","1985","01","14","15:00"," ","-12,50","","-14,10","","88,00","","0,00","","0,00","","64,40","","92,25","","","","","","Généralement nuageux"
"1985-01-14 16:00","1985","01","14","16:00"," ","-13,30","","-14,70","","89,00","","0,00","","0,00","","64,40","","92,25","","","","","","Généralement nuageux"
"1985-01-14 17:00","1985","01","14","17:00"," ","-15,80","","-17,80","","85,00","","0,00","","0,00","","64,40","","92,31","","","","","","Généralement nuageux"
"1985-01-14 18:00","1985","01","14","18:00"," ","-16,40","","-18,80","","82,00","","14,00","","7,00","","64,40","","92,31","","","","-21,00","","Généralement nuageux"
"1985-01-14 19:00","1985","01","14","19:00"," ","-16,00","","-18,50","","81,00","","0,00","","0,00","","48,30","","92,31","","","","","","Cristaux de glace"
"1985-01-14 20:00","1985","01","14","20:00"," ","-16,20","","-19,00","","79,00","","0,00","","0,00","","32,20","","92,37","","","","","","Généralement nuageux"
"1985-01-14 21:00","1985","01","14","21:00"," ","-15,70","","-18,90","","77,00","","0,00","","0,00","","24,10","","92,47","","","","","","Généralement nuageux"
"1985-01-14 22:00","1985","01","14","22:00"," ","-17,00","","-20,50","","74,00","","0,00","","0,00","","48,30","","92,53","","","","","","Généralement dégagé"
"1985-01-14 23:00","1985","01","14","23:00"," ","-18,80","","-22,20","","74,00","","29,00","","4,00","","48,30","","92,63","","","","-22,00","","Généralement dégagé"
"1985-01-15 00:00","1985","01","15","00:00"," ","-19,50","","-23,60","","70,00","","0,00","","0,00","","24,10","","92,75","","","","","","Généralement nuageux"
"1985-01-15 01:00","1985","01","15","01:00"," ","-17,40","","-20,90","","74,00","","0,00","","0,00","","9,70","","92,82","","","","","","Brouillard de glace,Fumée"
"1985-01-15 02:00","1985","01","15","02:00"," ","-15,90","","-18,70","","79,00","","0,00","","0,00","","0,80","","92,88","","","","","","Fumée"
"1985-01-15 03:00","1985","01","15","03:00"," ","-15,40","","-17,60","","83,00","","0,00","","0,00","","0,40","","92,91","","","","","","Brouillard,Fumée"
"1985-01-15 04:00","1985","01","15","04:00"," ","-15,00","","-17,10","","84,00","","0,00","","0,00","","0,40","","93,00","","","","","","Brouillard,Fumée"
"1985-01-15 05:00","1985","01","15","05:00"," ","-15,00","","-17,00","","85,00","","0,00","","0,00","","0,40","","93,07","","","","","","Brouillard,Fumée"
"1985-01-15 06:00","1985","01","15","06:00"," ","-14,40","","-16,30","","85,00","","16,00","","4,00","","0,80","","93,07","","","","-17,00","","Brouillard,Fumée"
"1985-01-15 07:00","1985","01","15","07:00"," ","-13,60","","-15,40","","86,00","","0,00","","0,00","","1,00","","93,10","","","","","","Neige,Brouillard"
"1985-01-15 08:00","1985","01","15","08:00"," ","-13,60","","-15,90","","83,00","","0,00","","0,00","","3,20","","93,10","","","","","","Brouillard"
"1985-01-15 09:00","1985","01","15","09:00"," ","-13,20","","-15,90","","80,00","","15,00","","4,00","","4,80","","93,13","","","","-16,00","","Cristaux de glace,Brouillard"
"1985-01-15 10:00","1985","01","15","10:00"," ","-11,40","","-12,70","","90,00","","15,00","","6,00","","12,90","","93,19","","","","-15,00","","Cristaux de glace"
"1985-01-15 11:00","1985","01","15","11:00"," ","-13,60","","-14,80","","91,00","","0,00","","0,00","","12,90","","93,23","","","","","","Cristaux de glace"
"1985-01-15 12:00","1985","01","15","12:00"," ","-11,50","","-12,90","","89,00","","0,00","","0,00","","12,90","","93,16","","","","","","Cristaux de glace"
"1985-01-15 13:00","1985","01","15","13:00"," ","-11,10","","-12,20","","91,00","","15,00","","7,00","","24,10","","93,10","","","","-15,00","","Généralement nuageux"
"1985-01-15 14:00","1985","01","15","14:00"," ","-10,80","","-12,10","","90,00","","18,00","","19,00","","32,20","","93,07","","","","-19,00","","Nuageux"
"1985-01-15 15:00","1985","01","15","15:00"," ","-10,60","","-12,00","","89,00","","18,00","","19,00","","32,20","","93,00","","","","-18,00","","Nuageux"
"1985-01-15 16:00","1985","01","15","16:00"," ","-10,60","","-12,50","","86,00","","17,00","","11,00","","64,40","","92,91","","","","-16,00","","Nuageux"
"1985-01-15 17:00","1985","01","15","17:00"," ","-10,20","","-12,10","","86,00","","14,00","","6,00","","64,40","","92,85","","","","-14,00","","Nuageux"
"1985-01-15 18:00","1985","01","15","18:00"," ","-9,90","","-11,80","","86,00","","14,00","","7,00","","64,40","","92,82","","","","-14,00","","Nuageux"
"1985-01-15 19:00","1985","01","15","19:00"," ","-9,10","","-10,90","","87,00","","12,00","","7,00","","64,40","","92,72","","","","-13,00","","Nuageux"
"1985-01-15 20:00","1985","01","15","20:00"," ","-9,10","","-10,90","","87,00","","16,00","","13,00","","4,80","","92,59","","","","-15,00","","Neige"
"1985-01-15 21:00","1985","01","15","21:00"," ","-9,60","","-11,40","","87,00","","0,00","","0,00","","3,20","","92,53","","","","","","Neige"
"1985-01-15 22:00","1985","01","15","22:00"," ","-9,50","","-11,20","","87,00","","0,00","","0,00","","2,40","","92,44","","","","","","Neige"
"1985-01-15 23:00","1985","01","15","23:00"," ","-10,20","","-11,90","","87,00","","35,00","","7,00","","1,20","","92,34","","","","-14,00","","Neige"
"1985-01-16 00:00","1985","01","16","00:00"," ","-10,70","","-12,40","","87,00","","0,00","","0,00","","1,20","","92,21","","","","","","Neige"
"1985-01-16 01:00","1985","01","16","01:00"," ","-9,60","","-11,20","","88,00","","0,00","","0,00","","1,60","","92,09","","","","","","Neige"
"1985-01-16 02:00","1985","01","16","02:00"," ","-6,60","","-8,10","","89,00","","18,00","","20,00","","8,00","","91,99","","","","-14,00","","Neige"
"1985-01-16 03:00","1985","01","16","03:00"," ","-6,40","","-7,90","","89,00","","17,00","","24,00","","16,10","","91,83","","","","-14,00","","Neige"
"1985-01-16 04:00","1985","01","16","04:00"," ","-6,20","","-7,90","","88,00","","17,00","","31,00","","24,10","","91,77","","","","-15,00","","Neige"
"1985-01-16 05:00","1985","01","16","05:00"," ","-6,30","","-7,90","","88,00","","17,00","","30,00","","32,20","","91,64","","","","-15,00","","Généralement nuageux"
"1985-01-16 06:00","1985","01","16","06:00"," ","-6,00","","-7,40","","90,00","","17,00","","26,00","","4,80","","91,49","","","","-14,00","","Neige"
"1985-01-16 07:00","1985","01","16","07:00"," ","-5,80","","-7,40","","88,00","","17,00","","22,00","","2,00","","91,42","","","","-13,00","","Neige"
"1985-01-16 08:00","1985","01","16","08:00"," ","-5,50","","-7,10","","88,00","","17,00","","31,00","","0,80","","91,30","","","","-14,00","","Neige modérée"
"1985-01-16 09:00","1985","01","16","09:00"," ","-5,00","","-7,00","","86,00","","18,00","","37,00","","32,20","","91,17","","","","-14,00","","Neige"
"1985-01-16 10:00","1985","01","16","10:00"," ","-4,50","","-6,50","","86,00","","17,00","","30,00","","48,30","","91,11","","","","-12,00","","Nuageux"
"1985-01-16 11:00","1985","01","16","11:00"," ","-3,30","","-5,10","","87,00","","17,00","","46,00","","48,30","","91,01","","","","-12,00","","Généralement nuageux"
"1985-01-16 12:00","1985","01","16","12:00"," ","-1,70","","-3,60","","87,00","","15,00","","44,00","","48,30","","90,95","","","","-10,00","","Généralement nuageux"
"1985-01-16 13:00","1985","01","16","13:00"," ","-1,10","","-3,10","","86,00","","15,00","","52,00","","48,30","","90,92","","","","-10,00","","Généralement nuageux"
"1985-01-16 14:00","1985","01","16","14:00"," ","-1,60","","-3,40","","88,00","","17,00","","37,00","","48,30","","90,88","","","","-9,00","","Nuageux"
"1985-01-16 15:00","1985","01","16","15:00"," ","-0,80","","-2,60","","87,00","","16,00","","37,00","","48,30","","90,88","","","","-8,00","","Généralement nuageux"
"1985-01-16 16:00","1985","01","16","16:00"," ","-0,40","","-2,20","","87,00","","16,00","","31,00","","48,30","","90,95","","","","-7,00","","Généralement nuageux"
"1985-01-16 17:00","1985","01","16","17:00"," ","-1,10","","-2,60","","89,00","","17,00","","30,00","","48,30","","91,07","","","","-8,00","","Généralement nuageux"
"1985-01-16 18:00","1985","01","16","18:00"," ","-0,10","","-2,00","","87,00","","17,00","","31,00","","48,30","","91,20","","","","-7,00","","Généralement nuageux"
"1985-01-16 19:00","1985","01","16","19:00"," ","0,90","","-1,80","","82,00","","18,00","","26,00","","64,40","","91,33","","","","","","Généralement nuageux"
"1985-01-16 20:00","1985","01","16","20:00"," ","0,00","","-2,70","","82,00","","14,00","","26,00","","64,40","","91,52","","","","-6,00","","Généralement nuageux"
"1985-01-16 21:00","1985","01","16","21:00"," ","0,20","","-2,90","","80,00","","15,00","","31,00","","64,40","","91,64","","","","","","Généralement nuageux"
"1985-01-16 22:00","1985","01","16","22:00"," ","1,70","","-3,70","","67,00","","17,00","","20,00","","64,40","","91,77","","","","","","Généralement nuageux"
"1985-01-16 23:00","1985","01","16","23:00"," ","2,00","","-4,20","","63,00","","16,00","","28,00","","64,40","","91,99","","","","","","Nuageux"
"1985-01-17 00:00","1985","01","17","00:00"," ","2,30","","-4,40","","61,00","","17,00","","15,00","","64,40","","92,12","","","","","","Nuageux"
"1985-01-17 01:00","1985","01","17","01:00"," ","1,90","","-4,50","","62,00","","15,00","","11,00","","64,40","","92,28","","","","","","Généralement nuageux"
"1985-01-17 02:00","1985","01","17","02:00"," ","0,00","","-5,40","","67,00","","15,00","","13,00","","64,40","","92,37","","","","-4,00","","Généralement dégagé"
"1985-01-17 03:00","1985","01","17","03:00"," ","-2,30","","-6,50","","73,00","","15,00","","7,00","","64,40","","92,47","","","","-5,00","","Généralement dégagé"
"1985-01-17 04:00","1985","01","17","04:00"," ","-5,00","","-7,80","","81,00","","34,00","","7,00","","64,40","","92,63","","","","-8,00","","Généralement dégagé"
"1985-01-17 05:00","1985","01","17","05:00"," ","-0,80","","-5,60","","70,00","","18,00","","19,00","","64,40","","92,75","","","","-6,00","","Généralement dégagé"
"1985-01-17 06:00","1985","01","17","06:00"," ","-1,80","","-5,50","","76,00","","16,00","","24,00","","64,40","","92,82","","","","-8,00","","Dégagé"
"1985-01-17 07:00","1985","01","17","07:00"," ","-1,90","","-5,20","","78,00","","17,00","","33,00","","64,40","","92,88","","","","-9,00","","Dégagé"
"1985-01-17 08:00","1985","01","17","08:00"," ","-3,20","","-5,80","","82,00","","18,00","","19,00","","64,40","","92,97","","","","-9,00","","Dégagé"
"1985-01-17 09:00","1985","01","17","09:00"," ","-3,10","","-6,30","","79,00","","15,00","","24,00","","64,40","","93,07","","","","-10,00","","Généralement dégagé"
"1985-01-17 10:00","1985","01","17","10:00"," ","-3,10","","-6,10","","80,00","","17,00","","20,00","","64,40","","93,10","","","","-9,00","","Généralement dégagé"
"1985-01-17 11:00","1985","01","17","11:00"," ","-3,10","","-6,20","","79,00","","18,00","","22,00","","64,40","","93,16","","","","-9,00","","Généralement dégagé"
"1985-01-17 12:00","1985","01","17","12:00"," ","-4,50","","-7,30","","81,00","","14,00","","6,00","","64,40","","93,19","","","","-7,00","","Généralement dégagé"
"1985-01-17 13:00","1985","01","17","13:00"," ","-2,90","","-6,00","","79,00","","17,00","","17,00","","64,40","","93,23","","","","-8,00","","Généralement nuageux"
"1985-01-17 14:00","1985","01","17","14:00"," ","-2,50","","-5,80","","78,00","","17,00","","24,00","","64,40","","93,26","","","","-9,00","","Généralement nuageux"
"1985-01-17 15:00","1985","01","17","15:00"," ","-2,70","","-5,90","","79,00","","18,00","","24,00","","64,40","","93,23","","","","-9,00","","Généralement dégagé"
"1985-01-17 16:00","1985","01","17","16:00"," ","-3,70","","-6,60","","80,00","","17,00","","20,00","","64,40","","93,19","","","","-10,00","","Généralement dégagé"
"1985-01-17 17:00","1985","01","17","17:00"," ","-4,10","","-6,80","","82,00","","17,00","","24,00","","64,40","","93,19","","","","-11,00","","Généralement dégagé"
"1985-01-17 18:00","1985","01","17","18:00"," ","-4,60","","-7,20","","82,00","","17,00","","26,00","","64,40","","93,19","","","","-12,00","","Généralement dégagé"
"1985-01-17 19:00","1985","01","17","19:00"," ","-5,10","","-7,50","","83,00","","17,00","","24,00","","64,40","","93,13","","","","-12,00","","Généralement dégagé"
"1985-01-17 20:00","1985","01","17","20:00"," ","-4,90","","-7,10","","84,00","","18,00","","24,00","","64,40","","93,07","","","","-12,00","","Généralement dégagé"
"1985-01-17 21:00","1985","01","17","21:00"," ","-5,40","","-7,60","","84,00","","18,00","","13,00","","64,40","","93,10","","","","-11,00","","Dégagé"
"1985-01-17 22:00","1985","01","17","22:00"," ","-6,10","","-8,50","","83,00","","18,00","","22,00","","64,40","","93,07","","","","-13,00","","Dégagé"
"1985-01-17 23:00","1985","01","17","23:00"," ","-6,30","","-8,60","","83,00","","18,00","","24,00","","64,40","","93,04","","","","-14,00","","Dégagé"
"1985-01-18 00:00","1985","01","18","00:00"," ","-6,60","","-8,80","","84,00","","18,00","","24,00","","64,40","","92,91","","","","-14,00","","Dégagé"
"1985-01-18 01:00","1985","01","18","01:00"," ","-6,80","","-9,00","","84,00","","18,00","","22,00","","64,40","","92,91","","","","-14,00","","Généralement dégagé"
"1985-01-18 02:00","1985","01","18","02:00"," ","-6,90","","-9,10","","84,00","","19,00","","26,00","","64,40","","92,91","","","","-15,00","","Généralement dégagé"
"1985-01-18 03:00","1985","01","18","03:00"," ","-6,90","","-9,10","","84,00","","19,00","","22,00","","64,40","","92,91","","","","-14,00","","Généralement dégagé"
"1985-01-18 04:00","1985","01","18","04:00"," ","-7,00","","-9,20","","84,00","","19,00","","26,00","","64,40","","92,91","","","","-15,00","","Généralement nuageux"
"1985-01-18 05:00","1985","01","18","05:00"," ","-7,20","","-9,20","","86,00","","19,00","","31,00","","64,40","","92,85","","","","-16,00","","Généralement nuageux"
"1985-01-18 06:00","1985","01","18","06:00"," ","-7,10","","-9,20","","85,00","","17,00","","31,00","","64,40","","92,82","","","","-16,00","","Généralement nuageux"
"1985-01-18 07:00","1985","01","18","07:00"," ","-7,40","","-9,50","","85,00","","19,00","","31,00","","64,40","","92,82","","","","-16,00","","Généralement nuageux"
"1985-01-18 08:00","1985","01","18","08:00"," ","-7,20","","-9,20","","86,00","","18,00","","28,00","","64,40","","92,75","","","","-16,00","","Généralement nuageux"
"1985-01-18 09:00","1985","01","18","09:00"," ","-6,80","","-9,10","","83,00","","17,00","","35,00","","64,40","","92,75","","","","-16,00","","Généralement nuageux"
"1985-01-18 10:00","1985","01","18","10:00"," ","-6,60","","-8,90","","84,00","","19,00","","22,00","","64,40","","92,75","","","","-14,00","","Nuageux"
"1985-01-18 11:00","1985","01","18","11:00"," ","-6,00","","-8,60","","82,00","","16,00","","17,00","","64,40","","92,82","","","","-12,00","","Nuageux"
"1985-01-18 12:00","1985","01","18","12:00"," ","-6,10","","-8,70","","82,00","","15,00","","13,00","","32,20","","92,88","","","","-11,00","","Nuageux"
"1985-01-18 13:00","1985","01","18","13:00"," ","-6,30","","-7,90","","88,00","","14,00","","9,00","","2,40","","92,91","","","","-11,00","","Neige"
"1985-01-18 14:00","1985","01","18","14:00"," ","-6,10","","-7,60","","89,00","","14,00","","9,00","","4,80","","92,91","","","","-10,00","","Neige"
"1985-01-18 15:00","1985","01","18","15:00"," ","-5,90","","-8,10","","84,00","","14,00","","6,00","","64,40","","92,85","","","","-9,00","","Cristaux de glace"
"1985-01-18 16:00","1985","01","18","16:00"," ","-7,10","","-8,90","","87,00","","15,00","","6,00","","64,40","","92,85","","","","-10,00","","Généralement nuageux"
"1985-01-18 17:00","1985","01","18","17:00"," ","-8,30","","-9,90","","88,00","","0,00","","0,00","","64,40","","92,88","","","","","","Généralement dégagé"
"1985-01-18 18:00","1985","01","18","18:00"," ","-10,90","","-13,10","","84,00","","0,00","","0,00","","64,40","","92,94","","","","","","Généralement dégagé"
"1985-01-18 19:00","1985","01","18","19:00"," ","-10,30","","-12,00","","87,00","","15,00","","6,00","","64,40","","92,88","","","","-14,00","","Généralement nuageux"
"1985-01-18 20:00","1985","01","18","20:00"," ","-12,10","","-13,60","","89,00","","0,00","","0,00","","64,40","","92,85","","","","","","Dégagé"
"1985-01-18 21:00","1985","01","18","21:00"," ","-12,50","","-14,50","","85,00","","22,00","","6,00","","64,40","","92,85","","","","-16,00","","Généralement dégagé"
"1985-01-18 22:00","1985","01","18","22:00"," ","-11,80","","-13,90","","84,00","","0,00","","0,00","","64,40","","92,82","","","","","","Généralement nuageux"
"1985-01-18 23:00","1985","01","18","23:00"," ","-12,10","","-13,90","","87,00","","0,00","","0,00","","64,40","","92,82","","","","","","Généralement nuageux"
"1985-01-19 00:00","1985","01","19","00:00"," ","-10,80","","-12,70","","86,00","","0,00","","0,00","","48,30","","92,75","","","","","","Nuageux"
"1985-01-19 01:00","1985","01","19","01:00"," ","-9,90","","-11,40","","89,00","","0,00","","0,00","","3,20","","92,69","","","","","","Neige"
"1985-01-19 02:00","1985","01","19","02:00"," ","-9,40","","-10,90","","89,00","","0,00","","0,00","","3,20","","92,69","","","","","","Neige"
"1985-01-19 03:00","1985","01","19","03:00"," ","-9,50","","-11,00","","89,00","","0,00","","0,00","","1,60","","92,63","","","","","","Neige"
"1985-01-19 04:00","1985","01","19","04:00"," ","-9,20","","-10,60","","90,00","","0,00","","0,00","","1,60","","92,56","","","","","","Neige"
"1985-01-19 05:00","1985","01","19","05:00"," ","-8,80","","-10,50","","87,00","","0,00","","0,00","","1,60","","92,50","","","","","","Neige"
"1985-01-19 06:00","1985","01","19","06:00"," ","-8,80","","-10,30","","89,00","","0,00","","0,00","","1,60","","92,47","","","","","","Neige"
"1985-01-19 07:00","1985","01","19","07:00"," ","-8,80","","-10,10","","90,00","","0,00","","0,00","","6,40","","92,44","","","","","","Neige"
"1985-01-19 08:00","1985","01","19","08:00"," ","-8,50","","-10,10","","88,00","","0,00","","0,00","","9,70","","92,44","","","","","","Neige"
"1985-01-19 09:00","1985","01","19","09:00"," ","-8,30","","-9,90","","88,00","","16,00","","7,00","","6,40","","92,37","","","","-12,00","","Neige"
"1985-01-19 10:00","1985","01","19","10:00"," ","-8,30","","-9,90","","88,00","","16,00","","9,00","","4,80","","92,37","","","","-13,00","","Neige"
"1985-01-19 11:00","1985","01","19","11:00"," ","-8,20","","-9,80","","88,00","","0,00","","0,00","","9,70","","92,37","","","","","","Neige"
"1985-01-19 12:00","1985","01","19","12:00"," ","-7,10","","-8,70","","88,00","","19,00","","6,00","","6,40","","92,37","","","","-10,00","","Neige"
"1985-01-19 13:00","1985","01","19","13:00"," ","-6,70","","-8,40","","88,00","","0,00","","0,00","","12,90","","92,37","","","","","","Neige"
"1985-01-19 14:00","1985","01","19","14:00"," ","-5,20","","-7,10","","87,00","","19,00","","15,00","","48,30","","92,37","","","","-11,00","","Nuageux"
"1985-01-19 15:00","1985","01","19","15:00"," ","-5,00","","-7,30","","84,00","","18,00","","24,00","","64,40","","92,37","","","","-12,00","","Généralement nuageux"
"1985-01-19 16:00","1985","01","19","16:00"," ","-4,80","","-6,50","","88,00","","17,00","","30,00","","64,40","","92,37","","","","-13,00","","Généralement nuageux"
"1985-01-19 17:00","1985","01","19","17:00"," ","-5,00","","-7,10","","85,00","","16,00","","31,00","","64,40","","92,40","","","","-13,00","","Généralement nuageux"
"1985-01-19 18:00","1985","01","19","18:00"," ","-4,60","","-6,80","","85,00","","18,00","","26,00","","64,40","","92,47","","","","-12,00","","Généralement nuageux"
"1985-01-19 19:00","1985","01","19","19:00"," ","-4,50","","-6,60","","85,00","","15,00","","28,00","","64,40","","92,53","","","","-12,00","","Généralement nuageux"
"1985-01-19 20:00","1985","01","19","20:00"," ","-4,80","","-6,80","","86,00","","16,00","","22,00","","64,40","","92,59","","","","-12,00","","Généralement nuageux"
"1985-01-19 21:00","1985","01","19","21:00"," ","-4,90","","-6,80","","87,00","","18,00","","19,00","","64,40","","92,69","","","","-11,00","","Généralement nuageux"
"1985-01-19 22:00","1985","01","19","22:00"," ","-5,30","","-7,20","","86,00","","19,00","","19,00","","64,40","","92,75","","","","-12,00","","Généralement dégagé"
"1985-01-19 23:00","1985","01","19","23:00"," ","-4,70","","-6,60","","87,00","","15,00","","24,00","","64,40","","92,82","","","","-12,00","","Généralement dégagé"
"1985-01-20 00:00","1985","01","20","00:00"," ","-4,30","","-6,20","","86,00","","16,00","","37,00","","64,40","","92,82","","","","-13,00","","Généralement nuageux"
"1985-01-20 01:00","1985","01","20","01:00"," ","-4,10","","-5,80","","88,00","","17,00","","41,00","","64,40","","92,85","","","","-13,00","","Généralement nuageux"
"1985-01-20 02:00","1985","01","20","02:00"," ","-3,80","","-6,00","","84,00","","16,00","","44,00","","64,40","","92,91","","","","-13,00","","Nuageux"
"1985-01-20 03:00","1985","01","20","03:00"," ","-3,70","","-5,70","","86,00","","19,00","","19,00","","64,40","","92,94","","","","-10,00","","Nuageux"
"1985-01-20 04:00","1985","01","20","04:00"," ","-3,90","","-5,80","","87,00","","17,00","","37,00","","64,40","","92,94","","","","-12,00","","Généralement nuageux"
"1985-01-20 05:00","1985","01","20","05:00"," ","-2,60","","-4,50","","87,00","","16,00","","33,00","","64,40","","92,94","","","","-10,00","","Généralement nuageux"
"1985-01-20 06:00","1985","01","20","06:00"," ","-3,20","","-5,10","","87,00","","16,00","","30,00","","64,40","","92,97","","","","-11,00","","Nuageux"
"1985-01-20 07:00","1985","01","20","07:00"," ","-2,00","","-4,20","","85,00","","16,00","","37,00","","64,40","","92,97","","","","-10,00","","Généralement dégagé"
"1985-01-20 08:00","1985","01","20","08:00"," ","-1,10","","-3,50","","84,00","","16,00","","31,00","","64,40","","92,97","","","","-8,00","","Généralement dégagé"
"1985-01-20 09:00","1985","01","20","09:00"," ","-1,30","","-3,50","","85,00","","15,00","","35,00","","64,40","","93,00","","","","-9,00","","Généralement dégagé"
"1985-01-20 10:00","1985","01","20","10:00"," ","-1,00","","-3,50","","83,00","","17,00","","35,00","","64,40","","93,07","","","","-8,00","","Généralement dégagé"
"1985-01-20 11:00","1985","01","20","11:00"," ","0,40","","-3,00","","78,00","","16,00","","28,00","","64,40","","93,13","","","","","","Généralement dégagé"
"1985-01-20 12:00","1985","01","20","12:00"," ","2,30","","-2,70","","69,00","","16,00","","37,00","","64,40","","93,16","","","","","","Généralement dégagé"
"1985-01-20 13:00","1985","01","20","13:00"," ","2,80","","-3,10","","65,00","","16,00","","35,00","","64,40","","93,16","","","","","","Généralement dégagé"
"1985-01-20 14:00","1985","01","20","14:00"," ","2,80","","-4,10","","60,00","","14,00","","17,00","","64,40","","93,23","","","","","","Généralement dégagé"
"1985-01-20 15:00","1985","01","20","15:00"," ","1,40","","-5,10","","62,00","","14,00","","17,00","","64,40","","93,32","","","","","","Dégagé"
"1985-01-20 16:00","1985","01","20","16:00"," ","0,20","","-5,40","","66,00","","12,00","","17,00","","64,40","","93,35","","","","","","Généralement dégagé"
"1985-01-20 17:00","1985","01","20","17:00"," ","0,60","","-5,50","","63,00","","17,00","","20,00","","64,40","","93,35","","","","","","Généralement dégagé"
"1985-01-20 18:00","1985","01","20","18:00"," ","-1,40","","-5,60","","73,00","","15,00","","6,00","","64,40","","93,42","","","","-4,00","","Généralement dégagé"
"1985-01-20 19:00","1985","01","20","19:00"," ","-1,90","","-5,10","","79,00","","19,00","","17,00","","64,40","","93,45","","","","-7,00","","Nuageux"
"1985-01-20 20:00","1985","01","20","20:00"," ","-1,30","","-4,50","","79,00","","17,00","","20,00","","64,40","","93,42","","","","-7,00","","Nuageux"
"1985-01-20 21:00","1985","01","20","21:00"," ","-2,30","","-4,70","","83,00","","19,00","","20,00","","64,40","","93,45","","","","-8,00","","Nuageux"
"1985-01-20 22:00","1985","01","20","22:00"," ","-1,60","","-4,30","","82,00","","19,00","","19,00","","64,40","","93,45","","","","-7,00","","Nuageux"
"1985-01-20 23:00","1985","01","20","23:00"," ","-1,60","","-4,10","","83,00","","18,00","","19,00","","64,40","","93,45","","","","-7,00","","Nuageux"
"1985-01-21 00:00","1985","01","21","00:00"," ","-1,50","","-3,90","","84,00","","15,00","","4,00","","64,40","","93,45","","","","-3,00","","Nuageux"
"1985-01-21 01:00","1985","01","21","01:00"," ","-1,20","","-3,80","","83,00","","18,00","","24,00","","64,40","","93,42","","","","-7,00","","Nuageux"
"1985-01-21 02:00","1985","01","21","02:00"," ","-1,00","","-3,50","","83,00","","16,00","","28,00","","64,40","","93,42","","","","-8,00","","Nuageux"
"1985-01-21 03:00","1985","01","21","03:00"," ","-1,40","","-2,80","","90,00","","18,00","","15,00","","4,80","","93,42","","","","-6,00","","Neige"
"1985-01-21 04:00","1985","01","21","04:00"," ","-1,10","","-2,60","","89,00","","16,00","","19,00","","64,40","","93,35","","","","-6,00","","Nuageux"
"1985-01-21 05:00","1985","01","21","05:00"," ","-0,80","","-2,00","","91,00","","16,00","","37,00","","64,40","","93,35","","","","-8,00","","Nuageux"
"1985-01-21 06:00","1985","01","21","06:00"," ","-0,10","","-1,60","","90,00","","17,00","","30,00","","64,40","","93,29","","","","-7,00","","Nuageux"
"1985-01-21 07:00","1985","01","21","07:00"," ","-0,10","","-1,50","","90,00","","17,00","","33,00","","24,10","","93,29","","","","-7,00","","Neige"
"1985-01-21 08:00","1985","01","21","08:00"," ","0,30","","-1,30","","89,00","","16,00","","28,00","","12,90","","93,19","","","","","","Neige"
"1985-01-21 09:00","1985","01","21","09:00"," ","0,70","","-1,40","","86,00","","15,00","","37,00","","32,20","","93,16","","","","","","Neige"
"1985-01-21 10:00","1985","01","21","10:00"," ","0,90","","-1,60","","83,00","","16,00","","37,00","","32,20","","93,13","","","","","","Nuageux"
"1985-01-21 11:00","1985","01","21","11:00"," ","1,00","","-1,40","","84,00","","16,00","","33,00","","48,30","","93,07","","","","","","Nuageux"
"1985-01-21 12:00","1985","01","21","12:00"," ","1,10","","-1,40","","83,00","","16,00","","24,00","","48,30","","93,04","","","","","","Nuageux"
"1985-01-21 13:00","1985","01","21","13:00"," ","1,20","","-1,20","","84,00","","15,00","","41,00","","48,30","","92,97","","","","","","Nuageux"
"1985-01-21 14:00","1985","01","21","14:00"," ","1,50","","-1,00","","83,00","","15,00","","30,00","","48,30","","92,91","","","","","","Généralement nuageux"
"1985-01-21 15:00","1985","01","21","15:00"," ","1,80","","-1,10","","81,00","","16,00","","37,00","","48,30","","92,91","","","","","","Généralement nuageux"
"1985-01-21 16:00","1985","01","21","16:00"," ","1,70","","-1,10","","81,00","","16,00","","43,00","","48,30","","92,85","","","","","","Généralement nuageux"
"1985-01-21 17:00","1985","01","21","17:00"," ","1,20","","-2,10","","78,00","","16,00","","41,00","","48,30","","92,85","","","","","","Généralement dégagé"
"1985-01-21 18:00","1985","01","21","18:00"," ","0,80","","-1,50","","85,00","","16,00","","37,00","","48,30","","92,85","","","","","","Généralement dégagé"
"1985-01-21 19:00","1985","01","21","19:00"," ","1,10","","-1,40","","83,00","","16,00","","31,00","","48,30","","92,85","","","","","","Généralement dégagé"
"1985-01-21 20:00","1985","01","21","20:00"," ","1,30","","-1,50","","82,00","","16,00","","33,00","","64,40","","92,85","","","","","","Généralement dégagé"
"1985-01-21 21:00","1985","01","21","21:00"," ","1,20","","-1,60","","81,00","","17,00","","37,00","","64,40","","92,85","","","","","","Généralement nuageux"
"1985-01-21 22:00","1985","01","21","22:00"," ","1,50","","-2,00","","77,00","","19,00","","19,00","","64,40","","92,94","","","","","","Généralement dégagé"
"1985-01-21 23:00","1985","01","21","23:00"," ","0,40","","-2,70","","80,00","","21,00","","2,00","","64,40","","92,97","","","","","","Généralement dégagé"
"1985-01-22 00:00","1985","01","22","00:00"," ","-0,20","","-3,10","","81,00","","16,00","","22,00","","64,40","","93,04","","","","-6,00","","Généralement dégagé"
"1985-01-22 01:00","1985","01","22","01:00"," ","0,80","","-2,90","","76,00","","15,00","","30,00","","64,40","","93,00","","","","","","Généralement dégagé"
"1985-01-22 02:00","1985","01","22","02:00"," ","0,30","","-3,50","","76,00","","15,00","","30,00","","64,40","","93,04","","","","","","Généralement dégagé"
"1985-01-22 03:00","1985","01","22","03:00"," ","0,70","","-3,30","","74,00","","15,00","","26,00","","64,40","","93,04","","","","","","Généralement nuageux"
"1985-01-22 04:00","1985","01","22","04:00"," ","0,30","","-3,50","","76,00","","14,00","","28,00","","64,40","","93,04","","","","","","Généralement nuageux"
"1985-01-22 05:00","1985","01","22","05:00"," ","0,40","","-3,40","","76,00","","17,00","","33,00","","64,40","","92,97","","","","","","Généralement nuageux"
"1985-01-22 06:00","1985","01","22","06:00"," ","0,40","","-3,30","","76,00","","19,00","","26,00","","64,40","","92,94","","","","","","Nuageux"
"1985-01-22 07:00","1985","01","22","07:00"," ","0,00","","-3,30","","79,00","","15,00","","20,00","","64,40","","92,97","","","","-5,00","","Nuageux"
"1985-01-22 08:00","1985","01","22","08:00"," ","-0,40","","-3,30","","81,00","","17,00","","24,00","","64,40","","92,97","","","","-6,00","","Nuageux"
"1985-01-22 09:00","1985","01","22","09:00"," ","-0,40","","-3,00","","82,00","","17,00","","26,00","","64,40","","92,91","","","","-7,00","","Nuageux"
"1985-01-22 10:00","1985","01","22","10:00"," ","-0,30","","-2,90","","82,00","","18,00","","22,00","","64,40","","92,97","","","","-6,00","","Nuageux"
"1985-01-22 11:00","1985","01","22","11:00"," ","-0,30","","-2,90","","82,00","","18,00","","24,00","","64,40","","92,97","","","","-6,00","","Nuageux"
"1985-01-22 12:00","1985","01","22","12:00"," ","0,00","","-2,70","","82,00","","16,00","","28,00","","64,40","","92,94","","","","-6,00","","Nuageux"
"1985-01-22 13:00","1985","01","22","13:00"," ","0,60","","-2,40","","80,00","","18,00","","20,00","","64,40","","92,91","","","","","","Nuageux"
"1985-01-22 14:00","1985","01","22","14:00"," ","0,60","","-2,40","","80,00","","17,00","","22,00","","64,40","","92,88","","","","","","Généralement nuageux"
"1985-01-22 15:00","1985","01","22","15:00"," ","1,10","","-2,50","","77,00","","16,00","","20,00","","64,40","","92,82","","","","","","Généralement nuageux"
"1985-01-22 16:00","1985","01","22","16:00"," ","1,10","","-2,50","","77,00","","18,00","","19,00","","64,40","","92,82","","","","","","Nuageux"
"1985-01-22 17:00","1985","01","22","17:00"," ","1,80","","-2,20","","75,00","","15,00","","24,00","","48,30","","92,78","","","","","","Nuageux"
"1985-01-22 18:00","1985","01","22","18:00"," ","1,40","","-1,90","","79,00","","14,00","","22,00","","64,40","","92,75","","","","","","Généralement nuageux"
"1985-01-22 19:00","1985","01","22","19:00"," ","1,30","","-1,90","","79,00","","16,00","","24,00","","64,40","","92,69","","","","","","Généralement nuageux"
"1985-01-22 20:00","1985","01","22","20:00"," ","1,50","","-1,80","","79,00","","14,00","","26,00","","64,40","","92,69","","","","","","Généralement nuageux"
"1985-01-22 21:00","1985","01","22","21:00"," ","1,10","","-1,70","","81,00","","15,00","","33,00","","64,40","","92,59","","","","","","Nuageux"
"1985-01-22 22:00","1985","01","22","22:00"," ","1,50","","-1,70","","79,00","","15,00","","37,00","","64,40","","92,53","","","","","","Nuageux"
"1985-01-22 23:00","1985","01","22","23:00"," ","1,30","","-1,90","","79,00","","16,00","","37,00","","64,40","","92,53","","","","","","Généralement nuageux"
"1985-01-23 00:00","1985","01","23","00:00"," ","1,30","","-1,70","","80,00","","15,00","","35,00","","64,40","","92,50","","","","","","Généralement nuageux"
"1985-01-23 01:00","1985","01","23","01:00"," ","1,50","","-1,80","","79,00","","16,00","","28,00","","64,40","","92,47","","","","","","Nuageux"
"1985-01-23 02:00","1985","01","23","02:00"," ","1,50","","-1,70","","79,00","","15,00","","31,00","","64,40","","92,47","","","","","","Généralement nuageux"
"1985-01-23 03:00","1985","01","23","03:00"," ","1,50","","-1,80","","79,00","","16,00","","39,00","","64,40","","92,47","","","","","","Nuageux"
"1985-01-23 04:00","1985","01","23","04:00"," ","1,70","","-1,60","","78,00","","16,00","","39,00","","64,40","","92,47","","","","","","Nuageux"
"1985-01-23 05:00","1985","01","23","05:00"," ","1,90","","-1,50","","78,00","","15,00","","43,00","","64,40","","92,47","","","","","","Généralement nuageux"
"1985-01-23 06:00","1985","01","23","06:00"," ","1,70","","-1,40","","80,00","","15,00","","39,00","","64,40","","92,44","","","","","","Généralement dégagé"
"1985-01-23 07:00","1985","01","23","07:00"," ","1,70","","-1,40","","80,00","","15,00","","35,00","","64,40","","92,47","","","","","","Généralement dégagé"
"1985-01-23 08:00","1985","01","23","08:00"," ","1,80","","-1,40","","79,00","","16,00","","30,00","","64,40","","92,47","","","","","","Généralement dégagé"
"1985-01-23 09:00","1985","01","23","09:00"," ","1,00","","-1,50","","83,00","","15,00","","26,00","","64,40","","92,47","","","","","","Généralement dégagé"
"1985-01-23 10:00","1985","01","23","10:00"," ","1,00","","-1,50","","83,00","","15,00","","33,00","","64,40","","92,50","","","","","","Généralement dégagé"
"1985-01-23 11:00","1985","01","23","11:00"," ","1,40","","-1,20","","83,00","","16,00","","31,00","","64,40","","92,53","","","","","","Généralement dégagé"
"1985-01-23 12:00","1985","01","23","12:00"," ","1,60","","-1,20","","81,00","","17,00","","31,00","","64,40","","92,53","","","","","","Généralement dégagé"
"1985-01-23 13:00","1985","01","23","13:00"," ","2,50","","-0,90","","78,00","","16,00","","31,00","","64,40","","92,56","","","","","","Généralement dégagé"
"1985-01-23 14:00","1985","01","23","14:00"," ","2,40","","-0,70","","80,00","","17,00","","26,00","","64,40","","92,63","","","","","","Généralement dégagé"
"1985-01-23 15:00","1985","01","23","15:00"," ","3,00","","-0,80","","76,00","","16,00","","28,00","","64,40","","92,66","","","","","","Généralement dégagé"
"1985-01-23 16:00","1985","01","23","16:00"," ","3,00","","-1,00","","75,00","","17,00","","24,00","","64,40","","92,69","","","","","","Généralement dégagé"
"1985-01-23 17:00","1985","01","23","17:00"," ","2,30","","-1,40","","77,00","","16,00","","28,00","","64,40","","92,66","","","","","","Généralement dégagé"
"1985-01-23 18:00","1985","01","23","18:00"," ","2,10","","-1,50","","77,00","","16,00","","15,00","","64,40","","92,66","","","","","","Généralement dégagé"
"1985-01-23 19:00","1985","01","23","19:00"," ","0,60","","-1,80","","84,00","","16,00","","19,00","","64,40","","92,66","","","","","","Généralement dégagé"
"1985-01-23 20:00","1985","01","23","20:00"," ","-0,20","","-2,20","","86,00","","17,00","","19,00","","64,40","","92,69","","","","-5,00","","Généralement dégagé"
"1985-01-23 21:00","1985","01","23","21:00"," ","-0,40","","-2,20","","87,00","","19,00","","11,00","","64,40","","92,66","","","","-4,00","","Généralement dégagé"
"1985-01-23 22:00","1985","01","23","22:00"," ","-1,10","","-2,90","","88,00","","16,00","","22,00","","64,40","","92,63","","","","-7,00","","Généralement dégagé"
"1985-01-23 23:00","1985","01","23","23:00"," ","-0,90","","-3,40","","83,00","","16,00","","24,00","","64,40","","92,59","","","","-7,00","","Dégagé"
"1985-01-24 00:00","1985","01","24","00:00"," ","-1,20","","-3,60","","84,00","","16,00","","20,00","","64,40","","92,63","","","","-7,00","","Dégagé"
"1985-01-24 01:00","1985","01","24","01:00"," ","-0,50","","-3,20","","82,00","","14,00","","11,00","","64,40","","92,63","","","","-4,00","","Dégagé"
"1985-01-24 02:00","1985","01","24","02:00"," ","-0,20","","-3,20","","80,00","","18,00","","19,00","","64,40","","92,59","","","","-5,00","","Généralement nuageux"
"1985-01-24 03:00","1985","01","24","03:00"," ","-0,50","","-3,40","","81,00","","19,00","","17,00","","64,40","","92,56","","","","-5,00","","Généralement nuageux"
"1985-01-24 04:00","1985","01","24","04:00"," ","0,20","","-3,50","","76,00","","21,00","","19,00","","64,40","","92,53","","","","","","Généralement nuageux"
"1985-01-24 05:00","1985","01","24","05:00"," ","-0,70","","-3,90","","79,00","","19,00","","20,00","","64,40","","92,47","","","","-6,00","","Généralement dégagé"
"1985-01-24 06:00","1985","01","24","06:00"," ","-0,30","","-4,20","","75,00","","19,00","","22,00","","64,40","","92,47","","","","-6,00","","Généralement nuageux"
"1985-01-24 07:00","1985","01","24","07:00"," ","-0,90","","-4,70","","75,00","","16,00","","33,00","","64,40","","92,44","","","","-8,00","","Généralement nuageux"
"1985-01-24 08:00","1985","01","24","08:00"," ","-1,10","","-4,90","","75,00","","18,00","","30,00","","64,40","","92,37","","","","-8,00","","Généralement nuageux"
"1985-01-24 09:00","1985","01","24","09:00"," ","-1,00","","-4,90","","75,00","","18,00","","26,00","","64,40","","92,37","","","","-7,00","","Généralement nuageux"
"1985-01-24 10:00","1985","01","24","10:00"," ","-1,30","","-5,10","","75,00","","18,00","","22,00","","64,40","","92,37","","","","-7,00","","Généralement nuageux"
"1985-01-24 11:00","1985","01","24","11:00"," ","-1,30","","-5,10","","75,00","","18,00","","22,00","","64,40","","92,34","","","","-7,00","","Généralement nuageux"
"1985-01-24 12:00","1985","01","24","12:00"," ","-0,80","","-5,00","","73,00","","17,00","","33,00","","64,40","","92,28","","","","-8,00","","Généralement nuageux"
"1985-01-24 13:00","1985","01","24","13:00"," ","-0,40","","-4,60","","73,00","","16,00","","30,00","","64,40","","92,21","","","","-7,00","","Généralement nuageux"
"1985-01-24 14:00","1985","01","24","14:00"," ","0,10","","-3,60","","76,00","","16,00","","26,00","","64,40","","92,18","","","","","","Généralement nuageux"
"1985-01-24 15:00","1985","01","24","15:00"," ","0,20","","-3,40","","77,00","","16,00","","37,00","","64,40","","92,06","","","","","","Généralement nuageux"
"1985-01-24 16:00","1985","01","24","16:00"," ","0,40","","-2,90","","79,00","","15,00","","33,00","","64,40","","92,06","","","","","","Généralement nuageux"
"1985-01-24 17:00","1985","01","24","17:00"," ","-0,30","","-3,00","","82,00","","16,00","","33,00","","64,40","","92,02","","","","-7,00","","Généralement nuageux"
"1985-01-24 18:00","1985","01","24","18:00"," ","-0,60","","-3,10","","83,00","","17,00","","28,00","","64,40","","92,02","","","","-7,00","","Généralement nuageux"
"1985-01-24 19:00","1985","01","24","19:00"," ","0,10","","-2,30","","84,00","","17,00","","26,00","","64,40","","91,99","","","","","","Généralement nuageux"
"1985-01-24 20:00","1985","01","24","20:00"," ","-0,10","","-2,20","","86,00","","16,00","","24,00","","24,10","","92,12","","","","-6,00","","Averses de neige"
"1985-01-24 21:00","1985","01","24","21:00"," ","-0,20","","-2,10","","87,00","","15,00","","22,00","","64,40","","92,21","","","","-6,00","","Généralement nuageux"
"1985-01-24 22:00","1985","01","24","22:00"," ","0,60","","-4,00","","71,00","","18,00","","26,00","","64,40","","92,31","","","","","","Nuageux"
"1985-01-24 23:00","1985","01","24","23:00"," ","0,30","","-8,70","","51,00","","17,00","","22,00","","64,40","","92,44","","","","","","Généralement dégagé"
"1985-01-25 00:00","1985","01","25","00:00"," ","1,20","","-10,50","","41,00","","25,00","","17,00","","64,40","","92,56","","","","","","Généralement nuageux"
"1985-01-25 01:00","1985","01","25","01:00"," ","1,60","","-10,60","","40,00","","28,00","","20,00","","64,40","","92,69","","","","","","Généralement nuageux"
"1985-01-25 02:00","1985","01","25","02:00"," ","1,30","","-9,70","","44,00","","27,00","","19,00","","64,40","","92,91","","","","","","Généralement nuageux"
"1985-01-25 03:00","1985","01","25","03:00"," ","1,30","","-9,90","","43,00","","28,00","","28,00","","64,40","","93,04","","","","","","Généralement nuageux"
"1985-01-25 04:00","1985","01","25","04:00"," ","1,70","","-10,50","","40,00","","33,00","","6,00","","64,40","","93,19","","","","","","Généralement dégagé"
"1985-01-25 05:00","1985","01","25","05:00"," ","-1,30","","-11,70","","45,00","","15,00","","7,00","","64,40","","93,23","","","","-4,00","","Dégagé"
"1985-01-25 06:00","1985","01","25","06:00"," ","-0,10","","-11,10","","43,00","","21,00","","22,00","","64,40","","93,42","","","","-6,00","","Dégagé"
"1985-01-25 07:00","1985","01","25","07:00"," ","-4,10","","-12,00","","54,00","","10,00","","6,00","","64,40","","93,51","","","","-7,00","","Dégagé"
"1985-01-25 08:00","1985","01","25","08:00"," ","-6,80","","-12,40","","64,00","","21,00","","9,00","","64,40","","93,54","","","","-11,00","","Généralement dégagé"
"1985-01-25 09:00","1985","01","25","09:00"," ","-4,60","","-11,70","","57,00","","13,00","","6,00","","64,40","","93,61","","","","-7,00","","Généralement nuageux"
"1985-01-25 10:00","1985","01","25","10:00"," ","-3,70","","-11,60","","54,00","","9,00","","15,00","","64,40","","93,67","","","","-9,00","","Généralement nuageux"
"1985-01-25 11:00","1985","01","25","11:00"," ","-4,20","","-11,80","","55,00","","18,00","","24,00","","64,40","","93,76","","","","-11,00","","Généralement nuageux"
"1985-01-25 12:00","1985","01","25","12:00"," ","-0,80","","-9,90","","50,00","","14,00","","7,00","","64,40","","93,80","","","","-3,00","","Généralement nuageux"
"1985-01-25 13:00","1985","01","25","13:00"," ","0,30","","-9,50","","48,00","","18,00","","19,00","","64,40","","93,83","","","","","","Généralement nuageux"
"1985-01-25 14:00","1985","01","25","14:00"," ","0,70","","-9,60","","46,00","","16,00","","19,00","","64,40","","93,83","","","","","","Généralement nuageux"
"1985-01-25 15:00","1985","01","25","15:00"," ","-0,20","","-8,30","","54,00","","14,00","","7,00","","64,40","","93,86","","","","-3,00","","Généralement nuageux"
"1985-01-25 16:00","1985","01","25","16:00"," ","-0,40","","-8,90","","52,00","","12,00","","11,00","","64,40","","93,89","","","","-4,00","","Généralement nuageux"
"1985-01-25 17:00","1985","01","25","17:00"," ","-2,10","","-8,30","","63,00","","15,00","","13,00","","64,40","","93,89","","","","-7,00","","Généralement nuageux"
"1985-01-25 18:00","1985","01","25","18:00"," ","-3,20","","-8,30","","68,00","","16,00","","15,00","","64,40","","93,89","","","","-8,00","","Généralement nuageux"
"1985-01-25 19:00","1985","01","25","19:00"," ","-2,80","","-7,30","","71,00","","15,00","","19,00","","64,40","","93,86","","","","-9,00","","Généralement dégagé"
"1985-01-25 20:00","1985","01","25","20:00"," ","-3,40","","-7,70","","72,00","","17,00","","19,00","","64,40","","93,83","","","","-9,00","","Généralement nuageux"
"1985-01-25 21:00","1985","01","25","21:00"," ","-4,00","","-7,80","","75,00","","16,00","","19,00","","64,40","","93,80","","","","-10,00","","Généralement dégagé"
"1985-01-25 22:00","1985","01","25","22:00"," ","-3,60","","-7,70","","73,00","","17,00","","26,00","","64,40","","93,80","","","","-11,00","","Généralement dégagé"
"1985-01-25 23:00","1985","01","25","23:00"," ","-2,80","","-6,90","","73,00","","17,00","","24,00","","64,40","","93,80","","","","-9,00","","Généralement nuageux"
"1985-01-26 00:00","1985","01","26","00:00"," ","-3,10","","-7,00","","74,00","","18,00","","22,00","","64,40","","93,80","","","","-9,00","","Généralement nuageux"
"1985-01-26 01:00","1985","01","26","01:00"," ","-3,20","","-7,00","","75,00","","18,00","","28,00","","64,40","","93,73","","","","-10,00","","Généralement nuageux"
"1985-01-26 02:00","1985","01","26","02:00"," ","-3,20","","-6,80","","76,00","","18,00","","24,00","","64,40","","93,73","","","","-10,00","","Nuageux"
"1985-01-26 03:00","1985","01","26","03:00"," ","-2,90","","-6,90","","74,00","","17,00","","28,00","","64,40","","93,70","","","","-10,00","","Nuageux"
"1985-01-26 04:00","1985","01","26","04:00"," ","-3,10","","-6,80","","76,00","","18,00","","28,00","","64,40","","93,67","","","","-10,00","","Nuageux"
"1985-01-26 05:00","1985","01","26","05:00"," ","-3,30","","-7,20","","74,00","","18,00","","30,00","","64,40","","93,61","","","","-11,00","","Généralement nuageux"
"1985-01-26 06:00","1985","01","26","06:00"," ","-3,50","","-7,40","","74,00","","17,00","","22,00","","64,40","","93,57","","","","-10,00","","Généralement nuageux"
"1985-01-26 07:00","1985","01","26","07:00"," ","-3,90","","-7,70","","75,00","","17,00","","28,00","","64,40","","93,57","","","","-11,00","","Généralement nuageux"
"1985-01-26 08:00","1985","01","26","08:00"," ","-3,80","","-7,70","","74,00","","17,00","","28,00","","64,40","","93,51","","","","-11,00","","Généralement nuageux"
"1985-01-26 09:00","1985","01","26","09:00"," ","-4,10","","-7,70","","76,00","","18,00","","30,00","","64,40","","93,51","","","","-12,00","","Généralement nuageux"
"1985-01-26 10:00","1985","01","26","10:00"," ","-3,90","","-7,50","","76,00","","17,00","","28,00","","64,40","","93,51","","","","-11,00","","Généralement nuageux"
"1985-01-26 11:00","1985","01","26","11:00"," ","-3,50","","-7,30","","75,00","","17,00","","24,00","","64,40","","93,51","","","","-10,00","","Généralement nuageux"
"1985-01-26 12:00","1985","01","26","12:00"," ","-3,50","","-7,20","","75,00","","17,00","","28,00","","64,40","","93,51","","","","-11,00","","Généralement nuageux"
"1985-01-26 13:00","1985","01","26","13:00"," ","-3,40","","-6,90","","77,00","","17,00","","31,00","","64,40","","93,45","","","","-11,00","","Généralement nuageux"
"1985-01-26 14:00","1985","01","26","14:00"," ","-2,90","","-6,80","","74,00","","17,00","","24,00","","64,40","","93,45","","","","-10,00","","Généralement nuageux"
"1985-01-26 15:00","1985","01","26","15:00"," ","-2,50","","-6,60","","73,00","","17,00","","26,00","","64,40","","93,45","","","","-9,00","","Généralement nuageux"
"1985-01-26 16:00","1985","01","26","16:00"," ","-2,50","","-6,70","","73,00","","17,00","","22,00","","64,40","","93,45","","","","-9,00","","Généralement nuageux"
"1985-01-26 17:00","1985","01","26","17:00"," ","-2,90","","-6,90","","74,00","","17,00","","24,00","","64,40","","93,45","","","","-10,00","","Généralement nuageux"
"1985-01-26 18:00","1985","01","26","18:00"," ","-4,40","","-7,40","","79,00","","19,00","","11,00","","64,40","","93,48","","","","-9,00","","Généralement dégagé"
"1985-01-26 19:00","1985","01","26","19:00"," ","-4,10","","-7,30","","78,00","","18,00","","19,00","","64,40","","93,51","","","","-10,00","","Généralement dégagé"
"1985-01-26 20:00","1985","01","26","20:00"," ","-4,60","","-7,20","","82,00","","27,00","","4,00","","64,40","","93,54","","","","-6,00","","Généralement nuageux"
"1985-01-26 21:00","1985","01","26","21:00"," ","-4,40","","-7,30","","80,00","","13,00","","6,00","","64,40","","93,57","","","","-7,00","","Généralement nuageux"
"1985-01-26 22:00","1985","01","26","22:00"," ","-6,10","","-8,60","","82,00","","17,00","","6,00","","64,40","","93,61","","","","-9,00","","Généralement nuageux"
"1985-01-26 23:00","1985","01","26","23:00"," ","-8,10","","-10,20","","85,00","","0,00","","0,00","","64,40","","93,67","","","","","","Généralement dégagé"
"1985-01-27 00:00","1985","01","27","00:00"," ","-10,70","","-12,40","","87,00","","27,00","","6,00","","64,40","","93,73","","","","-14,00","","Généralement dégagé"
"1985-01-27 01:00","1985","01","27","01:00"," ","-12,30","","-14,00","","87,00","","24,00","","4,00","","24,10","","93,80","","","","-15,00","","Généralement dégagé"
"1985-01-27 02:00","1985","01","27","02:00"," ","-13,40","","-15,70","","82,00","","0,00","","0,00","","64,40","","93,80","","","","","","Dégagé"
"1985-01-27 03:00","1985","01","27","03:00"," ","-14,40","","-16,70","","82,00","","18,00","","4,00","","24,10","","93,83","","","","-17,00","","Généralement dégagé"
"1985-01-27 04:00","1985","01","27","04:00"," ","-15,10","","-17,00","","85,00","","0,00","","0,00","","24,10","","93,86","","","","","","Généralement dégagé"
"1985-01-27 05:00","1985","01","27","05:00"," ","-15,00","","-17,10","","84,00","","17,00","","4,00","","24,10","","93,86","","","","-18,00","","Généralement dégagé"
"1985-01-27 06:00","1985","01","27","06:00"," ","-16,60","","-19,90","","76,00","","23,00","","4,00","","24,10","","93,89","","","","-20,00","","Dégagé"
"1985-01-27 07:00","1985","01","27","07:00"," ","-17,40","","-20,80","","75,00","","17,00","","4,00","","48,30","","93,89","","","","-21,00","","Dégagé"
"1985-01-27 08:00","1985","01","27","08:00"," ","-17,00","","-19,60","","80,00","","20,00","","2,00","","32,20","","93,95","","","","-19,00","","Généralement dégagé"
"1985-01-27 09:00","1985","01","27","09:00"," ","-18,40","","-22,00","","73,00","","18,00","","4,00","","64,40","","93,99","","","","-22,00","","Généralement dégagé"
"1985-01-27 10:00","1985","01","27","10:00"," ","-18,40","","-22,30","","72,00","","18,00","","6,00","","3,20","","93,99","","","","-23,00","","Brouillard"
"1985-01-27 11:00","1985","01","27","11:00"," ","-15,30","","-18,20","","78,00","","0,00","","0,00","","32,20","","94,02","","","","","","Généralement dégagé"
"1985-01-27 12:00","1985","01","27","12:00"," ","-11,90","","-13,60","","87,00","","0,00","","0,00","","64,40","","94,02","","","","","","Généralement dégagé"
"1985-01-27 13:00","1985","01","27","13:00"," ","-11,00","","-12,60","","88,00","","0,00","","0,00","","64,40","","93,99","","","","","","Généralement dégagé"
"1985-01-27 14:00","1985","01","27","14:00"," ","-9,20","","-11,40","","84,00","","16,00","","11,00","","64,40","","93,95","","","","-15,00","","Généralement dégagé"
"1985-01-27 15:00","1985","01","27","15:00"," ","-8,80","","-10,80","","85,00","","16,00","","17,00","","64,40","","93,95","","","","-16,00","","Généralement dégagé"
"1985-01-27 16:00","1985","01","27","16:00"," ","-8,60","","-10,60","","85,00","","15,00","","13,00","","64,40","","93,95","","","","-15,00","","Généralement nuageux"
"1985-01-27 17:00","1985","01","27","17:00"," ","-9,20","","-11,10","","86,00","","17,00","","11,00","","64,40","","93,92","","","","-15,00","","Généralement nuageux"
"1985-01-27 18:00","1985","01","27","18:00"," ","-9,20","","-11,00","","87,00","","17,00","","11,00","","64,40","","93,89","","","","-15,00","","Généralement nuageux"
"1985-01-27 19:00","1985","01","27","19:00"," ","-9,10","","-10,90","","87,00","","19,00","","11,00","","64,40","","93,83","","","","-15,00","","Généralement nuageux"
"1985-01-27 20:00","1985","01","27","20:00"," ","-8,80","","-10,50","","87,00","","16,00","","11,00","","64,40","","93,80","","","","-14,00","","Nuageux"
"1985-01-27 21:00","1985","01","27","21:00"," ","-9,30","","-11,00","","87,00","","14,00","","9,00","","64,40","","93,80","","","","-14,00","","Nuageux"
"1985-01-27 22:00","1985","01","27","22:00"," ","-9,30","","-11,10","","86,00","","12,00","","4,00","","64,40","","93,80","","","","-12,00","","Nuageux"
"1985-01-27 23:00","1985","01","27","23:00"," ","-9,70","","-11,20","","89,00","","13,00","","7,00","","64,40","","93,89","","","","-14,00","","Nuageux"
"1985-01-28 00:00","1985","01","28","00:00"," ","-9,60","","-11,20","","88,00","","15,00","","7,00","","64,40","","93,95","","","","-14,00","","Nuageux"
"1985-01-28 01:00","1985","01","28","01:00"," ","-9,60","","-11,20","","88,00","","0,00","","0,00","","24,10","","93,99","","","","","","Neige"
"1985-01-28 02:00","1985","01","28","02:00"," ","-9,40","","-11,20","","86,00","","0,00","","0,00","","32,20","","93,99","","","","","","Neige"
"1985-01-28 03:00","1985","01","28","03:00"," ","-9,10","","-10,80","","88,00","","0,00","","0,00","","32,20","","94,02","","","","","","Neige"
"1985-01-28 04:00","1985","01","28","04:00"," ","-9,80","","-11,60","","86,00","","0,00","","0,00","","32,20","","94,05","","","","","","Neige"
"1985-01-28 05:00","1985","01","28","05:00"," ","-10,00","","-11,40","","90,00","","0,00","","0,00","","48,30","","94,05","","","","","","Généralement nuageux"
"1985-01-28 06:00","1985","01","28","06:00"," ","-9,20","","-10,80","","88,00","","0,00","","0,00","","48,30","","94,08","","","","","","Généralement nuageux"
"1985-01-28 07:00","1985","01","28","07:00"," ","-9,20","","-10,80","","88,00","","20,00","","4,00","","48,30","","94,08","","","","-11,00","","Généralement nuageux"
"1985-01-28 08:00","1985","01","28","08:00"," ","-8,70","","-10,40","","88,00","","0,00","","0,00","","32,20","","94,14","","","","","","Neige"
"1985-01-28 09:00","1985","01","28","09:00"," ","-8,30","","-10,10","","87,00","","0,00","","0,00","","48,30","","94,18","","","","","","Généralement nuageux"
"1985-01-28 10:00","1985","01","28","10:00"," ","-8,40","","-10,10","","87,00","","14,00","","4,00","","64,40","","94,18","","","","-11,00","","Généralement nuageux"
"1985-01-28 11:00","1985","01","28","11:00"," ","-7,40","","-9,20","","87,00","","0,00","","0,00","","64,40","","94,18","","","","","","Généralement nuageux"
"1985-01-28 12:00","1985","01","28","12:00"," ","-5,10","","-7,60","","83,00","","0,00","","0,00","","64,40","","94,21","","","","","","Généralement nuageux"
"1985-01-28 13:00","1985","01","28","13:00"," ","-4,50","","-7,30","","81,00","","30,00","","4,00","","64,40","","94,21","","","","-6,00","","Généralement nuageux"
"1985-01-28 14:00","1985","01","28","14:00"," ","-4,60","","-7,30","","82,00","","30,00","","6,00","","64,40","","94,21","","","","-7,00","","Généralement nuageux"
"1985-01-28 15:00","1985","01","28","15:00"," ","-5,10","","-8,10","","79,00","","32,00","","6,00","","64,40","","94,21","","","","-8,00","","Généralement nuageux"
"1985-01-28 16:00","1985","01","28","16:00"," ","-5,50","","-8,00","","82,00","","29,00","","2,00","","64,40","","94,21","","","","-6,00","","Généralement nuageux"
"1985-01-28 17:00","1985","01","28","17:00"," ","-8,10","","-9,80","","88,00","","0,00","","0,00","","64,40","","94,18","","","","","","Généralement nuageux"
"1985-01-28 18:00","1985","01","28","18:00"," ","-10,40","","-11,70","","90,00","","19,00","","6,00","","48,30","","94,18","","","","-14,00","","Généralement nuageux"
"1985-01-28 19:00","1985","01","28","19:00"," ","-10,50","","-12,20","","87,00","","19,00","","4,00","","32,20","","94,14","","","","-13,00","","Nuageux"
"1985-01-28 20:00","1985","01","28","20:00"," ","-9,40","","-11,20","","86,00","","0,00","","0,00","","32,20","","94,14","","","","","","Nuageux"
"1985-01-28 21:00","1985","01","28","21:00"," ","-9,80","","-11,50","","87,00","","0,00","","0,00","","48,30","","94,11","","","","","","Nuageux"
"1985-01-28 22:00","1985","01","28","22:00"," ","-9,30","","-11,10","","86,00","","15,00","","7,00","","48,30","","94,11","","","","-13,00","","Nuageux"
"1985-01-28 23:00","1985","01","28","23:00"," ","-8,40","","-10,00","","88,00","","36,00","","4,00","","32,20","","94,11","","","","-11,00","","Nuageux"
"1985-01-29 00:00","1985","01","29","00:00"," ","-8,60","","-10,40","","87,00","","0,00","","0,00","","24,10","","94,14","","","","","","Nuageux"
"1985-01-29 01:00","1985","01","29","01:00"," ","-8,30","","-9,80","","89,00","","0,00","","0,00","","24,10","","94,14","","","","","","Nuageux"
"1985-01-29 02:00","1985","01","29","02:00"," ","-8,00","","-9,40","","90,00","","0,00","","0,00","","24,10","","94,14","","","","","","Nuageux"
"1985-01-29 03:00","1985","01","29","03:00"," ","-8,00","","-9,50","","89,00","","0,00","","0,00","","48,30","","94,18","","","","","","Nuageux"
"1985-01-29 04:00","1985","01","29","04:00"," ","-7,80","","-9,20","","89,00","","0,00","","0,00","","16,10","","94,18","","","","","","Neige"
"1985-01-29 05:00","1985","01","29","05:00"," ","-7,60","","-9,00","","90,00","","0,00","","0,00","","16,10","","94,18","","","","","","Neige"
"1985-01-29 06:00","1985","01","29","06:00"," ","-7,60","","-9,20","","88,00","","34,00","","4,00","","24,10","","94,18","","","","-10,00","","Neige"
"1985-01-29 07:00","1985","01","29","07:00"," ","-8,70","","-9,90","","91,00","","0,00","","0,00","","48,30","","94,18","","","","","","Généralement nuageux"
"1985-01-29 08:00","1985","01","29","08:00"," ","-10,40","","-12,10","","87,00","","23,00","","4,00","","64,40","","94,18","","","","-13,00","","Généralement nuageux"
"1985-01-29 09:00","1985","01","29","09:00"," ","-12,00","","-13,50","","89,00","","0,00","","0,00","","48,30","","94,18","","","","","","Généralement dégagé"
"1985-01-29 10:00","1985","01","29","10:00"," ","-13,40","","-15,50","","84,00","","21,00","","4,00","","48,30","","94,21","","","","-16,00","","Généralement nuageux"
"1985-01-29 11:00","1985","01","29","11:00"," ","-12,60","","-14,80","","84,00","","17,00","","7,00","","48,30","","94,14","","","","-17,00","","Généralement nuageux"
"1985-01-29 12:00","1985","01","29","12:00"," ","-9,70","","-12,20","","82,00","","19,00","","4,00","","48,30","","94,14","","","","-12,00","","Généralement dégagé"
"1985-01-29 13:00","1985","01","29","13:00"," ","-9,30","","-11,80","","82,00","","0,00","","0,00","","64,40","","94,11","","","","","","Généralement dégagé"
"1985-01-29 14:00","1985","01","29","14:00"," ","-8,90","","-11,30","","83,00","","0,00","","0,00","","64,40","","94,05","","","","","","Généralement dégagé"
"1985-01-29 15:00","1985","01","29","15:00"," ","-8,40","","-10,70","","83,00","","0,00","","0,00","","64,40","","94,02","","","","","","Généralement nuageux"
"1985-01-29 16:00","1985","01","29","16:00"," ","-9,00","","-10,30","","90,00","","0,00","","0,00","","64,40","","93,95","","","","","","Généralement nuageux"
"1985-01-29 17:00","1985","01","29","17:00"," ","-6,80","","-8,70","","86,00","","0,00","","0,00","","64,40","","93,95","","","","","","Nuageux"
"1985-01-29 18:00","1985","01","29","18:00"," ","-10,60","","-12,40","","87,00","","34,00","","7,00","","48,30","","93,95","","","","-15,00","","Nuageux"
"1985-01-29 19:00","1985","01","29","19:00"," ","-11,50","","-13,20","","87,00","","29,00","","4,00","","48,30","","93,89","","","","-14,00","","Nuageux"
"1985-01-29 20:00","1985","01","29","20:00"," ","-10,40","","-12,20","","86,00","","35,00","","4,00","","48,30","","93,83","","","","-13,00","","Nuageux"
"1985-01-29 21:00","1985","01","29","21:00"," ","-10,60","","-12,40","","87,00","","3,00","","4,00","","48,30","","93,86","","","","-13,00","","Nuageux"
"1985-01-29 22:00","1985","01","29","22:00"," ","-10,40","","-12,10","","87,00","","1,00","","4,00","","48,30","","93,95","","","","-13,00","","Nuageux"
"1985-01-29 23:00","1985","01","29","23:00"," ","-10,20","","-11,90","","87,00","","16,00","","7,00","","64,40","","93,95","","","","-14,00","","Nuageux"
"1985-01-30 00:00","1985","01","30","00:00"," ","-10,20","","-11,90","","87,00","","36,00","","13,00","","64,40","","93,99","","","","-16,00","","Généralement nuageux"
"1985-01-30 01:00","1985","01","30","01:00"," ","-9,70","","-11,60","","86,00","","36,00","","9,00","","64,40","","94,11","","","","-15,00","","Généralement nuageux"
"1985-01-30 02:00","1985","01","30","02:00"," ","-9,40","","-11,20","","86,00","","33,00","","6,00","","32,20","","94,18","","","","-13,00","","Neige"
"1985-01-30 03:00","1985","01","30","03:00"," ","-9,40","","-11,00","","88,00","","36,00","","4,00","","16,10","","94,24","","","","-12,00","","Neige"
"1985-01-30 04:00","1985","01","30","04:00"," ","-9,00","","-10,80","","87,00","","0,00","","0,00","","32,20","","94,27","","","","","","Neige"
"1985-01-30 05:00","1985","01","30","05:00"," ","-9,70","","-10,30","","96,00","","0,00","","0,00","","32,20","","94,21","","","","","","Neige"
"1985-01-30 06:00","1985","01","30","06:00"," ","-9,80","","-11,30","","89,00","","0,00","","0,00","","32,20","","94,30","","","","","","Neige"
"1985-01-30 07:00","1985","01","30","07:00"," ","-10,20","","-12,10","","86,00","","0,00","","0,00","","48,30","","94,33","","","","","","Généralement nuageux"
"1985-01-30 08:00","1985","01","30","08:00"," ","-13,30","","-15,00","","87,00","","0,00","","0,00","","48,30","","94,40","","","","","","Généralement dégagé"
"1985-01-30 09:00","1985","01","30","09:00"," ","-14,10","","-15,90","","86,00","","27,00","","9,00","","48,30","","94,43","","","","-20,00","","Généralement dégagé"
"1985-01-30 10:00","1985","01","30","10:00"," ","-14,80","","-16,70","","85,00","","24,00","","4,00","","48,30","","94,49","","","","-18,00","","Généralement dégagé"
"1985-01-30 11:00","1985","01","30","11:00"," ","-11,10","","-13,20","","84,00","","0,00","","0,00","","48,30","","94,49","","","","","","Généralement dégagé"
"1985-01-30 12:00","1985","01","30","12:00"," ","-10,50","","-13,50","","78,00","","0,00","","0,00","","48,30","","94,56","","","","","","Généralement dégagé"
"1985-01-30 13:00","1985","01","30","13:00"," ","-9,10","","-12,70","","75,00","","35,00","","4,00","","48,30","","94,56","","","","-11,00","","Généralement dégagé"
"1985-01-30 14:00","1985","01","30","14:00"," ","-8,30","","-11,00","","81,00","","33,00","","4,00","","48,30","","94,52","","","","-10,00","","Généralement dégagé"
"1985-01-30 15:00","1985","01","30","15:00"," ","-8,90","","-11,00","","85,00","","0,00","","0,00","","48,30","","94,52","","","","","","Généralement dégagé"
"1985-01-30 16:00","1985","01","30","16:00"," ","-8,10","","-10,30","","84,00","","25,00","","4,00","","64,40","","94,56","","","","-10,00","","Généralement dégagé"
"1985-01-30 17:00","1985","01","30","17:00"," ","-13,10","","-14,60","","88,00","","22,00","","6,00","","64,40","","94,52","","","","-17,00","","Généralement dégagé"
"1985-01-30 18:00","1985","01","30","18:00"," ","-10,10","","-11,50","","89,00","","18,00","","7,00","","64,40","","94,43","","","","-14,00","","Généralement dégagé"
"1985-01-30 19:00","1985","01","30","19:00"," ","-8,30","","-10,20","","86,00","","18,00","","17,00","","64,40","","94,40","","","","-15,00","","Généralement dégagé"
"1985-01-30 20:00","1985","01","30","20:00"," ","-8,10","","-9,90","","87,00","","17,00","","17,00","","64,40","","94,40","","","","-15,00","","Généralement dégagé"
"1985-01-30 21:00","1985","01","30","21:00"," ","-7,80","","-9,80","","85,00","","18,00","","28,00","","64,40","","94,37","","","","-16,00","","Généralement dégagé"
"1985-01-30 22:00","1985","01","30","22:00"," ","-8,10","","-10,00","","86,00","","18,00","","28,00","","64,40","","94,27","","","","-17,00","","Généralement nuageux"
"1985-01-30 23:00","1985","01","30","23:00"," ","-8,50","","-10,60","","85,00","","18,00","","28,00","","64,40","","94,18","","","","-17,00","","Nuageux"
"1985-01-31 00:00","1985","01","31","00:00"," ","-8,20","","-10,10","","86,00","","18,00","","28,00","","64,40","","94,05","","","","-17,00","","Nuageux"
"1985-01-31 01:00","1985","01","31","01:00"," ","-8,50","","-10,70","","84,00","","18,00","","31,00","","64,40","","93,99","","","","-18,00","","Nuageux"
"1985-01-31 02:00","1985","01","31","02:00"," ","-8,50","","-10,70","","84,00","","18,00","","28,00","","64,40","","93,86","","","","-17,00","","Nuageux"
"1985-01-31 03:00","1985","01","31","03:00"," ","-8,40","","-10,50","","85,00","","18,00","","33,00","","64,40","","93,76","","","","-18,00","","Nuageux"
"1985-01-31 04:00","1985","01","31","04:00"," ","-7,60","","-9,90","","84,00","","18,00","","33,00","","64,40","","93,67","","","","-17,00","","Nuageux"
"1985-01-31 05:00","1985","01","31","05:00"," ","-7,20","","-9,60","","83,00","","17,00","","41,00","","64,40","","93,45","","","","-17,00","","Nuageux"
"1985-01-31 06:00","1985","01","31","06:00"," ","-6,30","","-9,00","","81,00","","17,00","","41,00","","64,40","","93,29","","","","-16,00","","Nuageux"
"1985-01-31 07:00","1985","01","31","07:00"," ","-5,90","","-8,60","","81,00","","18,00","","28,00","","64,40","","93,13","","","","-14,00","","Nuageux"
"1985-01-31 08:00","1985","01","31","08:00"," ","-4,80","","-7,90","","79,00","","18,00","","33,00","","64,40","","93,04","","","","-13,00","","Nuageux"
"1985-01-31 09:00","1985","01","31","09:00"," ","-4,50","","-7,70","","78,00","","16,00","","41,00","","64,40","","92,85","","","","-14,00","","Nuageux"
"1985-01-31 10:00","1985","01","31","10:00"," ","-4,50","","-7,30","","81,00","","17,00","","37,00","","64,40","","92,69","","","","-13,00","","Nuageux"
"1985-01-31 11:00","1985","01","31","11:00"," ","-3,80","","-6,70","","80,00","","17,00","","31,00","","64,40","","92,63","","","","-12,00","","Généralement nuageux"
"1985-01-31 12:00","1985","01","31","12:00"," ","-3,50","","-6,50","","80,00","","16,00","","31,00","","64,40","","92,50","","","","-11,00","","Généralement nuageux"
"1985-01-31 13:00","1985","01","31","13:00"," ","-1,60","","-5,50","","75,00","","17,00","","41,00","","64,40","","92,40","","","","-10,00","","Généralement dégagé"
"1985-01-31 14:00","1985","01","31","14:00"," ","-1,10","","-4,90","","75,00","","17,00","","31,00","","64,40","","92,37","","","","-8,00","","Généralement dégagé"
"1985-01-31 15:00","1985","01","31","15:00"," ","-0,30","","-4,70","","72,00","","17,00","","28,00","","64,40","","92,31","","","","-7,00","","Généralement dégagé"
"1985-01-31 16:00","1985","01","31","16:00"," ","0,10","","-4,50","","71,00","","31,00","","6,00","","16,10","","92,44","","","","","","Neige"
"1985-01-31 17:00","1985","01","31","17:00"," ","-1,60","","-2,50","","94,00","","0,00","","0,00","","1,60","","92,47","","","","","","Neige"
"1985-01-31 18:00","1985","01","31","18:00"," ","-0,80","","-1,40","","96,00","","0,00","","0,00","","6,40","","92,50","","","","","","Neige"
"1985-01-31 19:00","1985","01","31","19:00"," ","1,50","","-1,50","","80,00","","32,00","","28,00","","4,80","","92,63","","","","","","Neige"
"1985-01-31 20:00","1985","01","31","20:00"," ","-2,60","","-4,70","","85,00","","34,00","","33,00","","1,20","","92,94","","","","-10,00","","Neige roulée"
"1985-01-31 21:00","1985","01","31","21:00"," ","-4,40","","-6,30","","87,00","","33,00","","28,00","","0,60","","93,13","","","","-12,00","","Neige modérée"
"1985-01-31 22:00","1985","01","31","22:00"," ","-4,40","","-6,60","","84,00","","32,00","","24,00","","3,20","","93,32","","","","-11,00","","Neige"
"1985-01-31 23:00","1985","01","31","23:00"," ","-4,60","","-6,90","","84,00","","33,00","","20,00","","3,20","","93,42","","","","-11,00","","Neige"
