"Nom de la Station","ESTEVAN A"
"Province","SASKATCHEWAN"
"Latitude","49,22"
"Longitude","-102,97"
"Altitude","580,60"
"Identification Climat","4012400"
"Identification OMM","71862"
"Identification TC","YEN"
"Toutes les heures sont exprimées en heure normale locale (HNL). Pour convertir l'heure locale en heure avancée de l'Est (HAE), ajoutez 1 heure s'il y a lieu."

"Légende"
"M","Données Manquantes"
"E","Valeur Estimée"
"ND","Non Disponible"
"**","Données fournies par un partenaire, non assujetties à un révision par les Archives climatiques nationales du Canada"

"Date/Heure","Année","Mois","Jour","Heure","Qualité des Données","Temp (°C)","Temp Indicateur","Point de rosée (°C)","Point de rosée Indicateur","Hum. rel (%)","Hum. rel. Indicateur","Dir. du vent (10s deg)","Dir. du vent Indicateur","Vit. du vent (km/h)","Vit. du vent Indicateur","Visibilité (km)","Visibilité Indicateur","Pression à la station (kPa)","Pression à la station Indicateur","Hmdx","Hmdx Indicateur","Refroid. éolien","Refroid. éolien Indicateur","Temps"
"1977-12-01 00:00","1977","12","01","00:00"," ","-8,40","","-10,60","","84,00","","31,00","","33,00","","24,10","","94,03","","","","-18,00","","Nuageux"
"1977-12-01 01:00","1977","12","01","01:00"," ","-10,30","","-12,20","","86,00","","32,00","","24,00","","32,20","","94,00","","","","-19,00","","Généralement dégagé"
"1977-12-01 02:00","1977","12","01","02:00"," ","-10,20","","-11,60","","89,00","","31,00","","22,00","","32,20","","94,07","","","","-18,00","","Généralement dégagé"
"1977-12-01 03:00","1977","12","01","03:00"," ","-11,10","","-11,90","","94,00","","30,00","","17,00","","32,20","","94,07","","","","-19,00","","Généralement dégagé"
"1977-12-01 04:00","1977","12","01","04:00"," ","-10,40","","-11,40","","92,00","","33,00","","22,00","","24,10","","94,03","","","","-19,00","","Neige"
"1977-12-01 05:00","1977","12","01","05:00"," ","-9,50","","-11,00","","89,00","","31,00","","24,00","","24,10","","93,97","","","","-18,00","","Neige"
"1977-12-01 06:00","1977","12","01","06:00"," ","-8,30","","-10,30","","85,00","","32,00","","33,00","","24,10","","94,00","","","","-18,00","","Neige"
"1977-12-01 07:00","1977","12","01","07:00"," ","-7,00","","-8,90","","86,00","","33,00","","22,00","","24,10","","93,97","","","","-14,00","","Neige"
"1977-12-01 08:00","1977","12","01","08:00"," ","-6,40","","-8,30","","86,00","","31,00","","35,00","","19,30","","94,07","","","","-15,00","","Neige"
"1977-12-01 09:00","1977","12","01","09:00"," ","-5,40","","-7,10","","88,00","","33,00","","30,00","","19,30","","94,10","","","","-14,00","","Neige"
"1977-12-01 10:00","1977","12","01","10:00"," ","-7,20","","-8,50","","91,00","","34,00","","37,00","","24,10","","94,10","","","","-17,00","","Neige"
"1977-12-01 11:00","1977","12","01","11:00"," ","-7,50","","-9,10","","88,00","","34,00","","37,00","","24,10","","94,16","","","","-17,00","","Généralement nuageux"
"1977-12-01 12:00","1977","12","01","12:00"," ","-8,40","","-10,60","","84,00","","34,00","","28,00","","32,20","","94,13","","","","-17,00","","Généralement dégagé"
"1977-12-01 13:00","1977","12","01","13:00"," ","-8,50","","-10,60","","85,00","","34,00","","28,00","","8,00","","94,10","","","","-17,00","","Neige"
"1977-12-01 14:00","1977","12","01","14:00"," ","-7,30","","-9,10","","87,00","","33,00","","31,00","","6,40","","94,10","","","","-16,00","","Neige"
"1977-12-01 15:00","1977","12","01","15:00"," ","-7,00","","-8,50","","89,00","","31,00","","28,00","","12,90","","94,03","","","","-15,00","","Averses de neige"
"1977-12-01 16:00","1977","12","01","16:00"," ","-6,90","","-8,50","","88,00","","32,00","","28,00","","8,00","","94,07","","","","-15,00","","Averses de neige"
"1977-12-01 17:00","1977","12","01","17:00"," ","-8,60","","-10,30","","88,00","","31,00","","26,00","","16,10","","94,07","","","","-17,00","","Averses de neige"
"1977-12-01 18:00","1977","12","01","18:00"," ","-8,80","","-10,80","","85,00","","31,00","","28,00","","24,10","","94,03","","","","-18,00","","Averses de neige"
"1977-12-01 19:00","1977","12","01","19:00"," ","-10,00","","-12,00","","85,00","","31,00","","22,00","","24,10","","93,97","","","","-18,00","","Cristaux de glace"
"1977-12-01 20:00","1977","12","01","20:00"," ","-11,20","","-12,70","","89,00","","32,00","","26,00","","24,10","","93,97","","","","-20,00","","Cristaux de glace"
"1977-12-01 21:00","1977","12","01","21:00"," ","-11,00","","-12,30","","90,00","","32,00","","20,00","","19,30","","93,91","","","","-19,00","","Neige"
"1977-12-01 22:00","1977","12","01","22:00"," ","-12,40","","-14,00","","88,00","","35,00","","15,00","","24,10","","93,84","","","","-20,00","","Cristaux de glace"
"1977-12-01 23:00","1977","12","01","23:00"," ","-12,70","","-13,60","","93,00","","1,00","","6,00","","19,30","","93,81","","","","-17,00","","Cristaux de glace"
"1977-12-02 00:00","1977","12","02","00:00"," ","-13,40","","-14,70","","90,00","","35,00","","4,00","","19,30","","93,78","","","","-16,00","","Cristaux de glace"
"1977-12-02 01:00","1977","12","02","01:00"," ","-12,90","","-14,10","","90,00","","33,00","","11,00","","12,90","","93,78","","","","-19,00","","Cristaux de glace"
"1977-12-02 02:00","1977","12","02","02:00"," ","-12,70","","-13,20","","96,00","","35,00","","7,00","","12,90","","93,78","","","","-17,00","","Cristaux de glace"
"1977-12-02 03:00","1977","12","02","03:00"," ","-13,40","","-14,20","","93,00","","2,00","","6,00","","9,70","","93,78","","","","-17,00","","Cristaux de glace,Brouillard"
"1977-12-02 04:00","1977","12","02","04:00"," ","-13,40","","-14,20","","93,00","","3,00","","6,00","","0,80","","93,75","","","","-17,00","","Cristaux de glace,Brouillard"
"1977-12-02 05:00","1977","12","02","05:00"," ","-14,00","","-14,70","","94,00","","4,00","","4,00","","1,20","","93,71","","","","-17,00","","Cristaux de glace,Brouillard"
"1977-12-02 06:00","1977","12","02","06:00"," ","-14,90","","-15,30","","97,00","","6,00","","4,00","","19,30","","93,78","","","","-18,00","","Cristaux de glace"
"1977-12-02 07:00","1977","12","02","07:00"," ","-16,50","","-16,80","","98,00","","0,00","","0,00","","19,30","","93,84","","","","","","Cristaux de glace"
"1977-12-02 08:00","1977","12","02","08:00"," ","-17,70","","-18,40","","94,00","","13,00","","4,00","","19,30","","93,87","","","","-21,00","","Cristaux de glace"
"1977-12-02 09:00","1977","12","02","09:00"," ","-17,10","","-18,40","","90,00","","0,00","","0,00","","8,00","","93,91","","","","","","Cristaux de glace,Brouillard"
"1977-12-02 10:00","1977","12","02","10:00"," ","-17,40","","-18,90","","88,00","","0,00","","0,00","","4,80","","93,97","","","","","","Cristaux de glace,Brouillard"
"1977-12-02 11:00","1977","12","02","11:00"," ","-16,30","","-17,90","","87,00","","0,00","","0,00","","8,00","","93,97","","","","","","Cristaux de glace,Brouillard"
"1977-12-02 12:00","1977","12","02","12:00"," ","-14,50","","-15,70","","90,00","","0,00","","0,00","","6,40","","93,97","","","","","","Cristaux de glace,Brouillard"
"1977-12-02 13:00","1977","12","02","13:00"," ","-13,20","","-14,60","","89,00","","0,00","","0,00","","9,70","","93,97","","","","","","Cristaux de glace"
"1977-12-02 14:00","1977","12","02","14:00"," ","-13,20","","-14,60","","89,00","","0,00","","0,00","","16,10","","93,94","","","","","","Généralement nuageux"
"1977-12-02 15:00","1977","12","02","15:00"," ","-13,30","","-15,10","","86,00","","0,00","","0,00","","16,10","","93,94","","","","","","Généralement nuageux"
"1977-12-02 16:00","1977","12","02","16:00"," ","-13,60","","-15,10","","88,00","","0,00","","0,00","","24,10","","93,94","","","","","","Généralement nuageux"
"1977-12-02 17:00","1977","12","02","17:00"," ","-13,20","","-14,60","","89,00","","0,00","","0,00","","24,10","","93,97","","","","","","Généralement nuageux"
"1977-12-02 18:00","1977","12","02","18:00"," ","-13,20","","-14,60","","89,00","","0,00","","0,00","","24,10","","94,03","","","","","","Généralement nuageux"
"1977-12-02 19:00","1977","12","02","19:00"," ","-14,20","","-15,20","","92,00","","8,00","","4,00","","24,10","","94,07","","","","-17,00","","Généralement dégagé"
"1977-12-02 20:00","1977","12","02","20:00"," ","-15,40","","-16,30","","93,00","","0,00","","0,00","","24,10","","94,10","","","","","","Dégagé"
"1977-12-02 21:00","1977","12","02","21:00"," ","-15,00","","-15,80","","94,00","","9,00","","6,00","","24,10","","94,10","","","","-19,00","","Généralement dégagé"
"1977-12-02 22:00","1977","12","02","22:00"," ","-15,50","","-16,30","","94,00","","10,00","","4,00","","24,10","","94,10","","","","-18,00","","Généralement dégagé"
"1977-12-02 23:00","1977","12","02","23:00"," ","-17,30","","-17,80","","96,00","","0,00","","0,00","","19,30","","94,13","","","","","","Généralement dégagé"
"1977-12-03 00:00","1977","12","03","00:00"," ","-17,80","","-18,30","","96,00","","9,00","","13,00","","1,60","","94,13","","","","-26,00","","Brouillard"
"1977-12-03 01:00","1977","12","03","01:00"," ","-19,00","","-19,90","","93,00","","10,00","","9,00","","9,70","","94,13","","","","-26,00","","Brouillard"
"1977-12-03 02:00","1977","12","03","02:00"," ","-20,20","","-20,90","","94,00","","11,00","","17,00","","12,90","","94,13","","","","-30,00","","Cristaux de glace"
"1977-12-03 03:00","1977","12","03","03:00"," ","-19,00","","-20,50","","88,00","","12,00","","15,00","","12,90","","94,16","","","","-28,00","","Cristaux de glace"
"1977-12-03 04:00","1977","12","03","04:00"," ","-19,40","","-21,00","","87,00","","10,00","","17,00","","16,10","","94,23","","","","-29,00","","Cristaux de glace"
"1977-12-03 05:00","1977","12","03","05:00"," ","-19,70","","-20,40","","94,00","","13,00","","9,00","","16,10","","94,29","","","","-26,00","","Cristaux de glace"
"1977-12-03 06:00","1977","12","03","06:00"," ","-20,30","","-21,40","","91,00","","10,00","","11,00","","16,10","","94,29","","","","-28,00","","Généralement dégagé"
"1977-12-03 07:00","1977","12","03","07:00"," ","-21,00","","-21,90","","93,00","","10,00","","15,00","","16,10","","94,29","","","","-30,00","","Cristaux de glace"
"1977-12-03 08:00","1977","12","03","08:00"," ","-21,60","","-23,10","","88,00","","10,00","","17,00","","12,90","","94,29","","","","-32,00","","Cristaux de glace"
"1977-12-03 09:00","1977","12","03","09:00"," ","-21,70","","-23,10","","89,00","","11,00","","20,00","","3,20","","94,29","","","","-33,00","","Cristaux de glace,Brouillard"
"1977-12-03 10:00","1977","12","03","10:00"," ","-19,50","","-21,00","","88,00","","12,00","","20,00","","4,00","","94,42","","","","-30,00","","Cristaux de glace,Brouillard"
"1977-12-03 11:00","1977","12","03","11:00"," ","-18,30","","-20,60","","82,00","","12,00","","24,00","","4,80","","94,42","","","","-29,00","","Cristaux de glace,Brouillard"
"1977-12-03 12:00","1977","12","03","12:00"," ","-17,70","","-19,50","","86,00","","12,00","","22,00","","12,90","","94,35","","","","-28,00","","Généralement nuageux"
"1977-12-03 13:00","1977","12","03","13:00"," ","-16,60","","-18,40","","86,00","","12,00","","22,00","","11,30","","94,23","","","","-27,00","","Nuageux"
"1977-12-03 14:00","1977","12","03","14:00"," ","-15,40","","-17,30","","85,00","","12,00","","24,00","","12,90","","94,19","","","","-26,00","","Nuageux"
"1977-12-03 15:00","1977","12","03","15:00"," ","-15,40","","-17,30","","85,00","","12,00","","30,00","","12,90","","94,13","","","","-27,00","","Nuageux"
"1977-12-03 16:00","1977","12","03","16:00"," ","-16,50","","-18,40","","85,00","","12,00","","30,00","","4,00","","94,10","","","","-28,00","","Neige"
"1977-12-03 17:00","1977","12","03","17:00"," ","-15,50","","-17,30","","86,00","","11,00","","30,00","","1,20","","94,10","","","","-27,00","","Neige,Poudrerie élevée"
"1977-12-03 18:00","1977","12","03","18:00"," ","-16,70","","-17,90","","91,00","","11,00","","30,00","","1,20","","94,03","","","","-28,00","","Neige,Poudrerie élevée"
"1977-12-03 19:00","1977","12","03","19:00"," ","-16,80","","-17,90","","91,00","","11,00","","30,00","","1,20","","94,07","","","","-28,00","","Neige,Poudrerie élevée"
"1977-12-03 20:00","1977","12","03","20:00"," ","-16,80","","-17,90","","91,00","","11,00","","33,00","","0,80","","93,97","","","","-29,00","","Neige,Poudrerie élevée"
"1977-12-03 21:00","1977","12","03","21:00"," ","-16,50","","-17,90","","89,00","","11,00","","33,00","","0,80","","93,87","","","","-28,00","","Neige,Poudrerie élevée"
"1977-12-03 22:00","1977","12","03","22:00"," ","-16,50","","-17,90","","89,00","","11,00","","33,00","","1,20","","93,84","","","","-28,00","","Neige,Poudrerie élevée"
"1977-12-03 23:00","1977","12","03","23:00"," ","-16,50","","-17,30","","94,00","","11,00","","37,00","","0,80","","93,81","","","","-29,00","","Neige,Poudrerie élevée"
"1977-12-04 00:00","1977","12","04","00:00"," ","-16,40","","-17,90","","88,00","","12,00","","37,00","","0,80","","93,78","","","","-29,00","","Neige,Poudrerie élevée"
"1977-12-04 01:00","1977","12","04","01:00"," ","-15,90","","-17,30","","89,00","","13,00","","46,00","","0,80","","93,71","","","","-29,00","","Neige,Poudrerie élevée"
"1977-12-04 02:00","1977","12","04","02:00"," ","-15,80","","-17,90","","84,00","","12,00","","37,00","","0,80","","93,68","","","","-28,00","","Neige,Poudrerie élevée"
"1977-12-04 03:00","1977","12","04","03:00"," ","-15,60","","-17,30","","87,00","","12,00","","43,00","","1,20","","93,68","","","","-29,00","","Neige,Poudrerie élevée"
"1977-12-04 04:00","1977","12","04","04:00"," ","-15,70","","-17,80","","84,00","","13,00","","35,00","","2,40","","93,75","","","","-28,00","","Neige,Poudrerie élevée"
"1977-12-04 05:00","1977","12","04","05:00"," ","-16,00","","-17,90","","85,00","","13,00","","30,00","","1,60","","93,78","","","","-27,00","","Neige"
"1977-12-04 06:00","1977","12","04","06:00"," ","-16,00","","-17,90","","85,00","","12,00","","26,00","","1,60","","93,84","","","","-27,00","","Neige"
"1977-12-04 07:00","1977","12","04","07:00"," ","-16,20","","-18,40","","83,00","","12,00","","28,00","","3,20","","93,87","","","","-27,00","","Neige"
"1977-12-04 08:00","1977","12","04","08:00"," ","-16,90","","-19,00","","84,00","","11,00","","20,00","","3,20","","93,97","","","","-27,00","","Neige"
"1977-12-04 09:00","1977","12","04","09:00"," ","-17,60","","-19,50","","85,00","","11,00","","19,00","","19,30","","94,00","","","","-27,00","","Généralement nuageux"
"1977-12-04 10:00","1977","12","04","10:00"," ","-18,60","","-20,60","","84,00","","9,00","","15,00","","19,30","","94,13","","","","-27,00","","Cristaux de glace"
"1977-12-04 11:00","1977","12","04","11:00"," ","-18,90","","-21,10","","83,00","","7,00","","13,00","","19,30","","94,23","","","","-27,00","","Cristaux de glace"
"1977-12-04 12:00","1977","12","04","12:00"," ","-18,60","","-20,60","","84,00","","3,00","","7,00","","2,40","","94,29","","","","-24,00","","Cristaux de glace,Brouillard de glace"
"1977-12-04 13:00","1977","12","04","13:00"," ","-17,70","","-19,50","","86,00","","35,00","","9,00","","4,00","","94,35","","","","-24,00","","Cristaux de glace"
"1977-12-04 14:00","1977","12","04","14:00"," ","-17,10","","-19,00","","85,00","","33,00","","15,00","","16,10","","94,39","","","","-26,00","","Cristaux de glace"
"1977-12-04 15:00","1977","12","04","15:00"," ","-18,40","","-20,60","","83,00","","33,00","","20,00","","16,10","","94,51","","","","-28,00","","Cristaux de glace"
"1977-12-04 16:00","1977","12","04","16:00"," ","-19,00","","-21,10","","83,00","","33,00","","35,00","","9,70","","94,58","","","","-32,00","","Cristaux de glace"
"1977-12-04 17:00","1977","12","04","17:00"," ","-19,50","","-21,70","","83,00","","32,00","","33,00","","9,70","","94,61","","","","-32,00","","Cristaux de glace"
"1977-12-04 18:00","1977","12","04","18:00"," ","-20,40","","-22,10","","86,00","","32,00","","37,00","","9,70","","94,74","","","","-34,00","","Cristaux de glace"
"1977-12-04 19:00","1977","12","04","19:00"," ","-21,40","","-23,10","","86,00","","31,00","","37,00","","8,00","","94,83","","","","-36,00","","Cristaux de glace"
"1977-12-04 20:00","1977","12","04","20:00"," ","-22,30","","-24,10","","85,00","","31,00","","37,00","","6,40","","94,90","","","","-37,00","","Cristaux de glace"
"1977-12-04 21:00","1977","12","04","21:00"," ","-22,30","","-24,10","","85,00","","31,00","","41,00","","12,90","","94,96","","","","-37,00","","Cristaux de glace"
"1977-12-04 22:00","1977","12","04","22:00"," ","-23,40","","-24,30","","92,00","","32,00","","30,00","","4,80","","95,06","","","","-37,00","","Cristaux de glace,Poudrerie élevée"
"1977-12-04 23:00","1977","12","04","23:00"," ","-24,70","","-25,30","","95,00","","32,00","","30,00","","12,90","","95,09","","","","-39,00","","Cristaux de glace"
"1977-12-05 00:00","1977","12","05","00:00"," ","-25,40","","-26,20","","93,00","","31,00","","33,00","","16,10","","95,16","","","","-40,00","","Cristaux de glace"
"1977-12-05 01:00","1977","12","05","01:00"," ","-26,40","","-27,20","","93,00","","31,00","","28,00","","19,30","","95,22","","","","-41,00","","Cristaux de glace"
"1977-12-05 02:00","1977","12","05","02:00"," ","-26,80","","-27,70","","92,00","","29,00","","22,00","","16,10","","95,22","","","","-40,00","","Cristaux de glace"
"1977-12-05 03:00","1977","12","05","03:00"," ","-26,70","","-28,20","","87,00","","30,00","","30,00","","16,10","","95,25","","","","-41,00","","Cristaux de glace"
"1977-12-05 04:00","1977","12","05","04:00"," ","-26,30","","-27,20","","92,00","","29,00","","28,00","","9,70","","95,28","","","","-40,00","","Cristaux de glace"
"1977-12-05 05:00","1977","12","05","05:00"," ","-27,00","","-28,70","","85,00","","29,00","","28,00","","8,00","","95,32","","","","-41,00","","Cristaux de glace"
"1977-12-05 06:00","1977","12","05","06:00"," ","-27,20","","-27,60","","97,00","","30,00","","31,00","","6,40","","95,35","","","","-42,00","","Cristaux de glace"
"1977-12-05 07:00","1977","12","05","07:00"," ","-27,20","","-27,60","","97,00","","30,00","","33,00","","1,60","","95,38","","","","-43,00","","Cristaux de glace,Poudrerie élevée"
"1977-12-05 08:00","1977","12","05","08:00"," ","-27,30","","-28,10","","92,00","","30,00","","30,00","","1,60","","95,41","","","","-42,00","","Cristaux de glace,Poudrerie élevée"
"1977-12-05 09:00","1977","12","05","09:00"," ","-27,40","","-29,20","","84,00","","30,00","","41,00","","1,60","","95,41","","","","-44,00","","Cristaux de glace,Poudrerie élevée"
"1977-12-05 10:00","1977","12","05","10:00"," ","-27,20","","-29,80","","79,00","","30,00","","31,00","","1,60","","95,44","","","","-42,00","","Cristaux de glace,Poudrerie élevée"
"1977-12-05 11:00","1977","12","05","11:00"," ","-26,60","","-29,30","","78,00","","30,00","","43,00","","0,80","","95,51","","","","-43,00","","Cristaux de glace,Poudrerie élevée"
"1977-12-05 12:00","1977","12","05","12:00"," ","-25,60","","-28,20","","79,00","","32,00","","43,00","","0,60","","95,54","","","","-42,00","","Cristaux de glace,Poudrerie élevée"
"1977-12-05 13:00","1977","12","05","13:00"," ","-25,20","","-27,70","","80,00","","32,00","","46,00","","0,60","","95,54","","","","-42,00","","Cristaux de glace,Poudrerie élevée"
"1977-12-05 14:00","1977","12","05","14:00"," ","-24,70","","-27,10","","81,00","","33,00","","48,00","","0,60","","95,57","","","","-42,00","","Cristaux de glace,Poudrerie élevée"
"1977-12-05 15:00","1977","12","05","15:00"," ","-24,70","","-27,10","","81,00","","32,00","","48,00","","0,60","","95,67","","","","-42,00","","Cristaux de glace,Poudrerie élevée"
"1977-12-05 16:00","1977","12","05","16:00"," ","-24,90","","-27,70","","77,00","","32,00","","44,00","","0,60","","95,76","","","","-41,00","","Cristaux de glace,Poudrerie élevée"
"1977-12-05 17:00","1977","12","05","17:00"," ","-25,40","","-27,20","","85,00","","32,00","","44,00","","0,60","","95,86","","","","-42,00","","Cristaux de glace,Poudrerie élevée"
"1977-12-05 18:00","1977","12","05","18:00"," ","-25,50","","-27,20","","86,00","","32,00","","41,00","","0,80","","95,93","","","","-42,00","","Cristaux de glace,Poudrerie élevée"
"1977-12-05 19:00","1977","12","05","19:00"," ","-26,30","","-28,20","","84,00","","32,00","","43,00","","0,80","","96,02","","","","-43,00","","Cristaux de glace,Poudrerie élevée"
"1977-12-05 20:00","1977","12","05","20:00"," ","-26,70","","-28,20","","87,00","","32,00","","37,00","","0,80","","96,12","","","","-43,00","","Cristaux de glace,Poudrerie élevée"
"1977-12-05 21:00","1977","12","05","21:00"," ","-27,00","","-28,70","","85,00","","32,00","","33,00","","1,20","","96,18","","","","-42,00","","Cristaux de glace,Poudrerie élevée"
"1977-12-05 22:00","1977","12","05","22:00"," ","-27,60","","-29,20","","86,00","","33,00","","33,00","","1,60","","96,15","","","","-43,00","","Cristaux de glace,Poudrerie élevée"
"1977-12-05 23:00","1977","12","05","23:00"," ","-28,40","","-30,10","","85,00","","31,00","","30,00","","3,20","","96,28","","","","-44,00","","Cristaux de glace"
"1977-12-06 00:00","1977","12","06","00:00"," ","-28,90","","-30,60","","85,00","","31,00","","28,00","","3,20","","96,31","","","","-44,00","","Cristaux de glace"
"1977-12-06 01:00","1977","12","06","01:00"," ","-29,60","","-31,10","","87,00","","31,00","","30,00","","1,60","","96,31","","","","-45,00","","Cristaux de glace"
"1977-12-06 02:00","1977","12","06","02:00"," ","-30,00","","-31,60","","86,00","","32,00","","22,00","","3,20","","96,28","","","","-44,00","","Cristaux de glace"
"1977-12-06 03:00","1977","12","06","03:00"," ","-30,20","","-30,30","","99,00","","31,00","","19,00","","3,20","","96,21","","","","-43,00","","Cristaux de glace"
"1977-12-06 04:00","1977","12","06","04:00"," ","-30,50","","-32,10","","86,00","","30,00","","17,00","","3,20","","96,21","","","","-43,00","","Cristaux de glace"
"1977-12-06 05:00","1977","12","06","05:00"," ","-30,80","","-32,50","","85,00","","32,00","","15,00","","3,20","","96,18","","","","-42,00","","Cristaux de glace"
"1977-12-06 06:00","1977","12","06","06:00"," ","-30,90","","-32,50","","86,00","","29,00","","15,00","","3,20","","96,15","","","","-43,00","","Cristaux de glace"
"1977-12-06 07:00","1977","12","06","07:00"," ","-30,90","","-32,50","","86,00","","30,00","","15,00","","8,00","","96,05","","","","-43,00","","Cristaux de glace"
"1977-12-06 08:00","1977","12","06","08:00"," ","-30,90","","-32,50","","86,00","","31,00","","11,00","","8,00","","95,96","","","","-41,00","","Cristaux de glace"
"1977-12-06 09:00","1977","12","06","09:00"," ","-30,60","","-32,10","","87,00","","28,00","","11,00","","3,20","","95,96","","","","-40,00","","Cristaux de glace"
"1977-12-06 10:00","1977","12","06","10:00"," ","-30,40","","-32,10","","85,00","","31,00","","2,00","","1,60","","95,89","","","","-33,00","","Cristaux de glace"
"1977-12-06 11:00","1977","12","06","11:00"," ","-29,60","","-31,10","","87,00","","4,00","","2,00","","1,20","","95,86","","","","-32,00","","Cristaux de glace,Brouillard de glace"
"1977-12-06 12:00","1977","12","06","12:00"," ","-28,80","","-30,60","","84,00","","0,00","","0,00","","1,60","","95,73","","","","","","Cristaux de glace,Brouillard de glace"
"1977-12-06 13:00","1977","12","06","13:00"," ","-27,90","","-29,70","","84,00","","9,00","","7,00","","4,00","","95,64","","","","-35,00","","Cristaux de glace,Brouillard de glace"
"1977-12-06 14:00","1977","12","06","14:00"," ","-27,30","","-29,20","","83,00","","10,00","","13,00","","4,80","","95,51","","","","-37,00","","Cristaux de glace,Brouillard de glace"
"1977-12-06 15:00","1977","12","06","15:00"," ","-26,00","","-27,70","","86,00","","11,00","","15,00","","6,40","","95,44","","","","-36,00","","Cristaux de glace"
"1977-12-06 16:00","1977","12","06","16:00"," ","-25,50","","-28,20","","78,00","","10,00","","15,00","","12,90","","95,41","","","","-36,00","","Cristaux de glace"
"1977-12-06 17:00","1977","12","06","17:00"," ","-25,40","","-28,20","","77,00","","9,00","","19,00","","19,30","","95,41","","","","-37,00","","Cristaux de glace"
"1977-12-06 18:00","1977","12","06","18:00"," ","-25,30","","-27,20","","84,00","","10,00","","19,00","","16,10","","95,44","","","","-37,00","","Cristaux de glace"
"1977-12-06 19:00","1977","12","06","19:00"," ","-24,70","","-26,20","","88,00","","9,00","","22,00","","12,90","","95,38","","","","-37,00","","Cristaux de glace"
"1977-12-06 20:00","1977","12","06","20:00"," ","-25,00","","-25,80","","93,00","","10,00","","26,00","","16,10","","95,32","","","","-38,00","","Cristaux de glace"
"1977-12-06 21:00","1977","12","06","21:00"," ","-25,30","","-26,20","","92,00","","10,00","","28,00","","12,90","","95,32","","","","-39,00","","Cristaux de glace"
"1977-12-06 22:00","1977","12","06","22:00"," ","-25,20","","-25,80","","95,00","","10,00","","28,00","","9,70","","95,32","","","","-39,00","","Neige"
"1977-12-06 23:00","1977","12","06","23:00"," ","-25,00","","-25,80","","93,00","","10,00","","26,00","","9,70","","95,25","","","","-38,00","","Neige"
"1977-12-07 00:00","1977","12","07","00:00"," ","-24,40","","-26,20","","85,00","","11,00","","26,00","","8,00","","95,22","","","","-37,00","","Neige"
"1977-12-07 01:00","1977","12","07","01:00"," ","-23,60","","-25,20","","87,00","","12,00","","33,00","","1,20","","95,06","","","","-38,00","","Neige"
"1977-12-07 02:00","1977","12","07","02:00"," ","-23,40","","-25,20","","85,00","","12,00","","33,00","","1,20","","94,90","","","","-38,00","","Neige,Poudrerie élevée"
"1977-12-07 03:00","1977","12","07","03:00"," ","-23,00","","-25,50","","80,00","","12,00","","35,00","","1,20","","94,83","","","","-37,00","","Neige,Poudrerie élevée"
"1977-12-07 04:00","1977","12","07","04:00"," ","-22,70","","-24,10","","89,00","","12,00","","37,00","","0,80","","94,71","","","","-37,00","","Cristaux de glace,Poudrerie élevée"
"1977-12-07 05:00","1977","12","07","05:00"," ","-22,60","","-24,10","","88,00","","12,00","","37,00","","1,20","","94,61","","","","-37,00","","Cristaux de glace,Poudrerie élevée"
"1977-12-07 06:00","1977","12","07","06:00"," ","-22,60","","-25,00","","81,00","","12,00","","41,00","","0,40","","94,48","","","","-38,00","","Cristaux de glace,Poudrerie élevée"
"1977-12-07 07:00","1977","12","07","07:00"," ","-22,60","","-24,10","","88,00","","12,00","","44,00","","0,40","","94,48","","","","-38,00","","Cristaux de glace,Poudrerie élevée"
"1977-12-07 08:00","1977","12","07","08:00"," ","-21,90","","-24,40","","80,00","","12,00","","41,00","","0,40","","94,45","","","","-37,00","","Cristaux de glace,Poudrerie élevée"
"1977-12-07 09:00","1977","12","07","09:00"," ","-21,30","","-23,90","","80,00","","11,00","","37,00","","0,80","","94,45","","","","-35,00","","Neige,Poudrerie élevée"
"1977-12-07 10:00","1977","12","07","10:00"," ","-21,60","","-23,90","","82,00","","11,00","","44,00","","0,40","","94,39","","","","-37,00","","Neige,Poudrerie élevée"
"1977-12-07 11:00","1977","12","07","11:00"," ","-22,10","","-24,40","","82,00","","11,00","","39,00","","0,60","","94,42","","","","-37,00","","Neige,Poudrerie élevée"
"1977-12-07 12:00","1977","12","07","12:00"," ","-22,60","","-25,00","","81,00","","11,00","","37,00","","1,20","","94,29","","","","-37,00","","Neige,Poudrerie élevée"
"1977-12-07 13:00","1977","12","07","13:00"," ","-22,30","","-25,00","","79,00","","11,00","","37,00","","1,60","","94,29","","","","-37,00","","Neige,Poudrerie élevée"
"1977-12-07 14:00","1977","12","07","14:00"," ","-22,30","","-25,00","","79,00","","10,00","","35,00","","1,60","","94,23","","","","-36,00","","Neige,Poudrerie élevée"
"1977-12-07 15:00","1977","12","07","15:00"," ","-22,30","","-25,00","","79,00","","10,00","","33,00","","1,60","","94,29","","","","-36,00","","Neige,Poudrerie élevée"
"1977-12-07 16:00","1977","12","07","16:00"," ","-22,70","","-25,00","","82,00","","9,00","","30,00","","2,00","","94,39","","","","-36,00","","Neige,Poudrerie élevée"
"1977-12-07 17:00","1977","12","07","17:00"," ","-23,00","","-25,50","","80,00","","10,00","","33,00","","1,60","","94,48","","","","-37,00","","Neige,Poudrerie élevée"
"1977-12-07 18:00","1977","12","07","18:00"," ","-23,20","","-25,50","","82,00","","10,00","","22,00","","1,60","","94,55","","","","-35,00","","Neige"
"1977-12-07 19:00","1977","12","07","19:00"," ","-23,50","","-25,20","","86,00","","9,00","","24,00","","2,00","","94,58","","","","-36,00","","Neige"
"1977-12-07 20:00","1977","12","07","20:00"," ","-23,70","","-25,20","","88,00","","9,00","","28,00","","2,00","","94,61","","","","-37,00","","Neige"
"1977-12-07 21:00","1977","12","07","21:00"," ","-22,50","","-25,00","","80,00","","9,00","","28,00","","3,20","","94,77","","","","-35,00","","Neige"
"1977-12-07 22:00","1977","12","07","22:00"," ","-23,40","","-25,00","","87,00","","8,00","","15,00","","3,20","","94,83","","","","-33,00","","Neige"
"1977-12-07 23:00","1977","12","07","23:00"," ","-22,30","","-25,00","","79,00","","7,00","","11,00","","4,00","","94,93","","","","-30,00","","Neige"
"1977-12-08 00:00","1977","12","08","00:00"," ","-23,00","","-24,70","","86,00","","5,00","","7,00","","4,80","","94,96","","","","-29,00","","Neige"
"1977-12-08 01:00","1977","12","08","01:00"," ","-23,50","","-26,00","","80,00","","4,00","","15,00","","6,40","","95,06","","","","-33,00","","Neige"
"1977-12-08 02:00","1977","12","08","02:00"," ","-23,30","","-25,20","","84,00","","3,00","","15,00","","12,90","","95,16","","","","-33,00","","Neige"
"1977-12-08 03:00","1977","12","08","03:00"," ","-24,00","","-26,60","","79,00","","2,00","","19,00","","6,40","","95,22","","","","-35,00","","Neige"
"1977-12-08 04:00","1977","12","08","04:00"," ","-24,30","","-26,20","","84,00","","1,00","","26,00","","4,80","","95,32","","","","-37,00","","Neige"
"1977-12-08 05:00","1977","12","08","05:00"," ","-25,80","","-27,70","","84,00","","36,00","","19,00","","12,90","","95,44","","","","-38,00","","Neige"
"1977-12-08 06:00","1977","12","08","06:00"," ","-25,60","","-27,20","","86,00","","36,00","","20,00","","8,00","","95,54","","","","-38,00","","Neige"
"1977-12-08 07:00","1977","12","08","07:00"," ","-26,10","","-27,70","","86,00","","35,00","","24,00","","4,80","","95,64","","","","-39,00","","Neige"
"1977-12-08 08:00","1977","12","08","08:00"," ","-26,80","","-28,70","","83,00","","34,00","","28,00","","4,80","","95,73","","","","-41,00","","Neige"
"1977-12-08 09:00","1977","12","08","09:00"," ","-27,10","","-28,70","","86,00","","35,00","","26,00","","2,00","","95,80","","","","-41,00","","Neige,Poudrerie élevée"
"1977-12-08 10:00","1977","12","08","10:00"," ","-27,10","","-28,70","","86,00","","35,00","","24,00","","2,00","","95,89","","","","-40,00","","Neige"
"1977-12-08 11:00","1977","12","08","11:00"," ","-26,80","","-28,70","","83,00","","34,00","","30,00","","2,40","","95,99","","","","-41,00","","Cristaux de glace"
"1977-12-08 12:00","1977","12","08","12:00"," ","-27,40","","-29,20","","84,00","","34,00","","28,00","","2,00","","96,02","","","","-42,00","","Neige"
"1977-12-08 13:00","1977","12","08","13:00"," ","-27,70","","-29,20","","87,00","","34,00","","28,00","","2,00","","96,05","","","","-42,00","","Neige"
"1977-12-08 14:00","1977","12","08","14:00"," ","-27,80","","-29,70","","83,00","","33,00","","26,00","","2,00","","96,12","","","","-42,00","","Neige"
"1977-12-08 15:00","1977","12","08","15:00"," ","-28,00","","-29,70","","85,00","","33,00","","33,00","","1,20","","96,18","","","","-44,00","","Neige,Poudrerie élevée"
"1977-12-08 16:00","1977","12","08","16:00"," ","-29,50","","-32,50","","75,00","","34,00","","28,00","","1,20","","96,28","","","","-45,00","","Cristaux de glace"
"1977-12-08 17:00","1977","12","08","17:00"," ","-30,40","","-32,10","","85,00","","33,00","","33,00","","1,60","","96,37","","","","-47,00","","Cristaux de glace"
"1977-12-08 18:00","1977","12","08","18:00"," ","-31,20","","-32,50","","88,00","","33,00","","28,00","","1,60","","96,44","","","","-47,00","","Cristaux de glace"
"1977-12-08 19:00","1977","12","08","19:00"," ","-32,40","","-33,90","","86,00","","32,00","","26,00","","1,60","","96,47","","","","-48,00","","Cristaux de glace"
"1977-12-08 20:00","1977","12","08","20:00"," ","-32,40","","-33,90","","86,00","","31,00","","24,00","","1,60","","96,60","","","","-47,00","","Cristaux de glace"
"1977-12-08 21:00","1977","12","08","21:00"," ","-32,90","","-34,40","","86,00","","31,00","","24,00","","1,60","","96,60","","","","-48,00","","Cristaux de glace"
"1977-12-08 22:00","1977","12","08","22:00"," ","-33,50","","-34,80","","88,00","","31,00","","26,00","","1,60","","96,63","","","","-49,00","","Cristaux de glace"
"1977-12-08 23:00","1977","12","08","23:00"," ","-33,90","","-35,30","","87,00","","31,00","","28,00","","2,40","","96,69","","","","-50,00","","Cristaux de glace"
"1977-12-09 00:00","1977","12","09","00:00"," ","-33,90","","-35,30","","87,00","","31,00","","26,00","","3,20","","96,76","","","","-50,00","","Cristaux de glace"
"1977-12-09 01:00","1977","12","09","01:00"," ","-34,00","","-35,30","","88,00","","31,00","","26,00","","2,40","","96,76","","","","-50,00","","Cristaux de glace"
"1977-12-09 02:00","1977","12","09","02:00"," ","-34,40","","-35,70","","88,00","","31,00","","30,00","","2,40","","96,79","","","","-51,00","","Cristaux de glace"
"1977-12-09 03:00","1977","12","09","03:00"," ","-34,50","","-35,70","","89,00","","33,00","","26,00","","2,40","","96,82","","","","-51,00","","Cristaux de glace"
"1977-12-09 04:00","1977","12","09","04:00"," ","-34,50","","-35,70","","89,00","","31,00","","24,00","","3,20","","96,85","","","","-50,00","","Cristaux de glace"
"1977-12-09 05:00","1977","12","09","05:00"," ","-34,70","","-35,70","","91,00","","32,00","","28,00","","3,20","","96,85","","","","-51,00","","Cristaux de glace"
"1977-12-09 06:00","1977","12","09","06:00"," ","-34,80","","-36,20","","87,00","","31,00","","24,00","","3,20","","96,89","","","","-50,00","","Cristaux de glace"
"1977-12-09 07:00","1977","12","09","07:00"," ","-34,90","","-36,20","","88,00","","31,00","","19,00","","3,20","","96,92","","","","-49,00","","Cristaux de glace"
"1977-12-09 08:00","1977","12","09","08:00"," ","-35,00","","-36,20","","89,00","","30,00","","19,00","","4,00","","97,02","","","","-49,00","","Cristaux de glace"
"1977-12-09 09:00","1977","12","09","09:00"," ","-34,50","","-35,70","","89,00","","31,00","","17,00","","2,40","","96,98","","","","-48,00","","Cristaux de glace"
"1977-12-09 10:00","1977","12","09","10:00"," ","-35,70","","-36,60","","92,00","","34,00","","11,00","","12,90","","96,95","","","","-47,00","","Cristaux de glace"
"1977-12-09 11:00","1977","12","09","11:00"," ","-34,50","","-35,70","","89,00","","27,00","","17,00","","9,70","","97,02","","","","-48,00","","Cristaux de glace"
"1977-12-09 12:00","1977","12","09","12:00"," ","-33,50","","-34,80","","88,00","","26,00","","22,00","","9,70","","97,02","","","","-48,00","","Cristaux de glace"
"1977-12-09 13:00","1977","12","09","13:00"," ","-31,90","","-33,50","","85,00","","31,00","","9,00","","9,70","","96,92","","","","-41,00","","Cristaux de glace"
"1977-12-09 14:00","1977","12","09","14:00"," ","-31,20","","-34,10","","75,00","","28,00","","11,00","","3,20","","96,82","","","","-41,00","","Cristaux de glace"
"1977-12-09 15:00","1977","12","09","15:00"," ","-30,60","","-33,60","","75,00","","27,00","","11,00","","16,10","","96,79","","","","-40,00","","Cristaux de glace"
"1977-12-09 16:00","1977","12","09","16:00"," ","-30,90","","-32,50","","86,00","","29,00","","4,00","","4,80","","96,73","","","","-35,00","","Cristaux de glace"
"1977-12-09 17:00","1977","12","09","17:00"," ","-31,50","","-33,00","","86,00","","25,00","","9,00","","16,10","","96,69","","","","-40,00","","Cristaux de glace"
"1977-12-09 18:00","1977","12","09","18:00"," ","-31,80","","-33,50","","84,00","","24,00","","7,00","","19,30","","96,66","","","","-39,00","","Cristaux de glace"
"1977-12-09 19:00","1977","12","09","19:00"," ","-32,20","","-33,50","","88,00","","22,00","","7,00","","24,10","","96,63","","","","-40,00","","Cristaux de glace"
"1977-12-09 20:00","1977","12","09","20:00"," ","-32,70","","-33,90","","89,00","","0,00","","0,00","","24,10","","96,57","","","","","","Cristaux de glace"
"1977-12-09 21:00","1977","12","09","21:00"," ","-31,50","","-33,00","","86,00","","0,00","","0,00","","24,10","","96,53","","","","","","Dégagé"
"1977-12-09 22:00","1977","12","09","22:00"," ","-31,10","","-32,50","","87,00","","0,00","","0,00","","24,10","","96,50","","","","","","Dégagé"
"1977-12-09 23:00","1977","12","09","23:00"," ","-30,80","","-32,50","","85,00","","10,00","","9,00","","24,10","","96,41","","","","-40,00","","Dégagé"
"1977-12-10 00:00","1977","12","10","00:00"," ","-31,20","","-32,50","","88,00","","10,00","","9,00","","32,20","","96,31","","","","-40,00","","Dégagé"
"1977-12-10 01:00","1977","12","10","01:00"," ","-30,80","","-32,50","","85,00","","10,00","","15,00","","24,10","","96,28","","","","-42,00","","Généralement nuageux"
"1977-12-10 02:00","1977","12","10","02:00"," ","-29,70","","-31,10","","88,00","","12,00","","22,00","","24,10","","96,18","","","","-43,00","","Cristaux de glace"
"1977-12-10 03:00","1977","12","10","03:00"," ","-28,50","","-30,10","","86,00","","12,00","","20,00","","24,10","","96,12","","","","-41,00","","Cristaux de glace"
"1977-12-10 04:00","1977","12","10","04:00"," ","-27,80","","-29,70","","83,00","","11,00","","26,00","","19,30","","96,05","","","","-42,00","","Cristaux de glace"
"1977-12-10 05:00","1977","12","10","05:00"," ","-27,50","","-29,20","","85,00","","10,00","","26,00","","19,30","","95,99","","","","-41,00","","Cristaux de glace"
"1977-12-10 06:00","1977","12","10","06:00"," ","-27,30","","-29,20","","83,00","","12,00","","24,00","","19,30","","95,89","","","","-41,00","","Cristaux de glace"
"1977-12-10 07:00","1977","12","10","07:00"," ","-27,90","","-29,70","","84,00","","12,00","","19,00","","24,10","","95,89","","","","-40,00","","Cristaux de glace"
"1977-12-10 08:00","1977","12","10","08:00"," ","-28,50","","-30,10","","86,00","","11,00","","22,00","","24,10","","95,80","","","","-42,00","","Cristaux de glace"
"1977-12-10 09:00","1977","12","10","09:00"," ","-28,50","","-31,40","","76,00","","12,00","","17,00","","24,10","","95,83","","","","-40,00","","Cristaux de glace"
"1977-12-10 10:00","1977","12","10","10:00"," ","-28,40","","-31,40","","75,00","","11,00","","17,00","","24,10","","95,80","","","","-40,00","","Cristaux de glace"
"1977-12-10 11:00","1977","12","10","11:00"," ","-27,40","","-30,40","","75,00","","11,00","","19,00","","24,10","","95,76","","","","-40,00","","Cristaux de glace"
"1977-12-10 12:00","1977","12","10","12:00"," ","-26,70","","-29,30","","79,00","","12,00","","19,00","","24,10","","95,73","","","","-39,00","","Cristaux de glace"
"1977-12-10 13:00","1977","12","10","13:00"," ","-26,20","","-28,80","","79,00","","12,00","","22,00","","24,10","","95,70","","","","-39,00","","Cristaux de glace"
"1977-12-10 14:00","1977","12","10","14:00"," ","-26,20","","-28,80","","79,00","","12,00","","24,00","","24,10","","95,64","","","","-39,00","","Cristaux de glace"
"1977-12-10 15:00","1977","12","10","15:00"," ","-25,60","","-28,20","","79,00","","12,00","","26,00","","24,10","","95,54","","","","-39,00","","Cristaux de glace"
"1977-12-10 16:00","1977","12","10","16:00"," ","-26,10","","-28,80","","78,00","","12,00","","24,00","","19,30","","95,48","","","","-39,00","","Cristaux de glace"
"1977-12-10 17:00","1977","12","10","17:00"," ","-25,80","","-28,80","","76,00","","11,00","","22,00","","19,30","","95,51","","","","-38,00","","Cristaux de glace"
"1977-12-10 18:00","1977","12","10","18:00"," ","-26,10","","-28,80","","78,00","","12,00","","37,00","","19,30","","95,41","","","","-42,00","","Cristaux de glace"
"1977-12-10 19:00","1977","12","10","19:00"," ","-24,80","","-27,70","","77,00","","11,00","","30,00","","19,30","","95,41","","","","-39,00","","Cristaux de glace"
"1977-12-10 20:00","1977","12","10","20:00"," ","-23,90","","-26,60","","79,00","","13,00","","33,00","","19,30","","95,25","","","","-38,00","","Cristaux de glace"
"1977-12-10 21:00","1977","12","10","21:00"," ","-23,10","","-25,50","","81,00","","13,00","","31,00","","24,10","","95,22","","","","-37,00","","Cristaux de glace"
"1977-12-10 22:00","1977","12","10","22:00"," ","-22,00","","-24,40","","81,00","","13,00","","26,00","","24,10","","95,09","","","","-34,00","","Cristaux de glace"
"1977-12-10 23:00","1977","12","10","23:00"," ","-21,40","","-23,90","","80,00","","12,00","","26,00","","24,10","","94,96","","","","-34,00","","Cristaux de glace"
"1977-12-11 00:00","1977","12","11","00:00"," ","-20,40","","-22,80","","81,00","","12,00","","37,00","","24,10","","94,83","","","","-34,00","","Cristaux de glace"
"1977-12-11 01:00","1977","12","11","01:00"," ","-19,20","","-22,50","","75,00","","12,00","","33,00","","24,10","","94,67","","","","-32,00","","Cristaux de glace"
"1977-12-11 02:00","1977","12","11","02:00"," ","-18,00","","-21,30","","75,00","","13,00","","31,00","","24,10","","94,61","","","","-30,00","","Cristaux de glace"
"1977-12-11 03:00","1977","12","11","03:00"," ","-17,60","","-20,70","","77,00","","14,00","","28,00","","24,10","","94,48","","","","-29,00","","Cristaux de glace"
"1977-12-11 04:00","1977","12","11","04:00"," ","-17,50","","-20,10","","80,00","","13,00","","24,00","","24,10","","94,35","","","","-28,00","","Cristaux de glace"
"1977-12-11 05:00","1977","12","11","05:00"," ","-16,80","","-19,50","","79,00","","14,00","","28,00","","32,20","","94,16","","","","-28,00","","Généralement nuageux"
"1977-12-11 06:00","1977","12","11","06:00"," ","-16,00","","-19,00","","78,00","","14,00","","26,00","","32,20","","93,97","","","","-27,00","","Généralement nuageux"
"1977-12-11 07:00","1977","12","11","07:00"," ","-15,00","","-18,30","","76,00","","13,00","","20,00","","32,20","","93,84","","","","-24,00","","Généralement dégagé"
"1977-12-11 08:00","1977","12","11","08:00"," ","-14,50","","-17,20","","80,00","","14,00","","15,00","","32,20","","93,78","","","","-22,00","","Généralement nuageux"
"1977-12-11 09:00","1977","12","11","09:00"," ","-12,90","","-15,90","","78,00","","14,00","","9,00","","32,20","","93,71","","","","-18,00","","Généralement nuageux"
"1977-12-11 10:00","1977","12","11","10:00"," ","-11,70","","-15,10","","76,00","","13,00","","9,00","","32,20","","93,58","","","","-17,00","","Généralement nuageux"
"1977-12-11 11:00","1977","12","11","11:00"," ","-10,40","","-13,40","","79,00","","16,00","","7,00","","32,20","","93,49","","","","-14,00","","Généralement nuageux"
"1977-12-11 12:00","1977","12","11","12:00"," ","-8,10","","-12,30","","72,00","","22,00","","2,00","","32,20","","93,39","","","","-9,00","","Généralement nuageux"
"1977-12-11 13:00","1977","12","11","13:00"," ","-3,10","","-6,20","","79,00","","23,00","","22,00","","32,20","","93,23","","","","-9,00","","Généralement nuageux"
"1977-12-11 14:00","1977","12","11","14:00"," ","-2,80","","-5,90","","79,00","","25,00","","28,00","","32,20","","93,20","","","","-10,00","","Généralement nuageux"
"1977-12-11 15:00","1977","12","11","15:00"," ","-2,80","","-5,30","","83,00","","24,00","","33,00","","32,20","","93,14","","","","-10,00","","Généralement nuageux"
"1977-12-11 16:00","1977","12","11","16:00"," ","-1,30","","-4,70","","77,00","","24,00","","39,00","","32,20","","93,10","","","","-9,00","","Généralement nuageux"
"1977-12-11 17:00","1977","12","11","17:00"," ","-0,90","","-4,00","","79,00","","24,00","","33,00","","32,20","","93,14","","","","-8,00","","Généralement dégagé"
"1977-12-11 18:00","1977","12","11","18:00"," ","0,00","","-2,50","","83,00","","24,00","","31,00","","32,20","","93,10","","","","-7,00","","Généralement dégagé"
"1977-12-11 19:00","1977","12","11","19:00"," ","0,60","","-2,40","","80,00","","24,00","","37,00","","32,20","","93,10","","","","","","Généralement dégagé"
"1977-12-11 20:00","1977","12","11","20:00"," ","-0,10","","-2,40","","85,00","","24,00","","31,00","","32,20","","93,10","","","","-7,00","","Dégagé"
"1977-12-11 21:00","1977","12","11","21:00"," ","-1,00","","-3,50","","83,00","","25,00","","28,00","","32,20","","93,10","","","","-8,00","","Dégagé"
"1977-12-11 22:00","1977","12","11","22:00"," ","-1,00","","-3,50","","83,00","","25,00","","28,00","","32,20","","93,14","","","","-8,00","","Dégagé"
"1977-12-11 23:00","1977","12","11","23:00"," ","-1,70","","-4,10","","84,00","","24,00","","30,00","","32,20","","93,20","","","","-9,00","","Dégagé"
"1977-12-12 00:00","1977","12","12","00:00"," ","-2,00","","-4,70","","82,00","","25,00","","22,00","","32,20","","93,20","","","","-8,00","","Dégagé"
"1977-12-12 01:00","1977","12","12","01:00"," ","-2,40","","-4,50","","85,00","","27,00","","22,00","","32,20","","93,20","","","","-9,00","","Généralement dégagé"
"1977-12-12 02:00","1977","12","12","02:00"," ","-2,80","","-5,30","","83,00","","25,00","","15,00","","32,20","","93,20","","","","-8,00","","Généralement nuageux"
"1977-12-12 03:00","1977","12","12","03:00"," ","-5,30","","-7,10","","87,00","","24,00","","19,00","","32,20","","93,23","","","","-12,00","","Généralement nuageux"
"1977-12-12 04:00","1977","12","12","04:00"," ","-3,20","","-5,10","","87,00","","22,00","","9,00","","32,20","","93,26","","","","-7,00","","Généralement nuageux"
"1977-12-12 05:00","1977","12","12","05:00"," ","-4,60","","-6,20","","88,00","","0,00","","0,00","","32,20","","93,23","","","","","","Généralement nuageux"
"1977-12-12 06:00","1977","12","12","06:00"," ","-3,40","","-5,40","","86,00","","0,00","","0,00","","32,20","","93,23","","","","","","Nuageux"
"1977-12-12 07:00","1977","12","12","07:00"," ","-4,80","","-6,80","","86,00","","0,00","","0,00","","32,20","","93,23","","","","","","Nuageux"
"1977-12-12 08:00","1977","12","12","08:00"," ","-5,00","","-6,50","","89,00","","20,00","","15,00","","32,20","","93,23","","","","-11,00","","Généralement nuageux"
"1977-12-12 09:00","1977","12","12","09:00"," ","0,00","","-3,30","","79,00","","23,00","","11,00","","32,20","","93,30","","","","-4,00","","Généralement nuageux"
"1977-12-12 10:00","1977","12","12","10:00"," ","0,00","","-2,50","","83,00","","24,00","","20,00","","32,20","","93,30","","","","-5,00","","Généralement nuageux"
"1977-12-12 11:00","1977","12","12","11:00"," ","0,00","","-2,50","","83,00","","24,00","","19,00","","32,20","","93,33","","","","-5,00","","Généralement dégagé"
"1977-12-12 12:00","1977","12","12","12:00"," ","0,30","","-2,90","","79,00","","24,00","","15,00","","32,20","","93,33","","","","","","Généralement dégagé"
"1977-12-12 13:00","1977","12","12","13:00"," ","1,70","","-2,80","","72,00","","26,00","","19,00","","32,20","","93,33","","","","","","Averses de neige"
"1977-12-12 14:00","1977","12","12","14:00"," ","1,80","","-0,30","","86,00","","27,00","","20,00","","32,20","","93,33","","","","","","Généralement nuageux"
"1977-12-12 15:00","1977","12","12","15:00"," ","1,70","","-0,40","","86,00","","28,00","","20,00","","32,20","","93,36","","","","","","Généralement nuageux"
"1977-12-12 16:00","1977","12","12","16:00"," ","2,00","","-0,30","","85,00","","32,00","","20,00","","32,20","","93,42","","","","","","Généralement nuageux"
"1977-12-12 17:00","1977","12","12","17:00"," ","1,60","","-1,40","","80,00","","30,00","","26,00","","32,20","","93,62","","","","","","Généralement nuageux"
"1977-12-12 18:00","1977","12","12","18:00"," ","-4,80","","-7,50","","81,00","","32,00","","28,00","","32,20","","93,71","","","","-12,00","","Généralement nuageux"
"1977-12-12 19:00","1977","12","12","19:00"," ","-5,00","","-7,50","","83,00","","32,00","","19,00","","32,20","","93,81","","","","-11,00","","Nuageux"
"1977-12-12 20:00","1977","12","12","20:00"," ","-5,20","","-7,50","","84,00","","33,00","","7,00","","24,10","","93,87","","","","-8,00","","Nuageux"
"1977-12-12 21:00","1977","12","12","21:00"," ","-5,50","","-6,80","","91,00","","32,00","","13,00","","2,40","","93,91","","","","-11,00","","Bruine verglaçante,Brouillard"
"1977-12-12 22:00","1977","12","12","22:00"," ","-5,90","","-7,10","","91,00","","31,00","","9,00","","1,60","","93,94","","","","-10,00","","Brouillard"
"1977-12-12 23:00","1977","12","12","23:00"," ","-6,30","","-7,60","","90,00","","0,00","","0,00","","0,80","","93,97","","","","","","Brouillard"
"1977-12-13 00:00","1977","12","13","00:00"," ","-5,70","","-6,50","","94,00","","0,00","","0,00","","0,80","","93,97","","","","","","Brouillard"
"1977-12-13 01:00","1977","12","13","01:00"," ","-5,50","","-6,20","","95,00","","0,00","","0,00","","0,80","","94,00","","","","","","Brouillard"
"1977-12-13 02:00","1977","12","13","02:00"," ","-5,50","","-6,20","","95,00","","0,00","","0,00","","0,40","","94,00","","","","","","Brouillard"
"1977-12-13 03:00","1977","12","13","03:00"," ","-5,70","","-5,90","","99,00","","0,00","","0,00","","0,40","","94,03","","","","","","Brouillard"
"1977-12-13 04:00","1977","12","13","04:00"," ","-6,00","","-6,50","","96,00","","36,00","","4,00","","0,40","","94,07","","","","-8,00","","Brouillard"
"1977-12-13 05:00","1977","12","13","05:00"," ","-6,20","","-6,50","","98,00","","30,00","","11,00","","0,40","","94,13","","","","-11,00","","Brouillard"
"1977-12-13 06:00","1977","12","13","06:00"," ","-6,50","","-7,00","","96,00","","29,00","","6,00","","0,40","","94,16","","","","-9,00","","Brouillard"
"1977-12-13 07:00","1977","12","13","07:00"," ","-6,80","","-7,60","","94,00","","30,00","","9,00","","0,80","","94,19","","","","-11,00","","Brouillard"
"1977-12-13 08:00","1977","12","13","08:00"," ","-7,10","","-7,60","","96,00","","30,00","","13,00","","1,20","","94,26","","","","-13,00","","Brouillard"
"1977-12-13 09:00","1977","12","13","09:00"," ","-7,50","","-8,10","","95,00","","28,00","","9,00","","1,20","","94,26","","","","-12,00","","Brouillard"
"1977-12-13 10:00","1977","12","13","10:00"," ","-7,70","","-8,10","","97,00","","31,00","","6,00","","4,00","","94,26","","","","-11,00","","Neige,Brouillard"
"1977-12-13 11:00","1977","12","13","11:00"," ","-7,70","","-8,40","","95,00","","0,00","","0,00","","4,80","","94,29","","","","","","Neige en grains,Brouillard"
"1977-12-13 12:00","1977","12","13","12:00"," ","-7,50","","-8,40","","93,00","","27,00","","4,00","","2,40","","94,29","","","","-10,00","","Neige en grains,Brouillard"
"1977-12-13 13:00","1977","12","13","13:00"," ","-7,60","","-9,10","","89,00","","24,00","","4,00","","8,00","","94,23","","","","-10,00","","Neige,Brouillard"
"1977-12-13 14:00","1977","12","13","14:00"," ","-7,50","","-8,40","","93,00","","21,00","","4,00","","8,00","","94,19","","","","-10,00","","Neige,Brouillard"
"1977-12-13 15:00","1977","12","13","15:00"," ","-7,50","","-8,40","","93,00","","0,00","","0,00","","12,90","","94,19","","","","","","Nuageux"
"1977-12-13 16:00","1977","12","13","16:00"," ","-7,00","","-7,90","","93,00","","0,00","","0,00","","16,10","","94,13","","","","","","Nuageux"
"1977-12-13 17:00","1977","12","13","17:00"," ","-7,20","","-7,90","","95,00","","15,00","","6,00","","16,10","","94,13","","","","-10,00","","Nuageux"
"1977-12-13 18:00","1977","12","13","18:00"," ","-6,80","","-7,90","","92,00","","14,00","","9,00","","12,90","","94,10","","","","-11,00","","Nuageux"
"1977-12-13 19:00","1977","12","13","19:00"," ","-6,90","","-7,90","","93,00","","13,00","","17,00","","12,90","","94,00","","","","-13,00","","Nuageux"
"1977-12-13 20:00","1977","12","13","20:00"," ","-7,10","","-7,90","","94,00","","15,00","","11,00","","9,70","","93,97","","","","-12,00","","Brouillard"
"1977-12-13 21:00","1977","12","13","21:00"," ","-7,50","","-8,40","","93,00","","12,00","","11,00","","2,40","","93,94","","","","-13,00","","Brouillard"
"1977-12-13 22:00","1977","12","13","22:00"," ","-7,70","","-8,40","","95,00","","11,00","","9,00","","4,00","","93,87","","","","-12,00","","Brouillard"
"1977-12-13 23:00","1977","12","13","23:00"," ","-7,90","","-9,00","","92,00","","11,00","","11,00","","4,00","","93,78","","","","-13,00","","Brouillard"
"1977-12-14 00:00","1977","12","14","00:00"," ","-9,40","","-10,70","","90,00","","12,00","","7,00","","16,10","","93,78","","","","-13,00","","Dégagé"
"1977-12-14 01:00","1977","12","14","01:00"," ","-9,40","","-10,70","","90,00","","10,00","","17,00","","9,70","","93,68","","","","-16,00","","Brouillard"
"1977-12-14 02:00","1977","12","14","02:00"," ","-9,20","","-9,80","","96,00","","11,00","","13,00","","24,10","","93,68","","","","-15,00","","Dégagé"
"1977-12-14 03:00","1977","12","14","03:00"," ","-9,70","","-10,30","","96,00","","10,00","","13,00","","32,20","","93,65","","","","-16,00","","Dégagé"
"1977-12-14 04:00","1977","12","14","04:00"," ","-9,90","","-11,20","","90,00","","10,00","","13,00","","32,20","","93,62","","","","-16,00","","Dégagé"
"1977-12-14 05:00","1977","12","14","05:00"," ","-9,40","","-10,70","","90,00","","12,00","","13,00","","24,10","","93,49","","","","-15,00","","Généralement dégagé"
"1977-12-14 06:00","1977","12","14","06:00"," ","-9,60","","-10,70","","92,00","","12,00","","15,00","","24,10","","93,42","","","","-16,00","","Généralement nuageux"
"1977-12-14 07:00","1977","12","14","07:00"," ","-9,40","","-10,70","","90,00","","11,00","","13,00","","32,20","","93,46","","","","-15,00","","Nuageux"
"1977-12-14 08:00","1977","12","14","08:00"," ","-9,10","","-10,10","","92,00","","11,00","","13,00","","32,20","","93,39","","","","-15,00","","Généralement nuageux"
"1977-12-14 09:00","1977","12","14","09:00"," ","-7,00","","-7,90","","93,00","","10,00","","15,00","","16,10","","93,36","","","","-13,00","","Pluie verglaçante"
"1977-12-14 10:00","1977","12","14","10:00"," ","-5,00","","-5,60","","95,00","","15,00","","6,00","","16,10","","93,42","","","","-8,00","","Pluie verglaçante"
"1977-12-14 11:00","1977","12","14","11:00"," ","-3,40","","-4,00","","96,00","","10,00","","13,00","","8,00","","93,36","","","","-8,00","","Pluie verglaçante,Brouillard"
"1977-12-14 12:00","1977","12","14","12:00"," ","-2,90","","-3,40","","96,00","","12,00","","9,00","","16,10","","93,33","","","","-6,00","","Pluie verglaçante"
"1977-12-14 13:00","1977","12","14","13:00"," ","-2,30","","-2,60","","98,00","","12,00","","9,00","","2,40","","93,26","","","","-6,00","","Bruine verglaçante,Brouillard"
"1977-12-14 14:00","1977","12","14","14:00"," ","-2,00","","-2,30","","98,00","","9,00","","7,00","","2,40","","93,23","","","","-5,00","","Bruine verglaçante,Brouillard"
"1977-12-14 15:00","1977","12","14","15:00"," ","-2,30","","-2,60","","98,00","","10,00","","6,00","","11,30","","93,30","","","","-5,00","","Nuageux"
"1977-12-14 16:00","1977","12","14","16:00"," ","-2,40","","-2,60","","98,00","","10,00","","4,00","","16,10","","93,30","","","","-4,00","","Nuageux"
"1977-12-14 17:00","1977","12","14","17:00"," ","-3,00","","-3,40","","97,00","","10,00","","7,00","","19,30","","93,33","","","","-6,00","","Nuageux"
"1977-12-14 18:00","1977","12","14","18:00"," ","-3,20","","-3,40","","99,00","","13,00","","2,00","","19,30","","93,39","","","","-4,00","","Nuageux"
"1977-12-14 19:00","1977","12","14","19:00"," ","-3,20","","-3,40","","99,00","","8,00","","2,00","","9,70","","93,42","","","","-4,00","","Bruine verglaçante,Brouillard"
"1977-12-14 20:00","1977","12","14","20:00"," ","-3,60","","-3,70","","99,00","","8,00","","2,00","","0,40","","93,49","","","","-4,00","","Bruine verglaçante,Brouillard"
"1977-12-14 21:00","1977","12","14","21:00"," ","-3,70","","-3,70","","100,00","","8,00","","2,00","","0,40","","93,49","","","","-5,00","","Bruine verglaçante,Brouillard"
"1977-12-14 22:00","1977","12","14","22:00"," ","-3,80","","-4,20","","97,00","","8,00","","7,00","","0,40","","93,46","","","","-7,00","","Bruine verglaçante,Brouillard"
"1977-12-14 23:00","1977","12","14","23:00"," ","-4,10","","-4,20","","99,00","","0,00","","0,00","","0,40","","93,55","","","","","","Brouillard"
"1977-12-15 00:00","1977","12","15","00:00"," ","-4,00","","-4,50","","96,00","","13,00","","4,00","","0,40","","93,52","","","","-6,00","","Bruine verglaçante,Brouillard"
"1977-12-15 01:00","1977","12","15","01:00"," ","-3,70","","-3,70","","100,00","","15,00","","6,00","","0,40","","93,55","","","","-6,00","","Bruine verglaçante,Brouillard"
"1977-12-15 02:00","1977","12","15","02:00"," ","-3,40","","-4,00","","96,00","","16,00","","6,00","","0,40","","93,55","","","","-6,00","","Bruine verglaçante,Brouillard"
"1977-12-15 03:00","1977","12","15","03:00"," ","-3,20","","-3,40","","99,00","","0,00","","0,00","","0,40","","93,55","","","","","","Brouillard"
"1977-12-15 04:00","1977","12","15","04:00"," ","-3,30","","-4,00","","95,00","","0,00","","0,00","","0,40","","93,55","","","","","","Brouillard"
"1977-12-15 05:00","1977","12","15","05:00"," ","-3,40","","-4,00","","96,00","","13,00","","7,00","","0,80","","93,49","","","","-6,00","","Brouillard"
"1977-12-15 06:00","1977","12","15","06:00"," ","-3,60","","-4,00","","97,00","","10,00","","7,00","","0,80","","93,42","","","","-7,00","","Brouillard"
"1977-12-15 07:00","1977","12","15","07:00"," ","-4,00","","-4,50","","96,00","","12,00","","9,00","","0,80","","93,39","","","","-8,00","","Brouillard"
"1977-12-15 08:00","1977","12","15","08:00"," ","-4,40","","-5,10","","95,00","","11,00","","15,00","","0,80","","93,30","","","","-10,00","","Brouillard"
"1977-12-15 09:00","1977","12","15","09:00"," ","-4,40","","-4,80","","97,00","","13,00","","13,00","","1,20","","93,30","","","","-9,00","","Brouillard"
"1977-12-15 10:00","1977","12","15","10:00"," ","-4,50","","-5,10","","95,00","","12,00","","17,00","","0,80","","93,30","","","","-10,00","","Brouillard"
"1977-12-15 11:00","1977","12","15","11:00"," ","-4,50","","-5,10","","95,00","","12,00","","17,00","","1,60","","93,23","","","","-10,00","","Brouillard"
"1977-12-15 12:00","1977","12","15","12:00"," ","-4,50","","-5,10","","95,00","","12,00","","17,00","","0,80","","93,20","","","","-10,00","","Brouillard"
"1977-12-15 13:00","1977","12","15","13:00"," ","-4,10","","-4,20","","99,00","","12,00","","17,00","","0,80","","93,14","","","","-10,00","","Brouillard"
"1977-12-15 14:00","1977","12","15","14:00"," ","-4,10","","-4,20","","99,00","","12,00","","4,00","","1,20","","93,07","","","","-6,00","","Brouillard"
"1977-12-15 15:00","1977","12","15","15:00"," ","-3,80","","-4,50","","95,00","","11,00","","19,00","","2,40","","93,04","","","","-10,00","","Brouillard"
"1977-12-15 16:00","1977","12","15","16:00"," ","-3,60","","-4,00","","97,00","","11,00","","17,00","","1,60","","93,01","","","","-9,00","","Brouillard"
"1977-12-15 17:00","1977","12","15","17:00"," ","-3,80","","-4,50","","95,00","","11,00","","20,00","","1,60","","92,98","","","","-10,00","","Brouillard"
"1977-12-15 18:00","1977","12","15","18:00"," ","-3,60","","-4,00","","97,00","","12,00","","20,00","","0,60","","93,04","","","","-10,00","","Brouillard"
"1977-12-15 19:00","1977","12","15","19:00"," ","-3,30","","-4,00","","95,00","","12,00","","17,00","","0,60","","93,01","","","","-9,00","","Brouillard"
"1977-12-15 20:00","1977","12","15","20:00"," ","-3,30","","-4,00","","95,00","","12,00","","15,00","","1,20","","93,07","","","","-8,00","","Brouillard"
"1977-12-15 21:00","1977","12","15","21:00"," ","-3,30","","-4,00","","95,00","","11,00","","20,00","","1,20","","93,04","","","","-9,00","","Brouillard"
"1977-12-15 22:00","1977","12","15","22:00"," ","-3,50","","-4,00","","96,00","","11,00","","20,00","","1,20","","93,01","","","","-10,00","","Brouillard"
"1977-12-15 23:00","1977","12","15","23:00"," ","-3,60","","-3,70","","99,00","","10,00","","17,00","","0,40","","93,04","","","","-9,00","","Brouillard"
"1977-12-16 00:00","1977","12","16","00:00"," ","-3,70","","-3,70","","100,00","","11,00","","19,00","","1,20","","93,04","","","","-10,00","","Brouillard"
"1977-12-16 01:00","1977","12","16","01:00"," ","-3,80","","-4,20","","97,00","","10,00","","19,00","","1,20","","93,04","","","","-10,00","","Brouillard"
"1977-12-16 02:00","1977","12","16","02:00"," ","-3,80","","-4,20","","97,00","","10,00","","13,00","","1,20","","93,04","","","","-9,00","","Brouillard"
"1977-12-16 03:00","1977","12","16","03:00"," ","-3,80","","-4,20","","97,00","","10,00","","15,00","","1,20","","93,04","","","","-9,00","","Brouillard"
"1977-12-16 04:00","1977","12","16","04:00"," ","-4,50","","-4,80","","98,00","","10,00","","15,00","","0,80","","93,07","","","","-10,00","","Averses de neige,Brouillard"
"1977-12-16 05:00","1977","12","16","05:00"," ","-4,60","","-4,80","","99,00","","10,00","","11,00","","1,60","","93,07","","","","-9,00","","Bruine verglaçante,Brouillard"
"1977-12-16 06:00","1977","12","16","06:00"," ","-5,00","","-5,60","","95,00","","10,00","","15,00","","8,00","","93,07","","","","-11,00","","Neige"
"1977-12-16 07:00","1977","12","16","07:00"," ","-5,20","","-5,60","","97,00","","10,00","","13,00","","8,00","","93,14","","","","-10,00","","Neige"
"1977-12-16 08:00","1977","12","16","08:00"," ","-5,40","","-6,20","","94,00","","9,00","","13,00","","0,80","","93,17","","","","-11,00","","Neige modérée"
"1977-12-16 09:00","1977","12","16","09:00"," ","-5,40","","-6,20","","94,00","","9,00","","13,00","","2,40","","93,23","","","","-11,00","","Neige"
"1977-12-16 10:00","1977","12","16","10:00"," ","-5,20","","-5,60","","97,00","","9,00","","13,00","","1,60","","93,23","","","","-10,00","","Neige"
"1977-12-16 11:00","1977","12","16","11:00"," ","-5,00","","-5,60","","95,00","","9,00","","11,00","","1,20","","93,30","","","","-10,00","","Neige"
"1977-12-16 12:00","1977","12","16","12:00"," ","-5,00","","-5,60","","95,00","","9,00","","11,00","","4,00","","93,30","","","","-10,00","","Neige"
"1977-12-16 13:00","1977","12","16","13:00"," ","-5,00","","-5,60","","95,00","","9,00","","13,00","","3,20","","93,30","","","","-10,00","","Neige"
"1977-12-16 14:00","1977","12","16","14:00"," ","-5,00","","-5,60","","95,00","","9,00","","11,00","","2,00","","93,30","","","","-10,00","","Neige"
"1977-12-16 15:00","1977","12","16","15:00"," ","-5,00","","-5,60","","95,00","","8,00","","11,00","","6,40","","93,36","","","","-10,00","","Neige,Brouillard"
"1977-12-16 16:00","1977","12","16","16:00"," ","-5,20","","-5,60","","97,00","","9,00","","11,00","","4,80","","93,39","","","","-10,00","","Neige,Brouillard"
"1977-12-16 17:00","1977","12","16","17:00"," ","-5,20","","-5,60","","97,00","","9,00","","11,00","","6,40","","93,46","","","","-10,00","","Neige"
"1977-12-16 18:00","1977","12","16","18:00"," ","-5,30","","-6,20","","93,00","","10,00","","7,00","","9,70","","93,52","","","","-9,00","","Neige"
"1977-12-16 19:00","1977","12","16","19:00"," ","-5,30","","-6,20","","93,00","","9,00","","6,00","","16,10","","93,55","","","","-8,00","","Neige"
"1977-12-16 20:00","1977","12","16","20:00"," ","-5,30","","-6,50","","91,00","","9,00","","4,00","","19,30","","93,58","","","","-7,00","","Neige"
"1977-12-16 21:00","1977","12","16","21:00"," ","-5,30","","-6,50","","91,00","","11,00","","2,00","","19,30","","93,58","","","","-6,00","","Neige"
"1977-12-16 22:00","1977","12","16","22:00"," ","-5,30","","-6,50","","91,00","","6,00","","2,00","","16,10","","93,62","","","","-6,00","","Neige"
"1977-12-16 23:00","1977","12","16","23:00"," ","-5,60","","-6,20","","95,00","","5,00","","4,00","","2,00","","93,62","","","","-7,00","","Neige"
"1977-12-17 00:00","1977","12","17","00:00"," ","-5,60","","-6,20","","95,00","","3,00","","4,00","","1,00","","93,62","","","","-7,00","","Neige"
"1977-12-17 01:00","1977","12","17","01:00"," ","-5,70","","-6,20","","96,00","","0,00","","0,00","","2,40","","93,62","","","","","","Neige"
"1977-12-17 02:00","1977","12","17","02:00"," ","-5,70","","-6,20","","96,00","","2,00","","4,00","","4,80","","93,65","","","","-8,00","","Neige"
"1977-12-17 03:00","1977","12","17","03:00"," ","-5,50","","-6,20","","95,00","","0,00","","0,00","","6,40","","93,68","","","","","","Neige"
"1977-12-17 04:00","1977","12","17","04:00"," ","-5,90","","-6,80","","93,00","","35,00","","4,00","","6,40","","93,68","","","","-8,00","","Neige"
"1977-12-17 05:00","1977","12","17","05:00"," ","-6,10","","-6,80","","95,00","","30,00","","7,00","","6,40","","93,68","","","","-9,00","","Neige"
"1977-12-17 06:00","1977","12","17","06:00"," ","-6,50","","-7,30","","94,00","","31,00","","13,00","","6,40","","93,68","","","","-12,00","","Neige"
"1977-12-17 07:00","1977","12","17","07:00"," ","-6,70","","-7,60","","93,00","","32,00","","13,00","","4,80","","93,68","","","","-12,00","","Neige"
"1977-12-17 08:00","1977","12","17","08:00"," ","-6,80","","-8,20","","89,00","","32,00","","13,00","","6,40","","93,68","","","","-12,00","","Neige"
"1977-12-17 09:00","1977","12","17","09:00"," ","-7,00","","-7,90","","93,00","","32,00","","15,00","","6,40","","93,65","","","","-13,00","","Neige"
"1977-12-17 10:00","1977","12","17","10:00"," ","-7,50","","-8,40","","93,00","","33,00","","13,00","","3,20","","93,68","","","","-13,00","","Neige"
"1977-12-17 11:00","1977","12","17","11:00"," ","-7,50","","-8,40","","93,00","","34,00","","15,00","","6,40","","93,65","","","","-14,00","","Neige"
"1977-12-17 12:00","1977","12","17","12:00"," ","-7,30","","-8,80","","89,00","","33,00","","13,00","","8,00","","93,62","","","","-13,00","","Neige"
"1977-12-17 13:00","1977","12","17","13:00"," ","-7,40","","-8,40","","93,00","","32,00","","15,00","","1,20","","93,62","","","","-14,00","","Neige"
"1977-12-17 14:00","1977","12","17","14:00"," ","-7,50","","-8,40","","93,00","","33,00","","19,00","","1,60","","93,55","","","","-15,00","","Neige"
"1977-12-17 15:00","1977","12","17","15:00"," ","-7,40","","-8,40","","93,00","","31,00","","17,00","","1,60","","93,62","","","","-14,00","","Neige"
"1977-12-17 16:00","1977","12","17","16:00"," ","-7,50","","-8,40","","93,00","","31,00","","15,00","","1,20","","93,62","","","","-14,00","","Neige"
"1977-12-17 17:00","1977","12","17","17:00"," ","-7,70","","-8,40","","95,00","","32,00","","15,00","","1,60","","93,62","","","","-14,00","","Neige"
"1977-12-17 18:00","1977","12","17","18:00"," ","-7,80","","-9,00","","91,00","","33,00","","15,00","","2,00","","93,62","","","","-14,00","","Neige"
"1977-12-17 19:00","1977","12","17","19:00"," ","-8,10","","-9,00","","93,00","","31,00","","15,00","","3,20","","93,55","","","","-14,00","","Neige"
"1977-12-17 20:00","1977","12","17","20:00"," ","-8,20","","-9,00","","94,00","","32,00","","26,00","","3,20","","93,49","","","","-17,00","","Neige"
"1977-12-17 21:00","1977","12","17","21:00"," ","-8,50","","-9,60","","92,00","","32,00","","24,00","","4,00","","93,49","","","","-17,00","","Neige"
"1977-12-17 22:00","1977","12","17","22:00"," ","-9,10","","-10,10","","92,00","","31,00","","28,00","","12,90","","93,49","","","","-18,00","","Neige"
"1977-12-17 23:00","1977","12","17","23:00"," ","-9,10","","-10,10","","92,00","","31,00","","28,00","","9,70","","93,49","","","","-18,00","","Neige"
"1977-12-18 00:00","1977","12","18","00:00"," ","-9,10","","-10,10","","92,00","","31,00","","35,00","","3,20","","93,52","","","","-19,00","","Neige"
"1977-12-18 01:00","1977","12","18","01:00"," ","-9,20","","-10,10","","93,00","","31,00","","31,00","","3,20","","93,49","","","","-19,00","","Neige"
"1977-12-18 02:00","1977","12","18","02:00"," ","-9,30","","-10,70","","89,00","","31,00","","31,00","","6,40","","93,46","","","","-19,00","","Neige"
"1977-12-18 03:00","1977","12","18","03:00"," ","-9,90","","-11,20","","90,00","","31,00","","26,00","","6,40","","93,46","","","","-19,00","","Neige"
"1977-12-18 04:00","1977","12","18","04:00"," ","-10,10","","-11,20","","92,00","","33,00","","24,00","","4,80","","93,39","","","","-19,00","","Neige"
"1977-12-18 05:00","1977","12","18","05:00"," ","-10,50","","-11,80","","90,00","","31,00","","26,00","","1,60","","93,39","","","","-20,00","","Neige"
"1977-12-18 06:00","1977","12","18","06:00"," ","-10,50","","-11,80","","90,00","","30,00","","26,00","","4,00","","93,39","","","","-20,00","","Neige"
"1977-12-18 07:00","1977","12","18","07:00"," ","-10,70","","-11,80","","92,00","","29,00","","28,00","","1,60","","93,46","","","","-20,00","","Neige"
"1977-12-18 08:00","1977","12","18","08:00"," ","-10,90","","-12,30","","89,00","","30,00","","28,00","","2,40","","93,46","","","","-20,00","","Neige"
"1977-12-18 09:00","1977","12","18","09:00"," ","-10,70","","-11,80","","92,00","","30,00","","28,00","","6,40","","93,52","","","","-20,00","","Cristaux de glace"
"1977-12-18 10:00","1977","12","18","10:00"," ","-10,70","","-12,20","","89,00","","30,00","","28,00","","9,70","","93,52","","","","-20,00","","Cristaux de glace"
"1977-12-18 11:00","1977","12","18","11:00"," ","-10,50","","-12,20","","87,00","","31,00","","37,00","","24,10","","93,55","","","","-21,00","","Cristaux de glace"
"1977-12-18 12:00","1977","12","18","12:00"," ","-10,80","","-12,70","","86,00","","32,00","","35,00","","24,10","","93,55","","","","-21,00","","Cristaux de glace"
"1977-12-18 13:00","1977","12","18","13:00"," ","-10,00","","-11,60","","88,00","","31,00","","30,00","","24,10","","93,55","","","","-20,00","","Cristaux de glace"
"1977-12-18 14:00","1977","12","18","14:00"," ","-10,00","","-12,00","","85,00","","30,00","","26,00","","16,10","","93,55","","","","-19,00","","Cristaux de glace"
"1977-12-18 15:00","1977","12","18","15:00"," ","-10,40","","-12,20","","86,00","","31,00","","28,00","","16,10","","93,62","","","","-20,00","","Cristaux de glace"
"1977-12-18 16:00","1977","12","18","16:00"," ","-10,30","","-11,80","","89,00","","29,00","","26,00","","19,30","","93,71","","","","-19,00","","Cristaux de glace"
"1977-12-18 17:00","1977","12","18","17:00"," ","-10,00","","-11,60","","88,00","","30,00","","26,00","","24,10","","93,81","","","","-19,00","","Cristaux de glace"
"1977-12-18 18:00","1977","12","18","18:00"," ","-11,50","","-13,30","","87,00","","30,00","","26,00","","24,10","","93,87","","","","-21,00","","Cristaux de glace"
"1977-12-18 19:00","1977","12","18","19:00"," ","-14,30","","-16,20","","85,00","","27,00","","20,00","","24,10","","93,94","","","","-23,00","","Cristaux de glace"
"1977-12-18 20:00","1977","12","18","20:00"," ","-14,30","","-15,70","","89,00","","29,00","","22,00","","24,10","","93,97","","","","-24,00","","Cristaux de glace"
"1977-12-18 21:00","1977","12","18","21:00"," ","-13,10","","-14,60","","88,00","","30,00","","30,00","","24,10","","94,03","","","","-24,00","","Cristaux de glace"
"1977-12-18 22:00","1977","12","18","22:00"," ","-16,60","","-17,90","","90,00","","25,00","","19,00","","24,10","","94,13","","","","-26,00","","Cristaux de glace"
"1977-12-18 23:00","1977","12","18","23:00"," ","-16,10","","-17,30","","91,00","","26,00","","19,00","","24,10","","94,13","","","","-25,00","","Cristaux de glace"
"1977-12-19 00:00","1977","12","19","00:00"," ","-14,30","","-16,70","","82,00","","29,00","","31,00","","24,10","","94,19","","","","-25,00","","Cristaux de glace"
"1977-12-19 01:00","1977","12","19","01:00"," ","-14,50","","-16,20","","87,00","","29,00","","22,00","","24,10","","94,23","","","","-24,00","","Cristaux de glace"
"1977-12-19 02:00","1977","12","19","02:00"," ","-14,80","","-16,80","","85,00","","30,00","","26,00","","24,10","","94,29","","","","-25,00","","Dégagé"
"1977-12-19 03:00","1977","12","19","03:00"," ","-15,00","","-16,80","","86,00","","30,00","","28,00","","24,10","","94,35","","","","-26,00","","Dégagé"
"1977-12-19 04:00","1977","12","19","04:00"," ","-14,90","","-17,30","","82,00","","29,00","","33,00","","24,10","","94,42","","","","-26,00","","Dégagé"
"1977-12-19 05:00","1977","12","19","05:00"," ","-15,00","","-17,30","","83,00","","30,00","","35,00","","24,10","","94,42","","","","-27,00","","Dégagé"
"1977-12-19 06:00","1977","12","19","06:00"," ","-14,10","","-16,10","","85,00","","30,00","","24,00","","24,10","","94,45","","","","-24,00","","Dégagé"
"1977-12-19 07:00","1977","12","19","07:00"," ","-13,80","","-16,10","","82,00","","30,00","","28,00","","24,10","","94,51","","","","-24,00","","Dégagé"
"1977-12-19 08:00","1977","12","19","08:00"," ","-15,70","","-17,80","","84,00","","30,00","","31,00","","24,10","","94,51","","","","-27,00","","Dégagé"
"1977-12-19 09:00","1977","12","19","09:00"," ","-16,00","","-17,90","","85,00","","29,00","","30,00","","24,10","","94,55","","","","-27,00","","Généralement dégagé"
"1977-12-19 10:00","1977","12","19","10:00"," ","-16,30","","-18,40","","84,00","","29,00","","37,00","","9,70","","94,58","","","","-29,00","","Poudrerie élevée"
"1977-12-19 11:00","1977","12","19","11:00"," ","-15,50","","-17,30","","86,00","","29,00","","28,00","","19,30","","94,64","","","","-26,00","","Généralement dégagé"
"1977-12-19 12:00","1977","12","19","12:00"," ","-15,30","","-17,30","","85,00","","29,00","","33,00","","19,30","","94,64","","","","-27,00","","Généralement dégagé"
"1977-12-19 13:00","1977","12","19","13:00"," ","-14,30","","-16,20","","85,00","","30,00","","37,00","","3,20","","94,64","","","","-26,00","","Poudrerie élevée"
"1977-12-19 14:00","1977","12","19","14:00"," ","-14,40","","-16,20","","86,00","","30,00","","37,00","","1,60","","94,64","","","","-26,00","","Poudrerie élevée"
"1977-12-19 15:00","1977","12","19","15:00"," ","-14,40","","-16,20","","86,00","","31,00","","37,00","","1,60","","94,74","","","","-26,00","","Poudrerie élevée"
"1977-12-19 16:00","1977","12","19","16:00"," ","-14,50","","-16,20","","87,00","","31,00","","44,00","","1,60","","94,77","","","","-27,00","","Poudrerie élevée"
"1977-12-19 17:00","1977","12","19","17:00"," ","-14,90","","-16,80","","85,00","","32,00","","48,00","","2,40","","94,87","","","","-28,00","","Neige,Poudrerie élevée"
"1977-12-19 18:00","1977","12","19","18:00"," ","-17,30","","-18,90","","87,00","","31,00","","41,00","","2,40","","94,90","","","","-31,00","","Poudrerie élevée"
"1977-12-19 19:00","1977","12","19","19:00"," ","-15,50","","-16,80","","90,00","","32,00","","37,00","","3,20","","94,96","","","","-28,00","","Cristaux de glace,Poudrerie élevée"
"1977-12-19 20:00","1977","12","19","20:00"," ","-15,50","","-16,80","","90,00","","32,00","","43,00","","3,20","","95,06","","","","-28,00","","Neige,Poudrerie élevée"
"1977-12-19 21:00","1977","12","19","21:00"," ","-15,80","","-17,90","","84,00","","32,00","","41,00","","2,00","","95,09","","","","-29,00","","Cristaux de glace,Poudrerie élevée"
"1977-12-19 22:00","1977","12","19","22:00"," ","-15,90","","-17,90","","85,00","","32,00","","44,00","","2,00","","95,16","","","","-29,00","","Cristaux de glace,Poudrerie élevée"
"1977-12-19 23:00","1977","12","19","23:00"," ","-16,10","","-17,30","","91,00","","33,00","","43,00","","2,40","","95,22","","","","-29,00","","Cristaux de glace,Poudrerie élevée"
"1977-12-20 00:00","1977","12","20","00:00"," ","-15,70","","-16,80","","92,00","","33,00","","41,00","","2,00","","95,28","","","","-29,00","","Cristaux de glace,Poudrerie élevée"
"1977-12-20 01:00","1977","12","20","01:00"," ","-15,30","","-17,30","","85,00","","32,00","","44,00","","1,60","","95,35","","","","-28,00","","Cristaux de glace,Poudrerie élevée"
"1977-12-20 02:00","1977","12","20","02:00"," ","-15,00","","-16,80","","86,00","","32,00","","44,00","","1,60","","95,41","","","","-28,00","","Cristaux de glace,Poudrerie élevée"
"1977-12-20 03:00","1977","12","20","03:00"," ","-14,80","","-16,80","","85,00","","32,00","","44,00","","1,60","","95,54","","","","-28,00","","Cristaux de glace,Poudrerie élevée"
"1977-12-20 04:00","1977","12","20","04:00"," ","-16,00","","-17,90","","85,00","","32,00","","44,00","","1,60","","95,64","","","","-29,00","","Cristaux de glace,Poudrerie élevée"
"1977-12-20 05:00","1977","12","20","05:00"," ","-17,10","","-19,00","","85,00","","32,00","","41,00","","2,40","","95,70","","","","-30,00","","Cristaux de glace,Poudrerie élevée"
"1977-12-20 06:00","1977","12","20","06:00"," ","-18,70","","-20,60","","85,00","","32,00","","41,00","","4,00","","95,80","","","","-33,00","","Cristaux de glace,Poudrerie élevée"
"1977-12-20 07:00","1977","12","20","07:00"," ","-19,60","","-21,00","","89,00","","31,00","","44,00","","4,00","","95,86","","","","-34,00","","Cristaux de glace,Poudrerie élevée"
"1977-12-20 08:00","1977","12","20","08:00"," ","-20,20","","-21,60","","89,00","","31,00","","37,00","","4,00","","95,93","","","","-34,00","","Cristaux de glace,Poudrerie élevée"
"1977-12-20 09:00","1977","12","20","09:00"," ","-20,30","","-22,10","","85,00","","30,00","","37,00","","8,00","","95,96","","","","-34,00","","Cristaux de glace,Poudrerie élevée"
"1977-12-20 10:00","1977","12","20","10:00"," ","-20,80","","-22,60","","85,00","","31,00","","31,00","","6,40","","96,02","","","","-34,00","","Cristaux de glace,Poudrerie élevée"
"1977-12-20 11:00","1977","12","20","11:00"," ","-20,00","","-22,20","","82,00","","31,00","","37,00","","11,30","","96,05","","","","-34,00","","Cristaux de glace"
"1977-12-20 12:00","1977","12","20","12:00"," ","-19,70","","-21,70","","84,00","","31,00","","37,00","","11,30","","96,05","","","","-33,00","","Cristaux de glace"
"1977-12-20 13:00","1977","12","20","13:00"," ","-18,90","","-21,10","","83,00","","31,00","","31,00","","16,10","","96,05","","","","-31,00","","Cristaux de glace"
"1977-12-20 14:00","1977","12","20","14:00"," ","-18,70","","-20,60","","85,00","","31,00","","30,00","","19,30","","96,05","","","","-31,00","","Cristaux de glace"
"1977-12-20 15:00","1977","12","20","15:00"," ","-18,40","","-20,60","","83,00","","30,00","","30,00","","19,30","","96,12","","","","-30,00","","Cristaux de glace"
"1977-12-20 16:00","1977","12","20","16:00"," ","-17,90","","-20,10","","83,00","","30,00","","28,00","","24,10","","96,18","","","","-29,00","","Cristaux de glace"
"1977-12-20 17:00","1977","12","20","17:00"," ","-18,10","","-20,10","","84,00","","30,00","","15,00","","32,20","","96,18","","","","-27,00","","Cristaux de glace"
"1977-12-20 18:00","1977","12","20","18:00"," ","-18,30","","-20,00","","86,00","","29,00","","17,00","","24,10","","96,18","","","","-28,00","","Cristaux de glace"
"1977-12-20 19:00","1977","12","20","19:00"," ","-18,30","","-20,00","","86,00","","27,00","","17,00","","16,10","","96,12","","","","-28,00","","Cristaux de glace"
"1977-12-20 20:00","1977","12","20","20:00"," ","-19,50","","-21,00","","88,00","","27,00","","15,00","","32,20","","96,05","","","","-28,00","","Cristaux de glace"
"1977-12-20 21:00","1977","12","20","21:00"," ","-18,30","","-20,00","","86,00","","26,00","","11,00","","24,10","","96,02","","","","-26,00","","Cristaux de glace"
"1977-12-20 22:00","1977","12","20","22:00"," ","-17,70","","-18,90","","91,00","","26,00","","15,00","","24,10","","95,99","","","","-26,00","","Cristaux de glace"
"1977-12-20 23:00","1977","12","20","23:00"," ","-18,20","","-19,50","","90,00","","24,00","","13,00","","24,10","","95,96","","","","-26,00","","Cristaux de glace"
"1977-12-21 00:00","1977","12","21","00:00"," ","-18,60","","-20,00","","89,00","","24,00","","15,00","","32,20","","95,86","","","","-27,00","","Cristaux de glace"
"1977-12-21 01:00","1977","12","21","01:00"," ","-18,10","","-19,50","","89,00","","24,00","","11,00","","32,20","","95,83","","","","-25,00","","Cristaux de glace"
"1977-12-21 02:00","1977","12","21","02:00"," ","-17,90","","-19,50","","87,00","","24,00","","19,00","","32,20","","95,73","","","","-28,00","","Cristaux de glace"
"1977-12-21 03:00","1977","12","21","03:00"," ","-16,20","","-17,30","","91,00","","23,00","","17,00","","32,20","","95,60","","","","-25,00","","Dégagé"
"1977-12-21 04:00","1977","12","21","04:00"," ","-15,90","","-17,30","","89,00","","23,00","","19,00","","32,20","","95,54","","","","-25,00","","Dégagé"
"1977-12-21 05:00","1977","12","21","05:00"," ","-15,50","","-17,30","","86,00","","23,00","","22,00","","32,20","","95,35","","","","-25,00","","Généralement dégagé"
"1977-12-21 06:00","1977","12","21","06:00"," ","-14,10","","-15,70","","88,00","","22,00","","22,00","","32,20","","95,19","","","","-23,00","","Dégagé"
"1977-12-21 07:00","1977","12","21","07:00"," ","-12,00","","-13,90","","86,00","","23,00","","26,00","","32,20","","95,03","","","","-22,00","","Dégagé"
"1977-12-21 08:00","1977","12","21","08:00"," ","-10,90","","-12,70","","86,00","","23,00","","24,00","","32,20","","94,93","","","","-20,00","","Généralement dégagé"
"1977-12-21 09:00","1977","12","21","09:00"," ","-12,80","","-15,50","","80,00","","24,00","","28,00","","32,20","","94,77","","","","-23,00","","Généralement nuageux"
"1977-12-21 10:00","1977","12","21","10:00"," ","-12,00","","-14,70","","80,00","","24,00","","37,00","","32,20","","94,74","","","","-23,00","","Généralement nuageux"
"1977-12-21 11:00","1977","12","21","11:00"," ","-11,10","","-13,60","","82,00","","24,00","","28,00","","32,20","","94,61","","","","-21,00","","Généralement nuageux"
"1977-12-21 12:00","1977","12","21","12:00"," ","-10,60","","-13,40","","80,00","","24,00","","30,00","","32,20","","94,51","","","","-20,00","","Généralement nuageux"
"1977-12-21 13:00","1977","12","21","13:00"," ","-9,60","","-12,20","","81,00","","24,00","","22,00","","32,20","","94,39","","","","-18,00","","Généralement nuageux"
"1977-12-21 14:00","1977","12","21","14:00"," ","-9,30","","-11,80","","82,00","","24,00","","24,00","","32,20","","94,23","","","","-18,00","","Généralement nuageux"
"1977-12-21 15:00","1977","12","21","15:00"," ","-7,90","","-10,80","","80,00","","23,00","","26,00","","32,20","","94,13","","","","-16,00","","Nuageux"
"1977-12-21 16:00","1977","12","21","16:00"," ","-7,30","","-9,80","","82,00","","25,00","","22,00","","32,20","","94,10","","","","-15,00","","Nuageux"
"1977-12-21 17:00","1977","12","21","17:00"," ","-7,50","","-10,20","","81,00","","24,00","","17,00","","32,20","","93,94","","","","-14,00","","Généralement nuageux"
"1977-12-21 18:00","1977","12","21","18:00"," ","-7,50","","-9,80","","84,00","","27,00","","19,00","","32,20","","93,94","","","","-15,00","","Nuageux"
"1977-12-21 19:00","1977","12","21","19:00"," ","-8,00","","-9,70","","87,00","","27,00","","15,00","","32,20","","93,87","","","","-14,00","","Nuageux"
"1977-12-21 20:00","1977","12","21","20:00"," ","-7,20","","-9,60","","83,00","","30,00","","15,00","","32,20","","93,84","","","","-13,00","","Nuageux"
"1977-12-21 21:00","1977","12","21","21:00"," ","-7,30","","-10,20","","79,00","","30,00","","15,00","","32,20","","93,78","","","","-13,00","","Nuageux"
"1977-12-21 22:00","1977","12","21","22:00"," ","-8,20","","-10,40","","84,00","","31,00","","13,00","","32,20","","93,71","","","","-14,00","","Nuageux"
"1977-12-21 23:00","1977","12","21","23:00"," ","-8,90","","-10,80","","86,00","","31,00","","13,00","","32,20","","93,65","","","","-15,00","","Nuageux"
"1977-12-22 00:00","1977","12","22","00:00"," ","-9,40","","-11,40","","85,00","","31,00","","13,00","","32,20","","93,62","","","","-15,00","","Généralement nuageux"
"1977-12-22 01:00","1977","12","22","01:00"," ","-9,50","","-11,00","","89,00","","30,00","","19,00","","32,20","","93,58","","","","-17,00","","Généralement nuageux"
"1977-12-22 02:00","1977","12","22","02:00"," ","-9,60","","-11,00","","90,00","","32,00","","22,00","","32,20","","93,52","","","","-18,00","","Nuageux"
"1977-12-22 03:00","1977","12","22","03:00"," ","-10,40","","-12,60","","84,00","","31,00","","26,00","","32,20","","93,49","","","","-19,00","","Nuageux"
"1977-12-22 04:00","1977","12","22","04:00"," ","-10,60","","-12,20","","88,00","","32,00","","20,00","","32,20","","93,49","","","","-19,00","","Nuageux"
"1977-12-22 05:00","1977","12","22","05:00"," ","-10,90","","-12,70","","86,00","","32,00","","15,00","","32,20","","93,46","","","","-18,00","","Nuageux"
"1977-12-22 06:00","1977","12","22","06:00"," ","-11,20","","-12,70","","89,00","","31,00","","19,00","","32,20","","93,39","","","","-19,00","","Nuageux"
"1977-12-22 07:00","1977","12","22","07:00"," ","-11,40","","-13,30","","86,00","","31,00","","13,00","","32,20","","93,39","","","","-18,00","","Nuageux"
"1977-12-22 08:00","1977","12","22","08:00"," ","-11,60","","-13,30","","87,00","","32,00","","17,00","","32,20","","93,39","","","","-19,00","","Nuageux"
"1977-12-22 09:00","1977","12","22","09:00"," ","-11,90","","-13,90","","85,00","","29,00","","19,00","","24,10","","93,42","","","","-20,00","","Nuageux"
"1977-12-22 10:00","1977","12","22","10:00"," ","-12,30","","-14,40","","84,00","","29,00","","15,00","","32,20","","93,46","","","","-20,00","","Généralement nuageux"
"1977-12-22 11:00","1977","12","22","11:00"," ","-12,30","","-14,40","","84,00","","30,00","","19,00","","32,20","","93,49","","","","-21,00","","Généralement dégagé"
"1977-12-22 12:00","1977","12","22","12:00"," ","-12,40","","-14,40","","85,00","","30,00","","17,00","","32,20","","93,52","","","","-20,00","","Généralement dégagé"
"1977-12-22 13:00","1977","12","22","13:00"," ","-12,00","","-14,30","","83,00","","30,00","","22,00","","32,20","","93,49","","","","-21,00","","Généralement dégagé"
"1977-12-22 14:00","1977","12","22","14:00"," ","-11,70","","-13,70","","85,00","","30,00","","17,00","","32,20","","93,46","","","","-19,00","","Généralement dégagé"
"1977-12-22 15:00","1977","12","22","15:00"," ","-11,30","","-13,70","","82,00","","30,00","","22,00","","32,20","","93,49","","","","-20,00","","Généralement dégagé"
"1977-12-22 16:00","1977","12","22","16:00"," ","-11,00","","-12,30","","90,00","","31,00","","24,00","","16,10","","93,55","","","","-20,00","","Nuageux"
"1977-12-22 17:00","1977","12","22","17:00"," ","-10,60","","-11,80","","91,00","","31,00","","19,00","","6,40","","93,62","","","","-18,00","","Neige"
"1977-12-22 18:00","1977","12","22","18:00"," ","-10,90","","-12,30","","89,00","","31,00","","20,00","","24,10","","93,65","","","","-19,00","","Généralement nuageux"
"1977-12-22 19:00","1977","12","22","19:00"," ","-11,00","","-12,30","","90,00","","30,00","","20,00","","24,10","","93,71","","","","-19,00","","Nuageux"
"1977-12-22 20:00","1977","12","22","20:00"," ","-11,60","","-12,90","","90,00","","31,00","","22,00","","24,10","","93,75","","","","-20,00","","Généralement nuageux"
"1977-12-22 21:00","1977","12","22","21:00"," ","-12,00","","-13,00","","92,00","","31,00","","26,00","","24,10","","93,81","","","","-22,00","","Nuageux"
"1977-12-22 22:00","1977","12","22","22:00"," ","-12,00","","-13,40","","89,00","","32,00","","37,00","","24,10","","93,84","","","","-23,00","","Nuageux"
"1977-12-22 23:00","1977","12","22","23:00"," ","-13,70","","-14,70","","92,00","","32,00","","30,00","","24,10","","93,94","","","","-24,00","","Généralement dégagé"
"1977-12-23 00:00","1977","12","23","00:00"," ","-14,40","","-15,30","","93,00","","30,00","","17,00","","19,30","","94,03","","","","-23,00","","Cristaux de glace"
"1977-12-23 01:00","1977","12","23","01:00"," ","-14,60","","-15,70","","91,00","","30,00","","24,00","","19,30","","94,00","","","","-24,00","","Neige"
"1977-12-23 02:00","1977","12","23","02:00"," ","-14,20","","-15,20","","92,00","","30,00","","20,00","","24,10","","94,00","","","","-23,00","","Neige"
"1977-12-23 03:00","1977","12","23","03:00"," ","-13,60","","-14,70","","91,00","","31,00","","24,00","","24,10","","94,03","","","","-23,00","","Neige"
"1977-12-23 04:00","1977","12","23","04:00"," ","-14,00","","-15,70","","87,00","","31,00","","26,00","","24,10","","94,07","","","","-24,00","","Neige"
"1977-12-23 05:00","1977","12","23","05:00"," ","-14,30","","-16,20","","85,00","","31,00","","26,00","","24,10","","94,03","","","","-24,00","","Cristaux de glace"
"1977-12-23 06:00","1977","12","23","06:00"," ","-14,00","","-15,70","","87,00","","32,00","","22,00","","24,10","","94,03","","","","-23,00","","Cristaux de glace"
"1977-12-23 07:00","1977","12","23","07:00"," ","-15,00","","-16,30","","90,00","","31,00","","28,00","","24,10","","94,03","","","","-26,00","","Cristaux de glace"
"1977-12-23 08:00","1977","12","23","08:00"," ","-15,30","","-16,80","","88,00","","29,00","","20,00","","24,10","","94,10","","","","-25,00","","Cristaux de glace"
"1977-12-23 09:00","1977","12","23","09:00"," ","-15,40","","-16,80","","89,00","","30,00","","24,00","","32,20","","94,10","","","","-26,00","","Cristaux de glace"
"1977-12-23 10:00","1977","12","23","10:00"," ","-15,50","","-16,80","","90,00","","29,00","","19,00","","32,20","","94,13","","","","-25,00","","Généralement nuageux"
"1977-12-23 11:00","1977","12","23","11:00"," ","-15,30","","-17,30","","85,00","","26,00","","20,00","","32,20","","94,13","","","","-25,00","","Généralement nuageux"
"1977-12-23 12:00","1977","12","23","12:00"," ","-15,30","","-17,30","","85,00","","24,00","","22,00","","32,20","","94,10","","","","-25,00","","Généralement dégagé"
"1977-12-23 13:00","1977","12","23","13:00"," ","-14,00","","-16,10","","84,00","","26,00","","20,00","","32,20","","94,00","","","","-23,00","","Généralement dégagé"
"1977-12-23 14:00","1977","12","23","14:00"," ","-14,70","","-16,70","","85,00","","27,00","","26,00","","32,20","","93,97","","","","-25,00","","Généralement dégagé"
"1977-12-23 15:00","1977","12","23","15:00"," ","-13,80","","-16,10","","82,00","","28,00","","30,00","","32,20","","93,97","","","","-24,00","","Généralement dégagé"
"1977-12-23 16:00","1977","12","23","16:00"," ","-14,60","","-16,70","","84,00","","27,00","","24,00","","32,20","","93,97","","","","-24,00","","Généralement dégagé"
"1977-12-23 17:00","1977","12","23","17:00"," ","-16,00","","-17,90","","85,00","","27,00","","22,00","","32,20","","94,03","","","","-26,00","","Généralement dégagé"
"1977-12-23 18:00","1977","12","23","18:00"," ","-16,50","","-17,90","","89,00","","30,00","","19,00","","32,20","","94,03","","","","-26,00","","Généralement dégagé"
"1977-12-23 19:00","1977","12","23","19:00"," ","-17,40","","-18,90","","88,00","","29,00","","19,00","","32,20","","94,10","","","","-27,00","","Dégagé"
"1977-12-23 20:00","1977","12","23","20:00"," ","-16,00","","-17,90","","85,00","","30,00","","26,00","","32,20","","94,13","","","","-27,00","","Généralement dégagé"
"1977-12-23 21:00","1977","12","23","21:00"," ","-18,20","","-18,90","","94,00","","27,00","","17,00","","32,20","","94,19","","","","-27,00","","Généralement dégagé"
"1977-12-23 22:00","1977","12","23","22:00"," ","-18,50","","-19,40","","93,00","","27,00","","19,00","","32,20","","94,19","","","","-28,00","","Généralement dégagé"
"1977-12-23 23:00","1977","12","23","23:00"," ","-17,90","","-18,90","","92,00","","27,00","","22,00","","32,20","","94,19","","","","-28,00","","Généralement nuageux"
"1977-12-24 00:00","1977","12","24","00:00"," ","-16,60","","-17,90","","90,00","","26,00","","22,00","","24,10","","94,19","","","","-27,00","","Neige"
"1977-12-24 01:00","1977","12","24","01:00"," ","-15,20","","-16,30","","92,00","","28,00","","31,00","","24,10","","94,19","","","","-26,00","","Neige"
"1977-12-24 02:00","1977","12","24","02:00"," ","-15,80","","-17,90","","84,00","","29,00","","33,00","","24,10","","94,19","","","","-28,00","","Neige"
"1977-12-24 03:00","1977","12","24","03:00"," ","-16,80","","-19,50","","79,00","","29,00","","30,00","","24,10","","94,26","","","","-28,00","","Cristaux de glace"
"1977-12-24 04:00","1977","12","24","04:00"," ","-17,00","","-19,50","","81,00","","29,00","","31,00","","24,10","","94,29","","","","-29,00","","Cristaux de glace"
"1977-12-24 05:00","1977","12","24","05:00"," ","-17,70","","-19,50","","86,00","","29,00","","37,00","","16,10","","94,29","","","","-31,00","","Neige"
"1977-12-24 06:00","1977","12","24","06:00"," ","-18,70","","-20,00","","90,00","","30,00","","35,00","","19,30","","94,29","","","","-32,00","","Cristaux de glace"
"1977-12-24 07:00","1977","12","24","07:00"," ","-18,70","","-20,60","","85,00","","30,00","","37,00","","24,10","","94,32","","","","-32,00","","Cristaux de glace"
"1977-12-24 08:00","1977","12","24","08:00"," ","-18,80","","-21,10","","82,00","","30,00","","33,00","","24,10","","94,39","","","","-32,00","","Cristaux de glace"
"1977-12-24 09:00","1977","12","24","09:00"," ","-19,30","","-20,70","","88,00","","29,00","","33,00","","32,20","","94,45","","","","-32,00","","Cristaux de glace"
"1977-12-24 10:00","1977","12","24","10:00"," ","-19,30","","-21,70","","81,00","","29,00","","35,00","","32,20","","94,48","","","","-32,00","","Cristaux de glace"
"1977-12-24 11:00","1977","12","24","11:00"," ","-19,00","","-21,10","","83,00","","30,00","","31,00","","24,10","","94,58","","","","-31,00","","Généralement nuageux"
"1977-12-24 12:00","1977","12","24","12:00"," ","-18,60","","-20,60","","84,00","","30,00","","33,00","","19,30","","94,55","","","","-31,00","","Généralement dégagé"
"1977-12-24 13:00","1977","12","24","13:00"," ","-19,10","","-21,10","","84,00","","31,00","","33,00","","4,80","","94,55","","","","-32,00","","Poudrerie élevée"
"1977-12-24 14:00","1977","12","24","14:00"," ","-19,70","","-21,70","","84,00","","31,00","","37,00","","2,40","","94,55","","","","-33,00","","Poudrerie élevée"
"1977-12-24 15:00","1977","12","24","15:00"," ","-20,40","","-22,80","","81,00","","31,00","","37,00","","2,40","","94,61","","","","-34,00","","Poudrerie élevée"
"1977-12-24 16:00","1977","12","24","16:00"," ","-21,00","","-22,60","","87,00","","31,00","","41,00","","16,10","","94,71","","","","-36,00","","Généralement dégagé"
"1977-12-24 17:00","1977","12","24","17:00"," ","-22,00","","-22,90","","93,00","","31,00","","33,00","","16,10","","94,77","","","","-36,00","","Généralement dégagé"
"1977-12-24 18:00","1977","12","24","18:00"," ","-22,00","","-24,90","","78,00","","30,00","","26,00","","16,10","","94,80","","","","-34,00","","Généralement dégagé"
"1977-12-24 19:00","1977","12","24","19:00"," ","-22,00","","-23,60","","87,00","","30,00","","28,00","","12,90","","94,83","","","","-35,00","","Cristaux de glace"
"1977-12-24 20:00","1977","12","24","20:00"," ","-21,90","","-22,90","","92,00","","31,00","","33,00","","6,40","","94,90","","","","-36,00","","Cristaux de glace"
"1977-12-24 21:00","1977","12","24","21:00"," ","-21,80","","-22,90","","91,00","","31,00","","31,00","","6,40","","94,93","","","","-35,00","","Cristaux de glace"
"1977-12-24 22:00","1977","12","24","22:00"," ","-21,60","","-23,10","","88,00","","31,00","","33,00","","9,70","","95,00","","","","-35,00","","Cristaux de glace"
"1977-12-24 23:00","1977","12","24","23:00"," ","-21,40","","-23,90","","80,00","","32,00","","37,00","","12,90","","95,03","","","","-36,00","","Cristaux de glace"
"1977-12-25 00:00","1977","12","25","00:00"," ","-21,30","","-23,10","","85,00","","31,00","","31,00","","6,40","","95,06","","","","-34,00","","Cristaux de glace"
"1977-12-25 01:00","1977","12","25","01:00"," ","-21,20","","-22,60","","89,00","","31,00","","33,00","","12,90","","95,06","","","","-35,00","","Cristaux de glace"
"1977-12-25 02:00","1977","12","25","02:00"," ","-20,90","","-22,60","","86,00","","30,00","","26,00","","8,00","","95,09","","","","-33,00","","Cristaux de glace"
"1977-12-25 03:00","1977","12","25","03:00"," ","-20,90","","-22,60","","86,00","","30,00","","33,00","","12,90","","95,06","","","","-34,00","","Cristaux de glace"
"1977-12-25 04:00","1977","12","25","04:00"," ","-21,00","","-22,60","","87,00","","30,00","","39,00","","16,10","","95,03","","","","-35,00","","Cristaux de glace"
"1977-12-25 05:00","1977","12","25","05:00"," ","-20,70","","-22,10","","89,00","","29,00","","33,00","","24,10","","95,03","","","","-34,00","","Cristaux de glace"
"1977-12-25 06:00","1977","12","25","06:00"," ","-20,90","","-23,30","","81,00","","29,00","","31,00","","24,10","","95,06","","","","-34,00","","Cristaux de glace"
"1977-12-25 07:00","1977","12","25","07:00"," ","-21,60","","-23,10","","88,00","","27,00","","22,00","","32,20","","95,12","","","","-33,00","","Cristaux de glace"
"1977-12-25 08:00","1977","12","25","08:00"," ","-20,80","","-23,30","","80,00","","30,00","","24,00","","32,20","","95,09","","","","-32,00","","Cristaux de glace"
"1977-12-25 09:00","1977","12","25","09:00"," ","-20,80","","-23,30","","80,00","","29,00","","28,00","","32,20","","95,09","","","","-33,00","","Dégagé"
"1977-12-25 10:00","1977","12","25","10:00"," ","-20,80","","-23,30","","80,00","","30,00","","28,00","","32,20","","95,09","","","","-33,00","","Dégagé"
"1977-12-25 11:00","1977","12","25","11:00"," ","-19,50","","-21,70","","83,00","","30,00","","41,00","","32,20","","95,09","","","","-34,00","","Généralement dégagé"
"1977-12-25 12:00","1977","12","25","12:00"," ","-19,20","","-21,80","","80,00","","31,00","","26,00","","32,20","","95,09","","","","-31,00","","Généralement dégagé"
"1977-12-25 13:00","1977","12","25","13:00"," ","-18,90","","-21,80","","78,00","","27,00","","15,00","","32,20","","95,00","","","","-28,00","","Généralement nuageux"
"1977-12-25 14:00","1977","12","25","14:00"," ","-18,00","","-21,30","","75,00","","27,00","","15,00","","32,20","","94,96","","","","-27,00","","Généralement nuageux"
"1977-12-25 15:00","1977","12","25","15:00"," ","-17,00","","-20,10","","77,00","","27,00","","24,00","","32,20","","94,90","","","","-28,00","","Généralement nuageux"
"1977-12-25 16:00","1977","12","25","16:00"," ","-16,70","","-19,60","","78,00","","27,00","","19,00","","32,20","","94,87","","","","-26,00","","Généralement nuageux"
"1977-12-25 17:00","1977","12","25","17:00"," ","-16,40","","-18,40","","84,00","","27,00","","11,00","","32,20","","94,83","","","","-23,00","","Généralement nuageux"
"1977-12-25 18:00","1977","12","25","18:00"," ","-16,30","","-19,00","","79,00","","25,00","","11,00","","32,20","","94,83","","","","-23,00","","Généralement nuageux"
"1977-12-25 19:00","1977","12","25","19:00"," ","-15,90","","-18,40","","81,00","","25,00","","15,00","","32,20","","94,77","","","","-24,00","","Nuageux"
"1977-12-25 20:00","1977","12","25","20:00"," ","-15,60","","-16,80","","91,00","","27,00","","13,00","","32,20","","94,77","","","","-23,00","","Généralement nuageux"
"1977-12-25 21:00","1977","12","25","21:00"," ","-15,30","","-17,30","","85,00","","27,00","","6,00","","32,20","","94,77","","","","-20,00","","Nuageux"
"1977-12-25 22:00","1977","12","25","22:00"," ","-14,80","","-17,30","","81,00","","27,00","","7,00","","32,20","","94,77","","","","-20,00","","Nuageux"
"1977-12-25 23:00","1977","12","25","23:00"," ","-14,70","","-16,70","","85,00","","28,00","","11,00","","32,20","","94,83","","","","-21,00","","Nuageux"
"1977-12-26 00:00","1977","12","26","00:00"," ","-14,90","","-16,80","","85,00","","1,00","","7,00","","32,20","","94,83","","","","-20,00","","Nuageux"
"1977-12-26 01:00","1977","12","26","01:00"," ","-15,40","","-16,80","","89,00","","34,00","","6,00","","32,20","","94,90","","","","-20,00","","Nuageux"
"1977-12-26 02:00","1977","12","26","02:00"," ","-15,90","","-18,40","","81,00","","1,00","","17,00","","32,20","","94,93","","","","-25,00","","Généralement nuageux"
"1977-12-26 03:00","1977","12","26","03:00"," ","-17,10","","-20,10","","77,00","","36,00","","13,00","","32,20","","95,09","","","","-25,00","","Généralement nuageux"
"1977-12-26 04:00","1977","12","26","04:00"," ","-18,20","","-21,30","","77,00","","34,00","","9,00","","32,20","","95,16","","","","-25,00","","Généralement nuageux"
"1977-12-26 05:00","1977","12","26","05:00"," ","-20,10","","-23,00","","78,00","","34,00","","19,00","","32,20","","95,22","","","","-30,00","","Généralement dégagé"
"1977-12-26 06:00","1977","12","26","06:00"," ","-22,20","","-23,60","","89,00","","34,00","","19,00","","32,20","","95,32","","","","-33,00","","Généralement dégagé"
"1977-12-26 07:00","1977","12","26","07:00"," ","-24,00","","-25,70","","86,00","","34,00","","13,00","","32,20","","95,38","","","","-33,00","","Généralement dégagé"
"1977-12-26 08:00","1977","12","26","08:00"," ","-24,20","","-24,80","","95,00","","31,00","","19,00","","4,80","","95,48","","","","-36,00","","Cristaux de glace,Brouillard de glace"
"1977-12-26 09:00","1977","12","26","09:00"," ","-24,00","","-25,70","","86,00","","33,00","","13,00","","2,40","","95,54","","","","-33,00","","Cristaux de glace,Brouillard de glace"
"1977-12-26 10:00","1977","12","26","10:00"," ","-23,50","","-25,20","","86,00","","34,00","","11,00","","24,10","","95,60","","","","-32,00","","Généralement nuageux"
"1977-12-26 11:00","1977","12","26","11:00"," ","-22,80","","-24,70","","84,00","","31,00","","15,00","","16,10","","95,67","","","","-33,00","","Généralement nuageux"
"1977-12-26 12:00","1977","12","26","12:00"," ","-22,60","","-24,10","","88,00","","31,00","","15,00","","24,10","","95,67","","","","-32,00","","Généralement nuageux"
"1977-12-26 13:00","1977","12","26","13:00"," ","-22,30","","-24,10","","85,00","","32,00","","15,00","","24,10","","95,67","","","","-32,00","","Généralement nuageux"
"1977-12-26 14:00","1977","12","26","14:00"," ","-22,00","","-24,40","","81,00","","32,00","","24,00","","24,10","","95,70","","","","-34,00","","Généralement nuageux"
"1977-12-26 15:00","1977","12","26","15:00"," ","-21,50","","-23,90","","81,00","","33,00","","24,00","","24,10","","95,70","","","","-33,00","","Généralement nuageux"
"1977-12-26 16:00","1977","12","26","16:00"," ","-21,30","","-23,10","","85,00","","30,00","","19,00","","32,20","","95,70","","","","-32,00","","Généralement nuageux"
"1977-12-26 17:00","1977","12","26","17:00"," ","-21,50","","-23,10","","87,00","","29,00","","19,00","","32,20","","95,70","","","","-32,00","","Généralement nuageux"
"1977-12-26 18:00","1977","12","26","18:00"," ","-21,00","","-21,90","","93,00","","29,00","","15,00","","32,20","","95,70","","","","-30,00","","Généralement dégagé"
"1977-12-26 19:00","1977","12","26","19:00"," ","-21,50","","-22,40","","93,00","","29,00","","11,00","","32,20","","95,64","","","","-29,00","","Généralement dégagé"
"1977-12-26 20:00","1977","12","26","20:00"," ","-21,20","","-21,90","","94,00","","26,00","","11,00","","32,20","","95,60","","","","-29,00","","Généralement nuageux"
"1977-12-26 21:00","1977","12","26","21:00"," ","-20,20","","-22,20","","84,00","","24,00","","9,00","","32,20","","95,57","","","","-27,00","","Nuageux"
"1977-12-26 22:00","1977","12","26","22:00"," ","-19,40","","-21,00","","87,00","","27,00","","15,00","","24,10","","95,48","","","","-28,00","","Neige"
"1977-12-26 23:00","1977","12","26","23:00"," ","-17,50","","-19,50","","84,00","","28,00","","19,00","","24,10","","95,41","","","","-27,00","","Neige"
"1977-12-27 00:00","1977","12","27","00:00"," ","-17,00","","-19,00","","84,00","","28,00","","15,00","","19,30","","95,38","","","","-25,00","","Neige"
"1977-12-27 01:00","1977","12","27","01:00"," ","-16,00","","-17,90","","85,00","","27,00","","22,00","","24,10","","95,28","","","","-26,00","","Neige"
"1977-12-27 02:00","1977","12","27","02:00"," ","-15,20","","-16,80","","88,00","","27,00","","19,00","","24,10","","95,22","","","","-24,00","","Neige"
"1977-12-27 03:00","1977","12","27","03:00"," ","-14,40","","-16,70","","82,00","","26,00","","24,00","","24,10","","95,16","","","","-24,00","","Nuageux"
"1977-12-27 04:00","1977","12","27","04:00"," ","-13,50","","-15,60","","84,00","","27,00","","22,00","","24,10","","95,06","","","","-23,00","","Neige"
"1977-12-27 05:00","1977","12","27","05:00"," ","-13,00","","-15,00","","85,00","","26,00","","22,00","","24,10","","94,93","","","","-22,00","","Neige"
"1977-12-27 06:00","1977","12","27","06:00"," ","-12,30","","-14,90","","81,00","","27,00","","22,00","","24,10","","94,90","","","","-21,00","","Nuageux"
"1977-12-27 07:00","1977","12","27","07:00"," ","-12,30","","-14,90","","81,00","","24,00","","22,00","","24,10","","94,80","","","","-21,00","","Nuageux"
"1977-12-27 08:00","1977","12","27","08:00"," ","-12,40","","-14,40","","85,00","","23,00","","28,00","","32,20","","94,74","","","","-22,00","","Nuageux"
"1977-12-27 09:00","1977","12","27","09:00"," ","-12,30","","-14,90","","81,00","","24,00","","22,00","","32,20","","94,74","","","","-21,00","","Généralement nuageux"
"1977-12-27 10:00","1977","12","27","10:00"," ","-12,40","","-14,40","","85,00","","24,00","","31,00","","24,10","","94,64","","","","-23,00","","Nuageux"
"1977-12-27 11:00","1977","12","27","11:00"," ","-10,80","","-13,10","","83,00","","24,00","","28,00","","19,30","","94,58","","","","-20,00","","Nuageux"
"1977-12-27 12:00","1977","12","27","12:00"," ","-10,20","","-12,00","","87,00","","26,00","","30,00","","19,30","","94,51","","","","-20,00","","Nuageux"
"1977-12-27 13:00","1977","12","27","13:00"," ","-7,50","","-10,20","","81,00","","29,00","","30,00","","24,10","","94,45","","","","-16,00","","Nuageux"
"1977-12-27 14:00","1977","12","27","14:00"," ","-8,40","","-11,00","","81,00","","31,00","","37,00","","16,10","","94,42","","","","-18,00","","Averses de neige"
"1977-12-27 15:00","1977","12","27","15:00"," ","-9,30","","-12,20","","79,00","","31,00","","37,00","","24,10","","94,45","","","","-19,00","","Averses de neige"
"1977-12-27 16:00","1977","12","27","16:00"," ","-10,50","","-12,60","","84,00","","31,00","","30,00","","32,20","","94,55","","","","-20,00","","Généralement dégagé"
"1977-12-27 17:00","1977","12","27","17:00"," ","-9,50","","-10,70","","91,00","","31,00","","31,00","","32,20","","94,58","","","","-19,00","","Généralement nuageux"
"1977-12-27 18:00","1977","12","27","18:00"," ","-9,80","","-11,20","","89,00","","29,00","","22,00","","32,20","","94,61","","","","-18,00","","Nuageux"
"1977-12-27 19:00","1977","12","27","19:00"," ","-7,30","","-8,80","","89,00","","29,00","","28,00","","24,10","","94,61","","","","-16,00","","Neige"
"1977-12-27 20:00","1977","12","27","20:00"," ","-8,30","","-9,90","","88,00","","30,00","","33,00","","16,10","","94,61","","","","-18,00","","Neige"
"1977-12-27 21:00","1977","12","27","21:00"," ","-8,40","","-9,90","","89,00","","30,00","","24,00","","12,90","","94,61","","","","-17,00","","Neige"
"1977-12-27 22:00","1977","12","27","22:00"," ","-8,50","","-10,30","","87,00","","30,00","","28,00","","19,30","","94,61","","","","-17,00","","Neige"
"1977-12-27 23:00","1977","12","27","23:00"," ","-8,40","","-9,90","","89,00","","28,00","","22,00","","19,30","","94,55","","","","-16,00","","Neige"
"1977-12-28 00:00","1977","12","28","00:00"," ","-7,70","","-8,80","","92,00","","28,00","","22,00","","24,10","","94,51","","","","-15,00","","Neige"
"1977-12-28 01:00","1977","12","28","01:00"," ","-7,20","","-8,50","","91,00","","28,00","","24,00","","24,10","","94,48","","","","-15,00","","Neige"
"1977-12-28 02:00","1977","12","28","02:00"," ","-6,80","","-8,90","","85,00","","28,00","","24,00","","24,10","","94,45","","","","-14,00","","Neige"
"1977-12-28 03:00","1977","12","28","03:00"," ","-7,00","","-8,50","","89,00","","29,00","","19,00","","24,10","","94,51","","","","-14,00","","Nuageux"
"1977-12-28 04:00","1977","12","28","04:00"," ","-7,40","","-8,80","","90,00","","27,00","","17,00","","24,10","","94,51","","","","-14,00","","Nuageux"
"1977-12-28 05:00","1977","12","28","05:00"," ","-8,00","","-9,70","","87,00","","27,00","","19,00","","24,10","","94,48","","","","-15,00","","Nuageux"
"1977-12-28 06:00","1977","12","28","06:00"," ","-9,40","","-11,00","","88,00","","26,00","","11,00","","24,10","","94,48","","","","-15,00","","Nuageux"
"1977-12-28 07:00","1977","12","28","07:00"," ","-10,70","","-11,80","","92,00","","27,00","","6,00","","24,10","","94,48","","","","-14,00","","Nuageux"
"1977-12-28 08:00","1977","12","28","08:00"," ","-11,30","","-12,90","","88,00","","24,00","","9,00","","24,10","","94,45","","","","-16,00","","Nuageux"
"1977-12-28 09:00","1977","12","28","09:00"," ","-11,50","","-12,90","","89,00","","23,00","","7,00","","32,20","","94,45","","","","-16,00","","Généralement nuageux"
"1977-12-28 10:00","1977","12","28","10:00"," ","-11,00","","-12,30","","90,00","","22,00","","7,00","","32,20","","94,45","","","","-15,00","","Généralement nuageux"
"1977-12-28 11:00","1977","12","28","11:00"," ","-10,00","","-12,00","","85,00","","24,00","","6,00","","32,20","","94,48","","","","-14,00","","Nuageux"
"1977-12-28 12:00","1977","12","28","12:00"," ","-9,30","","-11,00","","87,00","","24,00","","6,00","","32,20","","94,45","","","","-13,00","","Nuageux"
"1977-12-28 13:00","1977","12","28","13:00"," ","-8,70","","-10,60","","86,00","","23,00","","9,00","","24,10","","94,42","","","","-13,00","","Nuageux"
"1977-12-28 14:00","1977","12","28","14:00"," ","-8,30","","-10,60","","83,00","","23,00","","7,00","","32,20","","94,35","","","","-12,00","","Nuageux"
"1977-12-28 15:00","1977","12","28","15:00"," ","-8,00","","-10,40","","83,00","","0,00","","0,00","","32,20","","94,32","","","","","","Nuageux"
"1977-12-28 16:00","1977","12","28","16:00"," ","-7,60","","-9,80","","84,00","","0,00","","0,00","","32,20","","94,35","","","","","","Nuageux"
"1977-12-28 17:00","1977","12","28","17:00"," ","-8,50","","-10,30","","87,00","","19,00","","11,00","","32,20","","94,32","","","","-14,00","","Généralement nuageux"
"1977-12-28 18:00","1977","12","28","18:00"," ","-9,40","","-11,00","","88,00","","23,00","","15,00","","32,20","","94,32","","","","-16,00","","Généralement nuageux"
"1977-12-28 19:00","1977","12","28","19:00"," ","-8,80","","-10,80","","85,00","","19,00","","9,00","","32,20","","94,29","","","","-13,00","","Nuageux"
"1977-12-28 20:00","1977","12","28","20:00"," ","-8,90","","-10,80","","86,00","","21,00","","11,00","","32,20","","94,26","","","","-14,00","","Nuageux"
"1977-12-28 21:00","1977","12","28","21:00"," ","-8,70","","-10,30","","88,00","","22,00","","15,00","","32,20","","94,26","","","","-15,00","","Généralement nuageux"
"1977-12-28 22:00","1977","12","28","22:00"," ","-8,50","","-10,30","","87,00","","24,00","","19,00","","32,20","","94,23","","","","-16,00","","Nuageux"
"1977-12-28 23:00","1977","12","28","23:00"," ","-8,20","","-9,70","","89,00","","24,00","","17,00","","32,20","","94,19","","","","-15,00","","Nuageux"
"1977-12-29 00:00","1977","12","29","00:00"," ","-8,00","","-9,70","","87,00","","24,00","","15,00","","32,20","","94,23","","","","-14,00","","Nuageux"
"1977-12-29 01:00","1977","12","29","01:00"," ","-7,90","","-9,70","","87,00","","23,00","","15,00","","32,20","","94,19","","","","-14,00","","Nuageux"
"1977-12-29 02:00","1977","12","29","02:00"," ","-7,50","","-9,40","","86,00","","27,00","","13,00","","32,20","","94,23","","","","-13,00","","Nuageux"
"1977-12-29 03:00","1977","12","29","03:00"," ","-6,40","","-8,00","","88,00","","27,00","","15,00","","24,10","","94,32","","","","-12,00","","Neige"
"1977-12-29 04:00","1977","12","29","04:00"," ","-6,00","","-7,70","","88,00","","31,00","","24,00","","32,20","","94,39","","","","-13,00","","Nuageux"
"1977-12-29 05:00","1977","12","29","05:00"," ","-6,50","","-8,30","","87,00","","32,00","","19,00","","24,10","","94,42","","","","-13,00","","Neige"
"1977-12-29 06:00","1977","12","29","06:00"," ","-6,70","","-8,30","","89,00","","31,00","","13,00","","32,20","","94,48","","","","-12,00","","Nuageux"
"1977-12-29 07:00","1977","12","29","07:00"," ","-7,00","","-8,20","","91,00","","31,00","","22,00","","24,10","","94,58","","","","-14,00","","Neige"
"1977-12-29 08:00","1977","12","29","08:00"," ","-7,50","","-8,80","","90,00","","35,00","","15,00","","24,10","","94,61","","","","-14,00","","Neige"
"1977-12-29 09:00","1977","12","29","09:00"," ","-7,00","","-8,90","","86,00","","36,00","","7,00","","24,10","","94,71","","","","-11,00","","Nuageux"
"1977-12-29 10:00","1977","12","29","10:00"," ","-6,70","","-8,30","","89,00","","3,00","","4,00","","24,10","","94,77","","","","-9,00","","Nuageux"
"1977-12-29 11:00","1977","12","29","11:00"," ","-9,40","","-11,00","","88,00","","7,00","","17,00","","24,10","","94,77","","","","-16,00","","Neige"
"1977-12-29 12:00","1977","12","29","12:00"," ","-10,50","","-12,20","","87,00","","11,00","","7,00","","24,10","","94,90","","","","-15,00","","Neige"
"1977-12-29 13:00","1977","12","29","13:00"," ","-11,10","","-12,70","","88,00","","9,00","","15,00","","6,40","","94,90","","","","-18,00","","Neige"
"1977-12-29 14:00","1977","12","29","14:00"," ","-11,40","","-13,30","","86,00","","13,00","","11,00","","6,40","","94,90","","","","-17,00","","Neige"
"1977-12-29 15:00","1977","12","29","15:00"," ","-11,80","","-13,90","","84,00","","11,00","","9,00","","9,70","","94,90","","","","-17,00","","Neige"
"1977-12-29 16:00","1977","12","29","16:00"," ","-12,50","","-14,40","","86,00","","11,00","","13,00","","12,90","","95,00","","","","-19,00","","Neige"
"1977-12-29 17:00","1977","12","29","17:00"," ","-12,70","","-14,40","","87,00","","8,00","","17,00","","19,30","","94,96","","","","-21,00","","Neige"
"1977-12-29 18:00","1977","12","29","18:00"," ","-13,40","","-15,10","","87,00","","9,00","","13,00","","16,10","","95,00","","","","-20,00","","Neige"
"1977-12-29 19:00","1977","12","29","19:00"," ","-14,40","","-16,20","","86,00","","7,00","","15,00","","16,10","","95,06","","","","-22,00","","Neige"
"1977-12-29 20:00","1977","12","29","20:00"," ","-15,20","","-16,30","","92,00","","9,00","","19,00","","24,10","","95,12","","","","-24,00","","Neige"
"1977-12-29 21:00","1977","12","29","21:00"," ","-15,30","","-16,80","","88,00","","9,00","","11,00","","12,90","","95,22","","","","-22,00","","Neige"
"1977-12-29 22:00","1977","12","29","22:00"," ","-15,50","","-16,80","","90,00","","11,00","","9,00","","16,10","","95,25","","","","-21,00","","Neige"
"1977-12-29 23:00","1977","12","29","23:00"," ","-15,60","","-16,80","","91,00","","10,00","","7,00","","19,30","","95,28","","","","-21,00","","Neige"
"1977-12-30 00:00","1977","12","30","00:00"," ","-15,50","","-16,80","","90,00","","12,00","","4,00","","19,30","","95,32","","","","-18,00","","Neige"
"1977-12-30 01:00","1977","12","30","01:00"," ","-15,80","","-17,30","","88,00","","0,00","","0,00","","24,10","","95,38","","","","","","Neige"
"1977-12-30 02:00","1977","12","30","02:00"," ","-17,50","","-18,90","","89,00","","0,00","","0,00","","24,10","","95,41","","","","","","Généralement nuageux"
"1977-12-30 03:00","1977","12","30","03:00"," ","-17,50","","-19,50","","84,00","","11,00","","6,00","","24,10","","95,44","","","","-22,00","","Généralement dégagé"
"1977-12-30 04:00","1977","12","30","04:00"," ","-20,50","","-20,80","","98,00","","6,00","","4,00","","24,10","","95,48","","","","-24,00","","Généralement nuageux"
"1977-12-30 05:00","1977","12","30","05:00"," ","-22,00","","-22,20","","98,00","","3,00","","4,00","","24,10","","95,48","","","","-26,00","","Généralement nuageux"
"1977-12-30 06:00","1977","12","30","06:00"," ","-22,40","","-22,60","","98,00","","9,00","","4,00","","24,10","","95,44","","","","-26,00","","Cristaux de glace"
"1977-12-30 07:00","1977","12","30","07:00"," ","-22,70","","-23,40","","94,00","","1,00","","4,00","","32,20","","95,48","","","","-26,00","","Cristaux de glace"
"1977-12-30 08:00","1977","12","30","08:00"," ","-22,50","","-25,80","","75,00","","0,00","","0,00","","32,20","","95,54","","","","","","Cristaux de glace"
"1977-12-30 09:00","1977","12","30","09:00"," ","-24,00","","-24,80","","93,00","","35,00","","7,00","","32,20","","95,57","","","","-30,00","","Cristaux de glace"
"1977-12-30 10:00","1977","12","30","10:00"," ","-22,70","","-23,40","","94,00","","32,00","","4,00","","24,10","","95,60","","","","-26,00","","Cristaux de glace"
"1977-12-30 11:00","1977","12","30","11:00"," ","-22,80","","-25,50","","79,00","","31,00","","4,00","","32,20","","95,67","","","","-27,00","","Cristaux de glace"
"1977-12-30 12:00","1977","12","30","12:00"," ","-23,00","","-23,90","","93,00","","35,00","","6,00","","32,20","","95,64","","","","-28,00","","Nuageux"
"1977-12-30 13:00","1977","12","30","13:00"," ","-23,00","","-23,90","","93,00","","0,00","","0,00","","24,10","","95,64","","","","","","Nuageux"
"1977-12-30 14:00","1977","12","30","14:00"," ","-21,20","","-22,60","","89,00","","32,00","","7,00","","24,10","","95,64","","","","-27,00","","Nuageux"
"1977-12-30 15:00","1977","12","30","15:00"," ","-21,00","","-23,30","","82,00","","35,00","","7,00","","24,10","","95,60","","","","-27,00","","Nuageux"
"1977-12-30 16:00","1977","12","30","16:00"," ","-21,00","","-23,30","","82,00","","31,00","","9,00","","8,00","","95,64","","","","-28,00","","Brouillard de glace"
"1977-12-30 17:00","1977","12","30","17:00"," ","-21,40","","-22,40","","92,00","","33,00","","15,00","","16,10","","95,64","","","","-31,00","","Généralement nuageux"
"1977-12-30 18:00","1977","12","30","18:00"," ","-22,00","","-22,90","","93,00","","33,00","","11,00","","24,10","","95,64","","","","-30,00","","Généralement nuageux"
"1977-12-30 19:00","1977","12","30","19:00"," ","-22,60","","-23,40","","93,00","","29,00","","15,00","","9,70","","95,73","","","","-32,00","","Brouillard de glace"
"1977-12-30 20:00","1977","12","30","20:00"," ","-23,00","","-23,90","","93,00","","29,00","","13,00","","6,40","","95,80","","","","-32,00","","Brouillard de glace"
"1977-12-30 21:00","1977","12","30","21:00"," ","-24,70","","-25,30","","95,00","","30,00","","11,00","","12,90","","95,86","","","","-33,00","","Généralement dégagé"
"1977-12-30 22:00","1977","12","30","22:00"," ","-25,30","","-26,20","","92,00","","31,00","","11,00","","4,80","","95,89","","","","-34,00","","Brouillard de glace"
"1977-12-30 23:00","1977","12","30","23:00"," ","-26,00","","-26,70","","94,00","","32,00","","15,00","","12,90","","95,89","","","","-36,00","","Dégagé"
"1977-12-31 00:00","1977","12","31","00:00"," ","-25,90","","-26,70","","93,00","","28,00","","11,00","","8,00","","95,99","","","","-35,00","","Brouillard de glace"
"1977-12-31 01:00","1977","12","31","01:00"," ","-25,20","","-25,80","","95,00","","31,00","","15,00","","8,00","","96,02","","","","-35,00","","Brouillard de glace"
"1977-12-31 02:00","1977","12","31","02:00"," ","-25,10","","-26,70","","87,00","","32,00","","13,00","","4,80","","96,05","","","","-35,00","","Brouillard de glace"
"1977-12-31 03:00","1977","12","31","03:00"," ","-25,40","","-25,40","","100,00","","32,00","","11,00","","0,80","","96,12","","","","-34,00","","Cristaux de glace,Brouillard de glace"
"1977-12-31 04:00","1977","12","31","04:00"," ","-25,50","","-26,20","","94,00","","30,00","","9,00","","1,20","","96,12","","","","-33,00","","Cristaux de glace,Brouillard de glace"
"1977-12-31 05:00","1977","12","31","05:00"," ","-25,90","","-26,70","","93,00","","31,00","","11,00","","3,20","","96,18","","","","-35,00","","Cristaux de glace,Brouillard de glace"
"1977-12-31 06:00","1977","12","31","06:00"," ","-26,00","","-26,70","","94,00","","30,00","","11,00","","0,80","","96,18","","","","-35,00","","Cristaux de glace,Brouillard de glace"
"1977-12-31 07:00","1977","12","31","07:00"," ","-25,90","","-26,70","","93,00","","29,00","","7,00","","0,80","","96,21","","","","-33,00","","Cristaux de glace,Brouillard de glace"
"1977-12-31 08:00","1977","12","31","08:00"," ","-26,40","","-27,20","","93,00","","27,00","","11,00","","0,60","","96,31","","","","-35,00","","Cristaux de glace,Brouillard de glace"
"1977-12-31 09:00","1977","12","31","09:00"," ","-26,20","","-26,70","","96,00","","26,00","","11,00","","2,40","","96,37","","","","-35,00","","Brouillard de glace"
"1977-12-31 10:00","1977","12","31","10:00"," ","-22,40","","-24,10","","86,00","","26,00","","11,00","","8,00","","96,44","","","","-31,00","","Brouillard de glace"
"1977-12-31 11:00","1977","12","31","11:00"," ","-20,60","","-22,10","","88,00","","26,00","","11,00","","6,40","","96,47","","","","-28,00","","Brouillard de glace"
"1977-12-31 12:00","1977","12","31","12:00"," ","-19,60","","-21,00","","89,00","","25,00","","9,00","","12,90","","96,44","","","","-26,00","","Nuageux"
"1977-12-31 13:00","1977","12","31","13:00"," ","-18,50","","-20,60","","83,00","","27,00","","9,00","","19,30","","96,37","","","","-25,00","","Généralement nuageux"
"1977-12-31 14:00","1977","12","31","14:00"," ","-17,60","","-19,50","","85,00","","25,00","","11,00","","24,10","","96,31","","","","-25,00","","Généralement nuageux"
"1977-12-31 15:00","1977","12","31","15:00"," ","-18,00","","-20,10","","83,00","","28,00","","11,00","","24,10","","96,31","","","","-25,00","","Généralement nuageux"
"1977-12-31 16:00","1977","12","31","16:00"," ","-18,20","","-19,50","","90,00","","28,00","","11,00","","24,10","","96,34","","","","-25,00","","Généralement nuageux"
"1977-12-31 17:00","1977","12","31","17:00"," ","-18,80","","-20,50","","86,00","","27,00","","15,00","","24,10","","96,34","","","","-28,00","","Généralement dégagé"
"1977-12-31 18:00","1977","12","31","18:00"," ","-18,80","","-19,90","","91,00","","28,00","","11,00","","24,10","","96,37","","","","-26,00","","Généralement nuageux"
"1977-12-31 19:00","1977","12","31","19:00"," ","-17,40","","-18,40","","92,00","","27,00","","17,00","","24,10","","96,37","","","","-26,00","","Neige"
"1977-12-31 20:00","1977","12","31","20:00"," ","-17,20","","-17,90","","95,00","","28,00","","15,00","","24,10","","96,37","","","","-26,00","","Neige"
"1977-12-31 21:00","1977","12","31","21:00"," ","-17,00","","-17,90","","93,00","","29,00","","17,00","","24,10","","96,31","","","","-26,00","","Neige"
"1977-12-31 22:00","1977","12","31","22:00"," ","-17,20","","-17,90","","95,00","","30,00","","19,00","","24,10","","96,31","","","","-27,00","","Neige"
"1977-12-31 23:00","1977","12","31","23:00"," ","-16,80","","-17,90","","91,00","","30,00","","17,00","","24,10","","96,31","","","","-26,00","","Neige"
