"Nom de la Station","SAINT JOHN A"
"Province","NEW BRUNSWICK"
"Latitude","45,32"
"Longitude","-65,89"
"Altitude","108,80"
"Identification Climat","8104900"
"Identification OMM","71609"
"Identification TC","YSJ"
"Toutes les heures sont exprimées en heure normale locale (HNL). Pour convertir l'heure locale en heure avancée de l'Est (HAE), ajoutez 1 heure s'il y a lieu."

"Légende"
"M","Données Manquantes"
"E","Valeur Estimée"
"ND","Non Disponible"
"**","Données fournies par un partenaire, non assujetties à un révision par les Archives climatiques nationales du Canada"

"Date/Heure","Année","Mois","Jour","Heure","Qualité des Données","Temp (°C)","Temp Indicateur","Point de rosée (°C)","Point de rosée Indicateur","Hum. rel (%)","Hum. rel. Indicateur","Dir. du vent (10s deg)","Dir. du vent Indicateur","Vit. du vent (km/h)","Vit. du vent Indicateur","Visibilité (km)","Visibilité Indicateur","Pression à la station (kPa)","Pression à la station Indicateur","Hmdx","Hmdx Indicateur","Refroid. éolien","Refroid. éolien Indicateur","Temps"
"1963-03-01 00:00","1963","03","01","00:00"," ","-15,60","","-18,90","","77,00","","32,00","","24,00","","24,10","","99,89","","","","-26,00","","Dégagé"
"1963-03-01 01:00","1963","03","01","01:00"," ","-10,60","","-13,30","","81,00","","29,00","","29,00","","24,10","","100,00","","","","-20,00","","Dégagé"
"1963-03-01 02:00","1963","03","01","02:00"," ","-10,60","","-15,60","","68,00","","29,00","","19,00","","24,10","","100,09","","","","-18,00","","Dégagé"
"1963-03-01 03:00","1963","03","01","03:00"," ","-11,70","","-16,10","","69,00","","29,00","","16,00","","24,10","","100,20","","","","-19,00","","Dégagé"
"1963-03-01 04:00","1963","03","01","04:00"," ","-13,30","","-17,20","","73,00","","29,00","","16,00","","24,10","","100,24","","","","-21,00","","Dégagé"
"1963-03-01 05:00","1963","03","01","05:00"," ","-14,40","","-18,30","","73,00","","32,00","","23,00","","24,10","","100,40","","","","-24,00","","Dégagé"
"1963-03-01 06:00","1963","03","01","06:00"," ","-15,00","","-18,90","","74,00","","34,00","","26,00","","24,10","","100,52","","","","-25,00","","Dégagé"
"1963-03-01 07:00","1963","03","01","07:00"," ","-16,10","","-19,40","","74,00","","34,00","","24,00","","24,10","","100,64","","","","-26,00","","Généralement dégagé"
"1963-03-01 08:00","1963","03","01","08:00"," ","-16,10","","-19,40","","76,00","","34,00","","19,00","","24,10","","100,71","","","","-25,00","","Généralement dégagé"
"1963-03-01 09:00","1963","03","01","09:00"," ","-16,10","","-21,10","","65,00","","34,00","","16,00","","24,10","","100,81","","","","-25,00","","Généralement nuageux"
"1963-03-01 10:00","1963","03","01","10:00"," ","-15,00","","-18,90","","74,00","","34,00","","29,00","","24,10","","100,83","","","","-26,00","","Généralement nuageux"
"1963-03-01 11:00","1963","03","01","11:00"," ","-13,30","","-17,20","","71,00","","34,00","","24,00","","24,10","","100,81","","","","-23,00","","Généralement nuageux"
"1963-03-01 12:00","1963","03","01","12:00"," ","-13,30","","-17,20","","73,00","","34,00","","24,00","","24,10","","100,91","","","","-23,00","","Généralement dégagé"
"1963-03-01 13:00","1963","03","01","13:00"," ","-11,10","","-13,90","","80,00","","29,00","","19,00","","24,10","","100,85","","","","-19,00","","Généralement dégagé"
"1963-03-01 14:00","1963","03","01","14:00"," ","-11,10","","-21,10","","44,00","","29,00","","18,00","","24,10","","100,82","","","","-19,00","","Généralement dégagé"
"1963-03-01 15:00","1963","03","01","15:00"," ","-9,40","","-16,10","","58,00","","29,00","","21,00","","24,10","","100,78","","","","-17,00","","Généralement dégagé"
"1963-03-01 16:00","1963","03","01","16:00"," ","-8,90","","-17,20","","51,00","","27,00","","24,00","","24,10","","100,78","","","","-17,00","","Généralement nuageux"
"1963-03-01 17:00","1963","03","01","17:00"," ","-8,30","","-16,10","","53,00","","29,00","","19,00","","24,10","","100,78","","","","-16,00","","Généralement nuageux"
"1963-03-01 18:00","1963","03","01","18:00"," ","-8,90","","-15,00","","60,00","","29,00","","5,00","","24,10","","100,80","","","","-12,00","","Généralement nuageux"
"1963-03-01 19:00","1963","03","01","19:00"," ","-13,30","","-18,30","","65,00","","5,00","","3,00","","24,10","","100,80","","","","-15,00","","Généralement dégagé"
"1963-03-01 20:00","1963","03","01","20:00"," ","-16,10","","-19,40","","74,00","","2,00","","3,00","","24,10","","100,82","","","","-18,00","","Généralement dégagé"
"1963-03-01 21:00","1963","03","01","21:00"," ","-16,70","","-20,00","","76,00","","0,00","","0,00","","24,10","","100,84","","","","","","Généralement nuageux"
"1963-03-01 22:00","1963","03","01","22:00"," ","-17,20","","-20,00","","77,00","","2,00","","6,00","","24,10","","100,84","","","","-22,00","","Généralement nuageux"
"1963-03-01 23:00","1963","03","01","23:00"," ","-17,80","","-20,60","","79,00","","5,00","","8,00","","24,10","","100,80","","","","-24,00","","Nuageux"
"1963-03-02 00:00","1963","03","02","00:00"," ","-14,40","","-17,20","","79,00","","2,00","","10,00","","24,10","","100,73","","","","-21,00","","Nuageux"
"1963-03-02 01:00","1963","03","02","01:00"," ","-13,90","","-18,90","","66,00","","5,00","","6,00","","24,10","","100,64","","","","-18,00","","Nuageux"
"1963-03-02 02:00","1963","03","02","02:00"," ","-12,80","","-18,90","","61,00","","7,00","","10,00","","24,10","","100,56","","","","-19,00","","Nuageux"
"1963-03-02 03:00","1963","03","02","03:00"," ","-12,20","","-17,80","","62,00","","9,00","","16,00","","24,10","","100,49","","","","-20,00","","Nuageux"
"1963-03-02 04:00","1963","03","02","04:00"," ","-10,00","","-14,40","","71,00","","9,00","","19,00","","24,10","","100,28","","","","-18,00","","Nuageux"
"1963-03-02 05:00","1963","03","02","05:00"," ","-9,40","","-13,90","","70,00","","9,00","","23,00","","24,10","","100,31","","","","-18,00","","Nuageux"
"1963-03-02 06:00","1963","03","02","06:00"," ","-10,00","","-15,60","","64,00","","7,00","","18,00","","24,10","","100,23","","","","-17,00","","Nuageux"
"1963-03-02 07:00","1963","03","02","07:00"," ","-10,00","","-15,60","","63,00","","7,00","","19,00","","24,10","","100,17","","","","-18,00","","Nuageux"
"1963-03-02 08:00","1963","03","02","08:00"," ","-10,00","","-16,70","","58,00","","7,00","","19,00","","16,10","","100,08","","","","-18,00","","Nuageux"
"1963-03-02 09:00","1963","03","02","09:00"," ","-8,90","","-11,70","","80,00","","5,00","","16,00","","16,10","","100,07","","","","-16,00","","Nuageux"
"1963-03-02 10:00","1963","03","02","10:00"," ","-9,40","","-12,20","","81,00","","9,00","","29,00","","2,40","","100,00","","","","-19,00","","Neige"
"1963-03-02 11:00","1963","03","02","11:00"," ","-8,90","","-11,70","","80,00","","7,00","","26,00","","6,40","","99,94","","","","-18,00","","Neige"
"1963-03-02 12:00","1963","03","02","12:00"," ","-9,40","","-12,20","","81,00","","2,00","","26,00","","9,70","","99,86","","","","-18,00","","Neige"
"1963-03-02 13:00","1963","03","02","13:00"," ","-9,40","","-12,20","","81,00","","2,00","","19,00","","24,10","","99,86","","","","-17,00","","Nuageux"
"1963-03-02 14:00","1963","03","02","14:00"," ","-7,20","","-12,20","","67,00","","2,00","","32,00","","24,10","","99,78","","","","-16,00","","Généralement nuageux"
"1963-03-02 15:00","1963","03","02","15:00"," ","-6,10","","-8,90","","79,00","","2,00","","21,00","","24,10","","99,83","","","","-13,00","","Dégagé"
"1963-03-02 16:00","1963","03","02","16:00"," ","-6,10","","-8,90","","79,00","","2,00","","19,00","","24,10","","99,84","","","","-13,00","","Dégagé"
"1963-03-02 17:00","1963","03","02","17:00"," ","-6,70","","-10,00","","78,00","","2,00","","18,00","","24,10","","99,90","","","","-13,00","","Généralement dégagé"
"1963-03-02 18:00","1963","03","02","18:00"," ","-8,90","","-12,20","","77,00","","5,00","","16,00","","24,10","","99,90","","","","-16,00","","Généralement nuageux"
"1963-03-02 19:00","1963","03","02","19:00"," ","-10,00","","-13,30","","75,00","","2,00","","13,00","","24,10","","99,95","","","","-16,00","","Généralement dégagé"
"1963-03-02 20:00","1963","03","02","20:00"," ","-12,20","","-16,10","","71,00","","2,00","","11,00","","24,10","","100,00","","","","-18,00","","Généralement dégagé"
"1963-03-02 21:00","1963","03","02","21:00"," ","-13,30","","-17,20","","73,00","","2,00","","3,00","","24,10","","100,10","","","","-15,00","","Neige"
"1963-03-02 22:00","1963","03","02","22:00"," ","-11,70","","-15,60","","74,00","","5,00","","8,00","","24,10","","100,12","","","","-16,00","","Neige"
"1963-03-02 23:00","1963","03","02","23:00"," ","-10,60","","-13,30","","79,00","","2,00","","5,00","","24,10","","100,08","","","","-14,00","","Neige"
"1963-03-03 00:00","1963","03","03","00:00"," ","-11,10","","-14,40","","77,00","","0,00","","0,00","","24,10","","100,12","","","","","","Généralement nuageux"
"1963-03-03 01:00","1963","03","03","01:00"," ","-12,80","","-17,20","","70,00","","2,00","","6,00","","24,10","","100,14","","","","-17,00","","Nuageux"
"1963-03-03 02:00","1963","03","03","02:00"," ","-12,80","","-17,80","","65,00","","2,00","","5,00","","24,10","","100,15","","","","-16,00","","Généralement nuageux"
"1963-03-03 03:00","1963","03","03","03:00"," ","-12,80","","-17,20","","68,00","","0,00","","0,00","","24,10","","100,15","","","","","","Nuageux"
"1963-03-03 04:00","1963","03","03","04:00"," ","-14,40","","-18,30","","71,00","","0,00","","0,00","","24,10","","100,15","","","","","","Généralement dégagé"
"1963-03-03 05:00","1963","03","03","05:00"," ","-13,90","","-17,80","","72,00","","0,00","","0,00","","24,10","","100,20","","","","","","Averses de neige"
"1963-03-03 06:00","1963","03","03","06:00"," ","-14,40","","-18,90","","69,00","","0,00","","0,00","","24,10","","100,23","","","","","","Averses de neige"
"1963-03-03 07:00","1963","03","03","07:00"," ","-12,80","","-16,70","","72,00","","0,00","","0,00","","6,40","","100,24","","","","","","Neige"
"1963-03-03 08:00","1963","03","03","08:00"," ","-12,20","","-15,60","","75,00","","0,00","","0,00","","16,10","","100,28","","","","","","Généralement nuageux"
"1963-03-03 09:00","1963","03","03","09:00"," ","-6,70","","-11,70","","67,00","","25,00","","6,00","","16,10","","100,34","","","","-10,00","","Généralement dégagé"
"1963-03-03 10:00","1963","03","03","10:00"," ","-6,10","","-11,10","","67,00","","29,00","","19,00","","24,10","","100,34","","","","-13,00","","Dégagé"
"1963-03-03 11:00","1963","03","03","11:00"," ","-3,90","","-10,00","","63,00","","29,00","","13,00","","24,10","","100,34","","","","-9,00","","Dégagé"
"1963-03-03 12:00","1963","03","03","12:00"," ","-2,20","","-9,40","","59,00","","29,00","","24,00","","24,10","","100,35","","","","-9,00","","Généralement dégagé"
"1963-03-03 13:00","1963","03","03","13:00"," ","-1,10","","-7,80","","60,00","","29,00","","32,00","","24,10","","100,31","","","","-8,00","","Généralement dégagé"
"1963-03-03 14:00","1963","03","03","14:00"," ","-1,10","","-6,70","","66,00","","29,00","","32,00","","24,10","","100,28","","","","-8,00","","Généralement dégagé"
"1963-03-03 15:00","1963","03","03","15:00"," ","-1,10","","-6,70","","66,00","","29,00","","32,00","","24,10","","100,28","","","","-8,00","","Généralement dégagé"
"1963-03-03 16:00","1963","03","03","16:00"," ","-0,60","","-5,60","","67,00","","29,00","","27,00","","24,10","","100,30","","","","-7,00","","Généralement dégagé"
"1963-03-03 17:00","1963","03","03","17:00"," ","0,00","","-3,30","","80,00","","29,00","","32,00","","24,10","","100,30","","","","-7,00","","Généralement dégagé"
"1963-03-03 18:00","1963","03","03","18:00"," ","-1,70","","-7,80","","64,00","","29,00","","24,00","","24,10","","100,38","","","","-8,00","","Généralement dégagé"
"1963-03-03 19:00","1963","03","03","19:00"," ","-3,30","","-7,80","","73,00","","29,00","","19,00","","24,10","","100,46","","","","-9,00","","Généralement dégagé"
"1963-03-03 20:00","1963","03","03","20:00"," ","-3,90","","-9,40","","66,00","","29,00","","19,00","","24,10","","100,58","","","","-10,00","","Généralement dégagé"
"1963-03-03 21:00","1963","03","03","21:00"," ","-5,00","","-10,00","","67,00","","27,00","","16,00","","24,10","","100,64","","","","-11,00","","Généralement dégagé"
"1963-03-03 22:00","1963","03","03","22:00"," ","-4,40","","-9,40","","68,00","","29,00","","23,00","","24,10","","100,72","","","","-11,00","","Généralement nuageux"
"1963-03-03 23:00","1963","03","03","23:00"," ","-5,00","","-10,00","","68,00","","29,00","","19,00","","24,10","","100,78","","","","-11,00","","Dégagé"
"1963-03-04 00:00","1963","03","04","00:00"," ","-6,10","","-11,10","","68,00","","29,00","","14,00","","24,10","","100,78","","","","-12,00","","Dégagé"
"1963-03-04 01:00","1963","03","04","01:00"," ","-6,70","","-10,60","","73,00","","27,00","","10,00","","24,10","","100,81","","","","-11,00","","Dégagé"
"1963-03-04 02:00","1963","03","04","02:00"," ","-6,70","","-10,60","","73,00","","29,00","","8,00","","24,10","","100,85","","","","-11,00","","Dégagé"
"1963-03-04 03:00","1963","03","04","03:00"," ","-9,40","","-11,70","","82,00","","34,00","","13,00","","24,10","","100,90","","","","-15,00","","Dégagé"
"1963-03-04 04:00","1963","03","04","04:00"," ","-10,00","","-12,80","","81,00","","34,00","","24,00","","24,10","","100,95","","","","-19,00","","Dégagé"
"1963-03-04 05:00","1963","03","04","05:00"," ","-10,00","","-12,20","","83,00","","34,00","","19,00","","24,10","","101,05","","","","-18,00","","Dégagé"
"1963-03-04 06:00","1963","03","04","06:00"," ","-11,10","","-13,90","","81,00","","34,00","","10,00","","24,10","","101,12","","","","-17,00","","Dégagé"
"1963-03-04 07:00","1963","03","04","07:00"," ","-11,10","","-15,00","","73,00","","34,00","","16,00","","24,10","","101,12","","","","-18,00","","Généralement dégagé"
"1963-03-04 08:00","1963","03","04","08:00"," ","-9,40","","-15,60","","61,00","","34,00","","19,00","","24,10","","101,15","","","","-17,00","","Généralement dégagé"
"1963-03-04 09:00","1963","03","04","09:00"," ","-8,90","","-14,40","","63,00","","32,00","","21,00","","24,10","","101,24","","","","-17,00","","Généralement dégagé"
"1963-03-04 10:00","1963","03","04","10:00"," ","-7,80","","-16,10","","51,00","","32,00","","23,00","","24,10","","101,23","","","","-16,00","","Généralement dégagé"
"1963-03-04 11:00","1963","03","04","11:00"," ","-6,70","","-13,90","","55,00","","29,00","","16,00","","24,10","","101,15","","","","-13,00","","Généralement dégagé"
"1963-03-04 12:00","1963","03","04","12:00"," ","-6,10","","-13,30","","56,00","","29,00","","27,00","","24,10","","101,04","","","","-14,00","","Généralement dégagé"
"1963-03-04 13:00","1963","03","04","13:00"," ","-5,00","","-12,20","","56,00","","27,00","","24,00","","24,10","","100,93","","","","-12,00","","Généralement dégagé"
"1963-03-04 14:00","1963","03","04","14:00"," ","-4,40","","-11,10","","59,00","","29,00","","27,00","","24,10","","100,85","","","","-12,00","","Généralement nuageux"
"1963-03-04 15:00","1963","03","04","15:00"," ","-3,30","","-10,00","","60,00","","27,00","","32,00","","24,10","","100,84","","","","-11,00","","Généralement nuageux"
"1963-03-04 16:00","1963","03","04","16:00"," ","-3,30","","-10,00","","61,00","","27,00","","18,00","","24,10","","100,68","","","","-9,00","","Généralement nuageux"
"1963-03-04 17:00","1963","03","04","17:00"," ","-2,80","","-11,10","","52,00","","29,00","","16,00","","24,10","","100,58","","","","-8,00","","Généralement nuageux"
"1963-03-04 18:00","1963","03","04","18:00"," ","-3,30","","-11,70","","53,00","","29,00","","8,00","","24,10","","100,55","","","","-7,00","","Généralement nuageux"
"1963-03-04 19:00","1963","03","04","19:00"," ","-5,00","","-12,80","","55,00","","25,00","","14,00","","24,10","","100,55","","","","-10,00","","Généralement nuageux"
"1963-03-04 20:00","1963","03","04","20:00"," ","-6,70","","-12,20","","64,00","","0,00","","0,00","","24,10","","100,53","","","","","","Nuageux"
"1963-03-04 21:00","1963","03","04","21:00"," ","-7,20","","-13,30","","63,00","","0,00","","0,00","","24,10","","100,46","","","","","","Généralement nuageux"
"1963-03-04 22:00","1963","03","04","22:00"," ","-7,80","","-12,80","","68,00","","5,00","","8,00","","24,10","","100,40","","","","-12,00","","Nuageux"
"1963-03-04 23:00","1963","03","04","23:00"," ","-8,30","","-13,90","","64,00","","2,00","","5,00","","24,10","","100,33","","","","-11,00","","Nuageux"
"1963-03-05 00:00","1963","03","05","00:00"," ","-8,90","","-13,90","","66,00","","2,00","","5,00","","24,10","","100,22","","","","-12,00","","Nuageux"
"1963-03-05 01:00","1963","03","05","01:00"," ","-8,90","","-13,30","","70,00","","2,00","","10,00","","24,10","","100,19","","","","-14,00","","Nuageux"
"1963-03-05 02:00","1963","03","05","02:00"," ","-9,40","","-13,30","","73,00","","2,00","","21,00","","24,10","","100,19","","","","-17,00","","Nuageux"
"1963-03-05 03:00","1963","03","05","03:00"," ","-8,90","","-11,70","","80,00","","2,00","","13,00","","24,10","","100,13","","","","-15,00","","Nuageux"
"1963-03-05 04:00","1963","03","05","04:00"," ","-8,90","","-12,80","","74,00","","5,00","","5,00","","24,10","","100,12","","","","-12,00","","Nuageux"
"1963-03-05 05:00","1963","03","05","05:00"," ","-9,40","","-12,20","","79,00","","36,00","","3,00","","24,10","","100,14","","","","-11,00","","Nuageux"
"1963-03-05 06:00","1963","03","05","06:00"," ","-10,00","","-12,80","","80,00","","5,00","","3,00","","24,10","","100,12","","","","-12,00","","Nuageux"
"1963-03-05 07:00","1963","03","05","07:00"," ","-13,30","","-16,10","","80,00","","2,00","","8,00","","24,10","","100,14","","","","-18,00","","Généralement dégagé"
"1963-03-05 08:00","1963","03","05","08:00"," ","-13,30","","-16,10","","80,00","","2,00","","6,00","","24,10","","100,17","","","","-17,00","","Généralement nuageux"
"1963-03-05 09:00","1963","03","05","09:00"," ","-8,90","","-15,00","","61,00","","11,00","","8,00","","24,10","","100,21","","","","-13,00","","Généralement dégagé"
"1963-03-05 10:00","1963","03","05","10:00"," ","-6,70","","-12,20","","65,00","","18,00","","5,00","","24,10","","100,20","","","","-9,00","","Généralement dégagé"
"1963-03-05 11:00","1963","03","05","11:00"," ","-5,00","","-12,20","","58,00","","20,00","","2,00","","24,10","","100,19","","","","-6,00","","Généralement dégagé"
"1963-03-05 12:00","1963","03","05","12:00"," ","-3,30","","-11,10","","55,00","","29,00","","2,00","","24,10","","100,18","","","","-4,00","","Généralement dégagé"
"1963-03-05 13:00","1963","03","05","13:00"," ","-3,30","","-10,60","","58,00","","29,00","","5,00","","24,10","","100,13","","","","-5,00","","Généralement dégagé"
"1963-03-05 14:00","1963","03","05","14:00"," ","-1,70","","-8,30","","61,00","","23,00","","8,00","","24,10","","100,08","","","","-5,00","","Généralement dégagé"
"1963-03-05 15:00","1963","03","05","15:00"," ","-2,20","","-8,90","","60,00","","18,00","","23,00","","24,10","","100,04","","","","-8,00","","Généralement dégagé"
"1963-03-05 16:00","1963","03","05","16:00"," ","-3,30","","-7,20","","75,00","","18,00","","26,00","","24,10","","100,08","","","","-10,00","","Généralement dégagé"
"1963-03-05 17:00","1963","03","05","17:00"," ","-4,40","","-9,40","","68,00","","20,00","","13,00","","24,10","","100,08","","","","-9,00","","Généralement dégagé"
"1963-03-05 18:00","1963","03","05","18:00"," ","-6,10","","-9,40","","77,00","","20,00","","16,00","","24,10","","100,08","","","","-12,00","","Généralement dégagé"
"1963-03-05 19:00","1963","03","05","19:00"," ","-7,20","","-10,00","","80,00","","20,00","","13,00","","24,10","","100,19","","","","-13,00","","Généralement dégagé"
"1963-03-05 20:00","1963","03","05","20:00"," ","-6,10","","-8,90","","79,00","","20,00","","5,00","","24,10","","100,30","","","","-9,00","","Généralement dégagé"
"1963-03-05 21:00","1963","03","05","21:00"," ","-10,60","","-12,20","","87,00","","16,00","","5,00","","24,10","","100,26","","","","-14,00","","Généralement dégagé"
"1963-03-05 22:00","1963","03","05","22:00"," ","-11,70","","-13,30","","89,00","","18,00","","5,00","","24,10","","100,27","","","","-15,00","","Généralement dégagé"
"1963-03-05 23:00","1963","03","05","23:00"," ","-12,80","","-15,60","","79,00","","5,00","","5,00","","24,10","","100,24","","","","-16,00","","Dégagé"
"1963-03-06 00:00","1963","03","06","00:00"," ","-13,90","","-17,20","","78,00","","5,00","","3,00","","24,10","","100,23","","","","-16,00","","Dégagé"
"1963-03-06 01:00","1963","03","06","01:00"," ","-14,40","","-17,20","","79,00","","5,00","","3,00","","24,10","","100,23","","","","-17,00","","Dégagé"
"1963-03-06 02:00","1963","03","06","02:00"," ","-14,40","","-17,20","","79,00","","0,00","","0,00","","24,10","","100,20","","","","","","Dégagé"
"1963-03-06 03:00","1963","03","06","03:00"," ","-15,00","","-17,80","","78,00","","36,00","","8,00","","24,10","","100,33","","","","-20,00","","Dégagé"
"1963-03-06 04:00","1963","03","06","04:00"," ","-17,80","","-20,00","","84,00","","2,00","","10,00","","24,10","","100,33","","","","-25,00","","Dégagé"
"1963-03-06 05:00","1963","03","06","05:00"," ","-18,30","","-20,60","","84,00","","2,00","","13,00","","24,10","","100,28","","","","-26,00","","Dégagé"
"1963-03-06 06:00","1963","03","06","06:00"," ","-18,90","","-21,10","","83,00","","2,00","","10,00","","24,10","","100,33","","","","-26,00","","Dégagé"
"1963-03-06 07:00","1963","03","06","07:00"," ","-19,40","","-21,70","","83,00","","9,00","","8,00","","24,10","","100,34","","","","-26,00","","Généralement nuageux"
"1963-03-06 08:00","1963","03","06","08:00"," ","-19,40","","-21,70","","83,00","","2,00","","10,00","","24,10","","100,36","","","","-26,00","","Généralement dégagé"
"1963-03-06 09:00","1963","03","06","09:00"," ","-13,90","","-17,20","","78,00","","11,00","","21,00","","24,10","","100,31","","","","-23,00","","Généralement nuageux"
"1963-03-06 10:00","1963","03","06","10:00"," ","-3,30","","-5,60","","84,00","","11,00","","24,00","","24,10","","100,25","","","","-10,00","","Nuageux"
"1963-03-06 11:00","1963","03","06","11:00"," ","-2,20","","-4,40","","83,00","","11,00","","26,00","","24,10","","100,07","","","","-9,00","","Nuageux"
"1963-03-06 12:00","1963","03","06","12:00"," ","-1,70","","-5,00","","79,00","","11,00","","27,00","","24,10","","99,93","","","","-8,00","","Nuageux"
"1963-03-06 13:00","1963","03","06","13:00"," ","-1,70","","-5,60","","74,00","","11,00","","27,00","","24,10","","99,78","","","","-8,00","","Nuageux"
"1963-03-06 14:00","1963","03","06","14:00"," ","-1,10","","-5,60","","71,00","","11,00","","35,00","","24,10","","99,70","","","","-8,00","","Nuageux"
"1963-03-06 15:00","1963","03","06","15:00"," ","-1,10","","-3,30","","84,00","","11,00","","32,00","","24,10","","99,34","","","","-8,00","","Nuageux"
"1963-03-06 16:00","1963","03","06","16:00"," ","-1,10","","-4,40","","79,00","","11,00","","32,00","","24,10","","98,97","","","","-8,00","","Nuageux"
"1963-03-06 17:00","1963","03","06","17:00"," ","-3,30","","-3,90","","95,00","","11,00","","56,00","","0,40","","98,66","","","","-13,00","","Neige forte,Poudrerie élevée"
"1963-03-06 18:00","1963","03","06","18:00"," ","-3,30","","-4,40","","92,00","","11,00","","48,00","","0,80","","98,28","","","","-12,00","","Neige modérée,Granules de glace ou grésil modérée,Poudrerie élevée"
"1963-03-06 19:00","1963","03","06","19:00"," ","-3,30","","-3,90","","95,00","","11,00","","48,00","","1,00","","97,96","","","","-12,00","","Neige,Granules de glace ou grésil modérée,Poudrerie élevée"
"1963-03-06 20:00","1963","03","06","20:00"," ","-3,90","","-4,40","","94,00","","11,00","","56,00","","1,00","","97,41","","","","-14,00","","Neige,Granules de glace ou grésil modérée,Poudrerie élevée"
"1963-03-06 21:00","1963","03","06","21:00"," ","-3,90","","-4,40","","94,00","","11,00","","64,00","","0,80","","96,70","","","","-14,00","","Neige,Granules de glace ou grésil modérée,Poudrerie élevée"
"1963-03-06 22:00","1963","03","06","22:00"," ","-1,70","","-2,20","","96,00","","11,00","","48,00","","1,00","","96,51","","","","-10,00","","Neige,Granules de glace ou grésil modérée,Poudrerie élevée"
"1963-03-06 23:00","1963","03","06","23:00"," ","0,60","","-1,10","","89,00","","11,00","","48,00","","6,40","","96,18","","","","","","Pluie verglaçante,Granules de glace ou grésil"
"1963-03-07 00:00","1963","03","07","00:00"," ","1,70","","0,00","","89,00","","18,00","","48,00","","11,30","","95,93","","","","","","Nuageux"
"1963-03-07 01:00","1963","03","07","01:00"," ","1,70","","-0,60","","86,00","","23,00","","64,00","","12,90","","95,86","","","","","","Généralement nuageux"
"1963-03-07 02:00","1963","03","07","02:00"," ","-1,10","","-3,30","","85,00","","25,00","","56,00","","19,30","","96,38","","","","-10,00","","Généralement nuageux"
"1963-03-07 03:00","1963","03","07","03:00"," ","-2,80","","-5,00","","84,00","","27,00","","64,00","","24,10","","96,78","","","","-13,00","","Généralement nuageux"
"1963-03-07 04:00","1963","03","07","04:00"," ","-3,90","","-6,10","","84,00","","25,00","","43,00","","24,10","","97,00","","","","-13,00","","Généralement dégagé"
"1963-03-07 05:00","1963","03","07","05:00"," ","-4,40","","-6,10","","86,00","","25,00","","32,00","","24,10","","97,12","","","","-12,00","","Généralement dégagé"
"1963-03-07 06:00","1963","03","07","06:00"," ","-4,40","","-6,10","","86,00","","25,00","","32,00","","24,10","","97,16","","","","-12,00","","Généralement nuageux"
"1963-03-07 07:00","1963","03","07","07:00"," ","-4,40","","-6,10","","88,00","","25,00","","37,00","","24,10","","97,26","","","","-13,00","","Nuageux"
"1963-03-07 08:00","1963","03","07","08:00"," ","0,00","","-1,10","","91,00","","25,00","","32,00","","24,10","","97,36","","","","-7,00","","Nuageux"
"1963-03-07 09:00","1963","03","07","09:00"," ","0,00","","-1,70","","88,00","","25,00","","40,00","","24,10","","97,47","","","","-7,00","","Nuageux"
"1963-03-07 10:00","1963","03","07","10:00"," ","1,10","","-3,30","","71,00","","27,00","","32,00","","24,10","","97,50","","","","","","Généralement nuageux"
"1963-03-07 11:00","1963","03","07","11:00"," ","1,70","","-2,80","","72,00","","25,00","","35,00","","24,10","","97,57","","","","","","Nuageux"
"1963-03-07 12:00","1963","03","07","12:00"," ","1,70","","-3,30","","70,00","","25,00","","24,00","","24,10","","97,56","","","","","","Nuageux"
"1963-03-07 13:00","1963","03","07","13:00"," ","2,20","","-3,30","","66,00","","25,00","","32,00","","24,10","","97,59","","","","","","Généralement nuageux"
"1963-03-07 14:00","1963","03","07","14:00"," ","2,20","","-3,30","","66,00","","27,00","","47,00","","24,10","","97,64","","","","","","Neige"
"1963-03-07 15:00","1963","03","07","15:00"," ","1,70","","-3,30","","70,00","","27,00","","53,00","","24,10","","97,71","","","","","","Nuageux"
"1963-03-07 16:00","1963","03","07","16:00"," ","1,10","","-2,80","","74,00","","27,00","","48,00","","24,10","","97,88","","","","","","Généralement nuageux"
"1963-03-07 17:00","1963","03","07","17:00"," ","1,10","","-3,30","","71,00","","29,00","","48,00","","24,10","","97,97","","","","","","Généralement nuageux"
"1963-03-07 18:00","1963","03","07","18:00"," ","-0,60","","-3,90","","79,00","","29,00","","35,00","","24,10","","98,14","","","","-8,00","","Généralement nuageux"
"1963-03-07 19:00","1963","03","07","19:00"," ","-1,10","","-5,00","","76,00","","29,00","","34,00","","24,10","","98,31","","","","-8,00","","Généralement dégagé"
"1963-03-07 20:00","1963","03","07","20:00"," ","-1,10","","-6,70","","65,00","","27,00","","43,00","","24,10","","98,44","","","","-9,00","","Généralement nuageux"
"1963-03-07 21:00","1963","03","07","21:00"," ","-2,20","","-5,00","","82,00","","27,00","","37,00","","24,10","","98,59","","","","-10,00","","Généralement nuageux"
"1963-03-07 22:00","1963","03","07","22:00"," ","-3,30","","-7,80","","72,00","","29,00","","23,00","","24,10","","98,72","","","","-10,00","","Généralement dégagé"
"1963-03-07 23:00","1963","03","07","23:00"," ","-3,90","","-8,30","","72,00","","29,00","","32,00","","24,10","","98,80","","","","-12,00","","Généralement nuageux"
"1963-03-08 00:00","1963","03","08","00:00"," ","-4,40","","-8,90","","71,00","","27,00","","29,00","","24,10","","98,90","","","","-12,00","","Généralement dégagé"
"1963-03-08 01:00","1963","03","08","01:00"," ","-5,00","","-9,40","","72,00","","27,00","","35,00","","24,10","","99,00","","","","-14,00","","Dégagé"
"1963-03-08 02:00","1963","03","08","02:00"," ","-5,00","","-8,90","","74,00","","27,00","","29,00","","24,10","","99,10","","","","-13,00","","Dégagé"
"1963-03-08 03:00","1963","03","08","03:00"," ","-5,60","","-9,40","","75,00","","29,00","","21,00","","24,10","","99,16","","","","-12,00","","Dégagé"
"1963-03-08 04:00","1963","03","08","04:00"," ","-5,60","","-8,90","","76,00","","27,00","","23,00","","24,10","","99,22","","","","-13,00","","Dégagé"
"1963-03-08 05:00","1963","03","08","05:00"," ","-6,10","","-9,40","","77,00","","27,00","","26,00","","24,10","","99,40","","","","-14,00","","Dégagé"
"1963-03-08 06:00","1963","03","08","06:00"," ","-7,20","","-10,60","","79,00","","27,00","","23,00","","24,10","","99,48","","","","-15,00","","Dégagé"
"1963-03-08 07:00","1963","03","08","07:00"," ","-7,20","","-10,00","","80,00","","27,00","","19,00","","24,10","","99,54","","","","-14,00","","Dégagé"
"1963-03-08 08:00","1963","03","08","08:00"," ","-7,80","","-10,60","","79,00","","29,00","","23,00","","24,10","","99,64","","","","-16,00","","Généralement dégagé"
"1963-03-08 09:00","1963","03","08","09:00"," ","-6,10","","-12,20","","63,00","","29,00","","24,00","","24,10","","99,72","","","","-14,00","","Généralement dégagé"
"1963-03-08 10:00","1963","03","08","10:00"," ","-4,40","","-11,70","","58,00","","32,00","","24,00","","24,10","","99,73","","","","-11,00","","Généralement nuageux"
"1963-03-08 11:00","1963","03","08","11:00"," ","-3,90","","-10,60","","59,00","","29,00","","27,00","","24,10","","99,79","","","","-11,00","","Généralement nuageux"
"1963-03-08 12:00","1963","03","08","12:00"," ","-2,80","","-10,60","","56,00","","29,00","","23,00","","24,10","","99,79","","","","-9,00","","Généralement nuageux"
"1963-03-08 13:00","1963","03","08","13:00"," ","-1,10","","-7,20","","62,00","","29,00","","24,00","","24,10","","99,81","","","","-7,00","","Généralement dégagé"
"1963-03-08 14:00","1963","03","08","14:00"," ","0,00","","-7,80","","55,00","","29,00","","23,00","","24,10","","99,83","","","","-6,00","","Généralement dégagé"
"1963-03-08 15:00","1963","03","08","15:00"," ","0,60","","-4,40","","70,00","","29,00","","32,00","","24,10","","99,82","","","","","","Généralement dégagé"
"1963-03-08 16:00","1963","03","08","16:00"," ","1,70","","-3,30","","70,00","","27,00","","24,00","","24,10","","99,83","","","","","","Généralement dégagé"
"1963-03-08 17:00","1963","03","08","17:00"," ","0,00","","-6,10","","63,00","","25,00","","19,00","","24,10","","99,84","","","","-5,00","","Généralement dégagé"
"1963-03-08 18:00","1963","03","08","18:00"," ","-0,60","","-5,00","","73,00","","23,00","","24,00","","24,10","","99,90","","","","-7,00","","Généralement dégagé"
"1963-03-08 19:00","1963","03","08","19:00"," ","-2,20","","-7,80","","65,00","","25,00","","16,00","","24,10","","100,00","","","","-7,00","","Dégagé"
"1963-03-08 20:00","1963","03","08","20:00"," ","-2,20","","-8,30","","64,00","","25,00","","14,00","","24,10","","100,04","","","","-7,00","","Dégagé"
"1963-03-08 21:00","1963","03","08","21:00"," ","-4,40","","-11,10","","59,00","","0,00","","0,00","","24,10","","100,13","","","","","","Dégagé"
"1963-03-08 22:00","1963","03","08","22:00"," ","-5,60","","-11,70","","61,00","","0,00","","0,00","","24,10","","100,21","","","","","","Dégagé"
"1963-03-08 23:00","1963","03","08","23:00"," ","-6,10","","-12,80","","58,00","","0,00","","0,00","","24,10","","100,27","","","","","","Dégagé"
"1963-03-09 00:00","1963","03","09","00:00"," ","-7,80","","-11,10","","78,00","","0,00","","0,00","","24,10","","100,30","","","","","","Dégagé"
"1963-03-09 01:00","1963","03","09","01:00"," ","-8,30","","-11,70","","78,00","","0,00","","0,00","","24,10","","100,30","","","","","","Dégagé"
"1963-03-09 02:00","1963","03","09","02:00"," ","-11,10","","-13,90","","80,00","","0,00","","0,00","","24,10","","100,30","","","","","","Dégagé"
"1963-03-09 03:00","1963","03","09","03:00"," ","-12,80","","-14,40","","88,00","","0,00","","0,00","","24,10","","100,30","","","","","","Dégagé"
"1963-03-09 04:00","1963","03","09","04:00"," ","-13,30","","-15,00","","88,00","","0,00","","0,00","","24,10","","100,28","","","","","","Généralement nuageux"
"1963-03-09 05:00","1963","03","09","05:00"," ","-13,90","","-15,60","","87,00","","0,00","","0,00","","24,10","","100,30","","","","","","Généralement nuageux"
"1963-03-09 06:00","1963","03","09","06:00"," ","-14,40","","-16,70","","83,00","","0,00","","0,00","","24,10","","100,24","","","","","","Généralement dégagé"
"1963-03-09 07:00","1963","03","09","07:00"," ","-13,30","","-15,60","","84,00","","0,00","","0,00","","24,10","","100,16","","","","","","Généralement dégagé"
"1963-03-09 08:00","1963","03","09","08:00"," ","-12,80","","-15,00","","83,00","","0,00","","0,00","","24,10","","100,16","","","","","","Généralement nuageux"
"1963-03-09 09:00","1963","03","09","09:00"," ","-5,00","","-6,10","","90,00","","18,00","","19,00","","4,80","","100,14","","","","-11,00","","Averses de neige"
"1963-03-09 10:00","1963","03","09","10:00"," ","0,60","","-0,60","","91,00","","18,00","","27,00","","1,60","","100,07","","","","","","Pluie,Neige,Brouillard"
"1963-03-09 11:00","1963","03","09","11:00"," ","2,80","","0,60","","87,00","","20,00","","24,00","","6,40","","99,97","","","","","","Brouillard"
"1963-03-09 12:00","1963","03","09","12:00"," ","3,30","","0,60","","82,00","","20,00","","29,00","","12,90","","99,95","","","","","","Généralement dégagé"
"1963-03-09 13:00","1963","03","09","13:00"," ","3,30","","-0,60","","75,00","","23,00","","32,00","","12,90","","99,84","","","","","","Généralement dégagé"
"1963-03-09 14:00","1963","03","09","14:00"," ","3,30","","-0,60","","75,00","","23,00","","35,00","","16,10","","99,83","","","","","","Généralement dégagé"
"1963-03-09 15:00","1963","03","09","15:00"," ","3,90","","0,00","","75,00","","23,00","","32,00","","16,10","","99,81","","","","","","Généralement dégagé"
"1963-03-09 16:00","1963","03","09","16:00"," ","3,90","","-1,70","","68,00","","25,00","","32,00","","16,10","","99,89","","","","","","Généralement nuageux"
"1963-03-09 17:00","1963","03","09","17:00"," ","3,30","","-1,10","","72,00","","25,00","","27,00","","16,10","","99,88","","","","","","Généralement nuageux"
"1963-03-09 18:00","1963","03","09","18:00"," ","3,30","","-1,70","","70,00","","25,00","","24,00","","16,10","","99,97","","","","","","Généralement nuageux"
"1963-03-09 19:00","1963","03","09","19:00"," ","2,20","","-2,20","","71,00","","32,00","","13,00","","16,10","","100,12","","","","","","Généralement dégagé"
"1963-03-09 20:00","1963","03","09","20:00"," ","1,10","","-6,10","","58,00","","29,00","","35,00","","24,10","","100,28","","","","","","Généralement dégagé"
"1963-03-09 21:00","1963","03","09","21:00"," ","-1,70","","-7,80","","64,00","","32,00","","24,00","","24,10","","100,48","","","","-8,00","","Généralement dégagé"
"1963-03-09 22:00","1963","03","09","22:00"," ","-2,80","","-8,30","","66,00","","34,00","","29,00","","24,10","","100,63","","","","-10,00","","Généralement dégagé"
"1963-03-09 23:00","1963","03","09","23:00"," ","-3,90","","-10,00","","62,00","","32,00","","24,00","","24,10","","100,69","","","","-11,00","","Généralement dégagé"
"1963-03-10 00:00","1963","03","10","00:00"," ","-5,00","","-12,20","","56,00","","34,00","","19,00","","24,10","","100,66","","","","-11,00","","Généralement dégagé"
"1963-03-10 01:00","1963","03","10","01:00"," ","-6,10","","-11,10","","67,00","","36,00","","10,00","","24,10","","100,69","","","","-11,00","","Généralement dégagé"
"1963-03-10 02:00","1963","03","10","02:00"," ","-6,70","","-10,00","","76,00","","36,00","","5,00","","24,10","","100,70","","","","-9,00","","Généralement nuageux"
"1963-03-10 03:00","1963","03","10","03:00"," ","-7,80","","-13,30","","64,00","","36,00","","5,00","","24,10","","100,71","","","","-10,00","","Généralement dégagé"
"1963-03-10 04:00","1963","03","10","04:00"," ","-9,40","","-15,60","","60,00","","2,00","","6,00","","24,10","","100,74","","","","-13,00","","Généralement dégagé"
"1963-03-10 05:00","1963","03","10","05:00"," ","-11,10","","-18,90","","54,00","","5,00","","8,00","","24,10","","100,72","","","","-16,00","","Généralement dégagé"
"1963-03-10 06:00","1963","03","10","06:00"," ","-11,10","","-16,70","","63,00","","5,00","","11,00","","24,10","","100,65","","","","-17,00","","Généralement nuageux"
"1963-03-10 07:00","1963","03","10","07:00"," ","-10,60","","-17,20","","58,00","","5,00","","13,00","","24,10","","100,53","","","","-17,00","","Généralement nuageux"
"1963-03-10 08:00","1963","03","10","08:00"," ","-10,00","","-16,10","","61,00","","5,00","","6,00","","24,10","","100,50","","","","-14,00","","Généralement nuageux"
"1963-03-10 09:00","1963","03","10","09:00"," ","-6,10","","-11,10","","67,00","","11,00","","27,00","","24,10","","100,40","","","","-14,00","","Généralement nuageux"
"1963-03-10 10:00","1963","03","10","10:00"," ","-4,40","","-10,00","","65,00","","11,00","","27,00","","24,10","","100,29","","","","-12,00","","Nuageux"
"1963-03-10 11:00","1963","03","10","11:00"," ","-4,40","","-10,00","","65,00","","11,00","","31,00","","24,10","","100,10","","","","-12,00","","Nuageux"
"1963-03-10 12:00","1963","03","10","12:00"," ","-3,90","","-8,90","","67,00","","9,00","","24,00","","24,10","","99,90","","","","-11,00","","Nuageux"
"1963-03-10 13:00","1963","03","10","13:00"," ","-3,30","","-8,30","","67,00","","9,00","","16,00","","16,10","","99,69","","","","-9,00","","Neige"
"1963-03-10 14:00","1963","03","10","14:00"," ","-3,90","","-8,90","","69,00","","7,00","","32,00","","6,40","","99,52","","","","-12,00","","Neige"
"1963-03-10 15:00","1963","03","10","15:00"," ","-3,30","","-7,20","","74,00","","7,00","","29,00","","4,00","","99,28","","","","-11,00","","Neige"
"1963-03-10 16:00","1963","03","10","16:00"," ","-3,30","","-5,60","","86,00","","7,00","","21,00","","1,60","","99,08","","","","-10,00","","Neige"
"1963-03-10 17:00","1963","03","10","17:00"," ","-3,30","","-5,60","","86,00","","7,00","","21,00","","3,20","","98,90","","","","-10,00","","Neige"
"1963-03-10 18:00","1963","03","10","18:00"," ","-3,90","","-5,60","","87,00","","5,00","","13,00","","0,80","","98,75","","","","-9,00","","Neige,Brouillard"
"1963-03-10 19:00","1963","03","10","19:00"," ","-3,90","","-5,60","","89,00","","5,00","","10,00","","0,80","","98,62","","","","-8,00","","Neige,Brouillard"
"1963-03-10 20:00","1963","03","10","20:00"," ","-3,30","","-4,40","","92,00","","2,00","","3,00","","0,80","","98,53","","","","-5,00","","Neige,Brouillard"
"1963-03-10 21:00","1963","03","10","21:00"," ","-3,30","","-4,40","","92,00","","34,00","","24,00","","0,80","","98,55","","","","-10,00","","Neige,Brouillard"
"1963-03-10 22:00","1963","03","10","22:00"," ","-3,90","","-5,00","","92,00","","34,00","","24,00","","0,80","","98,59","","","","-11,00","","Neige,Brouillard"
"1963-03-10 23:00","1963","03","10","23:00"," ","-6,10","","-8,30","","85,00","","32,00","","16,00","","2,40","","98,62","","","","-12,00","","Neige"
"1963-03-11 00:00","1963","03","11","00:00"," ","-6,10","","-7,80","","87,00","","32,00","","29,00","","4,80","","98,68","","","","-14,00","","Neige"
"1963-03-11 01:00","1963","03","11","01:00"," ","-7,80","","-10,60","","82,00","","32,00","","19,00","","16,10","","98,77","","","","-15,00","","Généralement dégagé"
"1963-03-11 02:00","1963","03","11","02:00"," ","-7,80","","-11,10","","76,00","","29,00","","24,00","","24,10","","98,85","","","","-16,00","","Généralement dégagé"
"1963-03-11 03:00","1963","03","11","03:00"," ","-6,70","","-9,40","","81,00","","32,00","","45,00","","24,10","","98,94","","","","-17,00","","Généralement nuageux"
"1963-03-11 04:00","1963","03","11","04:00"," ","-7,20","","-11,10","","75,00","","32,00","","42,00","","16,10","","99,05","","","","-17,00","","Généralement nuageux"
"1963-03-11 05:00","1963","03","11","05:00"," ","-7,20","","-10,60","","77,00","","32,00","","48,00","","16,10","","99,24","","","","-18,00","","Généralement nuageux"
"1963-03-11 06:00","1963","03","11","06:00"," ","-8,30","","-12,80","","70,00","","32,00","","48,00","","16,10","","99,37","","","","-19,00","","Généralement dégagé"
"1963-03-11 07:00","1963","03","11","07:00"," ","-8,30","","-13,30","","67,00","","32,00","","51,00","","24,10","","99,61","","","","-20,00","","Généralement dégagé"
"1963-03-11 08:00","1963","03","11","08:00"," ","-8,90","","-13,30","","71,00","","32,00","","39,00","","24,10","","99,60","","","","-19,00","","Généralement dégagé"
"1963-03-11 09:00","1963","03","11","09:00"," ","-11,10","","-15,60","","68,00","","32,00","","51,00","","24,10","","99,67","","","","-23,00","","Généralement dégagé"
"1963-03-11 10:00","1963","03","11","10:00"," ","-7,80","","-13,90","","63,00","","32,00","","56,00","","24,10","","99,77","","","","-19,00","","Généralement dégagé"
"1963-03-11 11:00","1963","03","11","11:00"," ","-6,70","","-14,40","","53,00","","32,00","","51,00","","24,10","","99,95","","","","-17,00","","Généralement dégagé"
"1963-03-11 12:00","1963","03","11","12:00"," ","-6,10","","-11,70","","64,00","","29,00","","42,00","","24,10","","100,11","","","","-16,00","","Généralement dégagé"
"1963-03-11 13:00","1963","03","11","13:00"," ","-5,00","","-12,20","","58,00","","32,00","","50,00","","24,10","","100,21","","","","-15,00","","Généralement dégagé"
"1963-03-11 14:00","1963","03","11","14:00"," ","-4,40","","-11,70","","58,00","","29,00","","48,00","","24,10","","100,27","","","","-14,00","","Généralement dégagé"
"1963-03-11 15:00","1963","03","11","15:00"," ","-3,90","","-10,60","","60,00","","29,00","","37,00","","24,10","","100,42","","","","-12,00","","Généralement dégagé"
"1963-03-11 16:00","1963","03","11","16:00"," ","-6,10","","-12,80","","59,00","","34,00","","48,00","","24,10","","100,55","","","","-16,00","","Généralement dégagé"
"1963-03-11 17:00","1963","03","11","17:00"," ","-6,70","","-13,30","","58,00","","32,00","","48,00","","24,10","","100,66","","","","-17,00","","Généralement dégagé"
"1963-03-11 18:00","1963","03","11","18:00"," ","-6,70","","-13,30","","58,00","","32,00","","32,00","","24,10","","100,86","","","","-15,00","","Généralement dégagé"
"1963-03-11 19:00","1963","03","11","19:00"," ","-7,20","","-12,80","","64,00","","32,00","","29,00","","24,10","","101,03","","","","-16,00","","Généralement dégagé"
"1963-03-11 20:00","1963","03","11","20:00"," ","-7,20","","-12,20","","67,00","","32,00","","32,00","","24,10","","101,09","","","","-16,00","","Généralement dégagé"
"1963-03-11 21:00","1963","03","11","21:00"," ","-7,20","","-12,20","","67,00","","32,00","","40,00","","24,10","","101,18","","","","-17,00","","Dégagé"
"1963-03-11 22:00","1963","03","11","22:00"," ","-7,80","","-10,60","","82,00","","34,00","","29,00","","24,10","","101,35","","","","-17,00","","Dégagé"
"1963-03-11 23:00","1963","03","11","23:00"," ","-8,30","","-11,10","","81,00","","34,00","","24,00","","24,10","","101,30","","","","-16,00","","Dégagé"
"1963-03-12 00:00","1963","03","12","00:00"," ","-9,40","","-16,10","","58,00","","32,00","","19,00","","24,10","","101,40","","","","-17,00","","Dégagé"
"1963-03-12 01:00","1963","03","12","01:00"," ","-10,60","","-17,20","","58,00","","32,00","","10,00","","24,10","","101,40","","","","-16,00","","Généralement dégagé"
"1963-03-12 02:00","1963","03","12","02:00"," ","-12,20","","-16,70","","69,00","","32,00","","11,00","","24,10","","101,43","","","","-18,00","","Dégagé"
"1963-03-12 03:00","1963","03","12","03:00"," ","-12,80","","-17,20","","68,00","","0,00","","0,00","","24,10","","101,55","","","","","","Dégagé"
"1963-03-12 04:00","1963","03","12","04:00"," ","-11,70","","-16,10","","69,00","","36,00","","16,00","","24,10","","101,45","","","","-19,00","","Généralement dégagé"
"1963-03-12 05:00","1963","03","12","05:00"," ","-11,10","","-15,60","","68,00","","2,00","","13,00","","24,10","","101,43","","","","-18,00","","Généralement dégagé"
"1963-03-12 06:00","1963","03","12","06:00"," ","-12,80","","-16,70","","74,00","","5,00","","19,00","","24,10","","101,42","","","","-21,00","","Généralement dégagé"
"1963-03-12 07:00","1963","03","12","07:00"," ","-12,20","","-17,20","","66,00","","5,00","","16,00","","24,10","","101,42","","","","-20,00","","Généralement nuageux"
"1963-03-12 08:00","1963","03","12","08:00"," ","-11,70","","-16,10","","69,00","","0,00","","0,00","","24,10","","101,56","","","","","","Généralement nuageux"
"1963-03-12 09:00","1963","03","12","09:00"," ","-9,40","","-15,00","","64,00","","0,00","","0,00","","24,10","","101,59","","","","","","Généralement nuageux"
"1963-03-12 10:00","1963","03","12","10:00"," ","-7,20","","-12,80","","65,00","","11,00","","11,00","","24,10","","101,48","","","","-12,00","","Généralement nuageux"
"1963-03-12 11:00","1963","03","12","11:00"," ","-4,40","","-10,00","","65,00","","14,00","","13,00","","24,10","","101,40","","","","-9,00","","Généralement nuageux"
"1963-03-12 12:00","1963","03","12","12:00"," ","-3,90","","-8,90","","69,00","","14,00","","14,00","","24,10","","101,37","","","","-9,00","","Généralement nuageux"
"1963-03-12 13:00","1963","03","12","13:00"," ","-3,30","","-8,30","","68,00","","14,00","","10,00","","24,10","","101,28","","","","-7,00","","Nuageux"
"1963-03-12 14:00","1963","03","12","14:00"," ","-1,70","","-8,30","","61,00","","14,00","","8,00","","24,10","","101,13","","","","-5,00","","Nuageux"
"1963-03-12 15:00","1963","03","12","15:00"," ","-1,10","","-7,20","","64,00","","9,00","","10,00","","24,10","","101,05","","","","-5,00","","Nuageux"
"1963-03-12 16:00","1963","03","12","16:00"," ","-1,70","","-7,80","","64,00","","9,00","","10,00","","24,10","","100,91","","","","-5,00","","Nuageux"
"1963-03-12 17:00","1963","03","12","17:00"," ","-1,70","","-3,30","","88,00","","11,00","","13,00","","0,80","","100,80","","","","-6,00","","Neige,Brouillard"
"1963-03-12 18:00","1963","03","12","18:00"," ","-1,70","","-2,80","","93,00","","9,00","","3,00","","0,80","","100,75","","","","-3,00","","Neige,Brouillard"
"1963-03-12 19:00","1963","03","12","19:00"," ","-1,70","","-2,20","","96,00","","7,00","","16,00","","0,80","","100,71","","","","-7,00","","Neige,Brouillard"
"1963-03-12 20:00","1963","03","12","20:00"," ","-3,30","","-3,90","","95,00","","11,00","","16,00","","1,60","","100,67","","","","-9,00","","Neige,Brouillard"
"1963-03-12 21:00","1963","03","12","21:00"," ","-3,90","","-4,40","","94,00","","9,00","","16,00","","1,60","","100,47","","","","-9,00","","Neige,Brouillard"
"1963-03-12 22:00","1963","03","12","22:00"," ","-3,90","","-4,40","","94,00","","7,00","","16,00","","1,60","","100,37","","","","-9,00","","Neige,Brouillard"
"1963-03-12 23:00","1963","03","12","23:00"," ","-3,90","","-4,40","","94,00","","7,00","","16,00","","2,40","","100,24","","","","-9,00","","Neige,Brouillard"
"1963-03-13 00:00","1963","03","13","00:00"," ","-2,20","","-3,30","","90,00","","7,00","","16,00","","2,40","","100,17","","","","-7,00","","Neige,Brouillard"
"1963-03-13 01:00","1963","03","13","01:00"," ","-2,20","","-3,30","","94,00","","7,00","","16,00","","1,60","","100,21","","","","-7,00","","Neige,Brouillard"
"1963-03-13 02:00","1963","03","13","02:00"," ","-2,20","","-3,30","","94,00","","7,00","","16,00","","1,60","","100,12","","","","-7,00","","Neige,Brouillard"
"1963-03-13 03:00","1963","03","13","03:00"," ","-2,20","","-3,30","","94,00","","7,00","","11,00","","1,60","","100,04","","","","-6,00","","Neige,Brouillard"
"1963-03-13 04:00","1963","03","13","04:00"," ","-2,20","","-2,80","","95,00","","5,00","","8,00","","1,60","","100,03","","","","-5,00","","Neige,Brouillard"
"1963-03-13 05:00","1963","03","13","05:00"," ","-2,20","","-3,30","","94,00","","0,00","","0,00","","2,40","","100,08","","","","","","Neige,Brouillard"
"1963-03-13 06:00","1963","03","13","06:00"," ","-2,20","","-3,30","","94,00","","32,00","","6,00","","2,40","","100,09","","","","-5,00","","Neige,Brouillard"
"1963-03-13 07:00","1963","03","13","07:00"," ","-2,80","","-3,90","","92,00","","0,00","","0,00","","2,40","","100,10","","","","","","Neige,Brouillard"
"1963-03-13 08:00","1963","03","13","08:00"," ","-2,80","","-3,90","","91,00","","0,00","","0,00","","4,80","","100,07","","","","","","Neige,Brouillard"
"1963-03-13 09:00","1963","03","13","09:00"," ","-2,20","","-3,30","","93,00","","5,00","","6,00","","6,40","","100,16","","","","-5,00","","Neige,Brouillard"
"1963-03-13 10:00","1963","03","13","10:00"," ","-1,70","","-3,30","","88,00","","5,00","","8,00","","11,30","","100,11","","","","-5,00","","Généralement nuageux"
"1963-03-13 11:00","1963","03","13","11:00"," ","-1,10","","-3,30","","85,00","","0,00","","0,00","","16,10","","100,09","","","","","","Nuageux"
"1963-03-13 12:00","1963","03","13","12:00"," ","0,60","","-1,70","","84,00","","32,00","","13,00","","16,10","","100,05","","","","","","Généralement nuageux"
"1963-03-13 13:00","1963","03","13","13:00"," ","0,60","","-2,20","","81,00","","2,00","","10,00","","19,30","","100,03","","","","","","Généralement nuageux"
"1963-03-13 14:00","1963","03","13","14:00"," ","0,60","","-1,70","","86,00","","32,00","","8,00","","19,30","","100,02","","","","","","Nuageux"
"1963-03-13 15:00","1963","03","13","15:00"," ","0,60","","-1,70","","86,00","","36,00","","11,00","","16,10","","99,99","","","","","","Nuageux"
"1963-03-13 16:00","1963","03","13","16:00"," ","0,60","","-1,10","","89,00","","32,00","","10,00","","16,10","","100,06","","","","","","Nuageux"
"1963-03-13 17:00","1963","03","13","17:00"," ","-0,60","","-1,70","","93,00","","16,00","","10,00","","19,30","","100,11","","","","-4,00","","Nuageux"
"1963-03-13 18:00","1963","03","13","18:00"," ","-0,60","","-1,70","","91,00","","0,00","","0,00","","19,30","","100,11","","","","","","Nuageux"
"1963-03-13 19:00","1963","03","13","19:00"," ","0,00","","-0,60","","94,00","","23,00","","5,00","","16,10","","100,12","","","","-2,00","","Neige"
"1963-03-13 20:00","1963","03","13","20:00"," ","0,00","","-0,60","","94,00","","27,00","","5,00","","6,40","","100,12","","","","-2,00","","Neige"
"1963-03-13 21:00","1963","03","13","21:00"," ","-0,60","","-1,10","","97,00","","5,00","","6,00","","8,00","","100,03","","","","-3,00","","Neige,Brouillard"
"1963-03-13 22:00","1963","03","13","22:00"," ","-0,60","","-1,70","","91,00","","36,00","","6,00","","16,10","","100,00","","","","-3,00","","Nuageux"
"1963-03-13 23:00","1963","03","13","23:00"," ","-0,60","","-1,70","","91,00","","32,00","","5,00","","19,30","","99,98","","","","-2,00","","Nuageux"
"1963-03-14 00:00","1963","03","14","00:00"," ","-0,60","","-1,70","","91,00","","36,00","","5,00","","6,40","","99,93","","","","-2,00","","Neige"
"1963-03-14 01:00","1963","03","14","01:00"," ","-0,60","","-1,10","","97,00","","36,00","","5,00","","2,40","","99,92","","","","-2,00","","Neige,Brouillard"
"1963-03-14 02:00","1963","03","14","02:00"," ","-1,10","","-1,70","","95,00","","0,00","","0,00","","2,40","","99,90","","","","","","Neige,Brouillard"
"1963-03-14 03:00","1963","03","14","03:00"," ","-1,10","","-1,70","","95,00","","2,00","","8,00","","2,40","","99,79","","","","-4,00","","Neige,Brouillard"
"1963-03-14 04:00","1963","03","14","04:00"," ","-1,10","","-1,70","","96,00","","2,00","","10,00","","2,40","","99,72","","","","-5,00","","Neige,Brouillard"
"1963-03-14 05:00","1963","03","14","05:00"," ","-1,10","","-1,70","","95,00","","2,00","","11,00","","2,40","","99,67","","","","-5,00","","Neige,Brouillard"
"1963-03-14 06:00","1963","03","14","06:00"," ","-1,10","","-1,70","","95,00","","2,00","","11,00","","2,40","","99,67","","","","-5,00","","Neige,Brouillard"
"1963-03-14 07:00","1963","03","14","07:00"," ","-1,10","","-2,20","","93,00","","2,00","","11,00","","4,00","","99,66","","","","-5,00","","Neige,Brouillard"
"1963-03-14 08:00","1963","03","14","08:00"," ","-1,70","","-2,80","","92,00","","2,00","","13,00","","6,40","","99,63","","","","-6,00","","Neige,Brouillard"
"1963-03-14 09:00","1963","03","14","09:00"," ","-1,70","","-2,20","","95,00","","36,00","","18,00","","1,60","","99,65","","","","-7,00","","Neige,Brouillard"
"1963-03-14 10:00","1963","03","14","10:00"," ","-1,10","","-2,20","","91,00","","36,00","","16,00","","4,80","","99,63","","","","-6,00","","Neige,Brouillard"
"1963-03-14 11:00","1963","03","14","11:00"," ","-0,60","","-1,70","","93,00","","36,00","","23,00","","3,20","","99,61","","","","-6,00","","Neige,Brouillard"
"1963-03-14 12:00","1963","03","14","12:00"," ","-0,60","","-2,20","","88,00","","36,00","","21,00","","4,80","","99,61","","","","-6,00","","Neige,Brouillard"
"1963-03-14 13:00","1963","03","14","13:00"," ","-0,60","","-2,20","","88,00","","36,00","","18,00","","3,20","","99,60","","","","-6,00","","Neige,Brouillard"
"1963-03-14 14:00","1963","03","14","14:00"," ","-0,60","","-2,20","","88,00","","36,00","","18,00","","4,00","","99,60","","","","-6,00","","Neige,Brouillard"
"1963-03-14 15:00","1963","03","14","15:00"," ","-0,60","","-2,20","","88,00","","36,00","","16,00","","4,00","","99,61","","","","-5,00","","Neige,Brouillard"
"1963-03-14 16:00","1963","03","14","16:00"," ","-0,60","","-1,70","","91,00","","34,00","","18,00","","6,40","","99,67","","","","-6,00","","Averses de neige,Brouillard"
"1963-03-14 17:00","1963","03","14","17:00"," ","-1,10","","-2,80","","89,00","","36,00","","18,00","","24,10","","99,67","","","","-6,00","","Généralement nuageux"
"1963-03-14 18:00","1963","03","14","18:00"," ","-1,10","","-2,80","","87,00","","34,00","","10,00","","24,10","","99,69","","","","-5,00","","Généralement nuageux"
"1963-03-14 19:00","1963","03","14","19:00"," ","-1,10","","-2,80","","88,00","","34,00","","18,00","","24,10","","99,74","","","","-6,00","","Neige"
"1963-03-14 20:00","1963","03","14","20:00"," ","-1,10","","-2,20","","91,00","","32,00","","14,00","","19,30","","99,78","","","","-6,00","","Neige"
"1963-03-14 21:00","1963","03","14","21:00"," ","-1,70","","-5,00","","77,00","","34,00","","14,00","","24,10","","99,84","","","","-6,00","","Généralement nuageux"
"1963-03-14 22:00","1963","03","14","22:00"," ","-3,30","","-7,20","","75,00","","34,00","","18,00","","24,10","","99,88","","","","-9,00","","Dégagé"
"1963-03-14 23:00","1963","03","14","23:00"," ","-4,40","","-8,30","","74,00","","32,00","","21,00","","24,10","","99,92","","","","-11,00","","Dégagé"
"1963-03-15 00:00","1963","03","15","00:00"," ","-5,60","","-9,40","","75,00","","32,00","","21,00","","24,10","","99,95","","","","-12,00","","Dégagé"
"1963-03-15 01:00","1963","03","15","01:00"," ","-6,70","","-10,00","","76,00","","29,00","","11,00","","24,10","","99,97","","","","-12,00","","Généralement dégagé"
"1963-03-15 02:00","1963","03","15","02:00"," ","-6,70","","-10,00","","76,00","","29,00","","11,00","","24,10","","100,04","","","","-12,00","","Généralement dégagé"
"1963-03-15 03:00","1963","03","15","03:00"," ","-7,20","","-11,10","","73,00","","29,00","","16,00","","24,10","","100,05","","","","-14,00","","Généralement dégagé"
"1963-03-15 04:00","1963","03","15","04:00"," ","-9,40","","-12,20","","79,00","","29,00","","16,00","","24,10","","100,06","","","","-16,00","","Généralement dégagé"
"1963-03-15 05:00","1963","03","15","05:00"," ","-10,00","","-12,80","","81,00","","27,00","","8,00","","24,10","","100,11","","","","-14,00","","Dégagé"
"1963-03-15 06:00","1963","03","15","06:00"," ","-10,60","","-12,80","","84,00","","32,00","","24,00","","24,10","","100,15","","","","-19,00","","Dégagé"
"1963-03-15 07:00","1963","03","15","07:00"," ","-9,40","","-13,30","","73,00","","32,00","","13,00","","24,10","","100,20","","","","-15,00","","Généralement dégagé"
"1963-03-15 08:00","1963","03","15","08:00"," ","-8,30","","-12,80","","70,00","","32,00","","19,00","","24,10","","100,26","","","","-16,00","","Généralement dégagé"
"1963-03-15 09:00","1963","03","15","09:00"," ","-7,20","","-12,20","","67,00","","29,00","","11,00","","24,10","","100,29","","","","-12,00","","Généralement dégagé"
"1963-03-15 10:00","1963","03","15","10:00"," ","-4,40","","-10,60","","64,00","","32,00","","29,00","","24,10","","100,29","","","","-12,00","","Généralement dégagé"
"1963-03-15 11:00","1963","03","15","11:00"," ","-3,90","","-8,90","","67,00","","29,00","","23,00","","24,10","","100,27","","","","-11,00","","Généralement dégagé"
"1963-03-15 12:00","1963","03","15","12:00"," ","-3,30","","-10,00","","61,00","","32,00","","31,00","","24,10","","100,34","","","","-11,00","","Généralement dégagé"
"1963-03-15 13:00","1963","03","15","13:00"," ","-2,20","","-7,20","","68,00","","32,00","","40,00","","24,10","","100,28","","","","-10,00","","Généralement dégagé"
"1963-03-15 14:00","1963","03","15","14:00"," ","-2,20","","-8,30","","64,00","","29,00","","34,00","","24,10","","100,27","","","","-10,00","","Généralement dégagé"
"1963-03-15 15:00","1963","03","15","15:00"," ","-1,70","","-7,20","","66,00","","29,00","","37,00","","24,10","","100,24","","","","-9,00","","Généralement dégagé"
"1963-03-15 16:00","1963","03","15","16:00"," ","-1,70","","-6,70","","69,00","","29,00","","40,00","","24,10","","100,24","","","","-10,00","","Généralement dégagé"
"1963-03-15 17:00","1963","03","15","17:00"," ","-2,20","","-6,70","","73,00","","32,00","","26,00","","24,10","","100,24","","","","-9,00","","Dégagé"
"1963-03-15 18:00","1963","03","15","18:00"," ","-2,80","","-6,70","","76,00","","32,00","","29,00","","24,10","","100,32","","","","-10,00","","Dégagé"
"1963-03-15 19:00","1963","03","15","19:00"," ","-3,90","","-7,80","","74,00","","32,00","","32,00","","24,10","","100,42","","","","-12,00","","Dégagé"
"1963-03-15 20:00","1963","03","15","20:00"," ","-5,60","","-8,90","","78,00","","32,00","","24,00","","24,10","","100,56","","","","-13,00","","Dégagé"
"1963-03-15 21:00","1963","03","15","21:00"," ","-7,80","","-11,70","","75,00","","32,00","","23,00","","24,10","","100,66","","","","-16,00","","Dégagé"
"1963-03-15 22:00","1963","03","15","22:00"," ","-8,90","","-12,20","","77,00","","32,00","","23,00","","24,10","","100,76","","","","-17,00","","Dégagé"
"1963-03-15 23:00","1963","03","15","23:00"," ","-10,60","","-14,40","","74,00","","32,00","","19,00","","24,10","","100,86","","","","-18,00","","Dégagé"
"1963-03-16 00:00","1963","03","16","00:00"," ","-11,10","","-12,80","","88,00","","34,00","","24,00","","24,10","","100,90","","","","-20,00","","Dégagé"
"1963-03-16 01:00","1963","03","16","01:00"," ","-13,90","","-17,80","","72,00","","34,00","","24,00","","24,10","","100,93","","","","-24,00","","Dégagé"
"1963-03-16 02:00","1963","03","16","02:00"," ","-14,40","","-17,20","","79,00","","29,00","","13,00","","24,10","","100,98","","","","-22,00","","Dégagé"
"1963-03-16 03:00","1963","03","16","03:00"," ","-15,00","","-17,80","","80,00","","29,00","","13,00","","24,10","","101,01","","","","-22,00","","Dégagé"
"1963-03-16 04:00","1963","03","16","04:00"," ","-15,00","","-17,80","","80,00","","29,00","","3,00","","24,10","","101,01","","","","-17,00","","Dégagé"
"1963-03-16 05:00","1963","03","16","05:00"," ","-15,60","","-18,30","","79,00","","32,00","","45,00","","24,10","","101,01","","","","-29,00","","Dégagé"
"1963-03-16 06:00","1963","03","16","06:00"," ","-16,10","","-18,90","","81,00","","32,00","","45,00","","24,10","","101,03","","","","-30,00","","Dégagé"
"1963-03-16 07:00","1963","03","16","07:00"," ","-17,20","","-20,00","","80,00","","32,00","","45,00","","24,10","","101,09","","","","-31,00","","Dégagé"
"1963-03-16 08:00","1963","03","16","08:00"," ","-14,40","","-16,70","","83,00","","32,00","","45,00","","24,10","","101,13","","","","-27,00","","Dégagé"
"1963-03-16 09:00","1963","03","16","09:00"," ","-13,30","","-19,40","","60,00","","32,00","","42,00","","24,10","","101,16","","","","-25,00","","Généralement dégagé"
"1963-03-16 10:00","1963","03","16","10:00"," ","-12,20","","-20,60","","50,00","","32,00","","43,00","","24,10","","101,10","","","","-24,00","","Généralement dégagé"
"1963-03-16 11:00","1963","03","16","11:00"," ","-11,70","","-21,70","","44,00","","32,00","","45,00","","24,10","","101,10","","","","-24,00","","Généralement dégagé"
"1963-03-16 12:00","1963","03","16","12:00"," ","-11,10","","-20,60","","46,00","","32,00","","48,00","","24,10","","101,08","","","","-23,00","","Généralement dégagé"
"1963-03-16 13:00","1963","03","16","13:00"," ","-9,40","","-16,70","","57,00","","32,00","","32,00","","24,10","","101,12","","","","-19,00","","Dégagé"
"1963-03-16 14:00","1963","03","16","14:00"," ","-8,90","","-17,20","","51,00","","32,00","","24,00","","24,10","","101,14","","","","-17,00","","Dégagé"
"1963-03-16 15:00","1963","03","16","15:00"," ","-7,80","","-15,60","","55,00","","29,00","","23,00","","24,10","","101,12","","","","-16,00","","Dégagé"
"1963-03-16 16:00","1963","03","16","16:00"," ","-7,80","","-16,10","","52,00","","34,00","","27,00","","24,10","","101,13","","","","-16,00","","Généralement dégagé"
"1963-03-16 17:00","1963","03","16","17:00"," ","-7,20","","-15,60","","52,00","","29,00","","29,00","","24,10","","101,20","","","","-16,00","","Généralement dégagé"
"1963-03-16 18:00","1963","03","16","18:00"," ","-8,30","","-20,60","","37,00","","34,00","","19,00","","24,10","","101,22","","","","-16,00","","Généralement dégagé"
"1963-03-16 19:00","1963","03","16","19:00"," ","-9,40","","-18,90","","47,00","","29,00","","13,00","","24,10","","101,24","","","","-15,00","","Généralement dégagé"
"1963-03-16 20:00","1963","03","16","20:00"," ","-10,00","","-20,60","","42,00","","34,00","","16,00","","24,10","","101,27","","","","-17,00","","Généralement dégagé"
"1963-03-16 21:00","1963","03","16","21:00"," ","-10,60","","-20,60","","43,00","","34,00","","13,00","","24,10","","101,27","","","","-17,00","","Généralement dégagé"
"1963-03-16 22:00","1963","03","16","22:00"," ","-11,70","","-18,90","","55,00","","34,00","","10,00","","24,10","","101,28","","","","-17,00","","Généralement dégagé"
"1963-03-16 23:00","1963","03","16","23:00"," ","-11,70","","-22,20","","42,00","","0,00","","0,00","","24,10","","101,30","","","","","","Nuageux"
"1963-03-17 00:00","1963","03","17","00:00"," ","-11,70","","-16,70","","67,00","","2,00","","3,00","","24,10","","101,29","","","","-14,00","","Généralement nuageux"
"1963-03-17 01:00","1963","03","17","01:00"," ","-12,20","","-17,80","","64,00","","0,00","","0,00","","24,10","","101,29","","","","","","Généralement nuageux"
"1963-03-17 02:00","1963","03","17","02:00"," ","-11,70","","-16,70","","67,00","","0,00","","0,00","","24,10","","101,26","","","","","","Généralement nuageux"
"1963-03-17 03:00","1963","03","17","03:00"," ","-11,70","","-15,00","","76,00","","0,00","","0,00","","24,10","","101,18","","","","","","Généralement nuageux"
"1963-03-17 04:00","1963","03","17","04:00"," ","-12,20","","-15,60","","76,00","","2,00","","3,00","","24,10","","101,13","","","","-14,00","","Généralement dégagé"
"1963-03-17 05:00","1963","03","17","05:00"," ","-13,30","","-16,70","","76,00","","2,00","","6,00","","24,10","","101,04","","","","-17,00","","Généralement dégagé"
"1963-03-17 06:00","1963","03","17","06:00"," ","-13,90","","-17,20","","78,00","","2,00","","5,00","","24,10","","101,04","","","","-17,00","","Généralement nuageux"
"1963-03-17 07:00","1963","03","17","07:00"," ","-15,60","","-20,00","","69,00","","5,00","","6,00","","24,10","","100,98","","","","-20,00","","Généralement nuageux"
"1963-03-17 08:00","1963","03","17","08:00"," ","-15,00","","-20,00","","65,00","","11,00","","8,00","","24,10","","100,90","","","","-20,00","","Généralement nuageux"
"1963-03-17 09:00","1963","03","17","09:00"," ","-12,80","","-18,30","","63,00","","14,00","","16,00","","24,10","","100,90","","","","-20,00","","Nuageux"
"1963-03-17 10:00","1963","03","17","10:00"," ","-6,10","","-11,10","","69,00","","14,00","","24,00","","24,10","","100,82","","","","-14,00","","Généralement nuageux"
"1963-03-17 11:00","1963","03","17","11:00"," ","-2,80","","-6,70","","74,00","","16,00","","21,00","","24,10","","100,76","","","","-9,00","","Généralement nuageux"
"1963-03-17 12:00","1963","03","17","12:00"," ","-1,70","","-4,40","","80,00","","16,00","","24,00","","24,10","","100,68","","","","-8,00","","Nuageux"
"1963-03-17 13:00","1963","03","17","13:00"," ","-1,70","","-5,00","","77,00","","16,00","","21,00","","24,10","","100,54","","","","-8,00","","Nuageux"
"1963-03-17 14:00","1963","03","17","14:00"," ","-1,70","","-4,40","","80,00","","14,00","","23,00","","24,10","","100,36","","","","-8,00","","Nuageux"
"1963-03-17 15:00","1963","03","17","15:00"," ","-2,20","","-5,00","","81,00","","14,00","","19,00","","16,10","","100,22","","","","-8,00","","Averses de neige"
"1963-03-17 16:00","1963","03","17","16:00"," ","-2,20","","-5,60","","77,00","","11,00","","26,00","","24,10","","100,02","","","","-9,00","","Nuageux"
"1963-03-17 17:00","1963","03","17","17:00"," ","-2,20","","-5,60","","77,00","","11,00","","26,00","","24,10","","99,86","","","","-9,00","","Averses de neige"
"1963-03-17 18:00","1963","03","17","18:00"," ","-1,70","","-5,00","","78,00","","11,00","","23,00","","16,10","","99,72","","","","-8,00","","Averses de neige"
"1963-03-17 19:00","1963","03","17","19:00"," ","-2,80","","-4,40","","89,00","","11,00","","32,00","","3,20","","99,59","","","","-10,00","","Neige"
"1963-03-17 20:00","1963","03","17","20:00"," ","-3,30","","-4,40","","92,00","","11,00","","32,00","","3,20","","99,39","","","","-11,00","","Neige"
"1963-03-17 21:00","1963","03","17","21:00"," ","-3,30","","-4,40","","92,00","","11,00","","32,00","","3,20","","99,17","","","","-11,00","","Neige"
"1963-03-17 22:00","1963","03","17","22:00"," ","-3,30","","-3,90","","97,00","","11,00","","29,00","","6,40","","99,01","","","","-11,00","","Pluie verglaçante,Neige"
"1963-03-17 23:00","1963","03","17","23:00"," ","-3,30","","-4,40","","92,00","","11,00","","26,00","","3,20","","98,92","","","","-10,00","","Neige,Granules de glace ou grésil"
"1963-03-18 00:00","1963","03","18","00:00"," ","-3,30","","-4,40","","92,00","","7,00","","29,00","","3,20","","98,69","","","","-11,00","","Neige,Granules de glace ou grésil"
"1963-03-18 01:00","1963","03","18","01:00"," ","-3,30","","-3,90","","95,00","","7,00","","29,00","","2,40","","98,61","","","","-11,00","","Neige,Brouillard"
"1963-03-18 02:00","1963","03","18","02:00"," ","-3,30","","-3,90","","95,00","","7,00","","24,00","","0,80","","98,51","","","","-10,00","","Neige modérée,Brouillard"
"1963-03-18 03:00","1963","03","18","03:00"," ","-3,30","","-3,90","","95,00","","7,00","","27,00","","2,40","","98,29","","","","-10,00","","Neige,Brouillard"
"1963-03-18 04:00","1963","03","18","04:00"," ","-3,30","","-3,90","","95,00","","5,00","","19,00","","2,40","","98,25","","","","-9,00","","Neige,Brouillard"
"1963-03-18 05:00","1963","03","18","05:00"," ","-3,30","","-3,90","","95,00","","2,00","","13,00","","4,00","","98,11","","","","-8,00","","Neige,Brouillard"
"1963-03-18 06:00","1963","03","18","06:00"," ","-2,80","","-3,30","","95,00","","2,00","","21,00","","0,80","","98,09","","","","-9,00","","Neige,Brouillard"
"1963-03-18 07:00","1963","03","18","07:00"," ","-3,30","","-3,90","","95,00","","2,00","","21,00","","1,60","","98,09","","","","-10,00","","Neige,Brouillard"
"1963-03-18 08:00","1963","03","18","08:00"," ","-3,30","","-3,90","","95,00","","2,00","","29,00","","1,60","","98,10","","","","-11,00","","Neige,Brouillard"
"1963-03-18 09:00","1963","03","18","09:00"," ","-3,30","","-3,90","","95,00","","36,00","","24,00","","4,80","","98,14","","","","-10,00","","Neige"
"1963-03-18 10:00","1963","03","18","10:00"," ","-2,80","","-4,40","","90,00","","36,00","","29,00","","4,80","","98,18","","","","-10,00","","Neige"
"1963-03-18 11:00","1963","03","18","11:00"," ","-2,80","","-4,40","","90,00","","36,00","","24,00","","19,30","","98,24","","","","-9,00","","Nuageux"
"1963-03-18 12:00","1963","03","18","12:00"," ","-2,80","","-4,40","","86,00","","36,00","","32,00","","12,90","","98,33","","","","-10,00","","Averses de neige"
"1963-03-18 13:00","1963","03","18","13:00"," ","-2,20","","-3,90","","88,00","","2,00","","37,00","","12,90","","98,37","","","","-10,00","","Averses de neige"
"1963-03-18 14:00","1963","03","18","14:00"," ","-2,20","","-3,30","","91,00","","2,00","","40,00","","24,10","","98,42","","","","-10,00","","Nuageux"
"1963-03-18 15:00","1963","03","18","15:00"," ","-2,20","","-3,90","","87,00","","2,00","","45,00","","24,10","","98,55","","","","-11,00","","Nuageux"
"1963-03-18 16:00","1963","03","18","16:00"," ","-2,80","","-4,40","","86,00","","2,00","","32,00","","24,10","","98,66","","","","-10,00","","Nuageux"
"1963-03-18 17:00","1963","03","18","17:00"," ","-2,80","","-4,40","","86,00","","34,00","","40,00","","24,10","","98,76","","","","-11,00","","Nuageux"
"1963-03-18 18:00","1963","03","18","18:00"," ","-2,80","","-6,10","","78,00","","36,00","","32,00","","24,10","","98,91","","","","-10,00","","Nuageux"
"1963-03-18 19:00","1963","03","18","19:00"," ","-2,80","","-6,10","","78,00","","2,00","","32,00","","24,10","","99,16","","","","-10,00","","Généralement nuageux"
"1963-03-18 20:00","1963","03","18","20:00"," ","-3,90","","-7,80","","76,00","","2,00","","32,00","","24,10","","99,24","","","","-12,00","","Généralement nuageux"
"1963-03-18 21:00","1963","03","18","21:00"," ","-4,40","","-6,70","","84,00","","36,00","","40,00","","24,10","","99,37","","","","-13,00","","Nuageux"
"1963-03-18 22:00","1963","03","18","22:00"," ","-4,40","","-6,70","","84,00","","34,00","","29,00","","24,10","","99,45","","","","-12,00","","Nuageux"
"1963-03-18 23:00","1963","03","18","23:00"," ","-4,40","","-6,70","","84,00","","36,00","","32,00","","24,10","","99,48","","","","-12,00","","Nuageux"
"1963-03-19 00:00","1963","03","19","00:00"," ","-4,40","","-7,80","","78,00","","36,00","","27,00","","24,10","","99,48","","","","-12,00","","Nuageux"
"1963-03-19 01:00","1963","03","19","01:00"," ","-6,10","","-9,40","","77,00","","36,00","","23,00","","24,10","","99,56","","","","-13,00","","Généralement dégagé"
"1963-03-19 02:00","1963","03","19","02:00"," ","-5,60","","-8,90","","78,00","","36,00","","19,00","","24,10","","99,60","","","","-12,00","","Généralement dégagé"
"1963-03-19 03:00","1963","03","19","03:00"," ","-6,70","","-10,00","","78,00","","34,00","","14,00","","24,10","","99,64","","","","-12,00","","Généralement dégagé"
"1963-03-19 04:00","1963","03","19","04:00"," ","-7,20","","-10,00","","80,00","","34,00","","13,00","","24,10","","99,66","","","","-13,00","","Généralement dégagé"
"1963-03-19 05:00","1963","03","19","05:00"," ","-6,10","","-7,80","","87,00","","34,00","","27,00","","24,10","","99,72","","","","-14,00","","Généralement dégagé"
"1963-03-19 06:00","1963","03","19","06:00"," ","-6,70","","-8,90","","85,00","","34,00","","16,00","","24,10","","99,80","","","","-13,00","","Généralement dégagé"
"1963-03-19 07:00","1963","03","19","07:00"," ","-5,60","","-7,20","","87,00","","34,00","","26,00","","24,10","","99,86","","","","-13,00","","Généralement dégagé"
"1963-03-19 08:00","1963","03","19","08:00"," ","-5,60","","-8,30","","82,00","","34,00","","29,00","","24,10","","99,92","","","","-14,00","","Généralement dégagé"
"1963-03-19 09:00","1963","03","19","09:00"," ","-3,90","","-6,70","","80,00","","34,00","","24,00","","24,10","","99,91","","","","-11,00","","Généralement dégagé"
"1963-03-19 10:00","1963","03","19","10:00"," ","-2,80","","-6,10","","78,00","","34,00","","37,00","","24,10","","99,90","","","","-11,00","","Généralement dégagé"
"1963-03-19 11:00","1963","03","19","11:00"," ","-2,20","","-6,70","","73,00","","34,00","","32,00","","24,10","","99,85","","","","-10,00","","Généralement dégagé"
"1963-03-19 12:00","1963","03","19","12:00"," ","-2,20","","-6,10","","76,00","","32,00","","32,00","","24,10","","99,84","","","","-10,00","","Généralement dégagé"
"1963-03-19 13:00","1963","03","19","13:00"," ","-2,20","","-6,10","","74,00","","32,00","","40,00","","24,10","","99,75","","","","-10,00","","Généralement dégagé"
"1963-03-19 14:00","1963","03","19","14:00"," ","-1,70","","-6,70","","69,00","","34,00","","40,00","","24,10","","99,73","","","","-10,00","","Généralement dégagé"
"1963-03-19 15:00","1963","03","19","15:00"," ","-1,70","","-5,00","","78,00","","32,00","","37,00","","24,10","","99,73","","","","-9,00","","Généralement dégagé"
"1963-03-19 16:00","1963","03","19","16:00"," ","-1,10","","-5,00","","76,00","","34,00","","37,00","","24,10","","99,76","","","","-9,00","","Généralement dégagé"
"1963-03-19 17:00","1963","03","19","17:00"," ","-1,10","","-4,40","","79,00","","32,00","","32,00","","24,10","","99,76","","","","-8,00","","Généralement dégagé"
"1963-03-19 18:00","1963","03","19","18:00"," ","-2,80","","-6,70","","75,00","","34,00","","29,00","","24,10","","99,76","","","","-10,00","","Généralement dégagé"
"1963-03-19 19:00","1963","03","19","19:00"," ","-4,40","","-9,40","","69,00","","32,00","","16,00","","24,10","","99,72","","","","-10,00","","Généralement dégagé"
"1963-03-19 20:00","1963","03","19","20:00"," ","-4,40","","-8,90","","70,00","","32,00","","19,00","","24,10","","99,72","","","","-11,00","","Généralement dégagé"
"1963-03-19 21:00","1963","03","19","21:00"," ","-5,60","","-9,40","","75,00","","32,00","","24,00","","24,10","","99,74","","","","-13,00","","Dégagé"
"1963-03-19 22:00","1963","03","19","22:00"," ","-6,10","","-10,60","","72,00","","34,00","","24,00","","24,10","","99,79","","","","-14,00","","Dégagé"
"1963-03-19 23:00","1963","03","19","23:00"," ","-7,20","","-12,20","","68,00","","34,00","","5,00","","24,10","","99,74","","","","-10,00","","Dégagé"
"1963-03-20 00:00","1963","03","20","00:00"," ","-8,30","","-12,80","","71,00","","32,00","","8,00","","24,10","","99,72","","","","-12,00","","Dégagé"
"1963-03-20 01:00","1963","03","20","01:00"," ","-9,40","","-13,30","","72,00","","34,00","","10,00","","24,10","","99,72","","","","-15,00","","Dégagé"
"1963-03-20 02:00","1963","03","20","02:00"," ","-11,10","","-15,60","","68,00","","34,00","","8,00","","24,10","","99,62","","","","-16,00","","Dégagé"
"1963-03-20 03:00","1963","03","20","03:00"," ","-11,70","","-16,10","","71,00","","5,00","","8,00","","24,10","","99,50","","","","-16,00","","Dégagé"
"1963-03-20 04:00","1963","03","20","04:00"," ","-13,90","","-17,80","","72,00","","0,00","","0,00","","24,10","","99,48","","","","","","Dégagé"
"1963-03-20 05:00","1963","03","20","05:00"," ","-15,00","","-18,90","","72,00","","36,00","","16,00","","24,10","","99,42","","","","-23,00","","Généralement dégagé"
"1963-03-20 06:00","1963","03","20","06:00"," ","-15,60","","-19,40","","73,00","","23,00","","8,00","","24,10","","99,38","","","","-21,00","","Généralement nuageux"
"1963-03-20 07:00","1963","03","20","07:00"," ","-13,90","","-16,10","","81,00","","2,00","","8,00","","24,10","","99,38","","","","-19,00","","Généralement nuageux"
"1963-03-20 08:00","1963","03","20","08:00"," ","-12,20","","-14,40","","85,00","","36,00","","5,00","","24,10","","99,42","","","","-15,00","","Généralement nuageux"
"1963-03-20 09:00","1963","03","20","09:00"," ","-10,00","","-13,90","","72,00","","14,00","","2,00","","24,10","","99,43","","","","-11,00","","Généralement nuageux"
"1963-03-20 10:00","1963","03","20","10:00"," ","-6,70","","-9,40","","81,00","","2,00","","14,00","","24,10","","99,29","","","","-12,00","","Nuageux"
"1963-03-20 11:00","1963","03","20","11:00"," ","-5,60","","-10,60","","68,00","","2,00","","13,00","","24,10","","99,23","","","","-11,00","","Généralement nuageux"
"1963-03-20 12:00","1963","03","20","12:00"," ","-2,20","","-5,60","","77,00","","0,00","","0,00","","24,10","","99,19","","","","","","Généralement nuageux"
"1963-03-20 13:00","1963","03","20","13:00"," ","-1,10","","-7,80","","60,00","","0,00","","0,00","","24,10","","99,13","","","","","","Généralement nuageux"
"1963-03-20 14:00","1963","03","20","14:00"," ","-1,70","","-8,90","","58,00","","16,00","","6,00","","24,10","","99,05","","","","-4,00","","Généralement nuageux"
"1963-03-20 15:00","1963","03","20","15:00"," ","-1,10","","-6,70","","67,00","","18,00","","3,00","","24,10","","98,97","","","","-2,00","","Généralement nuageux"
"1963-03-20 16:00","1963","03","20","16:00"," ","-0,60","","-6,70","","65,00","","20,00","","11,00","","24,10","","98,94","","","","-4,00","","Généralement nuageux"
"1963-03-20 17:00","1963","03","20","17:00"," ","-1,70","","-5,60","","74,00","","16,00","","11,00","","24,10","","98,89","","","","-6,00","","Généralement nuageux"
"1963-03-20 18:00","1963","03","20","18:00"," ","-3,30","","-6,70","","77,00","","11,00","","5,00","","24,10","","98,85","","","","-5,00","","Généralement nuageux"
"1963-03-20 19:00","1963","03","20","19:00"," ","-3,30","","-8,30","","68,00","","7,00","","5,00","","24,10","","98,83","","","","-5,00","","Généralement nuageux"
"1963-03-20 20:00","1963","03","20","20:00"," ","-2,80","","-9,40","","61,00","","5,00","","5,00","","24,10","","98,78","","","","-5,00","","Généralement nuageux"
"1963-03-20 21:00","1963","03","20","21:00"," ","-5,60","","-10,00","","72,00","","7,00","","11,00","","24,10","","98,72","","","","-10,00","","Généralement nuageux"
"1963-03-20 22:00","1963","03","20","22:00"," ","-6,10","","-11,10","","69,00","","2,00","","11,00","","24,10","","98,70","","","","-11,00","","Généralement dégagé"
"1963-03-20 23:00","1963","03","20","23:00"," ","-6,70","","-11,10","","72,00","","2,00","","13,00","","24,10","","98,65","","","","-12,00","","Dégagé"
"1963-03-21 00:00","1963","03","21","00:00"," ","-7,20","","-10,00","","80,00","","2,00","","13,00","","24,10","","98,54","","","","-13,00","","Dégagé"
"1963-03-21 01:00","1963","03","21","01:00"," ","-7,80","","-9,40","","87,00","","5,00","","14,00","","24,10","","98,46","","","","-14,00","","Dégagé"
"1963-03-21 02:00","1963","03","21","02:00"," ","-8,90","","-10,60","","87,00","","2,00","","10,00","","24,10","","98,40","","","","-14,00","","Dégagé"
"1963-03-21 03:00","1963","03","21","03:00"," ","-9,40","","-11,10","","87,00","","2,00","","23,00","","24,10","","98,28","","","","-18,00","","Dégagé"
"1963-03-21 04:00","1963","03","21","04:00"," ","-10,00","","-11,70","","86,00","","2,00","","19,00","","24,10","","98,16","","","","-18,00","","Dégagé"
"1963-03-21 05:00","1963","03","21","05:00"," ","-10,60","","-12,20","","89,00","","2,00","","16,00","","24,10","","98,12","","","","-18,00","","Généralement dégagé"
"1963-03-21 06:00","1963","03","21","06:00"," ","-11,10","","-12,80","","88,00","","36,00","","16,00","","24,10","","98,06","","","","-18,00","","Généralement dégagé"
"1963-03-21 07:00","1963","03","21","07:00"," ","-11,70","","-13,30","","88,00","","2,00","","13,00","","24,10","","98,10","","","","-18,00","","Généralement dégagé"
"1963-03-21 08:00","1963","03","21","08:00"," ","-9,40","","-11,10","","88,00","","2,00","","19,00","","24,10","","98,12","","","","-17,00","","Généralement dégagé"
"1963-03-21 09:00","1963","03","21","09:00"," ","-5,00","","-7,20","","83,00","","2,00","","18,00","","24,10","","98,01","","","","-11,00","","Généralement dégagé"
"1963-03-21 10:00","1963","03","21","10:00"," ","-3,30","","-6,70","","77,00","","2,00","","23,00","","24,10","","97,94","","","","-10,00","","Généralement dégagé"
"1963-03-21 11:00","1963","03","21","11:00"," ","-1,70","","-5,60","","74,00","","36,00","","24,00","","24,10","","97,93","","","","-8,00","","Généralement dégagé"
"1963-03-21 12:00","1963","03","21","12:00"," ","0,60","","-2,80","","78,00","","36,00","","26,00","","24,10","","97,91","","","","","","Généralement dégagé"
"1963-03-21 13:00","1963","03","21","13:00"," ","1,70","","-1,70","","78,00","","36,00","","29,00","","24,10","","97,88","","","","","","Généralement dégagé"
"1963-03-21 14:00","1963","03","21","14:00"," ","2,20","","-1,70","","76,00","","36,00","","27,00","","24,10","","97,85","","","","","","Généralement dégagé"
"1963-03-21 15:00","1963","03","21","15:00"," ","3,30","","1,70","","90,00","","36,00","","19,00","","24,10","","97,84","","","","","","Généralement dégagé"
"1963-03-21 16:00","1963","03","21","16:00"," ","3,30","","1,70","","87,00","","32,00","","24,00","","24,10","","97,81","","","","","","Généralement dégagé"
"1963-03-21 17:00","1963","03","21","17:00"," ","4,40","","-1,10","","67,00","","34,00","","23,00","","24,10","","97,80","","","","","","Généralement dégagé"
"1963-03-21 18:00","1963","03","21","18:00"," ","3,30","","-3,90","","58,00","","29,00","","13,00","","24,10","","97,84","","","","","","Averses de neige"
"1963-03-21 19:00","1963","03","21","19:00"," ","2,20","","-3,30","","66,00","","29,00","","21,00","","24,10","","97,87","","","","","","Généralement dégagé"
"1963-03-21 20:00","1963","03","21","20:00"," ","2,20","","-5,00","","58,00","","29,00","","19,00","","24,10","","97,93","","","","","","Généralement dégagé"
"1963-03-21 21:00","1963","03","21","21:00"," ","1,10","","-3,30","","71,00","","29,00","","27,00","","24,10","","98,00","","","","","","Généralement dégagé"
"1963-03-21 22:00","1963","03","21","22:00"," ","0,60","","-5,60","","64,00","","29,00","","19,00","","24,10","","98,02","","","","","","Dégagé"
"1963-03-21 23:00","1963","03","21","23:00"," ","0,60","","-5,60","","64,00","","32,00","","27,00","","24,10","","98,02","","","","","","Généralement nuageux"
"1963-03-22 00:00","1963","03","22","00:00"," ","0,00","","-5,00","","69,00","","32,00","","23,00","","24,10","","98,02","","","","-6,00","","Dégagé"
"1963-03-22 01:00","1963","03","22","01:00"," ","0,00","","-4,40","","71,00","","29,00","","16,00","","24,10","","98,01","","","","-5,00","","Dégagé"
"1963-03-22 02:00","1963","03","22","02:00"," ","-1,70","","-5,00","","78,00","","29,00","","19,00","","24,10","","98,02","","","","-7,00","","Dégagé"
"1963-03-22 03:00","1963","03","22","03:00"," ","-1,10","","-5,60","","71,00","","29,00","","19,00","","24,10","","97,98","","","","-6,00","","Dégagé"
"1963-03-22 04:00","1963","03","22","04:00"," ","-1,10","","-6,10","","69,00","","29,00","","16,00","","24,10","","98,02","","","","-6,00","","Nuageux"
"1963-03-22 05:00","1963","03","22","05:00"," ","0,00","","-4,40","","71,00","","29,00","","16,00","","24,10","","98,08","","","","-5,00","","Généralement dégagé"
"1963-03-22 06:00","1963","03","22","06:00"," ","-0,60","","-5,00","","73,00","","29,00","","16,00","","24,10","","98,14","","","","-5,00","","Généralement nuageux"
"1963-03-22 07:00","1963","03","22","07:00"," ","-0,60","","-5,00","","73,00","","29,00","","24,00","","24,10","","98,24","","","","-7,00","","Généralement nuageux"
"1963-03-22 08:00","1963","03","22","08:00"," ","-0,60","","-3,90","","79,00","","29,00","","27,00","","24,10","","98,27","","","","-7,00","","Généralement nuageux"
"1963-03-22 09:00","1963","03","22","09:00"," ","0,00","","-2,80","","83,00","","32,00","","21,00","","24,10","","98,38","","","","-5,00","","Averses de neige"
"1963-03-22 10:00","1963","03","22","10:00"," ","0,00","","-3,30","","80,00","","29,00","","29,00","","24,10","","98,43","","","","-6,00","","Averses de neige"
"1963-03-22 11:00","1963","03","22","11:00"," ","0,60","","-3,30","","75,00","","32,00","","26,00","","24,10","","98,46","","","","","","Nuageux"
"1963-03-22 12:00","1963","03","22","12:00"," ","1,10","","-2,80","","76,00","","32,00","","24,00","","24,10","","98,51","","","","","","Nuageux"
"1963-03-22 13:00","1963","03","22","13:00"," ","1,10","","-2,80","","74,00","","32,00","","27,00","","24,10","","98,53","","","","","","Nuageux"
"1963-03-22 14:00","1963","03","22","14:00"," ","1,10","","-3,30","","71,00","","29,00","","27,00","","24,10","","98,54","","","","","","Généralement nuageux"
"1963-03-22 15:00","1963","03","22","15:00"," ","2,20","","-2,20","","71,00","","32,00","","31,00","","24,10","","98,59","","","","","","Généralement nuageux"
"1963-03-22 16:00","1963","03","22","16:00"," ","3,90","","-1,70","","68,00","","32,00","","24,00","","24,10","","98,64","","","","","","Généralement nuageux"
"1963-03-22 17:00","1963","03","22","17:00"," ","3,90","","-1,70","","68,00","","32,00","","19,00","","24,10","","98,73","","","","","","Généralement nuageux"
"1963-03-22 18:00","1963","03","22","18:00"," ","3,30","","-2,20","","68,00","","32,00","","19,00","","24,10","","98,80","","","","","","Nuageux"
"1963-03-22 19:00","1963","03","22","19:00"," ","1,70","","-2,80","","73,00","","32,00","","19,00","","24,10","","98,91","","","","","","Nuageux"
"1963-03-22 20:00","1963","03","22","20:00"," ","2,20","","-0,60","","81,00","","34,00","","29,00","","24,10","","99,04","","","","","","Nuageux"
"1963-03-22 21:00","1963","03","22","21:00"," ","2,20","","-0,60","","81,00","","34,00","","13,00","","24,10","","99,17","","","","","","Nuageux"
"1963-03-22 22:00","1963","03","22","22:00"," ","1,70","","0,00","","89,00","","32,00","","16,00","","24,10","","99,29","","","","","","Nuageux"
"1963-03-22 23:00","1963","03","22","23:00"," ","1,10","","0,60","","94,00","","32,00","","13,00","","24,10","","99,39","","","","","","Nuageux"
"1963-03-23 00:00","1963","03","23","00:00"," ","0,60","","-3,90","","73,00","","32,00","","14,00","","24,10","","99,47","","","","","","Généralement nuageux"
"1963-03-23 01:00","1963","03","23","01:00"," ","0,60","","-3,90","","73,00","","32,00","","19,00","","24,10","","99,55","","","","","","Nuageux"
"1963-03-23 02:00","1963","03","23","02:00"," ","-1,10","","-6,10","","69,00","","32,00","","16,00","","24,10","","99,55","","","","-6,00","","Généralement dégagé"
"1963-03-23 03:00","1963","03","23","03:00"," ","-2,80","","-6,70","","76,00","","32,00","","16,00","","24,10","","99,62","","","","-8,00","","Généralement dégagé"
"1963-03-23 04:00","1963","03","23","04:00"," ","-3,90","","-6,70","","80,00","","34,00","","11,00","","24,10","","99,69","","","","-8,00","","Dégagé"
"1963-03-23 05:00","1963","03","23","05:00"," ","-6,70","","-8,30","","89,00","","18,00","","6,00","","24,10","","99,80","","","","-10,00","","Dégagé"
"1963-03-23 06:00","1963","03","23","06:00"," ","-6,70","","-8,90","","86,00","","36,00","","10,00","","24,10","","99,92","","","","-11,00","","Généralement dégagé"
"1963-03-23 07:00","1963","03","23","07:00"," ","-6,10","","-8,30","","83,00","","2,00","","8,00","","24,10","","99,98","","","","-10,00","","Généralement dégagé"
"1963-03-23 08:00","1963","03","23","08:00"," ","-6,10","","-7,80","","87,00","","36,00","","11,00","","24,10","","100,01","","","","-11,00","","Généralement dégagé"
"1963-03-23 09:00","1963","03","23","09:00"," ","-1,10","","-6,70","","66,00","","2,00","","14,00","","24,10","","100,06","","","","-6,00","","Généralement dégagé"
"1963-03-23 10:00","1963","03","23","10:00"," ","0,00","","-5,60","","66,00","","34,00","","11,00","","24,10","","100,11","","","","-4,00","","Généralement dégagé"
"1963-03-23 11:00","1963","03","23","11:00"," ","1,10","","-3,30","","71,00","","34,00","","13,00","","24,10","","100,14","","","","","","Généralement dégagé"
"1963-03-23 12:00","1963","03","23","12:00"," ","2,20","","-2,80","","68,00","","34,00","","13,00","","24,10","","100,12","","","","","","Généralement dégagé"
"1963-03-23 13:00","1963","03","23","13:00"," ","2,80","","-5,60","","55,00","","29,00","","16,00","","24,10","","100,10","","","","","","Généralement dégagé"
"1963-03-23 14:00","1963","03","23","14:00"," ","3,30","","-5,60","","53,00","","29,00","","24,00","","24,10","","100,08","","","","","","Généralement dégagé"
"1963-03-23 15:00","1963","03","23","15:00"," ","3,90","","-4,40","","54,00","","29,00","","18,00","","24,10","","100,10","","","","","","Généralement nuageux"
"1963-03-23 16:00","1963","03","23","16:00"," ","3,30","","-6,10","","51,00","","32,00","","24,00","","24,10","","100,13","","","","","","Généralement nuageux"
"1963-03-23 17:00","1963","03","23","17:00"," ","3,30","","-6,10","","51,00","","34,00","","16,00","","24,10","","100,18","","","","","","Généralement nuageux"
"1963-03-23 18:00","1963","03","23","18:00"," ","3,30","","-6,10","","51,00","","32,00","","23,00","","24,10","","100,25","","","","","","Généralement nuageux"
"1963-03-23 19:00","1963","03","23","19:00"," ","1,70","","-2,20","","76,00","","29,00","","13,00","","24,10","","100,39","","","","","","Généralement nuageux"
"1963-03-23 20:00","1963","03","23","20:00"," ","1,10","","0,60","","94,00","","32,00","","24,00","","24,10","","100,48","","","","","","Généralement nuageux"
"1963-03-23 21:00","1963","03","23","21:00"," ","0,00","","-0,60","","94,00","","32,00","","13,00","","24,10","","100,61","","","","-4,00","","Généralement nuageux"
"1963-03-23 22:00","1963","03","23","22:00"," ","-0,60","","-1,10","","97,00","","34,00","","13,00","","24,10","","100,67","","","","-5,00","","Généralement dégagé"
"1963-03-23 23:00","1963","03","23","23:00"," ","-2,80","","-3,30","","94,00","","36,00","","13,00","","24,10","","100,67","","","","-7,00","","Généralement dégagé"
"1963-03-24 00:00","1963","03","24","00:00"," ","-2,80","","-3,90","","93,00","","2,00","","13,00","","24,10","","100,77","","","","-7,00","","Dégagé"
"1963-03-24 01:00","1963","03","24","01:00"," ","-4,40","","-8,90","","73,00","","2,00","","13,00","","24,10","","100,85","","","","-9,00","","Dégagé"
"1963-03-24 02:00","1963","03","24","02:00"," ","-5,00","","-8,90","","75,00","","2,00","","16,00","","24,10","","100,88","","","","-11,00","","Dégagé"
"1963-03-24 03:00","1963","03","24","03:00"," ","-6,10","","-8,90","","82,00","","2,00","","10,00","","24,10","","100,89","","","","-11,00","","Dégagé"
"1963-03-24 04:00","1963","03","24","04:00"," ","-7,80","","-8,90","","93,00","","2,00","","11,00","","24,10","","100,91","","","","-13,00","","Dégagé"
"1963-03-24 05:00","1963","03","24","05:00"," ","-7,20","","-10,00","","80,00","","36,00","","10,00","","24,10","","101,01","","","","-12,00","","Généralement dégagé"
"1963-03-24 06:00","1963","03","24","06:00"," ","-8,30","","-9,40","","92,00","","2,00","","5,00","","24,10","","101,05","","","","-11,00","","Généralement dégagé"
"1963-03-24 07:00","1963","03","24","07:00"," ","-7,80","","-10,60","","80,00","","2,00","","8,00","","24,10","","101,14","","","","-12,00","","Généralement nuageux"
"1963-03-24 08:00","1963","03","24","08:00"," ","-6,10","","-8,90","","82,00","","2,00","","11,00","","24,10","","101,16","","","","-11,00","","Généralement nuageux"
"1963-03-24 09:00","1963","03","24","09:00"," ","-2,20","","-5,00","","81,00","","0,00","","0,00","","24,10","","101,16","","","","","","Généralement nuageux"
"1963-03-24 10:00","1963","03","24","10:00"," ","2,20","","-6,10","","53,00","","18,00","","6,00","","24,10","","101,15","","","","","","Généralement dégagé"
"1963-03-24 11:00","1963","03","24","11:00"," ","1,10","","-3,30","","71,00","","16,00","","13,00","","24,10","","101,12","","","","","","Généralement dégagé"
"1963-03-24 12:00","1963","03","24","12:00"," ","1,70","","-2,80","","72,00","","18,00","","19,00","","24,10","","101,03","","","","","","Généralement dégagé"
"1963-03-24 13:00","1963","03","24","13:00"," ","2,80","","-3,90","","62,00","","18,00","","27,00","","24,10","","100,99","","","","","","Généralement dégagé"
"1963-03-24 14:00","1963","03","24","14:00"," ","2,80","","-4,40","","59,00","","18,00","","32,00","","24,10","","100,92","","","","","","Généralement dégagé"
"1963-03-24 15:00","1963","03","24","15:00"," ","2,20","","-3,30","","66,00","","18,00","","29,00","","24,10","","100,86","","","","","","Généralement nuageux"
"1963-03-24 16:00","1963","03","24","16:00"," ","2,80","","-4,40","","59,00","","23,00","","26,00","","24,10","","100,81","","","","","","Généralement dégagé"
"1963-03-24 17:00","1963","03","24","17:00"," ","1,70","","-3,30","","70,00","","23,00","","29,00","","24,10","","100,76","","","","","","Généralement dégagé"
"1963-03-24 18:00","1963","03","24","18:00"," ","1,10","","-3,30","","71,00","","23,00","","29,00","","24,10","","100,76","","","","","","Généralement dégagé"
"1963-03-24 19:00","1963","03","24","19:00"," ","1,10","","-3,30","","71,00","","23,00","","29,00","","24,10","","100,76","","","","","","Généralement dégagé"
"1963-03-24 20:00","1963","03","24","20:00"," ","0,00","","-2,20","","86,00","","20,00","","29,00","","24,10","","100,76","","","","-6,00","","Généralement dégagé"
"1963-03-24 21:00","1963","03","24","21:00"," ","-1,10","","-2,80","","87,00","","23,00","","24,00","","24,10","","100,75","","","","-7,00","","Généralement dégagé"
"1963-03-24 22:00","1963","03","24","22:00"," ","-1,10","","-2,20","","91,00","","23,00","","21,00","","24,10","","100,75","","","","-7,00","","Généralement dégagé"
"1963-03-24 23:00","1963","03","24","23:00"," ","-0,60","","-1,70","","93,00","","20,00","","19,00","","24,10","","100,75","","","","-6,00","","Généralement dégagé"
"1963-03-25 00:00","1963","03","25","00:00"," ","0,00","","-1,70","","88,00","","23,00","","21,00","","24,10","","100,70","","","","-5,00","","Généralement dégagé"
"1963-03-25 01:00","1963","03","25","01:00"," ","-0,60","","-1,70","","91,00","","23,00","","27,00","","24,10","","100,70","","","","-7,00","","Dégagé"
"1963-03-25 02:00","1963","03","25","02:00"," ","0,00","","-0,60","","94,00","","23,00","","11,00","","24,10","","100,67","","","","-4,00","","Dégagé"
"1963-03-25 03:00","1963","03","25","03:00"," ","0,00","","-0,60","","94,00","","23,00","","19,00","","24,10","","100,63","","","","-5,00","","Dégagé"
"1963-03-25 04:00","1963","03","25","04:00"," ","0,60","","0,00","","94,00","","20,00","","13,00","","24,10","","100,57","","","","","","Dégagé"
"1963-03-25 05:00","1963","03","25","05:00"," ","0,60","","-0,60","","91,00","","20,00","","19,00","","24,10","","100,55","","","","","","Dégagé"
"1963-03-25 06:00","1963","03","25","06:00"," ","0,60","","0,00","","97,00","","20,00","","24,00","","6,40","","100,55","","","","","","Brouillard"
"1963-03-25 07:00","1963","03","25","07:00"," ","1,10","","0,60","","97,00","","20,00","","23,00","","6,40","","100,57","","","","","","Brouillard"
"1963-03-25 08:00","1963","03","25","08:00"," ","1,70","","1,10","","94,00","","20,00","","23,00","","6,40","","100,55","","","","","","Brouillard"
"1963-03-25 09:00","1963","03","25","09:00"," ","2,20","","1,10","","92,00","","20,00","","26,00","","9,70","","100,57","","","","","","Brouillard"
"1963-03-25 10:00","1963","03","25","10:00"," ","2,80","","1,10","","90,00","","23,00","","29,00","","8,00","","100,56","","","","","","Brouillard"
"1963-03-25 11:00","1963","03","25","11:00"," ","2,80","","1,10","","90,00","","23,00","","35,00","","9,70","","100,56","","","","","","Brouillard"
"1963-03-25 12:00","1963","03","25","12:00"," ","3,30","","1,70","","90,00","","20,00","","26,00","","9,70","","100,51","","","","","","Brouillard"
"1963-03-25 13:00","1963","03","25","13:00"," ","4,40","","1,70","","83,00","","23,00","","26,00","","12,90","","100,49","","","","","","Généralement nuageux"
"1963-03-25 14:00","1963","03","25","14:00"," ","3,90","","1,70","","85,00","","18,00","","29,00","","12,90","","100,41","","","","","","Généralement dégagé"
"1963-03-25 15:00","1963","03","25","15:00"," ","4,40","","1,70","","81,00","","18,00","","24,00","","12,90","","100,35","","","","","","Généralement dégagé"
"1963-03-25 16:00","1963","03","25","16:00"," ","4,40","","1,70","","81,00","","18,00","","27,00","","12,90","","100,28","","","","","","Généralement nuageux"
"1963-03-25 17:00","1963","03","25","17:00"," ","5,00","","1,70","","79,00","","23,00","","19,00","","11,30","","100,28","","","","","","Généralement nuageux"
"1963-03-25 18:00","1963","03","25","18:00"," ","3,90","","0,60","","80,00","","23,00","","16,00","","11,30","","100,30","","","","","","Généralement nuageux"
"1963-03-25 19:00","1963","03","25","19:00"," ","2,80","","1,70","","92,00","","18,00","","10,00","","6,40","","100,30","","","","","","Averses de pluie,Brouillard"
"1963-03-25 20:00","1963","03","25","20:00"," ","2,20","","1,70","","95,00","","20,00","","13,00","","9,70","","100,30","","","","","","Averses de pluie,Brouillard"
"1963-03-25 21:00","1963","03","25","21:00"," ","1,70","","1,10","","97,00","","20,00","","11,00","","3,20","","100,36","","","","","","Averses de pluie,Brouillard"
"1963-03-25 22:00","1963","03","25","22:00"," ","2,20","","1,70","","97,00","","20,00","","14,00","","0,80","","100,34","","","","","","Brouillard"
"1963-03-25 23:00","1963","03","25","23:00"," ","2,20","","2,20","","100,00","","0,00","","0,00","","0,80","","100,32","","","","","","Averses de pluie,Brouillard"
"1963-03-26 00:00","1963","03","26","00:00"," ","1,70","","1,10","","97,00","","0,00","","0,00","","1,60","","100,34","","","","","","Brouillard"
"1963-03-26 01:00","1963","03","26","01:00"," ","1,70","","1,10","","97,00","","20,00","","10,00","","0,40","","100,32","","","","","","Brouillard"
"1963-03-26 02:00","1963","03","26","02:00"," ","1,70","","1,10","","97,00","","0,00","","0,00","","0,40","","100,33","","","","","","Brouillard"
"1963-03-26 03:00","1963","03","26","03:00"," ","1,70","","1,10","","97,00","","20,00","","8,00","","2,40","","100,30","","","","","","Brouillard"
"1963-03-26 04:00","1963","03","26","04:00"," ","1,70","","1,10","","97,00","","2,00","","10,00","","1,60","","100,32","","","","","","Brouillard"
"1963-03-26 05:00","1963","03","26","05:00"," ","1,10","","0,60","","97,00","","0,00","","0,00","","1,60","","100,31","","","","","","Brouillard"
"1963-03-26 06:00","1963","03","26","06:00"," ","0,60","","0,00","","97,00","","36,00","","6,00","","1,60","","100,35","","","","","","Brouillard"
"1963-03-26 07:00","1963","03","26","07:00"," ","0,60","","0,60","","100,00","","0,00","","0,00","","0,40","","100,37","","","","","","Brouillard"
"1963-03-26 08:00","1963","03","26","08:00"," ","1,10","","0,60","","97,00","","0,00","","0,00","","0,60","","100,42","","","","","","Brouillard"
"1963-03-26 09:00","1963","03","26","09:00"," ","2,80","","2,20","","97,00","","14,00","","6,00","","2,40","","100,48","","","","","","Brouillard"
"1963-03-26 10:00","1963","03","26","10:00"," ","4,40","","3,30","","93,00","","32,00","","5,00","","9,70","","100,48","","","","","","Brouillard"
"1963-03-26 11:00","1963","03","26","11:00"," ","6,10","","3,90","","84,00","","29,00","","2,00","","9,70","","100,42","","","","","","Brouillard"
"1963-03-26 12:00","1963","03","26","12:00"," ","8,30","","3,90","","73,00","","18,00","","14,00","","12,90","","100,40","","","","","","Généralement nuageux"
"1963-03-26 13:00","1963","03","26","13:00"," ","5,00","","2,20","","83,00","","18,00","","10,00","","12,90","","100,44","","","","","","Généralement nuageux"
"1963-03-26 14:00","1963","03","26","14:00"," ","5,00","","1,70","","79,00","","18,00","","13,00","","12,90","","100,40","","","","","","Généralement nuageux"
"1963-03-26 15:00","1963","03","26","15:00"," ","5,60","","1,70","","75,00","","18,00","","10,00","","12,90","","100,31","","","","","","Généralement nuageux"
"1963-03-26 16:00","1963","03","26","16:00"," ","5,00","","2,20","","81,00","","16,00","","16,00","","12,90","","100,26","","","","","","Généralement nuageux"
"1963-03-26 17:00","1963","03","26","17:00"," ","5,00","","2,20","","81,00","","14,00","","13,00","","12,90","","100,24","","","","","","Généralement nuageux"
"1963-03-26 18:00","1963","03","26","18:00"," ","3,30","","1,70","","90,00","","16,00","","24,00","","12,90","","100,24","","","","","","Généralement nuageux"
"1963-03-26 19:00","1963","03","26","19:00"," ","2,80","","1,70","","92,00","","18,00","","21,00","","12,90","","100,24","","","","","","Généralement nuageux"
"1963-03-26 20:00","1963","03","26","20:00"," ","3,30","","2,20","","92,00","","18,00","","19,00","","16,10","","100,22","","","","","","Généralement nuageux"
"1963-03-26 21:00","1963","03","26","21:00"," ","3,30","","2,80","","97,00","","18,00","","29,00","","0,80","","100,20","","","","","","Brouillard"
"1963-03-26 22:00","1963","03","26","22:00"," ","3,90","","3,90","","100,00","","18,00","","24,00","","0,20","","100,20","","","","","","Brouillard"
"1963-03-26 23:00","1963","03","26","23:00"," ","3,90","","3,90","","100,00","","18,00","","26,00","","0,20","","100,18","","","","","","Brouillard"
"1963-03-27 00:00","1963","03","27","00:00"," ","4,40","","4,40","","100,00","","18,00","","32,00","","0,00","","100,11","","","","","","Brouillard"
"1963-03-27 01:00","1963","03","27","01:00"," ","3,90","","3,90","","100,00","","20,00","","32,00","","0,00","","100,09","","","","","","Brouillard"
"1963-03-27 02:00","1963","03","27","02:00"," ","3,90","","3,90","","100,00","","20,00","","32,00","","0,00","","100,08","","","","","","Brouillard"
"1963-03-27 03:00","1963","03","27","03:00"," ","3,90","","3,90","","100,00","","20,00","","35,00","","0,00","","100,03","","","","","","Brouillard"
"1963-03-27 04:00","1963","03","27","04:00"," ","3,90","","3,90","","100,00","","18,00","","27,00","","0,00","","99,96","","","","","","Bruine,Brouillard"
"1963-03-27 05:00","1963","03","27","05:00"," ","3,90","","3,90","","100,00","","18,00","","18,00","","0,00","","99,90","","","","","","Brouillard"
"1963-03-27 06:00","1963","03","27","06:00"," ","3,90","","3,90","","100,00","","16,00","","21,00","","0,00","","99,81","","","","","","Brouillard"
"1963-03-27 07:00","1963","03","27","07:00"," ","4,40","","4,40","","100,00","","16,00","","24,00","","0,00","","99,74","","","","","","Brouillard"
"1963-03-27 08:00","1963","03","27","08:00"," ","6,10","","6,10","","100,00","","16,00","","32,00","","3,20","","99,70","","","","","","Averses de pluie,Brouillard"
"1963-03-27 09:00","1963","03","27","09:00"," ","6,70","","6,70","","100,00","","18,00","","40,00","","9,70","","99,59","","","","","","Brouillard"
"1963-03-27 10:00","1963","03","27","10:00"," ","6,10","","6,10","","100,00","","16,00","","32,00","","8,00","","99,49","","","","","","Brouillard"
"1963-03-27 11:00","1963","03","27","11:00"," ","7,80","","7,20","","96,00","","16,00","","45,00","","11,30","","99,33","","","","","","Nuageux"
"1963-03-27 12:00","1963","03","27","12:00"," ","7,20","","7,20","","100,00","","16,00","","47,00","","4,80","","99,20","","","","","","Pluie forte,Brouillard"
"1963-03-27 13:00","1963","03","27","13:00"," ","7,80","","7,80","","100,00","","18,00","","55,00","","4,00","","99,07","","","","","","Pluie forte,Brouillard"
"1963-03-27 14:00","1963","03","27","14:00"," ","7,80","","7,80","","100,00","","20,00","","53,00","","4,00","","99,01","","","","","","Pluie modérée,Brouillard"
"1963-03-27 15:00","1963","03","27","15:00"," ","6,10","","6,10","","100,00","","20,00","","53,00","","0,40","","98,93","","","","","","Brouillard"
"1963-03-27 16:00","1963","03","27","16:00"," ","5,00","","5,00","","100,00","","20,00","","51,00","","0,20","","98,88","","","","","","Bruine,Brouillard"
"1963-03-27 17:00","1963","03","27","17:00"," ","5,00","","5,00","","100,00","","20,00","","32,00","","0,20","","98,88","","","","","","Bruine,Brouillard"
"1963-03-27 18:00","1963","03","27","18:00"," ","4,40","","4,40","","100,00","","20,00","","29,00","","0,20","","98,86","","","","","","Bruine,Brouillard"
"1963-03-27 19:00","1963","03","27","19:00"," ","3,90","","3,90","","100,00","","20,00","","32,00","","0,20","","98,86","","","","","","Bruine,Brouillard"
"1963-03-27 20:00","1963","03","27","20:00"," ","3,90","","3,90","","100,00","","20,00","","24,00","","0,40","","98,84","","","","","","Bruine,Brouillard"
"1963-03-27 21:00","1963","03","27","21:00"," ","3,90","","3,90","","100,00","","20,00","","29,00","","0,40","","98,86","","","","","","Bruine,Brouillard"
"1963-03-27 22:00","1963","03","27","22:00"," ","3,90","","3,90","","100,00","","20,00","","23,00","","0,00","","98,92","","","","","","Bruine,Brouillard"
"1963-03-27 23:00","1963","03","27","23:00"," ","3,30","","3,30","","100,00","","23,00","","29,00","","0,00","","98,94","","","","","","Bruine,Brouillard"
"1963-03-28 00:00","1963","03","28","00:00"," ","2,80","","2,80","","100,00","","23,00","","32,00","","0,00","","98,98","","","","","","Bruine,Brouillard"
"1963-03-28 01:00","1963","03","28","01:00"," ","2,80","","2,80","","100,00","","23,00","","21,00","","0,00","","99,03","","","","","","Bruine,Brouillard"
"1963-03-28 02:00","1963","03","28","02:00"," ","2,80","","2,80","","100,00","","25,00","","21,00","","0,00","","99,09","","","","","","Bruine,Brouillard"
"1963-03-28 03:00","1963","03","28","03:00"," ","2,20","","1,70","","97,00","","27,00","","19,00","","4,80","","99,15","","","","","","Brouillard"
"1963-03-28 04:00","1963","03","28","04:00"," ","2,20","","1,70","","97,00","","27,00","","13,00","","24,10","","99,26","","","","","","Généralement nuageux"
"1963-03-28 05:00","1963","03","28","05:00"," ","2,20","","1,70","","97,00","","25,00","","10,00","","24,10","","99,29","","","","","","Nuageux"
"1963-03-28 06:00","1963","03","28","06:00"," ","2,20","","1,70","","97,00","","23,00","","11,00","","4,00","","99,29","","","","","","Brouillard"
"1963-03-28 07:00","1963","03","28","07:00"," ","0,60","","0,00","","97,00","","18,00","","19,00","","8,00","","99,40","","","","","","Brouillard"
"1963-03-28 08:00","1963","03","28","08:00"," ","1,10","","0,60","","97,00","","18,00","","16,00","","4,80","","99,36","","","","","","Brouillard"
"1963-03-28 09:00","1963","03","28","09:00"," ","3,30","","2,80","","95,00","","20,00","","23,00","","11,30","","99,46","","","","","","Généralement nuageux"
"1963-03-28 10:00","1963","03","28","10:00"," ","3,30","","2,20","","92,00","","20,00","","16,00","","8,00","","99,48","","","","","","Brouillard"
"1963-03-28 11:00","1963","03","28","11:00"," ","3,30","","2,80","","95,00","","20,00","","16,00","","8,00","","99,43","","","","","","Brouillard"
"1963-03-28 12:00","1963","03","28","12:00"," ","3,90","","2,20","","90,00","","23,00","","19,00","","11,30","","99,37","","","","","","Nuageux"
"1963-03-28 13:00","1963","03","28","13:00"," ","5,00","","2,20","","83,00","","27,00","","23,00","","11,30","","99,36","","","","","","Généralement nuageux"
"1963-03-28 14:00","1963","03","28","14:00"," ","5,60","","2,80","","82,00","","23,00","","19,00","","11,30","","99,32","","","","","","Généralement dégagé"
"1963-03-28 15:00","1963","03","28","15:00"," ","7,20","","2,20","","70,00","","25,00","","21,00","","16,10","","99,30","","","","","","Généralement nuageux"
"1963-03-28 16:00","1963","03","28","16:00"," ","6,10","","-1,70","","58,00","","29,00","","19,00","","24,10","","99,38","","","","","","Généralement nuageux"
"1963-03-28 17:00","1963","03","28","17:00"," ","6,70","","-0,60","","59,00","","29,00","","19,00","","24,10","","99,45","","","","","","Généralement nuageux"
"1963-03-28 18:00","1963","03","28","18:00"," ","5,00","","-1,70","","61,00","","32,00","","29,00","","24,10","","99,58","","","","","","Généralement dégagé"
"1963-03-28 19:00","1963","03","28","19:00"," ","5,00","","-1,70","","61,00","","32,00","","29,00","","24,10","","99,81","","","","","","Généralement dégagé"
"1963-03-28 20:00","1963","03","28","20:00"," ","2,80","","-4,40","","60,00","","34,00","","23,00","","24,10","","99,99","","","","","","Généralement dégagé"
"1963-03-28 21:00","1963","03","28","21:00"," ","1,10","","-4,40","","66,00","","32,00","","32,00","","24,10","","100,20","","","","","","Dégagé"
"1963-03-28 22:00","1963","03","28","22:00"," ","0,00","","-6,70","","60,00","","32,00","","32,00","","24,10","","100,39","","","","-7,00","","Dégagé"
"1963-03-28 23:00","1963","03","28","23:00"," ","-1,10","","-7,80","","60,00","","32,00","","19,00","","24,10","","100,54","","","","-6,00","","Dégagé"
"1963-03-29 00:00","1963","03","29","00:00"," ","-1,70","","-8,30","","61,00","","34,00","","24,00","","24,10","","100,65","","","","-8,00","","Dégagé"
"1963-03-29 01:00","1963","03","29","01:00"," ","-2,20","","-8,30","","64,00","","34,00","","16,00","","24,10","","100,76","","","","-7,00","","Dégagé"
"1963-03-29 02:00","1963","03","29","02:00"," ","-2,80","","-8,30","","65,00","","32,00","","40,00","","24,10","","100,78","","","","-11,00","","Dégagé"
"1963-03-29 03:00","1963","03","29","03:00"," ","-3,30","","-7,20","","75,00","","32,00","","24,00","","24,10","","100,92","","","","-10,00","","Dégagé"
"1963-03-29 04:00","1963","03","29","04:00"," ","-3,90","","-7,80","","76,00","","34,00","","24,00","","24,10","","101,01","","","","-11,00","","Dégagé"
"1963-03-29 05:00","1963","03","29","05:00"," ","-4,40","","-6,70","","84,00","","34,00","","29,00","","24,10","","101,09","","","","-12,00","","Dégagé"
"1963-03-29 06:00","1963","03","29","06:00"," ","-5,00","","-7,20","","83,00","","34,00","","29,00","","24,10","","101,19","","","","-13,00","","Généralement dégagé"
"1963-03-29 07:00","1963","03","29","07:00"," ","-4,40","","-6,10","","89,00","","34,00","","29,00","","24,10","","101,28","","","","-12,00","","Généralement dégagé"
"1963-03-29 08:00","1963","03","29","08:00"," ","-4,40","","-6,70","","84,00","","34,00","","32,00","","24,10","","101,40","","","","-12,00","","Généralement dégagé"
"1963-03-29 09:00","1963","03","29","09:00"," ","-3,30","","-7,80","","73,00","","36,00","","24,00","","24,10","","101,56","","","","-10,00","","Généralement dégagé"
"1963-03-29 10:00","1963","03","29","10:00"," ","-2,80","","-5,00","","84,00","","36,00","","24,00","","24,10","","101,69","","","","-9,00","","Généralement dégagé"
"1963-03-29 11:00","1963","03","29","11:00"," ","-2,20","","-7,80","","67,00","","36,00","","16,00","","24,10","","101,73","","","","-7,00","","Généralement dégagé"
"1963-03-29 12:00","1963","03","29","12:00"," ","-1,10","","-5,00","","75,00","","34,00","","11,00","","24,10","","101,72","","","","-5,00","","Généralement dégagé"
"1963-03-29 13:00","1963","03","29","13:00"," ","0,00","","-5,00","","69,00","","36,00","","11,00","","24,10","","101,76","","","","-4,00","","Dégagé"
"1963-03-29 14:00","1963","03","29","14:00"," ","0,60","","-7,20","","57,00","","2,00","","8,00","","24,10","","101,76","","","","","","Généralement dégagé"
"1963-03-29 15:00","1963","03","29","15:00"," ","1,70","","-5,00","","62,00","","2,00","","13,00","","24,10","","101,75","","","","","","Généralement dégagé"
"1963-03-29 16:00","1963","03","29","16:00"," ","2,80","","-6,10","","53,00","","18,00","","39,00","","24,10","","101,75","","","","","","Dégagé"
"1963-03-29 17:00","1963","03","29","17:00"," ","1,10","","-4,40","","66,00","","20,00","","35,00","","24,10","","101,77","","","","","","Généralement dégagé"
"1963-03-29 18:00","1963","03","29","18:00"," ","0,00","","-6,10","","63,00","","23,00","","16,00","","24,10","","101,85","","","","-5,00","","Généralement dégagé"
"1963-03-29 19:00","1963","03","29","19:00"," ","-0,60","","-6,70","","65,00","","20,00","","13,00","","24,10","","101,84","","","","-5,00","","Généralement dégagé"
"1963-03-29 20:00","1963","03","29","20:00"," ","-2,80","","-7,20","","73,00","","16,00","","6,00","","24,10","","101,85","","","","-5,00","","Généralement dégagé"
"1963-03-29 21:00","1963","03","29","21:00"," ","-3,30","","-6,10","","81,00","","16,00","","8,00","","24,10","","101,88","","","","-7,00","","Généralement dégagé"
"1963-03-29 22:00","1963","03","29","22:00"," ","-3,30","","-6,70","","78,00","","16,00","","8,00","","24,10","","101,77","","","","-7,00","","Généralement nuageux"
"1963-03-29 23:00","1963","03","29","23:00"," ","-3,30","","-5,60","","85,00","","16,00","","8,00","","24,10","","101,77","","","","-7,00","","Généralement dégagé"
"1963-03-30 00:00","1963","03","30","00:00"," ","-3,30","","-5,60","","86,00","","16,00","","10,00","","24,10","","101,68","","","","-7,00","","Généralement dégagé"
"1963-03-30 01:00","1963","03","30","01:00"," ","-4,40","","-6,70","","84,00","","18,00","","13,00","","24,10","","101,63","","","","-9,00","","Dégagé"
"1963-03-30 02:00","1963","03","30","02:00"," ","-4,40","","-6,10","","86,00","","18,00","","19,00","","24,10","","101,56","","","","-11,00","","Dégagé"
"1963-03-30 03:00","1963","03","30","03:00"," ","-4,40","","-6,10","","86,00","","18,00","","19,00","","24,10","","101,54","","","","-11,00","","Dégagé"
"1963-03-30 04:00","1963","03","30","04:00"," ","-4,40","","-6,10","","86,00","","20,00","","19,00","","24,10","","101,37","","","","-11,00","","Généralement dégagé"
"1963-03-30 05:00","1963","03","30","05:00"," ","-3,90","","-5,60","","87,00","","18,00","","24,00","","24,10","","101,31","","","","-11,00","","Généralement dégagé"
"1963-03-30 06:00","1963","03","30","06:00"," ","-1,70","","-3,30","","88,00","","20,00","","29,00","","24,10","","101,27","","","","-9,00","","Généralement nuageux"
"1963-03-30 07:00","1963","03","30","07:00"," ","0,00","","-1,70","","88,00","","18,00","","32,00","","24,10","","101,11","","","","-7,00","","Généralement nuageux"
"1963-03-30 08:00","1963","03","30","08:00"," ","1,10","","-1,10","","86,00","","20,00","","32,00","","24,10","","101,09","","","","","","Généralement nuageux"
"1963-03-30 09:00","1963","03","30","09:00"," ","0,60","","-0,60","","91,00","","18,00","","48,00","","12,90","","100,87","","","","","","Averses de pluie"
"1963-03-30 10:00","1963","03","30","10:00"," ","1,10","","-1,10","","86,00","","20,00","","45,00","","12,90","","100,85","","","","","","Nuageux"
"1963-03-30 11:00","1963","03","30","11:00"," ","1,70","","-0,60","","86,00","","20,00","","48,00","","12,90","","100,72","","","","","","Nuageux"
"1963-03-30 12:00","1963","03","30","12:00"," ","1,70","","-0,60","","86,00","","20,00","","42,00","","12,90","","100,65","","","","","","Nuageux"
"1963-03-30 13:00","1963","03","30","13:00"," ","1,70","","0,00","","89,00","","20,00","","48,00","","12,90","","100,50","","","","","","Pluie"
"1963-03-30 14:00","1963","03","30","14:00"," ","1,70","","0,00","","89,00","","23,00","","32,00","","11,30","","100,35","","","","","","Averses de pluie"
"1963-03-30 15:00","1963","03","30","15:00"," ","1,70","","1,10","","97,00","","23,00","","40,00","","2,40","","100,16","","","","","","Averses de pluie,Brouillard"
"1963-03-30 16:00","1963","03","30","16:00"," ","2,20","","2,20","","100,00","","20,00","","32,00","","0,80","","100,02","","","","","","Bruine,Brouillard"
"1963-03-30 17:00","1963","03","30","17:00"," ","2,20","","2,20","","100,00","","20,00","","27,00","","0,20","","99,90","","","","","","Bruine,Brouillard"
"1963-03-30 18:00","1963","03","30","18:00"," ","2,80","","2,80","","100,00","","20,00","","32,00","","0,20","","99,74","","","","","","Brouillard"
"1963-03-30 19:00","1963","03","30","19:00"," ","2,80","","2,80","","100,00","","23,00","","29,00","","0,20","","99,77","","","","","","Brouillard"
"1963-03-30 20:00","1963","03","30","20:00"," ","2,80","","2,80","","100,00","","23,00","","32,00","","0,00","","99,74","","","","","","Brouillard"
"1963-03-30 21:00","1963","03","30","21:00"," ","2,20","","2,20","","100,00","","23,00","","24,00","","0,00","","99,76","","","","","","Brouillard"
"1963-03-30 22:00","1963","03","30","22:00"," ","1,70","","1,70","","100,00","","25,00","","11,00","","0,00","","99,74","","","","","","Brouillard"
"1963-03-30 23:00","1963","03","30","23:00"," ","1,70","","1,70","","100,00","","25,00","","13,00","","0,20","","99,71","","","","","","Brouillard"
"1963-03-31 00:00","1963","03","31","00:00"," ","1,70","","1,70","","100,00","","25,00","","19,00","","0,20","","99,71","","","","","","Brouillard"
"1963-03-31 01:00","1963","03","31","01:00"," ","1,10","","1,10","","100,00","","25,00","","16,00","","0,20","","99,70","","","","","","Brouillard"
"1963-03-31 02:00","1963","03","31","02:00"," ","1,10","","1,10","","100,00","","27,00","","16,00","","2,40","","99,68","","","","","","Brouillard"
"1963-03-31 03:00","1963","03","31","03:00"," ","0,60","","0,00","","97,00","","34,00","","24,00","","16,10","","99,74","","","","","","Averses de pluie"
"1963-03-31 04:00","1963","03","31","04:00"," ","1,10","","0,00","","92,00","","34,00","","32,00","","16,10","","99,90","","","","","","Averses de pluie"
"1963-03-31 05:00","1963","03","31","05:00"," ","0,60","","-1,10","","89,00","","34,00","","26,00","","24,10","","100,00","","","","","","Généralement nuageux"
"1963-03-31 06:00","1963","03","31","06:00"," ","1,10","","-1,70","","82,00","","34,00","","27,00","","24,10","","100,16","","","","","","Généralement nuageux"
"1963-03-31 07:00","1963","03","31","07:00"," ","1,10","","-1,70","","82,00","","34,00","","32,00","","24,10","","100,38","","","","","","Généralement nuageux"
"1963-03-31 08:00","1963","03","31","08:00"," ","0,60","","-5,60","","64,00","","34,00","","35,00","","24,10","","100,50","","","","","","Généralement nuageux"
"1963-03-31 09:00","1963","03","31","09:00"," ","0,60","","-3,90","","73,00","","34,00","","32,00","","24,10","","100,62","","","","","","Généralement nuageux"
"1963-03-31 10:00","1963","03","31","10:00"," ","0,60","","-6,10","","62,00","","34,00","","32,00","","24,10","","100,79","","","","","","Généralement nuageux"
"1963-03-31 11:00","1963","03","31","11:00"," ","0,60","","-7,80","","54,00","","34,00","","26,00","","24,10","","100,90","","","","","","Généralement nuageux"
"1963-03-31 12:00","1963","03","31","12:00"," ","2,20","","-6,70","","51,00","","34,00","","32,00","","24,10","","100,94","","","","","","Généralement nuageux"
"1963-03-31 13:00","1963","03","31","13:00"," ","2,80","","-6,10","","53,00","","34,00","","32,00","","24,10","","101,03","","","","","","Généralement dégagé"
"1963-03-31 14:00","1963","03","31","14:00"," ","2,80","","-6,10","","53,00","","36,00","","29,00","","24,10","","101,03","","","","","","Généralement dégagé"
"1963-03-31 15:00","1963","03","31","15:00"," ","3,30","","-6,10","","51,00","","34,00","","32,00","","24,10","","101,11","","","","","","Dégagé"
"1963-03-31 16:00","1963","03","31","16:00"," ","3,90","","-3,30","","59,00","","2,00","","23,00","","24,10","","101,17","","","","","","Dégagé"
"1963-03-31 17:00","1963","03","31","17:00"," ","3,90","","-4,40","","54,00","","34,00","","24,00","","24,10","","101,20","","","","","","Dégagé"
"1963-03-31 18:00","1963","03","31","18:00"," ","3,90","","-7,20","","44,00","","34,00","","19,00","","24,10","","101,30","","","","","","Dégagé"
"1963-03-31 19:00","1963","03","31","19:00"," ","2,80","","-10,00","","39,00","","34,00","","19,00","","24,10","","101,36","","","","","","Dégagé"
"1963-03-31 20:00","1963","03","31","20:00"," ","0,60","","-7,80","","54,00","","29,00","","10,00","","24,10","","101,48","","","","","","Dégagé"
"1963-03-31 21:00","1963","03","31","21:00"," ","-1,10","","-7,80","","61,00","","0,00","","0,00","","24,10","","101,56","","","","","","Dégagé"
"1963-03-31 22:00","1963","03","31","22:00"," ","-1,10","","-7,80","","61,00","","34,00","","16,00","","24,10","","101,67","","","","-6,00","","Dégagé"
"1963-03-31 23:00","1963","03","31","23:00"," ","-2,20","","-7,80","","65,00","","2,00","","8,00","","24,10","","101,68","","","","-5,00","","Dégagé"
