"Nom de la Station","GRANDE PRAIRIE A"
"Province","ALBERTA"
"Latitude","55,18"
"Longitude","-118,89"
"Altitude","669,00"
"Identification Climat","3072920"
"Identification OMM","71940"
"Identification TC","YQU"
"Toutes les heures sont exprimées en heure normale locale (HNL). Pour convertir l'heure locale en heure avancée de l'Est (HAE), ajoutez 1 heure s'il y a lieu."

"Légende"
"M","Données Manquantes"
"E","Valeur Estimée"
"ND","Non Disponible"
"**","Données fournies par un partenaire, non assujetties à un révision par les Archives climatiques nationales du Canada"

"Date/Heure","Année","Mois","Jour","Heure","Qualité des Données","Temp (°C)","Temp Indicateur","Point de rosée (°C)","Point de rosée Indicateur","Hum. rel (%)","Hum. rel. Indicateur","Dir. du vent (10s deg)","Dir. du vent Indicateur","Vit. du vent (km/h)","Vit. du vent Indicateur","Visibilité (km)","Visibilité Indicateur","Pression à la station (kPa)","Pression à la station Indicateur","Hmdx","Hmdx Indicateur","Refroid. éolien","Refroid. éolien Indicateur","Temps"
"1956-07-01 00:00","1956","07","01","00:00"," ","10,00","","8,30","","89,00","","32,00","","16,00","","25,00","","94,29","","","","","","Généralement dégagé"
"1956-07-01 01:00","1956","07","01","01:00"," ","8,90","","8,30","","96,00","","32,00","","16,00","","25,00","","94,29","","","","","","Généralement dégagé"
"1956-07-01 02:00","1956","07","01","02:00"," ","8,90","","8,30","","96,00","","27,00","","10,00","","25,00","","94,30","","","","","","Généralement dégagé"
"1956-07-01 03:00","1956","07","01","03:00"," ","7,80","","7,20","","96,00","","27,00","","10,00","","25,00","","94,30","","","","","","Généralement dégagé"
"1956-07-01 04:00","1956","07","01","04:00"," ","7,80","","7,20","","96,00","","23,00","","8,00","","25,00","","94,31","","","","","","Généralement nuageux"
"1956-07-01 05:00","1956","07","01","05:00"," ","8,90","","8,30","","96,00","","27,00","","10,00","","25,00","","94,32","","","","","","Généralement nuageux"
"1956-07-01 06:00","1956","07","01","06:00"," ","11,10","","9,40","","90,00","","27,00","","8,00","","25,00","","94,35","","","","","","Généralement nuageux"
"1956-07-01 07:00","1956","07","01","07:00"," ","13,30","","9,40","","77,00","","32,00","","8,00","","25,00","","94,38","","","","","","Généralement dégagé"
"1956-07-01 08:00","1956","07","01","08:00"," ","13,90","","10,00","","77,00","","23,00","","3,00","","25,00","","94,39","","","","","","Généralement dégagé"
"1956-07-01 09:00","1956","07","01","09:00"," ","15,60","","10,60","","72,00","","23,00","","6,00","","25,00","","94,39","","","","","","Généralement dégagé"
"1956-07-01 10:00","1956","07","01","10:00"," ","17,20","","11,10","","67,00","","27,00","","10,00","","25,00","","94,36","","","","","","Généralement dégagé"
"1956-07-01 11:00","1956","07","01","11:00"," ","17,80","","9,40","","58,00","","27,00","","6,00","","25,00","","94,34","","","","","","Généralement dégagé"
"1956-07-01 12:00","1956","07","01","12:00"," ","19,40","","10,00","","54,00","","36,00","","6,00","","25,00","","94,28","","","","","","Généralement nuageux"
"1956-07-01 13:00","1956","07","01","13:00"," ","20,60","","10,00","","51,00","","23,00","","10,00","","25,00","","94,22","","","","","","Généralement nuageux"
"1956-07-01 14:00","1956","07","01","14:00"," ","21,10","","8,90","","46,00","","27,00","","6,00","","25,00","","94,20","","","","","","Généralement nuageux"
"1956-07-01 15:00","1956","07","01","15:00"," ","20,60","","8,90","","47,00","","36,00","","6,00","","25,00","","94,17","","","","","","Généralement nuageux"
"1956-07-01 16:00","1956","07","01","16:00"," ","21,70","","9,40","","46,00","","2,00","","13,00","","25,00","","94,12","","","","","","Généralement nuageux"
"1956-07-01 17:00","1956","07","01","17:00"," ","21,10","","7,80","","42,00","","5,00","","23,00","","25,00","","94,10","","","","","","Généralement nuageux"
"1956-07-01 18:00","1956","07","01","18:00"," ","20,00","","7,20","","44,00","","5,00","","19,00","","25,00","","94,09","","","","","","Généralement nuageux"
"1956-07-01 19:00","1956","07","01","19:00"," ","18,90","","9,40","","54,00","","9,00","","26,00","","25,00","","94,06","","","","","","Orages"
"1956-07-01 20:00","1956","07","01","20:00"," ","17,80","","8,90","","56,00","","11,00","","23,00","","25,00","","94,09","","","","","","Généralement nuageux"
"1956-07-01 21:00","1956","07","01","21:00"," ","15,60","","8,90","","65,00","","9,00","","13,00","","25,00","","94,09","","","","","","Généralement nuageux"
"1956-07-01 22:00","1956","07","01","22:00"," ","13,30","","8,30","","72,00","","9,00","","10,00","","25,00","","94,11","","","","","","Généralement nuageux"
"1956-07-01 23:00","1956","07","01","23:00"," ","12,80","","7,80","","72,00","","5,00","","6,00","","25,00","","94,11","","","","","","Généralement nuageux"
"1956-07-02 00:00","1956","07","02","00:00"," ","12,20","","8,30","","74,00","","36,00","","3,00","","25,00","","94,13","","","","","","Généralement dégagé"
"1956-07-02 01:00","1956","07","02","01:00"," ","10,60","","8,90","","89,00","","32,00","","3,00","","25,00","","94,10","","","","","","Généralement dégagé"
"1956-07-02 02:00","1956","07","02","02:00"," ","10,00","","8,30","","89,00","","36,00","","8,00","","25,00","","94,08","","","","","","Généralement dégagé"
"1956-07-02 03:00","1956","07","02","03:00"," ","9,40","","7,80","","89,00","","36,00","","6,00","","25,00","","94,06","","","","","","Généralement dégagé"
"1956-07-02 04:00","1956","07","02","04:00"," ","8,90","","7,20","","89,00","","5,00","","6,00","","25,00","","94,05","","","","","","Généralement dégagé"
"1956-07-02 05:00","1956","07","02","05:00"," ","9,40","","7,80","","89,00","","36,00","","5,00","","25,00","","94,05","","","","","","Généralement dégagé"
"1956-07-02 06:00","1956","07","02","06:00"," ","11,10","","8,90","","86,00","","0,00","","0,00","","25,00","","94,09","","","","","","Généralement dégagé"
"1956-07-02 07:00","1956","07","02","07:00"," ","12,20","","8,90","","80,00","","9,00","","3,00","","25,00","","94,11","","","","","","Généralement dégagé"
"1956-07-02 08:00","1956","07","02","08:00"," ","13,90","","9,40","","75,00","","9,00","","3,00","","25,00","","94,12","","","","","","Généralement dégagé"
"1956-07-02 09:00","1956","07","02","09:00"," ","16,10","","9,40","","65,00","","14,00","","10,00","","25,00","","94,11","","","","","","Généralement dégagé"
"1956-07-02 10:00","1956","07","02","10:00"," ","18,30","","8,90","","54,00","","14,00","","16,00","","25,00","","94,08","","","","","","Généralement dégagé"
"1956-07-02 11:00","1956","07","02","11:00"," ","19,40","","9,40","","52,00","","9,00","","19,00","","25,00","","94,06","","","","","","Généralement dégagé"
"1956-07-02 12:00","1956","07","02","12:00"," ","20,60","","7,80","","44,00","","9,00","","23,00","","25,00","","94,01","","","","","","Généralement dégagé"
"1956-07-02 13:00","1956","07","02","13:00"," ","21,10","","7,80","","42,00","","9,00","","16,00","","25,00","","93,94","","","","","","Généralement dégagé"
"1956-07-02 14:00","1956","07","02","14:00"," ","22,20","","8,90","","43,00","","9,00","","26,00","","25,00","","93,89","","","","","","Généralement nuageux"
"1956-07-02 15:00","1956","07","02","15:00"," ","22,80","","7,80","","38,00","","14,00","","13,00","","25,00","","93,87","","","","","","Généralement nuageux"
"1956-07-02 16:00","1956","07","02","16:00"," ","23,30","","5,60","","32,00","","14,00","","16,00","","25,00","","93,81","","","","","","Généralement nuageux"
"1956-07-02 17:00","1956","07","02","17:00"," ","23,30","","6,70","","34,00","","11,00","","29,00","","25,00","","93,79","","","","","","Généralement nuageux"
"1956-07-02 18:00","1956","07","02","18:00"," ","21,10","","6,70","","39,00","","11,00","","26,00","","25,00","","93,79","","","","","","Généralement dégagé"
"1956-07-02 19:00","1956","07","02","19:00"," ","20,00","","6,70","","44,00","","9,00","","19,00","","25,00","","93,80","","","","","","Généralement nuageux"
"1956-07-02 20:00","1956","07","02","20:00"," ","19,40","","7,80","","47,00","","9,00","","16,00","","25,00","","93,81","","","","","","Généralement nuageux"
"1956-07-02 21:00","1956","07","02","21:00"," ","17,20","","8,30","","56,00","","14,00","","10,00","","25,00","","93,82","","","","","","Généralement nuageux"
"1956-07-02 22:00","1956","07","02","22:00"," ","15,00","","8,90","","67,00","","14,00","","8,00","","25,00","","93,84","","","","","","Généralement nuageux"
"1956-07-02 23:00","1956","07","02","23:00"," ","14,40","","7,80","","64,00","","9,00","","13,00","","25,00","","93,84","","","","","","Généralement nuageux"
"1956-07-03 00:00","1956","07","03","00:00"," ","12,80","","7,80","","72,00","","23,00","","13,00","","25,00","","93,87","","","","","","Généralement dégagé"
"1956-07-03 01:00","1956","07","03","01:00"," ","11,10","","7,80","","80,00","","9,00","","13,00","","25,00","","93,87","","","","","","Généralement dégagé"
"1956-07-03 02:00","1956","07","03","02:00"," ","10,60","","7,20","","80,00","","9,00","","8,00","","25,00","","93,85","","","","","","Généralement dégagé"
"1956-07-03 03:00","1956","07","03","03:00"," ","8,30","","6,70","","89,00","","14,00","","6,00","","25,00","","93,85","","","","","","Généralement dégagé"
"1956-07-03 04:00","1956","07","03","04:00"," ","8,30","","6,70","","89,00","","14,00","","10,00","","25,00","","93,88","","","","","","Généralement dégagé"
"1956-07-03 05:00","1956","07","03","05:00"," ","8,90","","6,70","","86,00","","9,00","","8,00","","25,00","","93,88","","","","","","Généralement dégagé"
"1956-07-03 06:00","1956","07","03","06:00"," ","10,60","","7,80","","83,00","","14,00","","8,00","","25,00","","93,91","","","","","","Généralement dégagé"
"1956-07-03 07:00","1956","07","03","07:00"," ","12,80","","7,80","","72,00","","14,00","","6,00","","25,00","","93,92","","","","","","Généralement dégagé"
"1956-07-03 08:00","1956","07","03","08:00"," ","14,40","","8,90","","69,00","","14,00","","10,00","","25,00","","93,92","","","","","","Généralement dégagé"
"1956-07-03 09:00","1956","07","03","09:00"," ","16,10","","8,90","","62,00","","14,00","","13,00","","25,00","","93,90","","","","","","Généralement dégagé"
"1956-07-03 10:00","1956","07","03","10:00"," ","18,90","","9,40","","54,00","","14,00","","16,00","","25,00","","93,89","","","","","","Généralement dégagé"
"1956-07-03 11:00","1956","07","03","11:00"," ","20,60","","8,90","","47,00","","14,00","","13,00","","25,00","","93,88","","","","","","Généralement dégagé"
"1956-07-03 12:00","1956","07","03","12:00"," ","22,20","","8,90","","43,00","","14,00","","23,00","","25,00","","93,84","","","","","","Généralement dégagé"
"1956-07-03 13:00","1956","07","03","13:00"," ","22,80","","8,30","","40,00","","9,00","","16,00","","25,00","","93,80","","","","","","Généralement nuageux"
"1956-07-03 14:00","1956","07","03","14:00"," ","23,30","","9,40","","41,00","","14,00","","19,00","","25,00","","93,74","","","","","","Généralement nuageux"
"1956-07-03 15:00","1956","07","03","15:00"," ","23,30","","8,30","","38,00","","9,00","","19,00","","25,00","","93,73","","","","","","Généralement nuageux"
"1956-07-03 16:00","1956","07","03","16:00"," ","23,30","","8,90","","40,00","","11,00","","23,00","","25,00","","93,67","","","","","","Généralement nuageux"
"1956-07-03 17:00","1956","07","03","17:00"," ","23,30","","8,90","","39,00","","11,00","","19,00","","25,00","","93,65","","","","","","Généralement nuageux"
"1956-07-03 18:00","1956","07","03","18:00"," ","22,80","","7,80","","38,00","","11,00","","19,00","","25,00","","93,63","","","","","","Généralement nuageux"
"1956-07-03 19:00","1956","07","03","19:00"," ","21,70","","10,00","","48,00","","11,00","","16,00","","25,00","","93,62","","","","","","Généralement nuageux"
"1956-07-03 20:00","1956","07","03","20:00"," ","20,00","","10,00","","53,00","","11,00","","13,00","","25,00","","93,66","","","","","","Généralement nuageux"
"1956-07-03 21:00","1956","07","03","21:00"," ","17,80","","10,60","","63,00","","23,00","","10,00","","19,30","","93,71","","","","","","Généralement nuageux"
"1956-07-03 22:00","1956","07","03","22:00"," ","16,70","","8,30","","58,00","","36,00","","13,00","","19,30","","93,72","","","","","","Généralement nuageux"
"1956-07-03 23:00","1956","07","03","23:00"," ","16,70","","8,90","","60,00","","7,00","","10,00","","25,00","","93,74","","","","","","Généralement nuageux"
"1956-07-04 00:00","1956","07","04","00:00"," ","13,30","","8,90","","74,00","","9,00","","10,00","","25,00","","93,72","","","","","","Généralement dégagé"
"1956-07-04 01:00","1956","07","04","01:00"," ","12,80","","8,90","","77,00","","9,00","","13,00","","25,00","","93,71","","","","","","Généralement dégagé"
"1956-07-04 02:00","1956","07","04","02:00"," ","11,10","","8,30","","83,00","","23,00","","5,00","","25,00","","93,73","","","","","","Généralement nuageux"
"1956-07-04 03:00","1956","07","04","03:00"," ","10,00","","7,80","","86,00","","14,00","","5,00","","25,00","","93,73","","","","","","Généralement dégagé"
"1956-07-04 04:00","1956","07","04","04:00"," ","10,00","","7,20","","83,00","","5,00","","10,00","","25,00","","93,75","","","","","","Généralement dégagé"
"1956-07-04 05:00","1956","07","04","05:00"," ","8,30","","7,20","","93,00","","27,00","","6,00","","25,00","","93,77","","","","","","Généralement dégagé"
"1956-07-04 06:00","1956","07","04","06:00"," ","11,70","","8,90","","83,00","","5,00","","5,00","","25,00","","93,76","","","","","","Généralement nuageux"
"1956-07-04 07:00","1956","07","04","07:00"," ","13,30","","9,40","","77,00","","23,00","","3,00","","25,00","","93,77","","","","","","Généralement nuageux"
"1956-07-04 08:00","1956","07","04","08:00"," ","15,00","","10,60","","75,00","","23,00","","10,00","","25,00","","93,77","","","","","","Généralement nuageux"
"1956-07-04 09:00","1956","07","04","09:00"," ","16,70","","10,60","","67,00","","23,00","","6,00","","25,00","","93,75","","","","","","Généralement nuageux"
"1956-07-04 10:00","1956","07","04","10:00"," ","18,90","","10,60","","58,00","","23,00","","13,00","","25,00","","93,73","","","","","","Généralement nuageux"
"1956-07-04 11:00","1956","07","04","11:00"," ","20,00","","10,00","","53,00","","23,00","","6,00","","25,00","","93,71","","","","","","Généralement nuageux"
"1956-07-04 12:00","1956","07","04","12:00"," ","21,70","","10,00","","48,00","","23,00","","13,00","","25,00","","93,68","","","","","","Généralement nuageux"
"1956-07-04 13:00","1956","07","04","13:00"," ","21,70","","8,90","","44,00","","27,00","","10,00","","25,00","","93,64","","","","","","Généralement nuageux"
"1956-07-04 14:00","1956","07","04","14:00"," ","21,70","","8,90","","44,00","","18,00","","13,00","","25,00","","93,64","","","","","","Généralement nuageux"
"1956-07-04 15:00","1956","07","04","15:00"," ","21,10","","10,60","","51,00","","18,00","","23,00","","25,00","","93,64","","","","","","Généralement nuageux"
"1956-07-04 16:00","1956","07","04","16:00"," ","18,90","","10,60","","58,00","","25,00","","19,00","","25,00","","93,62","","","","","","Généralement nuageux"
"1956-07-04 17:00","1956","07","04","17:00"," ","18,30","","11,10","","63,00","","25,00","","23,00","","25,00","","93,61","","","","","","Généralement nuageux"
"1956-07-04 18:00","1956","07","04","18:00"," ","21,10","","10,60","","51,00","","27,00","","6,00","","25,00","","93,60","","","","","","Généralement nuageux"
"1956-07-04 19:00","1956","07","04","19:00"," ","20,60","","12,20","","54,00","","18,00","","10,00","","25,00","","93,59","","","","","","Généralement nuageux"
"1956-07-04 20:00","1956","07","04","20:00"," ","19,40","","11,10","","59,00","","14,00","","10,00","","25,00","","93,55","","","","","","Généralement nuageux"
"1956-07-04 21:00","1956","07","04","21:00"," ","17,80","","11,70","","68,00","","20,00","","19,00","","25,00","","93,58","","","","","","Généralement nuageux"
"1956-07-04 22:00","1956","07","04","22:00"," ","16,10","","10,00","","67,00","","18,00","","6,00","","25,00","","93,55","","","","","","Généralement nuageux"
"1956-07-04 23:00","1956","07","04","23:00"," ","14,40","","9,40","","72,00","","18,00","","10,00","","25,00","","93,55","","","","","","Généralement nuageux"
"1956-07-05 00:00","1956","07","05","00:00"," ","12,20","","9,40","","83,00","","18,00","","3,00","","25,00","","93,55","","","","","","Généralement dégagé"
"1956-07-05 01:00","1956","07","05","01:00"," ","12,80","","8,90","","77,00","","27,00","","5,00","","25,00","","93,53","","","","","","Généralement dégagé"
"1956-07-05 02:00","1956","07","05","02:00"," ","10,60","","8,90","","89,00","","14,00","","3,00","","25,00","","93,50","","","","","","Généralement dégagé"
"1956-07-05 03:00","1956","07","05","03:00"," ","8,30","","7,20","","93,00","","14,00","","5,00","","25,00","","93,52","","","","","","Généralement dégagé"
"1956-07-05 04:00","1956","07","05","04:00"," ","7,80","","7,20","","96,00","","18,00","","5,00","","25,00","","93,52","","","","","","Généralement dégagé"
"1956-07-05 05:00","1956","07","05","05:00"," ","8,30","","7,80","","96,00","","18,00","","6,00","","25,00","","93,52","","","","","","Généralement nuageux"
"1956-07-05 06:00","1956","07","05","06:00"," ","11,10","","9,40","","90,00","","18,00","","3,00","","25,00","","93,52","","","","","","Généralement nuageux"
"1956-07-05 07:00","1956","07","05","07:00"," ","13,90","","10,00","","77,00","","23,00","","10,00","","25,00","","93,50","","","","","","Généralement nuageux"
"1956-07-05 08:00","1956","07","05","08:00"," ","15,60","","10,00","","70,00","","23,00","","10,00","","25,00","","93,47","","","","","","Généralement nuageux"
"1956-07-05 09:00","1956","07","05","09:00"," ","17,80","","10,60","","63,00","","23,00","","13,00","","25,00","","93,47","","","","","","Généralement nuageux"
"1956-07-05 10:00","1956","07","05","10:00"," ","18,90","","10,60","","58,00","","23,00","","6,00","","25,00","","93,43","","","","","","Généralement nuageux"
"1956-07-05 11:00","1956","07","05","11:00"," ","20,00","","10,00","","53,00","","18,00","","8,00","","25,00","","93,40","","","","","","Généralement nuageux"
"1956-07-05 12:00","1956","07","05","12:00"," ","21,70","","8,90","","44,00","","18,00","","8,00","","25,00","","93,35","","","","","","Généralement nuageux"
"1956-07-05 13:00","1956","07","05","13:00"," ","22,20","","8,30","","41,00","","14,00","","6,00","","25,00","","93,31","","","","","","Généralement nuageux"
"1956-07-05 14:00","1956","07","05","14:00"," ","22,20","","8,30","","41,00","","23,00","","10,00","","25,00","","93,31","","","","","","Généralement nuageux"
"1956-07-05 15:00","1956","07","05","15:00"," ","17,80","","7,80","","52,00","","27,00","","32,00","","25,00","","93,29","","","","","","Généralement nuageux"
"1956-07-05 16:00","1956","07","05","16:00"," ","20,60","","7,20","","42,00","","36,00","","10,00","","25,00","","93,23","","","","","","Généralement nuageux"
"1956-07-05 17:00","1956","07","05","17:00"," ","20,60","","10,00","","51,00","","32,00","","6,00","","25,00","","93,20","","","","","","Généralement nuageux"
"1956-07-05 18:00","1956","07","05","18:00"," ","21,10","","8,30","","44,00","","32,00","","6,00","","25,00","","93,23","","","","","","Généralement nuageux"
"1956-07-05 19:00","1956","07","05","19:00"," ","15,60","","13,90","","90,00","","27,00","","32,00","","19,30","","93,22","","","","","","Averses de pluie"
"1956-07-05 20:00","1956","07","05","20:00"," ","14,40","","12,80","","90,00","","29,00","","13,00","","19,30","","93,24","","","","","","Pluie"
"1956-07-05 21:00","1956","07","05","21:00"," ","14,40","","12,80","","90,00","","29,00","","10,00","","24,10","","93,24","","","","","","Pluie"
"1956-07-05 22:00","1956","07","05","22:00"," ","13,30","","12,80","","96,00","","14,00","","10,00","","19,30","","93,29","","","","","","Pluie"
"1956-07-05 23:00","1956","07","05","23:00"," ","13,30","","12,80","","96,00","","23,00","","10,00","","19,30","","93,29","","","","","","Averses de pluie modérées"
"1956-07-06 00:00","1956","07","06","00:00"," ","12,80","","12,20","","96,00","","23,00","","13,00","","19,30","","93,29","","","","","","Pluie"
"1956-07-06 01:00","1956","07","06","01:00"," ","12,80","","12,20","","96,00","","23,00","","10,00","","25,00","","93,29","","","","","","Pluie"
"1956-07-06 02:00","1956","07","06","02:00"," ","12,80","","12,20","","96,00","","23,00","","10,00","","25,00","","93,29","","","","","","Nuageux"
"1956-07-06 03:00","1956","07","06","03:00"," ","12,80","","12,20","","96,00","","23,00","","8,00","","25,00","","93,27","","","","","","Nuageux"
"1956-07-06 04:00","1956","07","06","04:00"," ","12,20","","9,40","","83,00","","27,00","","8,00","","25,00","","93,27","","","","","","Généralement nuageux"
"1956-07-06 05:00","1956","07","06","05:00"," ","11,10","","10,60","","96,00","","23,00","","6,00","","25,00","","93,27","","","","","","Généralement nuageux"
"1956-07-06 06:00","1956","07","06","06:00"," ","11,70","","9,40","","86,00","","25,00","","19,00","","25,00","","93,29","","","","","","Généralement nuageux"
"1956-07-06 07:00","1956","07","06","07:00"," ","12,20","","8,90","","80,00","","27,00","","23,00","","25,00","","93,31","","","","","","Généralement nuageux"
"1956-07-06 08:00","1956","07","06","08:00"," ","13,30","","9,40","","77,00","","27,00","","23,00","","25,00","","93,33","","","","","","Généralement nuageux"
"1956-07-06 09:00","1956","07","06","09:00"," ","15,60","","10,60","","72,00","","27,00","","32,00","","25,00","","93,34","","","","","","Généralement nuageux"
"1956-07-06 10:00","1956","07","06","10:00"," ","17,20","","9,40","","60,00","","27,00","","32,00","","25,00","","93,35","","","","","","Généralement nuageux"
"1956-07-06 11:00","1956","07","06","11:00"," ","16,70","","8,30","","58,00","","27,00","","35,00","","25,00","","93,38","","","","","","Généralement nuageux"
"1956-07-06 12:00","1956","07","06","12:00"," ","16,10","","8,30","","60,00","","27,00","","35,00","","25,00","","93,43","","","","","","Généralement nuageux"
"1956-07-06 13:00","1956","07","06","13:00"," ","16,10","","8,30","","60,00","","27,00","","35,00","","25,00","","93,48","","","","","","Pluie"
"1956-07-06 14:00","1956","07","06","14:00"," ","15,60","","10,00","","70,00","","29,00","","26,00","","25,00","","93,54","","","","","","Pluie"
"1956-07-06 15:00","1956","07","06","15:00"," ","16,70","","9,40","","62,00","","27,00","","23,00","","25,00","","93,53","","","","","","Généralement nuageux"
"1956-07-06 16:00","1956","07","06","16:00"," ","16,70","","8,90","","60,00","","27,00","","16,00","","25,00","","93,49","","","","","","Généralement nuageux"
"1956-07-06 17:00","1956","07","06","17:00"," ","17,80","","9,40","","58,00","","32,00","","19,00","","25,00","","93,46","","","","","","Généralement nuageux"
"1956-07-06 18:00","1956","07","06","18:00"," ","18,30","","8,90","","54,00","","29,00","","19,00","","25,00","","93,49","","","","","","Généralement nuageux"
"1956-07-06 19:00","1956","07","06","19:00"," ","17,80","","8,30","","54,00","","27,00","","23,00","","25,00","","93,49","","","","","","Généralement nuageux"
"1956-07-06 20:00","1956","07","06","20:00"," ","17,80","","8,30","","54,00","","27,00","","29,00","","25,00","","93,55","","","","","","Généralement dégagé"
"1956-07-06 21:00","1956","07","06","21:00"," ","15,60","","7,20","","58,00","","27,00","","29,00","","25,00","","93,60","","","","","","Généralement dégagé"
"1956-07-06 22:00","1956","07","06","22:00"," ","14,40","","6,70","","60,00","","27,00","","26,00","","25,00","","93,64","","","","","","Généralement nuageux"
"1956-07-06 23:00","1956","07","06","23:00"," ","14,40","","6,70","","60,00","","27,00","","23,00","","25,00","","93,65","","","","","","Généralement nuageux"
"1956-07-07 00:00","1956","07","07","00:00"," ","13,90","","6,10","","59,00","","27,00","","29,00","","25,00","","93,71","","","","","","Généralement nuageux"
"1956-07-07 01:00","1956","07","07","01:00"," ","12,20","","6,10","","66,00","","27,00","","29,00","","25,00","","93,74","","","","","","Généralement dégagé"
"1956-07-07 02:00","1956","07","07","02:00"," ","11,70","","6,10","","69,00","","27,00","","29,00","","25,00","","93,76","","","","","","Généralement dégagé"
"1956-07-07 03:00","1956","07","07","03:00"," ","11,10","","6,10","","71,00","","27,00","","29,00","","25,00","","93,78","","","","","","Généralement dégagé"
"1956-07-07 04:00","1956","07","07","04:00"," ","11,70","","6,70","","71,00","","27,00","","32,00","","25,00","","93,82","","","","","","Généralement nuageux"
"1956-07-07 05:00","1956","07","07","05:00"," ","12,20","","6,10","","66,00","","27,00","","29,00","","25,00","","93,84","","","","","","Généralement nuageux"
"1956-07-07 06:00","1956","07","07","06:00"," ","12,80","","6,70","","66,00","","27,00","","32,00","","25,00","","93,89","","","","","","Généralement dégagé"
"1956-07-07 07:00","1956","07","07","07:00"," ","15,00","","6,70","","57,00","","27,00","","39,00","","25,00","","93,92","","","","","","Généralement dégagé"
"1956-07-07 08:00","1956","07","07","08:00"," ","16,70","","6,10","","50,00","","27,00","","35,00","","25,00","","93,97","","","","","","Généralement dégagé"
"1956-07-07 09:00","1956","07","07","09:00"," ","17,80","","6,70","","48,00","","27,00","","42,00","","25,00","","94,00","","","","","","Généralement dégagé"
"1956-07-07 10:00","1956","07","07","10:00"," ","18,90","","5,60","","42,00","","27,00","","39,00","","25,00","","94,01","","","","","","Généralement dégagé"
"1956-07-07 11:00","1956","07","07","11:00"," ","20,00","","5,60","","39,00","","29,00","","40,00","","25,00","","94,01","","","","","","Généralement dégagé"
"1956-07-07 12:00","1956","07","07","12:00"," ","21,10","","5,60","","36,00","","27,00","","35,00","","25,00","","94,04","","","","","","Généralement dégagé"
"1956-07-07 13:00","1956","07","07","13:00"," ","21,10","","5,60","","36,00","","27,00","","39,00","","25,00","","94,05","","","","","","Généralement dégagé"
"1956-07-07 14:00","1956","07","07","14:00"," ","21,70","","6,10","","36,00","","27,00","","35,00","","25,00","","94,08","","","","","","Généralement dégagé"
"1956-07-07 15:00","1956","07","07","15:00"," ","21,70","","4,40","","32,00","","27,00","","32,00","","25,00","","94,09","","","","","","Généralement dégagé"
"1956-07-07 16:00","1956","07","07","16:00"," ","22,20","","5,00","","33,00","","27,00","","32,00","","25,00","","94,09","","","","","","Généralement dégagé"
"1956-07-07 17:00","1956","07","07","17:00"," ","22,20","","10,00","","46,00","","29,00","","32,00","","25,00","","94,08","","","","","","Généralement dégagé"
"1956-07-07 18:00","1956","07","07","18:00"," ","21,70","","4,40","","32,00","","27,00","","32,00","","25,00","","94,10","","","","","","Généralement dégagé"
"1956-07-07 19:00","1956","07","07","19:00"," ","21,10","","5,00","","35,00","","27,00","","32,00","","25,00","","94,11","","","","","","Généralement dégagé"
"1956-07-07 20:00","1956","07","07","20:00"," ","20,00","","5,00","","37,00","","27,00","","24,00","","25,00","","94,21","","","","","","Généralement dégagé"
"1956-07-07 21:00","1956","07","07","21:00"," ","17,20","","5,60","","46,00","","27,00","","19,00","","25,00","","94,27","","","","","","Généralement dégagé"
"1956-07-07 22:00","1956","07","07","22:00"," ","15,60","","5,00","","49,00","","27,00","","16,00","","25,00","","94,31","","","","","","Dégagé"
"1956-07-07 23:00","1956","07","07","23:00"," ","14,40","","5,60","","55,00","","25,00","","13,00","","25,00","","94,26","","","","","","Dégagé"
"1956-07-08 00:00","1956","07","08","00:00"," ","11,70","","5,60","","66,00","","27,00","","13,00","","25,00","","94,31","","","","","","Dégagé"
"1956-07-08 01:00","1956","07","08","01:00"," ","10,60","","5,00","","68,00","","27,00","","19,00","","25,00","","94,31","","","","","","Dégagé"
"1956-07-08 02:00","1956","07","08","02:00"," ","10,00","","4,40","","68,00","","27,00","","19,00","","25,00","","94,33","","","","","","Généralement dégagé"
"1956-07-08 03:00","1956","07","08","03:00"," ","10,60","","4,40","","66,00","","25,00","","23,00","","25,00","","94,33","","","","","","Dégagé"
"1956-07-08 04:00","1956","07","08","04:00"," ","10,60","","4,40","","66,00","","25,00","","26,00","","25,00","","94,36","","","","","","Dégagé"
"1956-07-08 05:00","1956","07","08","05:00"," ","10,60","","3,90","","63,00","","27,00","","29,00","","25,00","","94,37","","","","","","Dégagé"
"1956-07-08 06:00","1956","07","08","06:00"," ","11,70","","4,40","","61,00","","29,00","","10,00","","25,00","","94,43","","","","","","Dégagé"
"1956-07-08 07:00","1956","07","08","07:00"," ","13,30","","5,60","","59,00","","27,00","","19,00","","25,00","","94,44","","","","","","Dégagé"
"1956-07-08 08:00","1956","07","08","08:00"," ","16,10","","6,10","","51,00","","27,00","","19,00","","25,00","","94,43","","","","","","Dégagé"
"1956-07-08 09:00","1956","07","08","09:00"," ","18,90","","8,30","","50,00","","25,00","","16,00","","25,00","","94,43","","","","","","Dégagé"
"1956-07-08 10:00","1956","07","08","10:00"," ","20,60","","5,60","","38,00","","25,00","","13,00","","25,00","","94,40","","","","","","Généralement dégagé"
"1956-07-08 11:00","1956","07","08","11:00"," ","21,10","","3,90","","32,00","","23,00","","19,00","","25,00","","94,34","","","","","","Généralement dégagé"
"1956-07-08 12:00","1956","07","08","12:00"," ","22,80","","7,20","","37,00","","29,00","","13,00","","25,00","","94,29","","","","","","Généralement dégagé"
"1956-07-08 13:00","1956","07","08","13:00"," ","24,40","","7,80","","34,00","","27,00","","13,00","","25,00","","94,22","","25,00","","","","Généralement dégagé"
"1956-07-08 14:00","1956","07","08","14:00"," ","25,00","","8,30","","35,00","","25,00","","19,00","","25,00","","94,17","","26,00","","","","Généralement dégagé"
"1956-07-08 15:00","1956","07","08","15:00"," ","25,00","","7,20","","32,00","","23,00","","10,00","","25,00","","94,13","","25,00","","","","Généralement dégagé"
"1956-07-08 16:00","1956","07","08","16:00"," ","25,00","","9,40","","37,00","","18,00","","16,00","","25,00","","94,09","","26,00","","","","Généralement dégagé"
"1956-07-08 17:00","1956","07","08","17:00"," ","25,00","","10,00","","39,00","","18,00","","13,00","","25,00","","94,06","","26,00","","","","Généralement dégagé"
"1956-07-08 18:00","1956","07","08","18:00"," ","23,30","","10,00","","43,00","","18,00","","16,00","","25,00","","94,01","","25,00","","","","Généralement nuageux"
"1956-07-08 19:00","1956","07","08","19:00"," ","22,80","","11,70","","50,00","","18,00","","16,00","","25,00","","94,00","","25,00","","","","Généralement nuageux"
"1956-07-08 20:00","1956","07","08","20:00"," ","20,60","","11,10","","55,00","","18,00","","16,00","","25,00","","93,99","","","","","","Généralement nuageux"
"1956-07-08 21:00","1956","07","08","21:00"," ","18,90","","11,70","","63,00","","18,00","","10,00","","25,00","","93,98","","","","","","Généralement dégagé"
"1956-07-08 22:00","1956","07","08","22:00"," ","17,20","","11,10","","67,00","","18,00","","8,00","","25,00","","94,00","","","","","","Généralement nuageux"
"1956-07-08 23:00","1956","07","08","23:00"," ","16,70","","10,00","","65,00","","18,00","","6,00","","25,00","","93,96","","","","","","Généralement nuageux"
"1956-07-09 00:00","1956","07","09","00:00"," ","15,00","","9,40","","69,00","","9,00","","10,00","","25,00","","93,98","","","","","","Généralement nuageux"
"1956-07-09 01:00","1956","07","09","01:00"," ","12,80","","8,90","","77,00","","5,00","","10,00","","25,00","","93,98","","","","","","Généralement dégagé"
"1956-07-09 02:00","1956","07","09","02:00"," ","12,20","","10,00","","86,00","","36,00","","6,00","","25,00","","93,96","","","","","","Généralement dégagé"
"1956-07-09 03:00","1956","07","09","03:00"," ","11,10","","8,90","","86,00","","36,00","","10,00","","25,00","","93,94","","","","","","Généralement dégagé"
"1956-07-09 04:00","1956","07","09","04:00"," ","11,10","","8,90","","86,00","","36,00","","10,00","","25,00","","93,92","","","","","","Généralement dégagé"
"1956-07-09 05:00","1956","07","09","05:00"," ","11,10","","9,40","","90,00","","36,00","","3,00","","25,00","","93,91","","","","","","Généralement nuageux"
"1956-07-09 06:00","1956","07","09","06:00"," ","12,20","","10,60","","90,00","","0,00","","0,00","","25,00","","93,90","","","","","","Généralement nuageux"
"1956-07-09 07:00","1956","07","09","07:00"," ","12,80","","10,60","","86,00","","25,00","","10,00","","25,00","","93,91","","","","","","Généralement nuageux"
"1956-07-09 08:00","1956","07","09","08:00"," ","16,70","","11,70","","72,00","","23,00","","8,00","","25,00","","93,90","","","","","","Généralement nuageux"
"1956-07-09 09:00","1956","07","09","09:00"," ","16,70","","12,20","","75,00","","23,00","","6,00","","25,00","","93,89","","","","","","Généralement nuageux"
"1956-07-09 10:00","1956","07","09","10:00"," ","20,60","","10,00","","51,00","","0,00","","0,00","","25,00","","93,85","","","","","","Généralement nuageux"
"1956-07-09 11:00","1956","07","09","11:00"," ","22,20","","11,10","","49,00","","36,00","","3,00","","25,00","","93,81","","","","","","Généralement nuageux"
"1956-07-09 12:00","1956","07","09","12:00"," ","23,90","","11,10","","45,00","","2,00","","11,00","","25,00","","93,74","","26,00","","","","Généralement nuageux"
"1956-07-09 13:00","1956","07","09","13:00"," ","25,60","","10,60","","39,00","","5,00","","8,00","","25,00","","93,72","","27,00","","","","Généralement nuageux"
"1956-07-09 14:00","1956","07","09","14:00"," ","26,70","","9,40","","34,00","","5,00","","10,00","","25,00","","93,70","","28,00","","","","Généralement dégagé"
"1956-07-09 15:00","1956","07","09","15:00"," ","27,20","","8,90","","32,00","","5,00","","8,00","","25,00","","93,66","","28,00","","","","Généralement dégagé"
"1956-07-09 16:00","1956","07","09","16:00"," ","27,20","","12,20","","40,00","","36,00","","16,00","","25,00","","93,65","","30,00","","","","Généralement dégagé"
"1956-07-09 17:00","1956","07","09","17:00"," ","27,80","","11,10","","36,00","","36,00","","10,00","","25,00","","93,63","","30,00","","","","Généralement dégagé"
"1956-07-09 18:00","1956","07","09","18:00"," ","26,10","","12,20","","42,00","","9,00","","6,00","","25,00","","93,66","","28,00","","","","Généralement nuageux"
"1956-07-09 19:00","1956","07","09","19:00"," ","25,00","","11,70","","43,00","","9,00","","6,00","","25,00","","93,70","","27,00","","","","Généralement nuageux"
"1956-07-09 20:00","1956","07","09","20:00"," ","21,70","","13,90","","61,00","","23,00","","6,00","","25,00","","93,68","","25,00","","","","Généralement nuageux"
"1956-07-09 21:00","1956","07","09","21:00"," ","20,60","","12,20","","59,00","","32,00","","3,00","","25,00","","93,69","","","","","","Généralement nuageux"
"1956-07-09 22:00","1956","07","09","22:00"," ","20,60","","11,10","","55,00","","32,00","","3,00","","25,00","","93,71","","","","","","Généralement dégagé"
"1956-07-09 23:00","1956","07","09","23:00"," ","18,30","","11,10","","63,00","","23,00","","3,00","","25,00","","93,73","","","","","","Généralement dégagé"
"1956-07-10 00:00","1956","07","10","00:00"," ","15,00","","11,70","","81,00","","27,00","","3,00","","25,00","","93,79","","","","","","Généralement dégagé"
"1956-07-10 01:00","1956","07","10","01:00"," ","13,90","","11,10","","83,00","","32,00","","6,00","","25,00","","93,81","","","","","","Généralement dégagé"
"1956-07-10 02:00","1956","07","10","02:00"," ","12,80","","10,00","","83,00","","32,00","","6,00","","25,00","","93,81","","","","","","Généralement dégagé"
"1956-07-10 03:00","1956","07","10","03:00"," ","12,20","","10,00","","86,00","","32,00","","10,00","","25,00","","93,86","","","","","","Généralement dégagé"
"1956-07-10 04:00","1956","07","10","04:00"," ","10,60","","9,40","","93,00","","32,00","","3,00","","25,00","","93,90","","","","","","Généralement dégagé"
"1956-07-10 05:00","1956","07","10","05:00"," ","10,60","","9,40","","93,00","","36,00","","3,00","","25,00","","93,93","","","","","","Généralement dégagé"
"1956-07-10 06:00","1956","07","10","06:00"," ","12,80","","9,40","","80,00","","32,00","","6,00","","25,00","","93,97","","","","","","Généralement dégagé"
"1956-07-10 07:00","1956","07","10","07:00"," ","16,10","","10,60","","70,00","","5,00","","3,00","","25,00","","94,00","","","","","","Généralement dégagé"
"1956-07-10 08:00","1956","07","10","08:00"," ","18,90","","12,80","","68,00","","14,00","","5,00","","24,10","","94,02","","","","","","Généralement dégagé"
"1956-07-10 09:00","1956","07","10","09:00"," ","20,00","","13,90","","68,00","","11,00","","10,00","","24,10","","94,06","","","","","","Généralement dégagé"
"1956-07-10 10:00","1956","07","10","10:00"," ","22,80","","14,40","","59,00","","14,00","","11,00","","24,10","","94,03","","26,00","","","","Généralement dégagé"
"1956-07-10 11:00","1956","07","10","11:00"," ","23,30","","13,30","","54,00","","14,00","","16,00","","24,10","","94,02","","26,00","","","","Généralement dégagé"
"1956-07-10 12:00","1956","07","10","12:00"," ","25,60","","12,20","","44,00","","14,00","","16,00","","24,10","","93,99","","28,00","","","","Généralement dégagé"
"1956-07-10 13:00","1956","07","10","13:00"," ","26,70","","12,80","","42,00","","14,00","","19,00","","24,10","","93,95","","29,00","","","","Généralement dégagé"
"1956-07-10 14:00","1956","07","10","14:00"," ","27,20","","10,60","","35,00","","14,00","","19,00","","24,10","","93,91","","29,00","","","","Généralement nuageux"
"1956-07-10 15:00","1956","07","10","15:00"," ","26,70","","10,60","","37,00","","14,00","","16,00","","24,10","","93,91","","28,00","","","","Généralement nuageux"
"1956-07-10 16:00","1956","07","10","16:00"," ","26,10","","12,20","","42,00","","14,00","","16,00","","25,00","","93,88","","28,00","","","","Généralement nuageux"
"1956-07-10 17:00","1956","07","10","17:00"," ","26,10","","12,20","","42,00","","9,00","","16,00","","25,00","","93,88","","28,00","","","","Généralement nuageux"
"1956-07-10 18:00","1956","07","10","18:00"," ","25,00","","13,30","","48,00","","9,00","","10,00","","25,00","","93,88","","28,00","","","","Généralement nuageux"
"1956-07-10 19:00","1956","07","10","19:00"," ","23,90","","16,10","","62,00","","9,00","","16,00","","25,00","","93,88","","29,00","","","","Généralement nuageux"
"1956-07-10 20:00","1956","07","10","20:00"," ","22,20","","15,00","","64,00","","5,00","","13,00","","25,00","","93,89","","26,00","","","","Généralement nuageux"
"1956-07-10 21:00","1956","07","10","21:00"," ","20,60","","15,00","","71,00","","9,00","","13,00","","25,00","","93,89","","25,00","","","","Généralement nuageux"
"1956-07-10 22:00","1956","07","10","22:00"," ","19,40","","14,40","","73,00","","14,00","","13,00","","25,00","","93,85","","","","","","Généralement nuageux"
"1956-07-10 23:00","1956","07","10","23:00"," ","18,90","","13,90","","73,00","","5,00","","13,00","","25,00","","93,84","","","","","","Généralement nuageux"
"1956-07-11 00:00","1956","07","11","00:00"," ","18,30","","14,40","","78,00","","36,00","","6,00","","25,00","","93,89","","","","","","Généralement nuageux"
"1956-07-11 01:00","1956","07","11","01:00"," ","17,80","","13,90","","78,00","","9,00","","10,00","","25,00","","93,82","","","","","","Généralement nuageux"
"1956-07-11 02:00","1956","07","11","02:00"," ","17,20","","13,30","","78,00","","5,00","","6,00","","25,00","","93,80","","","","","","Généralement nuageux"
"1956-07-11 03:00","1956","07","11","03:00"," ","16,70","","12,20","","75,00","","36,00","","10,00","","25,00","","93,88","","","","","","Généralement nuageux"
"1956-07-11 04:00","1956","07","11","04:00"," ","15,00","","10,60","","75,00","","36,00","","6,00","","25,00","","93,90","","","","","","Généralement dégagé"
"1956-07-11 05:00","1956","07","11","05:00"," ","15,00","","10,00","","72,00","","9,00","","16,00","","25,00","","93,93","","","","","","Généralement dégagé"
"1956-07-11 06:00","1956","07","11","06:00"," ","15,60","","11,10","","75,00","","23,00","","3,00","","25,00","","93,95","","","","","","Généralement dégagé"
"1956-07-11 07:00","1956","07","11","07:00"," ","17,20","","11,10","","67,00","","0,00","","0,00","","25,00","","93,95","","","","","","Généralement dégagé"
"1956-07-11 08:00","1956","07","11","08:00"," ","18,30","","11,10","","63,00","","23,00","","3,00","","25,00","","93,94","","","","","","Généralement nuageux"
"1956-07-11 09:00","1956","07","11","09:00"," ","20,00","","13,30","","66,00","","32,00","","6,00","","25,00","","93,91","","","","","","Généralement nuageux"
"1956-07-11 10:00","1956","07","11","10:00"," ","21,10","","12,20","","57,00","","36,00","","6,00","","25,00","","93,89","","","","","","Généralement nuageux"
"1956-07-11 11:00","1956","07","11","11:00"," ","21,70","","12,80","","57,00","","32,00","","5,00","","25,00","","93,88","","","","","","Généralement nuageux"
"1956-07-11 12:00","1956","07","11","12:00"," ","24,40","","12,20","","47,00","","34,00","","16,00","","25,00","","93,83","","27,00","","","","Généralement nuageux"
"1956-07-11 13:00","1956","07","11","13:00"," ","25,00","","12,20","","45,00","","32,00","","13,00","","25,00","","93,80","","27,00","","","","Généralement nuageux"
"1956-07-11 14:00","1956","07","11","14:00"," ","25,60","","10,60","","39,00","","32,00","","13,00","","25,00","","93,76","","27,00","","","","Généralement nuageux"
"1956-07-11 15:00","1956","07","11","15:00"," ","26,10","","8,90","","34,00","","29,00","","13,00","","25,00","","93,72","","27,00","","","","Généralement nuageux"
"1956-07-11 16:00","1956","07","11","16:00"," ","26,10","","6,10","","28,00","","32,00","","8,00","","25,00","","93,68","","26,00","","","","Généralement nuageux"
"1956-07-11 17:00","1956","07","11","17:00"," ","26,10","","8,90","","34,00","","36,00","","6,00","","25,00","","93,62","","27,00","","","","Généralement nuageux"
"1956-07-11 18:00","1956","07","11","18:00"," ","26,10","","8,90","","34,00","","14,00","","6,00","","25,00","","93,55","","27,00","","","","Généralement nuageux"
"1956-07-11 19:00","1956","07","11","19:00"," ","25,60","","9,40","","36,00","","14,00","","10,00","","25,00","","93,48","","27,00","","","","Généralement dégagé"
"1956-07-11 20:00","1956","07","11","20:00"," ","23,90","","12,20","","48,00","","14,00","","8,00","","25,00","","93,45","","26,00","","","","Généralement dégagé"
"1956-07-11 21:00","1956","07","11","21:00"," ","20,00","","13,30","","66,00","","18,00","","13,00","","25,00","","93,45","","","","","","Généralement dégagé"
"1956-07-11 22:00","1956","07","11","22:00"," ","18,90","","9,40","","54,00","","23,00","","13,00","","25,00","","93,40","","","","","","Généralement dégagé"
"1956-07-11 23:00","1956","07","11","23:00"," ","16,70","","8,90","","60,00","","23,00","","16,00","","25,00","","93,36","","","","","","Généralement dégagé"
"1956-07-12 00:00","1956","07","12","00:00"," ","17,20","","7,80","","54,00","","25,00","","13,00","","25,00","","93,30","","","","","","Généralement dégagé"
"1956-07-12 01:00","1956","07","12","01:00"," ","13,90","","7,80","","67,00","","18,00","","13,00","","25,00","","93,17","","","","","","Généralement dégagé"
"1956-07-12 02:00","1956","07","12","02:00"," ","12,80","","7,80","","72,00","","14,00","","13,00","","25,00","","93,10","","","","","","Généralement dégagé"
"1956-07-12 03:00","1956","07","12","03:00"," ","13,30","","7,80","","69,00","","23,00","","13,00","","25,00","","93,03","","","","","","Généralement dégagé"
"1956-07-12 04:00","1956","07","12","04:00"," ","13,90","","7,20","","64,00","","23,00","","16,00","","25,00","","93,02","","","","","","Généralement nuageux"
"1956-07-12 05:00","1956","07","12","05:00"," ","15,60","","6,70","","55,00","","25,00","","19,00","","25,00","","93,01","","","","","","Généralement nuageux"
"1956-07-12 06:00","1956","07","12","06:00"," ","12,20","","7,80","","74,00","","32,00","","42,00","","25,00","","93,21","","","","","","Généralement nuageux"
"1956-07-12 07:00","1956","07","12","07:00"," ","11,70","","7,80","","77,00","","32,00","","42,00","","25,00","","93,29","","","","","","Généralement nuageux"
"1956-07-12 08:00","1956","07","12","08:00"," ","10,60","","7,20","","80,00","","32,00","","35,00","","25,00","","93,42","","","","","","Généralement nuageux"
"1956-07-12 09:00","1956","07","12","09:00"," ","13,30","","6,70","","64,00","","32,00","","35,00","","25,00","","93,44","","","","","","Généralement dégagé"
"1956-07-12 10:00","1956","07","12","10:00"," ","12,80","","6,70","","66,00","","34,00","","24,00","","25,00","","93,53","","","","","","Généralement dégagé"
"1956-07-12 11:00","1956","07","12","11:00"," ","13,90","","6,10","","59,00","","34,00","","24,00","","25,00","","93,52","","","","","","Généralement dégagé"
"1956-07-12 12:00","1956","07","12","12:00"," ","15,00","","5,00","","51,00","","34,00","","24,00","","25,00","","93,49","","","","","","Généralement dégagé"
"1956-07-12 13:00","1956","07","12","13:00"," ","15,60","","5,00","","49,00","","36,00","","16,00","","25,00","","93,46","","","","","","Généralement nuageux"
"1956-07-12 14:00","1956","07","12","14:00"," ","16,70","","5,60","","48,00","","34,00","","13,00","","25,00","","93,41","","","","","","Généralement dégagé"
"1956-07-12 15:00","1956","07","12","15:00"," ","18,90","","5,60","","42,00","","34,00","","16,00","","25,00","","93,33","","","","","","Généralement dégagé"
"1956-07-12 16:00","1956","07","12","16:00"," ","18,90","","5,60","","42,00","","23,00","","13,00","","25,00","","93,26","","","","","","Généralement dégagé"
"1956-07-12 17:00","1956","07","12","17:00"," ","19,40","","5,60","","40,00","","23,00","","19,00","","25,00","","93,21","","","","","","Généralement dégagé"
"1956-07-12 18:00","1956","07","12","18:00"," ","20,00","","5,60","","39,00","","23,00","","16,00","","25,00","","93,13","","","","","","Généralement dégagé"
"1956-07-12 19:00","1956","07","12","19:00"," ","18,30","","5,00","","41,00","","23,00","","16,00","","25,00","","93,11","","","","","","Généralement nuageux"
"1956-07-12 20:00","1956","07","12","20:00"," ","17,20","","7,80","","54,00","","18,00","","13,00","","25,00","","93,11","","","","","","Généralement nuageux"
"1956-07-12 21:00","1956","07","12","21:00"," ","15,60","","7,80","","60,00","","23,00","","13,00","","25,00","","93,11","","","","","","Généralement dégagé"
"1956-07-12 22:00","1956","07","12","22:00"," ","15,00","","5,60","","53,00","","23,00","","10,00","","25,00","","93,14","","","","","","Généralement nuageux"
"1956-07-12 23:00","1956","07","12","23:00"," ","15,00","","5,60","","53,00","","5,00","","3,00","","25,00","","93,14","","","","","","Généralement nuageux"
"1956-07-13 00:00","1956","07","13","00:00"," ","14,40","","6,70","","60,00","","32,00","","13,00","","25,00","","93,10","","","","","","Généralement nuageux"
"1956-07-13 01:00","1956","07","13","01:00"," ","13,90","","7,20","","64,00","","32,00","","19,00","","25,00","","93,12","","","","","","Généralement nuageux"
"1956-07-13 02:00","1956","07","13","02:00"," ","12,80","","6,70","","66,00","","36,00","","8,00","","25,00","","93,16","","","","","","Pluie"
"1956-07-13 03:00","1956","07","13","03:00"," ","12,80","","7,80","","72,00","","32,00","","13,00","","24,10","","93,18","","","","","","Pluie"
"1956-07-13 04:00","1956","07","13","04:00"," ","11,70","","9,40","","86,00","","27,00","","10,00","","16,10","","93,26","","","","","","Pluie"
"1956-07-13 05:00","1956","07","13","05:00"," ","11,10","","9,40","","90,00","","27,00","","16,00","","16,10","","93,27","","","","","","Pluie"
"1956-07-13 06:00","1956","07","13","06:00"," ","11,10","","9,40","","90,00","","25,00","","19,00","","25,00","","93,24","","","","","","Généralement nuageux"
"1956-07-13 07:00","1956","07","13","07:00"," ","10,60","","8,30","","86,00","","32,00","","23,00","","25,00","","93,26","","","","","","Généralement nuageux"
"1956-07-13 08:00","1956","07","13","08:00"," ","11,10","","7,80","","80,00","","27,00","","29,00","","25,00","","93,29","","","","","","Généralement nuageux"
"1956-07-13 09:00","1956","07","13","09:00"," ","11,70","","7,20","","74,00","","27,00","","19,00","","25,00","","93,31","","","","","","Généralement nuageux"
"1956-07-13 10:00","1956","07","13","10:00"," ","12,80","","6,10","","64,00","","27,00","","24,00","","25,00","","93,33","","","","","","Nuageux"
"1956-07-13 11:00","1956","07","13","11:00"," ","13,30","","7,20","","66,00","","27,00","","24,00","","25,00","","93,34","","","","","","Pluie"
"1956-07-13 12:00","1956","07","13","12:00"," ","12,80","","6,70","","66,00","","27,00","","24,00","","25,00","","93,40","","","","","","Généralement nuageux"
"1956-07-13 13:00","1956","07","13","13:00"," ","13,90","","7,20","","64,00","","27,00","","19,00","","25,00","","93,39","","","","","","Généralement nuageux"
"1956-07-13 14:00","1956","07","13","14:00"," ","13,90","","7,80","","67,00","","27,00","","19,00","","25,00","","93,40","","","","","","Généralement nuageux"
"1956-07-13 15:00","1956","07","13","15:00"," ","16,10","","7,20","","54,00","","27,00","","24,00","","25,00","","93,38","","","","","","Généralement nuageux"
"1956-07-13 16:00","1956","07","13","16:00"," ","14,40","","10,60","","78,00","","27,00","","23,00","","25,00","","93,41","","","","","","Averses de pluie"
"1956-07-13 17:00","1956","07","13","17:00"," ","15,00","","8,30","","64,00","","27,00","","29,00","","25,00","","93,43","","","","","","Généralement nuageux"
"1956-07-13 18:00","1956","07","13","18:00"," ","14,40","","8,30","","67,00","","32,00","","26,00","","25,00","","93,43","","","","","","Généralement nuageux"
"1956-07-13 19:00","1956","07","13","19:00"," ","14,40","","8,90","","69,00","","32,00","","26,00","","25,00","","93,45","","","","","","Généralement nuageux"
"1956-07-13 20:00","1956","07","13","20:00"," ","13,30","","8,30","","72,00","","32,00","","29,00","","25,00","","93,49","","","","","","Généralement nuageux"
"1956-07-13 21:00","1956","07","13","21:00"," ","11,70","","8,30","","80,00","","27,00","","23,00","","25,00","","93,52","","","","","","Généralement dégagé"
"1956-07-13 22:00","1956","07","13","22:00"," ","11,10","","8,30","","83,00","","27,00","","24,00","","25,00","","93,55","","","","","","Généralement nuageux"
"1956-07-13 23:00","1956","07","13","23:00"," ","11,10","","8,30","","83,00","","27,00","","24,00","","25,00","","93,56","","","","","","Généralement nuageux"
"1956-07-14 00:00","1956","07","14","00:00"," ","10,00","","8,30","","89,00","","27,00","","23,00","","25,00","","93,59","","","","","","Généralement nuageux"
"1956-07-14 01:00","1956","07","14","01:00"," ","9,40","","7,80","","89,00","","27,00","","19,00","","25,00","","93,60","","","","","","Généralement dégagé"
"1956-07-14 02:00","1956","07","14","02:00"," ","9,40","","7,80","","89,00","","29,00","","19,00","","25,00","","93,61","","","","","","Généralement dégagé"
"1956-07-14 03:00","1956","07","14","03:00"," ","9,40","","7,80","","89,00","","29,00","","16,00","","25,00","","93,61","","","","","","Généralement nuageux"
"1956-07-14 04:00","1956","07","14","04:00"," ","10,00","","8,30","","89,00","","27,00","","16,00","","25,00","","93,60","","","","","","Généralement nuageux"
"1956-07-14 05:00","1956","07","14","05:00"," ","10,00","","8,30","","89,00","","27,00","","19,00","","25,00","","93,60","","","","","","Généralement nuageux"
"1956-07-14 06:00","1956","07","14","06:00"," ","11,10","","8,30","","83,00","","27,00","","13,00","","25,00","","93,64","","","","","","Généralement nuageux"
"1956-07-14 07:00","1956","07","14","07:00"," ","10,60","","8,30","","86,00","","23,00","","13,00","","25,00","","93,68","","","","","","Généralement nuageux"
"1956-07-14 08:00","1956","07","14","08:00"," ","13,30","","9,40","","77,00","","32,00","","19,00","","25,00","","93,67","","","","","","Généralement nuageux"
"1956-07-14 09:00","1956","07","14","09:00"," ","13,90","","10,00","","77,00","","32,00","","19,00","","25,00","","93,68","","","","","","Généralement nuageux"
"1956-07-14 10:00","1956","07","14","10:00"," ","15,00","","10,00","","72,00","","32,00","","19,00","","25,00","","93,67","","","","","","Généralement nuageux"
"1956-07-14 11:00","1956","07","14","11:00"," ","16,10","","8,90","","62,00","","32,00","","23,00","","25,00","","93,67","","","","","","Généralement nuageux"
"1956-07-14 12:00","1956","07","14","12:00"," ","18,30","","8,90","","54,00","","32,00","","24,00","","25,00","","93,63","","","","","","Généralement nuageux"
"1956-07-14 13:00","1956","07","14","13:00"," ","19,40","","8,90","","50,00","","27,00","","29,00","","25,00","","93,62","","","","","","Généralement nuageux"
"1956-07-14 14:00","1956","07","14","14:00"," ","18,90","","9,40","","54,00","","32,00","","32,00","","25,00","","93,62","","","","","","Généralement nuageux"
"1956-07-14 15:00","1956","07","14","15:00"," ","17,80","","11,70","","68,00","","29,00","","29,00","","25,00","","93,67","","","","","","Averses de pluie"
"1956-07-14 16:00","1956","07","14","16:00"," ","18,30","","11,70","","65,00","","32,00","","29,00","","25,00","","93,64","","","","","","Généralement nuageux"
"1956-07-14 17:00","1956","07","14","17:00"," ","16,10","","13,30","","84,00","","27,00","","32,00","","25,00","","93,67","","","","","","Généralement nuageux"
"1956-07-14 18:00","1956","07","14","18:00"," ","16,10","","13,30","","84,00","","29,00","","29,00","","25,00","","93,67","","","","","","Généralement nuageux"
"1956-07-14 19:00","1956","07","14","19:00"," ","16,10","","13,30","","84,00","","29,00","","26,00","","25,00","","93,70","","","","","","Généralement nuageux"
"1956-07-14 20:00","1956","07","14","20:00"," ","15,00","","11,70","","81,00","","32,00","","32,00","","25,00","","93,71","","","","","","Généralement nuageux"
"1956-07-14 21:00","1956","07","14","21:00"," ","14,40","","11,70","","84,00","","32,00","","19,00","","25,00","","93,81","","","","","","Généralement nuageux"
"1956-07-14 22:00","1956","07","14","22:00"," ","13,30","","11,10","","86,00","","32,00","","19,00","","25,00","","93,86","","","","","","Généralement nuageux"
"1956-07-14 23:00","1956","07","14","23:00"," ","12,80","","11,10","","90,00","","29,00","","16,00","","25,00","","93,88","","","","","","Généralement dégagé"
"1956-07-15 00:00","1956","07","15","00:00"," ","12,80","","10,60","","86,00","","27,00","","19,00","","25,00","","93,92","","","","","","Généralement nuageux"
"1956-07-15 01:00","1956","07","15","01:00"," ","12,80","","10,00","","83,00","","27,00","","16,00","","25,00","","93,93","","","","","","Généralement nuageux"
"1956-07-15 02:00","1956","07","15","02:00"," ","12,80","","10,60","","86,00","","29,00","","23,00","","25,00","","93,94","","","","","","Généralement nuageux"
"1956-07-15 03:00","1956","07","15","03:00"," ","13,30","","10,60","","83,00","","32,00","","26,00","","25,00","","93,99","","","","","","Nuageux"
"1956-07-15 04:00","1956","07","15","04:00"," ","13,30","","10,60","","83,00","","32,00","","23,00","","25,00","","94,00","","","","","","Généralement nuageux"
"1956-07-15 05:00","1956","07","15","05:00"," ","12,80","","10,60","","86,00","","32,00","","19,00","","25,00","","94,00","","","","","","Généralement nuageux"
"1956-07-15 06:00","1956","07","15","06:00"," ","13,30","","10,60","","83,00","","27,00","","24,00","","25,00","","94,01","","","","","","Nuageux"
"1956-07-15 07:00","1956","07","15","07:00"," ","13,90","","11,10","","83,00","","32,00","","32,00","","25,00","","94,04","","","","","","Généralement nuageux"
"1956-07-15 08:00","1956","07","15","08:00"," ","13,90","","12,20","","90,00","","32,00","","24,00","","25,00","","94,06","","","","","","Généralement nuageux"
"1956-07-15 09:00","1956","07","15","09:00"," ","15,60","","12,20","","81,00","","32,00","","26,00","","25,00","","94,06","","","","","","Généralement nuageux"
"1956-07-15 10:00","1956","07","15","10:00"," ","17,20","","12,20","","72,00","","32,00","","29,00","","25,00","","94,07","","","","","","Généralement nuageux"
"1956-07-15 11:00","1956","07","15","11:00"," ","18,30","","11,70","","65,00","","32,00","","29,00","","25,00","","94,07","","","","","","Généralement nuageux"
"1956-07-15 12:00","1956","07","15","12:00"," ","18,90","","10,60","","58,00","","32,00","","24,00","","25,00","","94,07","","","","","","Généralement nuageux"
"1956-07-15 13:00","1956","07","15","13:00"," ","19,40","","10,60","","56,00","","32,00","","24,00","","25,00","","94,04","","","","","","Généralement nuageux"
"1956-07-15 14:00","1956","07","15","14:00"," ","21,10","","8,90","","46,00","","32,00","","19,00","","25,00","","94,01","","","","","","Généralement dégagé"
"1956-07-15 15:00","1956","07","15","15:00"," ","22,20","","9,40","","44,00","","32,00","","29,00","","25,00","","93,99","","","","","","Généralement nuageux"
"1956-07-15 16:00","1956","07","15","16:00"," ","21,70","","9,40","","46,00","","32,00","","24,00","","25,00","","94,01","","","","","","Généralement nuageux"
"1956-07-15 17:00","1956","07","15","17:00"," ","20,00","","10,60","","55,00","","36,00","","24,00","","25,00","","94,01","","","","","","Généralement nuageux"
"1956-07-15 18:00","1956","07","15","18:00"," ","18,90","","8,90","","52,00","","32,00","","29,00","","25,00","","94,03","","","","","","Généralement nuageux"
"1956-07-15 19:00","1956","07","15","19:00"," ","18,30","","10,60","","61,00","","32,00","","19,00","","25,00","","94,07","","","","","","Généralement nuageux"
"1956-07-15 20:00","1956","07","15","20:00"," ","16,10","","11,70","","75,00","","32,00","","13,00","","25,00","","94,09","","","","","","Généralement nuageux"
"1956-07-15 21:00","1956","07","15","21:00"," ","16,10","","10,60","","70,00","","32,00","","16,00","","25,00","","94,09","","","","","","Généralement nuageux"
"1956-07-15 22:00","1956","07","15","22:00"," ","14,40","","11,10","","81,00","","32,00","","13,00","","25,00","","94,08","","","","","","Généralement nuageux"
"1956-07-15 23:00","1956","07","15","23:00"," ","13,30","","9,40","","77,00","","27,00","","16,00","","25,00","","94,11","","","","","","Généralement dégagé"
"1956-07-16 00:00","1956","07","16","00:00"," ","13,30","","9,40","","77,00","","27,00","","13,00","","25,00","","94,15","","","","","","Généralement nuageux"
"1956-07-16 01:00","1956","07","16","01:00"," ","12,20","","9,40","","83,00","","27,00","","6,00","","25,00","","94,15","","","","","","Généralement nuageux"
"1956-07-16 02:00","1956","07","16","02:00"," ","11,10","","8,90","","86,00","","32,00","","8,00","","25,00","","94,18","","","","","","Généralement dégagé"
"1956-07-16 03:00","1956","07","16","03:00"," ","9,40","","7,80","","89,00","","36,00","","13,00","","25,00","","94,19","","","","","","Généralement dégagé"
"1956-07-16 04:00","1956","07","16","04:00"," ","8,90","","7,80","","93,00","","27,00","","5,00","","25,00","","94,21","","","","","","Généralement dégagé"
"1956-07-16 05:00","1956","07","16","05:00"," ","9,40","","8,30","","93,00","","0,00","","0,00","","25,00","","94,22","","","","","","Généralement dégagé"
"1956-07-16 06:00","1956","07","16","06:00"," ","10,00","","8,90","","93,00","","23,00","","5,00","","25,00","","94,23","","","","","","Généralement dégagé"
"1956-07-16 07:00","1956","07","16","07:00"," ","13,90","","10,60","","80,00","","27,00","","16,00","","25,00","","94,21","","","","","","Généralement dégagé"
"1956-07-16 08:00","1956","07","16","08:00"," ","15,60","","10,00","","70,00","","23,00","","13,00","","25,00","","94,21","","","","","","Généralement dégagé"
"1956-07-16 09:00","1956","07","16","09:00"," ","17,80","","11,70","","68,00","","23,00","","13,00","","25,00","","94,19","","","","","","Généralement dégagé"
"1956-07-16 10:00","1956","07","16","10:00"," ","20,00","","12,20","","61,00","","23,00","","8,00","","25,00","","94,19","","","","","","Généralement dégagé"
"1956-07-16 11:00","1956","07","16","11:00"," ","22,20","","12,20","","53,00","","23,00","","8,00","","25,00","","94,17","","25,00","","","","Généralement dégagé"
"1956-07-16 12:00","1956","07","16","12:00"," ","23,90","","10,00","","42,00","","27,00","","8,00","","25,00","","94,14","","25,00","","","","Généralement dégagé"
"1956-07-16 13:00","1956","07","16","13:00"," ","24,40","","10,60","","42,00","","27,00","","19,00","","25,00","","94,10","","26,00","","","","Généralement dégagé"
"1956-07-16 14:00","1956","07","16","14:00"," ","26,10","","10,00","","36,00","","32,00","","23,00","","25,00","","94,05","","27,00","","","","Généralement dégagé"
"1956-07-16 15:00","1956","07","16","15:00"," ","26,10","","8,90","","34,00","","32,00","","19,00","","25,00","","94,07","","27,00","","","","Généralement dégagé"
"1956-07-16 16:00","1956","07","16","16:00"," ","26,10","","8,30","","32,00","","32,00","","16,00","","25,00","","94,11","","27,00","","","","Généralement dégagé"
"1956-07-16 17:00","1956","07","16","17:00"," ","26,10","","6,70","","29,00","","32,00","","23,00","","25,00","","94,11","","26,00","","","","Généralement dégagé"
"1956-07-16 18:00","1956","07","16","18:00"," ","25,60","","7,20","","31,00","","36,00","","23,00","","25,00","","94,11","","26,00","","","","Généralement dégagé"
"1956-07-16 19:00","1956","07","16","19:00"," ","24,40","","9,40","","39,00","","36,00","","13,00","","25,00","","94,13","","25,00","","","","Généralement nuageux"
"1956-07-16 20:00","1956","07","16","20:00"," ","22,20","","11,10","","49,00","","27,00","","19,00","","25,00","","94,16","","","","","","Généralement nuageux"
"1956-07-16 21:00","1956","07","16","21:00"," ","19,40","","12,20","","63,00","","27,00","","23,00","","25,00","","94,18","","","","","","Généralement nuageux"
"1956-07-16 22:00","1956","07","16","22:00"," ","17,80","","12,80","","73,00","","27,00","","10,00","","25,00","","94,20","","","","","","Généralement dégagé"
"1956-07-16 23:00","1956","07","16","23:00"," ","16,70","","12,80","","78,00","","27,00","","16,00","","25,00","","94,23","","","","","","Généralement dégagé"
"1956-07-17 00:00","1956","07","17","00:00"," ","16,10","","12,20","","78,00","","27,00","","10,00","","25,00","","94,26","","","","","","Généralement dégagé"
"1956-07-17 01:00","1956","07","17","01:00"," ","15,00","","11,70","","81,00","","27,00","","6,00","","25,00","","94,26","","","","","","Généralement dégagé"
"1956-07-17 02:00","1956","07","17","02:00"," ","14,40","","11,10","","81,00","","27,00","","10,00","","25,00","","94,27","","","","","","Généralement dégagé"
"1956-07-17 03:00","1956","07","17","03:00"," ","13,30","","10,00","","80,00","","27,00","","10,00","","25,00","","94,29","","","","","","Généralement dégagé"
"1956-07-17 04:00","1956","07","17","04:00"," ","13,30","","10,00","","80,00","","27,00","","13,00","","25,00","","94,31","","","","","","Généralement dégagé"
"1956-07-17 05:00","1956","07","17","05:00"," ","12,80","","9,40","","80,00","","27,00","","10,00","","25,00","","94,33","","","","","","Généralement dégagé"
"1956-07-17 06:00","1956","07","17","06:00"," ","14,40","","10,00","","75,00","","29,00","","10,00","","25,00","","94,35","","","","","","Généralement dégagé"
"1956-07-17 07:00","1956","07","17","07:00"," ","16,70","","11,10","","70,00","","27,00","","10,00","","25,00","","94,36","","","","","","Généralement dégagé"
"1956-07-17 08:00","1956","07","17","08:00"," ","18,90","","11,70","","63,00","","27,00","","10,00","","25,00","","94,37","","","","","","Dégagé"
"1956-07-17 09:00","1956","07","17","09:00"," ","21,10","","12,20","","57,00","","27,00","","10,00","","25,00","","94,36","","","","","","Dégagé"
"1956-07-17 10:00","1956","07","17","10:00"," ","23,30","","12,80","","52,00","","32,00","","13,00","","25,00","","94,35","","26,00","","","","Généralement dégagé"
"1956-07-17 11:00","1956","07","17","11:00"," ","25,00","","12,20","","45,00","","32,00","","23,00","","25,00","","94,33","","27,00","","","","Généralement dégagé"
"1956-07-17 12:00","1956","07","17","12:00"," ","26,70","","11,10","","38,00","","29,00","","24,00","","25,00","","94,29","","29,00","","","","Généralement dégagé"
"1956-07-17 13:00","1956","07","17","13:00"," ","27,80","","10,00","","33,00","","29,00","","19,00","","25,00","","94,27","","29,00","","","","Généralement dégagé"
"1956-07-17 14:00","1956","07","17","14:00"," ","28,30","","10,00","","32,00","","32,00","","16,00","","25,00","","94,26","","30,00","","","","Généralement dégagé"
"1956-07-17 15:00","1956","07","17","15:00"," ","28,30","","8,90","","30,00","","32,00","","16,00","","25,00","","94,22","","29,00","","","","Généralement nuageux"
"1956-07-17 16:00","1956","07","17","16:00"," ","29,40","","9,40","","29,00","","27,00","","19,00","","25,00","","94,19","","30,00","","","","Généralement nuageux"
"1956-07-17 17:00","1956","07","17","17:00"," ","22,80","","15,00","","62,00","","23,00","","3,00","","25,00","","94,22","","27,00","","","","Généralement nuageux"
"1956-07-17 18:00","1956","07","17","18:00"," ","27,20","","10,60","","35,00","","27,00","","16,00","","25,00","","94,17","","29,00","","","","Généralement dégagé"
"1956-07-17 19:00","1956","07","17","19:00"," ","26,70","","11,70","","39,00","","27,00","","16,00","","25,00","","94,18","","29,00","","","","Généralement dégagé"
"1956-07-17 20:00","1956","07","17","20:00"," ","23,90","","13,30","","52,00","","27,00","","13,00","","25,00","","94,16","","27,00","","","","Généralement dégagé"
"1956-07-17 21:00","1956","07","17","21:00"," ","20,60","","12,80","","61,00","","23,00","","19,00","","25,00","","94,19","","","","","","Généralement dégagé"
"1956-07-17 22:00","1956","07","17","22:00"," ","21,10","","11,10","","53,00","","27,00","","19,00","","25,00","","94,22","","","","","","Généralement dégagé"
"1956-07-17 23:00","1956","07","17","23:00"," ","20,60","","11,10","","55,00","","27,00","","16,00","","25,00","","94,21","","","","","","Généralement dégagé"
"1956-07-18 00:00","1956","07","18","00:00"," ","18,90","","10,60","","58,00","","27,00","","26,00","","25,00","","94,22","","","","","","Généralement nuageux"
"1956-07-18 01:00","1956","07","18","01:00"," ","15,60","","10,00","","70,00","","23,00","","16,00","","25,00","","94,23","","","","","","Généralement dégagé"
"1956-07-18 02:00","1956","07","18","02:00"," ","16,70","","10,00","","65,00","","25,00","","23,00","","25,00","","94,23","","","","","","Généralement nuageux"
"1956-07-18 03:00","1956","07","18","03:00"," ","16,70","","8,90","","60,00","","27,00","","19,00","","25,00","","94,23","","","","","","Généralement nuageux"
"1956-07-18 04:00","1956","07","18","04:00"," ","15,00","","9,40","","69,00","","23,00","","10,00","","25,00","","94,25","","","","","","Généralement nuageux"
"1956-07-18 05:00","1956","07","18","05:00"," ","16,70","","9,40","","62,00","","25,00","","19,00","","25,00","","94,25","","","","","","Généralement nuageux"
"1956-07-18 06:00","1956","07","18","06:00"," ","18,90","","10,00","","56,00","","27,00","","29,00","","25,00","","94,26","","","","","","Généralement nuageux"
"1956-07-18 07:00","1956","07","18","07:00"," ","19,40","","11,10","","59,00","","27,00","","29,00","","25,00","","94,26","","","","","","Généralement nuageux"
"1956-07-18 08:00","1956","07","18","08:00"," ","21,70","","11,10","","51,00","","27,00","","29,00","","25,00","","94,27","","","","","","Généralement dégagé"
"1956-07-18 09:00","1956","07","18","09:00"," ","22,80","","9,40","","43,00","","27,00","","32,00","","25,00","","94,26","","","","","","Généralement dégagé"
"1956-07-18 10:00","1956","07","18","10:00"," ","23,90","","10,00","","42,00","","27,00","","32,00","","25,00","","94,26","","25,00","","","","Généralement dégagé"
"1956-07-18 11:00","1956","07","18","11:00"," ","24,40","","10,00","","40,00","","27,00","","29,00","","25,00","","94,26","","26,00","","","","Généralement dégagé"
"1956-07-18 12:00","1956","07","18","12:00"," ","26,10","","8,90","","34,00","","27,00","","32,00","","25,00","","94,23","","27,00","","","","Généralement dégagé"
"1956-07-18 13:00","1956","07","18","13:00"," ","27,20","","9,40","","33,00","","27,00","","24,00","","25,00","","94,21","","28,00","","","","Généralement dégagé"
"1956-07-18 14:00","1956","07","18","14:00"," ","27,80","","8,30","","29,00","","27,00","","35,00","","25,00","","94,19","","28,00","","","","Généralement dégagé"
"1956-07-18 15:00","1956","07","18","15:00"," ","28,30","","9,40","","31,00","","27,00","","32,00","","25,00","","94,16","","29,00","","","","Généralement dégagé"
"1956-07-18 16:00","1956","07","18","16:00"," ","28,30","","10,00","","32,00","","27,00","","32,00","","25,00","","94,17","","30,00","","","","Généralement nuageux"
"1956-07-18 17:00","1956","07","18","17:00"," ","27,20","","10,60","","35,00","","27,00","","29,00","","25,00","","94,15","","29,00","","","","Généralement nuageux"
"1956-07-18 18:00","1956","07","18","18:00"," ","26,70","","10,60","","37,00","","27,00","","29,00","","25,00","","94,14","","28,00","","","","Généralement nuageux"
"1956-07-18 19:00","1956","07","18","19:00"," ","25,60","","10,60","","39,00","","25,00","","26,00","","25,00","","94,15","","27,00","","","","Généralement nuageux"
"1956-07-18 20:00","1956","07","18","20:00"," ","23,90","","11,10","","45,00","","25,00","","19,00","","25,00","","94,15","","26,00","","","","Généralement dégagé"
"1956-07-18 21:00","1956","07","18","21:00"," ","21,10","","11,70","","55,00","","27,00","","13,00","","25,00","","94,17","","","","","","Généralement dégagé"
"1956-07-18 22:00","1956","07","18","22:00"," ","19,40","","11,10","","59,00","","27,00","","13,00","","25,00","","94,19","","","","","","Généralement dégagé"
"1956-07-18 23:00","1956","07","18","23:00"," ","16,70","","11,10","","70,00","","27,00","","6,00","","25,00","","94,21","","","","","","Généralement dégagé"
"1956-07-19 00:00","1956","07","19","00:00"," ","17,20","","11,10","","67,00","","27,00","","19,00","","25,00","","94,20","","","","","","Généralement dégagé"
"1956-07-19 01:00","1956","07","19","01:00"," ","15,60","","11,10","","75,00","","27,00","","13,00","","25,00","","94,20","","","","","","Généralement dégagé"
"1956-07-19 02:00","1956","07","19","02:00"," ","15,00","","10,60","","75,00","","32,00","","6,00","","25,00","","94,22","","","","","","Généralement dégagé"
"1956-07-19 03:00","1956","07","19","03:00"," ","15,60","","10,60","","72,00","","32,00","","5,00","","25,00","","94,22","","","","","","Généralement nuageux"
"1956-07-19 04:00","1956","07","19","04:00"," ","14,40","","10,00","","75,00","","36,00","","3,00","","25,00","","94,23","","","","","","Généralement nuageux"
"1956-07-19 05:00","1956","07","19","05:00"," ","15,00","","10,60","","75,00","","0,00","","0,00","","25,00","","94,23","","","","","","Généralement nuageux"
"1956-07-19 06:00","1956","07","19","06:00"," ","15,00","","11,10","","78,00","","23,00","","16,00","","25,00","","94,23","","","","","","Généralement dégagé"
"1956-07-19 07:00","1956","07","19","07:00"," ","18,90","","12,20","","65,00","","27,00","","13,00","","25,00","","94,24","","","","","","Généralement dégagé"
"1956-07-19 08:00","1956","07","19","08:00"," ","21,70","","10,60","","49,00","","32,00","","16,00","","25,00","","94,25","","","","","","Dégagé"
"1956-07-19 09:00","1956","07","19","09:00"," ","23,30","","9,40","","41,00","","32,00","","29,00","","25,00","","94,25","","","","","","Dégagé"
"1956-07-19 10:00","1956","07","19","10:00"," ","24,40","","7,80","","34,00","","32,00","","26,00","","25,00","","94,24","","25,00","","","","Dégagé"
"1956-07-19 11:00","1956","07","19","11:00"," ","25,00","","7,20","","32,00","","32,00","","29,00","","25,00","","94,23","","25,00","","","","Généralement dégagé"
"1956-07-19 12:00","1956","07","19","12:00"," ","26,10","","6,70","","29,00","","32,00","","26,00","","25,00","","94,23","","26,00","","","","Généralement dégagé"
"1956-07-19 13:00","1956","07","19","13:00"," ","26,70","","7,20","","29,00","","32,00","","26,00","","25,00","","94,21","","27,00","","","","Généralement dégagé"
"1956-07-19 14:00","1956","07","19","14:00"," ","27,80","","6,70","","26,00","","32,00","","23,00","","25,00","","94,14","","28,00","","","","Généralement dégagé"
"1956-07-19 15:00","1956","07","19","15:00"," ","28,30","","7,80","","27,00","","36,00","","13,00","","25,00","","94,09","","29,00","","","","Généralement dégagé"
"1956-07-19 16:00","1956","07","19","16:00"," ","28,30","","7,80","","27,00","","32,00","","13,00","","25,00","","94,05","","29,00","","","","Généralement dégagé"
"1956-07-19 17:00","1956","07","19","17:00"," ","28,30","","6,70","","25,00","","36,00","","10,00","","25,00","","94,00","","28,00","","","","Généralement dégagé"
"1956-07-19 18:00","1956","07","19","18:00"," ","28,30","","6,70","","25,00","","32,00","","6,00","","25,00","","93,97","","28,00","","","","Généralement dégagé"
"1956-07-19 19:00","1956","07","19","19:00"," ","27,80","","10,60","","34,00","","5,00","","3,00","","25,00","","93,94","","29,00","","","","Généralement dégagé"
"1956-07-19 20:00","1956","07","19","20:00"," ","23,90","","12,20","","48,00","","9,00","","10,00","","25,00","","93,95","","26,00","","","","Généralement dégagé"
"1956-07-19 21:00","1956","07","19","21:00"," ","21,10","","11,70","","55,00","","9,00","","13,00","","25,00","","93,95","","","","","","Généralement dégagé"
"1956-07-19 22:00","1956","07","19","22:00"," ","20,00","","11,70","","59,00","","9,00","","10,00","","25,00","","93,95","","","","","","Généralement dégagé"
"1956-07-19 23:00","1956","07","19","23:00"," ","17,80","","11,70","","68,00","","9,00","","3,00","","25,00","","93,95","","","","","","Généralement dégagé"
"1956-07-20 00:00","1956","07","20","00:00"," ","16,70","","11,10","","70,00","","18,00","","6,00","","25,00","","93,96","","","","","","Généralement dégagé"
"1956-07-20 01:00","1956","07","20","01:00"," ","14,40","","11,10","","81,00","","36,00","","6,00","","25,00","","93,96","","","","","","Généralement dégagé"
"1956-07-20 02:00","1956","07","20","02:00"," ","14,40","","10,00","","75,00","","9,00","","10,00","","25,00","","93,93","","","","","","Généralement dégagé"
"1956-07-20 03:00","1956","07","20","03:00"," ","13,30","","10,60","","83,00","","9,00","","6,00","","25,00","","93,91","","","","","","Généralement dégagé"
"1956-07-20 04:00","1956","07","20","04:00"," ","12,80","","10,00","","83,00","","0,00","","0,00","","25,00","","93,91","","","","","","Généralement dégagé"
"1956-07-20 05:00","1956","07","20","05:00"," ","12,80","","9,40","","80,00","","5,00","","6,00","","25,00","","93,88","","","","","","Généralement dégagé"
"1956-07-20 06:00","1956","07","20","06:00"," ","14,40","","11,10","","81,00","","14,00","","6,00","","25,00","","93,87","","","","","","Généralement nuageux"
"1956-07-20 07:00","1956","07","20","07:00"," ","16,10","","12,20","","78,00","","14,00","","8,00","","25,00","","93,88","","","","","","Généralement nuageux"
"1956-07-20 08:00","1956","07","20","08:00"," ","18,30","","12,80","","70,00","","9,00","","13,00","","25,00","","93,76","","","","","","Généralement nuageux"
"1956-07-20 09:00","1956","07","20","09:00"," ","21,10","","13,90","","63,00","","14,00","","10,00","","25,00","","93,73","","","","","","Généralement dégagé"
"1956-07-20 10:00","1956","07","20","10:00"," ","25,00","","14,40","","52,00","","14,00","","13,00","","25,00","","93,65","","29,00","","","","Généralement dégagé"
"1956-07-20 11:00","1956","07","20","11:00"," ","26,70","","13,30","","44,00","","14,00","","19,00","","25,00","","93,59","","30,00","","","","Généralement nuageux"
"1956-07-20 12:00","1956","07","20","12:00"," ","28,30","","11,70","","36,00","","14,00","","16,00","","25,00","","93,53","","30,00","","","","Généralement nuageux"
"1956-07-20 13:00","1956","07","20","13:00"," ","27,20","","12,80","","41,00","","14,00","","16,00","","25,00","","93,50","","30,00","","","","Orages,Averses de pluie"
"1956-07-20 14:00","1956","07","20","14:00"," ","27,80","","12,20","","38,00","","5,00","","23,00","","25,00","","93,40","","30,00","","","","Généralement nuageux"
"1956-07-20 15:00","1956","07","20","15:00"," ","30,00","","15,00","","40,00","","9,00","","23,00","","25,00","","93,36","","34,00","","","","Généralement nuageux"
"1956-07-20 16:00","1956","07","20","16:00"," ","29,40","","15,00","","42,00","","9,00","","23,00","","25,00","","93,39","","33,00","","","","Généralement nuageux"
"1956-07-20 17:00","1956","07","20","17:00"," ","28,90","","13,30","","39,00","","11,00","","23,00","","25,00","","93,35","","32,00","","","","Généralement nuageux"
"1956-07-20 18:00","1956","07","20","18:00"," ","27,20","","13,90","","44,00","","9,00","","19,00","","25,00","","93,30","","31,00","","","","Généralement nuageux"
"1956-07-20 19:00","1956","07","20","19:00"," ","25,60","","15,00","","52,00","","9,00","","13,00","","25,00","","93,28","","30,00","","","","Généralement nuageux"
"1956-07-20 20:00","1956","07","20","20:00"," ","23,90","","16,70","","64,00","","9,00","","10,00","","25,00","","93,28","","29,00","","","","Généralement nuageux"
"1956-07-20 21:00","1956","07","20","21:00"," ","22,80","","14,40","","59,00","","14,00","","16,00","","25,00","","93,27","","26,00","","","","Généralement nuageux"
"1956-07-20 22:00","1956","07","20","22:00"," ","18,90","","14,40","","76,00","","14,00","","10,00","","25,00","","93,26","","","","","","Généralement nuageux"
"1956-07-20 23:00","1956","07","20","23:00"," ","18,90","","13,90","","73,00","","14,00","","10,00","","25,00","","93,24","","","","","","Généralement nuageux"
"1956-07-21 00:00","1956","07","21","00:00"," ","20,00","","12,20","","61,00","","14,00","","13,00","","25,00","","93,18","","","","","","Généralement nuageux"
"1956-07-21 01:00","1956","07","21","01:00"," ","17,80","","12,80","","73,00","","14,00","","10,00","","25,00","","93,18","","","","","","Généralement dégagé"
"1956-07-21 02:00","1956","07","21","02:00"," ","15,00","","11,10","","78,00","","23,00","","6,00","","25,00","","93,24","","","","","","Généralement dégagé"
"1956-07-21 03:00","1956","07","21","03:00"," ","15,00","","12,20","","84,00","","32,00","","6,00","","25,00","","93,27","","","","","","Généralement dégagé"
"1956-07-21 04:00","1956","07","21","04:00"," ","15,00","","12,80","","87,00","","32,00","","16,00","","25,00","","93,32","","","","","","Généralement dégagé"
"1956-07-21 05:00","1956","07","21","05:00"," ","16,10","","13,90","","87,00","","32,00","","24,00","","25,00","","93,35","","","","","","Généralement dégagé"
"1956-07-21 06:00","1956","07","21","06:00"," ","17,80","","12,20","","70,00","","32,00","","10,00","","25,00","","93,41","","","","","","Généralement dégagé"
"1956-07-21 07:00","1956","07","21","07:00"," ","18,90","","12,80","","68,00","","32,00","","5,00","","25,00","","93,46","","","","","","Généralement dégagé"
"1956-07-21 08:00","1956","07","21","08:00"," ","21,70","","11,70","","53,00","","32,00","","6,00","","25,00","","93,46","","","","","","Généralement dégagé"
"1956-07-21 09:00","1956","07","21","09:00"," ","23,30","","10,00","","43,00","","36,00","","8,00","","25,00","","93,44","","25,00","","","","Généralement dégagé"
"1956-07-21 10:00","1956","07","21","10:00"," ","25,00","","9,40","","37,00","","5,00","","5,00","","25,00","","93,41","","26,00","","","","Généralement dégagé"
"1956-07-21 11:00","1956","07","21","11:00"," ","25,00","","11,70","","43,00","","14,00","","13,00","","25,00","","93,41","","27,00","","","","Généralement nuageux"
"1956-07-21 12:00","1956","07","21","12:00"," ","26,10","","12,20","","42,00","","14,00","","13,00","","25,00","","93,35","","28,00","","","","Généralement nuageux"
"1956-07-21 13:00","1956","07","21","13:00"," ","26,70","","11,70","","39,00","","14,00","","13,00","","25,00","","93,28","","29,00","","","","Généralement nuageux"
"1956-07-21 14:00","1956","07","21","14:00"," ","27,80","","11,10","","36,00","","14,00","","24,00","","25,00","","93,20","","30,00","","","","Généralement nuageux"
"1956-07-21 15:00","1956","07","21","15:00"," ","27,80","","11,70","","37,00","","14,00","","26,00","","25,00","","93,15","","30,00","","","","Généralement nuageux"
"1956-07-21 16:00","1956","07","21","16:00"," ","26,10","","11,10","","39,00","","7,00","","23,00","","25,00","","93,09","","28,00","","","","Généralement nuageux"
"1956-07-21 17:00","1956","07","21","17:00"," ","26,10","","12,20","","42,00","","0,00","","0,00","","25,00","","93,07","","28,00","","","","Généralement nuageux"
"1956-07-21 18:00","1956","07","21","18:00"," ","21,10","","11,70","","55,00","","29,00","","35,00","","25,00","","93,23","","","","","","Nuageux"
"1956-07-21 19:00","1956","07","21","19:00"," ","21,70","","11,70","","53,00","","27,00","","32,00","","25,00","","93,30","","","","","","Généralement nuageux"
"1956-07-21 20:00","1956","07","21","20:00"," ","20,00","","10,60","","55,00","","27,00","","19,00","","25,00","","93,30","","","","","","Généralement nuageux"
"1956-07-21 21:00","1956","07","21","21:00"," ","20,00","","10,00","","53,00","","27,00","","23,00","","25,00","","93,37","","","","","","Généralement nuageux"
"1956-07-21 22:00","1956","07","21","22:00"," ","20,00","","9,40","","51,00","","27,00","","29,00","","25,00","","93,44","","","","","","Généralement nuageux"
"1956-07-21 23:00","1956","07","21","23:00"," ","18,90","","10,00","","56,00","","27,00","","26,00","","25,00","","93,44","","","","","","Généralement nuageux"
"1956-07-22 00:00","1956","07","22","00:00"," ","18,30","","8,90","","54,00","","23,00","","23,00","","25,00","","93,47","","","","","","Généralement nuageux"
"1956-07-22 01:00","1956","07","22","01:00"," ","16,70","","8,90","","60,00","","23,00","","16,00","","25,00","","93,50","","","","","","Généralement nuageux"
"1956-07-22 02:00","1956","07","22","02:00"," ","15,60","","9,40","","67,00","","23,00","","13,00","","25,00","","93,52","","","","","","Généralement nuageux"
"1956-07-22 03:00","1956","07","22","03:00"," ","15,00","","9,40","","69,00","","23,00","","10,00","","25,00","","93,54","","","","","","Généralement nuageux"
"1956-07-22 04:00","1956","07","22","04:00"," ","12,80","","7,80","","72,00","","23,00","","16,00","","25,00","","93,55","","","","","","Généralement dégagé"
"1956-07-22 05:00","1956","07","22","05:00"," ","11,10","","8,30","","83,00","","27,00","","13,00","","25,00","","93,58","","","","","","Généralement dégagé"
"1956-07-22 06:00","1956","07","22","06:00"," ","14,40","","8,90","","69,00","","23,00","","16,00","","25,00","","93,63","","","","","","Généralement dégagé"
"1956-07-22 07:00","1956","07","22","07:00"," ","16,10","","9,40","","65,00","","23,00","","16,00","","25,00","","93,69","","","","","","Généralement dégagé"
"1956-07-22 08:00","1956","07","22","08:00"," ","19,40","","8,90","","50,00","","27,00","","29,00","","25,00","","93,71","","","","","","Généralement dégagé"
"1956-07-22 09:00","1956","07","22","09:00"," ","20,60","","6,10","","39,00","","27,00","","40,00","","25,00","","93,71","","","","","","Généralement dégagé"
"1956-07-22 10:00","1956","07","22","10:00"," ","21,70","","4,40","","32,00","","27,00","","58,00","","25,00","","93,73","","","","","","Généralement dégagé"
"1956-07-22 11:00","1956","07","22","11:00"," ","22,20","","5,00","","33,00","","27,00","","45,00","","25,00","","93,77","","","","","","Généralement dégagé"
"1956-07-22 12:00","1956","07","22","12:00"," ","23,30","","5,60","","32,00","","27,00","","42,00","","25,00","","93,81","","","","","","Généralement dégagé"
"1956-07-22 13:00","1956","07","22","13:00"," ","23,30","","5,00","","30,00","","27,00","","45,00","","25,00","","93,83","","","","","","Généralement dégagé"
"1956-07-22 14:00","1956","07","22","14:00"," ","23,90","","5,00","","29,00","","27,00","","42,00","","25,00","","93,83","","","","","","Généralement dégagé"
"1956-07-22 15:00","1956","07","22","15:00"," ","24,40","","4,40","","27,00","","27,00","","39,00","","25,00","","93,84","","","","","","Généralement dégagé"
"1956-07-22 16:00","1956","07","22","16:00"," ","24,40","","4,40","","27,00","","23,00","","32,00","","25,00","","93,85","","","","","","Généralement dégagé"
"1956-07-22 17:00","1956","07","22","17:00"," ","24,40","","4,40","","27,00","","25,00","","35,00","","25,00","","93,84","","","","","","Généralement dégagé"
"1956-07-22 18:00","1956","07","22","18:00"," ","23,90","","5,00","","29,00","","25,00","","32,00","","25,00","","93,85","","","","","","Généralement dégagé"
"1956-07-22 19:00","1956","07","22","19:00"," ","23,90","","5,00","","29,00","","27,00","","32,00","","25,00","","93,89","","","","","","Généralement nuageux"
"1956-07-22 20:00","1956","07","22","20:00"," ","22,80","","6,70","","35,00","","27,00","","13,00","","25,00","","93,93","","","","","","Généralement dégagé"
"1956-07-22 21:00","1956","07","22","21:00"," ","20,00","","7,80","","45,00","","27,00","","13,00","","25,00","","93,96","","","","","","Généralement nuageux"
"1956-07-22 22:00","1956","07","22","22:00"," ","18,90","","7,20","","47,00","","23,00","","13,00","","25,00","","94,01","","","","","","Généralement nuageux"
"1956-07-22 23:00","1956","07","22","23:00"," ","18,30","","7,80","","50,00","","23,00","","16,00","","25,00","","94,06","","","","","","Généralement nuageux"
"1956-07-23 00:00","1956","07","23","00:00"," ","16,70","","7,20","","54,00","","27,00","","13,00","","25,00","","94,11","","","","","","Généralement dégagé"
"1956-07-23 01:00","1956","07","23","01:00"," ","15,00","","7,20","","60,00","","27,00","","6,00","","25,00","","94,15","","","","","","Généralement dégagé"
"1956-07-23 02:00","1956","07","23","02:00"," ","12,80","","7,20","","69,00","","0,00","","0,00","","25,00","","94,17","","","","","","Généralement dégagé"
"1956-07-23 03:00","1956","07","23","03:00"," ","12,80","","6,70","","66,00","","5,00","","16,00","","25,00","","94,22","","","","","","Généralement dégagé"
"1956-07-23 04:00","1956","07","23","04:00"," ","11,10","","6,70","","74,00","","0,00","","0,00","","25,00","","94,24","","","","","","Généralement dégagé"
"1956-07-23 05:00","1956","07","23","05:00"," ","10,60","","6,70","","77,00","","0,00","","0,00","","25,00","","94,28","","","","","","Généralement dégagé"
"1956-07-23 06:00","1956","07","23","06:00"," ","11,70","","7,80","","77,00","","5,00","","3,00","","25,00","","94,33","","","","","","Généralement dégagé"
"1956-07-23 07:00","1956","07","23","07:00"," ","13,30","","8,90","","74,00","","23,00","","3,00","","25,00","","94,34","","","","","","Généralement dégagé"
"1956-07-23 08:00","1956","07","23","08:00"," ","17,80","","8,30","","54,00","","32,00","","6,00","","25,00","","94,34","","","","","","Généralement dégagé"
"1956-07-23 09:00","1956","07","23","09:00"," ","16,70","","7,80","","56,00","","27,00","","26,00","","25,00","","94,32","","","","","","Généralement nuageux"
"1956-07-23 10:00","1956","07","23","10:00"," ","21,10","","5,60","","36,00","","29,00","","24,00","","25,00","","94,28","","","","","","Généralement nuageux"
"1956-07-23 11:00","1956","07","23","11:00"," ","21,70","","6,10","","36,00","","32,00","","24,00","","25,00","","94,28","","","","","","Généralement nuageux"
"1956-07-23 12:00","1956","07","23","12:00"," ","22,80","","6,10","","34,00","","32,00","","19,00","","25,00","","94,24","","","","","","Généralement nuageux"
"1956-07-23 13:00","1956","07","23","13:00"," ","22,80","","4,40","","30,00","","32,00","","26,00","","25,00","","94,19","","","","","","Généralement nuageux"
"1956-07-23 14:00","1956","07","23","14:00"," ","22,80","","6,10","","34,00","","32,00","","8,00","","25,00","","94,19","","","","","","Généralement dégagé"
"1956-07-23 15:00","1956","07","23","15:00"," ","23,90","","5,00","","29,00","","32,00","","26,00","","25,00","","94,14","","","","","","Généralement nuageux"
"1956-07-23 16:00","1956","07","23","16:00"," ","23,90","","5,00","","29,00","","32,00","","19,00","","25,00","","94,10","","","","","","Généralement nuageux"
"1956-07-23 17:00","1956","07","23","17:00"," ","25,00","","7,20","","32,00","","32,00","","19,00","","25,00","","94,08","","25,00","","","","Généralement nuageux"
"1956-07-23 18:00","1956","07","23","18:00"," ","24,40","","7,20","","33,00","","32,00","","23,00","","25,00","","94,05","","","","","","Généralement nuageux"
"1956-07-23 19:00","1956","07","23","19:00"," ","24,40","","7,20","","33,00","","32,00","","24,00","","25,00","","94,02","","","","","","Généralement dégagé"
"1956-07-23 20:00","1956","07","23","20:00"," ","22,20","","8,30","","41,00","","32,00","","13,00","","25,00","","94,03","","","","","","Généralement nuageux"
"1956-07-23 21:00","1956","07","23","21:00"," ","19,40","","9,40","","52,00","","0,00","","0,00","","25,00","","94,04","","","","","","Généralement nuageux"
"1956-07-23 22:00","1956","07","23","22:00"," ","19,40","","7,20","","45,00","","32,00","","6,00","","25,00","","94,05","","","","","","Généralement nuageux"
"1956-07-23 23:00","1956","07","23","23:00"," ","15,60","","7,80","","60,00","","27,00","","16,00","","25,00","","94,04","","","","","","Généralement dégagé"
"1956-07-24 00:00","1956","07","24","00:00"," ","12,80","","8,30","","74,00","","32,00","","16,00","","25,00","","94,04","","","","","","Généralement dégagé"
"1956-07-24 01:00","1956","07","24","01:00"," ","12,80","","10,00","","83,00","","32,00","","13,00","","25,00","","94,01","","","","","","Généralement dégagé"
"1956-07-24 02:00","1956","07","24","02:00"," ","10,60","","7,80","","83,00","","27,00","","10,00","","25,00","","94,01","","","","","","Généralement dégagé"
"1956-07-24 03:00","1956","07","24","03:00"," ","10,00","","7,20","","83,00","","27,00","","6,00","","25,00","","94,01","","","","","","Généralement dégagé"
"1956-07-24 04:00","1956","07","24","04:00"," ","10,00","","7,20","","83,00","","32,00","","6,00","","25,00","","94,01","","","","","","Généralement dégagé"
"1956-07-24 05:00","1956","07","24","05:00"," ","9,40","","7,80","","89,00","","27,00","","10,00","","25,00","","93,99","","","","","","Généralement dégagé"
"1956-07-24 06:00","1956","07","24","06:00"," ","12,80","","8,90","","77,00","","32,00","","10,00","","25,00","","94,00","","","","","","Généralement dégagé"
"1956-07-24 07:00","1956","07","24","07:00"," ","15,00","","9,40","","69,00","","32,00","","13,00","","25,00","","93,99","","","","","","Généralement dégagé"
"1956-07-24 08:00","1956","07","24","08:00"," ","17,80","","11,70","","68,00","","32,00","","16,00","","25,00","","93,99","","","","","","Généralement dégagé"
"1956-07-24 09:00","1956","07","24","09:00"," ","17,80","","11,70","","68,00","","18,00","","10,00","","25,00","","93,97","","","","","","Généralement dégagé"
"1956-07-24 10:00","1956","07","24","10:00"," ","21,10","","8,90","","46,00","","27,00","","19,00","","25,00","","93,93","","","","","","Généralement dégagé"
"1956-07-24 11:00","1956","07","24","11:00"," ","21,70","","8,90","","44,00","","32,00","","19,00","","25,00","","93,91","","","","","","Généralement dégagé"
"1956-07-24 12:00","1956","07","24","12:00"," ","22,80","","8,90","","41,00","","32,00","","23,00","","25,00","","93,87","","","","","","Généralement dégagé"
"1956-07-24 13:00","1956","07","24","13:00"," ","23,30","","10,00","","43,00","","32,00","","19,00","","25,00","","93,85","","25,00","","","","Généralement dégagé"
"1956-07-24 14:00","1956","07","24","14:00"," ","23,30","","8,30","","38,00","","32,00","","23,00","","25,00","","93,82","","","","","","Généralement dégagé"
"1956-07-24 15:00","1956","07","24","15:00"," ","23,30","","8,30","","38,00","","32,00","","16,00","","25,00","","93,78","","","","","","Généralement dégagé"
"1956-07-24 16:00","1956","07","24","16:00"," ","22,80","","8,90","","41,00","","32,00","","16,00","","25,00","","93,77","","","","","","Généralement dégagé"
"1956-07-24 17:00","1956","07","24","17:00"," ","23,30","","7,80","","37,00","","32,00","","19,00","","25,00","","93,75","","","","","","Généralement dégagé"
"1956-07-24 18:00","1956","07","24","18:00"," ","22,80","","7,20","","37,00","","34,00","","16,00","","25,00","","93,73","","","","","","Généralement dégagé"
"1956-07-24 19:00","1956","07","24","19:00"," ","22,20","","7,20","","38,00","","2,00","","24,00","","25,00","","93,72","","","","","","Généralement dégagé"
"1956-07-24 20:00","1956","07","24","20:00"," ","20,60","","7,20","","42,00","","32,00","","8,00","","25,00","","93,73","","","","","","Généralement nuageux"
"1956-07-24 21:00","1956","07","24","21:00"," ","17,80","","8,30","","54,00","","9,00","","13,00","","25,00","","93,74","","","","","","Généralement nuageux"
"1956-07-24 22:00","1956","07","24","22:00"," ","15,00","","8,30","","64,00","","7,00","","13,00","","25,00","","93,77","","","","","","Généralement dégagé"
"1956-07-24 23:00","1956","07","24","23:00"," ","15,60","","10,00","","70,00","","7,00","","13,00","","25,00","","93,77","","","","","","Généralement nuageux"
"1956-07-25 00:00","1956","07","25","00:00"," ","15,00","","10,60","","75,00","","7,00","","16,00","","25,00","","93,74","","","","","","Généralement nuageux"
"1956-07-25 01:00","1956","07","25","01:00"," ","14,40","","10,60","","78,00","","32,00","","16,00","","25,00","","93,79","","","","","","Averses de pluie"
"1956-07-25 02:00","1956","07","25","02:00"," ","13,30","","11,70","","90,00","","9,00","","24,00","","25,00","","93,72","","","","","","Généralement dégagé"
"1956-07-25 03:00","1956","07","25","03:00"," ","12,80","","10,60","","86,00","","9,00","","16,00","","25,00","","93,72","","","","","","Généralement nuageux"
"1956-07-25 04:00","1956","07","25","04:00"," ","11,70","","10,60","","93,00","","9,00","","16,00","","25,00","","93,64","","","","","","Généralement nuageux"
"1956-07-25 05:00","1956","07","25","05:00"," ","12,20","","10,60","","90,00","","32,00","","24,00","","25,00","","93,70","","","","","","Averses de pluie"
"1956-07-25 06:00","1956","07","25","06:00"," ","11,70","","11,10","","96,00","","36,00","","24,00","","25,00","","93,72","","","","","","Averses de pluie"
"1956-07-25 07:00","1956","07","25","07:00"," ","11,10","","10,60","","96,00","","36,00","","24,00","","8,00","","93,83","","","","","","Pluie,Brouillard"
"1956-07-25 08:00","1956","07","25","08:00"," ","10,60","","10,00","","96,00","","5,00","","5,00","","25,00","","93,87","","","","","","Pluie"
"1956-07-25 09:00","1956","07","25","09:00"," ","11,10","","10,60","","96,00","","9,00","","6,00","","25,00","","93,88","","","","","","Pluie"
"1956-07-25 10:00","1956","07","25","10:00"," ","12,80","","10,60","","86,00","","23,00","","16,00","","25,00","","93,89","","","","","","Nuageux"
"1956-07-25 11:00","1956","07","25","11:00"," ","13,30","","9,40","","77,00","","27,00","","13,00","","25,00","","93,89","","","","","","Généralement nuageux"
"1956-07-25 12:00","1956","07","25","12:00"," ","15,00","","10,00","","72,00","","9,00","","3,00","","25,00","","93,89","","","","","","Généralement nuageux"
"1956-07-25 13:00","1956","07","25","13:00"," ","15,00","","9,40","","69,00","","7,00","","13,00","","25,00","","93,90","","","","","","Généralement nuageux"
"1956-07-25 14:00","1956","07","25","14:00"," ","14,40","","8,30","","67,00","","5,00","","13,00","","25,00","","93,91","","","","","","Généralement nuageux"
"1956-07-25 15:00","1956","07","25","15:00"," ","15,00","","10,60","","75,00","","5,00","","26,00","","25,00","","93,96","","","","","","Généralement nuageux"
"1956-07-25 16:00","1956","07","25","16:00"," ","12,80","","10,00","","83,00","","5,00","","29,00","","25,00","","94,00","","","","","","Généralement nuageux"
"1956-07-25 17:00","1956","07","25","17:00"," ","12,80","","10,00","","83,00","","7,00","","26,00","","25,00","","94,04","","","","","","Averses de pluie"
"1956-07-25 18:00","1956","07","25","18:00"," ","12,80","","9,40","","80,00","","7,00","","26,00","","25,00","","94,08","","","","","","Généralement nuageux"
"1956-07-25 19:00","1956","07","25","19:00"," ","11,70","","9,40","","86,00","","5,00","","29,00","","25,00","","94,11","","","","","","Généralement nuageux"
"1956-07-25 20:00","1956","07","25","20:00"," ","11,10","","8,90","","86,00","","5,00","","29,00","","25,00","","94,17","","","","","","Nuageux"
"1956-07-25 21:00","1956","07","25","21:00"," ","10,60","","8,90","","89,00","","7,00","","16,00","","25,00","","94,21","","","","","","Nuageux"
"1956-07-25 22:00","1956","07","25","22:00"," ","10,00","","8,90","","93,00","","5,00","","16,00","","16,10","","94,26","","","","","","Pluie"
"1956-07-25 23:00","1956","07","25","23:00"," ","10,00","","8,30","","89,00","","5,00","","16,00","","16,10","","94,28","","","","","","Pluie"
"1956-07-26 00:00","1956","07","26","00:00"," ","10,00","","8,30","","89,00","","5,00","","13,00","","16,10","","94,31","","","","","","Pluie"
"1956-07-26 01:00","1956","07","26","01:00"," ","9,40","","7,80","","89,00","","5,00","","13,00","","16,10","","94,35","","","","","","Pluie"
"1956-07-26 02:00","1956","07","26","02:00"," ","9,40","","8,30","","93,00","","5,00","","6,00","","16,10","","94,40","","","","","","Pluie"
"1956-07-26 03:00","1956","07","26","03:00"," ","9,40","","8,30","","93,00","","5,00","","13,00","","16,10","","94,41","","","","","","Pluie"
"1956-07-26 04:00","1956","07","26","04:00"," ","9,40","","8,30","","93,00","","5,00","","16,00","","16,10","","94,44","","","","","","Pluie"
"1956-07-26 05:00","1956","07","26","05:00"," ","9,40","","7,80","","89,00","","5,00","","16,00","","16,10","","94,47","","","","","","Pluie"
"1956-07-26 06:00","1956","07","26","06:00"," ","8,90","","7,80","","93,00","","5,00","","16,00","","24,10","","94,49","","","","","","Pluie"
"1956-07-26 07:00","1956","07","26","07:00"," ","8,90","","7,80","","93,00","","5,00","","16,00","","25,00","","94,52","","","","","","Pluie"
"1956-07-26 08:00","1956","07","26","08:00"," ","8,90","","8,30","","96,00","","7,00","","23,00","","25,00","","94,55","","","","","","Pluie"
"1956-07-26 09:00","1956","07","26","09:00"," ","9,40","","8,30","","93,00","","5,00","","24,00","","25,00","","94,58","","","","","","Pluie"
"1956-07-26 10:00","1956","07","26","10:00"," ","10,60","","8,30","","86,00","","5,00","","23,00","","25,00","","94,58","","","","","","Nuageux"
"1956-07-26 11:00","1956","07","26","11:00"," ","11,10","","8,30","","83,00","","5,00","","23,00","","25,00","","94,59","","","","","","Nuageux"
"1956-07-26 12:00","1956","07","26","12:00"," ","12,20","","7,80","","74,00","","9,00","","16,00","","25,00","","94,58","","","","","","Nuageux"
"1956-07-26 13:00","1956","07","26","13:00"," ","12,20","","7,80","","74,00","","9,00","","24,00","","25,00","","94,58","","","","","","Nuageux"
"1956-07-26 14:00","1956","07","26","14:00"," ","11,10","","8,90","","86,00","","9,00","","19,00","","25,00","","94,59","","","","","","Averses de pluie"
"1956-07-26 15:00","1956","07","26","15:00"," ","11,70","","7,80","","77,00","","11,00","","13,00","","25,00","","94,61","","","","","","Averses de pluie"
"1956-07-26 16:00","1956","07","26","16:00"," ","12,80","","8,30","","74,00","","5,00","","23,00","","25,00","","94,57","","","","","","Nuageux"
"1956-07-26 17:00","1956","07","26","17:00"," ","12,20","","7,80","","74,00","","7,00","","24,00","","25,00","","94,58","","","","","","Généralement nuageux"
"1956-07-26 18:00","1956","07","26","18:00"," ","12,80","","7,20","","69,00","","5,00","","26,00","","25,00","","94,57","","","","","","Généralement nuageux"
"1956-07-26 19:00","1956","07","26","19:00"," ","12,20","","6,70","","69,00","","7,00","","23,00","","25,00","","94,56","","","","","","Généralement nuageux"
"1956-07-26 20:00","1956","07","26","20:00"," ","11,70","","7,20","","74,00","","5,00","","19,00","","25,00","","94,57","","","","","","Généralement nuageux"
"1956-07-26 21:00","1956","07","26","21:00"," ","11,10","","7,20","","77,00","","5,00","","19,00","","25,00","","94,58","","","","","","Généralement nuageux"
"1956-07-26 22:00","1956","07","26","22:00"," ","10,60","","7,20","","80,00","","5,00","","16,00","","25,00","","94,57","","","","","","Nuageux"
"1956-07-26 23:00","1956","07","26","23:00"," ","10,60","","7,20","","80,00","","7,00","","23,00","","25,00","","94,57","","","","","","Généralement nuageux"
"1956-07-27 00:00","1956","07","27","00:00"," ","9,40","","5,60","","77,00","","7,00","","23,00","","25,00","","94,54","","","","","","Généralement nuageux"
"1956-07-27 01:00","1956","07","27","01:00"," ","9,40","","5,00","","74,00","","9,00","","23,00","","25,00","","94,53","","","","","","Généralement nuageux"
"1956-07-27 02:00","1956","07","27","02:00"," ","8,90","","5,60","","80,00","","9,00","","19,00","","25,00","","94,48","","","","","","Généralement nuageux"
"1956-07-27 03:00","1956","07","27","03:00"," ","9,40","","5,00","","74,00","","9,00","","19,00","","25,00","","94,47","","","","","","Généralement nuageux"
"1956-07-27 04:00","1956","07","27","04:00"," ","8,30","","5,60","","83,00","","9,00","","24,00","","25,00","","94,45","","","","","","Pluie"
"1956-07-27 05:00","1956","07","27","05:00"," ","7,80","","6,10","","89,00","","9,00","","16,00","","25,00","","94,44","","","","","","Pluie"
"1956-07-27 06:00","1956","07","27","06:00"," ","7,80","","6,70","","93,00","","9,00","","23,00","","16,10","","94,43","","","","","","Pluie"
"1956-07-27 07:00","1956","07","27","07:00"," ","7,80","","6,70","","93,00","","9,00","","24,00","","16,10","","94,37","","","","","","Pluie"
"1956-07-27 08:00","1956","07","27","08:00"," ","7,80","","6,10","","89,00","","9,00","","24,00","","16,10","","94,34","","","","","","Pluie"
"1956-07-27 09:00","1956","07","27","09:00"," ","7,20","","6,10","","93,00","","9,00","","29,00","","16,10","","94,27","","","","","","Pluie"
"1956-07-27 10:00","1956","07","27","10:00"," ","7,20","","6,10","","93,00","","7,00","","32,00","","16,10","","94,23","","","","","","Pluie"
"1956-07-27 11:00","1956","07","27","11:00"," ","7,20","","6,70","","96,00","","9,00","","29,00","","16,10","","94,20","","","","","","Pluie"
"1956-07-27 12:00","1956","07","27","12:00"," ","8,30","","7,80","","96,00","","7,00","","32,00","","11,30","","94,15","","","","","","Bruine"
"1956-07-27 13:00","1956","07","27","13:00"," ","8,30","","7,20","","93,00","","7,00","","29,00","","11,30","","94,12","","","","","","Bruine"
"1956-07-27 14:00","1956","07","27","14:00"," ","8,30","","7,80","","96,00","","5,00","","29,00","","24,10","","94,12","","","","","","Bruine"
"1956-07-27 15:00","1956","07","27","15:00"," ","8,30","","7,20","","93,00","","9,00","","23,00","","16,10","","94,12","","","","","","Pluie"
"1956-07-27 16:00","1956","07","27","16:00"," ","8,30","","7,80","","96,00","","5,00","","19,00","","8,00","","94,08","","","","","","Pluie,Bruine"
"1956-07-27 17:00","1956","07","27","17:00"," ","8,30","","7,80","","96,00","","5,00","","26,00","","8,00","","94,11","","","","","","Pluie,Bruine"
"1956-07-27 18:00","1956","07","27","18:00"," ","7,80","","7,20","","96,00","","5,00","","16,00","","8,00","","94,13","","","","","","Pluie,Bruine"
"1956-07-27 19:00","1956","07","27","19:00"," ","7,80","","7,20","","96,00","","2,00","","19,00","","9,70","","94,07","","","","","","Pluie,Bruine"
"1956-07-27 20:00","1956","07","27","20:00"," ","7,80","","7,20","","96,00","","5,00","","8,00","","6,40","","94,19","","","","","","Pluie,Bruine"
"1956-07-27 21:00","1956","07","27","21:00"," ","7,80","","7,20","","96,00","","36,00","","13,00","","3,20","","94,12","","","","","","Bruine"
"1956-07-27 22:00","1956","07","27","22:00"," ","7,80","","7,20","","96,00","","34,00","","13,00","","3,20","","94,11","","","","","","Bruine,Brouillard"
"1956-07-27 23:00","1956","07","27","23:00"," ","7,80","","7,20","","96,00","","32,00","","13,00","","4,00","","94,12","","","","","","Bruine,Brouillard"
"1956-07-28 00:00","1956","07","28","00:00"," ","7,80","","7,20","","96,00","","32,00","","16,00","","4,00","","94,09","","","","","","Bruine,Brouillard"
"1956-07-28 01:00","1956","07","28","01:00"," ","7,80","","7,20","","96,00","","32,00","","23,00","","4,00","","94,09","","","","","","Bruine,Brouillard"
"1956-07-28 02:00","1956","07","28","02:00"," ","7,80","","7,20","","96,00","","32,00","","19,00","","8,00","","94,08","","","","","","Bruine"
"1956-07-28 03:00","1956","07","28","03:00"," ","7,80","","6,70","","93,00","","32,00","","24,00","","9,70","","94,07","","","","","","Bruine"
"1956-07-28 04:00","1956","07","28","04:00"," ","7,20","","6,70","","96,00","","27,00","","19,00","","4,00","","94,07","","","","","","Bruine,Brouillard"
"1956-07-28 05:00","1956","07","28","05:00"," ","7,20","","6,70","","96,00","","29,00","","19,00","","19,30","","94,07","","","","","","Pluie"
"1956-07-28 06:00","1956","07","28","06:00"," ","7,20","","6,70","","96,00","","27,00","","23,00","","19,30","","94,11","","","","","","Pluie"
"1956-07-28 07:00","1956","07","28","07:00"," ","7,80","","7,20","","96,00","","27,00","","24,00","","25,00","","94,15","","","","","","Généralement nuageux"
"1956-07-28 08:00","1956","07","28","08:00"," ","8,30","","6,10","","86,00","","32,00","","29,00","","25,00","","94,17","","","","","","Généralement nuageux"
"1956-07-28 09:00","1956","07","28","09:00"," ","9,40","","5,00","","74,00","","29,00","","29,00","","25,00","","94,19","","","","","","Généralement nuageux"
"1956-07-28 10:00","1956","07","28","10:00"," ","9,40","","4,40","","71,00","","29,00","","35,00","","25,00","","94,20","","","","","","Généralement nuageux"
"1956-07-28 11:00","1956","07","28","11:00"," ","9,40","","4,40","","71,00","","27,00","","32,00","","25,00","","94,21","","","","","","Généralement nuageux"
"1956-07-28 12:00","1956","07","28","12:00"," ","11,10","","5,60","","69,00","","29,00","","35,00","","25,00","","94,21","","","","","","Généralement nuageux"
"1956-07-28 13:00","1956","07","28","13:00"," ","11,10","","5,00","","66,00","","29,00","","32,00","","25,00","","94,24","","","","","","Généralement nuageux"
"1956-07-28 14:00","1956","07","28","14:00"," ","12,20","","6,10","","66,00","","27,00","","35,00","","25,00","","94,25","","","","","","Généralement nuageux"
"1956-07-28 15:00","1956","07","28","15:00"," ","12,80","","7,20","","69,00","","32,00","","32,00","","25,00","","94,29","","","","","","Averses de pluie"
"1956-07-28 16:00","1956","07","28","16:00"," ","12,20","","6,70","","69,00","","32,00","","32,00","","25,00","","94,30","","","","","","Généralement nuageux"
"1956-07-28 17:00","1956","07","28","17:00"," ","12,20","","6,10","","66,00","","32,00","","35,00","","25,00","","94,33","","","","","","Généralement nuageux"
"1956-07-28 18:00","1956","07","28","18:00"," ","11,10","","6,10","","71,00","","32,00","","35,00","","25,00","","94,32","","","","","","Généralement nuageux"
"1956-07-28 19:00","1956","07","28","19:00"," ","10,60","","6,10","","74,00","","32,00","","29,00","","25,00","","94,34","","","","","","Généralement nuageux"
"1956-07-28 20:00","1956","07","28","20:00"," ","10,00","","6,10","","77,00","","32,00","","19,00","","25,00","","94,36","","","","","","Généralement dégagé"
"1956-07-28 21:00","1956","07","28","21:00"," ","7,80","","5,60","","86,00","","29,00","","13,00","","25,00","","94,38","","","","","","Généralement dégagé"
"1956-07-28 22:00","1956","07","28","22:00"," ","6,70","","5,00","","89,00","","29,00","","13,00","","25,00","","94,40","","","","","","Généralement dégagé"
"1956-07-28 23:00","1956","07","28","23:00"," ","6,70","","5,00","","89,00","","32,00","","16,00","","25,00","","94,40","","","","","","Généralement dégagé"
"1956-07-29 00:00","1956","07","29","00:00"," ","6,10","","5,00","","93,00","","32,00","","16,00","","25,00","","94,41","","","","","","Généralement dégagé"
"1956-07-29 01:00","1956","07","29","01:00"," ","5,00","","3,90","","93,00","","32,00","","13,00","","25,00","","94,41","","","","","","Généralement dégagé"
"1956-07-29 02:00","1956","07","29","02:00"," ","3,90","","2,80","","92,00","","27,00","","8,00","","25,00","","94,40","","","","","","Généralement dégagé"
"1956-07-29 03:00","1956","07","29","03:00"," ","4,40","","3,30","","93,00","","27,00","","5,00","","25,00","","94,38","","","","","","Généralement dégagé"
"1956-07-29 04:00","1956","07","29","04:00"," ","6,10","","5,00","","93,00","","29,00","","13,00","","25,00","","94,38","","","","","","Généralement nuageux"
"1956-07-29 05:00","1956","07","29","05:00"," ","5,00","","3,90","","93,00","","23,00","","10,00","","25,00","","94,38","","","","","","Généralement nuageux"
"1956-07-29 06:00","1956","07","29","06:00"," ","5,60","","5,00","","96,00","","27,00","","16,00","","25,00","","94,38","","","","","","Généralement nuageux"
"1956-07-29 07:00","1956","07","29","07:00"," ","7,80","","6,70","","93,00","","27,00","","16,00","","25,00","","94,40","","","","","","Généralement nuageux"
"1956-07-29 08:00","1956","07","29","08:00"," ","8,30","","7,20","","93,00","","27,00","","16,00","","25,00","","94,41","","","","","","Généralement nuageux"
"1956-07-29 09:00","1956","07","29","09:00"," ","10,60","","5,60","","71,00","","29,00","","19,00","","25,00","","94,41","","","","","","Généralement nuageux"
"1956-07-29 10:00","1956","07","29","10:00"," ","10,60","","3,90","","63,00","","32,00","","23,00","","25,00","","94,40","","","","","","Généralement nuageux"
"1956-07-29 11:00","1956","07","29","11:00"," ","10,60","","4,40","","66,00","","32,00","","19,00","","25,00","","94,40","","","","","","Nuageux"
"1956-07-29 12:00","1956","07","29","12:00"," ","12,20","","4,40","","59,00","","29,00","","16,00","","25,00","","94,38","","","","","","Généralement nuageux"
"1956-07-29 13:00","1956","07","29","13:00"," ","12,20","","3,90","","57,00","","32,00","","16,00","","25,00","","94,36","","","","","","Généralement nuageux"
"1956-07-29 14:00","1956","07","29","14:00"," ","13,30","","4,40","","55,00","","27,00","","19,00","","25,00","","94,35","","","","","","Généralement nuageux"
"1956-07-29 15:00","1956","07","29","15:00"," ","15,00","","4,40","","49,00","","27,00","","19,00","","25,00","","94,32","","","","","","Généralement nuageux"
"1956-07-29 16:00","1956","07","29","16:00"," ","14,40","","5,00","","53,00","","25,00","","19,00","","25,00","","94,28","","","","","","Généralement nuageux"
"1956-07-29 17:00","1956","07","29","17:00"," ","15,00","","5,00","","51,00","","36,00","","16,00","","25,00","","94,24","","","","","","Généralement dégagé"
"1956-07-29 18:00","1956","07","29","18:00"," ","15,00","","3,90","","47,00","","36,00","","10,00","","25,00","","94,20","","","","","","Généralement dégagé"
"1956-07-29 19:00","1956","07","29","19:00"," ","15,00","","5,00","","51,00","","36,00","","10,00","","25,00","","94,19","","","","","","Généralement dégagé"
"1956-07-29 20:00","1956","07","29","20:00"," ","13,90","","5,60","","57,00","","36,00","","6,00","","25,00","","94,20","","","","","","Généralement nuageux"
"1956-07-29 21:00","1956","07","29","21:00"," ","12,80","","6,10","","64,00","","0,00","","0,00","","25,00","","94,22","","","","","","Généralement nuageux"
"1956-07-29 22:00","1956","07","29","22:00"," ","10,00","","7,80","","86,00","","18,00","","3,00","","25,00","","94,23","","","","","","Généralement nuageux"
"1956-07-29 23:00","1956","07","29","23:00"," ","8,90","","7,20","","89,00","","14,00","","6,00","","25,00","","94,22","","","","","","Généralement nuageux"
"1956-07-30 00:00","1956","07","30","00:00"," ","8,30","","7,20","","93,00","","18,00","","6,00","","25,00","","94,19","","","","","","Dégagé"
"1956-07-30 01:00","1956","07","30","01:00"," ","6,70","","5,60","","93,00","","18,00","","5,00","","25,00","","94,17","","","","","","Dégagé"
"1956-07-30 02:00","1956","07","30","02:00"," ","6,10","","5,00","","93,00","","14,00","","6,00","","25,00","","94,12","","","","","","Dégagé"
"1956-07-30 03:00","1956","07","30","03:00"," ","5,60","","4,40","","93,00","","14,00","","5,00","","25,00","","94,10","","","","","","Dégagé"
"1956-07-30 04:00","1956","07","30","04:00"," ","4,40","","3,90","","96,00","","14,00","","3,00","","25,00","","94,09","","","","","","Dégagé"
"1956-07-30 05:00","1956","07","30","05:00"," ","3,90","","3,30","","96,00","","14,00","","3,00","","25,00","","94,07","","","","","","Dégagé"
"1956-07-30 06:00","1956","07","30","06:00"," ","5,00","","3,90","","93,00","","18,00","","5,00","","25,00","","94,06","","","","","","Généralement dégagé"
"1956-07-30 07:00","1956","07","30","07:00"," ","7,80","","7,20","","96,00","","23,00","","3,00","","25,00","","94,05","","","","","","Dégagé"
"1956-07-30 08:00","1956","07","30","08:00"," ","10,60","","7,80","","83,00","","27,00","","3,00","","25,00","","94,05","","","","","","Dégagé"
"1956-07-30 09:00","1956","07","30","09:00"," ","12,80","","6,70","","66,00","","23,00","","13,00","","25,00","","94,03","","","","","","Généralement dégagé"
"1956-07-30 10:00","1956","07","30","10:00"," ","15,00","","7,20","","60,00","","23,00","","13,00","","25,00","","94,00","","","","","","Généralement dégagé"
"1956-07-30 11:00","1956","07","30","11:00"," ","17,80","","7,20","","50,00","","23,00","","19,00","","25,00","","93,96","","","","","","Généralement dégagé"
"1956-07-30 12:00","1956","07","30","12:00"," ","19,40","","6,70","","43,00","","23,00","","16,00","","25,00","","93,90","","","","","","Généralement dégagé"
"1956-07-30 13:00","1956","07","30","13:00"," ","21,10","","6,10","","38,00","","23,00","","26,00","","25,00","","93,87","","","","","","Généralement dégagé"
"1956-07-30 14:00","1956","07","30","14:00"," ","21,10","","5,00","","35,00","","23,00","","29,00","","25,00","","93,83","","","","","","Généralement dégagé"
"1956-07-30 15:00","1956","07","30","15:00"," ","21,70","","4,40","","32,00","","27,00","","29,00","","25,00","","93,82","","","","","","Généralement dégagé"
"1956-07-30 16:00","1956","07","30","16:00"," ","22,20","","5,00","","33,00","","27,00","","32,00","","25,00","","93,77","","","","","","Généralement dégagé"
"1956-07-30 17:00","1956","07","30","17:00"," ","21,70","","3,30","","30,00","","27,00","","32,00","","25,00","","93,76","","","","","","Généralement dégagé"
"1956-07-30 18:00","1956","07","30","18:00"," ","21,70","","4,40","","32,00","","27,00","","29,00","","25,00","","93,74","","","","","","Généralement dégagé"
"1956-07-30 19:00","1956","07","30","19:00"," ","20,60","","6,10","","39,00","","27,00","","19,00","","25,00","","93,74","","","","","","Généralement dégagé"
"1956-07-30 20:00","1956","07","30","20:00"," ","17,20","","9,40","","60,00","","27,00","","13,00","","25,00","","93,76","","","","","","Généralement dégagé"
"1956-07-30 21:00","1956","07","30","21:00"," ","14,40","","7,80","","64,00","","27,00","","16,00","","25,00","","93,80","","","","","","Généralement dégagé"
"1956-07-30 22:00","1956","07","30","22:00"," ","11,70","","7,80","","77,00","","23,00","","10,00","","25,00","","93,81","","","","","","Généralement dégagé"
"1956-07-30 23:00","1956","07","30","23:00"," ","11,10","","7,20","","77,00","","23,00","","16,00","","25,00","","93,81","","","","","","Généralement dégagé"
"1956-07-31 00:00","1956","07","31","00:00"," ","10,60","","6,70","","77,00","","23,00","","16,00","","25,00","","93,84","","","","","","Généralement dégagé"
"1956-07-31 01:00","1956","07","31","01:00"," ","12,20","","5,00","","61,00","","27,00","","23,00","","25,00","","93,82","","","","","","Généralement dégagé"
"1956-07-31 02:00","1956","07","31","02:00"," ","11,10","","5,00","","66,00","","27,00","","19,00","","25,00","","93,82","","","","","","Généralement dégagé"
"1956-07-31 03:00","1956","07","31","03:00"," ","11,10","","3,30","","59,00","","27,00","","26,00","","25,00","","93,82","","","","","","Généralement dégagé"
"1956-07-31 04:00","1956","07","31","04:00"," ","10,00","","3,30","","63,00","","32,00","","6,00","","25,00","","93,82","","","","","","Généralement dégagé"
"1956-07-31 05:00","1956","07","31","05:00"," ","10,00","","3,30","","63,00","","23,00","","13,00","","25,00","","93,82","","","","","","Généralement dégagé"
"1956-07-31 06:00","1956","07","31","06:00"," ","10,60","","3,90","","63,00","","27,00","","16,00","","25,00","","93,83","","","","","","Généralement dégagé"
"1956-07-31 07:00","1956","07","31","07:00"," ","12,80","","4,40","","57,00","","27,00","","24,00","","25,00","","93,82","","","","","","Généralement nuageux"
"1956-07-31 08:00","1956","07","31","08:00"," ","14,40","","6,70","","60,00","","27,00","","23,00","","25,00","","93,82","","","","","","Généralement dégagé"
"1956-07-31 09:00","1956","07","31","09:00"," ","15,60","","6,10","","53,00","","23,00","","24,00","","25,00","","93,81","","","","","","Généralement dégagé"
"1956-07-31 10:00","1956","07","31","10:00"," ","18,30","","7,80","","50,00","","23,00","","13,00","","25,00","","93,80","","","","","","Généralement dégagé"
"1956-07-31 11:00","1956","07","31","11:00"," ","20,60","","7,20","","42,00","","23,00","","13,00","","25,00","","93,78","","","","","","Généralement dégagé"
"1956-07-31 12:00","1956","07","31","12:00"," ","22,80","","3,90","","29,00","","18,00","","19,00","","25,00","","93,74","","","","","","Généralement dégagé"
"1956-07-31 13:00","1956","07","31","13:00"," ","23,30","","5,60","","32,00","","18,00","","16,00","","25,00","","93,72","","","","","","Généralement dégagé"
"1956-07-31 14:00","1956","07","31","14:00"," ","23,30","","5,60","","32,00","","20,00","","6,00","","25,00","","93,68","","","","","","Généralement dégagé"
"1956-07-31 15:00","1956","07","31","15:00"," ","23,90","","5,00","","29,00","","23,00","","13,00","","25,00","","93,62","","","","","","Généralement dégagé"
"1956-07-31 16:00","1956","07","31","16:00"," ","23,30","","3,90","","28,00","","9,00","","3,00","","25,00","","93,56","","","","","","Généralement nuageux"
"1956-07-31 17:00","1956","07","31","17:00"," ","23,30","","4,40","","29,00","","32,00","","8,00","","25,00","","93,53","","","","","","Généralement nuageux"
"1956-07-31 18:00","1956","07","31","18:00"," ","22,20","","8,30","","41,00","","23,00","","10,00","","25,00","","93,50","","","","","","Généralement nuageux"
"1956-07-31 19:00","1956","07","31","19:00"," ","21,70","","8,90","","44,00","","23,00","","6,00","","25,00","","93,53","","","","","","Généralement nuageux"
"1956-07-31 20:00","1956","07","31","20:00"," ","19,40","","12,20","","63,00","","23,00","","24,00","","25,00","","93,58","","","","","","Généralement nuageux"
"1956-07-31 21:00","1956","07","31","21:00"," ","16,70","","8,30","","58,00","","18,00","","10,00","","25,00","","93,57","","","","","","Généralement nuageux"
"1956-07-31 22:00","1956","07","31","22:00"," ","16,70","","8,30","","58,00","","23,00","","10,00","","25,00","","93,55","","","","","","Généralement nuageux"
"1956-07-31 23:00","1956","07","31","23:00"," ","14,40","","10,00","","75,00","","14,00","","10,00","","25,00","","93,54","","","","","","Nuageux"
