"Nom de la Station","GRANDE PRAIRIE A"
"Province","ALBERTA"
"Latitude","55,18"
"Longitude","-118,89"
"Altitude","669,00"
"Identification Climat","3072920"
"Identification OMM","71940"
"Identification TC","YQU"
"Toutes les heures sont exprimées en heure normale locale (HNL). Pour convertir l'heure locale en heure avancée de l'Est (HAE), ajoutez 1 heure s'il y a lieu."

"Légende"
"M","Données Manquantes"
"E","Valeur Estimée"
"ND","Non Disponible"
"**","Données fournies par un partenaire, non assujetties à un révision par les Archives climatiques nationales du Canada"

"Date/Heure","Année","Mois","Jour","Heure","Qualité des Données","Temp (°C)","Temp Indicateur","Point de rosée (°C)","Point de rosée Indicateur","Hum. rel (%)","Hum. rel. Indicateur","Dir. du vent (10s deg)","Dir. du vent Indicateur","Vit. du vent (km/h)","Vit. du vent Indicateur","Visibilité (km)","Visibilité Indicateur","Pression à la station (kPa)","Pression à la station Indicateur","Hmdx","Hmdx Indicateur","Refroid. éolien","Refroid. éolien Indicateur","Temps"
"1991-06-01 00:00","1991","06","01","00:00"," ","11,30","","2,40","","54,00","","24,00","","22,00","","40,20","","93,08","","","","","","Généralement nuageux"
"1991-06-01 01:00","1991","06","01","01:00"," ","10,80","","-0,50","","46,00","","24,00","","22,00","","40,20","","93,14","","","","","","Nuageux"
"1991-06-01 02:00","1991","06","01","02:00"," ","9,30","","-0,60","","50,00","","24,00","","26,00","","40,20","","93,20","","","","","","Généralement dégagé"
"1991-06-01 03:00","1991","06","01","03:00"," ","8,20","","-1,90","","49,00","","24,00","","22,00","","40,20","","93,27","","","","","","Généralement dégagé"
"1991-06-01 04:00","1991","06","01","04:00"," ","7,30","","-2,30","","51,00","","24,00","","19,00","","40,20","","93,36","","","","","","Généralement dégagé"
"1991-06-01 05:00","1991","06","01","05:00"," ","6,60","","-1,20","","57,00","","24,00","","22,00","","40,20","","93,42","","","","","","Généralement dégagé"
"1991-06-01 06:00","1991","06","01","06:00"," ","7,40","","-1,60","","53,00","","24,00","","22,00","","40,20","","93,46","","","","","","Généralement dégagé"
"1991-06-01 07:00","1991","06","01","07:00"," ","8,60","","-2,70","","45,00","","24,00","","28,00","","40,20","","93,49","","","","","","Généralement dégagé"
"1991-06-01 08:00","1991","06","01","08:00"," ","10,00","","-3,90","","37,00","","24,00","","31,00","","40,20","","93,46","","","","","","Généralement dégagé"
"1991-06-01 09:00","1991","06","01","09:00"," ","10,70","","-5,60","","31,00","","24,00","","31,00","","40,20","","93,49","","","","","","Généralement dégagé"
"1991-06-01 10:00","1991","06","01","10:00"," ","11,40","","-6,50","","28,00","","24,00","","30,00","","40,20","","93,52","","","","","","Généralement dégagé"
"1991-06-01 11:00","1991","06","01","11:00"," ","12,10","","-6,30","","27,00","","24,00","","30,00","","40,20","","93,52","","","","","","Généralement dégagé"
"1991-06-01 12:00","1991","06","01","12:00"," ","12,30","","-6,90","","26,00","","25,00","","31,00","","40,20","","93,58","","","","","","Généralement dégagé"
"1991-06-01 13:00","1991","06","01","13:00"," ","15,10","","-7,20","","21,00","","24,00","","35,00","","40,20","","93,62","","","","","","Généralement dégagé"
"1991-06-01 14:00","1991","06","01","14:00"," ","13,10","","-7,10","","24,00","","24,00","","37,00","","40,20","","93,58","","","","","","Généralement dégagé"
"1991-06-01 15:00","1991","06","01","15:00"," ","13,40","","-6,50","","24,00","","24,00","","37,00","","40,20","","93,65","","","","","","Généralement nuageux"
"1991-06-01 16:00","1991","06","01","16:00"," ","14,60","","-5,90","","24,00","","24,00","","41,00","","40,20","","93,65","","","","","","Généralement nuageux"
"1991-06-01 17:00","1991","06","01","17:00"," ","14,50","","-7,20","","22,00","","26,00","","35,00","","40,20","","93,65","","","","","","Généralement dégagé"
"1991-06-01 18:00","1991","06","01","18:00"," ","14,40","","-7,00","","22,00","","27,00","","33,00","","40,20","","93,68","","","","","","Généralement dégagé"
"1991-06-01 19:00","1991","06","01","19:00"," ","13,80","","-6,50","","24,00","","28,00","","28,00","","40,20","","93,68","","","","","","Généralement dégagé"
"1991-06-01 20:00","1991","06","01","20:00"," ","13,10","","-6,30","","25,00","","27,00","","26,00","","40,20","","93,68","","","","","","Généralement dégagé"
"1991-06-01 21:00","1991","06","01","21:00"," ","10,90","","-6,40","","29,00","","27,00","","19,00","","40,20","","93,68","","","","","","Dégagé"
"1991-06-01 22:00","1991","06","01","22:00"," ","7,80","","-5,80","","38,00","","30,00","","13,00","","40,20","","93,74","","","","","","Généralement dégagé"
"1991-06-01 23:00","1991","06","01","23:00"," ","7,70","","-5,50","","39,00","","25,00","","7,00","","40,20","","93,74","","","","","","Généralement dégagé"
"1991-06-02 00:00","1991","06","02","00:00"," ","5,90","","-3,90","","49,00","","35,00","","9,00","","40,20","","93,74","","","","","","Généralement dégagé"
"1991-06-02 01:00","1991","06","02","01:00"," ","3,40","","-5,30","","53,00","","31,00","","6,00","","40,20","","93,77","","","","","","Généralement dégagé"
"1991-06-02 02:00","1991","06","02","02:00"," ","2,10","","-2,30","","73,00","","20,00","","9,00","","40,20","","93,81","","","","","","Généralement dégagé"
"1991-06-02 03:00","1991","06","02","03:00"," ","1,30","","-4,30","","66,00","","0,00","","0,00","","40,20","","93,81","","","","","","Généralement dégagé"
"1991-06-02 04:00","1991","06","02","04:00"," ","1,90","","-3,80","","66,00","","0,00","","0,00","","40,20","","93,81","","","","","","Généralement nuageux"
"1991-06-02 05:00","1991","06","02","05:00"," ","1,50","","-3,60","","69,00","","1,00","","9,00","","40,20","","93,81","","","","","","Nuageux"
"1991-06-02 06:00","1991","06","02","06:00"," ","4,00","","-3,20","","59,00","","34,00","","7,00","","40,20","","93,74","","","","","","Nuageux"
"1991-06-02 07:00","1991","06","02","07:00"," ","4,10","","-1,70","","66,00","","16,00","","9,00","","40,20","","93,74","","","","","","Nuageux"
"1991-06-02 08:00","1991","06","02","08:00"," ","5,40","","-1,30","","62,00","","13,00","","6,00","","40,20","","93,68","","","","","","Nuageux"
"1991-06-02 09:00","1991","06","02","09:00"," ","8,40","","-0,50","","53,00","","4,00","","17,00","","40,20","","93,62","","","","","","Nuageux"
"1991-06-02 10:00","1991","06","02","10:00"," ","9,40","","-0,60","","50,00","","8,00","","19,00","","40,20","","93,58","","","","","","Nuageux"
"1991-06-02 11:00","1991","06","02","11:00"," ","8,50","","1,80","","63,00","","9,00","","17,00","","24,10","","93,55","","","","","","Pluie"
"1991-06-02 12:00","1991","06","02","12:00"," ","6,50","","4,80","","89,00","","9,00","","22,00","","12,90","","93,52","","","","","","Pluie"
"1991-06-02 13:00","1991","06","02","13:00"," ","6,10","","4,50","","89,00","","8,00","","26,00","","12,90","","93,49","","","","","","Pluie"
"1991-06-02 14:00","1991","06","02","14:00"," ","6,10","","4,70","","91,00","","6,00","","22,00","","24,10","","93,46","","","","","","Pluie"
"1991-06-02 15:00","1991","06","02","15:00"," ","6,70","","5,40","","91,00","","6,00","","19,00","","40,20","","93,46","","","","","","Pluie"
"1991-06-02 16:00","1991","06","02","16:00"," ","6,60","","5,60","","93,00","","4,00","","19,00","","40,20","","93,46","","","","","","Nuageux"
"1991-06-02 17:00","1991","06","02","17:00"," ","7,00","","6,00","","93,00","","5,00","","19,00","","40,20","","93,42","","","","","","Pluie"
"1991-06-02 18:00","1991","06","02","18:00"," ","6,90","","5,80","","93,00","","5,00","","17,00","","40,20","","93,46","","","","","","Nuageux"
"1991-06-02 19:00","1991","06","02","19:00"," ","7,20","","6,10","","93,00","","5,00","","17,00","","40,20","","93,42","","","","","","Nuageux"
"1991-06-02 20:00","1991","06","02","20:00"," ","6,90","","5,70","","92,00","","4,00","","13,00","","40,20","","93,42","","","","","","Nuageux"
"1991-06-02 21:00","1991","06","02","21:00"," ","6,80","","5,50","","92,00","","3,00","","9,00","","40,20","","93,42","","","","","","Nuageux"
"1991-06-02 22:00","1991","06","02","22:00"," ","6,40","","5,70","","95,00","","35,00","","9,00","","24,10","","93,39","","","","","","Nuageux"
"1991-06-02 23:00","1991","06","02","23:00"," ","6,40","","6,00","","97,00","","34,00","","9,00","","16,10","","93,36","","","","","","Bruine"
"1991-06-03 00:00","1991","06","03","00:00"," ","6,60","","6,00","","96,00","","33,00","","6,00","","16,10","","93,33","","","","","","Bruine"
"1991-06-03 01:00","1991","06","03","01:00"," ","6,50","","5,90","","96,00","","31,00","","6,00","","16,10","","93,30","","","","","","Nuageux"
"1991-06-03 02:00","1991","06","03","02:00"," ","6,60","","6,10","","97,00","","33,00","","9,00","","4,80","","93,27","","","","","","Bruine,Brouillard"
"1991-06-03 03:00","1991","06","03","03:00"," ","6,40","","6,30","","99,00","","32,00","","7,00","","4,80","","93,27","","","","","","Bruine,Brouillard"
"1991-06-03 04:00","1991","06","03","04:00"," ","6,50","","6,40","","99,00","","33,00","","9,00","","4,80","","93,27","","","","","","Bruine,Brouillard"
"1991-06-03 05:00","1991","06","03","05:00"," ","6,40","","6,30","","99,00","","32,00","","7,00","","4,00","","93,20","","","","","","Bruine,Brouillard"
"1991-06-03 06:00","1991","06","03","06:00"," ","6,70","","6,70","","100,00","","36,00","","7,00","","2,40","","93,20","","","","","","Bruine,Brouillard"
"1991-06-03 07:00","1991","06","03","07:00"," ","7,00","","6,70","","98,00","","6,00","","4,00","","2,40","","93,20","","","","","","Bruine,Brouillard"
"1991-06-03 08:00","1991","06","03","08:00"," ","7,10","","6,50","","96,00","","0,00","","0,00","","3,20","","93,17","","","","","","Pluie,Brouillard"
"1991-06-03 09:00","1991","06","03","09:00"," ","7,40","","6,90","","97,00","","31,00","","6,00","","6,40","","93,14","","","","","","Pluie,Brouillard"
"1991-06-03 10:00","1991","06","03","10:00"," ","7,60","","6,80","","94,00","","28,00","","9,00","","9,70","","93,14","","","","","","Pluie,Brouillard"
"1991-06-03 11:00","1991","06","03","11:00"," ","7,60","","6,80","","94,00","","25,00","","20,00","","6,40","","93,14","","","","","","Pluie,Brouillard"
"1991-06-03 12:00","1991","06","03","12:00"," ","8,40","","6,30","","87,00","","25,00","","20,00","","24,10","","93,14","","","","","","Pluie"
"1991-06-03 13:00","1991","06","03","13:00"," ","9,30","","6,50","","83,00","","26,00","","20,00","","24,10","","93,17","","","","","","Généralement nuageux"
"1991-06-03 14:00","1991","06","03","14:00"," ","10,10","","5,60","","74,00","","26,00","","17,00","","40,20","","93,27","","","","","","Généralement nuageux"
"1991-06-03 15:00","1991","06","03","15:00"," ","10,90","","5,40","","69,00","","28,00","","19,00","","40,20","","93,27","","","","","","Généralement nuageux"
"1991-06-03 16:00","1991","06","03","16:00"," ","11,40","","4,90","","64,00","","28,00","","19,00","","40,20","","93,33","","","","","","Généralement nuageux"
"1991-06-03 17:00","1991","06","03","17:00"," ","11,80","","5,20","","64,00","","30,00","","20,00","","40,20","","93,30","","","","","","Généralement nuageux"
"1991-06-03 18:00","1991","06","03","18:00"," ","11,60","","5,30","","65,00","","28,00","","22,00","","40,20","","93,36","","","","","","Généralement nuageux"
"1991-06-03 19:00","1991","06","03","19:00"," ","10,90","","4,70","","66,00","","29,00","","15,00","","40,20","","93,42","","","","","","Nuageux"
"1991-06-03 20:00","1991","06","03","20:00"," ","10,00","","5,20","","72,00","","30,00","","15,00","","40,20","","93,46","","","","","","Nuageux"
"1991-06-03 21:00","1991","06","03","21:00"," ","9,10","","5,10","","76,00","","30,00","","15,00","","40,20","","93,46","","","","","","Généralement nuageux"
"1991-06-03 22:00","1991","06","03","22:00"," ","8,40","","5,20","","80,00","","29,00","","9,00","","40,20","","93,49","","","","","","Généralement nuageux"
"1991-06-03 23:00","1991","06","03","23:00"," ","8,60","","5,00","","78,00","","31,00","","13,00","","40,20","","93,52","","","","","","Généralement nuageux"
"1991-06-04 00:00","1991","06","04","00:00"," ","6,50","","3,80","","83,00","","25,00","","15,00","","40,20","","93,52","","","","","","Généralement nuageux"
"1991-06-04 01:00","1991","06","04","01:00"," ","6,20","","3,60","","83,00","","26,00","","11,00","","40,20","","93,55","","","","","","Généralement nuageux"
"1991-06-04 02:00","1991","06","04","02:00"," ","5,90","","3,30","","83,00","","25,00","","15,00","","40,20","","93,52","","","","","","Généralement nuageux"
"1991-06-04 03:00","1991","06","04","03:00"," ","5,40","","3,50","","88,00","","25,00","","11,00","","40,20","","93,55","","","","","","Généralement nuageux"
"1991-06-04 04:00","1991","06","04","04:00"," ","3,80","","2,40","","91,00","","24,00","","7,00","","40,20","","93,58","","","","","","Généralement nuageux"
"1991-06-04 05:00","1991","06","04","05:00"," ","3,10","","1,80","","91,00","","22,00","","6,00","","40,20","","93,58","","","","","","Généralement dégagé"
"1991-06-04 06:00","1991","06","04","06:00"," ","4,80","","3,10","","89,00","","25,00","","11,00","","40,20","","93,58","","","","","","Généralement dégagé"
"1991-06-04 07:00","1991","06","04","07:00"," ","6,20","","2,90","","79,00","","25,00","","24,00","","40,20","","93,55","","","","","","Généralement dégagé"
"1991-06-04 08:00","1991","06","04","08:00"," ","6,60","","2,40","","74,00","","25,00","","28,00","","40,20","","93,55","","","","","","Généralement nuageux"
"1991-06-04 09:00","1991","06","04","09:00"," ","5,80","","2,70","","81,00","","24,00","","28,00","","24,10","","93,58","","","","","","Bruine"
"1991-06-04 10:00","1991","06","04","10:00"," ","5,30","","3,50","","88,00","","24,00","","28,00","","9,70","","93,62","","","","","","Pluie"
"1991-06-04 11:00","1991","06","04","11:00"," ","4,50","","2,90","","89,00","","25,00","","33,00","","16,10","","93,68","","","","","","Pluie"
"1991-06-04 12:00","1991","06","04","12:00"," ","5,70","","3,80","","87,00","","26,00","","28,00","","24,10","","93,74","","","","","","Averses de pluie"
"1991-06-04 13:00","1991","06","04","13:00"," ","5,80","","3,90","","88,00","","25,00","","24,00","","24,10","","93,74","","","","","","Averses de pluie"
"1991-06-04 14:00","1991","06","04","14:00"," ","8,10","","3,40","","72,00","","27,00","","19,00","","40,20","","93,77","","","","","","Généralement nuageux"
"1991-06-04 15:00","1991","06","04","15:00"," ","9,30","","3,30","","66,00","","27,00","","28,00","","40,20","","93,81","","","","","","Généralement nuageux"
"1991-06-04 16:00","1991","06","04","16:00"," ","8,20","","3,50","","72,00","","26,00","","22,00","","40,20","","93,84","","","","","","Averses de pluie"
"1991-06-04 17:00","1991","06","04","17:00"," ","9,00","","3,90","","70,00","","28,00","","19,00","","40,20","","93,90","","","","","","Nuageux"
"1991-06-04 18:00","1991","06","04","18:00"," ","9,30","","4,30","","71,00","","26,00","","28,00","","40,20","","93,93","","","","","","Averses de pluie"
"1991-06-04 19:00","1991","06","04","19:00"," ","9,10","","4,80","","74,00","","26,00","","28,00","","40,20","","93,96","","","","","","Nuageux"
"1991-06-04 20:00","1991","06","04","20:00"," ","8,90","","3,90","","71,00","","27,00","","19,00","","40,20","","94,03","","","","","","Généralement nuageux"
"1991-06-04 21:00","1991","06","04","21:00"," ","8,60","","4,20","","74,00","","26,00","","22,00","","40,20","","94,06","","","","","","Généralement nuageux"
"1991-06-04 22:00","1991","06","04","22:00"," ","7,40","","4,30","","81,00","","27,00","","19,00","","40,20","","94,19","","","","","","Généralement nuageux"
"1991-06-04 23:00","1991","06","04","23:00"," ","6,80","","4,40","","85,00","","25,00","","15,00","","40,20","","94,22","","","","","","Généralement nuageux"
"1991-06-05 00:00","1991","06","05","00:00"," ","4,80","","3,80","","93,00","","25,00","","15,00","","40,20","","94,22","","","","","","Généralement dégagé"
"1991-06-05 01:00","1991","06","05","01:00"," ","2,60","","2,10","","96,00","","21,00","","17,00","","40,20","","94,25","","","","","","Dégagé"
"1991-06-05 02:00","1991","06","05","02:00"," ","4,30","","2,70","","90,00","","24,00","","20,00","","40,20","","94,28","","","","","","Dégagé"
"1991-06-05 03:00","1991","06","05","03:00"," ","4,60","","1,90","","82,00","","24,00","","24,00","","40,20","","94,28","","","","","","Dégagé"
"1991-06-05 04:00","1991","06","05","04:00"," ","4,40","","1,30","","80,00","","24,00","","15,00","","40,20","","94,35","","","","","","Dégagé"
"1991-06-05 05:00","1991","06","05","05:00"," ","4,00","","1,30","","82,00","","24,00","","11,00","","40,20","","94,38","","","","","","Dégagé"
"1991-06-05 06:00","1991","06","05","06:00"," ","6,10","","1,20","","71,00","","23,00","","4,00","","40,20","","94,38","","","","","","Dégagé"
"1991-06-05 07:00","1991","06","05","07:00"," ","7,20","","2,40","","71,00","","0,00","","0,00","","40,20","","94,41","","","","","","Dégagé"
"1991-06-05 08:00","1991","06","05","08:00"," ","10,70","","4,40","","65,00","","24,00","","19,00","","40,20","","94,41","","","","","","Dégagé"
"1991-06-05 09:00","1991","06","05","09:00"," ","13,10","","5,00","","58,00","","26,00","","24,00","","40,20","","94,41","","","","","","Dégagé"
"1991-06-05 10:00","1991","06","05","10:00"," ","15,20","","5,70","","53,00","","24,00","","28,00","","40,20","","94,41","","","","","","Généralement dégagé"
"1991-06-05 11:00","1991","06","05","11:00"," ","17,50","","6,50","","48,00","","25,00","","28,00","","40,20","","94,44","","","","","","Généralement dégagé"
"1991-06-05 12:00","1991","06","05","12:00"," ","18,60","","5,80","","43,00","","29,00","","26,00","","40,20","","94,41","","","","","","Généralement dégagé"
"1991-06-05 13:00","1991","06","05","13:00"," ","19,60","","4,30","","36,00","","29,00","","17,00","","40,20","","94,38","","","","","","Généralement dégagé"
"1991-06-05 14:00","1991","06","05","14:00"," ","20,20","","3,70","","34,00","","28,00","","11,00","","40,20","","94,38","","","","","","Généralement dégagé"
"1991-06-05 15:00","1991","06","05","15:00"," ","20,20","","1,00","","28,00","","28,00","","7,00","","40,20","","94,38","","","","","","Généralement dégagé"
"1991-06-05 16:00","1991","06","05","16:00"," ","21,30","","2,20","","28,00","","24,00","","19,00","","40,20","","94,38","","","","","","Généralement dégagé"
"1991-06-05 17:00","1991","06","05","17:00"," ","21,30","","1,20","","26,00","","30,00","","7,00","","40,20","","94,35","","","","","","Généralement dégagé"
"1991-06-05 18:00","1991","06","05","18:00"," ","21,30","","1,40","","27,00","","28,00","","22,00","","40,20","","94,35","","","","","","Généralement dégagé"
"1991-06-05 19:00","1991","06","05","19:00"," ","21,20","","3,00","","30,00","","28,00","","4,00","","40,20","","94,35","","","","","","Généralement dégagé"
"1991-06-05 20:00","1991","06","05","20:00"," ","20,80","","0,60","","26,00","","0,00","","0,00","","40,20","","94,35","","","","","","Généralement dégagé"
"1991-06-05 21:00","1991","06","05","21:00"," ","19,10","","0,70","","29,00","","0,00","","0,00","","40,20","","94,35","","","","","","Généralement dégagé"
"1991-06-05 22:00","1991","06","05","22:00"," ","16,50","","3,90","","43,00","","0,00","","0,00","","40,20","","94,38","","","","","","Dégagé"
"1991-06-05 23:00","1991","06","05","23:00"," ","12,10","","4,70","","61,00","","23,00","","6,00","","40,20","","94,38","","","","","","Dégagé"
"1991-06-06 00:00","1991","06","06","00:00"," ","10,20","","3,80","","64,00","","0,00","","0,00","","40,20","","94,41","","","","","","Dégagé"
"1991-06-06 01:00","1991","06","06","01:00"," ","11,10","","4,00","","62,00","","35,00","","4,00","","40,20","","94,41","","","","","","Dégagé"
"1991-06-06 02:00","1991","06","06","02:00"," ","8,60","","4,10","","73,00","","31,00","","6,00","","40,20","","94,41","","","","","","Dégagé"
"1991-06-06 03:00","1991","06","06","03:00"," ","8,70","","5,10","","78,00","","28,00","","4,00","","40,20","","94,41","","","","","","Dégagé"
"1991-06-06 04:00","1991","06","06","04:00"," ","7,00","","4,10","","82,00","","32,00","","7,00","","40,20","","94,38","","","","","","Dégagé"
"1991-06-06 05:00","1991","06","06","05:00"," ","7,10","","5,50","","89,00","","32,00","","6,00","","40,20","","94,38","","","","","","Dégagé"
"1991-06-06 06:00","1991","06","06","06:00"," ","6,80","","4,60","","86,00","","26,00","","4,00","","40,20","","94,38","","","","","","Généralement dégagé"
"1991-06-06 07:00","1991","06","06","07:00"," ","10,60","","5,00","","68,00","","0,00","","0,00","","40,20","","94,38","","","","","","Généralement dégagé"
"1991-06-06 08:00","1991","06","06","08:00"," ","12,50","","6,00","","65,00","","0,00","","0,00","","40,20","","94,35","","","","","","Généralement dégagé"
"1991-06-06 09:00","1991","06","06","09:00"," ","14,70","","5,20","","53,00","","12,00","","6,00","","40,20","","94,31","","","","","","Généralement dégagé"
"1991-06-06 10:00","1991","06","06","10:00"," ","16,70","","5,90","","49,00","","9,00","","6,00","","40,20","","94,25","","","","","","Généralement dégagé"
"1991-06-06 11:00","1991","06","06","11:00"," ","19,70","","6,30","","42,00","","0,00","","0,00","","40,20","","94,16","","","","","","Généralement dégagé"
"1991-06-06 12:00","1991","06","06","12:00"," ","21,50","","4,90","","34,00","","12,00","","24,00","","40,20","","94,06","","","","","","Généralement nuageux"
"1991-06-06 13:00","1991","06","06","13:00"," ","22,10","","4,90","","33,00","","12,00","","9,00","","40,20","","94,00","","","","","","Généralement nuageux"
"1991-06-06 14:00","1991","06","06","14:00"," ","23,00","","4,80","","31,00","","8,00","","15,00","","40,20","","93,90","","","","","","Généralement nuageux"
"1991-06-06 15:00","1991","06","06","15:00"," ","23,30","","4,50","","30,00","","10,00","","9,00","","40,20","","93,84","","","","","","Généralement nuageux"
"1991-06-06 16:00","1991","06","06","16:00"," ","23,90","","5,60","","31,00","","12,00","","11,00","","40,20","","93,74","","","","","","Généralement nuageux"
"1991-06-06 17:00","1991","06","06","17:00"," ","24,50","","5,30","","29,00","","12,00","","28,00","","40,20","","93,65","","","","","","Généralement nuageux"
"1991-06-06 18:00","1991","06","06","18:00"," ","23,80","","6,70","","33,00","","11,00","","22,00","","40,20","","93,55","","","","","","Généralement nuageux"
"1991-06-06 19:00","1991","06","06","19:00"," ","22,30","","6,80","","37,00","","11,00","","22,00","","40,20","","93,49","","","","","","Généralement nuageux"
"1991-06-06 20:00","1991","06","06","20:00"," ","21,60","","7,00","","39,00","","8,00","","19,00","","40,20","","93,46","","","","","","Généralement nuageux"
"1991-06-06 21:00","1991","06","06","21:00"," ","20,30","","6,40","","40,00","","9,00","","17,00","","40,20","","93,42","","","","","","Généralement nuageux"
"1991-06-06 22:00","1991","06","06","22:00"," ","18,40","","6,20","","45,00","","10,00","","17,00","","40,20","","93,36","","","","","","Généralement nuageux"
"1991-06-06 23:00","1991","06","06","23:00"," ","17,30","","6,10","","48,00","","10,00","","20,00","","40,20","","93,30","","","","","","Généralement nuageux"
"1991-06-07 00:00","1991","06","07","00:00"," ","15,40","","6,30","","55,00","","10,00","","17,00","","40,20","","93,27","","","","","","Généralement dégagé"
"1991-06-07 01:00","1991","06","07","01:00"," ","15,80","","6,70","","55,00","","11,00","","17,00","","40,20","","93,20","","","","","","Généralement nuageux"
"1991-06-07 02:00","1991","06","07","02:00"," ","13,80","","6,50","","61,00","","10,00","","11,00","","40,20","","93,14","","","","","","Généralement dégagé"
"1991-06-07 03:00","1991","06","07","03:00"," ","12,40","","6,50","","67,00","","12,00","","6,00","","40,20","","93,14","","","","","","Généralement dégagé"
"1991-06-07 04:00","1991","06","07","04:00"," ","10,90","","6,00","","72,00","","15,00","","4,00","","40,20","","93,11","","","","","","Généralement dégagé"
"1991-06-07 05:00","1991","06","07","05:00"," ","10,50","","5,90","","73,00","","13,00","","4,00","","40,20","","93,11","","","","","","Généralement dégagé"
"1991-06-07 06:00","1991","06","07","06:00"," ","10,90","","6,90","","76,00","","16,00","","6,00","","40,20","","93,11","","","","","","Généralement dégagé"
"1991-06-07 07:00","1991","06","07","07:00"," ","12,80","","8,10","","73,00","","22,00","","7,00","","40,20","","93,11","","","","","","Généralement dégagé"
"1991-06-07 08:00","1991","06","07","08:00"," ","15,10","","8,40","","64,00","","29,00","","4,00","","40,20","","93,04","","","","","","Généralement nuageux"
"1991-06-07 09:00","1991","06","07","09:00"," ","18,60","","7,50","","48,00","","27,00","","15,00","","40,20","","93,01","","","","","","Généralement nuageux"
"1991-06-07 10:00","1991","06","07","10:00"," ","20,90","","7,80","","43,00","","1,00","","6,00","","40,20","","92,98","","","","","","Généralement nuageux"
"1991-06-07 11:00","1991","06","07","11:00"," ","22,30","","8,80","","42,00","","29,00","","11,00","","40,20","","92,95","","","","","","Généralement nuageux"
"1991-06-07 12:00","1991","06","07","12:00"," ","23,40","","6,60","","34,00","","24,00","","13,00","","40,20","","92,92","","","","","","Généralement nuageux"
"1991-06-07 13:00","1991","06","07","13:00"," ","24,10","","7,10","","34,00","","31,00","","13,00","","40,20","","92,88","","","","","","Généralement nuageux"
"1991-06-07 14:00","1991","06","07","14:00"," ","22,80","","7,00","","36,00","","28,00","","15,00","","40,20","","92,88","","","","","","Généralement nuageux"
"1991-06-07 15:00","1991","06","07","15:00"," ","23,20","","6,40","","34,00","","28,00","","13,00","","40,20","","92,82","","","","","","Généralement nuageux"
"1991-06-07 16:00","1991","06","07","16:00"," ","23,10","","6,50","","34,00","","27,00","","22,00","","40,20","","92,82","","","","","","Généralement nuageux"
"1991-06-07 17:00","1991","06","07","17:00"," ","22,40","","6,30","","35,00","","27,00","","15,00","","40,20","","92,76","","","","","","Généralement nuageux"
"1991-06-07 18:00","1991","06","07","18:00"," ","21,90","","6,20","","36,00","","27,00","","13,00","","40,20","","92,76","","","","","","Généralement nuageux"
"1991-06-07 19:00","1991","06","07","19:00"," ","21,40","","5,10","","35,00","","28,00","","28,00","","40,20","","92,73","","","","","","Généralement nuageux"
"1991-06-07 20:00","1991","06","07","20:00"," ","20,30","","4,90","","36,00","","29,00","","28,00","","40,20","","92,76","","","","","","Généralement nuageux"
"1991-06-07 21:00","1991","06","07","21:00"," ","19,70","","4,50","","37,00","","28,00","","24,00","","40,20","","92,79","","","","","","Généralement nuageux"
"1991-06-07 22:00","1991","06","07","22:00"," ","17,70","","4,70","","42,00","","25,00","","22,00","","40,20","","92,82","","","","","","Généralement nuageux"
"1991-06-07 23:00","1991","06","07","23:00"," ","16,70","","4,70","","45,00","","25,00","","24,00","","40,20","","92,85","","","","","","Généralement nuageux"
"1991-06-08 00:00","1991","06","08","00:00"," ","13,80","","3,00","","48,00","","27,00","","22,00","","40,20","","92,88","","","","","","Généralement nuageux"
"1991-06-08 01:00","1991","06","08","01:00"," ","13,30","","0,80","","42,00","","26,00","","30,00","","40,20","","92,88","","","","","","Généralement nuageux"
"1991-06-08 02:00","1991","06","08","02:00"," ","12,50","","0,10","","43,00","","27,00","","20,00","","40,20","","92,92","","","","","","Généralement dégagé"
"1991-06-08 03:00","1991","06","08","03:00"," ","11,90","","-0,60","","42,00","","28,00","","17,00","","40,20","","92,95","","","","","","Généralement nuageux"
"1991-06-08 04:00","1991","06","08","04:00"," ","10,80","","-1,00","","44,00","","27,00","","26,00","","40,20","","92,92","","","","","","Généralement nuageux"
"1991-06-08 05:00","1991","06","08","05:00"," ","10,10","","-1,10","","46,00","","26,00","","28,00","","40,20","","92,98","","","","","","Généralement dégagé"
"1991-06-08 06:00","1991","06","08","06:00"," ","9,80","","-0,20","","50,00","","26,00","","26,00","","40,20","","92,98","","","","","","Généralement dégagé"
"1991-06-08 07:00","1991","06","08","07:00"," ","11,90","","1,20","","48,00","","26,00","","28,00","","40,20","","93,04","","","","","","Généralement dégagé"
"1991-06-08 08:00","1991","06","08","08:00"," ","13,10","","0,70","","43,00","","27,00","","28,00","","40,20","","93,04","","","","","","Généralement dégagé"
"1991-06-08 09:00","1991","06","08","09:00"," ","14,00","","-0,20","","38,00","","27,00","","31,00","","40,20","","93,11","","","","","","Généralement dégagé"
"1991-06-08 10:00","1991","06","08","10:00"," ","14,80","","-0,90","","34,00","","26,00","","33,00","","40,20","","93,08","","","","","","Généralement dégagé"
"1991-06-08 11:00","1991","06","08","11:00"," ","15,30","","-1,50","","32,00","","26,00","","33,00","","40,20","","93,08","","","","","","Généralement dégagé"
"1991-06-08 12:00","1991","06","08","12:00"," ","16,40","","-1,60","","29,00","","26,00","","37,00","","40,20","","93,11","","","","","","Généralement dégagé"
"1991-06-08 13:00","1991","06","08","13:00"," ","16,20","","-1,20","","30,00","","26,00","","39,00","","40,20","","93,11","","","","","","Généralement dégagé"
"1991-06-08 14:00","1991","06","08","14:00"," ","16,30","","-1,30","","30,00","","25,00","","41,00","","40,20","","93,14","","","","","","Généralement dégagé"
"1991-06-08 15:00","1991","06","08","15:00"," ","16,20","","-1,50","","30,00","","27,00","","43,00","","40,20","","93,11","","","","","","Généralement dégagé"
"1991-06-08 16:00","1991","06","08","16:00"," ","16,20","","-1,50","","30,00","","26,00","","43,00","","40,20","","93,20","","","","","","Généralement dégagé"
"1991-06-08 17:00","1991","06","08","17:00"," ","15,80","","-2,00","","29,00","","27,00","","41,00","","40,20","","93,23","","","","","","Généralement dégagé"
"1991-06-08 18:00","1991","06","08","18:00"," ","15,50","","-1,90","","30,00","","26,00","","41,00","","40,20","","93,27","","","","","","Généralement dégagé"
"1991-06-08 19:00","1991","06","08","19:00"," ","15,20","","-1,60","","31,00","","26,00","","39,00","","40,20","","93,27","","","","","","Généralement dégagé"
"1991-06-08 20:00","1991","06","08","20:00"," ","14,10","","-1,70","","33,00","","25,00","","33,00","","40,20","","93,27","","","","","","Généralement dégagé"
"1991-06-08 21:00","1991","06","08","21:00"," ","12,80","","-1,60","","37,00","","25,00","","28,00","","40,20","","93,33","","","","","","Généralement dégagé"
"1991-06-08 22:00","1991","06","08","22:00"," ","10,90","","-1,40","","42,00","","24,00","","19,00","","40,20","","93,36","","","","","","Généralement dégagé"
"1991-06-08 23:00","1991","06","08","23:00"," ","10,10","","-1,10","","46,00","","24,00","","19,00","","40,20","","93,36","","","","","","Généralement dégagé"
"1991-06-09 00:00","1991","06","09","00:00"," ","7,80","","-1,40","","52,00","","23,00","","15,00","","40,20","","93,42","","","","","","Dégagé"
"1991-06-09 01:00","1991","06","09","01:00"," ","7,10","","-1,10","","56,00","","23,00","","17,00","","40,20","","93,46","","","","","","Dégagé"
"1991-06-09 02:00","1991","06","09","02:00"," ","5,40","","-1,20","","62,00","","22,00","","13,00","","40,20","","93,46","","","","","","Dégagé"
"1991-06-09 03:00","1991","06","09","03:00"," ","2,70","","-1,60","","73,00","","19,00","","7,00","","40,20","","93,52","","","","","","Généralement dégagé"
"1991-06-09 04:00","1991","06","09","04:00"," ","2,00","","-1,20","","79,00","","20,00","","6,00","","40,20","","93,49","","","","","","Généralement dégagé"
"1991-06-09 05:00","1991","06","09","05:00"," ","4,30","","-0,40","","72,00","","16,00","","4,00","","40,20","","93,52","","","","","","Généralement nuageux"
"1991-06-09 06:00","1991","06","09","06:00"," ","8,30","","1,70","","63,00","","19,00","","4,00","","40,20","","93,52","","","","","","Généralement nuageux"
"1991-06-09 07:00","1991","06","09","07:00"," ","9,20","","2,90","","65,00","","19,00","","9,00","","40,20","","93,52","","","","","","Généralement nuageux"
"1991-06-09 08:00","1991","06","09","08:00"," ","13,00","","4,30","","55,00","","25,00","","20,00","","40,20","","93,52","","","","","","Généralement nuageux"
"1991-06-09 09:00","1991","06","09","09:00"," ","15,30","","3,30","","45,00","","25,00","","33,00","","40,20","","93,52","","","","","","Généralement nuageux"
"1991-06-09 10:00","1991","06","09","10:00"," ","14,70","","3,30","","46,00","","25,00","","31,00","","40,20","","93,52","","","","","","Généralement nuageux"
"1991-06-09 11:00","1991","06","09","11:00"," ","15,40","","3,70","","46,00","","27,00","","30,00","","40,20","","93,52","","","","","","Généralement nuageux"
"1991-06-09 12:00","1991","06","09","12:00"," ","15,60","","3,60","","45,00","","26,00","","17,00","","40,20","","93,52","","","","","","Généralement nuageux"
"1991-06-09 13:00","1991","06","09","13:00"," ","16,90","","4,70","","45,00","","27,00","","20,00","","40,20","","93,49","","","","","","Généralement nuageux"
"1991-06-09 14:00","1991","06","09","14:00"," ","17,50","","4,60","","42,00","","25,00","","24,00","","40,20","","93,46","","","","","","Généralement nuageux"
"1991-06-09 15:00","1991","06","09","15:00"," ","19,40","","4,50","","37,00","","25,00","","28,00","","40,20","","93,46","","","","","","Généralement nuageux"
"1991-06-09 16:00","1991","06","09","16:00"," ","21,00","","5,40","","36,00","","28,00","","31,00","","40,20","","93,42","","","","","","Généralement nuageux"
"1991-06-09 17:00","1991","06","09","17:00"," ","19,70","","5,50","","39,00","","27,00","","30,00","","40,20","","93,42","","","","","","Généralement nuageux"
"1991-06-09 18:00","1991","06","09","18:00"," ","19,80","","5,90","","40,00","","27,00","","30,00","","40,20","","93,46","","","","","","Généralement nuageux"
"1991-06-09 19:00","1991","06","09","19:00"," ","19,00","","6,60","","44,00","","27,00","","28,00","","40,20","","93,46","","","","","","Généralement nuageux"
"1991-06-09 20:00","1991","06","09","20:00"," ","17,50","","6,40","","48,00","","25,00","","26,00","","40,20","","93,46","","","","","","Généralement nuageux"
"1991-06-09 21:00","1991","06","09","21:00"," ","15,70","","6,80","","55,00","","24,00","","17,00","","40,20","","93,46","","","","","","Généralement nuageux"
"1991-06-09 22:00","1991","06","09","22:00"," ","13,50","","6,50","","63,00","","20,00","","7,00","","40,20","","93,46","","","","","","Généralement nuageux"
"1991-06-09 23:00","1991","06","09","23:00"," ","12,60","","6,40","","66,00","","19,00","","7,00","","40,20","","93,42","","","","","","Généralement nuageux"
"1991-06-10 00:00","1991","06","10","00:00"," ","12,40","","6,80","","69,00","","12,00","","7,00","","40,20","","93,39","","","","","","Généralement nuageux"
"1991-06-10 01:00","1991","06","10","01:00"," ","11,90","","6,90","","71,00","","14,00","","9,00","","40,20","","93,36","","","","","","Généralement nuageux"
"1991-06-10 02:00","1991","06","10","02:00"," ","12,00","","7,00","","71,00","","15,00","","7,00","","40,20","","93,33","","","","","","Averses de pluie"
"1991-06-10 03:00","1991","06","10","03:00"," ","11,30","","8,30","","82,00","","16,00","","7,00","","40,20","","93,30","","","","","","Averses de pluie"
"1991-06-10 04:00","1991","06","10","04:00"," ","11,60","","8,50","","81,00","","12,00","","4,00","","40,20","","93,27","","","","","","Généralement nuageux"
"1991-06-10 05:00","1991","06","10","05:00"," ","11,60","","9,00","","84,00","","0,00","","0,00","","40,20","","93,23","","","","","","Généralement nuageux"
"1991-06-10 06:00","1991","06","10","06:00"," ","12,50","","8,80","","78,00","","15,00","","6,00","","40,20","","93,23","","","","","","Généralement nuageux"
"1991-06-10 07:00","1991","06","10","07:00"," ","13,20","","9,20","","77,00","","0,00","","0,00","","40,20","","93,23","","","","","","Généralement nuageux"
"1991-06-10 08:00","1991","06","10","08:00"," ","15,50","","9,80","","69,00","","17,00","","4,00","","40,20","","93,20","","","","","","Généralement nuageux"
"1991-06-10 09:00","1991","06","10","09:00"," ","17,60","","9,60","","59,00","","22,00","","9,00","","40,20","","93,20","","","","","","Généralement nuageux"
"1991-06-10 10:00","1991","06","10","10:00"," ","18,30","","9,20","","56,00","","22,00","","7,00","","40,20","","93,20","","","","","","Généralement nuageux"
"1991-06-10 11:00","1991","06","10","11:00"," ","20,60","","8,00","","44,00","","26,00","","19,00","","40,20","","93,20","","","","","","Généralement nuageux"
"1991-06-10 12:00","1991","06","10","12:00"," ","22,40","","8,20","","40,00","","27,00","","19,00","","40,20","","93,17","","","","","","Généralement nuageux"
"1991-06-10 13:00","1991","06","10","13:00"," ","22,40","","7,30","","38,00","","24,00","","20,00","","40,20","","93,11","","","","","","Généralement nuageux"
"1991-06-10 14:00","1991","06","10","14:00"," ","21,40","","7,50","","41,00","","26,00","","22,00","","40,20","","93,11","","","","","","Généralement nuageux"
"1991-06-10 15:00","1991","06","10","15:00"," ","20,10","","6,90","","42,00","","23,00","","24,00","","40,20","","93,11","","","","","","Généralement nuageux"
"1991-06-10 16:00","1991","06","10","16:00"," ","20,10","","8,40","","47,00","","22,00","","17,00","","40,20","","93,04","","","","","","Généralement nuageux"
"1991-06-10 17:00","1991","06","10","17:00"," ","20,10","","7,50","","44,00","","20,00","","17,00","","40,20","","93,01","","","","","","Généralement nuageux"
"1991-06-10 18:00","1991","06","10","18:00"," ","20,90","","8,10","","44,00","","24,00","","22,00","","40,20","","92,95","","","","","","Généralement nuageux"
"1991-06-10 19:00","1991","06","10","19:00"," ","19,60","","8,40","","48,00","","22,00","","15,00","","40,20","","92,92","","","","","","Généralement nuageux"
"1991-06-10 20:00","1991","06","10","20:00"," ","18,20","","6,20","","45,00","","23,00","","15,00","","40,20","","92,92","","","","","","Généralement nuageux"
"1991-06-10 21:00","1991","06","10","21:00"," ","16,40","","6,50","","52,00","","20,00","","6,00","","40,20","","92,92","","","","","","Généralement nuageux"
"1991-06-10 22:00","1991","06","10","22:00"," ","15,10","","7,00","","58,00","","24,00","","6,00","","40,20","","92,88","","","","","","Généralement nuageux"
"1991-06-10 23:00","1991","06","10","23:00"," ","13,80","","7,10","","64,00","","21,00","","7,00","","40,20","","92,85","","","","","","Généralement nuageux"
"1991-06-11 00:00","1991","06","11","00:00"," ","11,50","","7,90","","78,00","","15,00","","7,00","","40,20","","92,85","","","","","","Généralement nuageux"
"1991-06-11 01:00","1991","06","11","01:00"," ","10,00","","8,10","","88,00","","0,00","","0,00","","40,20","","92,82","","","","","","Généralement nuageux"
"1991-06-11 02:00","1991","06","11","02:00"," ","9,60","","8,40","","92,00","","0,00","","0,00","","40,20","","92,82","","","","","","Généralement nuageux"
"1991-06-11 03:00","1991","06","11","03:00"," ","10,70","","6,40","","75,00","","26,00","","15,00","","40,20","","92,82","","","","","","Généralement nuageux"
"1991-06-11 04:00","1991","06","11","04:00"," ","11,60","","6,20","","69,00","","27,00","","15,00","","40,20","","92,82","","","","","","Nuageux"
"1991-06-11 05:00","1991","06","11","05:00"," ","10,90","","6,60","","75,00","","24,00","","4,00","","40,20","","92,82","","","","","","Nuageux"
"1991-06-11 06:00","1991","06","11","06:00"," ","10,80","","6,50","","75,00","","18,00","","4,00","","40,20","","92,76","","","","","","Généralement nuageux"
"1991-06-11 07:00","1991","06","11","07:00"," ","11,50","","6,90","","73,00","","25,00","","6,00","","40,20","","92,79","","","","","","Généralement nuageux"
"1991-06-11 08:00","1991","06","11","08:00"," ","14,10","","7,10","","63,00","","27,00","","19,00","","40,20","","92,76","","","","","","Généralement nuageux"
"1991-06-11 09:00","1991","06","11","09:00"," ","15,10","","4,20","","48,00","","30,00","","11,00","","40,20","","92,76","","","","","","Généralement nuageux"
"1991-06-11 10:00","1991","06","11","10:00"," ","15,60","","3,50","","44,00","","32,00","","4,00","","40,20","","92,73","","","","","","Généralement nuageux"
"1991-06-11 11:00","1991","06","11","11:00"," ","16,40","","3,50","","42,00","","33,00","","9,00","","40,20","","92,69","","","","","","Généralement nuageux"
"1991-06-11 12:00","1991","06","11","12:00"," ","18,30","","4,10","","39,00","","34,00","","7,00","","40,20","","92,63","","","","","","Généralement nuageux"
"1991-06-11 13:00","1991","06","11","13:00"," ","18,10","","2,40","","35,00","","30,00","","20,00","","40,20","","92,60","","","","","","Généralement nuageux"
"1991-06-11 14:00","1991","06","11","14:00"," ","16,70","","4,10","","43,00","","26,00","","30,00","","40,20","","92,60","","","","","","Généralement nuageux"
"1991-06-11 15:00","1991","06","11","15:00"," ","17,10","","3,00","","39,00","","28,00","","22,00","","40,20","","92,60","","","","","","Généralement nuageux"
"1991-06-11 16:00","1991","06","11","16:00"," ","18,00","","2,60","","36,00","","30,00","","19,00","","40,20","","92,60","","","","","","Généralement nuageux"
"1991-06-11 17:00","1991","06","11","17:00"," ","18,00","","3,20","","37,00","","30,00","","19,00","","40,20","","92,57","","","","","","Généralement nuageux"
"1991-06-11 18:00","1991","06","11","18:00"," ","17,80","","3,50","","39,00","","29,00","","22,00","","40,20","","92,57","","","","","","Généralement nuageux"
"1991-06-11 19:00","1991","06","11","19:00"," ","17,50","","2,30","","36,00","","29,00","","26,00","","40,20","","92,57","","","","","","Généralement nuageux"
"1991-06-11 20:00","1991","06","11","20:00"," ","17,20","","1,50","","35,00","","28,00","","22,00","","40,20","","92,57","","","","","","Généralement nuageux"
"1991-06-11 21:00","1991","06","11","21:00"," ","13,90","","-0,40","","37,00","","26,00","","22,00","","40,20","","92,60","","","","","","Généralement nuageux"
"1991-06-11 22:00","1991","06","11","22:00"," ","11,90","","0,30","","45,00","","25,00","","22,00","","40,20","","92,60","","","","","","Généralement nuageux"
"1991-06-11 23:00","1991","06","11","23:00"," ","11,60","","0,70","","47,00","","25,00","","22,00","","40,20","","92,63","","","","","","Généralement nuageux"
"1991-06-12 00:00","1991","06","12","00:00"," ","10,00","","0,60","","52,00","","27,00","","26,00","","40,20","","92,60","","","","","","Généralement dégagé"
"1991-06-12 01:00","1991","06","12","01:00"," ","9,10","","0,70","","56,00","","27,00","","26,00","","40,20","","92,54","","","","","","Généralement dégagé"
"1991-06-12 02:00","1991","06","12","02:00"," ","8,40","","0,90","","59,00","","25,00","","28,00","","40,20","","92,54","","","","","","Généralement dégagé"
"1991-06-12 03:00","1991","06","12","03:00"," ","8,20","","0,90","","60,00","","25,00","","30,00","","40,20","","92,50","","","","","","Généralement nuageux"
"1991-06-12 04:00","1991","06","12","04:00"," ","7,90","","0,80","","61,00","","27,00","","26,00","","40,20","","92,54","","","","","","Nuageux"
"1991-06-12 05:00","1991","06","12","05:00"," ","7,50","","0,90","","63,00","","25,00","","19,00","","40,20","","92,54","","","","","","Généralement nuageux"
"1991-06-12 06:00","1991","06","12","06:00"," ","10,10","","1,70","","56,00","","27,00","","28,00","","40,20","","92,57","","","","","","Généralement nuageux"
"1991-06-12 07:00","1991","06","12","07:00"," ","10,20","","2,00","","57,00","","28,00","","28,00","","40,20","","92,57","","","","","","Généralement nuageux"
"1991-06-12 08:00","1991","06","12","08:00"," ","11,20","","2,10","","53,00","","28,00","","28,00","","40,20","","92,60","","","","","","Averses de pluie"
"1991-06-12 09:00","1991","06","12","09:00"," ","12,10","","2,00","","50,00","","27,00","","28,00","","40,20","","92,60","","","","","","Généralement nuageux"
"1991-06-12 10:00","1991","06","12","10:00"," ","12,00","","2,90","","54,00","","27,00","","28,00","","40,20","","92,54","","","","","","Généralement nuageux"
"1991-06-12 11:00","1991","06","12","11:00"," ","15,40","","2,60","","42,00","","29,00","","30,00","","40,20","","92,50","","","","","","Généralement nuageux"
"1991-06-12 12:00","1991","06","12","12:00"," ","15,30","","2,80","","43,00","","29,00","","31,00","","40,20","","92,47","","","","","","Généralement nuageux"
"1991-06-12 13:00","1991","06","12","13:00"," ","16,90","","1,90","","36,00","","28,00","","33,00","","40,20","","92,44","","","","","","Généralement nuageux"
"1991-06-12 14:00","1991","06","12","14:00"," ","17,10","","0,40","","32,00","","28,00","","39,00","","40,20","","92,41","","","","","","Généralement nuageux"
"1991-06-12 15:00","1991","06","12","15:00"," ","17,30","","0,60","","32,00","","27,00","","33,00","","40,20","","92,38","","","","","","Généralement nuageux"
"1991-06-12 16:00","1991","06","12","16:00"," ","18,70","","1,30","","31,00","","27,00","","35,00","","40,20","","92,38","","","","","","Généralement nuageux"
"1991-06-12 17:00","1991","06","12","17:00"," ","17,40","","0,60","","32,00","","29,00","","31,00","","40,20","","92,35","","","","","","Généralement nuageux"
"1991-06-12 18:00","1991","06","12","18:00"," ","16,70","","0,70","","34,00","","30,00","","33,00","","40,20","","92,35","","","","","","Généralement nuageux"
"1991-06-12 19:00","1991","06","12","19:00"," ","15,70","","0,90","","37,00","","30,00","","31,00","","40,20","","92,38","","","","","","Averses de pluie"
"1991-06-12 20:00","1991","06","12","20:00"," ","13,60","","4,20","","53,00","","31,00","","24,00","","40,20","","92,44","","","","","","Averses de pluie"
"1991-06-12 21:00","1991","06","12","21:00"," ","9,70","","6,30","","79,00","","30,00","","24,00","","24,10","","92,57","","","","","","Pluie"
"1991-06-12 22:00","1991","06","12","22:00"," ","8,90","","6,00","","82,00","","30,00","","26,00","","24,10","","92,60","","","","","","Pluie"
"1991-06-12 23:00","1991","06","12","23:00"," ","8,10","","5,30","","82,00","","30,00","","30,00","","24,10","","92,63","","","","","","Pluie"
"1991-06-13 00:00","1991","06","13","00:00"," ","7,60","","5,70","","88,00","","29,00","","22,00","","24,10","","92,63","","","","","","Pluie"
"1991-06-13 01:00","1991","06","13","01:00"," ","7,30","","5,10","","86,00","","29,00","","37,00","","24,10","","92,60","","","","","","Pluie"
"1991-06-13 02:00","1991","06","13","02:00"," ","6,80","","4,70","","87,00","","29,00","","37,00","","24,10","","92,60","","","","","","Pluie"
"1991-06-13 03:00","1991","06","13","03:00"," ","6,50","","5,00","","90,00","","29,00","","35,00","","24,10","","92,60","","","","","","Pluie"
"1991-06-13 04:00","1991","06","13","04:00"," ","6,40","","4,90","","90,00","","29,00","","20,00","","16,10","","92,63","","","","","","Pluie"
"1991-06-13 05:00","1991","06","13","05:00"," ","6,40","","4,90","","90,00","","29,00","","33,00","","16,10","","92,63","","","","","","Pluie"
"1991-06-13 06:00","1991","06","13","06:00"," ","5,90","","4,40","","90,00","","28,00","","31,00","","16,10","","92,63","","","","","","Pluie"
"1991-06-13 07:00","1991","06","13","07:00"," ","5,90","","4,40","","90,00","","27,00","","28,00","","12,90","","92,66","","","","","","Pluie"
"1991-06-13 08:00","1991","06","13","08:00"," ","6,40","","4,90","","90,00","","28,00","","35,00","","16,10","","92,66","","","","","","Pluie"
"1991-06-13 09:00","1991","06","13","09:00"," ","6,20","","4,60","","89,00","","28,00","","37,00","","9,70","","92,69","","","","","","Pluie"
"1991-06-13 10:00","1991","06","13","10:00"," ","6,40","","5,10","","92,00","","28,00","","28,00","","12,90","","92,69","","","","","","Pluie"
"1991-06-13 11:00","1991","06","13","11:00"," ","6,80","","5,30","","90,00","","28,00","","30,00","","16,10","","92,73","","","","","","Pluie"
"1991-06-13 12:00","1991","06","13","12:00"," ","7,30","","5,60","","89,00","","28,00","","28,00","","16,10","","92,76","","","","","","Pluie"
"1991-06-13 13:00","1991","06","13","13:00"," ","7,60","","5,60","","87,00","","27,00","","31,00","","24,10","","92,79","","","","","","Pluie"
"1991-06-13 14:00","1991","06","13","14:00"," ","8,30","","5,70","","84,00","","30,00","","26,00","","24,10","","92,79","","","","","","Averses de pluie"
"1991-06-13 15:00","1991","06","13","15:00"," ","8,90","","5,00","","77,00","","29,00","","26,00","","24,10","","92,82","","","","","","Nuageux"
"1991-06-13 16:00","1991","06","13","16:00"," ","9,00","","5,00","","76,00","","30,00","","26,00","","40,20","","92,88","","","","","","Nuageux"
"1991-06-13 17:00","1991","06","13","17:00"," ","9,00","","5,30","","77,00","","30,00","","28,00","","24,10","","92,88","","","","","","Averses de pluie"
"1991-06-13 18:00","1991","06","13","18:00"," ","8,80","","4,40","","74,00","","30,00","","28,00","","24,10","","92,92","","","","","","Averses de pluie"
"1991-06-13 19:00","1991","06","13","19:00"," ","7,70","","5,70","","87,00","","30,00","","22,00","","16,10","","92,98","","","","","","Averses de pluie"
"1991-06-13 20:00","1991","06","13","20:00"," ","7,30","","5,10","","86,00","","31,00","","22,00","","16,10","","92,98","","","","","","Averses de pluie"
"1991-06-13 21:00","1991","06","13","21:00"," ","6,10","","4,30","","88,00","","31,00","","28,00","","16,10","","92,98","","","","","","Averses de pluie"
"1991-06-13 22:00","1991","06","13","22:00"," ","6,00","","4,70","","91,00","","29,00","","20,00","","16,10","","93,04","","","","","","Averses de pluie"
"1991-06-13 23:00","1991","06","13","23:00"," ","5,80","","4,60","","92,00","","28,00","","24,00","","16,10","","92,98","","","","","","Pluie"
"1991-06-14 00:00","1991","06","14","00:00"," ","5,70","","5,20","","97,00","","25,00","","24,00","","16,10","","92,98","","","","","","Pluie"
"1991-06-14 01:00","1991","06","14","01:00"," ","5,80","","5,20","","96,00","","25,00","","24,00","","16,10","","92,88","","","","","","Pluie"
"1991-06-14 02:00","1991","06","14","02:00"," ","5,90","","5,40","","97,00","","26,00","","20,00","","16,10","","92,88","","","","","","Pluie"
"1991-06-14 03:00","1991","06","14","03:00"," ","6,10","","5,60","","97,00","","25,00","","24,00","","16,10","","92,82","","","","","","Pluie"
"1991-06-14 04:00","1991","06","14","04:00"," ","6,30","","5,80","","97,00","","25,00","","19,00","","16,10","","92,82","","","","","","Pluie"
"1991-06-14 05:00","1991","06","14","05:00"," ","6,50","","6,00","","97,00","","27,00","","22,00","","16,10","","92,79","","","","","","Pluie"
"1991-06-14 06:00","1991","06","14","06:00"," ","6,90","","6,40","","97,00","","26,00","","19,00","","12,90","","92,79","","","","","","Pluie"
"1991-06-14 07:00","1991","06","14","07:00"," ","7,40","","6,70","","96,00","","27,00","","22,00","","16,10","","92,79","","","","","","Pluie"
"1991-06-14 08:00","1991","06","14","08:00"," ","8,10","","7,10","","93,00","","28,00","","28,00","","24,10","","92,79","","","","","","Pluie"
"1991-06-14 09:00","1991","06","14","09:00"," ","8,60","","7,30","","91,00","","28,00","","24,00","","32,20","","92,82","","","","","","Pluie"
"1991-06-14 10:00","1991","06","14","10:00"," ","9,60","","7,60","","87,00","","29,00","","26,00","","40,20","","92,82","","","","","","Nuageux"
"1991-06-14 11:00","1991","06","14","11:00"," ","9,80","","7,20","","84,00","","29,00","","28,00","","40,20","","92,82","","","","","","Averses de pluie"
"1991-06-14 12:00","1991","06","14","12:00"," ","10,20","","8,30","","88,00","","28,00","","26,00","","16,10","","92,85","","","","","","Averses de pluie"
"1991-06-14 13:00","1991","06","14","13:00"," ","10,50","","8,70","","89,00","","28,00","","24,00","","19,30","","92,88","","","","","","Averses de pluie"
"1991-06-14 14:00","1991","06","14","14:00"," ","10,30","","8,20","","87,00","","28,00","","22,00","","16,10","","92,92","","","","","","Averses de pluie"
"1991-06-14 15:00","1991","06","14","15:00"," ","11,20","","8,50","","83,00","","28,00","","24,00","","24,10","","92,95","","","","","","Averses de pluie"
"1991-06-14 16:00","1991","06","14","16:00"," ","10,90","","8,90","","87,00","","29,00","","28,00","","9,70","","92,98","","","","","","Averses de pluie,Brouillard"
"1991-06-14 17:00","1991","06","14","17:00"," ","11,70","","8,90","","83,00","","28,00","","28,00","","24,10","","92,98","","","","","","Nuageux"
"1991-06-14 18:00","1991","06","14","18:00"," ","11,80","","8,40","","80,00","","28,00","","26,00","","24,10","","92,98","","","","","","Généralement nuageux"
"1991-06-14 19:00","1991","06","14","19:00"," ","10,90","","8,40","","85,00","","27,00","","26,00","","24,10","","93,01","","","","","","Généralement nuageux"
"1991-06-14 20:00","1991","06","14","20:00"," ","10,90","","8,20","","84,00","","30,00","","26,00","","24,10","","93,04","","","","","","Nuageux"
"1991-06-14 21:00","1991","06","14","21:00"," ","10,40","","8,40","","87,00","","29,00","","15,00","","24,10","","93,08","","","","","","Nuageux"
"1991-06-14 22:00","1991","06","14","22:00"," ","10,10","","8,50","","90,00","","28,00","","15,00","","24,10","","93,14","","","","","","Averses de pluie"
"1991-06-14 23:00","1991","06","14","23:00"," ","9,80","","7,90","","88,00","","28,00","","19,00","","40,20","","93,14","","","","","","Averses de pluie"
"1991-06-15 00:00","1991","06","15","00:00"," ","9,30","","8,20","","93,00","","28,00","","19,00","","16,10","","93,14","","","","","","Pluie modérée"
"1991-06-15 01:00","1991","06","15","01:00"," ","9,20","","8,10","","93,00","","28,00","","22,00","","24,10","","93,14","","","","","","Pluie"
"1991-06-15 02:00","1991","06","15","02:00"," ","9,00","","7,80","","92,00","","29,00","","24,00","","24,10","","93,14","","","","","","Généralement nuageux"
"1991-06-15 03:00","1991","06","15","03:00"," ","8,80","","7,60","","92,00","","29,00","","26,00","","24,10","","93,17","","","","","","Généralement nuageux"
"1991-06-15 04:00","1991","06","15","04:00"," ","8,70","","7,60","","93,00","","29,00","","22,00","","24,10","","93,17","","","","","","Nuageux"
"1991-06-15 05:00","1991","06","15","05:00"," ","8,70","","7,40","","91,00","","28,00","","15,00","","24,10","","93,20","","","","","","Nuageux"
"1991-06-15 06:00","1991","06","15","06:00"," ","8,80","","7,40","","91,00","","28,00","","13,00","","40,20","","93,17","","","","","","Généralement nuageux"
"1991-06-15 07:00","1991","06","15","07:00"," ","9,30","","7,50","","89,00","","28,00","","13,00","","40,20","","93,17","","","","","","Généralement nuageux"
"1991-06-15 08:00","1991","06","15","08:00"," ","9,40","","7,30","","87,00","","28,00","","15,00","","40,20","","93,20","","","","","","Nuageux"
"1991-06-15 09:00","1991","06","15","09:00"," ","10,40","","7,80","","84,00","","28,00","","19,00","","40,20","","93,20","","","","","","Nuageux"
"1991-06-15 10:00","1991","06","15","10:00"," ","11,20","","6,90","","75,00","","30,00","","19,00","","40,20","","93,17","","","","","","Généralement nuageux"
"1991-06-15 11:00","1991","06","15","11:00"," ","12,90","","7,70","","71,00","","29,00","","24,00","","40,20","","93,14","","","","","","Généralement nuageux"
"1991-06-15 12:00","1991","06","15","12:00"," ","14,20","","7,90","","66,00","","30,00","","24,00","","40,20","","93,14","","","","","","Généralement nuageux"
"1991-06-15 13:00","1991","06","15","13:00"," ","13,60","","7,90","","68,00","","30,00","","15,00","","40,20","","93,14","","","","","","Généralement nuageux"
"1991-06-15 14:00","1991","06","15","14:00"," ","14,00","","7,70","","66,00","","32,00","","26,00","","40,20","","93,14","","","","","","Généralement nuageux"
"1991-06-15 15:00","1991","06","15","15:00"," ","13,70","","7,50","","66,00","","31,00","","19,00","","40,20","","93,14","","","","","","Généralement nuageux"
"1991-06-15 16:00","1991","06","15","16:00"," ","14,50","","7,00","","61,00","","32,00","","22,00","","40,20","","93,14","","","","","","Généralement nuageux"
"1991-06-15 17:00","1991","06","15","17:00"," ","14,30","","7,20","","63,00","","33,00","","22,00","","40,20","","93,14","","","","","","Généralement nuageux"
"1991-06-15 18:00","1991","06","15","18:00"," ","14,50","","7,60","","63,00","","31,00","","20,00","","40,20","","93,14","","","","","","Généralement nuageux"
"1991-06-15 19:00","1991","06","15","19:00"," ","13,00","","8,30","","73,00","","30,00","","13,00","","40,20","","93,14","","","","","","Généralement nuageux"
"1991-06-15 20:00","1991","06","15","20:00"," ","13,30","","7,00","","66,00","","29,00","","22,00","","40,20","","93,17","","","","","","Généralement nuageux"
"1991-06-15 21:00","1991","06","15","21:00"," ","12,30","","7,50","","73,00","","30,00","","19,00","","40,20","","93,20","","","","","","Généralement nuageux"
"1991-06-15 22:00","1991","06","15","22:00"," ","12,00","","7,40","","73,00","","30,00","","15,00","","40,20","","93,23","","","","","","Généralement nuageux"
"1991-06-15 23:00","1991","06","15","23:00"," ","11,30","","7,90","","80,00","","30,00","","19,00","","40,20","","93,17","","","","","","Généralement nuageux"
"1991-06-16 00:00","1991","06","16","00:00"," ","10,40","","8,40","","87,00","","30,00","","17,00","","32,20","","93,23","","","","","","Averses de pluie"
"1991-06-16 01:00","1991","06","16","01:00"," ","9,80","","9,10","","96,00","","29,00","","13,00","","24,10","","93,23","","","","","","Pluie"
"1991-06-16 02:00","1991","06","16","02:00"," ","9,70","","9,10","","96,00","","28,00","","9,00","","16,10","","93,23","","","","","","Pluie"
"1991-06-16 03:00","1991","06","16","03:00"," ","9,60","","9,10","","97,00","","29,00","","13,00","","24,10","","93,23","","","","","","Pluie"
"1991-06-16 04:00","1991","06","16","04:00"," ","9,60","","9,20","","97,00","","28,00","","13,00","","4,80","","93,27","","","","","","Pluie,Brouillard"
"1991-06-16 05:00","1991","06","16","05:00"," ","9,70","","9,10","","96,00","","27,00","","11,00","","8,00","","93,27","","","","","","Pluie,Brouillard"
"1991-06-16 06:00","1991","06","16","06:00"," ","9,60","","8,90","","95,00","","30,00","","15,00","","8,00","","93,27","","","","","","Pluie,Brouillard"
"1991-06-16 07:00","1991","06","16","07:00"," ","9,50","","8,70","","95,00","","31,00","","17,00","","8,00","","93,27","","","","","","Pluie,Brouillard"
"1991-06-16 08:00","1991","06","16","08:00"," ","9,80","","9,00","","95,00","","31,00","","11,00","","8,00","","93,30","","","","","","Pluie,Brouillard"
"1991-06-16 09:00","1991","06","16","09:00"," ","10,10","","9,20","","94,00","","32,00","","15,00","","19,30","","93,30","","","","","","Pluie"
"1991-06-16 10:00","1991","06","16","10:00"," ","11,00","","9,50","","90,00","","35,00","","15,00","","24,10","","93,33","","","","","","Pluie"
"1991-06-16 11:00","1991","06","16","11:00"," ","11,10","","9,50","","90,00","","35,00","","9,00","","32,20","","93,33","","","","","","Pluie"
"1991-06-16 12:00","1991","06","16","12:00"," ","12,10","","8,90","","81,00","","34,00","","9,00","","40,20","","93,30","","","","","","Nuageux"
"1991-06-16 13:00","1991","06","16","13:00"," ","13,00","","9,60","","80,00","","31,00","","11,00","","24,10","","93,30","","","","","","Averses de pluie forte"
"1991-06-16 14:00","1991","06","16","14:00"," ","13,10","","11,20","","88,00","","26,00","","9,00","","40,20","","93,30","","","","","","Généralement nuageux"
"1991-06-16 15:00","1991","06","16","15:00"," ","11,70","","9,90","","89,00","","7,00","","15,00","","24,10","","93,33","","","","","","Averses de pluie"
"1991-06-16 16:00","1991","06","16","16:00"," ","10,50","","9,40","","93,00","","19,00","","15,00","","24,10","","93,36","","","","","","Averses de pluie"
"1991-06-16 17:00","1991","06","16","17:00"," ","11,80","","10,30","","91,00","","23,00","","11,00","","40,20","","93,36","","","","","","Averses de pluie"
"1991-06-16 18:00","1991","06","16","18:00"," ","12,90","","11,00","","88,00","","27,00","","11,00","","40,20","","93,36","","","","","","Généralement nuageux"
"1991-06-16 19:00","1991","06","16","19:00"," ","12,40","","9,00","","80,00","","27,00","","13,00","","40,20","","93,36","","","","","","Généralement nuageux"
"1991-06-16 20:00","1991","06","16","20:00"," ","12,20","","9,50","","83,00","","25,00","","15,00","","40,20","","93,36","","","","","","Généralement nuageux"
"1991-06-16 21:00","1991","06","16","21:00"," ","11,00","","9,10","","88,00","","24,00","","7,00","","32,20","","93,46","","","","","","Averses de pluie"
"1991-06-16 22:00","1991","06","16","22:00"," ","10,60","","10,00","","96,00","","24,00","","4,00","","32,20","","93,49","","","","","","Généralement nuageux"
"1991-06-16 23:00","1991","06","16","23:00"," ","10,40","","10,00","","97,00","","28,00","","6,00","","40,20","","93,46","","","","","","Généralement nuageux"
"1991-06-17 00:00","1991","06","17","00:00"," ","10,50","","9,70","","95,00","","30,00","","7,00","","40,20","","93,52","","","","","","Généralement nuageux"
"1991-06-17 01:00","1991","06","17","01:00"," ","9,80","","9,20","","96,00","","31,00","","9,00","","40,20","","93,52","","","","","","Généralement nuageux"
"1991-06-17 02:00","1991","06","17","02:00"," ","9,80","","9,00","","95,00","","31,00","","9,00","","40,20","","93,55","","","","","","Généralement nuageux"
"1991-06-17 03:00","1991","06","17","03:00"," ","9,80","","9,10","","96,00","","30,00","","9,00","","40,20","","93,58","","","","","","Nuageux"
"1991-06-17 04:00","1991","06","17","04:00"," ","9,50","","8,80","","95,00","","29,00","","9,00","","40,20","","93,58","","","","","","Généralement nuageux"
"1991-06-17 05:00","1991","06","17","05:00"," ","9,70","","8,70","","93,00","","29,00","","9,00","","40,20","","93,65","","","","","","Généralement nuageux"
"1991-06-17 06:00","1991","06","17","06:00"," ","9,60","","8,40","","92,00","","29,00","","13,00","","40,20","","93,68","","","","","","Averses de pluie"
"1991-06-17 07:00","1991","06","17","07:00"," ","9,50","","9,00","","97,00","","31,00","","15,00","","12,90","","93,71","","","","","","Averses de pluie modérées"
"1991-06-17 08:00","1991","06","17","08:00"," ","9,60","","8,90","","95,00","","29,00","","9,00","","12,90","","93,77","","","","","","Averses de pluie modérées"
"1991-06-17 09:00","1991","06","17","09:00"," ","9,80","","9,00","","95,00","","28,00","","9,00","","24,10","","93,81","","","","","","Averses de pluie"
"1991-06-17 10:00","1991","06","17","10:00"," ","10,30","","9,50","","95,00","","28,00","","13,00","","24,10","","93,81","","","","","","Averses de pluie"
"1991-06-17 11:00","1991","06","17","11:00"," ","12,20","","9,70","","85,00","","30,00","","6,00","","40,20","","93,81","","","","","","Averses de pluie"
"1991-06-17 12:00","1991","06","17","12:00"," ","14,10","","10,50","","79,00","","30,00","","15,00","","40,20","","93,77","","","","","","Généralement dégagé"
"1991-06-17 13:00","1991","06","17","13:00"," ","15,50","","8,90","","65,00","","32,00","","19,00","","40,20","","93,77","","","","","","Généralement dégagé"
"1991-06-17 14:00","1991","06","17","14:00"," ","17,60","","7,90","","53,00","","28,00","","17,00","","40,20","","93,81","","","","","","Généralement dégagé"
"1991-06-17 15:00","1991","06","17","15:00"," ","16,00","","9,40","","65,00","","26,00","","20,00","","40,20","","93,77","","","","","","Généralement nuageux"
"1991-06-17 16:00","1991","06","17","16:00"," ","16,90","","8,80","","59,00","","27,00","","13,00","","40,20","","93,77","","","","","","Généralement nuageux"
"1991-06-17 17:00","1991","06","17","17:00"," ","15,90","","9,10","","64,00","","4,00","","17,00","","40,20","","93,81","","","","","","Généralement nuageux"
"1991-06-17 18:00","1991","06","17","18:00"," ","15,30","","9,10","","67,00","","5,00","","6,00","","40,20","","93,84","","","","","","Orages,Averses de pluie"
"1991-06-17 19:00","1991","06","17","19:00"," ","15,60","","7,70","","59,00","","34,00","","9,00","","40,20","","93,84","","","","","","Généralement nuageux"
"1991-06-17 20:00","1991","06","17","20:00"," ","14,70","","8,30","","65,00","","29,00","","7,00","","40,20","","93,87","","","","","","Généralement nuageux"
"1991-06-17 21:00","1991","06","17","21:00"," ","14,00","","9,50","","74,00","","25,00","","6,00","","40,20","","93,90","","","","","","Généralement nuageux"
"1991-06-17 22:00","1991","06","17","22:00"," ","12,00","","8,90","","81,00","","0,00","","0,00","","40,20","","93,90","","","","","","Généralement nuageux"
"1991-06-17 23:00","1991","06","17","23:00"," ","11,10","","8,80","","86,00","","27,00","","11,00","","40,20","","93,96","","","","","","Généralement nuageux"
"1991-06-18 00:00","1991","06","18","00:00"," ","10,20","","8,50","","89,00","","25,00","","11,00","","40,20","","94,00","","","","","","Généralement dégagé"
"1991-06-18 01:00","1991","06","18","01:00"," ","9,70","","8,60","","93,00","","25,00","","6,00","","40,20","","94,03","","","","","","Généralement nuageux"
"1991-06-18 02:00","1991","06","18","02:00"," ","9,80","","8,70","","93,00","","26,00","","4,00","","40,20","","94,00","","","","","","Généralement nuageux"
"1991-06-18 03:00","1991","06","18","03:00"," ","9,30","","8,00","","92,00","","26,00","","11,00","","40,20","","94,00","","","","","","Généralement nuageux"
"1991-06-18 04:00","1991","06","18","04:00"," ","9,00","","8,00","","93,00","","23,00","","6,00","","40,20","","94,03","","","","","","Généralement nuageux"
"1991-06-18 05:00","1991","06","18","05:00"," ","8,50","","7,50","","93,00","","24,00","","7,00","","40,20","","94,03","","","","","","Généralement nuageux"
"1991-06-18 06:00","1991","06","18","06:00"," ","9,00","","7,80","","92,00","","25,00","","6,00","","40,20","","94,03","","","","","","Généralement nuageux"
"1991-06-18 07:00","1991","06","18","07:00"," ","10,40","","8,10","","86,00","","24,00","","9,00","","40,20","","94,06","","","","","","Généralement nuageux"
"1991-06-18 08:00","1991","06","18","08:00"," ","11,70","","8,60","","81,00","","23,00","","13,00","","40,20","","94,06","","","","","","Généralement nuageux"
"1991-06-18 09:00","1991","06","18","09:00"," ","11,50","","9,60","","88,00","","29,00","","6,00","","40,20","","94,12","","","","","","Averses de pluie"
"1991-06-18 10:00","1991","06","18","10:00"," ","13,00","","9,70","","80,00","","31,00","","6,00","","40,20","","94,12","","","","","","Nuageux"
"1991-06-18 11:00","1991","06","18","11:00"," ","14,50","","9,80","","73,00","","6,00","","11,00","","40,20","","94,19","","","","","","Nuageux"
"1991-06-18 12:00","1991","06","18","12:00"," ","16,50","","9,50","","63,00","","9,00","","4,00","","40,20","","94,12","","","","","","Généralement nuageux"
"1991-06-18 13:00","1991","06","18","13:00"," ","17,70","","9,20","","58,00","","2,00","","7,00","","40,20","","94,06","","","","","","Orages"
"1991-06-18 14:00","1991","06","18","14:00"," ","13,70","","9,40","","75,00","","0,00","","0,00","","16,10","","94,12","","","","","","Orages,Averses de pluie"
"1991-06-18 15:00","1991","06","18","15:00"," ","15,20","","7,00","","58,00","","0,00","","0,00","","40,20","","94,16","","","","","","Averses de pluie"
"1991-06-18 16:00","1991","06","18","16:00"," ","15,30","","9,80","","70,00","","35,00","","19,00","","40,20","","94,22","","","","","","Averses de pluie"
"1991-06-18 17:00","1991","06","18","17:00"," ","13,30","","9,00","","75,00","","36,00","","19,00","","40,20","","94,19","","","","","","Averses de pluie"
"1991-06-18 18:00","1991","06","18","18:00"," ","15,00","","10,10","","73,00","","3,00","","13,00","","40,20","","94,22","","","","","","Généralement nuageux"
"1991-06-18 19:00","1991","06","18","19:00"," ","14,60","","9,30","","70,00","","10,00","","11,00","","40,20","","94,28","","","","","","Généralement nuageux"
"1991-06-18 20:00","1991","06","18","20:00"," ","14,00","","9,80","","76,00","","10,00","","6,00","","40,20","","94,31","","","","","","Généralement nuageux"
"1991-06-18 21:00","1991","06","18","21:00"," ","13,10","","10,60","","85,00","","7,00","","4,00","","40,20","","94,35","","","","","","Généralement nuageux"
"1991-06-18 22:00","1991","06","18","22:00"," ","11,90","","10,30","","90,00","","0,00","","0,00","","40,20","","94,38","","","","","","Généralement nuageux"
"1991-06-18 23:00","1991","06","18","23:00"," ","11,50","","9,70","","89,00","","0,00","","0,00","","40,20","","94,38","","","","","","Généralement nuageux"
"1991-06-19 00:00","1991","06","19","00:00"," ","11,10","","10,00","","93,00","","33,00","","6,00","","40,20","","94,41","","","","","","Généralement nuageux"
"1991-06-19 01:00","1991","06","19","01:00"," ","9,40","","8,40","","93,00","","0,00","","0,00","","40,20","","94,44","","","","","","Généralement nuageux"
"1991-06-19 02:00","1991","06","19","02:00"," ","10,40","","8,90","","90,00","","0,00","","0,00","","40,20","","94,44","","","","","","Généralement nuageux"
"1991-06-19 03:00","1991","06","19","03:00"," ","9,50","","8,30","","92,00","","0,00","","0,00","","40,20","","94,44","","","","","","Généralement nuageux"
"1991-06-19 04:00","1991","06","19","04:00"," ","10,10","","9,00","","93,00","","0,00","","0,00","","40,20","","94,44","","","","","","Nuageux"
"1991-06-19 05:00","1991","06","19","05:00"," ","9,00","","8,40","","96,00","","0,00","","0,00","","40,20","","94,50","","","","","","Généralement nuageux"
"1991-06-19 06:00","1991","06","19","06:00"," ","9,80","","8,80","","93,00","","0,00","","0,00","","40,20","","94,50","","","","","","Généralement nuageux"
"1991-06-19 07:00","1991","06","19","07:00"," ","11,10","","9,20","","88,00","","0,00","","0,00","","40,20","","94,50","","","","","","Généralement nuageux"
"1991-06-19 08:00","1991","06","19","08:00"," ","12,40","","9,40","","82,00","","0,00","","0,00","","40,20","","94,50","","","","","","Généralement nuageux"
"1991-06-19 09:00","1991","06","19","09:00"," ","14,90","","10,50","","75,00","","0,00","","0,00","","40,20","","94,54","","","","","","Généralement nuageux"
"1991-06-19 10:00","1991","06","19","10:00"," ","16,00","","9,50","","65,00","","2,00","","4,00","","40,20","","94,54","","","","","","Généralement dégagé"
"1991-06-19 11:00","1991","06","19","11:00"," ","16,50","","9,30","","62,00","","35,00","","6,00","","40,20","","94,50","","","","","","Généralement nuageux"
"1991-06-19 12:00","1991","06","19","12:00"," ","17,90","","8,20","","53,00","","8,00","","6,00","","40,20","","94,50","","","","","","Généralement nuageux"
"1991-06-19 13:00","1991","06","19","13:00"," ","18,60","","8,10","","50,00","","12,00","","9,00","","40,20","","94,50","","","","","","Généralement nuageux"
"1991-06-19 14:00","1991","06","19","14:00"," ","18,80","","7,00","","46,00","","6,00","","9,00","","40,20","","94,47","","","","","","Généralement dégagé"
"1991-06-19 15:00","1991","06","19","15:00"," ","19,70","","9,50","","52,00","","9,00","","7,00","","40,20","","94,44","","","","","","Généralement dégagé"
"1991-06-19 16:00","1991","06","19","16:00"," ","19,60","","8,40","","48,00","","12,00","","15,00","","40,20","","94,38","","","","","","Généralement dégagé"
"1991-06-19 17:00","1991","06","19","17:00"," ","19,50","","6,50","","43,00","","10,00","","6,00","","40,20","","94,38","","","","","","Généralement dégagé"
"1991-06-19 18:00","1991","06","19","18:00"," ","19,50","","6,90","","44,00","","8,00","","4,00","","40,20","","94,35","","","","","","Généralement dégagé"
"1991-06-19 19:00","1991","06","19","19:00"," ","19,50","","8,80","","50,00","","8,00","","11,00","","40,20","","94,31","","","","","","Généralement nuageux"
"1991-06-19 20:00","1991","06","19","20:00"," ","18,10","","9,00","","55,00","","8,00","","9,00","","40,20","","94,35","","","","","","Généralement nuageux"
"1991-06-19 21:00","1991","06","19","21:00"," ","16,20","","9,90","","66,00","","7,00","","7,00","","40,20","","94,35","","","","","","Généralement dégagé"
"1991-06-19 22:00","1991","06","19","22:00"," ","14,20","","8,90","","70,00","","6,00","","9,00","","40,20","","94,38","","","","","","Généralement dégagé"
"1991-06-19 23:00","1991","06","19","23:00"," ","13,30","","8,60","","73,00","","5,00","","7,00","","40,20","","94,38","","","","","","Dégagé"
"1991-06-20 00:00","1991","06","20","00:00"," ","10,50","","8,50","","87,00","","5,00","","13,00","","40,20","","94,44","","","","","","Dégagé"
"1991-06-20 01:00","1991","06","20","01:00"," ","10,20","","8,10","","87,00","","7,00","","9,00","","40,20","","94,41","","","","","","Dégagé"
"1991-06-20 02:00","1991","06","20","02:00"," ","10,90","","7,80","","81,00","","2,00","","6,00","","40,20","","94,38","","","","","","Dégagé"
"1991-06-20 03:00","1991","06","20","03:00"," ","10,00","","8,00","","87,00","","32,00","","7,00","","40,20","","94,38","","","","","","Dégagé"
"1991-06-20 04:00","1991","06","20","04:00"," ","9,50","","7,60","","88,00","","1,00","","6,00","","40,20","","94,38","","","","","","Dégagé"
"1991-06-20 05:00","1991","06","20","05:00"," ","8,80","","7,30","","90,00","","1,00","","4,00","","40,20","","94,38","","","","","","Dégagé"
"1991-06-20 06:00","1991","06","20","06:00"," ","9,50","","7,50","","87,00","","0,00","","0,00","","40,20","","94,41","","","","","","Dégagé"
"1991-06-20 07:00","1991","06","20","07:00"," ","11,70","","9,00","","83,00","","12,00","","6,00","","40,20","","94,44","","","","","","Dégagé"
"1991-06-20 08:00","1991","06","20","08:00"," ","13,50","","9,40","","76,00","","11,00","","6,00","","40,20","","94,44","","","","","","Dégagé"
"1991-06-20 09:00","1991","06","20","09:00"," ","15,30","","10,50","","73,00","","0,00","","0,00","","40,20","","94,44","","","","","","Dégagé"
"1991-06-20 10:00","1991","06","20","10:00"," ","17,70","","9,60","","59,00","","9,00","","6,00","","40,20","","94,41","","","","","","Dégagé"
"1991-06-20 11:00","1991","06","20","11:00"," ","19,10","","8,20","","49,00","","11,00","","15,00","","40,20","","94,38","","","","","","Généralement dégagé"
"1991-06-20 12:00","1991","06","20","12:00"," ","19,80","","7,60","","45,00","","8,00","","15,00","","40,20","","94,35","","","","","","Généralement dégagé"
"1991-06-20 13:00","1991","06","20","13:00"," ","20,70","","7,90","","44,00","","6,00","","13,00","","40,20","","94,31","","","","","","Généralement dégagé"
"1991-06-20 14:00","1991","06","20","14:00"," ","20,70","","6,60","","40,00","","8,00","","17,00","","40,20","","94,22","","","","","","Généralement dégagé"
"1991-06-20 15:00","1991","06","20","15:00"," ","20,70","","7,70","","43,00","","9,00","","11,00","","40,20","","94,19","","","","","","Généralement dégagé"
"1991-06-20 16:00","1991","06","20","16:00"," ","21,10","","8,70","","45,00","","8,00","","19,00","","40,20","","94,19","","","","","","Généralement nuageux"
"1991-06-20 17:00","1991","06","20","17:00"," ","20,40","","9,10","","48,00","","8,00","","15,00","","40,20","","94,16","","","","","","Généralement nuageux"
"1991-06-20 18:00","1991","06","20","18:00"," ","20,40","","8,60","","47,00","","10,00","","9,00","","40,20","","94,12","","","","","","Généralement nuageux"
"1991-06-20 19:00","1991","06","20","19:00"," ","19,30","","8,80","","51,00","","13,00","","13,00","","40,20","","94,12","","","","","","Généralement nuageux"
"1991-06-20 20:00","1991","06","20","20:00"," ","17,80","","10,10","","61,00","","14,00","","6,00","","40,20","","94,12","","","","","","Généralement nuageux"
"1991-06-20 21:00","1991","06","20","21:00"," ","17,20","","10,20","","63,00","","0,00","","0,00","","40,20","","94,16","","","","","","Généralement nuageux"
"1991-06-20 22:00","1991","06","20","22:00"," ","15,90","","10,20","","69,00","","21,00","","4,00","","40,20","","94,19","","","","","","Généralement nuageux"
"1991-06-20 23:00","1991","06","20","23:00"," ","15,90","","10,20","","69,00","","0,00","","0,00","","40,20","","94,16","","","","","","Nuageux"
"1991-06-21 00:00","1991","06","21","00:00"," ","15,00","","11,40","","79,00","","1,00","","9,00","","40,20","","94,12","","","","","","Averses de pluie"
"1991-06-21 01:00","1991","06","21","01:00"," ","14,50","","11,30","","81,00","","4,00","","7,00","","40,20","","94,12","","","","","","Averses de pluie"
"1991-06-21 02:00","1991","06","21","02:00"," ","14,20","","11,00","","81,00","","5,00","","6,00","","40,20","","94,12","","","","","","Généralement nuageux"
"1991-06-21 03:00","1991","06","21","03:00"," ","13,60","","10,40","","81,00","","9,00","","4,00","","40,20","","94,12","","","","","","Généralement nuageux"
"1991-06-21 04:00","1991","06","21","04:00"," ","13,00","","9,40","","79,00","","12,00","","11,00","","40,20","","94,12","","","","","","Généralement nuageux"
"1991-06-21 05:00","1991","06","21","05:00"," ","12,70","","9,40","","80,00","","9,00","","7,00","","40,20","","94,12","","","","","","Généralement nuageux"
"1991-06-21 06:00","1991","06","21","06:00"," ","12,90","","9,50","","80,00","","8,00","","7,00","","40,20","","94,12","","","","","","Généralement nuageux"
"1991-06-21 07:00","1991","06","21","07:00"," ","13,10","","9,50","","79,00","","12,00","","9,00","","40,20","","94,12","","","","","","Généralement nuageux"
"1991-06-21 08:00","1991","06","21","08:00"," ","15,40","","10,10","","71,00","","13,00","","9,00","","40,20","","94,12","","","","","","Généralement nuageux"
"1991-06-21 09:00","1991","06","21","09:00"," ","17,30","","9,10","","59,00","","14,00","","6,00","","40,20","","94,12","","","","","","Généralement nuageux"
"1991-06-21 10:00","1991","06","21","10:00"," ","18,50","","8,50","","52,00","","14,00","","9,00","","40,20","","94,06","","","","","","Généralement nuageux"
"1991-06-21 11:00","1991","06","21","11:00"," ","18,90","","8,60","","51,00","","10,00","","6,00","","40,20","","94,06","","","","","","Généralement nuageux"
"1991-06-21 12:00","1991","06","21","12:00"," ","18,90","","6,60","","45,00","","10,00","","13,00","","40,20","","94,03","","","","","","Généralement nuageux"
"1991-06-21 13:00","1991","06","21","13:00"," ","19,70","","6,90","","43,00","","10,00","","13,00","","40,20","","94,00","","","","","","Généralement nuageux"
"1991-06-21 14:00","1991","06","21","14:00"," ","20,50","","5,70","","38,00","","10,00","","15,00","","40,20","","93,90","","","","","","Généralement dégagé"
"1991-06-21 15:00","1991","06","21","15:00"," ","20,10","","7,60","","44,00","","9,00","","20,00","","40,20","","93,87","","","","","","Généralement dégagé"
"1991-06-21 16:00","1991","06","21","16:00"," ","18,60","","9,40","","55,00","","20,00","","11,00","","40,20","","93,87","","","","","","Généralement nuageux"
"1991-06-21 17:00","1991","06","21","17:00"," ","17,50","","9,40","","59,00","","21,00","","6,00","","40,20","","93,87","","","","","","Généralement nuageux"
"1991-06-21 18:00","1991","06","21","18:00"," ","18,40","","8,50","","53,00","","20,00","","6,00","","40,20","","93,84","","","","","","Généralement dégagé"
"1991-06-21 19:00","1991","06","21","19:00"," ","19,30","","8,70","","50,00","","16,00","","11,00","","40,20","","93,84","","","","","","Généralement dégagé"
"1991-06-21 20:00","1991","06","21","20:00"," ","19,20","","7,90","","48,00","","16,00","","4,00","","40,20","","93,84","","","","","","Généralement nuageux"
"1991-06-21 21:00","1991","06","21","21:00"," ","17,50","","10,20","","62,00","","36,00","","11,00","","40,20","","93,84","","","","","","Généralement nuageux"
"1991-06-21 22:00","1991","06","21","22:00"," ","14,50","","8,80","","69,00","","5,00","","28,00","","40,20","","93,87","","","","","","Averses de pluie"
"1991-06-21 23:00","1991","06","21","23:00"," ","15,80","","7,00","","56,00","","19,00","","4,00","","40,20","","93,84","","","","","","Averses de pluie"
"1991-06-22 00:00","1991","06","22","00:00"," ","13,30","","10,40","","83,00","","7,00","","6,00","","40,20","","93,84","","","","","","Généralement nuageux"
"1991-06-22 01:00","1991","06","22","01:00"," ","12,40","","10,20","","87,00","","7,00","","6,00","","40,20","","93,84","","","","","","Généralement nuageux"
"1991-06-22 02:00","1991","06","22","02:00"," ","13,20","","10,40","","83,00","","36,00","","7,00","","40,20","","93,84","","","","","","Généralement nuageux"
"1991-06-22 03:00","1991","06","22","03:00"," ","12,60","","10,40","","86,00","","28,00","","6,00","","40,20","","93,81","","","","","","Généralement nuageux"
"1991-06-22 04:00","1991","06","22","04:00"," ","12,50","","10,40","","87,00","","35,00","","9,00","","40,20","","93,81","","","","","","Généralement nuageux"
"1991-06-22 05:00","1991","06","22","05:00"," ","12,20","","10,20","","88,00","","32,00","","7,00","","40,20","","93,81","","","","","","Généralement nuageux"
"1991-06-22 06:00","1991","06","22","06:00"," ","13,60","","9,90","","78,00","","0,00","","0,00","","40,20","","93,81","","","","","","Généralement nuageux"
"1991-06-22 07:00","1991","06","22","07:00"," ","14,50","","10,10","","75,00","","0,00","","0,00","","40,20","","93,81","","","","","","Généralement dégagé"
"1991-06-22 08:00","1991","06","22","08:00"," ","16,40","","10,60","","69,00","","0,00","","0,00","","40,20","","93,81","","","","","","Généralement dégagé"
"1991-06-22 09:00","1991","06","22","09:00"," ","16,00","","10,00","","68,00","","5,00","","6,00","","40,20","","93,81","","","","","","Généralement dégagé"
"1991-06-22 10:00","1991","06","22","10:00"," ","17,90","","10,80","","63,00","","8,00","","4,00","","40,20","","93,81","","","","","","Généralement dégagé"
"1991-06-22 11:00","1991","06","22","11:00"," ","18,70","","11,20","","62,00","","0,00","","0,00","","40,20","","93,74","","","","","","Généralement dégagé"
"1991-06-22 12:00","1991","06","22","12:00"," ","19,00","","10,00","","56,00","","36,00","","19,00","","40,20","","93,68","","","","","","Orages"
"1991-06-22 13:00","1991","06","22","13:00"," ","18,70","","8,50","","51,00","","1,00","","13,00","","40,20","","93,65","","","","","","Orages"
"1991-06-22 14:00","1991","06","22","14:00"," ","19,40","","7,00","","45,00","","30,00","","4,00","","40,20","","93,65","","","","","","Orages"
"1991-06-22 15:00","1991","06","22","15:00"," ","17,30","","9,90","","62,00","","19,00","","13,00","","40,20","","93,68","","","","","","Généralement nuageux"
"1991-06-22 16:00","1991","06","22","16:00"," ","17,50","","10,30","","63,00","","29,00","","17,00","","40,20","","93,68","","","","","","Averses de pluie"
"1991-06-22 17:00","1991","06","22","17:00"," ","14,30","","11,00","","81,00","","35,00","","6,00","","24,10","","93,68","","","","","","Averses de pluie"
"1991-06-22 18:00","1991","06","22","18:00"," ","15,00","","10,90","","76,00","","0,00","","0,00","","40,20","","93,62","","","","","","Averses de pluie"
"1991-06-22 19:00","1991","06","22","19:00"," ","15,20","","12,00","","81,00","","12,00","","7,00","","40,20","","93,58","","","","","","Généralement nuageux"
"1991-06-22 20:00","1991","06","22","20:00"," ","16,20","","11,60","","74,00","","0,00","","0,00","","40,20","","93,55","","","","","","Généralement dégagé"
"1991-06-22 21:00","1991","06","22","21:00"," ","15,30","","12,10","","81,00","","0,00","","0,00","","40,20","","93,52","","","","","","Généralement dégagé"
"1991-06-22 22:00","1991","06","22","22:00"," ","13,70","","11,30","","85,00","","0,00","","0,00","","40,20","","93,55","","","","","","Généralement dégagé"
"1991-06-22 23:00","1991","06","22","23:00"," ","13,50","","11,20","","86,00","","0,00","","0,00","","40,20","","93,55","","","","","","Généralement dégagé"
"1991-06-23 00:00","1991","06","23","00:00"," ","11,70","","10,70","","94,00","","0,00","","0,00","","40,20","","93,58","","","","","","Dégagé"
"1991-06-23 01:00","1991","06","23","01:00"," ","10,30","","9,70","","96,00","","0,00","","0,00","","40,20","","93,52","","","","","","Dégagé"
"1991-06-23 02:00","1991","06","23","02:00"," ","10,80","","9,90","","94,00","","32,00","","4,00","","40,20","","93,52","","","","","","Dégagé"
"1991-06-23 03:00","1991","06","23","03:00"," ","8,00","","7,50","","97,00","","19,00","","7,00","","40,20","","93,52","","","","","","Généralement dégagé"
"1991-06-23 04:00","1991","06","23","04:00"," ","7,20","","6,80","","97,00","","0,00","","0,00","","40,20","","93,49","","","","","","Généralement dégagé"
"1991-06-23 05:00","1991","06","23","05:00"," ","8,30","","7,30","","93,00","","28,00","","6,00","","40,20","","93,52","","","","","","Généralement dégagé"
"1991-06-23 06:00","1991","06","23","06:00"," ","9,70","","8,90","","95,00","","26,00","","4,00","","40,20","","93,49","","","","","","Généralement dégagé"
"1991-06-23 07:00","1991","06","23","07:00"," ","11,30","","9,60","","89,00","","26,00","","4,00","","40,20","","93,52","","","","","","Généralement dégagé"
"1991-06-23 08:00","1991","06","23","08:00"," ","12,80","","10,40","","85,00","","0,00","","0,00","","40,20","","93,52","","","","","","Généralement dégagé"
"1991-06-23 09:00","1991","06","23","09:00"," ","15,20","","10,80","","75,00","","24,00","","7,00","","40,20","","93,49","","","","","","Généralement dégagé"
"1991-06-23 10:00","1991","06","23","10:00"," ","17,60","","11,20","","66,00","","27,00","","6,00","","40,20","","93,46","","","","","","Généralement dégagé"
"1991-06-23 11:00","1991","06","23","11:00"," ","18,80","","9,90","","56,00","","4,00","","4,00","","40,20","","93,46","","","","","","Généralement nuageux"
"1991-06-23 12:00","1991","06","23","12:00"," ","19,70","","11,90","","61,00","","3,00","","7,00","","40,20","","93,46","","","","","","Généralement dégagé"
"1991-06-23 13:00","1991","06","23","13:00"," ","16,00","","9,10","","64,00","","27,00","","17,00","","40,20","","93,46","","","","","","Orages"
"1991-06-23 14:00","1991","06","23","14:00"," ","16,40","","10,10","","66,00","","28,00","","9,00","","40,20","","93,49","","","","","","Généralement nuageux"
"1991-06-23 15:00","1991","06","23","15:00"," ","19,10","","10,60","","58,00","","25,00","","13,00","","40,20","","93,49","","","","","","Orages"
"1991-06-23 16:00","1991","06","23","16:00"," ","20,90","","9,00","","47,00","","35,00","","7,00","","40,20","","93,46","","","","","","Généralement nuageux"
"1991-06-23 17:00","1991","06","23","17:00"," ","21,00","","9,40","","47,00","","4,00","","11,00","","40,20","","93,46","","","","","","Généralement dégagé"
"1991-06-23 18:00","1991","06","23","18:00"," ","20,00","","9,60","","51,00","","26,00","","15,00","","40,20","","93,46","","","","","","Généralement dégagé"
"1991-06-23 19:00","1991","06","23","19:00"," ","19,90","","8,40","","47,00","","28,00","","9,00","","40,20","","93,46","","","","","","Généralement dégagé"
"1991-06-23 20:00","1991","06","23","20:00"," ","17,80","","12,50","","71,00","","27,00","","7,00","","40,20","","93,49","","","","","","Généralement nuageux"
"1991-06-23 21:00","1991","06","23","21:00"," ","16,70","","12,10","","74,00","","24,00","","11,00","","40,20","","93,52","","","","","","Averses de pluie"
"1991-06-23 22:00","1991","06","23","22:00"," ","16,40","","9,40","","63,00","","0,00","","0,00","","40,20","","93,58","","","","","","Généralement nuageux"
"1991-06-23 23:00","1991","06","23","23:00"," ","14,60","","10,40","","76,00","","25,00","","7,00","","40,20","","93,58","","","","","","Généralement nuageux"
"1991-06-24 00:00","1991","06","24","00:00"," ","12,70","","9,50","","81,00","","0,00","","0,00","","40,20","","93,58","","","","","","Généralement dégagé"
"1991-06-24 01:00","1991","06","24","01:00"," ","11,10","","9,40","","89,00","","0,00","","0,00","","40,20","","93,65","","","","","","Généralement dégagé"
"1991-06-24 02:00","1991","06","24","02:00"," ","12,40","","10,40","","88,00","","0,00","","0,00","","40,20","","93,65","","","","","","Généralement nuageux"
"1991-06-24 03:00","1991","06","24","03:00"," ","11,60","","9,70","","88,00","","27,00","","7,00","","40,20","","93,65","","","","","","Généralement dégagé"
"1991-06-24 04:00","1991","06","24","04:00"," ","9,00","","8,10","","94,00","","0,00","","0,00","","40,20","","93,65","","","","","","Généralement dégagé"
"1991-06-24 05:00","1991","06","24","05:00"," ","9,40","","8,60","","95,00","","0,00","","0,00","","40,20","","93,68","","","","","","Généralement dégagé"
"1991-06-24 06:00","1991","06","24","06:00"," ","10,90","","10,00","","94,00","","0,00","","0,00","","40,20","","93,68","","","","","","Généralement nuageux"
"1991-06-24 07:00","1991","06","24","07:00"," ","13,90","","11,50","","86,00","","0,00","","0,00","","40,20","","93,68","","","","","","Généralement nuageux"
"1991-06-24 08:00","1991","06","24","08:00"," ","15,00","","10,80","","76,00","","35,00","","4,00","","40,20","","93,71","","","","","","Généralement nuageux"
"1991-06-24 09:00","1991","06","24","09:00"," ","16,30","","10,50","","69,00","","33,00","","4,00","","40,20","","93,71","","","","","","Généralement nuageux"
"1991-06-24 10:00","1991","06","24","10:00"," ","16,40","","11,60","","73,00","","7,00","","4,00","","40,20","","93,74","","","","","","Averses de pluie"
"1991-06-24 11:00","1991","06","24","11:00"," ","17,10","","12,00","","72,00","","9,00","","11,00","","40,20","","93,74","","","","","","Généralement nuageux"
"1991-06-24 12:00","1991","06","24","12:00"," ","18,20","","10,90","","62,00","","14,00","","13,00","","40,20","","93,74","","","","","","Généralement nuageux"
"1991-06-24 13:00","1991","06","24","13:00"," ","17,70","","10,00","","61,00","","9,00","","19,00","","40,20","","93,71","","","","","","Généralement nuageux"
"1991-06-24 14:00","1991","06","24","14:00"," ","18,50","","11,00","","62,00","","9,00","","22,00","","40,20","","93,65","","","","","","Généralement dégagé"
"1991-06-24 15:00","1991","06","24","15:00"," ","18,40","","10,50","","60,00","","12,00","","11,00","","40,20","","93,65","","","","","","Généralement nuageux"
"1991-06-24 16:00","1991","06","24","16:00"," ","18,70","","9,40","","55,00","","11,00","","9,00","","40,20","","93,62","","","","","","Généralement nuageux"
"1991-06-24 17:00","1991","06","24","17:00"," ","19,30","","9,00","","51,00","","6,00","","4,00","","40,20","","93,52","","","","","","Généralement nuageux"
"1991-06-24 18:00","1991","06","24","18:00"," ","19,90","","9,30","","50,00","","0,00","","0,00","","40,20","","93,49","","","","","","Généralement dégagé"
"1991-06-24 19:00","1991","06","24","19:00"," ","18,90","","9,50","","54,00","","10,00","","7,00","","40,20","","93,46","","","","","","Généralement dégagé"
"1991-06-24 20:00","1991","06","24","20:00"," ","18,20","","10,30","","60,00","","12,00","","9,00","","40,20","","93,42","","","","","","Généralement nuageux"
"1991-06-24 21:00","1991","06","24","21:00"," ","15,40","","9,70","","69,00","","11,00","","9,00","","40,20","","93,42","","","","","","Généralement dégagé"
"1991-06-24 22:00","1991","06","24","22:00"," ","14,40","","9,30","","71,00","","15,00","","6,00","","40,20","","93,46","","","","","","Généralement dégagé"
"1991-06-24 23:00","1991","06","24","23:00"," ","14,10","","9,10","","72,00","","14,00","","6,00","","40,20","","93,46","","","","","","Généralement dégagé"
"1991-06-25 00:00","1991","06","25","00:00"," ","12,30","","9,50","","83,00","","36,00","","7,00","","40,20","","93,42","","","","","","Généralement dégagé"
"1991-06-25 01:00","1991","06","25","01:00"," ","9,80","","8,40","","91,00","","0,00","","0,00","","40,20","","93,39","","","","","","Généralement dégagé"
"1991-06-25 02:00","1991","06","25","02:00"," ","10,90","","9,30","","90,00","","0,00","","0,00","","40,20","","93,39","","","","","","Généralement dégagé"
"1991-06-25 03:00","1991","06","25","03:00"," ","9,30","","8,50","","95,00","","8,00","","4,00","","40,20","","93,36","","","","","","Généralement dégagé"
"1991-06-25 04:00","1991","06","25","04:00"," ","9,60","","8,60","","93,00","","0,00","","0,00","","40,20","","93,33","","","","","","Généralement dégagé"
"1991-06-25 05:00","1991","06","25","05:00"," ","8,50","","8,20","","98,00","","0,00","","0,00","","40,20","","93,30","","","","","","Généralement dégagé"
"1991-06-25 06:00","1991","06","25","06:00"," ","8,80","","8,80","","100,00","","0,00","","0,00","","0,40","","93,30","","","","","","Brouillard"
"1991-06-25 07:00","1991","06","25","07:00"," ","10,80","","10,00","","95,00","","12,00","","4,00","","24,10","","93,30","","","","","","Généralement dégagé"
"1991-06-25 08:00","1991","06","25","08:00"," ","12,30","","11,00","","92,00","","21,00","","4,00","","32,20","","93,27","","","","","","Généralement nuageux"
"1991-06-25 09:00","1991","06","25","09:00"," ","15,90","","10,90","","72,00","","13,00","","6,00","","40,20","","93,27","","","","","","Généralement nuageux"
"1991-06-25 10:00","1991","06","25","10:00"," ","16,60","","10,80","","68,00","","12,00","","7,00","","40,20","","93,27","","","","","","Généralement nuageux"
"1991-06-25 11:00","1991","06","25","11:00"," ","18,60","","10,00","","57,00","","9,00","","4,00","","40,20","","93,20","","","","","","Généralement nuageux"
"1991-06-25 12:00","1991","06","25","12:00"," ","19,20","","9,20","","52,00","","27,00","","4,00","","40,20","","93,17","","","","","","Généralement nuageux"
"1991-06-25 13:00","1991","06","25","13:00"," ","19,30","","9,50","","53,00","","5,00","","7,00","","40,20","","93,14","","","","","","Généralement nuageux"
"1991-06-25 14:00","1991","06","25","14:00"," ","21,20","","10,90","","52,00","","5,00","","6,00","","40,20","","93,11","","","","","","Généralement nuageux"
"1991-06-25 15:00","1991","06","25","15:00"," ","21,50","","9,50","","46,00","","9,00","","6,00","","40,20","","93,04","","","","","","Généralement nuageux"
"1991-06-25 16:00","1991","06","25","16:00"," ","22,10","","9,60","","45,00","","7,00","","7,00","","40,20","","92,98","","","","","","Généralement dégagé"
"1991-06-25 17:00","1991","06","25","17:00"," ","22,10","","9,50","","45,00","","4,00","","6,00","","40,20","","92,92","","","","","","Généralement dégagé"
"1991-06-25 18:00","1991","06","25","18:00"," ","22,00","","10,20","","47,00","","8,00","","9,00","","40,20","","92,92","","","","","","Généralement dégagé"
"1991-06-25 19:00","1991","06","25","19:00"," ","21,50","","11,70","","54,00","","7,00","","13,00","","40,20","","92,88","","","","","","Généralement dégagé"
"1991-06-25 20:00","1991","06","25","20:00"," ","20,70","","12,00","","57,00","","5,00","","6,00","","40,20","","92,92","","","","","","Généralement nuageux"
"1991-06-25 21:00","1991","06","25","21:00"," ","19,20","","13,10","","68,00","","6,00","","4,00","","40,20","","92,92","","","","","","Généralement nuageux"
"1991-06-25 22:00","1991","06","25","22:00"," ","15,80","","11,70","","77,00","","6,00","","9,00","","40,20","","92,92","","","","","","Généralement nuageux"
"1991-06-25 23:00","1991","06","25","23:00"," ","14,70","","11,20","","80,00","","9,00","","7,00","","40,20","","92,98","","","","","","Généralement dégagé"
"1991-06-26 00:00","1991","06","26","00:00"," ","14,70","","10,90","","78,00","","0,00","","0,00","","40,20","","92,98","","","","","","Généralement dégagé"
"1991-06-26 01:00","1991","06","26","01:00"," ","12,80","","10,30","","85,00","","0,00","","0,00","","40,20","","92,98","","","","","","Généralement dégagé"
"1991-06-26 02:00","1991","06","26","02:00"," ","12,60","","10,20","","85,00","","0,00","","0,00","","40,20","","92,98","","","","","","Généralement dégagé"
"1991-06-26 03:00","1991","06","26","03:00"," ","11,90","","10,50","","91,00","","32,00","","7,00","","40,20","","92,98","","","","","","Généralement dégagé"
"1991-06-26 04:00","1991","06","26","04:00"," ","10,10","","9,10","","94,00","","27,00","","4,00","","40,20","","92,98","","","","","","Généralement dégagé"
"1991-06-26 05:00","1991","06","26","05:00"," ","9,10","","8,20","","94,00","","0,00","","0,00","","40,20","","92,98","","","","","","Généralement dégagé"
"1991-06-26 06:00","1991","06","26","06:00"," ","11,00","","9,80","","92,00","","23,00","","4,00","","40,20","","93,04","","","","","","Généralement dégagé"
"1991-06-26 07:00","1991","06","26","07:00"," ","12,50","","10,70","","89,00","","19,00","","4,00","","40,20","","93,04","","","","","","Généralement dégagé"
"1991-06-26 08:00","1991","06","26","08:00"," ","15,00","","11,80","","81,00","","26,00","","4,00","","40,20","","93,08","","","","","","Généralement dégagé"
"1991-06-26 09:00","1991","06","26","09:00"," ","17,50","","12,30","","71,00","","30,00","","6,00","","40,20","","93,11","","","","","","Généralement dégagé"
"1991-06-26 10:00","1991","06","26","10:00"," ","19,30","","13,50","","69,00","","24,00","","9,00","","40,20","","93,08","","","","","","Généralement dégagé"
"1991-06-26 11:00","1991","06","26","11:00"," ","20,60","","13,30","","63,00","","27,00","","6,00","","40,20","","93,08","","","","","","Généralement nuageux"
"1991-06-26 12:00","1991","06","26","12:00"," ","21,70","","12,30","","55,00","","3,00","","4,00","","40,20","","93,08","","","","","","Généralement nuageux"
"1991-06-26 13:00","1991","06","26","13:00"," ","22,20","","10,30","","47,00","","3,00","","7,00","","40,20","","93,04","","","","","","Généralement nuageux"
"1991-06-26 14:00","1991","06","26","14:00"," ","21,90","","10,60","","49,00","","36,00","","7,00","","40,20","","93,04","","","","","","Généralement nuageux"
"1991-06-26 15:00","1991","06","26","15:00"," ","23,20","","10,40","","44,00","","31,00","","6,00","","40,20","","93,01","","25,00","","","","Généralement nuageux"
"1991-06-26 16:00","1991","06","26","16:00"," ","23,70","","10,10","","42,00","","5,00","","4,00","","40,20","","92,98","","25,00","","","","Généralement nuageux"
"1991-06-26 17:00","1991","06","26","17:00"," ","23,90","","9,40","","40,00","","34,00","","6,00","","40,20","","93,01","","25,00","","","","Généralement nuageux"
"1991-06-26 18:00","1991","06","26","18:00"," ","22,10","","11,70","","52,00","","36,00","","15,00","","40,20","","93,01","","","","","","Orages"
"1991-06-26 19:00","1991","06","26","19:00"," ","22,40","","12,40","","53,00","","2,00","","13,00","","40,20","","93,04","","25,00","","","","Généralement nuageux"
"1991-06-26 20:00","1991","06","26","20:00"," ","21,40","","14,60","","65,00","","3,00","","6,00","","40,20","","93,04","","25,00","","","","Généralement nuageux"
"1991-06-26 21:00","1991","06","26","21:00"," ","21,30","","13,50","","61,00","","12,00","","4,00","","40,20","","93,11","","","","","","Généralement nuageux"
"1991-06-26 22:00","1991","06","26","22:00"," ","19,30","","11,20","","60,00","","0,00","","0,00","","40,20","","93,17","","","","","","Généralement nuageux"
"1991-06-26 23:00","1991","06","26","23:00"," ","17,60","","11,70","","68,00","","0,00","","0,00","","40,20","","93,17","","","","","","Généralement dégagé"
"1991-06-27 00:00","1991","06","27","00:00"," ","16,30","","12,00","","76,00","","0,00","","0,00","","40,20","","93,17","","","","","","Généralement dégagé"
"1991-06-27 01:00","1991","06","27","01:00"," ","14,20","","12,10","","87,00","","0,00","","0,00","","40,20","","93,17","","","","","","Généralement dégagé"
"1991-06-27 02:00","1991","06","27","02:00"," ","11,30","","10,20","","93,00","","21,00","","4,00","","40,20","","93,14","","","","","","Généralement dégagé"
"1991-06-27 03:00","1991","06","27","03:00"," ","10,90","","10,00","","94,00","","22,00","","9,00","","40,20","","93,14","","","","","","Généralement dégagé"
"1991-06-27 04:00","1991","06","27","04:00"," ","11,40","","10,20","","93,00","","0,00","","0,00","","40,20","","93,20","","","","","","Généralement dégagé"
"1991-06-27 05:00","1991","06","27","05:00"," ","9,80","","9,50","","98,00","","0,00","","0,00","","40,20","","93,20","","","","","","Généralement nuageux"
"1991-06-27 06:00","1991","06","27","06:00"," ","11,90","","10,80","","93,00","","23,00","","6,00","","40,20","","93,27","","","","","","Généralement nuageux"
"1991-06-27 07:00","1991","06","27","07:00"," ","14,10","","12,10","","88,00","","25,00","","7,00","","40,20","","93,27","","","","","","Généralement nuageux"
"1991-06-27 08:00","1991","06","27","08:00"," ","16,00","","12,30","","79,00","","23,00","","6,00","","40,20","","93,27","","","","","","Généralement nuageux"
"1991-06-27 09:00","1991","06","27","09:00"," ","17,70","","12,90","","73,00","","30,00","","4,00","","40,20","","93,30","","","","","","Généralement nuageux"
"1991-06-27 10:00","1991","06","27","10:00"," ","19,80","","13,70","","68,00","","26,00","","4,00","","40,20","","93,27","","","","","","Généralement nuageux"
"1991-06-27 11:00","1991","06","27","11:00"," ","21,30","","13,20","","60,00","","26,00","","4,00","","40,20","","93,23","","","","","","Généralement nuageux"
"1991-06-27 12:00","1991","06","27","12:00"," ","23,10","","11,80","","49,00","","24,00","","6,00","","40,20","","93,20","","25,00","","","","Généralement nuageux"
"1991-06-27 13:00","1991","06","27","13:00"," ","23,80","","9,60","","41,00","","36,00","","4,00","","40,20","","93,17","","25,00","","","","Nuageux"
"1991-06-27 14:00","1991","06","27","14:00"," ","22,60","","13,50","","56,00","","8,00","","6,00","","40,20","","93,14","","26,00","","","","Généralement nuageux"
"1991-06-27 15:00","1991","06","27","15:00"," ","23,30","","10,40","","44,00","","0,00","","0,00","","40,20","","93,14","","25,00","","","","Généralement nuageux"
"1991-06-27 16:00","1991","06","27","16:00"," ","23,40","","9,70","","42,00","","0,00","","0,00","","40,20","","93,14","","25,00","","","","Généralement nuageux"
"1991-06-27 17:00","1991","06","27","17:00"," ","18,40","","12,10","","67,00","","20,00","","19,00","","19,30","","93,17","","","","","","Orages,Averses de pluie"
"1991-06-27 18:00","1991","06","27","18:00"," ","18,40","","12,90","","70,00","","0,00","","0,00","","40,20","","93,14","","","","","","Généralement nuageux"
"1991-06-27 19:00","1991","06","27","19:00"," ","21,10","","12,30","","57,00","","31,00","","13,00","","40,20","","93,14","","","","","","Généralement nuageux"
"1991-06-27 20:00","1991","06","27","20:00"," ","19,90","","12,60","","63,00","","34,00","","11,00","","40,20","","93,17","","","","","","Généralement nuageux"
"1991-06-27 21:00","1991","06","27","21:00"," ","18,90","","12,90","","68,00","","0,00","","0,00","","40,20","","93,20","","","","","","Généralement nuageux"
"1991-06-27 22:00","1991","06","27","22:00"," ","17,00","","13,70","","81,00","","12,00","","19,00","","40,20","","93,30","","","","","","Généralement nuageux"
"1991-06-27 23:00","1991","06","27","23:00"," ","15,40","","13,80","","90,00","","15,00","","15,00","","24,10","","93,30","","","","","","Orages,Averses de pluie"
"1991-06-28 00:00","1991","06","28","00:00"," ","14,50","","12,90","","90,00","","36,00","","4,00","","40,20","","93,17","","","","","","Généralement nuageux"
"1991-06-28 01:00","1991","06","28","01:00"," ","12,70","","12,00","","95,00","","14,00","","7,00","","40,20","","93,20","","","","","","Généralement nuageux"
"1991-06-28 02:00","1991","06","28","02:00"," ","13,10","","12,70","","97,00","","0,00","","0,00","","40,20","","93,17","","","","","","Généralement dégagé"
"1991-06-28 03:00","1991","06","28","03:00"," ","11,20","","10,90","","98,00","","7,00","","6,00","","40,20","","93,14","","","","","","Généralement nuageux"
"1991-06-28 04:00","1991","06","28","04:00"," ","11,80","","11,30","","97,00","","31,00","","4,00","","40,20","","93,14","","","","","","Nuageux"
"1991-06-28 05:00","1991","06","28","05:00"," ","12,30","","11,80","","97,00","","0,00","","0,00","","40,20","","93,14","","","","","","Nuageux"
"1991-06-28 06:00","1991","06","28","06:00"," ","12,90","","12,30","","96,00","","0,00","","0,00","","40,20","","93,14","","","","","","Nuageux"
"1991-06-28 07:00","1991","06","28","07:00"," ","14,30","","13,50","","95,00","","0,00","","0,00","","24,10","","93,14","","","","","","Nuageux"
"1991-06-28 08:00","1991","06","28","08:00"," ","14,90","","13,70","","93,00","","0,00","","0,00","","24,10","","93,11","","","","","","Généralement nuageux"
"1991-06-28 09:00","1991","06","28","09:00"," ","15,70","","13,20","","85,00","","0,00","","0,00","","24,10","","93,11","","","","","","Nuageux"
"1991-06-28 10:00","1991","06","28","10:00"," ","16,90","","13,00","","78,00","","0,00","","0,00","","40,20","","93,11","","","","","","Généralement nuageux"
"1991-06-28 11:00","1991","06","28","11:00"," ","19,00","","13,90","","72,00","","11,00","","4,00","","40,20","","93,11","","","","","","Généralement nuageux"
"1991-06-28 12:00","1991","06","28","12:00"," ","19,90","","12,50","","62,00","","15,00","","6,00","","40,20","","93,04","","","","","","Généralement nuageux"
"1991-06-28 13:00","1991","06","28","13:00"," ","19,80","","13,80","","68,00","","0,00","","0,00","","40,20","","93,01","","","","","","Averses de pluie"
"1991-06-28 14:00","1991","06","28","14:00"," ","22,40","","14,60","","61,00","","23,00","","9,00","","40,20","","92,98","","26,00","","","","Généralement nuageux"
"1991-06-28 15:00","1991","06","28","15:00"," ","18,20","","12,60","","70,00","","23,00","","22,00","","40,20","","92,98","","","","","","Généralement nuageux"
"1991-06-28 16:00","1991","06","28","16:00"," ","19,20","","12,50","","65,00","","23,00","","13,00","","40,20","","92,95","","","","","","Généralement nuageux"
"1991-06-28 17:00","1991","06","28","17:00"," ","20,60","","13,10","","62,00","","22,00","","15,00","","40,20","","92,98","","","","","","Généralement dégagé"
"1991-06-28 18:00","1991","06","28","18:00"," ","20,60","","13,10","","62,00","","25,00","","13,00","","40,20","","92,92","","","","","","Généralement dégagé"
"1991-06-28 19:00","1991","06","28","19:00"," ","20,70","","12,90","","61,00","","27,00","","6,00","","40,20","","92,92","","","","","","Généralement dégagé"
"1991-06-28 20:00","1991","06","28","20:00"," ","20,80","","12,70","","60,00","","31,00","","7,00","","40,20","","92,92","","","","","","Généralement dégagé"
"1991-06-28 21:00","1991","06","28","21:00"," ","19,80","","13,10","","65,00","","31,00","","4,00","","40,20","","92,92","","","","","","Généralement dégagé"
"1991-06-28 22:00","1991","06","28","22:00"," ","15,70","","13,40","","86,00","","10,00","","4,00","","40,20","","92,98","","","","","","Généralement dégagé"
"1991-06-28 23:00","1991","06","28","23:00"," ","16,00","","13,10","","83,00","","12,00","","6,00","","40,20","","93,01","","","","","","Dégagé"
"1991-06-29 00:00","1991","06","29","00:00"," ","14,10","","12,80","","92,00","","0,00","","0,00","","40,20","","92,98","","","","","","Généralement dégagé"
"1991-06-29 01:00","1991","06","29","01:00"," ","14,30","","12,40","","88,00","","31,00","","4,00","","40,20","","92,98","","","","","","Généralement dégagé"
"1991-06-29 02:00","1991","06","29","02:00"," ","12,40","","11,20","","93,00","","31,00","","4,00","","40,20","","93,01","","","","","","Généralement nuageux"
"1991-06-29 03:00","1991","06","29","03:00"," ","11,20","","10,30","","94,00","","0,00","","0,00","","40,20","","93,01","","","","","","Généralement nuageux"
"1991-06-29 04:00","1991","06","29","04:00"," ","10,70","","9,80","","94,00","","31,00","","4,00","","40,20","","93,04","","","","","","Généralement nuageux"
"1991-06-29 05:00","1991","06","29","05:00"," ","9,70","","9,70","","100,00","","0,00","","0,00","","40,20","","93,04","","","","","","Généralement dégagé"
"1991-06-29 06:00","1991","06","29","06:00"," ","11,30","","10,90","","97,00","","0,00","","0,00","","40,20","","93,04","","","","","","Généralement dégagé"
"1991-06-29 07:00","1991","06","29","07:00"," ","13,90","","12,90","","94,00","","22,00","","4,00","","40,20","","93,11","","","","","","Généralement dégagé"
"1991-06-29 08:00","1991","06","29","08:00"," ","15,90","","13,00","","83,00","","0,00","","0,00","","40,20","","93,11","","","","","","Généralement dégagé"
"1991-06-29 09:00","1991","06","29","09:00"," ","18,70","","14,50","","76,00","","0,00","","0,00","","40,20","","93,11","","","","","","Dégagé"
"1991-06-29 10:00","1991","06","29","10:00"," ","20,80","","15,60","","72,00","","0,00","","0,00","","40,20","","93,11","","25,00","","","","Généralement dégagé"
"1991-06-29 11:00","1991","06","29","11:00"," ","21,70","","12,10","","54,00","","8,00","","4,00","","40,20","","93,11","","","","","","Généralement dégagé"
"1991-06-29 12:00","1991","06","29","12:00"," ","23,10","","13,00","","53,00","","6,00","","6,00","","40,20","","93,01","","26,00","","","","Généralement dégagé"
"1991-06-29 13:00","1991","06","29","13:00"," ","23,50","","13,20","","53,00","","12,00","","6,00","","40,20","","93,04","","26,00","","","","Généralement dégagé"
"1991-06-29 14:00","1991","06","29","14:00"," ","23,20","","12,20","","50,00","","21,00","","4,00","","40,20","","92,95","","26,00","","","","Généralement nuageux"
"1991-06-29 15:00","1991","06","29","15:00"," ","23,50","","11,60","","47,00","","34,00","","6,00","","40,20","","92,92","","26,00","","","","Généralement nuageux"
"1991-06-29 16:00","1991","06","29","16:00"," ","24,50","","11,80","","45,00","","2,00","","9,00","","40,20","","92,88","","27,00","","","","Généralement nuageux"
"1991-06-29 17:00","1991","06","29","17:00"," ","25,00","","11,50","","43,00","","8,00","","15,00","","40,20","","92,92","","27,00","","","","Généralement nuageux"
"1991-06-29 18:00","1991","06","29","18:00"," ","20,20","","12,40","","61,00","","14,00","","17,00","","40,20","","92,92","","","","","","Généralement nuageux"
"1991-06-29 19:00","1991","06","29","19:00"," ","21,50","","11,20","","52,00","","17,00","","9,00","","40,20","","92,98","","","","","","Généralement nuageux"
"1991-06-29 20:00","1991","06","29","20:00"," ","20,10","","13,40","","65,00","","12,00","","9,00","","40,20","","93,01","","","","","","Nuageux"
"1991-06-29 21:00","1991","06","29","21:00"," ","19,50","","11,60","","60,00","","6,00","","4,00","","40,20","","93,04","","","","","","Nuageux"
"1991-06-29 22:00","1991","06","29","22:00"," ","16,70","","12,00","","74,00","","5,00","","6,00","","40,20","","93,11","","","","","","Généralement nuageux"
"1991-06-29 23:00","1991","06","29","23:00"," ","14,90","","11,90","","82,00","","7,00","","7,00","","40,20","","93,08","","","","","","Généralement nuageux"
"1991-06-30 00:00","1991","06","30","00:00"," ","14,30","","11,80","","85,00","","1,00","","7,00","","40,20","","93,08","","","","","","Généralement nuageux"
"1991-06-30 01:00","1991","06","30","01:00"," ","12,70","","11,20","","91,00","","34,00","","7,00","","40,20","","93,04","","","","","","Généralement nuageux"
"1991-06-30 02:00","1991","06","30","02:00"," ","11,00","","10,20","","95,00","","33,00","","4,00","","40,20","","93,11","","","","","","Généralement nuageux"
"1991-06-30 03:00","1991","06","30","03:00"," ","11,60","","10,70","","94,00","","31,00","","4,00","","40,20","","93,14","","","","","","Généralement nuageux"
"1991-06-30 04:00","1991","06","30","04:00"," ","9,40","","8,20","","92,00","","30,00","","4,00","","40,20","","93,17","","","","","","Généralement nuageux"
"1991-06-30 05:00","1991","06","30","05:00"," ","9,80","","9,40","","97,00","","22,00","","6,00","","40,20","","93,20","","","","","","Généralement dégagé"
"1991-06-30 06:00","1991","06","30","06:00"," ","12,00","","10,70","","92,00","","27,00","","9,00","","40,20","","93,20","","","","","","Généralement dégagé"
"1991-06-30 07:00","1991","06","30","07:00"," ","14,10","","12,10","","88,00","","31,00","","4,00","","40,20","","93,23","","","","","","Généralement dégagé"
"1991-06-30 08:00","1991","06","30","08:00"," ","17,50","","12,60","","73,00","","30,00","","17,00","","40,20","","93,27","","","","","","Généralement nuageux"
"1991-06-30 09:00","1991","06","30","09:00"," ","18,40","","12,70","","70,00","","30,00","","17,00","","40,20","","93,30","","","","","","Généralement dégagé"
"1991-06-30 10:00","1991","06","30","10:00"," ","20,10","","13,40","","65,00","","32,00","","11,00","","40,20","","93,33","","","","","","Généralement nuageux"
"1991-06-30 11:00","1991","06","30","11:00"," ","21,40","","12,70","","58,00","","36,00","","9,00","","40,20","","93,27","","","","","","Généralement nuageux"
"1991-06-30 12:00","1991","06","30","12:00"," ","22,90","","11,20","","48,00","","33,00","","4,00","","40,20","","93,27","","25,00","","","","Généralement nuageux"
"1991-06-30 13:00","1991","06","30","13:00"," ","23,50","","12,30","","49,00","","32,00","","7,00","","40,20","","93,27","","26,00","","","","Généralement dégagé"
"1991-06-30 14:00","1991","06","30","14:00"," ","23,50","","11,80","","48,00","","28,00","","22,00","","40,20","","93,23","","26,00","","","","Généralement nuageux"
"1991-06-30 15:00","1991","06","30","15:00"," ","16,60","","15,10","","91,00","","35,00","","19,00","","24,10","","93,33","","","","","","Orages,Averses de pluie forte"
"1991-06-30 16:00","1991","06","30","16:00"," ","17,40","","12,80","","74,00","","27,00","","13,00","","32,20","","93,42","","","","","","Orages,Averses de pluie"
"1991-06-30 17:00","1991","06","30","17:00"," ","15,70","","13,80","","88,00","","28,00","","22,00","","32,20","","93,49","","","","","","Orages,Averses de pluie"
"1991-06-30 18:00","1991","06","30","18:00"," ","14,90","","13,10","","89,00","","30,00","","26,00","","40,20","","93,46","","","","","","Averses de pluie"
"1991-06-30 19:00","1991","06","30","19:00"," ","15,70","","14,00","","90,00","","25,00","","7,00","","40,20","","93,52","","","","","","Généralement nuageux"
"1991-06-30 20:00","1991","06","30","20:00"," ","15,70","","11,80","","77,00","","26,00","","9,00","","40,20","","93,58","","","","","","Généralement nuageux"
"1991-06-30 21:00","1991","06","30","21:00"," ","14,70","","11,60","","82,00","","25,00","","7,00","","40,20","","93,58","","","","","","Généralement nuageux"
"1991-06-30 22:00","1991","06","30","22:00"," ","14,50","","11,10","","80,00","","0,00","","0,00","","40,20","","93,65","","","","","","Généralement nuageux"
"1991-06-30 23:00","1991","06","30","23:00"," ","14,30","","11,00","","81,00","","20,00","","6,00","","40,20","","93,65","","","","","","Généralement nuageux"
