"Nom de la Station","KEJIMKUJIK 1"
"Province","NOVA SCOTIA"
"Latitude","44,40"
"Longitude","-65,20"
"Altitude","125,00"
"Identification Climat","8202592"
"Identification OMM","71599"
"Identification TC","WKG"
"Toutes les heures sont exprimées en heure normale locale (HNL). Pour convertir l'heure locale en heure avancée de l'Est (HAE), ajoutez 1 heure s'il y a lieu."

"Légende"
"M","Données Manquantes"
"E","Valeur Estimée"
"ND","Non Disponible"
"**","Données fournies par un partenaire, non assujetties à un révision par les Archives climatiques nationales du Canada"

"Date/Heure","Année","Mois","Jour","Heure","Qualité des Données","Temp (°C)","Temp Indicateur","Point de rosée (°C)","Point de rosée Indicateur","Hum. rel (%)","Hum. rel. Indicateur","Dir. du vent (10s deg)","Dir. du vent Indicateur","Vit. du vent (km/h)","Vit. du vent Indicateur","Visibilité (km)","Visibilité Indicateur","Pression à la station (kPa)","Pression à la station Indicateur","Hmdx","Hmdx Indicateur","Refroid. éolien","Refroid. éolien Indicateur","Temps"
"1995-01-01 00:00","1995","01","01","00:00"," ","","","","","","","","","","","","","","","","","","",""
"1995-01-01 01:00","1995","01","01","01:00"," ","","","","","","","","","","","","","","","","","","",""
"1995-01-01 02:00","1995","01","01","02:00"," ","-5,60","","-8,50","","80,00","","0,00","","0,00","","","","","M","","","","","ND"
"1995-01-01 03:00","1995","01","01","03:00"," ","","","","","","","","","","","","","","","","","","",""
"1995-01-01 04:00","1995","01","01","04:00"," ","","","","","","","","","","","","","","","","","","",""
"1995-01-01 05:00","1995","01","01","05:00"," ","-4,10","","-7,00","","80,00","","0,00","","0,00","","","","","M","","","","","ND"
"1995-01-01 06:00","1995","01","01","06:00"," ","","","","","","","","","","","","","","","","","","",""
"1995-01-01 07:00","1995","01","01","07:00"," ","","","","","","","","","","","","","","","","","","",""
"1995-01-01 08:00","1995","01","01","08:00"," ","-2,90","","-6,00","","79,00","","0,00","","0,00","","","","","M","","","","","ND"
"1995-01-01 09:00","1995","01","01","09:00"," ","","","","","","","","","","","","","","","","","","",""
"1995-01-01 10:00","1995","01","01","10:00"," ","","","","","","","","","","","","","","","","","","",""
"1995-01-01 11:00","1995","01","01","11:00"," ","0,10","","-3,60","","76,00","","0,00","","0,00","","","","","M","","","","","ND"
"1995-01-01 12:00","1995","01","01","12:00"," ","","","","","","","","","","","","","","","","","","",""
"1995-01-01 13:00","1995","01","01","13:00"," ","","","","","","","","","","","","","","","","","","",""
"1995-01-01 14:00","1995","01","01","14:00"," ","0,00","","-3,60","","77,00","","11,00","","2,00","","","","","M","","","-1,00","","ND"
"1995-01-01 15:00","1995","01","01","15:00"," ","","","","","","","","","","","","","","","","","","",""
"1995-01-01 16:00","1995","01","01","16:00"," ","","","","","","","","","","","","","","","","","","",""
"1995-01-01 17:00","1995","01","01","17:00"," ","0,10","","-3,40","","77,00","","8,00","","20,00","","","","","M","","","","","ND"
"1995-01-01 18:00","1995","01","01","18:00"," ","","","","","","","","","","","","","","","","","","",""
"1995-01-01 19:00","1995","01","01","19:00"," ","","","","","","","","","","","","","","","","","","",""
"1995-01-01 20:00","1995","01","01","20:00"," ","0,30","","-3,20","","77,00","","10,00","","20,00","","","","","M","","","","","ND"
"1995-01-01 21:00","1995","01","01","21:00"," ","","","","","","","","","","","","","","","","","","",""
"1995-01-01 22:00","1995","01","01","22:00"," ","","","","","","","","","","","","","","","","","","",""
"1995-01-01 23:00","1995","01","01","23:00"," ","0,40","","-3,20","","77,00","","29,00","","20,00","","","","","M","","","","","ND"
"1995-01-02 00:00","1995","01","02","00:00"," ","","","","","","","","","","","","","","","","","","",""
"1995-01-02 01:00","1995","01","02","01:00"," ","","","","","","","","","","","","","","","","","","",""
"1995-01-02 02:00","1995","01","02","02:00"," ","0,30","","-3,30","","77,00","","22,00","","20,00","","","","","M","","","","","ND"
"1995-01-02 03:00","1995","01","02","03:00"," ","","","","","","","","","","","","","","","","","","",""
"1995-01-02 04:00","1995","01","02","04:00"," ","","","","","","","","","","","","","","","","","","",""
"1995-01-02 05:00","1995","01","02","05:00"," ","-0,30","","-3,80","","77,00","","26,00","","20,00","","","","","M","","","-6,00","","ND"
"1995-01-02 06:00","1995","01","02","06:00"," ","","","","","","","","","","","","","","","","","","",""
"1995-01-02 07:00","1995","01","02","07:00"," ","","","","","","","","","","","","","","","","","","",""
"1995-01-02 08:00","1995","01","02","08:00"," ","-0,70","","-4,00","","78,00","","25,00","","20,00","","","","","M","","","-6,00","","ND"
"1995-01-02 09:00","1995","01","02","09:00"," ","","","","","","","","","","","","","","","","","","",""
"1995-01-02 10:00","1995","01","02","10:00"," ","","","","","","","","","","","","","","","","","","",""
"1995-01-02 11:00","1995","01","02","11:00"," ","0,00","","-3,50","","77,00","","11,00","","20,00","","","","","M","","","-5,00","","ND"
"1995-01-02 12:00","1995","01","02","12:00"," ","","","","","","","","","","","","","","","","","","",""
"1995-01-02 13:00","1995","01","02","13:00"," ","","","","","","","","","","","","","","","","","","",""
"1995-01-02 14:00","1995","01","02","14:00"," ","-0,10","","-3,50","","78,00","","13,00","","20,00","","","","","M","","","-5,00","","ND"
"1995-01-02 15:00","1995","01","02","15:00"," ","","","","","","","","","","","","","","","","","","",""
"1995-01-02 16:00","1995","01","02","16:00"," ","","","","","","","","","","","","","","","","","","",""
"1995-01-02 17:00","1995","01","02","17:00"," ","-0,30","","-3,70","","78,00","","12,00","","20,00","","","","","M","","","-6,00","","ND"
"1995-01-02 18:00","1995","01","02","18:00"," ","","","","","","","","","","","","","","","","","","",""
"1995-01-02 19:00","1995","01","02","19:00"," ","","","","","","","","","","","","","","","","","","",""
"1995-01-02 20:00","1995","01","02","20:00"," ","-0,10","","-3,50","","78,00","","31,00","","20,00","","","","","M","","","-5,00","","ND"
"1995-01-02 21:00","1995","01","02","21:00"," ","","","","","","","","","","","","","","","","","","",""
"1995-01-02 22:00","1995","01","02","22:00"," ","","","","","","","","","","","","","","","","","","",""
"1995-01-02 23:00","1995","01","02","23:00"," ","-1,10","","-4,30","","79,00","","23,00","","20,00","","","","","M","","","-7,00","","ND"
"1995-01-03 00:00","1995","01","03","00:00"," ","","","","","","","","","","","","","","","","","","",""
"1995-01-03 01:00","1995","01","03","01:00"," ","","","","","","","","","","","","","","","","","","",""
"1995-01-03 02:00","1995","01","03","02:00"," ","-2,30","","-5,40","","79,00","","22,00","","17,00","","","","","M","","","-8,00","","ND"
"1995-01-03 03:00","1995","01","03","03:00"," ","","","","","","","","","","","","","","","","","","",""
"1995-01-03 04:00","1995","01","03","04:00"," ","","","","","","","","","","","","","","","","","","",""
"1995-01-03 05:00","1995","01","03","05:00"," ","-3,30","","-6,40","","79,00","","22,00","","13,00","","","","","M","","","-8,00","","ND"
"1995-01-03 06:00","1995","01","03","06:00"," ","","","","","","","","","","","","","","","","","","",""
"1995-01-03 07:00","1995","01","03","07:00"," ","","","","","","","","","","","","","","","","","","",""
"1995-01-03 08:00","1995","01","03","08:00"," ","-4,40","","-7,20","","81,00","","23,00","","9,00","","","","","M","","","-8,00","","ND"
"1995-01-03 09:00","1995","01","03","09:00"," ","","","","","","","","","","","","","","","","","","",""
"1995-01-03 10:00","1995","01","03","10:00"," ","","","","","","","","","","","","","","","","","","",""
"1995-01-03 11:00","1995","01","03","11:00"," ","-3,10","","-6,40","","78,00","","23,00","","13,00","","","","","M","","","-8,00","","ND"
"1995-01-03 12:00","1995","01","03","12:00"," ","","","","","","","","","","","","","","","","","","",""
"1995-01-03 13:00","1995","01","03","13:00"," ","","","","","","","","","","","","","","","","","","",""
"1995-01-03 14:00","1995","01","03","14:00"," ","-3,30","","-7,80","","71,00","","26,00","","13,00","","","","","M","","","-8,00","","ND"
"1995-01-03 15:00","1995","01","03","15:00"," ","","","","","","","","","","","","","","","","","","",""
"1995-01-03 16:00","1995","01","03","16:00"," ","","","","","","","","","","","","","","","","","","",""
"1995-01-03 17:00","1995","01","03","17:00"," ","-4,70","","-8,20","","76,00","","25,00","","6,00","","","","","M","","","-7,00","","ND"
"1995-01-03 18:00","1995","01","03","18:00"," ","","","","","","","","","","","","","","","","","","",""
"1995-01-03 19:00","1995","01","03","19:00"," ","","","","","","","","","","","","","","","","","","",""
"1995-01-03 20:00","1995","01","03","20:00"," ","-5,80","","-8,30","","82,00","","22,00","","4,00","","","","","M","","","-8,00","","ND"
"1995-01-03 21:00","1995","01","03","21:00"," ","","","","","","","","","","","","","","","","","","",""
"1995-01-03 22:00","1995","01","03","22:00"," ","","","","","","","","","","","","","","","","","","",""
"1995-01-03 23:00","1995","01","03","23:00"," ","-6,60","","-8,90","","84,00","","15,00","","2,00","","","","","M","","","-8,00","","ND"
"1995-01-04 00:00","1995","01","04","00:00"," ","","","","","","","","","","","","","","","","","","",""
"1995-01-04 01:00","1995","01","04","01:00"," ","","","","","","","","","","","","","","","","","","",""
"1995-01-04 02:00","1995","01","04","02:00"," ","-4,50","","-7,10","","82,00","","0,00","","0,00","","","","","M","","","","","ND"
"1995-01-04 03:00","1995","01","04","03:00"," ","","","","","","","","","","","","","","","","","","",""
"1995-01-04 04:00","1995","01","04","04:00"," ","","","","","","","","","","","","","","","","","","",""
"1995-01-04 05:00","1995","01","04","05:00"," ","-4,00","","-6,80","","81,00","","12,00","","4,00","","","","","M","","","-6,00","","ND"
"1995-01-04 06:00","1995","01","04","06:00"," ","","","","","","","","","","","","","","","","","","",""
"1995-01-04 07:00","1995","01","04","07:00"," ","","","","","","","","","","","","","","","","","","",""
"1995-01-04 08:00","1995","01","04","08:00"," ","-1,20","","-4,40","","79,00","","18,00","","2,00","","","","","M","","","-2,00","","ND"
"1995-01-04 09:00","1995","01","04","09:00"," ","","","","","","","","","","","","","","","","","","",""
"1995-01-04 10:00","1995","01","04","10:00"," ","","","","","","","","","","","","","","","","","","",""
"1995-01-04 11:00","1995","01","04","11:00"," ","-0,10","","-3,50","","78,00","","22,00","","9,00","","","","","M","","","-3,00","","ND"
"1995-01-04 12:00","1995","01","04","12:00"," ","","","","","","","","","","","","","","","","","","",""
"1995-01-04 13:00","1995","01","04","13:00"," ","","","","","","","","","","","","","","","","","","",""
"1995-01-04 14:00","1995","01","04","14:00"," ","0,00","","-3,40","","78,00","","24,00","","9,00","","","","","M","","","-3,00","","ND"
"1995-01-04 15:00","1995","01","04","15:00"," ","","","","","","","","","","","","","","","","","","",""
"1995-01-04 16:00","1995","01","04","16:00"," ","","","","","","","","","","","","","","","","","","",""
"1995-01-04 17:00","1995","01","04","17:00"," ","-2,30","","-5,40","","79,00","","28,00","","6,00","","","","","M","","","-5,00","","ND"
"1995-01-04 18:00","1995","01","04","18:00"," ","","","","","","","","","","","","","","","","","","",""
"1995-01-04 19:00","1995","01","04","19:00"," ","","","","","","","","","","","","","","","","","","",""
"1995-01-04 20:00","1995","01","04","20:00"," ","-4,70","","-7,30","","82,00","","22,00","","6,00","","","","","M","","","-7,00","","ND"
"1995-01-04 21:00","1995","01","04","21:00"," ","","","","","","","","","","","","","","","","","","",""
"1995-01-04 22:00","1995","01","04","22:00"," ","","","","","","","","","","","","","","","","","","",""
"1995-01-04 23:00","1995","01","04","23:00"," ","-4,70","","-7,30","","82,00","","30,00","","7,00","","","","","M","","","-8,00","","ND"
"1995-01-05 00:00","1995","01","05","00:00"," ","","","","","","","","","","","","","","","","","","",""
"1995-01-05 01:00","1995","01","05","01:00"," ","","","","","","","","","","","","","","","","","","",""
"1995-01-05 02:00","1995","01","05","02:00"," ","-7,20","","-9,70","","82,00","","30,00","","6,00","","","","","M","","","-10,00","","ND"
"1995-01-05 03:00","1995","01","05","03:00"," ","","","","","","","","","","","","","","","","","","",""
"1995-01-05 04:00","1995","01","05","04:00"," ","","","","","","","","","","","","","","","","","","",""
"1995-01-05 05:00","1995","01","05","05:00"," ","-10,70","","-12,70","","85,00","","0,00","","0,00","","","","","M","","","","","ND"
"1995-01-05 06:00","1995","01","05","06:00"," ","","","","","","","","","","","","","","","","","","",""
"1995-01-05 07:00","1995","01","05","07:00"," ","","","","","","","","","","","","","","","","","","",""
"1995-01-05 08:00","1995","01","05","08:00"," ","-13,40","","-14,80","","89,00","","28,00","","4,00","","","","","M","","","-16,00","","ND"
"1995-01-05 09:00","1995","01","05","09:00"," ","","","","","","","","","","","","","","","","","","",""
"1995-01-05 10:00","1995","01","05","10:00"," ","","","","","","","","","","","","","","","","","","",""
"1995-01-05 11:00","1995","01","05","11:00"," ","-10,00","","-12,20","","84,00","","31,00","","11,00","","","","","M","","","-16,00","","ND"
"1995-01-05 12:00","1995","01","05","12:00"," ","","","","","","","","","","","","","","","","","","",""
"1995-01-05 13:00","1995","01","05","13:00"," ","","","","","","","","","","","","","","","","","","",""
"1995-01-05 14:00","1995","01","05","14:00"," ","-9,50","","-13,40","","73,00","","28,00","","15,00","","","","","M","","","-16,00","","ND"
"1995-01-05 15:00","1995","01","05","15:00"," ","","","","","","","","","","","","","","","","","","",""
"1995-01-05 16:00","1995","01","05","16:00"," ","","","","","","","","","","","","","","","","","","",""
"1995-01-05 17:00","1995","01","05","17:00"," ","-11,60","","-14,00","","82,00","","26,00","","6,00","","","","","M","","","-15,00","","ND"
"1995-01-05 18:00","1995","01","05","18:00"," ","","","","","","","","","","","","","","","","","","",""
"1995-01-05 19:00","1995","01","05","19:00"," ","","","","","","","","","","","","","","","","","","",""
"1995-01-05 20:00","1995","01","05","20:00"," ","-12,50","","-14,50","","85,00","","21,00","","2,00","","","","","M","","","-14,00","","ND"
"1995-01-05 21:00","1995","01","05","21:00"," ","","","","","","","","","","","","","","","","","","",""
"1995-01-05 22:00","1995","01","05","22:00"," ","","","","","","","","","","","","","","","","","","",""
"1995-01-05 23:00","1995","01","05","23:00"," ","-11,10","","-12,90","","87,00","","0,00","","0,00","","","","","M","","","","","ND"
"1995-01-06 00:00","1995","01","06","00:00"," ","","","","","","","","","","","","","","","","","","",""
"1995-01-06 01:00","1995","01","06","01:00"," ","","","","","","","","","","","","","","","","","","",""
"1995-01-06 02:00","1995","01","06","02:00"," ","-8,40","","-10,50","","85,00","","0,00","","0,00","","","","","M","","","","","ND"
"1995-01-06 03:00","1995","01","06","03:00"," ","","","","","","","","","","","","","","","","","","",""
"1995-01-06 04:00","1995","01","06","04:00"," ","","","","","","","","","","","","","","","","","","",""
"1995-01-06 05:00","1995","01","06","05:00"," ","-4,40","","-7,20","","81,00","","22,00","","4,00","","","","","M","","","-6,00","","ND"
"1995-01-06 06:00","1995","01","06","06:00"," ","","","","","","","","","","","","","","","","","","",""
"1995-01-06 07:00","1995","01","06","07:00"," ","","","","","","","","","","","","","","","","","","",""
"1995-01-06 08:00","1995","01","06","08:00"," ","-3,60","","-6,60","","80,00","","21,00","","6,00","","","","","M","","","-6,00","","ND"
"1995-01-06 09:00","1995","01","06","09:00"," ","","","","","","","","","","","","","","","","","","",""
"1995-01-06 10:00","1995","01","06","10:00"," ","","","","","","","","","","","","","","","","","","",""
"1995-01-06 11:00","1995","01","06","11:00"," ","-1,20","","-4,90","","76,00","","25,00","","7,00","","","","","M","","","-4,00","","ND"
"1995-01-06 12:00","1995","01","06","12:00"," ","","","","","","","","","","","","","","","","","","",""
"1995-01-06 13:00","1995","01","06","13:00"," ","","","","","","","","","","","","","","","","","","",""
"1995-01-06 14:00","1995","01","06","14:00"," ","0,50","","-3,90","","72,00","","23,00","","19,00","","","","","M","","","","","ND"
"1995-01-06 15:00","1995","01","06","15:00"," ","","","","","","","","","","","","","","","","","","",""
"1995-01-06 16:00","1995","01","06","16:00"," ","","","","","","","","","","","","","","","","","","",""
"1995-01-06 17:00","1995","01","06","17:00"," ","-0,50","","-4,40","","75,00","","21,00","","6,00","","","","","M","","","-3,00","","ND"
"1995-01-06 18:00","1995","01","06","18:00"," ","","","","","","","","","","","","","","","","","","",""
"1995-01-06 19:00","1995","01","06","19:00"," ","","","","","","","","","","","","","","","","","","",""
"1995-01-06 20:00","1995","01","06","20:00"," ","-0,30","","-4,00","","76,00","","22,00","","6,00","","","","","M","","","-2,00","","ND"
"1995-01-06 21:00","1995","01","06","21:00"," ","","","","","","","","","","","","","","","","","","",""
"1995-01-06 22:00","1995","01","06","22:00"," ","","","","","","","","","","","","","","","","","","",""
"1995-01-06 23:00","1995","01","06","23:00"," ","1,00","","-3,00","","75,00","","18,00","","7,00","","","","","M","","","","","ND"
"1995-01-07 00:00","1995","01","07","00:00"," ","","","","","","","","","","","","","","","","","","",""
"1995-01-07 01:00","1995","01","07","01:00"," ","","","","","","","","","","","","","","","","","","",""
"1995-01-07 02:00","1995","01","07","02:00"," ","2,20","","-1,70","","75,00","","18,00","","7,00","","","","","M","","","","","ND"
"1995-01-07 03:00","1995","01","07","03:00"," ","","","","","","","","","","","","","","","","","","",""
"1995-01-07 04:00","1995","01","07","04:00"," ","","","","","","","","","","","","","","","","","","",""
"1995-01-07 05:00","1995","01","07","05:00"," ","4,10","","-0,10","","74,00","","17,00","","11,00","","","","","M","","","","","ND"
"1995-01-07 06:00","1995","01","07","06:00"," ","","","","","","","","","","","","","","","","","","",""
"1995-01-07 07:00","1995","01","07","07:00"," ","","","","","","","","","","","","","","","","","","",""
"1995-01-07 08:00","1995","01","07","08:00"," ","6,00","","1,40","","72,00","","16,00","","13,00","","","","","M","","","","","ND"
"1995-01-07 09:00","1995","01","07","09:00"," ","","","","","","","","","","","","","","","","","","",""
"1995-01-07 10:00","1995","01","07","10:00"," ","","","","","","","","","","","","","","","","","","",""
"1995-01-07 11:00","1995","01","07","11:00"," ","9,50","","4,20","","69,00","","17,00","","20,00","","","","","M","","","","","ND"
"1995-01-07 12:00","1995","01","07","12:00"," ","","","","","","","","","","","","","","","","","","",""
"1995-01-07 13:00","1995","01","07","13:00"," ","","","","","","","","","","","","","","","","","","",""
"1995-01-07 14:00","1995","01","07","14:00"," ","11,50","","5,80","","68,00","","21,00","","19,00","","","","","M","","","","","ND"
"1995-01-07 15:00","1995","01","07","15:00"," ","","","","","","","","","","","","","","","","","","",""
"1995-01-07 16:00","1995","01","07","16:00"," ","","","","","","","","","","","","","","","","","","",""
"1995-01-07 17:00","1995","01","07","17:00"," ","10,30","","4,90","","69,00","","23,00","","13,00","","","","","M","","","","","ND"
"1995-01-07 18:00","1995","01","07","18:00"," ","","","","","","","","","","","","","","","","","","",""
"1995-01-07 19:00","1995","01","07","19:00"," ","","","","","","","","","","","","","","","","","","",""
"1995-01-07 20:00","1995","01","07","20:00"," ","2,50","","-1,50","","75,00","","31,00","","11,00","","","","","M","","","","","ND"
"1995-01-07 21:00","1995","01","07","21:00"," ","","","","","","","","","","","","","","","","","","",""
"1995-01-07 22:00","1995","01","07","22:00"," ","","","","","","","","","","","","","","","","","","",""
"1995-01-07 23:00","1995","01","07","23:00"," ","0,00","","-3,40","","78,00","","35,00","","7,00","","","","","M","","","-2,00","","ND"
"1995-01-08 00:00","1995","01","08","00:00"," ","","","","","","","","","","","","","","","","","","",""
"1995-01-08 01:00","1995","01","08","01:00"," ","","","","","","","","","","","","","","","","","","",""
"1995-01-08 02:00","1995","01","08","02:00"," ","-1,20","","-4,50","","78,00","","36,00","","6,00","","","","","M","","","-3,00","","ND"
"1995-01-08 03:00","1995","01","08","03:00"," ","","","","","","","","","","","","","","","","","","",""
"1995-01-08 04:00","1995","01","08","04:00"," ","","","","","","","","","","","","","","","","","","",""
"1995-01-08 05:00","1995","01","08","05:00"," ","-2,10","","-5,60","","77,00","","2,00","","6,00","","","","","M","","","-4,00","","ND"
"1995-01-08 06:00","1995","01","08","06:00"," ","","","","","","","","","","","","","","","","","","",""
"1995-01-08 07:00","1995","01","08","07:00"," ","","","","","","","","","","","","","","","","","","",""
"1995-01-08 08:00","1995","01","08","08:00"," ","-2,60","","-6,10","","77,00","","3,00","","6,00","","","","","M","","","-5,00","","ND"
"1995-01-08 09:00","1995","01","08","09:00"," ","","","","","","","","","","","","","","","","","","",""
"1995-01-08 10:00","1995","01","08","10:00"," ","","","","","","","","","","","","","","","","","","",""
"1995-01-08 11:00","1995","01","08","11:00"," ","-2,60","","-6,90","","72,00","","1,00","","9,00","","","","","M","","","-6,00","","ND"
"1995-01-08 12:00","1995","01","08","12:00"," ","","","","","","","","","","","","","","","","","","",""
"1995-01-08 13:00","1995","01","08","13:00"," ","","","","","","","","","","","","","","","","","","",""
"1995-01-08 14:00","1995","01","08","14:00"," ","-2,70","","-7,80","","68,00","","33,00","","7,00","","","","","M","","","-6,00","","ND"
"1995-01-08 15:00","1995","01","08","15:00"," ","","","","","","","","","","","","","","","","","","",""
"1995-01-08 16:00","1995","01","08","16:00"," ","","","","","","","","","","","","","","","","","","",""
"1995-01-08 17:00","1995","01","08","17:00"," ","-3,50","","-8,20","","70,00","","32,00","","4,00","","","","","M","","","-5,00","","ND"
"1995-01-08 18:00","1995","01","08","18:00"," ","","","","","","","","","","","","","","","","","","",""
"1995-01-08 19:00","1995","01","08","19:00"," ","","","","","","","","","","","","","","","","","","",""
"1995-01-08 20:00","1995","01","08","20:00"," ","-4,40","","-8,10","","75,00","","24,00","","2,00","","","","","M","","","-5,00","","ND"
"1995-01-08 21:00","1995","01","08","21:00"," ","","","","","","","","","","","","","","","","","","",""
"1995-01-08 22:00","1995","01","08","22:00"," ","","","","","","","","","","","","","","","","","","",""
"1995-01-08 23:00","1995","01","08","23:00"," ","-5,40","","-8,50","","79,00","","25,00","","6,00","","","","","M","","","-8,00","","ND"
"1995-01-09 00:00","1995","01","09","00:00"," ","","","","","","","","","","","","","","","","","","",""
"1995-01-09 01:00","1995","01","09","01:00"," ","","","","","","","","","","","","","","","","","","",""
"1995-01-09 02:00","1995","01","09","02:00"," ","-6,90","","-9,60","","81,00","","0,00","","0,00","","","","","M","","","","","ND"
"1995-01-09 03:00","1995","01","09","03:00"," ","","","","","","","","","","","","","","","","","","",""
"1995-01-09 04:00","1995","01","09","04:00"," ","","","","","","","","","","","","","","","","","","",""
"1995-01-09 05:00","1995","01","09","05:00"," ","-8,70","","-10,80","","85,00","","0,00","","0,00","","","","","M","","","","","ND"
"1995-01-09 06:00","1995","01","09","06:00"," ","","","","","","","","","","","","","","","","","","",""
"1995-01-09 07:00","1995","01","09","07:00"," ","","","","","","","","","","","","","","","","","","",""
"1995-01-09 08:00","1995","01","09","08:00"," ","-4,70","","-7,50","","81,00","","15,00","","2,00","","","","","M","","","-6,00","","ND"
"1995-01-09 09:00","1995","01","09","09:00"," ","","","","","","","","","","","","","","","","","","",""
"1995-01-09 10:00","1995","01","09","10:00"," ","","","","","","","","","","","","","","","","","","",""
"1995-01-09 11:00","1995","01","09","11:00"," ","-1,70","","-5,00","","78,00","","20,00","","6,00","","","","","M","","","-4,00","","ND"
"1995-01-09 12:00","1995","01","09","12:00"," ","","","","","","","","","","","","","","","","","","",""
"1995-01-09 13:00","1995","01","09","13:00"," ","","","","","","","","","","","","","","","","","","",""
"1995-01-09 14:00","1995","01","09","14:00"," ","1,00","","-3,70","","71,00","","29,00","","6,00","","","","","M","","","","","ND"
"1995-01-09 15:00","1995","01","09","15:00"," ","","","","","","","","","","","","","","","","","","",""
"1995-01-09 16:00","1995","01","09","16:00"," ","","","","","","","","","","","","","","","","","","",""
"1995-01-09 17:00","1995","01","09","17:00"," ","-0,80","","-4,60","","75,00","","0,00","","0,00","","","","","M","","","","","ND"
"1995-01-09 18:00","1995","01","09","18:00"," ","","","","","","","","","","","","","","","","","","",""
"1995-01-09 19:00","1995","01","09","19:00"," ","","","","","","","","","","","","","","","","","","",""
"1995-01-09 20:00","1995","01","09","20:00"," ","-2,00","","-5,30","","78,00","","32,00","","4,00","","","","","M","","","-3,00","","ND"
"1995-01-09 21:00","1995","01","09","21:00"," ","","","","","","","","","","","","","","","","","","",""
"1995-01-09 22:00","1995","01","09","22:00"," ","","","","","","","","","","","","","","","","","","",""
"1995-01-09 23:00","1995","01","09","23:00"," ","-4,40","","-7,50","","79,00","","31,00","","7,00","","","","","M","","","-8,00","","ND"
"1995-01-10 00:00","1995","01","10","00:00"," ","","","","","","","","","","","","","","","","","","",""
"1995-01-10 01:00","1995","01","10","01:00"," ","","","","","","","","","","","","","","","","","","",""
"1995-01-10 02:00","1995","01","10","02:00"," ","-7,90","","-11,00","","78,00","","30,00","","6,00","","","","","M","","","-11,00","","ND"
"1995-01-10 03:00","1995","01","10","03:00"," ","","","","","","","","","","","","","","","","","","",""
"1995-01-10 04:00","1995","01","10","04:00"," ","","","","","","","","","","","","","","","","","","",""
"1995-01-10 05:00","1995","01","10","05:00"," ","-10,20","","-12,90","","81,00","","34,00","","6,00","","","","","M","","","-14,00","","ND"
"1995-01-10 06:00","1995","01","10","06:00"," ","","","","","","","","","","","","","","","","","","",""
"1995-01-10 07:00","1995","01","10","07:00"," ","","","","","","","","","","","","","","","","","","",""
"1995-01-10 08:00","1995","01","10","08:00"," ","-11,80","","-14,50","","80,00","","31,00","","6,00","","","","","M","","","-16,00","","ND"
"1995-01-10 09:00","1995","01","10","09:00"," ","","","","","","","","","","","","","","","","","","",""
"1995-01-10 10:00","1995","01","10","10:00"," ","","","","","","","","","","","","","","","","","","",""
"1995-01-10 11:00","1995","01","10","11:00"," ","-9,90","","-15,60","","63,00","","32,00","","13,00","","","","","M","","","-16,00","","ND"
"1995-01-10 12:00","1995","01","10","12:00"," ","","","","","","","","","","","","","","","","","","",""
"1995-01-10 13:00","1995","01","10","13:00"," ","","","","","","","","","","","","","","","","","","",""
"1995-01-10 14:00","1995","01","10","14:00"," ","-9,90","","-16,40","","59,00","","30,00","","11,00","","","","","M","","","-15,00","","ND"
"1995-01-10 15:00","1995","01","10","15:00"," ","","","","","","","","","","","","","","","","","","",""
"1995-01-10 16:00","1995","01","10","16:00"," ","","","","","","","","","","","","","","","","","","",""
"1995-01-10 17:00","1995","01","10","17:00"," ","-12,40","","-17,50","","66,00","","31,00","","9,00","","","","","M","","","-18,00","","ND"
"1995-01-10 18:00","1995","01","10","18:00"," ","","","","","","","","","","","","","","","","","","",""
"1995-01-10 19:00","1995","01","10","19:00"," ","","","","","","","","","","","","","","","","","","",""
"1995-01-10 20:00","1995","01","10","20:00"," ","-14,10","","-17,10","","78,00","","32,00","","9,00","","","","","M","","","-20,00","","ND"
"1995-01-10 21:00","1995","01","10","21:00"," ","","","","","","","","","","","","","","","","","","",""
"1995-01-10 22:00","1995","01","10","22:00"," ","","","","","","","","","","","","","","","","","","",""
"1995-01-10 23:00","1995","01","10","23:00"," ","-16,20","","-18,50","","82,00","","30,00","","4,00","","","","","M","","","-19,00","","ND"
"1995-01-11 00:00","1995","01","11","00:00"," ","","","","","","","","","","","","","","","","","","",""
"1995-01-11 01:00","1995","01","11","01:00"," ","","","","","","","","","","","","","","","","","","",""
"1995-01-11 02:00","1995","01","11","02:00"," ","-18,00","","-19,80","","86,00","","30,00","","4,00","","","","","M","","","-21,00","","ND"
"1995-01-11 03:00","1995","01","11","03:00"," ","","","","","","","","","","","","","","","","","","",""
"1995-01-11 04:00","1995","01","11","04:00"," ","","","","","","","","","","","","","","","","","","",""
"1995-01-11 05:00","1995","01","11","05:00"," ","-19,30","","-20,90","","87,00","","30,00","","4,00","","","","","M","","","-23,00","","ND"
"1995-01-11 06:00","1995","01","11","06:00"," ","","","","","","","","","","","","","","","","","","",""
"1995-01-11 07:00","1995","01","11","07:00"," ","","","","","","","","","","","","","","","","","","",""
"1995-01-11 08:00","1995","01","11","08:00"," ","-20,20","","-21,40","","90,00","","0,00","","0,00","","","","","M","","","","","ND"
"1995-01-11 09:00","1995","01","11","09:00"," ","","","","","","","","","","","","","","","","","","",""
"1995-01-11 10:00","1995","01","11","10:00"," ","","","","","","","","","","","","","","","","","","",""
"1995-01-11 11:00","1995","01","11","11:00"," ","-14,50","","-17,40","","79,00","","33,00","","6,00","","","","","M","","","-19,00","","ND"
"1995-01-11 12:00","1995","01","11","12:00"," ","","","","","","","","","","","","","","","","","","",""
"1995-01-11 13:00","1995","01","11","13:00"," ","","","","","","","","","","","","","","","","","","",""
"1995-01-11 14:00","1995","01","11","14:00"," ","-11,00","","-17,70","","58,00","","1,00","","6,00","","","","","M","","","-15,00","","ND"
"1995-01-11 15:00","1995","01","11","15:00"," ","","","","","","","","","","","","","","","","","","",""
"1995-01-11 16:00","1995","01","11","16:00"," ","","","","","","","","","","","","","","","","","","",""
"1995-01-11 17:00","1995","01","11","17:00"," ","-13,20","","-19,00","","62,00","","35,00","","2,00","","","","","M","","","-15,00","","ND"
"1995-01-11 18:00","1995","01","11","18:00"," ","","","","","","","","","","","","","","","","","","",""
"1995-01-11 19:00","1995","01","11","19:00"," ","","","","","","","","","","","","","","","","","","",""
"1995-01-11 20:00","1995","01","11","20:00"," ","-15,40","","-18,40","","78,00","","0,00","","0,00","","","","","M","","","","","ND"
"1995-01-11 21:00","1995","01","11","21:00"," ","","","","","","","","","","","","","","","","","","",""
"1995-01-11 22:00","1995","01","11","22:00"," ","","","","","","","","","","","","","","","","","","",""
"1995-01-11 23:00","1995","01","11","23:00"," ","-14,90","","-19,40","","68,00","","9,00","","6,00","","","","","M","","","-19,00","","ND"
"1995-01-12 00:00","1995","01","12","00:00"," ","","","","","","","","","","","","","","","","","","",""
"1995-01-12 01:00","1995","01","12","01:00"," ","","","","","","","","","","","","","","","","","","",""
"1995-01-12 02:00","1995","01","12","02:00"," ","-14,40","","-19,00","","68,00","","9,00","","4,00","","","","","M","","","-17,00","","ND"
"1995-01-12 03:00","1995","01","12","03:00"," ","","","","","","","","","","","","","","","","","","",""
"1995-01-12 04:00","1995","01","12","04:00"," ","","","","","","","","","","","","","","","","","","",""
"1995-01-12 05:00","1995","01","12","05:00"," ","-13,60","","-17,90","","70,00","","7,00","","6,00","","","","","M","","","-18,00","","ND"
"1995-01-12 06:00","1995","01","12","06:00"," ","","","","","","","","","","","","","","","","","","",""
"1995-01-12 07:00","1995","01","12","07:00"," ","","","","","","","","","","","","","","","","","","",""
"1995-01-12 08:00","1995","01","12","08:00"," ","-12,40","","-15,50","","78,00","","9,00","","7,00","","","","","M","","","-17,00","","ND"
"1995-01-12 09:00","1995","01","12","09:00"," ","","","","","","","","","","","","","","","","","","",""
"1995-01-12 10:00","1995","01","12","10:00"," ","","","","","","","","","","","","","","","","","","",""
"1995-01-12 11:00","1995","01","12","11:00"," ","-9,10","","-12,30","","78,00","","8,00","","7,00","","","","","M","","","-13,00","","ND"
"1995-01-12 12:00","1995","01","12","12:00"," ","","","","","","","","","","","","","","","","","","",""
"1995-01-12 13:00","1995","01","12","13:00"," ","","","","","","","","","","","","","","","","","","",""
"1995-01-12 14:00","1995","01","12","14:00"," ","-4,60","","-7,80","","78,00","","10,00","","7,00","","","","","M","","","-8,00","","ND"
"1995-01-12 15:00","1995","01","12","15:00"," ","","","","","","","","","","","","","","","","","","",""
"1995-01-12 16:00","1995","01","12","16:00"," ","","","","","","","","","","","","","","","","","","",""
"1995-01-12 17:00","1995","01","12","17:00"," ","-2,10","","-5,30","","79,00","","11,00","","13,00","","","","","M","","","-7,00","","ND"
"1995-01-12 18:00","1995","01","12","18:00"," ","","","","","","","","","","","","","","","","","","",""
"1995-01-12 19:00","1995","01","12","19:00"," ","","","","","","","","","","","","","","","","","","",""
"1995-01-12 20:00","1995","01","12","20:00"," ","0,60","","-3,00","","77,00","","11,00","","9,00","","","","","M","","","","","ND"
"1995-01-12 21:00","1995","01","12","21:00"," ","","","","","","","","","","","","","","","","","","",""
"1995-01-12 22:00","1995","01","12","22:00"," ","","","","","","","","","","","","","","","","","","",""
"1995-01-12 23:00","1995","01","12","23:00"," ","1,10","","-2,60","","76,00","","10,00","","4,00","","","","","M","","","","","ND"
"1995-01-13 00:00","1995","01","13","00:00"," ","","","","","","","","","","","","","","","","","","",""
"1995-01-13 01:00","1995","01","13","01:00"," ","","","","","","","","","","","","","","","","","","",""
"1995-01-13 02:00","1995","01","13","02:00"," ","1,10","","-2,70","","76,00","","15,00","","4,00","","","","","M","","","","","ND"
"1995-01-13 03:00","1995","01","13","03:00"," ","","","","","","","","","","","","","","","","","","",""
"1995-01-13 04:00","1995","01","13","04:00"," ","","","","","","","","","","","","","","","","","","",""
"1995-01-13 05:00","1995","01","13","05:00"," ","5,70","","1,00","","72,00","","19,00","","7,00","","","","","M","","","","","ND"
"1995-01-13 06:00","1995","01","13","06:00"," ","","","","","","","","","","","","","","","","","","",""
"1995-01-13 07:00","1995","01","13","07:00"," ","","","","","","","","","","","","","","","","","","",""
"1995-01-13 08:00","1995","01","13","08:00"," ","8,30","","3,10","","70,00","","22,00","","19,00","","","","","M","","","","","ND"
"1995-01-13 09:00","1995","01","13","09:00"," ","","","","","","","","","","","","","","","","","","",""
"1995-01-13 10:00","1995","01","13","10:00"," ","","","","","","","","","","","","","","","","","","",""
"1995-01-13 11:00","1995","01","13","11:00"," ","8,70","","3,40","","69,00","","23,00","","19,00","","","","","M","","","","","ND"
"1995-01-13 12:00","1995","01","13","12:00"," ","","","","","","","","","","","","","","","","","","",""
"1995-01-13 13:00","1995","01","13","13:00"," ","","","","","","","","","","","","","","","","","","",""
"1995-01-13 14:00","1995","01","13","14:00"," ","8,70","","3,30","","69,00","","24,00","","20,00","","","","","M","","","","","ND"
"1995-01-13 15:00","1995","01","13","15:00"," ","","","","","","","","","","","","","","","","","","",""
"1995-01-13 16:00","1995","01","13","16:00"," ","","","","","","","","","","","","","","","","","","",""
"1995-01-13 17:00","1995","01","13","17:00"," ","7,10","","2,10","","70,00","","25,00","","20,00","","","","","M","","","","","ND"
"1995-01-13 18:00","1995","01","13","18:00"," ","","","","","","","","","","","","","","","","","","",""
"1995-01-13 19:00","1995","01","13","19:00"," ","","","","","","","","","","","","","","","","","","",""
"1995-01-13 20:00","1995","01","13","20:00"," ","5,90","","1,10","","71,00","","28,00","","20,00","","","","","M","","","","","ND"
"1995-01-13 21:00","1995","01","13","21:00"," ","","","","","","","","","","","","","","","","","","",""
"1995-01-13 22:00","1995","01","13","22:00"," ","","","","","","","","","","","","","","","","","","",""
"1995-01-13 23:00","1995","01","13","23:00"," ","4,30","","-0,20","","73,00","","31,00","","20,00","","","","","M","","","","","ND"
"1995-01-14 00:00","1995","01","14","00:00"," ","","","","","","","","","","","","","","","","","","",""
"1995-01-14 01:00","1995","01","14","01:00"," ","","","","","","","","","","","","","","","","","","",""
"1995-01-14 02:00","1995","01","14","02:00"," ","3,70","","-0,70","","73,00","","0,00","","0,00","","","","","M","","","","","ND"
"1995-01-14 03:00","1995","01","14","03:00"," ","","","","","","","","","","","","","","","","","","",""
"1995-01-14 04:00","1995","01","14","04:00"," ","","","","","","","","","","","","","","","","","","",""
"1995-01-14 05:00","1995","01","14","05:00"," ","3,80","","-0,60","","73,00","","12,00","","6,00","","","","","M","","","","","ND"
"1995-01-14 06:00","1995","01","14","06:00"," ","","","","","","","","","","","","","","","","","","",""
"1995-01-14 07:00","1995","01","14","07:00"," ","","","","","","","","","","","","","","","","","","",""
"1995-01-14 08:00","1995","01","14","08:00"," ","3,90","","-0,50","","73,00","","13,00","","9,00","","","","","M","","","","","ND"
"1995-01-14 09:00","1995","01","14","09:00"," ","","","","","","","","","","","","","","","","","","",""
"1995-01-14 10:00","1995","01","14","10:00"," ","","","","","","","","","","","","","","","","","","",""
"1995-01-14 11:00","1995","01","14","11:00"," ","2,80","","-1,50","","73,00","","11,00","","7,00","","","","","M","","","","","ND"
"1995-01-14 12:00","1995","01","14","12:00"," ","","","","","","","","","","","","","","","","","","",""
"1995-01-14 13:00","1995","01","14","13:00"," ","","","","","","","","","","","","","","","","","","",""
"1995-01-14 14:00","1995","01","14","14:00"," ","4,60","","-0,10","","72,00","","13,00","","6,00","","","","","M","","","","","ND"
"1995-01-14 15:00","1995","01","14","15:00"," ","","","","","","","","","","","","","","","","","","",""
"1995-01-14 16:00","1995","01","14","16:00"," ","","","","","","","","","","","","","","","","","","",""
"1995-01-14 17:00","1995","01","14","17:00"," ","4,90","","0,10","","71,00","","16,00","","9,00","","","","","M","","","","","ND"
"1995-01-14 18:00","1995","01","14","18:00"," ","","","","","","","","","","","","","","","","","","",""
"1995-01-14 19:00","1995","01","14","19:00"," ","","","","","","","","","","","","","","","","","","",""
"1995-01-14 20:00","1995","01","14","20:00"," ","4,50","","-0,20","","71,00","","22,00","","6,00","","","","","M","","","","","ND"
"1995-01-14 21:00","1995","01","14","21:00"," ","","","","","","","","","","","","","","","","","","",""
"1995-01-14 22:00","1995","01","14","22:00"," ","","","","","","","","","","","","","","","","","","",""
"1995-01-14 23:00","1995","01","14","23:00"," ","6,40","","1,30","","70,00","","22,00","","7,00","","","","","M","","","","","ND"
"1995-01-15 00:00","1995","01","15","00:00"," ","","","","","","","","","","","","","","","","","","",""
"1995-01-15 01:00","1995","01","15","01:00"," ","","","","","","","","","","","","","","","","","","",""
"1995-01-15 02:00","1995","01","15","02:00"," ","9,10","","3,30","","67,00","","23,00","","4,00","","","","","M","","","","","ND"
"1995-01-15 03:00","1995","01","15","03:00"," ","","","","","","","","","","","","","","","","","","",""
"1995-01-15 04:00","1995","01","15","04:00"," ","","","","","","","","","","","","","","","","","","",""
"1995-01-15 05:00","1995","01","15","05:00"," ","10,40","","4,30","","66,00","","20,00","","9,00","","","","","M","","","","","ND"
"1995-01-15 06:00","1995","01","15","06:00"," ","","","","","","","","","","","","","","","","","","",""
"1995-01-15 07:00","1995","01","15","07:00"," ","","","","","","","","","","","","","","","","","","",""
"1995-01-15 08:00","1995","01","15","08:00"," ","11,00","","4,80","","66,00","","21,00","","7,00","","","","","M","","","","","ND"
"1995-01-15 09:00","1995","01","15","09:00"," ","","","","","","","","","","","","","","","","","","",""
"1995-01-15 10:00","1995","01","15","10:00"," ","","","","","","","","","","","","","","","","","","",""
"1995-01-15 11:00","1995","01","15","11:00"," ","12,20","","5,80","","65,00","","21,00","","11,00","","","","","M","","","","","ND"
"1995-01-15 12:00","1995","01","15","12:00"," ","","","","","","","","","","","","","","","","","","",""
"1995-01-15 13:00","1995","01","15","13:00"," ","","","","","","","","","","","","","","","","","","",""
"1995-01-15 14:00","1995","01","15","14:00"," ","15,20","","7,90","","62,00","","19,00","","13,00","","","","","M","","","","","ND"
"1995-01-15 15:00","1995","01","15","15:00"," ","","","","","","","","","","","","","","","","","","",""
"1995-01-15 16:00","1995","01","15","16:00"," ","","","","","","","","","","","","","","","","","","",""
"1995-01-15 17:00","1995","01","15","17:00"," ","14,30","","6,40","","59,00","","23,00","","15,00","","","","","M","","","","","ND"
"1995-01-15 18:00","1995","01","15","18:00"," ","","","","","","","","","","","","","","","","","","",""
"1995-01-15 19:00","1995","01","15","19:00"," ","","","","","","","","","","","","","","","","","","",""
"1995-01-15 20:00","1995","01","15","20:00"," ","13,80","","6,30","","61,00","","21,00","","11,00","","","","","M","","","","","ND"
"1995-01-15 21:00","1995","01","15","21:00"," ","","","","","","","","","","","","","","","","","","",""
"1995-01-15 22:00","1995","01","15","22:00"," ","","","","","","","","","","","","","","","","","","",""
"1995-01-15 23:00","1995","01","15","23:00"," ","14,50","","6,90","","60,00","","21,00","","13,00","","","","","M","","","","","ND"
"1995-01-16 00:00","1995","01","16","00:00"," ","","","","","","","","","","","","","","","","","","",""
"1995-01-16 01:00","1995","01","16","01:00"," ","","","","","","","","","","","","","","","","","","",""
"1995-01-16 02:00","1995","01","16","02:00"," ","14,50","","6,90","","60,00","","23,00","","11,00","","","","","M","","","","","ND"
"1995-01-16 03:00","1995","01","16","03:00"," ","","","","","","","","","","","","","","","","","","",""
"1995-01-16 04:00","1995","01","16","04:00"," ","","","","","","","","","","","","","","","","","","",""
"1995-01-16 05:00","1995","01","16","05:00"," ","14,20","","7,20","","63,00","","22,00","","7,00","","","","","M","","","","","ND"
"1995-01-16 06:00","1995","01","16","06:00"," ","","","","","","","","","","","","","","","","","","",""
"1995-01-16 07:00","1995","01","16","07:00"," ","","","","","","","","","","","","","","","","","","",""
"1995-01-16 08:00","1995","01","16","08:00"," ","15,60","","8,30","","62,00","","18,00","","9,00","","","","","M","","","","","ND"
"1995-01-16 09:00","1995","01","16","09:00"," ","","","","","","","","","","","","","","","","","","",""
"1995-01-16 10:00","1995","01","16","10:00"," ","","","","","","","","","","","","","","","","","","",""
"1995-01-16 11:00","1995","01","16","11:00"," ","16,50","","8,60","","60,00","","22,00","","13,00","","","","","M","","","","","ND"
"1995-01-16 12:00","1995","01","16","12:00"," ","","","","","","","","","","","","","","","","","","",""
"1995-01-16 13:00","1995","01","16","13:00"," ","","","","","","","","","","","","","","","","","","",""
"1995-01-16 14:00","1995","01","16","14:00"," ","17,40","","8,80","","57,00","","21,00","","13,00","","","","","M","","","","","ND"
"1995-01-16 15:00","1995","01","16","15:00"," ","","","","","","","","","","","","","","","","","","",""
"1995-01-16 16:00","1995","01","16","16:00"," ","","","","","","","","","","","","","","","","","","",""
"1995-01-16 17:00","1995","01","16","17:00"," ","16,40","","8,00","","58,00","","17,00","","9,00","","","","","M","","","","","ND"
"1995-01-16 18:00","1995","01","16","18:00"," ","","","","","","","","","","","","","","","","","","",""
"1995-01-16 19:00","1995","01","16","19:00"," ","","","","","","","","","","","","","","","","","","",""
"1995-01-16 20:00","1995","01","16","20:00"," ","14,80","","7,40","","61,00","","20,00","","13,00","","","","","M","","","","","ND"
"1995-01-16 21:00","1995","01","16","21:00"," ","","","","","","","","","","","","","","","","","","",""
"1995-01-16 22:00","1995","01","16","22:00"," ","","","","","","","","","","","","","","","","","","",""
"1995-01-16 23:00","1995","01","16","23:00"," ","11,90","","5,50","","65,00","","15,00","","7,00","","","","","M","","","","","ND"
"1995-01-17 00:00","1995","01","17","00:00"," ","","","","","","","","","","","","","","","","","","",""
"1995-01-17 01:00","1995","01","17","01:00"," ","","","","","","","","","","","","","","","","","","",""
"1995-01-17 02:00","1995","01","17","02:00"," ","10,00","","4,40","","68,00","","16,00","","6,00","","","","","M","","","","","ND"
"1995-01-17 03:00","1995","01","17","03:00"," ","","","","","","","","","","","","","","","","","","",""
"1995-01-17 04:00","1995","01","17","04:00"," ","","","","","","","","","","","","","","","","","","",""
"1995-01-17 05:00","1995","01","17","05:00"," ","12,00","","6,00","","67,00","","15,00","","6,00","","","","","M","","","","","ND"
"1995-01-17 06:00","1995","01","17","06:00"," ","","","","","","","","","","","","","","","","","","",""
"1995-01-17 07:00","1995","01","17","07:00"," ","","","","","","","","","","","","","","","","","","",""
"1995-01-17 08:00","1995","01","17","08:00"," ","13,10","","6,90","","66,00","","16,00","","9,00","","","","","M","","","","","ND"
"1995-01-17 09:00","1995","01","17","09:00"," ","","","","","","","","","","","","","","","","","","",""
"1995-01-17 10:00","1995","01","17","10:00"," ","","","","","","","","","","","","","","","","","","",""
"1995-01-17 11:00","1995","01","17","11:00"," ","14,60","","8,20","","65,00","","16,00","","7,00","","","","","M","","","","","ND"
"1995-01-17 12:00","1995","01","17","12:00"," ","","","","","","","","","","","","","","","","","","",""
"1995-01-17 13:00","1995","01","17","13:00"," ","","","","","","","","","","","","","","","","","","",""
"1995-01-17 14:00","1995","01","17","14:00"," ","15,90","","9,30","","65,00","","19,00","","9,00","","","","","M","","","","","ND"
"1995-01-17 15:00","1995","01","17","15:00"," ","","","","","","","","","","","","","","","","","","",""
"1995-01-17 16:00","1995","01","17","16:00"," ","","","","","","","","","","","","","","","","","","",""
"1995-01-17 17:00","1995","01","17","17:00"," ","15,30","","8,80","","65,00","","22,00","","7,00","","","","","M","","","","","ND"
"1995-01-17 18:00","1995","01","17","18:00"," ","","","","","","","","","","","","","","","","","","",""
"1995-01-17 19:00","1995","01","17","19:00"," ","","","","","","","","","","","","","","","","","","",""
"1995-01-17 20:00","1995","01","17","20:00"," ","4,70","","0,30","","73,00","","3,00","","11,00","","","","","M","","","","","ND"
"1995-01-17 21:00","1995","01","17","21:00"," ","","","","","","","","","","","","","","","","","","",""
"1995-01-17 22:00","1995","01","17","22:00"," ","","","","","","","","","","","","","","","","","","",""
"1995-01-17 23:00","1995","01","17","23:00"," ","1,10","","-2,50","","77,00","","1,00","","7,00","","","","","M","","","","","ND"
"1995-01-18 00:00","1995","01","18","00:00"," ","","","","","","","","","","","","","","","","","","",""
"1995-01-18 01:00","1995","01","18","01:00"," ","","","","","","","","","","","","","","","","","","",""
"1995-01-18 02:00","1995","01","18","02:00"," ","-0,30","","-3,80","","77,00","","5,00","","7,00","","","","","M","","","-3,00","","ND"
"1995-01-18 03:00","1995","01","18","03:00"," ","","","","","","","","","","","","","","","","","","",""
"1995-01-18 04:00","1995","01","18","04:00"," ","","","","","","","","","","","","","","","","","","",""
"1995-01-18 05:00","1995","01","18","05:00"," ","-1,10","","-4,40","","78,00","","3,00","","7,00","","","","","M","","","-4,00","","ND"
"1995-01-18 06:00","1995","01","18","06:00"," ","","","","","","","","","","","","","","","","","","",""
"1995-01-18 07:00","1995","01","18","07:00"," ","","","","","","","","","","","","","","","","","","",""
"1995-01-18 08:00","1995","01","18","08:00"," ","-1,20","","-4,40","","79,00","","4,00","","7,00","","","","","M","","","-4,00","","ND"
"1995-01-18 09:00","1995","01","18","09:00"," ","","","","","","","","","","","","","","","","","","",""
"1995-01-18 10:00","1995","01","18","10:00"," ","","","","","","","","","","","","","","","","","","",""
"1995-01-18 11:00","1995","01","18","11:00"," ","-0,30","","-3,80","","77,00","","5,00","","11,00","","","","","M","","","-4,00","","ND"
"1995-01-18 12:00","1995","01","18","12:00"," ","","","","","","","","","","","","","","","","","","",""
"1995-01-18 13:00","1995","01","18","13:00"," ","","","","","","","","","","","","","","","","","","",""
"1995-01-18 14:00","1995","01","18","14:00"," ","1,20","","-2,70","","75,00","","7,00","","9,00","","","","","M","","","","","ND"
"1995-01-18 15:00","1995","01","18","15:00"," ","","","","","","","","","","","","","","","","","","",""
"1995-01-18 16:00","1995","01","18","16:00"," ","","","","","","","","","","","","","","","","","","",""
"1995-01-18 17:00","1995","01","18","17:00"," ","0,80","","-3,00","","76,00","","7,00","","4,00","","","","","M","","","","","ND"
"1995-01-18 18:00","1995","01","18","18:00"," ","","","","","","","","","","","","","","","","","","",""
"1995-01-18 19:00","1995","01","18","19:00"," ","","","","","","","","","","","","","","","","","","",""
"1995-01-18 20:00","1995","01","18","20:00"," ","0,50","","-3,00","","77,00","","9,00","","7,00","","","","","M","","","","","ND"
"1995-01-18 21:00","1995","01","18","21:00"," ","","","","","","","","","","","","","","","","","","",""
"1995-01-18 22:00","1995","01","18","22:00"," ","","","","","","","","","","","","","","","","","","",""
"1995-01-18 23:00","1995","01","18","23:00"," ","0,30","","-3,20","","77,00","","8,00","","7,00","","","","","M","","","","","ND"
"1995-01-19 00:00","1995","01","19","00:00"," ","","","","","","","","","","","","","","","","","","",""
"1995-01-19 01:00","1995","01","19","01:00"," ","","","","","","","","","","","","","","","","","","",""
"1995-01-19 02:00","1995","01","19","02:00"," ","0,60","","-3,00","","77,00","","8,00","","4,00","","","","","M","","","","","ND"
"1995-01-19 03:00","1995","01","19","03:00"," ","","","","","","","","","","","","","","","","","","",""
"1995-01-19 04:00","1995","01","19","04:00"," ","","","","","","","","","","","","","","","","","","",""
"1995-01-19 05:00","1995","01","19","05:00"," ","0,80","","-2,80","","77,00","","12,00","","7,00","","","","","M","","","","","ND"
"1995-01-19 06:00","1995","01","19","06:00"," ","","","","","","","","","","","","","","","","","","",""
"1995-01-19 07:00","1995","01","19","07:00"," ","","","","","","","","","","","","","","","","","","",""
"1995-01-19 08:00","1995","01","19","08:00"," ","0,90","","-2,80","","76,00","","7,00","","4,00","","","","","M","","","","","ND"
"1995-01-19 09:00","1995","01","19","09:00"," ","","","","","","","","","","","","","","","","","","",""
"1995-01-19 10:00","1995","01","19","10:00"," ","","","","","","","","","","","","","","","","","","",""
"1995-01-19 11:00","1995","01","19","11:00"," ","2,60","","-1,50","","74,00","","10,00","","6,00","","","","","M","","","","","ND"
"1995-01-19 12:00","1995","01","19","12:00"," ","","","","","","","","","","","","","","","","","","",""
"1995-01-19 13:00","1995","01","19","13:00"," ","","","","","","","","","","","","","","","","","","",""
"1995-01-19 14:00","1995","01","19","14:00"," ","3,80","","-0,40","","74,00","","4,00","","6,00","","","","","M","","","","","ND"
"1995-01-19 15:00","1995","01","19","15:00"," ","","","","","","","","","","","","","","","","","","",""
"1995-01-19 16:00","1995","01","19","16:00"," ","","","","","","","","","","","","","","","","","","",""
"1995-01-19 17:00","1995","01","19","17:00"," ","3,50","","-0,60","","74,00","","3,00","","7,00","","","","","M","","","","","ND"
"1995-01-19 18:00","1995","01","19","18:00"," ","","","","","","","","","","","","","","","","","","",""
"1995-01-19 19:00","1995","01","19","19:00"," ","","","","","","","","","","","","","","","","","","",""
"1995-01-19 20:00","1995","01","19","20:00"," ","2,50","","-1,50","","75,00","","3,00","","4,00","","","","","M","","","","","ND"
"1995-01-19 21:00","1995","01","19","21:00"," ","","","","","","","","","","","","","","","","","","",""
"1995-01-19 22:00","1995","01","19","22:00"," ","","","","","","","","","","","","","","","","","","",""
"1995-01-19 23:00","1995","01","19","23:00"," ","1,30","","-2,50","","76,00","","2,00","","7,00","","","","","M","","","","","ND"
"1995-01-20 00:00","1995","01","20","00:00"," ","","","","","","","","","","","","","","","","","","",""
"1995-01-20 01:00","1995","01","20","01:00"," ","","","","","","","","","","","","","","","","","","",""
"1995-01-20 02:00","1995","01","20","02:00"," ","0,30","","-3,40","","76,00","","2,00","","4,00","","","","","M","","","","","ND"
"1995-01-20 03:00","1995","01","20","03:00"," ","","","","","","","","","","","","","","","","","","",""
"1995-01-20 04:00","1995","01","20","04:00"," ","","","","","","","","","","","","","","","","","","",""
"1995-01-20 05:00","1995","01","20","05:00"," ","-0,10","","-3,70","","77,00","","7,00","","7,00","","","","","M","","","-3,00","","ND"
"1995-01-20 06:00","1995","01","20","06:00"," ","","","","","","","","","","","","","","","","","","",""
"1995-01-20 07:00","1995","01","20","07:00"," ","","","","","","","","","","","","","","","","","","",""
"1995-01-20 08:00","1995","01","20","08:00"," ","0,20","","-3,50","","76,00","","5,00","","4,00","","","","","M","","","","","ND"
"1995-01-20 09:00","1995","01","20","09:00"," ","","","","","","","","","","","","","","","","","","",""
"1995-01-20 10:00","1995","01","20","10:00"," ","","","","","","","","","","","","","","","","","","",""
"1995-01-20 11:00","1995","01","20","11:00"," ","2,50","","-1,70","","74,00","","5,00","","4,00","","","","","M","","","","","ND"
"1995-01-20 12:00","1995","01","20","12:00"," ","","","","","","","","","","","","","","","","","","",""
"1995-01-20 13:00","1995","01","20","13:00"," ","","","","","","","","","","","","","","","","","","",""
"1995-01-20 14:00","1995","01","20","14:00"," ","4,50","","-0,10","","72,00","","8,00","","6,00","","","","","M","","","","","ND"
"1995-01-20 15:00","1995","01","20","15:00"," ","","","","","","","","","","","","","","","","","","",""
"1995-01-20 16:00","1995","01","20","16:00"," ","","","","","","","","","","","","","","","","","","",""
"1995-01-20 17:00","1995","01","20","17:00"," ","4,30","","-0,20","","73,00","","9,00","","6,00","","","","","M","","","","","ND"
"1995-01-20 18:00","1995","01","20","18:00"," ","","","","","","","","","","","","","","","","","","",""
"1995-01-20 19:00","1995","01","20","19:00"," ","","","","","","","","","","","","","","","","","","",""
"1995-01-20 20:00","1995","01","20","20:00"," ","3,70","","-0,70","","73,00","","9,00","","6,00","","","","","M","","","","","ND"
"1995-01-20 21:00","1995","01","20","21:00"," ","","","","","","","","","","","","","","","","","","",""
"1995-01-20 22:00","1995","01","20","22:00"," ","","","","","","","","","","","","","","","","","","",""
"1995-01-20 23:00","1995","01","20","23:00"," ","3,50","","-0,90","","73,00","","8,00","","11,00","","","","","M","","","","","ND"
"1995-01-21 00:00","1995","01","21","00:00"," ","","","","","","","","","","","","","","","","","","",""
"1995-01-21 01:00","1995","01","21","01:00"," ","","","","","","","","","","","","","","","","","","",""
"1995-01-21 02:00","1995","01","21","02:00"," ","2,30","","-1,80","","74,00","","7,00","","9,00","","","","","M","","","","","ND"
"1995-01-21 03:00","1995","01","21","03:00"," ","","","","","","","","","","","","","","","","","","",""
"1995-01-21 04:00","1995","01","21","04:00"," ","","","","","","","","","","","","","","","","","","",""
"1995-01-21 05:00","1995","01","21","05:00"," ","2,50","","-1,60","","74,00","","9,00","","11,00","","","","","M","","","","","ND"
"1995-01-21 06:00","1995","01","21","06:00"," ","","","","","","","","","","","","","","","","","","",""
"1995-01-21 07:00","1995","01","21","07:00"," ","","","","","","","","","","","","","","","","","","",""
"1995-01-21 08:00","1995","01","21","08:00"," ","1,70","","-2,20","","75,00","","10,00","","13,00","","","","","M","","","","","ND"
"1995-01-21 09:00","1995","01","21","09:00"," ","","","","","","","","","","","","","","","","","","",""
"1995-01-21 10:00","1995","01","21","10:00"," ","","","","","","","","","","","","","","","","","","",""
"1995-01-21 11:00","1995","01","21","11:00"," ","2,30","","-1,70","","75,00","","9,00","","13,00","","","","","M","","","","","ND"
"1995-01-21 12:00","1995","01","21","12:00"," ","","","","","","","","","","","","","","","","","","",""
"1995-01-21 13:00","1995","01","21","13:00"," ","","","","","","","","","","","","","","","","","","",""
"1995-01-21 14:00","1995","01","21","14:00"," ","3,00","","-1,00","","75,00","","9,00","","11,00","","","","","M","","","","","ND"
"1995-01-21 15:00","1995","01","21","15:00"," ","","","","","","","","","","","","","","","","","","",""
"1995-01-21 16:00","1995","01","21","16:00"," ","","","","","","","","","","","","","","","","","","",""
"1995-01-21 17:00","1995","01","21","17:00"," ","2,70","","-1,30","","75,00","","9,00","","9,00","","","","","M","","","","","ND"
"1995-01-21 18:00","1995","01","21","18:00"," ","","","","","","","","","","","","","","","","","","",""
"1995-01-21 19:00","1995","01","21","19:00"," ","","","","","","","","","","","","","","","","","","",""
"1995-01-21 20:00","1995","01","21","20:00"," ","1,70","","-2,10","","76,00","","9,00","","7,00","","","","","M","","","","","ND"
"1995-01-21 21:00","1995","01","21","21:00"," ","","","","","","","","","","","","","","","","","","",""
"1995-01-21 22:00","1995","01","21","22:00"," ","","","","","","","","","","","","","","","","","","",""
"1995-01-21 23:00","1995","01","21","23:00"," ","1,40","","-2,40","","76,00","","8,00","","9,00","","","","","M","","","","","ND"
"1995-01-22 00:00","1995","01","22","00:00"," ","","","","","","","","","","","","","","","","","","",""
"1995-01-22 01:00","1995","01","22","01:00"," ","","","","","","","","","","","","","","","","","","",""
"1995-01-22 02:00","1995","01","22","02:00"," ","1,50","","-2,30","","76,00","","8,00","","9,00","","","","","M","","","","","ND"
"1995-01-22 03:00","1995","01","22","03:00"," ","","","","","","","","","","","","","","","","","","",""
"1995-01-22 04:00","1995","01","22","04:00"," ","","","","","","","","","","","","","","","","","","",""
"1995-01-22 05:00","1995","01","22","05:00"," ","1,70","","-2,20","","75,00","","9,00","","9,00","","","","","M","","","","","ND"
"1995-01-22 06:00","1995","01","22","06:00"," ","","","","","","","","","","","","","","","","","","",""
"1995-01-22 07:00","1995","01","22","07:00"," ","","","","","","","","","","","","","","","","","","",""
"1995-01-22 08:00","1995","01","22","08:00"," ","1,90","","-2,00","","75,00","","10,00","","7,00","","","","","M","","","","","ND"
"1995-01-22 09:00","1995","01","22","09:00"," ","","","","","","","","","","","","","","","","","","",""
"1995-01-22 10:00","1995","01","22","10:00"," ","","","","","","","","","","","","","","","","","","",""
"1995-01-22 11:00","1995","01","22","11:00"," ","2,60","","-1,40","","75,00","","11,00","","9,00","","","","","M","","","","","ND"
"1995-01-22 12:00","1995","01","22","12:00"," ","","","","","","","","","","","","","","","","","","",""
"1995-01-22 13:00","1995","01","22","13:00"," ","","","","","","","","","","","","","","","","","","",""
"1995-01-22 14:00","1995","01","22","14:00"," ","2,60","","-1,40","","75,00","","10,00","","11,00","","","","","M","","","","","ND"
"1995-01-22 15:00","1995","01","22","15:00"," ","","","","","","","","","","","","","","","","","","",""
"1995-01-22 16:00","1995","01","22","16:00"," ","","","","","","","","","","","","","","","","","","",""
"1995-01-22 17:00","1995","01","22","17:00"," ","2,20","","-1,70","","75,00","","12,00","","7,00","","","","","M","","","","","ND"
"1995-01-22 18:00","1995","01","22","18:00"," ","","","","","","","","","","","","","","","","","","",""
"1995-01-22 19:00","1995","01","22","19:00"," ","","","","","","","","","","","","","","","","","","",""
"1995-01-22 20:00","1995","01","22","20:00"," ","2,00","","-1,90","","75,00","","13,00","","4,00","","","","","M","","","","","ND"
"1995-01-22 21:00","1995","01","22","21:00"," ","","","","","","","","","","","","","","","","","","",""
"1995-01-22 22:00","1995","01","22","22:00"," ","","","","","","","","","","","","","","","","","","",""
"1995-01-22 23:00","1995","01","22","23:00"," ","2,30","","-1,70","","75,00","","17,00","","4,00","","","","","M","","","","","ND"
"1995-01-23 00:00","1995","01","23","00:00"," ","","","","","","","","","","","","","","","","","","",""
"1995-01-23 01:00","1995","01","23","01:00"," ","","","","","","","","","","","","","","","","","","",""
"1995-01-23 02:00","1995","01","23","02:00"," ","2,10","","-1,90","","75,00","","13,00","","4,00","","","","","M","","","","","ND"
"1995-01-23 03:00","1995","01","23","03:00"," ","","","","","","","","","","","","","","","","","","",""
"1995-01-23 04:00","1995","01","23","04:00"," ","","","","","","","","","","","","","","","","","","",""
"1995-01-23 05:00","1995","01","23","05:00"," ","2,20","","-1,90","","74,00","","12,00","","4,00","","","","","M","","","","","ND"
"1995-01-23 06:00","1995","01","23","06:00"," ","","","","","","","","","","","","","","","","","","",""
"1995-01-23 07:00","1995","01","23","07:00"," ","","","","","","","","","","","","","","","","","","",""
"1995-01-23 08:00","1995","01","23","08:00"," ","1,80","","-2,20","","75,00","","10,00","","6,00","","","","","M","","","","","ND"
"1995-01-23 09:00","1995","01","23","09:00"," ","","","","","","","","","","","","","","","","","","",""
"1995-01-23 10:00","1995","01","23","10:00"," ","","","","","","","","","","","","","","","","","","",""
"1995-01-23 11:00","1995","01","23","11:00"," ","2,30","","-1,80","","74,00","","13,00","","19,00","","","","","M","","","","","ND"
"1995-01-23 12:00","1995","01","23","12:00"," ","","","","","","","","","","","","","","","","","","",""
"1995-01-23 13:00","1995","01","23","13:00"," ","","","","","","","","","","","","","","","","","","",""
"1995-01-23 14:00","1995","01","23","14:00"," ","3,70","","-0,50","","74,00","","32,00","","7,00","","","","","M","","","","","ND"
"1995-01-23 15:00","1995","01","23","15:00"," ","","","","","","","","","","","","","","","","","","",""
"1995-01-23 16:00","1995","01","23","16:00"," ","","","","","","","","","","","","","","","","","","",""
"1995-01-23 17:00","1995","01","23","17:00"," ","3,00","","-1,00","","75,00","","27,00","","4,00","","","","","M","","","","","ND"
"1995-01-23 18:00","1995","01","23","18:00"," ","","","","","","","","","","","","","","","","","","",""
"1995-01-23 19:00","1995","01","23","19:00"," ","","","","","","","","","","","","","","","","","","",""
"1995-01-23 20:00","1995","01","23","20:00"," ","2,10","","-1,80","","75,00","","21,00","","9,00","","","","","M","","","","","ND"
"1995-01-23 21:00","1995","01","23","21:00"," ","","","","","","","","","","","","","","","","","","",""
"1995-01-23 22:00","1995","01","23","22:00"," ","","","","","","","","","","","","","","","","","","",""
"1995-01-23 23:00","1995","01","23","23:00"," ","1,20","","-2,50","","76,00","","13,00","","20,00","","","","","M","","","","","ND"
"1995-01-24 00:00","1995","01","24","00:00"," ","","","","","","","","","","","","","","","","","","",""
"1995-01-24 01:00","1995","01","24","01:00"," ","","","","","","","","","","","","","","","","","","",""
"1995-01-24 02:00","1995","01","24","02:00"," ","1,00","","-2,70","","76,00","","36,00","","4,00","","","","","M","","","","","ND"
"1995-01-24 03:00","1995","01","24","03:00"," ","","","","","","","","","","","","","","","","","","",""
"1995-01-24 04:00","1995","01","24","04:00"," ","","","","","","","","","","","","","","","","","","",""
"1995-01-24 05:00","1995","01","24","05:00"," ","0,70","","-3,00","","76,00","","35,00","","4,00","","","","","M","","","","","ND"
"1995-01-24 06:00","1995","01","24","06:00"," ","","","","","","","","","","","","","","","","","","",""
"1995-01-24 07:00","1995","01","24","07:00"," ","","","","","","","","","","","","","","","","","","",""
"1995-01-24 08:00","1995","01","24","08:00"," ","0,50","","-3,00","","77,00","","3,00","","4,00","","","","","M","","","","","ND"
"1995-01-24 09:00","1995","01","24","09:00"," ","","","","","","","","","","","","","","","","","","",""
"1995-01-24 10:00","1995","01","24","10:00"," ","","","","","","","","","","","","","","","","","","",""
"1995-01-24 11:00","1995","01","24","11:00"," ","1,00","","-2,60","","77,00","","35,00","","7,00","","","","","M","","","","","ND"
"1995-01-24 12:00","1995","01","24","12:00"," ","","","","","","","","","","","","","","","","","","",""
"1995-01-24 13:00","1995","01","24","13:00"," ","","","","","","","","","","","","","","","","","","",""
"1995-01-24 14:00","1995","01","24","14:00"," ","1,00","","-2,80","","76,00","","35,00","","7,00","","","","","M","","","","","ND"
"1995-01-24 15:00","1995","01","24","15:00"," ","","","","","","","","","","","","","","","","","","",""
"1995-01-24 16:00","1995","01","24","16:00"," ","","","","","","","","","","","","","","","","","","",""
"1995-01-24 17:00","1995","01","24","17:00"," ","0,50","","-3,10","","77,00","","1,00","","11,00","","","","","M","","","","","ND"
"1995-01-24 18:00","1995","01","24","18:00"," ","","","","","","","","","","","","","","","","","","",""
"1995-01-24 19:00","1995","01","24","19:00"," ","","","","","","","","","","","","","","","","","","",""
"1995-01-24 20:00","1995","01","24","20:00"," ","-0,70","","-4,30","","77,00","","36,00","","9,00","","","","","M","","","-4,00","","ND"
"1995-01-24 21:00","1995","01","24","21:00"," ","","","","","","","","","","","","","","","","","","",""
"1995-01-24 22:00","1995","01","24","22:00"," ","","","","","","","","","","","","","","","","","","",""
"1995-01-24 23:00","1995","01","24","23:00"," ","-1,60","","-5,10","","77,00","","33,00","","9,00","","","","","M","","","-5,00","","ND"
"1995-01-25 00:00","1995","01","25","00:00"," ","","","","","","","","","","","","","","","","","","",""
"1995-01-25 01:00","1995","01","25","01:00"," ","","","","","","","","","","","","","","","","","","",""
"1995-01-25 02:00","1995","01","25","02:00"," ","-2,30","","-5,70","","77,00","","35,00","","15,00","","","","","M","","","-7,00","","ND"
"1995-01-25 03:00","1995","01","25","03:00"," ","","","","","","","","","","","","","","","","","","",""
"1995-01-25 04:00","1995","01","25","04:00"," ","","","","","","","","","","","","","","","","","","",""
"1995-01-25 05:00","1995","01","25","05:00"," ","-2,80","","-6,10","","78,00","","32,00","","7,00","","","","","M","","","-6,00","","ND"
"1995-01-25 06:00","1995","01","25","06:00"," ","","","","","","","","","","","","","","","","","","",""
"1995-01-25 07:00","1995","01","25","07:00"," ","","","","","","","","","","","","","","","","","","",""
"1995-01-25 08:00","1995","01","25","08:00"," ","-3,10","","-6,40","","78,00","","31,00","","7,00","","","","","M","","","-6,00","","ND"
"1995-01-25 09:00","1995","01","25","09:00"," ","","","","","","","","","","","","","","","","","","",""
"1995-01-25 10:00","1995","01","25","10:00"," ","","","","","","","","","","","","","","","","","","",""
"1995-01-25 11:00","1995","01","25","11:00"," ","-2,60","","-6,80","","73,00","","31,00","","9,00","","","","","M","","","-6,00","","ND"
"1995-01-25 12:00","1995","01","25","12:00"," ","","","","","","","","","","","","","","","","","","",""
"1995-01-25 13:00","1995","01","25","13:00"," ","","","","","","","","","","","","","","","","","","",""
"1995-01-25 14:00","1995","01","25","14:00"," ","-2,70","","-7,50","","69,00","","29,00","","17,00","","","","","M","","","-8,00","","ND"
"1995-01-25 15:00","1995","01","25","15:00"," ","","","","","","","","","","","","","","","","","","",""
"1995-01-25 16:00","1995","01","25","16:00"," ","","","","","","","","","","","","","","","","","","",""
"1995-01-25 17:00","1995","01","25","17:00"," ","-3,90","","-7,90","","74,00","","32,00","","6,00","","","","","M","","","-7,00","","ND"
"1995-01-25 18:00","1995","01","25","18:00"," ","","","","","","","","","","","","","","","","","","",""
"1995-01-25 19:00","1995","01","25","19:00"," ","","","","","","","","","","","","","","","","","","",""
"1995-01-25 20:00","1995","01","25","20:00"," ","-3,60","","-7,00","","77,00","","29,00","","11,00","","","","","M","","","-8,00","","ND"
"1995-01-25 21:00","1995","01","25","21:00"," ","","","","","","","","","","","","","","","","","","",""
"1995-01-25 22:00","1995","01","25","22:00"," ","","","","","","","","","","","","","","","","","","",""
"1995-01-25 23:00","1995","01","25","23:00"," ","-3,50","","-7,50","","74,00","","31,00","","11,00","","","","","M","","","-8,00","","ND"
"1995-01-26 00:00","1995","01","26","00:00"," ","","","","","","","","","","","","","","","","","","",""
"1995-01-26 01:00","1995","01","26","01:00"," ","","","","","","","","","","","","","","","","","","",""
"1995-01-26 02:00","1995","01","26","02:00"," ","-4,70","","-8,90","","72,00","","32,00","","7,00","","","","","M","","","-8,00","","ND"
"1995-01-26 03:00","1995","01","26","03:00"," ","","","","","","","","","","","","","","","","","","",""
"1995-01-26 04:00","1995","01","26","04:00"," ","","","","","","","","","","","","","","","","","","",""
"1995-01-26 05:00","1995","01","26","05:00"," ","-5,40","","-9,40","","73,00","","30,00","","7,00","","","","","M","","","-9,00","","ND"
"1995-01-26 06:00","1995","01","26","06:00"," ","","","","","","","","","","","","","","","","","","",""
"1995-01-26 07:00","1995","01","26","07:00"," ","","","","","","","","","","","","","","","","","","",""
"1995-01-26 08:00","1995","01","26","08:00"," ","-6,30","","-10,70","","71,00","","31,00","","9,00","","","","","M","","","-11,00","","ND"
"1995-01-26 09:00","1995","01","26","09:00"," ","","","","","","","","","","","","","","","","","","",""
"1995-01-26 10:00","1995","01","26","10:00"," ","","","","","","","","","","","","","","","","","","",""
"1995-01-26 11:00","1995","01","26","11:00"," ","-5,70","","-10,70","","68,00","","29,00","","13,00","","","","","M","","","-11,00","","ND"
"1995-01-26 12:00","1995","01","26","12:00"," ","","","","","","","","","","","","","","","","","","",""
"1995-01-26 13:00","1995","01","26","13:00"," ","","","","","","","","","","","","","","","","","","",""
"1995-01-26 14:00","1995","01","26","14:00"," ","-6,30","","-12,10","","63,00","","28,00","","15,00","","","","","M","","","-12,00","","ND"
"1995-01-26 15:00","1995","01","26","15:00"," ","","","","","","","","","","","","","","","","","","",""
"1995-01-26 16:00","1995","01","26","16:00"," ","","","","","","","","","","","","","","","","","","",""
"1995-01-26 17:00","1995","01","26","17:00"," ","-7,00","","-11,80","","69,00","","30,00","","7,00","","","","","M","","","-11,00","","ND"
"1995-01-26 18:00","1995","01","26","18:00"," ","","","","","","","","","","","","","","","","","","",""
"1995-01-26 19:00","1995","01","26","19:00"," ","","","","","","","","","","","","","","","","","","",""
"1995-01-26 20:00","1995","01","26","20:00"," ","-7,30","","-11,00","","75,00","","28,00","","7,00","","","","","M","","","-11,00","","ND"
"1995-01-26 21:00","1995","01","26","21:00"," ","","","","","","","","","","","","","","","","","","",""
"1995-01-26 22:00","1995","01","26","22:00"," ","","","","","","","","","","","","","","","","","","",""
"1995-01-26 23:00","1995","01","26","23:00"," ","-7,40","","-10,70","","77,00","","28,00","","6,00","","","","","M","","","-11,00","","ND"
"1995-01-27 00:00","1995","01","27","00:00"," ","","","","","","","","","","","","","","","","","","",""
"1995-01-27 01:00","1995","01","27","01:00"," ","","","","","","","","","","","","","","","","","","",""
"1995-01-27 02:00","1995","01","27","02:00"," ","-8,20","","-11,00","","80,00","","29,00","","6,00","","","","","M","","","-11,00","","ND"
"1995-01-27 03:00","1995","01","27","03:00"," ","","","","","","","","","","","","","","","","","","",""
"1995-01-27 04:00","1995","01","27","04:00"," ","","","","","","","","","","","","","","","","","","",""
"1995-01-27 05:00","1995","01","27","05:00"," ","-9,70","","-12,40","","81,00","","29,00","","9,00","","","","","M","","","-15,00","","ND"
"1995-01-27 06:00","1995","01","27","06:00"," ","","","","","","","","","","","","","","","","","","",""
"1995-01-27 07:00","1995","01","27","07:00"," ","","","","","","","","","","","","","","","","","","",""
"1995-01-27 08:00","1995","01","27","08:00"," ","-10,20","","-12,70","","82,00","","29,00","","13,00","","","","","M","","","-16,00","","ND"
"1995-01-27 09:00","1995","01","27","09:00"," ","","","","","","","","","","","","","","","","","","",""
"1995-01-27 10:00","1995","01","27","10:00"," ","","","","","","","","","","","","","","","","","","",""
"1995-01-27 11:00","1995","01","27","11:00"," ","-10,60","","-14,80","","71,00","","31,00","","7,00","","","","","M","","","-15,00","","ND"
"1995-01-27 12:00","1995","01","27","12:00"," ","","","","","","","","","","","","","","","","","","",""
"1995-01-27 13:00","1995","01","27","13:00"," ","","","","","","","","","","","","","","","","","","",""
"1995-01-27 14:00","1995","01","27","14:00"," ","-11,60","","-15,90","","70,00","","30,00","","7,00","","","","","M","","","-16,00","","ND"
"1995-01-27 15:00","1995","01","27","15:00"," ","","","","","","","","","","","","","","","","","","",""
"1995-01-27 16:00","1995","01","27","16:00"," ","","","","","","","","","","","","","","","","","","",""
"1995-01-27 17:00","1995","01","27","17:00"," ","-12,40","","-16,10","","74,00","","28,00","","11,00","","","","","M","","","-18,00","","ND"
"1995-01-27 18:00","1995","01","27","18:00"," ","","","","","","","","","","","","","","","","","","",""
"1995-01-27 19:00","1995","01","27","19:00"," ","","","","","","","","","","","","","","","","","","",""
"1995-01-27 20:00","1995","01","27","20:00"," ","-13,30","","-15,90","","81,00","","28,00","","13,00","","","","","M","","","-20,00","","ND"
"1995-01-27 21:00","1995","01","27","21:00"," ","","","","","","","","","","","","","","","","","","",""
"1995-01-27 22:00","1995","01","27","22:00"," ","","","","","","","","","","","","","","","","","","",""
"1995-01-27 23:00","1995","01","27","23:00"," ","-15,20","","-17,00","","86,00","","30,00","","7,00","","","","","M","","","-20,00","","ND"
"1995-01-28 00:00","1995","01","28","00:00"," ","","","","","","","","","","","","","","","","","","",""
"1995-01-28 01:00","1995","01","28","01:00"," ","","","","","","","","","","","","","","","","","","",""
"1995-01-28 02:00","1995","01","28","02:00"," ","-14,70","","-16,50","","86,00","","31,00","","4,00","","","","","M","","","-18,00","","ND"
"1995-01-28 03:00","1995","01","28","03:00"," ","","","","","","","","","","","","","","","","","","",""
"1995-01-28 04:00","1995","01","28","04:00"," ","","","","","","","","","","","","","","","","","","",""
"1995-01-28 05:00","1995","01","28","05:00"," ","-14,40","","-16,20","","86,00","","28,00","","13,00","","","","","M","","","-22,00","","ND"
"1995-01-28 06:00","1995","01","28","06:00"," ","","","","","","","","","","","","","","","","","","",""
"1995-01-28 07:00","1995","01","28","07:00"," ","","","","","","","","","","","","","","","","","","",""
"1995-01-28 08:00","1995","01","28","08:00"," ","-12,80","","-14,80","","85,00","","30,00","","11,00","","","","","M","","","-19,00","","ND"
"1995-01-28 09:00","1995","01","28","09:00"," ","","","","","","","","","","","","","","","","","","",""
"1995-01-28 10:00","1995","01","28","10:00"," ","","","","","","","","","","","","","","","","","","",""
"1995-01-28 11:00","1995","01","28","11:00"," ","-9,90","","-12,30","","83,00","","30,00","","13,00","","","","","M","","","-16,00","","ND"
"1995-01-28 12:00","1995","01","28","12:00"," ","","","","","","","","","","","","","","","","","","",""
"1995-01-28 13:00","1995","01","28","13:00"," ","","","","","","","","","","","","","","","","","","",""
"1995-01-28 14:00","1995","01","28","14:00"," ","-8,70","","-11,30","","81,00","","29,00","","11,00","","","","","M","","","-14,00","","ND"
"1995-01-28 15:00","1995","01","28","15:00"," ","","","","","","","","","","","","","","","","","","",""
"1995-01-28 16:00","1995","01","28","16:00"," ","","","","","","","","","","","","","","","","","","",""
"1995-01-28 17:00","1995","01","28","17:00"," ","-8,40","","-11,00","","81,00","","30,00","","9,00","","","","","M","","","-13,00","","ND"
"1995-01-28 18:00","1995","01","28","18:00"," ","","","","","","","","","","","","","","","","","","",""
"1995-01-28 19:00","1995","01","28","19:00"," ","","","","","","","","","","","","","","","","","","",""
"1995-01-28 20:00","1995","01","28","20:00"," ","-8,60","","-11,20","","81,00","","31,00","","11,00","","","","","M","","","-14,00","","ND"
"1995-01-28 21:00","1995","01","28","21:00"," ","","","","","","","","","","","","","","","","","","",""
"1995-01-28 22:00","1995","01","28","22:00"," ","","","","","","","","","","","","","","","","","","",""
"1995-01-28 23:00","1995","01","28","23:00"," ","-9,00","","-11,60","","81,00","","27,00","","4,00","","","","","M","","","-11,00","","ND"
"1995-01-29 00:00","1995","01","29","00:00"," ","","","","","","","","","","","","","","","","","","",""
"1995-01-29 01:00","1995","01","29","01:00"," ","","","","","","","","","","","","","","","","","","",""
"1995-01-29 02:00","1995","01","29","02:00"," ","-10,00","","-12,30","","83,00","","28,00","","4,00","","","","","M","","","-12,00","","ND"
"1995-01-29 03:00","1995","01","29","03:00"," ","","","","","","","","","","","","","","","","","","",""
"1995-01-29 04:00","1995","01","29","04:00"," ","","","","","","","","","","","","","","","","","","",""
"1995-01-29 05:00","1995","01","29","05:00"," ","-9,70","","-12,00","","83,00","","29,00","","4,00","","","","","M","","","-12,00","","ND"
"1995-01-29 06:00","1995","01","29","06:00"," ","","","","","","","","","","","","","","","","","","",""
"1995-01-29 07:00","1995","01","29","07:00"," ","","","","","","","","","","","","","","","","","","",""
"1995-01-29 08:00","1995","01","29","08:00"," ","-8,80","","-11,40","","81,00","","31,00","","7,00","","","","","M","","","-13,00","","ND"
"1995-01-29 09:00","1995","01","29","09:00"," ","","","","","","","","","","","","","","","","","","",""
"1995-01-29 10:00","1995","01","29","10:00"," ","","","","","","","","","","","","","","","","","","",""
"1995-01-29 11:00","1995","01","29","11:00"," ","-6,90","","-10,80","","74,00","","32,00","","6,00","","","","","M","","","-10,00","","ND"
"1995-01-29 12:00","1995","01","29","12:00"," ","","","","","","","","","","","","","","","","","","",""
"1995-01-29 13:00","1995","01","29","13:00"," ","","","","","","","","","","","","","","","","","","",""
"1995-01-29 14:00","1995","01","29","14:00"," ","-4,80","","-10,20","","66,00","","32,00","","13,00","","","","","M","","","-10,00","","ND"
"1995-01-29 15:00","1995","01","29","15:00"," ","","","","","","","","","","","","","","","","","","",""
"1995-01-29 16:00","1995","01","29","16:00"," ","","","","","","","","","","","","","","","","","","",""
"1995-01-29 17:00","1995","01","29","17:00"," ","-6,50","","-11,90","","65,00","","30,00","","6,00","","","","","M","","","-9,00","","ND"
"1995-01-29 18:00","1995","01","29","18:00"," ","","","","","","","","","","","","","","","","","","",""
"1995-01-29 19:00","1995","01","29","19:00"," ","","","","","","","","","","","","","","","","","","",""
"1995-01-29 20:00","1995","01","29","20:00"," ","-7,10","","-10,70","","75,00","","28,00","","2,00","","","","","M","","","-8,00","","ND"
"1995-01-29 21:00","1995","01","29","21:00"," ","","","","","","","","","","","","","","","","","","",""
"1995-01-29 22:00","1995","01","29","22:00"," ","","","","","","","","","","","","","","","","","","",""
"1995-01-29 23:00","1995","01","29","23:00"," ","-10,90","","-13,40","","82,00","","29,00","","4,00","","","","","M","","","-13,00","","ND"
"1995-01-30 00:00","1995","01","30","00:00"," ","","","","","","","","","","","","","","","","","","",""
"1995-01-30 01:00","1995","01","30","01:00"," ","","","","","","","","","","","","","","","","","","",""
"1995-01-30 02:00","1995","01","30","02:00"," ","-13,80","","-15,50","","87,00","","25,00","","2,00","","","","","M","","","-15,00","","ND"
"1995-01-30 03:00","1995","01","30","03:00"," ","","","","","","","","","","","","","","","","","","",""
"1995-01-30 04:00","1995","01","30","04:00"," ","","","","","","","","","","","","","","","","","","",""
"1995-01-30 05:00","1995","01","30","05:00"," ","-14,20","","-15,80","","88,00","","26,00","","6,00","","","","","M","","","-18,00","","ND"
"1995-01-30 06:00","1995","01","30","06:00"," ","","","","","","","","","","","","","","","","","","",""
"1995-01-30 07:00","1995","01","30","07:00"," ","","","","","","","","","","","","","","","","","","",""
"1995-01-30 08:00","1995","01","30","08:00"," ","-15,90","","-17,30","","89,00","","0,00","","0,00","","","","","M","","","","","ND"
"1995-01-30 09:00","1995","01","30","09:00"," ","","","","","","","","","","","","","","","","","","",""
"1995-01-30 10:00","1995","01","30","10:00"," ","","","","","","","","","","","","","","","","","","",""
"1995-01-30 11:00","1995","01","30","11:00"," ","-1,00","","-7,50","","61,00","","22,00","","7,00","","","","","M","","","-4,00","","ND"
"1995-01-30 12:00","1995","01","30","12:00"," ","","","","","","","","","","","","","","","","","","",""
"1995-01-30 13:00","1995","01","30","13:00"," ","","","","","","","","","","","","","","","","","","",""
"1995-01-30 14:00","1995","01","30","14:00"," ","2,50","","-6,30","","52,00","","24,00","","17,00","","","","","M","","","","","ND"
"1995-01-30 15:00","1995","01","30","15:00"," ","","","","","","","","","","","","","","","","","","",""
"1995-01-30 16:00","1995","01","30","16:00"," ","","","","","","","","","","","","","","","","","","",""
"1995-01-30 17:00","1995","01","30","17:00"," ","0,50","","-7,00","","57,00","","24,00","","13,00","","","","","M","","","","","ND"
"1995-01-30 18:00","1995","01","30","18:00"," ","","","","","","","","","","","","","","","","","","",""
"1995-01-30 19:00","1995","01","30","19:00"," ","","","","","","","","","","","","","","","","","","",""
"1995-01-30 20:00","1995","01","30","20:00"," ","-2,80","","-7,10","","72,00","","24,00","","2,00","","","","","M","","","-4,00","","ND"
"1995-01-30 21:00","1995","01","30","21:00"," ","","","","","","","","","","","","","","","","","","",""
"1995-01-30 22:00","1995","01","30","22:00"," ","","","","","","","","","","","","","","","","","","",""
"1995-01-30 23:00","1995","01","30","23:00"," ","-4,80","","-8,00","","78,00","","32,00","","7,00","","","","","M","","","-8,00","","ND"
"1995-01-31 00:00","1995","01","31","00:00"," ","","","","","","","","","","","","","","","","","","",""
"1995-01-31 01:00","1995","01","31","01:00"," ","","","","","","","","","","","","","","","","","","",""
"1995-01-31 02:00","1995","01","31","02:00"," ","-7,00","","-11,10","","73,00","","31,00","","4,00","","","","","M","","","-9,00","","ND"
"1995-01-31 03:00","1995","01","31","03:00"," ","","","","","","","","","","","","","","","","","","",""
"1995-01-31 04:00","1995","01","31","04:00"," ","","","","","","","","","","","","","","","","","","",""
"1995-01-31 05:00","1995","01","31","05:00"," ","-10,10","","-13,60","","76,00","","34,00","","2,00","","","","","M","","","-11,00","","ND"
"1995-01-31 06:00","1995","01","31","06:00"," ","","","","","","","","","","","","","","","","","","",""
"1995-01-31 07:00","1995","01","31","07:00"," ","","","","","","","","","","","","","","","","","","",""
"1995-01-31 08:00","1995","01","31","08:00"," ","-11,70","","-14,50","","80,00","","34,00","","6,00","","","","","M","","","-15,00","","ND"
"1995-01-31 09:00","1995","01","31","09:00"," ","","","","","","","","","","","","","","","","","","",""
"1995-01-31 10:00","1995","01","31","10:00"," ","","","","","","","","","","","","","","","","","","",""
"1995-01-31 11:00","1995","01","31","11:00"," ","-7,80","","-15,10","","56,00","","35,00","","17,00","","","","","M","","","-14,00","","ND"
"1995-01-31 12:00","1995","01","31","12:00"," ","","","","","","","","","","","","","","","","","","",""
"1995-01-31 13:00","1995","01","31","13:00"," ","","","","","","","","","","","","","","","","","","",""
"1995-01-31 14:00","1995","01","31","14:00"," ","-5,60","","-14,00","","52,00","","31,00","","11,00","","","","","M","","","-10,00","","ND"
"1995-01-31 15:00","1995","01","31","15:00"," ","","","","","","","","","","","","","","","","","","",""
"1995-01-31 16:00","1995","01","31","16:00"," ","","","","","","","","","","","","","","","","","","",""
"1995-01-31 17:00","1995","01","31","17:00"," ","-7,10","","-14,70","","55,00","","30,00","","4,00","","","","","M","","","-9,00","","ND"
"1995-01-31 18:00","1995","01","31","18:00"," ","","","","","","","","","","","","","","","","","","",""
"1995-01-31 19:00","1995","01","31","19:00"," ","","","","","","","","","","","","","","","","","","",""
"1995-01-31 20:00","1995","01","31","20:00"," ","-12,20","","-14,60","","82,00","","0,00","","0,00","","","","","M","","","","","ND"
"1995-01-31 21:00","1995","01","31","21:00"," ","","","","","","","","","","","","","","","","","","",""
"1995-01-31 22:00","1995","01","31","22:00"," ","","","","","","","","","","","","","","","","","","",""
"1995-01-31 23:00","1995","01","31","23:00"," ","-8,80","","-11,70","","79,00","","0,00","","0,00","","","","","M","","","","","ND"
