"Nom de la Station","TESLIN A"
"Province","YUKON TERRITORY"
"Latitude","60,17"
"Longitude","-132,74"
"Altitude","705,00"
"Identification Climat","2101100"
"Identification OMM",""
"Identification TC","YZW"
"Toutes les heures sont exprimées en heure normale locale (HNL). Pour convertir l'heure locale en heure avancée de l'Est (HAE), ajoutez 1 heure s'il y a lieu."

"Légende"
"M","Données Manquantes"
"E","Valeur Estimée"
"ND","Non Disponible"
"**","Données fournies par un partenaire, non assujetties à un révision par les Archives climatiques nationales du Canada"

"Date/Heure","Année","Mois","Jour","Heure","Qualité des Données","Temp (°C)","Temp Indicateur","Point de rosée (°C)","Point de rosée Indicateur","Hum. rel (%)","Hum. rel. Indicateur","Dir. du vent (10s deg)","Dir. du vent Indicateur","Vit. du vent (km/h)","Vit. du vent Indicateur","Visibilité (km)","Visibilité Indicateur","Pression à la station (kPa)","Pression à la station Indicateur","Hmdx","Hmdx Indicateur","Refroid. éolien","Refroid. éolien Indicateur","Temps"
"2004-04-01 00:00","2004","04","01","00:00"," ","","","","","","","","","","","","","","","","","","",""
"2004-04-01 01:00","2004","04","01","01:00"," ","","","","","","","","","","","","","","","","","","",""
"2004-04-01 02:00","2004","04","01","02:00"," ","","","","","","","","","","","","","","","","","","",""
"2004-04-01 03:00","2004","04","01","03:00"," ","","","","","","","","","","","","","","","","","","",""
"2004-04-01 04:00","2004","04","01","04:00"," ","","","","","","","","","","","","","","","","","","",""
"2004-04-01 05:00","2004","04","01","05:00"," ","","","","","","","","","","","","","","","","","","",""
"2004-04-01 06:00","2004","04","01","06:00"," ","","","","","","","","","","","","","","","","","","",""
"2004-04-01 07:00","2004","04","01","07:00"," ","","","","","","","","","","","","","","","","","","",""
"2004-04-01 08:00","2004","04","01","08:00"," ","","","","","","","","","","","","","","","","","","",""
"2004-04-01 09:00","2004","04","01","09:00"," ","-4,90","","-8,70","","75,00","","18,00","","4,00","","48,30","","93,78","","","","-7,00","","Généralement dégagé"
"2004-04-01 10:00","2004","04","01","10:00"," ","-3,90","","-7,70","","75,00","","0,00","","0,00","","48,30","","93,84","","","","","","Généralement nuageux"
"2004-04-01 11:00","2004","04","01","11:00"," ","-2,00","","-8,20","","62,00","","0,00","","0,00","","48,30","","93,89","","","","","","Généralement nuageux"
"2004-04-01 12:00","2004","04","01","12:00"," ","-0,50","","-6,70","","63,00","","25,00","","4,00","","48,30","","93,89","","","","-2,00","","Généralement nuageux"
"2004-04-01 13:00","2004","04","01","13:00"," ","0,50","","-6,30","","60,00","","17,00","","4,00","","48,30","","93,87","","","","","","Généralement nuageux"
"2004-04-01 14:00","2004","04","01","14:00"," ","1,70","","-5,20","","60,00","","17,00","","2,00","","48,30","","93,86","","","","","","Généralement nuageux"
"2004-04-01 15:00","2004","04","01","15:00"," ","1,90","","-5,50","","58,00","","0,00","","0,00","","48,30","","93,87","","","","","","Nuageux"
"2004-04-01 16:00","2004","04","01","16:00"," ","1,00","","-5,50","","62,00","","22,00","","20,00","","48,30","","93,86","","","","","","Nuageux"
"2004-04-01 17:00","2004","04","01","17:00"," ","0,50","","-6,30","","60,00","","17,00","","13,00","","48,30","","93,92","","","","","","Nuageux"
"2004-04-01 18:00","2004","04","01","18:00"," ","","","","","","","","","","","","","","","","","","",""
"2004-04-01 19:00","2004","04","01","19:00"," ","","","","","","","","","","","","","","","","","","",""
"2004-04-01 20:00","2004","04","01","20:00"," ","","","","","","","","","","","","","","","","","","",""
"2004-04-01 21:00","2004","04","01","21:00"," ","","","","","","","","","","","","","","","","","","",""
"2004-04-01 22:00","2004","04","01","22:00"," ","","","","","","","","","","","","","","","","","","",""
"2004-04-01 23:00","2004","04","01","23:00"," ","","","","","","","","","","","","","","","","","","",""
"2004-04-02 00:00","2004","04","02","00:00"," ","","","","","","","","","","","","","","","","","","",""
"2004-04-02 01:00","2004","04","02","01:00"," ","","","","","","","","","","","","","","","","","","",""
"2004-04-02 02:00","2004","04","02","02:00"," ","","","","","","","","","","","","","","","","","","",""
"2004-04-02 03:00","2004","04","02","03:00"," ","","","","","","","","","","","","","","","","","","",""
"2004-04-02 04:00","2004","04","02","04:00"," ","","","","","","","","","","","","","","","","","","",""
"2004-04-02 05:00","2004","04","02","05:00"," ","","","","","","","","","","","","","","","","","","",""
"2004-04-02 06:00","2004","04","02","06:00"," ","","","","","","","","","","","","","","","","","","",""
"2004-04-02 07:00","2004","04","02","07:00"," ","","","","","","","","","","","","","","","","","","",""
"2004-04-02 08:00","2004","04","02","08:00"," ","","","","","","","","","","","","","","","","","","",""
"2004-04-02 09:00","2004","04","02","09:00"," ","2,10","","-3,40","","67,00","","14,00","","20,00","","48,30","","93,36","","","","","","Nuageux"
"2004-04-02 10:00","2004","04","02","10:00"," ","2,80","","-3,20","","65,00","","14,00","","20,00","","48,30","","93,33","","","","","","Nuageux"
"2004-04-02 11:00","2004","04","02","11:00"," ","4,50","","-2,80","","59,00","","13,00","","15,00","","48,30","","93,31","","","","","","Généralement nuageux"
"2004-04-02 12:00","2004","04","02","12:00"," ","4,60","","-3,00","","58,00","","12,00","","20,00","","48,30","","93,21","","","","","","Généralement nuageux"
"2004-04-02 13:00","2004","04","02","13:00"," ","5,70","","-1,80","","58,00","","12,00","","20,00","","48,30","","93,19","","","","","","Généralement nuageux"
"2004-04-02 14:00","2004","04","02","14:00"," ","5,50","","-1,80","","59,00","","11,00","","15,00","","48,30","","93,18","","","","","","Nuageux"
"2004-04-02 15:00","2004","04","02","15:00"," ","5,80","","-0,80","","63,00","","11,00","","22,00","","48,30","","93,15","","","","","","Nuageux"
"2004-04-02 16:00","2004","04","02","16:00"," ","6,60","","-1,50","","56,00","","12,00","","6,00","","48,30","","93,13","","","","","","Généralement nuageux"
"2004-04-02 17:00","2004","04","02","17:00"," ","6,10","","-0,70","","62,00","","12,00","","7,00","","48,30","","93,09","","","","","","Nuageux"
"2004-04-02 18:00","2004","04","02","18:00"," ","","","","","","","","","","","","","","","","","","",""
"2004-04-02 19:00","2004","04","02","19:00"," ","","","","","","","","","","","","","","","","","","",""
"2004-04-02 20:00","2004","04","02","20:00"," ","","","","","","","","","","","","","","","","","","",""
"2004-04-02 21:00","2004","04","02","21:00"," ","","","","","","","","","","","","","","","","","","",""
"2004-04-02 22:00","2004","04","02","22:00"," ","","","","","","","","","","","","","","","","","","",""
"2004-04-02 23:00","2004","04","02","23:00"," ","","","","","","","","","","","","","","","","","","",""
"2004-04-03 00:00","2004","04","03","00:00"," ","","","","","","","","","","","","","","","","","","",""
"2004-04-03 01:00","2004","04","03","01:00"," ","","","","","","","","","","","","","","","","","","",""
"2004-04-03 02:00","2004","04","03","02:00"," ","","","","","","","","","","","","","","","","","","",""
"2004-04-03 03:00","2004","04","03","03:00"," ","","","","","","","","","","","","","","","","","","",""
"2004-04-03 04:00","2004","04","03","04:00"," ","","","","","","","","","","","","","","","","","","",""
"2004-04-03 05:00","2004","04","03","05:00"," ","","","","","","","","","","","","","","","","","","",""
"2004-04-03 06:00","2004","04","03","06:00"," ","","","","","","","","","","","","","","","","","","",""
"2004-04-03 07:00","2004","04","03","07:00"," ","","","","","","","","","","","","","","","","","","",""
"2004-04-03 08:00","2004","04","03","08:00"," ","","","","","","","","","","","","","","","","","","",""
"2004-04-03 09:00","2004","04","03","09:00"," ","2,00","","1,10","","94,00","","0,00","","0,00","","16,10","","92,02","","","","","","Nuageux"
"2004-04-03 10:00","2004","04","03","10:00"," ","2,40","","1,30","","92,00","","0,00","","0,00","","16,10","","91,95","","","","","","Nuageux"
"2004-04-03 11:00","2004","04","03","11:00"," ","3,60","","1,40","","86,00","","18,00","","13,00","","16,10","","91,86","","","","","","Nuageux"
"2004-04-03 12:00","2004","04","03","12:00"," ","4,00","","1,40","","83,00","","19,00","","2,00","","16,10","","91,82","","","","","","Nuageux"
"2004-04-03 13:00","2004","04","03","13:00"," ","7,10","","0,30","","62,00","","18,00","","19,00","","24,10","","91,76","","","","","","Généralement nuageux"
"2004-04-03 14:00","2004","04","03","14:00"," ","7,70","","0,30","","59,00","","17,00","","9,00","","48,30","","91,71","","","","","","Généralement nuageux"
"2004-04-03 15:00","2004","04","03","15:00"," ","8,00","","0,10","","57,00","","17,00","","9,00","","48,30","","91,67","","","","","","Généralement nuageux"
"2004-04-03 16:00","2004","04","03","16:00"," ","8,50","","-5,00","","38,00","","18,00","","20,00","","48,30","","91,65","","","","","","Généralement nuageux"
"2004-04-03 17:00","2004","04","03","17:00"," ","7,60","","-4,70","","41,00","","21,00","","17,00","","48,30","","91,70","","","","","","Généralement nuageux"
"2004-04-03 18:00","2004","04","03","18:00"," ","","","","","","","","","","","","","","","","","","",""
"2004-04-03 19:00","2004","04","03","19:00"," ","","","","","","","","","","","","","","","","","","",""
"2004-04-03 20:00","2004","04","03","20:00"," ","","","","","","","","","","","","","","","","","","",""
"2004-04-03 21:00","2004","04","03","21:00"," ","","","","","","","","","","","","","","","","","","",""
"2004-04-03 22:00","2004","04","03","22:00"," ","","","","","","","","","","","","","","","","","","",""
"2004-04-03 23:00","2004","04","03","23:00"," ","","","","","","","","","","","","","","","","","","",""
"2004-04-04 00:00","2004","04","04","00:00"," ","","","","","","","","","","","","","","","","","","",""
"2004-04-04 01:00","2004","04","04","01:00"," ","","","","","","","","","","","","","","","","","","",""
"2004-04-04 02:00","2004","04","04","02:00"," ","","","","","","","","","","","","","","","","","","",""
"2004-04-04 03:00","2004","04","04","03:00"," ","","","","","","","","","","","","","","","","","","",""
"2004-04-04 04:00","2004","04","04","04:00"," ","","","","","","","","","","","","","","","","","","",""
"2004-04-04 05:00","2004","04","04","05:00"," ","","","","","","","","","","","","","","","","","","",""
"2004-04-04 06:00","2004","04","04","06:00"," ","","","","","","","","","","","","","","","","","","",""
"2004-04-04 07:00","2004","04","04","07:00"," ","","","","","","","","","","","","","","","","","","",""
"2004-04-04 08:00","2004","04","04","08:00"," ","1,10","","-1,90","","80,00","","17,00","","9,00","","48,30","","92,56","","","","","","Généralement nuageux"
"2004-04-04 09:00","2004","04","04","09:00"," ","2,40","","-1,20","","77,00","","17,00","","13,00","","48,30","","92,57","","","","","","Généralement nuageux"
"2004-04-04 10:00","2004","04","04","10:00"," ","3,20","","1,00","","85,00","","23,00","","20,00","","48,30","","92,61","","","","","","Généralement nuageux"
"2004-04-04 11:00","2004","04","04","11:00"," ","3,70","","-2,70","","63,00","","24,00","","24,00","","48,30","","92,65","","","","","","Généralement nuageux"
"2004-04-04 12:00","2004","04","04","12:00"," ","4,00","","-2,00","","65,00","","23,00","","19,00","","48,30","","92,68","","","","","","Généralement nuageux"
"2004-04-04 13:00","2004","04","04","13:00"," ","3,30","","-4,40","","57,00","","25,00","","26,00","","48,30","","92,71","","","","","","Généralement nuageux"
"2004-04-04 14:00","2004","04","04","14:00"," ","3,90","","-4,20","","55,00","","24,00","","17,00","","48,30","","92,75","","","","","","Généralement nuageux"
"2004-04-04 15:00","2004","04","04","15:00"," ","4,40","","-7,00","","43,00","","24,00","","22,00","","48,30","","92,79","","","","","","Généralement nuageux"
"2004-04-04 16:00","2004","04","04","16:00"," ","3,90","","-6,60","","46,00","","25,00","","24,00","","48,30","","92,81","","","","","","Généralement dégagé"
"2004-04-04 17:00","2004","04","04","17:00"," ","","","","","","","","","","","","","","","","","","",""
"2004-04-04 18:00","2004","04","04","18:00"," ","","","","","","","","","","","","","","","","","","",""
"2004-04-04 19:00","2004","04","04","19:00"," ","","","","","","","","","","","","","","","","","","",""
"2004-04-04 20:00","2004","04","04","20:00"," ","","","","","","","","","","","","","","","","","","",""
"2004-04-04 21:00","2004","04","04","21:00"," ","","","","","","","","","","","","","","","","","","",""
"2004-04-04 22:00","2004","04","04","22:00"," ","","","","","","","","","","","","","","","","","","",""
"2004-04-04 23:00","2004","04","04","23:00"," ","","","","","","","","","","","","","","","","","","",""
"2004-04-05 00:00","2004","04","05","00:00"," ","","","","","","","","","","","","","","","","","","",""
"2004-04-05 01:00","2004","04","05","01:00"," ","","","","","","","","","","","","","","","","","","",""
"2004-04-05 02:00","2004","04","05","02:00"," ","","","","","","","","","","","","","","","","","","",""
"2004-04-05 03:00","2004","04","05","03:00"," ","","","","","","","","","","","","","","","","","","",""
"2004-04-05 04:00","2004","04","05","04:00"," ","","","","","","","","","","","","","","","","","","",""
"2004-04-05 05:00","2004","04","05","05:00"," ","","","","","","","","","","","","","","","","","","",""
"2004-04-05 06:00","2004","04","05","06:00"," ","","","","","","","","","","","","","","","","","","",""
"2004-04-05 07:00","2004","04","05","07:00"," ","","","","","","","","","","","","","","","","","","",""
"2004-04-05 08:00","2004","04","05","08:00"," ","-3,90","","-6,10","","85,00","","0,00","","0,00","","48,30","","93,26","","","","","","Nuageux"
"2004-04-05 09:00","2004","04","05","09:00"," ","-2,50","","-5,90","","77,00","","19,00","","6,00","","48,30","","93,27","","","","-5,00","","Nuageux"
"2004-04-05 10:00","2004","04","05","10:00"," ","-1,70","","-6,10","","72,00","","18,00","","6,00","","48,30","","93,28","","","","-4,00","","Nuageux"
"2004-04-05 11:00","2004","04","05","11:00"," ","0,70","","-4,10","","70,00","","19,00","","7,00","","48,30","","93,25","","","","","","Nuageux"
"2004-04-05 12:00","2004","04","05","12:00"," ","3,00","","-2,40","","68,00","","0,00","","0,00","","48,30","","93,25","","","","","","Généralement dégagé"
"2004-04-05 13:00","2004","04","05","13:00"," ","4,70","","-0,10","","71,00","","15,00","","6,00","","48,30","","93,23","","","","","","Généralement dégagé"
"2004-04-05 14:00","2004","04","05","14:00"," ","4,60","","-5,50","","48,00","","22,00","","4,00","","48,30","","93,22","","","","","","Généralement nuageux"
"2004-04-05 15:00","2004","04","05","15:00"," ","4,50","","-5,40","","49,00","","18,00","","6,00","","48,30","","93,24","","","","","","Généralement nuageux"
"2004-04-05 16:00","2004","04","05","16:00"," ","5,60","","-6,50","","41,00","","0,00","","0,00","","48,30","","93,27","","","","","","Généralement nuageux"
"2004-04-05 17:00","2004","04","05","17:00"," ","","","","","","","","","","","","","","","","","","",""
"2004-04-05 18:00","2004","04","05","18:00"," ","","","","","","","","","","","","","","","","","","",""
"2004-04-05 19:00","2004","04","05","19:00"," ","","","","","","","","","","","","","","","","","","",""
"2004-04-05 20:00","2004","04","05","20:00"," ","","","","","","","","","","","","","","","","","","",""
"2004-04-05 21:00","2004","04","05","21:00"," ","","","","","","","","","","","","","","","","","","",""
"2004-04-05 22:00","2004","04","05","22:00"," ","","","","","","","","","","","","","","","","","","",""
"2004-04-05 23:00","2004","04","05","23:00"," ","","","","","","","","","","","","","","","","","","",""
"2004-04-06 00:00","2004","04","06","00:00"," ","","","","","","","","","","","","","","","","","","",""
"2004-04-06 01:00","2004","04","06","01:00"," ","","","","","","","","","","","","","","","","","","",""
"2004-04-06 02:00","2004","04","06","02:00"," ","","","","","","","","","","","","","","","","","","",""
"2004-04-06 03:00","2004","04","06","03:00"," ","","","","","","","","","","","","","","","","","","",""
"2004-04-06 04:00","2004","04","06","04:00"," ","","","","","","","","","","","","","","","","","","",""
"2004-04-06 05:00","2004","04","06","05:00"," ","","","","","","","","","","","","","","","","","","",""
"2004-04-06 06:00","2004","04","06","06:00"," ","","","","","","","","","","","","","","","","","","",""
"2004-04-06 07:00","2004","04","06","07:00"," ","","","","","","","","","","","","","","","","","","",""
"2004-04-06 08:00","2004","04","06","08:00"," ","-4,00","","-6,90","","80,00","","0,00","","0,00","","48,30","","93,57","","","","","","Généralement dégagé"
"2004-04-06 09:00","2004","04","06","09:00"," ","-2,20","","-6,50","","72,00","","0,00","","0,00","","48,30","","93,55","","","","","","Généralement dégagé"
"2004-04-06 10:00","2004","04","06","10:00"," ","-1,30","","-3,60","","84,00","","18,00","","6,00","","48,30","","93,52","","","","-4,00","","Nuageux"
"2004-04-06 11:00","2004","04","06","11:00"," ","1,50","","-1,40","","81,00","","18,00","","7,00","","48,30","","93,48","","","","","","Nuageux"
"2004-04-06 12:00","2004","04","06","12:00"," ","3,50","","-0,20","","77,00","","17,00","","6,00","","48,30","","93,42","","","","","","Nuageux"
"2004-04-06 13:00","2004","04","06","13:00"," ","3,90","","-2,40","","63,00","","20,00","","7,00","","48,30","","93,34","","","","","","Nuageux"
"2004-04-06 14:00","2004","04","06","14:00"," ","5,50","","-5,90","","44,00","","16,00","","9,00","","48,30","","93,30","","","","","","Nuageux"
"2004-04-06 15:00","2004","04","06","15:00"," ","5,90","","-6,40","","41,00","","18,00","","6,00","","48,30","","93,25","","","","","","Nuageux"
"2004-04-06 16:00","2004","04","06","16:00"," ","7,70","","-6,80","","35,00","","0,00","","0,00","","48,30","","93,18","","","","","","Nuageux"
"2004-04-06 17:00","2004","04","06","17:00"," ","","","","","","","","","","","","","","","","","","",""
"2004-04-06 18:00","2004","04","06","18:00"," ","","","","","","","","","","","","","","","","","","",""
"2004-04-06 19:00","2004","04","06","19:00"," ","","","","","","","","","","","","","","","","","","",""
"2004-04-06 20:00","2004","04","06","20:00"," ","","","","","","","","","","","","","","","","","","",""
"2004-04-06 21:00","2004","04","06","21:00"," ","","","","","","","","","","","","","","","","","","",""
"2004-04-06 22:00","2004","04","06","22:00"," ","","","","","","","","","","","","","","","","","","",""
"2004-04-06 23:00","2004","04","06","23:00"," ","","","","","","","","","","","","","","","","","","",""
"2004-04-07 00:00","2004","04","07","00:00"," ","","","","","","","","","","","","","","","","","","",""
"2004-04-07 01:00","2004","04","07","01:00"," ","","","","","","","","","","","","","","","","","","",""
"2004-04-07 02:00","2004","04","07","02:00"," ","","","","","","","","","","","","","","","","","","",""
"2004-04-07 03:00","2004","04","07","03:00"," ","","","","","","","","","","","","","","","","","","",""
"2004-04-07 04:00","2004","04","07","04:00"," ","","","","","","","","","","","","","","","","","","",""
"2004-04-07 05:00","2004","04","07","05:00"," ","","","","","","","","","","","","","","","","","","",""
"2004-04-07 06:00","2004","04","07","06:00"," ","","","","","","","","","","","","","","","","","","",""
"2004-04-07 07:00","2004","04","07","07:00"," ","","","","","","","","","","","","","","","","","","",""
"2004-04-07 08:00","2004","04","07","08:00"," ","0,50","","-2,10","","83,00","","7,00","","4,00","","48,30","","93,00","","","","","","Nuageux"
"2004-04-07 09:00","2004","04","07","09:00"," ","3,20","","0,50","","82,00","","8,00","","9,00","","48,30","","92,99","","","","","","Nuageux"
"2004-04-07 10:00","2004","04","07","10:00"," ","4,00","","0,60","","78,00","","7,00","","13,00","","48,30","","93,03","","","","","","Nuageux"
"2004-04-07 11:00","2004","04","07","11:00"," ","6,70","","-3,40","","48,00","","10,00","","11,00","","48,30","","93,09","","","","","","Nuageux"
"2004-04-07 12:00","2004","04","07","12:00"," ","7,70","","-3,20","","46,00","","15,00","","7,00","","48,30","","93,13","","","","","","Nuageux"
"2004-04-07 13:00","2004","04","07","13:00"," ","6,10","","-1,30","","59,00","","17,00","","20,00","","48,30","","93,23","","","","","","Nuageux"
"2004-04-07 14:00","2004","04","07","14:00"," ","7,60","","-2,10","","50,00","","21,00","","17,00","","48,30","","93,29","","","","","","Nuageux"
"2004-04-07 15:00","2004","04","07","15:00"," ","7,10","","-2,20","","52,00","","20,00","","17,00","","48,30","","93,37","","","","","","Nuageux"
"2004-04-07 16:00","2004","04","07","16:00"," ","7,50","","-2,00","","51,00","","12,00","","22,00","","48,30","","93,43","","","","","","Généralement nuageux"
"2004-04-07 17:00","2004","04","07","17:00"," ","","","","","","","","","","","","","","","","","","",""
"2004-04-07 18:00","2004","04","07","18:00"," ","","","","","","","","","","","","","","","","","","",""
"2004-04-07 19:00","2004","04","07","19:00"," ","","","","","","","","","","","","","","","","","","",""
"2004-04-07 20:00","2004","04","07","20:00"," ","","","","","","","","","","","","","","","","","","",""
"2004-04-07 21:00","2004","04","07","21:00"," ","","","","","","","","","","","","","","","","","","",""
"2004-04-07 22:00","2004","04","07","22:00"," ","","","","","","","","","","","","","","","","","","",""
"2004-04-07 23:00","2004","04","07","23:00"," ","","","","","","","","","","","","","","","","","","",""
"2004-04-08 00:00","2004","04","08","00:00"," ","","","","","","","","","","","","","","","","","","",""
"2004-04-08 01:00","2004","04","08","01:00"," ","","","","","","","","","","","","","","","","","","",""
"2004-04-08 02:00","2004","04","08","02:00"," ","","","","","","","","","","","","","","","","","","",""
"2004-04-08 03:00","2004","04","08","03:00"," ","","","","","","","","","","","","","","","","","","",""
"2004-04-08 04:00","2004","04","08","04:00"," ","","","","","","","","","","","","","","","","","","",""
"2004-04-08 05:00","2004","04","08","05:00"," ","","","","","","","","","","","","","","","","","","",""
"2004-04-08 06:00","2004","04","08","06:00"," ","","","","","","","","","","","","","","","","","","",""
"2004-04-08 07:00","2004","04","08","07:00"," ","","","","","","","","","","","","","","","","","","",""
"2004-04-08 08:00","2004","04","08","08:00"," ","-1,80","","-4,20","","84,00","","0,00","","0,00","","48,30","","94,29","","","","","","Généralement dégagé"
"2004-04-08 09:00","2004","04","08","09:00"," ","-1,00","","-4,30","","78,00","","0,00","","0,00","","48,30","","94,32","","","","","","Généralement dégagé"
"2004-04-08 10:00","2004","04","08","10:00"," ","0,60","","-4,00","","71,00","","19,00","","4,00","","48,30","","94,35","","","","","","Généralement dégagé"
"2004-04-08 11:00","2004","04","08","11:00"," ","3,00","","-1,60","","72,00","","16,00","","9,00","","48,30","","94,31","","","","","","Généralement dégagé"
"2004-04-08 12:00","2004","04","08","12:00"," ","4,20","","-2,90","","60,00","","16,00","","7,00","","48,30","","94,28","","","","","","Généralement dégagé"
"2004-04-08 13:00","2004","04","08","13:00"," ","5,20","","-3,40","","54,00","","15,00","","9,00","","48,30","","94,26","","","","","","Généralement dégagé"
"2004-04-08 14:00","2004","04","08","14:00"," ","6,70","","-7,80","","35,00","","15,00","","6,00","","48,30","","94,24","","","","","","Généralement dégagé"
"2004-04-08 15:00","2004","04","08","15:00"," ","6,30","","-5,70","","42,00","","16,00","","7,00","","48,30","","94,24","","","","","","Généralement dégagé"
"2004-04-08 16:00","2004","04","08","16:00"," ","7,10","","-5,20","","41,00","","16,00","","9,00","","48,30","","94,23","","","","","","Généralement dégagé"
"2004-04-08 17:00","2004","04","08","17:00"," ","","","","","","","","","","","","","","","","","","",""
"2004-04-08 18:00","2004","04","08","18:00"," ","","","","","","","","","","","","","","","","","","",""
"2004-04-08 19:00","2004","04","08","19:00"," ","","","","","","","","","","","","","","","","","","",""
"2004-04-08 20:00","2004","04","08","20:00"," ","","","","","","","","","","","","","","","","","","",""
"2004-04-08 21:00","2004","04","08","21:00"," ","","","","","","","","","","","","","","","","","","",""
"2004-04-08 22:00","2004","04","08","22:00"," ","","","","","","","","","","","","","","","","","","",""
"2004-04-08 23:00","2004","04","08","23:00"," ","","","","","","","","","","","","","","","","","","",""
"2004-04-09 00:00","2004","04","09","00:00"," ","","","","","","","","","","","","","","","","","","",""
"2004-04-09 01:00","2004","04","09","01:00"," ","","","","","","","","","","","","","","","","","","",""
"2004-04-09 02:00","2004","04","09","02:00"," ","","","","","","","","","","","","","","","","","","",""
"2004-04-09 03:00","2004","04","09","03:00"," ","","","","","","","","","","","","","","","","","","",""
"2004-04-09 04:00","2004","04","09","04:00"," ","","","","","","","","","","","","","","","","","","",""
"2004-04-09 05:00","2004","04","09","05:00"," ","","","","","","","","","","","","","","","","","","",""
"2004-04-09 06:00","2004","04","09","06:00"," ","","","","","","","","","","","","","","","","","","",""
"2004-04-09 07:00","2004","04","09","07:00"," ","","","","","","","","","","","","","","","","","","",""
"2004-04-09 08:00","2004","04","09","08:00"," ","-2,80","","-8,30","","66,00","","5,00","","6,00","","48,30","","94,28","","","","-5,00","","Nuageux"
"2004-04-09 09:00","2004","04","09","09:00"," ","-1,00","","-6,80","","65,00","","6,00","","6,00","","48,30","","94,27","","","","-3,00","","Nuageux"
"2004-04-09 10:00","2004","04","09","10:00"," ","-1,00","","-8,50","","57,00","","13,00","","6,00","","48,30","","94,26","","","","-3,00","","Nuageux"
"2004-04-09 11:00","2004","04","09","11:00"," ","1,10","","-5,10","","63,00","","0,00","","0,00","","48,30","","94,18","","","","","","Nuageux"
"2004-04-09 12:00","2004","04","09","12:00"," ","1,30","","-5,40","","61,00","","0,00","","0,00","","48,30","","94,25","","","","","","Nuageux"
"2004-04-09 13:00","2004","04","09","13:00"," ","3,40","","-3,90","","59,00","","16,00","","9,00","","48,30","","94,26","","","","","","Nuageux"
"2004-04-09 14:00","2004","04","09","14:00"," ","5,30","","-3,50","","53,00","","13,00","","6,00","","48,30","","94,22","","","","","","Généralement nuageux"
"2004-04-09 15:00","2004","04","09","15:00"," ","6,60","","-3,60","","48,00","","15,00","","6,00","","48,30","","94,16","","","","","","Généralement nuageux"
"2004-04-09 16:00","2004","04","09","16:00"," ","7,70","","-4,50","","42,00","","10,00","","9,00","","48,30","","94,14","","","","","","Généralement nuageux"
"2004-04-09 17:00","2004","04","09","17:00"," ","","","","","","","","","","","","","","","","","","",""
"2004-04-09 18:00","2004","04","09","18:00"," ","","","","","","","","","","","","","","","","","","",""
"2004-04-09 19:00","2004","04","09","19:00"," ","","","","","","","","","","","","","","","","","","",""
"2004-04-09 20:00","2004","04","09","20:00"," ","","","","","","","","","","","","","","","","","","",""
"2004-04-09 21:00","2004","04","09","21:00"," ","","","","","","","","","","","","","","","","","","",""
"2004-04-09 22:00","2004","04","09","22:00"," ","","","","","","","","","","","","","","","","","","",""
"2004-04-09 23:00","2004","04","09","23:00"," ","","","","","","","","","","","","","","","","","","",""
"2004-04-10 00:00","2004","04","10","00:00"," ","","","","","","","","","","","","","","","","","","",""
"2004-04-10 01:00","2004","04","10","01:00"," ","","","","","","","","","","","","","","","","","","",""
"2004-04-10 02:00","2004","04","10","02:00"," ","","","","","","","","","","","","","","","","","","",""
"2004-04-10 03:00","2004","04","10","03:00"," ","","","","","","","","","","","","","","","","","","",""
"2004-04-10 04:00","2004","04","10","04:00"," ","","","","","","","","","","","","","","","","","","",""
"2004-04-10 05:00","2004","04","10","05:00"," ","","","","","","","","","","","","","","","","","","",""
"2004-04-10 06:00","2004","04","10","06:00"," ","","","","","","","","","","","","","","","","","","",""
"2004-04-10 07:00","2004","04","10","07:00"," ","","","","","","","","","","","","","","","","","","",""
"2004-04-10 08:00","2004","04","10","08:00"," ","-3,00","","-6,30","","78,00","","0,00","","0,00","","48,30","","94,03","","","","","","Généralement nuageux"
"2004-04-10 09:00","2004","04","10","09:00"," ","-2,00","","-5,30","","78,00","","24,00","","4,00","","48,30","","93,99","","","","-3,00","","Généralement nuageux"
"2004-04-10 10:00","2004","04","10","10:00"," ","0,20","","-5,70","","64,00","","25,00","","6,00","","48,30","","93,97","","","","","","Généralement nuageux"
"2004-04-10 11:00","2004","04","10","11:00"," ","1,10","","-5,40","","62,00","","0,00","","0,00","","48,30","","93,92","","","","","","Généralement dégagé"
"2004-04-10 12:00","2004","04","10","12:00"," ","5,40","","-2,80","","55,00","","16,00","","4,00","","48,30","","93,87","","","","","","Généralement dégagé"
"2004-04-10 13:00","2004","04","10","13:00"," ","5,70","","-3,00","","54,00","","17,00","","4,00","","48,30","","93,83","","","","","","Généralement nuageux"
"2004-04-10 14:00","2004","04","10","14:00"," ","7,50","","-4,20","","43,00","","0,00","","0,00","","48,30","","93,78","","","","","","Généralement nuageux"
"2004-04-10 15:00","2004","04","10","15:00"," ","8,00","","-4,10","","42,00","","0,00","","0,00","","48,30","","93,72","","","","","","Généralement nuageux"
"2004-04-10 16:00","2004","04","10","16:00"," ","7,60","","-3,10","","47,00","","19,00","","2,00","","48,30","","93,68","","","","","","Généralement nuageux"
"2004-04-10 17:00","2004","04","10","17:00"," ","","","","","","","","","","","","","","","","","","",""
"2004-04-10 18:00","2004","04","10","18:00"," ","","","","","","","","","","","","","","","","","","",""
"2004-04-10 19:00","2004","04","10","19:00"," ","","","","","","","","","","","","","","","","","","",""
"2004-04-10 20:00","2004","04","10","20:00"," ","","","","","","","","","","","","","","","","","","",""
"2004-04-10 21:00","2004","04","10","21:00"," ","","","","","","","","","","","","","","","","","","",""
"2004-04-10 22:00","2004","04","10","22:00"," ","","","","","","","","","","","","","","","","","","",""
"2004-04-10 23:00","2004","04","10","23:00"," ","","","","","","","","","","","","","","","","","","",""
"2004-04-11 00:00","2004","04","11","00:00"," ","","","","","","","","","","","","","","","","","","",""
"2004-04-11 01:00","2004","04","11","01:00"," ","","","","","","","","","","","","","","","","","","",""
"2004-04-11 02:00","2004","04","11","02:00"," ","","","","","","","","","","","","","","","","","","",""
"2004-04-11 03:00","2004","04","11","03:00"," ","","","","","","","","","","","","","","","","","","",""
"2004-04-11 04:00","2004","04","11","04:00"," ","","","","","","","","","","","","","","","","","","",""
"2004-04-11 05:00","2004","04","11","05:00"," ","","","","","","","","","","","","","","","","","","",""
"2004-04-11 06:00","2004","04","11","06:00"," ","","","","","","","","","","","","","","","","","","",""
"2004-04-11 07:00","2004","04","11","07:00"," ","","","","","","","","","","","","","","","","","","",""
"2004-04-11 08:00","2004","04","11","08:00"," ","-4,60","","-8,60","","74,00","","0,00","","0,00","","48,30","","93,83","","","","","","Généralement dégagé"
"2004-04-11 09:00","2004","04","11","09:00"," ","-2,20","","-5,80","","76,00","","0,00","","0,00","","48,30","","93,82","","","","","","Généralement dégagé"
"2004-04-11 10:00","2004","04","11","10:00"," ","-0,80","","-4,60","","75,00","","27,00","","4,00","","48,30","","93,80","","","","-2,00","","Dégagé"
"2004-04-11 11:00","2004","04","11","11:00"," ","2,00","","-2,90","","70,00","","20,00","","4,00","","48,30","","93,78","","","","","","Dégagé"
"2004-04-11 12:00","2004","04","11","12:00"," ","4,60","","-3,60","","55,00","","24,00","","17,00","","48,30","","93,73","","","","","","Dégagé"
"2004-04-11 13:00","2004","04","11","13:00"," ","6,10","","-7,20","","38,00","","8,00","","7,00","","48,30","","93,70","","","","","","Généralement dégagé"
"2004-04-11 14:00","2004","04","11","14:00"," ","7,00","","-6,80","","37,00","","4,00","","9,00","","48,30","","93,68","","","","","","Généralement dégagé"
"2004-04-11 15:00","2004","04","11","15:00"," ","7,30","","-6,70","","36,00","","5,00","","9,00","","48,30","","93,64","","","","","","Généralement dégagé"
"2004-04-11 16:00","2004","04","11","16:00"," ","7,10","","-7,00","","36,00","","36,00","","4,00","","48,30","","93,61","","","","","","Généralement dégagé"
"2004-04-11 17:00","2004","04","11","17:00"," ","","","","","","","","","","","","","","","","","","",""
"2004-04-11 18:00","2004","04","11","18:00"," ","","","","","","","","","","","","","","","","","","",""
"2004-04-11 19:00","2004","04","11","19:00"," ","","","","","","","","","","","","","","","","","","",""
"2004-04-11 20:00","2004","04","11","20:00"," ","","","","","","","","","","","","","","","","","","",""
"2004-04-11 21:00","2004","04","11","21:00"," ","","","","","","","","","","","","","","","","","","",""
"2004-04-11 22:00","2004","04","11","22:00"," ","","","","","","","","","","","","","","","","","","",""
"2004-04-11 23:00","2004","04","11","23:00"," ","","","","","","","","","","","","","","","","","","",""
"2004-04-12 00:00","2004","04","12","00:00"," ","","","","","","","","","","","","","","","","","","",""
"2004-04-12 01:00","2004","04","12","01:00"," ","","","","","","","","","","","","","","","","","","",""
"2004-04-12 02:00","2004","04","12","02:00"," ","","","","","","","","","","","","","","","","","","",""
"2004-04-12 03:00","2004","04","12","03:00"," ","","","","","","","","","","","","","","","","","","",""
"2004-04-12 04:00","2004","04","12","04:00"," ","","","","","","","","","","","","","","","","","","",""
"2004-04-12 05:00","2004","04","12","05:00"," ","","","","","","","","","","","","","","","","","","",""
"2004-04-12 06:00","2004","04","12","06:00"," ","","","","","","","","","","","","","","","","","","",""
"2004-04-12 07:00","2004","04","12","07:00"," ","","","","","","","","","","","","","","","","","","",""
"2004-04-12 08:00","2004","04","12","08:00"," ","-1,70","","-4,60","","81,00","","0,00","","0,00","","48,30","","93,64","","","","","","Nuageux"
"2004-04-12 09:00","2004","04","12","09:00"," ","-0,60","","-4,40","","75,00","","0,00","","0,00","","48,30","","93,63","","","","","","Nuageux"
"2004-04-12 10:00","2004","04","12","10:00"," ","0,90","","-3,80","","71,00","","0,00","","0,00","","48,30","","93,58","","","","","","Nuageux"
"2004-04-12 11:00","2004","04","12","11:00"," ","1,50","","-4,80","","63,00","","26,00","","4,00","","48,30","","93,57","","","","","","Nuageux"
"2004-04-12 12:00","2004","04","12","12:00"," ","3,00","","-5,40","","54,00","","26,00","","6,00","","24,10","","93,54","","","","","","Nuageux"
"2004-04-12 13:00","2004","04","12","13:00"," ","3,50","","-5,80","","51,00","","7,00","","28,00","","24,10","","93,51","","","","","","Nuageux"
"2004-04-12 14:00","2004","04","12","14:00"," ","3,80","","-5,40","","51,00","","16,00","","9,00","","24,10","","93,50","","","","","","Nuageux"
"2004-04-12 15:00","2004","04","12","15:00"," ","3,50","","-4,80","","55,00","","17,00","","13,00","","24,10","","93,49","","","","","","Nuageux"
"2004-04-12 16:00","2004","04","12","16:00"," ","2,50","","-3,90","","63,00","","16,00","","15,00","","24,10","","93,50","","","","","","Nuageux"
"2004-04-12 17:00","2004","04","12","17:00"," ","","","","","","","","","","","","","","","","","","",""
"2004-04-12 18:00","2004","04","12","18:00"," ","","","","","","","","","","","","","","","","","","",""
"2004-04-12 19:00","2004","04","12","19:00"," ","","","","","","","","","","","","","","","","","","",""
"2004-04-12 20:00","2004","04","12","20:00"," ","","","","","","","","","","","","","","","","","","",""
"2004-04-12 21:00","2004","04","12","21:00"," ","","","","","","","","","","","","","","","","","","",""
"2004-04-12 22:00","2004","04","12","22:00"," ","","","","","","","","","","","","","","","","","","",""
"2004-04-12 23:00","2004","04","12","23:00"," ","","","","","","","","","","","","","","","","","","",""
"2004-04-13 00:00","2004","04","13","00:00"," ","","","","","","","","","","","","","","","","","","",""
"2004-04-13 01:00","2004","04","13","01:00"," ","","","","","","","","","","","","","","","","","","",""
"2004-04-13 02:00","2004","04","13","02:00"," ","","","","","","","","","","","","","","","","","","",""
"2004-04-13 03:00","2004","04","13","03:00"," ","","","","","","","","","","","","","","","","","","",""
"2004-04-13 04:00","2004","04","13","04:00"," ","","","","","","","","","","","","","","","","","","",""
"2004-04-13 05:00","2004","04","13","05:00"," ","","","","","","","","","","","","","","","","","","",""
"2004-04-13 06:00","2004","04","13","06:00"," ","","","","","","","","","","","","","","","","","","",""
"2004-04-13 07:00","2004","04","13","07:00"," ","","","","","","","","","","","","","","","","","","",""
"2004-04-13 08:00","2004","04","13","08:00"," ","-3,20","","-5,90","","82,00","","10,00","","4,00","","2,40","","93,46","","","","-5,00","","Neige"
"2004-04-13 09:00","2004","04","13","09:00"," ","-2,80","","-5,10","","84,00","","10,00","","9,00","","2,40","","93,47","","","","-6,00","","Neige"
"2004-04-13 10:00","2004","04","13","10:00"," ","-3,10","","-6,10","","80,00","","9,00","","13,00","","4,80","","93,47","","","","-8,00","","Neige"
"2004-04-13 11:00","2004","04","13","11:00"," ","-3,00","","-6,30","","78,00","","11,00","","7,00","","6,40","","93,48","","","","-6,00","","Neige"
"2004-04-13 12:00","2004","04","13","12:00"," ","-2,40","","-5,50","","79,00","","12,00","","7,00","","24,10","","93,46","","","","-5,00","","Nuageux"
"2004-04-13 13:00","2004","04","13","13:00"," ","-1,60","","-5,10","","77,00","","13,00","","9,00","","24,10","","93,45","","","","-5,00","","Nuageux"
"2004-04-13 14:00","2004","04","13","14:00"," ","-0,90","","-5,40","","71,00","","10,00","","2,00","","24,10","","93,44","","","","-2,00","","Nuageux"
"2004-04-13 15:00","2004","04","13","15:00"," ","-0,50","","-4,50","","74,00","","10,00","","2,00","","24,10","","93,40","","","","-1,00","","Nuageux"
"2004-04-13 16:00","2004","04","13","16:00"," ","0,00","","-5,40","","67,00","","6,00","","4,00","","48,30","","93,38","","","","-1,00","","Nuageux"
"2004-04-13 17:00","2004","04","13","17:00"," ","","","","","","","","","","","","","","","","","","",""
"2004-04-13 18:00","2004","04","13","18:00"," ","","","","","","","","","","","","","","","","","","",""
"2004-04-13 19:00","2004","04","13","19:00"," ","","","","","","","","","","","","","","","","","","",""
"2004-04-13 20:00","2004","04","13","20:00"," ","","","","","","","","","","","","","","","","","","",""
"2004-04-13 21:00","2004","04","13","21:00"," ","","","","","","","","","","","","","","","","","","",""
"2004-04-13 22:00","2004","04","13","22:00"," ","","","","","","","","","","","","","","","","","","",""
"2004-04-13 23:00","2004","04","13","23:00"," ","","","","","","","","","","","","","","","","","","",""
"2004-04-14 00:00","2004","04","14","00:00"," ","","","","","","","","","","","","","","","","","","",""
"2004-04-14 01:00","2004","04","14","01:00"," ","","","","","","","","","","","","","","","","","","",""
"2004-04-14 02:00","2004","04","14","02:00"," ","","","","","","","","","","","","","","","","","","",""
"2004-04-14 03:00","2004","04","14","03:00"," ","","","","","","","","","","","","","","","","","","",""
"2004-04-14 04:00","2004","04","14","04:00"," ","","","","","","","","","","","","","","","","","","",""
"2004-04-14 05:00","2004","04","14","05:00"," ","","","","","","","","","","","","","","","","","","",""
"2004-04-14 06:00","2004","04","14","06:00"," ","","","","","","","","","","","","","","","","","","",""
"2004-04-14 07:00","2004","04","14","07:00"," ","","","","","","","","","","","","","","","","","","",""
"2004-04-14 08:00","2004","04","14","08:00"," ","-8,40","","-11,60","","78,00","","0,00","","0,00","","48,30","","93,82","","","","","","Généralement dégagé"
"2004-04-14 09:00","2004","04","14","09:00"," ","-5,40","","-11,20","","64,00","","19,00","","13,00","","48,30","","93,82","","","","-11,00","","Généralement dégagé"
"2004-04-14 10:00","2004","04","14","10:00"," ","-4,70","","-11,00","","61,00","","25,00","","9,00","","48,30","","93,81","","","","-9,00","","Dégagé"
"2004-04-14 11:00","2004","04","14","11:00"," ","-2,80","","-8,30","","66,00","","26,00","","4,00","","48,30","","93,79","","","","-4,00","","Dégagé"
"2004-04-14 12:00","2004","04","14","12:00"," ","-1,90","","-8,10","","63,00","","25,00","","7,00","","48,30","","93,77","","","","-5,00","","Généralement dégagé"
"2004-04-14 13:00","2004","04","14","13:00"," ","-1,00","","-6,50","","66,00","","31,00","","4,00","","48,30","","93,75","","","","-2,00","","Généralement dégagé"
"2004-04-14 14:00","2004","04","14","14:00"," ","0,40","","-6,40","","60,00","","31,00","","2,00","","48,30","","93,73","","","","","","Généralement nuageux"
"2004-04-14 15:00","2004","04","14","15:00"," ","0,90","","-6,70","","57,00","","36,00","","19,00","","48,30","","93,70","","","","","","Généralement nuageux"
"2004-04-14 16:00","2004","04","14","16:00"," ","1,50","","-4,80","","63,00","","3,00","","17,00","","48,30","","93,67","","","","","","Généralement dégagé"
"2004-04-14 17:00","2004","04","14","17:00"," ","","","","","","","","","","","","","","","","","","",""
"2004-04-14 18:00","2004","04","14","18:00"," ","","","","","","","","","","","","","","","","","","",""
"2004-04-14 19:00","2004","04","14","19:00"," ","","","","","","","","","","","","","","","","","","",""
"2004-04-14 20:00","2004","04","14","20:00"," ","","","","","","","","","","","","","","","","","","",""
"2004-04-14 21:00","2004","04","14","21:00"," ","","","","","","","","","","","","","","","","","","",""
"2004-04-14 22:00","2004","04","14","22:00"," ","","","","","","","","","","","","","","","","","","",""
"2004-04-14 23:00","2004","04","14","23:00"," ","","","","","","","","","","","","","","","","","","",""
"2004-04-15 00:00","2004","04","15","00:00"," ","","","","","","","","","","","","","","","","","","",""
"2004-04-15 01:00","2004","04","15","01:00"," ","","","","","","","","","","","","","","","","","","",""
"2004-04-15 02:00","2004","04","15","02:00"," ","","","","","","","","","","","","","","","","","","",""
"2004-04-15 03:00","2004","04","15","03:00"," ","","","","","","","","","","","","","","","","","","",""
"2004-04-15 04:00","2004","04","15","04:00"," ","","","","","","","","","","","","","","","","","","",""
"2004-04-15 05:00","2004","04","15","05:00"," ","","","","","","","","","","","","","","","","","","",""
"2004-04-15 06:00","2004","04","15","06:00"," ","","","","","","","","","","","","","","","","","","",""
"2004-04-15 07:00","2004","04","15","07:00"," ","","","","","","","","","","","","","","","","","","",""
"2004-04-15 08:00","2004","04","15","08:00"," ","-7,80","","-10,20","","83,00","","8,00","","4,00","","48,30","","93,84","","","","-10,00","","Généralement dégagé"
"2004-04-15 09:00","2004","04","15","09:00"," ","-6,00","","-10,50","","70,00","","0,00","","0,00","","48,30","","93,81","","","","","","Dégagé"
"2004-04-15 10:00","2004","04","15","10:00"," ","-4,50","","-9,90","","66,00","","0,00","","0,00","","48,30","","93,76","","","","","","Généralement dégagé"
"2004-04-15 11:00","2004","04","15","11:00"," ","-2,00","","-8,20","","62,00","","19,00","","2,00","","48,30","","93,70","","","","-3,00","","Généralement dégagé"
"2004-04-15 12:00","2004","04","15","12:00"," ","-0,30","","-6,40","","63,00","","23,00","","7,00","","48,30","","93,63","","","","-3,00","","Généralement dégagé"
"2004-04-15 13:00","2004","04","15","13:00"," ","1,60","","-5,00","","61,00","","23,00","","6,00","","48,30","","93,59","","","","","","Généralement dégagé"
"2004-04-15 14:00","2004","04","15","14:00"," ","3,00","","-7,20","","47,00","","24,00","","4,00","","48,30","","93,51","","","","","","Généralement nuageux"
"2004-04-15 15:00","2004","04","15","15:00"," ","3,90","","-7,10","","44,00","","23,00","","9,00","","48,30","","93,44","","","","","","Généralement nuageux"
"2004-04-15 16:00","2004","04","15","16:00"," ","4,80","","-9,40","","35,00","","25,00","","9,00","","48,30","","93,35","","","","","","Généralement nuageux"
"2004-04-15 17:00","2004","04","15","17:00"," ","","","","","","","","","","","","","","","","","","",""
"2004-04-15 18:00","2004","04","15","18:00"," ","","","","","","","","","","","","","","","","","","",""
"2004-04-15 19:00","2004","04","15","19:00"," ","","","","","","","","","","","","","","","","","","",""
"2004-04-15 20:00","2004","04","15","20:00"," ","","","","","","","","","","","","","","","","","","",""
"2004-04-15 21:00","2004","04","15","21:00"," ","","","","","","","","","","","","","","","","","","",""
"2004-04-15 22:00","2004","04","15","22:00"," ","","","","","","","","","","","","","","","","","","",""
"2004-04-15 23:00","2004","04","15","23:00"," ","","","","","","","","","","","","","","","","","","",""
"2004-04-16 00:00","2004","04","16","00:00"," ","","","","","","","","","","","","","","","","","","",""
"2004-04-16 01:00","2004","04","16","01:00"," ","","","","","","","","","","","","","","","","","","",""
"2004-04-16 02:00","2004","04","16","02:00"," ","","","","","","","","","","","","","","","","","","",""
"2004-04-16 03:00","2004","04","16","03:00"," ","","","","","","","","","","","","","","","","","","",""
"2004-04-16 04:00","2004","04","16","04:00"," ","","","","","","","","","","","","","","","","","","",""
"2004-04-16 05:00","2004","04","16","05:00"," ","","","","","","","","","","","","","","","","","","",""
"2004-04-16 06:00","2004","04","16","06:00"," ","","","","","","","","","","","","","","","","","","",""
"2004-04-16 07:00","2004","04","16","07:00"," ","","","","","","","","","","","","","","","","","","",""
"2004-04-16 08:00","2004","04","16","08:00"," ","-6,00","","-8,70","","81,00","","13,00","","4,00","","48,30","","93,08","","","","-8,00","","Dégagé"
"2004-04-16 09:00","2004","04","16","09:00"," ","-4,80","","-8,50","","75,00","","18,00","","6,00","","48,30","","93,02","","","","-8,00","","Dégagé"
"2004-04-16 10:00","2004","04","16","10:00"," ","-3,70","","-8,10","","71,00","","19,00","","6,00","","48,30","","92,97","","","","-6,00","","Dégagé"
"2004-04-16 11:00","2004","04","16","11:00"," ","-2,10","","-6,30","","73,00","","19,00","","2,00","","48,30","","92,87","","","","-3,00","","Dégagé"
"2004-04-16 12:00","2004","04","16","12:00"," ","0,00","","-6,70","","61,00","","18,00","","9,00","","48,30","","92,80","","","","-3,00","","Dégagé"
"2004-04-16 13:00","2004","04","16","13:00"," ","1,50","","-7,10","","53,00","","19,00","","7,00","","48,30","","92,74","","","","","","Dégagé"
"2004-04-16 14:00","2004","04","16","14:00"," ","4,60","","-8,50","","38,00","","18,00","","2,00","","48,30","","92,66","","","","","","Dégagé"
"2004-04-16 15:00","2004","04","16","15:00"," ","5,10","","-8,40","","37,00","","0,00","","0,00","","48,30","","92,58","","","","","","Dégagé"
"2004-04-16 16:00","2004","04","16","16:00"," ","5,70","","-11,10","","29,00","","20,00","","6,00","","48,30","","92,51","","","","","","Généralement dégagé"
"2004-04-16 17:00","2004","04","16","17:00"," ","","","","","","","","","","","","","","","","","","",""
"2004-04-16 18:00","2004","04","16","18:00"," ","","","","","","","","","","","","","","","","","","",""
"2004-04-16 19:00","2004","04","16","19:00"," ","","","","","","","","","","","","","","","","","","",""
"2004-04-16 20:00","2004","04","16","20:00"," ","","","","","","","","","","","","","","","","","","",""
"2004-04-16 21:00","2004","04","16","21:00"," ","","","","","","","","","","","","","","","","","","",""
"2004-04-16 22:00","2004","04","16","22:00"," ","","","","","","","","","","","","","","","","","","",""
"2004-04-16 23:00","2004","04","16","23:00"," ","","","","","","","","","","","","","","","","","","",""
"2004-04-17 00:00","2004","04","17","00:00"," ","","","","","","","","","","","","","","","","","","",""
"2004-04-17 01:00","2004","04","17","01:00"," ","","","","","","","","","","","","","","","","","","",""
"2004-04-17 02:00","2004","04","17","02:00"," ","","","","","","","","","","","","","","","","","","",""
"2004-04-17 03:00","2004","04","17","03:00"," ","","","","","","","","","","","","","","","","","","",""
"2004-04-17 04:00","2004","04","17","04:00"," ","","","","","","","","","","","","","","","","","","",""
"2004-04-17 05:00","2004","04","17","05:00"," ","","","","","","","","","","","","","","","","","","",""
"2004-04-17 06:00","2004","04","17","06:00"," ","","","","","","","","","","","","","","","","","","",""
"2004-04-17 07:00","2004","04","17","07:00"," ","","","","","","","","","","","","","","","","","","",""
"2004-04-17 08:00","2004","04","17","08:00"," ","-5,10","","-7,90","","81,00","","0,00","","0,00","","48,30","","92,57","","","","","","Nuageux"
"2004-04-17 09:00","2004","04","17","09:00"," ","-3,60","","-7,00","","77,00","","0,00","","0,00","","48,30","","92,57","","","","","","Nuageux"
"2004-04-17 10:00","2004","04","17","10:00"," ","-2,60","","-7,00","","72,00","","0,00","","0,00","","48,30","","92,54","","","","","","Nuageux"
"2004-04-17 11:00","2004","04","17","11:00"," ","-1,40","","-6,00","","71,00","","19,00","","6,00","","48,30","","92,52","","","","-4,00","","Nuageux"
"2004-04-17 12:00","2004","04","17","12:00"," ","0,40","","-6,10","","62,00","","17,00","","4,00","","48,30","","92,52","","","","","","Nuageux"
"2004-04-17 13:00","2004","04","17","13:00"," ","0,20","","-9,30","","49,00","","17,00","","17,00","","24,10","","92,50","","","","","","Nuageux"
"2004-04-17 14:00","2004","04","17","14:00"," ","1,30","","-7,80","","51,00","","15,00","","7,00","","24,10","","92,47","","","","","","Nuageux"
"2004-04-17 15:00","2004","04","17","15:00"," ","2,00","","-4,10","","64,00","","15,00","","7,00","","24,10","","92,46","","","","","","Nuageux"
"2004-04-17 16:00","2004","04","17","16:00"," ","2,10","","-2,10","","74,00","","16,00","","9,00","","16,10","","92,41","","","","","","Nuageux"
"2004-04-17 17:00","2004","04","17","17:00"," ","","","","","","","","","","","","","","","","","","",""
"2004-04-17 18:00","2004","04","17","18:00"," ","","","","","","","","","","","","","","","","","","",""
"2004-04-17 19:00","2004","04","17","19:00"," ","","","","","","","","","","","","","","","","","","",""
"2004-04-17 20:00","2004","04","17","20:00"," ","","","","","","","","","","","","","","","","","","",""
"2004-04-17 21:00","2004","04","17","21:00"," ","","","","","","","","","","","","","","","","","","",""
"2004-04-17 22:00","2004","04","17","22:00"," ","","","","","","","","","","","","","","","","","","",""
"2004-04-17 23:00","2004","04","17","23:00"," ","","","","","","","","","","","","","","","","","","",""
"2004-04-18 00:00","2004","04","18","00:00"," ","","","","","","","","","","","","","","","","","","",""
"2004-04-18 01:00","2004","04","18","01:00"," ","","","","","","","","","","","","","","","","","","",""
"2004-04-18 02:00","2004","04","18","02:00"," ","","","","","","","","","","","","","","","","","","",""
"2004-04-18 03:00","2004","04","18","03:00"," ","","","","","","","","","","","","","","","","","","",""
"2004-04-18 04:00","2004","04","18","04:00"," ","","","","","","","","","","","","","","","","","","",""
"2004-04-18 05:00","2004","04","18","05:00"," ","","","","","","","","","","","","","","","","","","",""
"2004-04-18 06:00","2004","04","18","06:00"," ","","","","","","","","","","","","","","","","","","",""
"2004-04-18 07:00","2004","04","18","07:00"," ","","","","","","","","","","","","","","","","","","",""
"2004-04-18 08:00","2004","04","18","08:00"," ","-1,80","","-4,70","","81,00","","0,00","","0,00","","48,30","","92,20","","","","","","Généralement dégagé"
"2004-04-18 09:00","2004","04","18","09:00"," ","1,10","","-3,90","","69,00","","0,00","","0,00","","48,30","","92,18","","","","","","Généralement dégagé"
"2004-04-18 10:00","2004","04","18","10:00"," ","2,80","","-6,40","","51,00","","0,00","","0,00","","48,30","","92,15","","","","","","Généralement dégagé"
"2004-04-18 11:00","2004","04","18","11:00"," ","2,60","","-5,10","","57,00","","23,00","","11,00","","48,30","","92,12","","","","","","Généralement nuageux"
"2004-04-18 12:00","2004","04","18","12:00"," ","3,30","","-5,10","","54,00","","20,00","","13,00","","48,30","","92,11","","","","","","Généralement nuageux"
"2004-04-18 13:00","2004","04","18","13:00"," ","4,00","","-6,80","","45,00","","27,00","","6,00","","48,30","","92,11","","","","","","Généralement nuageux"
"2004-04-18 14:00","2004","04","18","14:00"," ","4,30","","-6,40","","46,00","","27,00","","6,00","","48,30","","92,14","","","","","","Généralement nuageux"
"2004-04-18 15:00","2004","04","18","15:00"," ","4,00","","-6,50","","46,00","","24,00","","11,00","","48,30","","92,15","","","","","","Généralement nuageux"
"2004-04-18 16:00","2004","04","18","16:00"," ","4,30","","-6,70","","45,00","","23,00","","13,00","","48,30","","92,15","","","","","","Généralement nuageux"
"2004-04-18 17:00","2004","04","18","17:00"," ","","","","","","","","","","","","","","","","","","",""
"2004-04-18 18:00","2004","04","18","18:00"," ","","","","","","","","","","","","","","","","","","",""
"2004-04-18 19:00","2004","04","18","19:00"," ","","","","","","","","","","","","","","","","","","",""
"2004-04-18 20:00","2004","04","18","20:00"," ","","","","","","","","","","","","","","","","","","",""
"2004-04-18 21:00","2004","04","18","21:00"," ","","","","","","","","","","","","","","","","","","",""
"2004-04-18 22:00","2004","04","18","22:00"," ","","","","","","","","","","","","","","","","","","",""
"2004-04-18 23:00","2004","04","18","23:00"," ","","","","","","","","","","","","","","","","","","",""
"2004-04-19 00:00","2004","04","19","00:00"," ","","","","","","","","","","","","","","","","","","",""
"2004-04-19 01:00","2004","04","19","01:00"," ","","","","","","","","","","","","","","","","","","",""
"2004-04-19 02:00","2004","04","19","02:00"," ","","","","","","","","","","","","","","","","","","",""
"2004-04-19 03:00","2004","04","19","03:00"," ","","","","","","","","","","","","","","","","","","",""
"2004-04-19 04:00","2004","04","19","04:00"," ","","","","","","","","","","","","","","","","","","",""
"2004-04-19 05:00","2004","04","19","05:00"," ","","","","","","","","","","","","","","","","","","",""
"2004-04-19 06:00","2004","04","19","06:00"," ","","","","","","","","","","","","","","","","","","",""
"2004-04-19 07:00","2004","04","19","07:00"," ","","","","","","","","","","","","","","","","","","",""
"2004-04-19 08:00","2004","04","19","08:00"," ","-3,50","","-8,20","","70,00","","22,00","","6,00","","48,30","","92,57","","","","-6,00","","Nuageux"
"2004-04-19 09:00","2004","04","19","09:00"," ","-3,10","","-9,10","","63,00","","19,00","","4,00","","48,30","","92,58","","","","-5,00","","Généralement dégagé"
"2004-04-19 10:00","2004","04","19","10:00"," ","-0,50","","-5,10","","71,00","","19,00","","6,00","","48,30","","92,56","","","","-3,00","","Généralement dégagé"
"2004-04-19 11:00","2004","04","19","11:00"," ","1,00","","-4,30","","68,00","","17,00","","6,00","","48,30","","92,55","","","","","","Généralement nuageux"
"2004-04-19 12:00","2004","04","19","12:00"," ","3,40","","-6,90","","47,00","","23,00","","4,00","","48,30","","92,52","","","","","","Généralement nuageux"
"2004-04-19 13:00","2004","04","19","13:00"," ","4,00","","-6,90","","45,00","","16,00","","7,00","","48,30","","92,48","","","","","","Généralement dégagé"
"2004-04-19 14:00","2004","04","19","14:00"," ","4,80","","-7,90","","39,00","","20,00","","7,00","","48,30","","92,44","","","","","","Généralement dégagé"
"2004-04-19 15:00","2004","04","19","15:00"," ","5,20","","-9,70","","33,00","","17,00","","9,00","","48,30","","92,42","","","","","","Généralement nuageux"
"2004-04-19 16:00","2004","04","19","16:00"," ","6,50","","-10,90","","28,00","","0,00","","0,00","","48,30","","92,38","","","","","","Généralement nuageux"
"2004-04-19 17:00","2004","04","19","17:00"," ","","","","","","","","","","","","","","","","","","",""
"2004-04-19 18:00","2004","04","19","18:00"," ","","","","","","","","","","","","","","","","","","",""
"2004-04-19 19:00","2004","04","19","19:00"," ","","","","","","","","","","","","","","","","","","",""
"2004-04-19 20:00","2004","04","19","20:00"," ","","","","","","","","","","","","","","","","","","",""
"2004-04-19 21:00","2004","04","19","21:00"," ","","","","","","","","","","","","","","","","","","",""
"2004-04-19 22:00","2004","04","19","22:00"," ","","","","","","","","","","","","","","","","","","",""
"2004-04-19 23:00","2004","04","19","23:00"," ","","","","","","","","","","","","","","","","","","",""
"2004-04-20 00:00","2004","04","20","00:00"," ","","","","","","","","","","","","","","","","","","",""
"2004-04-20 01:00","2004","04","20","01:00"," ","","","","","","","","","","","","","","","","","","",""
"2004-04-20 02:00","2004","04","20","02:00"," ","","","","","","","","","","","","","","","","","","",""
"2004-04-20 03:00","2004","04","20","03:00"," ","","","","","","","","","","","","","","","","","","",""
"2004-04-20 04:00","2004","04","20","04:00"," ","","","","","","","","","","","","","","","","","","",""
"2004-04-20 05:00","2004","04","20","05:00"," ","","","","","","","","","","","","","","","","","","",""
"2004-04-20 06:00","2004","04","20","06:00"," ","","","","","","","","","","","","","","","","","","",""
"2004-04-20 07:00","2004","04","20","07:00"," ","","","","","","","","","","","","","","","","","","",""
"2004-04-20 08:00","2004","04","20","08:00"," ","-1,30","","-5,90","","71,00","","9,00","","7,00","","48,30","","92,53","","","","-4,00","","Nuageux"
"2004-04-20 09:00","2004","04","20","09:00"," ","1,30","","-4,50","","65,00","","10,00","","6,00","","48,30","","92,54","","","","","","Nuageux"
"2004-04-20 10:00","2004","04","20","10:00"," ","1,90","","-7,20","","51,00","","18,00","","9,00","","48,30","","92,52","","","","","","Nuageux"
"2004-04-20 11:00","2004","04","20","11:00"," ","4,10","","-4,60","","53,00","","17,00","","4,00","","48,30","","92,48","","","","","","Nuageux"
"2004-04-20 12:00","2004","04","20","12:00"," ","5,50","","-4,20","","50,00","","19,00","","7,00","","48,30","","92,47","","","","","","Nuageux"
"2004-04-20 13:00","2004","04","20","13:00"," ","6,40","","-5,60","","42,00","","19,00","","6,00","","48,30","","92,43","","","","","","Nuageux"
"2004-04-20 14:00","2004","04","20","14:00"," ","8,80","","-8,40","","29,00","","0,00","","0,00","","48,30","","92,40","","","","","","Nuageux"
"2004-04-20 15:00","2004","04","20","15:00"," ","9,60","","-6,90","","31,00","","17,00","","11,00","","48,30","","92,37","","","","","","Nuageux"
"2004-04-20 16:00","2004","04","20","16:00"," ","10,30","","-6,70","","30,00","","26,00","","9,00","","48,30","","92,36","","","","","","Nuageux"
"2004-04-20 17:00","2004","04","20","17:00"," ","","","","","","","","","","","","","","","","","","",""
"2004-04-20 18:00","2004","04","20","18:00"," ","","","","","","","","","","","","","","","","","","",""
"2004-04-20 19:00","2004","04","20","19:00"," ","","","","","","","","","","","","","","","","","","",""
"2004-04-20 20:00","2004","04","20","20:00"," ","","","","","","","","","","","","","","","","","","",""
"2004-04-20 21:00","2004","04","20","21:00"," ","","","","","","","","","","","","","","","","","","",""
"2004-04-20 22:00","2004","04","20","22:00"," ","","","","","","","","","","","","","","","","","","",""
"2004-04-20 23:00","2004","04","20","23:00"," ","","","","","","","","","","","","","","","","","","",""
"2004-04-21 00:00","2004","04","21","00:00"," ","","","","","","","","","","","","","","","","","","",""
"2004-04-21 01:00","2004","04","21","01:00"," ","","","","","","","","","","","","","","","","","","",""
"2004-04-21 02:00","2004","04","21","02:00"," ","","","","","","","","","","","","","","","","","","",""
"2004-04-21 03:00","2004","04","21","03:00"," ","","","","","","","","","","","","","","","","","","",""
"2004-04-21 04:00","2004","04","21","04:00"," ","","","","","","","","","","","","","","","","","","",""
"2004-04-21 05:00","2004","04","21","05:00"," ","","","","","","","","","","","","","","","","","","",""
"2004-04-21 06:00","2004","04","21","06:00"," ","","","","","","","","","","","","","","","","","","",""
"2004-04-21 07:00","2004","04","21","07:00"," ","","","","","","","","","","","","","","","","","","",""
"2004-04-21 08:00","2004","04","21","08:00"," ","2,00","","-2,70","","71,00","","26,00","","7,00","","48,30","","93,14","","","","","","Généralement nuageux"
"2004-04-21 09:00","2004","04","21","09:00"," ","3,00","","-3,30","","63,00","","26,00","","13,00","","48,30","","93,19","","","","","","Généralement nuageux"
"2004-04-21 10:00","2004","04","21","10:00"," ","4,60","","-3,00","","58,00","","25,00","","17,00","","48,30","","93,21","","","","","","Généralement nuageux"
"2004-04-21 11:00","2004","04","21","11:00"," ","5,20","","-4,00","","51,00","","26,00","","20,00","","48,30","","93,25","","","","","","Généralement nuageux"
"2004-04-21 12:00","2004","04","21","12:00"," ","5,50","","-5,90","","44,00","","27,00","","9,00","","48,30","","93,28","","","","","","Généralement nuageux"
"2004-04-21 13:00","2004","04","21","13:00"," ","7,30","","-4,20","","44,00","","25,00","","13,00","","48,30","","93,26","","","","","","Généralement nuageux"
"2004-04-21 14:00","2004","04","21","14:00"," ","8,60","","-7,50","","31,00","","24,00","","6,00","","48,30","","93,27","","","","","","Généralement nuageux"
"2004-04-21 15:00","2004","04","21","15:00"," ","6,80","","-5,70","","40,00","","25,00","","15,00","","48,30","","93,29","","","","","","Généralement nuageux"
"2004-04-21 16:00","2004","04","21","16:00"," ","7,80","","-7,00","","34,00","","30,00","","13,00","","48,30","","93,30","","","","","","Généralement nuageux"
"2004-04-21 17:00","2004","04","21","17:00"," ","","","","","","","","","","","","","","","","","","",""
"2004-04-21 18:00","2004","04","21","18:00"," ","","","","","","","","","","","","","","","","","","",""
"2004-04-21 19:00","2004","04","21","19:00"," ","","","","","","","","","","","","","","","","","","",""
"2004-04-21 20:00","2004","04","21","20:00"," ","","","","","","","","","","","","","","","","","","",""
"2004-04-21 21:00","2004","04","21","21:00"," ","","","","","","","","","","","","","","","","","","",""
"2004-04-21 22:00","2004","04","21","22:00"," ","","","","","","","","","","","","","","","","","","",""
"2004-04-21 23:00","2004","04","21","23:00"," ","","","","","","","","","","","","","","","","","","",""
"2004-04-22 00:00","2004","04","22","00:00"," ","","","","","","","","","","","","","","","","","","",""
"2004-04-22 01:00","2004","04","22","01:00"," ","","","","","","","","","","","","","","","","","","",""
"2004-04-22 02:00","2004","04","22","02:00"," ","","","","","","","","","","","","","","","","","","",""
"2004-04-22 03:00","2004","04","22","03:00"," ","","","","","","","","","","","","","","","","","","",""
"2004-04-22 04:00","2004","04","22","04:00"," ","","","","","","","","","","","","","","","","","","",""
"2004-04-22 05:00","2004","04","22","05:00"," ","","","","","","","","","","","","","","","","","","",""
"2004-04-22 06:00","2004","04","22","06:00"," ","","","","","","","","","","","","","","","","","","",""
"2004-04-22 07:00","2004","04","22","07:00"," ","","","","","","","","","","","","","","","","","","",""
"2004-04-22 08:00","2004","04","22","08:00"," ","0,50","","-3,20","","76,00","","0,00","","0,00","","48,30","","93,01","","","","","","Nuageux"
"2004-04-22 09:00","2004","04","22","09:00"," ","1,00","","-3,10","","74,00","","0,00","","0,00","","48,30","","92,92","","","","","","Nuageux"
"2004-04-22 10:00","2004","04","22","10:00"," ","2,40","","-3,70","","64,00","","0,00","","0,00","","48,30","","92,84","","","","","","Nuageux"
"2004-04-22 11:00","2004","04","22","11:00"," ","2,90","","-4,30","","59,00","","0,00","","0,00","","48,30","","92,70","","","","","","Nuageux"
"2004-04-22 12:00","2004","04","22","12:00"," ","3,50","","-4,10","","57,00","","13,00","","19,00","","48,30","","92,62","","","","","","Nuageux"
"2004-04-22 13:00","2004","04","22","13:00"," ","5,30","","-5,90","","44,00","","14,00","","19,00","","48,30","","92,52","","","","","","Nuageux"
"2004-04-22 14:00","2004","04","22","14:00"," ","6,00","","-5,20","","44,00","","13,00","","17,00","","48,30","","92,42","","","","","","Nuageux"
"2004-04-22 15:00","2004","04","22","15:00"," ","5,40","","-2,80","","55,00","","12,00","","20,00","","48,30","","92,36","","","","","","Nuageux"
"2004-04-22 16:00","2004","04","22","16:00"," ","4,20","","-5,40","","50,00","","13,00","","4,00","","48,30","","92,27","","","","","","Nuageux"
"2004-04-22 17:00","2004","04","22","17:00"," ","","","","","","","","","","","","","","","","","","",""
"2004-04-22 18:00","2004","04","22","18:00"," ","","","","","","","","","","","","","","","","","","",""
"2004-04-22 19:00","2004","04","22","19:00"," ","","","","","","","","","","","","","","","","","","",""
"2004-04-22 20:00","2004","04","22","20:00"," ","","","","","","","","","","","","","","","","","","",""
"2004-04-22 21:00","2004","04","22","21:00"," ","","","","","","","","","","","","","","","","","","",""
"2004-04-22 22:00","2004","04","22","22:00"," ","","","","","","","","","","","","","","","","","","",""
"2004-04-22 23:00","2004","04","22","23:00"," ","","","","","","","","","","","","","","","","","","",""
"2004-04-23 00:00","2004","04","23","00:00"," ","","","","","","","","","","","","","","","","","","",""
"2004-04-23 01:00","2004","04","23","01:00"," ","","","","","","","","","","","","","","","","","","",""
"2004-04-23 02:00","2004","04","23","02:00"," ","","","","","","","","","","","","","","","","","","",""
"2004-04-23 03:00","2004","04","23","03:00"," ","","","","","","","","","","","","","","","","","","",""
"2004-04-23 04:00","2004","04","23","04:00"," ","","","","","","","","","","","","","","","","","","",""
"2004-04-23 05:00","2004","04","23","05:00"," ","","","","","","","","","","","","","","","","","","",""
"2004-04-23 06:00","2004","04","23","06:00"," ","","","","","","","","","","","","","","","","","","",""
"2004-04-23 07:00","2004","04","23","07:00"," ","","","","","","","","","","","","","","","","","","",""
"2004-04-23 08:00","2004","04","23","08:00"," ","1,10","","-3,30","","72,00","","19,00","","7,00","","48,30","","92,12","","","","","","Généralement nuageux"
"2004-04-23 09:00","2004","04","23","09:00"," ","2,40","","-3,70","","64,00","","18,00","","9,00","","48,30","","92,12","","","","","","Généralement nuageux"
"2004-04-23 10:00","2004","04","23","10:00"," ","3,50","","-4,10","","57,00","","23,00","","28,00","","48,30","","92,12","","","","","","Généralement nuageux"
"2004-04-23 11:00","2004","04","23","11:00"," ","5,00","","-4,00","","52,00","","20,00","","22,00","","48,30","","92,14","","","","","","Généralement nuageux"
"2004-04-23 12:00","2004","04","23","12:00"," ","5,40","","-6,10","","43,00","","24,00","","28,00","","48,30","","92,17","","","","","","Généralement nuageux"
"2004-04-23 13:00","2004","04","23","13:00"," ","5,90","","-7,20","","38,00","","24,00","","24,00","","48,30","","92,20","","","","","","Généralement nuageux"
"2004-04-23 14:00","2004","04","23","14:00"," ","7,10","","-3,20","","48,00","","25,00","","28,00","","48,30","","92,24","","","","","","Généralement nuageux"
"2004-04-23 15:00","2004","04","23","15:00"," ","7,50","","-2,90","","48,00","","24,00","","28,00","","48,30","","92,30","","","","","","Généralement nuageux"
"2004-04-23 16:00","2004","04","23","16:00"," ","6,50","","-3,10","","50,00","","24,00","","26,00","","48,30","","92,34","","","","","","Généralement nuageux"
"2004-04-23 17:00","2004","04","23","17:00"," ","","","","","","","","","","","","","","","","","","",""
"2004-04-23 18:00","2004","04","23","18:00"," ","","","","","","","","","","","","","","","","","","",""
"2004-04-23 19:00","2004","04","23","19:00"," ","","","","","","","","","","","","","","","","","","",""
"2004-04-23 20:00","2004","04","23","20:00"," ","","","","","","","","","","","","","","","","","","",""
"2004-04-23 21:00","2004","04","23","21:00"," ","","","","","","","","","","","","","","","","","","",""
"2004-04-23 22:00","2004","04","23","22:00"," ","","","","","","","","","","","","","","","","","","",""
"2004-04-23 23:00","2004","04","23","23:00"," ","","","","","","","","","","","","","","","","","","",""
"2004-04-24 00:00","2004","04","24","00:00"," ","","","","","","","","","","","","","","","","","","",""
"2004-04-24 01:00","2004","04","24","01:00"," ","","","","","","","","","","","","","","","","","","",""
"2004-04-24 02:00","2004","04","24","02:00"," ","","","","","","","","","","","","","","","","","","",""
"2004-04-24 03:00","2004","04","24","03:00"," ","","","","","","","","","","","","","","","","","","",""
"2004-04-24 04:00","2004","04","24","04:00"," ","","","","","","","","","","","","","","","","","","",""
"2004-04-24 05:00","2004","04","24","05:00"," ","","","","","","","","","","","","","","","","","","",""
"2004-04-24 06:00","2004","04","24","06:00"," ","","","","","","","","","","","","","","","","","","",""
"2004-04-24 07:00","2004","04","24","07:00"," ","","","","","","","","","","","","","","","","","","",""
"2004-04-24 08:00","2004","04","24","08:00"," ","1,80","","-2,70","","72,00","","10,00","","6,00","","48,30","","92,91","","","","","","Nuageux"
"2004-04-24 09:00","2004","04","24","09:00"," ","2,60","","-2,60","","69,00","","14,00","","11,00","","48,30","","92,92","","","","","","Nuageux"
"2004-04-24 10:00","2004","04","24","10:00"," ","3,30","","-2,30","","67,00","","13,00","","6,00","","48,30","","92,95","","","","","","Nuageux"
"2004-04-24 11:00","2004","04","24","11:00"," ","4,00","","-1,70","","66,00","","10,00","","9,00","","48,30","","92,96","","","","","","Nuageux"
"2004-04-24 12:00","2004","04","24","12:00"," ","4,40","","-1,50","","65,00","","13,00","","9,00","","48,30","","92,98","","","","","","Nuageux"
"2004-04-24 13:00","2004","04","24","13:00"," ","5,10","","-0,90","","65,00","","14,00","","9,00","","48,30","","92,99","","","","","","Nuageux"
"2004-04-24 14:00","2004","04","24","14:00"," ","5,50","","-1,20","","62,00","","17,00","","7,00","","48,30","","93,01","","","","","","Généralement nuageux"
"2004-04-24 15:00","2004","04","24","15:00"," ","6,20","","-1,10","","59,00","","14,00","","9,00","","48,30","","93,03","","","","","","Généralement nuageux"
"2004-04-24 16:00","2004","04","24","16:00"," ","6,60","","-1,20","","57,00","","13,00","","13,00","","48,30","","93,00","","","","","","Généralement nuageux"
"2004-04-24 17:00","2004","04","24","17:00"," ","","","","","","","","","","","","","","","","","","",""
"2004-04-24 18:00","2004","04","24","18:00"," ","","","","","","","","","","","","","","","","","","",""
"2004-04-24 19:00","2004","04","24","19:00"," ","","","","","","","","","","","","","","","","","","",""
"2004-04-24 20:00","2004","04","24","20:00"," ","","","","","","","","","","","","","","","","","","",""
"2004-04-24 21:00","2004","04","24","21:00"," ","","","","","","","","","","","","","","","","","","",""
"2004-04-24 22:00","2004","04","24","22:00"," ","","","","","","","","","","","","","","","","","","",""
"2004-04-24 23:00","2004","04","24","23:00"," ","","","","","","","","","","","","","","","","","","",""
"2004-04-25 00:00","2004","04","25","00:00"," ","","","","","","","","","","","","","","","","","","",""
"2004-04-25 01:00","2004","04","25","01:00"," ","","","","","","","","","","","","","","","","","","",""
"2004-04-25 02:00","2004","04","25","02:00"," ","","","","","","","","","","","","","","","","","","",""
"2004-04-25 03:00","2004","04","25","03:00"," ","","","","","","","","","","","","","","","","","","",""
"2004-04-25 04:00","2004","04","25","04:00"," ","","","","","","","","","","","","","","","","","","",""
"2004-04-25 05:00","2004","04","25","05:00"," ","","","","","","","","","","","","","","","","","","",""
"2004-04-25 06:00","2004","04","25","06:00"," ","","","","","","","","","","","","","","","","","","",""
"2004-04-25 07:00","2004","04","25","07:00"," ","","","","","","","","","","","","","","","","","","",""
"2004-04-25 08:00","2004","04","25","08:00"," ","3,50","","0,10","","78,00","","13,00","","4,00","","48,30","","93,16","","","","","","Nuageux"
"2004-04-25 09:00","2004","04","25","09:00"," ","4,00","","0,10","","76,00","","16,00","","19,00","","48,30","","93,17","","","","","","Généralement nuageux"
"2004-04-25 10:00","2004","04","25","10:00"," ","5,70","","-0,10","","66,00","","15,00","","9,00","","48,30","","93,15","","","","","","Généralement nuageux"
"2004-04-25 11:00","2004","04","25","11:00"," ","7,10","","0,00","","61,00","","15,00","","7,00","","48,30","","93,14","","","","","","Généralement nuageux"
"2004-04-25 12:00","2004","04","25","12:00"," ","7,80","","0,40","","59,00","","17,00","","19,00","","48,30","","93,13","","","","","","Généralement nuageux"
"2004-04-25 13:00","2004","04","25","13:00"," ","8,50","","-0,30","","54,00","","12,00","","11,00","","48,30","","93,12","","","","","","Généralement nuageux"
"2004-04-25 14:00","2004","04","25","14:00"," ","8,20","","-1,00","","52,00","","15,00","","19,00","","48,30","","93,13","","","","","","Généralement nuageux"
"2004-04-25 15:00","2004","04","25","15:00"," ","8,40","","0,10","","56,00","","12,00","","19,00","","48,30","","93,10","","","","","","Généralement nuageux"
"2004-04-25 16:00","2004","04","25","16:00"," ","6,50","","1,10","","68,00","","15,00","","22,00","","48,30","","93,05","","","","","","Nuageux"
"2004-04-25 17:00","2004","04","25","17:00"," ","","","","","","","","","","","","","","","","","","",""
"2004-04-25 18:00","2004","04","25","18:00"," ","","","","","","","","","","","","","","","","","","",""
"2004-04-25 19:00","2004","04","25","19:00"," ","","","","","","","","","","","","","","","","","","",""
"2004-04-25 20:00","2004","04","25","20:00"," ","","","","","","","","","","","","","","","","","","",""
"2004-04-25 21:00","2004","04","25","21:00"," ","","","","","","","","","","","","","","","","","","",""
"2004-04-25 22:00","2004","04","25","22:00"," ","","","","","","","","","","","","","","","","","","",""
"2004-04-25 23:00","2004","04","25","23:00"," ","","","","","","","","","","","","","","","","","","",""
"2004-04-26 00:00","2004","04","26","00:00"," ","","","","","","","","","","","","","","","","","","",""
"2004-04-26 01:00","2004","04","26","01:00"," ","","","","","","","","","","","","","","","","","","",""
"2004-04-26 02:00","2004","04","26","02:00"," ","","","","","","","","","","","","","","","","","","",""
"2004-04-26 03:00","2004","04","26","03:00"," ","","","","","","","","","","","","","","","","","","",""
"2004-04-26 04:00","2004","04","26","04:00"," ","","","","","","","","","","","","","","","","","","",""
"2004-04-26 05:00","2004","04","26","05:00"," ","","","","","","","","","","","","","","","","","","",""
"2004-04-26 06:00","2004","04","26","06:00"," ","","","","","","","","","","","","","","","","","","",""
"2004-04-26 07:00","2004","04","26","07:00"," ","","","","","","","","","","","","","","","","","","",""
"2004-04-26 08:00","2004","04","26","08:00"," ","4,00","","1,80","","86,00","","14,00","","9,00","","48,30","","92,87","","","","","","Généralement nuageux"
"2004-04-26 09:00","2004","04","26","09:00"," ","4,60","","1,10","","78,00","","17,00","","17,00","","48,30","","92,88","","","","","","Généralement nuageux"
"2004-04-26 10:00","2004","04","26","10:00"," ","5,00","","1,00","","75,00","","19,00","","13,00","","48,30","","92,86","","","","","","Généralement nuageux"
"2004-04-26 11:00","2004","04","26","11:00"," ","5,00","","1,00","","75,00","","24,00","","22,00","","48,30","","92,86","","","","","","Généralement nuageux"
"2004-04-26 12:00","2004","04","26","12:00"," ","6,50","","-0,50","","61,00","","27,00","","9,00","","48,30","","92,91","","","","","","Généralement nuageux"
"2004-04-26 13:00","2004","04","26","13:00"," ","7,70","","-0,30","","57,00","","26,00","","9,00","","48,30","","92,89","","","","","","Généralement nuageux"
"2004-04-26 14:00","2004","04","26","14:00"," ","8,50","","-0,30","","54,00","","26,00","","22,00","","48,30","","92,88","","","","","","Généralement nuageux"
"2004-04-26 15:00","2004","04","26","15:00"," ","8,70","","-0,60","","52,00","","26,00","","24,00","","48,30","","92,90","","","","","","Généralement nuageux"
"2004-04-26 16:00","2004","04","26","16:00"," ","7,00","","-3,00","","49,00","","23,00","","26,00","","48,30","","92,91","","","","","","Généralement nuageux"
"2004-04-26 17:00","2004","04","26","17:00"," ","","","","","","","","","","","","","","","","","","",""
"2004-04-26 18:00","2004","04","26","18:00"," ","","","","","","","","","","","","","","","","","","",""
"2004-04-26 19:00","2004","04","26","19:00"," ","","","","","","","","","","","","","","","","","","",""
"2004-04-26 20:00","2004","04","26","20:00"," ","","","","","","","","","","","","","","","","","","",""
"2004-04-26 21:00","2004","04","26","21:00"," ","","","","","","","","","","","","","","","","","","",""
"2004-04-26 22:00","2004","04","26","22:00"," ","","","","","","","","","","","","","","","","","","",""
"2004-04-26 23:00","2004","04","26","23:00"," ","","","","","","","","","","","","","","","","","","",""
"2004-04-27 00:00","2004","04","27","00:00"," ","","","","","","","","","","","","","","","","","","",""
"2004-04-27 01:00","2004","04","27","01:00"," ","","","","","","","","","","","","","","","","","","",""
"2004-04-27 02:00","2004","04","27","02:00"," ","","","","","","","","","","","","","","","","","","",""
"2004-04-27 03:00","2004","04","27","03:00"," ","","","","","","","","","","","","","","","","","","",""
"2004-04-27 04:00","2004","04","27","04:00"," ","","","","","","","","","","","","","","","","","","",""
"2004-04-27 05:00","2004","04","27","05:00"," ","","","","","","","","","","","","","","","","","","",""
"2004-04-27 06:00","2004","04","27","06:00"," ","","","","","","","","","","","","","","","","","","",""
"2004-04-27 07:00","2004","04","27","07:00"," ","","","","","","","","","","","","","","","","","","",""
"2004-04-27 08:00","2004","04","27","08:00"," ","3,60","","-2,80","","63,00","","24,00","","7,00","","48,30","","93,66","","","","","","Généralement dégagé"
"2004-04-27 09:00","2004","04","27","09:00"," ","5,80","","-3,80","","50,00","","24,00","","13,00","","48,30","","93,69","","","","","","Généralement dégagé"
"2004-04-27 10:00","2004","04","27","10:00"," ","7,40","","-3,70","","45,00","","24,00","","19,00","","48,30","","93,58","","","","","","Généralement dégagé"
"2004-04-27 11:00","2004","04","27","11:00"," ","9,00","","-3,50","","41,00","","21,00","","11,00","","48,30","","93,70","","","","","","Généralement dégagé"
"2004-04-27 12:00","2004","04","27","12:00"," ","9,80","","-2,90","","41,00","","25,00","","11,00","","48,30","","93,68","","","","","","Généralement dégagé"
"2004-04-27 13:00","2004","04","27","13:00"," ","10,20","","-3,90","","37,00","","24,00","","9,00","","48,30","","93,67","","","","","","Généralement dégagé"
"2004-04-27 14:00","2004","04","27","14:00"," ","10,50","","-4,10","","36,00","","22,00","","7,00","","48,30","","93,64","","","","","","Généralement dégagé"
"2004-04-27 15:00","2004","04","27","15:00"," ","12,10","","-4,50","","31,00","","20,00","","9,00","","48,30","","93,58","","","","","","Généralement dégagé"
"2004-04-27 16:00","2004","04","27","16:00"," ","12,20","","-4,70","","30,00","","18,00","","13,00","","48,30","","93,51","","","","","","Généralement nuageux"
"2004-04-27 17:00","2004","04","27","17:00"," ","","","","","","","","","","","","","","","","","","",""
"2004-04-27 18:00","2004","04","27","18:00"," ","","","","","","","","","","","","","","","","","","",""
"2004-04-27 19:00","2004","04","27","19:00"," ","","","","","","","","","","","","","","","","","","",""
"2004-04-27 20:00","2004","04","27","20:00"," ","","","","","","","","","","","","","","","","","","",""
"2004-04-27 21:00","2004","04","27","21:00"," ","","","","","","","","","","","","","","","","","","",""
"2004-04-27 22:00","2004","04","27","22:00"," ","","","","","","","","","","","","","","","","","","",""
"2004-04-27 23:00","2004","04","27","23:00"," ","","","","","","","","","","","","","","","","","","",""
"2004-04-28 00:00","2004","04","28","00:00"," ","","","","","","","","","","","","","","","","","","",""
"2004-04-28 01:00","2004","04","28","01:00"," ","","","","","","","","","","","","","","","","","","",""
"2004-04-28 02:00","2004","04","28","02:00"," ","","","","","","","","","","","","","","","","","","",""
"2004-04-28 03:00","2004","04","28","03:00"," ","","","","","","","","","","","","","","","","","","",""
"2004-04-28 04:00","2004","04","28","04:00"," ","","","","","","","","","","","","","","","","","","",""
"2004-04-28 05:00","2004","04","28","05:00"," ","","","","","","","","","","","","","","","","","","",""
"2004-04-28 06:00","2004","04","28","06:00"," ","","","","","","","","","","","","","","","","","","",""
"2004-04-28 07:00","2004","04","28","07:00"," ","","","","","","","","","","","","","","","","","","",""
"2004-04-28 08:00","2004","04","28","08:00"," ","5,00","","-4,00","","52,00","","29,00","","9,00","","48,30","","93,80","","","","","","Nuageux"
"2004-04-28 09:00","2004","04","28","09:00"," ","5,70","","-3,00","","54,00","","25,00","","7,00","","48,30","","93,85","","","","","","Généralement nuageux"
"2004-04-28 10:00","2004","04","28","10:00"," ","7,60","","-3,40","","46,00","","24,00","","7,00","","48,30","","93,86","","","","","","Généralement nuageux"
"2004-04-28 11:00","2004","04","28","11:00"," ","8,90","","-3,30","","42,00","","25,00","","13,00","","48,30","","93,86","","","","","","Généralement nuageux"
"2004-04-28 12:00","2004","04","28","12:00"," ","10,70","","-2,70","","39,00","","26,00","","15,00","","48,30","","93,88","","","","","","Généralement nuageux"
"2004-04-28 13:00","2004","04","28","13:00"," ","11,00","","-2,90","","38,00","","28,00","","15,00","","48,30","","93,88","","","","","","Généralement nuageux"
"2004-04-28 14:00","2004","04","28","14:00"," ","12,20","","-2,60","","36,00","","27,00","","20,00","","48,30","","93,88","","","","","","Généralement dégagé"
"2004-04-28 15:00","2004","04","28","15:00"," ","12,70","","-2,40","","35,00","","26,00","","13,00","","48,30","","93,91","","","","","","Nuageux"
"2004-04-28 16:00","2004","04","28","16:00"," ","12,50","","-3,10","","34,00","","25,00","","13,00","","48,30","","93,89","","","","","","Nuageux"
"2004-04-28 17:00","2004","04","28","17:00"," ","","","","","","","","","","","","","","","","","","",""
"2004-04-28 18:00","2004","04","28","18:00"," ","","","","","","","","","","","","","","","","","","",""
"2004-04-28 19:00","2004","04","28","19:00"," ","","","","","","","","","","","","","","","","","","",""
"2004-04-28 20:00","2004","04","28","20:00"," ","","","","","","","","","","","","","","","","","","",""
"2004-04-28 21:00","2004","04","28","21:00"," ","","","","","","","","","","","","","","","","","","",""
"2004-04-28 22:00","2004","04","28","22:00"," ","","","","","","","","","","","","","","","","","","",""
"2004-04-28 23:00","2004","04","28","23:00"," ","","","","","","","","","","","","","","","","","","",""
"2004-04-29 00:00","2004","04","29","00:00"," ","","","","","","","","","","","","","","","","","","",""
"2004-04-29 01:00","2004","04","29","01:00"," ","","","","","","","","","","","","","","","","","","",""
"2004-04-29 02:00","2004","04","29","02:00"," ","","","","","","","","","","","","","","","","","","",""
"2004-04-29 03:00","2004","04","29","03:00"," ","","","","","","","","","","","","","","","","","","",""
"2004-04-29 04:00","2004","04","29","04:00"," ","","","","","","","","","","","","","","","","","","",""
"2004-04-29 05:00","2004","04","29","05:00"," ","","","","","","","","","","","","","","","","","","",""
"2004-04-29 06:00","2004","04","29","06:00"," ","","","","","","","","","","","","","","","","","","",""
"2004-04-29 07:00","2004","04","29","07:00"," ","","","","","","","","","","","","","","","","","","",""
"2004-04-29 08:00","2004","04","29","08:00"," ","1,50","","-2,80","","73,00","","0,00","","0,00","","48,30","","94,17","","","","","","Généralement dégagé"
"2004-04-29 09:00","2004","04","29","09:00"," ","2,70","","-1,60","","73,00","","17,00","","7,00","","48,30","","94,15","","","","","","Généralement dégagé"
"2004-04-29 10:00","2004","04","29","10:00"," ","5,10","","-1,20","","64,00","","18,00","","13,00","","48,30","","94,12","","","","","","Généralement nuageux"
"2004-04-29 11:00","2004","04","29","11:00"," ","7,80","","-1,80","","51,00","","19,00","","6,00","","48,30","","94,10","","","","","","Généralement nuageux"
"2004-04-29 12:00","2004","04","29","12:00"," ","10,10","","-2,10","","42,00","","20,00","","6,00","","48,30","","94,04","","","","","","Nuageux"
"2004-04-29 13:00","2004","04","29","13:00"," ","10,60","","-1,90","","42,00","","16,00","","6,00","","48,30","","94,01","","","","","","Nuageux"
"2004-04-29 14:00","2004","04","29","14:00"," ","11,80","","-1,30","","40,00","","19,00","","7,00","","48,30","","93,98","","","","","","Nuageux"
"2004-04-29 15:00","2004","04","29","15:00"," ","12,80","","-1,60","","37,00","","20,00","","7,00","","48,30","","93,93","","","","","","Nuageux"
"2004-04-29 16:00","2004","04","29","16:00"," ","13,10","","-2,00","","35,00","","20,00","","6,00","","48,30","","93,86","","","","","","Nuageux"
"2004-04-29 17:00","2004","04","29","17:00"," ","","","","","","","","","","","","","","","","","","",""
"2004-04-29 18:00","2004","04","29","18:00"," ","","","","","","","","","","","","","","","","","","",""
"2004-04-29 19:00","2004","04","29","19:00"," ","","","","","","","","","","","","","","","","","","",""
"2004-04-29 20:00","2004","04","29","20:00"," ","","","","","","","","","","","","","","","","","","",""
"2004-04-29 21:00","2004","04","29","21:00"," ","","","","","","","","","","","","","","","","","","",""
"2004-04-29 22:00","2004","04","29","22:00"," ","","","","","","","","","","","","","","","","","","",""
"2004-04-29 23:00","2004","04","29","23:00"," ","","","","","","","","","","","","","","","","","","",""
"2004-04-30 00:00","2004","04","30","00:00"," ","","","","","","","","","","","","","","","","","","",""
"2004-04-30 01:00","2004","04","30","01:00"," ","","","","","","","","","","","","","","","","","","",""
"2004-04-30 02:00","2004","04","30","02:00"," ","","","","","","","","","","","","","","","","","","",""
"2004-04-30 03:00","2004","04","30","03:00"," ","","","","","","","","","","","","","","","","","","",""
"2004-04-30 04:00","2004","04","30","04:00"," ","","","","","","","","","","","","","","","","","","",""
"2004-04-30 05:00","2004","04","30","05:00"," ","","","","","","","","","","","","","","","","","","",""
"2004-04-30 06:00","2004","04","30","06:00"," ","","","","","","","","","","","","","","","","","","",""
"2004-04-30 07:00","2004","04","30","07:00"," ","","","","","","","","","","","","","","","","","","",""
"2004-04-30 08:00","2004","04","30","08:00"," ","3,30","","-1,70","","70,00","","18,00","","4,00","","48,30","","93,97","","","","","","Dégagé"
"2004-04-30 09:00","2004","04","30","09:00"," ","7,30","","-1,40","","54,00","","12,00","","11,00","","48,30","","93,94","","","","","","Dégagé"
"2004-04-30 10:00","2004","04","30","10:00"," ","10,00","","-1,00","","46,00","","9,00","","7,00","","48,30","","93,89","","","","","","Dégagé"
"2004-04-30 11:00","2004","04","30","11:00"," ","11,60","","-1,30","","41,00","","15,00","","6,00","","48,30","","93,85","","","","","","Généralement nuageux"
"2004-04-30 12:00","2004","04","30","12:00"," ","13,70","","-0,40","","38,00","","19,00","","7,00","","48,30","","93,80","","","","","","Généralement dégagé"
"2004-04-30 13:00","2004","04","30","13:00"," ","15,50","","0,10","","35,00","","20,00","","7,00","","48,30","","93,75","","","","","","Généralement dégagé"
"2004-04-30 14:00","2004","04","30","14:00"," ","17,20","","-0,10","","31,00","","17,00","","11,00","","48,30","","93,67","","","","","","Généralement dégagé"
"2004-04-30 15:00","2004","04","30","15:00"," ","18,50","","-1,00","","27,00","","17,00","","11,00","","48,30","","93,60","","","","","","Généralement dégagé"
"2004-04-30 16:00","2004","04","30","16:00"," ","18,60","","-0,80","","27,00","","19,00","","7,00","","48,30","","93,49","","","","","","Généralement dégagé"
"2004-04-30 17:00","2004","04","30","17:00"," ","","","","","","","","","","","","","","","","","","",""
"2004-04-30 18:00","2004","04","30","18:00"," ","","","","","","","","","","","","","","","","","","",""
"2004-04-30 19:00","2004","04","30","19:00"," ","","","","","","","","","","","","","","","","","","",""
"2004-04-30 20:00","2004","04","30","20:00"," ","","","","","","","","","","","","","","","","","","",""
"2004-04-30 21:00","2004","04","30","21:00"," ","","","","","","","","","","","","","","","","","","",""
"2004-04-30 22:00","2004","04","30","22:00"," ","","","","","","","","","","","","","","","","","","",""
"2004-04-30 23:00","2004","04","30","23:00"," ","","","","","","","","","","","","","","","","","","",""
