"Nom de la Station","CRESTON CAMPBELL SCIENTIFIC"
"Province","BRITISH COLUMBIA"
"Latitude","49,08"
"Longitude","-116,50"
"Altitude","646,20"
"Identification Climat","114B1F0"
"Identification OMM","71770"
"Identification TC","WJR"
"Toutes les heures sont exprimées en heure normale locale (HNL). Pour convertir l'heure locale en heure avancée de l'Est (HAE), ajoutez 1 heure s'il y a lieu."

"Légende"
"M","Données Manquantes"
"E","Valeur Estimée"
"ND","Non Disponible"
"**","Données fournies par un partenaire, non assujetties à un révision par les Archives climatiques nationales du Canada"

"Date/Heure","Année","Mois","Jour","Heure","Qualité des Données","Temp (°C)","Temp Indicateur","Point de rosée (°C)","Point de rosée Indicateur","Hum. rel (%)","Hum. rel. Indicateur","Dir. du vent (10s deg)","Dir. du vent Indicateur","Vit. du vent (km/h)","Vit. du vent Indicateur","Visibilité (km)","Visibilité Indicateur","Pression à la station (kPa)","Pression à la station Indicateur","Hmdx","Hmdx Indicateur","Refroid. éolien","Refroid. éolien Indicateur","Temps"
"2000-09-01 00:00","2000","09","01","00:00"," ","13,10","","10,10","","82,00","","9,00","","6,00","","","M","","M","","","","","ND"
"2000-09-01 01:00","2000","09","01","01:00"," ","12,50","","10,40","","87,00","","5,00","","6,00","","","M","","M","","","","","ND"
"2000-09-01 02:00","2000","09","01","02:00"," ","12,80","","10,00","","83,00","","7,00","","7,00","","","M","","M","","","","","ND"
"2000-09-01 03:00","2000","09","01","03:00"," ","12,20","","9,90","","86,00","","11,00","","7,00","","","M","","M","","","","","ND"
"2000-09-01 04:00","2000","09","01","04:00"," ","14,20","","8,80","","70,00","","15,00","","11,00","","","M","","M","","","","","ND"
"2000-09-01 05:00","2000","09","01","05:00"," ","14,20","","8,40","","68,00","","18,00","","11,00","","","M","","M","","","","","ND"
"2000-09-01 06:00","2000","09","01","06:00"," ","14,90","","8,20","","64,00","","17,00","","7,00","","","M","","M","","","","","ND"
"2000-09-01 07:00","2000","09","01","07:00"," ","15,60","","9,70","","68,00","","8,00","","4,00","","","M","","M","","","","","ND"
"2000-09-01 08:00","2000","09","01","08:00"," ","16,30","","9,00","","62,00","","15,00","","15,00","","","M","","M","","","","","ND"
"2000-09-01 09:00","2000","09","01","09:00"," ","16,80","","9,50","","62,00","","15,00","","11,00","","","M","","M","","","","","ND"
"2000-09-01 10:00","2000","09","01","10:00"," ","17,30","","9,20","","59,00","","19,00","","6,00","","","M","","M","","","","","ND"
"2000-09-01 11:00","2000","09","01","11:00"," ","18,60","","8,90","","53,00","","18,00","","9,00","","","M","","M","","","","","ND"
"2000-09-01 12:00","2000","09","01","12:00"," ","19,80","","9,10","","50,00","","16,00","","7,00","","","M","","M","","","","","ND"
"2000-09-01 13:00","2000","09","01","13:00"," ","18,20","","7,00","","48,00","","18,00","","9,00","","","M","","M","","","","","ND"
"2000-09-01 14:00","2000","09","01","14:00"," ","19,50","","6,60","","43,00","","23,00","","7,00","","","M","","M","","","","","ND"
"2000-09-01 15:00","2000","09","01","15:00"," ","19,60","","7,00","","44,00","","23,00","","2,00","","","M","","M","","","","","ND"
"2000-09-01 16:00","2000","09","01","16:00"," ","19,70","","7,50","","45,00","","24,00","","4,00","","","M","","M","","","","","ND"
"2000-09-01 17:00","2000","09","01","17:00"," ","18,50","","7,90","","50,00","","20,00","","6,00","","","M","","M","","","","","ND"
"2000-09-01 18:00","2000","09","01","18:00"," ","17,60","","8,20","","54,00","","0,00","","0,00","","","M","","M","","","","","ND"
"2000-09-01 19:00","2000","09","01","19:00"," ","16,60","","8,30","","58,00","","15,00","","6,00","","","M","","M","","","","","ND"
"2000-09-01 20:00","2000","09","01","20:00"," ","15,60","","9,50","","67,00","","6,00","","4,00","","","M","","M","","","","","ND"
"2000-09-01 21:00","2000","09","01","21:00"," ","15,50","","9,00","","65,00","","0,00","","0,00","","","M","","M","","","","","ND"
"2000-09-01 22:00","2000","09","01","22:00"," ","15,30","","8,80","","65,00","","33,00","","6,00","","","M","","M","","","","","ND"
"2000-09-01 23:00","2000","09","01","23:00"," ","14,70","","8,70","","67,00","","23,00","","2,00","","","M","","M","","","","","ND"
"2000-09-02 00:00","2000","09","02","00:00"," ","14,00","","9,00","","72,00","","10,00","","7,00","","","M","","M","","","","","ND"
"2000-09-02 01:00","2000","09","02","01:00"," ","13,90","","9,80","","76,00","","3,00","","2,00","","","M","","M","","","","","ND"
"2000-09-02 02:00","2000","09","02","02:00"," ","12,90","","10,80","","87,00","","6,00","","6,00","","","M","","M","","","","","ND"
"2000-09-02 03:00","2000","09","02","03:00"," ","11,70","","11,40","","98,00","","7,00","","9,00","","","M","","M","","","","","ND"
"2000-09-02 04:00","2000","09","02","04:00"," ","11,50","","11,50","","100,00","","31,00","","7,00","","","M","","M","","","","","ND"
"2000-09-02 05:00","2000","09","02","05:00"," ","11,40","","11,40","","100,00","","28,00","","4,00","","","M","","M","","","","","ND"
"2000-09-02 06:00","2000","09","02","06:00"," ","11,40","","11,40","","100,00","","0,00","","0,00","","","M","","M","","","","","ND"
"2000-09-02 07:00","2000","09","02","07:00"," ","11,60","","11,60","","100,00","","13,00","","2,00","","","M","","M","","","","","ND"
"2000-09-02 08:00","2000","09","02","08:00"," ","12,00","","12,00","","100,00","","13,00","","2,00","","","M","","M","","","","","ND"
"2000-09-02 09:00","2000","09","02","09:00"," ","12,40","","12,40","","100,00","","16,00","","4,00","","","M","","M","","","","","ND"
"2000-09-02 10:00","2000","09","02","10:00"," ","13,00","","13,00","","100,00","","13,00","","2,00","","","M","","M","","","","","ND"
"2000-09-02 11:00","2000","09","02","11:00"," ","13,40","","12,80","","96,00","","28,00","","2,00","","","M","","M","","","","","ND"
"2000-09-02 12:00","2000","09","02","12:00"," ","13,90","","13,10","","95,00","","19,00","","4,00","","","M","","M","","","","","ND"
"2000-09-02 13:00","2000","09","02","13:00"," ","16,10","","13,40","","84,00","","35,00","","6,00","","","M","","M","","","","","ND"
"2000-09-02 14:00","2000","09","02","14:00"," ","16,10","","13,20","","83,00","","21,00","","4,00","","","M","","M","","","","","ND"
"2000-09-02 15:00","2000","09","02","15:00"," ","16,40","","11,10","","71,00","","16,00","","13,00","","","M","","M","","","","","ND"
"2000-09-02 16:00","2000","09","02","16:00"," ","13,40","","10,00","","80,00","","16,00","","15,00","","","M","","M","","","","","ND"
"2000-09-02 17:00","2000","09","02","17:00"," ","11,80","","9,40","","85,00","","16,00","","17,00","","","M","","M","","","","","ND"
"2000-09-02 18:00","2000","09","02","18:00"," ","10,70","","9,00","","89,00","","14,00","","15,00","","","M","","M","","","","","ND"
"2000-09-02 19:00","2000","09","02","19:00"," ","10,60","","8,70","","88,00","","14,00","","15,00","","","M","","M","","","","","ND"
"2000-09-02 20:00","2000","09","02","20:00"," ","10,30","","8,60","","89,00","","16,00","","9,00","","","M","","M","","","","","ND"
"2000-09-02 21:00","2000","09","02","21:00"," ","10,40","","8,50","","88,00","","14,00","","7,00","","","M","","M","","","","","ND"
"2000-09-02 22:00","2000","09","02","22:00"," ","10,60","","8,00","","84,00","","15,00","","15,00","","","M","","M","","","","","ND"
"2000-09-02 23:00","2000","09","02","23:00"," ","10,60","","8,00","","84,00","","13,00","","15,00","","","M","","M","","","","","ND"
"2000-09-03 00:00","2000","09","03","00:00"," ","10,70","","7,90","","83,00","","16,00","","15,00","","","M","","M","","","","","ND"
"2000-09-03 01:00","2000","09","03","01:00"," ","10,40","","8,20","","86,00","","14,00","","4,00","","","M","","M","","","","","ND"
"2000-09-03 02:00","2000","09","03","02:00"," ","10,20","","8,00","","86,00","","16,00","","9,00","","","M","","M","","","","","ND"
"2000-09-03 03:00","2000","09","03","03:00"," ","10,40","","7,80","","84,00","","24,00","","4,00","","","M","","M","","","","","ND"
"2000-09-03 04:00","2000","09","03","04:00"," ","10,10","","8,00","","87,00","","19,00","","7,00","","","M","","M","","","","","ND"
"2000-09-03 05:00","2000","09","03","05:00"," ","10,10","","8,00","","87,00","","16,00","","7,00","","","M","","M","","","","","ND"
"2000-09-03 06:00","2000","09","03","06:00"," ","10,90","","7,60","","80,00","","16,00","","19,00","","","M","","M","","","","","ND"
"2000-09-03 07:00","2000","09","03","07:00"," ","11,10","","8,20","","82,00","","16,00","","15,00","","","M","","M","","","","","ND"
"2000-09-03 08:00","2000","09","03","08:00"," ","11,60","","8,50","","81,00","","18,00","","9,00","","","M","","M","","","","","ND"
"2000-09-03 09:00","2000","09","03","09:00"," ","12,60","","8,30","","75,00","","18,00","","11,00","","","M","","M","","","","","ND"
"2000-09-03 10:00","2000","09","03","10:00"," ","13,00","","8,50","","74,00","","16,00","","13,00","","","M","","M","","","","","ND"
"2000-09-03 11:00","2000","09","03","11:00"," ","15,80","","9,00","","64,00","","17,00","","13,00","","","M","","M","","","","","ND"
"2000-09-03 12:00","2000","09","03","12:00"," ","16,70","","7,90","","56,00","","16,00","","15,00","","","M","","M","","","","","ND"
"2000-09-03 13:00","2000","09","03","13:00"," ","16,30","","8,30","","59,00","","15,00","","7,00","","","M","","M","","","","","ND"
"2000-09-03 14:00","2000","09","03","14:00"," ","19,20","","7,00","","45,00","","19,00","","11,00","","","M","","M","","","","","ND"
"2000-09-03 15:00","2000","09","03","15:00"," ","17,50","","6,70","","49,00","","19,00","","2,00","","","M","","M","","","","","ND"
"2000-09-03 16:00","2000","09","03","16:00"," ","16,60","","7,80","","56,00","","31,00","","13,00","","","M","","M","","","","","ND"
"2000-09-03 17:00","2000","09","03","17:00"," ","16,20","","8,40","","60,00","","32,00","","9,00","","","M","","M","","","","","ND"
"2000-09-03 18:00","2000","09","03","18:00"," ","14,10","","8,50","","69,00","","32,00","","13,00","","","M","","M","","","","","ND"
"2000-09-03 19:00","2000","09","03","19:00"," ","12,00","","8,50","","79,00","","33,00","","4,00","","","M","","M","","","","","ND"
"2000-09-03 20:00","2000","09","03","20:00"," ","11,30","","7,80","","79,00","","31,00","","7,00","","","M","","M","","","","","ND"
"2000-09-03 21:00","2000","09","03","21:00"," ","11,30","","7,40","","77,00","","0,00","","0,00","","","M","","M","","","","","ND"
"2000-09-03 22:00","2000","09","03","22:00"," ","10,40","","7,10","","80,00","","31,00","","7,00","","","M","","M","","","","","ND"
"2000-09-03 23:00","2000","09","03","23:00"," ","9,70","","6,80","","82,00","","32,00","","2,00","","","M","","M","","","","","ND"
"2000-09-04 00:00","2000","09","04","00:00"," ","9,60","","7,00","","84,00","","35,00","","6,00","","","M","","M","","","","","ND"
"2000-09-04 01:00","2000","09","04","01:00"," ","8,90","","6,40","","84,00","","35,00","","4,00","","","M","","M","","","","","ND"
"2000-09-04 02:00","2000","09","04","02:00"," ","8,00","","6,50","","90,00","","0,00","","0,00","","","M","","M","","","","","ND"
"2000-09-04 03:00","2000","09","04","03:00"," ","9,00","","7,00","","87,00","","36,00","","2,00","","","M","","M","","","","","ND"
"2000-09-04 04:00","2000","09","04","04:00"," ","8,70","","6,20","","84,00","","6,00","","2,00","","","M","","M","","","","","ND"
"2000-09-04 05:00","2000","09","04","05:00"," ","8,60","","6,90","","89,00","","6,00","","6,00","","","M","","M","","","","","ND"
"2000-09-04 06:00","2000","09","04","06:00"," ","8,60","","5,90","","83,00","","7,00","","2,00","","","M","","M","","","","","ND"
"2000-09-04 07:00","2000","09","04","07:00"," ","8,30","","6,60","","89,00","","13,00","","6,00","","","M","","M","","","","","ND"
"2000-09-04 08:00","2000","09","04","08:00"," ","8,00","","7,70","","98,00","","9,00","","4,00","","","M","","M","","","","","ND"
"2000-09-04 09:00","2000","09","04","09:00"," ","9,60","","8,80","","95,00","","29,00","","4,00","","","M","","M","","","","","ND"
"2000-09-04 10:00","2000","09","04","10:00"," ","11,90","","10,70","","92,00","","32,00","","6,00","","","M","","M","","","","","ND"
"2000-09-04 11:00","2000","09","04","11:00"," ","11,60","","9,40","","86,00","","31,00","","13,00","","","M","","M","","","","","ND"
"2000-09-04 12:00","2000","09","04","12:00"," ","14,30","","9,10","","71,00","","29,00","","11,00","","","M","","M","","","","","ND"
"2000-09-04 13:00","2000","09","04","13:00"," ","15,40","","9,10","","66,00","","28,00","","11,00","","","M","","M","","","","","ND"
"2000-09-04 14:00","2000","09","04","14:00"," ","16,70","","9,20","","61,00","","26,00","","11,00","","","M","","M","","","","","ND"
"2000-09-04 15:00","2000","09","04","15:00"," ","15,20","","9,60","","69,00","","30,00","","4,00","","","M","","M","","","","","ND"
"2000-09-04 16:00","2000","09","04","16:00"," ","16,40","","10,00","","66,00","","16,00","","7,00","","","M","","M","","","","","ND"
"2000-09-04 17:00","2000","09","04","17:00"," ","15,40","","10,40","","72,00","","29,00","","9,00","","","M","","M","","","","","ND"
"2000-09-04 18:00","2000","09","04","18:00"," ","13,60","","10,00","","79,00","","24,00","","4,00","","","M","","M","","","","","ND"
"2000-09-04 19:00","2000","09","04","19:00"," ","10,80","","9,60","","92,00","","0,00","","0,00","","","M","","M","","","","","ND"
"2000-09-04 20:00","2000","09","04","20:00"," ","9,40","","8,00","","91,00","","7,00","","9,00","","","M","","M","","","","","ND"
"2000-09-04 21:00","2000","09","04","21:00"," ","10,10","","8,00","","87,00","","2,00","","6,00","","","M","","M","","","","","ND"
"2000-09-04 22:00","2000","09","04","22:00"," ","9,70","","7,50","","86,00","","29,00","","4,00","","","M","","M","","","","","ND"
"2000-09-04 23:00","2000","09","04","23:00"," ","9,10","","7,20","","88,00","","0,00","","0,00","","","M","","M","","","","","ND"
"2000-09-05 00:00","2000","09","05","00:00"," ","8,10","","5,90","","86,00","","5,00","","9,00","","","M","","M","","","","","ND"
"2000-09-05 01:00","2000","09","05","01:00"," ","7,90","","6,80","","93,00","","36,00","","2,00","","","M","","M","","","","","ND"
"2000-09-05 02:00","2000","09","05","02:00"," ","8,10","","6,40","","89,00","","34,00","","6,00","","","M","","M","","","","","ND"
"2000-09-05 03:00","2000","09","05","03:00"," ","7,10","","5,30","","88,00","","5,00","","6,00","","","M","","M","","","","","ND"
"2000-09-05 04:00","2000","09","05","04:00"," ","7,10","","5,40","","89,00","","2,00","","4,00","","","M","","M","","","","","ND"
"2000-09-05 05:00","2000","09","05","05:00"," ","6,50","","4,80","","89,00","","7,00","","2,00","","","M","","M","","","","","ND"
"2000-09-05 06:00","2000","09","05","06:00"," ","7,20","","5,20","","87,00","","8,00","","6,00","","","M","","M","","","","","ND"
"2000-09-05 07:00","2000","09","05","07:00"," ","9,40","","6,00","","79,00","","7,00","","7,00","","","M","","M","","","","","ND"
"2000-09-05 08:00","2000","09","05","08:00"," ","11,00","","7,50","","79,00","","26,00","","6,00","","","M","","M","","","","","ND"
"2000-09-05 09:00","2000","09","05","09:00"," ","12,10","","7,80","","75,00","","30,00","","17,00","","","M","","M","","","","","ND"
"2000-09-05 10:00","2000","09","05","10:00"," ","13,30","","8,00","","70,00","","30,00","","11,00","","","M","","M","","","","","ND"
"2000-09-05 11:00","2000","09","05","11:00"," ","14,00","","7,80","","66,00","","29,00","","13,00","","","M","","M","","","","","ND"
"2000-09-05 12:00","2000","09","05","12:00"," ","17,20","","8,60","","57,00","","16,00","","7,00","","","M","","M","","","","","ND"
"2000-09-05 13:00","2000","09","05","13:00"," ","17,50","","7,80","","53,00","","24,00","","11,00","","","M","","M","","","","","ND"
"2000-09-05 14:00","2000","09","05","14:00"," ","16,00","","8,30","","60,00","","22,00","","7,00","","","M","","M","","","","","ND"
"2000-09-05 15:00","2000","09","05","15:00"," ","16,20","","8,90","","62,00","","25,00","","4,00","","","M","","M","","","","","ND"
"2000-09-05 16:00","2000","09","05","16:00"," ","17,20","","9,40","","60,00","","18,00","","6,00","","","M","","M","","","","","ND"
"2000-09-05 17:00","2000","09","05","17:00"," ","17,10","","9,00","","59,00","","17,00","","11,00","","","M","","M","","","","","ND"
"2000-09-05 18:00","2000","09","05","18:00"," ","15,70","","8,90","","64,00","","17,00","","9,00","","","M","","M","","","","","ND"
"2000-09-05 19:00","2000","09","05","19:00"," ","15,40","","8,90","","65,00","","17,00","","7,00","","","M","","M","","","","","ND"
"2000-09-05 20:00","2000","09","05","20:00"," ","13,20","","10,40","","83,00","","30,00","","6,00","","","M","","M","","","","","ND"
"2000-09-05 21:00","2000","09","05","21:00"," ","12,40","","10,80","","90,00","","22,00","","2,00","","","M","","M","","","","","ND"
"2000-09-05 22:00","2000","09","05","22:00"," ","11,60","","11,30","","98,00","","11,00","","6,00","","","M","","M","","","","","ND"
"2000-09-05 23:00","2000","09","05","23:00"," ","11,10","","10,80","","98,00","","7,00","","2,00","","","M","","M","","","","","ND"
"2000-09-06 00:00","2000","09","06","00:00"," ","11,20","","10,60","","96,00","","19,00","","2,00","","","M","","M","","","","","ND"
"2000-09-06 01:00","2000","09","06","01:00"," ","10,50","","10,50","","100,00","","0,00","","0,00","","","M","","M","","","","","ND"
"2000-09-06 02:00","2000","09","06","02:00"," ","10,30","","10,30","","100,00","","19,00","","4,00","","","M","","M","","","","","ND"
"2000-09-06 03:00","2000","09","06","03:00"," ","10,50","","10,40","","99,00","","27,00","","2,00","","","M","","M","","","","","ND"
"2000-09-06 04:00","2000","09","06","04:00"," ","10,40","","10,40","","100,00","","36,00","","2,00","","","M","","M","","","","","ND"
"2000-09-06 05:00","2000","09","06","05:00"," ","10,10","","10,10","","100,00","","0,00","","0,00","","","M","","M","","","","","ND"
"2000-09-06 06:00","2000","09","06","06:00"," ","10,70","","10,60","","99,00","","0,00","","0,00","","","M","","M","","","","","ND"
"2000-09-06 07:00","2000","09","06","07:00"," ","11,20","","10,80","","97,00","","0,00","","0,00","","","M","","M","","","","","ND"
"2000-09-06 08:00","2000","09","06","08:00"," ","11,90","","11,00","","94,00","","20,00","","4,00","","","M","","M","","","","","ND"
"2000-09-06 09:00","2000","09","06","09:00"," ","12,00","","11,20","","95,00","","21,00","","2,00","","","M","","M","","","","","ND"
"2000-09-06 10:00","2000","09","06","10:00"," ","12,20","","11,30","","94,00","","10,00","","2,00","","","M","","M","","","","","ND"
"2000-09-06 11:00","2000","09","06","11:00"," ","15,70","","12,30","","80,00","","14,00","","7,00","","","M","","M","","","","","ND"
"2000-09-06 12:00","2000","09","06","12:00"," ","18,30","","11,40","","64,00","","20,00","","9,00","","","M","","M","","","","","ND"
"2000-09-06 13:00","2000","09","06","13:00"," ","17,10","","10,70","","66,00","","19,00","","7,00","","","M","","M","","","","","ND"
"2000-09-06 14:00","2000","09","06","14:00"," ","18,20","","11,10","","63,00","","25,00","","2,00","","","M","","M","","","","","ND"
"2000-09-06 15:00","2000","09","06","15:00"," ","19,50","","11,80","","61,00","","16,00","","11,00","","","M","","M","","","","","ND"
"2000-09-06 16:00","2000","09","06","16:00"," ","19,70","","11,20","","58,00","","14,00","","7,00","","","M","","M","","","","","ND"
"2000-09-06 17:00","2000","09","06","17:00"," ","20,10","","10,50","","54,00","","22,00","","11,00","","","M","","M","","","","","ND"
"2000-09-06 18:00","2000","09","06","18:00"," ","16,90","","11,00","","68,00","","21,00","","7,00","","","M","","M","","","","","ND"
"2000-09-06 19:00","2000","09","06","19:00"," ","14,80","","10,40","","75,00","","0,00","","0,00","","","M","","M","","","","","ND"
"2000-09-06 20:00","2000","09","06","20:00"," ","13,60","","10,60","","82,00","","32,00","","6,00","","","M","","M","","","","","ND"
"2000-09-06 21:00","2000","09","06","21:00"," ","12,30","","10,20","","87,00","","0,00","","0,00","","","M","","M","","","","","ND"
"2000-09-06 22:00","2000","09","06","22:00"," ","11,20","","9,50","","89,00","","6,00","","7,00","","","M","","M","","","","","ND"
"2000-09-06 23:00","2000","09","06","23:00"," ","11,00","","9,30","","89,00","","7,00","","7,00","","","M","","M","","","","","ND"
"2000-09-07 00:00","2000","09","07","00:00"," ","11,00","","9,30","","89,00","","6,00","","7,00","","","M","","M","","","","","ND"
"2000-09-07 01:00","2000","09","07","01:00"," ","10,60","","8,90","","89,00","","6,00","","7,00","","","M","","M","","","","","ND"
"2000-09-07 02:00","2000","09","07","02:00"," ","10,80","","8,90","","88,00","","4,00","","6,00","","","M","","M","","","","","ND"
"2000-09-07 03:00","2000","09","07","03:00"," ","10,60","","8,50","","87,00","","7,00","","6,00","","","M","","M","","","","","ND"
"2000-09-07 04:00","2000","09","07","04:00"," ","10,30","","8,40","","88,00","","7,00","","7,00","","","M","","M","","","","","ND"
"2000-09-07 05:00","2000","09","07","05:00"," ","9,40","","7,70","","89,00","","7,00","","7,00","","","M","","M","","","","","ND"
"2000-09-07 06:00","2000","09","07","06:00"," ","9,20","","7,70","","90,00","","8,00","","11,00","","","M","","M","","","","","ND"
"2000-09-07 07:00","2000","09","07","07:00"," ","11,90","","9,10","","83,00","","9,00","","2,00","","","M","","M","","","","","ND"
"2000-09-07 08:00","2000","09","07","08:00"," ","13,20","","9,80","","80,00","","23,00","","6,00","","","M","","M","","","","","ND"
"2000-09-07 09:00","2000","09","07","09:00"," ","15,40","","11,00","","75,00","","22,00","","4,00","","","M","","M","","","","","ND"
"2000-09-07 10:00","2000","09","07","10:00"," ","16,60","","11,30","","71,00","","12,00","","2,00","","","M","","M","","","","","ND"
"2000-09-07 11:00","2000","09","07","11:00"," ","19,90","","10,60","","55,00","","16,00","","9,00","","","M","","M","","","","","ND"
"2000-09-07 12:00","2000","09","07","12:00"," ","19,80","","10,00","","53,00","","18,00","","6,00","","","M","","M","","","","","ND"
"2000-09-07 13:00","2000","09","07","13:00"," ","20,40","","11,10","","55,00","","18,00","","9,00","","","M","","M","","","","","ND"
"2000-09-07 14:00","2000","09","07","14:00"," ","21,50","","9,10","","45,00","","25,00","","4,00","","","M","","M","","","","","ND"
"2000-09-07 15:00","2000","09","07","15:00"," ","21,20","","10,10","","49,00","","14,00","","11,00","","","M","","M","","","","","ND"
"2000-09-07 16:00","2000","09","07","16:00"," ","20,90","","9,50","","48,00","","18,00","","9,00","","","M","","M","","","","","ND"
"2000-09-07 17:00","2000","09","07","17:00"," ","20,40","","7,10","","42,00","","22,00","","13,00","","","M","","M","","","","","ND"
"2000-09-07 18:00","2000","09","07","18:00"," ","19,30","","7,40","","46,00","","25,00","","4,00","","","M","","M","","","","","ND"
"2000-09-07 19:00","2000","09","07","19:00"," ","17,90","","7,40","","50,00","","8,00","","2,00","","","M","","M","","","","","ND"
"2000-09-07 20:00","2000","09","07","20:00"," ","16,90","","8,60","","58,00","","32,00","","7,00","","","M","","M","","","","","ND"
"2000-09-07 21:00","2000","09","07","21:00"," ","14,30","","9,10","","71,00","","25,00","","4,00","","","M","","M","","","","","ND"
"2000-09-07 22:00","2000","09","07","22:00"," ","14,80","","8,70","","67,00","","12,00","","6,00","","","M","","M","","","","","ND"
"2000-09-07 23:00","2000","09","07","23:00"," ","14,80","","8,50","","66,00","","6,00","","4,00","","","M","","M","","","","","ND"
"2000-09-08 00:00","2000","09","08","00:00"," ","15,30","","8,50","","64,00","","15,00","","9,00","","","M","","M","","","","","ND"
"2000-09-08 01:00","2000","09","08","01:00"," ","16,00","","7,50","","57,00","","19,00","","13,00","","","M","","M","","","","","ND"
"2000-09-08 02:00","2000","09","08","02:00"," ","17,30","","7,10","","51,00","","16,00","","22,00","","","M","","M","","","","","ND"
"2000-09-08 03:00","2000","09","08","03:00"," ","16,60","","6,70","","52,00","","19,00","","15,00","","","M","","M","","","","","ND"
"2000-09-08 04:00","2000","09","08","04:00"," ","16,70","","6,50","","51,00","","16,00","","15,00","","","M","","M","","","","","ND"
"2000-09-08 05:00","2000","09","08","05:00"," ","16,10","","6,50","","53,00","","16,00","","9,00","","","M","","M","","","","","ND"
"2000-09-08 06:00","2000","09","08","06:00"," ","15,70","","6,70","","55,00","","20,00","","15,00","","","M","","M","","","","","ND"
"2000-09-08 07:00","2000","09","08","07:00"," ","15,30","","5,50","","52,00","","17,00","","17,00","","","M","","M","","","","","ND"
"2000-09-08 08:00","2000","09","08","08:00"," ","15,30","","6,30","","55,00","","15,00","","17,00","","","M","","M","","","","","ND"
"2000-09-08 09:00","2000","09","08","09:00"," ","15,10","","7,90","","62,00","","16,00","","13,00","","","M","","M","","","","","ND"
"2000-09-08 10:00","2000","09","08","10:00"," ","15,10","","7,70","","61,00","","15,00","","19,00","","","M","","M","","","","","ND"
"2000-09-08 11:00","2000","09","08","11:00"," ","15,70","","6,70","","55,00","","16,00","","20,00","","","M","","M","","","","","ND"
"2000-09-08 12:00","2000","09","08","12:00"," ","13,90","","8,30","","69,00","","17,00","","11,00","","","M","","M","","","","","ND"
"2000-09-08 13:00","2000","09","08","13:00"," ","9,90","","7,20","","83,00","","24,00","","11,00","","","M","","M","","","","","ND"
"2000-09-08 14:00","2000","09","08","14:00"," ","10,70","","8,10","","84,00","","11,00","","2,00","","","M","","M","","","","","ND"
"2000-09-08 15:00","2000","09","08","15:00"," ","10,90","","7,20","","78,00","","34,00","","2,00","","","M","","M","","","","","ND"
"2000-09-08 16:00","2000","09","08","16:00"," ","10,40","","6,90","","79,00","","10,00","","9,00","","","M","","M","","","","","ND"
"2000-09-08 17:00","2000","09","08","17:00"," ","10,30","","5,70","","73,00","","13,00","","2,00","","","M","","M","","","","","ND"
"2000-09-08 18:00","2000","09","08","18:00"," ","9,00","","5,90","","81,00","","15,00","","7,00","","","M","","M","","","","","ND"
"2000-09-08 19:00","2000","09","08","19:00"," ","8,10","","6,40","","89,00","","8,00","","7,00","","","M","","M","","","","","ND"
"2000-09-08 20:00","2000","09","08","20:00"," ","7,70","","6,30","","91,00","","7,00","","2,00","","","M","","M","","","","","ND"
"2000-09-08 21:00","2000","09","08","21:00"," ","7,40","","6,00","","91,00","","3,00","","2,00","","","M","","M","","","","","ND"
"2000-09-08 22:00","2000","09","08","22:00"," ","6,20","","5,30","","94,00","","7,00","","7,00","","","M","","M","","","","","ND"
"2000-09-08 23:00","2000","09","08","23:00"," ","6,50","","5,60","","94,00","","6,00","","6,00","","","M","","M","","","","","ND"
"2000-09-09 00:00","2000","09","09","00:00"," ","6,20","","5,90","","98,00","","18,00","","4,00","","","M","","M","","","","","ND"
"2000-09-09 01:00","2000","09","09","01:00"," ","6,60","","6,50","","99,00","","6,00","","2,00","","","M","","M","","","","","ND"
"2000-09-09 02:00","2000","09","09","02:00"," ","6,50","","6,50","","100,00","","9,00","","2,00","","","M","","M","","","","","ND"
"2000-09-09 03:00","2000","09","09","03:00"," ","5,90","","5,60","","98,00","","3,00","","2,00","","","M","","M","","","","","ND"
"2000-09-09 04:00","2000","09","09","04:00"," ","4,70","","4,40","","98,00","","12,00","","6,00","","","M","","M","","","","","ND"
"2000-09-09 05:00","2000","09","09","05:00"," ","4,90","","4,90","","100,00","","0,00","","0,00","","","M","","M","","","","","ND"
"2000-09-09 06:00","2000","09","09","06:00"," ","5,80","","4,60","","92,00","","13,00","","6,00","","","M","","M","","","","","ND"
"2000-09-09 07:00","2000","09","09","07:00"," ","5,80","","4,60","","92,00","","11,00","","2,00","","","M","","M","","","","","ND"
"2000-09-09 08:00","2000","09","09","08:00"," ","8,20","","5,70","","84,00","","23,00","","2,00","","","M","","M","","","","","ND"
"2000-09-09 09:00","2000","09","09","09:00"," ","11,70","","6,40","","70,00","","19,00","","13,00","","","M","","M","","","","","ND"
"2000-09-09 10:00","2000","09","09","10:00"," ","12,80","","6,60","","66,00","","16,00","","17,00","","","M","","M","","","","","ND"
"2000-09-09 11:00","2000","09","09","11:00"," ","12,80","","6,60","","66,00","","16,00","","13,00","","","M","","M","","","","","ND"
"2000-09-09 12:00","2000","09","09","12:00"," ","11,80","","4,30","","60,00","","22,00","","15,00","","","M","","M","","","","","ND"
"2000-09-09 13:00","2000","09","09","13:00"," ","12,40","","3,90","","56,00","","22,00","","13,00","","","M","","M","","","","","ND"
"2000-09-09 14:00","2000","09","09","14:00"," ","13,80","","4,70","","54,00","","20,00","","17,00","","","M","","M","","","","","ND"
"2000-09-09 15:00","2000","09","09","15:00"," ","13,40","","5,10","","57,00","","19,00","","13,00","","","M","","M","","","","","ND"
"2000-09-09 16:00","2000","09","09","16:00"," ","12,70","","5,40","","61,00","","18,00","","13,00","","","M","","M","","","","","ND"
"2000-09-09 17:00","2000","09","09","17:00"," ","12,80","","5,20","","60,00","","19,00","","19,00","","","M","","M","","","","","ND"
"2000-09-09 18:00","2000","09","09","18:00"," ","11,80","","5,50","","65,00","","17,00","","13,00","","","M","","M","","","","","ND"
"2000-09-09 19:00","2000","09","09","19:00"," ","10,90","","6,10","","72,00","","15,00","","13,00","","","M","","M","","","","","ND"
"2000-09-09 20:00","2000","09","09","20:00"," ","10,40","","6,20","","75,00","","16,00","","17,00","","","M","","M","","","","","ND"
"2000-09-09 21:00","2000","09","09","21:00"," ","9,90","","6,80","","81,00","","16,00","","19,00","","","M","","M","","","","","ND"
"2000-09-09 22:00","2000","09","09","22:00"," ","9,90","","6,80","","81,00","","16,00","","13,00","","","M","","M","","","","","ND"
"2000-09-09 23:00","2000","09","09","23:00"," ","9,70","","7,50","","86,00","","15,00","","15,00","","","M","","M","","","","","ND"
"2000-09-10 00:00","2000","09","10","00:00"," ","9,60","","7,60","","87,00","","20,00","","4,00","","","M","","M","","","","","ND"
"2000-09-10 01:00","2000","09","10","01:00"," ","9,40","","7,90","","90,00","","16,00","","11,00","","","M","","M","","","","","ND"
"2000-09-10 02:00","2000","09","10","02:00"," ","9,10","","8,20","","94,00","","22,00","","9,00","","","M","","M","","","","","ND"
"2000-09-10 03:00","2000","09","10","03:00"," ","9,30","","8,20","","93,00","","14,00","","2,00","","","M","","M","","","","","ND"
"2000-09-10 04:00","2000","09","10","04:00"," ","9,30","","8,40","","94,00","","21,00","","2,00","","","M","","M","","","","","ND"
"2000-09-10 05:00","2000","09","10","05:00"," ","9,20","","8,50","","95,00","","35,00","","4,00","","","M","","M","","","","","ND"
"2000-09-10 06:00","2000","09","10","06:00"," ","8,90","","8,60","","98,00","","34,00","","4,00","","","M","","M","","","","","ND"
"2000-09-10 07:00","2000","09","10","07:00"," ","9,70","","9,10","","96,00","","33,00","","2,00","","","M","","M","","","","","ND"
"2000-09-10 08:00","2000","09","10","08:00"," ","10,60","","9,20","","91,00","","0,00","","0,00","","","M","","M","","","","","ND"
"2000-09-10 09:00","2000","09","10","09:00"," ","12,00","","9,60","","85,00","","26,00","","6,00","","","M","","M","","","","","ND"
"2000-09-10 10:00","2000","09","10","10:00"," ","13,30","","9,90","","80,00","","21,00","","4,00","","","M","","M","","","","","ND"
"2000-09-10 11:00","2000","09","10","11:00"," ","14,20","","10,40","","78,00","","22,00","","4,00","","","M","","M","","","","","ND"
"2000-09-10 12:00","2000","09","10","12:00"," ","15,10","","10,30","","73,00","","30,00","","9,00","","","M","","M","","","","","ND"
"2000-09-10 13:00","2000","09","10","13:00"," ","16,00","","10,10","","68,00","","30,00","","13,00","","","M","","M","","","","","ND"
"2000-09-10 14:00","2000","09","10","14:00"," ","12,90","","10,10","","83,00","","10,00","","2,00","","","M","","M","","","","","ND"
"2000-09-10 15:00","2000","09","10","15:00"," ","13,20","","9,70","","79,00","","24,00","","4,00","","","M","","M","","","","","ND"
"2000-09-10 16:00","2000","09","10","16:00"," ","","","","","","","","","","","","","","","","","","",""
"2000-09-10 17:00","2000","09","10","17:00"," ","12,90","","9,20","","78,00","","9,00","","7,00","","","M","","M","","","","","ND"
"2000-09-10 18:00","2000","09","10","18:00"," ","11,60","","7,30","","75,00","","12,00","","7,00","","","M","","M","","","","","ND"
"2000-09-10 19:00","2000","09","10","19:00"," ","10,10","","8,00","","87,00","","18,00","","4,00","","","M","","M","","","","","ND"
"2000-09-10 20:00","2000","09","10","20:00"," ","9,90","","7,50","","85,00","","19,00","","2,00","","","M","","M","","","","","ND"
"2000-09-10 21:00","2000","09","10","21:00"," ","8,80","","7,40","","91,00","","22,00","","2,00","","","M","","M","","","","","ND"
"2000-09-10 22:00","2000","09","10","22:00"," ","8,30","","6,90","","91,00","","6,00","","4,00","","","M","","M","","","","","ND"
"2000-09-10 23:00","2000","09","10","23:00"," ","7,50","","5,80","","89,00","","5,00","","6,00","","","M","","M","","","","","ND"
"2000-09-11 00:00","2000","09","11","00:00"," ","7,10","","5,40","","89,00","","5,00","","6,00","","","M","","M","","","","","ND"
"2000-09-11 01:00","2000","09","11","01:00"," ","6,40","","4,40","","87,00","","6,00","","6,00","","","M","","M","","","","","ND"
"2000-09-11 02:00","2000","09","11","02:00"," ","6,40","","4,40","","87,00","","6,00","","4,00","","","M","","M","","","","","ND"
"2000-09-11 03:00","2000","09","11","03:00"," ","6,80","","5,00","","88,00","","5,00","","6,00","","","M","","M","","","","","ND"
"2000-09-11 04:00","2000","09","11","04:00"," ","6,80","","4,80","","87,00","","21,00","","2,00","","","M","","M","","","","","ND"
"2000-09-11 05:00","2000","09","11","05:00"," ","6,60","","4,10","","84,00","","6,00","","9,00","","","M","","M","","","","","ND"
"2000-09-11 06:00","2000","09","11","06:00"," ","6,80","","4,30","","84,00","","6,00","","7,00","","","M","","M","","","","","ND"
"2000-09-11 07:00","2000","09","11","07:00"," ","7,70","","4,80","","82,00","","4,00","","4,00","","","M","","M","","","","","ND"
"2000-09-11 08:00","2000","09","11","08:00"," ","8,70","","5,80","","82,00","","23,00","","2,00","","","M","","M","","","","","ND"
"2000-09-11 09:00","2000","09","11","09:00"," ","11,30","","7,00","","75,00","","22,00","","4,00","","","M","","M","","","","","ND"
"2000-09-11 10:00","2000","09","11","10:00"," ","13,20","","8,30","","72,00","","20,00","","4,00","","","M","","M","","","","","ND"
"2000-09-11 11:00","2000","09","11","11:00"," ","14,10","","8,70","","70,00","","19,00","","11,00","","","M","","M","","","","","ND"
"2000-09-11 12:00","2000","09","11","12:00"," ","16,30","","9,00","","62,00","","19,00","","9,00","","","M","","M","","","","","ND"
"2000-09-11 13:00","2000","09","11","13:00"," ","17,70","","8,80","","56,00","","15,00","","17,00","","","M","","M","","","","","ND"
"2000-09-11 14:00","2000","09","11","14:00"," ","18,70","","8,10","","50,00","","17,00","","13,00","","","M","","M","","","","","ND"
"2000-09-11 15:00","2000","09","11","15:00"," ","17,90","","7,10","","49,00","","19,00","","17,00","","","M","","M","","","","","ND"
"2000-09-11 16:00","2000","09","11","16:00"," ","18,10","","7,80","","51,00","","21,00","","9,00","","","M","","M","","","","","ND"
"2000-09-11 17:00","2000","09","11","17:00"," ","17,70","","8,00","","53,00","","20,00","","15,00","","","M","","M","","","","","ND"
"2000-09-11 18:00","2000","09","11","18:00"," ","15,50","","7,80","","60,00","","17,00","","11,00","","","M","","M","","","","","ND"
"2000-09-11 19:00","2000","09","11","19:00"," ","14,50","","8,90","","69,00","","7,00","","4,00","","","M","","M","","","","","ND"
"2000-09-11 20:00","2000","09","11","20:00"," ","14,00","","9,00","","72,00","","6,00","","4,00","","","M","","M","","","","","ND"
"2000-09-11 21:00","2000","09","11","21:00"," ","13,20","","8,70","","74,00","","5,00","","6,00","","","M","","M","","","","","ND"
"2000-09-11 22:00","2000","09","11","22:00"," ","11,90","","8,60","","80,00","","11,00","","7,00","","","M","","M","","","","","ND"
"2000-09-11 23:00","2000","09","11","23:00"," ","11,60","","8,50","","81,00","","7,00","","9,00","","","M","","M","","","","","ND"
"2000-09-12 00:00","2000","09","12","00:00"," ","11,30","","8,40","","82,00","","8,00","","4,00","","","M","","M","","","","","ND"
"2000-09-12 01:00","2000","09","12","01:00"," ","10,70","","8,10","","84,00","","12,00","","4,00","","","M","","M","","","","","ND"
"2000-09-12 02:00","2000","09","12","02:00"," ","8,80","","7,60","","92,00","","2,00","","2,00","","","M","","M","","","","","ND"
"2000-09-12 03:00","2000","09","12","03:00"," ","9,70","","7,80","","88,00","","14,00","","7,00","","","M","","M","","","","","ND"
"2000-09-12 04:00","2000","09","12","04:00"," ","8,90","","7,70","","92,00","","0,00","","0,00","","","M","","M","","","","","ND"
"2000-09-12 05:00","2000","09","12","05:00"," ","8,40","","7,80","","96,00","","5,00","","4,00","","","M","","M","","","","","ND"
"2000-09-12 06:00","2000","09","12","06:00"," ","8,80","","7,90","","94,00","","7,00","","4,00","","","M","","M","","","","","ND"
"2000-09-12 07:00","2000","09","12","07:00"," ","9,30","","8,40","","94,00","","17,00","","6,00","","","M","","M","","","","","ND"
"2000-09-12 08:00","2000","09","12","08:00"," ","10,40","","9,20","","92,00","","32,00","","2,00","","","M","","M","","","","","ND"
"2000-09-12 09:00","2000","09","12","09:00"," ","12,40","","10,10","","86,00","","25,00","","6,00","","","M","","M","","","","","ND"
"2000-09-12 10:00","2000","09","12","10:00"," ","13,70","","10,30","","80,00","","18,00","","2,00","","","M","","M","","","","","ND"
"2000-09-12 11:00","2000","09","12","11:00"," ","15,80","","11,00","","73,00","","7,00","","4,00","","","M","","M","","","","","ND"
"2000-09-12 12:00","2000","09","12","12:00"," ","16,20","","11,20","","72,00","","27,00","","6,00","","","M","","M","","","","","ND"
"2000-09-12 13:00","2000","09","12","13:00"," ","16,70","","11,60","","72,00","","26,00","","7,00","","","M","","M","","","","","ND"
"2000-09-12 14:00","2000","09","12","14:00"," ","16,50","","12,10","","75,00","","30,00","","11,00","","","M","","M","","","","","ND"
"2000-09-12 15:00","2000","09","12","15:00"," ","15,50","","11,70","","78,00","","32,00","","11,00","","","M","","M","","","","","ND"
"2000-09-12 16:00","2000","09","12","16:00"," ","16,00","","12,00","","77,00","","31,00","","6,00","","","M","","M","","","","","ND"
"2000-09-12 17:00","2000","09","12","17:00"," ","15,70","","12,10","","79,00","","30,00","","7,00","","","M","","M","","","","","ND"
"2000-09-12 18:00","2000","09","12","18:00"," ","14,40","","11,70","","84,00","","32,00","","13,00","","","M","","M","","","","","ND"
"2000-09-12 19:00","2000","09","12","19:00"," ","14,20","","12,10","","87,00","","31,00","","4,00","","","M","","M","","","","","ND"
"2000-09-12 20:00","2000","09","12","20:00"," ","13,60","","12,50","","93,00","","32,00","","13,00","","","M","","M","","","","","ND"
"2000-09-12 21:00","2000","09","12","21:00"," ","13,40","","12,80","","96,00","","34,00","","11,00","","","M","","M","","","","","ND"
"2000-09-12 22:00","2000","09","12","22:00"," ","13,50","","12,20","","92,00","","33,00","","13,00","","","M","","M","","","","","ND"
"2000-09-12 23:00","2000","09","12","23:00"," ","13,30","","12,20","","93,00","","34,00","","7,00","","","M","","M","","","","","ND"
"2000-09-13 00:00","2000","09","13","00:00"," ","13,00","","12,10","","94,00","","1,00","","6,00","","","M","","M","","","","","ND"
"2000-09-13 01:00","2000","09","13","01:00"," ","12,90","","12,10","","95,00","","32,00","","9,00","","","M","","M","","","","","ND"
"2000-09-13 02:00","2000","09","13","02:00"," ","12,50","","12,00","","97,00","","33,00","","11,00","","","M","","M","","","","","ND"
"2000-09-13 03:00","2000","09","13","03:00"," ","12,50","","12,00","","97,00","","30,00","","11,00","","","M","","M","","","","","ND"
"2000-09-13 04:00","2000","09","13","04:00"," ","11,70","","11,20","","97,00","","35,00","","7,00","","","M","","M","","","","","ND"
"2000-09-13 05:00","2000","09","13","05:00"," ","11,80","","11,30","","97,00","","33,00","","9,00","","","M","","M","","","","","ND"
"2000-09-13 06:00","2000","09","13","06:00"," ","11,60","","11,10","","97,00","","31,00","","11,00","","","M","","M","","","","","ND"
"2000-09-13 07:00","2000","09","13","07:00"," ","12,30","","11,40","","94,00","","33,00","","13,00","","","M","","M","","","","","ND"
"2000-09-13 08:00","2000","09","13","08:00"," ","13,40","","11,50","","88,00","","34,00","","11,00","","","M","","M","","","","","ND"
"2000-09-13 09:00","2000","09","13","09:00"," ","15,10","","11,50","","79,00","","30,00","","11,00","","","M","","M","","","","","ND"
"2000-09-13 10:00","2000","09","13","10:00"," ","15,70","","11,70","","77,00","","26,00","","7,00","","","M","","M","","","","","ND"
"2000-09-13 11:00","2000","09","13","11:00"," ","17,90","","12,40","","70,00","","4,00","","4,00","","","M","","M","","","","","ND"
"2000-09-13 12:00","2000","09","13","12:00"," ","19,50","","12,50","","64,00","","27,00","","6,00","","","M","","M","","","","","ND"
"2000-09-13 13:00","2000","09","13","13:00"," ","20,90","","12,90","","60,00","","29,00","","7,00","","","M","","M","","","","","ND"
"2000-09-13 14:00","2000","09","13","14:00"," ","22,30","","12,80","","55,00","","25,00","","9,00","","","M","","M","25,00","","","","ND"
"2000-09-13 15:00","2000","09","13","15:00"," ","22,90","","13,40","","55,00","","28,00","","9,00","","","M","","M","26,00","","","","ND"
"2000-09-13 16:00","2000","09","13","16:00"," ","21,80","","12,10","","54,00","","30,00","","13,00","","","M","","M","","","","","ND"
"2000-09-13 17:00","2000","09","13","17:00"," ","20,80","","11,40","","55,00","","29,00","","4,00","","","M","","M","","","","","ND"
"2000-09-13 18:00","2000","09","13","18:00"," ","18,70","","10,30","","58,00","","33,00","","9,00","","","M","","M","","","","","ND"
"2000-09-13 19:00","2000","09","13","19:00"," ","17,10","","12,20","","73,00","","3,00","","6,00","","","M","","M","","","","","ND"
"2000-09-13 20:00","2000","09","13","20:00"," ","16,70","","11,90","","73,00","","28,00","","2,00","","","M","","M","","","","","ND"
"2000-09-13 21:00","2000","09","13","21:00"," ","15,70","","10,70","","72,00","","33,00","","9,00","","","M","","M","","","","","ND"
"2000-09-13 22:00","2000","09","13","22:00"," ","14,90","","12,10","","83,00","","33,00","","9,00","","","M","","M","","","","","ND"
"2000-09-13 23:00","2000","09","13","23:00"," ","13,90","","12,00","","88,00","","32,00","","7,00","","","M","","M","","","","","ND"
"2000-09-14 00:00","2000","09","14","00:00"," ","13,70","","11,40","","86,00","","36,00","","4,00","","","M","","M","","","","","ND"
"2000-09-14 01:00","2000","09","14","01:00"," ","12,90","","11,00","","88,00","","33,00","","4,00","","","M","","M","","","","","ND"
"2000-09-14 02:00","2000","09","14","02:00"," ","12,40","","10,80","","90,00","","3,00","","4,00","","","M","","M","","","","","ND"
"2000-09-14 03:00","2000","09","14","03:00"," ","12,00","","10,30","","89,00","","24,00","","2,00","","","M","","M","","","","","ND"
"2000-09-14 04:00","2000","09","14","04:00"," ","11,10","","9,40","","89,00","","0,00","","0,00","","","M","","M","","","","","ND"
"2000-09-14 05:00","2000","09","14","05:00"," ","10,60","","8,90","","89,00","","12,00","","4,00","","","M","","M","","","","","ND"
"2000-09-14 06:00","2000","09","14","06:00"," ","11,10","","8,50","","84,00","","0,00","","0,00","","","M","","M","","","","","ND"
"2000-09-14 07:00","2000","09","14","07:00"," ","12,10","","9,30","","83,00","","29,00","","2,00","","","M","","M","","","","","ND"
"2000-09-14 08:00","2000","09","14","08:00"," ","14,00","","10,40","","79,00","","20,00","","7,00","","","M","","M","","","","","ND"
"2000-09-14 09:00","2000","09","14","09:00"," ","16,00","","10,80","","71,00","","26,00","","4,00","","","M","","M","","","","","ND"
"2000-09-14 10:00","2000","09","14","10:00"," ","18,00","","10,90","","63,00","","1,00","","2,00","","","M","","M","","","","","ND"
"2000-09-14 11:00","2000","09","14","11:00"," ","20,20","","11,90","","59,00","","32,00","","6,00","","","M","","M","","","","","ND"
"2000-09-14 12:00","2000","09","14","12:00"," ","21,90","","11,00","","50,00","","24,00","","6,00","","","M","","M","","","","","ND"
"2000-09-14 13:00","2000","09","14","13:00"," ","25,50","","11,30","","41,00","","10,00","","2,00","","","M","","M","27,00","","","","ND"
"2000-09-14 14:00","2000","09","14","14:00"," ","26,10","","12,90","","44,00","","28,00","","7,00","","","M","","M","29,00","","","","ND"
"2000-09-14 15:00","2000","09","14","15:00"," ","25,20","","12,10","","44,00","","29,00","","7,00","","","M","","M","28,00","","","","ND"
"2000-09-14 16:00","2000","09","14","16:00"," ","25,20","","12,10","","44,00","","29,00","","6,00","","","M","","M","28,00","","","","ND"
"2000-09-14 17:00","2000","09","14","17:00"," ","23,10","","11,80","","49,00","","29,00","","6,00","","","M","","M","25,00","","","","ND"
"2000-09-14 18:00","2000","09","14","18:00"," ","19,90","","10,30","","54,00","","35,00","","4,00","","","M","","M","","","","","ND"
"2000-09-14 19:00","2000","09","14","19:00"," ","17,00","","10,40","","65,00","","8,00","","6,00","","","M","","M","","","","","ND"
"2000-09-14 20:00","2000","09","14","20:00"," ","16,70","","11,00","","69,00","","34,00","","2,00","","","M","","M","","","","","ND"
"2000-09-14 21:00","2000","09","14","21:00"," ","15,80","","10,80","","72,00","","35,00","","6,00","","","M","","M","","","","","ND"
"2000-09-14 22:00","2000","09","14","22:00"," ","16,40","","11,10","","71,00","","21,00","","2,00","","","M","","M","","","","","ND"
"2000-09-14 23:00","2000","09","14","23:00"," ","16,20","","12,00","","76,00","","31,00","","4,00","","","M","","M","","","","","ND"
"2000-09-15 00:00","2000","09","15","00:00"," ","14,70","","11,50","","81,00","","30,00","","2,00","","","M","","M","","","","","ND"
"2000-09-15 01:00","2000","09","15","01:00"," ","14,10","","11,60","","85,00","","31,00","","4,00","","","M","","M","","","","","ND"
"2000-09-15 02:00","2000","09","15","02:00"," ","13,30","","11,40","","88,00","","0,00","","0,00","","","M","","M","","","","","ND"
"2000-09-15 03:00","2000","09","15","03:00"," ","13,60","","11,50","","87,00","","19,00","","4,00","","","M","","M","","","","","ND"
"2000-09-15 04:00","2000","09","15","04:00"," ","13,10","","11,50","","90,00","","0,00","","0,00","","","M","","M","","","","","ND"
"2000-09-15 05:00","2000","09","15","05:00"," ","12,40","","11,10","","92,00","","2,00","","2,00","","","M","","M","","","","","ND"
"2000-09-15 06:00","2000","09","15","06:00"," ","11,90","","11,40","","97,00","","26,00","","2,00","","","M","","M","","","","","ND"
"2000-09-15 07:00","2000","09","15","07:00"," ","13,80","","11,70","","87,00","","0,00","","0,00","","","M","","M","","","","","ND"
"2000-09-15 08:00","2000","09","15","08:00"," ","15,30","","12,40","","83,00","","20,00","","4,00","","","M","","M","","","","","ND"
"2000-09-15 09:00","2000","09","15","09:00"," ","17,80","","12,90","","73,00","","21,00","","4,00","","","M","","M","","","","","ND"
"2000-09-15 10:00","2000","09","15","10:00"," ","19,20","","13,20","","68,00","","30,00","","7,00","","","M","","M","","","","","ND"
"2000-09-15 11:00","2000","09","15","11:00"," ","20,20","","12,50","","61,00","","32,00","","13,00","","","M","","M","","","","","ND"
"2000-09-15 12:00","2000","09","15","12:00"," ","19,20","","12,70","","66,00","","32,00","","4,00","","","M","","M","","","","","ND"
"2000-09-15 13:00","2000","09","15","13:00"," ","20,90","","12,30","","58,00","","29,00","","6,00","","","M","","M","","","","","ND"
"2000-09-15 14:00","2000","09","15","14:00"," ","22,90","","13,10","","54,00","","4,00","","4,00","","","M","","M","26,00","","","","ND"
"2000-09-15 15:00","2000","09","15","15:00"," ","22,00","","12,30","","54,00","","10,00","","4,00","","","M","","M","","","","","ND"
"2000-09-15 16:00","2000","09","15","16:00"," ","22,50","","13,00","","55,00","","27,00","","4,00","","","M","","M","25,00","","","","ND"
"2000-09-15 17:00","2000","09","15","17:00"," ","22,90","","14,50","","59,00","","30,00","","6,00","","","M","","M","27,00","","","","ND"
"2000-09-15 18:00","2000","09","15","18:00"," ","20,00","","14,20","","69,00","","25,00","","2,00","","","M","","M","","","","","ND"
"2000-09-15 19:00","2000","09","15","19:00"," ","19,20","","14,30","","73,00","","20,00","","2,00","","","M","","M","","","","","ND"
"2000-09-15 20:00","2000","09","15","20:00"," ","16,70","","13,20","","80,00","","5,00","","7,00","","","M","","M","","","","","ND"
"2000-09-15 21:00","2000","09","15","21:00"," ","16,70","","13,10","","79,00","","5,00","","7,00","","","M","","M","","","","","ND"
"2000-09-15 22:00","2000","09","15","22:00"," ","16,00","","12,60","","80,00","","3,00","","7,00","","","M","","M","","","","","ND"
"2000-09-15 23:00","2000","09","15","23:00"," ","16,80","","13,50","","81,00","","0,00","","0,00","","","M","","M","","","","","ND"
"2000-09-16 00:00","2000","09","16","00:00"," ","16,10","","12,90","","81,00","","34,00","","4,00","","","M","","M","","","","","ND"
"2000-09-16 01:00","2000","09","16","01:00"," ","14,70","","12,90","","89,00","","5,00","","2,00","","","M","","M","","","","","ND"
"2000-09-16 02:00","2000","09","16","02:00"," ","14,00","","12,20","","89,00","","7,00","","2,00","","","M","","M","","","","","ND"
"2000-09-16 03:00","2000","09","16","03:00"," ","13,50","","12,60","","94,00","","14,00","","2,00","","","M","","M","","","","","ND"
"2000-09-16 04:00","2000","09","16","04:00"," ","12,80","","11,50","","92,00","","6,00","","2,00","","","M","","M","","","","","ND"
"2000-09-16 05:00","2000","09","16","05:00"," ","12,80","","12,00","","95,00","","18,00","","6,00","","","M","","M","","","","","ND"
"2000-09-16 06:00","2000","09","16","06:00"," ","11,90","","11,10","","95,00","","14,00","","6,00","","","M","","M","","","","","ND"
"2000-09-16 07:00","2000","09","16","07:00"," ","13,60","","12,30","","92,00","","14,00","","2,00","","","M","","M","","","","","ND"
"2000-09-16 08:00","2000","09","16","08:00"," ","14,90","","12,80","","87,00","","25,00","","6,00","","","M","","M","","","","","ND"
"2000-09-16 09:00","2000","09","16","09:00"," ","17,30","","14,20","","82,00","","25,00","","2,00","","","M","","M","","","","","ND"
"2000-09-16 10:00","2000","09","16","10:00"," ","19,20","","14,30","","73,00","","23,00","","6,00","","","M","","M","","","","","ND"
"2000-09-16 11:00","2000","09","16","11:00"," ","20,50","","14,40","","68,00","","29,00","","6,00","","","M","","M","","","","","ND"
"2000-09-16 12:00","2000","09","16","12:00"," ","22,30","","14,90","","63,00","","30,00","","11,00","","","M","","M","26,00","","","","ND"
"2000-09-16 13:00","2000","09","16","13:00"," ","23,50","","15,00","","59,00","","29,00","","9,00","","","M","","M","27,00","","","","ND"
"2000-09-16 14:00","2000","09","16","14:00"," ","24,50","","15,70","","58,00","","30,00","","11,00","","","M","","M","29,00","","","","ND"
"2000-09-16 15:00","2000","09","16","15:00"," ","24,90","","14,40","","52,00","","29,00","","9,00","","","M","","M","29,00","","","","ND"
"2000-09-16 16:00","2000","09","16","16:00"," ","24,70","","14,80","","54,00","","27,00","","6,00","","","M","","M","29,00","","","","ND"
"2000-09-16 17:00","2000","09","16","17:00"," ","23,70","","15,00","","58,00","","26,00","","4,00","","","M","","M","28,00","","","","ND"
"2000-09-16 18:00","2000","09","16","18:00"," ","20,10","","14,20","","69,00","","28,00","","2,00","","","M","","M","","","","","ND"
"2000-09-16 19:00","2000","09","16","19:00"," ","19,20","","14,30","","73,00","","34,00","","4,00","","","M","","M","","","","","ND"
"2000-09-16 20:00","2000","09","16","20:00"," ","17,90","","13,60","","76,00","","15,00","","4,00","","","M","","M","","","","","ND"
"2000-09-16 21:00","2000","09","16","21:00"," ","16,20","","12,90","","81,00","","7,00","","11,00","","","M","","M","","","","","ND"
"2000-09-16 22:00","2000","09","16","22:00"," ","16,80","","12,20","","74,00","","2,00","","6,00","","","M","","M","","","","","ND"
"2000-09-16 23:00","2000","09","16","23:00"," ","16,50","","12,10","","75,00","","8,00","","4,00","","","M","","M","","","","","ND"
"2000-09-17 00:00","2000","09","17","00:00"," ","15,10","","12,20","","83,00","","0,00","","0,00","","","M","","M","","","","","ND"
"2000-09-17 01:00","2000","09","17","01:00"," ","15,20","","12,00","","81,00","","4,00","","6,00","","","M","","M","","","","","ND"
"2000-09-17 02:00","2000","09","17","02:00"," ","14,10","","11,30","","83,00","","2,00","","4,00","","","M","","M","","","","","ND"
"2000-09-17 03:00","2000","09","17","03:00"," ","13,60","","11,00","","84,00","","11,00","","2,00","","","M","","M","","","","","ND"
"2000-09-17 04:00","2000","09","17","04:00"," ","12,40","","10,30","","87,00","","9,00","","6,00","","","M","","M","","","","","ND"
"2000-09-17 05:00","2000","09","17","05:00"," ","13,00","","10,40","","84,00","","8,00","","6,00","","","M","","M","","","","","ND"
"2000-09-17 06:00","2000","09","17","06:00"," ","11,70","","9,80","","88,00","","10,00","","6,00","","","M","","M","","","","","ND"
"2000-09-17 07:00","2000","09","17","07:00"," ","13,60","","11,10","","85,00","","9,00","","6,00","","","M","","M","","","","","ND"
"2000-09-17 08:00","2000","09","17","08:00"," ","16,60","","12,20","","75,00","","16,00","","2,00","","","M","","M","","","","","ND"
"2000-09-17 09:00","2000","09","17","09:00"," ","17,40","","12,90","","75,00","","25,00","","4,00","","","M","","M","","","","","ND"
"2000-09-17 10:00","2000","09","17","10:00"," ","19,10","","13,10","","68,00","","33,00","","4,00","","","M","","M","","","","","ND"
"2000-09-17 11:00","2000","09","17","11:00"," ","21,20","","13,40","","61,00","","29,00","","2,00","","","M","","M","","","","","ND"
"2000-09-17 12:00","2000","09","17","12:00"," ","24,00","","14,10","","54,00","","32,00","","6,00","","","M","","M","27,00","","","","ND"
"2000-09-17 13:00","2000","09","17","13:00"," ","26,20","","14,70","","49,00","","23,00","","4,00","","","M","","M","30,00","","","","ND"
"2000-09-17 14:00","2000","09","17","14:00"," ","28,00","","13,20","","40,00","","16,00","","9,00","","","M","","M","31,00","","","","ND"
"2000-09-17 15:00","2000","09","17","15:00"," ","28,20","","13,30","","40,00","","17,00","","15,00","","","M","","M","31,00","","","","ND"
"2000-09-17 16:00","2000","09","17","16:00"," ","27,70","","12,90","","40,00","","21,00","","17,00","","","M","","M","30,00","","","","ND"
"2000-09-17 17:00","2000","09","17","17:00"," ","25,90","","13,10","","45,00","","20,00","","17,00","","","M","","M","29,00","","","","ND"
"2000-09-17 18:00","2000","09","17","18:00"," ","24,70","","12,70","","47,00","","21,00","","11,00","","","M","","M","27,00","","","","ND"
"2000-09-17 19:00","2000","09","17","19:00"," ","24,20","","12,50","","48,00","","11,00","","4,00","","","M","","M","27,00","","","","ND"
"2000-09-17 20:00","2000","09","17","20:00"," ","23,70","","12,10","","48,00","","17,00","","13,00","","","M","","M","26,00","","","","ND"
"2000-09-17 21:00","2000","09","17","21:00"," ","23,70","","11,70","","47,00","","16,00","","9,00","","","M","","M","26,00","","","","ND"
"2000-09-17 22:00","2000","09","17","22:00"," ","23,40","","11,10","","46,00","","17,00","","15,00","","","M","","M","25,00","","","","ND"
"2000-09-17 23:00","2000","09","17","23:00"," ","23,80","","10,50","","43,00","","19,00","","15,00","","","M","","M","25,00","","","","ND"
"2000-09-18 00:00","2000","09","18","00:00"," ","22,80","","10,30","","45,00","","18,00","","15,00","","","M","","M","","","","","ND"
"2000-09-18 01:00","2000","09","18","01:00"," ","22,70","","10,20","","45,00","","18,00","","17,00","","","M","","M","","","","","ND"
"2000-09-18 02:00","2000","09","18","02:00"," ","19,70","","10,70","","56,00","","26,00","","4,00","","","M","","M","","","","","ND"
"2000-09-18 03:00","2000","09","18","03:00"," ","18,90","","10,70","","59,00","","14,00","","6,00","","","M","","M","","","","","ND"
"2000-09-18 04:00","2000","09","18","04:00"," ","18,80","","10,40","","58,00","","18,00","","6,00","","","M","","M","","","","","ND"
"2000-09-18 05:00","2000","09","18","05:00"," ","18,60","","9,90","","57,00","","15,00","","4,00","","","M","","M","","","","","ND"
"2000-09-18 06:00","2000","09","18","06:00"," ","19,80","","9,70","","52,00","","19,00","","7,00","","","M","","M","","","","","ND"
"2000-09-18 07:00","2000","09","18","07:00"," ","19,60","","9,80","","53,00","","18,00","","6,00","","","M","","M","","","","","ND"
"2000-09-18 08:00","2000","09","18","08:00"," ","20,10","","10,50","","54,00","","19,00","","6,00","","","M","","M","","","","","ND"
"2000-09-18 09:00","2000","09","18","09:00"," ","21,30","","10,80","","51,00","","26,00","","6,00","","","M","","M","","","","","ND"
"2000-09-18 10:00","2000","09","18","10:00"," ","21,50","","11,20","","52,00","","27,00","","9,00","","","M","","M","","","","","ND"
"2000-09-18 11:00","2000","09","18","11:00"," ","21,70","","10,50","","49,00","","27,00","","19,00","","","M","","M","","","","","ND"
"2000-09-18 12:00","2000","09","18","12:00"," ","21,70","","10,80","","50,00","","29,00","","22,00","","","M","","M","","","","","ND"
"2000-09-18 13:00","2000","09","18","13:00"," ","22,10","","11,20","","50,00","","31,00","","13,00","","","M","","M","","","","","ND"
"2000-09-18 14:00","2000","09","18","14:00"," ","21,00","","13,50","","62,00","","34,00","","15,00","","","M","","M","","","","","ND"
"2000-09-18 15:00","2000","09","18","15:00"," ","21,10","","12,80","","59,00","","33,00","","13,00","","","M","","M","","","","","ND"
"2000-09-18 16:00","2000","09","18","16:00"," ","21,10","","13,60","","62,00","","34,00","","15,00","","","M","","M","","","","","ND"
"2000-09-18 17:00","2000","09","18","17:00"," ","20,00","","13,00","","64,00","","32,00","","11,00","","","M","","M","","","","","ND"
"2000-09-18 18:00","2000","09","18","18:00"," ","17,50","","12,20","","71,00","","33,00","","13,00","","","M","","M","","","","","ND"
"2000-09-18 19:00","2000","09","18","19:00"," ","17,00","","12,30","","74,00","","34,00","","11,00","","","M","","M","","","","","ND"
"2000-09-18 20:00","2000","09","18","20:00"," ","16,70","","11,90","","73,00","","34,00","","9,00","","","M","","M","","","","","ND"
"2000-09-18 21:00","2000","09","18","21:00"," ","15,90","","11,30","","74,00","","36,00","","4,00","","","M","","M","","","","","ND"
"2000-09-18 22:00","2000","09","18","22:00"," ","14,60","","11,60","","82,00","","28,00","","4,00","","","M","","M","","","","","ND"
"2000-09-18 23:00","2000","09","18","23:00"," ","13,80","","10,60","","81,00","","24,00","","2,00","","","M","","M","","","","","ND"
"2000-09-19 00:00","2000","09","19","00:00"," ","13,60","","10,00","","79,00","","33,00","","9,00","","","M","","M","","","","","ND"
"2000-09-19 01:00","2000","09","19","01:00"," ","11,90","","8,90","","82,00","","36,00","","4,00","","","M","","M","","","","","ND"
"2000-09-19 02:00","2000","09","19","02:00"," ","10,00","","7,60","","85,00","","36,00","","2,00","","","M","","M","","","","","ND"
"2000-09-19 03:00","2000","09","19","03:00"," ","10,20","","7,30","","82,00","","5,00","","4,00","","","M","","M","","","","","ND"
"2000-09-19 04:00","2000","09","19","04:00"," ","9,00","","6,80","","86,00","","5,00","","7,00","","","M","","M","","","","","ND"
"2000-09-19 05:00","2000","09","19","05:00"," ","9,40","","6,80","","84,00","","5,00","","7,00","","","M","","M","","","","","ND"
"2000-09-19 06:00","2000","09","19","06:00"," ","8,70","","6,30","","85,00","","6,00","","9,00","","","M","","M","","","","","ND"
"2000-09-19 07:00","2000","09","19","07:00"," ","10,40","","7,30","","81,00","","7,00","","4,00","","","M","","M","","","","","ND"
"2000-09-19 08:00","2000","09","19","08:00"," ","13,00","","8,50","","74,00","","27,00","","6,00","","","M","","M","","","","","ND"
"2000-09-19 09:00","2000","09","19","09:00"," ","13,90","","9,90","","77,00","","13,00","","6,00","","","M","","M","","","","","ND"
"2000-09-19 10:00","2000","09","19","10:00"," ","15,90","","9,60","","66,00","","30,00","","11,00","","","M","","M","","","","","ND"
"2000-09-19 11:00","2000","09","19","11:00"," ","16,10","","8,40","","60,00","","34,00","","26,00","","","M","","M","","","","","ND"
"2000-09-19 12:00","2000","09","19","12:00"," ","19,00","","6,80","","45,00","","33,00","","24,00","","","M","","M","","","","","ND"
"2000-09-19 13:00","2000","09","19","13:00"," ","20,00","","6,00","","40,00","","33,00","","32,00","","","M","","M","","","","","ND"
"2000-09-19 14:00","2000","09","19","14:00"," ","20,80","","3,50","","32,00","","33,00","","30,00","","","M","","M","","","","","ND"
"2000-09-19 15:00","2000","09","19","15:00"," ","21,00","","4,60","","34,00","","34,00","","20,00","","","M","","M","","","","","ND"
"2000-09-19 16:00","2000","09","19","16:00"," ","20,80","","4,00","","33,00","","33,00","","24,00","","","M","","M","","","","","ND"
"2000-09-19 17:00","2000","09","19","17:00"," ","20,10","","2,90","","32,00","","33,00","","20,00","","","M","","M","","","","","ND"
"2000-09-19 18:00","2000","09","19","18:00"," ","18,50","","3,20","","36,00","","34,00","","17,00","","","M","","M","","","","","ND"
"2000-09-19 19:00","2000","09","19","19:00"," ","16,40","","5,10","","47,00","","33,00","","7,00","","","M","","M","","","","","ND"
"2000-09-19 20:00","2000","09","19","20:00"," ","13,70","","4,00","","52,00","","7,00","","7,00","","","M","","M","","","","","ND"
"2000-09-19 21:00","2000","09","19","21:00"," ","14,40","","4,10","","50,00","","5,00","","6,00","","","M","","M","","","","","ND"
"2000-09-19 22:00","2000","09","19","22:00"," ","13,40","","3,80","","52,00","","6,00","","7,00","","","M","","M","","","","","ND"
"2000-09-19 23:00","2000","09","19","23:00"," ","11,70","","3,70","","58,00","","26,00","","4,00","","","M","","M","","","","","ND"
"2000-09-20 00:00","2000","09","20","00:00"," ","","","","","","","","","","","","","","","","","","",""
"2000-09-20 01:00","2000","09","20","01:00"," ","10,10","","3,20","","62,00","","2,00","","4,00","","","M","","M","","","","","ND"
"2000-09-20 02:00","2000","09","20","02:00"," ","9,50","","3,70","","67,00","","0,00","","0,00","","","M","","M","","","","","ND"
"2000-09-20 03:00","2000","09","20","03:00"," ","8,50","","4,00","","73,00","","4,00","","4,00","","","M","","M","","","","","ND"
"2000-09-20 04:00","2000","09","20","04:00"," ","9,00","","3,20","","67,00","","8,00","","15,00","","","M","","M","","","","","ND"
"2000-09-20 05:00","2000","09","20","05:00"," ","9,10","","3,10","","66,00","","7,00","","11,00","","","M","","M","","","","","ND"
"2000-09-20 06:00","2000","09","20","06:00"," ","9,10","","3,10","","66,00","","8,00","","15,00","","","M","","M","","","","","ND"
"2000-09-20 07:00","2000","09","20","07:00"," ","8,60","","4,10","","73,00","","11,00","","9,00","","","M","","M","","","","","ND"
"2000-09-20 08:00","2000","09","20","08:00"," ","10,20","","4,60","","68,00","","8,00","","7,00","","","M","","M","","","","","ND"
"2000-09-20 09:00","2000","09","20","09:00"," ","10,40","","4,80","","68,00","","21,00","","6,00","","","M","","M","","","","","ND"
"2000-09-20 10:00","2000","09","20","10:00"," ","10,40","","6,20","","75,00","","11,00","","6,00","","","M","","M","","","","","ND"
"2000-09-20 11:00","2000","09","20","11:00"," ","9,80","","6,70","","81,00","","17,00","","2,00","","","M","","M","","","","","ND"
"2000-09-20 12:00","2000","09","20","12:00"," ","11,00","","6,90","","76,00","","0,00","","0,00","","","M","","M","","","","","ND"
"2000-09-20 13:00","2000","09","20","13:00"," ","11,70","","7,00","","73,00","","27,00","","6,00","","","M","","M","","","","","ND"
"2000-09-20 14:00","2000","09","20","14:00"," ","13,80","","7,80","","67,00","","21,00","","4,00","","","M","","M","","","","","ND"
"2000-09-20 15:00","2000","09","20","15:00"," ","16,40","","8,40","","59,00","","15,00","","2,00","","","M","","M","","","","","ND"
"2000-09-20 16:00","2000","09","20","16:00"," ","14,70","","7,50","","62,00","","19,00","","6,00","","","M","","M","","","","","ND"
"2000-09-20 17:00","2000","09","20","17:00"," ","14,20","","8,00","","66,00","","24,00","","2,00","","","M","","M","","","","","ND"
"2000-09-20 18:00","2000","09","20","18:00"," ","12,00","","7,90","","76,00","","32,00","","6,00","","","M","","M","","","","","ND"
"2000-09-20 19:00","2000","09","20","19:00"," ","11,70","","7,80","","77,00","","27,00","","2,00","","","M","","M","","","","","ND"
"2000-09-20 20:00","2000","09","20","20:00"," ","9,40","","7,50","","88,00","","18,00","","4,00","","","M","","M","","","","","ND"
"2000-09-20 21:00","2000","09","20","21:00"," ","8,70","","6,80","","88,00","","6,00","","6,00","","","M","","M","","","","","ND"
"2000-09-20 22:00","2000","09","20","22:00"," ","8,90","","6,70","","86,00","","8,00","","6,00","","","M","","M","","","","","ND"
"2000-09-20 23:00","2000","09","20","23:00"," ","9,30","","7,10","","86,00","","6,00","","7,00","","","M","","M","","","","","ND"
"2000-09-21 00:00","2000","09","21","00:00"," ","9,40","","8,50","","94,00","","2,00","","9,00","","","M","","M","","","","","ND"
"2000-09-21 01:00","2000","09","21","01:00"," ","8,60","","6,10","","84,00","","5,00","","9,00","","","M","","M","","","","","ND"
"2000-09-21 02:00","2000","09","21","02:00"," ","7,70","","7,00","","95,00","","0,00","","0,00","","","M","","M","","","","","ND"
"2000-09-21 03:00","2000","09","21","03:00"," ","7,80","","6,90","","94,00","","21,00","","2,00","","","M","","M","","","","","ND"
"2000-09-21 04:00","2000","09","21","04:00"," ","7,90","","6,00","","88,00","","35,00","","6,00","","","M","","M","","","","","ND"
"2000-09-21 05:00","2000","09","21","05:00"," ","8,50","","1,90","","63,00","","7,00","","19,00","","","M","","M","","","","","ND"
"2000-09-21 06:00","2000","09","21","06:00"," ","7,60","","0,30","","60,00","","7,00","","13,00","","","M","","M","","","","","ND"
"2000-09-21 07:00","2000","09","21","07:00"," ","6,30","","0,60","","67,00","","9,00","","15,00","","","M","","M","","","","","ND"
"2000-09-21 08:00","2000","09","21","08:00"," ","5,80","","-0,10","","66,00","","15,00","","4,00","","","M","","M","","","","","ND"
"2000-09-21 09:00","2000","09","21","09:00"," ","6,10","","-0,70","","62,00","","18,00","","11,00","","","M","","M","","","","","ND"
"2000-09-21 10:00","2000","09","21","10:00"," ","5,30","","1,10","","74,00","","24,00","","11,00","","","M","","M","","","","","ND"
"2000-09-21 11:00","2000","09","21","11:00"," ","6,00","","-0,20","","64,00","","21,00","","6,00","","","M","","M","","","","","ND"
"2000-09-21 12:00","2000","09","21","12:00"," ","6,80","","-0,70","","59,00","","20,00","","6,00","","","M","","M","","","","","ND"
"2000-09-21 13:00","2000","09","21","13:00"," ","7,00","","0,20","","62,00","","36,00","","4,00","","","M","","M","","","","","ND"
"2000-09-21 14:00","2000","09","21","14:00"," ","7,60","","-1,50","","52,00","","25,00","","9,00","","","M","","M","","","","","ND"
"2000-09-21 15:00","2000","09","21","15:00"," ","8,60","","-3,40","","43,00","","5,00","","13,00","","","M","","M","","","","","ND"
"2000-09-21 16:00","2000","09","21","16:00"," ","8,60","","-4,70","","39,00","","5,00","","7,00","","","M","","M","","","","","ND"
"2000-09-21 17:00","2000","09","21","17:00"," ","7,90","","-5,00","","40,00","","4,00","","13,00","","","M","","M","","","","","ND"
"2000-09-21 18:00","2000","09","21","18:00"," ","7,00","","-6,10","","39,00","","7,00","","17,00","","","M","","M","","","","","ND"
"2000-09-21 19:00","2000","09","21","19:00"," ","6,10","","-6,30","","41,00","","5,00","","15,00","","","M","","M","","","","","ND"
"2000-09-21 20:00","2000","09","21","20:00"," ","5,60","","-7,00","","40,00","","4,00","","13,00","","","M","","M","","","","","ND"
"2000-09-21 21:00","2000","09","21","21:00"," ","4,10","","-7,40","","43,00","","6,00","","9,00","","","M","","M","","","","","ND"
"2000-09-21 22:00","2000","09","21","22:00"," ","4,30","","-7,90","","41,00","","6,00","","9,00","","","M","","M","","","","","ND"
"2000-09-21 23:00","2000","09","21","23:00"," ","","","","","","","","","","","","","","","","","","",""
"2000-09-22 00:00","2000","09","22","00:00"," ","3,50","","-8,30","","42,00","","2,00","","9,00","","","M","","M","","","","","ND"
"2000-09-22 01:00","2000","09","22","01:00"," ","3,30","","-8,50","","42,00","","2,00","","7,00","","","M","","M","","","","","ND"
"2000-09-22 02:00","2000","09","22","02:00"," ","3,30","","-8,50","","42,00","","4,00","","7,00","","","M","","M","","","","","ND"
"2000-09-22 03:00","2000","09","22","03:00"," ","2,40","","-8,70","","44,00","","6,00","","13,00","","","M","","M","","","","","ND"
"2000-09-22 04:00","2000","09","22","04:00"," ","2,10","","-8,70","","45,00","","7,00","","17,00","","","M","","M","","","","","ND"
"2000-09-22 05:00","2000","09","22","05:00"," ","1,70","","-8,80","","46,00","","5,00","","11,00","","","M","","M","","","","","ND"
"2000-09-22 06:00","2000","09","22","06:00"," ","1,20","","-8,70","","48,00","","5,00","","11,00","","","M","","M","","","","","ND"
"2000-09-22 07:00","2000","09","22","07:00"," ","3,20","","-8,90","","41,00","","3,00","","13,00","","","M","","M","","","","","ND"
"2000-09-22 08:00","2000","09","22","08:00"," ","5,40","","-8,60","","36,00","","13,00","","11,00","","","M","","M","","","","","ND"
"2000-09-22 09:00","2000","09","22","09:00"," ","6,70","","-8,10","","34,00","","15,00","","6,00","","","M","","M","","","","","ND"
"2000-09-22 10:00","2000","09","22","10:00"," ","8,00","","-8,60","","30,00","","4,00","","15,00","","","M","","M","","","","","ND"
"2000-09-22 11:00","2000","09","22","11:00"," ","9,00","","-8,60","","28,00","","4,00","","15,00","","","M","","M","","","","","ND"
"2000-09-22 12:00","2000","09","22","12:00"," ","10,30","","-8,00","","27,00","","3,00","","11,00","","","M","","M","","","","","ND"
"2000-09-22 13:00","2000","09","22","13:00"," ","10,10","","-6,30","","31,00","","29,00","","13,00","","","M","","M","","","","","ND"
"2000-09-22 14:00","2000","09","22","14:00"," ","10,90","","-5,60","","31,00","","29,00","","9,00","","","M","","M","","","","","ND"
"2000-09-22 15:00","2000","09","22","15:00"," ","11,40","","-6,50","","28,00","","32,00","","9,00","","","M","","M","","","","","ND"
"2000-09-22 16:00","2000","09","22","16:00"," ","11,70","","-6,80","","27,00","","29,00","","9,00","","","M","","M","","","","","ND"
"2000-09-22 17:00","2000","09","22","17:00"," ","10,80","","-5,30","","32,00","","31,00","","9,00","","","M","","M","","","","","ND"
"2000-09-22 18:00","2000","09","22","18:00"," ","7,10","","-5,70","","40,00","","36,00","","6,00","","","M","","M","","","","","ND"
"2000-09-22 19:00","2000","09","22","19:00"," ","4,80","","-6,20","","45,00","","36,00","","4,00","","","M","","M","","","","","ND"
"2000-09-22 20:00","2000","09","22","20:00"," ","3,80","","-6,60","","47,00","","36,00","","6,00","","","M","","M","","","","","ND"
"2000-09-22 21:00","2000","09","22","21:00"," ","4,10","","-5,00","","51,00","","2,00","","6,00","","","M","","M","","","","","ND"
"2000-09-22 22:00","2000","09","22","22:00"," ","3,40","","-6,10","","50,00","","5,00","","11,00","","","M","","M","","","","","ND"
"2000-09-22 23:00","2000","09","22","23:00"," ","2,80","","-6,20","","52,00","","5,00","","15,00","","","M","","M","","","","","ND"
"2000-09-23 00:00","2000","09","23","00:00"," ","2,30","","-6,10","","54,00","","7,00","","17,00","","","M","","M","","","","","ND"
"2000-09-23 01:00","2000","09","23","01:00"," ","1,40","","-6,00","","58,00","","4,00","","7,00","","","M","","M","","","","","ND"
"2000-09-23 02:00","2000","09","23","02:00"," ","1,00","","-6,20","","59,00","","6,00","","11,00","","","M","","M","","","","","ND"
"2000-09-23 03:00","2000","09","23","03:00"," ","0,50","","-6,20","","61,00","","7,00","","9,00","","","M","","M","","","","","ND"
"2000-09-23 04:00","2000","09","23","04:00"," ","-0,20","","-6,50","","62,00","","4,00","","11,00","","","M","","M","","","-4,00","","ND"
"2000-09-23 05:00","2000","09","23","05:00"," ","-0,60","","-6,90","","62,00","","8,00","","13,00","","","M","","M","","","-5,00","","ND"
"2000-09-23 06:00","2000","09","23","06:00"," ","-0,90","","-6,70","","65,00","","8,00","","17,00","","","M","","M","","","-6,00","","ND"
"2000-09-23 07:00","2000","09","23","07:00"," ","1,30","","-6,80","","55,00","","7,00","","7,00","","","M","","M","","","","","ND"
"2000-09-23 08:00","2000","09","23","08:00"," ","2,30","","-5,90","","55,00","","21,00","","4,00","","","M","","M","","","","","ND"
"2000-09-23 09:00","2000","09","23","09:00"," ","5,00","","-4,60","","50,00","","26,00","","6,00","","","M","","M","","","","","ND"
"2000-09-23 10:00","2000","09","23","10:00"," ","6,90","","-3,20","","49,00","","24,00","","7,00","","","M","","M","","","","","ND"
"2000-09-23 11:00","2000","09","23","11:00"," ","8,90","","-2,80","","44,00","","24,00","","6,00","","","M","","M","","","","","ND"
"2000-09-23 12:00","2000","09","23","12:00"," ","10,80","","-3,00","","38,00","","18,00","","4,00","","","M","","M","","","","","ND"
"2000-09-23 13:00","2000","09","23","13:00"," ","13,10","","-2,90","","33,00","","12,00","","2,00","","","M","","M","","","","","ND"
"2000-09-23 14:00","2000","09","23","14:00"," ","14,00","","-2,10","","33,00","","33,00","","6,00","","","M","","M","","","","","ND"
"2000-09-23 15:00","2000","09","23","15:00"," ","14,80","","-2,70","","30,00","","21,00","","2,00","","","M","","M","","","","","ND"
"2000-09-23 16:00","2000","09","23","16:00"," ","14,90","","-2,60","","30,00","","26,00","","4,00","","","M","","M","","","","","ND"
"2000-09-23 17:00","2000","09","23","17:00"," ","14,20","","-1,50","","34,00","","26,00","","6,00","","","M","","M","","","","","ND"
"2000-09-23 18:00","2000","09","23","18:00"," ","10,20","","-0,40","","48,00","","34,00","","7,00","","","M","","M","","","","","ND"
"2000-09-23 19:00","2000","09","23","19:00"," ","9,00","","-1,50","","48,00","","36,00","","6,00","","","M","","M","","","","","ND"
"2000-09-23 20:00","2000","09","23","20:00"," ","7,10","","-1,20","","55,00","","6,00","","11,00","","","M","","M","","","","","ND"
"2000-09-23 21:00","2000","09","23","21:00"," ","7,00","","-1,30","","55,00","","5,00","","7,00","","","M","","M","","","","","ND"
"2000-09-23 22:00","2000","09","23","22:00"," ","6,80","","-0,70","","59,00","","5,00","","4,00","","","M","","M","","","","","ND"
"2000-09-23 23:00","2000","09","23","23:00"," ","6,30","","-1,00","","60,00","","5,00","","11,00","","","M","","M","","","","","ND"
"2000-09-24 00:00","2000","09","24","00:00"," ","5,20","","-0,90","","65,00","","5,00","","13,00","","","M","","M","","","","","ND"
"2000-09-24 01:00","2000","09","24","01:00"," ","5,20","","-0,90","","65,00","","5,00","","15,00","","","M","","M","","","","","ND"
"2000-09-24 02:00","2000","09","24","02:00"," ","4,30","","-1,20","","67,00","","6,00","","7,00","","","M","","M","","","","","ND"
"2000-09-24 03:00","2000","09","24","03:00"," ","3,40","","-1,40","","71,00","","6,00","","11,00","","","M","","M","","","","","ND"
"2000-09-24 04:00","2000","09","24","04:00"," ","2,80","","-1,30","","74,00","","5,00","","4,00","","","M","","M","","","","","ND"
"2000-09-24 05:00","2000","09","24","05:00"," ","2,20","","-1,70","","75,00","","6,00","","13,00","","","M","","M","","","","","ND"
"2000-09-24 06:00","2000","09","24","06:00"," ","1,70","","-1,80","","78,00","","5,00","","4,00","","","M","","M","","","","","ND"
"2000-09-24 07:00","2000","09","24","07:00"," ","3,30","","-1,30","","72,00","","6,00","","9,00","","","M","","M","","","","","ND"
"2000-09-24 08:00","2000","09","24","08:00"," ","6,30","","-0,50","","62,00","","12,00","","6,00","","","M","","M","","","","","ND"
"2000-09-24 09:00","2000","09","24","09:00"," ","8,20","","-0,10","","56,00","","17,00","","6,00","","","M","","M","","","","","ND"
"2000-09-24 10:00","2000","09","24","10:00"," ","9,70","","1,10","","55,00","","26,00","","2,00","","","M","","M","","","","","ND"
"2000-09-24 11:00","2000","09","24","11:00"," ","11,70","","1,10","","48,00","","1,00","","2,00","","","M","","M","","","","","ND"
"2000-09-24 12:00","2000","09","24","12:00"," ","14,90","","1,40","","40,00","","27,00","","2,00","","","M","","M","","","","","ND"
"2000-09-24 13:00","2000","09","24","13:00"," ","15,90","","1,60","","38,00","","20,00","","4,00","","","M","","M","","","","","ND"
"2000-09-24 14:00","2000","09","24","14:00"," ","17,90","","2,20","","35,00","","28,00","","7,00","","","M","","M","","","","","ND"
"2000-09-24 15:00","2000","09","24","15:00"," ","18,60","","2,00","","33,00","","26,00","","6,00","","","M","","M","","","","","ND"
"2000-09-24 16:00","2000","09","24","16:00"," ","18,30","","2,20","","34,00","","28,00","","7,00","","","M","","M","","","","","ND"
"2000-09-24 17:00","2000","09","24","17:00"," ","16,70","","2,30","","38,00","","31,00","","6,00","","","M","","M","","","","","ND"
"2000-09-24 18:00","2000","09","24","18:00"," ","12,20","","4,00","","57,00","","35,00","","4,00","","","M","","M","","","","","ND"
"2000-09-24 19:00","2000","09","24","19:00"," ","10,90","","2,50","","56,00","","1,00","","2,00","","","M","","M","","","","","ND"
"2000-09-24 20:00","2000","09","24","20:00"," ","10,50","","2,10","","56,00","","35,00","","4,00","","","M","","M","","","","","ND"
"2000-09-24 21:00","2000","09","24","21:00"," ","9,10","","2,20","","62,00","","5,00","","7,00","","","M","","M","","","","","ND"
"2000-09-24 22:00","2000","09","24","22:00"," ","10,00","","3,10","","62,00","","34,00","","9,00","","","M","","M","","","","","ND"
"2000-09-24 23:00","2000","09","24","23:00"," ","8,40","","2,90","","68,00","","0,00","","0,00","","","M","","M","","","","","ND"
"2000-09-25 00:00","2000","09","25","00:00"," ","8,60","","2,80","","67,00","","5,00","","4,00","","","M","","M","","","","","ND"
"2000-09-25 01:00","2000","09","25","01:00"," ","7,10","","2,20","","71,00","","7,00","","4,00","","","M","","M","","","","","ND"
"2000-09-25 02:00","2000","09","25","02:00"," ","6,60","","1,90","","72,00","","4,00","","6,00","","","M","","M","","","","","ND"
"2000-09-25 03:00","2000","09","25","03:00"," ","5,00","","2,40","","83,00","","3,00","","4,00","","","M","","M","","","","","ND"
"2000-09-25 04:00","2000","09","25","04:00"," ","6,10","","2,00","","75,00","","36,00","","4,00","","","M","","M","","","","","ND"
"2000-09-25 05:00","2000","09","25","05:00"," ","4,70","","1,60","","80,00","","5,00","","7,00","","","M","","M","","","","","ND"
"2000-09-25 06:00","2000","09","25","06:00"," ","4,10","","1,70","","84,00","","0,00","","0,00","","","M","","M","","","","","ND"
"2000-09-25 07:00","2000","09","25","07:00"," ","6,10","","2,40","","77,00","","0,00","","0,00","","","M","","M","","","","","ND"
"2000-09-25 08:00","2000","09","25","08:00"," ","6,70","","2,60","","75,00","","23,00","","2,00","","","M","","M","","","","","ND"
"2000-09-25 09:00","2000","09","25","09:00"," ","10,10","","3,40","","63,00","","24,00","","2,00","","","M","","M","","","","","ND"
"2000-09-25 10:00","2000","09","25","10:00"," ","12,10","","3,90","","57,00","","23,00","","4,00","","","M","","M","","","","","ND"
"2000-09-25 11:00","2000","09","25","11:00"," ","13,50","","4,90","","56,00","","29,00","","2,00","","","M","","M","","","","","ND"
"2000-09-25 12:00","2000","09","25","12:00"," ","15,80","","5,10","","49,00","","29,00","","7,00","","","M","","M","","","","","ND"
"2000-09-25 13:00","2000","09","25","13:00"," ","17,80","","5,10","","43,00","","28,00","","6,00","","","M","","M","","","","","ND"
"2000-09-25 14:00","2000","09","25","14:00"," ","18,40","","4,60","","40,00","","26,00","","7,00","","","M","","M","","","","","ND"
"2000-09-25 15:00","2000","09","25","15:00"," ","19,40","","5,50","","40,00","","25,00","","9,00","","","M","","M","","","","","ND"
"2000-09-25 16:00","2000","09","25","16:00"," ","18,90","","5,40","","41,00","","30,00","","7,00","","","M","","M","","","","","ND"
"2000-09-25 17:00","2000","09","25","17:00"," ","17,20","","5,50","","46,00","","30,00","","6,00","","","M","","M","","","","","ND"
"2000-09-25 18:00","2000","09","25","18:00"," ","13,30","","6,20","","62,00","","9,00","","4,00","","","M","","M","","","","","ND"
"2000-09-25 19:00","2000","09","25","19:00"," ","12,10","","5,70","","65,00","","4,00","","7,00","","","M","","M","","","","","ND"
"2000-09-25 20:00","2000","09","25","20:00"," ","12,20","","4,90","","61,00","","32,00","","2,00","","","M","","M","","","","","ND"
"2000-09-25 21:00","2000","09","25","21:00"," ","11,50","","5,60","","67,00","","31,00","","4,00","","","M","","M","","","","","ND"
"2000-09-25 22:00","2000","09","25","22:00"," ","10,40","","5,60","","72,00","","34,00","","2,00","","","M","","M","","","","","ND"
"2000-09-25 23:00","2000","09","25","23:00"," ","9,40","","5,40","","76,00","","0,00","","0,00","","","M","","M","","","","","ND"
"2000-09-26 00:00","2000","09","26","00:00"," ","10,40","","5,60","","72,00","","31,00","","6,00","","","M","","M","","","","","ND"
"2000-09-26 01:00","2000","09","26","01:00"," ","8,90","","4,70","","75,00","","5,00","","4,00","","","M","","M","","","","","ND"
"2000-09-26 02:00","2000","09","26","02:00"," ","7,40","","4,40","","81,00","","6,00","","7,00","","","M","","M","","","","","ND"
"2000-09-26 03:00","2000","09","26","03:00"," ","7,50","","4,80","","83,00","","5,00","","4,00","","","M","","M","","","","","ND"
"2000-09-26 04:00","2000","09","26","04:00"," ","6,30","","3,80","","84,00","","5,00","","2,00","","","M","","M","","","","","ND"
"2000-09-26 05:00","2000","09","26","05:00"," ","5,40","","3,40","","87,00","","7,00","","4,00","","","M","","M","","","","","ND"
"2000-09-26 06:00","2000","09","26","06:00"," ","5,60","","3,80","","88,00","","32,00","","2,00","","","M","","M","","","","","ND"
"2000-09-26 07:00","2000","09","26","07:00"," ","6,20","","3,90","","85,00","","6,00","","4,00","","","M","","M","","","","","ND"
"2000-09-26 08:00","2000","09","26","08:00"," ","8,30","","4,70","","78,00","","23,00","","2,00","","","M","","M","","","","","ND"
"2000-09-26 09:00","2000","09","26","09:00"," ","10,60","","5,80","","72,00","","25,00","","4,00","","","M","","M","","","","","ND"
"2000-09-26 10:00","2000","09","26","10:00"," ","13,00","","6,10","","63,00","","25,00","","4,00","","","M","","M","","","","","ND"
"2000-09-26 11:00","2000","09","26","11:00"," ","14,70","","6,80","","59,00","","26,00","","4,00","","","M","","M","","","","","ND"
"2000-09-26 12:00","2000","09","26","12:00"," ","17,00","","6,80","","51,00","","23,00","","6,00","","","M","","M","","","","","ND"
"2000-09-26 13:00","2000","09","26","13:00"," ","18,90","","7,00","","46,00","","30,00","","6,00","","","M","","M","","","","","ND"
"2000-09-26 14:00","2000","09","26","14:00"," ","20,70","","7,00","","41,00","","16,00","","2,00","","","M","","M","","","","","ND"
"2000-09-26 15:00","2000","09","26","15:00"," ","21,60","","7,40","","40,00","","22,00","","4,00","","","M","","M","","","","","ND"
"2000-09-26 16:00","2000","09","26","16:00"," ","20,70","","7,40","","42,00","","30,00","","6,00","","","M","","M","","","","","ND"
"2000-09-26 17:00","2000","09","26","17:00"," ","19,10","","7,90","","48,00","","29,00","","6,00","","","M","","M","","","","","ND"
"2000-09-26 18:00","2000","09","26","18:00"," ","14,70","","8,90","","68,00","","4,00","","4,00","","","M","","M","","","","","ND"
"2000-09-26 19:00","2000","09","26","19:00"," ","13,90","","7,20","","64,00","","7,00","","6,00","","","M","","M","","","","","ND"
"2000-09-26 20:00","2000","09","26","20:00"," ","13,50","","6,40","","62,00","","5,00","","6,00","","","M","","M","","","","","ND"
"2000-09-26 21:00","2000","09","26","21:00"," ","12,70","","6,50","","66,00","","4,00","","6,00","","","M","","M","","","","","ND"
"2000-09-26 22:00","2000","09","26","22:00"," ","11,60","","6,90","","73,00","","31,00","","2,00","","","M","","M","","","","","ND"
"2000-09-26 23:00","2000","09","26","23:00"," ","11,30","","6,80","","74,00","","0,00","","0,00","","","M","","M","","","","","ND"
"2000-09-27 00:00","2000","09","27","00:00"," ","10,20","","6,20","","76,00","","2,00","","4,00","","","M","","M","","","","","ND"
"2000-09-27 01:00","2000","09","27","01:00"," ","9,90","","5,10","","72,00","","5,00","","7,00","","","M","","M","","","","","ND"
"2000-09-27 02:00","2000","09","27","02:00"," ","9,20","","5,00","","75,00","","6,00","","7,00","","","M","","M","","","","","ND"
"2000-09-27 03:00","2000","09","27","03:00"," ","8,20","","5,00","","80,00","","5,00","","2,00","","","M","","M","","","","","ND"
"2000-09-27 04:00","2000","09","27","04:00"," ","8,30","","5,20","","81,00","","0,00","","0,00","","","M","","M","","","","","ND"
"2000-09-27 05:00","2000","09","27","05:00"," ","7,00","","4,80","","86,00","","0,00","","0,00","","","M","","M","","","","","ND"
"2000-09-27 06:00","2000","09","27","06:00"," ","6,10","","4,60","","90,00","","5,00","","6,00","","","M","","M","","","","","ND"
"2000-09-27 07:00","2000","09","27","07:00"," ","6,50","","4,70","","88,00","","5,00","","7,00","","","M","","M","","","","","ND"
"2000-09-27 08:00","2000","09","27","08:00"," ","9,20","","5,40","","77,00","","8,00","","2,00","","","M","","M","","","","","ND"
"2000-09-27 09:00","2000","09","27","09:00"," ","11,30","","6,20","","71,00","","25,00","","4,00","","","M","","M","","","","","ND"
"2000-09-27 10:00","2000","09","27","10:00"," ","14,00","","7,10","","63,00","","20,00","","4,00","","","M","","M","","","","","ND"
"2000-09-27 11:00","2000","09","27","11:00"," ","16,40","","6,50","","52,00","","16,00","","2,00","","","M","","M","","","","","ND"
"2000-09-27 12:00","2000","09","27","12:00"," ","19,20","","7,00","","45,00","","8,00","","2,00","","","M","","M","","","","","ND"
"2000-09-27 13:00","2000","09","27","13:00"," ","20,80","","7,80","","43,00","","27,00","","2,00","","","M","","M","","","","","ND"
"2000-09-27 14:00","2000","09","27","14:00"," ","21,90","","7,70","","40,00","","12,00","","2,00","","","M","","M","","","","","ND"
"2000-09-27 15:00","2000","09","27","15:00"," ","22,60","","6,80","","36,00","","27,00","","6,00","","","M","","M","","","","","ND"
"2000-09-27 16:00","2000","09","27","16:00"," ","22,80","","6,10","","34,00","","29,00","","4,00","","","M","","M","","","","","ND"
"2000-09-27 17:00","2000","09","27","17:00"," ","19,80","","9,40","","51,00","","26,00","","4,00","","","M","","M","","","","","ND"
"2000-09-27 18:00","2000","09","27","18:00"," ","16,40","","6,50","","52,00","","3,00","","4,00","","","M","","M","","","","","ND"
"2000-09-27 19:00","2000","09","27","19:00"," ","15,00","","5,00","","51,00","","5,00","","7,00","","","M","","M","","","","","ND"
"2000-09-27 20:00","2000","09","27","20:00"," ","15,00","","5,20","","52,00","","3,00","","4,00","","","M","","M","","","","","ND"
"2000-09-27 21:00","2000","09","27","21:00"," ","14,50","","5,30","","54,00","","36,00","","6,00","","","M","","M","","","","","ND"
"2000-09-27 22:00","2000","09","27","22:00"," ","12,60","","6,20","","65,00","","23,00","","2,00","","","M","","M","","","","","ND"
"2000-09-27 23:00","2000","09","27","23:00"," ","12,60","","5,80","","63,00","","33,00","","4,00","","","M","","M","","","","","ND"
"2000-09-28 00:00","2000","09","28","00:00"," ","12,30","","5,50","","63,00","","4,00","","2,00","","","M","","M","","","","","ND"
"2000-09-28 01:00","2000","09","28","01:00"," ","10,50","","4,00","","64,00","","7,00","","6,00","","","M","","M","","","","","ND"
"2000-09-28 02:00","2000","09","28","02:00"," ","9,50","","3,50","","66,00","","6,00","","6,00","","","M","","M","","","","","ND"
"2000-09-28 03:00","2000","09","28","03:00"," ","8,90","","3,50","","69,00","","5,00","","7,00","","","M","","M","","","","","ND"
"2000-09-28 04:00","2000","09","28","04:00"," ","7,00","","4,20","","82,00","","5,00","","2,00","","","M","","M","","","","","ND"
"2000-09-28 05:00","2000","09","28","05:00"," ","7,80","","3,80","","76,00","","7,00","","2,00","","","M","","M","","","","","ND"
"2000-09-28 06:00","2000","09","28","06:00"," ","6,90","","3,00","","76,00","","5,00","","7,00","","","M","","M","","","","","ND"
"2000-09-28 07:00","2000","09","28","07:00"," ","6,90","","3,90","","81,00","","30,00","","2,00","","","M","","M","","","","","ND"
"2000-09-28 08:00","2000","09","28","08:00"," ","10,00","","5,20","","72,00","","19,00","","2,00","","","M","","M","","","","","ND"
"2000-09-28 09:00","2000","09","28","09:00"," ","11,50","","4,70","","63,00","","12,00","","4,00","","","M","","M","","","","","ND"
"2000-09-28 10:00","2000","09","28","10:00"," ","13,40","","5,80","","60,00","","24,00","","4,00","","","M","","M","","","","","ND"
"2000-09-28 11:00","2000","09","28","11:00"," ","15,10","","5,60","","53,00","","23,00","","7,00","","","M","","M","","","","","ND"
"2000-09-28 12:00","2000","09","28","12:00"," ","18,20","","6,10","","45,00","","17,00","","4,00","","","M","","M","","","","","ND"
"2000-09-28 13:00","2000","09","28","13:00"," ","19,70","","6,80","","43,00","","30,00","","7,00","","","M","","M","","","","","ND"
"2000-09-28 14:00","2000","09","28","14:00"," ","20,00","","6,40","","41,00","","32,00","","7,00","","","M","","M","","","","","ND"
"2000-09-28 15:00","2000","09","28","15:00"," ","21,80","","6,90","","38,00","","30,00","","9,00","","","M","","M","","","","","ND"
"2000-09-28 16:00","2000","09","28","16:00"," ","20,70","","7,40","","42,00","","33,00","","7,00","","","M","","M","","","","","ND"
"2000-09-28 17:00","2000","09","28","17:00"," ","17,80","","6,70","","48,00","","1,00","","6,00","","","M","","M","","","","","ND"
"2000-09-28 18:00","2000","09","28","18:00"," ","17,10","","6,30","","49,00","","10,00","","6,00","","","M","","M","","","","","ND"
"2000-09-28 19:00","2000","09","28","19:00"," ","16,30","","6,40","","52,00","","10,00","","11,00","","","M","","M","","","","","ND"
"2000-09-28 20:00","2000","09","28","20:00"," ","14,70","","6,50","","58,00","","7,00","","9,00","","","M","","M","","","","","ND"
"2000-09-28 21:00","2000","09","28","21:00"," ","13,80","","6,20","","60,00","","7,00","","9,00","","","M","","M","","","","","ND"
"2000-09-28 22:00","2000","09","28","22:00"," ","13,80","","5,90","","59,00","","7,00","","11,00","","","M","","M","","","","","ND"
"2000-09-28 23:00","2000","09","28","23:00"," ","12,60","","6,00","","64,00","","7,00","","9,00","","","M","","M","","","","","ND"
"2000-09-29 00:00","2000","09","29","00:00"," ","12,20","","5,60","","64,00","","6,00","","6,00","","","M","","M","","","","","ND"
"2000-09-29 01:00","2000","09","29","01:00"," ","11,90","","5,50","","65,00","","7,00","","7,00","","","M","","M","","","","","ND"
"2000-09-29 02:00","2000","09","29","02:00"," ","12,20","","5,60","","64,00","","6,00","","13,00","","","M","","M","","","","","ND"
"2000-09-29 03:00","2000","09","29","03:00"," ","12,20","","5,20","","62,00","","6,00","","17,00","","","M","","M","","","","","ND"
"2000-09-29 04:00","2000","09","29","04:00"," ","12,00","","5,00","","62,00","","7,00","","13,00","","","M","","M","","","","","ND"
"2000-09-29 05:00","2000","09","29","05:00"," ","12,00","","5,00","","62,00","","6,00","","6,00","","","M","","M","","","","","ND"
"2000-09-29 06:00","2000","09","29","06:00"," ","10,50","","5,30","","70,00","","8,00","","4,00","","","M","","M","","","","","ND"
"2000-09-29 07:00","2000","09","29","07:00"," ","11,10","","5,40","","68,00","","16,00","","2,00","","","M","","M","","","","","ND"
"2000-09-29 08:00","2000","09","29","08:00"," ","11,70","","7,00","","73,00","","11,00","","4,00","","","M","","M","","","","","ND"
"2000-09-29 09:00","2000","09","29","09:00"," ","12,50","","7,20","","70,00","","17,00","","6,00","","","M","","M","","","","","ND"
"2000-09-29 10:00","2000","09","29","10:00"," ","12,50","","8,40","","76,00","","16,00","","6,00","","","M","","M","","","","","ND"
"2000-09-29 11:00","2000","09","29","11:00"," ","14,10","","7,90","","66,00","","18,00","","11,00","","","M","","M","","","","","ND"
"2000-09-29 12:00","2000","09","29","12:00"," ","14,50","","8,70","","68,00","","16,00","","13,00","","","M","","M","","","","","ND"
"2000-09-29 13:00","2000","09","29","13:00"," ","16,50","","9,00","","61,00","","15,00","","11,00","","","M","","M","","","","","ND"
"2000-09-29 14:00","2000","09","29","14:00"," ","16,80","","9,00","","60,00","","20,00","","13,00","","","M","","M","","","","","ND"
"2000-09-29 15:00","2000","09","29","15:00"," ","16,50","","9,20","","62,00","","20,00","","9,00","","","M","","M","","","","","ND"
"2000-09-29 16:00","2000","09","29","16:00"," ","14,80","","10,80","","77,00","","1,00","","6,00","","","M","","M","","","","","ND"
"2000-09-29 17:00","2000","09","29","17:00"," ","14,00","","11,00","","82,00","","16,00","","9,00","","","M","","M","","","","","ND"
"2000-09-29 18:00","2000","09","29","18:00"," ","12,50","","11,20","","92,00","","7,00","","7,00","","","M","","M","","","","","ND"
"2000-09-29 19:00","2000","09","29","19:00"," ","12,10","","11,60","","97,00","","5,00","","6,00","","","M","","M","","","","","ND"
"2000-09-29 20:00","2000","09","29","20:00"," ","11,70","","11,70","","100,00","","7,00","","7,00","","","M","","M","","","","","ND"
"2000-09-29 21:00","2000","09","29","21:00"," ","11,60","","11,60","","100,00","","34,00","","2,00","","","M","","M","","","","","ND"
"2000-09-29 22:00","2000","09","29","22:00"," ","11,60","","11,60","","100,00","","10,00","","2,00","","","M","","M","","","","","ND"
"2000-09-29 23:00","2000","09","29","23:00"," ","11,30","","11,30","","100,00","","0,00","","0,00","","","M","","M","","","","","ND"
"2000-09-30 00:00","2000","09","30","00:00"," ","11,10","","11,10","","100,00","","7,00","","6,00","","","M","","M","","","","","ND"
"2000-09-30 01:00","2000","09","30","01:00"," ","11,40","","11,40","","100,00","","8,00","","6,00","","","M","","M","","","","","ND"
"2000-09-30 02:00","2000","09","30","02:00"," ","11,20","","11,20","","100,00","","0,00","","0,00","","","M","","M","","","","","ND"
"2000-09-30 03:00","2000","09","30","03:00"," ","11,50","","11,50","","100,00","","21,00","","4,00","","","M","","M","","","","","ND"
"2000-09-30 04:00","2000","09","30","04:00"," ","13,60","","12,50","","93,00","","20,00","","11,00","","","M","","M","","","","","ND"
"2000-09-30 05:00","2000","09","30","05:00"," ","13,90","","12,30","","90,00","","15,00","","22,00","","","M","","M","","","","","ND"
"2000-09-30 06:00","2000","09","30","06:00"," ","13,30","","12,20","","93,00","","14,00","","19,00","","","M","","M","","","","","ND"
"2000-09-30 07:00","2000","09","30","07:00"," ","13,70","","12,30","","91,00","","15,00","","20,00","","","M","","M","","","","","ND"
"2000-09-30 08:00","2000","09","30","08:00"," ","14,20","","12,30","","88,00","","15,00","","15,00","","","M","","M","","","","","ND"
"2000-09-30 09:00","2000","09","30","09:00"," ","14,50","","12,90","","90,00","","15,00","","13,00","","","M","","M","","","","","ND"
"2000-09-30 10:00","2000","09","30","10:00"," ","15,10","","13,50","","90,00","","15,00","","15,00","","","M","","M","","","","","ND"
"2000-09-30 11:00","2000","09","30","11:00"," ","14,40","","13,80","","96,00","","14,00","","6,00","","","M","","M","","","","","ND"
"2000-09-30 12:00","2000","09","30","12:00"," ","14,30","","12,70","","90,00","","13,00","","13,00","","","M","","M","","","","","ND"
"2000-09-30 13:00","2000","09","30","13:00"," ","15,90","","14,30","","90,00","","23,00","","6,00","","","M","","M","","","","","ND"
"2000-09-30 14:00","2000","09","30","14:00"," ","18,40","","15,10","","81,00","","18,00","","7,00","","","M","","M","","","","","ND"
"2000-09-30 15:00","2000","09","30","15:00"," ","19,10","","13,30","","69,00","","18,00","","13,00","","","M","","M","","","","","ND"
"2000-09-30 16:00","2000","09","30","16:00"," ","17,90","","11,50","","66,00","","20,00","","7,00","","","M","","M","","","","","ND"
"2000-09-30 17:00","2000","09","30","17:00"," ","16,90","","8,10","","56,00","","25,00","","11,00","","","M","","M","","","","","ND"
"2000-09-30 18:00","2000","09","30","18:00"," ","12,70","","9,90","","83,00","","0,00","","0,00","","","M","","M","","","","","ND"
"2000-09-30 19:00","2000","09","30","19:00"," ","10,80","","9,40","","91,00","","7,00","","7,00","","","M","","M","","","","","ND"
"2000-09-30 20:00","2000","09","30","20:00"," ","10,90","","9,50","","91,00","","4,00","","7,00","","","M","","M","","","","","ND"
"2000-09-30 21:00","2000","09","30","21:00"," ","11,30","","9,70","","90,00","","28,00","","6,00","","","M","","M","","","","","ND"
"2000-09-30 22:00","2000","09","30","22:00"," ","9,80","","9,70","","99,00","","7,00","","9,00","","","M","","M","","","","","ND"
"2000-09-30 23:00","2000","09","30","23:00"," ","9,60","","9,30","","98,00","","7,00","","9,00","","","M","","M","","","","","ND"
