"Nom de la Station","HAINES JUNCTION"
"Province","YUKON TERRITORY"
"Latitude","60,77"
"Longitude","-137,58"
"Altitude","595,30"
"Identification Climat","2100630"
"Identification OMM","71505"
"Identification TC","WHT"
"Toutes les heures sont exprimées en heure normale locale (HNL). Pour convertir l'heure locale en heure avancée de l'Est (HAE), ajoutez 1 heure s'il y a lieu."

"Légende"
"M","Données Manquantes"
"E","Valeur Estimée"
"ND","Non Disponible"
"**","Données fournies par un partenaire, non assujetties à un révision par les Archives climatiques nationales du Canada"

"Date/Heure","Année","Mois","Jour","Heure","Qualité des Données","Temp (°C)","Temp Indicateur","Point de rosée (°C)","Point de rosée Indicateur","Hum. rel (%)","Hum. rel. Indicateur","Dir. du vent (10s deg)","Dir. du vent Indicateur","Vit. du vent (km/h)","Vit. du vent Indicateur","Visibilité (km)","Visibilité Indicateur","Pression à la station (kPa)","Pression à la station Indicateur","Hmdx","Hmdx Indicateur","Refroid. éolien","Refroid. éolien Indicateur","Temps"
"2008-04-01 00:00","2008","04","01","00:00"," ","-6,50","","-9,70","","78,00","","8,00","","2,00","","","","94,96","","","","-7,00","","ND"
"2008-04-01 01:00","2008","04","01","01:00"," ","-7,50","","-9,80","","84,00","","10,00","","2,00","","","","94,94","","","","-9,00","","ND"
"2008-04-01 02:00","2008","04","01","02:00"," ","-8,40","","-10,90","","82,00","","0,00","","0,00","","","","94,92","","","","","","ND"
"2008-04-01 03:00","2008","04","01","03:00"," ","-8,20","","-10,60","","83,00","","5,00","","4,00","","","","94,87","","","","-10,00","","ND"
"2008-04-01 04:00","2008","04","01","04:00"," ","-9,80","","-12,20","","83,00","","7,00","","2,00","","","","94,82","","","","-11,00","","ND"
"2008-04-01 05:00","2008","04","01","05:00"," ","-9,60","","-11,60","","85,00","","6,00","","4,00","","","","94,78","","","","-12,00","","ND"
"2008-04-01 06:00","2008","04","01","06:00"," ","-10,90","","-12,80","","86,00","","10,00","","6,00","","","","94,74","","","","-15,00","","ND"
"2008-04-01 07:00","2008","04","01","07:00"," ","-10,70","","-12,60","","86,00","","3,00","","2,00","","","","94,71","","","","-12,00","","ND"
"2008-04-01 08:00","2008","04","01","08:00"," ","-9,00","","-11,50","","82,00","","9,00","","4,00","","","","94,69","","","","-11,00","","ND"
"2008-04-01 09:00","2008","04","01","09:00"," ","-5,00","","-9,20","","72,00","","10,00","","4,00","","","","94,68","","","","-7,00","","ND"
"2008-04-01 10:00","2008","04","01","10:00"," ","-1,00","","-7,40","","62,00","","19,00","","2,00","","","","94,65","","","","-2,00","","ND"
"2008-04-01 11:00","2008","04","01","11:00"," ","1,50","","-7,00","","53,00","","23,00","","6,00","","","","94,63","","","","","","ND"
"2008-04-01 12:00","2008","04","01","12:00"," ","3,00","","-7,20","","47,00","","20,00","","6,00","","","","94,58","","","","","","ND"
"2008-04-01 13:00","2008","04","01","13:00"," ","3,50","","-6,70","","47,00","","24,00","","9,00","","","","94,54","","","","","","ND"
"2008-04-01 14:00","2008","04","01","14:00"," ","5,60","","-6,60","","41,00","","30,00","","6,00","","","","94,50","","","","","","ND"
"2008-04-01 15:00","2008","04","01","15:00"," ","5,60","","-5,80","","44,00","","26,00","","11,00","","","","94,45","","","","","","ND"
"2008-04-01 16:00","2008","04","01","16:00"," ","5,80","","-5,50","","44,00","","27,00","","13,00","","","","94,41","","","","","","ND"
"2008-04-01 17:00","2008","04","01","17:00"," ","5,20","","-5,20","","47,00","","28,00","","17,00","","","","94,35","","","","","","ND"
"2008-04-01 18:00","2008","04","01","18:00"," ","4,60","","-5,00","","50,00","","29,00","","13,00","","","","94,32","","","","","","ND"
"2008-04-01 19:00","2008","04","01","19:00"," ","3,70","","-5,10","","53,00","","28,00","","13,00","","","","94,31","","","","","","ND"
"2008-04-01 20:00","2008","04","01","20:00"," ","3,20","","-5,50","","53,00","","27,00","","13,00","","","","94,33","","","","","","ND"
"2008-04-01 21:00","2008","04","01","21:00"," ","-0,10","","-5,80","","65,00","","12,00","","2,00","","","","94,36","","","","-1,00","","ND"
"2008-04-01 22:00","2008","04","01","22:00"," ","-3,60","","-7,50","","74,00","","35,00","","2,00","","","","94,40","","","","-4,00","","ND"
"2008-04-01 23:00","2008","04","01","23:00"," ","-4,40","","-7,30","","80,00","","9,00","","2,00","","","","94,40","","","","-5,00","","ND"
"2008-04-02 00:00","2008","04","02","00:00"," ","-4,50","","-6,90","","83,00","","33,00","","2,00","","","","94,41","","","","-5,00","","ND"
"2008-04-02 01:00","2008","04","02","01:00"," ","-6,30","","-8,30","","86,00","","0,00","","0,00","","","","94,42","","","","","","ND"
"2008-04-02 02:00","2008","04","02","02:00"," ","-7,30","","-9,60","","84,00","","34,00","","2,00","","","","94,41","","","","-8,00","","ND"
"2008-04-02 03:00","2008","04","02","03:00"," ","-7,90","","-9,90","","86,00","","5,00","","2,00","","","","94,40","","","","-9,00","","ND"
"2008-04-02 04:00","2008","04","02","04:00"," ","-7,30","","-9,30","","86,00","","6,00","","4,00","","","","94,37","","","","-9,00","","ND"
"2008-04-02 05:00","2008","04","02","05:00"," ","-7,90","","-9,90","","86,00","","9,00","","4,00","","","","94,38","","","","-10,00","","ND"
"2008-04-02 06:00","2008","04","02","06:00"," ","-7,10","","-9,10","","86,00","","11,00","","4,00","","","","94,39","","","","-9,00","","ND"
"2008-04-02 07:00","2008","04","02","07:00"," ","-6,30","","-8,50","","84,00","","10,00","","2,00","","","","94,37","","","","-7,00","","ND"
"2008-04-02 08:00","2008","04","02","08:00"," ","-4,80","","-7,60","","81,00","","24,00","","2,00","","","","94,40","","","","-6,00","","ND"
"2008-04-02 09:00","2008","04","02","09:00"," ","-3,00","","-6,70","","76,00","","1,00","","2,00","","","","94,41","","","","-4,00","","ND"
"2008-04-02 10:00","2008","04","02","10:00"," ","1,40","","-5,30","","61,00","","0,00","","0,00","","","","94,41","","","","","","ND"
"2008-04-02 11:00","2008","04","02","11:00"," ","4,90","","-7,50","","40,00","","16,00","","6,00","","","","94,41","","","","","","ND"
"2008-04-02 12:00","2008","04","02","12:00"," ","6,50","","-7,90","","35,00","","8,00","","6,00","","","","94,41","","","","","","ND"
"2008-04-02 13:00","2008","04","02","13:00"," ","6,70","","-8,20","","34,00","","28,00","","7,00","","","","94,40","","","","","","ND"
"2008-04-02 14:00","2008","04","02","14:00"," ","6,80","","-8,00","","34,00","","29,00","","15,00","","","","94,39","","","","","","ND"
"2008-04-02 15:00","2008","04","02","15:00"," ","6,80","","-7,10","","36,00","","27,00","","19,00","","","","94,37","","","","","","ND"
"2008-04-02 16:00","2008","04","02","16:00"," ","6,10","","-6,00","","42,00","","27,00","","19,00","","","","94,34","","","","","","ND"
"2008-04-02 17:00","2008","04","02","17:00"," ","6,00","","-6,50","","40,00","","28,00","","19,00","","","","94,32","","","","","","ND"
"2008-04-02 18:00","2008","04","02","18:00"," ","5,00","","-5,60","","46,00","","28,00","","20,00","","","","94,30","","","","","","ND"
"2008-04-02 19:00","2008","04","02","19:00"," ","3,90","","-5,50","","50,00","","27,00","","17,00","","","","94,32","","","","","","ND"
"2008-04-02 20:00","2008","04","02","20:00"," ","3,00","","-5,40","","54,00","","27,00","","15,00","","","","94,37","","","","","","ND"
"2008-04-02 21:00","2008","04","02","21:00"," ","1,80","","-6,20","","55,00","","23,00","","6,00","","","","94,46","","","","","","ND"
"2008-04-02 22:00","2008","04","02","22:00"," ","-2,30","","-6,80","","71,00","","24,00","","2,00","","","","94,50","","","","-3,00","","ND"
"2008-04-02 23:00","2008","04","02","23:00"," ","-3,40","","-6,70","","78,00","","4,00","","2,00","","","","94,54","","","","-4,00","","ND"
"2008-04-03 00:00","2008","04","03","00:00"," ","-4,00","","-7,30","","78,00","","5,00","","4,00","","","","94,55","","","","-6,00","","ND"
"2008-04-03 01:00","2008","04","03","01:00"," ","-5,20","","-7,80","","82,00","","7,00","","2,00","","","","94,52","","","","-6,00","","ND"
"2008-04-03 02:00","2008","04","03","02:00"," ","-6,20","","-8,50","","84,00","","6,00","","4,00","","","","94,52","","","","-8,00","","ND"
"2008-04-03 03:00","2008","04","03","03:00"," ","-7,60","","-9,60","","86,00","","9,00","","2,00","","","","94,50","","","","-9,00","","ND"
"2008-04-03 04:00","2008","04","03","04:00"," ","-7,90","","-10,00","","85,00","","9,00","","2,00","","","","94,46","","","","-9,00","","ND"
"2008-04-03 05:00","2008","04","03","05:00"," ","-8,20","","-10,30","","85,00","","5,00","","2,00","","","","94,44","","","","-9,00","","ND"
"2008-04-03 06:00","2008","04","03","06:00"," ","-9,20","","-10,90","","87,00","","11,00","","2,00","","","","94,42","","","","-10,00","","ND"
"2008-04-03 07:00","2008","04","03","07:00"," ","-8,70","","-10,50","","87,00","","5,00","","6,00","","","","94,41","","","","-12,00","","ND"
"2008-04-03 08:00","2008","04","03","08:00"," ","-6,50","","-9,10","","82,00","","9,00","","2,00","","","","94,40","","","","-7,00","","ND"
"2008-04-03 09:00","2008","04","03","09:00"," ","-0,70","","-6,40","","65,00","","20,00","","4,00","","","","94,36","","","","-2,00","","ND"
"2008-04-03 10:00","2008","04","03","10:00"," ","3,10","","-6,20","","50,00","","0,00","","0,00","","","","94,34","","","","","","ND"
"2008-04-03 11:00","2008","04","03","11:00"," ","5,20","","-5,60","","46,00","","20,00","","4,00","","","","94,31","","","","","","ND"
"2008-04-03 12:00","2008","04","03","12:00"," ","5,60","","-6,40","","42,00","","25,00","","7,00","","","","94,26","","","","","","ND"
"2008-04-03 13:00","2008","04","03","13:00"," ","6,60","","-6,20","","39,00","","27,00","","7,00","","","","94,22","","","","","","ND"
"2008-04-03 14:00","2008","04","03","14:00"," ","6,90","","-6,40","","38,00","","25,00","","11,00","","","","94,16","","","","","","ND"
"2008-04-03 15:00","2008","04","03","15:00"," ","6,90","","-6,50","","38,00","","27,00","","15,00","","","","94,11","","","","","","ND"
"2008-04-03 16:00","2008","04","03","16:00"," ","6,50","","-6,50","","39,00","","28,00","","19,00","","","","94,10","","","","","","ND"
"2008-04-03 17:00","2008","04","03","17:00"," ","5,30","","-5,50","","46,00","","28,00","","20,00","","","","94,07","","","","","","ND"
"2008-04-03 18:00","2008","04","03","18:00"," ","4,20","","-5,10","","51,00","","28,00","","20,00","","","","94,05","","","","","","ND"
"2008-04-03 19:00","2008","04","03","19:00"," ","3,60","","-4,90","","54,00","","27,00","","19,00","","","","94,06","","","","","","ND"
"2008-04-03 20:00","2008","04","03","20:00"," ","3,60","","-5,50","","51,00","","28,00","","7,00","","","","94,05","","","","","","ND"
"2008-04-03 21:00","2008","04","03","21:00"," ","3,40","","-5,30","","53,00","","23,00","","6,00","","","","94,05","","","","","","ND"
"2008-04-03 22:00","2008","04","03","22:00"," ","-1,20","","-5,50","","73,00","","1,00","","2,00","","","","94,09","","","","-2,00","","ND"
"2008-04-03 23:00","2008","04","03","23:00"," ","-2,10","","-5,60","","77,00","","10,00","","2,00","","","","94,10","","","","-3,00","","ND"
"2008-04-04 00:00","2008","04","04","00:00"," ","-3,30","","-6,20","","80,00","","9,00","","4,00","","","","94,08","","","","-5,00","","ND"
"2008-04-04 01:00","2008","04","04","01:00"," ","-3,70","","-6,40","","81,00","","28,00","","2,00","","","","94,07","","","","-5,00","","ND"
"2008-04-04 02:00","2008","04","04","02:00"," ","-2,60","","-7,00","","72,00","","34,00","","6,00","","","","94,06","","","","-5,00","","ND"
"2008-04-04 03:00","2008","04","04","03:00"," ","-4,80","","-7,40","","82,00","","11,00","","2,00","","","","94,04","","","","-6,00","","ND"
"2008-04-04 04:00","2008","04","04","04:00"," ","-5,70","","-7,20","","89,00","","6,00","","4,00","","","","94,03","","","","-8,00","","ND"
"2008-04-04 05:00","2008","04","04","05:00"," ","-7,00","","-9,00","","86,00","","8,00","","2,00","","","","94,03","","","","-8,00","","ND"
"2008-04-04 06:00","2008","04","04","06:00"," ","-7,30","","-8,60","","90,00","","2,00","","2,00","","","","94,00","","","","-8,00","","ND"
"2008-04-04 07:00","2008","04","04","07:00"," ","-7,90","","-9,30","","90,00","","0,00","","0,00","","","","93,99","","","","","","ND"
"2008-04-04 08:00","2008","04","04","08:00"," ","-4,10","","-7,10","","80,00","","10,00","","4,00","","","","93,96","","","","-6,00","","ND"
"2008-04-04 09:00","2008","04","04","09:00"," ","0,10","","-5,40","","66,00","","22,00","","2,00","","","","93,94","","","","","","ND"
"2008-04-04 10:00","2008","04","04","10:00"," ","2,80","","-5,80","","53,00","","22,00","","6,00","","","","93,88","","","","","","ND"
"2008-04-04 11:00","2008","04","04","11:00"," ","4,40","","-6,60","","45,00","","20,00","","4,00","","","","93,83","","","","","","ND"
"2008-04-04 12:00","2008","04","04","12:00"," ","4,60","","-7,30","","42,00","","28,00","","9,00","","","","93,78","","","","","","ND"
"2008-04-04 13:00","2008","04","04","13:00"," ","4,90","","-6,60","","43,00","","27,00","","15,00","","","","93,74","","","","","","ND"
"2008-04-04 14:00","2008","04","04","14:00"," ","5,20","","-6,50","","43,00","","27,00","","17,00","","","","93,68","","","","","","ND"
"2008-04-04 15:00","2008","04","04","15:00"," ","5,40","","-7,60","","39,00","","26,00","","17,00","","","","93,66","","","","","","ND"
"2008-04-04 16:00","2008","04","04","16:00"," ","5,30","","-7,50","","39,00","","27,00","","17,00","","","","93,63","","","","","","ND"
"2008-04-04 17:00","2008","04","04","17:00"," ","4,50","","-7,60","","41,00","","27,00","","19,00","","","","93,59","","","","","","ND"
"2008-04-04 18:00","2008","04","04","18:00"," ","3,80","","-6,70","","46,00","","27,00","","19,00","","","","93,57","","","","","","ND"
"2008-04-04 19:00","2008","04","04","19:00"," ","2,50","","-7,50","","48,00","","28,00","","19,00","","","","93,56","","","","","","ND"
"2008-04-04 20:00","2008","04","04","20:00"," ","1,70","","-7,90","","49,00","","28,00","","13,00","","","","93,55","","","","","","ND"
"2008-04-04 21:00","2008","04","04","21:00"," ","1,10","","-8,00","","51,00","","25,00","","11,00","","","","93,58","","","","","","ND"
"2008-04-04 22:00","2008","04","04","22:00"," ","-1,20","","-7,60","","62,00","","22,00","","4,00","","","","93,58","","","","-3,00","","ND"
"2008-04-04 23:00","2008","04","04","23:00"," ","-4,40","","-8,00","","76,00","","9,00","","4,00","","","","93,57","","","","-6,00","","ND"
"2008-04-05 00:00","2008","04","05","00:00"," ","-4,60","","-8,40","","75,00","","6,00","","2,00","","","","93,54","","","","-5,00","","ND"
"2008-04-05 01:00","2008","04","05","01:00"," ","-6,10","","-8,80","","81,00","","33,00","","2,00","","","","93,54","","","","-7,00","","ND"
"2008-04-05 02:00","2008","04","05","02:00"," ","-7,10","","-9,40","","84,00","","10,00","","4,00","","","","93,52","","","","-9,00","","ND"
"2008-04-05 03:00","2008","04","05","03:00"," ","-7,70","","-10,40","","81,00","","4,00","","4,00","","","","93,49","","","","-10,00","","ND"
"2008-04-05 04:00","2008","04","05","04:00"," ","-9,20","","-11,40","","84,00","","7,00","","2,00","","","","93,47","","","","-10,00","","ND"
"2008-04-05 05:00","2008","04","05","05:00"," ","-9,90","","-11,80","","86,00","","10,00","","2,00","","","","93,46","","","","-11,00","","ND"
"2008-04-05 06:00","2008","04","05","06:00"," ","-10,30","","-12,20","","86,00","","7,00","","2,00","","","","93,44","","","","-11,00","","ND"
"2008-04-05 07:00","2008","04","05","07:00"," ","-10,80","","-12,60","","87,00","","9,00","","2,00","","","","93,44","","","","-12,00","","ND"
"2008-04-05 08:00","2008","04","05","08:00"," ","-6,70","","-10,30","","76,00","","9,00","","2,00","","","","93,42","","","","-8,00","","ND"
"2008-04-05 09:00","2008","04","05","09:00"," ","-2,30","","-8,40","","63,00","","21,00","","2,00","","","","93,41","","","","-3,00","","ND"
"2008-04-05 10:00","2008","04","05","10:00"," ","0,20","","-7,90","","54,00","","23,00","","2,00","","","","93,38","","","","","","ND"
"2008-04-05 11:00","2008","04","05","11:00"," ","3,00","","-8,30","","43,00","","23,00","","2,00","","","","93,33","","","","","","ND"
"2008-04-05 12:00","2008","04","05","12:00"," ","3,10","","-8,10","","44,00","","24,00","","11,00","","","","93,29","","","","","","ND"
"2008-04-05 13:00","2008","04","05","13:00"," ","3,90","","-7,60","","43,00","","26,00","","9,00","","","","93,26","","","","","","ND"
"2008-04-05 14:00","2008","04","05","14:00"," ","4,50","","-8,30","","39,00","","26,00","","13,00","","","","93,23","","","","","","ND"
"2008-04-05 15:00","2008","04","05","15:00"," ","4,60","","-8,10","","39,00","","26,00","","17,00","","","","93,18","","","","","","ND"
"2008-04-05 16:00","2008","04","05","16:00"," ","5,00","","-7,60","","40,00","","27,00","","13,00","","","","93,15","","","","","","ND"
"2008-04-05 17:00","2008","04","05","17:00"," ","4,40","","-7,90","","40,00","","27,00","","17,00","","","","93,12","","","","","","ND"
"2008-04-05 18:00","2008","04","05","18:00"," ","3,90","","-7,30","","44,00","","27,00","","15,00","","","","93,10","","","","","","ND"
"2008-04-05 19:00","2008","04","05","19:00"," ","2,70","","-7,00","","49,00","","27,00","","13,00","","","","93,09","","","","","","ND"
"2008-04-05 20:00","2008","04","05","20:00"," ","1,30","","-6,80","","55,00","","27,00","","15,00","","","","93,09","","","","","","ND"
"2008-04-05 21:00","2008","04","05","21:00"," ","0,90","","-7,10","","55,00","","26,00","","11,00","","","","93,12","","","","","","ND"
"2008-04-05 22:00","2008","04","05","22:00"," ","-1,80","","-7,50","","65,00","","21,00","","4,00","","","","93,13","","","","-3,00","","ND"
"2008-04-05 23:00","2008","04","05","23:00"," ","-3,80","","-7,60","","75,00","","5,00","","2,00","","","","93,15","","","","-5,00","","ND"
"2008-04-06 00:00","2008","04","06","00:00"," ","-4,90","","-8,10","","78,00","","34,00","","2,00","","","","93,13","","","","-6,00","","ND"
"2008-04-06 01:00","2008","04","06","01:00"," ","-5,80","","-8,40","","82,00","","9,00","","2,00","","","","93,13","","","","-7,00","","ND"
"2008-04-06 02:00","2008","04","06","02:00"," ","-7,00","","-8,90","","86,00","","7,00","","2,00","","","","93,13","","","","-8,00","","ND"
"2008-04-06 03:00","2008","04","06","03:00"," ","-7,70","","-9,70","","86,00","","8,00","","2,00","","","","93,11","","","","-9,00","","ND"
"2008-04-06 04:00","2008","04","06","04:00"," ","-8,80","","-10,70","","86,00","","11,00","","4,00","","","","93,12","","","","-11,00","","ND"
"2008-04-06 05:00","2008","04","06","05:00"," ","-9,30","","-11,10","","87,00","","9,00","","2,00","","","","93,13","","","","-10,00","","ND"
"2008-04-06 06:00","2008","04","06","06:00"," ","-9,50","","-11,00","","89,00","","7,00","","2,00","","","","93,14","","","","-11,00","","ND"
"2008-04-06 07:00","2008","04","06","07:00"," ","-9,40","","-11,00","","88,00","","0,00","","0,00","","","","93,15","","","","","","ND"
"2008-04-06 08:00","2008","04","06","08:00"," ","-5,80","","-8,90","","79,00","","7,00","","2,00","","","","93,14","","","","-7,00","","ND"
"2008-04-06 09:00","2008","04","06","09:00"," ","-1,10","","-7,50","","62,00","","0,00","","0,00","","","","93,12","","","","","","ND"
"2008-04-06 10:00","2008","04","06","10:00"," ","0,00","","-7,60","","57,00","","22,00","","4,00","","","","93,10","","","","-1,00","","ND"
"2008-04-06 11:00","2008","04","06","11:00"," ","2,20","","-7,10","","50,00","","22,00","","2,00","","","","93,07","","","","","","ND"
"2008-04-06 12:00","2008","04","06","12:00"," ","2,90","","-6,30","","51,00","","26,00","","6,00","","","","93,04","","","","","","ND"
"2008-04-06 13:00","2008","04","06","13:00"," ","2,90","","-6,80","","49,00","","29,00","","6,00","","","","93,04","","","","","","ND"
"2008-04-06 14:00","2008","04","06","14:00"," ","3,40","","-7,10","","46,00","","26,00","","9,00","","","","93,01","","","","","","ND"
"2008-04-06 15:00","2008","04","06","15:00"," ","3,70","","-6,80","","46,00","","28,00","","9,00","","","","93,01","","","","","","ND"
"2008-04-06 16:00","2008","04","06","16:00"," ","3,50","","-6,80","","47,00","","27,00","","9,00","","","","93,00","","","","","","ND"
"2008-04-06 17:00","2008","04","06","17:00"," ","2,90","","-5,50","","54,00","","27,00","","17,00","","","","92,97","","","","","","ND"
"2008-04-06 18:00","2008","04","06","18:00"," ","1,50","","-6,20","","57,00","","27,00","","19,00","","","","92,97","","","","","","ND"
"2008-04-06 19:00","2008","04","06","19:00"," ","-0,30","","-6,20","","64,00","","29,00","","22,00","","","","93,00","","","","-6,00","","ND"
"2008-04-06 20:00","2008","04","06","20:00"," ","-1,00","","-8,10","","59,00","","27,00","","19,00","","","","93,03","","","","-6,00","","ND"
"2008-04-06 21:00","2008","04","06","21:00"," ","-1,40","","-8,30","","59,00","","26,00","","17,00","","","","93,10","","","","-7,00","","ND"
"2008-04-06 22:00","2008","04","06","22:00"," ","-1,60","","-9,20","","56,00","","26,00","","13,00","","","","93,15","","","","-6,00","","ND"
"2008-04-06 23:00","2008","04","06","23:00"," ","-2,50","","-10,20","","55,00","","26,00","","15,00","","","","93,20","","","","-7,00","","ND"
"2008-04-07 00:00","2008","04","07","00:00"," ","-3,20","","-10,90","","55,00","","26,00","","11,00","","","","93,25","","","","-7,00","","ND"
"2008-04-07 01:00","2008","04","07","01:00"," ","-3,60","","-11,10","","56,00","","26,00","","9,00","","","","93,30","","","","-7,00","","ND"
"2008-04-07 02:00","2008","04","07","02:00"," ","-4,70","","-10,80","","62,00","","22,00","","7,00","","","","93,34","","","","-8,00","","ND"
"2008-04-07 03:00","2008","04","07","03:00"," ","-5,10","","-11,40","","61,00","","23,00","","2,00","","","","93,37","","","","-6,00","","ND"
"2008-04-07 04:00","2008","04","07","04:00"," ","-5,80","","-11,00","","67,00","","25,00","","6,00","","","","93,40","","","","-9,00","","ND"
"2008-04-07 05:00","2008","04","07","05:00"," ","-7,10","","-11,90","","69,00","","15,00","","2,00","","","","93,42","","","","-8,00","","ND"
"2008-04-07 06:00","2008","04","07","06:00"," ","-8,60","","-11,50","","80,00","","0,00","","0,00","","","","93,46","","","","","","ND"
"2008-04-07 07:00","2008","04","07","07:00"," ","-8,60","","-11,70","","78,00","","26,00","","2,00","","","","93,50","","","","-10,00","","ND"
"2008-04-07 08:00","2008","04","07","08:00"," ","-7,20","","-11,00","","74,00","","0,00","","0,00","","","","93,53","","","","","","ND"
"2008-04-07 09:00","2008","04","07","09:00"," ","-4,10","","-12,30","","53,00","","26,00","","2,00","","","","93,54","","","","-5,00","","ND"
"2008-04-07 10:00","2008","04","07","10:00"," ","-3,20","","-12,70","","48,00","","25,00","","7,00","","","","93,54","","","","-6,00","","ND"
"2008-04-07 11:00","2008","04","07","11:00"," ","-1,90","","-13,70","","40,00","","28,00","","11,00","","","","93,53","","","","-6,00","","ND"
"2008-04-07 12:00","2008","04","07","12:00"," ","-1,30","","-13,00","","41,00","","27,00","","15,00","","","","93,53","","","","-6,00","","ND"
"2008-04-07 13:00","2008","04","07","13:00"," ","-0,80","","-12,50","","41,00","","27,00","","19,00","","","","93,53","","","","-6,00","","ND"
"2008-04-07 14:00","2008","04","07","14:00"," ","-0,70","","-13,40","","38,00","","28,00","","15,00","","","","93,52","","","","-5,00","","ND"
"2008-04-07 15:00","2008","04","07","15:00"," ","0,00","","-15,10","","31,00","","27,00","","13,00","","","","93,51","","","","-4,00","","ND"
"2008-04-07 16:00","2008","04","07","16:00"," ","0,40","","-15,20","","30,00","","27,00","","19,00","","","","93,51","","","","","","ND"
"2008-04-07 17:00","2008","04","07","17:00"," ","0,40","","-14,20","","32,00","","26,00","","15,00","","","","93,50","","","","","","ND"
"2008-04-07 18:00","2008","04","07","18:00"," ","0,70","","-13,60","","33,00","","29,00","","11,00","","","","93,49","","","","","","ND"
"2008-04-07 19:00","2008","04","07","19:00"," ","-1,60","","-11,80","","46,00","","29,00","","17,00","","","","93,52","","","","-7,00","","ND"
"2008-04-07 20:00","2008","04","07","20:00"," ","-2,80","","-12,30","","48,00","","27,00","","19,00","","","","93,55","","","","-9,00","","ND"
"2008-04-07 21:00","2008","04","07","21:00"," ","-3,50","","-11,20","","55,00","","29,00","","15,00","","","","93,58","","","","-9,00","","ND"
"2008-04-07 22:00","2008","04","07","22:00"," ","-5,00","","-11,60","","60,00","","27,00","","7,00","","","","93,62","","","","-8,00","","ND"
"2008-04-07 23:00","2008","04","07","23:00"," ","-8,10","","-12,40","","71,00","","8,00","","2,00","","","","93,66","","","","-9,00","","ND"
"2008-04-08 00:00","2008","04","08","00:00"," ","-9,10","","-13,10","","73,00","","0,00","","0,00","","","","93,68","","","","","","ND"
"2008-04-08 01:00","2008","04","08","01:00"," ","-10,80","","-13,60","","80,00","","32,00","","2,00","","","","93,71","","","","-12,00","","ND"
"2008-04-08 02:00","2008","04","08","02:00"," ","-7,90","","-12,20","","71,00","","35,00","","7,00","","","","93,72","","","","-12,00","","ND"
"2008-04-08 03:00","2008","04","08","03:00"," ","-10,50","","-14,00","","75,00","","34,00","","4,00","","","","93,73","","","","-13,00","","ND"
"2008-04-08 04:00","2008","04","08","04:00"," ","-13,10","","-15,50","","82,00","","11,00","","2,00","","","","93,77","","","","-14,00","","ND"
"2008-04-08 05:00","2008","04","08","05:00"," ","-13,50","","-15,50","","85,00","","0,00","","0,00","","","","93,78","","","","","","ND"
"2008-04-08 06:00","2008","04","08","06:00"," ","-13,70","","-15,80","","84,00","","6,00","","2,00","","","","93,80","","","","-15,00","","ND"
"2008-04-08 07:00","2008","04","08","07:00"," ","-12,90","","-15,10","","84,00","","0,00","","0,00","","","","93,81","","","","","","ND"
"2008-04-08 08:00","2008","04","08","08:00"," ","-10,50","","-13,70","","77,00","","22,00","","4,00","","","","93,81","","","","-13,00","","ND"
"2008-04-08 09:00","2008","04","08","09:00"," ","-8,10","","-12,40","","71,00","","23,00","","4,00","","","","93,80","","","","-10,00","","ND"
"2008-04-08 10:00","2008","04","08","10:00"," ","-5,50","","-11,90","","61,00","","22,00","","4,00","","","","93,76","","","","-7,00","","ND"
"2008-04-08 11:00","2008","04","08","11:00"," ","-3,30","","-12,60","","49,00","","24,00","","4,00","","","","93,72","","","","-5,00","","ND"
"2008-04-08 12:00","2008","04","08","12:00"," ","-1,50","","-13,00","","41,00","","19,00","","6,00","","","","93,66","","","","-4,00","","ND"
"2008-04-08 13:00","2008","04","08","13:00"," ","-0,50","","-13,40","","37,00","","20,00","","7,00","","","","93,59","","","","-3,00","","ND"
"2008-04-08 14:00","2008","04","08","14:00"," ","-0,40","","-12,70","","39,00","","27,00","","13,00","","","","93,54","","","","-5,00","","ND"
"2008-04-08 15:00","2008","04","08","15:00"," ","0,30","","-12,60","","37,00","","27,00","","15,00","","","","93,48","","","","","","ND"
"2008-04-08 16:00","2008","04","08","16:00"," ","0,20","","-12,10","","39,00","","27,00","","17,00","","","","93,43","","","","","","ND"
"2008-04-08 17:00","2008","04","08","17:00"," ","0,20","","-12,40","","38,00","","27,00","","17,00","","","","93,40","","","","","","ND"
"2008-04-08 18:00","2008","04","08","18:00"," ","-0,60","","-11,80","","42,00","","27,00","","17,00","","","","93,38","","","","-6,00","","ND"
"2008-04-08 19:00","2008","04","08","19:00"," ","-1,70","","-11,70","","46,00","","27,00","","17,00","","","","93,38","","","","-7,00","","ND"
"2008-04-08 20:00","2008","04","08","20:00"," ","-2,40","","-11,80","","48,00","","27,00","","17,00","","","","93,39","","","","-8,00","","ND"
"2008-04-08 21:00","2008","04","08","21:00"," ","-3,30","","-11,40","","53,00","","27,00","","9,00","","","","93,40","","","","-7,00","","ND"
"2008-04-08 22:00","2008","04","08","22:00"," ","-4,60","","-11,70","","58,00","","18,00","","4,00","","","","93,42","","","","-6,00","","ND"
"2008-04-08 23:00","2008","04","08","23:00"," ","-7,60","","-12,10","","70,00","","2,00","","2,00","","","","93,43","","","","-9,00","","ND"
"2008-04-09 00:00","2008","04","09","00:00"," ","-7,90","","-11,70","","74,00","","6,00","","2,00","","","","93,42","","","","-9,00","","ND"
"2008-04-09 01:00","2008","04","09","01:00"," ","-8,60","","-12,20","","75,00","","2,00","","4,00","","","","93,41","","","","-11,00","","ND"
"2008-04-09 02:00","2008","04","09","02:00"," ","-9,10","","-12,60","","76,00","","6,00","","2,00","","","","93,40","","","","-10,00","","ND"
"2008-04-09 03:00","2008","04","09","03:00"," ","-9,30","","-12,50","","78,00","","6,00","","2,00","","","","93,40","","","","-10,00","","ND"
"2008-04-09 04:00","2008","04","09","04:00"," ","-11,00","","-13,80","","80,00","","9,00","","2,00","","","","93,38","","","","-12,00","","ND"
"2008-04-09 05:00","2008","04","09","05:00"," ","-11,10","","-13,50","","82,00","","3,00","","2,00","","","","93,38","","","","-12,00","","ND"
"2008-04-09 06:00","2008","04","09","06:00"," ","-12,30","","-14,70","","82,00","","10,00","","2,00","","","","93,40","","","","-14,00","","ND"
"2008-04-09 07:00","2008","04","09","07:00"," ","-12,40","","-14,60","","84,00","","0,00","","0,00","","","","93,40","","","","","","ND"
"2008-04-09 08:00","2008","04","09","08:00"," ","-9,30","","-12,80","","76,00","","20,00","","2,00","","","","93,41","","","","-10,00","","ND"
"2008-04-09 09:00","2008","04","09","09:00"," ","-6,50","","-12,50","","62,00","","0,00","","0,00","","","","93,41","","","","","","ND"
"2008-04-09 10:00","2008","04","09","10:00"," ","-3,50","","-12,20","","51,00","","18,00","","2,00","","","","93,37","","","","-4,00","","ND"
"2008-04-09 11:00","2008","04","09","11:00"," ","-2,70","","-12,70","","46,00","","29,00","","4,00","","","","93,34","","","","-4,00","","ND"
"2008-04-09 12:00","2008","04","09","12:00"," ","-0,90","","-12,80","","40,00","","28,00","","4,00","","","","93,30","","","","-2,00","","ND"
"2008-04-09 13:00","2008","04","09","13:00"," ","-0,30","","-13,10","","37,00","","21,00","","7,00","","","","93,25","","","","-3,00","","ND"
"2008-04-09 14:00","2008","04","09","14:00"," ","0,00","","-12,90","","37,00","","27,00","","13,00","","","","93,21","","","","-4,00","","ND"
"2008-04-09 15:00","2008","04","09","15:00"," ","1,10","","-11,80","","38,00","","26,00","","13,00","","","","93,18","","","","","","ND"
"2008-04-09 16:00","2008","04","09","16:00"," ","1,70","","-12,60","","34,00","","26,00","","17,00","","","","93,13","","","","","","ND"
"2008-04-09 17:00","2008","04","09","17:00"," ","1,50","","-13,40","","32,00","","27,00","","15,00","","","","93,11","","","","","","ND"
"2008-04-09 18:00","2008","04","09","18:00"," ","1,00","","-12,80","","35,00","","28,00","","17,00","","","","93,12","","","","","","ND"
"2008-04-09 19:00","2008","04","09","19:00"," ","0,10","","-12,90","","37,00","","28,00","","15,00","","","","93,13","","","","","","ND"
"2008-04-09 20:00","2008","04","09","20:00"," ","-1,10","","-11,90","","44,00","","28,00","","11,00","","","","93,13","","","","-5,00","","ND"
"2008-04-09 21:00","2008","04","09","21:00"," ","-1,60","","-10,80","","49,00","","28,00","","6,00","","","","93,17","","","","-4,00","","ND"
"2008-04-09 22:00","2008","04","09","22:00"," ","-2,90","","-10,50","","56,00","","35,00","","2,00","","","","93,17","","","","-4,00","","ND"
"2008-04-09 23:00","2008","04","09","23:00"," ","-3,80","","-10,30","","61,00","","3,00","","4,00","","","","93,17","","","","-5,00","","ND"
"2008-04-10 00:00","2008","04","10","00:00"," ","-3,90","","-10,50","","60,00","","1,00","","9,00","","","","93,19","","","","-8,00","","ND"
"2008-04-10 01:00","2008","04","10","01:00"," ","-5,50","","-10,20","","69,00","","34,00","","6,00","","","","93,22","","","","-8,00","","ND"
"2008-04-10 02:00","2008","04","10","02:00"," ","-5,30","","-10,00","","69,00","","2,00","","7,00","","","","93,22","","","","-9,00","","ND"
"2008-04-10 03:00","2008","04","10","03:00"," ","-5,30","","-9,70","","71,00","","1,00","","9,00","","","","93,24","","","","-9,00","","ND"
"2008-04-10 04:00","2008","04","10","04:00"," ","-6,60","","-10,00","","77,00","","2,00","","4,00","","","","93,26","","","","-9,00","","ND"
"2008-04-10 05:00","2008","04","10","05:00"," ","","","","","","","","","","","","","","","","","","",""
"2008-04-10 06:00","2008","04","10","06:00"," ","-7,80","","-10,40","","82,00","","3,00","","6,00","","","","93,30","","","","-11,00","","ND"
"2008-04-10 07:00","2008","04","10","07:00"," ","-8,20","","-10,90","","81,00","","7,00","","7,00","","","","93,32","","","","-12,00","","ND"
"2008-04-10 08:00","2008","04","10","08:00"," ","-4,90","","-9,20","","72,00","","11,00","","6,00","","","","93,38","","","","-8,00","","ND"
"2008-04-10 09:00","2008","04","10","09:00"," ","-1,50","","-8,30","","60,00","","27,00","","4,00","","","","93,44","","","","-3,00","","ND"
"2008-04-10 10:00","2008","04","10","10:00"," ","1,30","","-9,90","","43,00","","3,00","","4,00","","","","93,45","","","","","","ND"
"2008-04-10 11:00","2008","04","10","11:00"," ","2,50","","-14,50","","27,00","","24,00","","11,00","","","","93,50","","","","","","ND"
"2008-04-10 12:00","2008","04","10","12:00"," ","2,60","","-14,20","","28,00","","22,00","","13,00","","","","93,59","","","","","","ND"
"2008-04-10 13:00","2008","04","10","13:00"," ","2,00","","-14,60","","28,00","","26,00","","15,00","","","","93,68","","","","","","ND"
"2008-04-10 14:00","2008","04","10","14:00"," ","2,30","","-17,00","","22,00","","28,00","","9,00","","","","93,69","","","","","","ND"
"2008-04-10 15:00","2008","04","10","15:00"," ","2,60","","-17,00","","22,00","","28,00","","15,00","","","","93,74","","","","","","ND"
"2008-04-10 16:00","2008","04","10","16:00"," ","1,40","","-15,90","","26,00","","27,00","","20,00","","","","93,81","","","","","","ND"
"2008-04-10 17:00","2008","04","10","17:00"," ","2,00","","-18,10","","21,00","","28,00","","15,00","","","","93,88","","","","","","ND"
"2008-04-10 18:00","2008","04","10","18:00"," ","0,70","","-16,00","","27,00","","28,00","","15,00","","","","93,95","","","","","","ND"
"2008-04-10 19:00","2008","04","10","19:00"," ","0,50","","-15,10","","30,00","","28,00","","15,00","","","","93,99","","","","","","ND"
"2008-04-10 20:00","2008","04","10","20:00"," ","-1,10","","-13,90","","37,00","","30,00","","11,00","","","","94,07","","","","-5,00","","ND"
"2008-04-10 21:00","2008","04","10","21:00"," ","-1,70","","-13,40","","40,00","","31,00","","9,00","","","","94,15","","","","-5,00","","ND"
"2008-04-10 22:00","2008","04","10","22:00"," ","-2,50","","-12,30","","47,00","","32,00","","7,00","","","","94,18","","","","-5,00","","ND"
"2008-04-10 23:00","2008","04","10","23:00"," ","-2,70","","-10,80","","54,00","","31,00","","7,00","","","","94,26","","","","-6,00","","ND"
"2008-04-11 00:00","2008","04","11","00:00"," ","-3,40","","-10,90","","56,00","","35,00","","7,00","","","","94,29","","","","-6,00","","ND"
"2008-04-11 01:00","2008","04","11","01:00"," ","-4,00","","-10,40","","61,00","","2,00","","9,00","","","","94,30","","","","-8,00","","ND"
"2008-04-11 02:00","2008","04","11","02:00"," ","-3,80","","-9,70","","64,00","","29,00","","2,00","","","","94,30","","","","-5,00","","ND"
"2008-04-11 03:00","2008","04","11","03:00"," ","-3,80","","-8,70","","69,00","","35,00","","4,00","","","","94,31","","","","-5,00","","ND"
"2008-04-11 04:00","2008","04","11","04:00"," ","-4,40","","-6,10","","88,00","","21,00","","2,00","","","","94,29","","","","-5,00","","ND"
"2008-04-11 05:00","2008","04","11","05:00"," ","-4,50","","-5,80","","91,00","","2,00","","2,00","","","","94,25","","","","-5,00","","ND"
"2008-04-11 06:00","2008","04","11","06:00"," ","-4,60","","-5,80","","91,00","","24,00","","2,00","","","","94,24","","","","-5,00","","ND"
"2008-04-11 07:00","2008","04","11","07:00"," ","-4,00","","-5,20","","91,00","","13,00","","2,00","","","","94,23","","","","-5,00","","ND"
"2008-04-11 08:00","2008","04","11","08:00"," ","-1,90","","-4,90","","80,00","","0,00","","0,00","","","","94,18","","","","","","ND"
"2008-04-11 09:00","2008","04","11","09:00"," ","-0,10","","-7,00","","60,00","","4,00","","6,00","","","","94,12","","","","-2,00","","ND"
"2008-04-11 10:00","2008","04","11","10:00"," ","1,00","","-7,10","","55,00","","2,00","","6,00","","","","94,07","","","","","","ND"
"2008-04-11 11:00","2008","04","11","11:00"," ","2,50","","-7,50","","48,00","","22,00","","6,00","","","","94,02","","","","","","ND"
"2008-04-11 12:00","2008","04","11","12:00"," ","3,40","","-8,60","","41,00","","25,00","","9,00","","","","93,96","","","","","","ND"
"2008-04-11 13:00","2008","04","11","13:00"," ","3,30","","-9,40","","39,00","","27,00","","13,00","","","","93,90","","","","","","ND"
"2008-04-11 14:00","2008","04","11","14:00"," ","4,20","","-10,10","","34,00","","26,00","","9,00","","","","93,83","","","","","","ND"
"2008-04-11 15:00","2008","04","11","15:00"," ","4,80","","-10,60","","32,00","","26,00","","11,00","","","","93,75","","","","","","ND"
"2008-04-11 16:00","2008","04","11","16:00"," ","4,80","","-11,30","","30,00","","26,00","","13,00","","","","93,67","","","","","","ND"
"2008-04-11 17:00","2008","04","11","17:00"," ","4,80","","-10,90","","31,00","","27,00","","9,00","","","","93,61","","","","","","ND"
"2008-04-11 18:00","2008","04","11","18:00"," ","4,70","","-10,60","","32,00","","24,00","","9,00","","","","93,58","","","","","","ND"
"2008-04-11 19:00","2008","04","11","19:00"," ","3,60","","-10,10","","36,00","","27,00","","9,00","","","","93,53","","","","","","ND"
"2008-04-11 20:00","2008","04","11","20:00"," ","3,00","","-10,70","","36,00","","33,00","","7,00","","","","93,50","","","","","","ND"
"2008-04-11 21:00","2008","04","11","21:00"," ","1,20","","-9,20","","46,00","","3,00","","4,00","","","","93,49","","","","","","ND"
"2008-04-11 22:00","2008","04","11","22:00"," ","0,60","","-9,30","","47,00","","35,00","","11,00","","","","93,47","","","","","","ND"
"2008-04-11 23:00","2008","04","11","23:00"," ","0,40","","-9,80","","46,00","","34,00","","4,00","","","","93,43","","","","","","ND"
"2008-04-12 00:00","2008","04","12","00:00"," ","-0,10","","-8,00","","55,00","","25,00","","6,00","","","","93,42","","","","-2,00","","ND"
"2008-04-12 01:00","2008","04","12","01:00"," ","-0,60","","-3,80","","79,00","","33,00","","4,00","","","","93,41","","","","-2,00","","ND"
"2008-04-12 02:00","2008","04","12","02:00"," ","-1,70","","-3,60","","87,00","","24,00","","2,00","","","","93,37","","","","-2,00","","ND"
"2008-04-12 03:00","2008","04","12","03:00"," ","-2,10","","-3,10","","93,00","","26,00","","6,00","","","","93,33","","","","-4,00","","ND"
"2008-04-12 04:00","2008","04","12","04:00"," ","-2,40","","-3,30","","94,00","","24,00","","4,00","","","","93,30","","","","-4,00","","ND"
"2008-04-12 05:00","2008","04","12","05:00"," ","-2,30","","-3,10","","94,00","","27,00","","4,00","","","","93,25","","","","-4,00","","ND"
"2008-04-12 06:00","2008","04","12","06:00"," ","-2,70","","-3,50","","94,00","","30,00","","6,00","","","","93,25","","","","-5,00","","ND"
"2008-04-12 07:00","2008","04","12","07:00"," ","-3,10","","-4,70","","89,00","","33,00","","7,00","","","","93,18","","","","-6,00","","ND"
"2008-04-12 08:00","2008","04","12","08:00"," ","-2,90","","-5,40","","83,00","","33,00","","9,00","","","","93,16","","","","-6,00","","ND"
"2008-04-12 09:00","2008","04","12","09:00"," ","-2,40","","-5,90","","77,00","","32,00","","13,00","","","","93,11","","","","-7,00","","ND"
"2008-04-12 10:00","2008","04","12","10:00"," ","-1,90","","-6,10","","73,00","","33,00","","11,00","","","","93,09","","","","-6,00","","ND"
"2008-04-12 11:00","2008","04","12","11:00"," ","-1,10","","-6,10","","69,00","","32,00","","9,00","","","","93,00","","","","-4,00","","ND"
"2008-04-12 12:00","2008","04","12","12:00"," ","-0,70","","-6,40","","65,00","","30,00","","9,00","","","","92,92","","","","-4,00","","ND"
"2008-04-12 13:00","2008","04","12","13:00"," ","-0,90","","-5,80","","69,00","","31,00","","13,00","","","","92,83","","","","-5,00","","ND"
"2008-04-12 14:00","2008","04","12","14:00"," ","-1,20","","-4,00","","81,00","","32,00","","9,00","","","","92,77","","","","-4,00","","ND"
"2008-04-12 15:00","2008","04","12","15:00"," ","-1,40","","-2,90","","89,00","","29,00","","6,00","","","","92,71","","","","-4,00","","ND"
"2008-04-12 16:00","2008","04","12","16:00"," ","-0,90","","-2,50","","89,00","","29,00","","11,00","","","","92,64","","","","-5,00","","ND"
"2008-04-12 17:00","2008","04","12","17:00"," ","-0,50","","-2,80","","84,00","","29,00","","9,00","","","","92,59","","","","-4,00","","ND"
"2008-04-12 18:00","2008","04","12","18:00"," ","-1,20","","-3,00","","88,00","","33,00","","13,00","","","","92,59","","","","-5,00","","ND"
"2008-04-12 19:00","2008","04","12","19:00"," ","-1,90","","-2,70","","94,00","","33,00","","11,00","","","","92,63","","","","-6,00","","ND"
"2008-04-12 20:00","2008","04","12","20:00"," ","-2,20","","-3,10","","94,00","","34,00","","9,00","","","","92,65","","","","-6,00","","ND"
"2008-04-12 21:00","2008","04","12","21:00"," ","-2,80","","-4,90","","85,00","","35,00","","11,00","","","","92,67","","","","-7,00","","ND"
"2008-04-12 22:00","2008","04","12","22:00"," ","-3,10","","-6,30","","79,00","","31,00","","6,00","","","","92,73","","","","-6,00","","ND"
"2008-04-12 23:00","2008","04","12","23:00"," ","-3,20","","-6,90","","76,00","","33,00","","13,00","","","","92,75","","","","-8,00","","ND"
"2008-04-13 00:00","2008","04","13","00:00"," ","-3,70","","-7,60","","74,00","","30,00","","11,00","","","","92,76","","","","-8,00","","ND"
"2008-04-13 01:00","2008","04","13","01:00"," ","-4,10","","-8,00","","74,00","","32,00","","6,00","","","","92,82","","","","-7,00","","ND"
"2008-04-13 02:00","2008","04","13","02:00"," ","-3,60","","-7,70","","73,00","","31,00","","9,00","","","","92,86","","","","-7,00","","ND"
"2008-04-13 03:00","2008","04","13","03:00"," ","-4,10","","-7,00","","80,00","","30,00","","6,00","","","","92,91","","","","-7,00","","ND"
"2008-04-13 04:00","2008","04","13","04:00"," ","-4,20","","-8,40","","72,00","","32,00","","6,00","","","","92,95","","","","-7,00","","ND"
"2008-04-13 05:00","2008","04","13","05:00"," ","-3,40","","-8,10","","70,00","","31,00","","13,00","","","","92,99","","","","-8,00","","ND"
"2008-04-13 06:00","2008","04","13","06:00"," ","-3,70","","-8,40","","70,00","","32,00","","9,00","","","","93,03","","","","-7,00","","ND"
"2008-04-13 07:00","2008","04","13","07:00"," ","-3,20","","-8,20","","68,00","","32,00","","6,00","","","","93,06","","","","-6,00","","ND"
"2008-04-13 08:00","2008","04","13","08:00"," ","-3,00","","-7,90","","69,00","","32,00","","9,00","","","","93,11","","","","-7,00","","ND"
"2008-04-13 09:00","2008","04","13","09:00"," ","-1,80","","-7,20","","67,00","","32,00","","9,00","","","","93,15","","","","-5,00","","ND"
"2008-04-13 10:00","2008","04","13","10:00"," ","-0,30","","-6,10","","65,00","","27,00","","6,00","","","","93,19","","","","-2,00","","ND"
"2008-04-13 11:00","2008","04","13","11:00"," ","0,60","","-6,10","","61,00","","30,00","","4,00","","","","93,20","","","","","","ND"
"2008-04-13 12:00","2008","04","13","12:00"," ","2,30","","-5,80","","55,00","","17,00","","6,00","","","","93,18","","","","","","ND"
"2008-04-13 13:00","2008","04","13","13:00"," ","4,00","","-5,60","","50,00","","2,00","","4,00","","","","93,15","","","","","","ND"
"2008-04-13 14:00","2008","04","13","14:00"," ","5,30","","-5,00","","47,00","","22,00","","2,00","","","","93,11","","","","","","ND"
"2008-04-13 15:00","2008","04","13","15:00"," ","4,80","","-4,90","","49,00","","26,00","","11,00","","","","93,04","","","","","","ND"
"2008-04-13 16:00","2008","04","13","16:00"," ","5,10","","-6,30","","43,00","","27,00","","6,00","","","","93,00","","","","","","ND"
"2008-04-13 17:00","2008","04","13","17:00"," ","6,30","","-7,20","","37,00","","32,00","","4,00","","","","92,95","","","","","","ND"
"2008-04-13 18:00","2008","04","13","18:00"," ","5,60","","-7,90","","37,00","","2,00","","7,00","","","","92,91","","","","","","ND"
"2008-04-13 19:00","2008","04","13","19:00"," ","4,10","","-6,30","","47,00","","35,00","","7,00","","","","92,88","","","","","","ND"
"2008-04-13 20:00","2008","04","13","20:00"," ","3,90","","-6,90","","45,00","","5,00","","4,00","","","","92,90","","","","","","ND"
"2008-04-13 21:00","2008","04","13","21:00"," ","1,10","","-5,70","","60,00","","21,00","","2,00","","","","92,95","","","","","","ND"
"2008-04-13 22:00","2008","04","13","22:00"," ","-0,10","","-6,00","","64,00","","35,00","","6,00","","","","92,95","","","","-2,00","","ND"
"2008-04-13 23:00","2008","04","13","23:00"," ","-2,30","","-6,10","","75,00","","5,00","","6,00","","","","92,97","","","","-5,00","","ND"
"2008-04-14 00:00","2008","04","14","00:00"," ","-2,80","","-6,30","","77,00","","5,00","","6,00","","","","92,95","","","","-5,00","","ND"
"2008-04-14 01:00","2008","04","14","01:00"," ","-3,30","","-6,50","","78,00","","8,00","","2,00","","","","92,94","","","","-4,00","","ND"
"2008-04-14 02:00","2008","04","14","02:00"," ","-3,60","","-7,20","","76,00","","5,00","","4,00","","","","92,93","","","","-5,00","","ND"
"2008-04-14 03:00","2008","04","14","03:00"," ","-4,40","","-6,80","","83,00","","8,00","","4,00","","","","92,93","","","","-6,00","","ND"
"2008-04-14 04:00","2008","04","14","04:00"," ","-4,40","","-7,10","","81,00","","6,00","","4,00","","","","92,90","","","","-6,00","","ND"
"2008-04-14 05:00","2008","04","14","05:00"," ","-5,20","","-7,40","","84,00","","10,00","","4,00","","","","92,92","","","","-7,00","","ND"
"2008-04-14 06:00","2008","04","14","06:00"," ","-5,20","","-7,00","","87,00","","1,00","","4,00","","","","92,86","","","","-7,00","","ND"
"2008-04-14 07:00","2008","04","14","07:00"," ","-5,10","","-7,50","","83,00","","9,00","","4,00","","","","92,86","","","","-7,00","","ND"
"2008-04-14 08:00","2008","04","14","08:00"," ","-2,50","","-5,70","","79,00","","8,00","","2,00","","","","92,86","","","","-3,00","","ND"
"2008-04-14 09:00","2008","04","14","09:00"," ","1,40","","-5,20","","61,00","","26,00","","2,00","","","","92,91","","","","","","ND"
"2008-04-14 10:00","2008","04","14","10:00"," ","4,30","","-7,20","","43,00","","20,00","","4,00","","","","92,89","","","","","","ND"
"2008-04-14 11:00","2008","04","14","11:00"," ","4,30","","-6,80","","44,00","","27,00","","6,00","","","","92,95","","","","","","ND"
"2008-04-14 12:00","2008","04","14","12:00"," ","4,70","","-6,80","","43,00","","26,00","","13,00","","","","93,00","","","","","","ND"
"2008-04-14 13:00","2008","04","14","13:00"," ","5,30","","-6,40","","43,00","","26,00","","13,00","","","","93,04","","","","","","ND"
"2008-04-14 14:00","2008","04","14","14:00"," ","5,80","","-7,20","","39,00","","25,00","","7,00","","","","93,07","","","","","","ND"
"2008-04-14 15:00","2008","04","14","15:00"," ","5,80","","-4,70","","47,00","","24,00","","9,00","","","","93,10","","","","","","ND"
"2008-04-14 16:00","2008","04","14","16:00"," ","6,20","","-5,30","","43,00","","29,00","","11,00","","","","93,07","","","","","","ND"
"2008-04-14 17:00","2008","04","14","17:00"," ","6,20","","-5,60","","42,00","","25,00","","17,00","","","","93,05","","","","","","ND"
"2008-04-14 18:00","2008","04","14","18:00"," ","4,90","","-4,90","","49,00","","27,00","","19,00","","","","93,07","","","","","","ND"
"2008-04-14 19:00","2008","04","14","19:00"," ","3,80","","-5,20","","52,00","","27,00","","15,00","","","","93,06","","","","","","ND"
"2008-04-14 20:00","2008","04","14","20:00"," ","2,70","","-5,40","","55,00","","27,00","","17,00","","","","93,10","","","","","","ND"
"2008-04-14 21:00","2008","04","14","21:00"," ","1,70","","-5,40","","59,00","","27,00","","11,00","","","","93,15","","","","","","ND"
"2008-04-14 22:00","2008","04","14","22:00"," ","-1,80","","-6,10","","72,00","","10,00","","4,00","","","","93,19","","","","-3,00","","ND"
"2008-04-14 23:00","2008","04","14","23:00"," ","-2,80","","-6,30","","77,00","","35,00","","2,00","","","","93,23","","","","-4,00","","ND"
"2008-04-15 00:00","2008","04","15","00:00"," ","-4,00","","-6,30","","84,00","","8,00","","4,00","","","","93,23","","","","-6,00","","ND"
"2008-04-15 01:00","2008","04","15","01:00"," ","-3,20","","-6,00","","81,00","","1,00","","4,00","","","","93,20","","","","-5,00","","ND"
"2008-04-15 02:00","2008","04","15","02:00"," ","-4,90","","-7,10","","85,00","","10,00","","4,00","","","","93,24","","","","-7,00","","ND"
"2008-04-15 03:00","2008","04","15","03:00"," ","-4,10","","-6,50","","83,00","","5,00","","2,00","","","","93,23","","","","-5,00","","ND"
"2008-04-15 04:00","2008","04","15","04:00"," ","-6,00","","-7,70","","88,00","","12,00","","4,00","","","","93,16","","","","-8,00","","ND"
"2008-04-15 05:00","2008","04","15","05:00"," ","-6,80","","-8,30","","89,00","","8,00","","2,00","","","","93,13","","","","-8,00","","ND"
"2008-04-15 06:00","2008","04","15","06:00"," ","-7,00","","-8,20","","91,00","","6,00","","4,00","","","","93,09","","","","-9,00","","ND"
"2008-04-15 07:00","2008","04","15","07:00"," ","-5,80","","-7,80","","86,00","","9,00","","4,00","","","","93,08","","","","-8,00","","ND"
"2008-04-15 08:00","2008","04","15","08:00"," ","-0,80","","-5,80","","69,00","","10,00","","2,00","","","","93,10","","","","-1,00","","ND"
"2008-04-15 09:00","2008","04","15","09:00"," ","2,80","","-5,60","","54,00","","12,00","","4,00","","","","93,09","","","","","","ND"
"2008-04-15 10:00","2008","04","15","10:00"," ","4,20","","-6,40","","46,00","","10,00","","7,00","","","","93,03","","","","","","ND"
"2008-04-15 11:00","2008","04","15","11:00"," ","4,10","","-6,30","","47,00","","20,00","","7,00","","","","92,98","","","","","","ND"
"2008-04-15 12:00","2008","04","15","12:00"," ","5,80","","-7,10","","39,00","","15,00","","4,00","","","","92,93","","","","","","ND"
"2008-04-15 13:00","2008","04","15","13:00"," ","6,20","","-6,70","","39,00","","26,00","","13,00","","","","92,91","","","","","","ND"
"2008-04-15 14:00","2008","04","15","14:00"," ","7,10","","-7,20","","35,00","","34,00","","6,00","","","","92,85","","","","","","ND"
"2008-04-15 15:00","2008","04","15","15:00"," ","8,40","","-8,10","","30,00","","25,00","","6,00","","","","92,81","","","","","","ND"
"2008-04-15 16:00","2008","04","15","16:00"," ","6,70","","-6,70","","38,00","","27,00","","19,00","","","","92,80","","","","","","ND"
"2008-04-15 17:00","2008","04","15","17:00"," ","6,20","","-7,70","","36,00","","27,00","","19,00","","","","92,76","","","","","","ND"
"2008-04-15 18:00","2008","04","15","18:00"," ","6,60","","-8,60","","33,00","","17,00","","9,00","","","","92,73","","","","","","ND"
"2008-04-15 19:00","2008","04","15","19:00"," ","4,60","","-7,70","","40,00","","4,00","","7,00","","","","92,68","","","","","","ND"
"2008-04-15 20:00","2008","04","15","20:00"," ","4,00","","-7,70","","42,00","","5,00","","9,00","","","","92,68","","","","","","ND"
"2008-04-15 21:00","2008","04","15","21:00"," ","3,40","","-6,80","","47,00","","10,00","","11,00","","","","92,71","","","","","","ND"
"2008-04-15 22:00","2008","04","15","22:00"," ","3,40","","-7,40","","45,00","","4,00","","9,00","","","","92,67","","","","","","ND"
"2008-04-15 23:00","2008","04","15","23:00"," ","2,90","","-7,30","","47,00","","25,00","","2,00","","","","92,67","","","","","","ND"
"2008-04-16 00:00","2008","04","16","00:00"," ","2,40","","-6,70","","51,00","","5,00","","6,00","","","","92,64","","","","","","ND"
"2008-04-16 01:00","2008","04","16","01:00"," ","2,10","","-6,70","","52,00","","4,00","","9,00","","","","92,70","","","","","","ND"
"2008-04-16 02:00","2008","04","16","02:00"," ","1,70","","-6,20","","56,00","","3,00","","13,00","","","","92,71","","","","","","ND"
"2008-04-16 03:00","2008","04","16","03:00"," ","1,40","","-6,20","","57,00","","2,00","","11,00","","","","92,70","","","","","","ND"
"2008-04-16 04:00","2008","04","16","04:00"," ","0,70","","-5,80","","62,00","","2,00","","13,00","","","","92,68","","","","","","ND"
"2008-04-16 05:00","2008","04","16","05:00"," ","1,30","","-5,20","","62,00","","2,00","","13,00","","","","92,69","","","","","","ND"
"2008-04-16 06:00","2008","04","16","06:00"," ","0,50","","-4,90","","67,00","","6,00","","6,00","","","","92,71","","","","","","ND"
"2008-04-16 07:00","2008","04","16","07:00"," ","1,50","","-5,50","","60,00","","33,00","","6,00","","","","92,72","","","","","","ND"
"2008-04-16 08:00","2008","04","16","08:00"," ","0,10","","-7,90","","55,00","","2,00","","20,00","","","","92,80","","","","","","ND"
"2008-04-16 09:00","2008","04","16","09:00"," ","-2,10","","-9,60","","56,00","","1,00","","24,00","","","","92,86","","","","-8,00","","ND"
"2008-04-16 10:00","2008","04","16","10:00"," ","-4,10","","-10,70","","60,00","","36,00","","22,00","","","","92,96","","","","-11,00","","ND"
"2008-04-16 11:00","2008","04","16","11:00"," ","-5,00","","-10,80","","64,00","","34,00","","22,00","","","","93,06","","","","-12,00","","ND"
"2008-04-16 12:00","2008","04","16","12:00"," ","-5,70","","-11,00","","66,00","","33,00","","24,00","","","","93,14","","","","-13,00","","ND"
"2008-04-16 13:00","2008","04","16","13:00"," ","-5,70","","-10,80","","67,00","","32,00","","22,00","","","","93,19","","","","-13,00","","ND"
"2008-04-16 14:00","2008","04","16","14:00"," ","-5,60","","-11,90","","61,00","","31,00","","26,00","","","","93,27","","","","-13,00","","ND"
"2008-04-16 15:00","2008","04","16","15:00"," ","-6,20","","-11,20","","68,00","","31,00","","28,00","","","","93,37","","","","-14,00","","ND"
"2008-04-16 16:00","2008","04","16","16:00"," ","-4,90","","-14,70","","46,00","","32,00","","24,00","","","","93,45","","","","-12,00","","ND"
"2008-04-16 17:00","2008","04","16","17:00"," ","-5,10","","-15,70","","43,00","","32,00","","32,00","","","","93,53","","","","-13,00","","ND"
"2008-04-16 18:00","2008","04","16","18:00"," ","-5,90","","-16,60","","43,00","","31,00","","30,00","","","","93,65","","","","-14,00","","ND"
"2008-04-16 19:00","2008","04","16","19:00"," ","-6,80","","-17,40","","43,00","","32,00","","24,00","","","","93,83","","","","-14,00","","ND"
"2008-04-16 20:00","2008","04","16","20:00"," ","-7,30","","-17,80","","43,00","","31,00","","24,00","","","","93,97","","","","-15,00","","ND"
"2008-04-16 21:00","2008","04","16","21:00"," ","-7,70","","-16,90","","48,00","","30,00","","15,00","","","","94,12","","","","-14,00","","ND"
"2008-04-16 22:00","2008","04","16","22:00"," ","-8,00","","-16,50","","50,00","","29,00","","15,00","","","","94,25","","","","-14,00","","ND"
"2008-04-16 23:00","2008","04","16","23:00"," ","-8,50","","-16,90","","51,00","","30,00","","15,00","","","","94,34","","","","-15,00","","ND"
"2008-04-17 00:00","2008","04","17","00:00"," ","-8,80","","-18,20","","46,00","","31,00","","15,00","","","","94,43","","","","-15,00","","ND"
"2008-04-17 01:00","2008","04","17","01:00"," ","-9,40","","-18,30","","48,00","","31,00","","17,00","","","","94,53","","","","-16,00","","ND"
"2008-04-17 02:00","2008","04","17","02:00"," ","-9,30","","-18,30","","48,00","","30,00","","20,00","","","","94,61","","","","-17,00","","ND"
"2008-04-17 03:00","2008","04","17","03:00"," ","-9,40","","-18,40","","48,00","","30,00","","11,00","","","","94,72","","","","-15,00","","ND"
"2008-04-17 04:00","2008","04","17","04:00"," ","-9,50","","-19,40","","44,00","","31,00","","22,00","","","","94,84","","","","-18,00","","ND"
"2008-04-17 05:00","2008","04","17","05:00"," ","-9,80","","-19,00","","47,00","","30,00","","17,00","","","","94,97","","","","-17,00","","ND"
"2008-04-17 06:00","2008","04","17","06:00"," ","-10,00","","-19,60","","45,00","","31,00","","20,00","","","","95,12","","","","-18,00","","ND"
"2008-04-17 07:00","2008","04","17","07:00"," ","-9,90","","-21,20","","39,00","","32,00","","19,00","","","","95,28","","","","-18,00","","ND"
"2008-04-17 08:00","2008","04","17","08:00"," ","-9,60","","-21,90","","36,00","","32,00","","24,00","","","","95,41","","","","-18,00","","ND"
"2008-04-17 09:00","2008","04","17","09:00"," ","-8,90","","-22,30","","33,00","","32,00","","24,00","","","","95,49","","","","-17,00","","ND"
"2008-04-17 10:00","2008","04","17","10:00"," ","-7,60","","-22,30","","30,00","","33,00","","20,00","","","","95,58","","","","-15,00","","ND"
"2008-04-17 11:00","2008","04","17","11:00"," ","-7,40","","-22,90","","28,00","","33,00","","19,00","","","","95,68","","","","-14,00","","ND"
"2008-04-17 12:00","2008","04","17","12:00"," ","-6,50","","-22,20","","28,00","","32,00","","22,00","","","","95,76","","","","-14,00","","ND"
"2008-04-17 13:00","2008","04","17","13:00"," ","-6,20","","-22,70","","26,00","","32,00","","24,00","","","","95,82","","","","-14,00","","ND"
"2008-04-17 14:00","2008","04","17","14:00"," ","-5,30","","-21,00","","28,00","","31,00","","19,00","","","","95,91","","","","-12,00","","ND"
"2008-04-17 15:00","2008","04","17","15:00"," ","-5,30","","-21,30","","27,00","","32,00","","22,00","","","","95,96","","","","-12,00","","ND"
"2008-04-17 16:00","2008","04","17","16:00"," ","-4,90","","-21,90","","25,00","","33,00","","22,00","","","","96,01","","","","-12,00","","ND"
"2008-04-17 17:00","2008","04","17","17:00"," ","-4,50","","-21,30","","26,00","","30,00","","19,00","","","","96,05","","","","-11,00","","ND"
"2008-04-17 18:00","2008","04","17","18:00"," ","-4,50","","-21,90","","24,00","","30,00","","19,00","","","","96,09","","","","-11,00","","ND"
"2008-04-17 19:00","2008","04","17","19:00"," ","-4,50","","-21,90","","24,00","","31,00","","15,00","","","","96,14","","","","-10,00","","ND"
"2008-04-17 20:00","2008","04","17","20:00"," ","-5,70","","-21,20","","28,00","","32,00","","9,00","","","","96,22","","","","-10,00","","ND"
"2008-04-17 21:00","2008","04","17","21:00"," ","-6,50","","-19,80","","34,00","","24,00","","2,00","","","","96,34","","","","-7,00","","ND"
"2008-04-17 22:00","2008","04","17","22:00"," ","-7,30","","-21,10","","32,00","","30,00","","7,00","","","","96,41","","","","-11,00","","ND"
"2008-04-17 23:00","2008","04","17","23:00"," ","-10,70","","-18,00","","55,00","","7,00","","2,00","","","","96,48","","","","-12,00","","ND"
"2008-04-18 00:00","2008","04","18","00:00"," ","-12,20","","-18,10","","61,00","","33,00","","4,00","","","","96,55","","","","-15,00","","ND"
"2008-04-18 01:00","2008","04","18","01:00"," ","-12,70","","-18,80","","60,00","","34,00","","2,00","","","","96,57","","","","-14,00","","ND"
"2008-04-18 02:00","2008","04","18","02:00"," ","-14,30","","-19,20","","66,00","","9,00","","4,00","","","","96,63","","","","-17,00","","ND"
"2008-04-18 03:00","2008","04","18","03:00"," ","-16,40","","-20,50","","71,00","","9,00","","6,00","","","","96,66","","","","-21,00","","ND"
"2008-04-18 04:00","2008","04","18","04:00"," ","-17,40","","-20,30","","78,00","","6,00","","4,00","","","","96,70","","","","-21,00","","ND"
"2008-04-18 05:00","2008","04","18","05:00"," ","-18,70","","-21,60","","78,00","","6,00","","4,00","","","","96,74","","","","-22,00","","ND"
"2008-04-18 06:00","2008","04","18","06:00"," ","-19,00","","-21,80","","78,00","","14,00","","2,00","","","","96,79","","","","-21,00","","ND"
"2008-04-18 07:00","2008","04","18","07:00"," ","-17,70","","-20,90","","76,00","","9,00","","4,00","","","","96,84","","","","-21,00","","ND"
"2008-04-18 08:00","2008","04","18","08:00"," ","-14,30","","-18,80","","69,00","","21,00","","4,00","","","","96,86","","","","-17,00","","ND"
"2008-04-18 09:00","2008","04","18","09:00"," ","-11,00","","-18,00","","56,00","","22,00","","4,00","","","","96,85","","","","-13,00","","ND"
"2008-04-18 10:00","2008","04","18","10:00"," ","-9,10","","-18,30","","47,00","","21,00","","6,00","","","","96,84","","","","-12,00","","ND"
"2008-04-18 11:00","2008","04","18","11:00"," ","-5,00","","-19,00","","32,00","","23,00","","4,00","","","","96,80","","","","-7,00","","ND"
"2008-04-18 12:00","2008","04","18","12:00"," ","-3,80","","-19,60","","28,00","","25,00","","7,00","","","","96,75","","","","-7,00","","ND"
"2008-04-18 13:00","2008","04","18","13:00"," ","-1,90","","-18,00","","28,00","","21,00","","7,00","","","","96,72","","","","-5,00","","ND"
"2008-04-18 14:00","2008","04","18","14:00"," ","-0,30","","-17,80","","25,00","","24,00","","7,00","","","","96,66","","","","-3,00","","ND"
"2008-04-18 15:00","2008","04","18","15:00"," ","1,30","","-17,00","","24,00","","19,00","","9,00","","","","96,58","","","","","","ND"
"2008-04-18 16:00","2008","04","18","16:00"," ","1,80","","-15,40","","27,00","","24,00","","9,00","","","","96,52","","","","","","ND"
"2008-04-18 17:00","2008","04","18","17:00"," ","1,90","","-14,90","","28,00","","28,00","","9,00","","","","96,48","","","","","","ND"
"2008-04-18 18:00","2008","04","18","18:00"," ","1,60","","-14,70","","29,00","","29,00","","7,00","","","","96,45","","","","","","ND"
"2008-04-18 19:00","2008","04","18","19:00"," ","0,90","","-13,40","","33,00","","31,00","","6,00","","","","96,41","","","","","","ND"
"2008-04-18 20:00","2008","04","18","20:00"," ","-0,60","","-13,70","","36,00","","33,00","","7,00","","","","96,42","","","","-3,00","","ND"
"2008-04-18 21:00","2008","04","18","21:00"," ","-2,10","","-14,10","","39,00","","35,00","","6,00","","","","96,43","","","","-4,00","","ND"
"2008-04-18 22:00","2008","04","18","22:00"," ","-3,00","","-13,50","","44,00","","36,00","","4,00","","","","96,45","","","","-5,00","","ND"
"2008-04-18 23:00","2008","04","18","23:00"," ","-3,50","","-13,10","","47,00","","35,00","","6,00","","","","96,43","","","","-6,00","","ND"
"2008-04-19 00:00","2008","04","19","00:00"," ","-4,50","","-12,60","","53,00","","0,00","","0,00","","","","96,45","","","","","","ND"
"2008-04-19 01:00","2008","04","19","01:00"," ","-5,10","","-12,40","","57,00","","0,00","","0,00","","","","96,40","","","","","","ND"
"2008-04-19 02:00","2008","04","19","02:00"," ","-5,70","","-12,40","","59,00","","0,00","","0,00","","","","96,39","","","","","","ND"
"2008-04-19 03:00","2008","04","19","03:00"," ","-5,70","","-11,70","","63,00","","0,00","","0,00","","","","96,39","","","","","","ND"
"2008-04-19 04:00","2008","04","19","04:00"," ","-5,20","","-12,10","","58,00","","29,00","","2,00","","","","96,38","","","","-6,00","","ND"
"2008-04-19 05:00","2008","04","19","05:00"," ","-5,00","","-11,30","","61,00","","23,00","","2,00","","","","96,38","","","","-6,00","","ND"
"2008-04-19 06:00","2008","04","19","06:00"," ","-5,20","","-11,50","","61,00","","27,00","","2,00","","","","96,37","","","","-6,00","","ND"
"2008-04-19 07:00","2008","04","19","07:00"," ","-4,90","","-11,90","","58,00","","30,00","","2,00","","","","96,34","","","","-6,00","","ND"
"2008-04-19 08:00","2008","04","19","08:00"," ","-4,50","","-12,20","","55,00","","30,00","","4,00","","","","96,30","","","","-6,00","","ND"
"2008-04-19 09:00","2008","04","19","09:00"," ","-4,20","","-11,80","","55,00","","28,00","","4,00","","","","96,26","","","","-6,00","","ND"
"2008-04-19 10:00","2008","04","19","10:00"," ","-3,00","","-11,00","","54,00","","22,00","","4,00","","","","96,25","","","","-5,00","","ND"
"2008-04-19 11:00","2008","04","19","11:00"," ","-0,20","","-11,40","","43,00","","26,00","","2,00","","","","96,15","","","","-1,00","","ND"
"2008-04-19 12:00","2008","04","19","12:00"," ","2,40","","-10,10","","39,00","","12,00","","4,00","","","","96,08","","","","","","ND"
"2008-04-19 13:00","2008","04","19","13:00"," ","3,30","","-9,40","","39,00","","9,00","","2,00","","","","96,01","","","","","","ND"
"2008-04-19 14:00","2008","04","19","14:00"," ","4,00","","-9,10","","38,00","","26,00","","4,00","","","","95,93","","","","","","ND"
"2008-04-19 15:00","2008","04","19","15:00"," ","5,30","","-9,10","","35,00","","23,00","","7,00","","","","95,83","","","","","","ND"
"2008-04-19 16:00","2008","04","19","16:00"," ","6,20","","-8,00","","35,00","","23,00","","7,00","","","","95,79","","","","","","ND"
"2008-04-19 17:00","2008","04","19","17:00"," ","5,90","","-8,60","","34,00","","24,00","","7,00","","","","95,74","","","","","","ND"
"2008-04-19 18:00","2008","04","19","18:00"," ","6,30","","-8,80","","33,00","","28,00","","7,00","","","","95,69","","","","","","ND"
"2008-04-19 19:00","2008","04","19","19:00"," ","6,00","","-8,50","","34,00","","28,00","","9,00","","","","95,66","","","","","","ND"
"2008-04-19 20:00","2008","04","19","20:00"," ","3,80","","-8,40","","40,00","","30,00","","6,00","","","","95,67","","","","","","ND"
"2008-04-19 21:00","2008","04","19","21:00"," ","1,30","","-8,00","","50,00","","33,00","","4,00","","","","95,65","","","","","","ND"
"2008-04-19 22:00","2008","04","19","22:00"," ","-1,90","","-7,60","","65,00","","2,00","","2,00","","","","95,66","","","","-3,00","","ND"
"2008-04-19 23:00","2008","04","19","23:00"," ","-3,20","","-7,70","","71,00","","6,00","","2,00","","","","95,67","","","","-4,00","","ND"
"2008-04-20 00:00","2008","04","20","00:00"," ","-4,20","","-7,90","","75,00","","8,00","","2,00","","","","95,68","","","","-5,00","","ND"
"2008-04-20 01:00","2008","04","20","01:00"," ","-4,80","","-7,70","","80,00","","9,00","","4,00","","","","95,68","","","","-7,00","","ND"
"2008-04-20 02:00","2008","04","20","02:00"," ","-5,10","","-7,90","","81,00","","1,00","","2,00","","","","95,68","","","","-6,00","","ND"
"2008-04-20 03:00","2008","04","20","03:00"," ","-6,40","","-8,40","","86,00","","0,00","","0,00","","","","95,69","","","","","","ND"
"2008-04-20 04:00","2008","04","20","04:00"," ","-7,50","","-9,40","","86,00","","0,00","","0,00","","","","95,69","","","","","","ND"
"2008-04-20 05:00","2008","04","20","05:00"," ","-8,10","","-9,90","","87,00","","8,00","","4,00","","","","95,70","","","","-10,00","","ND"
"2008-04-20 06:00","2008","04","20","06:00"," ","-8,60","","-10,30","","87,00","","8,00","","2,00","","","","95,71","","","","-10,00","","ND"
"2008-04-20 07:00","2008","04","20","07:00"," ","-6,50","","-8,70","","84,00","","0,00","","0,00","","","","95,73","","","","","","ND"
"2008-04-20 08:00","2008","04","20","08:00"," ","-3,60","","-7,10","","77,00","","21,00","","2,00","","","","95,73","","","","-4,00","","ND"
"2008-04-20 09:00","2008","04","20","09:00"," ","-0,50","","-6,80","","62,00","","22,00","","2,00","","","","95,72","","","","-1,00","","ND"
"2008-04-20 10:00","2008","04","20","10:00"," ","2,10","","-6,80","","52,00","","20,00","","2,00","","","","95,70","","","","","","ND"
"2008-04-20 11:00","2008","04","20","11:00"," ","4,50","","-6,80","","44,00","","23,00","","4,00","","","","95,65","","","","","","ND"
"2008-04-20 12:00","2008","04","20","12:00"," ","6,80","","-6,90","","37,00","","23,00","","4,00","","","","95,61","","","","","","ND"
"2008-04-20 13:00","2008","04","20","13:00"," ","7,70","","-7,40","","33,00","","23,00","","7,00","","","","95,57","","","","","","ND"
"2008-04-20 14:00","2008","04","20","14:00"," ","9,40","","-7,20","","30,00","","20,00","","6,00","","","","95,51","","","","","","ND"
"2008-04-20 15:00","2008","04","20","15:00"," ","10,00","","-7,60","","28,00","","27,00","","6,00","","","","95,47","","","","","","ND"
"2008-04-20 16:00","2008","04","20","16:00"," ","10,60","","-8,00","","26,00","","24,00","","9,00","","","","95,43","","","","","","ND"
"2008-04-20 17:00","2008","04","20","17:00"," ","10,20","","-8,60","","26,00","","25,00","","7,00","","","","95,41","","","","","","ND"
"2008-04-20 18:00","2008","04","20","18:00"," ","10,70","","-7,80","","26,00","","26,00","","9,00","","","","95,38","","","","","","ND"
"2008-04-20 19:00","2008","04","20","19:00"," ","9,90","","-7,20","","29,00","","29,00","","11,00","","","","95,37","","","","","","ND"
"2008-04-20 20:00","2008","04","20","20:00"," ","7,60","","-6,70","","35,00","","30,00","","9,00","","","","95,39","","","","","","ND"
"2008-04-20 21:00","2008","04","20","21:00"," ","6,10","","-6,70","","39,00","","32,00","","6,00","","","","95,40","","","","","","ND"
"2008-04-20 22:00","2008","04","20","22:00"," ","4,90","","-5,60","","47,00","","31,00","","4,00","","","","95,43","","","","","","ND"
"2008-04-20 23:00","2008","04","20","23:00"," ","3,50","","-5,50","","52,00","","0,00","","0,00","","","","95,44","","","","","","ND"
"2008-04-21 00:00","2008","04","21","00:00"," ","2,20","","-4,50","","61,00","","0,00","","0,00","","","","95,45","","","","","","ND"
"2008-04-21 01:00","2008","04","21","01:00"," ","2,10","","-5,40","","58,00","","6,00","","2,00","","","","95,48","","","","","","ND"
"2008-04-21 02:00","2008","04","21","02:00"," ","0,60","","-5,20","","65,00","","11,00","","2,00","","","","95,46","","","","","","ND"
"2008-04-21 03:00","2008","04","21","03:00"," ","-0,30","","-5,10","","70,00","","0,00","","0,00","","","","95,45","","","","","","ND"
"2008-04-21 04:00","2008","04","21","04:00"," ","-2,20","","-5,80","","76,00","","8,00","","4,00","","","","95,46","","","","-4,00","","ND"
"2008-04-21 05:00","2008","04","21","05:00"," ","-2,10","","-5,00","","80,00","","3,00","","2,00","","","","95,47","","","","-3,00","","ND"
"2008-04-21 06:00","2008","04","21","06:00"," ","-3,50","","-5,70","","85,00","","8,00","","4,00","","","","95,48","","","","-5,00","","ND"
"2008-04-21 07:00","2008","04","21","07:00"," ","-1,90","","-4,80","","81,00","","9,00","","2,00","","","","95,52","","","","-3,00","","ND"
"2008-04-21 08:00","2008","04","21","08:00"," ","1,50","","-3,80","","68,00","","23,00","","4,00","","","","95,52","","","","","","ND"
"2008-04-21 09:00","2008","04","21","09:00"," ","4,00","","-3,60","","58,00","","0,00","","0,00","","","","95,50","","","","","","ND"
"2008-04-21 10:00","2008","04","21","10:00"," ","7,30","","-5,00","","41,00","","20,00","","4,00","","","","95,46","","","","","","ND"
"2008-04-21 11:00","2008","04","21","11:00"," ","9,90","","-5,60","","33,00","","20,00","","2,00","","","","95,42","","","","","","ND"
"2008-04-21 12:00","2008","04","21","12:00"," ","11,80","","-6,60","","27,00","","23,00","","4,00","","","","95,41","","","","","","ND"
"2008-04-21 13:00","2008","04","21","13:00"," ","12,30","","-7,00","","25,00","","24,00","","11,00","","","","95,39","","","","","","ND"
"2008-04-21 14:00","2008","04","21","14:00"," ","13,50","","-8,30","","21,00","","17,00","","4,00","","","","95,36","","","","","","ND"
"2008-04-21 15:00","2008","04","21","15:00"," ","13,50","","-7,50","","23,00","","4,00","","7,00","","","","95,31","","","","","","ND"
"2008-04-21 16:00","2008","04","21","16:00"," ","13,80","","-7,60","","22,00","","7,00","","9,00","","","","95,29","","","","","","ND"
"2008-04-21 17:00","2008","04","21","17:00"," ","13,20","","-7,00","","24,00","","11,00","","15,00","","","","95,27","","","","","","ND"
"2008-04-21 18:00","2008","04","21","18:00"," ","12,70","","-6,40","","26,00","","11,00","","11,00","","","","95,27","","","","","","ND"
"2008-04-21 19:00","2008","04","21","19:00"," ","12,10","","-6,10","","27,00","","10,00","","13,00","","","","95,25","","","","","","ND"
"2008-04-21 20:00","2008","04","21","20:00"," ","10,30","","-5,70","","32,00","","11,00","","9,00","","","","95,28","","","","","","ND"
"2008-04-21 21:00","2008","04","21","21:00"," ","7,10","","-5,60","","40,00","","13,00","","6,00","","","","95,31","","","","","","ND"
"2008-04-21 22:00","2008","04","21","22:00"," ","5,60","","-5,30","","45,00","","7,00","","6,00","","","","95,35","","","","","","ND"
"2008-04-21 23:00","2008","04","21","23:00"," ","-0,10","","-5,90","","65,00","","7,00","","4,00","","","","95,39","","","","-1,00","","ND"
"2008-04-22 00:00","2008","04","22","00:00"," ","-0,70","","-5,50","","70,00","","6,00","","6,00","","","","95,39","","","","-3,00","","ND"
"2008-04-22 01:00","2008","04","22","01:00"," ","-2,10","","-5,80","","76,00","","9,00","","4,00","","","","95,42","","","","-4,00","","ND"
"2008-04-22 02:00","2008","04","22","02:00"," ","-2,40","","-5,60","","79,00","","6,00","","2,00","","","","95,42","","","","-3,00","","ND"
"2008-04-22 03:00","2008","04","22","03:00"," ","-3,60","","-6,10","","83,00","","9,00","","4,00","","","","95,40","","","","-5,00","","ND"
"2008-04-22 04:00","2008","04","22","04:00"," ","-3,70","","-5,80","","85,00","","0,00","","0,00","","","","95,41","","","","","","ND"
"2008-04-22 05:00","2008","04","22","05:00"," ","-4,50","","-6,30","","87,00","","7,00","","2,00","","","","95,40","","","","-5,00","","ND"
"2008-04-22 06:00","2008","04","22","06:00"," ","-4,50","","-6,20","","88,00","","11,00","","2,00","","","","95,40","","","","-5,00","","ND"
"2008-04-22 07:00","2008","04","22","07:00"," ","-3,20","","-5,20","","86,00","","0,00","","0,00","","","","95,38","","","","","","ND"
"2008-04-22 08:00","2008","04","22","08:00"," ","-0,20","","-4,40","","73,00","","21,00","","2,00","","","","95,37","","","","-1,00","","ND"
"2008-04-22 09:00","2008","04","22","09:00"," ","3,60","","-4,30","","56,00","","18,00","","2,00","","","","95,35","","","","","","ND"
"2008-04-22 10:00","2008","04","22","10:00"," ","6,00","","-4,30","","48,00","","17,00","","4,00","","","","95,28","","","","","","ND"
"2008-04-22 11:00","2008","04","22","11:00"," ","9,40","","-5,00","","36,00","","14,00","","2,00","","","","95,22","","","","","","ND"
"2008-04-22 12:00","2008","04","22","12:00"," ","10,70","","-5,20","","32,00","","21,00","","6,00","","","","95,15","","","","","","ND"
"2008-04-22 13:00","2008","04","22","13:00"," ","11,70","","-5,40","","30,00","","20,00","","9,00","","","","95,09","","","","","","ND"
"2008-04-22 14:00","2008","04","22","14:00"," ","12,80","","-4,90","","29,00","","23,00","","9,00","","","","95,02","","","","","","ND"
"2008-04-22 15:00","2008","04","22","15:00"," ","13,30","","-5,20","","27,00","","23,00","","6,00","","","","94,94","","","","","","ND"
"2008-04-22 16:00","2008","04","22","16:00"," ","13,80","","-5,10","","27,00","","24,00","","9,00","","","","94,88","","","","","","ND"
"2008-04-22 17:00","2008","04","22","17:00"," ","13,70","","-5,40","","26,00","","2,00","","6,00","","","","94,83","","","","","","ND"
"2008-04-22 18:00","2008","04","22","18:00"," ","12,90","","-5,10","","28,00","","10,00","","9,00","","","","94,78","","","","","","ND"
"2008-04-22 19:00","2008","04","22","19:00"," ","12,10","","-5,10","","30,00","","10,00","","11,00","","","","94,77","","","","","","ND"
"2008-04-22 20:00","2008","04","22","20:00"," ","9,70","","-5,10","","35,00","","14,00","","6,00","","","","94,79","","","","","","ND"
"2008-04-22 21:00","2008","04","22","21:00"," ","7,20","","-4,30","","44,00","","1,00","","2,00","","","","94,78","","","","","","ND"
"2008-04-22 22:00","2008","04","22","22:00"," ","4,10","","-3,90","","56,00","","3,00","","4,00","","","","94,80","","","","","","ND"
"2008-04-22 23:00","2008","04","22","23:00"," ","2,80","","-4,30","","59,00","","19,00","","2,00","","","","94,79","","","","","","ND"
"2008-04-23 00:00","2008","04","23","00:00"," ","3,60","","-3,70","","59,00","","28,00","","2,00","","","","94,81","","","","","","ND"
"2008-04-23 01:00","2008","04","23","01:00"," ","2,50","","-2,90","","67,00","","0,00","","0,00","","","","94,80","","","","","","ND"
"2008-04-23 02:00","2008","04","23","02:00"," ","2,50","","-3,80","","63,00","","11,00","","2,00","","","","94,78","","","","","","ND"
"2008-04-23 03:00","2008","04","23","03:00"," ","1,70","","-3,10","","70,00","","8,00","","2,00","","","","94,76","","","","","","ND"
"2008-04-23 04:00","2008","04","23","04:00"," ","6,50","","-4,20","","46,00","","36,00","","6,00","","","","94,74","","","","","","ND"
"2008-04-23 05:00","2008","04","23","05:00"," ","1,20","","-4,40","","66,00","","8,00","","4,00","","","","94,72","","","","","","ND"
"2008-04-23 06:00","2008","04","23","06:00"," ","4,70","","-4,20","","52,00","","6,00","","9,00","","","","94,72","","","","","","ND"
"2008-04-23 07:00","2008","04","23","07:00"," ","2,50","","-3,90","","63,00","","9,00","","6,00","","","","94,75","","","","","","ND"
"2008-04-23 08:00","2008","04","23","08:00"," ","4,90","","-3,80","","53,00","","5,00","","6,00","","","","94,76","","","","","","ND"
"2008-04-23 09:00","2008","04","23","09:00"," ","6,10","","-4,50","","47,00","","14,00","","7,00","","","","94,76","","","","","","ND"
"2008-04-23 10:00","2008","04","23","10:00"," ","6,60","","-6,10","","40,00","","14,00","","11,00","","","","94,76","","","","","","ND"
"2008-04-23 11:00","2008","04","23","11:00"," ","7,70","","-6,50","","36,00","","7,00","","11,00","","","","94,77","","","","","","ND"
"2008-04-23 12:00","2008","04","23","12:00"," ","7,70","","-6,90","","35,00","","4,00","","11,00","","","","94,78","","","","","","ND"
"2008-04-23 13:00","2008","04","23","13:00"," ","7,80","","-6,90","","34,00","","4,00","","15,00","","","","94,79","","","","","","ND"
"2008-04-23 14:00","2008","04","23","14:00"," ","8,60","","-8,00","","30,00","","3,00","","13,00","","","","94,76","","","","","","ND"
"2008-04-23 15:00","2008","04","23","15:00"," ","8,20","","-9,40","","28,00","","4,00","","11,00","","","","94,73","","","","","","ND"
"2008-04-23 16:00","2008","04","23","16:00"," ","8,30","","-10,50","","25,00","","3,00","","7,00","","","","94,73","","","","","","ND"
"2008-04-23 17:00","2008","04","23","17:00"," ","8,20","","-12,70","","21,00","","34,00","","9,00","","","","94,72","","","","","","ND"
"2008-04-23 18:00","2008","04","23","18:00"," ","7,80","","-13,80","","20,00","","8,00","","13,00","","","","94,72","","","","","","ND"
"2008-04-23 19:00","2008","04","23","19:00"," ","7,30","","-16,60","","16,00","","14,00","","4,00","","","","94,75","","","","","","ND"
"2008-04-23 20:00","2008","04","23","20:00"," ","5,80","","-18,90","","15,00","","13,00","","6,00","","","","94,78","","","","","","ND"
"2008-04-23 21:00","2008","04","23","21:00"," ","2,10","","-14,20","","29,00","","10,00","","4,00","","","","94,82","","","","","","ND"
"2008-04-23 22:00","2008","04","23","22:00"," ","1,80","","-16,50","","24,00","","7,00","","6,00","","","","94,84","","","","","","ND"
"2008-04-23 23:00","2008","04","23","23:00"," ","-2,00","","-9,80","","55,00","","5,00","","4,00","","","","94,85","","","","-3,00","","ND"
"2008-04-24 00:00","2008","04","24","00:00"," ","-2,40","","-10,30","","55,00","","5,00","","6,00","","","","94,85","","","","-5,00","","ND"
"2008-04-24 01:00","2008","04","24","01:00"," ","-3,50","","-10,90","","56,00","","5,00","","4,00","","","","94,85","","","","-5,00","","ND"
"2008-04-24 02:00","2008","04","24","02:00"," ","-3,60","","-10,70","","58,00","","0,00","","0,00","","","","94,84","","","","","","ND"
"2008-04-24 03:00","2008","04","24","03:00"," ","-5,40","","-9,60","","72,00","","10,00","","2,00","","","","94,84","","","","-6,00","","ND"
"2008-04-24 04:00","2008","04","24","04:00"," ","-6,40","","-9,80","","77,00","","8,00","","4,00","","","","94,84","","","","-8,00","","ND"
"2008-04-24 05:00","2008","04","24","05:00"," ","-6,80","","-9,90","","79,00","","3,00","","2,00","","","","94,83","","","","-8,00","","ND"
"2008-04-24 06:00","2008","04","24","06:00"," ","-7,40","","-10,20","","80,00","","0,00","","0,00","","","","94,83","","","","","","ND"
"2008-04-24 07:00","2008","04","24","07:00"," ","-5,90","","-8,50","","82,00","","0,00","","0,00","","","","94,84","","","","","","ND"
"2008-04-24 08:00","2008","04","24","08:00"," ","-3,10","","-10,10","","58,00","","0,00","","0,00","","","","94,80","","","","","","ND"
"2008-04-24 09:00","2008","04","24","09:00"," ","-1,50","","-10,40","","51,00","","23,00","","6,00","","","","94,76","","","","-4,00","","ND"
"2008-04-24 10:00","2008","04","24","10:00"," ","1,60","","-12,80","","33,00","","20,00","","2,00","","","","94,70","","","","","","ND"
"2008-04-24 11:00","2008","04","24","11:00"," ","4,30","","-14,40","","24,00","","18,00","","4,00","","","","94,62","","","","","","ND"
"2008-04-24 12:00","2008","04","24","12:00"," ","6,00","","-15,00","","20,00","","20,00","","6,00","","","","94,56","","","","","","ND"
"2008-04-24 13:00","2008","04","24","13:00"," ","7,80","","-15,30","","18,00","","21,00","","4,00","","","","94,52","","","","","","ND"
"2008-04-24 14:00","2008","04","24","14:00"," ","8,30","","-13,70","","19,00","","26,00","","9,00","","","","94,48","","","","","","ND"
"2008-04-24 15:00","2008","04","24","15:00"," ","9,10","","-13,20","","19,00","","27,00","","7,00","","","","94,39","","","","","","ND"
"2008-04-24 16:00","2008","04","24","16:00"," ","9,70","","-9,60","","25,00","","27,00","","11,00","","","","94,35","","","","","","ND"
"2008-04-24 17:00","2008","04","24","17:00"," ","9,70","","-8,10","","28,00","","27,00","","17,00","","","","94,29","","","","","","ND"
"2008-04-24 18:00","2008","04","24","18:00"," ","9,20","","-7,10","","31,00","","26,00","","13,00","","","","94,25","","","","","","ND"
"2008-04-24 19:00","2008","04","24","19:00"," ","7,10","","-6,30","","38,00","","27,00","","17,00","","","","94,25","","","","","","ND"
"2008-04-24 20:00","2008","04","24","20:00"," ","6,40","","-6,10","","40,00","","28,00","","13,00","","","","94,28","","","","","","ND"
"2008-04-24 21:00","2008","04","24","21:00"," ","5,40","","-6,20","","43,00","","28,00","","9,00","","","","94,30","","","","","","ND"
"2008-04-24 22:00","2008","04","24","22:00"," ","2,40","","-5,50","","56,00","","31,00","","2,00","","","","94,33","","","","","","ND"
"2008-04-24 23:00","2008","04","24","23:00"," ","2,30","","-5,60","","56,00","","1,00","","6,00","","","","94,31","","","","","","ND"
"2008-04-25 00:00","2008","04","25","00:00"," ","-0,10","","-5,70","","66,00","","35,00","","2,00","","","","94,31","","","","-1,00","","ND"
"2008-04-25 01:00","2008","04","25","01:00"," ","-0,90","","-5,60","","70,00","","26,00","","4,00","","","","94,30","","","","-2,00","","ND"
"2008-04-25 02:00","2008","04","25","02:00"," ","-1,50","","-5,60","","74,00","","0,00","","0,00","","","","94,27","","","","","","ND"
"2008-04-25 03:00","2008","04","25","03:00"," ","-1,80","","-5,70","","75,00","","0,00","","0,00","","","","94,22","","","","","","ND"
"2008-04-25 04:00","2008","04","25","04:00"," ","-2,30","","-5,90","","76,00","","30,00","","2,00","","","","94,18","","","","-3,00","","ND"
"2008-04-25 05:00","2008","04","25","05:00"," ","-2,20","","-6,00","","75,00","","35,00","","2,00","","","","94,17","","","","-3,00","","ND"
"2008-04-25 06:00","2008","04","25","06:00"," ","-3,20","","-6,10","","80,00","","6,00","","4,00","","","","94,18","","","","-5,00","","ND"
"2008-04-25 07:00","2008","04","25","07:00"," ","-1,20","","-4,20","","80,00","","5,00","","2,00","","","","94,18","","","","-2,00","","ND"
"2008-04-25 08:00","2008","04","25","08:00"," ","2,20","","-4,00","","64,00","","0,00","","0,00","","","","94,16","","","","","","ND"
"2008-04-25 09:00","2008","04","25","09:00"," ","6,00","","-5,10","","45,00","","27,00","","6,00","","","","94,14","","","","","","ND"
"2008-04-25 10:00","2008","04","25","10:00"," ","7,90","","-7,40","","33,00","","26,00","","9,00","","","","94,11","","","","","","ND"
"2008-04-25 11:00","2008","04","25","11:00"," ","8,80","","-7,50","","31,00","","27,00","","11,00","","","","94,08","","","","","","ND"
"2008-04-25 12:00","2008","04","25","12:00"," ","10,30","","-8,30","","26,00","","27,00","","15,00","","","","94,07","","","","","","ND"
"2008-04-25 13:00","2008","04","25","13:00"," ","11,30","","-10,90","","20,00","","3,00","","7,00","","","","93,99","","","","","","ND"
"2008-04-25 14:00","2008","04","25","14:00"," ","12,40","","-11,70","","17,00","","27,00","","15,00","","","","93,96","","","","","","ND"
"2008-04-25 15:00","2008","04","25","15:00"," ","9,60","","-8,50","","27,00","","28,00","","22,00","","","","93,98","","","","","","ND"
"2008-04-25 16:00","2008","04","25","16:00"," ","9,90","","-10,70","","22,00","","31,00","","13,00","","","","94,05","","","","","","ND"
"2008-04-25 17:00","2008","04","25","17:00"," ","10,90","","-12,60","","18,00","","21,00","","19,00","","","","94,10","","","","","","ND"
"2008-04-25 18:00","2008","04","25","18:00"," ","9,50","","-12,20","","20,00","","29,00","","13,00","","","","94,13","","","","","","ND"
"2008-04-25 19:00","2008","04","25","19:00"," ","8,50","","-13,00","","20,00","","17,00","","17,00","","","","94,19","","","","","","ND"
"2008-04-25 20:00","2008","04","25","20:00"," ","6,00","","-10,50","","29,00","","36,00","","11,00","","","","94,21","","","","","","ND"
"2008-04-25 21:00","2008","04","25","21:00"," ","7,20","","-17,90","","15,00","","30,00","","7,00","","","","94,23","","","","","","ND"
"2008-04-25 22:00","2008","04","25","22:00"," ","5,70","","-14,90","","21,00","","8,00","","13,00","","","","94,28","","","","","","ND"
"2008-04-25 23:00","2008","04","25","23:00"," ","5,00","","-11,20","","30,00","","4,00","","13,00","","","","94,27","","","","","","ND"
"2008-04-26 00:00","2008","04","26","00:00"," ","4,80","","-11,00","","31,00","","2,00","","7,00","","","","94,31","","","","","","ND"
"2008-04-26 01:00","2008","04","26","01:00"," ","6,00","","-11,20","","28,00","","24,00","","19,00","","","","94,33","","","","","","ND"
"2008-04-26 02:00","2008","04","26","02:00"," ","5,50","","-10,40","","31,00","","25,00","","11,00","","","","94,32","","","","","","ND"
"2008-04-26 03:00","2008","04","26","03:00"," ","3,50","","-10,00","","36,00","","3,00","","13,00","","","","94,34","","","","","","ND"
"2008-04-26 04:00","2008","04","26","04:00"," ","2,70","","-10,50","","37,00","","3,00","","11,00","","","","94,33","","","","","","ND"
"2008-04-26 05:00","2008","04","26","05:00"," ","1,70","","-9,70","","42,00","","1,00","","9,00","","","","94,33","","","","","","ND"
"2008-04-26 06:00","2008","04","26","06:00"," ","1,10","","-8,00","","51,00","","2,00","","13,00","","","","94,29","","","","","","ND"
"2008-04-26 07:00","2008","04","26","07:00"," ","0,20","","-7,90","","54,00","","23,00","","2,00","","","","94,26","","","","","","ND"
"2008-04-26 08:00","2008","04","26","08:00"," ","2,00","","-7,70","","49,00","","15,00","","2,00","","","","94,23","","","","","","ND"
"2008-04-26 09:00","2008","04","26","09:00"," ","3,40","","-8,40","","42,00","","19,00","","6,00","","","","94,15","","","","","","ND"
"2008-04-26 10:00","2008","04","26","10:00"," ","5,20","","-8,70","","36,00","","22,00","","7,00","","","","94,07","","","","","","ND"
"2008-04-26 11:00","2008","04","26","11:00"," ","6,50","","-8,90","","32,00","","24,00","","7,00","","","","94,00","","","","","","ND"
"2008-04-26 12:00","2008","04","26","12:00"," ","7,90","","-9,30","","28,00","","15,00","","15,00","","","","93,91","","","","","","ND"
"2008-04-26 13:00","2008","04","26","13:00"," ","9,00","","-10,70","","24,00","","13,00","","15,00","","","","93,80","","","","","","ND"
"2008-04-26 14:00","2008","04","26","14:00"," ","8,40","","-10,70","","25,00","","12,00","","17,00","","","","93,70","","","","","","ND"
"2008-04-26 15:00","2008","04","26","15:00"," ","9,30","","-10,20","","24,00","","12,00","","15,00","","","","93,58","","","","","","ND"
"2008-04-26 16:00","2008","04","26","16:00"," ","8,50","","-7,30","","32,00","","13,00","","15,00","","","","93,50","","","","","","ND"
"2008-04-26 17:00","2008","04","26","17:00"," ","7,40","","-3,40","","46,00","","13,00","","9,00","","","","93,41","","","","","","ND"
"2008-04-26 18:00","2008","04","26","18:00"," ","6,30","","-3,90","","48,00","","15,00","","4,00","","","","93,30","","","","","","ND"
"2008-04-26 19:00","2008","04","26","19:00"," ","7,20","","-1,70","","53,00","","13,00","","11,00","","","","93,22","","","","","","ND"
"2008-04-26 20:00","2008","04","26","20:00"," ","5,20","","1,20","","75,00","","11,00","","11,00","","","","93,21","","","","","","ND"
"2008-04-26 21:00","2008","04","26","21:00"," ","2,90","","-0,50","","78,00","","32,00","","9,00","","","","93,17","","","","","","ND"
"2008-04-26 22:00","2008","04","26","22:00"," ","2,40","","-0,60","","81,00","","35,00","","6,00","","","","93,19","","","","","","ND"
"2008-04-26 23:00","2008","04","26","23:00"," ","2,80","","-0,30","","80,00","","35,00","","7,00","","","","93,24","","","","","","ND"
"2008-04-27 00:00","2008","04","27","00:00"," ","1,90","","-0,40","","85,00","","33,00","","7,00","","","","93,29","","","","","","ND"
"2008-04-27 01:00","2008","04","27","01:00"," ","1,60","","-0,20","","88,00","","2,00","","4,00","","","","93,30","","","","","","ND"
"2008-04-27 02:00","2008","04","27","02:00"," ","0,20","","-1,80","","86,00","","10,00","","4,00","","","","93,32","","","","","","ND"
"2008-04-27 03:00","2008","04","27","03:00"," ","1,40","","-1,60","","80,00","","36,00","","4,00","","","","93,34","","","","","","ND"
"2008-04-27 04:00","2008","04","27","04:00"," ","0,20","","-1,80","","86,00","","5,00","","2,00","","","","93,34","","","","","","ND"
"2008-04-27 05:00","2008","04","27","05:00"," ","-0,40","","-2,10","","88,00","","7,00","","4,00","","","","93,33","","","","-2,00","","ND"
"2008-04-27 06:00","2008","04","27","06:00"," ","0,40","","-1,20","","89,00","","36,00","","4,00","","","","93,33","","","","","","ND"
"2008-04-27 07:00","2008","04","27","07:00"," ","1,50","","-0,50","","87,00","","36,00","","2,00","","","","93,34","","","","","","ND"
"2008-04-27 08:00","2008","04","27","08:00"," ","3,30","","0,20","","80,00","","22,00","","4,00","","","","93,33","","","","","","ND"
"2008-04-27 09:00","2008","04","27","09:00"," ","4,70","","0,70","","75,00","","23,00","","4,00","","","","93,34","","","","","","ND"
"2008-04-27 10:00","2008","04","27","10:00"," ","6,00","","0,50","","68,00","","26,00","","7,00","","","","93,31","","","","","","ND"
"2008-04-27 11:00","2008","04","27","11:00"," ","7,60","","-0,50","","56,00","","27,00","","7,00","","","","93,30","","","","","","ND"
"2008-04-27 12:00","2008","04","27","12:00"," ","9,10","","-1,00","","49,00","","25,00","","6,00","","","","93,30","","","","","","ND"
"2008-04-27 13:00","2008","04","27","13:00"," ","9,70","","-1,30","","46,00","","24,00","","7,00","","","","93,27","","","","","","ND"
"2008-04-27 14:00","2008","04","27","14:00"," ","11,30","","-4,20","","33,00","","14,00","","9,00","","","","93,23","","","","","","ND"
"2008-04-27 15:00","2008","04","27","15:00"," ","11,50","","-4,10","","33,00","","13,00","","15,00","","","","93,22","","","","","","ND"
"2008-04-27 16:00","2008","04","27","16:00"," ","11,60","","-5,10","","31,00","","12,00","","13,00","","","","93,21","","","","","","ND"
"2008-04-27 17:00","2008","04","27","17:00"," ","11,00","","-5,50","","31,00","","17,00","","11,00","","","","93,21","","","","","","ND"
"2008-04-27 18:00","2008","04","27","18:00"," ","9,90","","-3,90","","38,00","","11,00","","15,00","","","","93,19","","","","","","ND"
"2008-04-27 19:00","2008","04","27","19:00"," ","9,80","","-1,90","","44,00","","18,00","","7,00","","","","93,19","","","","","","ND"
"2008-04-27 20:00","2008","04","27","20:00"," ","8,60","","-1,60","","49,00","","29,00","","7,00","","","","93,24","","","","","","ND"
"2008-04-27 21:00","2008","04","27","21:00"," ","6,30","","-1,00","","60,00","","31,00","","6,00","","","","93,26","","","","","","ND"
"2008-04-27 22:00","2008","04","27","22:00"," ","5,40","","-1,20","","62,00","","36,00","","11,00","","","","93,29","","","","","","ND"
"2008-04-27 23:00","2008","04","27","23:00"," ","4,30","","-1,20","","67,00","","36,00","","11,00","","","","93,36","","","","","","ND"
"2008-04-28 00:00","2008","04","28","00:00"," ","1,80","","-1,40","","79,00","","23,00","","6,00","","","","93,38","","","","","","ND"
"2008-04-28 01:00","2008","04","28","01:00"," ","-0,60","","-2,80","","85,00","","4,00","","2,00","","","","93,40","","","","-1,00","","ND"
"2008-04-28 02:00","2008","04","28","02:00"," ","-2,40","","-4,50","","85,00","","8,00","","2,00","","","","93,43","","","","-3,00","","ND"
"2008-04-28 03:00","2008","04","28","03:00"," ","-1,70","","-3,50","","87,00","","8,00","","4,00","","","","93,44","","","","-3,00","","ND"
"2008-04-28 04:00","2008","04","28","04:00"," ","-1,60","","-3,40","","87,00","","0,00","","0,00","","","","93,48","","","","","","ND"
"2008-04-28 05:00","2008","04","28","05:00"," ","-1,50","","-2,70","","92,00","","0,00","","0,00","","","","93,47","","","","","","ND"
"2008-04-28 06:00","2008","04","28","06:00"," ","-1,90","","-3,10","","91,00","","6,00","","2,00","","","","93,44","","","","-3,00","","ND"
"2008-04-28 07:00","2008","04","28","07:00"," ","-0,30","","-1,80","","90,00","","10,00","","6,00","","","","93,45","","","","-2,00","","ND"
"2008-04-28 08:00","2008","04","28","08:00"," ","1,70","","-0,80","","83,00","","24,00","","4,00","","","","93,46","","","","","","ND"
"2008-04-28 09:00","2008","04","28","09:00"," ","4,20","","-0,30","","72,00","","22,00","","6,00","","","","93,40","","","","","","ND"
"2008-04-28 10:00","2008","04","28","10:00"," ","6,50","","-1,00","","59,00","","23,00","","4,00","","","","93,37","","","","","","ND"
"2008-04-28 11:00","2008","04","28","11:00"," ","8,50","","-4,60","","39,00","","20,00","","4,00","","","","93,36","","","","","","ND"
"2008-04-28 12:00","2008","04","28","12:00"," ","9,30","","-4,50","","37,00","","23,00","","9,00","","","","93,35","","","","","","ND"
"2008-04-28 13:00","2008","04","28","13:00"," ","10,20","","-4,70","","35,00","","18,00","","7,00","","","","93,33","","","","","","ND"
"2008-04-28 14:00","2008","04","28","14:00"," ","9,70","","-3,90","","38,00","","20,00","","13,00","","","","93,34","","","","","","ND"
"2008-04-28 15:00","2008","04","28","15:00"," ","8,50","","-2,00","","48,00","","28,00","","13,00","","","","93,39","","","","","","ND"
"2008-04-28 16:00","2008","04","28","16:00"," ","7,70","","-1,30","","53,00","","28,00","","13,00","","","","93,42","","","","","","ND"
"2008-04-28 17:00","2008","04","28","17:00"," ","7,60","","-1,40","","53,00","","29,00","","11,00","","","","93,41","","","","","","ND"
"2008-04-28 18:00","2008","04","28","18:00"," ","7,00","","-1,30","","55,00","","30,00","","6,00","","","","93,45","","","","","","ND"
"2008-04-28 19:00","2008","04","28","19:00"," ","4,80","","-0,10","","71,00","","31,00","","11,00","","","","93,53","","","","","","ND"
"2008-04-28 20:00","2008","04","28","20:00"," ","3,20","","0,30","","81,00","","1,00","","11,00","","","","93,58","","","","","","ND"
"2008-04-28 21:00","2008","04","28","21:00"," ","1,70","","-0,40","","86,00","","2,00","","11,00","","","","93,59","","","","","","ND"
"2008-04-28 22:00","2008","04","28","22:00"," ","1,40","","-1,00","","84,00","","35,00","","6,00","","","","93,61","","","","","","ND"
"2008-04-28 23:00","2008","04","28","23:00"," ","1,20","","-1,00","","85,00","","34,00","","2,00","","","","93,65","","","","","","ND"
"2008-04-29 00:00","2008","04","29","00:00"," ","0,30","","-0,60","","94,00","","23,00","","6,00","","","","93,67","","","","","","ND"
"2008-04-29 01:00","2008","04","29","01:00"," ","0,30","","-0,40","","95,00","","6,00","","4,00","","","","93,67","","","","","","ND"
"2008-04-29 02:00","2008","04","29","02:00"," ","0,20","","-0,40","","96,00","","23,00","","4,00","","","","93,70","","","","","","ND"
"2008-04-29 03:00","2008","04","29","03:00"," ","0,20","","-0,40","","96,00","","5,00","","2,00","","","","93,67","","","","","","ND"
"2008-04-29 04:00","2008","04","29","04:00"," ","0,00","","-0,60","","96,00","","24,00","","2,00","","","","93,69","","","","-1,00","","ND"
"2008-04-29 05:00","2008","04","29","05:00"," ","0,00","","-0,60","","96,00","","0,00","","0,00","","","","93,71","","","","","","ND"
"2008-04-29 06:00","2008","04","29","06:00"," ","0,00","","-0,60","","96,00","","6,00","","4,00","","","","93,71","","","","-1,00","","ND"
"2008-04-29 07:00","2008","04","29","07:00"," ","0,10","","-0,50","","96,00","","24,00","","2,00","","","","93,70","","","","","","ND"
"2008-04-29 08:00","2008","04","29","08:00"," ","0,50","","-0,20","","95,00","","26,00","","2,00","","","","93,73","","","","","","ND"
"2008-04-29 09:00","2008","04","29","09:00"," ","0,70","","0,00","","95,00","","26,00","","2,00","","","","93,74","","","","","","ND"
"2008-04-29 10:00","2008","04","29","10:00"," ","1,30","","0,20","","92,00","","34,00","","2,00","","","","93,75","","","","","","ND"
"2008-04-29 11:00","2008","04","29","11:00"," ","1,50","","0,10","","90,00","","29,00","","2,00","","","","93,79","","","","","","ND"
"2008-04-29 12:00","2008","04","29","12:00"," ","2,30","","1,00","","91,00","","19,00","","2,00","","","","93,79","","","","","","ND"
"2008-04-29 13:00","2008","04","29","13:00"," ","2,50","","1,20","","91,00","","31,00","","6,00","","","","93,79","","","","","","ND"
"2008-04-29 14:00","2008","04","29","14:00"," ","3,20","","1,70","","90,00","","26,00","","2,00","","","","93,79","","","","","","ND"
"2008-04-29 15:00","2008","04","29","15:00"," ","3,30","","1,60","","89,00","","35,00","","6,00","","","","93,81","","","","","","ND"
"2008-04-29 16:00","2008","04","29","16:00"," ","4,60","","2,00","","83,00","","33,00","","2,00","","","","93,79","","","","","","ND"
"2008-04-29 17:00","2008","04","29","17:00"," ","5,30","","2,20","","80,00","","7,00","","6,00","","","","93,77","","","","","","ND"
"2008-04-29 18:00","2008","04","29","18:00"," ","4,60","","1,50","","80,00","","29,00","","9,00","","","","93,78","","","","","","ND"
"2008-04-29 19:00","2008","04","29","19:00"," ","4,60","","1,10","","78,00","","31,00","","6,00","","","","93,79","","","","","","ND"
"2008-04-29 20:00","2008","04","29","20:00"," ","4,30","","0,80","","78,00","","34,00","","6,00","","","","93,79","","","","","","ND"
"2008-04-29 21:00","2008","04","29","21:00"," ","3,10","","-0,30","","78,00","","36,00","","7,00","","","","93,79","","","","","","ND"
"2008-04-29 22:00","2008","04","29","22:00"," ","2,50","","-1,40","","75,00","","36,00","","9,00","","","","93,80","","","","","","ND"
"2008-04-29 23:00","2008","04","29","23:00"," ","2,20","","-1,80","","75,00","","1,00","","9,00","","","","93,80","","","","","","ND"
"2008-04-30 00:00","2008","04","30","00:00"," ","1,90","","-1,70","","77,00","","34,00","","7,00","","","","93,79","","","","","","ND"
"2008-04-30 01:00","2008","04","30","01:00"," ","1,30","","-1,40","","82,00","","3,00","","4,00","","","","93,78","","","","","","ND"
"2008-04-30 02:00","2008","04","30","02:00"," ","0,90","","-1,10","","86,00","","0,00","","0,00","","","","93,79","","","","","","ND"
"2008-04-30 03:00","2008","04","30","03:00"," ","0,20","","-0,70","","94,00","","16,00","","2,00","","","","93,79","","","","","","ND"
"2008-04-30 04:00","2008","04","30","04:00"," ","0,10","","-0,50","","96,00","","29,00","","4,00","","","","93,80","","","","","","ND"
"2008-04-30 05:00","2008","04","30","05:00"," ","0,00","","-0,60","","96,00","","0,00","","0,00","","","","93,80","","","","","","ND"
"2008-04-30 06:00","2008","04","30","06:00"," ","0,00","","-0,50","","96,00","","0,00","","0,00","","","","93,80","","","","","","ND"
"2008-04-30 07:00","2008","04","30","07:00"," ","0,70","","0,10","","96,00","","0,00","","0,00","","","","93,80","","","","","","ND"
"2008-04-30 08:00","2008","04","30","08:00"," ","0,70","","0,10","","96,00","","30,00","","2,00","","","","93,81","","","","","","ND"
"2008-04-30 09:00","2008","04","30","09:00"," ","2,20","","0,40","","88,00","","6,00","","6,00","","","","93,81","","","","","","ND"
"2008-04-30 10:00","2008","04","30","10:00"," ","2,40","","0,10","","85,00","","29,00","","6,00","","","","93,82","","","","","","ND"
"2008-04-30 11:00","2008","04","30","11:00"," ","4,40","","-2,80","","59,00","","33,00","","6,00","","","","93,82","","","","","","ND"
"2008-04-30 12:00","2008","04","30","12:00"," ","5,30","","-4,00","","51,00","","34,00","","7,00","","","","93,83","","","","","","ND"
"2008-04-30 13:00","2008","04","30","13:00"," ","6,50","","-8,30","","34,00","","27,00","","11,00","","","","93,82","","","","","","ND"
"2008-04-30 14:00","2008","04","30","14:00"," ","5,90","","-12,00","","26,00","","28,00","","15,00","","","","93,87","","","","","","ND"
"2008-04-30 15:00","2008","04","30","15:00"," ","6,60","","-10,70","","28,00","","28,00","","13,00","","","","93,87","","","","","","ND"
"2008-04-30 16:00","2008","04","30","16:00"," ","6,40","","-9,80","","30,00","","26,00","","11,00","","","","93,86","","","","","","ND"
"2008-04-30 17:00","2008","04","30","17:00"," ","5,60","","-10,70","","30,00","","34,00","","11,00","","","","93,89","","","","","","ND"
"2008-04-30 18:00","2008","04","30","18:00"," ","4,30","","-10,00","","34,00","","29,00","","13,00","","","","93,93","","","","","","ND"
"2008-04-30 19:00","2008","04","30","19:00"," ","3,90","","-9,30","","37,00","","30,00","","13,00","","","","93,95","","","","","","ND"
"2008-04-30 20:00","2008","04","30","20:00"," ","3,40","","-9,70","","38,00","","29,00","","11,00","","","","93,98","","","","","","ND"
"2008-04-30 21:00","2008","04","30","21:00"," ","3,00","","-9,30","","40,00","","28,00","","7,00","","","","94,02","","","","","","ND"
"2008-04-30 22:00","2008","04","30","22:00"," ","1,40","","-8,20","","49,00","","22,00","","2,00","","","","94,07","","","","","","ND"
"2008-04-30 23:00","2008","04","30","23:00"," ","0,60","","-8,40","","51,00","","2,00","","7,00","","","","94,09","","","","","","ND"
