"Nom de la Station","NORMAN WELLS A"
"Province","NORTHWEST TERRITORIES"
"Latitude","65,28"
"Longitude","-126,80"
"Altitude","72,50"
"Identification Climat","2202800"
"Identification OMM","71043"
"Identification TC","YVQ"
"Toutes les heures sont exprimées en heure normale locale (HNL). Pour convertir l'heure locale en heure avancée de l'Est (HAE), ajoutez 1 heure s'il y a lieu."

"Légende"
"M","Données Manquantes"
"E","Valeur Estimée"
"ND","Non Disponible"
"**","Données fournies par un partenaire, non assujetties à un révision par les Archives climatiques nationales du Canada"

"Date/Heure","Année","Mois","Jour","Heure","Qualité des Données","Temp (°C)","Temp Indicateur","Point de rosée (°C)","Point de rosée Indicateur","Hum. rel (%)","Hum. rel. Indicateur","Dir. du vent (10s deg)","Dir. du vent Indicateur","Vit. du vent (km/h)","Vit. du vent Indicateur","Visibilité (km)","Visibilité Indicateur","Pression à la station (kPa)","Pression à la station Indicateur","Hmdx","Hmdx Indicateur","Refroid. éolien","Refroid. éolien Indicateur","Temps"
"1971-11-01 00:00","1971","11","01","00:00"," ","-10,00","","-12,20","","84,00","","29,00","","23,00","","3,20","","100,25","","","","-18,00","","Neige"
"1971-11-01 01:00","1971","11","01","01:00"," ","-10,00","","-11,70","","86,00","","30,00","","19,00","","6,40","","100,30","","","","-18,00","","Neige"
"1971-11-01 02:00","1971","11","01","02:00"," ","-10,00","","-13,30","","77,00","","32,00","","18,00","","16,10","","100,34","","","","-17,00","","Neige"
"1971-11-01 03:00","1971","11","01","03:00"," ","-10,60","","-12,80","","84,00","","29,00","","21,00","","16,10","","100,37","","","","-19,00","","Cristaux de glace"
"1971-11-01 04:00","1971","11","01","04:00"," ","-10,60","","-12,80","","84,00","","31,00","","14,00","","16,10","","100,38","","","","-17,00","","Cristaux de glace"
"1971-11-01 05:00","1971","11","01","05:00"," ","-10,60","","-12,80","","84,00","","32,00","","19,00","","16,10","","100,39","","","","-18,00","","Cristaux de glace"
"1971-11-01 06:00","1971","11","01","06:00"," ","-10,00","","-11,70","","85,00","","33,00","","18,00","","32,20","","100,41","","","","-17,00","","Neige"
"1971-11-01 07:00","1971","11","01","07:00"," ","-9,40","","-11,70","","84,00","","35,00","","13,00","","32,20","","100,46","","","","-15,00","","Neige"
"1971-11-01 08:00","1971","11","01","08:00"," ","-8,90","","-11,10","","84,00","","32,00","","16,00","","32,20","","100,46","","","","-16,00","","Neige"
"1971-11-01 09:00","1971","11","01","09:00"," ","-8,90","","-11,10","","83,00","","30,00","","14,00","","16,10","","100,49","","","","-15,00","","Neige"
"1971-11-01 10:00","1971","11","01","10:00"," ","-8,30","","-11,10","","81,00","","32,00","","16,00","","16,10","","100,50","","","","-15,00","","Neige"
"1971-11-01 11:00","1971","11","01","11:00"," ","-8,90","","-11,70","","80,00","","33,00","","13,00","","16,10","","100,52","","","","-15,00","","Généralement nuageux"
"1971-11-01 12:00","1971","11","01","12:00"," ","-7,80","","-10,60","","81,00","","32,00","","14,00","","16,10","","100,52","","","","-14,00","","Neige"
"1971-11-01 13:00","1971","11","01","13:00"," ","-7,80","","-10,00","","83,00","","31,00","","11,00","","16,10","","100,52","","","","-13,00","","Neige"
"1971-11-01 14:00","1971","11","01","14:00"," ","-7,80","","-10,00","","83,00","","32,00","","11,00","","48,30","","100,51","","","","-13,00","","Généralement nuageux"
"1971-11-01 15:00","1971","11","01","15:00"," ","-7,80","","-10,00","","82,00","","31,00","","10,00","","48,30","","100,51","","","","-13,00","","Généralement nuageux"
"1971-11-01 16:00","1971","11","01","16:00"," ","-7,80","","-10,60","","82,00","","34,00","","10,00","","48,30","","100,53","","","","-13,00","","Généralement dégagé"
"1971-11-01 17:00","1971","11","01","17:00"," ","-8,90","","-11,70","","80,00","","35,00","","6,00","","48,30","","100,53","","","","-12,00","","Généralement nuageux"
"1971-11-01 18:00","1971","11","01","18:00"," ","-12,20","","-14,40","","82,00","","0,00","","0,00","","48,30","","100,55","","","","","","Généralement nuageux"
"1971-11-01 19:00","1971","11","01","19:00"," ","-13,90","","-16,10","","83,00","","9,00","","8,00","","48,30","","100,56","","","","-19,00","","Généralement nuageux"
"1971-11-01 20:00","1971","11","01","20:00"," ","-13,30","","-16,10","","80,00","","14,00","","6,00","","48,30","","100,57","","","","-17,00","","Généralement nuageux"
"1971-11-01 21:00","1971","11","01","21:00"," ","-13,90","","-17,20","","77,00","","13,00","","6,00","","48,30","","100,60","","","","-18,00","","Généralement nuageux"
"1971-11-01 22:00","1971","11","01","22:00"," ","-12,80","","-15,60","","80,00","","11,00","","10,00","","48,30","","100,63","","","","-19,00","","Généralement nuageux"
"1971-11-01 23:00","1971","11","01","23:00"," ","-12,20","","-15,60","","76,00","","12,00","","11,00","","48,30","","100,67","","","","-18,00","","Généralement nuageux"
"1971-11-02 00:00","1971","11","02","00:00"," ","-12,80","","-16,10","","77,00","","11,00","","13,00","","48,30","","100,71","","","","-20,00","","Généralement nuageux"
"1971-11-02 01:00","1971","11","02","01:00"," ","-12,80","","-15,60","","79,00","","12,00","","10,00","","32,20","","100,79","","","","-19,00","","Généralement nuageux"
"1971-11-02 02:00","1971","11","02","02:00"," ","-13,30","","-15,60","","82,00","","11,00","","8,00","","32,20","","100,86","","","","-18,00","","Nuageux"
"1971-11-02 03:00","1971","11","02","03:00"," ","-12,80","","-16,10","","79,00","","10,00","","6,00","","32,20","","100,94","","","","-17,00","","Généralement nuageux"
"1971-11-02 04:00","1971","11","02","04:00"," ","-12,80","","-15,60","","81,00","","10,00","","11,00","","32,20","","101,00","","","","-19,00","","Nuageux"
"1971-11-02 05:00","1971","11","02","05:00"," ","-13,30","","-15,60","","84,00","","10,00","","8,00","","32,20","","101,07","","","","-18,00","","Généralement nuageux"
"1971-11-02 06:00","1971","11","02","06:00"," ","-13,30","","-15,60","","84,00","","9,00","","10,00","","32,20","","101,15","","","","-19,00","","Généralement nuageux"
"1971-11-02 07:00","1971","11","02","07:00"," ","-12,80","","-14,40","","87,00","","13,00","","8,00","","32,20","","101,22","","","","-18,00","","Nuageux"
"1971-11-02 08:00","1971","11","02","08:00"," ","-12,80","","-15,00","","84,00","","10,00","","11,00","","32,20","","101,31","","","","-19,00","","Généralement nuageux"
"1971-11-02 09:00","1971","11","02","09:00"," ","-12,80","","-16,10","","77,00","","8,00","","6,00","","32,20","","101,37","","","","-17,00","","Généralement nuageux"
"1971-11-02 10:00","1971","11","02","10:00"," ","-12,80","","-15,60","","78,00","","11,00","","5,00","","32,20","","101,48","","","","-16,00","","Neige"
"1971-11-02 11:00","1971","11","02","11:00"," ","-12,20","","-15,60","","78,00","","11,00","","8,00","","16,10","","101,57","","","","-17,00","","Neige"
"1971-11-02 12:00","1971","11","02","12:00"," ","-11,70","","-15,00","","77,00","","0,00","","0,00","","3,20","","101,65","","","","","","Neige"
"1971-11-02 13:00","1971","11","02","13:00"," ","-11,10","","-15,00","","73,00","","26,00","","3,00","","48,30","","101,70","","","","-13,00","","Cristaux de glace"
"1971-11-02 14:00","1971","11","02","14:00"," ","-10,00","","-13,90","","74,00","","32,00","","19,00","","40,20","","101,79","","","","-18,00","","Généralement nuageux"
"1971-11-02 15:00","1971","11","02","15:00"," ","-11,10","","-14,40","","74,00","","30,00","","23,00","","24,10","","101,84","","","","-20,00","","Nuageux"
"1971-11-02 16:00","1971","11","02","16:00"," ","-11,10","","-15,00","","73,00","","31,00","","19,00","","24,10","","101,92","","","","-19,00","","Neige"
"1971-11-02 17:00","1971","11","02","17:00"," ","-11,70","","-15,00","","74,00","","31,00","","24,00","","11,30","","101,97","","","","-21,00","","Neige"
"1971-11-02 18:00","1971","11","02","18:00"," ","-12,20","","-15,00","","79,00","","30,00","","26,00","","16,10","","102,02","","","","-22,00","","Neige"
"1971-11-02 19:00","1971","11","02","19:00"," ","-12,80","","-15,00","","83,00","","30,00","","23,00","","16,10","","102,12","","","","-22,00","","Neige"
"1971-11-02 20:00","1971","11","02","20:00"," ","-14,40","","-17,20","","79,00","","30,00","","26,00","","32,20","","102,16","","","","-25,00","","Neige"
"1971-11-02 21:00","1971","11","02","21:00"," ","-15,00","","-17,80","","80,00","","30,00","","21,00","","48,30","","102,18","","","","-24,00","","Généralement dégagé"
"1971-11-02 22:00","1971","11","02","22:00"," ","-13,90","","-17,20","","74,00","","32,00","","27,00","","32,20","","102,23","","","","-24,00","","Neige"
"1971-11-02 23:00","1971","11","02","23:00"," ","-13,90","","-17,80","","72,00","","32,00","","27,00","","32,20","","102,23","","","","-24,00","","Neige"
"1971-11-03 00:00","1971","11","03","00:00"," ","-14,40","","-18,30","","71,00","","31,00","","21,00","","3,20","","102,27","","","","-24,00","","Neige"
"1971-11-03 01:00","1971","11","03","01:00"," ","-15,00","","-18,30","","76,00","","32,00","","18,00","","8,00","","102,30","","","","-24,00","","Neige"
"1971-11-03 02:00","1971","11","03","02:00"," ","-15,00","","-18,30","","76,00","","33,00","","16,00","","16,10","","102,34","","","","-23,00","","Généralement dégagé"
"1971-11-03 03:00","1971","11","03","03:00"," ","-15,60","","-17,20","","84,00","","31,00","","16,00","","16,10","","102,34","","","","-24,00","","Nuageux"
"1971-11-03 04:00","1971","11","03","04:00"," ","-15,00","","-17,20","","82,00","","30,00","","18,00","","16,10","","102,34","","","","-24,00","","Nuageux"
"1971-11-03 05:00","1971","11","03","05:00"," ","-15,60","","-17,20","","84,00","","32,00","","11,00","","16,10","","102,35","","","","-22,00","","Nuageux"
"1971-11-03 06:00","1971","11","03","06:00"," ","-15,00","","-17,80","","82,00","","33,00","","16,00","","32,20","","102,35","","","","-23,00","","Nuageux"
"1971-11-03 07:00","1971","11","03","07:00"," ","-15,60","","-19,40","","73,00","","32,00","","13,00","","32,20","","102,33","","","","-23,00","","Nuageux"
"1971-11-03 08:00","1971","11","03","08:00"," ","-16,70","","-20,60","","71,00","","34,00","","14,00","","32,20","","102,32","","","","-25,00","","Généralement nuageux"
"1971-11-03 09:00","1971","11","03","09:00"," ","-18,30","","-21,10","","78,00","","34,00","","11,00","","32,20","","102,30","","","","-26,00","","Généralement dégagé"
"1971-11-03 10:00","1971","11","03","10:00"," ","-18,90","","-21,70","","80,00","","34,00","","10,00","","32,20","","102,28","","","","-26,00","","Généralement nuageux"
"1971-11-03 11:00","1971","11","03","11:00"," ","-18,90","","-22,20","","78,00","","3,00","","6,00","","32,20","","102,26","","","","-24,00","","Généralement nuageux"
"1971-11-03 12:00","1971","11","03","12:00"," ","-17,80","","-20,60","","79,00","","0,00","","0,00","","32,20","","102,27","","","","","","Généralement nuageux"
"1971-11-03 13:00","1971","11","03","13:00"," ","-16,10","","-20,00","","74,00","","2,00","","5,00","","24,10","","102,25","","","","-20,00","","Neige"
"1971-11-03 14:00","1971","11","03","14:00"," ","-15,60","","-20,00","","69,00","","32,00","","6,00","","16,10","","102,23","","","","-20,00","","Neige"
"1971-11-03 15:00","1971","11","03","15:00"," ","-15,60","","-19,40","","73,00","","0,00","","0,00","","16,10","","102,16","","","","","","Neige"
"1971-11-03 16:00","1971","11","03","16:00"," ","-15,60","","-18,90","","77,00","","5,00","","6,00","","16,10","","102,09","","","","-20,00","","Cristaux de glace"
"1971-11-03 17:00","1971","11","03","17:00"," ","-17,20","","-20,60","","75,00","","10,00","","8,00","","24,10","","102,01","","","","-23,00","","Généralement nuageux"
"1971-11-03 18:00","1971","11","03","18:00"," ","-18,90","","-21,10","","83,00","","8,00","","8,00","","32,20","","101,96","","","","-25,00","","Généralement dégagé"
"1971-11-03 19:00","1971","11","03","19:00"," ","-18,30","","-21,10","","81,00","","9,00","","10,00","","32,20","","101,89","","","","-25,00","","Généralement dégagé"
"1971-11-03 20:00","1971","11","03","20:00"," ","-18,30","","-21,10","","79,00","","9,00","","13,00","","32,20","","101,79","","","","-26,00","","Généralement nuageux"
"1971-11-03 21:00","1971","11","03","21:00"," ","-18,30","","-22,80","","68,00","","10,00","","11,00","","32,20","","101,69","","","","-26,00","","Généralement nuageux"
"1971-11-03 22:00","1971","11","03","22:00"," ","-18,30","","-22,20","","70,00","","12,00","","11,00","","32,20","","101,55","","","","-26,00","","Nuageux"
"1971-11-03 23:00","1971","11","03","23:00"," ","-17,80","","-21,70","","72,00","","9,00","","11,00","","32,20","","101,48","","","","-25,00","","Nuageux"
"1971-11-04 00:00","1971","11","04","00:00"," ","-17,20","","-21,10","","72,00","","10,00","","11,00","","32,20","","101,39","","","","-24,00","","Nuageux"
"1971-11-04 01:00","1971","11","04","01:00"," ","-16,70","","-20,60","","71,00","","13,00","","13,00","","32,20","","101,35","","","","-24,00","","Nuageux"
"1971-11-04 02:00","1971","11","04","02:00"," ","-15,60","","-18,90","","75,00","","13,00","","11,00","","6,40","","101,27","","","","-22,00","","Neige"
"1971-11-04 03:00","1971","11","04","03:00"," ","-15,60","","-17,80","","86,00","","14,00","","8,00","","4,00","","101,24","","","","-21,00","","Neige"
"1971-11-04 04:00","1971","11","04","04:00"," ","-16,10","","-17,80","","88,00","","7,00","","5,00","","3,20","","101,29","","","","-20,00","","Neige"
"1971-11-04 05:00","1971","11","04","05:00"," ","-15,60","","-18,30","","79,00","","28,00","","6,00","","3,20","","101,33","","","","-20,00","","Neige"
"1971-11-04 06:00","1971","11","04","06:00"," ","-15,60","","-18,30","","80,00","","30,00","","5,00","","6,40","","101,40","","","","-19,00","","Neige"
"1971-11-04 07:00","1971","11","04","07:00"," ","-15,00","","-18,90","","72,00","","29,00","","24,00","","16,10","","101,40","","","","-25,00","","Neige"
"1971-11-04 08:00","1971","11","04","08:00"," ","-13,30","","-16,70","","77,00","","30,00","","18,00","","6,40","","101,44","","","","-22,00","","Neige"
"1971-11-04 09:00","1971","11","04","09:00"," ","-13,90","","-16,70","","80,00","","32,00","","51,00","","4,80","","101,55","","","","-27,00","","Poudrerie élevée"
"1971-11-04 10:00","1971","11","04","10:00"," ","-13,30","","-16,70","","78,00","","32,00","","56,00","","0,80","","101,77","","","","-27,00","","Poudrerie élevée"
"1971-11-04 11:00","1971","11","04","11:00"," ","-13,90","","-17,80","","75,00","","32,00","","35,00","","1,20","","101,94","","","","-25,00","","Poudrerie élevée"
"1971-11-04 12:00","1971","11","04","12:00"," ","-14,40","","-18,30","","73,00","","32,00","","42,00","","4,80","","102,09","","","","-27,00","","Poudrerie élevée"
"1971-11-04 13:00","1971","11","04","13:00"," ","-15,00","","-18,90","","72,00","","31,00","","45,00","","4,80","","102,20","","","","-28,00","","Poudrerie élevée"
"1971-11-04 14:00","1971","11","04","14:00"," ","-15,00","","-19,40","","70,00","","32,00","","42,00","","4,80","","102,28","","","","-28,00","","Poudrerie élevée"
"1971-11-04 15:00","1971","11","04","15:00"," ","-15,60","","-20,00","","69,00","","32,00","","39,00","","12,90","","102,36","","","","-28,00","","Généralement dégagé"
"1971-11-04 16:00","1971","11","04","16:00"," ","-16,10","","-20,60","","67,00","","32,00","","35,00","","24,10","","102,41","","","","-28,00","","Généralement dégagé"
"1971-11-04 17:00","1971","11","04","17:00"," ","-16,10","","-20,00","","72,00","","32,00","","21,00","","40,20","","102,43","","","","-26,00","","Généralement dégagé"
"1971-11-04 18:00","1971","11","04","18:00"," ","-16,70","","-20,60","","71,00","","33,00","","16,00","","48,30","","102,47","","","","-25,00","","Généralement dégagé"
"1971-11-04 19:00","1971","11","04","19:00"," ","-17,80","","-21,70","","72,00","","34,00","","13,00","","48,30","","102,48","","","","-26,00","","Généralement dégagé"
"1971-11-04 20:00","1971","11","04","20:00"," ","-18,30","","-22,20","","71,00","","31,00","","8,00","","48,30","","102,48","","","","-24,00","","Généralement dégagé"
"1971-11-04 21:00","1971","11","04","21:00"," ","-18,90","","-22,80","","72,00","","27,00","","5,00","","48,30","","102,49","","","","-23,00","","Généralement dégagé"
"1971-11-04 22:00","1971","11","04","22:00"," ","-18,90","","-22,80","","72,00","","0,00","","0,00","","48,30","","102,49","","","","","","Généralement dégagé"
"1971-11-04 23:00","1971","11","04","23:00"," ","-19,40","","-22,80","","74,00","","32,00","","13,00","","48,30","","102,47","","","","-28,00","","Généralement dégagé"
"1971-11-05 00:00","1971","11","05","00:00"," ","-20,00","","-22,20","","79,00","","0,00","","0,00","","48,30","","102,48","","","","","","Généralement dégagé"
"1971-11-05 01:00","1971","11","05","01:00"," ","-21,70","","-25,00","","77,00","","9,00","","8,00","","48,30","","102,52","","","","-28,00","","Généralement dégagé"
"1971-11-05 02:00","1971","11","05","02:00"," ","-21,10","","-23,90","","78,00","","9,00","","13,00","","48,30","","102,51","","","","-30,00","","Dégagé"
"1971-11-05 03:00","1971","11","05","03:00"," ","-18,90","","-21,10","","83,00","","9,00","","11,00","","48,30","","102,53","","","","-26,00","","Dégagé"
"1971-11-05 04:00","1971","11","05","04:00"," ","-20,60","","-23,90","","76,00","","13,00","","13,00","","48,30","","102,53","","","","-29,00","","Dégagé"
"1971-11-05 05:00","1971","11","05","05:00"," ","-21,70","","-25,00","","71,00","","12,00","","18,00","","48,30","","102,52","","","","-32,00","","Dégagé"
"1971-11-05 06:00","1971","11","05","06:00"," ","-20,60","","-23,30","","79,00","","11,00","","18,00","","48,30","","102,50","","","","-31,00","","Dégagé"
"1971-11-05 07:00","1971","11","05","07:00"," ","-22,20","","-27,20","","63,00","","0,00","","0,00","","48,30","","102,47","","","","","","Cristaux de glace"
"1971-11-05 08:00","1971","11","05","08:00"," ","-24,40","","-31,70","","53,00","","9,00","","8,00","","48,30","","102,47","","","","-31,00","","Généralement dégagé"
"1971-11-05 09:00","1971","11","05","09:00"," ","-22,80","","-28,30","","62,00","","12,00","","8,00","","48,30","","102,41","","","","-30,00","","Dégagé"
"1971-11-05 10:00","1971","11","05","10:00"," ","-21,70","","-25,60","","68,00","","12,00","","10,00","","48,30","","102,38","","","","-29,00","","Généralement dégagé"
"1971-11-05 11:00","1971","11","05","11:00"," ","-21,10","","-27,20","","59,00","","12,00","","11,00","","48,30","","102,38","","","","-29,00","","Généralement dégagé"
"1971-11-05 12:00","1971","11","05","12:00"," ","-20,00","","-24,40","","65,00","","13,00","","13,00","","48,30","","102,32","","","","-28,00","","Dégagé"
"1971-11-05 13:00","1971","11","05","13:00"," ","-18,30","","-23,30","","68,00","","13,00","","8,00","","48,30","","102,26","","","","-24,00","","Dégagé"
"1971-11-05 14:00","1971","11","05","14:00"," ","-18,30","","-23,90","","63,00","","12,00","","14,00","","48,30","","102,19","","","","-27,00","","Dégagé"
"1971-11-05 15:00","1971","11","05","15:00"," ","-16,70","","-21,70","","64,00","","12,00","","11,00","","48,30","","102,15","","","","-24,00","","Dégagé"
"1971-11-05 16:00","1971","11","05","16:00"," ","-16,70","","-21,10","","67,00","","14,00","","8,00","","48,30","","102,14","","","","-22,00","","Dégagé"
"1971-11-05 17:00","1971","11","05","17:00"," ","-17,20","","-22,20","","65,00","","12,00","","10,00","","48,30","","102,14","","","","-24,00","","Dégagé"
"1971-11-05 18:00","1971","11","05","18:00"," ","-18,30","","-22,20","","70,00","","12,00","","13,00","","48,30","","102,05","","","","-26,00","","Dégagé"
"1971-11-05 19:00","1971","11","05","19:00"," ","-21,70","","-24,40","","78,00","","8,00","","10,00","","48,30","","102,05","","","","-29,00","","Cristaux de glace"
"1971-11-05 20:00","1971","11","05","20:00"," ","-20,60","","-22,80","","82,00","","9,00","","10,00","","48,30","","101,99","","","","-28,00","","Cristaux de glace"
"1971-11-05 21:00","1971","11","05","21:00"," ","-22,80","","-28,30","","62,00","","12,00","","6,00","","48,30","","101,96","","","","-28,00","","Cristaux de glace"
"1971-11-05 22:00","1971","11","05","22:00"," ","-22,80","","-27,20","","69,00","","12,00","","10,00","","48,30","","101,92","","","","-31,00","","Cristaux de glace"
"1971-11-05 23:00","1971","11","05","23:00"," ","-22,80","","-25,60","","80,00","","9,00","","10,00","","48,30","","101,86","","","","-31,00","","Cristaux de glace"
"1971-11-06 00:00","1971","11","06","00:00"," ","-22,80","","-25,60","","80,00","","11,00","","10,00","","48,30","","101,85","","","","-31,00","","Cristaux de glace"
"1971-11-06 01:00","1971","11","06","01:00"," ","-23,30","","-27,20","","68,00","","12,00","","11,00","","32,20","","101,79","","","","-32,00","","Cristaux de glace"
"1971-11-06 02:00","1971","11","06","02:00"," ","-23,30","","-28,30","","64,00","","9,00","","11,00","","32,20","","101,78","","","","-32,00","","Cristaux de glace"
"1971-11-06 03:00","1971","11","06","03:00"," ","-23,30","","-27,80","","68,00","","10,00","","10,00","","32,20","","101,70","","","","-31,00","","Cristaux de glace"
"1971-11-06 04:00","1971","11","06","04:00"," ","-22,80","","-26,70","","69,00","","11,00","","11,00","","32,20","","101,67","","","","-31,00","","Dégagé"
"1971-11-06 05:00","1971","11","06","05:00"," ","-23,30","","-27,80","","65,00","","10,00","","11,00","","32,20","","101,58","","","","-32,00","","Dégagé"
"1971-11-06 06:00","1971","11","06","06:00"," ","-25,00","","-29,40","","66,00","","10,00","","5,00","","32,20","","101,53","","","","-30,00","","Dégagé"
"1971-11-06 07:00","1971","11","06","07:00"," ","-24,40","","-30,00","","62,00","","11,00","","6,00","","32,20","","101,46","","","","-30,00","","Généralement dégagé"
"1971-11-06 08:00","1971","11","06","08:00"," ","-23,30","","-27,80","","65,00","","13,00","","10,00","","48,30","","101,40","","","","-31,00","","Généralement dégagé"
"1971-11-06 09:00","1971","11","06","09:00"," ","-22,80","","-28,30","","62,00","","16,00","","6,00","","48,30","","101,29","","","","-28,00","","Généralement dégagé"
"1971-11-06 10:00","1971","11","06","10:00"," ","-22,80","","-28,30","","62,00","","13,00","","13,00","","48,30","","101,25","","","","-32,00","","Généralement nuageux"
"1971-11-06 11:00","1971","11","06","11:00"," ","-21,70","","-26,10","","65,00","","16,00","","6,00","","48,30","","101,17","","","","-27,00","","Généralement nuageux"
"1971-11-06 12:00","1971","11","06","12:00"," ","-18,90","","-23,90","","64,00","","13,00","","14,00","","48,30","","101,10","","","","-27,00","","Généralement nuageux"
"1971-11-06 13:00","1971","11","06","13:00"," ","-17,80","","-23,90","","57,00","","13,00","","13,00","","48,30","","101,01","","","","-26,00","","Généralement nuageux"
"1971-11-06 14:00","1971","11","06","14:00"," ","-17,20","","-23,90","","56,00","","14,00","","19,00","","48,30","","100,93","","","","-27,00","","Généralement nuageux"
"1971-11-06 15:00","1971","11","06","15:00"," ","-17,20","","-25,00","","53,00","","14,00","","23,00","","48,30","","100,86","","","","-28,00","","Généralement nuageux"
"1971-11-06 16:00","1971","11","06","16:00"," ","-16,70","","-24,40","","52,00","","14,00","","14,00","","48,30","","100,79","","","","-25,00","","Généralement nuageux"
"1971-11-06 17:00","1971","11","06","17:00"," ","-17,20","","-25,00","","53,00","","13,00","","14,00","","48,30","","100,71","","","","-25,00","","Généralement dégagé"
"1971-11-06 18:00","1971","11","06","18:00"," ","-17,80","","-23,90","","59,00","","12,00","","16,00","","48,30","","100,64","","","","-27,00","","Généralement dégagé"
"1971-11-06 19:00","1971","11","06","19:00"," ","-18,30","","-21,10","","78,00","","12,00","","16,00","","48,30","","100,54","","","","-27,00","","Généralement dégagé"
"1971-11-06 20:00","1971","11","06","20:00"," ","-18,90","","-21,70","","78,00","","12,00","","16,00","","48,30","","100,47","","","","-28,00","","Généralement dégagé"
"1971-11-06 21:00","1971","11","06","21:00"," ","-18,90","","-22,20","","77,00","","12,00","","13,00","","48,30","","100,42","","","","-27,00","","Généralement dégagé"
"1971-11-06 22:00","1971","11","06","22:00"," ","-18,30","","-22,20","","73,00","","12,00","","13,00","","48,30","","100,37","","","","-26,00","","Généralement dégagé"
"1971-11-06 23:00","1971","11","06","23:00"," ","-18,30","","-21,10","","78,00","","12,00","","14,00","","48,30","","100,30","","","","-27,00","","Généralement dégagé"
"1971-11-07 00:00","1971","11","07","00:00"," ","-18,30","","-21,10","","76,00","","12,00","","16,00","","48,30","","100,23","","","","-27,00","","Généralement dégagé"
"1971-11-07 01:00","1971","11","07","01:00"," ","-18,30","","-22,20","","71,00","","11,00","","6,00","","32,20","","100,21","","","","-23,00","","Généralement dégagé"
"1971-11-07 02:00","1971","11","07","02:00"," ","-17,20","","-20,60","","75,00","","12,00","","8,00","","32,20","","100,17","","","","-23,00","","Généralement dégagé"
"1971-11-07 03:00","1971","11","07","03:00"," ","-17,20","","-20,60","","75,00","","12,00","","6,00","","32,20","","100,12","","","","-22,00","","Généralement dégagé"
"1971-11-07 04:00","1971","11","07","04:00"," ","-16,70","","-20,60","","71,00","","11,00","","6,00","","32,20","","100,13","","","","-21,00","","Généralement dégagé"
"1971-11-07 05:00","1971","11","07","05:00"," ","-17,80","","-21,70","","72,00","","34,00","","6,00","","32,20","","100,09","","","","-22,00","","Généralement nuageux"
"1971-11-07 06:00","1971","11","07","06:00"," ","-17,20","","-20,60","","75,00","","35,00","","8,00","","32,20","","100,04","","","","-23,00","","Nuageux"
"1971-11-07 07:00","1971","11","07","07:00"," ","-16,70","","-21,70","","66,00","","23,00","","6,00","","32,20","","100,04","","","","-21,00","","Généralement nuageux"
"1971-11-07 08:00","1971","11","07","08:00"," ","-16,70","","-21,10","","68,00","","0,00","","0,00","","32,20","","100,04","","","","","","Généralement nuageux"
"1971-11-07 09:00","1971","11","07","09:00"," ","-17,20","","-20,00","","77,00","","30,00","","10,00","","32,20","","100,02","","","","-24,00","","Généralement nuageux"
"1971-11-07 10:00","1971","11","07","10:00"," ","-17,20","","-20,60","","75,00","","26,00","","6,00","","48,30","","100,01","","","","-22,00","","Généralement nuageux"
"1971-11-07 11:00","1971","11","07","11:00"," ","-17,20","","-21,10","","73,00","","0,00","","0,00","","48,30","","99,98","","","","","","Nuageux"
"1971-11-07 12:00","1971","11","07","12:00"," ","-16,70","","-21,10","","68,00","","0,00","","0,00","","48,30","","99,97","","","","","","Neige"
"1971-11-07 13:00","1971","11","07","13:00"," ","-16,10","","-21,10","","67,00","","0,00","","0,00","","32,20","","99,96","","","","","","Neige"
"1971-11-07 14:00","1971","11","07","14:00"," ","-16,10","","-20,00","","70,00","","0,00","","0,00","","40,20","","99,94","","","","","","Neige"
"1971-11-07 15:00","1971","11","07","15:00"," ","-15,60","","-20,00","","68,00","","30,00","","5,00","","24,10","","99,93","","","","-19,00","","Neige"
"1971-11-07 16:00","1971","11","07","16:00"," ","-15,60","","-20,00","","71,00","","31,00","","6,00","","16,10","","99,93","","","","-20,00","","Neige"
"1971-11-07 17:00","1971","11","07","17:00"," ","-15,60","","-20,00","","69,00","","32,00","","10,00","","16,10","","99,92","","","","-22,00","","Neige"
"1971-11-07 18:00","1971","11","07","18:00"," ","-15,60","","-20,00","","69,00","","32,00","","8,00","","8,00","","99,92","","","","-21,00","","Neige"
"1971-11-07 19:00","1971","11","07","19:00"," ","-15,60","","-19,40","","75,00","","31,00","","6,00","","8,00","","99,94","","","","-20,00","","Neige"
"1971-11-07 20:00","1971","11","07","20:00"," ","-15,60","","-18,90","","79,00","","29,00","","5,00","","8,00","","99,96","","","","-19,00","","Neige"
"1971-11-07 21:00","1971","11","07","21:00"," ","-16,10","","-18,90","","79,00","","30,00","","16,00","","8,00","","99,96","","","","-25,00","","Neige"
"1971-11-07 22:00","1971","11","07","22:00"," ","-16,10","","-18,90","","77,00","","30,00","","8,00","","16,10","","99,99","","","","-22,00","","Neige"
"1971-11-07 23:00","1971","11","07","23:00"," ","-16,10","","-19,40","","78,00","","30,00","","8,00","","16,10","","100,00","","","","-22,00","","Neige"
"1971-11-08 00:00","1971","11","08","00:00"," ","-16,70","","-19,40","","78,00","","31,00","","16,00","","16,10","","100,03","","","","-25,00","","Neige"
"1971-11-08 01:00","1971","11","08","01:00"," ","-16,10","","-19,40","","77,00","","30,00","","13,00","","16,10","","100,06","","","","-24,00","","Neige"
"1971-11-08 02:00","1971","11","08","02:00"," ","-16,70","","-19,40","","78,00","","28,00","","8,00","","16,10","","100,09","","","","-22,00","","Neige"
"1971-11-08 03:00","1971","11","08","03:00"," ","-16,70","","-20,00","","75,00","","31,00","","13,00","","16,10","","100,09","","","","-24,00","","Neige"
"1971-11-08 04:00","1971","11","08","04:00"," ","-16,70","","-19,40","","78,00","","31,00","","13,00","","16,10","","100,16","","","","-24,00","","Neige"
"1971-11-08 05:00","1971","11","08","05:00"," ","-16,10","","-19,40","","76,00","","30,00","","6,00","","16,10","","100,19","","","","-21,00","","Neige"
"1971-11-08 06:00","1971","11","08","06:00"," ","-16,70","","-19,40","","78,00","","29,00","","11,00","","11,30","","100,20","","","","-24,00","","Neige"
"1971-11-08 07:00","1971","11","08","07:00"," ","-16,70","","-19,40","","80,00","","31,00","","11,00","","11,30","","100,24","","","","-24,00","","Neige"
"1971-11-08 08:00","1971","11","08","08:00"," ","-16,10","","-18,90","","81,00","","32,00","","6,00","","11,30","","100,28","","","","-21,00","","Neige"
"1971-11-08 09:00","1971","11","08","09:00"," ","-16,10","","-20,00","","72,00","","33,00","","5,00","","8,00","","100,29","","","","-20,00","","Neige"
"1971-11-08 10:00","1971","11","08","10:00"," ","-16,70","","-20,00","","74,00","","32,00","","8,00","","11,30","","100,34","","","","-22,00","","Neige"
"1971-11-08 11:00","1971","11","08","11:00"," ","-16,70","","-20,00","","74,00","","0,00","","0,00","","3,20","","100,36","","","","","","Neige"
"1971-11-08 12:00","1971","11","08","12:00"," ","-16,10","","-20,00","","72,00","","29,00","","3,00","","4,80","","100,38","","","","-18,00","","Neige"
"1971-11-08 13:00","1971","11","08","13:00"," ","-16,10","","-19,40","","72,00","","0,00","","0,00","","16,10","","100,40","","","","","","Cristaux de glace"
"1971-11-08 14:00","1971","11","08","14:00"," ","-15,60","","-20,00","","71,00","","26,00","","8,00","","6,40","","100,44","","","","-21,00","","Neige"
"1971-11-08 15:00","1971","11","08","15:00"," ","-16,10","","-21,10","","67,00","","0,00","","0,00","","16,10","","100,45","","","","","","Neige"
"1971-11-08 16:00","1971","11","08","16:00"," ","-16,10","","-21,10","","66,00","","0,00","","0,00","","16,10","","100,47","","","","","","Neige"
"1971-11-08 17:00","1971","11","08","17:00"," ","-16,10","","-21,10","","67,00","","0,00","","0,00","","16,10","","100,49","","","","","","Neige"
"1971-11-08 18:00","1971","11","08","18:00"," ","-16,70","","-21,10","","69,00","","0,00","","0,00","","16,10","","100,54","","","","","","Neige"
"1971-11-08 19:00","1971","11","08","19:00"," ","-16,10","","-18,90","","79,00","","0,00","","0,00","","16,10","","100,54","","","","","","Neige"
"1971-11-08 20:00","1971","11","08","20:00"," ","-16,10","","-19,40","","76,00","","0,00","","0,00","","16,10","","100,57","","","","","","Neige"
"1971-11-08 21:00","1971","11","08","21:00"," ","-16,10","","-19,40","","76,00","","0,00","","0,00","","16,10","","100,60","","","","","","Neige"
"1971-11-08 22:00","1971","11","08","22:00"," ","-16,10","","-19,40","","78,00","","0,00","","0,00","","16,10","","100,64","","","","","","Neige"
"1971-11-08 23:00","1971","11","08","23:00"," ","-16,70","","-20,00","","76,00","","30,00","","10,00","","16,10","","100,66","","","","-23,00","","Neige"
"1971-11-09 00:00","1971","11","09","00:00"," ","-16,70","","-20,00","","78,00","","35,00","","5,00","","16,10","","100,71","","","","-21,00","","Neige"
"1971-11-09 01:00","1971","11","09","01:00"," ","-17,20","","-20,00","","80,00","","0,00","","0,00","","16,10","","100,79","","","","","","Neige"
"1971-11-09 02:00","1971","11","09","02:00"," ","-17,20","","-20,00","","80,00","","0,00","","0,00","","16,10","","100,82","","","","","","Neige"
"1971-11-09 03:00","1971","11","09","03:00"," ","-17,20","","-20,00","","78,00","","0,00","","0,00","","16,10","","100,87","","","","","","Neige"
"1971-11-09 04:00","1971","11","09","04:00"," ","-17,80","","-21,10","","76,00","","30,00","","11,00","","24,10","","100,91","","","","-25,00","","Neige"
"1971-11-09 05:00","1971","11","09","05:00"," ","-17,80","","-21,70","","74,00","","32,00","","18,00","","16,10","","100,96","","","","-27,00","","Neige"
"1971-11-09 06:00","1971","11","09","06:00"," ","-18,90","","-22,80","","72,00","","31,00","","18,00","","16,10","","101,01","","","","-29,00","","Neige"
"1971-11-09 07:00","1971","11","09","07:00"," ","-18,90","","-22,20","","75,00","","30,00","","19,00","","16,10","","101,05","","","","-29,00","","Neige"
"1971-11-09 08:00","1971","11","09","08:00"," ","-19,40","","-22,80","","74,00","","30,00","","16,00","","16,10","","101,14","","","","-29,00","","Neige"
"1971-11-09 09:00","1971","11","09","09:00"," ","-20,60","","-23,90","","73,00","","31,00","","19,00","","32,20","","101,18","","","","-31,00","","Neige"
"1971-11-09 10:00","1971","11","09","10:00"," ","-21,10","","-24,40","","72,00","","31,00","","13,00","","8,00","","101,24","","","","-30,00","","Neige"
"1971-11-09 11:00","1971","11","09","11:00"," ","-21,10","","-24,40","","75,00","","31,00","","16,00","","11,30","","101,31","","","","-31,00","","Neige"
"1971-11-09 12:00","1971","11","09","12:00"," ","-21,10","","-25,60","","69,00","","32,00","","14,00","","11,30","","101,34","","","","-30,00","","Neige"
"1971-11-09 13:00","1971","11","09","13:00"," ","-21,10","","-25,00","","72,00","","31,00","","19,00","","19,30","","101,38","","","","-32,00","","Neige"
"1971-11-09 14:00","1971","11","09","14:00"," ","-21,10","","-25,60","","69,00","","31,00","","11,00","","19,30","","101,40","","","","-29,00","","Neige"
"1971-11-09 15:00","1971","11","09","15:00"," ","-21,10","","-24,40","","72,00","","32,00","","14,00","","16,10","","101,42","","","","-30,00","","Neige"
"1971-11-09 16:00","1971","11","09","16:00"," ","-21,10","","-25,00","","72,00","","32,00","","13,00","","3,20","","101,43","","","","-30,00","","Neige"
"1971-11-09 17:00","1971","11","09","17:00"," ","-21,10","","-25,00","","72,00","","31,00","","10,00","","4,80","","101,43","","","","-29,00","","Neige"
"1971-11-09 18:00","1971","11","09","18:00"," ","-21,70","","-25,60","","71,00","","30,00","","13,00","","6,40","","101,46","","","","-30,00","","Neige"
"1971-11-09 19:00","1971","11","09","19:00"," ","-21,70","","-25,60","","71,00","","31,00","","10,00","","6,40","","101,48","","","","-29,00","","Neige"
"1971-11-09 20:00","1971","11","09","20:00"," ","-22,20","","-25,60","","74,00","","32,00","","6,00","","6,40","","101,49","","","","-28,00","","Neige"
"1971-11-09 21:00","1971","11","09","21:00"," ","-22,20","","-26,10","","73,00","","30,00","","5,00","","8,00","","101,48","","","","-27,00","","Neige"
"1971-11-09 22:00","1971","11","09","22:00"," ","-22,80","","-26,10","","73,00","","33,00","","8,00","","8,00","","101,45","","","","-30,00","","Neige"
"1971-11-09 23:00","1971","11","09","23:00"," ","-22,80","","-26,10","","73,00","","32,00","","5,00","","4,80","","101,42","","","","-27,00","","Neige"
"1971-11-10 00:00","1971","11","10","00:00"," ","-22,80","","-25,60","","76,00","","33,00","","6,00","","6,40","","101,40","","","","-28,00","","Neige"
"1971-11-10 01:00","1971","11","10","01:00"," ","-23,90","","-29,40","","59,00","","31,00","","5,00","","16,10","","101,40","","","","-29,00","","Généralement nuageux"
"1971-11-10 02:00","1971","11","10","02:00"," ","-24,40","","-31,10","","54,00","","0,00","","0,00","","24,10","","101,39","","","","","","Généralement nuageux"
"1971-11-10 03:00","1971","11","10","03:00"," ","-25,00","","-31,70","","53,00","","4,00","","8,00","","24,10","","101,32","","","","-32,00","","Généralement nuageux"
"1971-11-10 04:00","1971","11","10","04:00"," ","-23,30","","-30,00","","56,00","","0,00","","0,00","","16,10","","101,27","","","","","","Neige"
"1971-11-10 05:00","1971","11","10","05:00"," ","-23,90","","-29,40","","63,00","","0,00","","0,00","","16,10","","101,18","","","","","","Neige"
"1971-11-10 06:00","1971","11","10","06:00"," ","-22,80","","-26,70","","69,00","","0,00","","0,00","","24,10","","101,13","","","","","","Généralement nuageux"
"1971-11-10 07:00","1971","11","10","07:00"," ","-22,80","","-27,20","","66,00","","12,00","","5,00","","24,10","","101,06","","","","-27,00","","Généralement nuageux"
"1971-11-10 08:00","1971","11","10","08:00"," ","-22,20","","-26,10","","70,00","","0,00","","0,00","","24,10","","101,02","","","","","","Généralement nuageux"
"1971-11-10 09:00","1971","11","10","09:00"," ","-21,10","","-26,10","","65,00","","11,00","","14,00","","32,20","","100,90","","","","-30,00","","Généralement nuageux"
"1971-11-10 10:00","1971","11","10","10:00"," ","-21,10","","-26,10","","65,00","","11,00","","14,00","","32,20","","100,82","","","","-30,00","","Généralement nuageux"
"1971-11-10 11:00","1971","11","10","11:00"," ","-20,00","","-25,60","","62,00","","12,00","","16,00","","48,30","","100,72","","","","-29,00","","Généralement nuageux"
"1971-11-10 12:00","1971","11","10","12:00"," ","-18,90","","-24,40","","62,00","","11,00","","13,00","","48,30","","100,63","","","","-27,00","","Généralement nuageux"
"1971-11-10 13:00","1971","11","10","13:00"," ","-16,70","","-23,90","","55,00","","13,00","","23,00","","48,30","","100,55","","","","-27,00","","Généralement nuageux"
"1971-11-10 14:00","1971","11","10","14:00"," ","-15,60","","-22,20","","55,00","","13,00","","27,00","","48,30","","100,48","","","","-26,00","","Généralement nuageux"
"1971-11-10 15:00","1971","11","10","15:00"," ","-15,00","","-22,20","","55,00","","14,00","","23,00","","48,30","","100,40","","","","-25,00","","Généralement nuageux"
"1971-11-10 16:00","1971","11","10","16:00"," ","-15,60","","-23,90","","51,00","","14,00","","23,00","","48,30","","100,33","","","","-26,00","","Généralement nuageux"
"1971-11-10 17:00","1971","11","10","17:00"," ","-16,70","","-23,30","","55,00","","14,00","","16,00","","48,30","","100,24","","","","-25,00","","Généralement dégagé"
"1971-11-10 18:00","1971","11","10","18:00"," ","-17,20","","-20,00","","80,00","","17,00","","19,00","","48,30","","100,20","","","","-27,00","","Généralement dégagé"
"1971-11-10 19:00","1971","11","10","19:00"," ","-17,80","","-21,70","","72,00","","12,00","","13,00","","48,30","","100,06","","","","-26,00","","Généralement dégagé"
"1971-11-10 20:00","1971","11","10","20:00"," ","-18,30","","-21,10","","78,00","","6,00","","8,00","","48,30","","100,03","","","","-24,00","","Généralement dégagé"
"1971-11-10 21:00","1971","11","10","21:00"," ","-21,70","","-24,40","","77,00","","33,00","","6,00","","48,30","","100,00","","","","-27,00","","Généralement dégagé"
"1971-11-10 22:00","1971","11","10","22:00"," ","-24,40","","-28,90","","66,00","","32,00","","11,00","","48,30","","99,98","","","","-33,00","","Généralement dégagé"
"1971-11-10 23:00","1971","11","10","23:00"," ","-26,10","","-30,00","","68,00","","29,00","","13,00","","48,30","","99,93","","","","-36,00","","Cristaux de glace"
"1971-11-11 00:00","1971","11","11","00:00"," ","-26,10","","-30,00","","68,00","","28,00","","8,00","","48,30","","99,94","","","","-33,00","","Cristaux de glace"
"1971-11-11 01:00","1971","11","11","01:00"," ","-26,10","","-31,10","","63,00","","31,00","","11,00","","32,20","","99,95","","","","-35,00","","Cristaux de glace"
"1971-11-11 02:00","1971","11","11","02:00"," ","-25,60","","-30,00","","65,00","","0,00","","0,00","","32,20","","99,91","","","","","","Cristaux de glace"
"1971-11-11 03:00","1971","11","11","03:00"," ","-25,00","","-32,20","","52,00","","0,00","","0,00","","32,20","","99,94","","","","","","Cristaux de glace"
"1971-11-11 04:00","1971","11","11","04:00"," ","-25,00","","-29,40","","66,00","","0,00","","0,00","","32,20","","99,88","","","","","","Généralement nuageux"
"1971-11-11 05:00","1971","11","11","05:00"," ","-24,40","","-32,20","","49,00","","0,00","","0,00","","32,20","","99,87","","","","","","Généralement nuageux"
"1971-11-11 06:00","1971","11","11","06:00"," ","-24,40","","-30,60","","58,00","","0,00","","0,00","","32,20","","99,82","","","","","","Généralement dégagé"
"1971-11-11 07:00","1971","11","11","07:00"," ","-23,30","","-27,80","","68,00","","2,00","","3,00","","32,20","","99,77","","","","-26,00","","Généralement dégagé"
"1971-11-11 08:00","1971","11","11","08:00"," ","-22,80","","-30,60","","51,00","","0,00","","0,00","","48,30","","99,69","","","","","","Généralement dégagé"
"1971-11-11 09:00","1971","11","11","09:00"," ","-23,90","","-27,80","","71,00","","12,00","","10,00","","48,30","","99,67","","","","-32,00","","Généralement dégagé"
"1971-11-11 10:00","1971","11","11","10:00"," ","-24,40","","-27,80","","71,00","","8,00","","8,00","","48,30","","99,68","","","","-31,00","","Généralement nuageux"
"1971-11-11 11:00","1971","11","11","11:00"," ","-23,30","","-28,30","","64,00","","12,00","","11,00","","48,30","","99,60","","","","-32,00","","Généralement nuageux"
"1971-11-11 12:00","1971","11","11","12:00"," ","-21,70","","-28,90","","51,00","","4,00","","5,00","","48,30","","99,55","","","","-26,00","","Généralement nuageux"
"1971-11-11 13:00","1971","11","11","13:00"," ","-20,60","","-28,30","","49,00","","15,00","","3,00","","48,30","","99,49","","","","-23,00","","Généralement dégagé"
"1971-11-11 14:00","1971","11","11","14:00"," ","-20,00","","-28,30","","48,00","","20,00","","3,00","","48,30","","99,45","","","","-23,00","","Généralement nuageux"
"1971-11-11 15:00","1971","11","11","15:00"," ","-21,10","","-28,90","","50,00","","30,00","","3,00","","48,30","","99,44","","","","-24,00","","Généralement dégagé"
"1971-11-11 16:00","1971","11","11","16:00"," ","-21,70","","-28,30","","54,00","","0,00","","0,00","","48,30","","99,37","","","","","","Généralement dégagé"
"1971-11-11 17:00","1971","11","11","17:00"," ","-21,70","","-29,40","","50,00","","34,00","","8,00","","48,30","","99,36","","","","-28,00","","Généralement dégagé"
"1971-11-11 18:00","1971","11","11","18:00"," ","-21,70","","-26,70","","64,00","","0,00","","0,00","","48,30","","99,36","","","","","","Généralement dégagé"
"1971-11-11 19:00","1971","11","11","19:00"," ","-22,20","","-27,20","","66,00","","12,00","","6,00","","48,30","","99,31","","","","-28,00","","Généralement dégagé"
"1971-11-11 20:00","1971","11","11","20:00"," ","-22,80","","-26,10","","73,00","","9,00","","8,00","","48,30","","99,31","","","","-30,00","","Généralement dégagé"
"1971-11-11 21:00","1971","11","11","21:00"," ","-23,30","","-26,70","","72,00","","0,00","","0,00","","48,30","","99,29","","","","","","Généralement dégagé"
"1971-11-11 22:00","1971","11","11","22:00"," ","-23,30","","-26,10","","76,00","","10,00","","6,00","","48,30","","99,29","","","","-29,00","","Généralement dégagé"
"1971-11-11 23:00","1971","11","11","23:00"," ","-23,30","","-26,70","","76,00","","9,00","","5,00","","48,30","","99,23","","","","-28,00","","Généralement dégagé"
"1971-11-12 00:00","1971","11","12","00:00"," ","-24,40","","-27,80","","75,00","","0,00","","0,00","","48,30","","99,22","","","","","","Généralement dégagé"
"1971-11-12 01:00","1971","11","12","01:00"," ","-24,40","","-27,80","","74,00","","0,00","","0,00","","48,30","","99,23","","","","","","Généralement dégagé"
"1971-11-12 02:00","1971","11","12","02:00"," ","-22,80","","-27,20","","66,00","","0,00","","0,00","","32,20","","99,12","","","","","","Généralement dégagé"
"1971-11-12 03:00","1971","11","12","03:00"," ","-21,10","","-25,00","","72,00","","0,00","","0,00","","32,20","","99,21","","","","","","Généralement dégagé"
"1971-11-12 04:00","1971","11","12","04:00"," ","-20,60","","-25,00","","69,00","","34,00","","5,00","","32,20","","99,12","","","","-25,00","","Généralement dégagé"
"1971-11-12 05:00","1971","11","12","05:00"," ","-20,60","","-28,30","","51,00","","0,00","","0,00","","32,20","","99,17","","","","","","Généralement dégagé"
"1971-11-12 06:00","1971","11","12","06:00"," ","-21,10","","-27,20","","57,00","","35,00","","3,00","","32,20","","99,10","","","","-24,00","","Généralement nuageux"
"1971-11-12 07:00","1971","11","12","07:00"," ","-17,80","","-22,80","","64,00","","0,00","","0,00","","32,20","","99,20","","","","","","Généralement nuageux"
"1971-11-12 08:00","1971","11","12","08:00"," ","-17,80","","-23,30","","61,00","","33,00","","6,00","","48,30","","99,26","","","","-22,00","","Généralement nuageux"
"1971-11-12 09:00","1971","11","12","09:00"," ","-17,20","","-20,00","","79,00","","0,00","","0,00","","48,30","","99,30","","","","","","Généralement nuageux"
"1971-11-12 10:00","1971","11","12","10:00"," ","-17,80","","-23,90","","59,00","","1,00","","5,00","","48,30","","99,37","","","","-22,00","","Généralement nuageux"
"1971-11-12 11:00","1971","11","12","11:00"," ","-17,20","","-22,80","","61,00","","0,00","","0,00","","48,30","","99,39","","","","","","Généralement nuageux"
"1971-11-12 12:00","1971","11","12","12:00"," ","-16,70","","-23,90","","55,00","","0,00","","0,00","","48,30","","99,45","","","","","","Généralement nuageux"
"1971-11-12 13:00","1971","11","12","13:00"," ","-16,10","","-22,20","","59,00","","0,00","","0,00","","48,30","","99,52","","","","","","Généralement nuageux"
"1971-11-12 14:00","1971","11","12","14:00"," ","-15,60","","-23,30","","53,00","","28,00","","6,00","","48,30","","99,57","","","","-20,00","","Généralement nuageux"
"1971-11-12 15:00","1971","11","12","15:00"," ","-16,10","","-23,30","","55,00","","33,00","","3,00","","48,30","","99,62","","","","-18,00","","Généralement nuageux"
"1971-11-12 16:00","1971","11","12","16:00"," ","-16,70","","-23,30","","56,00","","27,00","","8,00","","48,30","","99,68","","","","-22,00","","Généralement nuageux"
"1971-11-12 17:00","1971","11","12","17:00"," ","-16,70","","-23,30","","57,00","","27,00","","10,00","","48,30","","99,75","","","","-23,00","","Généralement nuageux"
"1971-11-12 18:00","1971","11","12","18:00"," ","-15,60","","-24,40","","47,00","","30,00","","8,00","","48,30","","99,78","","","","-21,00","","Nuageux"
"1971-11-12 19:00","1971","11","12","19:00"," ","-16,70","","-20,60","","73,00","","32,00","","10,00","","32,20","","99,81","","","","-23,00","","Généralement nuageux"
"1971-11-12 20:00","1971","11","12","20:00"," ","-18,30","","-20,60","","81,00","","33,00","","8,00","","32,20","","99,87","","","","-24,00","","Généralement dégagé"
"1971-11-12 21:00","1971","11","12","21:00"," ","-19,40","","-22,20","","77,00","","0,00","","0,00","","32,20","","99,93","","","","","","Généralement dégagé"
"1971-11-12 22:00","1971","11","12","22:00"," ","-18,90","","-21,70","","80,00","","34,00","","8,00","","16,10","","100,01","","","","-25,00","","Neige"
"1971-11-12 23:00","1971","11","12","23:00"," ","-16,70","","-20,60","","73,00","","32,00","","6,00","","16,10","","100,06","","","","-21,00","","Neige"
"1971-11-13 00:00","1971","11","13","00:00"," ","-16,70","","-19,40","","78,00","","29,00","","8,00","","16,10","","100,10","","","","-22,00","","Neige"
"1971-11-13 01:00","1971","11","13","01:00"," ","-16,10","","-20,00","","74,00","","30,00","","5,00","","16,10","","100,12","","","","-20,00","","Neige"
"1971-11-13 02:00","1971","11","13","02:00"," ","-16,70","","-20,00","","76,00","","0,00","","0,00","","16,10","","100,19","","","","","","Neige"
"1971-11-13 03:00","1971","11","13","03:00"," ","-16,10","","-18,90","","79,00","","31,00","","5,00","","16,10","","100,23","","","","-20,00","","Neige"
"1971-11-13 04:00","1971","11","13","04:00"," ","-16,10","","-18,90","","79,00","","0,00","","0,00","","32,20","","100,26","","","","","","Neige"
"1971-11-13 05:00","1971","11","13","05:00"," ","-15,60","","-19,40","","73,00","","0,00","","0,00","","32,20","","100,26","","","","","","Neige"
"1971-11-13 06:00","1971","11","13","06:00"," ","-15,60","","-18,30","","78,00","","0,00","","0,00","","16,10","","100,30","","","","","","Neige"
"1971-11-13 07:00","1971","11","13","07:00"," ","-15,00","","-18,30","","76,00","","32,00","","6,00","","16,10","","100,32","","","","-19,00","","Neige"
"1971-11-13 08:00","1971","11","13","08:00"," ","-15,00","","-17,20","","82,00","","31,00","","6,00","","16,10","","100,34","","","","-19,00","","Neige"
"1971-11-13 09:00","1971","11","13","09:00"," ","-15,00","","-17,80","","80,00","","0,00","","0,00","","32,20","","100,37","","","","","","Neige"
"1971-11-13 10:00","1971","11","13","10:00"," ","-14,40","","-18,90","","71,00","","0,00","","0,00","","32,20","","100,39","","","","","","Nuageux"
"1971-11-13 11:00","1971","11","13","11:00"," ","-14,40","","-17,80","","75,00","","0,00","","0,00","","32,20","","100,40","","","","","","Nuageux"
"1971-11-13 12:00","1971","11","13","12:00"," ","-14,40","","-17,80","","73,00","","28,00","","5,00","","32,20","","100,39","","","","-18,00","","Nuageux"
"1971-11-13 13:00","1971","11","13","13:00"," ","-13,90","","-17,20","","76,00","","28,00","","5,00","","32,20","","100,40","","","","-17,00","","Neige"
"1971-11-13 14:00","1971","11","13","14:00"," ","-13,90","","-17,20","","74,00","","30,00","","3,00","","32,20","","100,44","","","","-16,00","","Neige"
"1971-11-13 15:00","1971","11","13","15:00"," ","-13,30","","-17,20","","75,00","","0,00","","0,00","","48,30","","100,44","","","","","","Généralement nuageux"
"1971-11-13 16:00","1971","11","13","16:00"," ","-13,30","","-16,70","","75,00","","0,00","","0,00","","48,30","","100,44","","","","","","Généralement nuageux"
"1971-11-13 17:00","1971","11","13","17:00"," ","-13,90","","-20,60","","58,00","","0,00","","0,00","","48,30","","100,43","","","","","","Généralement nuageux"
"1971-11-13 18:00","1971","11","13","18:00"," ","-13,90","","-16,10","","84,00","","0,00","","0,00","","48,30","","100,46","","","","","","Généralement nuageux"
"1971-11-13 19:00","1971","11","13","19:00"," ","-13,90","","-16,10","","82,00","","0,00","","0,00","","32,20","","100,41","","","","","","Nuageux"
"1971-11-13 20:00","1971","11","13","20:00"," ","-13,30","","-16,70","","78,00","","0,00","","0,00","","16,10","","100,42","","","","","","Nuageux"
"1971-11-13 21:00","1971","11","13","21:00"," ","-13,90","","-16,70","","80,00","","0,00","","0,00","","16,10","","100,42","","","","","","Nuageux"
"1971-11-13 22:00","1971","11","13","22:00"," ","-13,90","","-16,10","","83,00","","32,00","","3,00","","16,10","","100,42","","","","-16,00","","Nuageux"
"1971-11-13 23:00","1971","11","13","23:00"," ","-13,90","","-17,20","","78,00","","0,00","","0,00","","16,10","","100,45","","","","","","Nuageux"
"1971-11-14 00:00","1971","11","14","00:00"," ","-13,90","","-16,10","","83,00","","0,00","","0,00","","16,10","","100,45","","","","","","Neige"
"1971-11-14 01:00","1971","11","14","01:00"," ","-13,90","","-16,10","","84,00","","0,00","","0,00","","16,10","","100,43","","","","","","Neige"
"1971-11-14 02:00","1971","11","14","02:00"," ","-13,30","","-16,10","","80,00","","0,00","","0,00","","16,10","","100,44","","","","","","Neige"
"1971-11-14 03:00","1971","11","14","03:00"," ","-13,30","","-16,10","","82,00","","0,00","","0,00","","16,10","","100,45","","","","","","Neige"
"1971-11-14 04:00","1971","11","14","04:00"," ","-13,30","","-15,60","","82,00","","0,00","","0,00","","16,10","","100,48","","","","","","Neige"
"1971-11-14 05:00","1971","11","14","05:00"," ","-13,30","","-15,60","","82,00","","0,00","","0,00","","16,10","","100,50","","","","","","Neige"
"1971-11-14 06:00","1971","11","14","06:00"," ","-13,30","","-16,10","","82,00","","0,00","","0,00","","16,10","","100,52","","","","","","Neige"
"1971-11-14 07:00","1971","11","14","07:00"," ","-12,80","","-15,60","","81,00","","0,00","","0,00","","16,10","","100,54","","","","","","Neige"
"1971-11-14 08:00","1971","11","14","08:00"," ","-12,80","","-15,60","","81,00","","0,00","","0,00","","16,10","","100,54","","","","","","Neige"
"1971-11-14 09:00","1971","11","14","09:00"," ","-12,80","","-15,00","","81,00","","0,00","","0,00","","24,10","","100,56","","","","","","Neige"
"1971-11-14 10:00","1971","11","14","10:00"," ","-12,20","","-16,10","","75,00","","14,00","","8,00","","32,20","","100,57","","","","-17,00","","Neige"
"1971-11-14 11:00","1971","11","14","11:00"," ","-12,20","","-16,10","","75,00","","12,00","","8,00","","32,20","","100,60","","","","-17,00","","Neige"
"1971-11-14 12:00","1971","11","14","12:00"," ","-12,20","","-16,10","","73,00","","15,00","","6,00","","48,30","","100,63","","","","-16,00","","Neige"
"1971-11-14 13:00","1971","11","14","13:00"," ","-12,20","","-16,10","","73,00","","13,00","","6,00","","48,30","","100,66","","","","-16,00","","Neige"
"1971-11-14 14:00","1971","11","14","14:00"," ","-11,70","","-16,10","","72,00","","14,00","","8,00","","48,30","","100,69","","","","-16,00","","Neige"
"1971-11-14 15:00","1971","11","14","15:00"," ","-11,70","","-15,60","","73,00","","0,00","","0,00","","40,20","","100,72","","","","","","Neige"
"1971-11-14 16:00","1971","11","14","16:00"," ","-11,10","","-15,60","","71,00","","0,00","","0,00","","40,20","","100,77","","","","","","Neige"
"1971-11-14 17:00","1971","11","14","17:00"," ","-11,10","","-15,00","","73,00","","12,00","","5,00","","40,20","","100,84","","","","-14,00","","Neige"
"1971-11-14 18:00","1971","11","14","18:00"," ","-11,70","","-15,60","","71,00","","12,00","","3,00","","32,20","","100,87","","","","-14,00","","Neige"
"1971-11-14 19:00","1971","11","14","19:00"," ","-11,70","","-14,40","","78,00","","15,00","","5,00","","32,20","","100,93","","","","-15,00","","Nuageux"
"1971-11-14 20:00","1971","11","14","20:00"," ","-11,70","","-13,90","","83,00","","10,00","","6,00","","32,20","","100,99","","","","-15,00","","Nuageux"
"1971-11-14 21:00","1971","11","14","21:00"," ","-11,70","","-14,40","","82,00","","0,00","","0,00","","32,20","","101,05","","","","","","Nuageux"
"1971-11-14 22:00","1971","11","14","22:00"," ","-11,70","","-14,40","","80,00","","0,00","","0,00","","32,20","","101,10","","","","","","Nuageux"
"1971-11-14 23:00","1971","11","14","23:00"," ","-12,20","","-14,40","","84,00","","0,00","","0,00","","32,20","","101,18","","","","","","Neige"
"1971-11-15 00:00","1971","11","15","00:00"," ","-12,20","","-14,40","","84,00","","0,00","","0,00","","32,20","","101,24","","","","","","Neige"
"1971-11-15 01:00","1971","11","15","01:00"," ","-12,20","","-14,40","","83,00","","10,00","","6,00","","32,20","","101,26","","","","-16,00","","Neige"
"1971-11-15 02:00","1971","11","15","02:00"," ","-12,20","","-14,40","","83,00","","10,00","","6,00","","32,20","","101,30","","","","-16,00","","Nuageux"
"1971-11-15 03:00","1971","11","15","03:00"," ","-12,80","","-15,00","","83,00","","11,00","","6,00","","32,20","","101,37","","","","-17,00","","Nuageux"
"1971-11-15 04:00","1971","11","15","04:00"," ","-12,20","","-14,40","","83,00","","16,00","","5,00","","32,20","","101,39","","","","-15,00","","Neige"
"1971-11-15 05:00","1971","11","15","05:00"," ","-12,80","","-15,00","","83,00","","0,00","","0,00","","32,20","","101,41","","","","","","Neige"
"1971-11-15 06:00","1971","11","15","06:00"," ","-12,20","","-14,40","","83,00","","11,00","","6,00","","32,20","","101,40","","","","-16,00","","Nuageux"
"1971-11-15 07:00","1971","11","15","07:00"," ","-12,20","","-15,00","","80,00","","12,00","","8,00","","32,20","","101,41","","","","-17,00","","Nuageux"
"1971-11-15 08:00","1971","11","15","08:00"," ","-12,20","","-15,60","","75,00","","11,00","","6,00","","32,20","","101,40","","","","-16,00","","Nuageux"
"1971-11-15 09:00","1971","11","15","09:00"," ","-13,30","","-17,20","","73,00","","10,00","","6,00","","48,30","","101,41","","","","-17,00","","Généralement dégagé"
"1971-11-15 10:00","1971","11","15","10:00"," ","-14,40","","-17,80","","75,00","","14,00","","6,00","","48,30","","101,41","","","","-19,00","","Généralement dégagé"
"1971-11-15 11:00","1971","11","15","11:00"," ","-16,10","","-20,60","","70,00","","10,00","","10,00","","48,30","","101,39","","","","-23,00","","Généralement dégagé"
"1971-11-15 12:00","1971","11","15","12:00"," ","-13,30","","-17,80","","71,00","","19,00","","3,00","","48,30","","101,34","","","","-15,00","","Dégagé"
"1971-11-15 13:00","1971","11","15","13:00"," ","-12,80","","-17,20","","70,00","","0,00","","0,00","","48,30","","101,31","","","","","","Dégagé"
"1971-11-15 14:00","1971","11","15","14:00"," ","-11,70","","-16,10","","71,00","","0,00","","0,00","","48,30","","101,30","","","","","","Dégagé"
"1971-11-15 15:00","1971","11","15","15:00"," ","-11,70","","-16,10","","69,00","","0,00","","0,00","","48,30","","101,28","","","","","","Dégagé"
"1971-11-15 16:00","1971","11","15","16:00"," ","-13,90","","-18,30","","68,00","","0,00","","0,00","","48,30","","101,25","","","","","","Dégagé"
"1971-11-15 17:00","1971","11","15","17:00"," ","-16,10","","-21,10","","65,00","","7,00","","3,00","","48,30","","101,28","","","","-18,00","","Dégagé"
"1971-11-15 18:00","1971","11","15","18:00"," ","-16,10","","-20,60","","70,00","","0,00","","0,00","","48,30","","101,32","","","","","","Dégagé"
"1971-11-15 19:00","1971","11","15","19:00"," ","-16,70","","-20,60","","71,00","","0,00","","0,00","","48,30","","101,32","","","","","","Dégagé"
"1971-11-15 20:00","1971","11","15","20:00"," ","-19,40","","-24,40","","63,00","","0,00","","0,00","","48,30","","101,36","","","","","","Dégagé"
"1971-11-15 21:00","1971","11","15","21:00"," ","-20,00","","-25,00","","64,00","","0,00","","0,00","","48,30","","101,43","","","","","","Cristaux de glace"
"1971-11-15 22:00","1971","11","15","22:00"," ","-20,60","","-25,60","","66,00","","0,00","","0,00","","48,30","","101,43","","","","","","Cristaux de glace"
"1971-11-15 23:00","1971","11","15","23:00"," ","-20,60","","-23,30","","76,00","","0,00","","0,00","","48,30","","101,50","","","","","","Cristaux de glace"
"1971-11-16 00:00","1971","11","16","00:00"," ","-20,60","","-23,30","","79,00","","0,00","","0,00","","48,30","","101,52","","","","","","Cristaux de glace"
"1971-11-16 01:00","1971","11","16","01:00"," ","-20,60","","-23,90","","76,00","","0,00","","0,00","","32,20","","101,53","","","","","","Cristaux de glace"
"1971-11-16 02:00","1971","11","16","02:00"," ","-17,80","","-20,60","","81,00","","0,00","","0,00","","16,10","","101,58","","","","","","Cristaux de glace"
"1971-11-16 03:00","1971","11","16","03:00"," ","-17,80","","-20,00","","82,00","","36,00","","5,00","","16,10","","101,66","","","","-22,00","","Cristaux de glace"
"1971-11-16 04:00","1971","11","16","04:00"," ","-17,20","","-19,40","","82,00","","33,00","","5,00","","16,10","","101,69","","","","-21,00","","Cristaux de glace"
"1971-11-16 05:00","1971","11","16","05:00"," ","-16,70","","-19,40","","80,00","","0,00","","0,00","","16,10","","101,72","","","","","","Cristaux de glace"
"1971-11-16 06:00","1971","11","16","06:00"," ","-16,70","","-19,40","","80,00","","0,00","","0,00","","16,10","","101,73","","","","","","Cristaux de glace"
"1971-11-16 07:00","1971","11","16","07:00"," ","-16,70","","-20,00","","78,00","","0,00","","0,00","","16,10","","101,76","","","","","","Cristaux de glace"
"1971-11-16 08:00","1971","11","16","08:00"," ","-16,70","","-20,00","","78,00","","0,00","","0,00","","16,10","","101,81","","","","","","Cristaux de glace"
"1971-11-16 09:00","1971","11","16","09:00"," ","-16,70","","-20,00","","78,00","","0,00","","0,00","","16,10","","101,83","","","","","","Neige"
"1971-11-16 10:00","1971","11","16","10:00"," ","-16,70","","-20,00","","76,00","","0,00","","0,00","","4,80","","101,87","","","","","","Neige"
"1971-11-16 11:00","1971","11","16","11:00"," ","-16,70","","-19,40","","78,00","","0,00","","0,00","","4,80","","101,89","","","","","","Neige"
"1971-11-16 12:00","1971","11","16","12:00"," ","-16,10","","-19,40","","74,00","","0,00","","0,00","","4,80","","101,89","","","","","","Neige"
"1971-11-16 13:00","1971","11","16","13:00"," ","-16,10","","-20,00","","72,00","","0,00","","0,00","","4,80","","101,91","","","","","","Neige"
"1971-11-16 14:00","1971","11","16","14:00"," ","-15,60","","-19,40","","71,00","","0,00","","0,00","","6,40","","101,90","","","","","","Neige"
"1971-11-16 15:00","1971","11","16","15:00"," ","-16,10","","-20,00","","72,00","","0,00","","0,00","","8,00","","101,89","","","","","","Neige"
"1971-11-16 16:00","1971","11","16","16:00"," ","-16,10","","-20,00","","72,00","","0,00","","0,00","","6,40","","101,90","","","","","","Neige"
"1971-11-16 17:00","1971","11","16","17:00"," ","-16,10","","-20,60","","70,00","","0,00","","0,00","","4,80","","101,94","","","","","","Neige"
"1971-11-16 18:00","1971","11","16","18:00"," ","-16,10","","-20,00","","70,00","","15,00","","6,00","","11,30","","101,96","","","","-21,00","","Neige"
"1971-11-16 19:00","1971","11","16","19:00"," ","-17,80","","-17,80","","99,00","","14,00","","6,00","","16,10","","101,97","","","","-22,00","","Nuageux"
"1971-11-16 20:00","1971","11","16","20:00"," ","-17,20","","-21,10","","70,00","","12,00","","13,00","","16,10","","101,97","","","","-25,00","","Neige"
"1971-11-16 21:00","1971","11","16","21:00"," ","-17,20","","-20,60","","73,00","","14,00","","8,00","","16,10","","101,95","","","","-23,00","","Neige"
"1971-11-16 22:00","1971","11","16","22:00"," ","-16,70","","-21,10","","68,00","","14,00","","11,00","","16,10","","101,94","","","","-24,00","","Neige"
"1971-11-16 23:00","1971","11","16","23:00"," ","-20,00","","-25,00","","64,00","","12,00","","11,00","","24,10","","101,96","","","","-28,00","","Généralement dégagé"
"1971-11-17 00:00","1971","11","17","00:00"," ","-22,20","","-28,30","","59,00","","10,00","","14,00","","24,10","","101,96","","","","-31,00","","Généralement dégagé"
"1971-11-17 01:00","1971","11","17","01:00"," ","-22,80","","-26,70","","69,00","","11,00","","14,00","","32,20","","101,92","","","","-32,00","","Généralement dégagé"
"1971-11-17 02:00","1971","11","17","02:00"," ","-23,30","","-26,70","","76,00","","10,00","","13,00","","32,20","","101,88","","","","-32,00","","Dégagé"
"1971-11-17 03:00","1971","11","17","03:00"," ","-23,90","","-27,20","","75,00","","10,00","","11,00","","32,20","","101,88","","","","-32,00","","Dégagé"
"1971-11-17 04:00","1971","11","17","04:00"," ","-23,90","","-27,20","","75,00","","9,00","","13,00","","32,20","","101,88","","","","-33,00","","Dégagé"
"1971-11-17 05:00","1971","11","17","05:00"," ","-23,90","","-27,20","","75,00","","10,00","","45,00","","32,20","","101,89","","","","-40,00","","Dégagé"
"1971-11-17 06:00","1971","11","17","06:00"," ","-23,90","","-27,20","","75,00","","12,00","","42,00","","32,20","","101,89","","","","-40,00","","Généralement dégagé"
"1971-11-17 07:00","1971","11","17","07:00"," ","-23,90","","-27,80","","71,00","","12,00","","11,00","","32,20","","101,91","","","","-32,00","","Généralement dégagé"
"1971-11-17 08:00","1971","11","17","08:00"," ","-22,80","","-26,70","","73,00","","11,00","","10,00","","32,20","","101,89","","","","-31,00","","Généralement nuageux"
"1971-11-17 09:00","1971","11","17","09:00"," ","-23,30","","-26,70","","76,00","","14,00","","14,00","","32,20","","101,89","","","","-33,00","","Généralement nuageux"
"1971-11-17 10:00","1971","11","17","10:00"," ","-22,20","","-25,60","","73,00","","11,00","","16,00","","32,20","","101,90","","","","-32,00","","Généralement dégagé"
"1971-11-17 11:00","1971","11","17","11:00"," ","-22,20","","-26,10","","70,00","","10,00","","18,00","","32,20","","101,86","","","","-33,00","","Généralement dégagé"
"1971-11-17 12:00","1971","11","17","12:00"," ","-20,60","","-24,40","","70,00","","11,00","","23,00","","32,20","","101,76","","","","-32,00","","Généralement dégagé"
"1971-11-17 13:00","1971","11","17","13:00"," ","-20,00","","-24,40","","68,00","","11,00","","19,00","","48,30","","101,69","","","","-30,00","","Généralement dégagé"
"1971-11-17 14:00","1971","11","17","14:00"," ","-19,40","","-23,30","","69,00","","14,00","","18,00","","48,30","","101,62","","","","-29,00","","Dégagé"
"1971-11-17 15:00","1971","11","17","15:00"," ","-18,90","","-20,00","","89,00","","15,00","","21,00","","48,30","","101,52","","","","-29,00","","Généralement dégagé"
"1971-11-17 16:00","1971","11","17","16:00"," ","-18,90","","-22,80","","72,00","","12,00","","26,00","","48,30","","101,48","","","","-30,00","","Généralement dégagé"
"1971-11-17 17:00","1971","11","17","17:00"," ","-18,30","","-22,20","","71,00","","14,00","","27,00","","32,20","","101,32","","","","-30,00","","Généralement dégagé"
"1971-11-17 18:00","1971","11","17","18:00"," ","-17,80","","-20,60","","79,00","","13,00","","27,00","","32,20","","101,21","","","","-29,00","","Généralement dégagé"
"1971-11-17 19:00","1971","11","17","19:00"," ","-17,20","","-20,00","","80,00","","14,00","","35,00","","12,90","","101,04","","","","-30,00","","Généralement dégagé"
"1971-11-17 20:00","1971","11","17","20:00"," ","-16,70","","-20,00","","76,00","","15,00","","37,00","","12,90","","100,86","","","","-29,00","","Généralement dégagé"
"1971-11-17 21:00","1971","11","17","21:00"," ","-16,70","","-19,40","","78,00","","15,00","","40,00","","16,10","","100,66","","","","-30,00","","Généralement dégagé"
"1971-11-17 22:00","1971","11","17","22:00"," ","-16,10","","-20,00","","74,00","","14,00","","45,00","","16,10","","100,47","","","","-30,00","","Généralement dégagé"
"1971-11-17 23:00","1971","11","17","23:00"," ","-15,00","","-17,80","","82,00","","14,00","","45,00","","16,10","","100,18","","","","-28,00","","Généralement dégagé"
"1971-11-18 00:00","1971","11","18","00:00"," ","-15,00","","-17,80","","80,00","","12,00","","48,00","","16,10","","99,97","","","","-28,00","","Généralement dégagé"
"1971-11-18 01:00","1971","11","18","01:00"," ","-14,40","","-16,70","","83,00","","13,00","","48,00","","16,10","","99,75","","","","-28,00","","Généralement dégagé"
"1971-11-18 02:00","1971","11","18","02:00"," ","-14,40","","-16,70","","85,00","","13,00","","64,00","","8,00","","99,48","","","","-29,00","","Poudrerie élevée"
"1971-11-18 03:00","1971","11","18","03:00"," ","-13,90","","-16,10","","83,00","","13,00","","48,00","","16,10","","99,38","","","","-27,00","","Généralement nuageux"
"1971-11-18 04:00","1971","11","18","04:00"," ","-13,30","","-15,60","","84,00","","12,00","","56,00","","1,20","","99,19","","","","-27,00","","Neige"
"1971-11-18 05:00","1971","11","18","05:00"," ","-13,90","","-16,10","","84,00","","11,00","","48,00","","1,20","","98,99","","","","-27,00","","Neige"
"1971-11-18 06:00","1971","11","18","06:00"," ","-13,30","","-15,00","","86,00","","13,00","","56,00","","1,20","","98,81","","","","-27,00","","Neige"
"1971-11-18 07:00","1971","11","18","07:00"," ","-13,30","","-15,00","","86,00","","12,00","","43,00","","1,60","","98,67","","","","-26,00","","Neige"
"1971-11-18 08:00","1971","11","18","08:00"," ","-12,80","","-15,00","","86,00","","15,00","","47,00","","4,80","","98,64","","","","-25,00","","Neige"
"1971-11-18 09:00","1971","11","18","09:00"," ","-12,80","","-15,60","","83,00","","15,00","","35,00","","8,00","","98,57","","","","-24,00","","Neige"
"1971-11-18 10:00","1971","11","18","10:00"," ","-13,30","","-16,10","","81,00","","15,00","","37,00","","8,00","","98,55","","","","-25,00","","Neige"
"1971-11-18 11:00","1971","11","18","11:00"," ","-13,30","","-16,10","","80,00","","15,00","","32,00","","9,70","","98,58","","","","-24,00","","Neige"
"1971-11-18 12:00","1971","11","18","12:00"," ","-13,30","","-16,10","","80,00","","15,00","","26,00","","4,80","","98,62","","","","-23,00","","Neige"
"1971-11-18 13:00","1971","11","18","13:00"," ","-13,30","","-16,10","","80,00","","15,00","","23,00","","1,60","","98,61","","","","-23,00","","Neige"
"1971-11-18 14:00","1971","11","18","14:00"," ","-12,80","","-16,10","","79,00","","15,00","","23,00","","16,10","","98,61","","","","-22,00","","Neige"
"1971-11-18 15:00","1971","11","18","15:00"," ","-12,80","","-15,60","","78,00","","14,00","","23,00","","16,10","","98,69","","","","-22,00","","Neige"
"1971-11-18 16:00","1971","11","18","16:00"," ","-12,20","","-15,00","","80,00","","15,00","","23,00","","16,10","","98,69","","","","-21,00","","Neige"
"1971-11-18 17:00","1971","11","18","17:00"," ","-12,20","","-15,60","","78,00","","14,00","","14,00","","48,30","","98,69","","","","-19,00","","Neige"
"1971-11-18 18:00","1971","11","18","18:00"," ","-12,80","","-15,00","","81,00","","13,00","","19,00","","32,20","","98,71","","","","-21,00","","Généralement dégagé"
"1971-11-18 19:00","1971","11","18","19:00"," ","-13,30","","-16,70","","78,00","","13,00","","13,00","","32,20","","98,73","","","","-20,00","","Généralement dégagé"
"1971-11-18 20:00","1971","11","18","20:00"," ","-13,30","","-15,60","","81,00","","13,00","","14,00","","32,20","","98,74","","","","-21,00","","Nuageux"
"1971-11-18 21:00","1971","11","18","21:00"," ","-13,90","","-16,10","","82,00","","12,00","","14,00","","32,20","","98,77","","","","-21,00","","Neige"
"1971-11-18 22:00","1971","11","18","22:00"," ","-12,80","","-15,60","","80,00","","13,00","","13,00","","32,20","","98,79","","","","-20,00","","Neige"
"1971-11-18 23:00","1971","11","18","23:00"," ","-12,80","","-15,60","","79,00","","11,00","","8,00","","32,20","","98,79","","","","-18,00","","Généralement nuageux"
"1971-11-19 00:00","1971","11","19","00:00"," ","-12,20","","-15,00","","78,00","","11,00","","10,00","","32,20","","98,81","","","","-18,00","","Généralement nuageux"
"1971-11-19 01:00","1971","11","19","01:00"," ","-12,20","","-14,40","","82,00","","13,00","","14,00","","32,20","","98,86","","","","-19,00","","Généralement nuageux"
"1971-11-19 02:00","1971","11","19","02:00"," ","-12,20","","-15,60","","78,00","","15,00","","11,00","","32,20","","98,88","","","","-18,00","","Généralement nuageux"
"1971-11-19 03:00","1971","11","19","03:00"," ","-12,20","","-15,60","","80,00","","12,00","","11,00","","32,20","","98,90","","","","-18,00","","Généralement dégagé"
"1971-11-19 04:00","1971","11","19","04:00"," ","-12,80","","-15,60","","79,00","","18,00","","8,00","","32,20","","98,92","","","","-18,00","","Généralement nuageux"
"1971-11-19 05:00","1971","11","19","05:00"," ","-12,80","","-15,60","","81,00","","14,00","","10,00","","32,20","","98,91","","","","-19,00","","Généralement nuageux"
"1971-11-19 06:00","1971","11","19","06:00"," ","-12,80","","-15,60","","79,00","","13,00","","11,00","","32,20","","98,88","","","","-19,00","","Généralement dégagé"
"1971-11-19 07:00","1971","11","19","07:00"," ","-13,90","","-16,70","","79,00","","11,00","","10,00","","32,20","","98,90","","","","-20,00","","Généralement dégagé"
"1971-11-19 08:00","1971","11","19","08:00"," ","-13,90","","-17,20","","78,00","","14,00","","11,00","","32,20","","98,85","","","","-20,00","","Généralement dégagé"
"1971-11-19 09:00","1971","11","19","09:00"," ","-15,60","","-18,90","","75,00","","7,00","","5,00","","48,30","","98,91","","","","-19,00","","Généralement dégagé"
"1971-11-19 10:00","1971","11","19","10:00"," ","-15,00","","-18,90","","74,00","","11,00","","11,00","","48,30","","98,87","","","","-22,00","","Généralement dégagé"
"1971-11-19 11:00","1971","11","19","11:00"," ","-13,30","","-16,70","","75,00","","12,00","","6,00","","48,30","","98,89","","","","-17,00","","Généralement dégagé"
"1971-11-19 12:00","1971","11","19","12:00"," ","-14,40","","-18,90","","69,00","","15,00","","6,00","","48,30","","98,95","","","","-19,00","","Généralement dégagé"
"1971-11-19 13:00","1971","11","19","13:00"," ","-13,90","","-17,20","","74,00","","0,00","","0,00","","48,30","","98,99","","","","","","Généralement dégagé"
"1971-11-19 14:00","1971","11","19","14:00"," ","-12,80","","-16,70","","72,00","","0,00","","0,00","","48,30","","99,01","","","","","","Généralement dégagé"
"1971-11-19 15:00","1971","11","19","15:00"," ","-13,30","","-17,80","","71,00","","10,00","","10,00","","48,30","","99,12","","","","-19,00","","Généralement dégagé"
"1971-11-19 16:00","1971","11","19","16:00"," ","-14,40","","-18,30","","71,00","","8,00","","6,00","","48,30","","99,18","","","","-19,00","","Généralement dégagé"
"1971-11-19 17:00","1971","11","19","17:00"," ","-15,60","","-20,00","","71,00","","10,00","","10,00","","48,30","","99,25","","","","-22,00","","Généralement dégagé"
"1971-11-19 18:00","1971","11","19","18:00"," ","-15,60","","-20,00","","71,00","","9,00","","5,00","","48,30","","99,37","","","","-19,00","","Généralement dégagé"
"1971-11-19 19:00","1971","11","19","19:00"," ","-15,60","","-20,00","","71,00","","12,00","","8,00","","32,20","","99,40","","","","-21,00","","Généralement dégagé"
"1971-11-19 20:00","1971","11","19","20:00"," ","-17,80","","-21,10","","74,00","","0,00","","0,00","","32,20","","99,48","","","","","","Généralement dégagé"
"1971-11-19 21:00","1971","11","19","21:00"," ","-17,80","","-21,10","","77,00","","0,00","","0,00","","32,20","","99,56","","","","","","Généralement dégagé"
"1971-11-19 22:00","1971","11","19","22:00"," ","-18,30","","-21,70","","76,00","","12,00","","6,00","","32,20","","99,64","","","","-23,00","","Généralement dégagé"
"1971-11-19 23:00","1971","11","19","23:00"," ","-18,30","","-21,10","","79,00","","0,00","","0,00","","32,20","","99,72","","","","","","Généralement dégagé"
"1971-11-20 00:00","1971","11","20","00:00"," ","-20,60","","-24,40","","73,00","","0,00","","0,00","","32,20","","99,79","","","","","","Généralement dégagé"
"1971-11-20 01:00","1971","11","20","01:00"," ","-19,40","","-22,80","","74,00","","10,00","","6,00","","48,30","","99,88","","","","-24,00","","Dégagé"
"1971-11-20 02:00","1971","11","20","02:00"," ","-16,70","","-18,90","","85,00","","11,00","","8,00","","48,30","","99,97","","","","-22,00","","Généralement dégagé"
"1971-11-20 03:00","1971","11","20","03:00"," ","-16,70","","-19,40","","82,00","","9,00","","5,00","","48,30","","100,05","","","","-21,00","","Généralement dégagé"
"1971-11-20 04:00","1971","11","20","04:00"," ","-17,20","","-23,90","","56,00","","12,00","","8,00","","48,30","","100,09","","","","-23,00","","Généralement dégagé"
"1971-11-20 05:00","1971","11","20","05:00"," ","-17,20","","-20,00","","80,00","","0,00","","0,00","","48,30","","100,18","","","","","","Généralement dégagé"
"1971-11-20 06:00","1971","11","20","06:00"," ","-17,20","","-19,40","","82,00","","0,00","","0,00","","48,30","","100,22","","","","","","Généralement dégagé"
"1971-11-20 07:00","1971","11","20","07:00"," ","-17,20","","-20,00","","79,00","","0,00","","0,00","","48,30","","100,28","","","","","","Généralement dégagé"
"1971-11-20 08:00","1971","11","20","08:00"," ","-17,80","","-20,60","","79,00","","0,00","","0,00","","48,30","","100,31","","","","","","Généralement dégagé"
"1971-11-20 09:00","1971","11","20","09:00"," ","-17,20","","-21,10","","72,00","","0,00","","0,00","","48,30","","100,35","","","","","","Généralement nuageux"
"1971-11-20 10:00","1971","11","20","10:00"," ","-16,10","","-20,00","","72,00","","11,00","","5,00","","48,30","","100,36","","","","-20,00","","Généralement nuageux"
"1971-11-20 11:00","1971","11","20","11:00"," ","-15,60","","-18,30","","78,00","","13,00","","5,00","","48,30","","100,38","","","","-19,00","","Généralement dégagé"
"1971-11-20 12:00","1971","11","20","12:00"," ","-16,10","","-18,90","","79,00","","0,00","","0,00","","48,30","","100,36","","","","","","Généralement dégagé"
"1971-11-20 13:00","1971","11","20","13:00"," ","-15,00","","-18,30","","76,00","","0,00","","0,00","","48,30","","100,36","","","","","","Généralement dégagé"
"1971-11-20 14:00","1971","11","20","14:00"," ","-13,90","","-17,80","","72,00","","0,00","","0,00","","48,30","","100,29","","","","","","Généralement dégagé"
"1971-11-20 15:00","1971","11","20","15:00"," ","-15,60","","-18,90","","77,00","","0,00","","0,00","","48,30","","100,31","","","","","","Généralement dégagé"
"1971-11-20 16:00","1971","11","20","16:00"," ","-17,20","","-19,40","","84,00","","27,00","","8,00","","48,30","","100,25","","","","-23,00","","Généralement dégagé"
"1971-11-20 17:00","1971","11","20","17:00"," ","-17,80","","-20,60","","79,00","","33,00","","3,00","","48,30","","100,23","","","","-20,00","","Généralement dégagé"
"1971-11-20 18:00","1971","11","20","18:00"," ","-20,60","","-23,90","","73,00","","0,00","","0,00","","32,20","","100,13","","","","","","Généralement dégagé"
"1971-11-20 19:00","1971","11","20","19:00"," ","-20,60","","-25,60","","66,00","","0,00","","0,00","","32,20","","100,09","","","","","","Généralement dégagé"
"1971-11-20 20:00","1971","11","20","20:00"," ","-21,10","","-27,80","","56,00","","0,00","","0,00","","32,20","","100,06","","","","","","Généralement dégagé"
"1971-11-20 21:00","1971","11","20","21:00"," ","-21,10","","-26,70","","62,00","","0,00","","0,00","","32,20","","100,05","","","","","","Généralement dégagé"
"1971-11-20 22:00","1971","11","20","22:00"," ","-21,10","","-26,10","","65,00","","0,00","","0,00","","32,20","","100,05","","","","","","Généralement dégagé"
"1971-11-20 23:00","1971","11","20","23:00"," ","-22,80","","-26,70","","73,00","","0,00","","0,00","","32,20","","99,96","","","","","","Généralement dégagé"
"1971-11-21 00:00","1971","11","21","00:00"," ","-22,20","","-25,60","","77,00","","0,00","","0,00","","32,20","","99,93","","","","","","Généralement dégagé"
"1971-11-21 01:00","1971","11","21","01:00"," ","-22,80","","-25,00","","80,00","","11,00","","8,00","","48,30","","99,93","","","","-30,00","","Généralement dégagé"
"1971-11-21 02:00","1971","11","21","02:00"," ","-23,30","","-26,10","","80,00","","9,00","","5,00","","48,30","","99,89","","","","-28,00","","Dégagé"
"1971-11-21 03:00","1971","11","21","03:00"," ","-23,90","","-26,10","","79,00","","0,00","","0,00","","48,30","","99,85","","","","","","Dégagé"
"1971-11-21 04:00","1971","11","21","04:00"," ","-23,90","","-26,70","","79,00","","0,00","","0,00","","48,30","","99,85","","","","","","Dégagé"
"1971-11-21 05:00","1971","11","21","05:00"," ","-23,30","","-26,10","","80,00","","0,00","","0,00","","32,20","","99,86","","","","","","Généralement nuageux"
"1971-11-21 06:00","1971","11","21","06:00"," ","-21,10","","-25,00","","72,00","","0,00","","0,00","","24,10","","99,82","","","","","","Cristaux de glace"
"1971-11-21 07:00","1971","11","21","07:00"," ","-21,70","","-25,00","","71,00","","0,00","","0,00","","16,10","","99,80","","","","","","Cristaux de glace"
"1971-11-21 08:00","1971","11","21","08:00"," ","-21,10","","-24,40","","75,00","","0,00","","0,00","","16,10","","99,79","","","","","","Cristaux de glace"
"1971-11-21 09:00","1971","11","21","09:00"," ","-20,60","","-23,30","","79,00","","0,00","","0,00","","9,70","","99,82","","","","","","Cristaux de glace"
"1971-11-21 10:00","1971","11","21","10:00"," ","-20,60","","-22,80","","82,00","","0,00","","0,00","","9,70","","99,84","","","","","","Brouillard de glace"
"1971-11-21 11:00","1971","11","21","11:00"," ","-15,60","","-17,20","","88,00","","0,00","","0,00","","9,70","","99,86","","","","","","Brouillard de glace"
"1971-11-21 12:00","1971","11","21","12:00"," ","-20,00","","-23,90","","71,00","","0,00","","0,00","","9,70","","99,89","","","","","","Brouillard de glace"
"1971-11-21 13:00","1971","11","21","13:00"," ","-19,40","","-20,60","","91,00","","0,00","","0,00","","4,80","","99,96","","","","","","Neige"
"1971-11-21 14:00","1971","11","21","14:00"," ","-18,90","","-22,20","","75,00","","0,00","","0,00","","9,70","","100,00","","","","","","Brouillard de glace"
"1971-11-21 15:00","1971","11","21","15:00"," ","-18,90","","-22,80","","72,00","","0,00","","0,00","","16,10","","100,04","","","","","","Généralement nuageux"
"1971-11-21 16:00","1971","11","21","16:00"," ","-18,90","","-21,70","","78,00","","0,00","","0,00","","8,00","","100,07","","","","","","Brouillard de glace"
"1971-11-21 17:00","1971","11","21","17:00"," ","-18,90","","-21,70","","80,00","","0,00","","0,00","","9,70","","100,15","","","","","","Brouillard de glace"
"1971-11-21 18:00","1971","11","21","18:00"," ","-18,90","","-21,10","","83,00","","0,00","","0,00","","16,10","","100,21","","","","","","Généralement dégagé"
"1971-11-21 19:00","1971","11","21","19:00"," ","-19,40","","-23,30","","69,00","","8,00","","5,00","","16,10","","100,28","","","","-24,00","","Généralement nuageux"
"1971-11-21 20:00","1971","11","21","20:00"," ","-19,40","","-22,80","","72,00","","8,00","","5,00","","16,10","","100,37","","","","-24,00","","Cristaux de glace"
"1971-11-21 21:00","1971","11","21","21:00"," ","-18,90","","-21,70","","78,00","","7,00","","5,00","","16,10","","100,43","","","","-23,00","","Cristaux de glace"
"1971-11-21 22:00","1971","11","21","22:00"," ","-18,90","","-21,70","","80,00","","8,00","","3,00","","16,10","","100,46","","","","-21,00","","Cristaux de glace"
"1971-11-21 23:00","1971","11","21","23:00"," ","-20,00","","-22,80","","77,00","","7,00","","6,00","","16,10","","100,56","","","","-25,00","","Cristaux de glace"
"1971-11-22 00:00","1971","11","22","00:00"," ","-20,00","","-22,20","","82,00","","7,00","","5,00","","12,90","","100,60","","","","-24,00","","Cristaux de glace"
"1971-11-22 01:00","1971","11","22","01:00"," ","-20,00","","-22,20","","82,00","","0,00","","0,00","","12,90","","100,65","","","","","","Cristaux de glace"
"1971-11-22 02:00","1971","11","22","02:00"," ","-20,60","","-22,80","","82,00","","0,00","","0,00","","8,00","","100,73","","","","","","Brouillard de glace"
"1971-11-22 03:00","1971","11","22","03:00"," ","-20,60","","-22,80","","82,00","","0,00","","0,00","","8,00","","100,79","","","","","","Brouillard de glace"
"1971-11-22 04:00","1971","11","22","04:00"," ","-20,60","","-22,80","","82,00","","0,00","","0,00","","16,10","","100,84","","","","","","Généralement nuageux"
"1971-11-22 05:00","1971","11","22","05:00"," ","-20,00","","-22,20","","82,00","","0,00","","0,00","","3,20","","100,85","","","","","","Brouillard de glace"
"1971-11-22 06:00","1971","11","22","06:00"," ","-19,40","","-21,70","","83,00","","0,00","","0,00","","0,80","","100,89","","","","","","Brouillard de glace"
"1971-11-22 07:00","1971","11","22","07:00"," ","-19,40","","-21,10","","88,00","","12,00","","5,00","","1,20","","100,91","","","","-24,00","","Brouillard de glace"
"1971-11-22 08:00","1971","11","22","08:00"," ","-18,90","","-20,60","","86,00","","12,00","","3,00","","4,80","","100,97","","","","-21,00","","Brouillard de glace"
"1971-11-22 09:00","1971","11","22","09:00"," ","-17,80","","-20,60","","79,00","","9,00","","8,00","","6,40","","101,02","","","","-24,00","","Brouillard de glace"
"1971-11-22 10:00","1971","11","22","10:00"," ","-18,30","","-20,60","","84,00","","9,00","","6,00","","6,40","","101,04","","","","-23,00","","Brouillard de glace"
"1971-11-22 11:00","1971","11","22","11:00"," ","-18,30","","-21,10","","81,00","","9,00","","5,00","","6,40","","101,08","","","","-22,00","","Brouillard de glace"
"1971-11-22 12:00","1971","11","22","12:00"," ","-18,90","","-21,10","","83,00","","8,00","","3,00","","6,40","","101,12","","","","-21,00","","Brouillard de glace"
"1971-11-22 13:00","1971","11","22","13:00"," ","-18,90","","-20,60","","83,00","","6,00","","5,00","","16,10","","101,16","","","","-23,00","","Généralement nuageux"
"1971-11-22 14:00","1971","11","22","14:00"," ","-18,30","","-20,60","","84,00","","6,00","","6,00","","6,40","","101,16","","","","-23,00","","Brouillard de glace"
"1971-11-22 15:00","1971","11","22","15:00"," ","-18,30","","-20,60","","83,00","","6,00","","3,00","","32,20","","101,23","","","","-21,00","","Cristaux de glace"
"1971-11-22 16:00","1971","11","22","16:00"," ","-19,40","","-21,70","","83,00","","11,00","","8,00","","48,30","","101,20","","","","-26,00","","Généralement dégagé"
"1971-11-22 17:00","1971","11","22","17:00"," ","-20,60","","-22,80","","82,00","","0,00","","0,00","","48,30","","101,23","","","","","","Généralement dégagé"
"1971-11-22 18:00","1971","11","22","18:00"," ","-20,60","","-23,30","","82,00","","0,00","","0,00","","48,30","","101,27","","","","","","Généralement dégagé"
"1971-11-22 19:00","1971","11","22","19:00"," ","-22,80","","-25,00","","80,00","","10,00","","3,00","","48,30","","101,30","","","","-26,00","","Généralement dégagé"
"1971-11-22 20:00","1971","11","22","20:00"," ","-22,20","","-25,00","","77,00","","0,00","","0,00","","32,20","","101,32","","","","","","Généralement dégagé"
"1971-11-22 21:00","1971","11","22","21:00"," ","-22,20","","-25,00","","77,00","","0,00","","0,00","","32,20","","101,36","","","","","","Généralement dégagé"
"1971-11-22 22:00","1971","11","22","22:00"," ","-23,90","","-26,70","","79,00","","0,00","","0,00","","32,20","","101,35","","","","","","Généralement dégagé"
"1971-11-22 23:00","1971","11","22","23:00"," ","-23,90","","-28,30","","67,00","","0,00","","0,00","","32,20","","101,36","","","","","","Généralement dégagé"
"1971-11-23 00:00","1971","11","23","00:00"," ","-23,30","","-27,20","","72,00","","0,00","","0,00","","32,20","","101,37","","","","","","Généralement dégagé"
"1971-11-23 01:00","1971","11","23","01:00"," ","-23,90","","-26,70","","79,00","","0,00","","0,00","","48,30","","101,40","","","","","","Généralement dégagé"
"1971-11-23 02:00","1971","11","23","02:00"," ","-24,40","","-27,20","","79,00","","0,00","","0,00","","48,30","","101,40","","","","","","Généralement dégagé"
"1971-11-23 03:00","1971","11","23","03:00"," ","-25,00","","-26,70","","83,00","","0,00","","0,00","","48,30","","101,43","","","","","","Généralement dégagé"
"1971-11-23 04:00","1971","11","23","04:00"," ","-26,10","","-28,30","","78,00","","10,00","","5,00","","48,30","","101,43","","","","-31,00","","Généralement dégagé"
"1971-11-23 05:00","1971","11","23","05:00"," ","-25,00","","-27,80","","78,00","","0,00","","0,00","","48,30","","101,40","","","","","","Cristaux de glace"
"1971-11-23 06:00","1971","11","23","06:00"," ","-25,00","","-27,80","","78,00","","0,00","","0,00","","48,30","","101,41","","","","","","Cristaux de glace"
"1971-11-23 07:00","1971","11","23","07:00"," ","-25,00","","-27,20","","83,00","","0,00","","0,00","","48,30","","101,44","","","","","","Cristaux de glace"
"1971-11-23 08:00","1971","11","23","08:00"," ","-25,00","","-27,20","","79,00","","0,00","","0,00","","48,30","","101,39","","","","","","Cristaux de glace"
"1971-11-23 09:00","1971","11","23","09:00"," ","-25,00","","-27,80","","78,00","","7,00","","6,00","","48,30","","101,48","","","","-31,00","","Généralement nuageux"
"1971-11-23 10:00","1971","11","23","10:00"," ","-25,00","","-28,30","","74,00","","14,00","","3,00","","48,30","","101,45","","","","-28,00","","Généralement dégagé"
"1971-11-23 11:00","1971","11","23","11:00"," ","-25,00","","-27,80","","78,00","","0,00","","0,00","","48,30","","101,47","","","","","","Généralement dégagé"
"1971-11-23 12:00","1971","11","23","12:00"," ","-25,00","","-27,20","","78,00","","0,00","","0,00","","48,30","","101,45","","","","","","Généralement nuageux"
"1971-11-23 13:00","1971","11","23","13:00"," ","-23,30","","-26,10","","80,00","","0,00","","0,00","","48,30","","101,48","","","","","","Généralement nuageux"
"1971-11-23 14:00","1971","11","23","14:00"," ","-22,80","","-25,60","","80,00","","0,00","","0,00","","48,30","","101,44","","","","","","Généralement nuageux"
"1971-11-23 15:00","1971","11","23","15:00"," ","-22,20","","-25,60","","74,00","","0,00","","0,00","","48,30","","101,43","","","","","","Nuageux"
"1971-11-23 16:00","1971","11","23","16:00"," ","-22,20","","-25,60","","74,00","","0,00","","0,00","","32,20","","101,38","","","","","","Nuageux"
"1971-11-23 17:00","1971","11","23","17:00"," ","-21,70","","-24,40","","78,00","","0,00","","0,00","","24,10","","101,40","","","","","","Nuageux"
"1971-11-23 18:00","1971","11","23","18:00"," ","-21,70","","-23,90","","81,00","","0,00","","0,00","","16,10","","101,39","","","","","","Nuageux"
"1971-11-23 19:00","1971","11","23","19:00"," ","-21,70","","-24,40","","81,00","","0,00","","0,00","","16,10","","101,39","","","","","","Nuageux"
"1971-11-23 20:00","1971","11","23","20:00"," ","-21,10","","-23,90","","78,00","","0,00","","0,00","","16,10","","101,37","","","","","","Nuageux"
"1971-11-23 21:00","1971","11","23","21:00"," ","-20,00","","-22,20","","82,00","","0,00","","0,00","","1,60","","101,39","","","","","","Neige"
"1971-11-23 22:00","1971","11","23","22:00"," ","-18,90","","-21,70","","78,00","","0,00","","0,00","","6,40","","101,36","","","","","","Neige"
"1971-11-23 23:00","1971","11","23","23:00"," ","-20,60","","-23,30","","79,00","","0,00","","0,00","","9,70","","101,35","","","","","","Neige"
"1971-11-24 00:00","1971","11","24","00:00"," ","-20,60","","-23,90","","76,00","","0,00","","0,00","","11,30","","101,35","","","","","","Neige"
"1971-11-24 01:00","1971","11","24","01:00"," ","-20,60","","-23,30","","79,00","","0,00","","0,00","","11,30","","101,33","","","","","","Neige"
"1971-11-24 02:00","1971","11","24","02:00"," ","-20,00","","-22,80","","79,00","","0,00","","0,00","","11,30","","101,29","","","","","","Neige"
"1971-11-24 03:00","1971","11","24","03:00"," ","-20,00","","-22,80","","79,00","","0,00","","0,00","","11,30","","101,29","","","","","","Neige"
"1971-11-24 04:00","1971","11","24","04:00"," ","-19,40","","-22,20","","80,00","","0,00","","0,00","","11,30","","101,26","","","","","","Neige"
"1971-11-24 05:00","1971","11","24","05:00"," ","-20,00","","-22,80","","77,00","","0,00","","0,00","","16,10","","101,23","","","","","","Neige"
"1971-11-24 06:00","1971","11","24","06:00"," ","-20,00","","-22,80","","77,00","","0,00","","0,00","","16,10","","101,21","","","","","","Neige"
"1971-11-24 07:00","1971","11","24","07:00"," ","-19,40","","-22,80","","74,00","","0,00","","0,00","","24,10","","101,18","","","","","","Neige"
"1971-11-24 08:00","1971","11","24","08:00"," ","-20,00","","-20,60","","94,00","","12,00","","8,00","","32,20","","101,15","","","","-26,00","","Neige"
"1971-11-24 09:00","1971","11","24","09:00"," ","-20,60","","-23,30","","76,00","","10,00","","6,00","","32,20","","101,13","","","","-26,00","","Généralement nuageux"
"1971-11-24 10:00","1971","11","24","10:00"," ","-21,10","","-23,90","","75,00","","12,00","","10,00","","48,30","","101,06","","","","-29,00","","Généralement nuageux"
"1971-11-24 11:00","1971","11","24","11:00"," ","-20,60","","-22,80","","82,00","","11,00","","13,00","","48,30","","101,01","","","","-29,00","","Généralement dégagé"
"1971-11-24 12:00","1971","11","24","12:00"," ","-20,60","","-23,30","","79,00","","13,00","","11,00","","48,30","","101,00","","","","-28,00","","Généralement dégagé"
"1971-11-24 13:00","1971","11","24","13:00"," ","-18,90","","-21,70","","78,00","","13,00","","14,00","","48,30","","100,95","","","","-27,00","","Généralement dégagé"
"1971-11-24 14:00","1971","11","24","14:00"," ","-18,30","","-21,70","","76,00","","14,00","","11,00","","48,30","","100,95","","","","-26,00","","Généralement dégagé"
"1971-11-24 15:00","1971","11","24","15:00"," ","-19,40","","-22,20","","77,00","","14,00","","6,00","","48,30","","100,98","","","","-24,00","","Généralement dégagé"
"1971-11-24 16:00","1971","11","24","16:00"," ","-20,60","","-23,30","","78,00","","12,00","","3,00","","48,30","","100,98","","","","-23,00","","Généralement dégagé"
"1971-11-24 17:00","1971","11","24","17:00"," ","-21,70","","-23,90","","81,00","","11,00","","5,00","","48,30","","101,02","","","","-26,00","","Généralement dégagé"
"1971-11-24 18:00","1971","11","24","18:00"," ","-21,70","","-24,40","","81,00","","10,00","","5,00","","48,30","","101,04","","","","-26,00","","Généralement dégagé"
"1971-11-24 19:00","1971","11","24","19:00"," ","-22,20","","-25,60","","77,00","","0,00","","0,00","","48,30","","101,07","","","","","","Généralement dégagé"
"1971-11-24 20:00","1971","11","24","20:00"," ","-23,90","","-26,70","","79,00","","0,00","","0,00","","48,30","","101,15","","","","","","Dégagé"
"1971-11-24 21:00","1971","11","24","21:00"," ","-24,40","","-27,20","","79,00","","0,00","","0,00","","48,30","","101,20","","","","","","Généralement dégagé"
"1971-11-24 22:00","1971","11","24","22:00"," ","-24,40","","-27,20","","79,00","","0,00","","0,00","","48,30","","101,29","","","","","","Généralement dégagé"
"1971-11-24 23:00","1971","11","24","23:00"," ","-25,00","","-27,80","","78,00","","31,00","","6,00","","32,20","","101,39","","","","-31,00","","Cristaux de glace"
"1971-11-25 00:00","1971","11","25","00:00"," ","-23,30","","-26,10","","80,00","","31,00","","6,00","","24,10","","101,46","","","","-29,00","","Cristaux de glace"
"1971-11-25 01:00","1971","11","25","01:00"," ","-23,90","","-26,10","","79,00","","32,00","","21,00","","16,10","","101,52","","","","-36,00","","Neige"
"1971-11-25 02:00","1971","11","25","02:00"," ","-22,20","","-24,40","","81,00","","31,00","","24,00","","16,10","","101,61","","","","-34,00","","Neige"
"1971-11-25 03:00","1971","11","25","03:00"," ","-20,00","","-22,20","","82,00","","32,00","","34,00","","16,10","","101,65","","","","-33,00","","Neige"
"1971-11-25 04:00","1971","11","25","04:00"," ","-18,90","","-21,10","","83,00","","33,00","","31,00","","16,10","","101,76","","","","-31,00","","Neige"
"1971-11-25 05:00","1971","11","25","05:00"," ","-18,30","","-20,60","","84,00","","30,00","","29,00","","16,10","","101,86","","","","-30,00","","Neige"
"1971-11-25 06:00","1971","11","25","06:00"," ","-18,30","","-20,60","","81,00","","31,00","","31,00","","16,10","","101,95","","","","-31,00","","Neige"
"1971-11-25 07:00","1971","11","25","07:00"," ","-18,30","","-21,10","","81,00","","31,00","","29,00","","16,10","","102,00","","","","-30,00","","Neige"
"1971-11-25 08:00","1971","11","25","08:00"," ","-18,90","","-21,70","","78,00","","30,00","","26,00","","16,10","","102,09","","","","-30,00","","Neige"
"1971-11-25 09:00","1971","11","25","09:00"," ","-18,90","","-21,70","","80,00","","29,00","","24,00","","6,40","","102,17","","","","-30,00","","Neige"
"1971-11-25 10:00","1971","11","25","10:00"," ","-19,40","","-22,20","","77,00","","30,00","","21,00","","4,80","","102,24","","","","-30,00","","Neige"
"1971-11-25 11:00","1971","11","25","11:00"," ","-19,40","","-23,30","","71,00","","31,00","","23,00","","8,00","","102,32","","","","-30,00","","Neige"
"1971-11-25 12:00","1971","11","25","12:00"," ","-20,00","","-23,30","","74,00","","31,00","","24,00","","8,00","","102,39","","","","-31,00","","Cristaux de glace"
"1971-11-25 13:00","1971","11","25","13:00"," ","-20,00","","-23,90","","70,00","","30,00","","23,00","","8,00","","102,45","","","","-31,00","","Cristaux de glace"
"1971-11-25 14:00","1971","11","25","14:00"," ","-20,60","","-23,30","","79,00","","30,00","","18,00","","16,10","","102,50","","","","-31,00","","Cristaux de glace"
"1971-11-25 15:00","1971","11","25","15:00"," ","-21,10","","-23,30","","78,00","","32,00","","19,00","","24,10","","102,53","","","","-32,00","","Cristaux de glace"
"1971-11-25 16:00","1971","11","25","16:00"," ","-21,10","","-24,40","","72,00","","34,00","","5,00","","24,10","","102,54","","","","-26,00","","Cristaux de glace"
"1971-11-25 17:00","1971","11","25","17:00"," ","-21,10","","-24,40","","75,00","","35,00","","8,00","","16,10","","102,57","","","","-28,00","","Cristaux de glace"
"1971-11-25 18:00","1971","11","25","18:00"," ","-21,10","","-24,40","","75,00","","0,00","","0,00","","16,10","","102,58","","","","","","Cristaux de glace"
"1971-11-25 19:00","1971","11","25","19:00"," ","-21,70","","-25,00","","74,00","","34,00","","8,00","","16,10","","102,57","","","","-28,00","","Neige"
"1971-11-25 20:00","1971","11","25","20:00"," ","-21,10","","-25,00","","72,00","","34,00","","10,00","","16,10","","102,56","","","","-29,00","","Neige"
"1971-11-25 21:00","1971","11","25","21:00"," ","-21,10","","-24,40","","75,00","","0,00","","0,00","","16,10","","102,54","","","","","","Neige"
"1971-11-25 22:00","1971","11","25","22:00"," ","-21,10","","-24,40","","75,00","","0,00","","0,00","","16,10","","102,53","","","","","","Neige"
"1971-11-25 23:00","1971","11","25","23:00"," ","-21,10","","-24,40","","75,00","","0,00","","0,00","","16,10","","102,51","","","","","","Neige"
"1971-11-26 00:00","1971","11","26","00:00"," ","-21,10","","-23,90","","78,00","","0,00","","0,00","","16,10","","102,47","","","","","","Neige"
"1971-11-26 01:00","1971","11","26","01:00"," ","-20,60","","-23,30","","79,00","","0,00","","0,00","","16,10","","102,47","","","","","","Neige"
"1971-11-26 02:00","1971","11","26","02:00"," ","-21,70","","-23,90","","81,00","","0,00","","0,00","","32,20","","102,43","","","","","","Neige"
"1971-11-26 03:00","1971","11","26","03:00"," ","-21,70","","-25,00","","74,00","","29,00","","6,00","","32,20","","102,38","","","","-27,00","","Neige"
"1971-11-26 04:00","1971","11","26","04:00"," ","-22,80","","-25,60","","80,00","","34,00","","8,00","","32,20","","102,32","","","","-30,00","","Neige"
"1971-11-26 05:00","1971","11","26","05:00"," ","-23,30","","-25,60","","80,00","","0,00","","0,00","","16,10","","102,25","","","","","","Neige"
"1971-11-26 06:00","1971","11","26","06:00"," ","-23,30","","-25,60","","83,00","","0,00","","0,00","","16,10","","102,19","","","","","","Neige"
"1971-11-26 07:00","1971","11","26","07:00"," ","-22,80","","-25,60","","76,00","","0,00","","0,00","","9,70","","102,12","","","","","","Neige"
"1971-11-26 08:00","1971","11","26","08:00"," ","-22,20","","-24,40","","84,00","","0,00","","0,00","","6,40","","102,05","","","","","","Neige"
"1971-11-26 09:00","1971","11","26","09:00"," ","-22,20","","-25,00","","80,00","","0,00","","0,00","","16,10","","101,95","","","","","","Neige"
"1971-11-26 10:00","1971","11","26","10:00"," ","-22,20","","-25,60","","77,00","","28,00","","3,00","","8,00","","101,89","","","","-25,00","","Neige"
"1971-11-26 11:00","1971","11","26","11:00"," ","-22,80","","-25,00","","80,00","","29,00","","5,00","","4,80","","101,83","","","","-27,00","","Neige"
"1971-11-26 12:00","1971","11","26","12:00"," ","-22,80","","-25,00","","80,00","","30,00","","6,00","","4,80","","101,76","","","","-28,00","","Neige"
"1971-11-26 13:00","1971","11","26","13:00"," ","-23,30","","-26,10","","80,00","","30,00","","8,00","","4,80","","101,72","","","","-30,00","","Neige"
"1971-11-26 14:00","1971","11","26","14:00"," ","-23,90","","-26,70","","79,00","","31,00","","11,00","","12,90","","101,69","","","","-32,00","","Cristaux de glace"
"1971-11-26 15:00","1971","11","26","15:00"," ","-25,00","","-27,80","","78,00","","31,00","","16,00","","24,10","","101,66","","","","-36,00","","Cristaux de glace"
"1971-11-26 16:00","1971","11","26","16:00"," ","-26,70","","-28,30","","82,00","","31,00","","14,00","","24,10","","101,60","","","","-37,00","","Cristaux de glace"
"1971-11-26 17:00","1971","11","26","17:00"," ","-27,20","","-29,40","","82,00","","31,00","","11,00","","24,10","","101,55","","","","-36,00","","Cristaux de glace"
"1971-11-26 18:00","1971","11","26","18:00"," ","-27,80","","-30,60","","76,00","","31,00","","11,00","","24,10","","101,48","","","","-37,00","","Cristaux de glace"
"1971-11-26 19:00","1971","11","26","19:00"," ","-27,80","","-31,10","","76,00","","31,00","","6,00","","24,10","","101,45","","","","-34,00","","Cristaux de glace"
"1971-11-26 20:00","1971","11","26","20:00"," ","-27,20","","-28,90","","87,00","","36,00","","5,00","","16,10","","101,42","","","","-32,00","","Cristaux de glace"
"1971-11-26 21:00","1971","11","26","21:00"," ","-26,70","","-29,40","","77,00","","0,00","","0,00","","12,90","","101,33","","","","","","Neige"
"1971-11-26 22:00","1971","11","26","22:00"," ","-26,10","","-28,30","","82,00","","0,00","","0,00","","12,90","","101,28","","","","","","Neige"
"1971-11-26 23:00","1971","11","26","23:00"," ","-26,10","","-28,30","","82,00","","0,00","","0,00","","8,00","","101,21","","","","","","Neige"
"1971-11-27 00:00","1971","11","27","00:00"," ","-25,60","","-28,30","","78,00","","34,00","","8,00","","8,00","","101,18","","","","-33,00","","Neige"
"1971-11-27 01:00","1971","11","27","01:00"," ","-25,60","","-28,30","","78,00","","32,00","","13,00","","8,00","","101,17","","","","-35,00","","Neige"
"1971-11-27 02:00","1971","11","27","02:00"," ","-25,00","","-28,30","","74,00","","30,00","","14,00","","6,40","","101,07","","","","-35,00","","Neige"
"1971-11-27 03:00","1971","11","27","03:00"," ","-25,00","","-27,20","","83,00","","32,00","","8,00","","6,40","","101,03","","","","-32,00","","Neige"
"1971-11-27 04:00","1971","11","27","04:00"," ","-25,00","","-27,80","","78,00","","31,00","","10,00","","6,40","","100,99","","","","-33,00","","Neige"
"1971-11-27 05:00","1971","11","27","05:00"," ","-25,00","","-27,80","","78,00","","32,00","","10,00","","9,70","","100,95","","","","-33,00","","Neige"
"1971-11-27 06:00","1971","11","27","06:00"," ","-25,00","","-27,20","","78,00","","30,00","","11,00","","9,70","","100,90","","","","-34,00","","Neige"
"1971-11-27 07:00","1971","11","27","07:00"," ","-25,00","","-27,80","","78,00","","32,00","","8,00","","4,80","","100,88","","","","-32,00","","Neige"
"1971-11-27 08:00","1971","11","27","08:00"," ","-25,00","","-27,80","","78,00","","30,00","","11,00","","4,80","","100,85","","","","-34,00","","Neige"
"1971-11-27 09:00","1971","11","27","09:00"," ","-25,00","","-27,80","","78,00","","30,00","","13,00","","3,20","","100,82","","","","-34,00","","Neige"
"1971-11-27 10:00","1971","11","27","10:00"," ","-25,00","","-27,80","","78,00","","32,00","","10,00","","6,40","","100,80","","","","-33,00","","Neige"
"1971-11-27 11:00","1971","11","27","11:00"," ","-25,60","","-29,40","","69,00","","30,00","","5,00","","24,10","","100,80","","","","-31,00","","Neige"
"1971-11-27 12:00","1971","11","27","12:00"," ","-25,60","","-29,40","","69,00","","31,00","","5,00","","24,10","","100,79","","","","-31,00","","Cristaux de glace"
"1971-11-27 13:00","1971","11","27","13:00"," ","-25,60","","-29,40","","69,00","","31,00","","8,00","","24,10","","100,75","","","","-33,00","","Cristaux de glace"
"1971-11-27 14:00","1971","11","27","14:00"," ","-25,60","","-29,40","","69,00","","30,00","","10,00","","24,10","","100,73","","","","-34,00","","Cristaux de glace"
"1971-11-27 15:00","1971","11","27","15:00"," ","-25,60","","-29,40","","69,00","","31,00","","10,00","","24,10","","100,73","","","","-34,00","","Cristaux de glace"
"1971-11-27 16:00","1971","11","27","16:00"," ","-26,10","","-29,40","","73,00","","0,00","","0,00","","24,10","","100,73","","","","","","Cristaux de glace"
"1971-11-27 17:00","1971","11","27","17:00"," ","-26,10","","-28,90","","77,00","","33,00","","8,00","","24,10","","100,70","","","","-33,00","","Cristaux de glace"
"1971-11-27 18:00","1971","11","27","18:00"," ","-26,10","","-28,90","","77,00","","35,00","","5,00","","24,10","","100,67","","","","-31,00","","Cristaux de glace"
"1971-11-27 19:00","1971","11","27","19:00"," ","-26,10","","-28,90","","77,00","","2,00","","5,00","","32,20","","100,68","","","","-31,00","","Cristaux de glace"
"1971-11-27 20:00","1971","11","27","20:00"," ","-26,10","","-28,90","","78,00","","35,00","","8,00","","32,20","","100,66","","","","-33,00","","Cristaux de glace"
"1971-11-27 21:00","1971","11","27","21:00"," ","-25,60","","-28,30","","78,00","","2,00","","6,00","","16,10","","100,65","","","","-31,00","","Neige"
"1971-11-27 22:00","1971","11","27","22:00"," ","-26,10","","-28,90","","78,00","","0,00","","0,00","","16,10","","100,62","","","","","","Neige"
"1971-11-27 23:00","1971","11","27","23:00"," ","-25,00","","-27,20","","78,00","","1,00","","5,00","","6,40","","100,57","","","","-30,00","","Neige"
"1971-11-28 00:00","1971","11","28","00:00"," ","-25,00","","-28,30","","74,00","","2,00","","6,00","","9,70","","100,58","","","","-31,00","","Neige"
"1971-11-28 01:00","1971","11","28","01:00"," ","-23,30","","-26,10","","79,00","","0,00","","0,00","","6,40","","100,58","","","","","","Neige"
"1971-11-28 02:00","1971","11","28","02:00"," ","-23,30","","-27,20","","72,00","","0,00","","0,00","","6,40","","100,58","","","","","","Neige"
"1971-11-28 03:00","1971","11","28","03:00"," ","-23,90","","-27,20","","72,00","","29,00","","11,00","","16,10","","100,55","","","","-32,00","","Cristaux de glace"
"1971-11-28 04:00","1971","11","28","04:00"," ","-23,30","","-26,70","","76,00","","2,00","","6,00","","16,10","","100,53","","","","-29,00","","Cristaux de glace"
"1971-11-28 05:00","1971","11","28","05:00"," ","-22,80","","-26,70","","73,00","","29,00","","11,00","","24,10","","100,54","","","","-31,00","","Neige"
"1971-11-28 06:00","1971","11","28","06:00"," ","-22,20","","-26,10","","70,00","","31,00","","14,00","","16,10","","100,50","","","","-31,00","","Neige"
"1971-11-28 07:00","1971","11","28","07:00"," ","-22,20","","-26,10","","70,00","","32,00","","21,00","","16,10","","100,46","","","","-34,00","","Neige"
"1971-11-28 08:00","1971","11","28","08:00"," ","-22,20","","-25,00","","77,00","","28,00","","19,00","","4,80","","100,43","","","","-33,00","","Neige"
"1971-11-28 09:00","1971","11","28","09:00"," ","-22,20","","-26,10","","70,00","","32,00","","19,00","","8,00","","100,42","","","","-33,00","","Neige"
"1971-11-28 10:00","1971","11","28","10:00"," ","-22,20","","-25,60","","73,00","","32,00","","14,00","","6,40","","100,43","","","","-31,00","","Neige"
"1971-11-28 11:00","1971","11","28","11:00"," ","-22,20","","-25,60","","74,00","","33,00","","10,00","","4,80","","100,44","","","","-30,00","","Neige"
"1971-11-28 12:00","1971","11","28","12:00"," ","-22,20","","-25,60","","73,00","","30,00","","10,00","","3,20","","100,44","","","","-30,00","","Neige"
"1971-11-28 13:00","1971","11","28","13:00"," ","-22,80","","-26,70","","69,00","","31,00","","11,00","","9,70","","100,42","","","","-31,00","","Neige"
"1971-11-28 14:00","1971","11","28","14:00"," ","-22,80","","-25,00","","80,00","","29,00","","13,00","","4,80","","100,41","","","","-32,00","","Neige"
"1971-11-28 15:00","1971","11","28","15:00"," ","-22,80","","-25,00","","80,00","","34,00","","5,00","","3,20","","100,40","","","","-27,00","","Neige,Brouillard"
"1971-11-28 16:00","1971","11","28","16:00"," ","-22,80","","-25,60","","80,00","","34,00","","5,00","","3,20","","100,40","","","","-27,00","","Neige,Brouillard"
"1971-11-28 17:00","1971","11","28","17:00"," ","-22,80","","-25,00","","80,00","","32,00","","6,00","","3,20","","100,40","","","","-28,00","","Neige,Brouillard"
"1971-11-28 18:00","1971","11","28","18:00"," ","-23,90","","-26,70","","79,00","","30,00","","8,00","","16,10","","100,38","","","","-31,00","","Neige"
"1971-11-28 19:00","1971","11","28","19:00"," ","-26,10","","-29,40","","73,00","","33,00","","6,00","","32,20","","100,38","","","","-32,00","","Généralement dégagé"
"1971-11-28 20:00","1971","11","28","20:00"," ","-26,70","","-28,90","","82,00","","35,00","","6,00","","32,20","","100,40","","","","-33,00","","Généralement nuageux"
"1971-11-28 21:00","1971","11","28","21:00"," ","-25,60","","-28,30","","78,00","","0,00","","0,00","","32,20","","100,38","","","","","","Nuageux"
"1971-11-28 22:00","1971","11","28","22:00"," ","-26,70","","-29,40","","77,00","","0,00","","0,00","","32,20","","100,37","","","","","","Généralement nuageux"
"1971-11-28 23:00","1971","11","28","23:00"," ","-28,90","","-31,70","","76,00","","36,00","","5,00","","32,20","","100,37","","","","-34,00","","Généralement dégagé"
"1971-11-29 00:00","1971","11","29","00:00"," ","-29,40","","-32,20","","75,00","","0,00","","0,00","","32,20","","100,37","","","","","","Généralement dégagé"
"1971-11-29 01:00","1971","11","29","01:00"," ","-29,40","","-34,40","","63,00","","0,00","","0,00","","32,20","","100,39","","","","","","Généralement nuageux"
"1971-11-29 02:00","1971","11","29","02:00"," ","-29,40","","-32,80","","75,00","","0,00","","0,00","","32,20","","100,37","","","","","","Généralement nuageux"
"1971-11-29 03:00","1971","11","29","03:00"," ","-30,00","","-32,80","","75,00","","0,00","","0,00","","32,20","","100,37","","","","","","Généralement nuageux"
"1971-11-29 04:00","1971","11","29","04:00"," ","-30,00","","-32,80","","75,00","","0,00","","0,00","","32,20","","100,35","","","","","","Généralement nuageux"
"1971-11-29 05:00","1971","11","29","05:00"," ","-27,20","","-31,10","","71,00","","20,00","","6,00","","32,20","","100,35","","","","-33,00","","Neige"
"1971-11-29 06:00","1971","11","29","06:00"," ","-27,80","","-30,60","","76,00","","18,00","","6,00","","16,10","","100,35","","","","-34,00","","Cristaux de glace"
"1971-11-29 07:00","1971","11","29","07:00"," ","-28,90","","-32,80","","69,00","","19,00","","8,00","","16,10","","100,30","","","","-37,00","","Cristaux de glace"
"1971-11-29 08:00","1971","11","29","08:00"," ","-29,40","","-32,20","","75,00","","14,00","","6,00","","24,10","","100,30","","","","-36,00","","Cristaux de glace"
"1971-11-29 09:00","1971","11","29","09:00"," ","-29,40","","-34,40","","62,00","","0,00","","0,00","","24,10","","100,32","","","","","","Cristaux de glace"
"1971-11-29 10:00","1971","11","29","10:00"," ","-29,40","","-34,40","","62,00","","0,00","","0,00","","16,10","","100,33","","","","","","Cristaux de glace"
"1971-11-29 11:00","1971","11","29","11:00"," ","-28,90","","-34,40","","58,00","","0,00","","0,00","","16,10","","100,36","","","","","","Nuageux"
"1971-11-29 12:00","1971","11","29","12:00"," ","-28,30","","-33,90","","59,00","","0,00","","0,00","","8,00","","100,37","","","","","","Neige"
"1971-11-29 13:00","1971","11","29","13:00"," ","-28,30","","-33,90","","59,00","","0,00","","0,00","","9,70","","100,37","","","","","","Cristaux de glace"
"1971-11-29 14:00","1971","11","29","14:00"," ","-28,30","","-33,90","","59,00","","0,00","","0,00","","16,10","","100,42","","","","","","Généralement nuageux"
"1971-11-29 15:00","1971","11","29","15:00"," ","-28,30","","-33,90","","59,00","","0,00","","0,00","","6,40","","100,44","","","","","","Neige"
"1971-11-29 16:00","1971","11","29","16:00"," ","-27,80","","-33,90","","55,00","","0,00","","0,00","","8,00","","100,45","","","","","","Cristaux de glace"
"1971-11-29 17:00","1971","11","29","17:00"," ","-28,30","","-33,90","","59,00","","0,00","","0,00","","48,30","","100,48","","","","","","Cristaux de glace"
"1971-11-29 18:00","1971","11","29","18:00"," ","-28,90","","-32,20","","75,00","","0,00","","0,00","","32,20","","100,44","","","","","","Cristaux de glace"
"1971-11-29 19:00","1971","11","29","19:00"," ","-31,10","","-33,90","","74,00","","6,00","","10,00","","32,20","","100,45","","","","-40,00","","Cristaux de glace"
"1971-11-29 20:00","1971","11","29","20:00"," ","-30,00","","-33,30","","74,00","","16,00","","5,00","","32,20","","100,48","","","","-36,00","","Cristaux de glace"
"1971-11-29 21:00","1971","11","29","21:00"," ","-30,60","","-33,30","","74,00","","0,00","","0,00","","32,20","","100,50","","","","","","Généralement dégagé"
"1971-11-29 22:00","1971","11","29","22:00"," ","-30,60","","-33,90","","74,00","","0,00","","0,00","","32,20","","100,52","","","","","","Généralement dégagé"
"1971-11-29 23:00","1971","11","29","23:00"," ","-32,20","","-35,60","","73,00","","0,00","","0,00","","32,20","","100,52","","","","","","Généralement dégagé"
"1971-11-30 00:00","1971","11","30","00:00"," ","-32,80","","-36,10","","72,00","","0,00","","0,00","","32,20","","100,50","","","","","","Généralement dégagé"
"1971-11-30 01:00","1971","11","30","01:00"," ","-33,30","","-38,90","","55,00","","0,00","","0,00","","32,20","","100,57","","","","","","Généralement dégagé"
"1971-11-30 02:00","1971","11","30","02:00"," ","-32,80","","-36,10","","73,00","","0,00","","0,00","","32,20","","100,56","","","","","","Généralement dégagé"
"1971-11-30 03:00","1971","11","30","03:00"," ","-32,80","","-36,10","","73,00","","0,00","","0,00","","32,20","","100,60","","","","","","Généralement dégagé"
"1971-11-30 04:00","1971","11","30","04:00"," ","-34,40","","-37,20","","72,00","","9,00","","5,00","","32,20","","100,61","","","","-41,00","","Généralement dégagé"
"1971-11-30 05:00","1971","11","30","05:00"," ","-34,40","","-37,80","","72,00","","0,00","","0,00","","32,20","","100,59","","","","","","Généralement dégagé"
"1971-11-30 06:00","1971","11","30","06:00"," ","-33,30","","-36,70","","72,00","","0,00","","0,00","","32,20","","100,68","","","","","","Généralement nuageux"
"1971-11-30 07:00","1971","11","30","07:00"," ","-31,10","","-34,40","","74,00","","0,00","","0,00","","32,20","","100,69","","","","","","Généralement nuageux"
"1971-11-30 08:00","1971","11","30","08:00"," ","-31,10","","-34,40","","74,00","","0,00","","0,00","","32,20","","100,70","","","","","","Généralement nuageux"
"1971-11-30 09:00","1971","11","30","09:00"," ","-29,40","","-36,10","","51,00","","0,00","","0,00","","16,10","","100,75","","","","","","Neige"
"1971-11-30 10:00","1971","11","30","10:00"," ","-29,40","","-36,70","","49,00","","0,00","","0,00","","32,20","","100,76","","","","","","Généralement nuageux"
"1971-11-30 11:00","1971","11","30","11:00"," ","-30,00","","-36,10","","55,00","","0,00","","0,00","","32,20","","100,81","","","","","","Généralement nuageux"
"1971-11-30 12:00","1971","11","30","12:00"," ","-30,00","","-36,70","","54,00","","0,00","","0,00","","32,20","","100,86","","","","","","Généralement nuageux"
"1971-11-30 13:00","1971","11","30","13:00"," ","-30,00","","-37,80","","48,00","","0,00","","0,00","","32,20","","100,90","","","","","","Nuageux"
"1971-11-30 14:00","1971","11","30","14:00"," ","-28,90","","-36,10","","51,00","","0,00","","0,00","","32,20","","100,90","","","","","","Généralement nuageux"
"1971-11-30 15:00","1971","11","30","15:00"," ","-28,30","","-36,70","","47,00","","0,00","","0,00","","32,20","","100,94","","","","","","Nuageux"
"1971-11-30 16:00","1971","11","30","16:00"," ","-28,30","","-35,00","","53,00","","0,00","","0,00","","32,20","","100,96","","","","","","Nuageux"
"1971-11-30 17:00","1971","11","30","17:00"," ","-28,30","","-35,00","","53,00","","0,00","","0,00","","24,10","","101,00","","","","","","Nuageux"
"1971-11-30 18:00","1971","11","30","18:00"," ","-27,80","","-35,60","","48,00","","0,00","","0,00","","24,10","","101,03","","","","","","Nuageux"
"1971-11-30 19:00","1971","11","30","19:00"," ","-27,80","","-31,70","","71,00","","0,00","","0,00","","32,20","","101,07","","","","","","Généralement nuageux"
"1971-11-30 20:00","1971","11","30","20:00"," ","-28,90","","-33,30","","64,00","","0,00","","0,00","","32,20","","101,09","","","","","","Généralement nuageux"
"1971-11-30 21:00","1971","11","30","21:00"," ","-28,30","","-32,20","","70,00","","0,00","","0,00","","32,20","","101,12","","","","","","Cristaux de glace"
"1971-11-30 22:00","1971","11","30","22:00"," ","-28,90","","-32,20","","70,00","","0,00","","0,00","","24,10","","101,14","","","","","","Cristaux de glace"
"1971-11-30 23:00","1971","11","30","23:00"," ","-28,30","","-31,10","","76,00","","0,00","","0,00","","32,20","","101,20","","","","","","Cristaux de glace"
