"Nom de la Station","WILLIAMS LAKE A"
"Province","BRITISH COLUMBIA"
"Latitude","52,18"
"Longitude","-122,05"
"Altitude","939,70"
"Identification Climat","1098940"
"Identification OMM","71104"
"Identification TC","YWL"
"Toutes les heures sont exprimées en heure normale locale (HNL). Pour convertir l'heure locale en heure avancée de l'Est (HAE), ajoutez 1 heure s'il y a lieu."

"Légende"
"M","Données Manquantes"
"E","Valeur Estimée"
"ND","Non Disponible"
"**","Données fournies par un partenaire, non assujetties à un révision par les Archives climatiques nationales du Canada"

"Date/Heure","Année","Mois","Jour","Heure","Qualité des Données","Temp (°C)","Temp Indicateur","Point de rosée (°C)","Point de rosée Indicateur","Hum. rel (%)","Hum. rel. Indicateur","Dir. du vent (10s deg)","Dir. du vent Indicateur","Vit. du vent (km/h)","Vit. du vent Indicateur","Visibilité (km)","Visibilité Indicateur","Pression à la station (kPa)","Pression à la station Indicateur","Hmdx","Hmdx Indicateur","Refroid. éolien","Refroid. éolien Indicateur","Temps"
"1991-05-01 00:00","1991","05","01","00:00"," ","4,80","","-6,60","","43,00","","35,00","","13,00","","24,10","","91,16","","","","","","Dégagé"
"1991-05-01 01:00","1991","05","01","01:00"," ","2,10","","-5,80","","56,00","","34,00","","6,00","","24,10","","91,13","","","","","","Dégagé"
"1991-05-01 02:00","1991","05","01","02:00"," ","0,00","","-5,10","","68,00","","0,00","","0,00","","24,10","","91,13","","","","","","Dégagé"
"1991-05-01 03:00","1991","05","01","03:00"," ","0,00","","-5,30","","67,00","","0,00","","0,00","","24,10","","91,13","","","","","","Dégagé"
"1991-05-01 04:00","1991","05","01","04:00"," ","1,00","","-5,40","","62,00","","34,00","","9,00","","24,10","","91,13","","","","","","Dégagé"
"1991-05-01 05:00","1991","05","01","05:00"," ","0,80","","-5,20","","64,00","","34,00","","13,00","","24,10","","91,16","","","","","","Dégagé"
"1991-05-01 06:00","1991","05","01","06:00"," ","2,80","","-4,50","","59,00","","35,00","","15,00","","24,10","","91,16","","","","","","Dégagé"
"1991-05-01 07:00","1991","05","01","07:00"," ","4,80","","-4,20","","52,00","","34,00","","11,00","","24,10","","91,19","","","","","","Dégagé"
"1991-05-01 08:00","1991","05","01","08:00"," ","6,20","","-3,80","","49,00","","33,00","","15,00","","24,10","","91,19","","","","","","Dégagé"
"1991-05-01 09:00","1991","05","01","09:00"," ","8,70","","-4,60","","39,00","","34,00","","9,00","","24,10","","91,19","","","","","","Dégagé"
"1991-05-01 10:00","1991","05","01","10:00"," ","10,50","","-4,90","","33,00","","32,00","","7,00","","24,10","","91,13","","","","","","Dégagé"
"1991-05-01 11:00","1991","05","01","11:00"," ","11,50","","-5,60","","30,00","","34,00","","11,00","","24,10","","91,13","","","","","","Dégagé"
"1991-05-01 12:00","1991","05","01","12:00"," ","12,00","","-7,60","","25,00","","3,00","","9,00","","24,10","","91,09","","","","","","Généralement dégagé"
"1991-05-01 13:00","1991","05","01","13:00"," ","13,40","","-7,10","","23,00","","0,00","","0,00","","24,10","","91,09","","","","","","Généralement dégagé"
"1991-05-01 14:00","1991","05","01","14:00"," ","14,20","","-6,30","","24,00","","33,00","","15,00","","24,10","","91,03","","","","","","Généralement dégagé"
"1991-05-01 15:00","1991","05","01","15:00"," ","14,70","","-7,20","","21,00","","2,00","","22,00","","24,10","","91,00","","","","","","Généralement dégagé"
"1991-05-01 16:00","1991","05","01","16:00"," ","14,70","","-6,90","","22,00","","32,00","","9,00","","24,10","","90,97","","","","","","Généralement dégagé"
"1991-05-01 17:00","1991","05","01","17:00"," ","15,20","","-5,60","","23,00","","35,00","","15,00","","24,10","","90,91","","","","","","Dégagé"
"1991-05-01 18:00","1991","05","01","18:00"," ","14,90","","-6,30","","23,00","","35,00","","17,00","","24,10","","90,91","","","","","","Dégagé"
"1991-05-01 19:00","1991","05","01","19:00"," ","12,80","","-5,50","","27,00","","34,00","","13,00","","24,10","","90,97","","","","","","Dégagé"
"1991-05-01 20:00","1991","05","01","20:00"," ","10,70","","-5,60","","31,00","","6,00","","7,00","","24,10","","90,97","","","","","","Dégagé"
"1991-05-01 21:00","1991","05","01","21:00"," ","9,10","","-6,60","","32,00","","1,00","","4,00","","24,10","","91,00","","","","","","Dégagé"
"1991-05-01 22:00","1991","05","01","22:00"," ","5,90","","-5,70","","43,00","","0,00","","0,00","","24,10","","91,03","","","","","","Dégagé"
"1991-05-01 23:00","1991","05","01","23:00"," ","3,00","","-4,10","","59,00","","0,00","","0,00","","24,10","","91,03","","","","","","Dégagé"
"1991-05-02 00:00","1991","05","02","00:00"," ","2,50","","-6,00","","53,00","","0,00","","0,00","","24,10","","91,03","","","","","","Dégagé"
"1991-05-02 01:00","1991","05","02","01:00"," ","0,80","","-5,70","","62,00","","0,00","","0,00","","24,10","","91,06","","","","","","Dégagé"
"1991-05-02 02:00","1991","05","02","02:00"," ","-0,30","","-5,40","","68,00","","0,00","","0,00","","24,10","","91,06","","","","","","Dégagé"
"1991-05-02 03:00","1991","05","02","03:00"," ","-0,50","","-5,20","","70,00","","0,00","","0,00","","24,10","","91,03","","","","","","Dégagé"
"1991-05-02 04:00","1991","05","02","04:00"," ","-0,70","","-5,50","","70,00","","0,00","","0,00","","24,10","","90,97","","","","","","Dégagé"
"1991-05-02 05:00","1991","05","02","05:00"," ","-1,80","","-5,00","","79,00","","0,00","","0,00","","24,10","","90,97","","","","","","Dégagé"
"1991-05-02 06:00","1991","05","02","06:00"," ","0,80","","-3,60","","72,00","","0,00","","0,00","","24,10","","91,03","","","","","","Dégagé"
"1991-05-02 07:00","1991","05","02","07:00"," ","4,30","","-4,60","","52,00","","16,00","","6,00","","24,10","","91,03","","","","","","Généralement dégagé"
"1991-05-02 08:00","1991","05","02","08:00"," ","7,40","","-4,40","","43,00","","18,00","","6,00","","24,10","","90,97","","","","","","Généralement dégagé"
"1991-05-02 09:00","1991","05","02","09:00"," ","9,70","","-4,60","","36,00","","0,00","","0,00","","24,10","","90,94","","","","","","Généralement dégagé"
"1991-05-02 10:00","1991","05","02","10:00"," ","11,60","","-4,20","","33,00","","0,00","","0,00","","24,10","","90,85","","","","","","Généralement nuageux"
"1991-05-02 11:00","1991","05","02","11:00"," ","13,90","","-4,10","","28,00","","14,00","","4,00","","24,10","","90,78","","","","","","Généralement dégagé"
"1991-05-02 12:00","1991","05","02","12:00"," ","14,40","","-2,80","","30,00","","27,00","","6,00","","24,10","","90,72","","","","","","Généralement dégagé"
"1991-05-02 13:00","1991","05","02","13:00"," ","14,90","","-4,90","","25,00","","0,00","","0,00","","24,10","","90,66","","","","","","Généralement nuageux"
"1991-05-02 14:00","1991","05","02","14:00"," ","16,30","","-6,30","","21,00","","29,00","","9,00","","24,10","","90,60","","","","","","Généralement nuageux"
"1991-05-02 15:00","1991","05","02","15:00"," ","16,10","","-7,80","","19,00","","28,00","","9,00","","24,10","","90,54","","","","","","Généralement nuageux"
"1991-05-02 16:00","1991","05","02","16:00"," ","17,20","","-5,40","","21,00","","32,00","","13,00","","24,10","","90,51","","","","","","Généralement nuageux"
"1991-05-02 17:00","1991","05","02","17:00"," ","16,80","","-5,70","","21,00","","32,00","","13,00","","24,10","","90,44","","","","","","Généralement dégagé"
"1991-05-02 18:00","1991","05","02","18:00"," ","16,70","","-4,10","","24,00","","1,00","","13,00","","24,10","","90,41","","","","","","Généralement dégagé"
"1991-05-02 19:00","1991","05","02","19:00"," ","14,00","","-4,80","","27,00","","35,00","","7,00","","24,10","","90,41","","","","","","Généralement dégagé"
"1991-05-02 20:00","1991","05","02","20:00"," ","11,60","","-5,10","","31,00","","34,00","","9,00","","24,10","","90,44","","","","","","Généralement dégagé"
"1991-05-02 21:00","1991","05","02","21:00"," ","10,80","","-4,20","","35,00","","34,00","","9,00","","24,10","","90,44","","","","","","Généralement dégagé"
"1991-05-02 22:00","1991","05","02","22:00"," ","9,80","","-3,70","","38,00","","34,00","","9,00","","24,10","","90,48","","","","","","Généralement dégagé"
"1991-05-02 23:00","1991","05","02","23:00"," ","9,10","","-4,00","","39,00","","34,00","","13,00","","24,10","","90,51","","","","","","Généralement dégagé"
"1991-05-03 00:00","1991","05","03","00:00"," ","7,30","","-4,20","","44,00","","34,00","","15,00","","24,10","","90,51","","","","","","Dégagé"
"1991-05-03 01:00","1991","05","03","01:00"," ","6,50","","-3,80","","48,00","","34,00","","17,00","","24,10","","90,51","","","","","","Dégagé"
"1991-05-03 02:00","1991","05","03","02:00"," ","6,70","","-4,00","","46,00","","34,00","","13,00","","24,10","","90,51","","","","","","Généralement dégagé"
"1991-05-03 03:00","1991","05","03","03:00"," ","5,00","","-3,50","","54,00","","33,00","","17,00","","24,10","","90,51","","","","","","Généralement dégagé"
"1991-05-03 04:00","1991","05","03","04:00"," ","6,40","","-2,40","","53,00","","36,00","","15,00","","24,10","","90,57","","","","","","Généralement dégagé"
"1991-05-03 05:00","1991","05","03","05:00"," ","5,70","","-1,70","","59,00","","32,00","","6,00","","24,10","","90,57","","","","","","Généralement dégagé"
"1991-05-03 06:00","1991","05","03","06:00"," ","5,70","","-1,10","","61,00","","33,00","","7,00","","24,10","","90,63","","","","","","Généralement dégagé"
"1991-05-03 07:00","1991","05","03","07:00"," ","6,60","","-0,20","","62,00","","32,00","","6,00","","24,10","","90,69","","","","","","Généralement nuageux"
"1991-05-03 08:00","1991","05","03","08:00"," ","8,30","","0,30","","57,00","","35,00","","15,00","","24,10","","90,69","","","","","","Généralement dégagé"
"1991-05-03 09:00","1991","05","03","09:00"," ","10,20","","0,40","","50,00","","33,00","","19,00","","24,10","","90,66","","","","","","Généralement dégagé"
"1991-05-03 10:00","1991","05","03","10:00"," ","11,20","","1,00","","49,00","","27,00","","11,00","","24,10","","90,66","","","","","","Généralement dégagé"
"1991-05-03 11:00","1991","05","03","11:00"," ","12,30","","0,40","","44,00","","27,00","","15,00","","24,10","","90,66","","","","","","Généralement dégagé"
"1991-05-03 12:00","1991","05","03","12:00"," ","14,00","","-0,30","","37,00","","0,00","","0,00","","24,10","","90,63","","","","","","Généralement dégagé"
"1991-05-03 13:00","1991","05","03","13:00"," ","14,30","","-1,50","","34,00","","21,00","","13,00","","24,10","","90,60","","","","","","Généralement dégagé"
"1991-05-03 14:00","1991","05","03","14:00"," ","13,50","","-1,00","","37,00","","36,00","","11,00","","24,10","","90,63","","","","","","Généralement nuageux"
"1991-05-03 15:00","1991","05","03","15:00"," ","14,30","","-1,40","","34,00","","0,00","","0,00","","24,10","","90,57","","","","","","Généralement dégagé"
"1991-05-03 16:00","1991","05","03","16:00"," ","14,90","","-2,80","","29,00","","13,00","","9,00","","24,10","","90,57","","","","","","Généralement dégagé"
"1991-05-03 17:00","1991","05","03","17:00"," ","14,30","","-3,30","","29,00","","0,00","","0,00","","24,10","","90,57","","","","","","Généralement dégagé"
"1991-05-03 18:00","1991","05","03","18:00"," ","12,10","","0,30","","44,00","","33,00","","13,00","","24,10","","90,57","","","","","","Généralement dégagé"
"1991-05-03 19:00","1991","05","03","19:00"," ","11,30","","0,80","","48,00","","33,00","","15,00","","24,10","","90,57","","","","","","Généralement nuageux"
"1991-05-03 20:00","1991","05","03","20:00"," ","10,30","","0,80","","52,00","","2,00","","6,00","","24,10","","90,60","","","","","","Généralement nuageux"
"1991-05-03 21:00","1991","05","03","21:00"," ","9,40","","0,90","","55,00","","0,00","","0,00","","24,10","","90,63","","","","","","Généralement dégagé"
"1991-05-03 22:00","1991","05","03","22:00"," ","8,60","","1,40","","60,00","","13,00","","4,00","","24,10","","90,63","","","","","","Généralement dégagé"
"1991-05-03 23:00","1991","05","03","23:00"," ","7,20","","0,90","","64,00","","14,00","","4,00","","24,10","","90,63","","","","","","Généralement dégagé"
"1991-05-04 00:00","1991","05","04","00:00"," ","7,30","","0,90","","64,00","","0,00","","0,00","","24,10","","90,66","","","","","","Généralement dégagé"
"1991-05-04 01:00","1991","05","04","01:00"," ","7,00","","1,50","","68,00","","11,00","","6,00","","24,10","","90,72","","","","","","Généralement dégagé"
"1991-05-04 02:00","1991","05","04","02:00"," ","6,50","","1,20","","69,00","","22,00","","6,00","","24,10","","90,75","","","","","","Généralement nuageux"
"1991-05-04 03:00","1991","05","04","03:00"," ","6,50","","1,90","","72,00","","8,00","","7,00","","24,10","","90,78","","","","","","Généralement nuageux"
"1991-05-04 04:00","1991","05","04","04:00"," ","5,50","","2,70","","82,00","","0,00","","0,00","","24,10","","90,75","","","","","","Généralement nuageux"
"1991-05-04 05:00","1991","05","04","05:00"," ","5,10","","1,50","","77,00","","0,00","","0,00","","24,10","","90,78","","","","","","Généralement dégagé"
"1991-05-04 06:00","1991","05","04","06:00"," ","6,80","","2,00","","72,00","","35,00","","6,00","","24,10","","90,78","","","","","","Généralement dégagé"
"1991-05-04 07:00","1991","05","04","07:00"," ","7,60","","1,50","","65,00","","33,00","","9,00","","24,10","","90,85","","","","","","Généralement nuageux"
"1991-05-04 08:00","1991","05","04","08:00"," ","8,80","","0,00","","54,00","","34,00","","11,00","","24,10","","90,85","","","","","","Généralement nuageux"
"1991-05-04 09:00","1991","05","04","09:00"," ","10,10","","0,30","","50,00","","33,00","","19,00","","24,10","","90,85","","","","","","Généralement dégagé"
"1991-05-04 10:00","1991","05","04","10:00"," ","11,00","","1,30","","51,00","","1,00","","11,00","","24,10","","90,88","","","","","","Généralement dégagé"
"1991-05-04 11:00","1991","05","04","11:00"," ","11,20","","-0,20","","45,00","","32,00","","11,00","","24,10","","90,88","","","","","","Généralement dégagé"
"1991-05-04 12:00","1991","05","04","12:00"," ","13,00","","-0,50","","39,00","","33,00","","9,00","","24,10","","90,85","","","","","","Généralement dégagé"
"1991-05-04 13:00","1991","05","04","13:00"," ","13,30","","0,10","","40,00","","36,00","","9,00","","24,10","","90,85","","","","","","Généralement nuageux"
"1991-05-04 14:00","1991","05","04","14:00"," ","9,40","","3,30","","66,00","","6,00","","22,00","","24,10","","90,88","","","","","","Averses de pluie"
"1991-05-04 15:00","1991","05","04","15:00"," ","11,20","","1,60","","52,00","","8,00","","15,00","","24,10","","90,91","","","","","","Généralement dégagé"
"1991-05-04 16:00","1991","05","04","16:00"," ","10,60","","0,30","","49,00","","36,00","","20,00","","24,10","","90,91","","","","","","Généralement nuageux"
"1991-05-04 17:00","1991","05","04","17:00"," ","11,70","","-1,40","","40,00","","35,00","","9,00","","24,10","","90,91","","","","","","Généralement dégagé"
"1991-05-04 18:00","1991","05","04","18:00"," ","12,20","","-1,30","","39,00","","29,00","","6,00","","24,10","","90,85","","","","","","Généralement dégagé"
"1991-05-04 19:00","1991","05","04","19:00"," ","11,70","","-2,60","","37,00","","4,00","","4,00","","24,10","","90,85","","","","","","Généralement dégagé"
"1991-05-04 20:00","1991","05","04","20:00"," ","7,30","","1,00","","64,00","","13,00","","6,00","","24,10","","90,88","","","","","","Généralement dégagé"
"1991-05-04 21:00","1991","05","04","21:00"," ","7,40","","0,40","","61,00","","13,00","","11,00","","24,10","","90,91","","","","","","Généralement dégagé"
"1991-05-04 22:00","1991","05","04","22:00"," ","6,50","","0,40","","65,00","","10,00","","6,00","","24,10","","90,91","","","","","","Généralement dégagé"
"1991-05-04 23:00","1991","05","04","23:00"," ","5,50","","0,50","","70,00","","12,00","","6,00","","24,10","","90,91","","","","","","Généralement dégagé"
"1991-05-05 00:00","1991","05","05","00:00"," ","3,70","","0,30","","78,00","","12,00","","7,00","","24,10","","90,91","","","","","","Généralement dégagé"
"1991-05-05 01:00","1991","05","05","01:00"," ","2,70","","0,00","","82,00","","13,00","","7,00","","24,10","","90,85","","","","","","Généralement dégagé"
"1991-05-05 02:00","1991","05","05","02:00"," ","1,90","","-0,60","","83,00","","12,00","","6,00","","24,10","","90,85","","","","","","Dégagé"
"1991-05-05 03:00","1991","05","05","03:00"," ","2,90","","0,90","","87,00","","0,00","","0,00","","24,10","","90,82","","","","","","Généralement dégagé"
"1991-05-05 04:00","1991","05","05","04:00"," ","2,90","","1,20","","89,00","","10,00","","9,00","","24,10","","90,75","","","","","","Généralement dégagé"
"1991-05-05 05:00","1991","05","05","05:00"," ","2,80","","1,30","","90,00","","11,00","","6,00","","24,10","","90,69","","","","","","Généralement nuageux"
"1991-05-05 06:00","1991","05","05","06:00"," ","4,80","","2,40","","84,00","","13,00","","9,00","","24,10","","90,66","","","","","","Généralement nuageux"
"1991-05-05 07:00","1991","05","05","07:00"," ","6,10","","2,90","","80,00","","12,00","","19,00","","24,10","","90,69","","","","","","Nuageux"
"1991-05-05 08:00","1991","05","05","08:00"," ","6,60","","2,80","","76,00","","14,00","","19,00","","24,10","","90,66","","","","","","Nuageux"
"1991-05-05 09:00","1991","05","05","09:00"," ","8,20","","3,00","","70,00","","13,00","","19,00","","24,10","","90,63","","","","","","Nuageux"
"1991-05-05 10:00","1991","05","05","10:00"," ","8,40","","2,60","","67,00","","14,00","","26,00","","24,10","","90,63","","","","","","Nuageux"
"1991-05-05 11:00","1991","05","05","11:00"," ","6,90","","4,60","","85,00","","14,00","","15,00","","12,90","","90,63","","","","","","Averses de pluie"
"1991-05-05 12:00","1991","05","05","12:00"," ","6,90","","5,40","","90,00","","13,00","","17,00","","16,10","","90,60","","","","","","Averses de pluie"
"1991-05-05 13:00","1991","05","05","13:00"," ","9,20","","4,00","","70,00","","14,00","","26,00","","24,10","","90,57","","","","","","Nuageux"
"1991-05-05 14:00","1991","05","05","14:00"," ","10,80","","3,50","","61,00","","10,00","","26,00","","24,10","","90,54","","","","","","Généralement nuageux"
"1991-05-05 15:00","1991","05","05","15:00"," ","11,80","","2,70","","54,00","","11,00","","24,00","","24,10","","90,44","","","","","","Généralement nuageux"
"1991-05-05 16:00","1991","05","05","16:00"," ","12,40","","1,90","","49,00","","12,00","","24,00","","24,10","","90,41","","","","","","Nuageux"
"1991-05-05 17:00","1991","05","05","17:00"," ","9,80","","3,80","","66,00","","14,00","","22,00","","24,10","","90,41","","","","","","Généralement nuageux"
"1991-05-05 18:00","1991","05","05","18:00"," ","9,80","","3,40","","64,00","","11,00","","22,00","","24,10","","90,41","","","","","","Généralement nuageux"
"1991-05-05 19:00","1991","05","05","19:00"," ","8,40","","4,20","","75,00","","13,00","","15,00","","24,10","","90,44","","","","","","Généralement nuageux"
"1991-05-05 20:00","1991","05","05","20:00"," ","7,00","","3,90","","81,00","","13,00","","13,00","","24,10","","90,48","","","","","","Généralement dégagé"
"1991-05-05 21:00","1991","05","05","21:00"," ","6,10","","3,30","","82,00","","14,00","","7,00","","24,10","","90,51","","","","","","Généralement dégagé"
"1991-05-05 22:00","1991","05","05","22:00"," ","6,00","","1,50","","73,00","","13,00","","6,00","","24,10","","90,57","","","","","","Généralement dégagé"
"1991-05-05 23:00","1991","05","05","23:00"," ","4,00","","0,40","","77,00","","11,00","","7,00","","24,10","","90,57","","","","","","Généralement dégagé"
"1991-05-06 00:00","1991","05","06","00:00"," ","3,60","","0,70","","81,00","","12,00","","13,00","","24,10","","90,57","","","","","","Dégagé"
"1991-05-06 01:00","1991","05","06","01:00"," ","4,60","","-0,30","","71,00","","13,00","","15,00","","24,10","","90,57","","","","","","Dégagé"
"1991-05-06 02:00","1991","05","06","02:00"," ","3,00","","-0,40","","78,00","","11,00","","13,00","","24,10","","90,57","","","","","","Dégagé"
"1991-05-06 03:00","1991","05","06","03:00"," ","3,70","","0,10","","77,00","","12,00","","7,00","","24,10","","90,54","","","","","","Dégagé"
"1991-05-06 04:00","1991","05","06","04:00"," ","3,20","","0,10","","80,00","","13,00","","9,00","","24,10","","90,44","","","","","","Généralement dégagé"
"1991-05-06 05:00","1991","05","06","05:00"," ","3,80","","0,60","","80,00","","14,00","","13,00","","24,10","","90,44","","","","","","Généralement nuageux"
"1991-05-06 06:00","1991","05","06","06:00"," ","5,40","","1,10","","74,00","","15,00","","22,00","","24,10","","90,44","","","","","","Généralement nuageux"
"1991-05-06 07:00","1991","05","06","07:00"," ","6,50","","1,60","","71,00","","13,00","","22,00","","24,10","","90,44","","","","","","Généralement nuageux"
"1991-05-06 08:00","1991","05","06","08:00"," ","7,10","","2,40","","72,00","","14,00","","19,00","","24,10","","90,44","","","","","","Généralement nuageux"
"1991-05-06 09:00","1991","05","06","09:00"," ","8,20","","2,30","","66,00","","13,00","","24,00","","24,10","","90,41","","","","","","Nuageux"
"1991-05-06 10:00","1991","05","06","10:00"," ","9,80","","2,90","","62,00","","12,00","","17,00","","24,10","","90,41","","","","","","Nuageux"
"1991-05-06 11:00","1991","05","06","11:00"," ","10,90","","1,80","","53,00","","19,00","","7,00","","24,10","","90,41","","","","","","Averses de pluie"
"1991-05-06 12:00","1991","05","06","12:00"," ","11,30","","-0,10","","45,00","","18,00","","15,00","","24,10","","90,41","","","","","","Nuageux"
"1991-05-06 13:00","1991","05","06","13:00"," ","11,80","","-0,60","","42,00","","17,00","","19,00","","24,10","","90,41","","","","","","Nuageux"
"1991-05-06 14:00","1991","05","06","14:00"," ","12,20","","-0,30","","42,00","","17,00","","15,00","","24,10","","90,38","","","","","","Nuageux"
"1991-05-06 15:00","1991","05","06","15:00"," ","12,00","","-1,30","","40,00","","22,00","","9,00","","24,10","","90,38","","","","","","Nuageux"
"1991-05-06 16:00","1991","05","06","16:00"," ","12,40","","-1,20","","39,00","","17,00","","13,00","","24,10","","90,35","","","","","","Nuageux"
"1991-05-06 17:00","1991","05","06","17:00"," ","12,80","","-0,80","","39,00","","13,00","","19,00","","24,10","","90,29","","","","","","Nuageux"
"1991-05-06 18:00","1991","05","06","18:00"," ","12,40","","-1,10","","39,00","","13,00","","9,00","","24,10","","90,29","","","","","","Généralement nuageux"
"1991-05-06 19:00","1991","05","06","19:00"," ","10,90","","0,10","","47,00","","15,00","","6,00","","24,10","","90,29","","","","","","Généralement nuageux"
"1991-05-06 20:00","1991","05","06","20:00"," ","10,20","","0,90","","52,00","","23,00","","4,00","","24,10","","90,32","","","","","","Généralement nuageux"
"1991-05-06 21:00","1991","05","06","21:00"," ","8,30","","3,80","","73,00","","7,00","","15,00","","24,10","","90,29","","","","","","Généralement nuageux"
"1991-05-06 22:00","1991","05","06","22:00"," ","5,40","","2,70","","83,00","","11,00","","7,00","","24,10","","90,35","","","","","","Généralement dégagé"
"1991-05-06 23:00","1991","05","06","23:00"," ","6,20","","3,00","","80,00","","12,00","","11,00","","24,10","","90,35","","","","","","Généralement dégagé"
"1991-05-07 00:00","1991","05","07","00:00"," ","5,30","","3,00","","85,00","","14,00","","9,00","","24,10","","90,32","","","","","","Généralement dégagé"
"1991-05-07 01:00","1991","05","07","01:00"," ","4,50","","2,70","","88,00","","15,00","","9,00","","24,10","","90,29","","","","","","Généralement dégagé"
"1991-05-07 02:00","1991","05","07","02:00"," ","4,30","","2,70","","90,00","","13,00","","11,00","","24,10","","90,29","","","","","","Généralement dégagé"
"1991-05-07 03:00","1991","05","07","03:00"," ","4,40","","2,80","","89,00","","15,00","","9,00","","24,10","","90,26","","","","","","Généralement nuageux"
"1991-05-07 04:00","1991","05","07","04:00"," ","4,00","","2,10","","87,00","","13,00","","7,00","","24,10","","90,23","","","","","","Généralement nuageux"
"1991-05-07 05:00","1991","05","07","05:00"," ","3,50","","2,10","","91,00","","14,00","","7,00","","24,10","","90,20","","","","","","Généralement nuageux"
"1991-05-07 06:00","1991","05","07","06:00"," ","5,30","","2,60","","83,00","","14,00","","17,00","","24,10","","90,10","","","","","","Généralement nuageux"
"1991-05-07 07:00","1991","05","07","07:00"," ","6,60","","2,60","","76,00","","13,00","","26,00","","24,10","","90,10","","","","","","Généralement nuageux"
"1991-05-07 08:00","1991","05","07","08:00"," ","7,50","","2,50","","71,00","","13,00","","26,00","","24,10","","90,07","","","","","","Nuageux"
"1991-05-07 09:00","1991","05","07","09:00"," ","7,70","","1,80","","66,00","","12,00","","24,00","","24,10","","90,01","","","","","","Nuageux"
"1991-05-07 10:00","1991","05","07","10:00"," ","9,10","","2,10","","62,00","","14,00","","15,00","","24,10","","89,98","","","","","","Nuageux"
"1991-05-07 11:00","1991","05","07","11:00"," ","11,00","","2,10","","54,00","","15,00","","22,00","","24,10","","89,89","","","","","","Nuageux"
"1991-05-07 12:00","1991","05","07","12:00"," ","11,30","","1,50","","51,00","","13,00","","28,00","","24,10","","89,83","","","","","","Averses de pluie"
"1991-05-07 13:00","1991","05","07","13:00"," ","11,00","","1,80","","53,00","","14,00","","26,00","","24,10","","89,76","","","","","","Généralement nuageux"
"1991-05-07 14:00","1991","05","07","14:00"," ","12,00","","1,00","","47,00","","12,00","","30,00","","24,10","","89,67","","","","","","Généralement nuageux"
"1991-05-07 15:00","1991","05","07","15:00"," ","11,70","","2,00","","51,00","","12,00","","31,00","","24,10","","89,64","","","","","","Généralement nuageux"
"1991-05-07 16:00","1991","05","07","16:00"," ","11,20","","2,20","","54,00","","14,00","","28,00","","24,10","","89,58","","","","","","Généralement nuageux"
"1991-05-07 17:00","1991","05","07","17:00"," ","11,00","","2,10","","54,00","","13,00","","26,00","","24,10","","89,55","","","","","","Généralement nuageux"
"1991-05-07 18:00","1991","05","07","18:00"," ","10,90","","1,80","","53,00","","13,00","","28,00","","24,10","","89,49","","","","","","Généralement nuageux"
"1991-05-07 19:00","1991","05","07","19:00"," ","10,60","","0,60","","50,00","","13,00","","26,00","","24,10","","89,49","","","","","","Généralement nuageux"
"1991-05-07 20:00","1991","05","07","20:00"," ","8,80","","1,80","","61,00","","11,00","","24,00","","24,10","","89,46","","","","","","Généralement nuageux"
"1991-05-07 21:00","1991","05","07","21:00"," ","8,00","","3,30","","72,00","","12,00","","26,00","","24,10","","89,46","","","","","","Généralement nuageux"
"1991-05-07 22:00","1991","05","07","22:00"," ","7,70","","3,30","","73,00","","13,00","","24,00","","24,10","","89,42","","","","","","Généralement nuageux"
"1991-05-07 23:00","1991","05","07","23:00"," ","7,20","","3,30","","76,00","","13,00","","19,00","","24,10","","89,42","","","","","","Généralement nuageux"
"1991-05-08 00:00","1991","05","08","00:00"," ","7,30","","3,00","","74,00","","13,00","","26,00","","24,10","","89,39","","","","","","Nuageux"
"1991-05-08 01:00","1991","05","08","01:00"," ","7,30","","3,20","","75,00","","12,00","","28,00","","24,10","","89,39","","","","","","Nuageux"
"1991-05-08 02:00","1991","05","08","02:00"," ","6,40","","4,20","","86,00","","13,00","","17,00","","16,10","","89,33","","","","","","Averses de pluie"
"1991-05-08 03:00","1991","05","08","03:00"," ","6,40","","4,00","","85,00","","14,00","","17,00","","24,10","","89,30","","","","","","Nuageux"
"1991-05-08 04:00","1991","05","08","04:00"," ","3,30","","2,30","","93,00","","21,00","","19,00","","12,90","","89,36","","","","","","Averses de pluie"
"1991-05-08 05:00","1991","05","08","05:00"," ","2,90","","2,50","","97,00","","9,00","","6,00","","24,10","","89,36","","","","","","Généralement nuageux"
"1991-05-08 06:00","1991","05","08","06:00"," ","3,60","","3,00","","96,00","","14,00","","9,00","","24,10","","89,42","","","","","","Généralement dégagé"
"1991-05-08 07:00","1991","05","08","07:00"," ","5,10","","2,90","","86,00","","16,00","","9,00","","24,10","","89,49","","","","","","Généralement nuageux"
"1991-05-08 08:00","1991","05","08","08:00"," ","6,20","","2,20","","76,00","","19,00","","7,00","","24,10","","89,52","","","","","","Généralement dégagé"
"1991-05-08 09:00","1991","05","08","09:00"," ","7,30","","-0,30","","59,00","","0,00","","0,00","","24,10","","89,55","","","","","","Généralement dégagé"
"1991-05-08 10:00","1991","05","08","10:00"," ","9,10","","0,20","","54,00","","15,00","","4,00","","24,10","","89,52","","","","","","Généralement nuageux"
"1991-05-08 11:00","1991","05","08","11:00"," ","10,50","","-1,10","","44,00","","19,00","","6,00","","24,10","","89,52","","","","","","Généralement nuageux"
"1991-05-08 12:00","1991","05","08","12:00"," ","9,80","","-1,20","","46,00","","30,00","","7,00","","24,10","","89,55","","","","","","Généralement nuageux"
"1991-05-08 13:00","1991","05","08","13:00"," ","10,90","","-2,80","","38,00","","36,00","","7,00","","24,10","","89,55","","","","","","Généralement nuageux"
"1991-05-08 14:00","1991","05","08","14:00"," ","10,20","","-1,50","","44,00","","0,00","","0,00","","24,10","","89,61","","","","","","Généralement nuageux"
"1991-05-08 15:00","1991","05","08","15:00"," ","10,20","","0,00","","49,00","","23,00","","11,00","","24,10","","89,61","","","","","","Généralement nuageux"
"1991-05-08 16:00","1991","05","08","16:00"," ","10,40","","1,40","","54,00","","32,00","","22,00","","24,10","","89,64","","","","","","Généralement nuageux"
"1991-05-08 17:00","1991","05","08","17:00"," ","11,80","","1,60","","50,00","","33,00","","15,00","","24,10","","89,67","","","","","","Généralement nuageux"
"1991-05-08 18:00","1991","05","08","18:00"," ","10,20","","-0,60","","47,00","","32,00","","17,00","","24,10","","89,73","","","","","","Généralement dégagé"
"1991-05-08 19:00","1991","05","08","19:00"," ","6,80","","1,90","","71,00","","32,00","","22,00","","24,10","","89,83","","","","","","Généralement nuageux"
"1991-05-08 20:00","1991","05","08","20:00"," ","6,30","","1,80","","73,00","","36,00","","9,00","","24,10","","89,86","","","","","","Généralement nuageux"
"1991-05-08 21:00","1991","05","08","21:00"," ","4,80","","1,60","","80,00","","28,00","","6,00","","24,10","","89,95","","","","","","Généralement nuageux"
"1991-05-08 22:00","1991","05","08","22:00"," ","4,70","","2,50","","85,00","","27,00","","6,00","","24,10","","89,98","","","","","","Généralement dégagé"
"1991-05-08 23:00","1991","05","08","23:00"," ","5,10","","2,50","","83,00","","28,00","","11,00","","24,10","","90,01","","","","","","Généralement nuageux"
"1991-05-09 00:00","1991","05","09","00:00"," ","5,30","","1,60","","77,00","","28,00","","15,00","","24,10","","90,01","","","","","","Généralement nuageux"
"1991-05-09 01:00","1991","05","09","01:00"," ","5,30","","1,10","","74,00","","29,00","","15,00","","24,10","","90,07","","","","","","Nuageux"
"1991-05-09 02:00","1991","05","09","02:00"," ","5,10","","0,20","","71,00","","28,00","","19,00","","24,10","","90,07","","","","","","Nuageux"
"1991-05-09 03:00","1991","05","09","03:00"," ","4,70","","0,20","","73,00","","28,00","","19,00","","24,10","","90,07","","","","","","Nuageux"
"1991-05-09 04:00","1991","05","09","04:00"," ","4,50","","-0,40","","70,00","","29,00","","22,00","","24,10","","90,10","","","","","","Nuageux"
"1991-05-09 05:00","1991","05","09","05:00"," ","4,10","","-0,50","","72,00","","28,00","","17,00","","24,10","","90,14","","","","","","Nuageux"
"1991-05-09 06:00","1991","05","09","06:00"," ","3,90","","0,30","","77,00","","29,00","","19,00","","24,10","","90,17","","","","","","Généralement nuageux"
"1991-05-09 07:00","1991","05","09","07:00"," ","4,80","","0,00","","71,00","","30,00","","17,00","","24,10","","90,17","","","","","","Généralement nuageux"
"1991-05-09 08:00","1991","05","09","08:00"," ","5,70","","0,80","","70,00","","30,00","","24,00","","24,10","","90,20","","","","","","Averses de pluie"
"1991-05-09 09:00","1991","05","09","09:00"," ","5,60","","2,40","","80,00","","30,00","","19,00","","16,10","","90,20","","","","","","Averses de pluie"
"1991-05-09 10:00","1991","05","09","10:00"," ","6,20","","2,00","","74,00","","28,00","","19,00","","24,10","","90,23","","","","","","Nuageux"
"1991-05-09 11:00","1991","05","09","11:00"," ","7,70","","2,50","","69,00","","30,00","","19,00","","24,10","","90,23","","","","","","Généralement nuageux"
"1991-05-09 12:00","1991","05","09","12:00"," ","9,40","","3,00","","64,00","","32,00","","28,00","","24,10","","90,23","","","","","","Généralement nuageux"
"1991-05-09 13:00","1991","05","09","13:00"," ","11,00","","3,20","","59,00","","29,00","","30,00","","24,10","","90,26","","","","","","Généralement nuageux"
"1991-05-09 14:00","1991","05","09","14:00"," ","12,20","","3,70","","56,00","","33,00","","30,00","","24,10","","90,29","","","","","","Généralement nuageux"
"1991-05-09 15:00","1991","05","09","15:00"," ","12,10","","3,90","","57,00","","31,00","","26,00","","24,10","","90,35","","","","","","Généralement nuageux"
"1991-05-09 16:00","1991","05","09","16:00"," ","13,50","","4,00","","53,00","","31,00","","22,00","","24,10","","90,35","","","","","","Généralement nuageux"
"1991-05-09 17:00","1991","05","09","17:00"," ","12,80","","3,90","","55,00","","35,00","","20,00","","24,10","","90,41","","","","","","Généralement nuageux"
"1991-05-09 18:00","1991","05","09","18:00"," ","12,20","","5,20","","62,00","","35,00","","19,00","","24,10","","90,51","","","","","","Généralement nuageux"
"1991-05-09 19:00","1991","05","09","19:00"," ","12,00","","5,10","","63,00","","35,00","","7,00","","24,10","","90,54","","","","","","Généralement nuageux"
"1991-05-09 20:00","1991","05","09","20:00"," ","10,60","","5,30","","70,00","","34,00","","9,00","","24,10","","90,60","","","","","","Généralement nuageux"
"1991-05-09 21:00","1991","05","09","21:00"," ","10,50","","5,40","","71,00","","31,00","","4,00","","24,10","","90,72","","","","","","Généralement nuageux"
"1991-05-09 22:00","1991","05","09","22:00"," ","8,40","","4,90","","79,00","","29,00","","6,00","","24,10","","90,75","","","","","","Généralement nuageux"
"1991-05-09 23:00","1991","05","09","23:00"," ","10,10","","3,00","","61,00","","28,00","","9,00","","24,10","","90,78","","","","","","Généralement nuageux"
"1991-05-10 00:00","1991","05","10","00:00"," ","8,90","","1,40","","59,00","","26,00","","7,00","","24,10","","90,85","","","","","","Généralement dégagé"
"1991-05-10 01:00","1991","05","10","01:00"," ","6,80","","0,80","","66,00","","33,00","","13,00","","24,10","","90,85","","","","","","Généralement dégagé"
"1991-05-10 02:00","1991","05","10","02:00"," ","6,10","","0,40","","67,00","","24,00","","11,00","","24,10","","90,94","","","","","","Généralement dégagé"
"1991-05-10 03:00","1991","05","10","03:00"," ","5,00","","0,00","","70,00","","26,00","","6,00","","24,10","","90,97","","","","","","Généralement dégagé"
"1991-05-10 04:00","1991","05","10","04:00"," ","2,50","","-0,40","","81,00","","0,00","","0,00","","24,10","","91,06","","","","","","Généralement dégagé"
"1991-05-10 05:00","1991","05","10","05:00"," ","3,70","","-0,40","","74,00","","33,00","","6,00","","24,10","","91,09","","","","","","Généralement dégagé"
"1991-05-10 06:00","1991","05","10","06:00"," ","4,90","","0,00","","71,00","","0,00","","0,00","","24,10","","91,09","","","","","","Dégagé"
"1991-05-10 07:00","1991","05","10","07:00"," ","6,30","","0,30","","65,00","","23,00","","6,00","","24,10","","91,16","","","","","","Dégagé"
"1991-05-10 08:00","1991","05","10","08:00"," ","8,40","","0,90","","59,00","","0,00","","0,00","","24,10","","91,19","","","","","","Généralement dégagé"
"1991-05-10 09:00","1991","05","10","09:00"," ","10,40","","0,90","","52,00","","19,00","","9,00","","24,10","","91,19","","","","","","Généralement dégagé"
"1991-05-10 10:00","1991","05","10","10:00"," ","11,60","","-2,10","","38,00","","0,00","","0,00","","24,10","","91,16","","","","","","Généralement dégagé"
"1991-05-10 11:00","1991","05","10","11:00"," ","13,80","","-2,10","","33,00","","0,00","","0,00","","24,10","","91,13","","","","","","Généralement dégagé"
"1991-05-10 12:00","1991","05","10","12:00"," ","15,20","","-0,80","","33,00","","27,00","","15,00","","24,10","","91,16","","","","","","Généralement dégagé"
"1991-05-10 13:00","1991","05","10","13:00"," ","15,80","","-1,00","","32,00","","34,00","","6,00","","24,10","","91,13","","","","","","Généralement dégagé"
"1991-05-10 14:00","1991","05","10","14:00"," ","16,60","","-0,50","","31,00","","13,00","","7,00","","24,10","","91,13","","","","","","Généralement nuageux"
"1991-05-10 15:00","1991","05","10","15:00"," ","17,50","","-0,50","","29,00","","0,00","","0,00","","24,10","","91,06","","","","","","Généralement nuageux"
"1991-05-10 16:00","1991","05","10","16:00"," ","18,00","","-0,60","","28,00","","29,00","","9,00","","24,10","","91,06","","","","","","Généralement nuageux"
"1991-05-10 17:00","1991","05","10","17:00"," ","18,20","","0,30","","30,00","","1,00","","7,00","","24,10","","91,00","","","","","","Généralement nuageux"
"1991-05-10 18:00","1991","05","10","18:00"," ","18,30","","-0,30","","29,00","","9,00","","6,00","","24,10","","90,97","","","","","","Nuageux"
"1991-05-10 19:00","1991","05","10","19:00"," ","16,60","","0,50","","34,00","","0,00","","0,00","","24,10","","90,97","","","","","","Nuageux"
"1991-05-10 20:00","1991","05","10","20:00"," ","13,90","","2,40","","46,00","","0,00","","0,00","","24,10","","90,97","","","","","","Généralement nuageux"
"1991-05-10 21:00","1991","05","10","21:00"," ","12,40","","2,00","","49,00","","9,00","","9,00","","24,10","","91,00","","","","","","Généralement nuageux"
"1991-05-10 22:00","1991","05","10","22:00"," ","12,60","","1,40","","46,00","","13,00","","6,00","","24,10","","91,00","","","","","","Généralement dégagé"
"1991-05-10 23:00","1991","05","10","23:00"," ","9,30","","2,10","","61,00","","11,00","","6,00","","24,10","","91,03","","","","","","Généralement dégagé"
"1991-05-11 00:00","1991","05","11","00:00"," ","7,40","","2,10","","69,00","","12,00","","7,00","","24,10","","91,00","","","","","","Généralement dégagé"
"1991-05-11 01:00","1991","05","11","01:00"," ","7,90","","1,80","","65,00","","13,00","","9,00","","24,10","","90,97","","","","","","Généralement dégagé"
"1991-05-11 02:00","1991","05","11","02:00"," ","7,20","","1,90","","69,00","","13,00","","9,00","","24,10","","90,94","","","","","","Dégagé"
"1991-05-11 03:00","1991","05","11","03:00"," ","4,80","","1,60","","80,00","","0,00","","0,00","","24,10","","90,94","","","","","","Dégagé"
"1991-05-11 04:00","1991","05","11","04:00"," ","4,80","","1,50","","79,00","","14,00","","7,00","","24,10","","90,94","","","","","","Généralement dégagé"
"1991-05-11 05:00","1991","05","11","05:00"," ","4,40","","1,60","","82,00","","0,00","","0,00","","24,10","","90,94","","","","","","Généralement dégagé"
"1991-05-11 06:00","1991","05","11","06:00"," ","8,30","","3,90","","74,00","","13,00","","9,00","","24,10","","90,97","","","","","","Généralement dégagé"
"1991-05-11 07:00","1991","05","11","07:00"," ","9,80","","4,40","","69,00","","13,00","","13,00","","24,10","","91,00","","","","","","Généralement dégagé"
"1991-05-11 08:00","1991","05","11","08:00"," ","11,60","","5,10","","64,00","","13,00","","9,00","","24,10","","90,97","","","","","","Généralement dégagé"
"1991-05-11 09:00","1991","05","11","09:00"," ","14,00","","4,40","","52,00","","11,00","","6,00","","24,10","","90,91","","","","","","Généralement dégagé"
"1991-05-11 10:00","1991","05","11","10:00"," ","16,40","","4,10","","44,00","","12,00","","4,00","","24,10","","90,85","","","","","","Généralement dégagé"
"1991-05-11 11:00","1991","05","11","11:00"," ","18,90","","3,40","","36,00","","19,00","","4,00","","24,10","","90,75","","","","","","Généralement dégagé"
"1991-05-11 12:00","1991","05","11","12:00"," ","19,90","","3,20","","33,00","","0,00","","0,00","","24,10","","90,69","","","","","","Généralement dégagé"
"1991-05-11 13:00","1991","05","11","13:00"," ","20,60","","3,00","","31,00","","10,00","","7,00","","24,10","","90,57","","","","","","Généralement dégagé"
"1991-05-11 14:00","1991","05","11","14:00"," ","21,40","","3,30","","30,00","","18,00","","9,00","","24,10","","90,48","","","","","","Généralement dégagé"
"1991-05-11 15:00","1991","05","11","15:00"," ","22,90","","4,40","","30,00","","0,00","","0,00","","24,10","","90,35","","","","","","Généralement dégagé"
"1991-05-11 16:00","1991","05","11","16:00"," ","22,50","","3,50","","29,00","","0,00","","0,00","","24,10","","90,29","","","","","","Généralement dégagé"
"1991-05-11 17:00","1991","05","11","17:00"," ","22,80","","3,90","","29,00","","0,00","","0,00","","24,10","","90,17","","","","","","Généralement dégagé"
"1991-05-11 18:00","1991","05","11","18:00"," ","22,60","","3,60","","29,00","","0,00","","0,00","","24,10","","90,14","","","","","","Dégagé"
"1991-05-11 19:00","1991","05","11","19:00"," ","21,00","","4,90","","35,00","","0,00","","0,00","","24,10","","90,10","","","","","","Dégagé"
"1991-05-11 20:00","1991","05","11","20:00"," ","18,20","","5,50","","43,00","","6,00","","7,00","","24,10","","90,07","","","","","","Dégagé"
"1991-05-11 21:00","1991","05","11","21:00"," ","15,60","","5,20","","50,00","","9,00","","13,00","","24,10","","90,07","","","","","","Dégagé"
"1991-05-11 22:00","1991","05","11","22:00"," ","15,00","","3,50","","46,00","","12,00","","13,00","","24,10","","90,07","","","","","","Dégagé"
"1991-05-11 23:00","1991","05","11","23:00"," ","15,00","","2,30","","42,00","","17,00","","9,00","","24,10","","90,01","","","","","","Dégagé"
"1991-05-12 00:00","1991","05","12","00:00"," ","14,60","","2,00","","42,00","","15,00","","9,00","","24,10","","90,01","","","","","","Dégagé"
"1991-05-12 01:00","1991","05","12","01:00"," ","13,30","","2,00","","46,00","","13,00","","7,00","","24,10","","89,95","","","","","","Dégagé"
"1991-05-12 02:00","1991","05","12","02:00"," ","11,90","","2,20","","52,00","","15,00","","9,00","","24,10","","89,95","","","","","","Dégagé"
"1991-05-12 03:00","1991","05","12","03:00"," ","10,60","","2,10","","56,00","","15,00","","6,00","","24,10","","89,95","","","","","","Généralement dégagé"
"1991-05-12 04:00","1991","05","12","04:00"," ","7,00","","3,00","","76,00","","13,00","","4,00","","24,10","","89,95","","","","","","Généralement dégagé"
"1991-05-12 05:00","1991","05","12","05:00"," ","8,50","","2,80","","67,00","","19,00","","7,00","","24,10","","89,92","","","","","","Généralement nuageux"
"1991-05-12 06:00","1991","05","12","06:00"," ","10,20","","1,50","","55,00","","20,00","","6,00","","24,10","","89,92","","","","","","Nuageux"
"1991-05-12 07:00","1991","05","12","07:00"," ","10,30","","2,40","","58,00","","0,00","","0,00","","24,10","","89,95","","","","","","Nuageux"
"1991-05-12 08:00","1991","05","12","08:00"," ","11,70","","2,60","","54,00","","26,00","","15,00","","24,10","","89,95","","","","","","Généralement nuageux"
"1991-05-12 09:00","1991","05","12","09:00"," ","12,40","","3,40","","54,00","","30,00","","9,00","","24,10","","89,95","","","","","","Nuageux"
"1991-05-12 10:00","1991","05","12","10:00"," ","14,10","","3,60","","49,00","","34,00","","13,00","","24,10","","89,95","","","","","","Nuageux"
"1991-05-12 11:00","1991","05","12","11:00"," ","15,20","","4,30","","48,00","","25,00","","4,00","","24,10","","89,89","","","","","","Nuageux"
"1991-05-12 12:00","1991","05","12","12:00"," ","16,70","","4,20","","43,00","","26,00","","17,00","","24,10","","89,86","","","","","","Nuageux"
"1991-05-12 13:00","1991","05","12","13:00"," ","17,30","","3,90","","41,00","","32,00","","22,00","","24,10","","89,86","","","","","","Nuageux"
"1991-05-12 14:00","1991","05","12","14:00"," ","17,40","","4,40","","42,00","","33,00","","19,00","","24,10","","89,83","","","","","","Nuageux"
"1991-05-12 15:00","1991","05","12","15:00"," ","17,10","","4,60","","44,00","","28,00","","17,00","","24,10","","89,83","","","","","","Nuageux"
"1991-05-12 16:00","1991","05","12","16:00"," ","16,70","","4,50","","44,00","","32,00","","24,00","","24,10","","89,83","","","","","","Nuageux"
"1991-05-12 17:00","1991","05","12","17:00"," ","16,40","","5,20","","48,00","","33,00","","15,00","","24,10","","89,83","","","","","","Nuageux"
"1991-05-12 18:00","1991","05","12","18:00"," ","14,70","","3,70","","48,00","","30,00","","15,00","","24,10","","89,89","","","","","","Nuageux"
"1991-05-12 19:00","1991","05","12","19:00"," ","12,80","","3,90","","55,00","","29,00","","20,00","","24,10","","89,92","","","","","","Nuageux"
"1991-05-12 20:00","1991","05","12","20:00"," ","11,70","","3,90","","59,00","","30,00","","9,00","","24,10","","89,95","","","","","","Nuageux"
"1991-05-12 21:00","1991","05","12","21:00"," ","9,60","","6,90","","83,00","","27,00","","7,00","","24,10","","90,04","","","","","","Averses de pluie"
"1991-05-12 22:00","1991","05","12","22:00"," ","8,60","","7,10","","90,00","","29,00","","13,00","","12,90","","90,07","","","","","","Averses de pluie"
"1991-05-12 23:00","1991","05","12","23:00"," ","7,80","","7,20","","96,00","","24,00","","13,00","","12,90","","90,10","","","","","","Pluie"
"1991-05-13 00:00","1991","05","13","00:00"," ","7,80","","6,50","","92,00","","27,00","","11,00","","12,90","","90,14","","","","","","Pluie"
"1991-05-13 01:00","1991","05","13","01:00"," ","7,30","","6,60","","96,00","","27,00","","7,00","","12,90","","90,17","","","","","","Pluie"
"1991-05-13 02:00","1991","05","13","02:00"," ","7,00","","6,20","","95,00","","22,00","","6,00","","9,70","","90,17","","","","","","Pluie,Brouillard"
"1991-05-13 03:00","1991","05","13","03:00"," ","6,70","","5,80","","94,00","","23,00","","6,00","","12,90","","90,20","","","","","","Pluie"
"1991-05-13 04:00","1991","05","13","04:00"," ","6,60","","6,00","","96,00","","0,00","","0,00","","16,10","","90,17","","","","","","Pluie"
"1991-05-13 05:00","1991","05","13","05:00"," ","6,40","","5,60","","95,00","","27,00","","4,00","","16,10","","90,23","","","","","","Pluie"
"1991-05-13 06:00","1991","05","13","06:00"," ","6,60","","5,50","","93,00","","34,00","","4,00","","19,30","","90,26","","","","","","Pluie"
"1991-05-13 07:00","1991","05","13","07:00"," ","6,80","","6,10","","96,00","","23,00","","7,00","","24,10","","90,26","","","","","","Généralement nuageux"
"1991-05-13 08:00","1991","05","13","08:00"," ","7,80","","6,80","","93,00","","28,00","","4,00","","24,10","","90,23","","","","","","Généralement nuageux"
"1991-05-13 09:00","1991","05","13","09:00"," ","9,80","","6,50","","80,00","","33,00","","6,00","","24,10","","90,29","","","","","","Généralement nuageux"
"1991-05-13 10:00","1991","05","13","10:00"," ","10,00","","4,10","","67,00","","31,00","","6,00","","24,10","","90,26","","","","","","Généralement nuageux"
"1991-05-13 11:00","1991","05","13","11:00"," ","11,80","","3,80","","58,00","","28,00","","15,00","","24,10","","90,23","","","","","","Généralement nuageux"
"1991-05-13 12:00","1991","05","13","12:00"," ","11,10","","2,40","","55,00","","13,00","","4,00","","24,10","","90,17","","","","","","Généralement nuageux"
"1991-05-13 13:00","1991","05","13","13:00"," ","12,00","","1,60","","49,00","","29,00","","19,00","","24,10","","90,17","","","","","","Généralement nuageux"
"1991-05-13 14:00","1991","05","13","14:00"," ","13,50","","1,50","","44,00","","26,00","","13,00","","24,10","","90,10","","","","","","Généralement nuageux"
"1991-05-13 15:00","1991","05","13","15:00"," ","13,50","","-0,30","","39,00","","32,00","","9,00","","24,10","","90,14","","","","","","Généralement nuageux"
"1991-05-13 16:00","1991","05","13","16:00"," ","13,00","","1,30","","45,00","","36,00","","6,00","","24,10","","90,14","","","","","","Généralement nuageux"
"1991-05-13 17:00","1991","05","13","17:00"," ","13,80","","0,20","","39,00","","33,00","","22,00","","24,10","","90,10","","","","","","Généralement nuageux"
"1991-05-13 18:00","1991","05","13","18:00"," ","13,20","","-0,30","","39,00","","31,00","","9,00","","24,10","","90,14","","","","","","Généralement nuageux"
"1991-05-13 19:00","1991","05","13","19:00"," ","11,80","","1,10","","48,00","","32,00","","4,00","","24,10","","90,14","","","","","","Généralement nuageux"
"1991-05-13 20:00","1991","05","13","20:00"," ","10,10","","1,60","","55,00","","33,00","","6,00","","24,10","","90,20","","","","","","Généralement dégagé"
"1991-05-13 21:00","1991","05","13","21:00"," ","9,50","","1,40","","57,00","","33,00","","13,00","","24,10","","90,26","","","","","","Généralement dégagé"
"1991-05-13 22:00","1991","05","13","22:00"," ","9,40","","1,20","","57,00","","27,00","","13,00","","24,10","","90,29","","","","","","Généralement dégagé"
"1991-05-13 23:00","1991","05","13","23:00"," ","8,00","","-3,30","","45,00","","32,00","","13,00","","24,10","","90,41","","","","","","Généralement dégagé"
"1991-05-14 00:00","1991","05","14","00:00"," ","6,30","","-3,40","","50,00","","34,00","","7,00","","24,10","","90,44","","","","","","Généralement dégagé"
"1991-05-14 01:00","1991","05","14","01:00"," ","5,00","","-4,80","","49,00","","31,00","","6,00","","24,10","","90,51","","","","","","Généralement dégagé"
"1991-05-14 02:00","1991","05","14","02:00"," ","4,20","","-4,80","","52,00","","31,00","","7,00","","24,10","","90,57","","","","","","Généralement dégagé"
"1991-05-14 03:00","1991","05","14","03:00"," ","1,90","","-4,30","","64,00","","30,00","","4,00","","24,10","","90,63","","","","","","Généralement dégagé"
"1991-05-14 04:00","1991","05","14","04:00"," ","1,60","","-4,30","","65,00","","27,00","","4,00","","24,10","","90,69","","","","","","Généralement dégagé"
"1991-05-14 05:00","1991","05","14","05:00"," ","1,20","","-2,90","","74,00","","0,00","","0,00","","24,10","","90,75","","","","","","Généralement dégagé"
"1991-05-14 06:00","1991","05","14","06:00"," ","4,40","","-3,80","","55,00","","30,00","","2,00","","24,10","","90,75","","","","","","Généralement dégagé"
"1991-05-14 07:00","1991","05","14","07:00"," ","5,60","","-3,40","","52,00","","27,00","","15,00","","24,10","","90,82","","","","","","Généralement dégagé"
"1991-05-14 08:00","1991","05","14","08:00"," ","6,50","","-4,90","","44,00","","34,00","","11,00","","24,10","","90,85","","","","","","Généralement dégagé"
"1991-05-14 09:00","1991","05","14","09:00"," ","8,00","","-4,40","","41,00","","28,00","","7,00","","24,10","","90,82","","","","","","Généralement dégagé"
"1991-05-14 10:00","1991","05","14","10:00"," ","9,20","","-2,90","","42,00","","26,00","","6,00","","24,10","","90,78","","","","","","Généralement dégagé"
"1991-05-14 11:00","1991","05","14","11:00"," ","10,20","","-2,90","","40,00","","22,00","","13,00","","24,10","","90,75","","","","","","Généralement dégagé"
"1991-05-14 12:00","1991","05","14","12:00"," ","12,10","","-2,10","","37,00","","24,00","","13,00","","24,10","","90,75","","","","","","Généralement dégagé"
"1991-05-14 13:00","1991","05","14","13:00"," ","12,70","","-2,90","","34,00","","26,00","","6,00","","24,10","","90,72","","","","","","Généralement dégagé"
"1991-05-14 14:00","1991","05","14","14:00"," ","12,80","","-4,50","","30,00","","18,00","","4,00","","24,10","","90,69","","","","","","Généralement nuageux"
"1991-05-14 15:00","1991","05","14","15:00"," ","14,10","","-3,90","","28,00","","27,00","","11,00","","24,10","","90,69","","","","","","Généralement nuageux"
"1991-05-14 16:00","1991","05","14","16:00"," ","13,30","","-4,80","","28,00","","20,00","","4,00","","24,10","","90,69","","","","","","Généralement nuageux"
"1991-05-14 17:00","1991","05","14","17:00"," ","13,50","","-5,00","","27,00","","4,00","","4,00","","24,10","","90,69","","","","","","Généralement dégagé"
"1991-05-14 18:00","1991","05","14","18:00"," ","13,80","","-5,70","","25,00","","36,00","","6,00","","24,10","","90,66","","","","","","Généralement dégagé"
"1991-05-14 19:00","1991","05","14","19:00"," ","12,50","","-2,90","","34,00","","0,00","","0,00","","24,10","","90,69","","","","","","Généralement dégagé"
"1991-05-14 20:00","1991","05","14","20:00"," ","9,50","","-0,80","","49,00","","0,00","","0,00","","24,10","","90,72","","","","","","Généralement dégagé"
"1991-05-14 21:00","1991","05","14","21:00"," ","8,60","","1,40","","60,00","","0,00","","0,00","","24,10","","90,75","","","","","","Généralement dégagé"
"1991-05-14 22:00","1991","05","14","22:00"," ","8,40","","-0,40","","54,00","","24,00","","4,00","","24,10","","90,78","","","","","","Généralement dégagé"
"1991-05-14 23:00","1991","05","14","23:00"," ","6,10","","-1,00","","60,00","","21,00","","4,00","","24,10","","90,85","","","","","","Généralement dégagé"
"1991-05-15 00:00","1991","05","15","00:00"," ","5,00","","-1,30","","64,00","","0,00","","0,00","","24,10","","90,88","","","","","","Généralement dégagé"
"1991-05-15 01:00","1991","05","15","01:00"," ","3,70","","-0,80","","72,00","","0,00","","0,00","","24,10","","90,88","","","","","","Généralement dégagé"
"1991-05-15 02:00","1991","05","15","02:00"," ","0,80","","-1,70","","83,00","","14,00","","6,00","","24,10","","90,91","","","","","","Généralement dégagé"
"1991-05-15 03:00","1991","05","15","03:00"," ","1,10","","-1,80","","81,00","","0,00","","0,00","","24,10","","90,88","","","","","","Généralement dégagé"
"1991-05-15 04:00","1991","05","15","04:00"," ","2,30","","-2,10","","73,00","","14,00","","6,00","","24,10","","90,91","","","","","","Généralement dégagé"
"1991-05-15 05:00","1991","05","15","05:00"," ","4,30","","-2,30","","62,00","","14,00","","11,00","","24,10","","90,91","","","","","","Généralement nuageux"
"1991-05-15 06:00","1991","05","15","06:00"," ","5,20","","-2,00","","60,00","","14,00","","15,00","","24,10","","90,97","","","","","","Généralement nuageux"
"1991-05-15 07:00","1991","05","15","07:00"," ","6,20","","-1,40","","58,00","","13,00","","9,00","","24,10","","90,97","","","","","","Généralement nuageux"
"1991-05-15 08:00","1991","05","15","08:00"," ","8,00","","-0,90","","53,00","","15,00","","7,00","","24,10","","90,97","","","","","","Nuageux"
"1991-05-15 09:00","1991","05","15","09:00"," ","10,00","","-0,70","","47,00","","13,00","","13,00","","24,10","","90,94","","","","","","Généralement nuageux"
"1991-05-15 10:00","1991","05","15","10:00"," ","11,00","","-0,50","","45,00","","13,00","","15,00","","24,10","","90,91","","","","","","Nuageux"
"1991-05-15 11:00","1991","05","15","11:00"," ","11,80","","-0,50","","43,00","","18,00","","13,00","","24,10","","90,88","","","","","","Nuageux"
"1991-05-15 12:00","1991","05","15","12:00"," ","12,30","","-0,60","","41,00","","14,00","","13,00","","24,10","","90,85","","","","","","Nuageux"
"1991-05-15 13:00","1991","05","15","13:00"," ","12,60","","-0,30","","41,00","","13,00","","13,00","","24,10","","90,82","","","","","","Nuageux"
"1991-05-15 14:00","1991","05","15","14:00"," ","13,60","","-0,80","","37,00","","21,00","","24,00","","24,10","","90,78","","","","","","Généralement nuageux"
"1991-05-15 15:00","1991","05","15","15:00"," ","14,20","","-1,00","","35,00","","13,00","","13,00","","24,10","","90,75","","","","","","Généralement nuageux"
"1991-05-15 16:00","1991","05","15","16:00"," ","13,30","","-0,60","","38,00","","14,00","","17,00","","24,10","","90,72","","","","","","Généralement nuageux"
"1991-05-15 17:00","1991","05","15","17:00"," ","13,50","","-0,10","","39,00","","17,00","","7,00","","24,10","","90,69","","","","","","Généralement nuageux"
"1991-05-15 18:00","1991","05","15","18:00"," ","13,60","","0,60","","41,00","","14,00","","11,00","","24,10","","90,63","","","","","","Généralement dégagé"
"1991-05-15 19:00","1991","05","15","19:00"," ","12,60","","1,10","","45,00","","13,00","","13,00","","24,10","","90,60","","","","","","Généralement dégagé"
"1991-05-15 20:00","1991","05","15","20:00"," ","11,60","","1,30","","49,00","","13,00","","19,00","","24,10","","90,63","","","","","","Généralement dégagé"
"1991-05-15 21:00","1991","05","15","21:00"," ","9,80","","1,30","","55,00","","12,00","","9,00","","24,10","","90,63","","","","","","Généralement dégagé"
"1991-05-15 22:00","1991","05","15","22:00"," ","9,60","","0,40","","53,00","","15,00","","7,00","","24,10","","90,63","","","","","","Généralement dégagé"
"1991-05-15 23:00","1991","05","15","23:00"," ","6,30","","0,40","","66,00","","12,00","","7,00","","24,10","","90,60","","","","","","Généralement dégagé"
"1991-05-16 00:00","1991","05","16","00:00"," ","5,80","","-0,20","","65,00","","14,00","","6,00","","24,10","","90,63","","","","","","Généralement dégagé"
"1991-05-16 01:00","1991","05","16","01:00"," ","3,70","","-0,30","","75,00","","12,00","","9,00","","24,10","","90,60","","","","","","Généralement dégagé"
"1991-05-16 02:00","1991","05","16","02:00"," ","4,70","","0,10","","72,00","","13,00","","9,00","","24,10","","90,57","","","","","","Généralement dégagé"
"1991-05-16 03:00","1991","05","16","03:00"," ","4,00","","0,30","","77,00","","13,00","","9,00","","24,10","","90,60","","","","","","Généralement dégagé"
"1991-05-16 04:00","1991","05","16","04:00"," ","5,40","","0,40","","70,00","","13,00","","11,00","","24,10","","90,57","","","","","","Généralement nuageux"
"1991-05-16 05:00","1991","05","16","05:00"," ","3,80","","0,30","","78,00","","13,00","","11,00","","24,10","","90,57","","","","","","Généralement nuageux"
"1991-05-16 06:00","1991","05","16","06:00"," ","6,50","","0,90","","67,00","","13,00","","7,00","","24,10","","90,57","","","","","","Généralement nuageux"
"1991-05-16 07:00","1991","05","16","07:00"," ","8,40","","0,60","","58,00","","14,00","","19,00","","24,10","","90,63","","","","","","Généralement nuageux"
"1991-05-16 08:00","1991","05","16","08:00"," ","10,10","","1,50","","55,00","","15,00","","19,00","","24,10","","90,63","","","","","","Généralement nuageux"
"1991-05-16 09:00","1991","05","16","09:00"," ","12,40","","2,40","","50,00","","13,00","","15,00","","24,10","","90,60","","","","","","Généralement nuageux"
"1991-05-16 10:00","1991","05","16","10:00"," ","13,80","","1,00","","42,00","","16,00","","17,00","","24,10","","90,57","","","","","","Généralement nuageux"
"1991-05-16 11:00","1991","05","16","11:00"," ","14,50","","1,00","","40,00","","11,00","","13,00","","24,10","","90,54","","","","","","Généralement nuageux"
"1991-05-16 12:00","1991","05","16","12:00"," ","14,20","","0,60","","39,00","","15,00","","26,00","","24,10","","90,51","","","","","","Nuageux"
"1991-05-16 13:00","1991","05","16","13:00"," ","15,30","","1,20","","38,00","","14,00","","15,00","","24,10","","90,48","","","","","","Nuageux"
"1991-05-16 14:00","1991","05","16","14:00"," ","17,60","","1,50","","34,00","","18,00","","24,00","","24,10","","90,44","","","","","","Généralement nuageux"
"1991-05-16 15:00","1991","05","16","15:00"," ","15,80","","1,20","","37,00","","15,00","","4,00","","24,10","","90,41","","","","","","Généralement nuageux"
"1991-05-16 16:00","1991","05","16","16:00"," ","14,50","","2,30","","44,00","","9,00","","15,00","","24,10","","90,41","","","","","","Généralement nuageux"
"1991-05-16 17:00","1991","05","16","17:00"," ","12,80","","3,70","","54,00","","0,00","","0,00","","24,10","","90,41","","","","","","Averses de pluie"
"1991-05-16 18:00","1991","05","16","18:00"," ","12,60","","3,60","","54,00","","1,00","","9,00","","24,10","","90,41","","","","","","Généralement nuageux"
"1991-05-16 19:00","1991","05","16","19:00"," ","10,40","","6,70","","78,00","","21,00","","7,00","","24,10","","90,44","","","","","","Généralement nuageux"
"1991-05-16 20:00","1991","05","16","20:00"," ","9,50","","7,10","","85,00","","0,00","","0,00","","24,10","","90,41","","","","","","Généralement nuageux"
"1991-05-16 21:00","1991","05","16","21:00"," ","10,00","","6,00","","76,00","","0,00","","0,00","","24,10","","90,44","","","","","","Généralement nuageux"
"1991-05-16 22:00","1991","05","16","22:00"," ","9,90","","6,00","","77,00","","1,00","","6,00","","24,10","","90,48","","","","","","Généralement nuageux"
"1991-05-16 23:00","1991","05","16","23:00"," ","9,40","","5,70","","78,00","","35,00","","9,00","","24,10","","90,44","","","","","","Généralement nuageux"
"1991-05-17 00:00","1991","05","17","00:00"," ","9,20","","5,90","","80,00","","34,00","","9,00","","24,10","","90,48","","","","","","Pluie"
"1991-05-17 01:00","1991","05","17","01:00"," ","8,80","","6,20","","84,00","","35,00","","7,00","","24,10","","90,48","","","","","","Généralement nuageux"
"1991-05-17 02:00","1991","05","17","02:00"," ","8,60","","6,20","","85,00","","34,00","","13,00","","24,10","","90,48","","","","","","Nuageux"
"1991-05-17 03:00","1991","05","17","03:00"," ","8,90","","5,30","","78,00","","35,00","","13,00","","24,10","","90,44","","","","","","Nuageux"
"1991-05-17 04:00","1991","05","17","04:00"," ","8,40","","5,40","","81,00","","35,00","","15,00","","24,10","","90,48","","","","","","Nuageux"
"1991-05-17 05:00","1991","05","17","05:00"," ","8,40","","5,20","","80,00","","35,00","","13,00","","24,10","","90,51","","","","","","Généralement nuageux"
"1991-05-17 06:00","1991","05","17","06:00"," ","8,50","","5,30","","80,00","","34,00","","15,00","","24,10","","90,51","","","","","","Généralement nuageux"
"1991-05-17 07:00","1991","05","17","07:00"," ","9,10","","5,70","","79,00","","33,00","","15,00","","24,10","","90,51","","","","","","Généralement nuageux"
"1991-05-17 08:00","1991","05","17","08:00"," ","10,50","","5,10","","69,00","","32,00","","13,00","","24,10","","90,54","","","","","","Généralement nuageux"
"1991-05-17 09:00","1991","05","17","09:00"," ","11,90","","5,20","","64,00","","33,00","","13,00","","24,10","","90,51","","","","","","Généralement nuageux"
"1991-05-17 10:00","1991","05","17","10:00"," ","13,20","","6,50","","64,00","","33,00","","15,00","","24,10","","90,51","","","","","","Généralement nuageux"
"1991-05-17 11:00","1991","05","17","11:00"," ","15,00","","6,30","","56,00","","25,00","","7,00","","24,10","","90,48","","","","","","Généralement nuageux"
"1991-05-17 12:00","1991","05","17","12:00"," ","16,20","","5,40","","49,00","","31,00","","11,00","","24,10","","90,41","","","","","","Généralement nuageux"
"1991-05-17 13:00","1991","05","17","13:00"," ","18,20","","6,00","","45,00","","27,00","","4,00","","24,10","","90,35","","","","","","Généralement nuageux"
"1991-05-17 14:00","1991","05","17","14:00"," ","18,10","","5,10","","42,00","","30,00","","13,00","","24,10","","90,35","","","","","","Généralement nuageux"
"1991-05-17 15:00","1991","05","17","15:00"," ","17,00","","4,20","","43,00","","30,00","","13,00","","24,10","","90,35","","","","","","Nuageux"
"1991-05-17 16:00","1991","05","17","16:00"," ","16,40","","4,60","","46,00","","27,00","","19,00","","24,10","","90,38","","","","","","Averses de pluie"
"1991-05-17 17:00","1991","05","17","17:00"," ","15,30","","6,70","","57,00","","27,00","","9,00","","24,10","","90,41","","","","","","Nuageux"
"1991-05-17 18:00","1991","05","17","18:00"," ","14,10","","7,90","","66,00","","28,00","","9,00","","24,10","","90,44","","","","","","Généralement nuageux"
"1991-05-17 19:00","1991","05","17","19:00"," ","13,80","","6,70","","62,00","","30,00","","13,00","","24,10","","90,44","","","","","","Généralement nuageux"
"1991-05-17 20:00","1991","05","17","20:00"," ","13,10","","7,00","","66,00","","26,00","","9,00","","24,10","","90,48","","","","","","Généralement nuageux"
"1991-05-17 21:00","1991","05","17","21:00"," ","12,10","","7,70","","75,00","","26,00","","9,00","","24,10","","90,54","","","","","","Généralement nuageux"
"1991-05-17 22:00","1991","05","17","22:00"," ","12,20","","7,40","","72,00","","24,00","","13,00","","24,10","","90,57","","","","","","Généralement nuageux"
"1991-05-17 23:00","1991","05","17","23:00"," ","11,90","","7,30","","73,00","","27,00","","9,00","","24,10","","90,60","","","","","","Généralement nuageux"
"1991-05-18 00:00","1991","05","18","00:00"," ","12,00","","7,00","","71,00","","22,00","","6,00","","24,10","","90,60","","","","","","Généralement nuageux"
"1991-05-18 01:00","1991","05","18","01:00"," ","11,60","","7,30","","75,00","","25,00","","6,00","","24,10","","90,63","","","","","","Généralement nuageux"
"1991-05-18 02:00","1991","05","18","02:00"," ","10,20","","7,40","","83,00","","22,00","","6,00","","24,10","","90,63","","","","","","Généralement nuageux"
"1991-05-18 03:00","1991","05","18","03:00"," ","10,50","","7,60","","82,00","","24,00","","6,00","","24,10","","90,63","","","","","","Généralement nuageux"
"1991-05-18 04:00","1991","05","18","04:00"," ","10,20","","7,50","","83,00","","29,00","","4,00","","24,10","","90,63","","","","","","Généralement nuageux"
"1991-05-18 05:00","1991","05","18","05:00"," ","11,70","","5,60","","66,00","","31,00","","7,00","","24,10","","90,66","","","","","","Généralement nuageux"
"1991-05-18 06:00","1991","05","18","06:00"," ","11,50","","5,70","","68,00","","32,00","","13,00","","24,10","","90,72","","","","","","Généralement nuageux"
"1991-05-18 07:00","1991","05","18","07:00"," ","13,40","","5,70","","60,00","","32,00","","22,00","","24,10","","90,75","","","","","","Généralement dégagé"
"1991-05-18 08:00","1991","05","18","08:00"," ","14,60","","6,20","","57,00","","30,00","","22,00","","24,10","","90,75","","","","","","Généralement dégagé"
"1991-05-18 09:00","1991","05","18","09:00"," ","16,00","","6,90","","55,00","","30,00","","19,00","","24,10","","90,75","","","","","","Généralement dégagé"
"1991-05-18 10:00","1991","05","18","10:00"," ","17,50","","7,30","","51,00","","32,00","","28,00","","24,10","","90,75","","","","","","Généralement dégagé"
"1991-05-18 11:00","1991","05","18","11:00"," ","18,40","","7,60","","49,00","","29,00","","19,00","","24,10","","90,72","","","","","","Généralement dégagé"
"1991-05-18 12:00","1991","05","18","12:00"," ","19,90","","7,70","","45,00","","32,00","","17,00","","24,10","","90,69","","","","","","Dégagé"
"1991-05-18 13:00","1991","05","18","13:00"," ","21,20","","7,20","","40,00","","27,00","","24,00","","24,10","","90,63","","","","","","Généralement dégagé"
"1991-05-18 14:00","1991","05","18","14:00"," ","22,40","","7,20","","38,00","","33,00","","30,00","","24,10","","90,60","","","","","","Généralement dégagé"
"1991-05-18 15:00","1991","05","18","15:00"," ","21,90","","6,80","","38,00","","34,00","","26,00","","24,10","","90,57","","","","","","Généralement dégagé"
"1991-05-18 16:00","1991","05","18","16:00"," ","22,00","","6,60","","37,00","","34,00","","26,00","","24,10","","90,57","","","","","","Généralement dégagé"
"1991-05-18 17:00","1991","05","18","17:00"," ","22,30","","6,10","","35,00","","33,00","","19,00","","24,10","","90,57","","","","","","Généralement dégagé"
"1991-05-18 18:00","1991","05","18","18:00"," ","21,50","","6,10","","37,00","","32,00","","26,00","","24,10","","90,57","","","","","","Généralement dégagé"
"1991-05-18 19:00","1991","05","18","19:00"," ","20,70","","5,60","","37,00","","34,00","","26,00","","24,10","","90,60","","","","","","Généralement dégagé"
"1991-05-18 20:00","1991","05","18","20:00"," ","18,90","","5,30","","41,00","","33,00","","19,00","","24,10","","90,60","","","","","","Généralement dégagé"
"1991-05-18 21:00","1991","05","18","21:00"," ","17,00","","5,50","","47,00","","33,00","","15,00","","24,10","","90,63","","","","","","Généralement dégagé"
"1991-05-18 22:00","1991","05","18","22:00"," ","15,60","","5,00","","49,00","","34,00","","11,00","","24,10","","90,66","","","","","","Généralement dégagé"
"1991-05-18 23:00","1991","05","18","23:00"," ","14,60","","4,60","","51,00","","33,00","","9,00","","24,10","","90,66","","","","","","Dégagé"
"1991-05-19 00:00","1991","05","19","00:00"," ","13,30","","4,40","","55,00","","33,00","","6,00","","24,10","","90,66","","","","","","Dégagé"
"1991-05-19 01:00","1991","05","19","01:00"," ","13,00","","4,50","","56,00","","33,00","","7,00","","24,10","","90,63","","","","","","Dégagé"
"1991-05-19 02:00","1991","05","19","02:00"," ","11,20","","3,40","","59,00","","35,00","","11,00","","24,10","","90,63","","","","","","Dégagé"
"1991-05-19 03:00","1991","05","19","03:00"," ","10,60","","2,70","","58,00","","35,00","","9,00","","24,10","","90,63","","","","","","Dégagé"
"1991-05-19 04:00","1991","05","19","04:00"," ","9,60","","1,60","","57,00","","35,00","","9,00","","24,10","","90,63","","","","","","Dégagé"
"1991-05-19 05:00","1991","05","19","05:00"," ","10,30","","1,90","","56,00","","34,00","","11,00","","24,10","","90,63","","","","","","Dégagé"
"1991-05-19 06:00","1991","05","19","06:00"," ","11,80","","2,60","","53,00","","34,00","","9,00","","24,10","","90,63","","","","","","Dégagé"
"1991-05-19 07:00","1991","05","19","07:00"," ","14,10","","1,40","","42,00","","33,00","","15,00","","24,10","","90,69","","","","","","Généralement dégagé"
"1991-05-19 08:00","1991","05","19","08:00"," ","15,90","","1,00","","36,00","","32,00","","11,00","","24,10","","90,63","","","","","","Généralement dégagé"
"1991-05-19 09:00","1991","05","19","09:00"," ","17,20","","1,00","","33,00","","32,00","","17,00","","24,10","","90,63","","","","","","Généralement dégagé"
"1991-05-19 10:00","1991","05","19","10:00"," ","18,90","","0,50","","29,00","","33,00","","19,00","","24,10","","90,57","","","","","","Généralement dégagé"
"1991-05-19 11:00","1991","05","19","11:00"," ","19,70","","-2,30","","23,00","","30,00","","22,00","","24,10","","90,54","","","","","","Généralement dégagé"
"1991-05-19 12:00","1991","05","19","12:00"," ","20,70","","-0,60","","24,00","","34,00","","7,00","","24,10","","90,51","","","","","","Généralement dégagé"
"1991-05-19 13:00","1991","05","19","13:00"," ","22,40","","1,20","","25,00","","35,00","","24,00","","24,10","","90,44","","","","","","Généralement dégagé"
"1991-05-19 14:00","1991","05","19","14:00"," ","22,60","","-0,30","","22,00","","36,00","","19,00","","24,10","","90,41","","","","","","Généralement dégagé"
"1991-05-19 15:00","1991","05","19","15:00"," ","23,30","","0,10","","22,00","","34,00","","19,00","","24,10","","90,38","","","","","","Généralement dégagé"
"1991-05-19 16:00","1991","05","19","16:00"," ","23,70","","-0,60","","20,00","","33,00","","28,00","","24,10","","90,35","","","","","","Généralement dégagé"
"1991-05-19 17:00","1991","05","19","17:00"," ","23,40","","-0,90","","20,00","","35,00","","22,00","","24,10","","90,32","","","","","","Généralement dégagé"
"1991-05-19 18:00","1991","05","19","18:00"," ","24,20","","-0,50","","20,00","","35,00","","19,00","","24,10","","90,23","","","","","","Généralement dégagé"
"1991-05-19 19:00","1991","05","19","19:00"," ","23,20","","-0,50","","21,00","","1,00","","9,00","","24,10","","90,23","","","","","","Généralement dégagé"
"1991-05-19 20:00","1991","05","19","20:00"," ","20,00","","0,80","","28,00","","0,00","","0,00","","24,10","","90,26","","","","","","Généralement dégagé"
"1991-05-19 21:00","1991","05","19","21:00"," ","16,30","","2,00","","38,00","","0,00","","0,00","","24,10","","90,32","","","","","","Généralement dégagé"
"1991-05-19 22:00","1991","05","19","22:00"," ","13,10","","3,10","","51,00","","0,00","","0,00","","24,10","","90,35","","","","","","Généralement dégagé"
"1991-05-19 23:00","1991","05","19","23:00"," ","14,90","","0,80","","38,00","","33,00","","9,00","","24,10","","90,38","","","","","","Dégagé"
"1991-05-20 00:00","1991","05","20","00:00"," ","12,40","","-0,60","","41,00","","33,00","","6,00","","24,10","","90,44","","","","","","Dégagé"
"1991-05-20 01:00","1991","05","20","01:00"," ","13,00","","-3,10","","32,00","","0,00","","0,00","","24,10","","90,41","","","","","","Dégagé"
"1991-05-20 02:00","1991","05","20","02:00"," ","12,00","","-2,70","","36,00","","0,00","","0,00","","24,10","","90,44","","","","","","Dégagé"
"1991-05-20 03:00","1991","05","20","03:00"," ","5,20","","-0,70","","65,00","","0,00","","0,00","","24,10","","90,41","","","","","","Dégagé"
"1991-05-20 04:00","1991","05","20","04:00"," ","7,40","","-2,50","","49,00","","24,00","","4,00","","24,10","","90,44","","","","","","Dégagé"
"1991-05-20 05:00","1991","05","20","05:00"," ","5,20","","0,30","","70,00","","0,00","","0,00","","24,10","","90,44","","","","","","Dégagé"
"1991-05-20 06:00","1991","05","20","06:00"," ","11,30","","0,70","","48,00","","0,00","","0,00","","24,10","","90,44","","","","","","Généralement dégagé"
"1991-05-20 07:00","1991","05","20","07:00"," ","14,30","","-0,70","","36,00","","0,00","","0,00","","24,10","","90,51","","","","","","Généralement dégagé"
"1991-05-20 08:00","1991","05","20","08:00"," ","15,80","","0,00","","34,00","","0,00","","0,00","","24,10","","90,51","","","","","","Généralement dégagé"
"1991-05-20 09:00","1991","05","20","09:00"," ","17,40","","0,00","","31,00","","15,00","","2,00","","24,10","","90,44","","","","","","Généralement dégagé"
"1991-05-20 10:00","1991","05","20","10:00"," ","17,80","","0,40","","31,00","","14,00","","4,00","","24,10","","90,38","","","","","","Généralement dégagé"
"1991-05-20 11:00","1991","05","20","11:00"," ","18,70","","-0,40","","28,00","","15,00","","4,00","","24,10","","90,32","","","","","","Généralement dégagé"
"1991-05-20 12:00","1991","05","20","12:00"," ","19,80","","0,30","","27,00","","15,00","","2,00","","24,10","","90,23","","","","","","Généralement dégagé"
"1991-05-20 13:00","1991","05","20","13:00"," ","21,00","","1,60","","28,00","","36,00","","6,00","","24,10","","90,14","","","","","","Généralement nuageux"
"1991-05-20 14:00","1991","05","20","14:00"," ","20,60","","0,20","","26,00","","4,00","","4,00","","24,10","","90,10","","","","","","Généralement dégagé"
"1991-05-20 15:00","1991","05","20","15:00"," ","19,70","","1,60","","30,00","","31,00","","26,00","","24,10","","90,04","","","","","","Généralement nuageux"
"1991-05-20 16:00","1991","05","20","16:00"," ","19,00","","5,70","","42,00","","33,00","","22,00","","24,10","","90,04","","","","","","Généralement nuageux"
"1991-05-20 17:00","1991","05","20","17:00"," ","19,30","","8,90","","51,00","","33,00","","22,00","","24,10","","90,04","","","","","","Généralement nuageux"
"1991-05-20 18:00","1991","05","20","18:00"," ","18,50","","1,60","","32,00","","33,00","","26,00","","24,10","","90,04","","","","","","Généralement nuageux"
"1991-05-20 19:00","1991","05","20","19:00"," ","16,30","","1,20","","36,00","","32,00","","19,00","","24,10","","90,10","","","","","","Généralement dégagé"
"1991-05-20 20:00","1991","05","20","20:00"," ","14,60","","0,00","","37,00","","33,00","","13,00","","24,10","","90,17","","","","","","Généralement dégagé"
"1991-05-20 21:00","1991","05","20","21:00"," ","13,70","","-4,50","","28,00","","30,00","","19,00","","24,10","","90,29","","","","","","Généralement dégagé"
"1991-05-20 22:00","1991","05","20","22:00"," ","12,10","","-3,50","","33,00","","33,00","","15,00","","24,10","","90,35","","","","","","Généralement dégagé"
"1991-05-20 23:00","1991","05","20","23:00"," ","10,50","","-5,90","","31,00","","32,00","","19,00","","24,10","","90,38","","","","","","Généralement dégagé"
"1991-05-21 00:00","1991","05","21","00:00"," ","8,70","","-5,00","","37,00","","32,00","","13,00","","24,10","","90,38","","","","","","Généralement dégagé"
"1991-05-21 01:00","1991","05","21","01:00"," ","7,80","","-3,80","","44,00","","33,00","","13,00","","24,10","","90,44","","","","","","Dégagé"
"1991-05-21 02:00","1991","05","21","02:00"," ","5,90","","-3,60","","50,00","","33,00","","13,00","","24,10","","90,51","","","","","","Dégagé"
"1991-05-21 03:00","1991","05","21","03:00"," ","5,30","","-4,00","","51,00","","33,00","","11,00","","24,10","","90,51","","","","","","Dégagé"
"1991-05-21 04:00","1991","05","21","04:00"," ","5,70","","-3,90","","50,00","","33,00","","7,00","","24,10","","90,51","","","","","","Généralement dégagé"
"1991-05-21 05:00","1991","05","21","05:00"," ","5,30","","-3,70","","52,00","","33,00","","15,00","","24,10","","90,54","","","","","","Généralement dégagé"
"1991-05-21 06:00","1991","05","21","06:00"," ","5,50","","-2,80","","55,00","","33,00","","15,00","","24,10","","90,57","","","","","","Généralement dégagé"
"1991-05-21 07:00","1991","05","21","07:00"," ","6,20","","-1,90","","56,00","","33,00","","11,00","","24,10","","90,57","","","","","","Généralement dégagé"
"1991-05-21 08:00","1991","05","21","08:00"," ","7,30","","-1,90","","52,00","","31,00","","24,00","","24,10","","90,57","","","","","","Généralement nuageux"
"1991-05-21 09:00","1991","05","21","09:00"," ","8,70","","-3,60","","42,00","","26,00","","15,00","","24,10","","90,57","","","","","","Généralement nuageux"
"1991-05-21 10:00","1991","05","21","10:00"," ","9,50","","-2,90","","42,00","","32,00","","15,00","","24,10","","90,54","","","","","","Généralement nuageux"
"1991-05-21 11:00","1991","05","21","11:00"," ","10,50","","-2,30","","41,00","","30,00","","7,00","","24,10","","90,51","","","","","","Généralement nuageux"
"1991-05-21 12:00","1991","05","21","12:00"," ","10,00","","-2,20","","42,00","","30,00","","15,00","","24,10","","90,51","","","","","","Généralement nuageux"
"1991-05-21 13:00","1991","05","21","13:00"," ","11,60","","-2,60","","37,00","","26,00","","15,00","","24,10","","90,51","","","","","","Généralement nuageux"
"1991-05-21 14:00","1991","05","21","14:00"," ","12,80","","-4,50","","30,00","","34,00","","17,00","","24,10","","90,48","","","","","","Généralement nuageux"
"1991-05-21 15:00","1991","05","21","15:00"," ","12,80","","-5,90","","27,00","","31,00","","9,00","","24,10","","90,44","","","","","","Généralement dégagé"
"1991-05-21 16:00","1991","05","21","16:00"," ","12,60","","-5,40","","28,00","","35,00","","13,00","","24,10","","90,44","","","","","","Généralement dégagé"
"1991-05-21 17:00","1991","05","21","17:00"," ","13,00","","-5,80","","27,00","","30,00","","13,00","","24,10","","90,44","","","","","","Généralement nuageux"
"1991-05-21 18:00","1991","05","21","18:00"," ","11,80","","-5,50","","29,00","","31,00","","19,00","","24,10","","90,48","","","","","","Généralement nuageux"
"1991-05-21 19:00","1991","05","21","19:00"," ","10,90","","-4,40","","34,00","","33,00","","22,00","","24,10","","90,54","","","","","","Généralement nuageux"
"1991-05-21 20:00","1991","05","21","20:00"," ","9,30","","-3,20","","41,00","","32,00","","19,00","","24,10","","90,63","","","","","","Généralement nuageux"
"1991-05-21 21:00","1991","05","21","21:00"," ","8,80","","-3,10","","43,00","","32,00","","11,00","","24,10","","90,69","","","","","","Généralement nuageux"
"1991-05-21 22:00","1991","05","21","22:00"," ","7,80","","-5,10","","40,00","","32,00","","15,00","","24,10","","90,75","","","","","","Généralement nuageux"
"1991-05-21 23:00","1991","05","21","23:00"," ","6,90","","-5,00","","42,00","","32,00","","17,00","","24,10","","90,75","","","","","","Généralement nuageux"
"1991-05-22 00:00","1991","05","22","00:00"," ","6,40","","-5,00","","44,00","","33,00","","15,00","","24,10","","90,78","","","","","","Généralement dégagé"
"1991-05-22 01:00","1991","05","22","01:00"," ","5,40","","-4,90","","47,00","","30,00","","7,00","","24,10","","90,82","","","","","","Généralement dégagé"
"1991-05-22 02:00","1991","05","22","02:00"," ","4,80","","-5,00","","49,00","","33,00","","9,00","","24,10","","90,85","","","","","","Généralement nuageux"
"1991-05-22 03:00","1991","05","22","03:00"," ","4,30","","-5,10","","50,00","","33,00","","9,00","","24,10","","90,85","","","","","","Généralement nuageux"
"1991-05-22 04:00","1991","05","22","04:00"," ","3,30","","-4,80","","55,00","","0,00","","0,00","","24,10","","90,85","","","","","","Généralement dégagé"
"1991-05-22 05:00","1991","05","22","05:00"," ","3,20","","-4,80","","56,00","","0,00","","0,00","","24,10","","90,91","","","","","","Généralement nuageux"
"1991-05-22 06:00","1991","05","22","06:00"," ","3,80","","-4,40","","55,00","","0,00","","0,00","","24,10","","90,91","","","","","","Généralement nuageux"
"1991-05-22 07:00","1991","05","22","07:00"," ","5,00","","-3,50","","54,00","","27,00","","6,00","","24,10","","90,91","","","","","","Généralement nuageux"
"1991-05-22 08:00","1991","05","22","08:00"," ","5,80","","-4,20","","49,00","","6,00","","6,00","","24,10","","90,91","","","","","","Généralement nuageux"
"1991-05-22 09:00","1991","05","22","09:00"," ","7,80","","-4,50","","41,00","","31,00","","6,00","","24,10","","90,88","","","","","","Généralement dégagé"
"1991-05-22 10:00","1991","05","22","10:00"," ","8,00","","-6,80","","34,00","","36,00","","6,00","","24,10","","90,85","","","","","","Généralement nuageux"
"1991-05-22 11:00","1991","05","22","11:00"," ","9,20","","-5,80","","34,00","","29,00","","9,00","","24,10","","90,85","","","","","","Généralement nuageux"
"1991-05-22 12:00","1991","05","22","12:00"," ","9,00","","-6,00","","34,00","","29,00","","15,00","","24,10","","90,85","","","","","","Généralement nuageux"
"1991-05-22 13:00","1991","05","22","13:00"," ","9,20","","-4,20","","38,00","","25,00","","7,00","","24,10","","90,85","","","","","","Généralement nuageux"
"1991-05-22 14:00","1991","05","22","14:00"," ","9,80","","-6,00","","32,00","","36,00","","13,00","","24,10","","90,85","","","","","","Généralement nuageux"
"1991-05-22 15:00","1991","05","22","15:00"," ","11,30","","-4,30","","33,00","","28,00","","15,00","","24,10","","90,85","","","","","","Généralement dégagé"
"1991-05-22 16:00","1991","05","22","16:00"," ","11,50","","-4,40","","33,00","","30,00","","17,00","","24,10","","90,85","","","","","","Généralement nuageux"
"1991-05-22 17:00","1991","05","22","17:00"," ","10,20","","-6,00","","31,00","","28,00","","6,00","","24,10","","90,82","","","","","","Généralement nuageux"
"1991-05-22 18:00","1991","05","22","18:00"," ","10,20","","-6,10","","31,00","","30,00","","9,00","","24,10","","90,85","","","","","","Généralement nuageux"
"1991-05-22 19:00","1991","05","22","19:00"," ","8,70","","-3,80","","41,00","","17,00","","6,00","","24,10","","90,85","","","","","","Généralement dégagé"
"1991-05-22 20:00","1991","05","22","20:00"," ","8,10","","-3,90","","42,00","","21,00","","6,00","","24,10","","90,91","","","","","","Généralement dégagé"
"1991-05-22 21:00","1991","05","22","21:00"," ","7,70","","-3,30","","46,00","","25,00","","13,00","","24,10","","90,97","","","","","","Généralement nuageux"
"1991-05-22 22:00","1991","05","22","22:00"," ","6,60","","-1,20","","57,00","","19,00","","2,00","","24,10","","91,03","","","","","","Généralement nuageux"
"1991-05-22 23:00","1991","05","22","23:00"," ","5,00","","-1,60","","62,00","","33,00","","11,00","","24,10","","91,06","","","","","","Généralement nuageux"
"1991-05-23 00:00","1991","05","23","00:00"," ","3,80","","-1,70","","67,00","","0,00","","0,00","","24,10","","91,09","","","","","","Généralement dégagé"
"1991-05-23 01:00","1991","05","23","01:00"," ","3,90","","-1,90","","66,00","","33,00","","7,00","","24,10","","91,09","","","","","","Généralement dégagé"
"1991-05-23 02:00","1991","05","23","02:00"," ","2,10","","-2,10","","74,00","","36,00","","4,00","","24,10","","91,09","","","","","","Généralement dégagé"
"1991-05-23 03:00","1991","05","23","03:00"," ","0,10","","-2,70","","81,00","","0,00","","0,00","","24,10","","91,13","","","","","","Généralement dégagé"
"1991-05-23 04:00","1991","05","23","04:00"," ","-1,20","","-3,30","","86,00","","0,00","","0,00","","24,10","","91,13","","","","","","Dégagé"
"1991-05-23 05:00","1991","05","23","05:00"," ","0,40","","-2,50","","81,00","","0,00","","0,00","","24,10","","91,13","","","","","","Dégagé"
"1991-05-23 06:00","1991","05","23","06:00"," ","3,70","","-0,30","","75,00","","0,00","","0,00","","24,10","","91,19","","","","","","Dégagé"
"1991-05-23 07:00","1991","05","23","07:00"," ","5,30","","0,00","","69,00","","35,00","","4,00","","24,10","","91,25","","","","","","Dégagé"
"1991-05-23 08:00","1991","05","23","08:00"," ","6,60","","-0,20","","62,00","","34,00","","13,00","","24,10","","91,22","","","","","","Généralement dégagé"
"1991-05-23 09:00","1991","05","23","09:00"," ","7,80","","0,00","","58,00","","5,00","","6,00","","24,10","","91,19","","","","","","Généralement nuageux"
"1991-05-23 10:00","1991","05","23","10:00"," ","9,60","","-1,30","","47,00","","32,00","","13,00","","24,10","","91,16","","","","","","Généralement nuageux"
"1991-05-23 11:00","1991","05","23","11:00"," ","11,20","","-3,10","","36,00","","8,00","","9,00","","24,10","","91,13","","","","","","Généralement nuageux"
"1991-05-23 12:00","1991","05","23","12:00"," ","9,20","","-0,50","","51,00","","33,00","","15,00","","24,10","","91,09","","","","","","Averses de pluie"
"1991-05-23 13:00","1991","05","23","13:00"," ","9,70","","0,50","","53,00","","31,00","","15,00","","24,10","","91,09","","","","","","Généralement dégagé"
"1991-05-23 14:00","1991","05","23","14:00"," ","10,50","","-2,10","","41,00","","1,00","","4,00","","24,10","","91,06","","","","","","Généralement dégagé"
"1991-05-23 15:00","1991","05","23","15:00"," ","11,40","","-1,10","","42,00","","34,00","","4,00","","24,10","","91,03","","","","","","Généralement dégagé"
"1991-05-23 16:00","1991","05","23","16:00"," ","12,10","","-2,70","","35,00","","8,00","","4,00","","24,10","","90,94","","","","","","Généralement nuageux"
"1991-05-23 17:00","1991","05","23","17:00"," ","11,90","","-3,40","","34,00","","15,00","","9,00","","24,10","","90,88","","","","","","Généralement dégagé"
"1991-05-23 18:00","1991","05","23","18:00"," ","12,50","","-4,40","","30,00","","4,00","","9,00","","24,10","","90,85","","","","","","Généralement nuageux"
"1991-05-23 19:00","1991","05","23","19:00"," ","11,90","","-3,10","","35,00","","5,00","","9,00","","24,10","","90,85","","","","","","Généralement nuageux"
"1991-05-23 20:00","1991","05","23","20:00"," ","10,10","","-1,80","","43,00","","2,00","","9,00","","24,10","","90,85","","","","","","Généralement nuageux"
"1991-05-23 21:00","1991","05","23","21:00"," ","8,40","","-1,70","","49,00","","36,00","","7,00","","24,10","","90,88","","","","","","Généralement nuageux"
"1991-05-23 22:00","1991","05","23","22:00"," ","7,40","","-1,20","","54,00","","36,00","","6,00","","24,10","","90,85","","","","","","Généralement nuageux"
"1991-05-23 23:00","1991","05","23","23:00"," ","6,80","","-0,90","","58,00","","35,00","","13,00","","24,10","","90,82","","","","","","Généralement nuageux"
"1991-05-24 00:00","1991","05","24","00:00"," ","6,40","","-0,70","","60,00","","35,00","","9,00","","24,10","","90,78","","","","","","Généralement nuageux"
"1991-05-24 01:00","1991","05","24","01:00"," ","5,40","","-0,20","","67,00","","0,00","","0,00","","24,10","","90,69","","","","","","Généralement nuageux"
"1991-05-24 02:00","1991","05","24","02:00"," ","5,70","","-0,30","","65,00","","35,00","","6,00","","24,10","","90,69","","","","","","Généralement nuageux"
"1991-05-24 03:00","1991","05","24","03:00"," ","5,10","","0,10","","70,00","","0,00","","0,00","","24,10","","90,69","","","","","","Généralement nuageux"
"1991-05-24 04:00","1991","05","24","04:00"," ","4,60","","0,00","","72,00","","0,00","","0,00","","24,10","","90,69","","","","","","Généralement nuageux"
"1991-05-24 05:00","1991","05","24","05:00"," ","4,70","","0,30","","73,00","","0,00","","0,00","","24,10","","90,66","","","","","","Généralement nuageux"
"1991-05-24 06:00","1991","05","24","06:00"," ","4,50","","1,00","","78,00","","36,00","","6,00","","24,10","","90,66","","","","","","Pluie"
"1991-05-24 07:00","1991","05","24","07:00"," ","4,30","","2,00","","85,00","","34,00","","6,00","","24,10","","90,63","","","","","","Pluie"
"1991-05-24 08:00","1991","05","24","08:00"," ","4,50","","2,40","","86,00","","33,00","","4,00","","24,10","","90,57","","","","","","Pluie"
"1991-05-24 09:00","1991","05","24","09:00"," ","5,90","","4,60","","91,00","","27,00","","6,00","","24,10","","90,57","","","","","","Pluie"
"1991-05-24 10:00","1991","05","24","10:00"," ","5,90","","3,60","","85,00","","34,00","","7,00","","24,10","","90,57","","","","","","Pluie"
"1991-05-24 11:00","1991","05","24","11:00"," ","6,30","","2,60","","77,00","","36,00","","7,00","","24,10","","90,51","","","","","","Pluie"
"1991-05-24 12:00","1991","05","24","12:00"," ","6,90","","2,60","","74,00","","31,00","","9,00","","24,10","","90,48","","","","","","Nuageux"
"1991-05-24 13:00","1991","05","24","13:00"," ","8,30","","2,70","","68,00","","34,00","","13,00","","24,10","","90,44","","","","","","Averses de pluie"
"1991-05-24 14:00","1991","05","24","14:00"," ","8,90","","1,80","","61,00","","33,00","","7,00","","24,10","","90,41","","","","","","Généralement nuageux"
"1991-05-24 15:00","1991","05","24","15:00"," ","10,90","","2,10","","55,00","","33,00","","11,00","","24,10","","90,35","","","","","","Généralement nuageux"
"1991-05-24 16:00","1991","05","24","16:00"," ","9,90","","1,10","","54,00","","27,00","","4,00","","24,10","","90,35","","","","","","Généralement nuageux"
"1991-05-24 17:00","1991","05","24","17:00"," ","4,40","","1,60","","82,00","","12,00","","11,00","","24,10","","90,35","","","","","","Averses de pluie"
"1991-05-24 18:00","1991","05","24","18:00"," ","7,00","","4,40","","83,00","","12,00","","9,00","","24,10","","90,35","","","","","","Généralement nuageux"
"1991-05-24 19:00","1991","05","24","19:00"," ","6,60","","4,90","","89,00","","0,00","","0,00","","24,10","","90,38","","","","","","Généralement nuageux"
"1991-05-24 20:00","1991","05","24","20:00"," ","6,00","","5,20","","95,00","","4,00","","13,00","","24,10","","90,44","","","","","","Averses de pluie"
"1991-05-24 21:00","1991","05","24","21:00"," ","5,00","","3,90","","93,00","","20,00","","11,00","","24,10","","90,41","","","","","","Généralement nuageux"
"1991-05-24 22:00","1991","05","24","22:00"," ","4,90","","4,50","","97,00","","0,00","","0,00","","24,10","","90,44","","","","","","Généralement nuageux"
"1991-05-24 23:00","1991","05","24","23:00"," ","4,50","","4,20","","98,00","","0,00","","0,00","","24,10","","90,44","","","","","","Généralement nuageux"
"1991-05-25 00:00","1991","05","25","00:00"," ","4,30","","4,20","","100,00","","15,00","","4,00","","24,10","","90,44","","","","","","Généralement dégagé"
"1991-05-25 01:00","1991","05","25","01:00"," ","3,10","","3,00","","99,00","","0,00","","0,00","","24,10","","90,41","","","","","","Généralement dégagé"
"1991-05-25 02:00","1991","05","25","02:00"," ","1,70","","1,40","","98,00","","0,00","","0,00","","6,40","","90,41","","","","","","Brouillard"
"1991-05-25 03:00","1991","05","25","03:00"," ","1,20","","1,20","","100,00","","0,00","","0,00","","4,80","","90,41","","","","","","Brouillard"
"1991-05-25 04:00","1991","05","25","04:00"," ","1,50","","1,20","","98,00","","24,00","","6,00","","0,80","","90,41","","","","","","Brouillard"
"1991-05-25 05:00","1991","05","25","05:00"," ","2,20","","2,20","","100,00","","0,00","","0,00","","24,10","","90,41","","","","","","Généralement dégagé"
"1991-05-25 06:00","1991","05","25","06:00"," ","3,50","","3,20","","98,00","","0,00","","0,00","","24,10","","90,48","","","","","","Généralement nuageux"
"1991-05-25 07:00","1991","05","25","07:00"," ","6,20","","3,00","","80,00","","27,00","","7,00","","24,10","","90,51","","","","","","Généralement dégagé"
"1991-05-25 08:00","1991","05","25","08:00"," ","7,70","","1,90","","67,00","","32,00","","11,00","","24,10","","90,51","","","","","","Généralement dégagé"
"1991-05-25 09:00","1991","05","25","09:00"," ","8,90","","1,50","","60,00","","33,00","","15,00","","24,10","","90,51","","","","","","Généralement nuageux"
"1991-05-25 10:00","1991","05","25","10:00"," ","9,90","","1,70","","57,00","","31,00","","15,00","","24,10","","90,51","","","","","","Généralement nuageux"
"1991-05-25 11:00","1991","05","25","11:00"," ","10,90","","0,60","","49,00","","35,00","","17,00","","24,10","","90,51","","","","","","Généralement nuageux"
"1991-05-25 12:00","1991","05","25","12:00"," ","11,80","","-0,90","","41,00","","31,00","","15,00","","24,10","","90,48","","","","","","Généralement nuageux"
"1991-05-25 13:00","1991","05","25","13:00"," ","13,60","","-1,00","","36,00","","30,00","","15,00","","24,10","","90,48","","","","","","Généralement nuageux"
"1991-05-25 14:00","1991","05","25","14:00"," ","13,90","","-2,40","","32,00","","34,00","","15,00","","24,10","","90,44","","","","","","Généralement nuageux"
"1991-05-25 15:00","1991","05","25","15:00"," ","14,10","","-3,20","","30,00","","34,00","","9,00","","24,10","","90,44","","","","","","Généralement nuageux"
"1991-05-25 16:00","1991","05","25","16:00"," ","14,00","","-2,10","","33,00","","0,00","","0,00","","24,10","","90,44","","","","","","Généralement nuageux"
"1991-05-25 17:00","1991","05","25","17:00"," ","14,40","","-2,20","","32,00","","3,00","","4,00","","24,10","","90,44","","","","","","Généralement nuageux"
"1991-05-25 18:00","1991","05","25","18:00"," ","13,90","","-0,60","","37,00","","29,00","","4,00","","24,10","","90,44","","","","","","Généralement nuageux"
"1991-05-25 19:00","1991","05","25","19:00"," ","11,70","","1,60","","50,00","","27,00","","9,00","","24,10","","90,51","","","","","","Généralement nuageux"
"1991-05-25 20:00","1991","05","25","20:00"," ","10,30","","3,20","","62,00","","25,00","","13,00","","24,10","","90,57","","","","","","Généralement nuageux"
"1991-05-25 21:00","1991","05","25","21:00"," ","9,10","","4,10","","71,00","","25,00","","13,00","","24,10","","90,63","","","","","","Généralement nuageux"
"1991-05-25 22:00","1991","05","25","22:00"," ","8,50","","4,10","","74,00","","24,00","","9,00","","24,10","","90,66","","","","","","Généralement nuageux"
"1991-05-25 23:00","1991","05","25","23:00"," ","8,00","","3,60","","74,00","","27,00","","9,00","","24,10","","90,69","","","","","","Généralement nuageux"
"1991-05-26 00:00","1991","05","26","00:00"," ","7,20","","3,50","","77,00","","0,00","","0,00","","24,10","","90,69","","","","","","Généralement nuageux"
"1991-05-26 01:00","1991","05","26","01:00"," ","5,20","","3,20","","87,00","","0,00","","0,00","","24,10","","90,69","","","","","","Généralement dégagé"
"1991-05-26 02:00","1991","05","26","02:00"," ","3,70","","2,40","","91,00","","0,00","","0,00","","24,10","","90,69","","","","","","Généralement dégagé"
"1991-05-26 03:00","1991","05","26","03:00"," ","4,00","","2,90","","92,00","","0,00","","0,00","","24,10","","90,69","","","","","","Généralement dégagé"
"1991-05-26 04:00","1991","05","26","04:00"," ","4,20","","3,30","","94,00","","0,00","","0,00","","24,10","","90,69","","","","","","Généralement nuageux"
"1991-05-26 05:00","1991","05","26","05:00"," ","5,60","","4,40","","92,00","","0,00","","0,00","","24,10","","90,72","","","","","","Averses de pluie"
"1991-05-26 06:00","1991","05","26","06:00"," ","6,30","","4,60","","89,00","","0,00","","0,00","","24,10","","90,75","","","","","","Généralement nuageux"
"1991-05-26 07:00","1991","05","26","07:00"," ","6,90","","4,80","","86,00","","23,00","","6,00","","24,10","","90,78","","","","","","Averses de pluie"
"1991-05-26 08:00","1991","05","26","08:00"," ","6,70","","5,60","","93,00","","22,00","","6,00","","24,10","","90,78","","","","","","Averses de pluie"
"1991-05-26 09:00","1991","05","26","09:00"," ","8,50","","6,60","","88,00","","23,00","","6,00","","24,10","","90,78","","","","","","Généralement nuageux"
"1991-05-26 10:00","1991","05","26","10:00"," ","11,00","","6,40","","73,00","","0,00","","0,00","","24,10","","90,78","","","","","","Généralement nuageux"
"1991-05-26 11:00","1991","05","26","11:00"," ","12,40","","6,50","","67,00","","16,00","","15,00","","24,10","","90,78","","","","","","Généralement nuageux"
"1991-05-26 12:00","1991","05","26","12:00"," ","12,60","","6,10","","65,00","","11,00","","6,00","","24,10","","90,75","","","","","","Généralement nuageux"
"1991-05-26 13:00","1991","05","26","13:00"," ","13,60","","4,40","","54,00","","21,00","","13,00","","24,10","","90,72","","","","","","Généralement nuageux"
"1991-05-26 14:00","1991","05","26","14:00"," ","14,80","","3,20","","46,00","","21,00","","6,00","","24,10","","90,69","","","","","","Généralement nuageux"
"1991-05-26 15:00","1991","05","26","15:00"," ","15,40","","3,50","","45,00","","0,00","","0,00","","24,10","","90,66","","","","","","Généralement nuageux"
"1991-05-26 16:00","1991","05","26","16:00"," ","16,40","","4,20","","44,00","","18,00","","7,00","","24,10","","90,63","","","","","","Généralement dégagé"
"1991-05-26 17:00","1991","05","26","17:00"," ","16,70","","2,20","","38,00","","21,00","","9,00","","24,10","","90,57","","","","","","Généralement dégagé"
"1991-05-26 18:00","1991","05","26","18:00"," ","16,00","","0,80","","36,00","","20,00","","6,00","","24,10","","90,57","","","","","","Généralement dégagé"
"1991-05-26 19:00","1991","05","26","19:00"," ","14,30","","4,10","","50,00","","14,00","","13,00","","24,10","","90,57","","","","","","Généralement dégagé"
"1991-05-26 20:00","1991","05","26","20:00"," ","12,50","","5,40","","62,00","","14,00","","22,00","","24,10","","90,60","","","","","","Généralement nuageux"
"1991-05-26 21:00","1991","05","26","21:00"," ","11,50","","5,60","","67,00","","15,00","","17,00","","24,10","","90,66","","","","","","Averses de pluie"
"1991-05-26 22:00","1991","05","26","22:00"," ","10,50","","6,40","","76,00","","13,00","","13,00","","24,10","","90,66","","","","","","Généralement nuageux"
"1991-05-26 23:00","1991","05","26","23:00"," ","10,20","","6,40","","77,00","","13,00","","15,00","","24,10","","90,69","","","","","","Averses de pluie"
"1991-05-27 00:00","1991","05","27","00:00"," ","9,60","","5,50","","76,00","","18,00","","4,00","","24,10","","90,69","","","","","","Généralement dégagé"
"1991-05-27 01:00","1991","05","27","01:00"," ","8,50","","6,40","","87,00","","13,00","","4,00","","24,10","","90,75","","","","","","Généralement dégagé"
"1991-05-27 02:00","1991","05","27","02:00"," ","8,40","","4,50","","76,00","","0,00","","0,00","","24,10","","90,78","","","","","","Généralement dégagé"
"1991-05-27 03:00","1991","05","27","03:00"," ","6,60","","2,70","","76,00","","24,00","","6,00","","24,10","","90,78","","","","","","Généralement dégagé"
"1991-05-27 04:00","1991","05","27","04:00"," ","5,60","","1,70","","76,00","","0,00","","0,00","","24,10","","90,82","","","","","","Généralement dégagé"
"1991-05-27 05:00","1991","05","27","05:00"," ","6,60","","4,70","","88,00","","0,00","","0,00","","24,10","","90,85","","","","","","Généralement dégagé"
"1991-05-27 06:00","1991","05","27","06:00"," ","7,80","","2,90","","71,00","","36,00","","7,00","","24,10","","90,88","","","","","","Généralement dégagé"
"1991-05-27 07:00","1991","05","27","07:00"," ","9,50","","3,10","","64,00","","33,00","","7,00","","24,10","","90,91","","","","","","Généralement dégagé"
"1991-05-27 08:00","1991","05","27","08:00"," ","10,60","","1,10","","52,00","","31,00","","19,00","","24,10","","90,91","","","","","","Généralement dégagé"
"1991-05-27 09:00","1991","05","27","09:00"," ","11,70","","2,50","","53,00","","36,00","","6,00","","24,10","","90,94","","","","","","Généralement dégagé"
"1991-05-27 10:00","1991","05","27","10:00"," ","12,80","","2,10","","48,00","","36,00","","6,00","","24,10","","90,94","","","","","","Généralement dégagé"
"1991-05-27 11:00","1991","05","27","11:00"," ","13,90","","2,90","","47,00","","36,00","","9,00","","24,10","","90,88","","","","","","Généralement dégagé"
"1991-05-27 12:00","1991","05","27","12:00"," ","15,30","","2,60","","43,00","","4,00","","6,00","","24,10","","90,85","","","","","","Généralement dégagé"
"1991-05-27 13:00","1991","05","27","13:00"," ","16,60","","3,10","","40,00","","28,00","","6,00","","24,10","","90,82","","","","","","Généralement dégagé"
"1991-05-27 14:00","1991","05","27","14:00"," ","17,50","","0,60","","32,00","","27,00","","15,00","","24,10","","90,78","","","","","","Généralement dégagé"
"1991-05-27 15:00","1991","05","27","15:00"," ","17,80","","-0,90","","28,00","","9,00","","7,00","","24,10","","90,75","","","","","","Généralement dégagé"
"1991-05-27 16:00","1991","05","27","16:00"," ","18,70","","0,20","","29,00","","27,00","","15,00","","24,10","","90,72","","","","","","Généralement dégagé"
"1991-05-27 17:00","1991","05","27","17:00"," ","19,30","","0,80","","29,00","","26,00","","19,00","","24,10","","90,72","","","","","","Généralement dégagé"
"1991-05-27 18:00","1991","05","27","18:00"," ","17,00","","3,80","","41,00","","11,00","","22,00","","24,10","","90,72","","","","","","Généralement dégagé"
"1991-05-27 19:00","1991","05","27","19:00"," ","15,60","","4,60","","48,00","","12,00","","11,00","","24,10","","90,72","","","","","","Généralement dégagé"
"1991-05-27 20:00","1991","05","27","20:00"," ","13,80","","4,20","","52,00","","14,00","","13,00","","24,10","","90,75","","","","","","Généralement dégagé"
"1991-05-27 21:00","1991","05","27","21:00"," ","12,00","","4,70","","61,00","","14,00","","7,00","","24,10","","90,78","","","","","","Généralement dégagé"
"1991-05-27 22:00","1991","05","27","22:00"," ","11,70","","5,10","","64,00","","14,00","","11,00","","24,10","","90,78","","","","","","Généralement dégagé"
"1991-05-27 23:00","1991","05","27","23:00"," ","9,80","","3,80","","66,00","","0,00","","0,00","","24,10","","90,75","","","","","","Généralement dégagé"
"1991-05-28 00:00","1991","05","28","00:00"," ","10,00","","3,90","","66,00","","15,00","","6,00","","24,10","","90,75","","","","","","Généralement dégagé"
"1991-05-28 01:00","1991","05","28","01:00"," ","9,00","","3,60","","69,00","","15,00","","6,00","","24,10","","90,75","","","","","","Généralement dégagé"
"1991-05-28 02:00","1991","05","28","02:00"," ","5,70","","3,00","","83,00","","0,00","","0,00","","24,10","","90,78","","","","","","Généralement dégagé"
"1991-05-28 03:00","1991","05","28","03:00"," ","6,00","","2,70","","79,00","","0,00","","0,00","","24,10","","90,82","","","","","","Généralement dégagé"
"1991-05-28 04:00","1991","05","28","04:00"," ","5,20","","1,30","","76,00","","0,00","","0,00","","24,10","","90,82","","","","","","Généralement dégagé"
"1991-05-28 05:00","1991","05","28","05:00"," ","5,40","","2,50","","82,00","","0,00","","0,00","","24,10","","90,85","","","","","","Généralement dégagé"
"1991-05-28 06:00","1991","05","28","06:00"," ","8,60","","1,20","","60,00","","30,00","","4,00","","24,10","","90,85","","","","","","Dégagé"
"1991-05-28 07:00","1991","05","28","07:00"," ","10,40","","2,60","","59,00","","0,00","","0,00","","24,10","","90,85","","","","","","Dégagé"
"1991-05-28 08:00","1991","05","28","08:00"," ","11,70","","3,00","","55,00","","30,00","","6,00","","24,10","","90,82","","","","","","Dégagé"
"1991-05-28 09:00","1991","05","28","09:00"," ","14,00","","3,80","","50,00","","0,00","","0,00","","24,10","","90,78","","","","","","Dégagé"
"1991-05-28 10:00","1991","05","28","10:00"," ","15,60","","3,70","","45,00","","23,00","","6,00","","24,10","","90,75","","","","","","Dégagé"
"1991-05-28 11:00","1991","05","28","11:00"," ","16,00","","3,60","","44,00","","24,00","","11,00","","24,10","","90,69","","","","","","Généralement dégagé"
"1991-05-28 12:00","1991","05","28","12:00"," ","17,60","","2,50","","36,00","","16,00","","17,00","","24,10","","90,63","","","","","","Généralement dégagé"
"1991-05-28 13:00","1991","05","28","13:00"," ","19,40","","2,10","","32,00","","14,00","","15,00","","24,10","","90,51","","","","","","Généralement dégagé"
"1991-05-28 14:00","1991","05","28","14:00"," ","20,00","","-0,50","","25,00","","18,00","","19,00","","24,10","","90,41","","","","","","Généralement dégagé"
"1991-05-28 15:00","1991","05","28","15:00"," ","20,90","","-0,70","","23,00","","14,00","","22,00","","24,10","","90,32","","","","","","Généralement dégagé"
"1991-05-28 16:00","1991","05","28","16:00"," ","20,70","","0,10","","25,00","","0,00","","0,00","","24,10","","90,26","","","","","","Généralement dégagé"
"1991-05-28 17:00","1991","05","28","17:00"," ","20,10","","0,30","","27,00","","15,00","","7,00","","24,10","","90,20","","","","","","Généralement dégagé"
"1991-05-28 18:00","1991","05","28","18:00"," ","18,60","","2,00","","33,00","","22,00","","7,00","","24,10","","90,17","","","","","","Généralement nuageux"
"1991-05-28 19:00","1991","05","28","19:00"," ","17,30","","2,90","","38,00","","27,00","","6,00","","24,10","","90,10","","","","","","Généralement nuageux"
"1991-05-28 20:00","1991","05","28","20:00"," ","16,00","","5,50","","50,00","","0,00","","0,00","","24,10","","90,07","","","","","","Généralement nuageux"
"1991-05-28 21:00","1991","05","28","21:00"," ","15,10","","4,40","","49,00","","12,00","","7,00","","24,10","","90,07","","","","","","Généralement nuageux"
"1991-05-28 22:00","1991","05","28","22:00"," ","14,50","","2,50","","44,00","","24,00","","15,00","","24,10","","90,07","","","","","","Généralement dégagé"
"1991-05-28 23:00","1991","05","28","23:00"," ","12,90","","0,70","","43,00","","22,00","","4,00","","24,10","","90,07","","","","","","Généralement dégagé"
"1991-05-29 00:00","1991","05","29","00:00"," ","10,30","","0,60","","51,00","","0,00","","0,00","","24,10","","90,07","","","","","","Généralement dégagé"
"1991-05-29 01:00","1991","05","29","01:00"," ","8,20","","0,20","","57,00","","19,00","","6,00","","24,10","","90,04","","","","","","Généralement dégagé"
"1991-05-29 02:00","1991","05","29","02:00"," ","6,50","","-0,40","","61,00","","0,00","","0,00","","24,10","","89,98","","","","","","Généralement dégagé"
"1991-05-29 03:00","1991","05","29","03:00"," ","4,00","","-0,10","","74,00","","13,00","","7,00","","24,10","","89,95","","","","","","Généralement dégagé"
"1991-05-29 04:00","1991","05","29","04:00"," ","3,80","","0,00","","76,00","","14,00","","7,00","","24,10","","89,92","","","","","","Dégagé"
"1991-05-29 05:00","1991","05","29","05:00"," ","7,20","","0,70","","63,00","","14,00","","9,00","","24,10","","89,86","","","","","","Généralement dégagé"
"1991-05-29 06:00","1991","05","29","06:00"," ","8,30","","1,80","","64,00","","13,00","","19,00","","24,10","","89,83","","","","","","Généralement nuageux"
"1991-05-29 07:00","1991","05","29","07:00"," ","9,10","","2,10","","62,00","","14,00","","17,00","","24,10","","89,80","","","","","","Généralement nuageux"
"1991-05-29 08:00","1991","05","29","08:00"," ","11,10","","2,20","","54,00","","15,00","","19,00","","24,10","","89,76","","","","","","Généralement nuageux"
"1991-05-29 09:00","1991","05","29","09:00"," ","12,10","","1,80","","49,00","","12,00","","22,00","","24,10","","89,70","","","","","","Généralement nuageux"
"1991-05-29 10:00","1991","05","29","10:00"," ","12,80","","2,60","","50,00","","16,00","","17,00","","24,10","","89,64","","","","","","Généralement nuageux"
"1991-05-29 11:00","1991","05","29","11:00"," ","14,40","","2,00","","43,00","","16,00","","17,00","","24,10","","89,55","","","","","","Généralement nuageux"
"1991-05-29 12:00","1991","05","29","12:00"," ","16,00","","1,40","","37,00","","16,00","","19,00","","24,10","","89,49","","","","","","Généralement nuageux"
"1991-05-29 13:00","1991","05","29","13:00"," ","16,20","","0,40","","34,00","","12,00","","11,00","","24,10","","89,42","","","","","","Généralement nuageux"
"1991-05-29 14:00","1991","05","29","14:00"," ","18,50","","0,60","","30,00","","15,00","","20,00","","24,10","","89,36","","","","","","Généralement nuageux"
"1991-05-29 15:00","1991","05","29","15:00"," ","18,00","","-0,20","","29,00","","14,00","","19,00","","24,10","","89,30","","","","","","Généralement nuageux"
"1991-05-29 16:00","1991","05","29","16:00"," ","17,30","","-0,70","","29,00","","11,00","","19,00","","24,10","","89,24","","","","","","Généralement nuageux"
"1991-05-29 17:00","1991","05","29","17:00"," ","17,80","","-0,70","","29,00","","20,00","","19,00","","24,10","","89,21","","","","","","Généralement nuageux"
"1991-05-29 18:00","1991","05","29","18:00"," ","16,70","","-0,70","","30,00","","22,00","","7,00","","24,10","","89,21","","","","","","Généralement nuageux"
"1991-05-29 19:00","1991","05","29","19:00"," ","16,20","","-0,70","","31,00","","22,00","","6,00","","24,10","","89,21","","","","","","Généralement nuageux"
"1991-05-29 20:00","1991","05","29","20:00"," ","14,40","","1,10","","40,00","","12,00","","4,00","","24,10","","89,27","","","","","","Nuageux"
"1991-05-29 21:00","1991","05","29","21:00"," ","13,50","","1,60","","44,00","","0,00","","0,00","","24,10","","89,33","","","","","","Nuageux"
"1991-05-29 22:00","1991","05","29","22:00"," ","13,20","","2,00","","46,00","","36,00","","6,00","","24,10","","89,33","","","","","","Nuageux"
"1991-05-29 23:00","1991","05","29","23:00"," ","11,80","","3,00","","55,00","","33,00","","7,00","","24,10","","89,39","","","","","","Nuageux"
"1991-05-30 00:00","1991","05","30","00:00"," ","11,00","","3,00","","58,00","","9,00","","6,00","","24,10","","89,39","","","","","","Généralement nuageux"
"1991-05-30 01:00","1991","05","30","01:00"," ","9,50","","2,90","","63,00","","0,00","","0,00","","24,10","","89,42","","","","","","Généralement dégagé"
"1991-05-30 02:00","1991","05","30","02:00"," ","9,50","","3,00","","64,00","","5,00","","4,00","","24,10","","89,49","","","","","","Généralement nuageux"
"1991-05-30 03:00","1991","05","30","03:00"," ","9,30","","3,60","","68,00","","0,00","","0,00","","24,10","","89,55","","","","","","Généralement nuageux"
"1991-05-30 04:00","1991","05","30","04:00"," ","9,00","","4,00","","71,00","","0,00","","0,00","","24,10","","89,61","","","","","","Généralement nuageux"
"1991-05-30 05:00","1991","05","30","05:00"," ","9,20","","3,70","","68,00","","0,00","","0,00","","24,10","","89,70","","","","","","Généralement dégagé"
"1991-05-30 06:00","1991","05","30","06:00"," ","10,10","","3,80","","65,00","","29,00","","4,00","","24,10","","89,76","","","","","","Généralement dégagé"
"1991-05-30 07:00","1991","05","30","07:00"," ","10,80","","3,00","","59,00","","21,00","","7,00","","24,10","","89,83","","","","","","Généralement dégagé"
"1991-05-30 08:00","1991","05","30","08:00"," ","12,40","","4,10","","57,00","","24,00","","6,00","","24,10","","89,86","","","","","","Dégagé"
"1991-05-30 09:00","1991","05","30","09:00"," ","14,00","","4,70","","54,00","","24,00","","7,00","","24,10","","89,92","","","","","","Généralement dégagé"
"1991-05-30 10:00","1991","05","30","10:00"," ","14,70","","4,50","","50,00","","23,00","","11,00","","24,10","","89,95","","","","","","Généralement dégagé"
"1991-05-30 11:00","1991","05","30","11:00"," ","15,80","","4,90","","48,00","","18,00","","13,00","","24,10","","89,98","","","","","","Généralement dégagé"
"1991-05-30 12:00","1991","05","30","12:00"," ","15,60","","3,50","","44,00","","24,00","","4,00","","24,10","","90,01","","","","","","Généralement dégagé"
"1991-05-30 13:00","1991","05","30","13:00"," ","16,60","","4,10","","43,00","","30,00","","13,00","","24,10","","90,01","","","","","","Généralement nuageux"
"1991-05-30 14:00","1991","05","30","14:00"," ","16,80","","2,60","","39,00","","18,00","","11,00","","24,10","","90,01","","","","","","Généralement nuageux"
"1991-05-30 15:00","1991","05","30","15:00"," ","17,80","","2,70","","37,00","","27,00","","17,00","","24,10","","90,01","","","","","","Généralement nuageux"
"1991-05-30 16:00","1991","05","30","16:00"," ","18,40","","2,30","","34,00","","28,00","","15,00","","24,10","","90,01","","","","","","Généralement nuageux"
"1991-05-30 17:00","1991","05","30","17:00"," ","18,00","","2,30","","35,00","","20,00","","6,00","","24,10","","90,01","","","","","","Généralement nuageux"
"1991-05-30 18:00","1991","05","30","18:00"," ","16,70","","4,40","","44,00","","27,00","","6,00","","24,10","","90,01","","","","","","Averses de pluie"
"1991-05-30 19:00","1991","05","30","19:00"," ","16,00","","4,10","","45,00","","35,00","","11,00","","24,10","","90,10","","","","","","Généralement nuageux"
"1991-05-30 20:00","1991","05","30","20:00"," ","15,00","","1,00","","39,00","","26,00","","11,00","","24,10","","90,14","","","","","","Généralement nuageux"
"1991-05-30 21:00","1991","05","30","21:00"," ","13,50","","-0,80","","37,00","","27,00","","11,00","","24,10","","90,26","","","","","","Généralement dégagé"
"1991-05-30 22:00","1991","05","30","22:00"," ","11,90","","-1,70","","39,00","","24,00","","13,00","","24,10","","90,35","","","","","","Généralement dégagé"
"1991-05-30 23:00","1991","05","30","23:00"," ","10,40","","-1,80","","43,00","","0,00","","0,00","","24,10","","90,38","","","","","","Généralement dégagé"
"1991-05-31 00:00","1991","05","31","00:00"," ","6,60","","-0,30","","61,00","","0,00","","0,00","","24,10","","90,41","","","","","","Généralement dégagé"
"1991-05-31 01:00","1991","05","31","01:00"," ","6,20","","-0,40","","63,00","","0,00","","0,00","","24,10","","90,44","","","","","","Généralement dégagé"
"1991-05-31 02:00","1991","05","31","02:00"," ","5,60","","-1,00","","62,00","","0,00","","0,00","","24,10","","90,51","","","","","","Dégagé"
"1991-05-31 03:00","1991","05","31","03:00"," ","4,80","","-0,20","","70,00","","0,00","","0,00","","24,10","","90,54","","","","","","Généralement dégagé"
"1991-05-31 04:00","1991","05","31","04:00"," ","6,10","","-0,80","","61,00","","0,00","","0,00","","24,10","","90,54","","","","","","Généralement dégagé"
"1991-05-31 05:00","1991","05","31","05:00"," ","6,60","","-0,60","","60,00","","15,00","","13,00","","24,10","","90,57","","","","","","Généralement dégagé"
"1991-05-31 06:00","1991","05","31","06:00"," ","8,40","","1,10","","60,00","","13,00","","15,00","","24,10","","90,57","","","","","","Généralement dégagé"
"1991-05-31 07:00","1991","05","31","07:00"," ","10,30","","2,00","","56,00","","13,00","","19,00","","24,10","","90,60","","","","","","Généralement dégagé"
"1991-05-31 08:00","1991","05","31","08:00"," ","12,10","","2,00","","50,00","","16,00","","15,00","","24,10","","90,60","","","","","","Généralement nuageux"
"1991-05-31 09:00","1991","05","31","09:00"," ","13,40","","2,70","","48,00","","13,00","","17,00","","24,10","","90,57","","","","","","Généralement nuageux"
"1991-05-31 10:00","1991","05","31","10:00"," ","15,20","","2,60","","43,00","","9,00","","15,00","","24,10","","90,51","","","","","","Généralement nuageux"
"1991-05-31 11:00","1991","05","31","11:00"," ","15,60","","2,10","","40,00","","21,00","","13,00","","24,10","","90,48","","","","","","Généralement nuageux"
"1991-05-31 12:00","1991","05","31","12:00"," ","16,60","","1,30","","35,00","","25,00","","15,00","","24,10","","90,48","","","","","","Généralement nuageux"
"1991-05-31 13:00","1991","05","31","13:00"," ","18,40","","0,80","","31,00","","22,00","","20,00","","24,10","","90,41","","","","","","Généralement nuageux"
"1991-05-31 14:00","1991","05","31","14:00"," ","18,80","","0,90","","30,00","","22,00","","20,00","","24,10","","90,38","","","","","","Généralement nuageux"
"1991-05-31 15:00","1991","05","31","15:00"," ","18,90","","0,10","","28,00","","21,00","","19,00","","24,10","","90,35","","","","","","Généralement nuageux"
"1991-05-31 16:00","1991","05","31","16:00"," ","19,50","","-1,30","","25,00","","21,00","","13,00","","24,10","","90,29","","","","","","Généralement nuageux"
"1991-05-31 17:00","1991","05","31","17:00"," ","19,30","","-3,20","","22,00","","18,00","","17,00","","24,10","","90,23","","","","","","Généralement dégagé"
"1991-05-31 18:00","1991","05","31","18:00"," ","19,10","","-4,10","","20,00","","23,00","","19,00","","24,10","","90,23","","","","","","Généralement dégagé"
"1991-05-31 19:00","1991","05","31","19:00"," ","17,80","","-2,70","","25,00","","23,00","","19,00","","24,10","","90,26","","","","","","Généralement dégagé"
"1991-05-31 20:00","1991","05","31","20:00"," ","15,40","","-2,40","","29,00","","24,00","","19,00","","24,10","","90,29","","","","","","Généralement dégagé"
"1991-05-31 21:00","1991","05","31","21:00"," ","13,60","","-3,30","","31,00","","26,00","","22,00","","24,10","","90,41","","","","","","Généralement dégagé"
"1991-05-31 22:00","1991","05","31","22:00"," ","12,10","","-2,80","","35,00","","25,00","","22,00","","24,10","","90,48","","","","","","Dégagé"
"1991-05-31 23:00","1991","05","31","23:00"," ","9,90","","-2,30","","42,00","","24,00","","4,00","","24,10","","90,57","","","","","","Dégagé"
