"Nom de la Station","ROCK RIVER"
"Province","YUKON TERRITORY"
"Latitude","66,98"
"Longitude","-136,22"
"Altitude","731,00"
"Identification Climat","2100935"
"Identification OMM","71506"
"Identification TC","WRR"
"Toutes les heures sont exprimées en heure normale locale (HNL). Pour convertir l'heure locale en heure avancée de l'Est (HAE), ajoutez 1 heure s'il y a lieu."

"Légende"
"M","Données Manquantes"
"E","Valeur Estimée"
"ND","Non Disponible"
"**","Données fournies par un partenaire, non assujetties à un révision par les Archives climatiques nationales du Canada"

"Date/Heure","Année","Mois","Jour","Heure","Qualité des Données","Temp (°C)","Temp Indicateur","Point de rosée (°C)","Point de rosée Indicateur","Hum. rel (%)","Hum. rel. Indicateur","Dir. du vent (10s deg)","Dir. du vent Indicateur","Vit. du vent (km/h)","Vit. du vent Indicateur","Visibilité (km)","Visibilité Indicateur","Pression à la station (kPa)","Pression à la station Indicateur","Hmdx","Hmdx Indicateur","Refroid. éolien","Refroid. éolien Indicateur","Temps"
"2004-01-01 00:00","2004","01","01","00:00"," ","","","","","","","","","","","","","","","","","","",""
"2004-01-01 00:51","2004","01","01","00:51"," ","-27,00","","-29,90","","76,00","","17,00","","6,00","","","M","93,65","","","","-33,00","","ND"
"2004-01-01 01:00","2004","01","01","01:00"," ","","","","","","","","","","","","","","","","","","",""
"2004-01-01 01:51","2004","01","01","01:51"," ","-27,30","","-30,20","","76,00","","12,00","","2,00","","","M","93,69","","","","-29,00","","ND"
"2004-01-01 02:00","2004","01","01","02:00"," ","","","","","","","","","","","","","","","","","","",""
"2004-01-01 02:51","2004","01","01","02:51"," ","-26,00","","-28,50","","79,00","","11,00","","4,00","","","M","93,73","","","","-30,00","","ND"
"2004-01-01 03:00","2004","01","01","03:00"," ","","","","","","","","","","","","","","","","","","",""
"2004-01-01 03:51","2004","01","01","03:51"," ","-25,30","","-28,00","","78,00","","0,00","","0,00","","","M","93,76","","","","","","ND"
"2004-01-01 04:00","2004","01","01","04:00"," ","","","","","","","","","","","","","","","","","","",""
"2004-01-01 04:51","2004","01","01","04:51"," ","-26,20","","-29,10","","77,00","","17,00","","6,00","","","M","93,76","","","","-32,00","","ND"
"2004-01-01 05:00","2004","01","01","05:00"," ","","","","","","","","","","","","","","","","","","",""
"2004-01-01 05:51","2004","01","01","05:51"," ","-25,60","","-28,40","","77,00","","12,00","","4,00","","","M","93,76","","","","-30,00","","ND"
"2004-01-01 06:00","2004","01","01","06:00"," ","","","","","","","","","","","","","","","","","","",""
"2004-01-01 06:51","2004","01","01","06:51"," ","-25,00","","-27,50","","80,00","","0,00","","0,00","","","M","93,77","","","","","","ND"
"2004-01-01 07:00","2004","01","01","07:00"," ","","","","","","","","","","","","","","","","","","",""
"2004-01-01 07:51","2004","01","01","07:51"," ","-25,00","","-27,80","","77,00","","17,00","","2,00","","","M","93,74","","","","-27,00","","ND"
"2004-01-01 08:00","2004","01","01","08:00"," ","","","","","","","","","","","","","","","","","","",""
"2004-01-01 08:51","2004","01","01","08:51"," ","-23,60","","-25,90","","81,00","","0,00","","0,00","","","M","93,70","","","","","","ND"
"2004-01-01 09:00","2004","01","01","09:00"," ","","","","","","","","","","","","","","","","","","",""
"2004-01-01 09:51","2004","01","01","09:51"," ","-22,70","","-25,20","","80,00","","6,00","","2,00","","","M","93,67","","","","-25,00","","ND"
"2004-01-01 10:00","2004","01","01","10:00"," ","","","","","","","","","","","","","","","","","","",""
"2004-01-01 10:51","2004","01","01","10:51"," ","-23,50","","-26,20","","78,00","","0,00","","0,00","","","M","93,65","","","","","","ND"
"2004-01-01 11:00","2004","01","01","11:00"," ","","","","","","","","","","","","","","","","","","",""
"2004-01-01 11:51","2004","01","01","11:51"," ","-22,80","","-25,20","","81,00","","0,00","","0,00","","","M","93,63","","","","","","ND"
"2004-01-01 12:00","2004","01","01","12:00"," ","","","","","","","","","","","","","","","","","","",""
"2004-01-01 12:51","2004","01","01","12:51"," ","-23,20","","-25,90","","78,00","","12,00","","2,00","","","M","93,61","","","","-25,00","","ND"
"2004-01-01 13:00","2004","01","01","13:00"," ","","","","","","","","","","","","","","","","","","",""
"2004-01-01 13:51","2004","01","01","13:51"," ","-21,20","","-24,00","","78,00","","0,00","","0,00","","","M","93,57","","","","","","ND"
"2004-01-01 14:00","2004","01","01","14:00"," ","","","","","","","","","","","","","","","","","","",""
"2004-01-01 14:51","2004","01","01","14:51"," ","-19,80","","-23,20","","74,00","","0,00","","0,00","","","M","93,56","","","","","","ND"
"2004-01-01 15:00","2004","01","01","15:00"," ","","","","","","","","","","","","","","","","","","",""
"2004-01-01 15:51","2004","01","01","15:51"," ","-20,20","","-24,80","","67,00","","35,00","","2,00","","","M","93,53","","","","-22,00","","ND"
"2004-01-01 16:00","2004","01","01","16:00"," ","","","","","","","","","","","","","","","","","","",""
"2004-01-01 16:51","2004","01","01","16:51"," ","-19,90","","-24,70","","66,00","","31,00","","2,00","","","M","93,51","","","","-22,00","","ND"
"2004-01-01 17:00","2004","01","01","17:00"," ","","","","","","","","","","","","","","","","","","",""
"2004-01-01 17:51","2004","01","01","17:51"," ","-20,10","","-25,10","","64,00","","36,00","","2,00","","","M","93,47","","","","-22,00","","ND"
"2004-01-01 18:00","2004","01","01","18:00"," ","","","","","","","","","","","","","","","","","","",""
"2004-01-01 18:51","2004","01","01","18:51"," ","-20,20","","-25,30","","64,00","","0,00","","0,00","","","M","93,45","","","","","","ND"
"2004-01-01 19:00","2004","01","01","19:00"," ","","","","","","","","","","","","","","","","","","",""
"2004-01-01 19:51","2004","01","01","19:51"," ","-20,60","","-25,70","","64,00","","0,00","","0,00","","","M","93,42","","","","","","ND"
"2004-01-01 20:00","2004","01","01","20:00"," ","","","","","","","","","","","","","","","","","","",""
"2004-01-01 20:51","2004","01","01","20:51"," ","-19,50","","-25,00","","62,00","","35,00","","2,00","","","M","93,40","","","","-21,00","","ND"
"2004-01-01 21:00","2004","01","01","21:00"," ","","","","","","","","","","","","","","","","","","",""
"2004-01-01 21:51","2004","01","01","21:51"," ","-19,80","","-25,30","","62,00","","32,00","","2,00","","","M","93,41","","","","-22,00","","ND"
"2004-01-01 22:00","2004","01","01","22:00"," ","","","","","","","","","","","","","","","","","","",""
"2004-01-01 22:51","2004","01","01","22:51"," ","-21,80","","-27,60","","59,00","","0,00","","0,00","","","M","93,39","","","","","","ND"
"2004-01-01 23:00","2004","01","01","23:00"," ","","","","","","","","","","","","","","","","","","",""
"2004-01-01 23:51","2004","01","01","23:51"," ","-21,60","","-27,60","","58,00","","0,00","","0,00","","","M","93,41","","","","","","ND"
"2004-01-02 00:00","2004","01","02","00:00"," ","","","","","","","","","","","","","","","","","","",""
"2004-01-02 00:51","2004","01","02","00:51"," ","-21,50","","-28,20","","55,00","","0,00","","0,00","","","M","93,45","","","","","","ND"
"2004-01-02 01:00","2004","01","02","01:00"," ","","","","","","","","","","","","","","","","","","",""
"2004-01-02 01:51","2004","01","02","01:51"," ","-20,10","","-27,30","","53,00","","32,00","","2,00","","","M","93,46","","","","-22,00","","ND"
"2004-01-02 02:00","2004","01","02","02:00"," ","","","","","","","","","","","","","","","","","","",""
"2004-01-02 02:51","2004","01","02","02:51"," ","-21,80","","-27,60","","59,00","","0,00","","0,00","","","M","93,50","","","","","","ND"
"2004-01-02 03:00","2004","01","02","03:00"," ","","","","","","","","","","","","","","","","","","",""
"2004-01-02 03:51","2004","01","02","03:51"," ","-22,60","","-28,00","","61,00","","23,00","","4,00","","","M","93,55","","","","-26,00","","ND"
"2004-01-02 04:00","2004","01","02","04:00"," ","","","","","","","","","","","","","","","","","","",""
"2004-01-02 04:51","2004","01","02","04:51"," ","-23,00","","-28,20","","62,00","","30,00","","2,00","","","M","93,59","","","","-25,00","","ND"
"2004-01-02 05:00","2004","01","02","05:00"," ","","","","","","","","","","","","","","","","","","",""
"2004-01-02 05:51","2004","01","02","05:51"," ","-22,60","","-28,00","","61,00","","33,00","","6,00","","","M","93,62","","","","-28,00","","ND"
"2004-01-02 06:00","2004","01","02","06:00"," ","","","","","","","","","","","","","","","","","","",""
"2004-01-02 06:51","2004","01","02","06:51"," ","-22,70","","-28,40","","60,00","","34,00","","6,00","","","M","93,68","","","","-28,00","","ND"
"2004-01-02 07:00","2004","01","02","07:00"," ","","","","","","","","","","","","","","","","","","",""
"2004-01-02 07:51","2004","01","02","07:51"," ","-21,70","","-26,30","","66,00","","2,00","","9,00","","","M","93,71","","","","-29,00","","ND"
"2004-01-02 08:00","2004","01","02","08:00"," ","","","","","","","","","","","","","","","","","","",""
"2004-01-02 08:51","2004","01","02","08:51"," ","-24,20","","-28,10","","70,00","","32,00","","7,00","","","M","93,79","","","","-31,00","","ND"
"2004-01-02 09:00","2004","01","02","09:00"," ","","","","","","","","","","","","","","","","","","",""
"2004-01-02 09:51","2004","01","02","09:51"," ","-24,60","","-27,40","","78,00","","5,00","","4,00","","","M","93,87","","","","-29,00","","ND"
"2004-01-02 10:00","2004","01","02","10:00"," ","","","","","","","","","","","","","","","","","","",""
"2004-01-02 10:51","2004","01","02","10:51"," ","-23,90","","-27,20","","74,00","","4,00","","13,00","","","M","93,95","","","","-33,00","","ND"
"2004-01-02 11:00","2004","01","02","11:00"," ","","","","","","","","","","","","","","","","","","",""
"2004-01-02 11:51","2004","01","02","11:51"," ","-26,20","","-29,00","","77,00","","2,00","","4,00","","","M","94,04","","","","-30,00","","ND"
"2004-01-02 12:00","2004","01","02","12:00"," ","","","","","","","","","","","","","","","","","","",""
"2004-01-02 12:51","2004","01","02","12:51"," ","-23,10","","-26,70","","72,00","","35,00","","7,00","","","M","94,10","","","","-29,00","","ND"
"2004-01-02 13:00","2004","01","02","13:00"," ","","","","","","","","","","","","","","","","","","",""
"2004-01-02 13:51","2004","01","02","13:51"," ","-24,50","","-27,30","","78,00","","36,00","","11,00","","","M","94,13","","","","-33,00","","ND"
"2004-01-02 14:00","2004","01","02","14:00"," ","","","","","","","","","","","","","","","","","","",""
"2004-01-02 14:51","2004","01","02","14:51"," ","-23,80","","-26,60","","78,00","","3,00","","9,00","","","M","94,20","","","","-31,00","","ND"
"2004-01-02 15:00","2004","01","02","15:00"," ","","","","","","","","","","","","","","","","","","",""
"2004-01-02 15:51","2004","01","02","15:51"," ","-23,40","","-26,00","","79,00","","1,00","","7,00","","","M","94,27","","","","-30,00","","ND"
"2004-01-02 16:00","2004","01","02","16:00"," ","","","","","","","","","","","","","","","","","","",""
"2004-01-02 16:51","2004","01","02","16:51"," ","-25,30","","-27,70","","80,00","","32,00","","2,00","","","M","94,36","","","","-27,00","","ND"
"2004-01-02 17:00","2004","01","02","17:00"," ","","","","","","","","","","","","","","","","","","",""
"2004-01-02 17:51","2004","01","02","17:51"," ","-24,80","","-27,50","","78,00","","32,00","","9,00","","","M","94,44","","","","-32,00","","ND"
"2004-01-02 18:00","2004","01","02","18:00"," ","","","","","","","","","","","","","","","","","","",""
"2004-01-02 18:51","2004","01","02","18:51"," ","-24,40","","-27,40","","76,00","","34,00","","6,00","","","M","94,47","","","","-30,00","","ND"
"2004-01-02 19:00","2004","01","02","19:00"," ","","","","","","","","","","","","","","","","","","",""
"2004-01-02 19:51","2004","01","02","19:51"," ","-25,10","","-28,00","","77,00","","19,00","","4,00","","","M","94,51","","","","-29,00","","ND"
"2004-01-02 20:00","2004","01","02","20:00"," ","","","","","","","","","","","","","","","","","","",""
"2004-01-02 20:51","2004","01","02","20:51"," ","-25,60","","-28,40","","77,00","","19,00","","2,00","","","M","94,57","","","","-28,00","","ND"
"2004-01-02 21:00","2004","01","02","21:00"," ","","","","","","","","","","","","","","","","","","",""
"2004-01-02 21:51","2004","01","02","21:51"," ","-24,30","","-27,30","","76,00","","30,00","","4,00","","","M","94,61","","","","-28,00","","ND"
"2004-01-02 22:00","2004","01","02","22:00"," ","","","","","","","","","","","","","","","","","","",""
"2004-01-02 22:51","2004","01","02","22:51"," ","-25,60","","-28,40","","77,00","","0,00","","0,00","","","M","94,64","","","","","","ND"
"2004-01-02 23:00","2004","01","02","23:00"," ","","","","","","","","","","","","","","","","","","",""
"2004-01-02 23:51","2004","01","02","23:51"," ","-25,60","","-28,40","","77,00","","18,00","","4,00","","","M","94,68","","","","-30,00","","ND"
"2004-01-03 00:00","2004","01","03","00:00"," ","","","","","","","","","","","","","","","","","","",""
"2004-01-03 00:51","2004","01","03","00:51"," ","-25,40","","-28,10","","78,00","","33,00","","6,00","","","M","94,73","","","","-31,00","","ND"
"2004-01-03 01:00","2004","01","03","01:00"," ","","","","","","","","","","","","","","","","","","",""
"2004-01-03 01:51","2004","01","03","01:51"," ","-24,60","","-27,10","","80,00","","34,00","","2,00","","","M","94,78","","","","-27,00","","ND"
"2004-01-03 02:00","2004","01","03","02:00"," ","","","","","","","","","","","","","","","","","","",""
"2004-01-03 02:51","2004","01","03","02:51"," ","-24,50","","-27,20","","78,00","","31,00","","7,00","","","M","94,82","","","","-31,00","","ND"
"2004-01-03 03:00","2004","01","03","03:00"," ","","","","","","","","","","","","","","","","","","",""
"2004-01-03 03:51","2004","01","03","03:51"," ","-23,70","","-26,30","","79,00","","36,00","","4,00","","","M","94,85","","","","-28,00","","ND"
"2004-01-03 04:00","2004","01","03","04:00"," ","","","","","","","","","","","","","","","","","","",""
"2004-01-03 04:51","2004","01","03","04:51"," ","-23,00","","-25,60","","79,00","","14,00","","2,00","","","M","94,85","","","","-25,00","","ND"
"2004-01-03 05:00","2004","01","03","05:00"," ","","","","","","","","","","","","","","","","","","",""
"2004-01-03 05:51","2004","01","03","05:51"," ","-23,90","","-26,30","","81,00","","8,00","","2,00","","","M","94,87","","","","-26,00","","ND"
"2004-01-03 06:00","2004","01","03","06:00"," ","","","","","","","","","","","","","","","","","","",""
"2004-01-03 06:51","2004","01","03","06:51"," ","-23,40","","-26,00","","79,00","","34,00","","4,00","","","M","94,89","","","","-27,00","","ND"
"2004-01-03 07:00","2004","01","03","07:00"," ","","","","","","","","","","","","","","","","","","",""
"2004-01-03 07:51","2004","01","03","07:51"," ","-23,20","","-25,80","","79,00","","32,00","","6,00","","","M","94,89","","","","-29,00","","ND"
"2004-01-03 08:00","2004","01","03","08:00"," ","","","","","","","","","","","","","","","","","","",""
"2004-01-03 08:51","2004","01","03","08:51"," ","-22,50","","-25,00","","80,00","","32,00","","6,00","","","M","94,88","","","","-28,00","","ND"
"2004-01-03 09:00","2004","01","03","09:00"," ","","","","","","","","","","","","","","","","","","",""
"2004-01-03 09:51","2004","01","03","09:51"," ","-22,20","","-24,70","","80,00","","34,00","","4,00","","","M","94,90","","","","-26,00","","ND"
"2004-01-03 10:00","2004","01","03","10:00"," ","","","","","","","","","","","","","","","","","","",""
"2004-01-03 10:51","2004","01","03","10:51"," ","-21,80","","-24,40","","79,00","","32,00","","6,00","","","M","94,90","","","","-27,00","","ND"
"2004-01-03 11:00","2004","01","03","11:00"," ","","","","","","","","","","","","","","","","","","",""
"2004-01-03 11:51","2004","01","03","11:51"," ","-22,20","","-24,50","","82,00","","26,00","","4,00","","","M","94,87","","","","-26,00","","ND"
"2004-01-03 12:00","2004","01","03","12:00"," ","","","","","","","","","","","","","","","","","","",""
"2004-01-03 12:51","2004","01","03","12:51"," ","-21,40","","-24,00","","79,00","","35,00","","4,00","","","M","94,89","","","","-25,00","","ND"
"2004-01-03 13:00","2004","01","03","13:00"," ","","","","","","","","","","","","","","","","","","",""
"2004-01-03 13:51","2004","01","03","13:51"," ","-22,00","","-24,30","","82,00","","31,00","","6,00","","","M","94,91","","","","-27,00","","ND"
"2004-01-03 14:00","2004","01","03","14:00"," ","","","","","","","","","","","","","","","","","","",""
"2004-01-03 14:51","2004","01","03","14:51"," ","-22,00","","-24,50","","80,00","","4,00","","2,00","","","M","94,93","","","","-24,00","","ND"
"2004-01-03 15:00","2004","01","03","15:00"," ","","","","","","","","","","","","","","","","","","",""
"2004-01-03 15:51","2004","01","03","15:51"," ","-20,90","","-23,40","","80,00","","2,00","","7,00","","","M","94,92","","","","-27,00","","ND"
"2004-01-03 16:00","2004","01","03","16:00"," ","","","","","","","","","","","","","","","","","","",""
"2004-01-03 16:51","2004","01","03","16:51"," ","-20,00","","-22,50","","80,00","","34,00","","20,00","","","M","94,93","","","","-30,00","","ND"
"2004-01-03 17:00","2004","01","03","17:00"," ","","","","","","","","","","","","","","","","","","",""
"2004-01-03 17:51","2004","01","03","17:51"," ","-19,70","","-22,20","","80,00","","3,00","","13,00","","","M","94,97","","","","-28,00","","ND"
"2004-01-03 18:00","2004","01","03","18:00"," ","","","","","","","","","","","","","","","","","","",""
"2004-01-03 18:51","2004","01","03","18:51"," ","-19,20","","-21,60","","81,00","","3,00","","11,00","","","M","94,98","","","","-27,00","","ND"
"2004-01-03 19:00","2004","01","03","19:00"," ","","","","","","","","","","","","","","","","","","",""
"2004-01-03 19:51","2004","01","03","19:51"," ","-19,60","","-22,00","","81,00","","9,00","","11,00","","","M","94,95","","","","-27,00","","ND"
"2004-01-03 20:00","2004","01","03","20:00"," ","","","","","","","","","","","","","","","","","","",""
"2004-01-03 20:51","2004","01","03","20:51"," ","-18,60","","-20,90","","82,00","","2,00","","15,00","","","M","94,94","","","","-27,00","","ND"
"2004-01-03 21:00","2004","01","03","21:00"," ","","","","","","","","","","","","","","","","","","",""
"2004-01-03 21:51","2004","01","03","21:51"," ","-18,60","","-20,90","","82,00","","8,00","","9,00","","","M","94,97","","","","-25,00","","ND"
"2004-01-03 22:00","2004","01","03","22:00"," ","","","","","","","","","","","","","","","","","","",""
"2004-01-03 22:51","2004","01","03","22:51"," ","-17,70","","-19,60","","85,00","","33,00","","6,00","","","M","94,99","","","","-22,00","","ND"
"2004-01-03 23:00","2004","01","03","23:00"," ","","","","","","","","","","","","","","","","","","",""
"2004-01-03 23:51","2004","01","03","23:51"," ","-17,70","","-19,70","","84,00","","6,00","","4,00","","","M","94,96","","","","-21,00","","ND"
"2004-01-04 00:00","2004","01","04","00:00"," ","","","","","","","","","","","","","","","","","","",""
"2004-01-04 00:51","2004","01","04","00:51"," ","-19,40","","-21,40","","84,00","","26,00","","4,00","","","M","94,99","","","","-23,00","","ND"
"2004-01-04 01:00","2004","01","04","01:00"," ","","","","","","","","","","","","","","","","","","",""
"2004-01-04 01:51","2004","01","04","01:51"," ","-20,70","","-22,90","","82,00","","0,00","","0,00","","","M","95,00","","","","","","ND"
"2004-01-04 02:00","2004","01","04","02:00"," ","","","","","","","","","","","","","","","","","","",""
"2004-01-04 02:51","2004","01","04","02:51"," ","-19,40","","-21,50","","83,00","","22,00","","6,00","","","M","94,99","","","","-24,00","","ND"
"2004-01-04 03:00","2004","01","04","03:00"," ","","","","","","","","","","","","","","","","","","",""
"2004-01-04 03:51","2004","01","04","03:51"," ","-19,10","","-20,90","","86,00","","29,00","","9,00","","","M","94,98","","","","-26,00","","ND"
"2004-01-04 04:00","2004","01","04","04:00"," ","","","","","","","","","","","","","","","","","","",""
"2004-01-04 04:51","2004","01","04","04:51"," ","-18,50","","-20,30","","86,00","","34,00","","4,00","","","M","94,97","","","","-22,00","","ND"
"2004-01-04 05:00","2004","01","04","05:00"," ","","","","","","","","","","","","","","","","","","",""
"2004-01-04 05:51","2004","01","04","05:51"," ","-18,50","","-20,30","","86,00","","0,00","","0,00","","","M","94,95","","","","","","ND"
"2004-01-04 06:00","2004","01","04","06:00"," ","","","","","","","","","","","","","","","","","","",""
"2004-01-04 06:51","2004","01","04","06:51"," ","-17,90","","-19,80","","85,00","","3,00","","13,00","","","M","94,94","","","","-26,00","","ND"
"2004-01-04 07:00","2004","01","04","07:00"," ","","","","","","","","","","","","","","","","","","",""
"2004-01-04 07:51","2004","01","04","07:51"," ","-17,90","","-19,90","","84,00","","32,00","","6,00","","","M","94,94","","","","-23,00","","ND"
"2004-01-04 08:00","2004","01","04","08:00"," ","","","","","","","","","","","","","","","","","","",""
"2004-01-04 08:51","2004","01","04","08:51"," ","-17,10","","-18,80","","87,00","","3,00","","6,00","","","M","94,93","","","","-22,00","","ND"
"2004-01-04 09:00","2004","01","04","09:00"," ","","","","","","","","","","","","","","","","","","",""
"2004-01-04 09:51","2004","01","04","09:51"," ","-16,00","","-17,60","","87,00","","35,00","","15,00","","","M","94,93","","","","-24,00","","ND"
"2004-01-04 10:00","2004","01","04","10:00"," ","","","","","","","","","","","","","","","","","","",""
"2004-01-04 10:51","2004","01","04","10:51"," ","-15,40","","-17,00","","88,00","","35,00","","15,00","","","M","94,95","","","","-23,00","","ND"
"2004-01-04 11:00","2004","01","04","11:00"," ","","","","","","","","","","","","","","","","","","",""
"2004-01-04 11:51","2004","01","04","11:51"," ","-15,60","","-17,20","","87,00","","23,00","","4,00","","","M","94,94","","","","-19,00","","ND"
"2004-01-04 12:00","2004","01","04","12:00"," ","","","","","","","","","","","","","","","","","","",""
"2004-01-04 12:51","2004","01","04","12:51"," ","-16,20","","-17,90","","87,00","","21,00","","2,00","","","M","94,94","","","","-18,00","","ND"
"2004-01-04 13:00","2004","01","04","13:00"," ","","","","","","","","","","","","","","","","","","",""
"2004-01-04 13:51","2004","01","04","13:51"," ","-15,00","","-16,60","","88,00","","1,00","","11,00","","","M","94,96","","","","-22,00","","ND"
"2004-01-04 14:00","2004","01","04","14:00"," ","","","","","","","","","","","","","","","","","","",""
"2004-01-04 14:51","2004","01","04","14:51"," ","-14,70","","-16,30","","88,00","","36,00","","13,00","","","M","94,94","","","","-22,00","","ND"
"2004-01-04 15:00","2004","01","04","15:00"," ","","","","","","","","","","","","","","","","","","",""
"2004-01-04 15:51","2004","01","04","15:51"," ","-14,80","","-16,40","","88,00","","34,00","","26,00","","","M","94,88","","","","-25,00","","ND"
"2004-01-04 16:00","2004","01","04","16:00"," ","","","","","","","","","","","","","","","","","","",""
"2004-01-04 16:51","2004","01","04","16:51"," ","-15,00","","-16,60","","88,00","","35,00","","20,00","","","M","94,91","","","","-24,00","","ND"
"2004-01-04 17:00","2004","01","04","17:00"," ","","","","","","","","","","","","","","","","","","",""
"2004-01-04 17:51","2004","01","04","17:51"," ","-15,00","","-16,60","","88,00","","34,00","","19,00","","","M","94,90","","","","-24,00","","ND"
"2004-01-04 18:00","2004","01","04","18:00"," ","","","","","","","","","","","","","","","","","","",""
"2004-01-04 18:51","2004","01","04","18:51"," ","-16,30","","-17,90","","87,00","","34,00","","4,00","","","M","94,88","","","","-19,00","","ND"
"2004-01-04 19:00","2004","01","04","19:00"," ","","","","","","","","","","","","","","","","","","",""
"2004-01-04 19:51","2004","01","04","19:51"," ","-15,60","","-17,60","","85,00","","34,00","","6,00","","","M","94,87","","","","-20,00","","ND"
"2004-01-04 20:00","2004","01","04","20:00"," ","","","","","","","","","","","","","","","","","","",""
"2004-01-04 20:51","2004","01","04","20:51"," ","-16,10","","-17,80","","87,00","","33,00","","4,00","","","M","94,87","","","","-19,00","","ND"
"2004-01-04 21:00","2004","01","04","21:00"," ","","","","","","","","","","","","","","","","","","",""
"2004-01-04 21:51","2004","01","04","21:51"," ","-16,40","","-18,10","","87,00","","33,00","","9,00","","","M","94,90","","","","-22,00","","ND"
"2004-01-04 22:00","2004","01","04","22:00"," ","","","","","","","","","","","","","","","","","","",""
"2004-01-04 22:51","2004","01","04","22:51"," ","-16,90","","-18,60","","87,00","","1,00","","6,00","","","M","94,86","","","","-21,00","","ND"
"2004-01-04 23:00","2004","01","04","23:00"," ","","","","","","","","","","","","","","","","","","",""
"2004-01-04 23:51","2004","01","04","23:51"," ","-15,30","","-16,90","","88,00","","33,00","","4,00","","","M","94,83","","","","-18,00","","ND"
"2004-01-05 00:00","2004","01","05","00:00"," ","","","","","","","","","","","","","","","","","","",""
"2004-01-05 00:51","2004","01","05","00:51"," ","-15,40","","-17,00","","88,00","","2,00","","4,00","","","M","94,81","","","","-18,00","","ND"
"2004-01-05 01:00","2004","01","05","01:00"," ","","","","","","","","","","","","","","","","","","",""
"2004-01-05 01:51","2004","01","05","01:51"," ","-16,00","","-17,50","","88,00","","1,00","","9,00","","","M","94,75","","","","-22,00","","ND"
"2004-01-05 02:00","2004","01","05","02:00"," ","","","","","","","","","","","","","","","","","","",""
"2004-01-05 02:51","2004","01","05","02:51"," ","-15,90","","-17,50","","87,00","","4,00","","4,00","","","M","94,72","","","","-19,00","","ND"
"2004-01-05 03:00","2004","01","05","03:00"," ","","","","","","","","","","","","","","","","","","",""
"2004-01-05 03:51","2004","01","05","03:51"," ","-16,30","","-17,90","","87,00","","0,00","","0,00","","","M","94,61","","","","","","ND"
"2004-01-05 04:00","2004","01","05","04:00"," ","","","","","","","","","","","","","","","","","","",""
"2004-01-05 04:51","2004","01","05","04:51"," ","-16,80","","-18,50","","87,00","","21,00","","4,00","","","M","94,44","","","","-20,00","","ND"
"2004-01-05 05:00","2004","01","05","05:00"," ","","","","","","","","","","","","","","","","","","",""
"2004-01-05 05:51","2004","01","05","05:51"," ","-16,50","","-18,10","","87,00","","36,00","","6,00","","","M","94,40","","","","-21,00","","ND"
"2004-01-05 06:00","2004","01","05","06:00"," ","","","","","","","","","","","","","","","","","","",""
"2004-01-05 06:51","2004","01","05","06:51"," ","-16,40","","-18,10","","87,00","","27,00","","13,00","","","M","94,28","","","","-24,00","","ND"
"2004-01-05 07:00","2004","01","05","07:00"," ","","","","","","","","","","","","","","","","","","",""
"2004-01-05 07:51","2004","01","05","07:51"," ","-16,50","","-18,20","","87,00","","0,00","","0,00","","","M","94,18","","","","","","ND"
"2004-01-05 08:00","2004","01","05","08:00"," ","","","","","","","","","","","","","","","","","","",""
"2004-01-05 08:51","2004","01","05","08:51"," ","-16,60","","-18,30","","87,00","","33,00","","7,00","","","M","94,14","","","","-22,00","","ND"
"2004-01-05 09:00","2004","01","05","09:00"," ","","","","","","","","","","","","","","","","","","",""
"2004-01-05 09:51","2004","01","05","09:51"," ","-16,40","","-18,00","","87,00","","4,00","","2,00","","","M","94,13","","","","-18,00","","ND"
"2004-01-05 10:00","2004","01","05","10:00"," ","","","","","","","","","","","","","","","","","","",""
"2004-01-05 10:51","2004","01","05","10:51"," ","-15,40","","-16,90","","88,00","","4,00","","6,00","","","M","94,14","","","","-20,00","","ND"
"2004-01-05 11:00","2004","01","05","11:00"," ","","","","","","","","","","","","","","","","","","",""
"2004-01-05 11:51","2004","01","05","11:51"," ","-15,40","","-17,00","","88,00","","2,00","","11,00","","","M","94,09","","","","-22,00","","ND"
"2004-01-05 12:00","2004","01","05","12:00"," ","","","","","","","","","","","","","","","","","","",""
"2004-01-05 12:51","2004","01","05","12:51"," ","-16,10","","-17,80","","87,00","","1,00","","13,00","","","M","94,01","","","","-24,00","","ND"
"2004-01-05 13:00","2004","01","05","13:00"," ","","","","","","","","","","","","","","","","","","",""
"2004-01-05 13:51","2004","01","05","13:51"," ","-16,60","","-18,30","","87,00","","34,00","","7,00","","","M","93,99","","","","-22,00","","ND"
"2004-01-05 14:00","2004","01","05","14:00"," ","","","","","","","","","","","","","","","","","","",""
"2004-01-05 14:51","2004","01","05","14:51"," ","-16,80","","-18,50","","87,00","","3,00","","11,00","","","M","93,91","","","","-24,00","","ND"
"2004-01-05 15:00","2004","01","05","15:00"," ","","","","","","","","","","","","","","","","","","",""
"2004-01-05 15:51","2004","01","05","15:51"," ","-15,00","","-16,50","","88,00","","3,00","","11,00","","","M","93,81","","","","-22,00","","ND"
"2004-01-05 16:00","2004","01","05","16:00"," ","","","","","","","","","","","","","","","","","","",""
"2004-01-05 16:51","2004","01","05","16:51"," ","-15,40","","-16,90","","88,00","","33,00","","4,00","","","M","93,77","","","","-18,00","","ND"
"2004-01-05 17:00","2004","01","05","17:00"," ","","","","","","","","","","","","","","","","","","",""
"2004-01-05 17:51","2004","01","05","17:51"," ","-16,10","","-17,80","","87,00","","1,00","","13,00","","","M","93,69","","","","-24,00","","ND"
"2004-01-05 18:00","2004","01","05","18:00"," ","","","","","","","","","","","","","","","","","","",""
"2004-01-05 18:51","2004","01","05","18:51"," ","-15,90","","-17,50","","87,00","","35,00","","15,00","","","M","93,63","","","","-24,00","","ND"
"2004-01-05 19:00","2004","01","05","19:00"," ","","","","","","","","","","","","","","","","","","",""
"2004-01-05 19:51","2004","01","05","19:51"," ","-16,60","","-18,20","","87,00","","35,00","","11,00","","","M","93,56","","","","-24,00","","ND"
"2004-01-05 20:00","2004","01","05","20:00"," ","","","","","","","","","","","","","","","","","","",""
"2004-01-05 20:51","2004","01","05","20:51"," ","-17,90","","-19,90","","84,00","","34,00","","13,00","","","M","93,53","","","","-26,00","","ND"
"2004-01-05 21:00","2004","01","05","21:00"," ","","","","","","","","","","","","","","","","","","",""
"2004-01-05 21:51","2004","01","05","21:51"," ","-18,00","","-19,90","","85,00","","35,00","","13,00","","","M","93,48","","","","-26,00","","ND"
"2004-01-05 22:00","2004","01","05","22:00"," ","","","","","","","","","","","","","","","","","","",""
"2004-01-05 22:51","2004","01","05","22:51"," ","-18,80","","-20,80","","84,00","","2,00","","15,00","","","M","93,43","","","","-28,00","","ND"
"2004-01-05 23:00","2004","01","05","23:00"," ","","","","","","","","","","","","","","","","","","",""
"2004-01-05 23:51","2004","01","05","23:51"," ","-18,90","","-20,90","","84,00","","34,00","","28,00","","","M","93,39","","","","-31,00","","ND"
"2004-01-06 00:00","2004","01","06","00:00"," ","","","","","","","","","","","","","","","","","","",""
"2004-01-06 00:51","2004","01","06","00:51"," ","-19,20","","-21,30","","83,00","","32,00","","15,00","","","M","93,40","","","","-28,00","","ND"
"2004-01-06 01:00","2004","01","06","01:00"," ","","","","","","","","","","","","","","","","","","",""
"2004-01-06 01:51","2004","01","06","01:51"," ","-19,50","","-21,60","","83,00","","35,00","","11,00","","","M","93,39","","","","-27,00","","ND"
"2004-01-06 02:00","2004","01","06","02:00"," ","","","","","","","","","","","","","","","","","","",""
"2004-01-06 02:51","2004","01","06","02:51"," ","-19,80","","-21,90","","83,00","","2,00","","7,00","","","M","93,40","","","","-25,00","","ND"
"2004-01-06 03:00","2004","01","06","03:00"," ","","","","","","","","","","","","","","","","","","",""
"2004-01-06 03:51","2004","01","06","03:51"," ","-20,00","","-22,10","","83,00","","31,00","","2,00","","","M","93,42","","","","-22,00","","ND"
"2004-01-06 04:00","2004","01","06","04:00"," ","","","","","","","","","","","","","","","","","","",""
"2004-01-06 04:51","2004","01","06","04:51"," ","-20,70","","-22,90","","82,00","","17,00","","2,00","","","M","93,39","","","","-22,00","","ND"
"2004-01-06 05:00","2004","01","06","05:00"," ","","","","","","","","","","","","","","","","","","",""
"2004-01-06 05:51","2004","01","06","05:51"," ","-21,10","","-23,30","","82,00","","35,00","","2,00","","","M","93,39","","","","-23,00","","ND"
"2004-01-06 06:00","2004","01","06","06:00"," ","","","","","","","","","","","","","","","","","","",""
"2004-01-06 06:51","2004","01","06","06:51"," ","-21,60","","-23,80","","82,00","","1,00","","7,00","","","M","93,40","","","","-28,00","","ND"
"2004-01-06 07:00","2004","01","06","07:00"," ","","","","","","","","","","","","","","","","","","",""
"2004-01-06 07:51","2004","01","06","07:51"," ","-21,90","","-24,20","","82,00","","3,00","","13,00","","","M","93,38","","","","-31,00","","ND"
"2004-01-06 08:00","2004","01","06","08:00"," ","","","","","","","","","","","","","","","","","","",""
"2004-01-06 08:51","2004","01","06","08:51"," ","-22,50","","-24,80","","81,00","","3,00","","7,00","","","M","93,42","","","","-29,00","","ND"
"2004-01-06 09:00","2004","01","06","09:00"," ","","","","","","","","","","","","","","","","","","",""
"2004-01-06 09:51","2004","01","06","09:51"," ","-23,10","","-25,70","","79,00","","10,00","","4,00","","","M","93,40","","","","-27,00","","ND"
"2004-01-06 10:00","2004","01","06","10:00"," ","","","","","","","","","","","","","","","","","","",""
"2004-01-06 10:51","2004","01","06","10:51"," ","-23,30","","-25,60","","81,00","","8,00","","4,00","","","M","93,44","","","","-27,00","","ND"
"2004-01-06 11:00","2004","01","06","11:00"," ","","","","","","","","","","","","","","","","","","",""
"2004-01-06 11:51","2004","01","06","11:51"," ","-22,20","","-24,50","","82,00","","32,00","","7,00","","","M","93,42","","","","-28,00","","ND"
"2004-01-06 12:00","2004","01","06","12:00"," ","","","","","","","","","","","","","","","","","","",""
"2004-01-06 12:51","2004","01","06","12:51"," ","-21,90","","-24,20","","82,00","","35,00","","6,00","","","M","93,45","","","","-27,00","","ND"
"2004-01-06 13:00","2004","01","06","13:00"," ","","","","","","","","","","","","","","","","","","",""
"2004-01-06 13:51","2004","01","06","13:51"," ","-23,00","","-25,40","","81,00","","33,00","","15,00","","","M","93,47","","","","-33,00","","ND"
"2004-01-06 14:00","2004","01","06","14:00"," ","","","","","","","","","","","","","","","","","","",""
"2004-01-06 14:51","2004","01","06","14:51"," ","-22,10","","-24,40","","82,00","","34,00","","28,00","","","M","93,45","","","","-35,00","","ND"
"2004-01-06 15:00","2004","01","06","15:00"," ","","","","","","","","","","","","","","","","","","",""
"2004-01-06 15:51","2004","01","06","15:51"," ","-22,20","","-24,50","","82,00","","34,00","","39,00","","","M","93,39","","","","-37,00","","ND"
"2004-01-06 16:00","2004","01","06","16:00"," ","","","","","","","","","","","","","","","","","","",""
"2004-01-06 16:51","2004","01","06","16:51"," ","-22,70","","-25,20","","80,00","","34,00","","35,00","","","M","93,43","","","","-37,00","","ND"
"2004-01-06 17:00","2004","01","06","17:00"," ","","","","","","","","","","","","","","","","","","",""
"2004-01-06 17:51","2004","01","06","17:51"," ","-23,00","","-25,40","","81,00","","34,00","","30,00","","","M","93,41","","","","-36,00","","ND"
"2004-01-06 18:00","2004","01","06","18:00"," ","","","","","","","","","","","","","","","","","","",""
"2004-01-06 18:51","2004","01","06","18:51"," ","-23,60","","-26,20","","79,00","","34,00","","26,00","","","M","93,44","","","","-36,00","","ND"
"2004-01-06 19:00","2004","01","06","19:00"," ","","","","","","","","","","","","","","","","","","",""
"2004-01-06 19:51","2004","01","06","19:51"," ","-23,10","","-25,50","","81,00","","11,00","","22,00","","","M","93,46","","","","-35,00","","ND"
"2004-01-06 20:00","2004","01","06","20:00"," ","","","","","","","","","","","","","","","","","","",""
"2004-01-06 20:51","2004","01","06","20:51"," ","-23,20","","-25,60","","81,00","","8,00","","17,00","","","M","93,49","","","","-34,00","","ND"
"2004-01-06 21:00","2004","01","06","21:00"," ","","","","","","","","","","","","","","","","","","",""
"2004-01-06 21:51","2004","01","06","21:51"," ","-23,00","","-25,40","","81,00","","3,00","","7,00","","","M","93,53","","","","-29,00","","ND"
"2004-01-06 22:00","2004","01","06","22:00"," ","","","","","","","","","","","","","","","","","","",""
"2004-01-06 22:51","2004","01","06","22:51"," ","-23,50","","-26,10","","79,00","","8,00","","2,00","","","M","93,57","","","","-25,00","","ND"
"2004-01-06 23:00","2004","01","06","23:00"," ","","","","","","","","","","","","","","","","","","",""
"2004-01-06 23:51","2004","01","06","23:51"," ","-24,00","","-26,60","","79,00","","31,00","","4,00","","","M","93,59","","","","-28,00","","ND"
"2004-01-07 00:00","2004","01","07","00:00"," ","","","","","","","","","","","","","","","","","","",""
"2004-01-07 00:51","2004","01","07","00:51"," ","-24,50","","-27,00","","80,00","","2,00","","4,00","","","M","93,60","","","","-28,00","","ND"
"2004-01-07 01:00","2004","01","07","01:00"," ","","","","","","","","","","","","","","","","","","",""
"2004-01-07 01:51","2004","01","07","01:51"," ","-24,90","","-27,60","","78,00","","0,00","","0,00","","","M","93,61","","","","","","ND"
"2004-01-07 02:00","2004","01","07","02:00"," ","","","","","","","","","","","","","","","","","","",""
"2004-01-07 02:51","2004","01","07","02:51"," ","-25,80","","-28,60","","77,00","","15,00","","2,00","","","M","93,62","","","","-28,00","","ND"
"2004-01-07 03:00","2004","01","07","03:00"," ","","","","","","","","","","","","","","","","","","",""
"2004-01-07 03:51","2004","01","07","03:51"," ","-27,20","","-30,10","","76,00","","15,00","","4,00","","","M","93,61","","","","-31,00","","ND"
"2004-01-07 04:00","2004","01","07","04:00"," ","","","","","","","","","","","","","","","","","","",""
"2004-01-07 04:51","2004","01","07","04:51"," ","-27,30","","-30,30","","76,00","","13,00","","7,00","","","M","93,60","","","","-34,00","","ND"
"2004-01-07 05:00","2004","01","07","05:00"," ","","","","","","","","","","","","","","","","","","",""
"2004-01-07 05:51","2004","01","07","05:51"," ","-26,10","","-28,90","","77,00","","10,00","","6,00","","","M","93,55","","","","-32,00","","ND"
"2004-01-07 06:00","2004","01","07","06:00"," ","","","","","","","","","","","","","","","","","","",""
"2004-01-07 06:51","2004","01","07","06:51"," ","-26,10","","-28,90","","77,00","","1,00","","7,00","","","M","93,54","","","","-33,00","","ND"
"2004-01-07 07:00","2004","01","07","07:00"," ","","","","","","","","","","","","","","","","","","",""
"2004-01-07 07:51","2004","01","07","07:51"," ","-26,10","","-28,90","","77,00","","2,00","","9,00","","","M","93,53","","","","-34,00","","ND"
"2004-01-07 08:00","2004","01","07","08:00"," ","","","","","","","","","","","","","","","","","","",""
"2004-01-07 08:51","2004","01","07","08:51"," ","-25,70","","-28,50","","77,00","","1,00","","6,00","","","M","93,53","","","","-32,00","","ND"
"2004-01-07 09:00","2004","01","07","09:00"," ","","","","","","","","","","","","","","","","","","",""
"2004-01-07 09:51","2004","01","07","09:51"," ","-25,90","","-28,70","","77,00","","8,00","","11,00","","","M","93,50","","","","-35,00","","ND"
"2004-01-07 10:00","2004","01","07","10:00"," ","","","","","","","","","","","","","","","","","","",""
"2004-01-07 10:51","2004","01","07","10:51"," ","-25,70","","-28,50","","77,00","","11,00","","6,00","","","M","93,48","","","","-32,00","","ND"
"2004-01-07 11:00","2004","01","07","11:00"," ","","","","","","","","","","","","","","","","","","",""
"2004-01-07 11:51","2004","01","07","11:51"," ","-26,10","","-29,00","","77,00","","24,00","","2,00","","","M","93,43","","","","-28,00","","ND"
"2004-01-07 12:00","2004","01","07","12:00"," ","","","","","","","","","","","","","","","","","","",""
"2004-01-07 12:51","2004","01","07","12:51"," ","-26,00","","-28,80","","77,00","","8,00","","4,00","","","M","93,38","","","","-30,00","","ND"
"2004-01-07 13:00","2004","01","07","13:00"," ","","","","","","","","","","","","","","","","","","",""
"2004-01-07 13:51","2004","01","07","13:51"," ","-26,10","","-29,00","","77,00","","22,00","","4,00","","","M","93,36","","","","-30,00","","ND"
"2004-01-07 14:00","2004","01","07","14:00"," ","","","","","","","","","","","","","","","","","","",""
"2004-01-07 14:51","2004","01","07","14:51"," ","-26,90","","-29,80","","76,00","","15,00","","6,00","","","M","93,31","","","","-33,00","","ND"
"2004-01-07 15:00","2004","01","07","15:00"," ","","","","","","","","","","","","","","","","","","",""
"2004-01-07 15:51","2004","01","07","15:51"," ","-26,80","","-29,70","","76,00","","13,00","","2,00","","","M","93,26","","","","-29,00","","ND"
"2004-01-07 16:00","2004","01","07","16:00"," ","","","","","","","","","","","","","","","","","","",""
"2004-01-07 16:51","2004","01","07","16:51"," ","-26,80","","-29,70","","76,00","","32,00","","4,00","","","M","93,19","","","","-31,00","","ND"
"2004-01-07 17:00","2004","01","07","17:00"," ","","","","","","","","","","","","","","","","","","",""
"2004-01-07 17:51","2004","01","07","17:51"," ","-25,80","","-28,60","","77,00","","7,00","","13,00","","","M","93,09","","","","-35,00","","ND"
"2004-01-07 18:00","2004","01","07","18:00"," ","","","","","","","","","","","","","","","","","","",""
"2004-01-07 18:51","2004","01","07","18:51"," ","-26,40","","-29,30","","76,00","","8,00","","17,00","","","M","93,03","","","","-38,00","","ND"
"2004-01-07 19:00","2004","01","07","19:00"," ","","","","","","","","","","","","","","","","","","",""
"2004-01-07 19:51","2004","01","07","19:51"," ","-27,30","","-30,30","","76,00","","9,00","","30,00","","","M","92,98","","","","-42,00","","ND"
"2004-01-07 20:00","2004","01","07","20:00"," ","","","","","","","","","","","","","","","","","","",""
"2004-01-07 20:51","2004","01","07","20:51"," ","-28,70","","-32,00","","73,00","","8,00","","26,00","","","M","92,94","","","","-43,00","","ND"
"2004-01-07 21:00","2004","01","07","21:00"," ","","","","","","","","","","","","","","","","","","",""
"2004-01-07 21:51","2004","01","07","21:51"," ","-29,70","","-32,90","","74,00","","8,00","","39,00","","","M","92,84","","","","-47,00","","ND"
"2004-01-07 22:00","2004","01","07","22:00"," ","","","","","","","","","","","","","","","","","","",""
"2004-01-07 22:51","2004","01","07","22:51"," ","-30,40","","-33,90","","71,00","","6,00","","44,00","","","M","92,78","","","","-49,00","","ND"
"2004-01-07 23:00","2004","01","07","23:00"," ","","","","","","","","","","","","","","","","","","",""
"2004-01-07 23:51","2004","01","07","23:51"," ","-30,50","","-34,00","","71,00","","6,00","","37,00","","","M","92,79","","","","-48,00","","ND"
"2004-01-08 00:00","2004","01","08","00:00"," ","","","","","","","","","","","","","","","","","","",""
"2004-01-08 00:51","2004","01","08","00:51"," ","-30,40","","-33,80","","72,00","","7,00","","35,00","","","M","92,71","","","","-47,00","","ND"
"2004-01-08 01:00","2004","01","08","01:00"," ","","","","","","","","","","","","","","","","","","",""
"2004-01-08 01:51","2004","01","08","01:51"," ","-30,70","","-34,20","","71,00","","7,00","","32,00","","","M","92,77","","","","-47,00","","ND"
"2004-01-08 02:00","2004","01","08","02:00"," ","","","","","","","","","","","","","","","","","","",""
"2004-01-08 02:51","2004","01","08","02:51"," ","-31,00","","-34,50","","71,00","","7,00","","32,00","","","M","92,70","","","","-47,00","","ND"
"2004-01-08 03:00","2004","01","08","03:00"," ","","","","","","","","","","","","","","","","","","",""
"2004-01-08 03:51","2004","01","08","03:51"," ","-31,00","","-34,50","","71,00","","7,00","","70,00","","","M","92,35","","","","-53,00","","ND"
"2004-01-08 04:00","2004","01","08","04:00"," ","","","","","","","","","","","","","","","","","","",""
"2004-01-08 04:51","2004","01","08","04:51"," ","-31,10","","-34,60","","71,00","","7,00","","80,00","","","M","92,23","","","","-54,00","","ND"
"2004-01-08 05:00","2004","01","08","05:00"," ","","","","","","","","","","","","","","","","","","",""
"2004-01-08 05:51","2004","01","08","05:51"," ","-31,00","","-34,60","","71,00","","7,00","","85,00","","","M","92,09","","","","-54,00","","ND"
"2004-01-08 06:00","2004","01","08","06:00"," ","","","","","","","","","","","","","","","","","","",""
"2004-01-08 06:51","2004","01","08","06:51"," ","-31,10","","-34,60","","71,00","","7,00","","102,00","","","M","91,89","","","","-56,00","","ND"
"2004-01-08 07:00","2004","01","08","07:00"," ","","","","","","","","","","","","","","","","","","",""
"2004-01-08 07:51","2004","01","08","07:51"," ","-31,40","","-35,00","","70,00","","7,00","","91,00","","","M","92,05","","","","-55,00","","ND"
"2004-01-08 08:00","2004","01","08","08:00"," ","","","","","","","","","","","","","","","","","","",""
"2004-01-08 08:51","2004","01","08","08:51"," ","-31,40","","-35,20","","69,00","","7,00","","85,00","","","M","92,13","","","","-55,00","","ND"
"2004-01-08 09:00","2004","01","08","09:00"," ","","","","","","","","","","","","","","","","","","",""
"2004-01-08 09:51","2004","01","08","09:51"," ","-31,30","","-35,20","","68,00","","7,00","","70,00","","","M","92,38","","","","-53,00","","ND"
"2004-01-08 10:00","2004","01","08","10:00"," ","","","","","","","","","","","","","","","","","","",""
"2004-01-08 10:51","2004","01","08","10:51"," ","-31,40","","-35,00","","70,00","","7,00","","48,00","","","M","92,52","","","","-51,00","","ND"
"2004-01-08 11:00","2004","01","08","11:00"," ","","","","","","","","","","","","","","","","","","",""
"2004-01-08 11:51","2004","01","08","11:51"," ","-31,20","","-34,80","","71,00","","6,00","","43,00","","","M","92,62","","","","-50,00","","ND"
"2004-01-08 12:00","2004","01","08","12:00"," ","","","","","","","","","","","","","","","","","","",""
"2004-01-08 12:51","2004","01","08","12:51"," ","-31,40","","-35,00","","70,00","","5,00","","30,00","","","M","92,69","","","","-47,00","","ND"
"2004-01-08 13:00","2004","01","08","13:00"," ","","","","","","","","","","","","","","","","","","",""
"2004-01-08 13:51","2004","01","08","13:51"," ","-31,30","","-34,80","","71,00","","6,00","","15,00","","","M","92,78","","","","-43,00","","ND"
"2004-01-08 14:00","2004","01","08","14:00"," ","","","","","","","","","","","","","","","","","","",""
"2004-01-08 14:51","2004","01","08","14:51"," ","-31,10","","-34,70","","71,00","","6,00","","30,00","","","M","92,78","","","","-47,00","","ND"
"2004-01-08 15:00","2004","01","08","15:00"," ","","","","","","","","","","","","","","","","","","",""
"2004-01-08 15:51","2004","01","08","15:51"," ","-31,20","","-34,70","","71,00","","8,00","","13,00","","","M","92,79","","","","-42,00","","ND"
"2004-01-08 16:00","2004","01","08","16:00"," ","","","","","","","","","","","","","","","","","","",""
"2004-01-08 16:51","2004","01","08","16:51"," ","-30,90","","-34,40","","71,00","","3,00","","11,00","","","M","92,74","","","","-41,00","","ND"
"2004-01-08 17:00","2004","01","08","17:00"," ","","","","","","","","","","","","","","","","","","",""
"2004-01-08 17:51","2004","01","08","17:51"," ","-30,70","","-34,20","","71,00","","4,00","","20,00","","","M","92,87","","","","-44,00","","ND"
"2004-01-08 18:00","2004","01","08","18:00"," ","","","","","","","","","","","","","","","","","","",""
"2004-01-08 18:51","2004","01","08","18:51"," ","-30,90","","-34,40","","71,00","","2,00","","11,00","","","M","92,89","","","","-41,00","","ND"
"2004-01-08 19:00","2004","01","08","19:00"," ","","","","","","","","","","","","","","","","","","",""
"2004-01-08 19:51","2004","01","08","19:51"," ","-30,80","","-34,30","","71,00","","34,00","","17,00","","","M","92,89","","","","-43,00","","ND"
"2004-01-08 20:00","2004","01","08","20:00"," ","","","","","","","","","","","","","","","","","","",""
"2004-01-08 20:51","2004","01","08","20:51"," ","-30,70","","-34,20","","71,00","","25,00","","9,00","","","M","92,86","","","","-39,00","","ND"
"2004-01-08 21:00","2004","01","08","21:00"," ","","","","","","","","","","","","","","","","","","",""
"2004-01-08 21:51","2004","01","08","21:51"," ","-29,90","","-33,30","","72,00","","8,00","","76,00","","","M","92,50","","","","-52,00","","ND"
"2004-01-08 22:00","2004","01","08","22:00"," ","","","","","","","","","","","","","","","","","","",""
"2004-01-08 22:51","2004","01","08","22:51"," ","-29,60","","-33,00","","72,00","","9,00","","72,00","","","M","92,61","","","","-51,00","","ND"
"2004-01-08 23:00","2004","01","08","23:00"," ","","","","","","","","","","","","","","","","","","",""
"2004-01-08 23:51","2004","01","08","23:51"," ","-29,70","","-33,10","","72,00","","8,00","","67,00","","","M","92,64","","","","-51,00","","ND"
"2004-01-09 00:00","2004","01","09","00:00"," ","","","","","","","","","","","","","","","","","","",""
"2004-01-09 00:51","2004","01","09","00:51"," ","-29,40","","-32,80","","72,00","","8,00","","65,00","","","M","92,72","","","","-50,00","","ND"
"2004-01-09 01:00","2004","01","09","01:00"," ","","","","","","","","","","","","","","","","","","",""
"2004-01-09 01:51","2004","01","09","01:51"," ","-29,50","","-32,90","","72,00","","8,00","","69,00","","","M","92,64","","","","-51,00","","ND"
"2004-01-09 02:00","2004","01","09","02:00"," ","","","","","","","","","","","","","","","","","","",""
"2004-01-09 02:51","2004","01","09","02:51"," ","-29,50","","-32,90","","72,00","","8,00","","70,00","","","M","92,64","","","","-51,00","","ND"
"2004-01-09 03:00","2004","01","09","03:00"," ","","","","","","","","","","","","","","","","","","",""
"2004-01-09 03:51","2004","01","09","03:51"," ","-29,70","","-33,20","","72,00","","8,00","","76,00","","","M","92,62","","","","-52,00","","ND"
"2004-01-09 04:00","2004","01","09","04:00"," ","","","","","","","","","","","","","","","","","","",""
"2004-01-09 04:51","2004","01","09","04:51"," ","-29,20","","-32,60","","72,00","","8,00","","74,00","","","M","92,64","","","","-51,00","","ND"
"2004-01-09 05:00","2004","01","09","05:00"," ","","","","","","","","","","","","","","","","","","",""
"2004-01-09 05:51","2004","01","09","05:51"," ","-28,40","","-31,50","","75,00","","8,00","","83,00","","","M","92,46","","","","-50,00","","ND"
"2004-01-09 06:00","2004","01","09","06:00"," ","","","","","","","","","","","","","","","","","","",""
"2004-01-09 06:51","2004","01","09","06:51"," ","-28,60","","-31,70","","75,00","","8,00","","85,00","","","M","92,38","","","","-51,00","","ND"
"2004-01-09 07:00","2004","01","09","07:00"," ","","","","","","","","","","","","","","","","","","",""
"2004-01-09 07:51","2004","01","09","07:51"," ","-28,40","","-31,70","","73,00","","8,00","","89,00","","","M","92,37","","","","-51,00","","ND"
"2004-01-09 08:00","2004","01","09","08:00"," ","","","","","","","","","","","","","","","","","","",""
"2004-01-09 08:51","2004","01","09","08:51"," ","-28,10","","-31,40","","73,00","","8,00","","89,00","","","M","92,34","","","","-51,00","","ND"
"2004-01-09 09:00","2004","01","09","09:00"," ","","","","","","","","","","","","","","","","","","",""
"2004-01-09 09:51","2004","01","09","09:51"," ","-28,40","","-31,80","","73,00","","8,00","","91,00","","","M","92,39","","","","-51,00","","ND"
"2004-01-09 10:00","2004","01","09","10:00"," ","","","","","","","","","","","","","","","","","","",""
"2004-01-09 10:51","2004","01","09","10:51"," ","-28,00","","-31,20","","74,00","","8,00","","89,00","","","M","92,32","","","","-50,00","","ND"
"2004-01-09 11:00","2004","01","09","11:00"," ","","","","","","","","","","","","","","","","","","",""
"2004-01-09 11:51","2004","01","09","11:51"," ","-27,30","","-30,50","","74,00","","8,00","","87,00","","","M","92,37","","","","-49,00","","ND"
"2004-01-09 12:00","2004","01","09","12:00"," ","","","","","","","","","","","","","","","","","","",""
"2004-01-09 12:51","2004","01","09","12:51"," ","-27,00","","-30,30","","74,00","","8,00","","91,00","","","M","92,24","","","","-49,00","","ND"
"2004-01-09 13:00","2004","01","09","13:00"," ","","","","","","","","","","","","","","","","","","",""
"2004-01-09 13:51","2004","01","09","13:51"," ","-26,60","","-29,80","","74,00","","8,00","","98,00","","","M","92,16","","","","-49,00","","ND"
"2004-01-09 14:00","2004","01","09","14:00"," ","","","","","","","","","","","","","","","","","","",""
"2004-01-09 14:51","2004","01","09","14:51"," ","-26,90","","-30,10","","74,00","","8,00","","104,00","","","M","92,06","","","","-50,00","","ND"
"2004-01-09 15:00","2004","01","09","15:00"," ","","","","","","","","","","","","","","","","","","",""
"2004-01-09 15:51","2004","01","09","15:51"," ","-26,80","","-30,00","","74,00","","9,00","","107,00","","","M","91,97","","","","-50,00","","ND"
"2004-01-09 16:00","2004","01","09","16:00"," ","","","","","","","","","","","","","","","","","","",""
"2004-01-09 16:51","2004","01","09","16:51"," ","-27,20","","-30,20","","76,00","","8,00","","102,00","","","M","92,05","","","","-50,00","","ND"
"2004-01-09 17:00","2004","01","09","17:00"," ","","","","","","","","","","","","","","","","","","",""
"2004-01-09 17:51","2004","01","09","17:51"," ","-25,90","","-29,10","","74,00","","8,00","","106,00","","","M","91,98","","","","-49,00","","ND"
"2004-01-09 18:00","2004","01","09","18:00"," ","","","","","","","","","","","","","","","","","","",""
"2004-01-09 18:51","2004","01","09","18:51"," ","-26,10","","-29,30","","74,00","","8,00","","104,00","","","M","91,92","","","","-49,00","","ND"
"2004-01-09 19:00","2004","01","09","19:00"," ","","","","","","","","","","","","","","","","","","",""
"2004-01-09 19:51","2004","01","09","19:51"," ","-25,90","","-29,10","","74,00","","8,00","","106,00","","","M","91,87","","","","-49,00","","ND"
"2004-01-09 20:00","2004","01","09","20:00"," ","","","","","","","","","","","","","","","","","","",""
"2004-01-09 20:51","2004","01","09","20:51"," ","-25,70","","-28,90","","74,00","","8,00","","109,00","","","M","91,78","","","","-49,00","","ND"
"2004-01-09 21:00","2004","01","09","21:00"," ","","","","","","","","","","","","","","","","","","",""
"2004-01-09 21:51","2004","01","09","21:51"," ","-25,60","","-29,00","","73,00","","8,00","","87,00","","","M","91,98","","","","-47,00","","ND"
"2004-01-09 22:00","2004","01","09","22:00"," ","","","","","","","","","","","","","","","","","","",""
"2004-01-09 22:51","2004","01","09","22:51"," ","-25,40","","-28,50","","75,00","","9,00","","24,00","","","M","92,30","","","","-38,00","","ND"
"2004-01-09 23:00","2004","01","09","23:00"," ","","","","","","","","","","","","","","","","","","",""
"2004-01-09 23:51","2004","01","09","23:51"," ","-25,30","","-28,80","","73,00","","8,00","","28,00","","","M","92,24","","","","-39,00","","ND"
"2004-01-10 00:00","2004","01","10","00:00"," ","","","","","","","","","","","","","","","","","","",""
"2004-01-10 00:51","2004","01","10","00:51"," ","-25,50","","-28,90","","73,00","","8,00","","104,00","","","M","91,60","","","","-48,00","","ND"
"2004-01-10 01:00","2004","01","10","01:00"," ","","","","","","","","","","","","","","","","","","",""
"2004-01-10 01:51","2004","01","10","01:51"," ","-25,60","","-29,10","","72,00","","8,00","","119,00","","","M","91,49","","","","-49,00","","ND"
"2004-01-10 02:00","2004","01","10","02:00"," ","","","","","","","","","","","","","","","","","","",""
"2004-01-10 02:51","2004","01","10","02:51"," ","-25,80","","-29,30","","72,00","","9,00","","113,00","","","M","91,51","","","","-49,00","","ND"
"2004-01-10 03:00","2004","01","10","03:00"," ","","","","","","","","","","","","","","","","","","",""
"2004-01-10 03:51","2004","01","10","03:51"," ","-25,80","","-29,20","","73,00","","8,00","","109,00","","","M","91,48","","","","-49,00","","ND"
"2004-01-10 04:00","2004","01","10","04:00"," ","","","","","","","","","","","","","","","","","","",""
"2004-01-10 04:51","2004","01","10","04:51"," ","-26,00","","-29,50","","72,00","","8,00","","120,00","","","M","91,36","","","","-50,00","","ND"
"2004-01-10 05:00","2004","01","10","05:00"," ","","","","","","","","","","","","","","","","","","",""
"2004-01-10 05:51","2004","01","10","05:51"," ","-25,30","","-29,30","","69,00","","8,00","","96,00","","","M","91,58","","","","-47,00","","ND"
"2004-01-10 06:00","2004","01","10","06:00"," ","","","","","","","","","","","","","","","","","","",""
"2004-01-10 06:51","2004","01","10","06:51"," ","-24,60","","-27,30","","78,00","","9,00","","85,00","","","M","91,71","","","","-45,00","","ND"
"2004-01-10 07:00","2004","01","10","07:00"," ","","","","","","","","","","","","","","","","","","",""
"2004-01-10 07:51","2004","01","10","07:51"," ","-25,80","","-29,90","","68,00","","8,00","","80,00","","","M","91,72","","","","-46,00","","ND"
"2004-01-10 08:00","2004","01","10","08:00"," ","","","","","","","","","","","","","","","","","","",""
"2004-01-10 08:51","2004","01","10","08:51"," ","-25,80","","-29,60","","70,00","","8,00","","70,00","","","M","91,70","","","","-46,00","","ND"
"2004-01-10 09:00","2004","01","10","09:00"," ","","","","","","","","","","","","","","","","","","",""
"2004-01-10 09:51","2004","01","10","09:51"," ","-26,60","","-30,70","","68,00","","9,00","","61,00","","","M","91,78","","","","-46,00","","ND"
"2004-01-10 10:00","2004","01","10","10:00"," ","","","","","","","","","","","","","","","","","","",""
"2004-01-10 10:51","2004","01","10","10:51"," ","-25,10","","-28,60","","73,00","","8,00","","54,00","","","M","91,79","","","","-43,00","","ND"
"2004-01-10 11:00","2004","01","10","11:00"," ","","","","","","","","","","","","","","","","","","",""
"2004-01-10 11:51","2004","01","10","11:51"," ","-25,30","","-28,50","","75,00","","10,00","","61,00","","","M","91,78","","","","-44,00","","ND"
"2004-01-10 12:00","2004","01","10","12:00"," ","","","","","","","","","","","","","","","","","","",""
"2004-01-10 12:51","2004","01","10","12:51"," ","-24,10","","-27,50","","73,00","","11,00","","43,00","","","M","91,79","","","","-40,00","","ND"
"2004-01-10 13:00","2004","01","10","13:00"," ","","","","","","","","","","","","","","","","","","",""
"2004-01-10 13:51","2004","01","10","13:51"," ","-24,10","","-27,20","","75,00","","10,00","","44,00","","","M","91,78","","","","-40,00","","ND"
"2004-01-10 14:00","2004","01","10","14:00"," ","","","","","","","","","","","","","","","","","","",""
"2004-01-10 14:51","2004","01","10","14:51"," ","-23,10","","-25,80","","78,00","","10,00","","11,00","","","M","91,81","","","","-31,00","","ND"
"2004-01-10 15:00","2004","01","10","15:00"," ","","","","","","","","","","","","","","","","","","",""
"2004-01-10 15:51","2004","01","10","15:51"," ","-23,50","","-26,10","","79,00","","1,00","","4,00","","","M","91,82","","","","-27,00","","ND"
"2004-01-10 16:00","2004","01","10","16:00"," ","","","","","","","","","","","","","","","","","","",""
"2004-01-10 16:51","2004","01","10","16:51"," ","-24,00","","-26,70","","78,00","","27,00","","13,00","","","M","91,83","","","","-33,00","","ND"
"2004-01-10 17:00","2004","01","10","17:00"," ","","","","","","","","","","","","","","","","","","",""
"2004-01-10 17:51","2004","01","10","17:51"," ","-26,50","","-29,40","","76,00","","36,00","","9,00","","","M","91,89","","","","-34,00","","ND"
"2004-01-10 18:00","2004","01","10","18:00"," ","","","","","","","","","","","","","","","","","","",""
"2004-01-10 18:51","2004","01","10","18:51"," ","-27,70","","-30,70","","75,00","","33,00","","7,00","","","M","91,91","","","","-35,00","","ND"
"2004-01-10 19:00","2004","01","10","19:00"," ","","","","","","","","","","","","","","","","","","",""
"2004-01-10 19:51","2004","01","10","19:51"," ","-27,70","","-30,70","","75,00","","31,00","","2,00","","","M","91,99","","","","-30,00","","ND"
"2004-01-10 20:00","2004","01","10","20:00"," ","","","","","","","","","","","","","","","","","","",""
"2004-01-10 20:51","2004","01","10","20:51"," ","-27,90","","-31,10","","74,00","","21,00","","6,00","","","M","92,08","","","","-34,00","","ND"
"2004-01-10 21:00","2004","01","10","21:00"," ","","","","","","","","","","","","","","","","","","",""
"2004-01-10 21:51","2004","01","10","21:51"," ","-28,80","","-31,90","","75,00","","18,00","","2,00","","","M","92,12","","","","-31,00","","ND"
"2004-01-10 22:00","2004","01","10","22:00"," ","","","","","","","","","","","","","","","","","","",""
"2004-01-10 22:51","2004","01","10","22:51"," ","-28,50","","-31,60","","75,00","","21,00","","2,00","","","M","92,22","","","","-31,00","","ND"
"2004-01-10 23:00","2004","01","10","23:00"," ","","","","","","","","","","","","","","","","","","",""
"2004-01-10 23:51","2004","01","10","23:51"," ","-26,90","","-29,80","","76,00","","17,00","","2,00","","","M","92,29","","","","-29,00","","ND"
"2004-01-11 00:00","2004","01","11","00:00"," ","","","","","","","","","","","","","","","","","","",""
"2004-01-11 00:51","2004","01","11","00:51"," ","-25,80","","-28,60","","77,00","","16,00","","2,00","","","M","92,36","","","","-28,00","","ND"
"2004-01-11 01:00","2004","01","11","01:00"," ","","","","","","","","","","","","","","","","","","",""
"2004-01-11 01:51","2004","01","11","01:51"," ","-26,80","","-29,70","","76,00","","18,00","","7,00","","","M","92,43","","","","-34,00","","ND"
"2004-01-11 02:00","2004","01","11","02:00"," ","","","","","","","","","","","","","","","","","","",""
"2004-01-11 02:51","2004","01","11","02:51"," ","-26,30","","-29,10","","77,00","","15,00","","6,00","","","M","92,49","","","","-32,00","","ND"
"2004-01-11 03:00","2004","01","11","03:00"," ","","","","","","","","","","","","","","","","","","",""
"2004-01-11 03:51","2004","01","11","03:51"," ","-23,80","","-26,20","","81,00","","14,00","","7,00","","","M","92,54","","","","-30,00","","ND"
"2004-01-11 04:00","2004","01","11","04:00"," ","","","","","","","","","","","","","","","","","","",""
"2004-01-11 04:51","2004","01","11","04:51"," ","-21,70","","-24,00","","82,00","","16,00","","2,00","","","M","92,59","","","","-24,00","","ND"
"2004-01-11 05:00","2004","01","11","05:00"," ","","","","","","","","","","","","","","","","","","",""
"2004-01-11 05:51","2004","01","11","05:51"," ","-21,30","","-23,60","","82,00","","17,00","","4,00","","","M","92,63","","","","-25,00","","ND"
"2004-01-11 06:00","2004","01","11","06:00"," ","","","","","","","","","","","","","","","","","","",""
"2004-01-11 06:51","2004","01","11","06:51"," ","-21,10","","-23,30","","82,00","","15,00","","7,00","","","M","92,69","","","","-27,00","","ND"
"2004-01-11 07:00","2004","01","11","07:00"," ","","","","","","","","","","","","","","","","","","",""
"2004-01-11 07:51","2004","01","11","07:51"," ","-19,50","","-21,60","","83,00","","15,00","","11,00","","","M","92,74","","","","-27,00","","ND"
"2004-01-11 08:00","2004","01","11","08:00"," ","","","","","","","","","","","","","","","","","","",""
"2004-01-11 08:51","2004","01","11","08:51"," ","-19,00","","-21,00","","84,00","","13,00","","6,00","","","M","92,85","","","","-24,00","","ND"
"2004-01-11 09:00","2004","01","11","09:00"," ","","","","","","","","","","","","","","","","","","",""
"2004-01-11 09:51","2004","01","11","09:51"," ","-18,30","","-20,20","","85,00","","17,00","","6,00","","","M","92,92","","","","-23,00","","ND"
"2004-01-11 10:00","2004","01","11","10:00"," ","","","","","","","","","","","","","","","","","","",""
"2004-01-11 10:51","2004","01","11","10:51"," ","-18,10","","-20,00","","85,00","","15,00","","9,00","","","M","92,98","","","","-24,00","","ND"
"2004-01-11 11:00","2004","01","11","11:00"," ","","","","","","","","","","","","","","","","","","",""
"2004-01-11 11:51","2004","01","11","11:51"," ","-17,00","","-18,70","","87,00","","20,00","","6,00","","","M","93,06","","","","-22,00","","ND"
"2004-01-11 12:00","2004","01","11","12:00"," ","","","","","","","","","","","","","","","","","","",""
"2004-01-11 12:51","2004","01","11","12:51"," ","-16,10","","-17,70","","87,00","","16,00","","2,00","","","M","93,12","","","","-18,00","","ND"
"2004-01-11 13:00","2004","01","11","13:00"," ","","","","","","","","","","","","","","","","","","",""
"2004-01-11 13:51","2004","01","11","13:51"," ","-15,80","","-17,40","","87,00","","36,00","","2,00","","","M","93,18","","","","-17,00","","ND"
"2004-01-11 14:00","2004","01","11","14:00"," ","","","","","","","","","","","","","","","","","","",""
"2004-01-11 14:51","2004","01","11","14:51"," ","-15,20","","-16,80","","88,00","","1,00","","11,00","","","M","93,20","","","","-22,00","","ND"
"2004-01-11 15:00","2004","01","11","15:00"," ","","","","","","","","","","","","","","","","","","",""
"2004-01-11 15:51","2004","01","11","15:51"," ","-15,30","","-16,90","","88,00","","1,00","","15,00","","","M","93,23","","","","-23,00","","ND"
"2004-01-11 16:00","2004","01","11","16:00"," ","","","","","","","","","","","","","","","","","","",""
"2004-01-11 16:51","2004","01","11","16:51"," ","-16,70","","-18,40","","87,00","","1,00","","7,00","","","M","93,23","","","","-22,00","","ND"
"2004-01-11 17:00","2004","01","11","17:00"," ","","","","","","","","","","","","","","","","","","",""
"2004-01-11 17:51","2004","01","11","17:51"," ","-18,20","","-20,20","","84,00","","12,00","","4,00","","","M","93,25","","","","-21,00","","ND"
"2004-01-11 18:00","2004","01","11","18:00"," ","","","","","","","","","","","","","","","","","","",""
"2004-01-11 18:51","2004","01","11","18:51"," ","-18,80","","-20,50","","86,00","","11,00","","4,00","","","M","93,26","","","","-22,00","","ND"
"2004-01-11 19:00","2004","01","11","19:00"," ","","","","","","","","","","","","","","","","","","",""
"2004-01-11 19:51","2004","01","11","19:51"," ","-20,10","","-22,20","","83,00","","33,00","","4,00","","","M","93,30","","","","-24,00","","ND"
"2004-01-11 20:00","2004","01","11","20:00"," ","","","","","","","","","","","","","","","","","","",""
"2004-01-11 20:51","2004","01","11","20:51"," ","-19,60","","-21,70","","83,00","","2,00","","4,00","","","M","93,31","","","","-23,00","","ND"
"2004-01-11 21:00","2004","01","11","21:00"," ","","","","","","","","","","","","","","","","","","",""
"2004-01-11 21:51","2004","01","11","21:51"," ","-20,50","","-22,60","","83,00","","1,00","","4,00","","","M","93,33","","","","-24,00","","ND"
"2004-01-11 22:00","2004","01","11","22:00"," ","","","","","","","","","","","","","","","","","","",""
"2004-01-11 22:51","2004","01","11","22:51"," ","-20,50","","-22,60","","83,00","","36,00","","2,00","","","M","93,35","","","","-22,00","","ND"
"2004-01-11 23:00","2004","01","11","23:00"," ","","","","","","","","","","","","","","","","","","",""
"2004-01-11 23:51","2004","01","11","23:51"," ","-20,60","","-22,80","","82,00","","33,00","","6,00","","","M","93,34","","","","-26,00","","ND"
"2004-01-12 00:00","2004","01","12","00:00"," ","","","","","","","","","","","","","","","","","","",""
"2004-01-12 00:51","2004","01","12","00:51"," ","-20,80","","-22,90","","83,00","","34,00","","7,00","","","M","93,34","","","","-27,00","","ND"
"2004-01-12 01:00","2004","01","12","01:00"," ","","","","","","","","","","","","","","","","","","",""
"2004-01-12 01:51","2004","01","12","01:51"," ","-20,60","","-22,70","","83,00","","35,00","","9,00","","","M","93,36","","","","-27,00","","ND"
"2004-01-12 02:00","2004","01","12","02:00"," ","","","","","","","","","","","","","","","","","","",""
"2004-01-12 02:51","2004","01","12","02:51"," ","-20,50","","-22,60","","83,00","","33,00","","6,00","","","M","93,36","","","","-26,00","","ND"
"2004-01-12 03:00","2004","01","12","03:00"," ","","","","","","","","","","","","","","","","","","",""
"2004-01-12 03:51","2004","01","12","03:51"," ","-20,00","","-22,10","","83,00","","33,00","","7,00","","","M","93,33","","","","-26,00","","ND"
"2004-01-12 04:00","2004","01","12","04:00"," ","","","","","","","","","","","","","","","","","","",""
"2004-01-12 04:51","2004","01","12","04:51"," ","-20,40","","-22,50","","83,00","","33,00","","7,00","","","M","93,32","","","","-26,00","","ND"
"2004-01-12 05:00","2004","01","12","05:00"," ","","","","","","","","","","","","","","","","","","",""
"2004-01-12 06:00","2004","01","12","06:00"," ","","","","","","","","","","","","","","","","","","",""
"2004-01-12 06:51","2004","01","12","06:51"," ","-19,00","","-21,00","","84,00","","20,00","","4,00","","","M","93,26","","","","-22,00","","ND"
"2004-01-12 07:00","2004","01","12","07:00"," ","","","","","","","","","","","","","","","","","","",""
"2004-01-12 07:51","2004","01","12","07:51"," ","-18,00","","-20,00","","84,00","","8,00","","11,00","","","M","93,26","","","","-25,00","","ND"
"2004-01-12 08:00","2004","01","12","08:00"," ","","","","","","","","","","","","","","","","","","",""
"2004-01-12 08:51","2004","01","12","08:51"," ","-18,80","","-20,90","","83,00","","30,00","","2,00","","","M","93,28","","","","-20,00","","ND"
"2004-01-12 09:00","2004","01","12","09:00"," ","","","","","","","","","","","","","","","","","","",""
"2004-01-12 09:51","2004","01","12","09:51"," ","-18,60","","-21,30","","79,00","","21,00","","7,00","","","M","93,27","","","","-24,00","","ND"
"2004-01-12 10:00","2004","01","12","10:00"," ","","","","","","","","","","","","","","","","","","",""
"2004-01-12 10:51","2004","01","12","10:51"," ","-19,10","","-21,80","","79,00","","36,00","","7,00","","","M","93,25","","","","-25,00","","ND"
"2004-01-12 11:00","2004","01","12","11:00"," ","","","","","","","","","","","","","","","","","","",""
"2004-01-12 11:51","2004","01","12","11:51"," ","-19,50","","-22,20","","79,00","","30,00","","7,00","","","M","93,22","","","","-25,00","","ND"
"2004-01-12 12:00","2004","01","12","12:00"," ","","","","","","","","","","","","","","","","","","",""
"2004-01-12 12:51","2004","01","12","12:51"," ","-19,60","","-22,10","","80,00","","34,00","","4,00","","","M","93,22","","","","-23,00","","ND"
"2004-01-12 13:00","2004","01","12","13:00"," ","","","","","","","","","","","","","","","","","","",""
"2004-01-12 13:51","2004","01","12","13:51"," ","-19,80","","-22,50","","79,00","","33,00","","17,00","","","M","93,21","","","","-29,00","","ND"
"2004-01-12 14:00","2004","01","12","14:00"," ","","","","","","","","","","","","","","","","","","",""
"2004-01-12 14:51","2004","01","12","14:51"," ","-20,30","","-22,70","","81,00","","34,00","","13,00","","","M","93,18","","","","-29,00","","ND"
"2004-01-12 15:00","2004","01","12","15:00"," ","","","","","","","","","","","","","","","","","","",""
"2004-01-12 15:51","2004","01","12","15:51"," ","-20,90","","-23,30","","81,00","","32,00","","15,00","","","M","93,17","","","","-30,00","","ND"
"2004-01-12 16:00","2004","01","12","16:00"," ","","","","","","","","","","","","","","","","","","",""
"2004-01-12 16:51","2004","01","12","16:51"," ","-21,50","","-23,80","","82,00","","35,00","","13,00","","","M","93,16","","","","-30,00","","ND"
"2004-01-12 17:00","2004","01","12","17:00"," ","","","","","","","","","","","","","","","","","","",""
"2004-01-12 17:51","2004","01","12","17:51"," ","-21,70","","-24,00","","82,00","","35,00","","9,00","","","M","93,14","","","","-29,00","","ND"
"2004-01-12 18:00","2004","01","12","18:00"," ","","","","","","","","","","","","","","","","","","",""
"2004-01-12 18:51","2004","01","12","18:51"," ","-22,20","","-24,70","","80,00","","36,00","","9,00","","","M","93,12","","","","-29,00","","ND"
"2004-01-12 19:00","2004","01","12","19:00"," ","","","","","","","","","","","","","","","","","","",""
"2004-01-12 19:51","2004","01","12","19:51"," ","-22,20","","-25,70","","73,00","","34,00","","11,00","","","M","93,10","","","","-30,00","","ND"
"2004-01-12 20:00","2004","01","12","20:00"," ","","","","","","","","","","","","","","","","","","",""
"2004-01-12 20:51","2004","01","12","20:51"," ","-22,50","","-27,20","","65,00","","34,00","","13,00","","","M","93,07","","","","-31,00","","ND"
"2004-01-12 21:00","2004","01","12","21:00"," ","","","","","","","","","","","","","","","","","","",""
"2004-01-12 21:51","2004","01","12","21:51"," ","-23,00","","-27,00","","70,00","","18,00","","13,00","","","M","93,02","","","","-32,00","","ND"
"2004-01-12 22:00","2004","01","12","22:00"," ","","","","","","","","","","","","","","","","","","",""
"2004-01-12 22:51","2004","01","12","22:51"," ","-23,20","","-26,80","","72,00","","9,00","","15,00","","","M","92,99","","","","-33,00","","ND"
"2004-01-12 23:00","2004","01","12","23:00"," ","","","","","","","","","","","","","","","","","","",""
"2004-01-12 23:51","2004","01","12","23:51"," ","-23,20","","-26,50","","74,00","","15,00","","13,00","","","M","93,00","","","","-32,00","","ND"
"2004-01-13 00:00","2004","01","13","00:00"," ","","","","","","","","","","","","","","","","","","",""
"2004-01-13 00:51","2004","01","13","00:51"," ","-23,10","","-26,00","","77,00","","8,00","","54,00","","","M","92,89","","","","-40,00","","ND"
"2004-01-13 01:00","2004","01","13","01:00"," ","","","","","","","","","","","","","","","","","","",""
"2004-01-13 01:51","2004","01","13","01:51"," ","-23,20","","-26,20","","76,00","","8,00","","54,00","","","M","92,92","","","","-40,00","","ND"
"2004-01-13 02:00","2004","01","13","02:00"," ","","","","","","","","","","","","","","","","","","",""
"2004-01-13 02:51","2004","01","13","02:51"," ","-23,20","","-26,20","","76,00","","8,00","","74,00","","","M","92,65","","","","-42,00","","ND"
"2004-01-13 03:00","2004","01","13","03:00"," ","","","","","","","","","","","","","","","","","","",""
"2004-01-13 03:51","2004","01","13","03:51"," ","-23,00","","-25,90","","77,00","","8,00","","82,00","","","M","92,64","","","","-43,00","","ND"
"2004-01-13 04:00","2004","01","13","04:00"," ","","","","","","","","","","","","","","","","","","",""
"2004-01-13 04:51","2004","01","13","04:51"," ","-22,90","","-25,90","","76,00","","8,00","","91,00","","","M","92,49","","","","-43,00","","ND"
"2004-01-13 05:00","2004","01","13","05:00"," ","","","","","","","","","","","","","","","","","","",""
"2004-01-13 05:51","2004","01","13","05:51"," ","-23,40","","-26,30","","77,00","","8,00","","95,00","","","M","92,46","","","","-44,00","","ND"
"2004-01-13 06:00","2004","01","13","06:00"," ","","","","","","","","","","","","","","","","","","",""
"2004-01-13 06:51","2004","01","13","06:51"," ","-23,40","","-26,50","","76,00","","8,00","","96,00","","","M","92,43","","","","-44,00","","ND"
"2004-01-13 07:00","2004","01","13","07:00"," ","","","","","","","","","","","","","","","","","","",""
"2004-01-13 07:51","2004","01","13","07:51"," ","-23,10","","-26,20","","76,00","","8,00","","95,00","","","M","92,47","","","","-44,00","","ND"
"2004-01-13 08:00","2004","01","13","08:00"," ","","","","","","","","","","","","","","","","","","",""
"2004-01-13 08:51","2004","01","13","08:51"," ","-22,80","","-26,00","","75,00","","8,00","","95,00","","","M","92,46","","","","-43,00","","ND"
"2004-01-13 09:00","2004","01","13","09:00"," ","","","","","","","","","","","","","","","","","","",""
"2004-01-13 09:51","2004","01","13","09:51"," ","-22,40","","-25,90","","73,00","","8,00","","89,00","","","M","92,57","","","","-42,00","","ND"
"2004-01-13 10:00","2004","01","13","10:00"," ","","","","","","","","","","","","","","","","","","",""
"2004-01-13 10:51","2004","01","13","10:51"," ","-22,60","","-25,90","","74,00","","8,00","","87,00","","","M","92,58","","","","-42,00","","ND"
"2004-01-13 11:00","2004","01","13","11:00"," ","","","","","","","","","","","","","","","","","","",""
"2004-01-13 11:51","2004","01","13","11:51"," ","-22,40","","-25,40","","77,00","","8,00","","87,00","","","M","92,60","","","","-42,00","","ND"
"2004-01-13 12:00","2004","01","13","12:00"," ","","","","","","","","","","","","","","","","","","",""
"2004-01-13 12:51","2004","01","13","12:51"," ","-22,20","","-24,90","","79,00","","7,00","","89,00","","","M","92,61","","","","-42,00","","ND"
"2004-01-13 13:00","2004","01","13","13:00"," ","","","","","","","","","","","","","","","","","","",""
"2004-01-13 13:51","2004","01","13","13:51"," ","-22,30","","-25,50","","75,00","","7,00","","98,00","","","M","92,51","","","","-43,00","","ND"
"2004-01-13 14:00","2004","01","13","14:00"," ","","","","","","","","","","","","","","","","","","",""
"2004-01-13 14:51","2004","01","13","14:51"," ","-22,70","","-27,20","","67,00","","7,00","","96,00","","","M","92,45","","","","-43,00","","ND"
"2004-01-13 15:00","2004","01","13","15:00"," ","","","","","","","","","","","","","","","","","","",""
"2004-01-13 15:51","2004","01","13","15:51"," ","-22,90","","-28,10","","62,00","","7,00","","98,00","","","M","92,50","","","","-44,00","","ND"
"2004-01-13 16:00","2004","01","13","16:00"," ","","","","","","","","","","","","","","","","","","",""
"2004-01-13 16:51","2004","01","13","16:51"," ","-23,00","","-27,40","","67,00","","7,00","","100,00","","","M","92,40","","","","-44,00","","ND"
"2004-01-13 17:00","2004","01","13","17:00"," ","","","","","","","","","","","","","","","","","","",""
"2004-01-13 17:51","2004","01","13","17:51"," ","-23,40","","-28,10","","65,00","","7,00","","104,00","","","M","92,39","","","","-45,00","","ND"
"2004-01-13 18:00","2004","01","13","18:00"," ","","","","","","","","","","","","","","","","","","",""
"2004-01-13 18:51","2004","01","13","18:51"," ","-23,80","","-29,00","","62,00","","7,00","","96,00","","","M","92,42","","","","-45,00","","ND"
"2004-01-13 19:00","2004","01","13","19:00"," ","","","","","","","","","","","","","","","","","","",""
"2004-01-13 19:51","2004","01","13","19:51"," ","-23,70","","-28,70","","63,00","","8,00","","85,00","","","M","92,54","","","","-44,00","","ND"
"2004-01-13 20:00","2004","01","13","20:00"," ","","","","","","","","","","","","","","","","","","",""
"2004-01-13 20:51","2004","01","13","20:51"," ","-24,40","","-29,20","","64,00","","8,00","","78,00","","","M","92,66","","","","-44,00","","ND"
"2004-01-13 21:00","2004","01","13","21:00"," ","","","","","","","","","","","","","","","","","","",""
"2004-01-13 21:51","2004","01","13","21:51"," ","-24,80","","-30,10","","61,00","","8,00","","69,00","","","M","92,80","","","","-44,00","","ND"
"2004-01-13 22:00","2004","01","13","22:00"," ","","","","","","","","","","","","","","","","","","",""
"2004-01-13 22:51","2004","01","13","22:51"," ","-24,90","","-30,90","","57,00","","7,00","","65,00","","","M","92,81","","","","-44,00","","ND"
"2004-01-13 23:00","2004","01","13","23:00"," ","","","","","","","","","","","","","","","","","","",""
"2004-01-13 23:51","2004","01","13","23:51"," ","-24,70","","-29,50","","64,00","","7,00","","50,00","","","M","92,89","","","","-42,00","","ND"
"2004-01-14 00:00","2004","01","14","00:00"," ","","","","","","","","","","","","","","","","","","",""
"2004-01-14 00:51","2004","01","14","00:51"," ","-26,00","","-30,10","","68,00","","7,00","","48,00","","","M","92,88","","","","-43,00","","ND"
"2004-01-14 01:00","2004","01","14","01:00"," ","","","","","","","","","","","","","","","","","","",""
"2004-01-14 01:51","2004","01","14","01:51"," ","-26,50","","-30,40","","70,00","","8,00","","52,00","","","M","92,79","","","","-45,00","","ND"
"2004-01-14 02:00","2004","01","14","02:00"," ","","","","","","","","","","","","","","","","","","",""
"2004-01-14 02:51","2004","01","14","02:51"," ","-27,10","","-31,20","","68,00","","8,00","","26,00","","","M","92,91","","","","-41,00","","ND"
"2004-01-14 03:00","2004","01","14","03:00"," ","","","","","","","","","","","","","","","","","","",""
"2004-01-14 03:51","2004","01","14","03:51"," ","-27,30","","-31,50","","67,00","","9,00","","30,00","","","M","92,90","","","","-42,00","","ND"
"2004-01-14 04:00","2004","01","14","04:00"," ","","","","","","","","","","","","","","","","","","",""
"2004-01-14 04:51","2004","01","14","04:51"," ","-27,20","","-32,40","","61,00","","8,00","","39,00","","","M","92,83","","","","-44,00","","ND"
"2004-01-14 05:00","2004","01","14","05:00"," ","","","","","","","","","","","","","","","","","","",""
"2004-01-14 05:51","2004","01","14","05:51"," ","-27,20","","-32,20","","62,00","","8,00","","67,00","","","M","92,53","","","","-47,00","","ND"
"2004-01-14 06:00","2004","01","14","06:00"," ","","","","","","","","","","","","","","","","","","",""
"2004-01-14 06:51","2004","01","14","06:51"," ","-27,90","","-32,50","","65,00","","8,00","","70,00","","","M","92,48","","","","-48,00","","ND"
"2004-01-14 07:00","2004","01","14","07:00"," ","","","","","","","","","","","","","","","","","","",""
"2004-01-14 07:51","2004","01","14","07:51"," ","-27,30","","-32,10","","64,00","","8,00","","80,00","","","M","92,35","","","","-49,00","","ND"
"2004-01-14 08:00","2004","01","14","08:00"," ","","","","","","","","","","","","","","","","","","",""
"2004-01-14 08:51","2004","01","14","08:51"," ","-27,20","","-32,00","","64,00","","8,00","","87,00","","","M","92,25","","","","-49,00","","ND"
"2004-01-14 09:00","2004","01","14","09:00"," ","","","","","","","","","","","","","","","","","","",""
"2004-01-14 09:51","2004","01","14","09:51"," ","-26,00","","-31,10","","62,00","","8,00","","89,00","","","M","92,25","","","","-47,00","","ND"
"2004-01-14 10:00","2004","01","14","10:00"," ","","","","","","","","","","","","","","","","","","",""
"2004-01-14 10:51","2004","01","14","10:51"," ","-26,60","","-30,80","","68,00","","7,00","","98,00","","","M","92,08","","","","-49,00","","ND"
"2004-01-14 11:00","2004","01","14","11:00"," ","","","","","","","","","","","","","","","","","","",""
"2004-01-14 11:51","2004","01","14","11:51"," ","-25,60","","-29,40","","70,00","","8,00","","91,00","","","M","92,11","","","","-47,00","","ND"
"2004-01-14 12:00","2004","01","14","12:00"," ","","","","","","","","","","","","","","","","","","",""
"2004-01-14 12:51","2004","01","14","12:51"," ","-26,20","","-29,80","","72,00","","7,00","","100,00","","","M","91,94","","","","-49,00","","ND"
"2004-01-14 13:00","2004","01","14","13:00"," ","","","","","","","","","","","","","","","","","","",""
"2004-01-14 13:51","2004","01","14","13:51"," ","-26,00","","-29,60","","72,00","","7,00","","102,00","","","M","91,85","","","","-48,00","","ND"
"2004-01-14 14:00","2004","01","14","14:00"," ","","","","","","","","","","","","","","","","","","",""
"2004-01-14 14:51","2004","01","14","14:51"," ","-26,40","","-29,90","","72,00","","8,00","","100,00","","","M","91,76","","","","-49,00","","ND"
"2004-01-14 15:00","2004","01","14","15:00"," ","","","","","","","","","","","","","","","","","","",""
"2004-01-14 15:51","2004","01","14","15:51"," ","-27,00","","-30,50","","72,00","","7,00","","102,00","","","M","91,69","","","","-50,00","","ND"
"2004-01-14 16:00","2004","01","14","16:00"," ","","","","","","","","","","","","","","","","","","",""
"2004-01-14 16:51","2004","01","14","16:51"," ","-28,00","","-31,60","","71,00","","8,00","","100,00","","","M","91,71","","","","-51,00","","ND"
"2004-01-14 17:00","2004","01","14","17:00"," ","","","","","","","","","","","","","","","","","","",""
"2004-01-14 17:51","2004","01","14","17:51"," ","-28,30","","-32,00","","70,00","","8,00","","85,00","","","M","91,87","","","","-50,00","","ND"
"2004-01-14 18:00","2004","01","14","18:00"," ","","","","","","","","","","","","","","","","","","",""
"2004-01-14 18:51","2004","01","14","18:51"," ","-28,10","","-31,50","","73,00","","8,00","","85,00","","","M","91,79","","","","-50,00","","ND"
"2004-01-14 19:00","2004","01","14","19:00"," ","","","","","","","","","","","","","","","","","","",""
"2004-01-14 19:51","2004","01","14","19:51"," ","-28,60","","-32,00","","72,00","","7,00","","65,00","","","M","91,95","","","","-49,00","","ND"
"2004-01-14 20:00","2004","01","14","20:00"," ","","","","","","","","","","","","","","","","","","",""
"2004-01-14 20:51","2004","01","14","20:51"," ","-27,60","","-30,90","","73,00","","7,00","","74,00","","","M","91,82","","","","-48,00","","ND"
"2004-01-14 21:00","2004","01","14","21:00"," ","","","","","","","","","","","","","","","","","","",""
"2004-01-14 21:51","2004","01","14","21:51"," ","-27,80","","-31,10","","73,00","","7,00","","76,00","","","M","91,83","","","","-49,00","","ND"
"2004-01-14 22:00","2004","01","14","22:00"," ","","","","","","","","","","","","","","","","","","",""
"2004-01-14 22:51","2004","01","14","22:51"," ","-29,30","","-32,80","","72,00","","6,00","","65,00","","","M","91,95","","","","-50,00","","ND"
"2004-01-14 23:00","2004","01","14","23:00"," ","","","","","","","","","","","","","","","","","","",""
"2004-01-14 23:51","2004","01","14","23:51"," ","-30,70","","-34,30","","71,00","","7,00","","59,00","","","M","92,11","","","","-51,00","","ND"
"2004-01-15 00:00","2004","01","15","00:00"," ","","","","","","","","","","","","","","","","","","",""
"2004-01-15 00:51","2004","01","15","00:51"," ","-29,90","","-33,60","","70,00","","6,00","","56,00","","","M","92,09","","","","-50,00","","ND"
"2004-01-15 01:00","2004","01","15","01:00"," ","","","","","","","","","","","","","","","","","","",""
"2004-01-15 01:51","2004","01","15","01:51"," ","-30,10","","-33,80","","70,00","","6,00","","41,00","","","M","92,25","","","","-48,00","","ND"
"2004-01-15 02:00","2004","01","15","02:00"," ","","","","","","","","","","","","","","","","","","",""
"2004-01-15 02:51","2004","01","15","02:51"," ","-30,40","","-34,00","","71,00","","6,00","","35,00","","","M","92,32","","","","-47,00","","ND"
"2004-01-15 03:00","2004","01","15","03:00"," ","","","","","","","","","","","","","","","","","","",""
"2004-01-15 03:51","2004","01","15","03:51"," ","-30,10","","-33,80","","70,00","","6,00","","35,00","","","M","92,33","","","","-47,00","","ND"
"2004-01-15 04:00","2004","01","15","04:00"," ","","","","","","","","","","","","","","","","","","",""
"2004-01-15 04:51","2004","01","15","04:51"," ","-29,70","","-33,40","","70,00","","6,00","","30,00","","","M","92,35","","","","-45,00","","ND"
"2004-01-15 05:00","2004","01","15","05:00"," ","","","","","","","","","","","","","","","","","","",""
"2004-01-15 05:51","2004","01","15","05:51"," ","-29,20","","-32,70","","72,00","","6,00","","33,00","","","M","92,36","","","","-45,00","","ND"
"2004-01-15 06:00","2004","01","15","06:00"," ","","","","","","","","","","","","","","","","","","",""
"2004-01-15 06:51","2004","01","15","06:51"," ","-28,60","","-32,00","","72,00","","6,00","","48,00","","","M","92,32","","","","-47,00","","ND"
"2004-01-15 07:00","2004","01","15","07:00"," ","","","","","","","","","","","","","","","","","","",""
"2004-01-15 07:51","2004","01","15","07:51"," ","-28,10","","-31,50","","73,00","","6,00","","56,00","","","M","92,21","","","","-47,00","","ND"
"2004-01-15 08:00","2004","01","15","08:00"," ","","","","","","","","","","","","","","","","","","",""
"2004-01-15 08:51","2004","01","15","08:51"," ","-28,10","","-31,50","","73,00","","6,00","","32,00","","","M","92,39","","","","-44,00","","ND"
"2004-01-15 09:00","2004","01","15","09:00"," ","","","","","","","","","","","","","","","","","","",""
"2004-01-15 09:51","2004","01","15","09:51"," ","-28,20","","-31,60","","73,00","","21,00","","9,00","","","M","92,49","","","","-36,00","","ND"
"2004-01-15 10:00","2004","01","15","10:00"," ","","","","","","","","","","","","","","","","","","",""
"2004-01-15 10:51","2004","01","15","10:51"," ","-28,80","","-32,40","","71,00","","6,00","","39,00","","","M","92,43","","","","-46,00","","ND"
"2004-01-15 11:00","2004","01","15","11:00"," ","","","","","","","","","","","","","","","","","","",""
"2004-01-15 11:51","2004","01","15","11:51"," ","-28,80","","-32,20","","72,00","","8,00","","48,00","","","M","92,42","","","","-47,00","","ND"
"2004-01-15 12:00","2004","01","15","12:00"," ","","","","","","","","","","","","","","","","","","",""
"2004-01-15 12:51","2004","01","15","12:51"," ","-30,90","","-34,40","","71,00","","8,00","","11,00","","","M","92,58","","","","-41,00","","ND"
"2004-01-15 13:00","2004","01","15","13:00"," ","","","","","","","","","","","","","","","","","","",""
"2004-01-15 13:51","2004","01","15","13:51"," ","-30,30","","-33,70","","72,00","","22,00","","9,00","","","M","92,61","","","","-39,00","","ND"
"2004-01-15 14:00","2004","01","15","14:00"," ","","","","","","","","","","","","","","","","","","",""
"2004-01-15 14:51","2004","01","15","14:51"," ","-30,00","","-33,40","","72,00","","15,00","","11,00","","","M","92,64","","","","-40,00","","ND"
"2004-01-15 15:00","2004","01","15","15:00"," ","","","","","","","","","","","","","","","","","","",""
"2004-01-15 15:51","2004","01","15","15:51"," ","-29,50","","-32,90","","72,00","","5,00","","11,00","","","M","92,69","","","","-39,00","","ND"
"2004-01-15 16:00","2004","01","15","16:00"," ","","","","","","","","","","","","","","","","","","",""
"2004-01-15 16:51","2004","01","15","16:51"," ","-30,10","","-33,60","","71,00","","7,00","","46,00","","","M","92,60","","","","-49,00","","ND"
"2004-01-15 17:00","2004","01","15","17:00"," ","","","","","","","","","","","","","","","","","","",""
"2004-01-15 17:51","2004","01","15","17:51"," ","-29,60","","-33,10","","72,00","","3,00","","20,00","","","M","92,75","","","","-43,00","","ND"
"2004-01-15 18:00","2004","01","15","18:00"," ","","","","","","","","","","","","","","","","","","",""
"2004-01-15 18:51","2004","01","15","18:51"," ","-29,90","","-33,60","","70,00","","5,00","","22,00","","","M","92,81","","","","-44,00","","ND"
"2004-01-15 19:00","2004","01","15","19:00"," ","","","","","","","","","","","","","","","","","","",""
"2004-01-15 19:51","2004","01","15","19:51"," ","-30,50","","-34,00","","71,00","","35,00","","17,00","","","M","92,86","","","","-43,00","","ND"
"2004-01-15 20:00","2004","01","15","20:00"," ","","","","","","","","","","","","","","","","","","",""
"2004-01-15 20:51","2004","01","15","20:51"," ","-30,70","","-34,20","","71,00","","33,00","","9,00","","","M","92,88","","","","-39,00","","ND"
"2004-01-15 21:00","2004","01","15","21:00"," ","","","","","","","","","","","","","","","","","","",""
"2004-01-15 21:51","2004","01","15","21:51"," ","-31,40","","-34,90","","71,00","","0,00","","0,00","","","M","92,91","","","","","","ND"
"2004-01-15 22:00","2004","01","15","22:00"," ","","","","","","","","","","","","","","","","","","",""
"2004-01-15 22:51","2004","01","15","22:51"," ","-31,50","","-35,10","","70,00","","0,00","","0,00","","","M","92,97","","","","","","ND"
"2004-01-15 23:00","2004","01","15","23:00"," ","","","","","","","","","","","","","","","","","","",""
"2004-01-15 23:51","2004","01","15","23:51"," ","-32,60","","-36,30","","69,00","","23,00","","2,00","","","M","93,01","","","","-35,00","","ND"
"2004-01-16 00:00","2004","01","16","00:00"," ","","","","","","","","","","","","","","","","","","",""
"2004-01-16 00:51","2004","01","16","00:51"," ","-33,70","","-37,50","","69,00","","13,00","","7,00","","","M","93,04","","","","-42,00","","ND"
"2004-01-16 01:00","2004","01","16","01:00"," ","","","","","","","","","","","","","","","","","","",""
"2004-01-16 01:51","2004","01","16","01:51"," ","-34,40","","-38,20","","68,00","","13,00","","6,00","","","M","93,07","","","","-42,00","","ND"
"2004-01-16 02:00","2004","01","16","02:00"," ","","","","","","","","","","","","","","","","","","",""
"2004-01-16 02:51","2004","01","16","02:51"," ","-33,80","","-37,60","","69,00","","11,00","","2,00","","","M","93,06","","","","-36,00","","ND"
"2004-01-16 03:00","2004","01","16","03:00"," ","","","","","","","","","","","","","","","","","","",""
"2004-01-16 03:51","2004","01","16","03:51"," ","-33,50","","-37,30","","69,00","","0,00","","0,00","","","M","93,06","","","","","","ND"
"2004-01-16 04:00","2004","01","16","04:00"," ","","","","","","","","","","","","","","","","","","",""
"2004-01-16 04:51","2004","01","16","04:51"," ","-33,30","","-37,10","","69,00","","36,00","","2,00","","","M","93,08","","","","-36,00","","ND"
"2004-01-16 05:00","2004","01","16","05:00"," ","","","","","","","","","","","","","","","","","","",""
"2004-01-16 05:51","2004","01","16","05:51"," ","-34,60","","-38,50","","68,00","","13,00","","6,00","","","M","93,13","","","","-42,00","","ND"
"2004-01-16 06:00","2004","01","16","06:00"," ","","","","","","","","","","","","","","","","","","",""
"2004-01-16 06:51","2004","01","16","06:51"," ","-33,30","","-37,10","","69,00","","4,00","","2,00","","","M","93,11","","","","-36,00","","ND"
"2004-01-16 07:00","2004","01","16","07:00"," ","","","","","","","","","","","","","","","","","","",""
"2004-01-16 07:51","2004","01","16","07:51"," ","-32,30","","-35,90","","70,00","","5,00","","7,00","","","M","93,13","","","","-40,00","","ND"
"2004-01-16 08:00","2004","01","16","08:00"," ","","","","","","","","","","","","","","","","","","",""
"2004-01-16 08:51","2004","01","16","08:51"," ","-32,60","","-36,50","","68,00","","2,00","","11,00","","","M","93,14","","","","-43,00","","ND"
"2004-01-16 09:00","2004","01","16","09:00"," ","","","","","","","","","","","","","","","","","","",""
"2004-01-16 09:51","2004","01","16","09:51"," ","-33,30","","-37,40","","67,00","","34,00","","13,00","","","M","93,14","","","","-45,00","","ND"
"2004-01-16 10:00","2004","01","16","10:00"," ","","","","","","","","","","","","","","","","","","",""
"2004-01-16 10:51","2004","01","16","10:51"," ","-34,20","","-38,10","","68,00","","0,00","","0,00","","","M","93,16","","","","","","ND"
"2004-01-16 11:00","2004","01","16","11:00"," ","","","","","","","","","","","","","","","","","","",""
"2004-01-16 11:51","2004","01","16","11:51"," ","-33,90","","-37,70","","68,00","","25,00","","2,00","","","M","93,19","","","","-36,00","","ND"
"2004-01-16 12:00","2004","01","16","12:00"," ","","","","","","","","","","","","","","","","","","",""
"2004-01-16 12:51","2004","01","16","12:51"," ","-34,10","","-38,10","","67,00","","36,00","","4,00","","","M","93,21","","","","-39,00","","ND"
"2004-01-16 13:00","2004","01","16","13:00"," ","","","","","","","","","","","","","","","","","","",""
"2004-01-16 13:51","2004","01","16","13:51"," ","-31,30","","-34,90","","70,00","","9,00","","2,00","","","M","93,21","","","","-34,00","","ND"
"2004-01-16 14:00","2004","01","16","14:00"," ","","","","","","","","","","","","","","","","","","",""
"2004-01-16 14:51","2004","01","16","14:51"," ","-31,80","","-35,40","","70,00","","22,00","","4,00","","","M","93,21","","","","-36,00","","ND"
"2004-01-16 15:00","2004","01","16","15:00"," ","","","","","","","","","","","","","","","","","","",""
"2004-01-16 15:51","2004","01","16","15:51"," ","-31,50","","-35,10","","70,00","","24,00","","4,00","","","M","93,22","","","","-36,00","","ND"
"2004-01-16 16:00","2004","01","16","16:00"," ","","","","","","","","","","","","","","","","","","",""
"2004-01-16 16:51","2004","01","16","16:51"," ","-32,00","","-35,60","","70,00","","4,00","","9,00","","","M","93,18","","","","-41,00","","ND"
"2004-01-16 17:00","2004","01","16","17:00"," ","","","","","","","","","","","","","","","","","","",""
"2004-01-16 17:51","2004","01","16","17:51"," ","-32,40","","-36,10","","70,00","","18,00","","7,00","","","M","93,19","","","","-40,00","","ND"
"2004-01-16 18:00","2004","01","16","18:00"," ","","","","","","","","","","","","","","","","","","",""
"2004-01-16 18:51","2004","01","16","18:51"," ","-33,20","","-37,00","","69,00","","17,00","","13,00","","","M","93,20","","","","-44,00","","ND"
"2004-01-16 19:00","2004","01","16","19:00"," ","","","","","","","","","","","","","","","","","","",""
"2004-01-16 19:51","2004","01","16","19:51"," ","-33,00","","-36,70","","69,00","","16,00","","15,00","","","M","93,18","","","","-45,00","","ND"
"2004-01-16 20:00","2004","01","16","20:00"," ","","","","","","","","","","","","","","","","","","",""
"2004-01-16 20:51","2004","01","16","20:51"," ","-31,60","","-35,20","","70,00","","28,00","","13,00","","","M","93,14","","","","-43,00","","ND"
"2004-01-16 21:00","2004","01","16","21:00"," ","","","","","","","","","","","","","","","","","","",""
"2004-01-16 21:51","2004","01","16","21:51"," ","-31,90","","-35,50","","70,00","","20,00","","13,00","","","M","93,08","","","","-43,00","","ND"
"2004-01-16 22:00","2004","01","16","22:00"," ","","","","","","","","","","","","","","","","","","",""
"2004-01-16 22:51","2004","01","16","22:51"," ","-32,10","","-35,80","","70,00","","9,00","","56,00","","","M","92,93","","","","-53,00","","ND"
"2004-01-16 23:00","2004","01","16","23:00"," ","","","","","","","","","","","","","","","","","","",""
"2004-01-16 23:51","2004","01","16","23:51"," ","-32,30","","-36,00","","70,00","","32,00","","11,00","","","M","92,99","","","","-42,00","","ND"
"2004-01-17 00:00","2004","01","17","00:00"," ","","","","","","","","","","","","","","","","","","",""
"2004-01-17 00:51","2004","01","17","00:51"," ","-31,70","","-35,60","","68,00","","1,00","","11,00","","","M","92,96","","","","-42,00","","ND"
"2004-01-17 01:00","2004","01","17","01:00"," ","","","","","","","","","","","","","","","","","","",""
"2004-01-17 01:51","2004","01","17","01:51"," ","-32,50","","-36,50","","67,00","","28,00","","7,00","","","M","92,95","","","","-40,00","","ND"
"2004-01-17 02:00","2004","01","17","02:00"," ","","","","","","","","","","","","","","","","","","",""
"2004-01-17 02:51","2004","01","17","02:51"," ","-34,00","","-37,80","","68,00","","31,00","","6,00","","","M","92,91","","","","-41,00","","ND"
"2004-01-17 03:00","2004","01","17","03:00"," ","","","","","","","","","","","","","","","","","","",""
"2004-01-17 03:51","2004","01","17","03:51"," ","-32,10","","-36,10","","68,00","","36,00","","17,00","","","M","92,85","","","","-45,00","","ND"
"2004-01-17 04:00","2004","01","17","04:00"," ","","","","","","","","","","","","","","","","","","",""
"2004-01-17 04:51","2004","01","17","04:51"," ","-33,40","","-37,40","","67,00","","35,00","","15,00","","","M","92,82","","","","-46,00","","ND"
"2004-01-17 05:00","2004","01","17","05:00"," ","","","","","","","","","","","","","","","","","","",""
"2004-01-17 05:51","2004","01","17","05:51"," ","-33,80","","-37,80","","67,00","","33,00","","15,00","","","M","92,79","","","","-46,00","","ND"
"2004-01-17 06:00","2004","01","17","06:00"," ","","","","","","","","","","","","","","","","","","",""
"2004-01-17 06:51","2004","01","17","06:51"," ","-33,80","","-37,80","","67,00","","32,00","","13,00","","","M","92,71","","","","-45,00","","ND"
"2004-01-17 07:00","2004","01","17","07:00"," ","","","","","","","","","","","","","","","","","","",""
"2004-01-17 07:51","2004","01","17","07:51"," ","-33,30","","-37,30","","67,00","","30,00","","13,00","","","M","92,60","","","","-45,00","","ND"
"2004-01-17 08:00","2004","01","17","08:00"," ","","","","","","","","","","","","","","","","","","",""
"2004-01-17 08:51","2004","01","17","08:51"," ","-34,30","","-38,20","","68,00","","34,00","","19,00","","","M","92,55","","","","-48,00","","ND"
"2004-01-17 09:00","2004","01","17","09:00"," ","","","","","","","","","","","","","","","","","","",""
"2004-01-17 10:00","2004","01","17","10:00"," ","","","","","","","","","","","","","","","","","","",""
"2004-01-17 11:00","2004","01","17","11:00"," ","","","","","","","","","","","","","","","","","","",""
"2004-01-17 12:00","2004","01","17","12:00"," ","","","","","","","","","","","","","","","","","","",""
"2004-01-17 13:00","2004","01","17","13:00"," ","","","","","","","","","","","","","","","","","","",""
"2004-01-17 14:00","2004","01","17","14:00"," ","","","","","","","","","","","","","","","","","","",""
"2004-01-17 15:00","2004","01","17","15:00"," ","","","","","","","","","","","","","","","","","","",""
"2004-01-17 16:00","2004","01","17","16:00"," ","","","","","","","","","","","","","","","","","","",""
"2004-01-17 17:00","2004","01","17","17:00"," ","","","","","","","","","","","","","","","","","","",""
"2004-01-17 18:00","2004","01","17","18:00"," ","","","","","","","","","","","","","","","","","","",""
"2004-01-17 19:00","2004","01","17","19:00"," ","","","","","","","","","","","","","","","","","","",""
"2004-01-17 20:00","2004","01","17","20:00"," ","","","","","","","","","","","","","","","","","","",""
"2004-01-17 21:00","2004","01","17","21:00"," ","","","","","","","","","","","","","","","","","","",""
"2004-01-17 22:00","2004","01","17","22:00"," ","","","","","","","","","","","","","","","","","","",""
"2004-01-17 23:00","2004","01","17","23:00"," ","","","","","","","","","","","","","","","","","","",""
"2004-01-18 00:00","2004","01","18","00:00"," ","","","","","","","","","","","","","","","","","","",""
"2004-01-18 01:00","2004","01","18","01:00"," ","","","","","","","","","","","","","","","","","","",""
"2004-01-18 02:00","2004","01","18","02:00"," ","","","","","","","","","","","","","","","","","","",""
"2004-01-18 03:00","2004","01","18","03:00"," ","","","","","","","","","","","","","","","","","","",""
"2004-01-18 04:00","2004","01","18","04:00"," ","","","","","","","","","","","","","","","","","","",""
"2004-01-18 05:00","2004","01","18","05:00"," ","","","","","","","","","","","","","","","","","","",""
"2004-01-18 06:00","2004","01","18","06:00"," ","","","","","","","","","","","","","","","","","","",""
"2004-01-18 07:00","2004","01","18","07:00"," ","","","","","","","","","","","","","","","","","","",""
"2004-01-18 08:00","2004","01","18","08:00"," ","","","","","","","","","","","","","","","","","","",""
"2004-01-18 09:00","2004","01","18","09:00"," ","","","","","","","","","","","","","","","","","","",""
"2004-01-18 10:00","2004","01","18","10:00"," ","","","","","","","","","","","","","","","","","","",""
"2004-01-18 11:00","2004","01","18","11:00"," ","","","","","","","","","","","","","","","","","","",""
"2004-01-18 12:00","2004","01","18","12:00"," ","","","","","","","","","","","","","","","","","","",""
"2004-01-18 13:00","2004","01","18","13:00"," ","","","","","","","","","","","","","","","","","","",""
"2004-01-18 14:00","2004","01","18","14:00"," ","","","","","","","","","","","","","","","","","","",""
"2004-01-18 15:00","2004","01","18","15:00"," ","","","","","","","","","","","","","","","","","","",""
"2004-01-18 16:00","2004","01","18","16:00"," ","","","","","","","","","","","","","","","","","","",""
"2004-01-18 17:00","2004","01","18","17:00"," ","","","","","","","","","","","","","","","","","","",""
"2004-01-18 18:00","2004","01","18","18:00"," ","","","","","","","","","","","","","","","","","","",""
"2004-01-18 19:00","2004","01","18","19:00"," ","","","","","","","","","","","","","","","","","","",""
"2004-01-18 20:00","2004","01","18","20:00"," ","","","","","","","","","","","","","","","","","","",""
"2004-01-18 21:00","2004","01","18","21:00"," ","","","","","","","","","","","","","","","","","","",""
"2004-01-18 22:00","2004","01","18","22:00"," ","","","","","","","","","","","","","","","","","","",""
"2004-01-18 23:00","2004","01","18","23:00"," ","","","","","","","","","","","","","","","","","","",""
"2004-01-19 00:00","2004","01","19","00:00"," ","","","","","","","","","","","","","","","","","","",""
"2004-01-19 01:00","2004","01","19","01:00"," ","","","","","","","","","","","","","","","","","","",""
"2004-01-19 02:00","2004","01","19","02:00"," ","","","","","","","","","","","","","","","","","","",""
"2004-01-19 03:00","2004","01","19","03:00"," ","","","","","","","","","","","","","","","","","","",""
"2004-01-19 04:00","2004","01","19","04:00"," ","","","","","","","","","","","","","","","","","","",""
"2004-01-19 05:00","2004","01","19","05:00"," ","","","","","","","","","","","","","","","","","","",""
"2004-01-19 06:00","2004","01","19","06:00"," ","","","","","","","","","","","","","","","","","","",""
"2004-01-19 07:00","2004","01","19","07:00"," ","","","","","","","","","","","","","","","","","","",""
"2004-01-19 08:00","2004","01","19","08:00"," ","","","","","","","","","","","","","","","","","","",""
"2004-01-19 09:00","2004","01","19","09:00"," ","","","","","","","","","","","","","","","","","","",""
"2004-01-19 10:00","2004","01","19","10:00"," ","","","","","","","","","","","","","","","","","","",""
"2004-01-19 11:00","2004","01","19","11:00"," ","","","","","","","","","","","","","","","","","","",""
"2004-01-19 12:00","2004","01","19","12:00"," ","","","","","","","","","","","","","","","","","","",""
"2004-01-19 13:00","2004","01","19","13:00"," ","","","","","","","","","","","","","","","","","","",""
"2004-01-19 14:00","2004","01","19","14:00"," ","","","","","","","","","","","","","","","","","","",""
"2004-01-19 15:00","2004","01","19","15:00"," ","","","","","","","","","","","","","","","","","","",""
"2004-01-19 16:00","2004","01","19","16:00"," ","","","","","","","","","","","","","","","","","","",""
"2004-01-19 17:00","2004","01","19","17:00"," ","","","","","","","","","","","","","","","","","","",""
"2004-01-19 18:00","2004","01","19","18:00"," ","","","","","","","","","","","","","","","","","","",""
"2004-01-19 19:00","2004","01","19","19:00"," ","","","","","","","","","","","","","","","","","","",""
"2004-01-19 20:00","2004","01","19","20:00"," ","","","","","","","","","","","","","","","","","","",""
"2004-01-19 21:00","2004","01","19","21:00"," ","","","","","","","","","","","","","","","","","","",""
"2004-01-19 22:00","2004","01","19","22:00"," ","","","","","","","","","","","","","","","","","","",""
"2004-01-19 23:00","2004","01","19","23:00"," ","","","","","","","","","","","","","","","","","","",""
"2004-01-20 00:00","2004","01","20","00:00"," ","","","","","","","","","","","","","","","","","","",""
"2004-01-20 01:00","2004","01","20","01:00"," ","","","","","","","","","","","","","","","","","","",""
"2004-01-20 01:51","2004","01","20","01:51"," ","-26,70","","-29,70","","76,00","","16,00","","13,00","","","M","93,96","","","","-37,00","","ND"
"2004-01-20 02:00","2004","01","20","02:00"," ","","","","","","","","","","","","","","","","","","",""
"2004-01-20 02:51","2004","01","20","02:51"," ","-26,90","","-29,90","","76,00","","8,00","","32,00","","","M","93,83","","","","-42,00","","ND"
"2004-01-20 03:00","2004","01","20","03:00"," ","","","","","","","","","","","","","","","","","","",""
"2004-01-20 03:51","2004","01","20","03:51"," ","-26,70","","-29,70","","76,00","","8,00","","80,00","","","M","93,27","","","","-48,00","","ND"
"2004-01-20 04:00","2004","01","20","04:00"," ","","","","","","","","","","","","","","","","","","",""
"2004-01-20 04:51","2004","01","20","04:51"," ","-26,50","","-29,40","","76,00","","15,00","","20,00","","","M","93,71","","","","-39,00","","ND"
"2004-01-20 05:00","2004","01","20","05:00"," ","","","","","","","","","","","","","","","","","","",""
"2004-01-20 05:51","2004","01","20","05:51"," ","-26,70","","-29,70","","76,00","","9,00","","59,00","","","M","93,48","","","","-46,00","","ND"
"2004-01-20 06:00","2004","01","20","06:00"," ","","","","","","","","","","","","","","","","","","",""
"2004-01-20 06:51","2004","01","20","06:51"," ","-26,60","","-29,60","","76,00","","8,00","","52,00","","","M","93,43","","","","-45,00","","ND"
"2004-01-20 07:00","2004","01","20","07:00"," ","","","","","","","","","","","","","","","","","","",""
"2004-01-20 07:51","2004","01","20","07:51"," ","-26,10","","-28,90","","77,00","","8,00","","76,00","","","M","93,06","","","","-47,00","","ND"
"2004-01-20 08:00","2004","01","20","08:00"," ","","","","","","","","","","","","","","","","","","",""
"2004-01-20 08:51","2004","01","20","08:51"," ","-26,10","","-29,00","","77,00","","8,00","","78,00","","","M","93,01","","","","-47,00","","ND"
"2004-01-20 09:00","2004","01","20","09:00"," ","","","","","","","","","","","","","","","","","","",""
"2004-01-20 09:51","2004","01","20","09:51"," ","-26,80","","-29,80","","76,00","","8,00","","85,00","","","M","92,85","","","","-48,00","","ND"
"2004-01-20 10:00","2004","01","20","10:00"," ","","","","","","","","","","","","","","","","","","",""
"2004-01-20 10:51","2004","01","20","10:51"," ","-26,90","","-29,90","","76,00","","8,00","","70,00","","","M","92,96","","","","-47,00","","ND"
"2004-01-20 11:00","2004","01","20","11:00"," ","","","","","","","","","","","","","","","","","","",""
"2004-01-20 11:51","2004","01","20","11:51"," ","-26,60","","-29,60","","76,00","","8,00","","93,00","","","M","92,71","","","","-49,00","","ND"
"2004-01-20 12:00","2004","01","20","12:00"," ","","","","","","","","","","","","","","","","","","",""
"2004-01-20 12:51","2004","01","20","12:51"," ","-26,20","","-29,30","","75,00","","8,00","","98,00","","","M","92,60","","","","-48,00","","ND"
"2004-01-20 13:00","2004","01","20","13:00"," ","","","","","","","","","","","","","","","","","","",""
"2004-01-20 13:51","2004","01","20","13:51"," ","-26,10","","-29,00","","77,00","","8,00","","96,00","","","M","92,57","","","","-48,00","","ND"
"2004-01-20 14:00","2004","01","20","14:00"," ","","","","","","","","","","","","","","","","","","",""
"2004-01-20 14:51","2004","01","20","14:51"," ","-25,90","","-29,00","","75,00","","8,00","","100,00","","","M","92,47","","","","-48,00","","ND"
"2004-01-20 15:00","2004","01","20","15:00"," ","","","","","","","","","","","","","","","","","","",""
"2004-01-20 15:51","2004","01","20","15:51"," ","-25,70","","-28,80","","75,00","","8,00","","96,00","","","M","92,52","","","","-48,00","","ND"
"2004-01-20 16:00","2004","01","20","16:00"," ","","","","","","","","","","","","","","","","","","",""
"2004-01-20 16:51","2004","01","20","16:51"," ","-24,80","","-27,80","","76,00","","8,00","","95,00","","","M","92,50","","","","-46,00","","ND"
"2004-01-20 17:00","2004","01","20","17:00"," ","","","","","","","","","","","","","","","","","","",""
"2004-01-20 17:51","2004","01","20","17:51"," ","-24,90","","-27,90","","76,00","","8,00","","93,00","","","M","92,50","","","","-46,00","","ND"
"2004-01-20 18:00","2004","01","20","18:00"," ","","","","","","","","","","","","","","","","","","",""
"2004-01-20 18:51","2004","01","20","18:51"," ","-24,80","","-27,80","","76,00","","8,00","","89,00","","","M","92,57","","","","-46,00","","ND"
"2004-01-20 19:00","2004","01","20","19:00"," ","","","","","","","","","","","","","","","","","","",""
"2004-01-20 19:51","2004","01","20","19:51"," ","-24,00","","-27,00","","76,00","","8,00","","63,00","","","M","92,82","","","","-42,00","","ND"
"2004-01-20 20:00","2004","01","20","20:00"," ","","","","","","","","","","","","","","","","","","",""
"2004-01-20 20:51","2004","01","20","20:51"," ","-23,80","","-26,80","","76,00","","8,00","","69,00","","","M","92,77","","","","-43,00","","ND"
"2004-01-20 21:00","2004","01","20","21:00"," ","","","","","","","","","","","","","","","","","","",""
"2004-01-20 21:51","2004","01","20","21:51"," ","-24,90","","-27,70","","77,00","","8,00","","59,00","","","M","92,88","","","","-43,00","","ND"
"2004-01-20 22:00","2004","01","20","22:00"," ","","","","","","","","","","","","","","","","","","",""
"2004-01-20 22:51","2004","01","20","22:51"," ","-24,20","","-27,00","","78,00","","31,00","","7,00","","","M","93,07","","","","-31,00","","ND"
"2004-01-20 23:00","2004","01","20","23:00"," ","","","","","","","","","","","","","","","","","","",""
"2004-01-20 23:51","2004","01","20","23:51"," ","-23,80","","-26,60","","78,00","","5,00","","17,00","","","M","93,11","","","","-34,00","","ND"
"2004-01-21 00:00","2004","01","21","00:00"," ","","","","","","","","","","","","","","","","","","",""
"2004-01-21 00:51","2004","01","21","00:51"," ","-27,00","","-30,00","","76,00","","26,00","","13,00","","","M","93,21","","","","-37,00","","ND"
"2004-01-21 01:00","2004","01","21","01:00"," ","","","","","","","","","","","","","","","","","","",""
"2004-01-21 01:51","2004","01","21","01:51"," ","-24,60","","-27,70","","75,00","","29,00","","7,00","","","M","93,18","","","","-31,00","","ND"
"2004-01-21 02:00","2004","01","21","02:00"," ","","","","","","","","","","","","","","","","","","",""
"2004-01-21 02:51","2004","01","21","02:51"," ","-23,20","","-25,90","","78,00","","34,00","","11,00","","","M","93,16","","","","-31,00","","ND"
"2004-01-21 03:00","2004","01","21","03:00"," ","","","","","","","","","","","","","","","","","","",""
"2004-01-21 03:51","2004","01","21","03:51"," ","-23,30","","-26,00","","78,00","","35,00","","4,00","","","M","93,19","","","","-27,00","","ND"
"2004-01-21 04:00","2004","01","21","04:00"," ","","","","","","","","","","","","","","","","","","",""
"2004-01-21 04:51","2004","01","21","04:51"," ","-23,00","","-25,90","","77,00","","6,00","","13,00","","","M","93,18","","","","-32,00","","ND"
"2004-01-21 05:00","2004","01","21","05:00"," ","","","","","","","","","","","","","","","","","","",""
"2004-01-21 05:51","2004","01","21","05:51"," ","-23,20","","-26,10","","77,00","","10,00","","9,00","","","M","93,14","","","","-31,00","","ND"
"2004-01-21 06:00","2004","01","21","06:00"," ","","","","","","","","","","","","","","","","","","",""
"2004-01-21 06:51","2004","01","21","06:51"," ","-23,10","","-26,00","","77,00","","34,00","","9,00","","","M","93,11","","","","-30,00","","ND"
"2004-01-21 07:00","2004","01","21","07:00"," ","","","","","","","","","","","","","","","","","","",""
"2004-01-21 07:51","2004","01","21","07:51"," ","-22,70","","-25,40","","79,00","","26,00","","11,00","","","M","93,09","","","","-31,00","","ND"
"2004-01-21 08:00","2004","01","21","08:00"," ","","","","","","","","","","","","","","","","","","",""
"2004-01-21 08:51","2004","01","21","08:51"," ","-22,80","","-25,70","","77,00","","21,00","","11,00","","","M","93,04","","","","-31,00","","ND"
"2004-01-21 09:00","2004","01","21","09:00"," ","","","","","","","","","","","","","","","","","","",""
"2004-01-21 09:51","2004","01","21","09:51"," ","-22,20","","-24,90","","79,00","","13,00","","15,00","","","M","92,99","","","","-32,00","","ND"
"2004-01-21 10:00","2004","01","21","10:00"," ","","","","","","","","","","","","","","","","","","",""
"2004-01-21 10:51","2004","01","21","10:51"," ","-22,40","","-24,90","","80,00","","6,00","","15,00","","","M","93,01","","","","-32,00","","ND"
"2004-01-21 11:00","2004","01","21","11:00"," ","","","","","","","","","","","","","","","","","","",""
"2004-01-21 11:51","2004","01","21","11:51"," ","-22,60","","-25,20","","79,00","","14,00","","17,00","","","M","92,97","","","","-33,00","","ND"
"2004-01-21 12:00","2004","01","21","12:00"," ","","","","","","","","","","","","","","","","","","",""
"2004-01-21 12:51","2004","01","21","12:51"," ","-22,20","","-24,70","","80,00","","8,00","","11,00","","","M","92,97","","","","-30,00","","ND"
"2004-01-21 13:00","2004","01","21","13:00"," ","","","","","","","","","","","","","","","","","","",""
"2004-01-21 13:51","2004","01","21","13:51"," ","-22,80","","-25,20","","81,00","","11,00","","9,00","","","M","92,97","","","","-30,00","","ND"
"2004-01-21 14:00","2004","01","21","14:00"," ","","","","","","","","","","","","","","","","","","",""
"2004-01-21 14:51","2004","01","21","14:51"," ","-22,50","","-25,00","","80,00","","6,00","","13,00","","","M","92,93","","","","-31,00","","ND"
"2004-01-21 15:00","2004","01","21","15:00"," ","","","","","","","","","","","","","","","","","","",""
"2004-01-21 15:51","2004","01","21","15:51"," ","-22,60","","-24,90","","81,00","","8,00","","28,00","","","M","92,87","","","","-36,00","","ND"
"2004-01-21 16:00","2004","01","21","16:00"," ","","","","","","","","","","","","","","","","","","",""
"2004-01-21 16:51","2004","01","21","16:51"," ","-22,50","","-25,00","","80,00","","6,00","","22,00","","","M","92,90","","","","-34,00","","ND"
"2004-01-21 17:00","2004","01","21","17:00"," ","","","","","","","","","","","","","","","","","","",""
"2004-01-21 17:51","2004","01","21","17:51"," ","-22,80","","-25,40","","79,00","","8,00","","56,00","","","M","92,74","","","","-40,00","","ND"
"2004-01-21 18:00","2004","01","21","18:00"," ","","","","","","","","","","","","","","","","","","",""
"2004-01-21 18:51","2004","01","21","18:51"," ","-22,80","","-25,20","","81,00","","8,00","","41,00","","","M","92,84","","","","-38,00","","ND"
"2004-01-21 19:00","2004","01","21","19:00"," ","","","","","","","","","","","","","","","","","","",""
"2004-01-21 19:51","2004","01","21","19:51"," ","-23,10","","-25,50","","81,00","","8,00","","35,00","","","M","92,86","","","","-37,00","","ND"
"2004-01-21 20:00","2004","01","21","20:00"," ","","","","","","","","","","","","","","","","","","",""
"2004-01-21 20:51","2004","01","21","20:51"," ","-23,20","","-25,80","","79,00","","7,00","","15,00","","","M","92,88","","","","-33,00","","ND"
"2004-01-21 21:00","2004","01","21","21:00"," ","","","","","","","","","","","","","","","","","","",""
"2004-01-21 21:51","2004","01","21","21:51"," ","-23,00","","-25,40","","81,00","","8,00","","52,00","","","M","92,73","","","","-40,00","","ND"
"2004-01-21 22:00","2004","01","21","22:00"," ","","","","","","","","","","","","","","","","","","",""
"2004-01-21 22:51","2004","01","21","22:51"," ","-22,90","","-25,30","","81,00","","9,00","","35,00","","","M","92,85","","","","-37,00","","ND"
"2004-01-21 23:00","2004","01","21","23:00"," ","","","","","","","","","","","","","","","","","","",""
"2004-01-21 23:51","2004","01","21","23:51"," ","-23,10","","-25,70","","79,00","","22,00","","7,00","","","M","92,92","","","","-29,00","","ND"
"2004-01-22 00:00","2004","01","22","00:00"," ","","","","","","","","","","","","","","","","","","",""
"2004-01-22 00:51","2004","01","22","00:51"," ","-23,10","","-25,50","","81,00","","30,00","","9,00","","","M","92,90","","","","-30,00","","ND"
"2004-01-22 01:00","2004","01","22","01:00"," ","","","","","","","","","","","","","","","","","","",""
"2004-01-22 01:51","2004","01","22","01:51"," ","-22,40","","-24,90","","80,00","","36,00","","11,00","","","M","92,89","","","","-31,00","","ND"
"2004-01-22 02:00","2004","01","22","02:00"," ","","","","","","","","","","","","","","","","","","",""
"2004-01-22 02:51","2004","01","22","02:51"," ","-22,30","","-24,80","","80,00","","25,00","","9,00","","","M","92,90","","","","-29,00","","ND"
"2004-01-22 03:00","2004","01","22","03:00"," ","","","","","","","","","","","","","","","","","","",""
"2004-01-22 03:51","2004","01","22","03:51"," ","-22,60","","-25,10","","80,00","","8,00","","57,00","","","M","92,60","","","","-40,00","","ND"
"2004-01-22 04:00","2004","01","22","04:00"," ","","","","","","","","","","","","","","","","","","",""
"2004-01-22 04:51","2004","01","22","04:51"," ","-22,40","","-25,00","","79,00","","8,00","","57,00","","","M","92,63","","","","-39,00","","ND"
"2004-01-22 05:00","2004","01","22","05:00"," ","","","","","","","","","","","","","","","","","","",""
"2004-01-22 05:51","2004","01","22","05:51"," ","-22,30","","-25,00","","79,00","","8,00","","59,00","","","M","92,67","","","","-40,00","","ND"
"2004-01-22 06:00","2004","01","22","06:00"," ","","","","","","","","","","","","","","","","","","",""
"2004-01-22 06:51","2004","01","22","06:51"," ","-22,20","","-24,90","","79,00","","25,00","","15,00","","","M","92,82","","","","-32,00","","ND"
"2004-01-22 07:00","2004","01","22","07:00"," ","","","","","","","","","","","","","","","","","","",""
"2004-01-22 07:51","2004","01","22","07:51"," ","-22,60","","-25,10","","80,00","","6,00","","13,00","","","M","92,81","","","","-32,00","","ND"
"2004-01-22 08:00","2004","01","22","08:00"," ","","","","","","","","","","","","","","","","","","",""
"2004-01-22 08:51","2004","01","22","08:51"," ","-22,40","","-25,00","","79,00","","26,00","","11,00","","","M","92,79","","","","-31,00","","ND"
"2004-01-22 09:00","2004","01","22","09:00"," ","","","","","","","","","","","","","","","","","","",""
"2004-01-22 09:51","2004","01","22","09:51"," ","-22,40","","-25,00","","79,00","","2,00","","17,00","","","M","92,79","","","","-33,00","","ND"
"2004-01-22 10:00","2004","01","22","10:00"," ","","","","","","","","","","","","","","","","","","",""
"2004-01-22 10:51","2004","01","22","10:51"," ","-22,40","","-25,00","","79,00","","34,00","","15,00","","","M","92,80","","","","-32,00","","ND"
"2004-01-22 11:00","2004","01","22","11:00"," ","","","","","","","","","","","","","","","","","","",""
"2004-01-22 11:51","2004","01","22","11:51"," ","-22,30","","-24,80","","80,00","","29,00","","7,00","","","M","92,83","","","","-28,00","","ND"
"2004-01-22 12:00","2004","01","22","12:00"," ","","","","","","","","","","","","","","","","","","",""
"2004-01-22 12:51","2004","01","22","12:51"," ","-22,40","","-25,00","","79,00","","31,00","","11,00","","","M","92,82","","","","-31,00","","ND"
"2004-01-22 13:00","2004","01","22","13:00"," ","","","","","","","","","","","","","","","","","","",""
"2004-01-22 13:51","2004","01","22","13:51"," ","-22,30","","-24,80","","80,00","","31,00","","20,00","","","M","92,87","","","","-33,00","","ND"
"2004-01-22 14:00","2004","01","22","14:00"," ","","","","","","","","","","","","","","","","","","",""
"2004-01-22 14:51","2004","01","22","14:51"," ","-22,40","","-25,00","","79,00","","36,00","","17,00","","","M","92,82","","","","-33,00","","ND"
"2004-01-22 15:00","2004","01","22","15:00"," ","","","","","","","","","","","","","","","","","","",""
"2004-01-22 15:51","2004","01","22","15:51"," ","-22,10","","-24,80","","79,00","","27,00","","7,00","","","M","92,89","","","","-28,00","","ND"
"2004-01-22 16:00","2004","01","22","16:00"," ","","","","","","","","","","","","","","","","","","",""
"2004-01-22 16:51","2004","01","22","16:51"," ","-21,80","","-24,70","","77,00","","35,00","","9,00","","","M","92,89","","","","-29,00","","ND"
"2004-01-22 17:00","2004","01","22","17:00"," ","","","","","","","","","","","","","","","","","","",""
"2004-01-22 17:51","2004","01","22","17:51"," ","-22,40","","-25,60","","75,00","","31,00","","13,00","","","M","92,90","","","","-31,00","","ND"
"2004-01-22 18:00","2004","01","22","18:00"," ","","","","","","","","","","","","","","","","","","",""
"2004-01-22 18:51","2004","01","22","18:51"," ","-21,60","","-24,80","","75,00","","36,00","","9,00","","","M","92,95","","","","-29,00","","ND"
"2004-01-22 19:00","2004","01","22","19:00"," ","","","","","","","","","","","","","","","","","","",""
"2004-01-22 19:51","2004","01","22","19:51"," ","-21,50","","-25,10","","73,00","","33,00","","9,00","","","M","93,01","","","","-29,00","","ND"
"2004-01-22 20:00","2004","01","22","20:00"," ","","","","","","","","","","","","","","","","","","",""
"2004-01-22 20:51","2004","01","22","20:51"," ","-22,60","","-26,40","","71,00","","1,00","","11,00","","","M","93,07","","","","-31,00","","ND"
"2004-01-22 21:00","2004","01","22","21:00"," ","","","","","","","","","","","","","","","","","","",""
"2004-01-22 21:51","2004","01","22","21:51"," ","-22,30","","-26,10","","71,00","","33,00","","4,00","","","M","93,11","","","","-26,00","","ND"
"2004-01-22 22:00","2004","01","22","22:00"," ","","","","","","","","","","","","","","","","","","",""
"2004-01-22 22:51","2004","01","22","22:51"," ","-22,10","","-27,50","","62,00","","6,00","","20,00","","","M","93,12","","","","-33,00","","ND"
"2004-01-22 23:00","2004","01","22","23:00"," ","","","","","","","","","","","","","","","","","","",""
"2004-01-22 23:51","2004","01","22","23:51"," ","-22,30","","-27,50","","63,00","","6,00","","13,00","","","M","93,20","","","","-31,00","","ND"
"2004-01-23 00:00","2004","01","23","00:00"," ","","","","","","","","","","","","","","","","","","",""
"2004-01-23 00:51","2004","01","23","00:51"," ","-21,70","","-26,00","","68,00","","25,00","","11,00","","","M","93,23","","","","-30,00","","ND"
"2004-01-23 01:00","2004","01","23","01:00"," ","","","","","","","","","","","","","","","","","","",""
"2004-01-23 01:51","2004","01","23","01:51"," ","-23,20","","-28,20","","64,00","","26,00","","9,00","","","M","93,34","","","","-31,00","","ND"
"2004-01-23 02:00","2004","01","23","02:00"," ","","","","","","","","","","","","","","","","","","",""
"2004-01-23 02:51","2004","01","23","02:51"," ","-24,80","","-28,90","","69,00","","33,00","","7,00","","","M","93,43","","","","-31,00","","ND"
"2004-01-23 03:00","2004","01","23","03:00"," ","","","","","","","","","","","","","","","","","","",""
"2004-01-23 03:51","2004","01","23","03:51"," ","-24,10","","-28,10","","69,00","","9,00","","2,00","","","M","93,50","","","","-26,00","","ND"
"2004-01-23 04:00","2004","01","23","04:00"," ","","","","","","","","","","","","","","","","","","",""
"2004-01-23 04:51","2004","01","23","04:51"," ","-23,90","","-28,20","","68,00","","36,00","","4,00","","","M","93,56","","","","-28,00","","ND"
"2004-01-23 05:00","2004","01","23","05:00"," ","","","","","","","","","","","","","","","","","","",""
"2004-01-23 05:51","2004","01","23","05:51"," ","-23,90","","-28,50","","66,00","","2,00","","2,00","","","M","93,61","","","","-26,00","","ND"
"2004-01-23 06:00","2004","01","23","06:00"," ","","","","","","","","","","","","","","","","","","",""
"2004-01-23 06:51","2004","01","23","06:51"," ","-24,10","","-28,70","","66,00","","36,00","","4,00","","","M","93,67","","","","-28,00","","ND"
"2004-01-23 07:00","2004","01","23","07:00"," ","","","","","","","","","","","","","","","","","","",""
"2004-01-23 07:51","2004","01","23","07:51"," ","-24,80","","-29,10","","67,00","","0,00","","0,00","","","M","93,70","","","","","","ND"
"2004-01-23 08:00","2004","01","23","08:00"," ","","","","","","","","","","","","","","","","","","",""
"2004-01-23 08:51","2004","01","23","08:51"," ","-24,20","","-28,80","","66,00","","2,00","","4,00","","","M","93,78","","","","-28,00","","ND"
"2004-01-23 09:00","2004","01","23","09:00"," ","","","","","","","","","","","","","","","","","","",""
"2004-01-23 09:51","2004","01","23","09:51"," ","-27,30","","-31,30","","69,00","","17,00","","4,00","","","M","93,84","","","","-32,00","","ND"
"2004-01-23 10:00","2004","01","23","10:00"," ","","","","","","","","","","","","","","","","","","",""
"2004-01-23 10:51","2004","01","23","10:51"," ","-28,50","","-32,40","","69,00","","15,00","","4,00","","","M","93,91","","","","-33,00","","ND"
"2004-01-23 11:00","2004","01","23","11:00"," ","","","","","","","","","","","","","","","","","","",""
"2004-01-23 11:51","2004","01","23","11:51"," ","-29,00","","-32,70","","70,00","","15,00","","7,00","","","M","93,97","","","","-36,00","","ND"
"2004-01-23 12:00","2004","01","23","12:00"," ","","","","","","","","","","","","","","","","","","",""
"2004-01-23 12:51","2004","01","23","12:51"," ","-28,50","","-31,90","","73,00","","10,00","","2,00","","","M","94,00","","","","-31,00","","ND"
"2004-01-23 13:00","2004","01","23","13:00"," ","","","","","","","","","","","","","","","","","","",""
"2004-01-23 13:51","2004","01","23","13:51"," ","-27,00","","-30,90","","69,00","","14,00","","2,00","","","M","94,02","","","","-29,00","","ND"
"2004-01-23 14:00","2004","01","23","14:00"," ","","","","","","","","","","","","","","","","","","",""
"2004-01-23 14:51","2004","01","23","14:51"," ","-27,00","","-30,50","","72,00","","16,00","","2,00","","","M","94,06","","","","-29,00","","ND"
"2004-01-23 15:00","2004","01","23","15:00"," ","","","","","","","","","","","","","","","","","","",""
"2004-01-23 15:51","2004","01","23","15:51"," ","-27,90","","-31,20","","73,00","","0,00","","0,00","","","M","94,07","","","","","","ND"
"2004-01-23 16:00","2004","01","23","16:00"," ","","","","","","","","","","","","","","","","","","",""
"2004-01-23 16:51","2004","01","23","16:51"," ","-27,30","","-30,90","","71,00","","0,00","","0,00","","","M","94,09","","","","","","ND"
"2004-01-23 17:00","2004","01","23","17:00"," ","","","","","","","","","","","","","","","","","","",""
"2004-01-23 17:51","2004","01","23","17:51"," ","-27,30","","-30,50","","74,00","","0,00","","0,00","","","M","94,09","","","","","","ND"
"2004-01-23 18:00","2004","01","23","18:00"," ","","","","","","","","","","","","","","","","","","",""
"2004-01-23 18:51","2004","01","23","18:51"," ","-27,90","","-30,90","","75,00","","23,00","","2,00","","","M","94,14","","","","-30,00","","ND"
"2004-01-23 19:00","2004","01","23","19:00"," ","","","","","","","","","","","","","","","","","","",""
"2004-01-23 19:51","2004","01","23","19:51"," ","-26,80","","-29,60","","77,00","","0,00","","0,00","","","M","94,14","","","","","","ND"
"2004-01-23 20:00","2004","01","23","20:00"," ","","","","","","","","","","","","","","","","","","",""
"2004-01-23 20:51","2004","01","23","20:51"," ","-26,90","","-29,40","","79,00","","0,00","","0,00","","","M","94,16","","","","","","ND"
"2004-01-23 21:00","2004","01","23","21:00"," ","","","","","","","","","","","","","","","","","","",""
"2004-01-23 21:51","2004","01","23","21:51"," ","-26,50","","-29,30","","77,00","","3,00","","6,00","","","M","94,16","","","","-32,00","","ND"
"2004-01-23 22:00","2004","01","23","22:00"," ","","","","","","","","","","","","","","","","","","",""
"2004-01-23 22:51","2004","01","23","22:51"," ","-26,60","","-29,50","","76,00","","0,00","","0,00","","","M","94,19","","","","","","ND"
"2004-01-23 23:00","2004","01","23","23:00"," ","","","","","","","","","","","","","","","","","","",""
"2004-01-23 23:51","2004","01","23","23:51"," ","-27,20","","-30,10","","76,00","","9,00","","6,00","","","M","94,21","","","","-33,00","","ND"
"2004-01-24 00:00","2004","01","24","00:00"," ","","","","","","","","","","","","","","","","","","",""
"2004-01-24 00:51","2004","01","24","00:51"," ","-26,90","","-29,80","","76,00","","0,00","","0,00","","","M","94,22","","","","","","ND"
"2004-01-24 01:00","2004","01","24","01:00"," ","","","","","","","","","","","","","","","","","","",""
"2004-01-24 01:51","2004","01","24","01:51"," ","-26,80","","-29,40","","79,00","","1,00","","2,00","","","M","94,25","","","","-29,00","","ND"
"2004-01-24 02:00","2004","01","24","02:00"," ","","","","","","","","","","","","","","","","","","",""
"2004-01-24 02:51","2004","01","24","02:51"," ","-27,20","","-30,00","","77,00","","0,00","","0,00","","","M","94,26","","","","","","ND"
"2004-01-24 03:00","2004","01","24","03:00"," ","","","","","","","","","","","","","","","","","","",""
"2004-01-24 03:51","2004","01","24","03:51"," ","-28,50","","-31,50","","75,00","","0,00","","0,00","","","M","94,24","","","","","","ND"
"2004-01-24 04:00","2004","01","24","04:00"," ","","","","","","","","","","","","","","","","","","",""
"2004-01-24 04:51","2004","01","24","04:51"," ","-28,80","","-31,90","","75,00","","10,00","","2,00","","","M","94,26","","","","-31,00","","ND"
"2004-01-24 05:00","2004","01","24","05:00"," ","","","","","","","","","","","","","","","","","","",""
"2004-01-24 05:51","2004","01","24","05:51"," ","-29,10","","-32,20","","75,00","","14,00","","4,00","","","M","94,27","","","","-34,00","","ND"
"2004-01-24 06:00","2004","01","24","06:00"," ","","","","","","","","","","","","","","","","","","",""
"2004-01-24 06:51","2004","01","24","06:51"," ","-30,20","","-33,40","","74,00","","13,00","","4,00","","","M","94,31","","","","-35,00","","ND"
"2004-01-24 07:00","2004","01","24","07:00"," ","","","","","","","","","","","","","","","","","","",""
"2004-01-24 07:51","2004","01","24","07:51"," ","-29,40","","-32,50","","74,00","","11,00","","2,00","","","M","94,33","","","","-32,00","","ND"
"2004-01-24 08:00","2004","01","24","08:00"," ","","","","","","","","","","","","","","","","","","",""
"2004-01-24 08:51","2004","01","24","08:51"," ","-31,40","","-34,90","","71,00","","13,00","","6,00","","","M","94,37","","","","-38,00","","ND"
"2004-01-24 09:00","2004","01","24","09:00"," ","","","","","","","","","","","","","","","","","","",""
"2004-01-24 09:51","2004","01","24","09:51"," ","-29,10","","-32,40","","73,00","","0,00","","0,00","","","M","94,41","","","","","","ND"
"2004-01-24 10:00","2004","01","24","10:00"," ","","","","","","","","","","","","","","","","","","",""
"2004-01-24 10:51","2004","01","24","10:51"," ","-30,30","","-33,80","","71,00","","17,00","","2,00","","","M","94,47","","","","-33,00","","ND"
"2004-01-24 11:00","2004","01","24","11:00"," ","","","","","","","","","","","","","","","","","","",""
"2004-01-24 11:51","2004","01","24","11:51"," ","-28,40","","-31,40","","75,00","","11,00","","2,00","","","M","94,53","","","","-31,00","","ND"
"2004-01-24 12:00","2004","01","24","12:00"," ","","","","","","","","","","","","","","","","","","",""
"2004-01-24 12:51","2004","01","24","12:51"," ","-29,30","","-32,40","","74,00","","12,00","","2,00","","","M","94,59","","","","-32,00","","ND"
"2004-01-24 13:00","2004","01","24","13:00"," ","","","","","","","","","","","","","","","","","","",""
"2004-01-24 13:51","2004","01","24","13:51"," ","-28,20","","-31,20","","75,00","","32,00","","4,00","","","M","94,61","","","","-33,00","","ND"
"2004-01-24 14:00","2004","01","24","14:00"," ","","","","","","","","","","","","","","","","","","",""
"2004-01-24 14:51","2004","01","24","14:51"," ","-28,50","","-31,80","","73,00","","0,00","","0,00","","","M","94,63","","","","","","ND"
"2004-01-24 15:00","2004","01","24","15:00"," ","","","","","","","","","","","","","","","","","","",""
"2004-01-24 15:51","2004","01","24","15:51"," ","-30,20","","-33,70","","71,00","","18,00","","2,00","","","M","94,65","","","","-32,00","","ND"
"2004-01-24 16:00","2004","01","24","16:00"," ","","","","","","","","","","","","","","","","","","",""
"2004-01-24 16:51","2004","01","24","16:51"," ","-31,20","","-34,80","","71,00","","15,00","","4,00","","","M","94,65","","","","-36,00","","ND"
"2004-01-24 17:00","2004","01","24","17:00"," ","","","","","","","","","","","","","","","","","","",""
"2004-01-24 17:51","2004","01","24","17:51"," ","-30,80","","-34,20","","72,00","","12,00","","2,00","","","M","94,67","","","","-33,00","","ND"
"2004-01-24 18:00","2004","01","24","18:00"," ","","","","","","","","","","","","","","","","","","",""
"2004-01-24 18:51","2004","01","24","18:51"," ","-29,70","","-32,90","","74,00","","13,00","","2,00","","","M","94,70","","","","-32,00","","ND"
"2004-01-24 19:00","2004","01","24","19:00"," ","","","","","","","","","","","","","","","","","","",""
"2004-01-24 19:51","2004","01","24","19:51"," ","-30,20","","-33,60","","72,00","","12,00","","4,00","","","M","94,71","","","","-35,00","","ND"
"2004-01-24 20:00","2004","01","24","20:00"," ","","","","","","","","","","","","","","","","","","",""
"2004-01-24 20:51","2004","01","24","20:51"," ","-30,40","","-33,80","","72,00","","16,00","","2,00","","","M","94,70","","","","-33,00","","ND"
"2004-01-24 21:00","2004","01","24","21:00"," ","","","","","","","","","","","","","","","","","","",""
"2004-01-24 21:51","2004","01","24","21:51"," ","-29,70","","-33,10","","72,00","","0,00","","0,00","","","M","94,70","","","","","","ND"
"2004-01-24 22:00","2004","01","24","22:00"," ","","","","","","","","","","","","","","","","","","",""
"2004-01-24 22:51","2004","01","24","22:51"," ","-30,20","","-33,60","","72,00","","0,00","","0,00","","","M","94,71","","","","","","ND"
"2004-01-24 23:00","2004","01","24","23:00"," ","","","","","","","","","","","","","","","","","","",""
"2004-01-24 23:51","2004","01","24","23:51"," ","-30,80","","-34,20","","72,00","","13,00","","4,00","","","M","94,73","","","","-35,00","","ND"
"2004-01-25 00:00","2004","01","25","00:00"," ","","","","","","","","","","","","","","","","","","",""
"2004-01-25 00:51","2004","01","25","00:51"," ","-30,10","","-33,50","","72,00","","13,00","","2,00","","","M","94,74","","","","-32,00","","ND"
"2004-01-25 01:00","2004","01","25","01:00"," ","","","","","","","","","","","","","","","","","","",""
"2004-01-25 01:51","2004","01","25","01:51"," ","-29,80","","-33,20","","72,00","","0,00","","0,00","","","M","94,74","","","","","","ND"
"2004-01-25 02:00","2004","01","25","02:00"," ","","","","","","","","","","","","","","","","","","",""
"2004-01-25 02:51","2004","01","25","02:51"," ","-29,40","","-32,70","","73,00","","0,00","","0,00","","","M","94,73","","","","","","ND"
"2004-01-25 03:00","2004","01","25","03:00"," ","","","","","","","","","","","","","","","","","","",""
"2004-01-25 03:51","2004","01","25","03:51"," ","-27,90","","-30,90","","75,00","","0,00","","0,00","","","M","94,73","","","","","","ND"
"2004-01-25 04:00","2004","01","25","04:00"," ","","","","","","","","","","","","","","","","","","",""
"2004-01-25 04:51","2004","01","25","04:51"," ","-28,20","","-31,80","","71,00","","12,00","","4,00","","","M","94,70","","","","-33,00","","ND"
"2004-01-25 05:00","2004","01","25","05:00"," ","","","","","","","","","","","","","","","","","","",""
"2004-01-25 05:51","2004","01","25","05:51"," ","-23,60","","-26,30","","78,00","","2,00","","6,00","","","M","94,70","","","","-29,00","","ND"
"2004-01-25 06:00","2004","01","25","06:00"," ","","","","","","","","","","","","","","","","","","",""
"2004-01-25 06:51","2004","01","25","06:51"," ","-26,40","","-29,20","","77,00","","7,00","","2,00","","","M","94,71","","","","-28,00","","ND"
"2004-01-25 07:00","2004","01","25","07:00"," ","","","","","","","","","","","","","","","","","","",""
"2004-01-25 07:51","2004","01","25","07:51"," ","-25,60","","-28,70","","75,00","","10,00","","6,00","","","M","94,73","","","","-31,00","","ND"
"2004-01-25 08:00","2004","01","25","08:00"," ","","","","","","","","","","","","","","","","","","",""
"2004-01-25 08:51","2004","01","25","08:51"," ","-25,40","","-28,30","","77,00","","3,00","","7,00","","","M","94,74","","","","-32,00","","ND"
"2004-01-25 09:00","2004","01","25","09:00"," ","","","","","","","","","","","","","","","","","","",""
"2004-01-25 09:51","2004","01","25","09:51"," ","-24,90","","-27,70","","77,00","","3,00","","6,00","","","M","94,76","","","","-31,00","","ND"
"2004-01-25 10:00","2004","01","25","10:00"," ","","","","","","","","","","","","","","","","","","",""
"2004-01-25 10:51","2004","01","25","10:51"," ","-24,80","","-27,50","","78,00","","5,00","","2,00","","","M","94,78","","","","-27,00","","ND"
"2004-01-25 11:00","2004","01","25","11:00"," ","","","","","","","","","","","","","","","","","","",""
"2004-01-25 11:51","2004","01","25","11:51"," ","-26,00","","-28,90","","77,00","","3,00","","4,00","","","M","94,81","","","","-30,00","","ND"
"2004-01-25 12:00","2004","01","25","12:00"," ","","","","","","","","","","","","","","","","","","",""
"2004-01-25 12:51","2004","01","25","12:51"," ","-27,20","","-30,40","","74,00","","20,00","","2,00","","","M","94,82","","","","-29,00","","ND"
"2004-01-25 13:00","2004","01","25","13:00"," ","","","","","","","","","","","","","","","","","","",""
"2004-01-25 13:51","2004","01","25","13:51"," ","-25,70","","-28,60","","77,00","","4,00","","2,00","","","M","94,82","","","","-28,00","","ND"
"2004-01-25 14:00","2004","01","25","14:00"," ","","","","","","","","","","","","","","","","","","",""
"2004-01-25 14:51","2004","01","25","14:51"," ","-26,30","","-29,50","","74,00","","10,00","","2,00","","","M","94,82","","","","-28,00","","ND"
"2004-01-25 15:00","2004","01","25","15:00"," ","","","","","","","","","","","","","","","","","","",""
"2004-01-25 15:51","2004","01","25","15:51"," ","-26,30","","-30,10","","70,00","","10,00","","6,00","","","M","94,80","","","","-32,00","","ND"
"2004-01-25 16:00","2004","01","25","16:00"," ","","","","","","","","","","","","","","","","","","",""
"2004-01-25 16:51","2004","01","25","16:51"," ","-23,80","","-29,10","","62,00","","12,00","","11,00","","","M","94,78","","","","-32,00","","ND"
"2004-01-25 17:00","2004","01","25","17:00"," ","","","","","","","","","","","","","","","","","","",""
"2004-01-25 17:51","2004","01","25","17:51"," ","-24,30","","-29,10","","64,00","","12,00","","6,00","","","M","94,78","","","","-30,00","","ND"
"2004-01-25 18:00","2004","01","25","18:00"," ","","","","","","","","","","","","","","","","","","",""
"2004-01-25 18:51","2004","01","25","18:51"," ","-24,30","","-29,80","","60,00","","12,00","","9,00","","","M","94,78","","","","-32,00","","ND"
"2004-01-25 19:00","2004","01","25","19:00"," ","","","","","","","","","","","","","","","","","","",""
"2004-01-25 19:51","2004","01","25","19:51"," ","-24,10","","-29,80","","59,00","","26,00","","2,00","","","M","94,77","","","","-26,00","","ND"
"2004-01-25 20:00","2004","01","25","20:00"," ","","","","","","","","","","","","","","","","","","",""
"2004-01-25 20:51","2004","01","25","20:51"," ","-24,20","","-29,50","","62,00","","17,00","","7,00","","","M","94,74","","","","-31,00","","ND"
"2004-01-25 21:00","2004","01","25","21:00"," ","","","","","","","","","","","","","","","","","","",""
"2004-01-25 21:51","2004","01","25","21:51"," ","-24,40","","-30,20","","59,00","","33,00","","4,00","","","M","94,75","","","","-28,00","","ND"
"2004-01-25 22:00","2004","01","25","22:00"," ","","","","","","","","","","","","","","","","","","",""
"2004-01-25 22:51","2004","01","25","22:51"," ","-24,90","","-30,90","","57,00","","36,00","","4,00","","","M","94,75","","","","-29,00","","ND"
"2004-01-25 23:00","2004","01","25","23:00"," ","","","","","","","","","","","","","","","","","","",""
"2004-01-25 23:51","2004","01","25","23:51"," ","-22,90","","-29,50","","55,00","","2,00","","7,00","","","M","94,75","","","","-29,00","","ND"
"2004-01-26 00:00","2004","01","26","00:00"," ","","","","","","","","","","","","","","","","","","",""
"2004-01-26 00:51","2004","01","26","00:51"," ","-25,50","","-31,60","","57,00","","33,00","","4,00","","","M","94,75","","","","-30,00","","ND"
"2004-01-26 01:00","2004","01","26","01:00"," ","","","","","","","","","","","","","","","","","","",""
"2004-01-26 01:51","2004","01","26","01:51"," ","-22,90","","-29,00","","57,00","","16,00","","6,00","","","M","94,73","","","","-28,00","","ND"
"2004-01-26 02:00","2004","01","26","02:00"," ","","","","","","","","","","","","","","","","","","",""
"2004-01-26 02:51","2004","01","26","02:51"," ","-22,70","","-29,00","","56,00","","16,00","","6,00","","","M","94,71","","","","-28,00","","ND"
"2004-01-26 03:00","2004","01","26","03:00"," ","","","","","","","","","","","","","","","","","","",""
"2004-01-26 03:51","2004","01","26","03:51"," ","-21,60","","-27,80","","57,00","","19,00","","13,00","","","M","94,67","","","","-30,00","","ND"
"2004-01-26 04:00","2004","01","26","04:00"," ","","","","","","","","","","","","","","","","","","",""
"2004-01-26 04:51","2004","01","26","04:51"," ","-22,80","","-28,70","","59,00","","15,00","","2,00","","","M","94,63","","","","-25,00","","ND"
"2004-01-26 05:00","2004","01","26","05:00"," ","","","","","","","","","","","","","","","","","","",""
"2004-01-26 05:51","2004","01","26","05:51"," ","-21,10","","-28,30","","52,00","","17,00","","2,00","","","M","94,59","","","","-23,00","","ND"
"2004-01-26 06:00","2004","01","26","06:00"," ","","","","","","","","","","","","","","","","","","",""
"2004-01-26 06:51","2004","01","26","06:51"," ","-20,90","","-29,10","","48,00","","15,00","","4,00","","","M","94,57","","","","-24,00","","ND"
"2004-01-26 07:00","2004","01","26","07:00"," ","","","","","","","","","","","","","","","","","","",""
"2004-01-26 07:51","2004","01","26","07:51"," ","-22,00","","-31,10","","43,00","","22,00","","4,00","","","M","94,54","","","","-26,00","","ND"
"2004-01-26 08:00","2004","01","26","08:00"," ","","","","","","","","","","","","","","","","","","",""
"2004-01-26 08:51","2004","01","26","08:51"," ","-24,30","","-31,70","","50,00","","34,00","","4,00","","","M","94,52","","","","-28,00","","ND"
"2004-01-26 09:00","2004","01","26","09:00"," ","","","","","","","","","","","","","","","","","","",""
"2004-01-26 09:51","2004","01","26","09:51"," ","-27,50","","-34,10","","53,00","","16,00","","2,00","","","M","94,48","","","","-30,00","","ND"
"2004-01-26 10:00","2004","01","26","10:00"," ","","","","","","","","","","","","","","","","","","",""
"2004-01-26 10:51","2004","01","26","10:51"," ","-26,40","","-32,50","","56,00","","12,00","","2,00","","","M","94,46","","","","-28,00","","ND"
"2004-01-26 11:00","2004","01","26","11:00"," ","","","","","","","","","","","","","","","","","","",""
"2004-01-26 11:51","2004","01","26","11:51"," ","-21,10","","-30,20","","44,00","","16,00","","6,00","","","M","94,44","","","","-26,00","","ND"
"2004-01-26 12:00","2004","01","26","12:00"," ","","","","","","","","","","","","","","","","","","",""
"2004-01-26 12:51","2004","01","26","12:51"," ","-23,60","","-31,00","","51,00","","18,00","","6,00","","","M","94,42","","","","-29,00","","ND"
"2004-01-26 13:00","2004","01","26","13:00"," ","","","","","","","","","","","","","","","","","","",""
"2004-01-26 13:51","2004","01","26","13:51"," ","-21,90","","-29,00","","53,00","","11,00","","2,00","","","M","94,39","","","","-24,00","","ND"
"2004-01-26 14:00","2004","01","26","14:00"," ","","","","","","","","","","","","","","","","","","",""
"2004-01-26 14:51","2004","01","26","14:51"," ","-22,30","","-28,80","","55,00","","17,00","","6,00","","","M","94,34","","","","-28,00","","ND"
"2004-01-26 15:00","2004","01","26","15:00"," ","","","","","","","","","","","","","","","","","","",""
"2004-01-26 15:51","2004","01","26","15:51"," ","-22,70","","-30,60","","49,00","","12,00","","4,00","","","M","94,30","","","","-26,00","","ND"
"2004-01-26 16:00","2004","01","26","16:00"," ","","","","","","","","","","","","","","","","","","",""
"2004-01-26 16:51","2004","01","26","16:51"," ","-21,70","","-30,80","","44,00","","23,00","","2,00","","","M","94,25","","","","-24,00","","ND"
"2004-01-26 17:00","2004","01","26","17:00"," ","","","","","","","","","","","","","","","","","","",""
"2004-01-26 17:51","2004","01","26","17:51"," ","-21,50","","-30,40","","44,00","","18,00","","4,00","","","M","94,22","","","","-25,00","","ND"
"2004-01-26 18:00","2004","01","26","18:00"," ","","","","","","","","","","","","","","","","","","",""
"2004-01-26 18:51","2004","01","26","18:51"," ","-20,20","","-29,90","","42,00","","14,00","","11,00","","","M","94,17","","","","-28,00","","ND"
"2004-01-26 19:00","2004","01","26","19:00"," ","","","","","","","","","","","","","","","","","","",""
"2004-01-26 19:51","2004","01","26","19:51"," ","-21,90","","-30,50","","46,00","","1,00","","4,00","","","M","94,14","","","","-26,00","","ND"
"2004-01-26 20:00","2004","01","26","20:00"," ","","","","","","","","","","","","","","","","","","",""
"2004-01-26 20:51","2004","01","26","20:51"," ","-21,20","","-29,60","","47,00","","15,00","","2,00","","","M","94,08","","","","-23,00","","ND"
"2004-01-26 21:00","2004","01","26","21:00"," ","","","","","","","","","","","","","","","","","","",""
"2004-01-26 21:51","2004","01","26","21:51"," ","-22,10","","-30,70","","46,00","","28,00","","2,00","","","M","94,06","","","","-24,00","","ND"
"2004-01-26 22:00","2004","01","26","22:00"," ","","","","","","","","","","","","","","","","","","",""
"2004-01-26 22:51","2004","01","26","22:51"," ","-21,20","","-30,60","","43,00","","14,00","","4,00","","","M","94,01","","","","-25,00","","ND"
"2004-01-26 23:00","2004","01","26","23:00"," ","","","","","","","","","","","","","","","","","","",""
"2004-01-26 23:51","2004","01","26","23:51"," ","-21,50","","-29,50","","48,00","","12,00","","4,00","","","M","93,96","","","","-25,00","","ND"
"2004-01-27 00:00","2004","01","27","00:00"," ","","","","","","","","","","","","","","","","","","",""
"2004-01-27 00:51","2004","01","27","00:51"," ","-21,30","","-30,00","","45,00","","18,00","","6,00","","","M","93,91","","","","-27,00","","ND"
"2004-01-27 01:00","2004","01","27","01:00"," ","","","","","","","","","","","","","","","","","","",""
"2004-01-27 01:51","2004","01","27","01:51"," ","-21,20","","-29,90","","45,00","","20,00","","2,00","","","M","93,86","","","","-23,00","","ND"
"2004-01-27 02:00","2004","01","27","02:00"," ","","","","","","","","","","","","","","","","","","",""
"2004-01-27 02:51","2004","01","27","02:51"," ","-21,00","","-29,90","","45,00","","30,00","","2,00","","","M","93,81","","","","-23,00","","ND"
"2004-01-27 03:00","2004","01","27","03:00"," ","","","","","","","","","","","","","","","","","","",""
"2004-01-27 03:51","2004","01","27","03:51"," ","-18,60","","-29,20","","39,00","","35,00","","2,00","","","M","93,74","","","","-20,00","","ND"
"2004-01-27 04:00","2004","01","27","04:00"," ","","","","","","","","","","","","","","","","","","",""
"2004-01-27 04:51","2004","01","27","04:51"," ","-21,30","","-30,00","","45,00","","0,00","","0,00","","","M","93,70","","","","","","ND"
"2004-01-27 05:00","2004","01","27","05:00"," ","","","","","","","","","","","","","","","","","","",""
"2004-01-27 05:51","2004","01","27","05:51"," ","-20,60","","-30,30","","42,00","","36,00","","7,00","","","M","93,65","","","","-26,00","","ND"
"2004-01-27 06:00","2004","01","27","06:00"," ","","","","","","","","","","","","","","","","","","",""
"2004-01-27 06:51","2004","01","27","06:51"," ","-20,00","","-28,10","","48,00","","9,00","","4,00","","","M","93,57","","","","-23,00","","ND"
"2004-01-27 07:00","2004","01","27","07:00"," ","","","","","","","","","","","","","","","","","","",""
"2004-01-27 07:51","2004","01","27","07:51"," ","-21,00","","-28,20","","52,00","","12,00","","2,00","","","M","93,53","","","","-23,00","","ND"
"2004-01-27 08:00","2004","01","27","08:00"," ","","","","","","","","","","","","","","","","","","",""
"2004-01-27 08:51","2004","01","27","08:51"," ","-21,20","","-29,60","","47,00","","16,00","","4,00","","","M","93,47","","","","-25,00","","ND"
"2004-01-27 09:00","2004","01","27","09:00"," ","","","","","","","","","","","","","","","","","","",""
"2004-01-27 09:51","2004","01","27","09:51"," ","-21,60","","-30,00","","47,00","","30,00","","2,00","","","M","93,42","","","","-23,00","","ND"
"2004-01-27 10:00","2004","01","27","10:00"," ","","","","","","","","","","","","","","","","","","",""
"2004-01-27 10:51","2004","01","27","10:51"," ","-19,30","","-27,90","","46,00","","35,00","","6,00","","","M","93,38","","","","-24,00","","ND"
"2004-01-27 11:00","2004","01","27","11:00"," ","","","","","","","","","","","","","","","","","","",""
"2004-01-27 11:51","2004","01","27","11:51"," ","-17,30","","-26,50","","45,00","","3,00","","2,00","","","M","93,36","","","","-19,00","","ND"
"2004-01-27 12:00","2004","01","27","12:00"," ","","","","","","","","","","","","","","","","","","",""
"2004-01-27 12:51","2004","01","27","12:51"," ","-20,00","","-28,30","","48,00","","36,00","","2,00","","","M","93,34","","","","-22,00","","ND"
"2004-01-27 13:00","2004","01","27","13:00"," ","","","","","","","","","","","","","","","","","","",""
"2004-01-27 13:51","2004","01","27","13:51"," ","-19,50","","-27,80","","48,00","","32,00","","4,00","","","M","93,30","","","","-23,00","","ND"
"2004-01-27 14:00","2004","01","27","14:00"," ","","","","","","","","","","","","","","","","","","",""
"2004-01-27 14:51","2004","01","27","14:51"," ","-19,60","","-27,70","","49,00","","8,00","","2,00","","","M","93,26","","","","-21,00","","ND"
"2004-01-27 15:00","2004","01","27","15:00"," ","","","","","","","","","","","","","","","","","","",""
"2004-01-27 15:51","2004","01","27","15:51"," ","-19,50","","-27,60","","49,00","","33,00","","6,00","","","M","93,22","","","","-24,00","","ND"
"2004-01-27 16:00","2004","01","27","16:00"," ","","","","","","","","","","","","","","","","","","",""
"2004-01-27 16:51","2004","01","27","16:51"," ","-16,90","","-28,00","","38,00","","2,00","","6,00","","","M","93,15","","","","-21,00","","ND"
"2004-01-27 17:00","2004","01","27","17:00"," ","","","","","","","","","","","","","","","","","","",""
"2004-01-27 17:51","2004","01","27","17:51"," ","-18,90","","-28,50","","42,00","","0,00","","0,00","","","M","93,09","","","","","","ND"
"2004-01-27 18:00","2004","01","27","18:00"," ","","","","","","","","","","","","","","","","","","",""
"2004-01-27 18:51","2004","01","27","18:51"," ","-19,20","","-28,70","","43,00","","17,00","","4,00","","","M","93,04","","","","-23,00","","ND"
"2004-01-27 19:00","2004","01","27","19:00"," ","","","","","","","","","","","","","","","","","","",""
"2004-01-27 19:51","2004","01","27","19:51"," ","-18,50","","-28,10","","43,00","","14,00","","2,00","","","M","93,01","","","","-20,00","","ND"
"2004-01-27 20:00","2004","01","27","20:00"," ","","","","","","","","","","","","","","","","","","",""
"2004-01-27 21:00","2004","01","27","21:00"," ","","","","","","","","","","","","","","","","","","",""
"2004-01-27 21:51","2004","01","27","21:51"," ","-19,20","","-27,80","","47,00","","19,00","","6,00","","","M","92,95","","","","-24,00","","ND"
"2004-01-27 22:00","2004","01","27","22:00"," ","","","","","","","","","","","","","","","","","","",""
"2004-01-27 22:51","2004","01","27","22:51"," ","-17,20","","-27,70","","40,00","","15,00","","7,00","","","M","92,91","","","","-22,00","","ND"
"2004-01-27 23:00","2004","01","27","23:00"," ","","","","","","","","","","","","","","","","","","",""
"2004-01-27 23:51","2004","01","27","23:51"," ","-16,10","","-26,40","","41,00","","22,00","","6,00","","","M","92,85","","","","-21,00","","ND"
"2004-01-28 00:00","2004","01","28","00:00"," ","","","","","","","","","","","","","","","","","","",""
"2004-01-28 00:51","2004","01","28","00:51"," ","-15,70","","-26,10","","40,00","","35,00","","6,00","","","M","92,84","","","","-20,00","","ND"
"2004-01-28 01:00","2004","01","28","01:00"," ","","","","","","","","","","","","","","","","","","",""
"2004-01-28 01:51","2004","01","28","01:51"," ","-16,50","","-25,80","","44,00","","0,00","","0,00","","","M","92,79","","","","","","ND"
"2004-01-28 02:00","2004","01","28","02:00"," ","","","","","","","","","","","","","","","","","","",""
"2004-01-28 02:51","2004","01","28","02:51"," ","-15,90","","-25,50","","43,00","","33,00","","7,00","","","M","92,74","","","","-21,00","","ND"
"2004-01-28 03:00","2004","01","28","03:00"," ","","","","","","","","","","","","","","","","","","",""
"2004-01-28 03:51","2004","01","28","03:51"," ","-17,40","","-26,60","","45,00","","1,00","","9,00","","","M","92,69","","","","-24,00","","ND"
"2004-01-28 04:00","2004","01","28","04:00"," ","","","","","","","","","","","","","","","","","","",""
"2004-01-28 04:51","2004","01","28","04:51"," ","-16,60","","-26,10","","44,00","","2,00","","9,00","","","M","92,66","","","","-23,00","","ND"
"2004-01-28 05:00","2004","01","28","05:00"," ","","","","","","","","","","","","","","","","","","",""
"2004-01-28 05:51","2004","01","28","05:51"," ","-16,40","","-25,20","","47,00","","33,00","","6,00","","","M","92,60","","","","-21,00","","ND"
"2004-01-28 06:00","2004","01","28","06:00"," ","","","","","","","","","","","","","","","","","","",""
"2004-01-28 06:51","2004","01","28","06:51"," ","-17,40","","-25,70","","48,00","","35,00","","15,00","","","M","92,56","","","","-26,00","","ND"
"2004-01-28 07:00","2004","01","28","07:00"," ","","","","","","","","","","","","","","","","","","",""
"2004-01-28 07:51","2004","01","28","07:51"," ","-16,20","","-25,20","","46,00","","35,00","","6,00","","","M","92,54","","","","-21,00","","ND"
"2004-01-28 08:00","2004","01","28","08:00"," ","","","","","","","","","","","","","","","","","","",""
"2004-01-28 08:51","2004","01","28","08:51"," ","-16,60","","-25,90","","44,00","","3,00","","11,00","","","M","92,51","","","","-24,00","","ND"
"2004-01-28 09:00","2004","01","28","09:00"," ","","","","","","","","","","","","","","","","","","",""
"2004-01-28 09:51","2004","01","28","09:51"," ","-16,70","","-25,20","","48,00","","26,00","","2,00","","","M","92,47","","","","-18,00","","ND"
"2004-01-28 10:00","2004","01","28","10:00"," ","","","","","","","","","","","","","","","","","","",""
"2004-01-28 10:51","2004","01","28","10:51"," ","-16,30","","-25,60","","45,00","","32,00","","7,00","","","M","92,45","","","","-21,00","","ND"
"2004-01-28 11:00","2004","01","28","11:00"," ","","","","","","","","","","","","","","","","","","",""
"2004-01-28 11:51","2004","01","28","11:51"," ","-15,90","","-24,70","","47,00","","35,00","","11,00","","","M","92,42","","","","-23,00","","ND"
"2004-01-28 12:00","2004","01","28","12:00"," ","","","","","","","","","","","","","","","","","","",""
"2004-01-28 12:51","2004","01","28","12:51"," ","-16,00","","-25,30","","45,00","","2,00","","9,00","","","M","92,38","","","","-22,00","","ND"
"2004-01-28 13:00","2004","01","28","13:00"," ","","","","","","","","","","","","","","","","","","",""
"2004-01-28 13:51","2004","01","28","13:51"," ","-17,60","","-25,60","","50,00","","6,00","","4,00","","","M","92,35","","","","-21,00","","ND"
"2004-01-28 14:00","2004","01","28","14:00"," ","","","","","","","","","","","","","","","","","","",""
"2004-01-28 14:51","2004","01","28","14:51"," ","-21,30","","-26,90","","61,00","","22,00","","4,00","","","M","92,32","","","","-25,00","","ND"
"2004-01-28 15:00","2004","01","28","15:00"," ","","","","","","","","","","","","","","","","","","",""
"2004-01-28 15:51","2004","01","28","15:51"," ","-20,40","","-26,60","","58,00","","26,00","","2,00","","","M","92,30","","","","-22,00","","ND"
"2004-01-28 16:00","2004","01","28","16:00"," ","","","","","","","","","","","","","","","","","","",""
"2004-01-28 16:51","2004","01","28","16:51"," ","-20,10","","-26,00","","59,00","","33,00","","2,00","","","M","92,25","","","","-22,00","","ND"
"2004-01-28 17:00","2004","01","28","17:00"," ","","","","","","","","","","","","","","","","","","",""
"2004-01-28 17:51","2004","01","28","17:51"," ","-20,00","","-26,40","","57,00","","33,00","","4,00","","","M","92,22","","","","-23,00","","ND"
"2004-01-28 18:00","2004","01","28","18:00"," ","","","","","","","","","","","","","","","","","","",""
"2004-01-28 18:51","2004","01","28","18:51"," ","-20,00","","-26,00","","59,00","","34,00","","4,00","","","M","92,17","","","","-23,00","","ND"
"2004-01-28 19:00","2004","01","28","19:00"," ","","","","","","","","","","","","","","","","","","",""
"2004-01-28 19:51","2004","01","28","19:51"," ","-19,60","","-26,40","","55,00","","34,00","","6,00","","","M","92,14","","","","-25,00","","ND"
"2004-01-28 20:00","2004","01","28","20:00"," ","","","","","","","","","","","","","","","","","","",""
"2004-01-28 20:51","2004","01","28","20:51"," ","-20,30","","-26,90","","56,00","","33,00","","2,00","","","M","92,11","","","","-22,00","","ND"
"2004-01-28 21:00","2004","01","28","21:00"," ","","","","","","","","","","","","","","","","","","",""
"2004-01-28 21:51","2004","01","28","21:51"," ","-20,90","","-26,70","","60,00","","20,00","","2,00","","","M","92,07","","","","-23,00","","ND"
"2004-01-28 22:00","2004","01","28","22:00"," ","","","","","","","","","","","","","","","","","","",""
"2004-01-28 22:51","2004","01","28","22:51"," ","-20,90","","-27,10","","57,00","","36,00","","2,00","","","M","92,02","","","","-23,00","","ND"
"2004-01-28 23:00","2004","01","28","23:00"," ","","","","","","","","","","","","","","","","","","",""
"2004-01-28 23:51","2004","01","28","23:51"," ","-18,10","","-26,10","","50,00","","1,00","","9,00","","","M","91,98","","","","-24,00","","ND"
"2004-01-29 00:00","2004","01","29","00:00"," ","","","","","","","","","","","","","","","","","","",""
"2004-01-29 00:51","2004","01","29","00:51"," ","-17,80","","-27,00","","44,00","","36,00","","9,00","","","M","91,96","","","","-24,00","","ND"
"2004-01-29 01:00","2004","01","29","01:00"," ","","","","","","","","","","","","","","","","","","",""
"2004-01-29 01:51","2004","01","29","01:51"," ","-18,70","","-26,00","","53,00","","35,00","","15,00","","","M","91,93","","","","-27,00","","ND"
"2004-01-29 02:00","2004","01","29","02:00"," ","","","","","","","","","","","","","","","","","","",""
"2004-01-29 02:51","2004","01","29","02:51"," ","-21,30","","-28,00","","55,00","","32,00","","6,00","","","M","91,89","","","","-27,00","","ND"
"2004-01-29 03:00","2004","01","29","03:00"," ","","","","","","","","","","","","","","","","","","",""
"2004-01-29 03:51","2004","01","29","03:51"," ","-20,50","","-26,70","","58,00","","18,00","","2,00","","","M","91,85","","","","-22,00","","ND"
"2004-01-29 04:00","2004","01","29","04:00"," ","","","","","","","","","","","","","","","","","","",""
"2004-01-29 04:51","2004","01","29","04:51"," ","-22,80","","-27,70","","64,00","","15,00","","4,00","","","M","91,82","","","","-27,00","","ND"
"2004-01-29 05:00","2004","01","29","05:00"," ","","","","","","","","","","","","","","","","","","",""
"2004-01-29 05:51","2004","01","29","05:51"," ","-22,50","","-27,20","","65,00","","14,00","","2,00","","","M","91,81","","","","-24,00","","ND"
"2004-01-29 06:00","2004","01","29","06:00"," ","","","","","","","","","","","","","","","","","","",""
"2004-01-29 06:51","2004","01","29","06:51"," ","-22,30","","-27,20","","64,00","","17,00","","4,00","","","M","91,78","","","","-26,00","","ND"
"2004-01-29 07:00","2004","01","29","07:00"," ","","","","","","","","","","","","","","","","","","",""
"2004-01-29 07:51","2004","01","29","07:51"," ","-20,40","","-27,00","","56,00","","32,00","","6,00","","","M","91,75","","","","-25,00","","ND"
"2004-01-29 08:00","2004","01","29","08:00"," ","","","","","","","","","","","","","","","","","","",""
"2004-01-29 08:51","2004","01","29","08:51"," ","-23,70","","-29,90","","57,00","","26,00","","2,00","","","M","91,77","","","","-26,00","","ND"
"2004-01-29 09:00","2004","01","29","09:00"," ","","","","","","","","","","","","","","","","","","",""
"2004-01-29 09:51","2004","01","29","09:51"," ","-24,20","","-28,70","","66,00","","6,00","","2,00","","","M","91,74","","","","-26,00","","ND"
"2004-01-29 10:00","2004","01","29","10:00"," ","","","","","","","","","","","","","","","","","","",""
"2004-01-29 10:51","2004","01","29","10:51"," ","-23,10","","-28,60","","61,00","","16,00","","4,00","","","M","91,74","","","","-27,00","","ND"
"2004-01-29 11:00","2004","01","29","11:00"," ","","","","","","","","","","","","","","","","","","",""
"2004-01-29 11:51","2004","01","29","11:51"," ","-23,60","","-27,60","","70,00","","13,00","","4,00","","","M","91,73","","","","-27,00","","ND"
"2004-01-29 12:00","2004","01","29","12:00"," ","","","","","","","","","","","","","","","","","","",""
"2004-01-29 12:51","2004","01","29","12:51"," ","-21,00","","-26,50","","61,00","","0,00","","0,00","","","M","91,70","","","","","","ND"
"2004-01-29 13:00","2004","01","29","13:00"," ","","","","","","","","","","","","","","","","","","",""
"2004-01-29 13:51","2004","01","29","13:51"," ","-21,70","","-28,20","","56,00","","29,00","","4,00","","","M","91,70","","","","-25,00","","ND"
"2004-01-29 14:00","2004","01","29","14:00"," ","","","","","","","","","","","","","","","","","","",""
"2004-01-29 14:51","2004","01","29","14:51"," ","-17,90","","-25,70","","50,00","","29,00","","2,00","","","M","91,66","","","","-19,00","","ND"
"2004-01-29 15:00","2004","01","29","15:00"," ","","","","","","","","","","","","","","","","","","",""
"2004-01-29 15:51","2004","01","29","15:51"," ","-22,30","","-27,20","","64,00","","22,00","","2,00","","","M","91,66","","","","-24,00","","ND"
"2004-01-29 16:00","2004","01","29","16:00"," ","","","","","","","","","","","","","","","","","","",""
"2004-01-29 16:51","2004","01","29","16:51"," ","-22,50","","-26,90","","67,00","","27,00","","2,00","","","M","91,62","","","","-24,00","","ND"
"2004-01-29 17:00","2004","01","29","17:00"," ","","","","","","","","","","","","","","","","","","",""
"2004-01-29 17:51","2004","01","29","17:51"," ","-21,30","","-26,70","","62,00","","1,00","","6,00","","","M","91,61","","","","-27,00","","ND"
"2004-01-29 18:00","2004","01","29","18:00"," ","","","","","","","","","","","","","","","","","","",""
"2004-01-29 18:51","2004","01","29","18:51"," ","-21,30","","-26,40","","63,00","","1,00","","2,00","","","M","91,60","","","","-23,00","","ND"
"2004-01-29 19:00","2004","01","29","19:00"," ","","","","","","","","","","","","","","","","","","",""
"2004-01-29 19:51","2004","01","29","19:51"," ","-21,40","","-26,50","","63,00","","35,00","","4,00","","","M","91,60","","","","-25,00","","ND"
"2004-01-29 20:00","2004","01","29","20:00"," ","","","","","","","","","","","","","","","","","","",""
"2004-01-29 20:51","2004","01","29","20:51"," ","-21,70","","-28,00","","57,00","","35,00","","6,00","","","M","91,56","","","","-27,00","","ND"
"2004-01-29 21:00","2004","01","29","21:00"," ","","","","","","","","","","","","","","","","","","",""
"2004-01-29 21:51","2004","01","29","21:51"," ","-20,60","","-26,80","","58,00","","35,00","","4,00","","","M","91,53","","","","-24,00","","ND"
"2004-01-29 22:00","2004","01","29","22:00"," ","","","","","","","","","","","","","","","","","","",""
"2004-01-29 22:51","2004","01","29","22:51"," ","-20,30","","-27,50","","53,00","","4,00","","4,00","","","M","91,53","","","","-24,00","","ND"
"2004-01-29 23:00","2004","01","29","23:00"," ","","","","","","","","","","","","","","","","","","",""
"2004-01-29 23:51","2004","01","29","23:51"," ","-21,40","","-27,80","","56,00","","35,00","","4,00","","","M","91,52","","","","-25,00","","ND"
"2004-01-30 00:00","2004","01","30","00:00"," ","","","","","","","","","","","","","","","","","","",""
"2004-01-30 00:51","2004","01","30","00:51"," ","-23,20","","-27,90","","65,00","","17,00","","7,00","","","M","91,54","","","","-29,00","","ND"
"2004-01-30 01:00","2004","01","30","01:00"," ","","","","","","","","","","","","","","","","","","",""
"2004-01-30 01:51","2004","01","30","01:51"," ","-21,60","","-26,50","","65,00","","7,00","","2,00","","","M","91,53","","","","-23,00","","ND"
"2004-01-30 02:00","2004","01","30","02:00"," ","","","","","","","","","","","","","","","","","","",""
"2004-01-30 02:51","2004","01","30","02:51"," ","-23,00","","-27,20","","68,00","","33,00","","6,00","","","M","91,53","","","","-28,00","","ND"
"2004-01-30 03:00","2004","01","30","03:00"," ","","","","","","","","","","","","","","","","","","",""
"2004-01-30 03:51","2004","01","30","03:51"," ","-22,50","","-26,60","","69,00","","36,00","","13,00","","","M","91,53","","","","-31,00","","ND"
"2004-01-30 04:00","2004","01","30","04:00"," ","","","","","","","","","","","","","","","","","","",""
"2004-01-30 04:51","2004","01","30","04:51"," ","-23,80","","-27,10","","74,00","","5,00","","11,00","","","M","91,49","","","","-32,00","","ND"
"2004-01-30 05:00","2004","01","30","05:00"," ","","","","","","","","","","","","","","","","","","",""
"2004-01-30 05:51","2004","01","30","05:51"," ","-23,10","","-26,70","","72,00","","2,00","","17,00","","","M","91,47","","","","-34,00","","ND"
"2004-01-30 06:00","2004","01","30","06:00"," ","","","","","","","","","","","","","","","","","","",""
"2004-01-30 06:51","2004","01","30","06:51"," ","-22,10","","-26,30","","69,00","","7,00","","13,00","","","M","91,46","","","","-31,00","","ND"
"2004-01-30 07:00","2004","01","30","07:00"," ","","","","","","","","","","","","","","","","","","",""
"2004-01-30 07:51","2004","01","30","07:51"," ","-22,40","","-26,60","","69,00","","31,00","","15,00","","","M","91,44","","","","-32,00","","ND"
"2004-01-30 08:00","2004","01","30","08:00"," ","","","","","","","","","","","","","","","","","","",""
"2004-01-30 08:51","2004","01","30","08:51"," ","-24,20","","-28,50","","68,00","","35,00","","19,00","","","M","91,44","","","","-36,00","","ND"
"2004-01-30 09:00","2004","01","30","09:00"," ","","","","","","","","","","","","","","","","","","",""
"2004-01-30 09:51","2004","01","30","09:51"," ","-26,50","","-31,40","","63,00","","30,00","","13,00","","","M","91,44","","","","-36,00","","ND"
"2004-01-30 10:00","2004","01","30","10:00"," ","","","","","","","","","","","","","","","","","","",""
"2004-01-30 10:51","2004","01","30","10:51"," ","-28,20","","-31,50","","73,00","","16,00","","4,00","","","M","91,42","","","","-33,00","","ND"
"2004-01-30 11:00","2004","01","30","11:00"," ","","","","","","","","","","","","","","","","","","",""
"2004-01-30 11:51","2004","01","30","11:51"," ","-23,40","","-28,90","","61,00","","3,00","","15,00","","","M","91,41","","","","-33,00","","ND"
"2004-01-30 12:00","2004","01","30","12:00"," ","","","","","","","","","","","","","","","","","","",""
"2004-01-30 12:51","2004","01","30","12:51"," ","-27,50","","-32,20","","64,00","","20,00","","4,00","","","M","91,47","","","","-32,00","","ND"
"2004-01-30 13:00","2004","01","30","13:00"," ","","","","","","","","","","","","","","","","","","",""
"2004-01-30 13:51","2004","01","30","13:51"," ","-29,00","","-32,80","","70,00","","29,00","","2,00","","","M","91,46","","","","-31,00","","ND"
"2004-01-30 14:00","2004","01","30","14:00"," ","","","","","","","","","","","","","","","","","","",""
"2004-01-30 14:51","2004","01","30","14:51"," ","-29,40","","-32,80","","72,00","","1,00","","11,00","","","M","91,45","","","","-39,00","","ND"
"2004-01-30 15:00","2004","01","30","15:00"," ","","","","","","","","","","","","","","","","","","",""
"2004-01-30 15:51","2004","01","30","15:51"," ","-29,40","","-32,70","","73,00","","3,00","","2,00","","","M","91,47","","","","-32,00","","ND"
"2004-01-30 16:00","2004","01","30","16:00"," ","","","","","","","","","","","","","","","","","","",""
"2004-01-30 16:51","2004","01","30","16:51"," ","-28,90","","-32,00","","75,00","","2,00","","2,00","","","M","91,48","","","","-31,00","","ND"
"2004-01-30 17:00","2004","01","30","17:00"," ","","","","","","","","","","","","","","","","","","",""
"2004-01-30 17:51","2004","01","30","17:51"," ","-29,30","","-32,70","","72,00","","0,00","","0,00","","","M","91,49","","","","","","ND"
"2004-01-30 18:00","2004","01","30","18:00"," ","","","","","","","","","","","","","","","","","","",""
"2004-01-30 18:51","2004","01","30","18:51"," ","-29,50","","-33,00","","72,00","","24,00","","2,00","","","M","91,47","","","","-32,00","","ND"
"2004-01-30 19:00","2004","01","30","19:00"," ","","","","","","","","","","","","","","","","","","",""
"2004-01-30 19:51","2004","01","30","19:51"," ","-30,00","","-33,40","","72,00","","14,00","","2,00","","","M","91,50","","","","-32,00","","ND"
"2004-01-30 20:00","2004","01","30","20:00"," ","","","","","","","","","","","","","","","","","","",""
"2004-01-30 20:51","2004","01","30","20:51"," ","-28,60","","-31,90","","73,00","","36,00","","4,00","","","M","91,49","","","","-33,00","","ND"
"2004-01-30 21:00","2004","01","30","21:00"," ","","","","","","","","","","","","","","","","","","",""
"2004-01-30 21:51","2004","01","30","21:51"," ","-29,40","","-32,80","","72,00","","22,00","","2,00","","","M","91,52","","","","-32,00","","ND"
"2004-01-30 22:00","2004","01","30","22:00"," ","","","","","","","","","","","","","","","","","","",""
"2004-01-30 22:51","2004","01","30","22:51"," ","-30,80","","-34,30","","71,00","","17,00","","4,00","","","M","91,55","","","","-35,00","","ND"
"2004-01-30 23:00","2004","01","30","23:00"," ","","","","","","","","","","","","","","","","","","",""
"2004-01-30 23:51","2004","01","30","23:51"," ","-30,80","","-34,40","","71,00","","18,00","","2,00","","","M","91,55","","","","-33,00","","ND"
"2004-01-31 00:00","2004","01","31","00:00"," ","","","","","","","","","","","","","","","","","","",""
"2004-01-31 00:51","2004","01","31","00:51"," ","-30,50","","-34,00","","71,00","","0,00","","0,00","","","M","91,58","","","","","","ND"
"2004-01-31 01:00","2004","01","31","01:00"," ","","","","","","","","","","","","","","","","","","",""
"2004-01-31 01:51","2004","01","31","01:51"," ","-30,40","","-33,90","","71,00","","22,00","","2,00","","","M","91,59","","","","-33,00","","ND"
"2004-01-31 02:00","2004","01","31","02:00"," ","","","","","","","","","","","","","","","","","","",""
"2004-01-31 02:51","2004","01","31","02:51"," ","-30,50","","-34,00","","71,00","","18,00","","2,00","","","M","91,60","","","","-33,00","","ND"
"2004-01-31 03:00","2004","01","31","03:00"," ","","","","","","","","","","","","","","","","","","",""
"2004-01-31 03:51","2004","01","31","03:51"," ","-30,50","","-33,90","","72,00","","14,00","","4,00","","","M","91,60","","","","-35,00","","ND"
"2004-01-31 04:00","2004","01","31","04:00"," ","","","","","","","","","","","","","","","","","","",""
"2004-01-31 04:51","2004","01","31","04:51"," ","-30,00","","-33,20","","74,00","","0,00","","0,00","","","M","91,61","","","","","","ND"
"2004-01-31 05:00","2004","01","31","05:00"," ","","","","","","","","","","","","","","","","","","",""
"2004-01-31 05:51","2004","01","31","05:51"," ","-30,00","","-33,50","","71,00","","0,00","","0,00","","","M","91,61","","","","","","ND"
"2004-01-31 06:00","2004","01","31","06:00"," ","","","","","","","","","","","","","","","","","","",""
"2004-01-31 06:51","2004","01","31","06:51"," ","-31,10","","-34,60","","71,00","","12,00","","2,00","","","M","91,62","","","","-33,00","","ND"
"2004-01-31 07:00","2004","01","31","07:00"," ","","","","","","","","","","","","","","","","","","",""
"2004-01-31 07:51","2004","01","31","07:51"," ","-30,50","","-34,00","","71,00","","0,00","","0,00","","","M","91,62","","","","","","ND"
"2004-01-31 08:00","2004","01","31","08:00"," ","","","","","","","","","","","","","","","","","","",""
"2004-01-31 08:51","2004","01","31","08:51"," ","-30,90","","-34,50","","71,00","","12,00","","2,00","","","M","91,65","","","","-33,00","","ND"
"2004-01-31 09:00","2004","01","31","09:00"," ","","","","","","","","","","","","","","","","","","",""
"2004-01-31 09:51","2004","01","31","09:51"," ","-29,70","","-33,10","","72,00","","0,00","","0,00","","","M","91,64","","","","","","ND"
"2004-01-31 10:00","2004","01","31","10:00"," ","","","","","","","","","","","","","","","","","","",""
"2004-01-31 10:51","2004","01","31","10:51"," ","-29,40","","-32,80","","72,00","","0,00","","0,00","","","M","91,64","","","","","","ND"
"2004-01-31 11:00","2004","01","31","11:00"," ","","","","","","","","","","","","","","","","","","",""
"2004-01-31 11:51","2004","01","31","11:51"," ","-29,30","","-32,70","","72,00","","35,00","","2,00","","","M","91,66","","","","-32,00","","ND"
"2004-01-31 12:00","2004","01","31","12:00"," ","","","","","","","","","","","","","","","","","","",""
"2004-01-31 12:51","2004","01","31","12:51"," ","-29,10","","-32,50","","72,00","","0,00","","0,00","","","M","91,69","","","","","","ND"
"2004-01-31 13:00","2004","01","31","13:00"," ","","","","","","","","","","","","","","","","","","",""
"2004-01-31 13:51","2004","01","31","13:51"," ","-28,70","","-32,10","","72,00","","10,00","","2,00","","","M","91,70","","","","-31,00","","ND"
"2004-01-31 14:00","2004","01","31","14:00"," ","","","","","","","","","","","","","","","","","","",""
"2004-01-31 14:51","2004","01","31","14:51"," ","-28,30","","-31,40","","75,00","","2,00","","2,00","","","M","91,69","","","","-30,00","","ND"
"2004-01-31 15:00","2004","01","31","15:00"," ","","","","","","","","","","","","","","","","","","",""
"2004-01-31 15:51","2004","01","31","15:51"," ","-29,00","","-32,40","","72,00","","0,00","","0,00","","","M","91,71","","","","","","ND"
"2004-01-31 16:00","2004","01","31","16:00"," ","","","","","","","","","","","","","","","","","","",""
"2004-01-31 16:51","2004","01","31","16:51"," ","-28,30","","-31,30","","75,00","","1,00","","6,00","","","M","91,67","","","","-35,00","","ND"
"2004-01-31 17:00","2004","01","31","17:00"," ","","","","","","","","","","","","","","","","","","",""
"2004-01-31 17:51","2004","01","31","17:51"," ","-28,40","","-31,30","","76,00","","7,00","","2,00","","","M","91,65","","","","-31,00","","ND"
"2004-01-31 18:00","2004","01","31","18:00"," ","","","","","","","","","","","","","","","","","","",""
"2004-01-31 18:51","2004","01","31","18:51"," ","-28,70","","-31,80","","75,00","","10,00","","6,00","","","M","91,66","","","","-35,00","","ND"
"2004-01-31 19:00","2004","01","31","19:00"," ","","","","","","","","","","","","","","","","","","",""
"2004-01-31 19:51","2004","01","31","19:51"," ","-28,80","","-32,20","","72,00","","14,00","","7,00","","","M","91,65","","","","-36,00","","ND"
"2004-01-31 20:00","2004","01","31","20:00"," ","","","","","","","","","","","","","","","","","","",""
"2004-01-31 20:51","2004","01","31","20:51"," ","-27,50","","-30,90","","73,00","","12,00","","4,00","","","M","91,63","","","","-32,00","","ND"
"2004-01-31 21:00","2004","01","31","21:00"," ","","","","","","","","","","","","","","","","","","",""
"2004-01-31 21:51","2004","01","31","21:51"," ","-26,20","","-29,30","","75,00","","14,00","","4,00","","","M","91,62","","","","-30,00","","ND"
"2004-01-31 22:00","2004","01","31","22:00"," ","","","","","","","","","","","","","","","","","","",""
"2004-01-31 22:51","2004","01","31","22:51"," ","-25,50","","-28,60","","75,00","","9,00","","2,00","","","M","91,61","","","","-28,00","","ND"
"2004-01-31 23:00","2004","01","31","23:00"," ","","","","","","","","","","","","","","","","","","",""
"2004-01-31 23:51","2004","01","31","23:51"," ","-25,50","","-28,60","","75,00","","6,00","","2,00","","","M","91,59","","","","-28,00","","ND"
