"Nom de la Station","ROCK RIVER"
"Province","YUKON TERRITORY"
"Latitude","66,98"
"Longitude","-136,22"
"Altitude","731,00"
"Identification Climat","2100935"
"Identification OMM","71506"
"Identification TC","WRR"
"Toutes les heures sont exprimées en heure normale locale (HNL). Pour convertir l'heure locale en heure avancée de l'Est (HAE), ajoutez 1 heure s'il y a lieu."

"Légende"
"M","Données Manquantes"
"E","Valeur Estimée"
"ND","Non Disponible"
"**","Données fournies par un partenaire, non assujetties à un révision par les Archives climatiques nationales du Canada"

"Date/Heure","Année","Mois","Jour","Heure","Qualité des Données","Temp (°C)","Temp Indicateur","Point de rosée (°C)","Point de rosée Indicateur","Hum. rel (%)","Hum. rel. Indicateur","Dir. du vent (10s deg)","Dir. du vent Indicateur","Vit. du vent (km/h)","Vit. du vent Indicateur","Visibilité (km)","Visibilité Indicateur","Pression à la station (kPa)","Pression à la station Indicateur","Hmdx","Hmdx Indicateur","Refroid. éolien","Refroid. éolien Indicateur","Temps"
"1994-05-01 00:00","1994","05","01","00:00"," ","","","","","","","","","","","","","","","","","","",""
"1994-05-01 00:51","1994","05","01","00:51"," ","4,80","","-0,50","","68,00","","28,00","","6,00","","","","","M","","","","","ND"
"1994-05-01 01:00","1994","05","01","01:00"," ","","","","","","","","","","","","","","","","","","",""
"1994-05-01 01:51","1994","05","01","01:51"," ","3,50","","-1,00","","72,00","","27,00","","11,00","","","","","M","","","","","ND"
"1994-05-01 02:00","1994","05","01","02:00"," ","","","","","","","","","","","","","","","","","","",""
"1994-05-01 02:51","1994","05","01","02:51"," ","3,50","","-0,20","","77,00","","28,00","","2,00","","","","","M","","","","","ND"
"1994-05-01 03:00","1994","05","01","03:00"," ","","","","","","","","","","","","","","","","","","",""
"1994-05-01 03:51","1994","05","01","03:51"," ","1,80","","0,20","","89,00","","21,00","","9,00","","","","","M","","","","","ND"
"1994-05-01 04:00","1994","05","01","04:00"," ","","","","","","","","","","","","","","","","","","",""
"1994-05-01 04:51","1994","05","01","04:51"," ","1,80","","0,40","","90,00","","21,00","","11,00","","","","","M","","","","","ND"
"1994-05-01 05:00","1994","05","01","05:00"," ","","","","","","","","","","","","","","","","","","",""
"1994-05-01 05:51","1994","05","01","05:51"," ","1,60","","0,50","","92,00","","20,00","","9,00","","","","","M","","","","","ND"
"1994-05-01 06:00","1994","05","01","06:00"," ","","","","","","","","","","","","","","","","","","",""
"1994-05-01 06:51","1994","05","01","06:51"," ","3,50","","1,80","","89,00","","21,00","","7,00","","","","","M","","","","","ND"
"1994-05-01 07:00","1994","05","01","07:00"," ","","","","","","","","","","","","","","","","","","",""
"1994-05-01 07:51","1994","05","01","07:51"," ","5,30","","2,50","","82,00","","19,00","","6,00","","","","","M","","","","","ND"
"1994-05-01 08:00","1994","05","01","08:00"," ","","","","","","","","","","","","","","","","","","",""
"1994-05-01 08:51","1994","05","01","08:51"," ","6,50","","2,20","","74,00","","20,00","","6,00","","","","","M","","","","","ND"
"1994-05-01 09:00","1994","05","01","09:00"," ","","","","","","","","","","","","","","","","","","",""
"1994-05-01 09:51","1994","05","01","09:51"," ","8,00","","0,50","","59,00","","17,00","","6,00","","","","","M","","","","","ND"
"1994-05-01 10:00","1994","05","01","10:00"," ","","","","","","","","","","","","","","","","","","",""
"1994-05-01 10:51","1994","05","01","10:51"," ","8,30","","-1,30","","51,00","","20,00","","19,00","","","","","M","","","","","ND"
"1994-05-01 11:00","1994","05","01","11:00"," ","","","","","","","","","","","","","","","","","","",""
"1994-05-01 11:51","1994","05","01","11:51"," ","8,30","","-2,70","","46,00","","24,00","","17,00","","","","","M","","","","","ND"
"1994-05-01 12:00","1994","05","01","12:00"," ","","","","","","","","","","","","","","","","","","",""
"1994-05-01 12:51","1994","05","01","12:51"," ","8,80","","-3,40","","42,00","","26,00","","15,00","","","","","M","","","","","ND"
"1994-05-01 13:00","1994","05","01","13:00"," ","","","","","","","","","","","","","","","","","","",""
"1994-05-01 13:51","1994","05","01","13:51"," ","8,70","","-3,90","","41,00","","25,00","","11,00","","","","","M","","","","","ND"
"1994-05-01 14:00","1994","05","01","14:00"," ","","","","","","","","","","","","","","","","","","",""
"1994-05-01 14:51","1994","05","01","14:51"," ","9,50","","-5,70","","34,00","","25,00","","11,00","","","","","M","","","","","ND"
"1994-05-01 15:00","1994","05","01","15:00"," ","","","","","","","","","","","","","","","","","","",""
"1994-05-01 15:51","1994","05","01","15:51"," ","11,00","","-4,70","","33,00","","19,00","","13,00","","","","","M","","","","","ND"
"1994-05-01 16:00","1994","05","01","16:00"," ","","","","","","","","","","","","","","","","","","",""
"1994-05-01 16:51","1994","05","01","16:51"," ","12,00","","-3,90","","33,00","","17,00","","7,00","","","","","M","","","","","ND"
"1994-05-01 17:00","1994","05","01","17:00"," ","","","","","","","","","","","","","","","","","","",""
"1994-05-01 17:51","1994","05","01","17:51"," ","11,00","","-4,70","","33,00","","11,00","","13,00","","","","","M","","","","","ND"
"1994-05-01 18:00","1994","05","01","18:00"," ","","","","","","","","","","","","","","","","","","",""
"1994-05-01 18:51","1994","05","01","18:51"," ","10,00","","-4,50","","36,00","","12,00","","15,00","","","","","M","","","","","ND"
"1994-05-01 19:00","1994","05","01","19:00"," ","","","","","","","","","","","","","","","","","","",""
"1994-05-01 19:51","1994","05","01","19:51"," ","8,80","","-4,80","","38,00","","12,00","","17,00","","","","","M","","","","","ND"
"1994-05-01 20:00","1994","05","01","20:00"," ","","","","","","","","","","","","","","","","","","",""
"1994-05-01 20:51","1994","05","01","20:51"," ","7,50","","-4,70","","42,00","","10,00","","17,00","","","","","M","","","","","ND"
"1994-05-01 21:00","1994","05","01","21:00"," ","","","","","","","","","","","","","","","","","","",""
"1994-05-01 21:51","1994","05","01","21:51"," ","6,10","","-5,00","","45,00","","10,00","","22,00","","","","","M","","","","","ND"
"1994-05-01 22:00","1994","05","01","22:00"," ","","","","","","","","","","","","","","","","","","",""
"1994-05-01 22:51","1994","05","01","22:51"," ","5,70","","-4,20","","49,00","","10,00","","20,00","","","","","M","","","","","ND"
"1994-05-01 23:00","1994","05","01","23:00"," ","","","","","","","","","","","","","","","","","","",""
"1994-05-01 23:51","1994","05","01","23:51"," ","5,70","","-4,00","","50,00","","10,00","","26,00","","","","","M","","","","","ND"
"1994-05-02 00:00","1994","05","02","00:00"," ","","","","","","","","","","","","","","","","","","",""
"1994-05-02 00:51","1994","05","02","00:51"," ","5,00","","-3,90","","53,00","","11,00","","22,00","","","","","M","","","","","ND"
"1994-05-02 01:00","1994","05","02","01:00"," ","","","","","","","","","","","","","","","","","","",""
"1994-05-02 01:51","1994","05","02","01:51"," ","5,00","","-4,20","","51,00","","11,00","","17,00","","","","","M","","","","","ND"
"1994-05-02 02:00","1994","05","02","02:00"," ","","","","","","","","","","","","","","","","","","",""
"1994-05-02 02:51","1994","05","02","02:51"," ","4,80","","-4,40","","51,00","","11,00","","17,00","","","","","M","","","","","ND"
"1994-05-02 03:00","1994","05","02","03:00"," ","","","","","","","","","","","","","","","","","","",""
"1994-05-02 03:51","1994","05","02","03:51"," ","4,30","","-4,30","","54,00","","11,00","","17,00","","","","","M","","","","","ND"
"1994-05-02 04:00","1994","05","02","04:00"," ","","","","","","","","","","","","","","","","","","",""
"1994-05-02 04:51","1994","05","02","04:51"," ","4,10","","-4,20","","55,00","","12,00","","17,00","","","","","M","","","","","ND"
"1994-05-02 05:00","1994","05","02","05:00"," ","","","","","","","","","","","","","","","","","","",""
"1994-05-02 06:00","1994","05","02","06:00"," ","","","","","","","","","","","","","","","","","","",""
"1994-05-02 06:51","1994","05","02","06:51"," ","6,50","","-3,80","","48,00","","10,00","","26,00","","","","","M","","","","","ND"
"1994-05-02 07:00","1994","05","02","07:00"," ","","","","","","","","","","","","","","","","","","",""
"1994-05-02 07:51","1994","05","02","07:51"," ","6,60","","-3,70","","48,00","","9,00","","26,00","","","","","M","","","","","ND"
"1994-05-02 08:00","1994","05","02","08:00"," ","","","","","","","","","","","","","","","","","","",""
"1994-05-02 08:51","1994","05","02","08:51"," ","6,80","","-3,50","","48,00","","9,00","","30,00","","","","","M","","","","","ND"
"1994-05-02 09:00","1994","05","02","09:00"," ","","","","","","","","","","","","","","","","","","",""
"1994-05-02 09:51","1994","05","02","09:51"," ","8,20","","-1,10","","52,00","","9,00","","24,00","","","","","M","","","","","ND"
"1994-05-02 10:00","1994","05","02","10:00"," ","","","","","","","","","","","","","","","","","","",""
"1994-05-02 10:51","1994","05","02","10:51"," ","8,80","","-0,50","","52,00","","10,00","","26,00","","","","","M","","","","","ND"
"1994-05-02 11:00","1994","05","02","11:00"," ","","","","","","","","","","","","","","","","","","",""
"1994-05-02 11:51","1994","05","02","11:51"," ","8,80","","-0,50","","52,00","","12,00","","22,00","","","","","M","","","","","ND"
"1994-05-02 12:00","1994","05","02","12:00"," ","","","","","","","","","","","","","","","","","","",""
"1994-05-02 12:51","1994","05","02","12:51"," ","8,70","","-0,60","","52,00","","11,00","","28,00","","","","","M","","","","","ND"
"1994-05-02 13:00","1994","05","02","13:00"," ","","","","","","","","","","","","","","","","","","",""
"1994-05-02 13:51","1994","05","02","13:51"," ","8,70","","-0,10","","54,00","","10,00","","30,00","","","","","M","","","","","ND"
"1994-05-02 14:00","1994","05","02","14:00"," ","","","","","","","","","","","","","","","","","","",""
"1994-05-02 14:51","1994","05","02","14:51"," ","8,60","","-0,50","","53,00","","9,00","","28,00","","","","","M","","","","","ND"
"1994-05-02 15:00","1994","05","02","15:00"," ","","","","","","","","","","","","","","","","","","",""
"1994-05-02 15:51","1994","05","02","15:51"," ","8,20","","-0,30","","55,00","","10,00","","37,00","","","","","M","","","","","ND"
"1994-05-02 16:00","1994","05","02","16:00"," ","","","","","","","","","","","","","","","","","","",""
"1994-05-02 16:51","1994","05","02","16:51"," ","8,20","","-0,30","","55,00","","9,00","","30,00","","","","","M","","","","","ND"
"1994-05-02 17:00","1994","05","02","17:00"," ","","","","","","","","","","","","","","","","","","",""
"1994-05-02 17:51","1994","05","02","17:51"," ","8,10","","-0,80","","53,00","","9,00","","28,00","","","","","M","","","","","ND"
"1994-05-02 18:00","1994","05","02","18:00"," ","","","","","","","","","","","","","","","","","","",""
"1994-05-02 18:51","1994","05","02","18:51"," ","8,10","","-1,00","","53,00","","10,00","","33,00","","","","","M","","","","","ND"
"1994-05-02 19:00","1994","05","02","19:00"," ","","","","","","","","","","","","","","","","","","",""
"1994-05-02 19:51","1994","05","02","19:51"," ","7,50","","-1,20","","54,00","","7,00","","15,00","","","","","M","","","","","ND"
"1994-05-02 20:00","1994","05","02","20:00"," ","","","","","","","","","","","","","","","","","","",""
"1994-05-02 20:51","1994","05","02","20:51"," ","6,70","","-1,20","","57,00","","6,00","","17,00","","","","","M","","","","","ND"
"1994-05-02 21:00","1994","05","02","21:00"," ","","","","","","","","","","","","","","","","","","",""
"1994-05-02 21:51","1994","05","02","21:51"," ","6,00","","-2,20","","56,00","","7,00","","22,00","","","","","M","","","","","ND"
"1994-05-02 22:00","1994","05","02","22:00"," ","","","","","","","","","","","","","","","","","","",""
"1994-05-02 22:51","1994","05","02","22:51"," ","4,80","","-3,00","","57,00","","7,00","","15,00","","","","","M","","","","","ND"
"1994-05-02 23:00","1994","05","02","23:00"," ","","","","","","","","","","","","","","","","","","",""
"1994-05-02 23:51","1994","05","02","23:51"," ","3,30","","-2,70","","65,00","","12,00","","9,00","","","","","M","","","","","ND"
"1994-05-03 00:00","1994","05","03","00:00"," ","","","","","","","","","","","","","","","","","","",""
"1994-05-03 00:51","1994","05","03","00:51"," ","4,30","","-2,10","","63,00","","7,00","","19,00","","","","","M","","","","","ND"
"1994-05-03 01:00","1994","05","03","01:00"," ","","","","","","","","","","","","","","","","","","",""
"1994-05-03 01:51","1994","05","03","01:51"," ","4,50","","-2,10","","62,00","","9,00","","13,00","","","","","M","","","","","ND"
"1994-05-03 02:00","1994","05","03","02:00"," ","","","","","","","","","","","","","","","","","","",""
"1994-05-03 02:51","1994","05","03","02:51"," ","4,00","","-1,90","","65,00","","6,00","","13,00","","","","","M","","","","","ND"
"1994-05-03 03:00","1994","05","03","03:00"," ","","","","","","","","","","","","","","","","","","",""
"1994-05-03 03:51","1994","05","03","03:51"," ","5,10","","-1,60","","62,00","","3,00","","13,00","","","","","M","","","","","ND"
"1994-05-03 04:00","1994","05","03","04:00"," ","","","","","","","","","","","","","","","","","","",""
"1994-05-03 04:51","1994","05","03","04:51"," ","2,40","","-2,50","","70,00","","14,00","","11,00","","","","","M","","","","","ND"
"1994-05-03 05:00","1994","05","03","05:00"," ","","","","","","","","","","","","","","","","","","",""
"1994-05-03 05:51","1994","05","03","05:51"," ","4,50","","0,00","","73,00","","4,00","","9,00","","","","","M","","","","","ND"
"1994-05-03 06:00","1994","05","03","06:00"," ","","","","","","","","","","","","","","","","","","",""
"1994-05-03 07:00","1994","05","03","07:00"," ","","","","","","","","","","","","","","","","","","",""
"1994-05-03 07:51","1994","05","03","07:51"," ","5,80","","0,40","","68,00","","9,00","","15,00","","","","","M","","","","","ND"
"1994-05-03 08:00","1994","05","03","08:00"," ","","","","","","","","","","","","","","","","","","",""
"1994-05-03 08:51","1994","05","03","08:51"," ","6,20","","0,40","","66,00","","9,00","","24,00","","","","","M","","","","","ND"
"1994-05-03 09:00","1994","05","03","09:00"," ","","","","","","","","","","","","","","","","","","",""
"1994-05-03 09:51","1994","05","03","09:51"," ","6,50","","0,40","","65,00","","11,00","","22,00","","","","","M","","","","","ND"
"1994-05-03 10:00","1994","05","03","10:00"," ","","","","","","","","","","","","","","","","","","",""
"1994-05-03 10:51","1994","05","03","10:51"," ","7,20","","1,00","","65,00","","12,00","","26,00","","","","","M","","","","","ND"
"1994-05-03 11:00","1994","05","03","11:00"," ","","","","","","","","","","","","","","","","","","",""
"1994-05-03 11:51","1994","05","03","11:51"," ","6,50","","0,70","","66,00","","12,00","","22,00","","","","","M","","","","","ND"
"1994-05-03 12:00","1994","05","03","12:00"," ","","","","","","","","","","","","","","","","","","",""
"1994-05-03 12:51","1994","05","03","12:51"," ","6,50","","0,70","","66,00","","12,00","","26,00","","","","","M","","","","","ND"
"1994-05-03 13:00","1994","05","03","13:00"," ","","","","","","","","","","","","","","","","","","",""
"1994-05-03 13:51","1994","05","03","13:51"," ","7,00","","0,90","","65,00","","12,00","","20,00","","","","","M","","","","","ND"
"1994-05-03 14:00","1994","05","03","14:00"," ","","","","","","","","","","","","","","","","","","",""
"1994-05-03 14:51","1994","05","03","14:51"," ","6,70","","0,70","","66,00","","11,00","","28,00","","","","","M","","","","","ND"
"1994-05-03 15:00","1994","05","03","15:00"," ","","","","","","","","","","","","","","","","","","",""
"1994-05-03 15:51","1994","05","03","15:51"," ","6,30","","0,50","","66,00","","14,00","","30,00","","","","","M","","","","","ND"
"1994-05-03 16:00","1994","05","03","16:00"," ","","","","","","","","","","","","","","","","","","",""
"1994-05-03 16:51","1994","05","03","16:51"," ","6,50","","0,60","","66,00","","13,00","","22,00","","","","","M","","","","","ND"
"1994-05-03 17:00","1994","05","03","17:00"," ","","","","","","","","","","","","","","","","","","",""
"1994-05-03 17:51","1994","05","03","17:51"," ","6,00","","0,40","","67,00","","12,00","","22,00","","","","","M","","","","","ND"
"1994-05-03 18:00","1994","05","03","18:00"," ","","","","","","","","","","","","","","","","","","",""
"1994-05-03 18:51","1994","05","03","18:51"," ","5,50","","0,20","","69,00","","13,00","","19,00","","","","","M","","","","","ND"
"1994-05-03 19:00","1994","05","03","19:00"," ","","","","","","","","","","","","","","","","","","",""
"1994-05-03 19:51","1994","05","03","19:51"," ","4,50","","0,30","","74,00","","12,00","","19,00","","","","","M","","","","","ND"
"1994-05-03 20:00","1994","05","03","20:00"," ","","","","","","","","","","","","","","","","","","",""
"1994-05-03 20:51","1994","05","03","20:51"," ","4,50","","1,60","","81,00","","13,00","","11,00","","","","","M","","","","","ND"
"1994-05-03 21:00","1994","05","03","21:00"," ","","","","","","","","","","","","","","","","","","",""
"1994-05-03 21:51","1994","05","03","21:51"," ","2,80","","0,00","","82,00","","12,00","","19,00","","","","","M","","","","","ND"
"1994-05-03 22:00","1994","05","03","22:00"," ","","","","","","","","","","","","","","","","","","",""
"1994-05-03 22:51","1994","05","03","22:51"," ","2,40","","-0,10","","84,00","","12,00","","19,00","","","","","M","","","","","ND"
"1994-05-03 23:00","1994","05","03","23:00"," ","","","","","","","","","","","","","","","","","","",""
"1994-05-03 23:51","1994","05","03","23:51"," ","2,50","","0,00","","84,00","","11,00","","15,00","","","","","M","","","","","ND"
"1994-05-04 00:00","1994","05","04","00:00"," ","","","","","","","","","","","","","","","","","","",""
"1994-05-04 00:51","1994","05","04","00:51"," ","2,50","","0,00","","84,00","","10,00","","15,00","","","","","M","","","","","ND"
"1994-05-04 01:00","1994","05","04","01:00"," ","","","","","","","","","","","","","","","","","","",""
"1994-05-04 01:51","1994","05","04","01:51"," ","2,50","","-0,30","","82,00","","11,00","","7,00","","","","","M","","","","","ND"
"1994-05-04 02:00","1994","05","04","02:00"," ","","","","","","","","","","","","","","","","","","",""
"1994-05-04 02:51","1994","05","04","02:51"," ","2,70","","-0,40","","80,00","","16,00","","4,00","","","","","M","","","","","ND"
"1994-05-04 03:00","1994","05","04","03:00"," ","","","","","","","","","","","","","","","","","","",""
"1994-05-04 04:00","1994","05","04","04:00"," ","","","","","","","","","","","","","","","","","","",""
"1994-05-04 05:00","1994","05","04","05:00"," ","","","","","","","","","","","","","","","","","","",""
"1994-05-04 05:51","1994","05","04","05:51"," ","3,80","","-0,80","","72,00","","14,00","","4,00","","","","","M","","","","","ND"
"1994-05-04 06:00","1994","05","04","06:00"," ","","","","","","","","","","","","","","","","","","",""
"1994-05-04 06:51","1994","05","04","06:51"," ","4,50","","-0,80","","68,00","","10,00","","6,00","","","","","M","","","","","ND"
"1994-05-04 07:00","1994","05","04","07:00"," ","","","","","","","","","","","","","","","","","","",""
"1994-05-04 07:51","1994","05","04","07:51"," ","5,20","","-0,60","","66,00","","13,00","","6,00","","","","","M","","","","","ND"
"1994-05-04 08:00","1994","05","04","08:00"," ","","","","","","","","","","","","","","","","","","",""
"1994-05-04 08:51","1994","05","04","08:51"," ","7,20","","-0,30","","59,00","","0,00","","0,00","","","","","M","","","","","ND"
"1994-05-04 09:00","1994","05","04","09:00"," ","","","","","","","","","","","","","","","","","","",""
"1994-05-04 09:51","1994","05","04","09:51"," ","9,00","","-2,10","","46,00","","23,00","","9,00","","","","","M","","","","","ND"
"1994-05-04 10:00","1994","05","04","10:00"," ","","","","","","","","","","","","","","","","","","",""
"1994-05-04 10:51","1994","05","04","10:51"," ","10,10","","-2,30","","42,00","","19,00","","17,00","","","","","M","","","","","ND"
"1994-05-04 11:00","1994","05","04","11:00"," ","","","","","","","","","","","","","","","","","","",""
"1994-05-04 11:51","1994","05","04","11:51"," ","10,50","","-2,60","","40,00","","19,00","","11,00","","","","","M","","","","","ND"
"1994-05-04 12:00","1994","05","04","12:00"," ","","","","","","","","","","","","","","","","","","",""
"1994-05-04 12:51","1994","05","04","12:51"," ","11,00","","-2,50","","39,00","","18,00","","9,00","","","","","M","","","","","ND"
"1994-05-04 13:00","1994","05","04","13:00"," ","","","","","","","","","","","","","","","","","","",""
"1994-05-04 13:51","1994","05","04","13:51"," ","10,20","","-2,50","","41,00","","13,00","","15,00","","","","","M","","","","","ND"
"1994-05-04 14:00","1994","05","04","14:00"," ","","","","","","","","","","","","","","","","","","",""
"1994-05-04 14:51","1994","05","04","14:51"," ","10,30","","-2,10","","42,00","","13,00","","20,00","","","","","M","","","","","ND"
"1994-05-04 15:00","1994","05","04","15:00"," ","","","","","","","","","","","","","","","","","","",""
"1994-05-04 15:51","1994","05","04","15:51"," ","8,60","","-2,80","","45,00","","13,00","","24,00","","","","","M","","","","","ND"
"1994-05-04 16:00","1994","05","04","16:00"," ","","","","","","","","","","","","","","","","","","",""
"1994-05-04 16:51","1994","05","04","16:51"," ","7,80","","-2,80","","47,00","","13,00","","26,00","","","","","M","","","","","ND"
"1994-05-04 17:00","1994","05","04","17:00"," ","","","","","","","","","","","","","","","","","","",""
"1994-05-04 17:51","1994","05","04","17:51"," ","5,60","","0,50","","70,00","","13,00","","22,00","","","","","M","","","","","ND"
"1994-05-04 18:00","1994","05","04","18:00"," ","","","","","","","","","","","","","","","","","","",""
"1994-05-04 18:51","1994","05","04","18:51"," ","6,80","","0,40","","64,00","","20,00","","7,00","","","","","M","","","","","ND"
"1994-05-04 19:00","1994","05","04","19:00"," ","","","","","","","","","","","","","","","","","","",""
"1994-05-04 19:51","1994","05","04","19:51"," ","5,60","","0,30","","69,00","","17,00","","17,00","","","","","M","","","","","ND"
"1994-05-04 20:00","1994","05","04","20:00"," ","","","","","","","","","","","","","","","","","","",""
"1994-05-04 20:51","1994","05","04","20:51"," ","4,60","","1,00","","77,00","","26,00","","2,00","","","","","M","","","","","ND"
"1994-05-04 21:00","1994","05","04","21:00"," ","","","","","","","","","","","","","","","","","","",""
"1994-05-04 21:51","1994","05","04","21:51"," ","3,60","","-0,30","","76,00","","11,00","","13,00","","","","","M","","","","","ND"
"1994-05-04 22:00","1994","05","04","22:00"," ","","","","","","","","","","","","","","","","","","",""
"1994-05-04 22:51","1994","05","04","22:51"," ","3,00","","-0,70","","77,00","","11,00","","17,00","","","","","M","","","","","ND"
"1994-05-04 23:00","1994","05","04","23:00"," ","","","","","","","","","","","","","","","","","","",""
"1994-05-04 23:51","1994","05","04","23:51"," ","2,70","","-0,40","","80,00","","12,00","","17,00","","","","","M","","","","","ND"
"1994-05-05 00:00","1994","05","05","00:00"," ","","","","","","","","","","","","","","","","","","",""
"1994-05-05 00:51","1994","05","05","00:51"," ","2,60","","-0,50","","80,00","","11,00","","9,00","","","","","M","","","","","ND"
"1994-05-05 01:00","1994","05","05","01:00"," ","","","","","","","","","","","","","","","","","","",""
"1994-05-05 01:51","1994","05","05","01:51"," ","3,00","","-0,90","","76,00","","10,00","","4,00","","","","","M","","","","","ND"
"1994-05-05 02:00","1994","05","05","02:00"," ","","","","","","","","","","","","","","","","","","",""
"1994-05-05 02:51","1994","05","05","02:51"," ","3,20","","-0,60","","76,00","","6,00","","7,00","","","","","M","","","","","ND"
"1994-05-05 03:00","1994","05","05","03:00"," ","","","","","","","","","","","","","","","","","","",""
"1994-05-05 03:51","1994","05","05","03:51"," ","3,00","","-1,50","","72,00","","35,00","","4,00","","","","","M","","","","","ND"
"1994-05-05 04:00","1994","05","05","04:00"," ","","","","","","","","","","","","","","","","","","",""
"1994-05-05 04:51","1994","05","05","04:51"," ","2,80","","-1,80","","72,00","","32,00","","2,00","","","","","M","","","","","ND"
"1994-05-05 05:00","1994","05","05","05:00"," ","","","","","","","","","","","","","","","","","","",""
"1994-05-05 05:51","1994","05","05","05:51"," ","2,20","","-1,80","","75,00","","0,00","","0,00","","","","","M","","","","","ND"
"1994-05-05 06:00","1994","05","05","06:00"," ","","","","","","","","","","","","","","","","","","",""
"1994-05-05 06:51","1994","05","05","06:51"," ","3,50","","-1,10","","72,00","","13,00","","11,00","","","","","M","","","","","ND"
"1994-05-05 07:00","1994","05","05","07:00"," ","","","","","","","","","","","","","","","","","","",""
"1994-05-05 07:51","1994","05","05","07:51"," ","3,50","","-1,00","","72,00","","26,00","","2,00","","","","","M","","","","","ND"
"1994-05-05 08:00","1994","05","05","08:00"," ","","","","","","","","","","","","","","","","","","",""
"1994-05-05 08:51","1994","05","05","08:51"," ","5,60","","-0,10","","67,00","","26,00","","2,00","","","","","M","","","","","ND"
"1994-05-05 09:00","1994","05","05","09:00"," ","","","","","","","","","","","","","","","","","","",""
"1994-05-05 09:51","1994","05","05","09:51"," ","8,70","","-0,10","","54,00","","21,00","","9,00","","","","","M","","","","","ND"
"1994-05-05 10:00","1994","05","05","10:00"," ","","","","","","","","","","","","","","","","","","",""
"1994-05-05 10:51","1994","05","05","10:51"," ","8,10","","-0,90","","53,00","","28,00","","4,00","","","","","M","","","","","ND"
"1994-05-05 11:00","1994","05","05","11:00"," ","","","","","","","","","","","","","","","","","","",""
"1994-05-05 11:51","1994","05","05","11:51"," ","7,60","","-1,10","","54,00","","33,00","","4,00","","","","","M","","","","","ND"
"1994-05-05 12:00","1994","05","05","12:00"," ","","","","","","","","","","","","","","","","","","",""
"1994-05-05 12:51","1994","05","05","12:51"," ","7,20","","-1,00","","56,00","","27,00","","9,00","","","","","M","","","","","ND"
"1994-05-05 13:00","1994","05","05","13:00"," ","","","","","","","","","","","","","","","","","","",""
"1994-05-05 13:51","1994","05","05","13:51"," ","8,60","","-0,30","","54,00","","27,00","","15,00","","","","","M","","","","","ND"
"1994-05-05 14:00","1994","05","05","14:00"," ","","","","","","","","","","","","","","","","","","",""
"1994-05-05 14:51","1994","05","05","14:51"," ","6,70","","-1,00","","58,00","","27,00","","2,00","","","","","M","","","","","ND"
"1994-05-05 15:00","1994","05","05","15:00"," ","","","","","","","","","","","","","","","","","","",""
"1994-05-05 15:51","1994","05","05","15:51"," ","8,20","","-0,30","","55,00","","7,00","","6,00","","","","","M","","","","","ND"
"1994-05-05 16:00","1994","05","05","16:00"," ","","","","","","","","","","","","","","","","","","",""
"1994-05-05 16:51","1994","05","05","16:51"," ","8,50","","-0,40","","53,00","","11,00","","9,00","","","","","M","","","","","ND"
"1994-05-05 17:00","1994","05","05","17:00"," ","","","","","","","","","","","","","","","","","","",""
"1994-05-05 17:51","1994","05","05","17:51"," ","9,00","","-0,20","","52,00","","11,00","","9,00","","","","","M","","","","","ND"
"1994-05-05 18:00","1994","05","05","18:00"," ","","","","","","","","","","","","","","","","","","",""
"1994-05-05 18:51","1994","05","05","18:51"," ","7,70","","0,30","","59,00","","13,00","","19,00","","","","","M","","","","","ND"
"1994-05-05 19:00","1994","05","05","19:00"," ","","","","","","","","","","","","","","","","","","",""
"1994-05-05 19:51","1994","05","05","19:51"," ","7,30","","0,00","","60,00","","13,00","","17,00","","","","","M","","","","","ND"
"1994-05-05 20:00","1994","05","05","20:00"," ","","","","","","","","","","","","","","","","","","",""
"1994-05-05 20:51","1994","05","05","20:51"," ","6,50","","-0,30","","62,00","","13,00","","20,00","","","","","M","","","","","ND"
"1994-05-05 21:00","1994","05","05","21:00"," ","","","","","","","","","","","","","","","","","","",""
"1994-05-05 21:51","1994","05","05","21:51"," ","4,50","","-1,00","","67,00","","11,00","","19,00","","","","","M","","","","","ND"
"1994-05-05 22:00","1994","05","05","22:00"," ","","","","","","","","","","","","","","","","","","",""
"1994-05-05 22:51","1994","05","05","22:51"," ","3,70","","-0,70","","73,00","","11,00","","22,00","","","","","M","","","","","ND"
"1994-05-05 23:00","1994","05","05","23:00"," ","","","","","","","","","","","","","","","","","","",""
"1994-05-05 23:51","1994","05","05","23:51"," ","3,60","","-0,60","","74,00","","13,00","","19,00","","","","","M","","","","","ND"
"1994-05-06 00:00","1994","05","06","00:00"," ","","","","","","","","","","","","","","","","","","",""
"1994-05-06 00:51","1994","05","06","00:51"," ","2,80","","-0,90","","77,00","","12,00","","19,00","","","","","M","","","","","ND"
"1994-05-06 01:00","1994","05","06","01:00"," ","","","","","","","","","","","","","","","","","","",""
"1994-05-06 01:51","1994","05","06","01:51"," ","4,00","","-0,20","","74,00","","11,00","","24,00","","","","","M","","","","","ND"
"1994-05-06 02:00","1994","05","06","02:00"," ","","","","","","","","","","","","","","","","","","",""
"1994-05-06 02:51","1994","05","06","02:51"," ","2,60","","-0,40","","81,00","","13,00","","22,00","","","","","M","","","","","ND"
"1994-05-06 03:00","1994","05","06","03:00"," ","","","","","","","","","","","","","","","","","","",""
"1994-05-06 03:51","1994","05","06","03:51"," ","1,80","","-0,20","","87,00","","12,00","","19,00","","","","","M","","","","","ND"
"1994-05-06 04:00","1994","05","06","04:00"," ","","","","","","","","","","","","","","","","","","",""
"1994-05-06 04:51","1994","05","06","04:51"," ","2,50","","0,30","","85,00","","10,00","","13,00","","","","","M","","","","","ND"
"1994-05-06 05:00","1994","05","06","05:00"," ","","","","","","","","","","","","","","","","","","",""
"1994-05-06 05:51","1994","05","06","05:51"," ","2,80","","0,40","","84,00","","14,00","","13,00","","","","","M","","","","","ND"
"1994-05-06 06:00","1994","05","06","06:00"," ","","","","","","","","","","","","","","","","","","",""
"1994-05-06 06:51","1994","05","06","06:51"," ","2,80","","0,70","","86,00","","11,00","","15,00","","","","","M","","","","","ND"
"1994-05-06 07:00","1994","05","06","07:00"," ","","","","","","","","","","","","","","","","","","",""
"1994-05-06 07:51","1994","05","06","07:51"," ","2,70","","0,80","","87,00","","12,00","","17,00","","","","","M","","","","","ND"
"1994-05-06 08:00","1994","05","06","08:00"," ","","","","","","","","","","","","","","","","","","",""
"1994-05-06 08:51","1994","05","06","08:51"," ","3,60","","1,40","","86,00","","13,00","","19,00","","","","","M","","","","","ND"
"1994-05-06 09:00","1994","05","06","09:00"," ","","","","","","","","","","","","","","","","","","",""
"1994-05-06 09:51","1994","05","06","09:51"," ","6,00","","1,90","","75,00","","14,00","","13,00","","","","","M","","","","","ND"
"1994-05-06 10:00","1994","05","06","10:00"," ","","","","","","","","","","","","","","","","","","",""
"1994-05-06 10:51","1994","05","06","10:51"," ","6,70","","1,90","","71,00","","12,00","","17,00","","","","","M","","","","","ND"
"1994-05-06 11:00","1994","05","06","11:00"," ","","","","","","","","","","","","","","","","","","",""
"1994-05-06 11:51","1994","05","06","11:51"," ","6,20","","1,80","","73,00","","13,00","","22,00","","","","","M","","","","","ND"
"1994-05-06 12:00","1994","05","06","12:00"," ","","","","","","","","","","","","","","","","","","",""
"1994-05-06 12:51","1994","05","06","12:51"," ","4,00","","1,40","","83,00","","5,00","","13,00","","","","","M","","","","","ND"
"1994-05-06 13:00","1994","05","06","13:00"," ","","","","","","","","","","","","","","","","","","",""
"1994-05-06 13:51","1994","05","06","13:51"," ","5,80","","2,90","","82,00","","13,00","","20,00","","","","","M","","","","","ND"
"1994-05-06 14:00","1994","05","06","14:00"," ","","","","","","","","","","","","","","","","","","",""
"1994-05-06 14:51","1994","05","06","14:51"," ","6,70","","1,70","","70,00","","12,00","","19,00","","","","","M","","","","","ND"
"1994-05-06 15:00","1994","05","06","15:00"," ","","","","","","","","","","","","","","","","","","",""
"1994-05-06 15:51","1994","05","06","15:51"," ","5,00","","1,10","","76,00","","13,00","","19,00","","","","","M","","","","","ND"
"1994-05-06 16:00","1994","05","06","16:00"," ","","","","","","","","","","","","","","","","","","",""
"1994-05-06 16:51","1994","05","06","16:51"," ","6,50","","1,80","","72,00","","13,00","","20,00","","","","","M","","","","","ND"
"1994-05-06 17:00","1994","05","06","17:00"," ","","","","","","","","","","","","","","","","","","",""
"1994-05-06 17:51","1994","05","06","17:51"," ","5,20","","1,20","","75,00","","13,00","","22,00","","","","","M","","","","","ND"
"1994-05-06 18:00","1994","05","06","18:00"," ","","","","","","","","","","","","","","","","","","",""
"1994-05-06 18:51","1994","05","06","18:51"," ","3,70","","1,00","","82,00","","13,00","","20,00","","","","","M","","","","","ND"
"1994-05-06 19:00","1994","05","06","19:00"," ","","","","","","","","","","","","","","","","","","",""
"1994-05-06 19:51","1994","05","06","19:51"," ","2,40","","0,90","","90,00","","12,00","","22,00","","","","","M","","","","","ND"
"1994-05-06 20:00","1994","05","06","20:00"," ","","","","","","","","","","","","","","","","","","",""
"1994-05-06 20:51","1994","05","06","20:51"," ","1,00","","0,70","","98,00","","12,00","","19,00","","","","","M","","","","","ND"
"1994-05-06 21:00","1994","05","06","21:00"," ","","","","","","","","","","","","","","","","","","",""
"1994-05-06 21:51","1994","05","06","21:51"," ","0,40","","0,00","","97,00","","12,00","","15,00","","","","","M","","","","","ND"
"1994-05-06 22:00","1994","05","06","22:00"," ","","","","","","","","","","","","","","","","","","",""
"1994-05-06 22:51","1994","05","06","22:51"," ","0,10","","-0,20","","98,00","","10,00","","11,00","","","","","M","","","","","ND"
"1994-05-06 23:00","1994","05","06","23:00"," ","","","","","","","","","","","","","","","","","","",""
"1994-05-06 23:51","1994","05","06","23:51"," ","-0,40","","-0,70","","98,00","","11,00","","15,00","","","","","M","","","-5,00","","ND"
"1994-05-07 00:00","1994","05","07","00:00"," ","","","","","","","","","","","","","","","","","","",""
"1994-05-07 00:51","1994","05","07","00:51"," ","-0,90","","-1,20","","98,00","","11,00","","15,00","","","","","M","","","-6,00","","ND"
"1994-05-07 01:00","1994","05","07","01:00"," ","","","","","","","","","","","","","","","","","","",""
"1994-05-07 01:51","1994","05","07","01:51"," ","-1,20","","-1,50","","98,00","","10,00","","11,00","","","","","M","","","-5,00","","ND"
"1994-05-07 02:00","1994","05","07","02:00"," ","","","","","","","","","","","","","","","","","","",""
"1994-05-07 02:51","1994","05","07","02:51"," ","-1,50","","-1,80","","98,00","","10,00","","13,00","","","","","M","","","-6,00","","ND"
"1994-05-07 03:00","1994","05","07","03:00"," ","","","","","","","","","","","","","","","","","","",""
"1994-05-07 03:51","1994","05","07","03:51"," ","-0,90","","-1,20","","98,00","","17,00","","4,00","","","","","M","","","-2,00","","ND"
"1994-05-07 04:00","1994","05","07","04:00"," ","","","","","","","","","","","","","","","","","","",""
"1994-05-07 04:51","1994","05","07","04:51"," ","-0,80","","-1,10","","98,00","","15,00","","4,00","","","","","M","","","-2,00","","ND"
"1994-05-07 05:00","1994","05","07","05:00"," ","","","","","","","","","","","","","","","","","","",""
"1994-05-07 05:51","1994","05","07","05:51"," ","-0,90","","-1,20","","98,00","","21,00","","6,00","","","","","M","","","-3,00","","ND"
"1994-05-07 06:00","1994","05","07","06:00"," ","","","","","","","","","","","","","","","","","","",""
"1994-05-07 06:51","1994","05","07","06:51"," ","-0,60","","-1,00","","97,00","","25,00","","9,00","","","","","M","","","-4,00","","ND"
"1994-05-07 07:00","1994","05","07","07:00"," ","","","","","","","","","","","","","","","","","","",""
"1994-05-07 07:51","1994","05","07","07:51"," ","-0,40","","-0,70","","98,00","","23,00","","6,00","","","","","M","","","-2,00","","ND"
"1994-05-07 08:00","1994","05","07","08:00"," ","","","","","","","","","","","","","","","","","","",""
"1994-05-07 08:51","1994","05","07","08:51"," ","1,00","","0,70","","98,00","","18,00","","4,00","","","","","M","","","","","ND"
"1994-05-07 09:00","1994","05","07","09:00"," ","","","","","","","","","","","","","","","","","","",""
"1994-05-07 09:51","1994","05","07","09:51"," ","0,80","","0,40","","97,00","","22,00","","4,00","","","","","M","","","","","ND"
"1994-05-07 10:00","1994","05","07","10:00"," ","","","","","","","","","","","","","","","","","","",""
"1994-05-07 10:51","1994","05","07","10:51"," ","1,00","","0,70","","98,00","","0,00","","0,00","","","","","M","","","","","ND"
"1994-05-07 11:00","1994","05","07","11:00"," ","","","","","","","","","","","","","","","","","","",""
"1994-05-07 11:51","1994","05","07","11:51"," ","1,20","","0,80","","97,00","","5,00","","4,00","","","","","M","","","","","ND"
"1994-05-07 12:00","1994","05","07","12:00"," ","","","","","","","","","","","","","","","","","","",""
"1994-05-07 12:51","1994","05","07","12:51"," ","2,10","","1,80","","98,00","","7,00","","2,00","","","","","M","","","","","ND"
"1994-05-07 13:00","1994","05","07","13:00"," ","","","","","","","","","","","","","","","","","","",""
"1994-05-07 13:51","1994","05","07","13:51"," ","3,60","","3,40","","99,00","","16,00","","4,00","","","","","M","","","","","ND"
"1994-05-07 14:00","1994","05","07","14:00"," ","","","","","","","","","","","","","","","","","","",""
"1994-05-07 14:51","1994","05","07","14:51"," ","3,50","","3,00","","97,00","","32,00","","4,00","","","","","M","","","","","ND"
"1994-05-07 15:00","1994","05","07","15:00"," ","","","","","","","","","","","","","","","","","","",""
"1994-05-07 15:51","1994","05","07","15:51"," ","1,30","","0,90","","97,00","","30,00","","28,00","","","","","M","","","","","ND"
"1994-05-07 16:00","1994","05","07","16:00"," ","","","","","","","","","","","","","","","","","","",""
"1994-05-07 16:51","1994","05","07","16:51"," ","3,50","","3,00","","97,00","","16,00","","4,00","","","","","M","","","","","ND"
"1994-05-07 17:00","1994","05","07","17:00"," ","","","","","","","","","","","","","","","","","","",""
"1994-05-07 17:51","1994","05","07","17:51"," ","3,30","","3,00","","98,00","","15,00","","6,00","","","","","M","","","","","ND"
"1994-05-07 18:00","1994","05","07","18:00"," ","","","","","","","","","","","","","","","","","","",""
"1994-05-07 18:51","1994","05","07","18:51"," ","3,20","","2,90","","98,00","","24,00","","7,00","","","","","M","","","","","ND"
"1994-05-07 19:00","1994","05","07","19:00"," ","","","","","","","","","","","","","","","","","","",""
"1994-05-07 19:51","1994","05","07","19:51"," ","3,70","","3,50","","99,00","","21,00","","6,00","","","","","M","","","","","ND"
"1994-05-07 20:00","1994","05","07","20:00"," ","","","","","","","","","","","","","","","","","","",""
"1994-05-07 20:51","1994","05","07","20:51"," ","1,80","","1,40","","97,00","","11,00","","7,00","","","","","M","","","","","ND"
"1994-05-07 21:00","1994","05","07","21:00"," ","","","","","","","","","","","","","","","","","","",""
"1994-05-07 21:51","1994","05","07","21:51"," ","-0,10","","-0,40","","98,00","","12,00","","24,00","","","","","M","","","-6,00","","ND"
"1994-05-07 22:00","1994","05","07","22:00"," ","","","","","","","","","","","","","","","","","","",""
"1994-05-07 22:51","1994","05","07","22:51"," ","-0,50","","-0,80","","98,00","","12,00","","22,00","","","","","M","","","-6,00","","ND"
"1994-05-07 23:00","1994","05","07","23:00"," ","","","","","","","","","","","","","","","","","","",""
"1994-05-07 23:51","1994","05","07","23:51"," ","-1,20","","-1,50","","98,00","","12,00","","20,00","","","","","M","","","-7,00","","ND"
"1994-05-08 00:00","1994","05","08","00:00"," ","","","","","","","","","","","","","","","","","","",""
"1994-05-08 00:51","1994","05","08","00:51"," ","-1,50","","-1,90","","97,00","","12,00","","19,00","","","","","M","","","-7,00","","ND"
"1994-05-08 01:00","1994","05","08","01:00"," ","","","","","","","","","","","","","","","","","","",""
"1994-05-08 01:51","1994","05","08","01:51"," ","-1,80","","-2,20","","97,00","","12,00","","17,00","","","","","M","","","-7,00","","ND"
"1994-05-08 02:00","1994","05","08","02:00"," ","","","","","","","","","","","","","","","","","","",""
"1994-05-08 02:51","1994","05","08","02:51"," ","-2,00","","-2,40","","97,00","","11,00","","19,00","","","","","M","","","-8,00","","ND"
"1994-05-08 03:00","1994","05","08","03:00"," ","","","","","","","","","","","","","","","","","","",""
"1994-05-08 03:51","1994","05","08","03:51"," ","-2,40","","-2,70","","98,00","","11,00","","15,00","","","","","M","","","-7,00","","ND"
"1994-05-08 04:00","1994","05","08","04:00"," ","","","","","","","","","","","","","","","","","","",""
"1994-05-08 04:51","1994","05","08","04:51"," ","-2,50","","-2,80","","98,00","","12,00","","20,00","","","","","M","","","-8,00","","ND"
"1994-05-08 05:00","1994","05","08","05:00"," ","","","","","","","","","","","","","","","","","","",""
"1994-05-08 05:51","1994","05","08","05:51"," ","-2,60","","-3,00","","97,00","","12,00","","20,00","","","","","M","","","-9,00","","ND"
"1994-05-08 06:00","1994","05","08","06:00"," ","","","","","","","","","","","","","","","","","","",""
"1994-05-08 06:51","1994","05","08","06:51"," ","-2,50","","-2,90","","97,00","","12,00","","19,00","","","","","M","","","-8,00","","ND"
"1994-05-08 07:00","1994","05","08","07:00"," ","","","","","","","","","","","","","","","","","","",""
"1994-05-08 07:51","1994","05","08","07:51"," ","-2,20","","-2,90","","95,00","","12,00","","22,00","","","","","M","","","-8,00","","ND"
"1994-05-08 08:00","1994","05","08","08:00"," ","","","","","","","","","","","","","","","","","","",""
"1994-05-08 08:51","1994","05","08","08:51"," ","-1,80","","-2,70","","94,00","","12,00","","22,00","","","","","M","","","-8,00","","ND"
"1994-05-08 09:00","1994","05","08","09:00"," ","","","","","","","","","","","","","","","","","","",""
"1994-05-08 09:51","1994","05","08","09:51"," ","-0,10","","-1,20","","92,00","","12,00","","19,00","","","","","M","","","-5,00","","ND"
"1994-05-08 10:00","1994","05","08","10:00"," ","","","","","","","","","","","","","","","","","","",""
"1994-05-08 10:51","1994","05","08","10:51"," ","0,00","","-1,30","","91,00","","12,00","","26,00","","","","","M","","","-6,00","","ND"
"1994-05-08 11:00","1994","05","08","11:00"," ","","","","","","","","","","","","","","","","","","",""
"1994-05-08 11:51","1994","05","08","11:51"," ","0,40","","-0,90","","91,00","","12,00","","26,00","","","","","M","","","","","ND"
"1994-05-08 12:00","1994","05","08","12:00"," ","","","","","","","","","","","","","","","","","","",""
"1994-05-08 12:51","1994","05","08","12:51"," ","0,60","","-0,60","","92,00","","13,00","","35,00","","","","","M","","","","","ND"
"1994-05-08 13:00","1994","05","08","13:00"," ","","","","","","","","","","","","","","","","","","",""
"1994-05-08 13:51","1994","05","08","13:51"," ","1,30","","0,00","","91,00","","13,00","","30,00","","","","","M","","","","","ND"
"1994-05-08 14:00","1994","05","08","14:00"," ","","","","","","","","","","","","","","","","","","",""
"1994-05-08 14:51","1994","05","08","14:51"," ","1,60","","-0,20","","88,00","","13,00","","35,00","","","","","M","","","","","ND"
"1994-05-08 15:00","1994","05","08","15:00"," ","","","","","","","","","","","","","","","","","","",""
"1994-05-08 15:51","1994","05","08","15:51"," ","2,40","","-0,30","","82,00","","12,00","","28,00","","","","","M","","","","","ND"
"1994-05-08 16:00","1994","05","08","16:00"," ","","","","","","","","","","","","","","","","","","",""
"1994-05-08 16:51","1994","05","08","16:51"," ","2,10","","-0,50","","83,00","","13,00","","13,00","","","","","M","","","","","ND"
"1994-05-08 17:00","1994","05","08","17:00"," ","","","","","","","","","","","","","","","","","","",""
"1994-05-08 17:51","1994","05","08","17:51"," ","0,60","","-1,30","","87,00","","14,00","","19,00","","","","","M","","","","","ND"
"1994-05-08 18:00","1994","05","08","18:00"," ","","","","","","","","","","","","","","","","","","",""
"1994-05-08 18:51","1994","05","08","18:51"," ","-0,10","","-2,00","","87,00","","9,00","","24,00","","","","","M","","","-6,00","","ND"
"1994-05-08 19:00","1994","05","08","19:00"," ","","","","","","","","","","","","","","","","","","",""
"1994-05-08 19:51","1994","05","08","19:51"," ","-1,20","","-2,60","","90,00","","11,00","","33,00","","","","","M","","","-8,00","","ND"
"1994-05-08 20:00","1994","05","08","20:00"," ","","","","","","","","","","","","","","","","","","",""
"1994-05-08 20:51","1994","05","08","20:51"," ","-1,30","","-2,70","","90,00","","10,00","","41,00","","","","","M","","","-9,00","","ND"
"1994-05-08 21:00","1994","05","08","21:00"," ","","","","","","","","","","","","","","","","","","",""
"1994-05-08 21:51","1994","05","08","21:51"," ","-1,30","","-2,50","","92,00","","9,00","","35,00","","","","","M","","","-9,00","","ND"
"1994-05-08 22:00","1994","05","08","22:00"," ","","","","","","","","","","","","","","","","","","",""
"1994-05-08 22:51","1994","05","08","22:51"," ","-0,60","","-1,70","","92,00","","8,00","","30,00","","","","","M","","","-7,00","","ND"
"1994-05-08 23:00","1994","05","08","23:00"," ","","","","","","","","","","","","","","","","","","",""
"1994-05-08 23:51","1994","05","08","23:51"," ","-1,60","","-2,80","","92,00","","8,00","","37,00","","","","","M","","","-9,00","","ND"
"1994-05-09 00:00","1994","05","09","00:00"," ","","","","","","","","","","","","","","","","","","",""
"1994-05-09 00:51","1994","05","09","00:51"," ","-1,50","","-2,60","","92,00","","6,00","","22,00","","","","","M","","","-7,00","","ND"
"1994-05-09 01:00","1994","05","09","01:00"," ","","","","","","","","","","","","","","","","","","",""
"1994-05-09 01:51","1994","05","09","01:51"," ","-1,60","","-2,80","","92,00","","2,00","","13,00","","","","","M","","","-6,00","","ND"
"1994-05-09 02:00","1994","05","09","02:00"," ","","","","","","","","","","","","","","","","","","",""
"1994-05-09 02:51","1994","05","09","02:51"," ","-1,50","","-2,90","","90,00","","4,00","","20,00","","","","","M","","","-7,00","","ND"
"1994-05-09 03:00","1994","05","09","03:00"," ","","","","","","","","","","","","","","","","","","",""
"1994-05-09 03:51","1994","05","09","03:51"," ","-1,80","","-3,10","","91,00","","8,00","","11,00","","","","","M","","","-6,00","","ND"
"1994-05-09 04:00","1994","05","09","04:00"," ","","","","","","","","","","","","","","","","","","",""
"1994-05-09 04:51","1994","05","09","04:51"," ","-1,50","","-2,80","","91,00","","7,00","","13,00","","","","","M","","","-6,00","","ND"
"1994-05-09 05:00","1994","05","09","05:00"," ","","","","","","","","","","","","","","","","","","",""
"1994-05-09 05:51","1994","05","09","05:51"," ","-0,80","","-2,40","","89,00","","21,00","","6,00","","","","","M","","","-3,00","","ND"
"1994-05-09 06:00","1994","05","09","06:00"," ","","","","","","","","","","","","","","","","","","",""
"1994-05-09 06:51","1994","05","09","06:51"," ","-0,30","","-2,50","","85,00","","7,00","","28,00","","","","","M","","","-7,00","","ND"
"1994-05-09 07:00","1994","05","09","07:00"," ","","","","","","","","","","","","","","","","","","",""
"1994-05-09 07:51","1994","05","09","07:51"," ","-0,30","","-2,30","","86,00","","8,00","","32,00","","","","","M","","","-7,00","","ND"
"1994-05-09 08:00","1994","05","09","08:00"," ","","","","","","","","","","","","","","","","","","",""
"1994-05-09 08:51","1994","05","09","08:51"," ","0,00","","-2,40","","84,00","","9,00","","20,00","","","","","M","","","-5,00","","ND"
"1994-05-09 09:00","1994","05","09","09:00"," ","","","","","","","","","","","","","","","","","","",""
"1994-05-09 09:51","1994","05","09","09:51"," ","0,30","","-2,20","","83,00","","8,00","","44,00","","","","","M","","","","","ND"
"1994-05-09 10:00","1994","05","09","10:00"," ","","","","","","","","","","","","","","","","","","",""
"1994-05-09 10:51","1994","05","09","10:51"," ","0,30","","-2,20","","83,00","","7,00","","43,00","","","","","M","","","","","ND"
"1994-05-09 11:00","1994","05","09","11:00"," ","","","","","","","","","","","","","","","","","","",""
"1994-05-09 11:51","1994","05","09","11:51"," ","0,30","","-2,20","","83,00","","8,00","","32,00","","","","","M","","","","","ND"
"1994-05-09 12:00","1994","05","09","12:00"," ","","","","","","","","","","","","","","","","","","",""
"1994-05-09 12:51","1994","05","09","12:51"," ","1,00","","-1,60","","83,00","","9,00","","15,00","","","","","M","","","","","ND"
"1994-05-09 13:00","1994","05","09","13:00"," ","","","","","","","","","","","","","","","","","","",""
"1994-05-09 13:51","1994","05","09","13:51"," ","1,20","","-1,70","","81,00","","8,00","","32,00","","","","","M","","","","","ND"
"1994-05-09 14:00","1994","05","09","14:00"," ","","","","","","","","","","","","","","","","","","",""
"1994-05-09 14:51","1994","05","09","14:51"," ","1,00","","-1,80","","82,00","","7,00","","41,00","","","","","M","","","","","ND"
"1994-05-09 15:00","1994","05","09","15:00"," ","","","","","","","","","","","","","","","","","","",""
"1994-05-09 15:51","1994","05","09","15:51"," ","0,60","","-1,80","","84,00","","8,00","","32,00","","","","","M","","","","","ND"
"1994-05-09 16:00","1994","05","09","16:00"," ","","","","","","","","","","","","","","","","","","",""
"1994-05-09 16:51","1994","05","09","16:51"," ","1,20","","-1,70","","81,00","","11,00","","17,00","","","","","M","","","","","ND"
"1994-05-09 17:00","1994","05","09","17:00"," ","","","","","","","","","","","","","","","","","","",""
"1994-05-09 17:51","1994","05","09","17:51"," ","1,20","","-1,80","","80,00","","10,00","","22,00","","","","","M","","","","","ND"
"1994-05-09 18:00","1994","05","09","18:00"," ","","","","","","","","","","","","","","","","","","",""
"1994-05-09 18:51","1994","05","09","18:51"," ","1,00","","-1,90","","81,00","","10,00","","32,00","","","","","M","","","","","ND"
"1994-05-09 19:00","1994","05","09","19:00"," ","","","","","","","","","","","","","","","","","","",""
"1994-05-09 19:51","1994","05","09","19:51"," ","0,30","","-2,10","","84,00","","11,00","","32,00","","","","","M","","","","","ND"
"1994-05-09 20:00","1994","05","09","20:00"," ","","","","","","","","","","","","","","","","","","",""
"1994-05-09 20:51","1994","05","09","20:51"," ","-0,30","","-1,90","","89,00","","11,00","","32,00","","","","","M","","","-7,00","","ND"
"1994-05-09 21:00","1994","05","09","21:00"," ","","","","","","","","","","","","","","","","","","",""
"1994-05-09 21:51","1994","05","09","21:51"," ","-0,50","","-2,20","","88,00","","10,00","","28,00","","","","","M","","","-7,00","","ND"
"1994-05-09 22:00","1994","05","09","22:00"," ","","","","","","","","","","","","","","","","","","",""
"1994-05-09 22:51","1994","05","09","22:51"," ","-0,60","","-2,30","","88,00","","9,00","","19,00","","","","","M","","","-6,00","","ND"
"1994-05-09 23:00","1994","05","09","23:00"," ","","","","","","","","","","","","","","","","","","",""
"1994-05-09 23:51","1994","05","09","23:51"," ","-0,40","","-2,30","","87,00","","10,00","","15,00","","","","","M","","","-5,00","","ND"
"1994-05-10 00:00","1994","05","10","00:00"," ","","","","","","","","","","","","","","","","","","",""
"1994-05-10 00:51","1994","05","10","00:51"," ","0,00","","-2,20","","85,00","","7,00","","15,00","","","","","M","","","-4,00","","ND"
"1994-05-10 01:00","1994","05","10","01:00"," ","","","","","","","","","","","","","","","","","","",""
"1994-05-10 01:51","1994","05","10","01:51"," ","-0,10","","-2,10","","86,00","","0,00","","0,00","","","","","M","","","","","ND"
"1994-05-10 02:00","1994","05","10","02:00"," ","","","","","","","","","","","","","","","","","","",""
"1994-05-10 02:51","1994","05","10","02:51"," ","-0,60","","-2,30","","88,00","","3,00","","7,00","","","","","M","","","-3,00","","ND"
"1994-05-10 03:00","1994","05","10","03:00"," ","","","","","","","","","","","","","","","","","","",""
"1994-05-10 03:51","1994","05","10","03:51"," ","-1,50","","-2,60","","92,00","","12,00","","19,00","","","","","M","","","-7,00","","ND"
"1994-05-10 04:00","1994","05","10","04:00"," ","","","","","","","","","","","","","","","","","","",""
"1994-05-10 04:51","1994","05","10","04:51"," ","-1,80","","-2,90","","92,00","","11,00","","15,00","","","","","M","","","-7,00","","ND"
"1994-05-10 05:00","1994","05","10","05:00"," ","","","","","","","","","","","","","","","","","","",""
"1994-05-10 05:51","1994","05","10","05:51"," ","-0,60","","-2,00","","90,00","","12,00","","20,00","","","","","M","","","-6,00","","ND"
"1994-05-10 06:00","1994","05","10","06:00"," ","","","","","","","","","","","","","","","","","","",""
"1994-05-10 06:51","1994","05","10","06:51"," ","-0,10","","-2,10","","86,00","","12,00","","24,00","","","","","M","","","-6,00","","ND"
"1994-05-10 07:00","1994","05","10","07:00"," ","","","","","","","","","","","","","","","","","","",""
"1994-05-10 07:51","1994","05","10","07:51"," ","0,10","","-2,10","","85,00","","12,00","","22,00","","","","","M","","","","","ND"
"1994-05-10 08:00","1994","05","10","08:00"," ","","","","","","","","","","","","","","","","","","",""
"1994-05-10 08:51","1994","05","10","08:51"," ","0,50","","-1,90","","84,00","","12,00","","22,00","","","","","M","","","","","ND"
"1994-05-10 09:00","1994","05","10","09:00"," ","","","","","","","","","","","","","","","","","","",""
"1994-05-10 09:51","1994","05","10","09:51"," ","1,50","","-1,40","","81,00","","12,00","","17,00","","","","","M","","","","","ND"
"1994-05-10 10:00","1994","05","10","10:00"," ","","","","","","","","","","","","","","","","","","",""
"1994-05-10 10:51","1994","05","10","10:51"," ","2,20","","-0,70","","81,00","","12,00","","15,00","","","","","M","","","","","ND"
"1994-05-10 11:00","1994","05","10","11:00"," ","","","","","","","","","","","","","","","","","","",""
"1994-05-10 11:51","1994","05","10","11:51"," ","2,80","","-0,50","","79,00","","12,00","","17,00","","","","","M","","","","","ND"
"1994-05-10 12:00","1994","05","10","12:00"," ","","","","","","","","","","","","","","","","","","",""
"1994-05-10 12:51","1994","05","10","12:51"," ","2,80","","-0,70","","78,00","","12,00","","11,00","","","","","M","","","","","ND"
"1994-05-10 13:00","1994","05","10","13:00"," ","","","","","","","","","","","","","","","","","","",""
"1994-05-10 13:51","1994","05","10","13:51"," ","3,70","","-0,30","","75,00","","12,00","","15,00","","","","","M","","","","","ND"
"1994-05-10 14:00","1994","05","10","14:00"," ","","","","","","","","","","","","","","","","","","",""
"1994-05-10 14:51","1994","05","10","14:51"," ","5,20","","0,50","","72,00","","14,00","","19,00","","","","","M","","","","","ND"
"1994-05-10 15:00","1994","05","10","15:00"," ","","","","","","","","","","","","","","","","","","",""
"1994-05-10 15:51","1994","05","10","15:51"," ","6,00","","0,70","","69,00","","12,00","","19,00","","","","","M","","","","","ND"
"1994-05-10 16:00","1994","05","10","16:00"," ","","","","","","","","","","","","","","","","","","",""
"1994-05-10 16:51","1994","05","10","16:51"," ","5,50","","0,60","","71,00","","13,00","","24,00","","","","","M","","","","","ND"
"1994-05-10 17:00","1994","05","10","17:00"," ","","","","","","","","","","","","","","","","","","",""
"1994-05-10 17:51","1994","05","10","17:51"," ","5,80","","0,80","","70,00","","13,00","","24,00","","","","","M","","","","","ND"
"1994-05-10 18:00","1994","05","10","18:00"," ","","","","","","","","","","","","","","","","","","",""
"1994-05-10 18:51","1994","05","10","18:51"," ","5,00","","0,50","","73,00","","13,00","","26,00","","","","","M","","","","","ND"
"1994-05-10 19:00","1994","05","10","19:00"," ","","","","","","","","","","","","","","","","","","",""
"1994-05-10 19:51","1994","05","10","19:51"," ","4,50","","0,10","","73,00","","12,00","","24,00","","","","","M","","","","","ND"
"1994-05-10 20:00","1994","05","10","20:00"," ","","","","","","","","","","","","","","","","","","",""
"1994-05-10 20:51","1994","05","10","20:51"," ","4,00","","-0,10","","75,00","","12,00","","20,00","","","","","M","","","","","ND"
"1994-05-10 21:00","1994","05","10","21:00"," ","","","","","","","","","","","","","","","","","","",""
"1994-05-10 21:51","1994","05","10","21:51"," ","2,10","","-1,20","","79,00","","12,00","","22,00","","","","","M","","","","","ND"
"1994-05-10 22:00","1994","05","10","22:00"," ","","","","","","","","","","","","","","","","","","",""
"1994-05-10 22:51","1994","05","10","22:51"," ","1,80","","-1,40","","79,00","","11,00","","26,00","","","","","M","","","","","ND"
"1994-05-10 23:00","1994","05","10","23:00"," ","","","","","","","","","","","","","","","","","","",""
"1994-05-10 23:51","1994","05","10","23:51"," ","1,80","","-1,60","","78,00","","11,00","","19,00","","","","","M","","","","","ND"
"1994-05-11 00:00","1994","05","11","00:00"," ","","","","","","","","","","","","","","","","","","",""
"1994-05-11 00:51","1994","05","11","00:51"," ","1,80","","-1,50","","79,00","","10,00","","20,00","","","","","M","","","","","ND"
"1994-05-11 01:00","1994","05","11","01:00"," ","","","","","","","","","","","","","","","","","","",""
"1994-05-11 01:51","1994","05","11","01:51"," ","1,50","","-1,80","","79,00","","11,00","","19,00","","","","","M","","","","","ND"
"1994-05-11 02:00","1994","05","11","02:00"," ","","","","","","","","","","","","","","","","","","",""
"1994-05-11 02:51","1994","05","11","02:51"," ","1,30","","-2,00","","79,00","","10,00","","11,00","","","","","M","","","","","ND"
"1994-05-11 03:00","1994","05","11","03:00"," ","","","","","","","","","","","","","","","","","","",""
"1994-05-11 03:51","1994","05","11","03:51"," ","1,20","","-1,90","","80,00","","11,00","","6,00","","","","","M","","","","","ND"
"1994-05-11 04:00","1994","05","11","04:00"," ","","","","","","","","","","","","","","","","","","",""
"1994-05-11 04:51","1994","05","11","04:51"," ","1,50","","-1,90","","78,00","","11,00","","26,00","","","","","M","","","","","ND"
"1994-05-11 05:00","1994","05","11","05:00"," ","","","","","","","","","","","","","","","","","","",""
"1994-05-11 05:51","1994","05","11","05:51"," ","1,50","","-1,90","","78,00","","10,00","","28,00","","","","","M","","","","","ND"
"1994-05-11 06:00","1994","05","11","06:00"," ","","","","","","","","","","","","","","","","","","",""
"1994-05-11 06:51","1994","05","11","06:51"," ","1,20","","-2,60","","76,00","","12,00","","26,00","","","","","M","","","","","ND"
"1994-05-11 07:00","1994","05","11","07:00"," ","","","","","","","","","","","","","","","","","","",""
"1994-05-11 07:51","1994","05","11","07:51"," ","2,00","","-2,80","","70,00","","12,00","","28,00","","","","","M","","","","","ND"
"1994-05-11 08:00","1994","05","11","08:00"," ","","","","","","","","","","","","","","","","","","",""
"1994-05-11 08:51","1994","05","11","08:51"," ","1,80","","-2,90","","71,00","","11,00","","33,00","","","","","M","","","","","ND"
"1994-05-11 09:00","1994","05","11","09:00"," ","","","","","","","","","","","","","","","","","","",""
"1994-05-11 09:51","1994","05","11","09:51"," ","1,80","","-2,80","","71,00","","11,00","","39,00","","","","","M","","","","","ND"
"1994-05-11 10:00","1994","05","11","10:00"," ","","","","","","","","","","","","","","","","","","",""
"1994-05-11 10:51","1994","05","11","10:51"," ","2,50","","-1,70","","74,00","","11,00","","32,00","","","","","M","","","","","ND"
"1994-05-11 11:00","1994","05","11","11:00"," ","","","","","","","","","","","","","","","","","","",""
"1994-05-11 11:51","1994","05","11","11:51"," ","3,20","","-1,40","","72,00","","11,00","","28,00","","","","","M","","","","","ND"
"1994-05-11 12:00","1994","05","11","12:00"," ","","","","","","","","","","","","","","","","","","",""
"1994-05-11 12:51","1994","05","11","12:51"," ","3,00","","-2,00","","70,00","","10,00","","33,00","","","","","M","","","","","ND"
"1994-05-11 13:00","1994","05","11","13:00"," ","","","","","","","","","","","","","","","","","","",""
"1994-05-11 13:51","1994","05","11","13:51"," ","3,30","","-1,70","","70,00","","10,00","","22,00","","","","","M","","","","","ND"
"1994-05-11 14:00","1994","05","11","14:00"," ","","","","","","","","","","","","","","","","","","",""
"1994-05-11 14:51","1994","05","11","14:51"," ","3,20","","-1,80","","70,00","","11,00","","24,00","","","","","M","","","","","ND"
"1994-05-11 15:00","1994","05","11","15:00"," ","","","","","","","","","","","","","","","","","","",""
"1994-05-11 15:51","1994","05","11","15:51"," ","4,10","","-1,30","","68,00","","11,00","","37,00","","","","","M","","","","","ND"
"1994-05-11 16:00","1994","05","11","16:00"," ","","","","","","","","","","","","","","","","","","",""
"1994-05-11 16:51","1994","05","11","16:51"," ","3,70","","-1,30","","70,00","","10,00","","43,00","","","","","M","","","","","ND"
"1994-05-11 17:00","1994","05","11","17:00"," ","","","","","","","","","","","","","","","","","","",""
"1994-05-11 17:51","1994","05","11","17:51"," ","3,10","","-1,10","","74,00","","10,00","","39,00","","","","","M","","","","","ND"
"1994-05-11 18:00","1994","05","11","18:00"," ","","","","","","","","","","","","","","","","","","",""
"1994-05-11 18:51","1994","05","11","18:51"," ","2,10","","-2,10","","74,00","","9,00","","41,00","","","","","M","","","","","ND"
"1994-05-11 19:00","1994","05","11","19:00"," ","","","","","","","","","","","","","","","","","","",""
"1994-05-11 19:51","1994","05","11","19:51"," ","2,50","","-1,40","","75,00","","8,00","","41,00","","","","","M","","","","","ND"
"1994-05-11 20:00","1994","05","11","20:00"," ","","","","","","","","","","","","","","","","","","",""
"1994-05-11 20:51","1994","05","11","20:51"," ","2,20","","-1,60","","76,00","","9,00","","33,00","","","","","M","","","","","ND"
"1994-05-11 21:00","1994","05","11","21:00"," ","","","","","","","","","","","","","","","","","","",""
"1994-05-11 21:51","1994","05","11","21:51"," ","1,50","","-2,10","","77,00","","7,00","","32,00","","","","","M","","","","","ND"
"1994-05-11 22:00","1994","05","11","22:00"," ","","","","","","","","","","","","","","","","","","",""
"1994-05-11 22:51","1994","05","11","22:51"," ","0,60","","-2,70","","79,00","","8,00","","28,00","","","","","M","","","","","ND"
"1994-05-11 23:00","1994","05","11","23:00"," ","","","","","","","","","","","","","","","","","","",""
"1994-05-11 23:51","1994","05","11","23:51"," ","-0,20","","-3,20","","80,00","","23,00","","6,00","","","","","M","","","-2,00","","ND"
"1994-05-12 00:00","1994","05","12","00:00"," ","","","","","","","","","","","","","","","","","","",""
"1994-05-12 00:51","1994","05","12","00:51"," ","-1,00","","-3,00","","86,00","","15,00","","7,00","","","","","M","","","-4,00","","ND"
"1994-05-12 01:00","1994","05","12","01:00"," ","","","","","","","","","","","","","","","","","","",""
"1994-05-12 01:51","1994","05","12","01:51"," ","-0,80","","-2,80","","86,00","","14,00","","7,00","","","","","M","","","-3,00","","ND"
"1994-05-12 02:00","1994","05","12","02:00"," ","","","","","","","","","","","","","","","","","","",""
"1994-05-12 02:51","1994","05","12","02:51"," ","-0,50","","-2,90","","84,00","","7,00","","13,00","","","","","M","","","-5,00","","ND"
"1994-05-12 03:00","1994","05","12","03:00"," ","","","","","","","","","","","","","","","","","","",""
"1994-05-12 03:51","1994","05","12","03:51"," ","-1,20","","-3,00","","88,00","","7,00","","22,00","","","","","M","","","-7,00","","ND"
"1994-05-12 04:00","1994","05","12","04:00"," ","","","","","","","","","","","","","","","","","","",""
"1994-05-12 04:51","1994","05","12","04:51"," ","-1,80","","-3,00","","91,00","","31,00","","15,00","","","","","M","","","-7,00","","ND"
"1994-05-12 05:00","1994","05","12","05:00"," ","","","","","","","","","","","","","","","","","","",""
"1994-05-12 05:51","1994","05","12","05:51"," ","-2,80","","-3,90","","92,00","","22,00","","6,00","","","","","M","","","-5,00","","ND"
"1994-05-12 06:00","1994","05","12","06:00"," ","","","","","","","","","","","","","","","","","","",""
"1994-05-12 06:51","1994","05","12","06:51"," ","-3,00","","-4,10","","92,00","","3,00","","9,00","","","","","M","","","-7,00","","ND"
"1994-05-12 07:00","1994","05","12","07:00"," ","","","","","","","","","","","","","","","","","","",""
"1994-05-12 07:51","1994","05","12","07:51"," ","-3,00","","-3,90","","93,00","","18,00","","4,00","","","","","M","","","-5,00","","ND"
"1994-05-12 08:00","1994","05","12","08:00"," ","","","","","","","","","","","","","","","","","","",""
"1994-05-12 08:51","1994","05","12","08:51"," ","-3,30","","-4,40","","92,00","","7,00","","26,00","","","","","M","","","-10,00","","ND"
"1994-05-12 09:00","1994","05","12","09:00"," ","","","","","","","","","","","","","","","","","","",""
"1994-05-12 09:51","1994","05","12","09:51"," ","-3,00","","-4,10","","92,00","","9,00","","32,00","","","","","M","","","-11,00","","ND"
"1994-05-12 10:00","1994","05","12","10:00"," ","","","","","","","","","","","","","","","","","","",""
"1994-05-12 10:51","1994","05","12","10:51"," ","-3,30","","-4,50","","91,00","","9,00","","35,00","","","","","M","","","-11,00","","ND"
"1994-05-12 11:00","1994","05","12","11:00"," ","","","","","","","","","","","","","","","","","","",""
"1994-05-12 11:51","1994","05","12","11:51"," ","-3,10","","-4,30","","91,00","","9,00","","28,00","","","","","M","","","-10,00","","ND"
"1994-05-12 12:00","1994","05","12","12:00"," ","","","","","","","","","","","","","","","","","","",""
"1994-05-12 12:51","1994","05","12","12:51"," ","-2,80","","-4,30","","89,00","","13,00","","17,00","","","","","M","","","-8,00","","ND"
"1994-05-12 13:00","1994","05","12","13:00"," ","","","","","","","","","","","","","","","","","","",""
"1994-05-12 13:51","1994","05","12","13:51"," ","-3,00","","-4,60","","89,00","","9,00","","9,00","","","","","M","","","-7,00","","ND"
"1994-05-12 14:00","1994","05","12","14:00"," ","","","","","","","","","","","","","","","","","","",""
"1994-05-12 14:51","1994","05","12","14:51"," ","-4,50","","-6,20","","88,00","","15,00","","20,00","","","","","M","","","-11,00","","ND"
"1994-05-12 15:00","1994","05","12","15:00"," ","","","","","","","","","","","","","","","","","","",""
"1994-05-12 15:51","1994","05","12","15:51"," ","-4,60","","-6,70","","85,00","","18,00","","13,00","","","","","M","","","-10,00","","ND"
"1994-05-12 16:00","1994","05","12","16:00"," ","","","","","","","","","","","","","","","","","","",""
"1994-05-12 16:51","1994","05","12","16:51"," ","-5,10","","-7,20","","85,00","","13,00","","30,00","","","","","M","","","-13,00","","ND"
"1994-05-12 17:00","1994","05","12","17:00"," ","","","","","","","","","","","","","","","","","","",""
"1994-05-12 17:51","1994","05","12","17:51"," ","-4,80","","-6,90","","85,00","","13,00","","24,00","","","","","M","","","-12,00","","ND"
"1994-05-12 18:00","1994","05","12","18:00"," ","","","","","","","","","","","","","","","","","","",""
"1994-05-12 18:51","1994","05","12","18:51"," ","-5,70","","-7,70","","86,00","","13,00","","26,00","","","","","M","","","-13,00","","ND"
"1994-05-12 19:00","1994","05","12","19:00"," ","","","","","","","","","","","","","","","","","","",""
"1994-05-12 19:51","1994","05","12","19:51"," ","-6,20","","-8,20","","86,00","","13,00","","30,00","","","","","M","","","-15,00","","ND"
"1994-05-12 20:00","1994","05","12","20:00"," ","","","","","","","","","","","","","","","","","","",""
"1994-05-12 20:51","1994","05","12","20:51"," ","-6,80","","-8,80","","86,00","","12,00","","35,00","","","","","M","","","-16,00","","ND"
"1994-05-12 21:00","1994","05","12","21:00"," ","","","","","","","","","","","","","","","","","","",""
"1994-05-12 21:51","1994","05","12","21:51"," ","-7,80","","-9,70","","86,00","","12,00","","15,00","","","","","M","","","-14,00","","ND"
"1994-05-12 22:00","1994","05","12","22:00"," ","","","","","","","","","","","","","","","","","","",""
"1994-05-12 22:51","1994","05","12","22:51"," ","-8,60","","-10,80","","84,00","","12,00","","24,00","","","","","M","","","-17,00","","ND"
"1994-05-12 23:00","1994","05","12","23:00"," ","","","","","","","","","","","","","","","","","","",""
"1994-05-12 23:51","1994","05","12","23:51"," ","-9,10","","-11,10","","85,00","","10,00","","11,00","","","","","M","","","-15,00","","ND"
"1994-05-13 00:00","1994","05","13","00:00"," ","","","","","","","","","","","","","","","","","","",""
"1994-05-13 00:51","1994","05","13","00:51"," ","-9,20","","-11,40","","84,00","","10,00","","19,00","","","","","M","","","-17,00","","ND"
"1994-05-13 01:00","1994","05","13","01:00"," ","","","","","","","","","","","","","","","","","","",""
"1994-05-13 01:51","1994","05","13","01:51"," ","-9,10","","-11,20","","85,00","","12,00","","7,00","","","","","M","","","-13,00","","ND"
"1994-05-13 02:00","1994","05","13","02:00"," ","","","","","","","","","","","","","","","","","","",""
"1994-05-13 02:51","1994","05","13","02:51"," ","-9,20","","-11,50","","83,00","","12,00","","20,00","","","","","M","","","-17,00","","ND"
"1994-05-13 03:00","1994","05","13","03:00"," ","","","","","","","","","","","","","","","","","","",""
"1994-05-13 03:51","1994","05","13","03:51"," ","-10,50","","-12,70","","84,00","","13,00","","24,00","","","","","M","","","-19,00","","ND"
"1994-05-13 04:00","1994","05","13","04:00"," ","","","","","","","","","","","","","","","","","","",""
"1994-05-13 04:51","1994","05","13","04:51"," ","-9,60","","-11,80","","84,00","","12,00","","20,00","","","","","M","","","-17,00","","ND"
"1994-05-13 05:00","1994","05","13","05:00"," ","","","","","","","","","","","","","","","","","","",""
"1994-05-13 05:51","1994","05","13","05:51"," ","-9,50","","-11,70","","84,00","","12,00","","19,00","","","","","M","","","-17,00","","ND"
"1994-05-13 06:00","1994","05","13","06:00"," ","","","","","","","","","","","","","","","","","","",""
"1994-05-13 06:51","1994","05","13","06:51"," ","-9,30","","-11,70","","83,00","","14,00","","13,00","","","","","M","","","-15,00","","ND"
"1994-05-13 07:00","1994","05","13","07:00"," ","","","","","","","","","","","","","","","","","","",""
"1994-05-13 07:51","1994","05","13","07:51"," ","-9,10","","-11,40","","83,00","","9,00","","15,00","","","","","M","","","-16,00","","ND"
"1994-05-13 08:00","1994","05","13","08:00"," ","","","","","","","","","","","","","","","","","","",""
"1994-05-13 08:51","1994","05","13","08:51"," ","-9,30","","-11,70","","83,00","","13,00","","22,00","","","","","M","","","-17,00","","ND"
"1994-05-13 09:00","1994","05","13","09:00"," ","","","","","","","","","","","","","","","","","","",""
"1994-05-13 09:51","1994","05","13","09:51"," ","-7,50","","-10,40","","80,00","","14,00","","22,00","","","","","M","","","-15,00","","ND"
"1994-05-13 10:00","1994","05","13","10:00"," ","","","","","","","","","","","","","","","","","","",""
"1994-05-13 10:51","1994","05","13","10:51"," ","-8,00","","-10,80","","80,00","","13,00","","20,00","","","","","M","","","-15,00","","ND"
"1994-05-13 11:00","1994","05","13","11:00"," ","","","","","","","","","","","","","","","","","","",""
"1994-05-13 11:51","1994","05","13","11:51"," ","-7,60","","-10,50","","80,00","","13,00","","24,00","","","","","M","","","-16,00","","ND"
"1994-05-13 11:52","1994","05","13","11:52"," ","-7,60","","-10,50","","80,00","","13,00","","24,00","","","","","M","","","-16,00","","ND"
"1994-05-13 12:00","1994","05","13","12:00"," ","","","","","","","","","","","","","","","","","","",""
"1994-05-13 12:51","1994","05","13","12:51"," ","-6,70","","-9,80","","79,00","","14,00","","32,00","","","","","M","","","-15,00","","ND"
"1994-05-13 13:00","1994","05","13","13:00"," ","","","","","","","","","","","","","","","","","","",""
"1994-05-13 13:51","1994","05","13","13:51"," ","-6,20","","-9,60","","77,00","","14,00","","26,00","","","","","M","","","-14,00","","ND"
"1994-05-13 14:00","1994","05","13","14:00"," ","","","","","","","","","","","","","","","","","","",""
"1994-05-13 14:51","1994","05","13","14:51"," ","-6,00","","-9,50","","76,00","","13,00","","24,00","","","","","M","","","-13,00","","ND"
"1994-05-13 15:00","1994","05","13","15:00"," ","","","","","","","","","","","","","","","","","","",""
"1994-05-13 15:51","1994","05","13","15:51"," ","-6,00","","-9,50","","76,00","","13,00","","26,00","","","","","M","","","-14,00","","ND"
"1994-05-13 16:00","1994","05","13","16:00"," ","","","","","","","","","","","","","","","","","","",""
"1994-05-13 16:51","1994","05","13","16:51"," ","-6,30","","-9,50","","78,00","","13,00","","26,00","","","","","M","","","-14,00","","ND"
"1994-05-13 17:00","1994","05","13","17:00"," ","","","","","","","","","","","","","","","","","","",""
"1994-05-13 17:51","1994","05","13","17:51"," ","-6,00","","-9,30","","77,00","","13,00","","26,00","","","","","M","","","-14,00","","ND"
"1994-05-13 18:00","1994","05","13","18:00"," ","","","","","","","","","","","","","","","","","","",""
"1994-05-13 18:51","1994","05","13","18:51"," ","-6,70","","-9,60","","80,00","","13,00","","32,00","","","","","M","","","-15,00","","ND"
"1994-05-13 19:00","1994","05","13","19:00"," ","","","","","","","","","","","","","","","","","","",""
"1994-05-13 19:51","1994","05","13","19:51"," ","-7,10","","-9,80","","81,00","","13,00","","32,00","","","","","M","","","-16,00","","ND"
"1994-05-13 20:00","1994","05","13","20:00"," ","","","","","","","","","","","","","","","","","","",""
"1994-05-13 20:51","1994","05","13","20:51"," ","-7,30","","-9,70","","83,00","","13,00","","30,00","","","","","M","","","-16,00","","ND"
"1994-05-13 21:00","1994","05","13","21:00"," ","","","","","","","","","","","","","","","","","","",""
"1994-05-13 21:51","1994","05","13","21:51"," ","-8,10","","-10,30","","84,00","","13,00","","30,00","","","","","M","","","-17,00","","ND"
"1994-05-13 22:00","1994","05","13","22:00"," ","","","","","","","","","","","","","","","","","","",""
"1994-05-13 22:51","1994","05","13","22:51"," ","-8,60","","-10,60","","85,00","","13,00","","28,00","","","","","M","","","-17,00","","ND"
"1994-05-13 23:00","1994","05","13","23:00"," ","","","","","","","","","","","","","","","","","","",""
"1994-05-13 23:51","1994","05","13","23:51"," ","-8,60","","-10,60","","85,00","","13,00","","24,00","","","","","M","","","-17,00","","ND"
"1994-05-14 00:00","1994","05","14","00:00"," ","","","","","","","","","","","","","","","","","","",""
"1994-05-14 00:51","1994","05","14","00:51"," ","-8,60","","-10,60","","85,00","","13,00","","24,00","","","","","M","","","-17,00","","ND"
"1994-05-14 01:00","1994","05","14","01:00"," ","","","","","","","","","","","","","","","","","","",""
"1994-05-14 01:51","1994","05","14","01:51"," ","-9,10","","-11,20","","85,00","","13,00","","17,00","","","","","M","","","-16,00","","ND"
"1994-05-14 02:00","1994","05","14","02:00"," ","","","","","","","","","","","","","","","","","","",""
"1994-05-14 02:51","1994","05","14","02:51"," ","-9,60","","-11,70","","85,00","","12,00","","19,00","","","","","M","","","-17,00","","ND"
"1994-05-14 03:00","1994","05","14","03:00"," ","","","","","","","","","","","","","","","","","","",""
"1994-05-14 03:51","1994","05","14","03:51"," ","-10,20","","-12,20","","85,00","","11,00","","15,00","","","","","M","","","-17,00","","ND"
"1994-05-14 04:00","1994","05","14","04:00"," ","","","","","","","","","","","","","","","","","","",""
"1994-05-14 04:51","1994","05","14","04:51"," ","-9,80","","-11,80","","85,00","","9,00","","11,00","","","","","M","","","-15,00","","ND"
"1994-05-14 05:00","1994","05","14","05:00"," ","","","","","","","","","","","","","","","","","","",""
"1994-05-14 05:51","1994","05","14","05:51"," ","-9,10","","-11,40","","83,00","","11,00","","9,00","","","","","M","","","-14,00","","ND"
"1994-05-14 06:00","1994","05","14","06:00"," ","","","","","","","","","","","","","","","","","","",""
"1994-05-14 06:51","1994","05","14","06:51"," ","-8,30","","-10,90","","81,00","","12,00","","13,00","","","","","M","","","-14,00","","ND"
"1994-05-14 07:00","1994","05","14","07:00"," ","","","","","","","","","","","","","","","","","","",""
"1994-05-14 07:51","1994","05","14","07:51"," ","-6,80","","-10,00","","78,00","","12,00","","11,00","","","","","M","","","-12,00","","ND"
"1994-05-14 08:00","1994","05","14","08:00"," ","","","","","","","","","","","","","","","","","","",""
"1994-05-14 08:51","1994","05","14","08:51"," ","-4,50","","-8,50","","74,00","","13,00","","7,00","","","","","M","","","-8,00","","ND"
"1994-05-14 09:00","1994","05","14","09:00"," ","","","","","","","","","","","","","","","","","","",""
"1994-05-14 09:51","1994","05","14","09:51"," ","-2,80","","-7,30","","71,00","","13,00","","9,00","","","","","M","","","-6,00","","ND"
"1994-05-14 10:00","1994","05","14","10:00"," ","","","","","","","","","","","","","","","","","","",""
"1994-05-14 10:51","1994","05","14","10:51"," ","-2,80","","-7,40","","71,00","","12,00","","15,00","","","","","M","","","-8,00","","ND"
"1994-05-14 11:00","1994","05","14","11:00"," ","","","","","","","","","","","","","","","","","","",""
"1994-05-14 11:51","1994","05","14","11:51"," ","-2,40","","-6,90","","71,00","","13,00","","19,00","","","","","M","","","-8,00","","ND"
"1994-05-14 12:00","1994","05","14","12:00"," ","","","","","","","","","","","","","","","","","","",""
"1994-05-14 12:51","1994","05","14","12:51"," ","-1,60","","-6,40","","70,00","","14,00","","20,00","","","","","M","","","-7,00","","ND"
"1994-05-14 13:00","1994","05","14","13:00"," ","","","","","","","","","","","","","","","","","","",""
"1994-05-14 13:51","1994","05","14","13:51"," ","-0,90","","-5,90","","69,00","","13,00","","24,00","","","","","M","","","-7,00","","ND"
"1994-05-14 14:00","1994","05","14","14:00"," ","","","","","","","","","","","","","","","","","","",""
"1994-05-14 14:51","1994","05","14","14:51"," ","-0,60","","-5,80","","68,00","","12,00","","26,00","","","","","M","","","-7,00","","ND"
"1994-05-14 15:00","1994","05","14","15:00"," ","","","","","","","","","","","","","","","","","","",""
"1994-05-14 15:51","1994","05","14","15:51"," ","0,00","","-5,60","","66,00","","12,00","","24,00","","","","","M","","","-6,00","","ND"
"1994-05-14 16:00","1994","05","14","16:00"," ","","","","","","","","","","","","","","","","","","",""
"1994-05-14 16:51","1994","05","14","16:51"," ","0,50","","-5,30","","65,00","","12,00","","28,00","","","","","M","","","","","ND"
"1994-05-14 17:00","1994","05","14","17:00"," ","","","","","","","","","","","","","","","","","","",""
"1994-05-14 17:51","1994","05","14","17:51"," ","0,00","","-5,80","","65,00","","12,00","","28,00","","","","","M","","","-6,00","","ND"
"1994-05-14 18:00","1994","05","14","18:00"," ","","","","","","","","","","","","","","","","","","",""
"1994-05-14 18:51","1994","05","14","18:51"," ","0,10","","-5,70","","65,00","","12,00","","26,00","","","","","M","","","","","ND"
"1994-05-14 19:00","1994","05","14","19:00"," ","","","","","","","","","","","","","","","","","","",""
"1994-05-14 19:51","1994","05","14","19:51"," ","-0,10","","-5,90","","65,00","","13,00","","24,00","","","","","M","","","-6,00","","ND"
"1994-05-14 20:00","1994","05","14","20:00"," ","","","","","","","","","","","","","","","","","","",""
"1994-05-14 20:51","1994","05","14","20:51"," ","-0,60","","-6,40","","65,00","","12,00","","24,00","","","","","M","","","-7,00","","ND"
"1994-05-14 21:00","1994","05","14","21:00"," ","","","","","","","","","","","","","","","","","","",""
"1994-05-14 21:51","1994","05","14","21:51"," ","-2,00","","-7,40","","66,00","","12,00","","22,00","","","","","M","","","-8,00","","ND"
"1994-05-14 22:00","1994","05","14","22:00"," ","","","","","","","","","","","","","","","","","","",""
"1994-05-14 22:51","1994","05","14","22:51"," ","-3,20","","-8,00","","69,00","","13,00","","17,00","","","","","M","","","-9,00","","ND"
"1994-05-14 23:00","1994","05","14","23:00"," ","","","","","","","","","","","","","","","","","","",""
"1994-05-14 23:51","1994","05","14","23:51"," ","-3,70","","-8,10","","71,00","","12,00","","15,00","","","","","M","","","-9,00","","ND"
"1994-05-15 00:00","1994","05","15","00:00"," ","","","","","","","","","","","","","","","","","","",""
"1994-05-15 00:51","1994","05","15","00:51"," ","-4,30","","-8,40","","73,00","","11,00","","13,00","","","","","M","","","-9,00","","ND"
"1994-05-15 01:00","1994","05","15","01:00"," ","","","","","","","","","","","","","","","","","","",""
"1994-05-15 01:51","1994","05","15","01:51"," ","-5,00","","-8,90","","74,00","","10,00","","9,00","","","","","M","","","-9,00","","ND"
"1994-05-15 02:00","1994","05","15","02:00"," ","","","","","","","","","","","","","","","","","","",""
"1994-05-15 02:51","1994","05","15","02:51"," ","-4,80","","-8,60","","75,00","","10,00","","17,00","","","","","M","","","-11,00","","ND"
"1994-05-15 03:00","1994","05","15","03:00"," ","","","","","","","","","","","","","","","","","","",""
"1994-05-15 03:51","1994","05","15","03:51"," ","-5,50","","-9,20","","75,00","","9,00","","9,00","","","","","M","","","-10,00","","ND"
"1994-05-15 04:00","1994","05","15","04:00"," ","","","","","","","","","","","","","","","","","","",""
"1994-05-15 04:51","1994","05","15","04:51"," ","-5,00","","-8,80","","75,00","","10,00","","11,00","","","","","M","","","-10,00","","ND"
"1994-05-15 05:00","1994","05","15","05:00"," ","","","","","","","","","","","","","","","","","","",""
"1994-05-15 05:51","1994","05","15","05:51"," ","-4,30","","-8,30","","74,00","","10,00","","9,00","","","","","M","","","-8,00","","ND"
"1994-05-15 06:00","1994","05","15","06:00"," ","","","","","","","","","","","","","","","","","","",""
"1994-05-15 06:51","1994","05","15","06:51"," ","-3,50","","-7,80","","72,00","","13,00","","6,00","","","","","M","","","-6,00","","ND"
"1994-05-15 07:00","1994","05","15","07:00"," ","","","","","","","","","","","","","","","","","","",""
"1994-05-15 07:51","1994","05","15","07:51"," ","-2,50","","-7,40","","69,00","","12,00","","11,00","","","","","M","","","-7,00","","ND"
"1994-05-15 08:00","1994","05","15","08:00"," ","","","","","","","","","","","","","","","","","","",""
"1994-05-15 08:51","1994","05","15","08:51"," ","-1,00","","-6,60","","66,00","","13,00","","17,00","","","","","M","","","-6,00","","ND"
"1994-05-15 09:00","1994","05","15","09:00"," ","","","","","","","","","","","","","","","","","","",""
"1994-05-15 09:51","1994","05","15","09:51"," ","0,80","","-6,00","","60,00","","13,00","","24,00","","","","","M","","","","","ND"
"1994-05-15 10:00","1994","05","15","10:00"," ","","","","","","","","","","","","","","","","","","",""
"1994-05-15 10:51","1994","05","15","10:51"," ","1,50","","-7,10","","53,00","","14,00","","22,00","","","","","M","","","","","ND"
"1994-05-15 11:00","1994","05","15","11:00"," ","","","","","","","","","","","","","","","","","","",""
"1994-05-15 11:51","1994","05","15","11:51"," ","1,80","","-7,60","","50,00","","13,00","","26,00","","","","","M","","","","","ND"
"1994-05-15 12:00","1994","05","15","12:00"," ","","","","","","","","","","","","","","","","","","",""
"1994-05-15 12:51","1994","05","15","12:51"," ","2,40","","-6,90","","50,00","","13,00","","26,00","","","","","M","","","","","ND"
"1994-05-15 13:00","1994","05","15","13:00"," ","","","","","","","","","","","","","","","","","","",""
"1994-05-15 13:51","1994","05","15","13:51"," ","3,50","","-6,30","","49,00","","13,00","","22,00","","","","","M","","","","","ND"
"1994-05-15 14:00","1994","05","15","14:00"," ","","","","","","","","","","","","","","","","","","",""
"1994-05-15 14:51","1994","05","15","14:51"," ","3,50","","-6,30","","49,00","","10,00","","22,00","","","","","M","","","","","ND"
"1994-05-15 15:00","1994","05","15","15:00"," ","","","","","","","","","","","","","","","","","","",""
"1994-05-15 15:51","1994","05","15","15:51"," ","4,00","","-6,40","","47,00","","10,00","","20,00","","","","","M","","","","","ND"
"1994-05-15 16:00","1994","05","15","16:00"," ","","","","","","","","","","","","","","","","","","",""
"1994-05-15 16:51","1994","05","15","16:51"," ","4,50","","-6,30","","45,00","","11,00","","20,00","","","","","M","","","","","ND"
"1994-05-15 17:00","1994","05","15","17:00"," ","","","","","","","","","","","","","","","","","","",""
"1994-05-15 17:51","1994","05","15","17:51"," ","4,30","","-6,20","","46,00","","10,00","","22,00","","","","","M","","","","","ND"
"1994-05-15 18:00","1994","05","15","18:00"," ","","","","","","","","","","","","","","","","","","",""
"1994-05-15 18:51","1994","05","15","18:51"," ","4,00","","-6,60","","46,00","","10,00","","26,00","","","","","M","","","","","ND"
"1994-05-15 19:00","1994","05","15","19:00"," ","","","","","","","","","","","","","","","","","","",""
"1994-05-15 19:51","1994","05","15","19:51"," ","3,60","","-7,00","","46,00","","12,00","","20,00","","","","","M","","","","","ND"
"1994-05-15 20:00","1994","05","15","20:00"," ","","","","","","","","","","","","","","","","","","",""
"1994-05-15 20:51","1994","05","15","20:51"," ","3,00","","-7,40","","46,00","","11,00","","26,00","","","","","M","","","","","ND"
"1994-05-15 21:00","1994","05","15","21:00"," ","","","","","","","","","","","","","","","","","","",""
"1994-05-15 21:51","1994","05","15","21:51"," ","1,00","","-8,70","","48,00","","13,00","","20,00","","","","","M","","","","","ND"
"1994-05-15 22:00","1994","05","15","22:00"," ","","","","","","","","","","","","","","","","","","",""
"1994-05-15 22:51","1994","05","15","22:51"," ","0,30","","-9,60","","47,00","","13,00","","26,00","","","","","M","","","","","ND"
"1994-05-15 23:00","1994","05","15","23:00"," ","","","","","","","","","","","","","","","","","","",""
"1994-05-15 23:51","1994","05","15","23:51"," ","0,00","","-9,90","","47,00","","12,00","","22,00","","","","","M","","","-6,00","","ND"
"1994-05-16 00:00","1994","05","16","00:00"," ","","","","","","","","","","","","","","","","","","",""
"1994-05-16 00:51","1994","05","16","00:51"," ","-0,20","","-10,40","","46,00","","11,00","","22,00","","","","","M","","","-6,00","","ND"
"1994-05-16 01:00","1994","05","16","01:00"," ","","","","","","","","","","","","","","","","","","",""
"1994-05-16 01:51","1994","05","16","01:51"," ","0,20","","-10,00","","46,00","","11,00","","26,00","","","","","M","","","","","ND"
"1994-05-16 02:00","1994","05","16","02:00"," ","","","","","","","","","","","","","","","","","","",""
"1994-05-16 02:51","1994","05","16","02:51"," ","-0,20","","-10,40","","46,00","","11,00","","7,00","","","","","M","","","-3,00","","ND"
"1994-05-16 03:00","1994","05","16","03:00"," ","","","","","","","","","","","","","","","","","","",""
"1994-05-16 03:51","1994","05","16","03:51"," ","-2,20","","-11,10","","50,00","","12,00","","2,00","","","","","M","","","-3,00","","ND"
"1994-05-16 04:00","1994","05","16","04:00"," ","","","","","","","","","","","","","","","","","","",""
"1994-05-16 04:51","1994","05","16","04:51"," ","-1,80","","-10,80","","50,00","","17,00","","4,00","","","","","M","","","-3,00","","ND"
"1994-05-16 05:00","1994","05","16","05:00"," ","","","","","","","","","","","","","","","","","","",""
"1994-05-16 05:51","1994","05","16","05:51"," ","-1,20","","-10,10","","51,00","","10,00","","9,00","","","","","M","","","-4,00","","ND"
"1994-05-16 06:00","1994","05","16","06:00"," ","","","","","","","","","","","","","","","","","","",""
"1994-05-16 06:51","1994","05","16","06:51"," ","0,80","","-8,90","","48,00","","12,00","","9,00","","","","","M","","","","","ND"
"1994-05-16 07:00","1994","05","16","07:00"," ","","","","","","","","","","","","","","","","","","",""
"1994-05-16 07:51","1994","05","16","07:51"," ","2,00","","-8,60","","45,00","","11,00","","19,00","","","","","M","","","","","ND"
"1994-05-16 08:00","1994","05","16","08:00"," ","","","","","","","","","","","","","","","","","","",""
"1994-05-16 08:51","1994","05","16","08:51"," ","2,50","","-8,40","","44,00","","12,00","","15,00","","","","","M","","","","","ND"
"1994-05-16 09:00","1994","05","16","09:00"," ","","","","","","","","","","","","","","","","","","",""
"1994-05-16 09:51","1994","05","16","09:51"," ","3,50","","-8,70","","40,00","","12,00","","22,00","","","","","M","","","","","ND"
"1994-05-16 10:00","1994","05","16","10:00"," ","","","","","","","","","","","","","","","","","","",""
"1994-05-16 10:51","1994","05","16","10:51"," ","4,10","","-9,40","","37,00","","11,00","","22,00","","","","","M","","","","","ND"
"1994-05-16 11:00","1994","05","16","11:00"," ","","","","","","","","","","","","","","","","","","",""
"1994-05-16 11:51","1994","05","16","11:51"," ","4,60","","-10,00","","34,00","","13,00","","20,00","","","","","M","","","","","ND"
"1994-05-16 12:00","1994","05","16","12:00"," ","","","","","","","","","","","","","","","","","","",""
"1994-05-16 12:51","1994","05","16","12:51"," ","5,30","","-9,40","","34,00","","13,00","","22,00","","","","","M","","","","","ND"
"1994-05-16 13:00","1994","05","16","13:00"," ","","","","","","","","","","","","","","","","","","",""
"1994-05-16 13:51","1994","05","16","13:51"," ","5,70","","-8,70","","35,00","","13,00","","26,00","","","","","M","","","","","ND"
"1994-05-16 14:00","1994","05","16","14:00"," ","","","","","","","","","","","","","","","","","","",""
"1994-05-16 14:51","1994","05","16","14:51"," ","6,50","","-8,30","","34,00","","13,00","","20,00","","","","","M","","","","","ND"
"1994-05-16 15:00","1994","05","16","15:00"," ","","","","","","","","","","","","","","","","","","",""
"1994-05-16 15:51","1994","05","16","15:51"," ","7,00","","-9,90","","29,00","","12,00","","24,00","","","","","M","","","","","ND"
"1994-05-16 16:00","1994","05","16","16:00"," ","","","","","","","","","","","","","","","","","","",""
"1994-05-16 16:51","1994","05","16","16:51"," ","7,20","","-9,80","","29,00","","12,00","","24,00","","","","","M","","","","","ND"
"1994-05-16 17:00","1994","05","16","17:00"," ","","","","","","","","","","","","","","","","","","",""
"1994-05-16 17:51","1994","05","16","17:51"," ","7,10","","-10,30","","28,00","","12,00","","28,00","","","","","M","","","","","ND"
"1994-05-16 18:00","1994","05","16","18:00"," ","","","","","","","","","","","","","","","","","","",""
"1994-05-16 18:51","1994","05","16","18:51"," ","6,80","","-11,00","","27,00","","12,00","","28,00","","","","","M","","","","","ND"
"1994-05-16 19:00","1994","05","16","19:00"," ","","","","","","","","","","","","","","","","","","",""
"1994-05-16 19:51","1994","05","16","19:51"," ","6,50","","-10,40","","29,00","","12,00","","24,00","","","","","M","","","","","ND"
"1994-05-16 20:00","1994","05","16","20:00"," ","","","","","","","","","","","","","","","","","","",""
"1994-05-16 20:51","1994","05","16","20:51"," ","6,10","","-10,70","","29,00","","11,00","","24,00","","","","","M","","","","","ND"
"1994-05-16 21:00","1994","05","16","21:00"," ","","","","","","","","","","","","","","","","","","",""
"1994-05-16 21:51","1994","05","16","21:51"," ","4,30","","-10,70","","33,00","","10,00","","26,00","","","","","M","","","","","ND"
"1994-05-16 22:00","1994","05","16","22:00"," ","","","","","","","","","","","","","","","","","","",""
"1994-05-16 22:51","1994","05","16","22:51"," ","3,10","","-11,40","","34,00","","10,00","","24,00","","","","","M","","","","","ND"
"1994-05-16 23:00","1994","05","16","23:00"," ","","","","","","","","","","","","","","","","","","",""
"1994-05-16 23:51","1994","05","16","23:51"," ","2,80","","-11,30","","35,00","","11,00","","22,00","","","","","M","","","","","ND"
"1994-05-17 00:00","1994","05","17","00:00"," ","","","","","","","","","","","","","","","","","","",""
"1994-05-17 00:51","1994","05","17","00:51"," ","2,80","","-11,70","","33,00","","10,00","","24,00","","","","","M","","","","","ND"
"1994-05-17 01:00","1994","05","17","01:00"," ","","","","","","","","","","","","","","","","","","",""
"1994-05-17 01:51","1994","05","17","01:51"," ","2,50","","-11,20","","36,00","","14,00","","11,00","","","","","M","","","","","ND"
"1994-05-17 02:00","1994","05","17","02:00"," ","","","","","","","","","","","","","","","","","","",""
"1994-05-17 02:51","1994","05","17","02:51"," ","0,50","","-10,90","","42,00","","12,00","","11,00","","","","","M","","","","","ND"
"1994-05-17 03:00","1994","05","17","03:00"," ","","","","","","","","","","","","","","","","","","",""
"1994-05-17 03:51","1994","05","17","03:51"," ","1,50","","-9,60","","43,00","","13,00","","19,00","","","","","M","","","","","ND"
"1994-05-17 04:00","1994","05","17","04:00"," ","","","","","","","","","","","","","","","","","","",""
"1994-05-17 04:52","1994","05","17","04:52"," ","1,50","","-9,60","","43,00","","12,00","","17,00","","","","","M","","","","","ND"
"1994-05-17 05:00","1994","05","17","05:00"," ","","","","","","","","","","","","","","","","","","",""
"1994-05-17 05:51","1994","05","17","05:51"," ","2,10","","-9,00","","44,00","","12,00","","19,00","","","","","M","","","","","ND"
"1994-05-17 06:00","1994","05","17","06:00"," ","","","","","","","","","","","","","","","","","","",""
"1994-05-17 06:51","1994","05","17","06:51"," ","4,00","","-7,80","","42,00","","13,00","","15,00","","","","","M","","","","","ND"
"1994-05-17 07:00","1994","05","17","07:00"," ","","","","","","","","","","","","","","","","","","",""
"1994-05-17 07:51","1994","05","17","07:51"," ","5,50","","-8,10","","37,00","","12,00","","24,00","","","","","M","","","","","ND"
"1994-05-17 08:00","1994","05","17","08:00"," ","","","","","","","","","","","","","","","","","","",""
"1994-05-17 08:51","1994","05","17","08:51"," ","6,20","","-8,20","","35,00","","12,00","","19,00","","","","","M","","","","","ND"
"1994-05-17 09:00","1994","05","17","09:00"," ","","","","","","","","","","","","","","","","","","",""
"1994-05-17 09:51","1994","05","17","09:51"," ","6,80","","-7,30","","36,00","","10,00","","30,00","","","","","M","","","","","ND"
"1994-05-17 10:00","1994","05","17","10:00"," ","","","","","","","","","","","","","","","","","","",""
"1994-05-17 10:51","1994","05","17","10:51"," ","7,50","","-6,40","","37,00","","12,00","","24,00","","","","","M","","","","","ND"
"1994-05-17 11:00","1994","05","17","11:00"," ","","","","","","","","","","","","","","","","","","",""
"1994-05-17 11:51","1994","05","17","11:51"," ","8,10","","-5,90","","36,00","","11,00","","30,00","","","","","M","","","","","ND"
"1994-05-17 12:00","1994","05","17","12:00"," ","","","","","","","","","","","","","","","","","","",""
"1994-05-17 12:51","1994","05","17","12:51"," ","8,80","","-5,10","","37,00","","10,00","","28,00","","","","","M","","","","","ND"
"1994-05-17 13:00","1994","05","17","13:00"," ","","","","","","","","","","","","","","","","","","",""
"1994-05-17 13:51","1994","05","17","13:51"," ","9,50","","-4,60","","37,00","","11,00","","32,00","","","","","M","","","","","ND"
"1994-05-17 14:00","1994","05","17","14:00"," ","","","","","","","","","","","","","","","","","","",""
"1994-05-17 14:51","1994","05","17","14:51"," ","10,20","","-4,20","","36,00","","11,00","","26,00","","","","","M","","","","","ND"
"1994-05-17 15:00","1994","05","17","15:00"," ","","","","","","","","","","","","","","","","","","",""
"1994-05-17 15:51","1994","05","17","15:51"," ","10,80","","-4,50","","34,00","","12,00","","33,00","","","","","M","","","","","ND"
"1994-05-17 16:00","1994","05","17","16:00"," ","","","","","","","","","","","","","","","","","","",""
"1994-05-17 16:51","1994","05","17","16:51"," ","11,00","","-4,00","","35,00","","11,00","","28,00","","","","","M","","","","","ND"
"1994-05-17 17:00","1994","05","17","17:00"," ","","","","","","","","","","","","","","","","","","",""
"1994-05-17 17:51","1994","05","17","17:51"," ","11,10","","-3,40","","36,00","","11,00","","26,00","","","","","M","","","","","ND"
"1994-05-17 18:00","1994","05","17","18:00"," ","","","","","","","","","","","","","","","","","","",""
"1994-05-17 18:51","1994","05","17","18:51"," ","10,80","","-3,30","","37,00","","10,00","","30,00","","","","","M","","","","","ND"
"1994-05-17 19:00","1994","05","17","19:00"," ","","","","","","","","","","","","","","","","","","",""
"1994-05-17 19:51","1994","05","17","19:51"," ","10,60","","-3,50","","37,00","","11,00","","30,00","","","","","M","","","","","ND"
"1994-05-17 20:00","1994","05","17","20:00"," ","","","","","","","","","","","","","","","","","","",""
"1994-05-17 20:51","1994","05","17","20:51"," ","10,10","","-3,60","","38,00","","10,00","","30,00","","","","","M","","","","","ND"
"1994-05-17 21:00","1994","05","17","21:00"," ","","","","","","","","","","","","","","","","","","",""
"1994-05-17 21:51","1994","05","17","21:51"," ","8,80","","-4,10","","40,00","","10,00","","24,00","","","","","M","","","","","ND"
"1994-05-17 22:00","1994","05","17","22:00"," ","","","","","","","","","","","","","","","","","","",""
"1994-05-17 22:51","1994","05","17","22:51"," ","8,30","","-4,20","","41,00","","10,00","","26,00","","","","","M","","","","","ND"
"1994-05-17 23:00","1994","05","17","23:00"," ","","","","","","","","","","","","","","","","","","",""
"1994-05-17 23:51","1994","05","17","23:51"," ","8,10","","-4,20","","41,00","","10,00","","30,00","","","","","M","","","","","ND"
"1994-05-18 00:00","1994","05","18","00:00"," ","","","","","","","","","","","","","","","","","","",""
"1994-05-18 00:51","1994","05","18","00:51"," ","7,70","","-4,10","","43,00","","11,00","","28,00","","","","","M","","","","","ND"
"1994-05-18 01:00","1994","05","18","01:00"," ","","","","","","","","","","","","","","","","","","",""
"1994-05-18 01:51","1994","05","18","01:51"," ","7,60","","-4,20","","43,00","","12,00","","28,00","","","","","M","","","","","ND"
"1994-05-18 02:00","1994","05","18","02:00"," ","","","","","","","","","","","","","","","","","","",""
"1994-05-18 02:51","1994","05","18","02:51"," ","5,20","","-5,00","","48,00","","12,00","","26,00","","","","","M","","","","","ND"
"1994-05-18 03:00","1994","05","18","03:00"," ","","","","","","","","","","","","","","","","","","",""
"1994-05-18 03:51","1994","05","18","03:51"," ","4,80","","-4,80","","50,00","","11,00","","17,00","","","","","M","","","","","ND"
"1994-05-18 04:00","1994","05","18","04:00"," ","","","","","","","","","","","","","","","","","","",""
"1994-05-18 04:51","1994","05","18","04:51"," ","5,10","","-4,80","","49,00","","10,00","","15,00","","","","","M","","","","","ND"
"1994-05-18 05:00","1994","05","18","05:00"," ","","","","","","","","","","","","","","","","","","",""
"1994-05-18 05:51","1994","05","18","05:51"," ","6,00","","-4,20","","48,00","","10,00","","9,00","","","","","M","","","","","ND"
"1994-05-18 06:00","1994","05","18","06:00"," ","","","","","","","","","","","","","","","","","","",""
"1994-05-18 06:51","1994","05","18","06:51"," ","7,50","","-3,50","","46,00","","12,00","","22,00","","","","","M","","","","","ND"
"1994-05-18 07:00","1994","05","18","07:00"," ","","","","","","","","","","","","","","","","","","",""
"1994-05-18 07:51","1994","05","18","07:51"," ","9,10","","-2,50","","44,00","","12,00","","24,00","","","","","M","","","","","ND"
"1994-05-18 08:00","1994","05","18","08:00"," ","","","","","","","","","","","","","","","","","","",""
"1994-05-18 08:51","1994","05","18","08:51"," ","10,60","","-1,80","","42,00","","13,00","","20,00","","","","","M","","","","","ND"
"1994-05-18 09:00","1994","05","18","09:00"," ","","","","","","","","","","","","","","","","","","",""
"1994-05-18 09:51","1994","05","18","09:51"," ","12,30","","-1,60","","38,00","","13,00","","22,00","","","","","M","","","","","ND"
"1994-05-18 10:00","1994","05","18","10:00"," ","","","","","","","","","","","","","","","","","","",""
"1994-05-18 10:51","1994","05","18","10:51"," ","13,20","","-1,20","","37,00","","12,00","","28,00","","","","","M","","","","","ND"
"1994-05-18 11:00","1994","05","18","11:00"," ","","","","","","","","","","","","","","","","","","",""
"1994-05-18 11:51","1994","05","18","11:51"," ","13,60","","-0,80","","37,00","","12,00","","26,00","","","","","M","","","","","ND"
"1994-05-18 12:00","1994","05","18","12:00"," ","","","","","","","","","","","","","","","","","","",""
"1994-05-18 12:51","1994","05","18","12:51"," ","14,20","","-0,30","","37,00","","12,00","","22,00","","","","","M","","","","","ND"
"1994-05-18 13:00","1994","05","18","13:00"," ","","","","","","","","","","","","","","","","","","",""
"1994-05-18 13:51","1994","05","18","13:51"," ","14,80","","0,20","","37,00","","12,00","","26,00","","","","","M","","","","","ND"
"1994-05-18 14:00","1994","05","18","14:00"," ","","","","","","","","","","","","","","","","","","",""
"1994-05-18 14:51","1994","05","18","14:51"," ","15,20","","0,50","","37,00","","12,00","","32,00","","","","","M","","","","","ND"
"1994-05-18 15:00","1994","05","18","15:00"," ","","","","","","","","","","","","","","","","","","",""
"1994-05-18 15:51","1994","05","18","15:51"," ","14,70","","0,40","","38,00","","12,00","","28,00","","","","","M","","","","","ND"
"1994-05-18 16:00","1994","05","18","16:00"," ","","","","","","","","","","","","","","","","","","",""
"1994-05-18 16:51","1994","05","18","16:51"," ","15,10","","1,20","","39,00","","12,00","","28,00","","","","","M","","","","","ND"
"1994-05-18 17:00","1994","05","18","17:00"," ","","","","","","","","","","","","","","","","","","",""
"1994-05-18 17:51","1994","05","18","17:51"," ","15,50","","1,10","","38,00","","11,00","","33,00","","","","","M","","","","","ND"
"1994-05-18 18:00","1994","05","18","18:00"," ","","","","","","","","","","","","","","","","","","",""
"1994-05-18 18:51","1994","05","18","18:51"," ","15,50","","1,50","","39,00","","11,00","","30,00","","","","","M","","","","","ND"
"1994-05-18 19:00","1994","05","18","19:00"," ","","","","","","","","","","","","","","","","","","",""
"1994-05-18 19:51","1994","05","18","19:51"," ","14,80","","1,20","","40,00","","10,00","","28,00","","","","","M","","","","","ND"
"1994-05-18 20:00","1994","05","18","20:00"," ","","","","","","","","","","","","","","","","","","",""
"1994-05-18 20:51","1994","05","18","20:51"," ","14,20","","0,70","","40,00","","10,00","","20,00","","","","","M","","","","","ND"
"1994-05-18 21:00","1994","05","18","21:00"," ","","","","","","","","","","","","","","","","","","",""
"1994-05-18 21:51","1994","05","18","21:51"," ","12,30","","-0,20","","42,00","","11,00","","17,00","","","","","M","","","","","ND"
"1994-05-18 22:00","1994","05","18","22:00"," ","","","","","","","","","","","","","","","","","","",""
"1994-05-18 22:51","1994","05","18","22:51"," ","10,50","","-1,30","","44,00","","12,00","","19,00","","","","","M","","","","","ND"
"1994-05-18 23:00","1994","05","18","23:00"," ","","","","","","","","","","","","","","","","","","",""
"1994-05-18 23:51","1994","05","18","23:51"," ","10,30","","-1,40","","44,00","","11,00","","20,00","","","","","M","","","","","ND"
"1994-05-19 00:00","1994","05","19","00:00"," ","","","","","","","","","","","","","","","","","","",""
"1994-05-19 00:51","1994","05","19","00:51"," ","10,20","","-1,50","","44,00","","12,00","","24,00","","","","","M","","","","","ND"
"1994-05-19 01:00","1994","05","19","01:00"," ","","","","","","","","","","","","","","","","","","",""
"1994-05-19 01:51","1994","05","19","01:51"," ","9,70","","-1,40","","46,00","","12,00","","15,00","","","","","M","","","","","ND"
"1994-05-19 02:00","1994","05","19","02:00"," ","","","","","","","","","","","","","","","","","","",""
"1994-05-19 02:51","1994","05","19","02:51"," ","10,00","","-1,40","","45,00","","11,00","","19,00","","","","","M","","","","","ND"
"1994-05-19 03:00","1994","05","19","03:00"," ","","","","","","","","","","","","","","","","","","",""
"1994-05-19 03:51","1994","05","19","03:51"," ","10,00","","-1,40","","45,00","","12,00","","20,00","","","","","M","","","","","ND"
"1994-05-19 04:00","1994","05","19","04:00"," ","","","","","","","","","","","","","","","","","","",""
"1994-05-19 04:51","1994","05","19","04:51"," ","9,60","","-1,80","","45,00","","8,00","","4,00","","","","","M","","","","","ND"
"1994-05-19 05:00","1994","05","19","05:00"," ","","","","","","","","","","","","","","","","","","",""
"1994-05-19 05:51","1994","05","19","05:51"," ","10,00","","-1,70","","44,00","","12,00","","20,00","","","","","M","","","","","ND"
"1994-05-19 06:00","1994","05","19","06:00"," ","","","","","","","","","","","","","","","","","","",""
"1994-05-19 06:51","1994","05","19","06:51"," ","11,00","","-0,90","","44,00","","11,00","","13,00","","","","","M","","","","","ND"
"1994-05-19 07:00","1994","05","19","07:00"," ","","","","","","","","","","","","","","","","","","",""
"1994-05-19 07:51","1994","05","19","07:51"," ","12,70","","0,00","","42,00","","10,00","","11,00","","","","","M","","","","","ND"
"1994-05-19 08:00","1994","05","19","08:00"," ","","","","","","","","","","","","","","","","","","",""
"1994-05-19 08:51","1994","05","19","08:51"," ","13,20","","0,10","","41,00","","12,00","","17,00","","","","","M","","","","","ND"
"1994-05-19 09:00","1994","05","19","09:00"," ","","","","","","","","","","","","","","","","","","",""
"1994-05-19 09:51","1994","05","19","09:51"," ","16,50","","1,20","","36,00","","12,00","","24,00","","","","","M","","","","","ND"
"1994-05-19 10:00","1994","05","19","10:00"," ","","","","","","","","","","","","","","","","","","",""
"1994-05-19 10:51","1994","05","19","10:51"," ","17,80","","2,00","","35,00","","13,00","","24,00","","","","","M","","","","","ND"
"1994-05-19 11:00","1994","05","19","11:00"," ","","","","","","","","","","","","","","","","","","",""
"1994-05-19 11:51","1994","05","19","11:51"," ","18,50","","1,80","","33,00","","12,00","","22,00","","","","","M","","","","","ND"
"1994-05-19 12:00","1994","05","19","12:00"," ","","","","","","","","","","","","","","","","","","",""
"1994-05-19 12:51","1994","05","19","12:51"," ","18,50","","1,30","","32,00","","12,00","","24,00","","","","","M","","","","","ND"
"1994-05-19 13:00","1994","05","19","13:00"," ","","","","","","","","","","","","","","","","","","",""
"1994-05-19 13:51","1994","05","19","13:51"," ","18,00","","1,80","","34,00","","12,00","","22,00","","","","","M","","","","","ND"
"1994-05-19 14:00","1994","05","19","14:00"," ","","","","","","","","","","","","","","","","","","",""
"1994-05-19 14:51","1994","05","19","14:51"," ","18,00","","1,80","","34,00","","9,00","","26,00","","","","","M","","","","","ND"
"1994-05-19 15:00","1994","05","19","15:00"," ","","","","","","","","","","","","","","","","","","",""
"1994-05-19 15:51","1994","05","19","15:51"," ","18,20","","2,70","","35,00","","11,00","","20,00","","","","","M","","","","","ND"
"1994-05-19 16:00","1994","05","19","16:00"," ","","","","","","","","","","","","","","","","","","",""
"1994-05-19 16:51","1994","05","19","16:51"," ","18,20","","3,60","","38,00","","11,00","","20,00","","","","","M","","","","","ND"
"1994-05-19 17:00","1994","05","19","17:00"," ","","","","","","","","","","","","","","","","","","",""
"1994-05-19 17:51","1994","05","19","17:51"," ","18,20","","3,50","","38,00","","10,00","","28,00","","","","","M","","","","","ND"
"1994-05-19 18:00","1994","05","19","18:00"," ","","","","","","","","","","","","","","","","","","",""
"1994-05-19 18:51","1994","05","19","18:51"," ","17,20","","3,00","","39,00","","9,00","","26,00","","","","","M","","","","","ND"
"1994-05-19 19:00","1994","05","19","19:00"," ","","","","","","","","","","","","","","","","","","",""
"1994-05-19 19:51","1994","05","19","19:51"," ","17,20","","2,90","","38,00","","9,00","","30,00","","","","","M","","","","","ND"
"1994-05-19 20:00","1994","05","19","20:00"," ","","","","","","","","","","","","","","","","","","",""
"1994-05-19 20:51","1994","05","19","20:51"," ","16,30","","2,90","","41,00","","10,00","","26,00","","","","","M","","","","","ND"
"1994-05-19 21:00","1994","05","19","21:00"," ","","","","","","","","","","","","","","","","","","",""
"1994-05-19 21:51","1994","05","19","21:51"," ","14,70","","2,50","","44,00","","9,00","","24,00","","","","","M","","","","","ND"
"1994-05-19 22:00","1994","05","19","22:00"," ","","","","","","","","","","","","","","","","","","",""
"1994-05-19 22:51","1994","05","19","22:51"," ","14,20","","2,30","","45,00","","10,00","","30,00","","","","","M","","","","","ND"
"1994-05-19 23:00","1994","05","19","23:00"," ","","","","","","","","","","","","","","","","","","",""
"1994-05-19 23:51","1994","05","19","23:51"," ","14,60","","2,40","","44,00","","9,00","","32,00","","","","","M","","","","","ND"
"1994-05-20 00:00","1994","05","20","00:00"," ","","","","","","","","","","","","","","","","","","",""
"1994-05-20 00:51","1994","05","20","00:51"," ","14,30","","2,10","","44,00","","12,00","","28,00","","","","","M","","","","","ND"
"1994-05-20 01:00","1994","05","20","01:00"," ","","","","","","","","","","","","","","","","","","",""
"1994-05-20 01:51","1994","05","20","01:51"," ","11,80","","1,60","","50,00","","12,00","","24,00","","","","","M","","","","","ND"
"1994-05-20 02:00","1994","05","20","02:00"," ","","","","","","","","","","","","","","","","","","",""
"1994-05-20 02:51","1994","05","20","02:51"," ","11,50","","1,50","","50,00","","13,00","","30,00","","","","","M","","","","","ND"
"1994-05-20 03:00","1994","05","20","03:00"," ","","","","","","","","","","","","","","","","","","",""
"1994-05-20 03:51","1994","05","20","03:51"," ","10,10","","2,10","","58,00","","12,00","","30,00","","","","","M","","","","","ND"
"1994-05-20 04:00","1994","05","20","04:00"," ","","","","","","","","","","","","","","","","","","",""
"1994-05-20 04:51","1994","05","20","04:51"," ","10,50","","2,60","","58,00","","12,00","","28,00","","","","","M","","","","","ND"
"1994-05-20 05:00","1994","05","20","05:00"," ","","","","","","","","","","","","","","","","","","",""
"1994-05-20 05:51","1994","05","20","05:51"," ","11,30","","2,70","","55,00","","12,00","","26,00","","","","","M","","","","","ND"
"1994-05-20 06:00","1994","05","20","06:00"," ","","","","","","","","","","","","","","","","","","",""
"1994-05-20 06:51","1994","05","20","06:51"," ","11,60","","2,80","","55,00","","12,00","","20,00","","","","","M","","","","","ND"
"1994-05-20 07:00","1994","05","20","07:00"," ","","","","","","","","","","","","","","","","","","",""
"1994-05-20 07:51","1994","05","20","07:51"," ","13,30","","2,70","","49,00","","14,00","","13,00","","","","","M","","","","","ND"
"1994-05-20 08:00","1994","05","20","08:00"," ","","","","","","","","","","","","","","","","","","",""
"1994-05-20 08:51","1994","05","20","08:51"," ","15,20","","2,30","","42,00","","18,00","","24,00","","","","","M","","","","","ND"
"1994-05-20 09:00","1994","05","20","09:00"," ","","","","","","","","","","","","","","","","","","",""
"1994-05-20 09:51","1994","05","20","09:51"," ","13,00","","2,40","","48,00","","27,00","","13,00","","","","","M","","","","","ND"
"1994-05-20 10:00","1994","05","20","10:00"," ","","","","","","","","","","","","","","","","","","",""
"1994-05-20 11:00","1994","05","20","11:00"," ","","","","","","","","","","","","","","","","","","",""
"1994-05-20 12:00","1994","05","20","12:00"," ","","","","","","","","","","","","","","","","","","",""
"1994-05-20 13:00","1994","05","20","13:00"," ","","","","","","","","","","","","","","","","","","",""
"1994-05-20 13:51","1994","05","20","13:51"," ","12,60","","1,80","","48,00","","24,00","","28,00","","","","","M","","","","","ND"
"1994-05-20 14:00","1994","05","20","14:00"," ","","","","","","","","","","","","","","","","","","",""
"1994-05-20 14:51","1994","05","20","14:51"," ","11,50","","0,80","","48,00","","26,00","","22,00","","","","","M","","","","","ND"
"1994-05-20 15:00","1994","05","20","15:00"," ","","","","","","","","","","","","","","","","","","",""
"1994-05-20 15:51","1994","05","20","15:51"," ","14,00","","-3,00","","31,00","","24,00","","28,00","","","","","M","","","","","ND"
"1994-05-20 16:00","1994","05","20","16:00"," ","","","","","","","","","","","","","","","","","","",""
"1994-05-20 16:51","1994","05","20","16:51"," ","13,00","","-2,60","","34,00","","24,00","","33,00","","","","","M","","","","","ND"
"1994-05-20 17:00","1994","05","20","17:00"," ","","","","","","","","","","","","","","","","","","",""
"1994-05-20 17:51","1994","05","20","17:51"," ","13,00","","-2,10","","35,00","","24,00","","30,00","","","","","M","","","","","ND"
"1994-05-20 18:00","1994","05","20","18:00"," ","","","","","","","","","","","","","","","","","","",""
"1994-05-20 18:51","1994","05","20","18:51"," ","12,80","","-2,70","","34,00","","25,00","","35,00","","","","","M","","","","","ND"
"1994-05-20 19:00","1994","05","20","19:00"," ","","","","","","","","","","","","","","","","","","",""
"1994-05-20 19:51","1994","05","20","19:51"," ","13,00","","-2,60","","34,00","","26,00","","35,00","","","","","M","","","","","ND"
"1994-05-20 20:00","1994","05","20","20:00"," ","","","","","","","","","","","","","","","","","","",""
"1994-05-20 20:51","1994","05","20","20:51"," ","12,20","","-3,20","","34,00","","25,00","","32,00","","","","","M","","","","","ND"
"1994-05-20 21:00","1994","05","20","21:00"," ","","","","","","","","","","","","","","","","","","",""
"1994-05-20 21:51","1994","05","20","21:51"," ","10,60","","-2,80","","39,00","","27,00","","15,00","","","","","M","","","","","ND"
"1994-05-20 22:00","1994","05","20","22:00"," ","","","","","","","","","","","","","","","","","","",""
"1994-05-20 22:51","1994","05","20","22:51"," ","9,00","","-3,30","","42,00","","29,00","","11,00","","","","","M","","","","","ND"
"1994-05-20 23:00","1994","05","20","23:00"," ","","","","","","","","","","","","","","","","","","",""
"1994-05-20 23:51","1994","05","20","23:51"," ","8,10","","-3,50","","44,00","","14,00","","4,00","","","","","M","","","","","ND"
"1994-05-21 00:00","1994","05","21","00:00"," ","","","","","","","","","","","","","","","","","","",""
"1994-05-21 00:51","1994","05","21","00:51"," ","8,00","","-3,30","","45,00","","11,00","","9,00","","","","","M","","","","","ND"
"1994-05-21 01:00","1994","05","21","01:00"," ","","","","","","","","","","","","","","","","","","",""
"1994-05-21 01:51","1994","05","21","01:51"," ","7,10","","-3,80","","46,00","","11,00","","4,00","","","","","M","","","","","ND"
"1994-05-21 02:00","1994","05","21","02:00"," ","","","","","","","","","","","","","","","","","","",""
"1994-05-21 02:51","1994","05","21","02:51"," ","6,70","","-3,90","","47,00","","0,00","","0,00","","","","","M","","","","","ND"
"1994-05-21 03:00","1994","05","21","03:00"," ","","","","","","","","","","","","","","","","","","",""
"1994-05-21 03:51","1994","05","21","03:51"," ","5,50","","-3,90","","51,00","","15,00","","6,00","","","","","M","","","","","ND"
"1994-05-21 04:00","1994","05","21","04:00"," ","","","","","","","","","","","","","","","","","","",""
"1994-05-21 04:51","1994","05","21","04:51"," ","7,00","","-3,10","","49,00","","31,00","","4,00","","","","","M","","","","","ND"
"1994-05-21 05:00","1994","05","21","05:00"," ","","","","","","","","","","","","","","","","","","",""
"1994-05-21 05:51","1994","05","21","05:51"," ","7,30","","-2,70","","49,00","","11,00","","4,00","","","","","M","","","","","ND"
"1994-05-21 06:00","1994","05","21","06:00"," ","","","","","","","","","","","","","","","","","","",""
"1994-05-21 06:51","1994","05","21","06:51"," ","8,10","","-2,30","","48,00","","12,00","","13,00","","","","","M","","","","","ND"
"1994-05-21 07:00","1994","05","21","07:00"," ","","","","","","","","","","","","","","","","","","",""
"1994-05-21 07:51","1994","05","21","07:51"," ","10,00","","-1,50","","45,00","","12,00","","22,00","","","","","M","","","","","ND"
"1994-05-21 08:00","1994","05","21","08:00"," ","","","","","","","","","","","","","","","","","","",""
"1994-05-21 08:51","1994","05","21","08:51"," ","11,00","","-0,90","","44,00","","12,00","","19,00","","","","","M","","","","","ND"
"1994-05-21 09:00","1994","05","21","09:00"," ","","","","","","","","","","","","","","","","","","",""
"1994-05-21 09:51","1994","05","21","09:51"," ","12,00","","-0,50","","42,00","","10,00","","32,00","","","","","M","","","","","ND"
"1994-05-21 10:00","1994","05","21","10:00"," ","","","","","","","","","","","","","","","","","","",""
"1994-05-21 10:51","1994","05","21","10:51"," ","13,00","","0,50","","42,00","","10,00","","30,00","","","","","M","","","","","ND"
"1994-05-21 11:00","1994","05","21","11:00"," ","","","","","","","","","","","","","","","","","","",""
"1994-05-21 11:51","1994","05","21","11:51"," ","13,00","","0,90","","44,00","","11,00","","28,00","","","","","M","","","","","ND"
"1994-05-21 12:00","1994","05","21","12:00"," ","","","","","","","","","","","","","","","","","","",""
"1994-05-21 12:51","1994","05","21","12:51"," ","14,00","","0,90","","41,00","","10,00","","28,00","","","","","M","","","","","ND"
"1994-05-21 13:00","1994","05","21","13:00"," ","","","","","","","","","","","","","","","","","","",""
"1994-05-21 13:51","1994","05","21","13:51"," ","14,50","","0,90","","40,00","","11,00","","33,00","","","","","M","","","","","ND"
"1994-05-21 14:00","1994","05","21","14:00"," ","","","","","","","","","","","","","","","","","","",""
"1994-05-21 14:51","1994","05","21","14:51"," ","14,60","","0,70","","39,00","","10,00","","46,00","","","","","M","","","","","ND"
"1994-05-21 15:00","1994","05","21","15:00"," ","","","","","","","","","","","","","","","","","","",""
"1994-05-21 15:51","1994","05","21","15:51"," ","15,50","","1,80","","40,00","","10,00","","37,00","","","","","M","","","","","ND"
"1994-05-21 16:00","1994","05","21","16:00"," ","","","","","","","","","","","","","","","","","","",""
"1994-05-21 16:51","1994","05","21","16:51"," ","16,20","","1,70","","38,00","","9,00","","30,00","","","","","M","","","","","ND"
"1994-05-21 17:00","1994","05","21","17:00"," ","","","","","","","","","","","","","","","","","","",""
"1994-05-21 17:51","1994","05","21","17:51"," ","16,20","","1,30","","36,00","","9,00","","33,00","","","","","M","","","","","ND"
"1994-05-21 18:00","1994","05","21","18:00"," ","","","","","","","","","","","","","","","","","","",""
"1994-05-21 18:51","1994","05","21","18:51"," ","16,20","","1,30","","36,00","","9,00","","33,00","","","","","M","","","","","ND"
"1994-05-21 19:00","1994","05","21","19:00"," ","","","","","","","","","","","","","","","","","","",""
"1994-05-21 19:51","1994","05","21","19:51"," ","16,00","","1,60","","38,00","","8,00","","30,00","","","","","M","","","","","ND"
"1994-05-21 20:00","1994","05","21","20:00"," ","","","","","","","","","","","","","","","","","","",""
"1994-05-21 20:51","1994","05","21","20:51"," ","14,80","","0,90","","39,00","","7,00","","43,00","","","","","M","","","","","ND"
"1994-05-21 21:00","1994","05","21","21:00"," ","","","","","","","","","","","","","","","","","","",""
"1994-05-21 21:51","1994","05","21","21:51"," ","13,50","","0,40","","41,00","","7,00","","44,00","","","","","M","","","","","ND"
"1994-05-21 22:00","1994","05","21","22:00"," ","","","","","","","","","","","","","","","","","","",""
"1994-05-21 22:51","1994","05","21","22:51"," ","12,70","","0,30","","43,00","","7,00","","44,00","","","","","M","","","","","ND"
"1994-05-21 23:00","1994","05","21","23:00"," ","","","","","","","","","","","","","","","","","","",""
"1994-05-21 23:51","1994","05","21","23:51"," ","12,50","","1,00","","45,00","","9,00","","39,00","","","","","M","","","","","ND"
"1994-05-22 00:00","1994","05","22","00:00"," ","","","","","","","","","","","","","","","","","","",""
"1994-05-22 00:51","1994","05","22","00:51"," ","9,10","","5,70","","79,00","","6,00","","39,00","","","","","M","","","","","ND"
"1994-05-22 01:00","1994","05","22","01:00"," ","","","","","","","","","","","","","","","","","","",""
"1994-05-22 01:51","1994","05","22","01:51"," ","10,50","","6,20","","75,00","","1,00","","11,00","","","","","M","","","","","ND"
"1994-05-22 02:00","1994","05","22","02:00"," ","","","","","","","","","","","","","","","","","","",""
"1994-05-22 02:51","1994","05","22","02:51"," ","9,10","","5,30","","77,00","","15,00","","13,00","","","","","M","","","","","ND"
"1994-05-22 03:00","1994","05","22","03:00"," ","","","","","","","","","","","","","","","","","","",""
"1994-05-22 03:51","1994","05","22","03:51"," ","7,70","","4,60","","81,00","","12,00","","19,00","","","","","M","","","","","ND"
"1994-05-22 04:00","1994","05","22","04:00"," ","","","","","","","","","","","","","","","","","","",""
"1994-05-22 04:51","1994","05","22","04:51"," ","9,20","","5,70","","79,00","","15,00","","7,00","","","","","M","","","","","ND"
"1994-05-22 05:00","1994","05","22","05:00"," ","","","","","","","","","","","","","","","","","","",""
"1994-05-22 05:51","1994","05","22","05:51"," ","10,00","","5,90","","76,00","","17,00","","4,00","","","","","M","","","","","ND"
"1994-05-22 06:00","1994","05","22","06:00"," ","","","","","","","","","","","","","","","","","","",""
"1994-05-22 06:51","1994","05","22","06:51"," ","11,00","","7,00","","76,00","","7,00","","7,00","","","","","M","","","","","ND"
"1994-05-22 07:00","1994","05","22","07:00"," ","","","","","","","","","","","","","","","","","","",""
"1994-05-22 07:51","1994","05","22","07:51"," ","12,00","","7,70","","75,00","","12,00","","17,00","","","","","M","","","","","ND"
"1994-05-22 08:00","1994","05","22","08:00"," ","","","","","","","","","","","","","","","","","","",""
"1994-05-22 08:51","1994","05","22","08:51"," ","12,50","","7,90","","74,00","","13,00","","20,00","","","","","M","","","","","ND"
"1994-05-22 09:00","1994","05","22","09:00"," ","","","","","","","","","","","","","","","","","","",""
"1994-05-22 09:51","1994","05","22","09:51"," ","13,80","","8,30","","69,00","","13,00","","17,00","","","","","M","","","","","ND"
"1994-05-22 10:00","1994","05","22","10:00"," ","","","","","","","","","","","","","","","","","","",""
"1994-05-22 10:51","1994","05","22","10:51"," ","16,50","","8,50","","59,00","","12,00","","13,00","","","","","M","","","","","ND"
"1994-05-22 11:00","1994","05","22","11:00"," ","","","","","","","","","","","","","","","","","","",""
"1994-05-22 11:51","1994","05","22","11:51"," ","18,70","","4,70","","40,00","","19,00","","9,00","","","","","M","","","","","ND"
"1994-05-22 12:00","1994","05","22","12:00"," ","","","","","","","","","","","","","","","","","","",""
"1994-05-22 12:51","1994","05","22","12:51"," ","18,80","","5,20","","41,00","","15,00","","15,00","","","","","M","","","","","ND"
"1994-05-22 13:00","1994","05","22","13:00"," ","","","","","","","","","","","","","","","","","","",""
"1994-05-22 13:51","1994","05","22","13:51"," ","17,50","","4,70","","43,00","","12,00","","15,00","","","","","M","","","","","ND"
"1994-05-22 14:00","1994","05","22","14:00"," ","","","","","","","","","","","","","","","","","","",""
"1994-05-22 14:51","1994","05","22","14:51"," ","18,00","","4,80","","42,00","","14,00","","9,00","","","","","M","","","","","ND"
"1994-05-22 15:00","1994","05","22","15:00"," ","","","","","","","","","","","","","","","","","","",""
"1994-05-22 15:51","1994","05","22","15:51"," ","17,70","","4,10","","40,00","","13,00","","17,00","","","","","M","","","","","ND"
"1994-05-22 16:00","1994","05","22","16:00"," ","","","","","","","","","","","","","","","","","","",""
"1994-05-22 16:51","1994","05","22","16:51"," ","19,60","","4,40","","37,00","","16,00","","6,00","","","","","M","","","","","ND"
"1994-05-22 17:00","1994","05","22","17:00"," ","","","","","","","","","","","","","","","","","","",""
"1994-05-22 17:51","1994","05","22","17:51"," ","19,80","","3,40","","34,00","","17,00","","15,00","","","","","M","","","","","ND"
"1994-05-22 18:00","1994","05","22","18:00"," ","","","","","","","","","","","","","","","","","","",""
"1994-05-22 18:51","1994","05","22","18:51"," ","19,20","","1,10","","30,00","","21,00","","17,00","","","","","M","","","","","ND"
"1994-05-22 19:00","1994","05","22","19:00"," ","","","","","","","","","","","","","","","","","","",""
"1994-05-22 19:51","1994","05","22","19:51"," ","19,80","","0,70","","28,00","","19,00","","20,00","","","","","M","","","","","ND"
"1994-05-22 20:00","1994","05","22","20:00"," ","","","","","","","","","","","","","","","","","","",""
"1994-05-22 20:51","1994","05","22","20:51"," ","18,70","","-0,70","","27,00","","20,00","","20,00","","","","","M","","","","","ND"
"1994-05-22 21:00","1994","05","22","21:00"," ","","","","","","","","","","","","","","","","","","",""
"1994-05-22 21:51","1994","05","22","21:51"," ","15,00","","-2,50","","30,00","","22,00","","15,00","","","","","M","","","","","ND"
"1994-05-22 22:00","1994","05","22","22:00"," ","","","","","","","","","","","","","","","","","","",""
"1994-05-22 22:51","1994","05","22","22:51"," ","13,70","","-3,60","","30,00","","23,00","","11,00","","","","","M","","","","","ND"
"1994-05-22 23:00","1994","05","22","23:00"," ","","","","","","","","","","","","","","","","","","",""
"1994-05-22 23:51","1994","05","22","23:51"," ","12,70","","-4,00","","31,00","","17,00","","7,00","","","","","M","","","","","ND"
"1994-05-23 00:00","1994","05","23","00:00"," ","","","","","","","","","","","","","","","","","","",""
"1994-05-23 00:51","1994","05","23","00:51"," ","11,00","","-4,30","","34,00","","19,00","","7,00","","","","","M","","","","","ND"
"1994-05-23 01:00","1994","05","23","01:00"," ","","","","","","","","","","","","","","","","","","",""
"1994-05-23 01:51","1994","05","23","01:51"," ","10,00","","-4,10","","37,00","","15,00","","2,00","","","","","M","","","","","ND"
"1994-05-23 02:00","1994","05","23","02:00"," ","","","","","","","","","","","","","","","","","","",""
"1994-05-23 02:51","1994","05","23","02:51"," ","10,30","","-3,80","","37,00","","12,00","","7,00","","","","","M","","","","","ND"
"1994-05-23 03:00","1994","05","23","03:00"," ","","","","","","","","","","","","","","","","","","",""
"1994-05-23 03:51","1994","05","23","03:51"," ","8,60","","-3,90","","41,00","","31,00","","4,00","","","","","M","","","","","ND"
"1994-05-23 04:00","1994","05","23","04:00"," ","","","","","","","","","","","","","","","","","","",""
"1994-05-23 04:51","1994","05","23","04:51"," ","10,20","","-3,20","","39,00","","3,00","","4,00","","","","","M","","","","","ND"
"1994-05-23 05:00","1994","05","23","05:00"," ","","","","","","","","","","","","","","","","","","",""
"1994-05-23 05:51","1994","05","23","05:51"," ","11,10","","-2,40","","39,00","","2,00","","2,00","","","","","M","","","","","ND"
"1994-05-23 06:00","1994","05","23","06:00"," ","","","","","","","","","","","","","","","","","","",""
"1994-05-23 06:51","1994","05","23","06:51"," ","13,20","","-0,80","","38,00","","1,00","","4,00","","","","","M","","","","","ND"
"1994-05-23 07:00","1994","05","23","07:00"," ","","","","","","","","","","","","","","","","","","",""
"1994-05-23 07:51","1994","05","23","07:51"," ","15,30","","0,60","","37,00","","19,00","","4,00","","","","","M","","","","","ND"
"1994-05-23 08:00","1994","05","23","08:00"," ","","","","","","","","","","","","","","","","","","",""
"1994-05-23 08:51","1994","05","23","08:51"," ","16,00","","-0,70","","32,00","","19,00","","17,00","","","","","M","","","","","ND"
"1994-05-23 09:00","1994","05","23","09:00"," ","","","","","","","","","","","","","","","","","","",""
"1994-05-23 09:51","1994","05","23","09:51"," ","17,00","","-2,10","","27,00","","19,00","","19,00","","","","","M","","","","","ND"
"1994-05-23 10:00","1994","05","23","10:00"," ","","","","","","","","","","","","","","","","","","",""
"1994-05-23 10:51","1994","05","23","10:51"," ","17,30","","-2,40","","26,00","","17,00","","13,00","","","","","M","","","","","ND"
"1994-05-23 11:00","1994","05","23","11:00"," ","","","","","","","","","","","","","","","","","","",""
"1994-05-23 11:51","1994","05","23","11:51"," ","17,50","","-2,80","","25,00","","15,00","","19,00","","","","","M","","","","","ND"
"1994-05-23 12:00","1994","05","23","12:00"," ","","","","","","","","","","","","","","","","","","",""
"1994-05-23 12:51","1994","05","23","12:51"," ","17,80","","-3,10","","24,00","","13,00","","19,00","","","","","M","","","","","ND"
"1994-05-23 13:00","1994","05","23","13:00"," ","","","","","","","","","","","","","","","","","","",""
"1994-05-23 13:51","1994","05","23","13:51"," ","18,50","","-3,10","","23,00","","15,00","","26,00","","","","","M","","","","","ND"
"1994-05-23 14:00","1994","05","23","14:00"," ","","","","","","","","","","","","","","","","","","",""
"1994-05-23 14:51","1994","05","23","14:51"," ","19,00","","-3,20","","22,00","","12,00","","19,00","","","","","M","","","","","ND"
"1994-05-23 15:00","1994","05","23","15:00"," ","","","","","","","","","","","","","","","","","","",""
"1994-05-23 15:51","1994","05","23","15:51"," ","19,50","","-4,20","","20,00","","13,00","","17,00","","","","","M","","","","","ND"
"1994-05-23 16:00","1994","05","23","16:00"," ","","","","","","","","","","","","","","","","","","",""
"1994-05-23 16:51","1994","05","23","16:51"," ","19,80","","-4,50","","19,00","","15,00","","20,00","","","","","M","","","","","ND"
"1994-05-23 17:00","1994","05","23","17:00"," ","","","","","","","","","","","","","","","","","","",""
"1994-05-23 17:51","1994","05","23","17:51"," ","19,30","","-4,30","","20,00","","13,00","","20,00","","","","","M","","","","","ND"
"1994-05-23 18:00","1994","05","23","18:00"," ","","","","","","","","","","","","","","","","","","",""
"1994-05-23 18:51","1994","05","23","18:51"," ","18,70","","-4,80","","20,00","","14,00","","22,00","","","","","M","","","","","ND"
"1994-05-23 19:00","1994","05","23","19:00"," ","","","","","","","","","","","","","","","","","","",""
"1994-05-23 19:51","1994","05","23","19:51"," ","18,70","","-4,80","","20,00","","13,00","","15,00","","","","","M","","","","","ND"
"1994-05-23 20:00","1994","05","23","20:00"," ","","","","","","","","","","","","","","","","","","",""
"1994-05-23 20:51","1994","05","23","20:51"," ","18,20","","-4,00","","22,00","","12,00","","13,00","","","","","M","","","","","ND"
"1994-05-23 21:00","1994","05","23","21:00"," ","","","","","","","","","","","","","","","","","","",""
"1994-05-23 21:51","1994","05","23","21:51"," ","14,70","","-0,60","","35,00","","12,00","","17,00","","","","","M","","","","","ND"
"1994-05-23 22:00","1994","05","23","22:00"," ","","","","","","","","","","","","","","","","","","",""
"1994-05-23 22:51","1994","05","23","22:51"," ","12,50","","-0,20","","42,00","","12,00","","22,00","","","","","M","","","","","ND"
"1994-05-23 23:00","1994","05","23","23:00"," ","","","","","","","","","","","","","","","","","","",""
"1994-05-23 23:51","1994","05","23","23:51"," ","10,50","","-0,30","","47,00","","12,00","","22,00","","","","","M","","","","","ND"
"1994-05-24 00:00","1994","05","24","00:00"," ","","","","","","","","","","","","","","","","","","",""
"1994-05-24 00:51","1994","05","24","00:51"," ","9,80","","0,60","","53,00","","12,00","","28,00","","","","","M","","","","","ND"
"1994-05-24 01:00","1994","05","24","01:00"," ","","","","","","","","","","","","","","","","","","",""
"1994-05-24 01:51","1994","05","24","01:51"," ","8,80","","0,90","","58,00","","11,00","","22,00","","","","","M","","","","","ND"
"1994-05-24 02:00","1994","05","24","02:00"," ","","","","","","","","","","","","","","","","","","",""
"1994-05-24 02:51","1994","05","24","02:51"," ","8,30","","0,90","","60,00","","12,00","","24,00","","","","","M","","","","","ND"
"1994-05-24 03:00","1994","05","24","03:00"," ","","","","","","","","","","","","","","","","","","",""
"1994-05-24 03:51","1994","05","24","03:51"," ","8,30","","1,10","","60,00","","11,00","","17,00","","","","","M","","","","","ND"
"1994-05-24 04:00","1994","05","24","04:00"," ","","","","","","","","","","","","","","","","","","",""
"1994-05-24 04:51","1994","05","24","04:51"," ","7,80","","1,30","","63,00","","10,00","","11,00","","","","","M","","","","","ND"
"1994-05-24 05:00","1994","05","24","05:00"," ","","","","","","","","","","","","","","","","","","",""
"1994-05-24 05:51","1994","05","24","05:51"," ","9,30","","1,80","","59,00","","7,00","","7,00","","","","","M","","","","","ND"
"1994-05-24 06:00","1994","05","24","06:00"," ","","","","","","","","","","","","","","","","","","",""
"1994-05-24 06:51","1994","05","24","06:51"," ","9,60","","2,50","","61,00","","9,00","","7,00","","","","","M","","","","","ND"
"1994-05-24 07:00","1994","05","24","07:00"," ","","","","","","","","","","","","","","","","","","",""
"1994-05-24 07:51","1994","05","24","07:51"," ","11,70","","3,10","","56,00","","11,00","","11,00","","","","","M","","","","","ND"
"1994-05-24 08:00","1994","05","24","08:00"," ","","","","","","","","","","","","","","","","","","",""
"1994-05-24 08:51","1994","05","24","08:51"," ","13,50","","3,70","","51,00","","12,00","","13,00","","","","","M","","","","","ND"
"1994-05-24 09:00","1994","05","24","09:00"," ","","","","","","","","","","","","","","","","","","",""
"1994-05-24 09:51","1994","05","24","09:51"," ","15,80","","3,80","","45,00","","13,00","","15,00","","","","","M","","","","","ND"
"1994-05-24 10:00","1994","05","24","10:00"," ","","","","","","","","","","","","","","","","","","",""
"1994-05-24 10:51","1994","05","24","10:51"," ","16,70","","3,30","","41,00","","13,00","","19,00","","","","","M","","","","","ND"
"1994-05-24 11:00","1994","05","24","11:00"," ","","","","","","","","","","","","","","","","","","",""
"1994-05-24 11:51","1994","05","24","11:51"," ","16,70","","3,60","","42,00","","11,00","","17,00","","","","","M","","","","","ND"
"1994-05-24 12:00","1994","05","24","12:00"," ","","","","","","","","","","","","","","","","","","",""
"1994-05-24 12:51","1994","05","24","12:51"," ","16,70","","3,90","","42,00","","11,00","","19,00","","","","","M","","","","","ND"
"1994-05-24 13:00","1994","05","24","13:00"," ","","","","","","","","","","","","","","","","","","",""
"1994-05-24 13:51","1994","05","24","13:51"," ","16,30","","3,30","","42,00","","10,00","","17,00","","","","","M","","","","","ND"
"1994-05-24 14:00","1994","05","24","14:00"," ","","","","","","","","","","","","","","","","","","",""
"1994-05-24 14:51","1994","05","24","14:51"," ","17,00","","3,90","","42,00","","12,00","","20,00","","","","","M","","","","","ND"
"1994-05-24 15:00","1994","05","24","15:00"," ","","","","","","","","","","","","","","","","","","",""
"1994-05-24 15:51","1994","05","24","15:51"," ","17,00","","3,80","","41,00","","9,00","","22,00","","","","","M","","","","","ND"
"1994-05-24 16:00","1994","05","24","16:00"," ","","","","","","","","","","","","","","","","","","",""
"1994-05-24 16:51","1994","05","24","16:51"," ","16,30","","2,90","","41,00","","12,00","","20,00","","","","","M","","","","","ND"
"1994-05-24 17:00","1994","05","24","17:00"," ","","","","","","","","","","","","","","","","","","",""
"1994-05-24 17:51","1994","05","24","17:51"," ","15,00","","2,80","","44,00","","14,00","","26,00","","","","","M","","","","","ND"
"1994-05-24 18:00","1994","05","24","18:00"," ","","","","","","","","","","","","","","","","","","",""
"1994-05-24 18:51","1994","05","24","18:51"," ","15,00","","2,30","","42,00","","13,00","","26,00","","","","","M","","","","","ND"
"1994-05-24 19:00","1994","05","24","19:00"," ","","","","","","","","","","","","","","","","","","",""
"1994-05-24 19:51","1994","05","24","19:51"," ","12,80","","1,70","","47,00","","12,00","","24,00","","","","","M","","","","","ND"
"1994-05-24 20:00","1994","05","24","20:00"," ","","","","","","","","","","","","","","","","","","",""
"1994-05-24 20:51","1994","05","24","20:51"," ","12,50","","1,90","","48,00","","12,00","","26,00","","","","","M","","","","","ND"
"1994-05-24 21:00","1994","05","24","21:00"," ","","","","","","","","","","","","","","","","","","",""
"1994-05-24 21:51","1994","05","24","21:51"," ","8,80","","2,50","","65,00","","12,00","","17,00","","","","","M","","","","","ND"
"1994-05-24 22:00","1994","05","24","22:00"," ","","","","","","","","","","","","","","","","","","",""
"1994-05-24 22:51","1994","05","24","22:51"," ","7,60","","2,60","","71,00","","12,00","","28,00","","","","","M","","","","","ND"
"1994-05-24 23:00","1994","05","24","23:00"," ","","","","","","","","","","","","","","","","","","",""
"1994-05-24 23:51","1994","05","24","23:51"," ","6,80","","2,80","","76,00","","12,00","","20,00","","","","","M","","","","","ND"
"1994-05-25 00:00","1994","05","25","00:00"," ","","","","","","","","","","","","","","","","","","",""
"1994-05-25 00:51","1994","05","25","00:51"," ","6,00","","1,90","","75,00","","9,00","","9,00","","","","","M","","","","","ND"
"1994-05-25 01:00","1994","05","25","01:00"," ","","","","","","","","","","","","","","","","","","",""
"1994-05-25 01:51","1994","05","25","01:51"," ","5,30","","1,80","","78,00","","10,00","","13,00","","","","","M","","","","","ND"
"1994-05-25 02:00","1994","05","25","02:00"," ","","","","","","","","","","","","","","","","","","",""
"1994-05-25 02:51","1994","05","25","02:51"," ","6,00","","1,90","","75,00","","17,00","","4,00","","","","","M","","","","","ND"
"1994-05-25 03:00","1994","05","25","03:00"," ","","","","","","","","","","","","","","","","","","",""
"1994-05-25 03:51","1994","05","25","03:51"," ","4,60","","0,80","","76,00","","19,00","","2,00","","","","","M","","","","","ND"
"1994-05-25 04:00","1994","05","25","04:00"," ","","","","","","","","","","","","","","","","","","",""
"1994-05-25 04:51","1994","05","25","04:51"," ","5,70","","1,90","","77,00","","18,00","","2,00","","","","","M","","","","","ND"
"1994-05-25 05:00","1994","05","25","05:00"," ","","","","","","","","","","","","","","","","","","",""
"1994-05-25 05:51","1994","05","25","05:51"," ","5,80","","2,30","","78,00","","20,00","","4,00","","","","","M","","","","","ND"
"1994-05-25 06:00","1994","05","25","06:00"," ","","","","","","","","","","","","","","","","","","",""
"1994-05-25 06:51","1994","05","25","06:51"," ","8,30","","3,70","","73,00","","0,00","","0,00","","","","","M","","","","","ND"
"1994-05-25 07:00","1994","05","25","07:00"," ","","","","","","","","","","","","","","","","","","",""
"1994-05-25 07:51","1994","05","25","07:51"," ","9,70","","4,20","","69,00","","0,00","","0,00","","","","","M","","","","","ND"
"1994-05-25 08:00","1994","05","25","08:00"," ","","","","","","","","","","","","","","","","","","",""
"1994-05-25 08:51","1994","05","25","08:51"," ","11,00","","4,60","","65,00","","32,00","","7,00","","","","","M","","","","","ND"
"1994-05-25 09:00","1994","05","25","09:00"," ","","","","","","","","","","","","","","","","","","",""
"1994-05-25 09:51","1994","05","25","09:51"," ","11,20","","4,80","","65,00","","27,00","","13,00","","","","","M","","","","","ND"
"1994-05-25 10:00","1994","05","25","10:00"," ","","","","","","","","","","","","","","","","","","",""
"1994-05-25 10:51","1994","05","25","10:51"," ","11,10","","4,50","","64,00","","35,00","","4,00","","","","","M","","","","","ND"
"1994-05-25 11:00","1994","05","25","11:00"," ","","","","","","","","","","","","","","","","","","",""
"1994-05-25 11:51","1994","05","25","11:51"," ","12,80","","5,40","","61,00","","34,00","","15,00","","","","","M","","","","","ND"
"1994-05-25 12:00","1994","05","25","12:00"," ","","","","","","","","","","","","","","","","","","",""
"1994-05-25 12:51","1994","05","25","12:51"," ","13,60","","4,60","","54,00","","36,00","","9,00","","","","","M","","","","","ND"
"1994-05-25 13:00","1994","05","25","13:00"," ","","","","","","","","","","","","","","","","","","",""
"1994-05-25 13:51","1994","05","25","13:51"," ","12,60","","3,70","","55,00","","34,00","","15,00","","","","","M","","","","","ND"
"1994-05-25 14:00","1994","05","25","14:00"," ","","","","","","","","","","","","","","","","","","",""
"1994-05-25 14:51","1994","05","25","14:51"," ","14,10","","5,10","","55,00","","6,00","","19,00","","","","","M","","","","","ND"
"1994-05-25 15:00","1994","05","25","15:00"," ","","","","","","","","","","","","","","","","","","",""
"1994-05-25 15:51","1994","05","25","15:51"," ","11,60","","4,20","","60,00","","11,00","","22,00","","","","","M","","","","","ND"
"1994-05-25 16:00","1994","05","25","16:00"," ","","","","","","","","","","","","","","","","","","",""
"1994-05-25 16:51","1994","05","25","16:51"," ","10,50","","3,80","","63,00","","","M","","M","","","","M","","","","","ND"
"1994-05-25 17:00","1994","05","25","17:00"," ","","","","","","","","","","","","","","","","","","",""
"1994-05-25 17:51","1994","05","25","17:51"," ","7,50","","6,20","","91,00","","16,00","","6,00","","","","","M","","","","","ND"
"1994-05-25 18:00","1994","05","25","18:00"," ","","","","","","","","","","","","","","","","","","",""
"1994-05-25 18:51","1994","05","25","18:51"," ","8,20","","7,40","","95,00","","3,00","","9,00","","","","","M","","","","","ND"
"1994-05-25 19:00","1994","05","25","19:00"," ","","","","","","","","","","","","","","","","","","",""
"1994-05-25 19:51","1994","05","25","19:51"," ","8,60","","6,80","","88,00","","7,00","","7,00","","","","","M","","","","","ND"
"1994-05-25 20:00","1994","05","25","20:00"," ","","","","","","","","","","","","","","","","","","",""
"1994-05-25 20:51","1994","05","25","20:51"," ","7,70","","5,70","","87,00","","9,00","","9,00","","","","","M","","","","","ND"
"1994-05-25 21:00","1994","05","25","21:00"," ","","","","","","","","","","","","","","","","","","",""
"1994-05-25 21:51","1994","05","25","21:51"," ","5,00","","3,00","","87,00","","13,00","","20,00","","","","","M","","","","","ND"
"1994-05-25 22:00","1994","05","25","22:00"," ","","","","","","","","","","","","","","","","","","",""
"1994-05-25 22:51","1994","05","25","22:51"," ","4,50","","2,70","","88,00","","8,00","","13,00","","","","","M","","","","","ND"
"1994-05-25 23:00","1994","05","25","23:00"," ","","","","","","","","","","","","","","","","","","",""
"1994-05-25 23:51","1994","05","25","23:51"," ","3,50","","2,00","","90,00","","12,00","","11,00","","","","","M","","","","","ND"
"1994-05-26 00:00","1994","05","26","00:00"," ","","","","","","","","","","","","","","","","","","",""
"1994-05-26 00:51","1994","05","26","00:51"," ","2,50","","1,40","","92,00","","12,00","","17,00","","","","","M","","","","","ND"
"1994-05-26 01:00","1994","05","26","01:00"," ","","","","","","","","","","","","","","","","","","",""
"1994-05-26 01:51","1994","05","26","01:51"," ","1,50","","1,00","","96,00","","13,00","","26,00","","","","","M","","","","","ND"
"1994-05-26 02:00","1994","05","26","02:00"," ","","","","","","","","","","","","","","","","","","",""
"1994-05-26 02:51","1994","05","26","02:51"," ","1,50","","1,10","","97,00","","12,00","","20,00","","","","","M","","","","","ND"
"1994-05-26 03:00","1994","05","26","03:00"," ","","","","","","","","","","","","","","","","","","",""
"1994-05-26 03:51","1994","05","26","03:51"," ","1,60","","1,30","","98,00","","14,00","","13,00","","","","","M","","","","","ND"
"1994-05-26 04:00","1994","05","26","04:00"," ","","","","","","","","","","","","","","","","","","",""
"1994-05-26 04:51","1994","05","26","04:51"," ","2,40","","2,00","","97,00","","12,00","","13,00","","","","","M","","","","","ND"
"1994-05-26 05:00","1994","05","26","05:00"," ","","","","","","","","","","","","","","","","","","",""
"1994-05-26 05:51","1994","05","26","05:51"," ","2,10","","1,80","","98,00","","13,00","","7,00","","","","","M","","","","","ND"
"1994-05-26 06:00","1994","05","26","06:00"," ","","","","","","","","","","","","","","","","","","",""
"1994-05-26 06:51","1994","05","26","06:51"," ","3,50","","3,00","","97,00","","14,00","","13,00","","","","","M","","","","","ND"
"1994-05-26 07:00","1994","05","26","07:00"," ","","","","","","","","","","","","","","","","","","",""
"1994-05-26 07:51","1994","05","26","07:51"," ","4,00","","2,60","","91,00","","9,00","","9,00","","","","","M","","","","","ND"
"1994-05-26 08:00","1994","05","26","08:00"," ","","","","","","","","","","","","","","","","","","",""
"1994-05-26 08:51","1994","05","26","08:51"," ","4,00","","2,70","","91,00","","12,00","","4,00","","","","","M","","","","","ND"
"1994-05-26 09:00","1994","05","26","09:00"," ","","","","","","","","","","","","","","","","","","",""
"1994-05-26 09:51","1994","05","26","09:51"," ","5,00","","2,80","","86,00","","6,00","","13,00","","","","","M","","","","","ND"
"1994-05-26 10:00","1994","05","26","10:00"," ","","","","","","","","","","","","","","","","","","",""
"1994-05-26 10:51","1994","05","26","10:51"," ","4,00","","2,30","","89,00","","10,00","","9,00","","","","","M","","","","","ND"
"1994-05-26 11:00","1994","05","26","11:00"," ","","","","","","","","","","","","","","","","","","",""
"1994-05-26 12:00","1994","05","26","12:00"," ","","","","","","","","","","","","","","","","","","",""
"1994-05-26 12:51","1994","05","26","12:51"," ","4,60","","2,70","","87,00","","9,00","","15,00","","","","","M","","","","","ND"
"1994-05-26 13:00","1994","05","26","13:00"," ","","","","","","","","","","","","","","","","","","",""
"1994-05-26 13:51","1994","05","26","13:51"," ","3,70","","2,10","","89,00","","7,00","","24,00","","","","","M","","","","","ND"
"1994-05-26 14:00","1994","05","26","14:00"," ","","","","","","","","","","","","","","","","","","",""
"1994-05-26 14:51","1994","05","26","14:51"," ","4,00","","2,30","","89,00","","6,00","","22,00","","","","","M","","","","","ND"
"1994-05-26 15:00","1994","05","26","15:00"," ","","","","","","","","","","","","","","","","","","",""
"1994-05-26 15:51","1994","05","26","15:51"," ","4,00","","2,40","","89,00","","13,00","","20,00","","","","","M","","","","","ND"
"1994-05-26 16:00","1994","05","26","16:00"," ","","","","","","","","","","","","","","","","","","",""
"1994-05-26 16:51","1994","05","26","16:51"," ","3,60","","2,00","","89,00","","12,00","","20,00","","","","","M","","","","","ND"
"1994-05-26 17:00","1994","05","26","17:00"," ","","","","","","","","","","","","","","","","","","",""
"1994-05-26 17:51","1994","05","26","17:51"," ","3,80","","2,20","","89,00","","18,00","","2,00","","","","","M","","","","","ND"
"1994-05-26 18:00","1994","05","26","18:00"," ","","","","","","","","","","","","","","","","","","",""
"1994-05-26 18:51","1994","05","26","18:51"," ","2,80","","1,20","","89,00","","12,00","","17,00","","","","","M","","","","","ND"
"1994-05-26 19:00","1994","05","26","19:00"," ","","","","","","","","","","","","","","","","","","",""
"1994-05-26 19:51","1994","05","26","19:51"," ","1,30","","0,50","","94,00","","9,00","","17,00","","","","","M","","","","","ND"
"1994-05-26 20:00","1994","05","26","20:00"," ","","","","","","","","","","","","","","","","","","",""
"1994-05-26 20:51","1994","05","26","20:51"," ","0,90","","0,10","","94,00","","8,00","","19,00","","","","","M","","","","","ND"
"1994-05-26 21:00","1994","05","26","21:00"," ","","","","","","","","","","","","","","","","","","",""
"1994-05-26 21:51","1994","05","26","21:51"," ","0,10","","-0,30","","97,00","","10,00","","11,00","","","","","M","","","","","ND"
"1994-05-26 22:00","1994","05","26","22:00"," ","","","","","","","","","","","","","","","","","","",""
"1994-05-26 22:51","1994","05","26","22:51"," ","-0,10","","-0,50","","97,00","","8,00","","13,00","","","","","M","","","-4,00","","ND"
"1994-05-26 23:00","1994","05","26","23:00"," ","","","","","","","","","","","","","","","","","","",""
"1994-05-26 23:51","1994","05","26","23:51"," ","0,10","","-0,50","","96,00","","20,00","","2,00","","","","","M","","","","","ND"
"1994-05-27 00:00","1994","05","27","00:00"," ","","","","","","","","","","","","","","","","","","",""
"1994-05-27 00:51","1994","05","27","00:51"," ","0,50","","-0,30","","94,00","","9,00","","9,00","","","","","M","","","","","ND"
"1994-05-27 01:00","1994","05","27","01:00"," ","","","","","","","","","","","","","","","","","","",""
"1994-05-27 01:51","1994","05","27","01:51"," ","-0,20","","-0,80","","96,00","","4,00","","7,00","","","","","M","","","-3,00","","ND"
"1994-05-27 02:00","1994","05","27","02:00"," ","","","","","","","","","","","","","","","","","","",""
"1994-05-27 02:51","1994","05","27","02:51"," ","0,60","","-0,10","","95,00","","1,00","","7,00","","","","","M","","","","","ND"
"1994-05-27 03:00","1994","05","27","03:00"," ","","","","","","","","","","","","","","","","","","",""
"1994-05-27 03:51","1994","05","27","03:51"," ","0,00","","-0,70","","95,00","","26,00","","6,00","","","","","M","","","-2,00","","ND"
"1994-05-27 04:00","1994","05","27","04:00"," ","","","","","","","","","","","","","","","","","","",""
"1994-05-27 04:51","1994","05","27","04:51"," ","-0,20","","-1,30","","92,00","","19,00","","2,00","","","","","M","","","-1,00","","ND"
"1994-05-27 05:00","1994","05","27","05:00"," ","","","","","","","","","","","","","","","","","","",""
"1994-05-27 05:51","1994","05","27","05:51"," ","0,10","","-1,00","","92,00","","35,00","","6,00","","","","","M","","","","","ND"
"1994-05-27 06:00","1994","05","27","06:00"," ","","","","","","","","","","","","","","","","","","",""
"1994-05-27 06:51","1994","05","27","06:51"," ","-0,80","","-2,50","","88,00","","11,00","","11,00","","","","","M","","","-5,00","","ND"
"1994-05-27 07:00","1994","05","27","07:00"," ","","","","","","","","","","","","","","","","","","",""
"1994-05-27 07:51","1994","05","27","07:51"," ","0,30","","-1,70","","86,00","","1,00","","6,00","","","","","M","","","","","ND"
"1994-05-27 08:00","1994","05","27","08:00"," ","","","","","","","","","","","","","","","","","","",""
"1994-05-27 08:51","1994","05","27","08:51"," ","0,20","","-2,70","","81,00","","8,00","","22,00","","","","","M","","","","","ND"
"1994-05-27 09:00","1994","05","27","09:00"," ","","","","","","","","","","","","","","","","","","",""
"1994-05-27 09:51","1994","05","27","09:51"," ","1,00","","-1,40","","84,00","","2,00","","20,00","","","","","M","","","","","ND"
"1994-05-27 10:00","1994","05","27","10:00"," ","","","","","","","","","","","","","","","","","","",""
"1994-05-27 10:51","1994","05","27","10:51"," ","1,20","","-1,60","","82,00","","2,00","","22,00","","","","","M","","","","","ND"
"1994-05-27 11:00","1994","05","27","11:00"," ","","","","","","","","","","","","","","","","","","",""
"1994-05-27 11:51","1994","05","27","11:51"," ","1,00","","-1,00","","86,00","","8,00","","9,00","","","","","M","","","","","ND"
"1994-05-27 12:00","1994","05","27","12:00"," ","","","","","","","","","","","","","","","","","","",""
"1994-05-27 12:51","1994","05","27","12:51"," ","0,00","","-1,90","","87,00","","12,00","","11,00","","","","","M","","","-4,00","","ND"
"1994-05-27 13:00","1994","05","27","13:00"," ","","","","","","","","","","","","","","","","","","",""
"1994-05-27 13:51","1994","05","27","13:51"," ","0,40","","-1,60","","86,00","","8,00","","19,00","","","","","M","","","","","ND"
"1994-05-27 14:00","1994","05","27","14:00"," ","","","","","","","","","","","","","","","","","","",""
"1994-05-27 14:51","1994","05","27","14:51"," ","1,20","","-1,20","","84,00","","8,00","","26,00","","","","","M","","","","","ND"
"1994-05-27 15:00","1994","05","27","15:00"," ","","","","","","","","","","","","","","","","","","",""
"1994-05-27 15:51","1994","05","27","15:51"," ","2,00","","-1,40","","78,00","","8,00","","24,00","","","","","M","","","","","ND"
"1994-05-27 16:00","1994","05","27","16:00"," ","","","","","","","","","","","","","","","","","","",""
"1994-05-27 16:51","1994","05","27","16:51"," ","1,80","","-2,70","","72,00","","5,00","","22,00","","","","","M","","","","","ND"
"1994-05-27 17:00","1994","05","27","17:00"," ","","","","","","","","","","","","","","","","","","",""
"1994-05-27 17:51","1994","05","27","17:51"," ","-0,60","","-2,00","","90,00","","6,00","","19,00","","","","","M","","","-6,00","","ND"
"1994-05-27 18:00","1994","05","27","18:00"," ","","","","","","","","","","","","","","","","","","",""
"1994-05-27 18:51","1994","05","27","18:51"," ","-0,90","","-1,90","","93,00","","3,00","","20,00","","","","","M","","","-6,00","","ND"
"1994-05-27 19:00","1994","05","27","19:00"," ","","","","","","","","","","","","","","","","","","",""
"1994-05-27 19:51","1994","05","27","19:51"," ","-1,00","","-2,40","","90,00","","4,00","","20,00","","","","","M","","","-7,00","","ND"
"1994-05-27 20:00","1994","05","27","20:00"," ","","","","","","","","","","","","","","","","","","",""
"1994-05-27 20:51","1994","05","27","20:51"," ","-2,00","","-3,90","","87,00","","4,00","","17,00","","","","","M","","","-7,00","","ND"
"1994-05-27 21:00","1994","05","27","21:00"," ","","","","","","","","","","","","","","","","","","",""
"1994-05-27 21:51","1994","05","27","21:51"," ","-3,30","","-4,70","","90,00","","5,00","","24,00","","","","","M","","","-10,00","","ND"
"1994-05-27 22:00","1994","05","27","22:00"," ","","","","","","","","","","","","","","","","","","",""
"1994-05-27 22:51","1994","05","27","22:51"," ","-3,70","","-5,10","","90,00","","7,00","","22,00","","","","","M","","","-10,00","","ND"
"1994-05-27 23:00","1994","05","27","23:00"," ","","","","","","","","","","","","","","","","","","",""
"1994-05-27 23:51","1994","05","27","23:51"," ","-3,70","","-5,40","","88,00","","6,00","","26,00","","","","","M","","","-11,00","","ND"
"1994-05-28 00:00","1994","05","28","00:00"," ","","","","","","","","","","","","","","","","","","",""
"1994-05-28 00:51","1994","05","28","00:51"," ","-4,30","","-5,80","","89,00","","35,00","","6,00","","","","","M","","","-7,00","","ND"
"1994-05-28 01:00","1994","05","28","01:00"," ","","","","","","","","","","","","","","","","","","",""
"1994-05-28 01:51","1994","05","28","01:51"," ","-4,80","","-6,20","","90,00","","6,00","","28,00","","","","","M","","","-12,00","","ND"
"1994-05-28 02:00","1994","05","28","02:00"," ","","","","","","","","","","","","","","","","","","",""
"1994-05-28 02:51","1994","05","28","02:51"," ","-4,50","","-6,20","","88,00","","5,00","","22,00","","","","","M","","","-11,00","","ND"
"1994-05-28 03:00","1994","05","28","03:00"," ","","","","","","","","","","","","","","","","","","",""
"1994-05-28 03:51","1994","05","28","03:51"," ","-6,60","","-8,30","","88,00","","9,00","","20,00","","","","","M","","","-14,00","","ND"
"1994-05-28 04:00","1994","05","28","04:00"," ","","","","","","","","","","","","","","","","","","",""
"1994-05-28 04:51","1994","05","28","04:51"," ","-7,00","","-8,40","","90,00","","17,00","","13,00","","","","","M","","","-13,00","","ND"
"1994-05-28 05:00","1994","05","28","05:00"," ","","","","","","","","","","","","","","","","","","",""
"1994-05-28 05:51","1994","05","28","05:51"," ","-7,50","","-9,00","","89,00","","11,00","","19,00","","","","","M","","","-15,00","","ND"
"1994-05-28 06:00","1994","05","28","06:00"," ","","","","","","","","","","","","","","","","","","",""
"1994-05-28 06:51","1994","05","28","06:51"," ","-7,00","","-8,80","","87,00","","10,00","","17,00","","","","","M","","","-13,00","","ND"
"1994-05-28 07:00","1994","05","28","07:00"," ","","","","","","","","","","","","","","","","","","",""
"1994-05-28 07:51","1994","05","28","07:51"," ","-7,10","","-8,70","","88,00","","12,00","","19,00","","","","","M","","","-14,00","","ND"
"1994-05-28 08:00","1994","05","28","08:00"," ","","","","","","","","","","","","","","","","","","",""
"1994-05-28 08:51","1994","05","28","08:51"," ","-7,50","","-8,70","","91,00","","12,00","","13,00","","","","","M","","","-13,00","","ND"
"1994-05-28 09:00","1994","05","28","09:00"," ","","","","","","","","","","","","","","","","","","",""
"1994-05-28 09:51","1994","05","28","09:51"," ","-6,80","","-8,20","","90,00","","12,00","","17,00","","","","","M","","","-13,00","","ND"
"1994-05-28 10:00","1994","05","28","10:00"," ","","","","","","","","","","","","","","","","","","",""
"1994-05-28 10:51","1994","05","28","10:51"," ","-6,50","","-7,80","","90,00","","12,00","","11,00","","","","","M","","","-11,00","","ND"
"1994-05-28 11:00","1994","05","28","11:00"," ","","","","","","","","","","","","","","","","","","",""
"1994-05-28 11:51","1994","05","28","11:51"," ","-6,00","","-7,70","","88,00","","13,00","","13,00","","","","","M","","","-11,00","","ND"
"1994-05-28 12:00","1994","05","28","12:00"," ","","","","","","","","","","","","","","","","","","",""
"1994-05-28 12:51","1994","05","28","12:51"," ","-5,20","","-6,60","","90,00","","14,00","","15,00","","","","","M","","","-11,00","","ND"
"1994-05-28 13:00","1994","05","28","13:00"," ","","","","","","","","","","","","","","","","","","",""
"1994-05-28 14:00","1994","05","28","14:00"," ","-5,00","","-6,20","","91,00","","14,00","","13,00","","","","","M","","","-10,00","","ND"
"1994-05-28 14:55","1994","05","28","14:55"," ","-5,00","","-6,40","","90,00","","14,00","","15,00","","","","","M","","","-11,00","","ND"
"1994-05-28 15:00","1994","05","28","15:00"," ","","","","","","","","","","","","","","","","","","",""
"1994-05-28 15:51","1994","05","28","15:51"," ","-3,70","","-5,70","","86,00","","14,00","","15,00","","","","","M","","","-9,00","","ND"
"1994-05-28 16:00","1994","05","28","16:00"," ","","","","","","","","","","","","","","","","","","",""
"1994-05-28 16:51","1994","05","28","16:51"," ","-3,30","","-5,70","","83,00","","15,00","","13,00","","","","","M","","","-8,00","","ND"
"1994-05-28 17:00","1994","05","28","17:00"," ","","","","","","","","","","","","","","","","","","",""
"1994-05-28 17:51","1994","05","28","17:51"," ","-4,30","","-6,80","","83,00","","13,00","","17,00","","","","","M","","","-10,00","","ND"
"1994-05-28 18:00","1994","05","28","18:00"," ","","","","","","","","","","","","","","","","","","",""
"1994-05-28 18:51","1994","05","28","18:51"," ","-4,30","","-6,80","","83,00","","11,00","","15,00","","","","","M","","","-10,00","","ND"
"1994-05-28 19:00","1994","05","28","19:00"," ","","","","","","","","","","","","","","","","","","",""
"1994-05-28 19:51","1994","05","28","19:51"," ","-5,00","","-7,30","","84,00","","13,00","","19,00","","","","","M","","","-11,00","","ND"
"1994-05-28 20:00","1994","05","28","20:00"," ","","","","","","","","","","","","","","","","","","",""
"1994-05-28 21:00","1994","05","28","21:00"," ","","","","","","","","","","","","","","","","","","",""
"1994-05-28 21:57","1994","05","28","21:57"," ","-5,20","","-7,50","","84,00","","14,00","","22,00","","","","","M","","","-12,00","","ND"
"1994-05-28 22:00","1994","05","28","22:00"," ","-7,00","","-8,00","","93,00","","13,00","","26,00","","","","","M","","","-15,00","","ND"
"1994-05-28 22:51","1994","05","28","22:51"," ","-7,50","","-8,30","","94,00","","13,00","","22,00","","","","","M","","","-15,00","","ND"
"1994-05-28 23:00","1994","05","28","23:00"," ","","","","","","","","","","","","","","","","","","",""
"1994-05-28 23:51","1994","05","28","23:51"," ","-7,70","","-8,60","","93,00","","13,00","","22,00","","","","","M","","","-15,00","","ND"
"1994-05-29 00:00","1994","05","29","00:00"," ","","","","","","","","","","","","","","","","","","",""
"1994-05-29 00:51","1994","05","29","00:51"," ","-8,10","","-8,90","","94,00","","13,00","","19,00","","","","","M","","","-15,00","","ND"
"1994-05-29 01:00","1994","05","29","01:00"," ","","","","","","","","","","","","","","","","","","",""
"1994-05-29 01:51","1994","05","29","01:51"," ","-8,20","","-8,90","","95,00","","13,00","","19,00","","","","","M","","","-15,00","","ND"
"1994-05-29 02:00","1994","05","29","02:00"," ","","","","","","","","","","","","","","","","","","",""
"1994-05-29 02:51","1994","05","29","02:51"," ","-8,50","","-9,20","","95,00","","13,00","","19,00","","","","","M","","","-16,00","","ND"
"1994-05-29 03:00","1994","05","29","03:00"," ","","","","","","","","","","","","","","","","","","",""
"1994-05-29 03:51","1994","05","29","03:51"," ","-8,60","","-9,20","","95,00","","13,00","","17,00","","","","","M","","","-15,00","","ND"
"1994-05-29 04:00","1994","05","29","04:00"," ","","","","","","","","","","","","","","","","","","",""
"1994-05-29 04:51","1994","05","29","04:51"," ","-8,70","","-9,30","","95,00","","13,00","","19,00","","","","","M","","","-16,00","","ND"
"1994-05-29 05:00","1994","05","29","05:00"," ","","","","","","","","","","","","","","","","","","",""
"1994-05-29 05:51","1994","05","29","05:51"," ","-8,60","","-9,40","","94,00","","13,00","","13,00","","","","","M","","","-15,00","","ND"
"1994-05-29 06:00","1994","05","29","06:00"," ","","","","","","","","","","","","","","","","","","",""
"1994-05-29 06:51","1994","05","29","06:51"," ","-8,10","","-8,80","","95,00","","14,00","","15,00","","","","","M","","","-14,00","","ND"
"1994-05-29 07:00","1994","05","29","07:00"," ","","","","","","","","","","","","","","","","","","",""
"1994-05-29 07:51","1994","05","29","07:51"," ","-8,20","","-8,90","","95,00","","13,00","","17,00","","","","","M","","","-15,00","","ND"
"1994-05-29 08:00","1994","05","29","08:00"," ","","","","","","","","","","","","","","","","","","",""
"1994-05-29 09:00","1994","05","29","09:00"," ","","","","","","","","","","","","","","","","","","",""
"1994-05-29 09:51","1994","05","29","09:51"," ","-6,70","","-8,30","","88,00","","15,00","","28,00","","","","","M","","","-15,00","","ND"
"1994-05-29 10:00","1994","05","29","10:00"," ","","","","","","","","","","","","","","","","","","",""
"1994-05-29 10:55","1994","05","29","10:55"," ","-5,70","","-8,00","","84,00","","14,00","","20,00","","","","","M","","","-12,00","","ND"
"1994-05-29 11:00","1994","05","29","11:00"," ","","","","","","","","","","","","","","","","","","",""
"1994-05-29 11:51","1994","05","29","11:51"," ","-5,50","","-7,50","","86,00","","13,00","","26,00","","","","","M","","","-13,00","","ND"
"1994-05-29 12:00","1994","05","29","12:00"," ","","","","","","","","","","","","","","","","","","",""
"1994-05-29 12:51","1994","05","29","12:51"," ","-5,20","","-7,30","","85,00","","13,00","","32,00","","","","","M","","","-13,00","","ND"
"1994-05-29 13:00","1994","05","29","13:00"," ","","","","","","","","","","","","","","","","","","",""
"1994-05-29 13:51","1994","05","29","13:51"," ","-4,80","","-6,90","","85,00","","13,00","","26,00","","","","","M","","","-12,00","","ND"
"1994-05-29 14:00","1994","05","29","14:00"," ","","","","","","","","","","","","","","","","","","",""
"1994-05-29 14:51","1994","05","29","14:51"," ","-4,30","","-6,40","","85,00","","13,00","","32,00","","","","","M","","","-12,00","","ND"
"1994-05-29 15:00","1994","05","29","15:00"," ","","","","","","","","","","","","","","","","","","",""
"1994-05-29 15:51","1994","05","29","15:51"," ","-3,80","","-6,10","","84,00","","13,00","","35,00","","","","","M","","","-12,00","","ND"
"1994-05-29 16:00","1994","05","29","16:00"," ","","","","","","","","","","","","","","","","","","",""
"1994-05-29 16:51","1994","05","29","16:51"," ","-4,30","","-6,50","","85,00","","13,00","","32,00","","","","","M","","","-12,00","","ND"
"1994-05-29 17:00","1994","05","29","17:00"," ","","","","","","","","","","","","","","","","","","",""
"1994-05-29 17:51","1994","05","29","17:51"," ","-4,30","","-6,40","","85,00","","13,00","","33,00","","","","","M","","","-12,00","","ND"
"1994-05-29 18:00","1994","05","29","18:00"," ","","","","","","","","","","","","","","","","","","",""
"1994-05-29 18:51","1994","05","29","18:51"," ","-4,50","","-6,60","","85,00","","14,00","","28,00","","","","","M","","","-12,00","","ND"
"1994-05-29 19:00","1994","05","29","19:00"," ","","","","","","","","","","","","","","","","","","",""
"1994-05-29 19:51","1994","05","29","19:51"," ","-5,50","","-7,20","","88,00","","13,00","","26,00","","","","","M","","","-13,00","","ND"
"1994-05-29 20:00","1994","05","29","20:00"," ","","","","","","","","","","","","","","","","","","",""
"1994-05-29 20:51","1994","05","29","20:51"," ","-5,00","","-6,90","","86,00","","12,00","","22,00","","","","","M","","","-12,00","","ND"
"1994-05-29 21:00","1994","05","29","21:00"," ","","","","","","","","","","","","","","","","","","",""
"1994-05-29 21:51","1994","05","29","21:51"," ","-6,20","","-8,00","","87,00","","14,00","","22,00","","","","","M","","","-13,00","","ND"
"1994-05-29 22:00","1994","05","29","22:00"," ","","","","","","","","","","","","","","","","","","",""
"1994-05-29 22:51","1994","05","29","22:51"," ","-5,60","","-8,00","","83,00","","12,00","","22,00","","","","","M","","","-13,00","","ND"
"1994-05-29 23:00","1994","05","29","23:00"," ","","","","","","","","","","","","","","","","","","",""
"1994-05-29 23:51","1994","05","29","23:51"," ","-6,70","","-8,70","","86,00","","13,00","","24,00","","","","","M","","","-14,00","","ND"
"1994-05-30 00:00","1994","05","30","00:00"," ","","","","","","","","","","","","","","","","","","",""
"1994-05-30 00:51","1994","05","30","00:51"," ","-6,60","","-8,60","","86,00","","13,00","","22,00","","","","","M","","","-14,00","","ND"
"1994-05-30 01:00","1994","05","30","01:00"," ","","","","","","","","","","","","","","","","","","",""
"1994-05-30 01:51","1994","05","30","01:51"," ","-7,00","","-9,00","","86,00","","13,00","","28,00","","","","","M","","","-15,00","","ND"
"1994-05-30 02:00","1994","05","30","02:00"," ","","","","","","","","","","","","","","","","","","",""
"1994-05-30 02:51","1994","05","30","02:51"," ","-7,00","","-9,00","","86,00","","14,00","","24,00","","","","","M","","","-15,00","","ND"
"1994-05-30 03:00","1994","05","30","03:00"," ","","","","","","","","","","","","","","","","","","",""
"1994-05-30 03:51","1994","05","30","03:51"," ","-5,80","","-8,70","","80,00","","13,00","","28,00","","","","","M","","","-14,00","","ND"
"1994-05-30 04:00","1994","05","30","04:00"," ","","","","","","","","","","","","","","","","","","",""
"1994-05-30 04:51","1994","05","30","04:51"," ","-5,70","","-8,50","","81,00","","12,00","","24,00","","","","","M","","","-13,00","","ND"
"1994-05-30 05:00","1994","05","30","05:00"," ","","","","","","","","","","","","","","","","","","",""
"1994-05-30 05:51","1994","05","30","05:51"," ","-5,60","","-8,20","","82,00","","13,00","","28,00","","","","","M","","","-14,00","","ND"
"1994-05-30 06:00","1994","05","30","06:00"," ","","","","","","","","","","","","","","","","","","",""
"1994-05-30 06:51","1994","05","30","06:51"," ","-5,00","","-7,60","","82,00","","13,00","","28,00","","","","","M","","","-13,00","","ND"
"1994-05-30 07:00","1994","05","30","07:00"," ","","","","","","","","","","","","","","","","","","",""
"1994-05-30 07:51","1994","05","30","07:51"," ","-5,00","","-7,40","","83,00","","13,00","","28,00","","","","","M","","","-13,00","","ND"
"1994-05-30 08:00","1994","05","30","08:00"," ","","","","","","","","","","","","","","","","","","",""
"1994-05-30 08:51","1994","05","30","08:51"," ","-4,00","","-6,60","","82,00","","14,00","","26,00","","","","","M","","","-11,00","","ND"
"1994-05-30 09:00","1994","05","30","09:00"," ","","","","","","","","","","","","","","","","","","",""
"1994-05-30 09:51","1994","05","30","09:51"," ","-3,00","","-5,80","","81,00","","13,00","","28,00","","","","","M","","","-10,00","","ND"
"1994-05-30 10:00","1994","05","30","10:00"," ","","","","","","","","","","","","","","","","","","",""
"1994-05-30 10:51","1994","05","30","10:51"," ","-1,60","","-4,70","","79,00","","13,00","","20,00","","","","","M","","","-7,00","","ND"
"1994-05-30 11:00","1994","05","30","11:00"," ","","","","","","","","","","","","","","","","","","",""
"1994-05-30 11:51","1994","05","30","11:51"," ","-0,50","","-4,00","","77,00","","12,00","","24,00","","","","","M","","","-6,00","","ND"
"1994-05-30 12:00","1994","05","30","12:00"," ","","","","","","","","","","","","","","","","","","",""
"1994-05-30 12:51","1994","05","30","12:51"," ","1,00","","-3,00","","75,00","","14,00","","22,00","","","","","M","","","","","ND"
"1994-05-30 13:00","1994","05","30","13:00"," ","","","","","","","","","","","","","","","","","","",""
"1994-05-30 13:51","1994","05","30","13:51"," ","2,00","","-2,40","","73,00","","13,00","","26,00","","","","","M","","","","","ND"
"1994-05-30 14:00","1994","05","30","14:00"," ","","","","","","","","","","","","","","","","","","",""
"1994-05-30 14:51","1994","05","30","14:51"," ","3,80","","-1,00","","71,00","","13,00","","19,00","","","","","M","","","","","ND"
"1994-05-30 15:00","1994","05","30","15:00"," ","","","","","","","","","","","","","","","","","","",""
"1994-05-30 15:51","1994","05","30","15:51"," ","6,00","","0,20","","66,00","","13,00","","35,00","","","","","M","","","","","ND"
"1994-05-30 16:00","1994","05","30","16:00"," ","","","","","","","","","","","","","","","","","","",""
"1994-05-30 16:51","1994","05","30","16:51"," ","6,70","","0,50","","65,00","","13,00","","24,00","","","","","M","","","","","ND"
"1994-05-30 17:00","1994","05","30","17:00"," ","","","","","","","","","","","","","","","","","","",""
"1994-05-30 17:51","1994","05","30","17:51"," ","6,70","","0,50","","65,00","","13,00","","28,00","","","","","M","","","","","ND"
"1994-05-30 18:00","1994","05","30","18:00"," ","","","","","","","","","","","","","","","","","","",""
"1994-05-30 18:51","1994","05","30","18:51"," ","6,50","","0,40","","65,00","","13,00","","26,00","","","","","M","","","","","ND"
"1994-05-30 19:00","1994","05","30","19:00"," ","","","","","","","","","","","","","","","","","","",""
"1994-05-30 19:51","1994","05","30","19:51"," ","5,60","","-0,10","","67,00","","13,00","","26,00","","","","","M","","","","","ND"
"1994-05-30 20:00","1994","05","30","20:00"," ","","","","","","","","","","","","","","","","","","",""
"1994-05-30 20:51","1994","05","30","20:51"," ","5,50","","-0,20","","67,00","","13,00","","28,00","","","","","M","","","","","ND"
"1994-05-30 21:00","1994","05","30","21:00"," ","","","","","","","","","","","","","","","","","","",""
"1994-05-30 21:51","1994","05","30","21:51"," ","4,00","","-1,00","","70,00","","13,00","","28,00","","","","","M","","","","","ND"
"1994-05-30 22:00","1994","05","30","22:00"," ","","","","","","","","","","","","","","","","","","",""
"1994-05-30 22:51","1994","05","30","22:51"," ","2,70","","-1,30","","75,00","","11,00","","20,00","","","","","M","","","","","ND"
"1994-05-30 23:00","1994","05","30","23:00"," ","","","","","","","","","","","","","","","","","","",""
"1994-05-30 23:51","1994","05","30","23:51"," ","1,80","","-1,50","","79,00","","12,00","","15,00","","","","","M","","","","","ND"
"1994-05-31 00:00","1994","05","31","00:00"," ","","","","","","","","","","","","","","","","","","",""
"1994-05-31 00:51","1994","05","31","00:51"," ","2,50","","-1,20","","77,00","","9,00","","19,00","","","","","M","","","","","ND"
"1994-05-31 01:00","1994","05","31","01:00"," ","","","","","","","","","","","","","","","","","","",""
"1994-05-31 01:51","1994","05","31","01:51"," ","2,60","","-1,40","","75,00","","9,00","","4,00","","","","","M","","","","","ND"
"1994-05-31 02:00","1994","05","31","02:00"," ","","","","","","","","","","","","","","","","","","",""
"1994-05-31 02:51","1994","05","31","02:51"," ","2,50","","-1,70","","74,00","","10,00","","11,00","","","","","M","","","","","ND"
"1994-05-31 03:00","1994","05","31","03:00"," ","","","","","","","","","","","","","","","","","","",""
"1994-05-31 03:51","1994","05","31","03:51"," ","4,50","","-1,20","","66,00","","1,00","","4,00","","","","","M","","","","","ND"
"1994-05-31 04:00","1994","05","31","04:00"," ","","","","","","","","","","","","","","","","","","",""
"1994-05-31 05:00","1994","05","31","05:00"," ","","","","","","","","","","","","","","","","","","",""
"1994-05-31 05:51","1994","05","31","05:51"," ","6,00","","-0,70","","62,00","","13,00","","7,00","","","","","M","","","","","ND"
"1994-05-31 06:00","1994","05","31","06:00"," ","","","","","","","","","","","","","","","","","","",""
"1994-05-31 06:51","1994","05","31","06:51"," ","8,10","","0,60","","59,00","","28,00","","2,00","","","","","M","","","","","ND"
"1994-05-31 07:00","1994","05","31","07:00"," ","","","","","","","","","","","","","","","","","","",""
"1994-05-31 07:51","1994","05","31","07:51"," ","10,10","","-1,30","","45,00","","18,00","","6,00","","","","","M","","","","","ND"
"1994-05-31 08:00","1994","05","31","08:00"," ","","","","","","","","","","","","","","","","","","",""
"1994-05-31 08:51","1994","05","31","08:51"," ","10,30","","-0,80","","46,00","","13,00","","9,00","","","","","M","","","","","ND"
"1994-05-31 09:00","1994","05","31","09:00"," ","","","","","","","","","","","","","","","","","","",""
"1994-05-31 09:51","1994","05","31","09:51"," ","11,00","","-0,80","","44,00","","15,00","","20,00","","","","","M","","","","","ND"
"1994-05-31 10:00","1994","05","31","10:00"," ","","","","","","","","","","","","","","","","","","",""
"1994-05-31 10:51","1994","05","31","10:51"," ","12,10","","-0,10","","43,00","","13,00","","20,00","","","","","M","","","","","ND"
"1994-05-31 11:00","1994","05","31","11:00"," ","","","","","","","","","","","","","","","","","","",""
"1994-05-31 11:51","1994","05","31","11:51"," ","12,50","","0,10","","42,00","","14,00","","17,00","","","","","M","","","","","ND"
"1994-05-31 12:00","1994","05","31","12:00"," ","","","","","","","","","","","","","","","","","","",""
"1994-05-31 12:51","1994","05","31","12:51"," ","12,80","","0,10","","42,00","","11,00","","20,00","","","","","M","","","","","ND"
"1994-05-31 13:00","1994","05","31","13:00"," ","","","","","","","","","","","","","","","","","","",""
"1994-05-31 13:51","1994","05","31","13:51"," ","13,00","","0,30","","42,00","","11,00","","17,00","","","","","M","","","","","ND"
"1994-05-31 14:00","1994","05","31","14:00"," ","","","","","","","","","","","","","","","","","","",""
"1994-05-31 14:51","1994","05","31","14:51"," ","13,10","","0,00","","41,00","","12,00","","20,00","","","","","M","","","","","ND"
"1994-05-31 15:00","1994","05","31","15:00"," ","","","","","","","","","","","","","","","","","","",""
"1994-05-31 15:51","1994","05","31","15:51"," ","13,10","","-0,50","","39,00","","12,00","","26,00","","","","","M","","","","","ND"
"1994-05-31 16:00","1994","05","31","16:00"," ","","","","","","","","","","","","","","","","","","",""
"1994-05-31 16:51","1994","05","31","16:51"," ","11,50","","-1,70","","40,00","","12,00","","24,00","","","","","M","","","","","ND"
"1994-05-31 17:00","1994","05","31","17:00"," ","","","","","","","","","","","","","","","","","","",""
"1994-05-31 17:51","1994","05","31","17:51"," ","11,00","","-1,50","","42,00","","13,00","","15,00","","","","","M","","","","","ND"
"1994-05-31 18:00","1994","05","31","18:00"," ","","","","","","","","","","","","","","","","","","",""
"1994-05-31 18:51","1994","05","31","18:51"," ","10,80","","1,80","","54,00","","21,00","","6,00","","","","","M","","","","","ND"
"1994-05-31 19:00","1994","05","31","19:00"," ","","","","","","","","","","","","","","","","","","",""
"1994-05-31 19:51","1994","05","31","19:51"," ","12,50","","2,20","","49,00","","10,00","","6,00","","","","","M","","","","","ND"
"1994-05-31 20:00","1994","05","31","20:00"," ","","","","","","","","","","","","","","","","","","",""
"1994-05-31 20:51","1994","05","31","20:51"," ","11,70","","0,10","","45,00","","12,00","","17,00","","","","","M","","","","","ND"
"1994-05-31 21:00","1994","05","31","21:00"," ","","","","","","","","","","","","","","","","","","",""
"1994-05-31 21:51","1994","05","31","21:51"," ","9,30","","-1,40","","47,00","","11,00","","20,00","","","","","M","","","","","ND"
"1994-05-31 22:00","1994","05","31","22:00"," ","","","","","","","","","","","","","","","","","","",""
"1994-05-31 22:51","1994","05","31","22:51"," ","8,60","","-1,90","","48,00","","11,00","","22,00","","","","","M","","","","","ND"
"1994-05-31 23:00","1994","05","31","23:00"," ","","","","","","","","","","","","","","","","","","",""
"1994-05-31 23:51","1994","05","31","23:51"," ","7,10","","-2,90","","49,00","","13,00","","17,00","","","","","M","","","","","ND"
