"Nom de la Station","PEACE RIVER A"
"Province","ALBERTA"
"Latitude","56,23"
"Longitude","-117,45"
"Altitude","570,90"
"Identification Climat","3075040"
"Identification OMM","71068"
"Identification TC","YPE"
"Toutes les heures sont exprimées en heure normale locale (HNL). Pour convertir l'heure locale en heure avancée de l'Est (HAE), ajoutez 1 heure s'il y a lieu."

"Légende"
"M","Données Manquantes"
"E","Valeur Estimée"
"ND","Non Disponible"
"**","Données fournies par un partenaire, non assujetties à un révision par les Archives climatiques nationales du Canada"

"Date/Heure","Année","Mois","Jour","Heure","Qualité des Données","Temp (°C)","Temp Indicateur","Point de rosée (°C)","Point de rosée Indicateur","Hum. rel (%)","Hum. rel. Indicateur","Dir. du vent (10s deg)","Dir. du vent Indicateur","Vit. du vent (km/h)","Vit. du vent Indicateur","Visibilité (km)","Visibilité Indicateur","Pression à la station (kPa)","Pression à la station Indicateur","Hmdx","Hmdx Indicateur","Refroid. éolien","Refroid. éolien Indicateur","Temps"
"1999-06-01 00:00","1999","06","01","00:00"," ","9,30","","5,20","","76,00","","27,00","","9,00","","24,10","","93,59","","","","","","Généralement nuageux"
"1999-06-01 01:00","1999","06","01","01:00"," ","9,00","","5,30","","78,00","","3,00","","4,00","","24,10","","93,62","","","","","","Généralement nuageux"
"1999-06-01 02:00","1999","06","01","02:00"," ","9,20","","5,30","","77,00","","5,00","","7,00","","24,10","","93,65","","","","","","Généralement nuageux"
"1999-06-01 03:00","1999","06","01","03:00"," ","8,60","","4,80","","77,00","","30,00","","4,00","","24,10","","93,72","","","","","","Généralement nuageux"
"1999-06-01 04:00","1999","06","01","04:00"," ","8,80","","4,00","","72,00","","25,00","","6,00","","24,10","","93,75","","","","","","Généralement nuageux"
"1999-06-01 05:00","1999","06","01","05:00"," ","8,80","","4,30","","73,00","","29,00","","7,00","","24,10","","93,78","","","","","","Généralement nuageux"
"1999-06-01 06:00","1999","06","01","06:00"," ","8,80","","4,40","","74,00","","25,00","","6,00","","24,10","","93,85","","","","","","Généralement nuageux"
"1999-06-01 07:00","1999","06","01","07:00"," ","9,60","","5,00","","73,00","","10,00","","4,00","","24,10","","93,88","","","","","","Averses de pluie"
"1999-06-01 08:00","1999","06","01","08:00"," ","9,20","","5,20","","76,00","","18,00","","6,00","","24,10","","93,98","","","","","","Averses de pluie"
"1999-06-01 09:00","1999","06","01","09:00"," ","8,90","","5,10","","77,00","","14,00","","6,00","","24,10","","94,04","","","","","","Généralement nuageux"
"1999-06-01 10:00","1999","06","01","10:00"," ","10,90","","6,20","","73,00","","28,00","","7,00","","24,10","","94,04","","","","","","Généralement nuageux"
"1999-06-01 11:00","1999","06","01","11:00"," ","14,90","","8,20","","64,00","","15,00","","9,00","","24,10","","94,07","","","","","","Généralement nuageux"
"1999-06-01 12:00","1999","06","01","12:00"," ","16,00","","5,70","","50,00","","9,00","","11,00","","24,10","","94,07","","","","","","Généralement nuageux"
"1999-06-01 13:00","1999","06","01","13:00"," ","15,30","","4,20","","47,00","","15,00","","6,00","","24,10","","94,07","","","","","","Averses de pluie"
"1999-06-01 14:00","1999","06","01","14:00"," ","17,30","","3,60","","40,00","","16,00","","7,00","","24,10","","94,07","","","","","","Généralement nuageux"
"1999-06-01 15:00","1999","06","01","15:00"," ","15,80","","4,80","","48,00","","30,00","","19,00","","24,10","","94,14","","","","","","Généralement nuageux"
"1999-06-01 16:00","1999","06","01","16:00"," ","15,00","","4,80","","50,00","","15,00","","7,00","","24,10","","94,20","","","","","","Généralement nuageux"
"1999-06-01 17:00","1999","06","01","17:00"," ","12,90","","6,80","","66,00","","33,00","","7,00","","24,10","","94,20","","","","","","Généralement nuageux"
"1999-06-01 18:00","1999","06","01","18:00"," ","13,80","","5,60","","58,00","","25,00","","20,00","","24,10","","94,20","","","","","","Généralement nuageux"
"1999-06-01 19:00","1999","06","01","19:00"," ","12,90","","5,80","","62,00","","35,00","","9,00","","24,10","","94,30","","","","","","Généralement nuageux"
"1999-06-01 20:00","1999","06","01","20:00"," ","12,80","","5,90","","63,00","","21,00","","9,00","","24,10","","94,36","","","","","","Généralement nuageux"
"1999-06-01 21:00","1999","06","01","21:00"," ","11,90","","5,20","","63,00","","24,00","","9,00","","24,10","","94,42","","","","","","Généralement nuageux"
"1999-06-01 22:00","1999","06","01","22:00"," ","10,90","","4,50","","65,00","","26,00","","6,00","","24,10","","94,49","","","","","","Généralement nuageux"
"1999-06-01 23:00","1999","06","01","23:00"," ","9,80","","4,50","","70,00","","29,00","","6,00","","24,10","","94,49","","","","","","Généralement dégagé"
"1999-06-02 00:00","1999","06","02","00:00"," ","9,10","","3,20","","67,00","","33,00","","11,00","","24,10","","94,52","","","","","","Généralement dégagé"
"1999-06-02 01:00","1999","06","02","01:00"," ","9,00","","3,10","","66,00","","33,00","","9,00","","24,10","","94,52","","","","","","Généralement dégagé"
"1999-06-02 02:00","1999","06","02","02:00"," ","8,00","","2,70","","69,00","","32,00","","15,00","","24,10","","94,52","","","","","","Généralement dégagé"
"1999-06-02 03:00","1999","06","02","03:00"," ","7,50","","2,20","","69,00","","35,00","","9,00","","24,10","","94,52","","","","","","Généralement dégagé"
"1999-06-02 04:00","1999","06","02","04:00"," ","5,40","","1,00","","73,00","","2,00","","7,00","","24,10","","94,58","","","","","","Généralement dégagé"
"1999-06-02 05:00","1999","06","02","05:00"," ","5,60","","1,40","","74,00","","0,00","","0,00","","24,10","","94,62","","","","","","Généralement dégagé"
"1999-06-02 06:00","1999","06","02","06:00"," ","7,80","","3,00","","72,00","","0,00","","0,00","","24,10","","94,65","","","","","","Généralement dégagé"
"1999-06-02 07:00","1999","06","02","07:00"," ","10,50","","4,20","","65,00","","0,00","","0,00","","24,10","","94,65","","","","","","Généralement dégagé"
"1999-06-02 08:00","1999","06","02","08:00"," ","11,90","","5,20","","63,00","","0,00","","0,00","","24,10","","94,65","","","","","","Généralement dégagé"
"1999-06-02 09:00","1999","06","02","09:00"," ","13,60","","7,00","","64,00","","9,00","","6,00","","24,10","","94,65","","","","","","Généralement dégagé"
"1999-06-02 10:00","1999","06","02","10:00"," ","15,70","","8,00","","60,00","","19,00","","13,00","","24,10","","94,58","","","","","","Généralement dégagé"
"1999-06-02 11:00","1999","06","02","11:00"," ","16,40","","5,90","","50,00","","18,00","","7,00","","24,10","","94,55","","","","","","Généralement dégagé"
"1999-06-02 12:00","1999","06","02","12:00"," ","18,00","","6,40","","47,00","","23,00","","9,00","","24,10","","94,52","","","","","","Généralement dégagé"
"1999-06-02 13:00","1999","06","02","13:00"," ","18,60","","5,60","","42,00","","25,00","","15,00","","24,10","","94,49","","","","","","Généralement dégagé"
"1999-06-02 14:00","1999","06","02","14:00"," ","19,60","","6,00","","41,00","","20,00","","19,00","","24,10","","94,46","","","","","","Généralement dégagé"
"1999-06-02 15:00","1999","06","02","15:00"," ","20,50","","5,60","","38,00","","23,00","","15,00","","24,10","","94,39","","","","","","Généralement nuageux"
"1999-06-02 16:00","1999","06","02","16:00"," ","20,80","","5,00","","36,00","","22,00","","15,00","","24,10","","94,36","","","","","","Généralement nuageux"
"1999-06-02 17:00","1999","06","02","17:00"," ","20,50","","4,80","","36,00","","20,00","","17,00","","24,10","","94,30","","","","","","Généralement dégagé"
"1999-06-02 18:00","1999","06","02","18:00"," ","20,70","","4,00","","33,00","","19,00","","9,00","","24,10","","94,23","","","","","","Généralement dégagé"
"1999-06-02 19:00","1999","06","02","19:00"," ","20,40","","4,60","","35,00","","19,00","","20,00","","24,10","","94,20","","","","","","Généralement dégagé"
"1999-06-02 20:00","1999","06","02","20:00"," ","18,60","","5,00","","41,00","","19,00","","13,00","","24,10","","94,20","","","","","","Généralement dégagé"
"1999-06-02 21:00","1999","06","02","21:00"," ","16,00","","4,20","","45,00","","18,00","","13,00","","24,10","","94,17","","","","","","Généralement dégagé"
"1999-06-02 22:00","1999","06","02","22:00"," ","13,30","","3,50","","51,00","","18,00","","11,00","","24,10","","94,17","","","","","","Généralement dégagé"
"1999-06-02 23:00","1999","06","02","23:00"," ","13,40","","3,50","","51,00","","20,00","","4,00","","24,10","","94,17","","","","","","Généralement dégagé"
"1999-06-03 00:00","1999","06","03","00:00"," ","11,70","","2,70","","54,00","","0,00","","0,00","","24,10","","94,10","","","","","","Généralement dégagé"
"1999-06-03 01:00","1999","06","03","01:00"," ","9,60","","2,30","","60,00","","0,00","","0,00","","24,10","","94,07","","","","","","Généralement dégagé"
"1999-06-03 02:00","1999","06","03","02:00"," ","10,20","","3,00","","61,00","","19,00","","4,00","","24,10","","94,04","","","","","","Généralement dégagé"
"1999-06-03 03:00","1999","06","03","03:00"," ","9,10","","2,70","","64,00","","0,00","","0,00","","24,10","","94,04","","","","","","Généralement dégagé"
"1999-06-03 04:00","1999","06","03","04:00"," ","8,40","","2,50","","66,00","","23,00","","6,00","","24,10","","94,01","","","","","","Généralement dégagé"
"1999-06-03 05:00","1999","06","03","05:00"," ","6,80","","1,50","","69,00","","0,00","","0,00","","24,10","","94,01","","","","","","Généralement dégagé"
"1999-06-03 06:00","1999","06","03","06:00"," ","8,90","","3,60","","69,00","","23,00","","4,00","","24,10","","93,98","","","","","","Généralement dégagé"
"1999-06-03 07:00","1999","06","03","07:00"," ","11,20","","4,10","","62,00","","21,00","","13,00","","24,10","","93,94","","","","","","Généralement dégagé"
"1999-06-03 08:00","1999","06","03","08:00"," ","13,80","","4,80","","55,00","","20,00","","15,00","","24,10","","93,88","","","","","","Généralement dégagé"
"1999-06-03 09:00","1999","06","03","09:00"," ","16,80","","5,00","","46,00","","18,00","","17,00","","24,10","","93,81","","","","","","Généralement nuageux"
"1999-06-03 10:00","1999","06","03","10:00"," ","18,80","","4,30","","38,00","","19,00","","22,00","","24,10","","93,75","","","","","","Généralement nuageux"
"1999-06-03 11:00","1999","06","03","11:00"," ","20,40","","2,80","","31,00","","20,00","","32,00","","24,10","","93,65","","","","","","Généralement nuageux"
"1999-06-03 12:00","1999","06","03","12:00"," ","20,40","","1,30","","28,00","","25,00","","28,00","","24,10","","93,59","","","","","","Généralement nuageux"
"1999-06-03 13:00","1999","06","03","13:00"," ","21,20","","3,00","","30,00","","22,00","","28,00","","24,10","","93,59","","","","","","Généralement nuageux"
"1999-06-03 14:00","1999","06","03","14:00"," ","19,70","","2,50","","32,00","","24,00","","26,00","","24,10","","93,53","","","","","","Généralement nuageux"
"1999-06-03 15:00","1999","06","03","15:00"," ","19,00","","3,00","","34,00","","23,00","","28,00","","24,10","","93,49","","","","","","Généralement nuageux"
"1999-06-03 16:00","1999","06","03","16:00"," ","19,10","","2,90","","34,00","","26,00","","30,00","","24,10","","93,43","","","","","","Généralement nuageux"
"1999-06-03 17:00","1999","06","03","17:00"," ","19,20","","3,50","","35,00","","21,00","","30,00","","24,10","","93,40","","","","","","Généralement nuageux"
"1999-06-03 18:00","1999","06","03","18:00"," ","19,40","","2,70","","33,00","","23,00","","32,00","","24,10","","93,37","","","","","","Généralement nuageux"
"1999-06-03 19:00","1999","06","03","19:00"," ","18,20","","2,00","","34,00","","27,00","","26,00","","24,10","","93,40","","","","","","Généralement dégagé"
"1999-06-03 20:00","1999","06","03","20:00"," ","16,70","","2,90","","40,00","","27,00","","19,00","","24,10","","93,40","","","","","","Généralement dégagé"
"1999-06-03 21:00","1999","06","03","21:00"," ","13,90","","2,60","","46,00","","27,00","","22,00","","24,10","","93,43","","","","","","Généralement nuageux"
"1999-06-03 22:00","1999","06","03","22:00"," ","13,50","","2,40","","47,00","","25,00","","13,00","","24,10","","93,43","","","","","","Généralement nuageux"
"1999-06-03 23:00","1999","06","03","23:00"," ","12,80","","2,10","","48,00","","30,00","","9,00","","24,10","","93,43","","","","","","Généralement dégagé"
"1999-06-04 00:00","1999","06","04","00:00"," ","9,50","","1,70","","58,00","","23,00","","7,00","","24,10","","93,43","","","","","","Généralement dégagé"
"1999-06-04 01:00","1999","06","04","01:00"," ","9,80","","2,00","","58,00","","24,00","","13,00","","24,10","","93,43","","","","","","Généralement dégagé"
"1999-06-04 02:00","1999","06","04","02:00"," ","8,80","","1,20","","59,00","","24,00","","15,00","","24,10","","93,43","","","","","","Généralement dégagé"
"1999-06-04 03:00","1999","06","04","03:00"," ","8,50","","0,90","","59,00","","24,00","","19,00","","24,10","","93,40","","","","","","Généralement dégagé"
"1999-06-04 04:00","1999","06","04","04:00"," ","8,30","","0,70","","59,00","","25,00","","22,00","","24,10","","93,40","","","","","","Généralement dégagé"
"1999-06-04 05:00","1999","06","04","05:00"," ","9,30","","1,10","","56,00","","27,00","","19,00","","24,10","","93,43","","","","","","Généralement dégagé"
"1999-06-04 06:00","1999","06","04","06:00"," ","9,20","","1,00","","56,00","","28,00","","28,00","","24,10","","93,46","","","","","","Généralement nuageux"
"1999-06-04 07:00","1999","06","04","07:00"," ","9,60","","1,20","","56,00","","27,00","","28,00","","24,10","","93,49","","","","","","Généralement nuageux"
"1999-06-04 08:00","1999","06","04","08:00"," ","11,90","","1,10","","47,00","","28,00","","28,00","","24,10","","93,53","","","","","","Généralement dégagé"
"1999-06-04 09:00","1999","06","04","09:00"," ","11,80","","-0,10","","44,00","","28,00","","30,00","","24,10","","93,53","","","","","","Généralement nuageux"
"1999-06-04 10:00","1999","06","04","10:00"," ","13,60","","0,30","","40,00","","28,00","","28,00","","24,10","","93,53","","","","","","Généralement nuageux"
"1999-06-04 11:00","1999","06","04","11:00"," ","14,50","","-0,20","","36,00","","26,00","","32,00","","24,10","","93,53","","","","","","Généralement dégagé"
"1999-06-04 12:00","1999","06","04","12:00"," ","15,50","","-0,50","","33,00","","27,00","","28,00","","24,10","","93,46","","","","","","Généralement nuageux"
"1999-06-04 13:00","1999","06","04","13:00"," ","16,00","","-1,70","","30,00","","27,00","","30,00","","24,10","","93,46","","","","","","Généralement nuageux"
"1999-06-04 14:00","1999","06","04","14:00"," ","15,70","","-2,10","","29,00","","26,00","","28,00","","24,10","","93,49","","","","","","Généralement nuageux"
"1999-06-04 15:00","1999","06","04","15:00"," ","16,00","","-2,00","","29,00","","28,00","","32,00","","24,10","","93,46","","","","","","Généralement nuageux"
"1999-06-04 16:00","1999","06","04","16:00"," ","17,00","","-2,20","","27,00","","29,00","","28,00","","24,10","","93,49","","","","","","Généralement nuageux"
"1999-06-04 17:00","1999","06","04","17:00"," ","17,70","","-1,90","","26,00","","27,00","","17,00","","24,10","","93,46","","","","","","Généralement dégagé"
"1999-06-04 18:00","1999","06","04","18:00"," ","17,00","","-2,40","","26,00","","27,00","","17,00","","24,10","","93,46","","","","","","Généralement dégagé"
"1999-06-04 19:00","1999","06","04","19:00"," ","16,70","","-2,70","","26,00","","24,00","","9,00","","24,10","","93,46","","","","","","Généralement dégagé"
"1999-06-04 20:00","1999","06","04","20:00"," ","16,00","","-2,00","","29,00","","27,00","","9,00","","24,10","","93,46","","","","","","Généralement nuageux"
"1999-06-04 21:00","1999","06","04","21:00"," ","13,00","","-1,90","","36,00","","0,00","","0,00","","24,10","","93,46","","","","","","Généralement dégagé"
"1999-06-04 22:00","1999","06","04","22:00"," ","10,00","","-1,50","","45,00","","0,00","","0,00","","24,10","","93,46","","","","","","Généralement nuageux"
"1999-06-04 23:00","1999","06","04","23:00"," ","8,30","","-2,40","","47,00","","0,00","","0,00","","24,10","","93,46","","","","","","Généralement dégagé"
"1999-06-05 00:00","1999","06","05","00:00"," ","6,90","","-1,30","","56,00","","0,00","","0,00","","24,10","","93,43","","","","","","Généralement nuageux"
"1999-06-05 01:00","1999","06","05","01:00"," ","10,20","","-1,20","","45,00","","33,00","","6,00","","24,10","","93,40","","","","","","Généralement nuageux"
"1999-06-05 02:00","1999","06","05","02:00"," ","8,90","","0,00","","54,00","","15,00","","4,00","","24,10","","93,40","","","","","","Généralement nuageux"
"1999-06-05 03:00","1999","06","05","03:00"," ","9,70","","-0,50","","49,00","","0,00","","0,00","","24,10","","93,40","","","","","","Généralement nuageux"
"1999-06-05 04:00","1999","06","05","04:00"," ","9,40","","1,40","","57,00","","0,00","","0,00","","24,10","","93,40","","","","","","Généralement nuageux"
"1999-06-05 05:00","1999","06","05","05:00"," ","10,00","","1,20","","54,00","","0,00","","0,00","","24,10","","93,37","","","","","","Nuageux"
"1999-06-05 06:00","1999","06","05","06:00"," ","10,00","","2,70","","60,00","","19,00","","6,00","","24,10","","93,37","","","","","","Nuageux"
"1999-06-05 07:00","1999","06","05","07:00"," ","10,30","","3,10","","61,00","","20,00","","7,00","","24,10","","93,40","","","","","","Averses de pluie"
"1999-06-05 08:00","1999","06","05","08:00"," ","10,50","","6,90","","78,00","","24,00","","7,00","","12,90","","93,40","","","","","","Averses de pluie"
"1999-06-05 09:00","1999","06","05","09:00"," ","10,00","","7,00","","82,00","","0,00","","0,00","","8,00","","93,43","","","","","","Averses de pluie,Brouillard"
"1999-06-05 10:00","1999","06","05","10:00"," ","11,10","","7,30","","77,00","","0,00","","0,00","","8,00","","93,46","","","","","","Averses de pluie,Brouillard"
"1999-06-05 11:00","1999","06","05","11:00"," ","10,80","","7,40","","79,00","","11,00","","6,00","","8,00","","93,46","","","","","","Averses de pluie,Brouillard"
"1999-06-05 12:00","1999","06","05","12:00"," ","10,70","","7,90","","83,00","","15,00","","19,00","","8,00","","93,46","","","","","","Averses de pluie,Brouillard"
"1999-06-05 13:00","1999","06","05","13:00"," ","11,90","","8,00","","77,00","","20,00","","11,00","","24,10","","93,46","","","","","","Nuageux"
"1999-06-05 14:00","1999","06","05","14:00"," ","13,30","","8,60","","73,00","","17,00","","9,00","","24,10","","93,43","","","","","","Nuageux"
"1999-06-05 15:00","1999","06","05","15:00"," ","12,40","","7,20","","71,00","","17,00","","6,00","","24,10","","93,46","","","","","","Nuageux"
"1999-06-05 16:00","1999","06","05","16:00"," ","11,80","","7,60","","75,00","","12,00","","7,00","","9,70","","93,46","","","","","","Averses de pluie,Brouillard"
"1999-06-05 17:00","1999","06","05","17:00"," ","11,70","","7,80","","77,00","","23,00","","7,00","","16,10","","93,49","","","","","","Averses de pluie"
"1999-06-05 18:00","1999","06","05","18:00"," ","11,40","","7,90","","79,00","","25,00","","15,00","","9,70","","93,53","","","","","","Averses de pluie,Brouillard"
"1999-06-05 19:00","1999","06","05","19:00"," ","10,90","","7,80","","81,00","","24,00","","11,00","","9,70","","93,53","","","","","","Averses de pluie,Brouillard"
"1999-06-05 20:00","1999","06","05","20:00"," ","10,90","","7,20","","78,00","","28,00","","15,00","","24,10","","93,56","","","","","","Généralement nuageux"
"1999-06-05 21:00","1999","06","05","21:00"," ","10,40","","6,70","","78,00","","25,00","","9,00","","19,30","","93,59","","","","","","Généralement nuageux"
"1999-06-05 22:00","1999","06","05","22:00"," ","9,90","","6,10","","77,00","","26,00","","15,00","","24,10","","93,65","","","","","","Généralement nuageux"
"1999-06-05 23:00","1999","06","05","23:00"," ","9,50","","6,20","","80,00","","25,00","","13,00","","24,10","","93,69","","","","","","Averses de pluie"
"1999-06-06 00:00","1999","06","06","00:00"," ","9,10","","6,10","","81,00","","22,00","","7,00","","24,10","","93,69","","","","","","Nuageux"
"1999-06-06 01:00","1999","06","06","01:00"," ","9,10","","6,20","","82,00","","19,00","","6,00","","24,10","","93,69","","","","","","Nuageux"
"1999-06-06 02:00","1999","06","06","02:00"," ","8,70","","6,00","","83,00","","21,00","","9,00","","24,10","","93,72","","","","","","Nuageux"
"1999-06-06 03:00","1999","06","06","03:00"," ","8,40","","5,50","","82,00","","23,00","","13,00","","19,30","","93,72","","","","","","Averses de pluie"
"1999-06-06 04:00","1999","06","06","04:00"," ","8,40","","5,40","","81,00","","25,00","","9,00","","19,30","","93,69","","","","","","Averses de pluie"
"1999-06-06 05:00","1999","06","06","05:00"," ","8,40","","5,70","","83,00","","22,00","","9,00","","16,10","","93,72","","","","","","Averses de pluie"
"1999-06-06 06:00","1999","06","06","06:00"," ","7,30","","4,20","","81,00","","34,00","","19,00","","9,70","","93,75","","","","","","Pluie,Brouillard"
"1999-06-06 07:00","1999","06","06","07:00"," ","6,30","","2,90","","79,00","","35,00","","15,00","","9,70","","93,78","","","","","","Pluie,Brouillard"
"1999-06-06 08:00","1999","06","06","08:00"," ","5,80","","2,10","","77,00","","34,00","","22,00","","9,70","","93,81","","","","","","Pluie,Brouillard"
"1999-06-06 09:00","1999","06","06","09:00"," ","5,70","","2,20","","78,00","","34,00","","15,00","","9,70","","93,91","","","","","","Pluie,Brouillard"
"1999-06-06 10:00","1999","06","06","10:00"," ","5,70","","2,30","","79,00","","33,00","","15,00","","8,00","","93,91","","","","","","Pluie,Brouillard"
"1999-06-06 11:00","1999","06","06","11:00"," ","6,00","","2,30","","77,00","","32,00","","15,00","","8,00","","93,94","","","","","","Pluie,Brouillard"
"1999-06-06 12:00","1999","06","06","12:00"," ","5,40","","1,50","","76,00","","31,00","","17,00","","9,70","","94,01","","","","","","Pluie,Brouillard"
"1999-06-06 13:00","1999","06","06","13:00"," ","6,20","","2,80","","79,00","","30,00","","13,00","","24,10","","94,07","","","","","","Nuageux"
"1999-06-06 14:00","1999","06","06","14:00"," ","6,70","","2,10","","72,00","","27,00","","15,00","","24,10","","94,10","","","","","","Nuageux"
"1999-06-06 15:00","1999","06","06","15:00"," ","6,40","","1,70","","72,00","","28,00","","15,00","","24,10","","94,17","","","","","","Nuageux"
"1999-06-06 16:00","1999","06","06","16:00"," ","7,30","","1,10","","65,00","","28,00","","26,00","","24,10","","94,20","","","","","","Nuageux"
"1999-06-06 17:00","1999","06","06","17:00"," ","7,40","","1,90","","68,00","","24,00","","28,00","","24,10","","94,20","","","","","","Nuageux"
"1999-06-06 18:00","1999","06","06","18:00"," ","7,10","","1,50","","68,00","","26,00","","15,00","","24,10","","94,23","","","","","","Généralement nuageux"
"1999-06-06 19:00","1999","06","06","19:00"," ","6,30","","1,80","","73,00","","26,00","","22,00","","19,30","","94,26","","","","","","Averses de pluie"
"1999-06-06 20:00","1999","06","06","20:00"," ","6,10","","1,00","","70,00","","24,00","","28,00","","24,10","","94,26","","","","","","Généralement nuageux"
"1999-06-06 21:00","1999","06","06","21:00"," ","5,30","","1,00","","74,00","","26,00","","15,00","","19,30","","94,33","","","","","","Généralement nuageux"
"1999-06-06 22:00","1999","06","06","22:00"," ","4,30","","0,50","","76,00","","24,00","","19,00","","19,30","","94,36","","","","","","Généralement nuageux"
"1999-06-06 23:00","1999","06","06","23:00"," ","4,00","","0,10","","76,00","","25,00","","17,00","","24,10","","94,36","","","","","","Généralement nuageux"
"1999-06-07 00:00","1999","06","07","00:00"," ","4,00","","0,00","","75,00","","24,00","","19,00","","24,10","","94,36","","","","","","Nuageux"
"1999-06-07 01:00","1999","06","07","01:00"," ","3,70","","-0,30","","75,00","","23,00","","19,00","","24,10","","94,36","","","","","","Nuageux"
"1999-06-07 02:00","1999","06","07","02:00"," ","3,50","","-0,60","","74,00","","24,00","","15,00","","24,10","","94,36","","","","","","Nuageux"
"1999-06-07 03:00","1999","06","07","03:00"," ","3,20","","-0,90","","74,00","","25,00","","11,00","","24,10","","94,36","","","","","","Nuageux"
"1999-06-07 04:00","1999","06","07","04:00"," ","3,20","","-1,10","","73,00","","24,00","","19,00","","24,10","","94,42","","","","","","Nuageux"
"1999-06-07 05:00","1999","06","07","05:00"," ","3,10","","-1,20","","73,00","","25,00","","22,00","","24,10","","94,39","","","","","","Nuageux"
"1999-06-07 06:00","1999","06","07","06:00"," ","3,50","","-1,20","","71,00","","24,00","","28,00","","24,10","","94,39","","","","","","Nuageux"
"1999-06-07 07:00","1999","06","07","07:00"," ","4,30","","-0,80","","69,00","","26,00","","19,00","","24,10","","94,39","","","","","","Nuageux"
"1999-06-07 08:00","1999","06","07","08:00"," ","4,30","","-1,20","","67,00","","27,00","","22,00","","24,10","","94,42","","","","","","Nuageux"
"1999-06-07 09:00","1999","06","07","09:00"," ","4,80","","-0,80","","67,00","","22,00","","24,00","","24,10","","94,42","","","","","","Nuageux"
"1999-06-07 10:00","1999","06","07","10:00"," ","5,90","","-0,50","","63,00","","25,00","","28,00","","24,10","","94,52","","","","","","Nuageux"
"1999-06-07 11:00","1999","06","07","11:00"," ","6,40","","-0,10","","63,00","","24,00","","22,00","","24,10","","94,42","","","","","","Nuageux"
"1999-06-07 12:00","1999","06","07","12:00"," ","7,40","","0,10","","60,00","","22,00","","28,00","","24,10","","94,46","","","","","","Généralement nuageux"
"1999-06-07 13:00","1999","06","07","13:00"," ","8,90","","1,20","","58,00","","23,00","","22,00","","24,10","","94,39","","","","","","Généralement nuageux"
"1999-06-07 14:00","1999","06","07","14:00"," ","8,90","","0,90","","57,00","","27,00","","19,00","","24,10","","94,39","","","","","","Averses de pluie"
"1999-06-07 15:00","1999","06","07","15:00"," ","10,00","","","M","","M","24,00","","17,00","","24,10","","94,42","","","","","","Généralement nuageux"
"1999-06-07 16:00","1999","06","07","16:00"," ","10,90","","1,50","","52,00","","27,00","","13,00","","24,10","","94,39","","","","","","Généralement nuageux"
"1999-06-07 17:00","1999","06","07","17:00"," ","10,70","","1,60","","53,00","","22,00","","17,00","","24,10","","94,36","","","","","","Généralement nuageux"
"1999-06-07 18:00","1999","06","07","18:00"," ","11,30","","0,00","","46,00","","26,00","","15,00","","24,10","","94,36","","","","","","Généralement nuageux"
"1999-06-07 19:00","1999","06","07","19:00"," ","10,50","","0,60","","50,00","","26,00","","19,00","","24,10","","94,36","","","","","","Généralement nuageux"
"1999-06-07 20:00","1999","06","07","20:00"," ","9,90","","2,10","","58,00","","22,00","","7,00","","24,10","","94,36","","","","","","Généralement dégagé"
"1999-06-07 21:00","1999","06","07","21:00"," ","8,00","","1,40","","63,00","","26,00","","11,00","","24,10","","94,36","","","","","","Généralement dégagé"
"1999-06-07 22:00","1999","06","07","22:00"," ","6,20","","0,30","","66,00","","25,00","","7,00","","24,10","","94,39","","","","","","Généralement dégagé"
"1999-06-07 23:00","1999","06","07","23:00"," ","4,80","","0,00","","71,00","","25,00","","6,00","","24,10","","94,36","","","","","","Généralement dégagé"
"1999-06-08 00:00","1999","06","08","00:00"," ","5,10","","0,60","","73,00","","27,00","","7,00","","24,10","","94,36","","","","","","Généralement nuageux"
"1999-06-08 01:00","1999","06","08","01:00"," ","4,10","","0,10","","75,00","","25,00","","9,00","","24,10","","94,36","","","","","","Généralement dégagé"
"1999-06-08 02:00","1999","06","08","02:00"," ","3,30","","-0,40","","77,00","","27,00","","6,00","","24,10","","94,33","","","","","","Généralement dégagé"
"1999-06-08 03:00","1999","06","08","03:00"," ","2,10","","-1,50","","77,00","","19,00","","4,00","","24,10","","94,33","","","","","","Généralement nuageux"
"1999-06-08 04:00","1999","06","08","04:00"," ","2,40","","-1,00","","78,00","","22,00","","6,00","","24,10","","94,30","","","","","","Généralement nuageux"
"1999-06-08 05:00","1999","06","08","05:00"," ","2,50","","-1,00","","78,00","","19,00","","7,00","","24,10","","94,23","","","","","","Généralement nuageux"
"1999-06-08 06:00","1999","06","08","06:00"," ","3,60","","0,10","","78,00","","17,00","","9,00","","24,10","","94,20","","","","","","Généralement nuageux"
"1999-06-08 07:00","1999","06","08","07:00"," ","3,90","","0,70","","80,00","","18,00","","15,00","","24,10","","94,20","","","","","","Averses de pluie"
"1999-06-08 08:00","1999","06","08","08:00"," ","5,30","","1,70","","78,00","","21,00","","13,00","","24,10","","94,17","","","","","","Averses de pluie"
"1999-06-08 09:00","1999","06","08","09:00"," ","5,20","","1,90","","79,00","","18,00","","9,00","","19,30","","94,14","","","","","","Averses de pluie"
"1999-06-08 10:00","1999","06","08","10:00"," ","5,40","","1,80","","78,00","","20,00","","7,00","","19,30","","94,14","","","","","","Averses de pluie"
"1999-06-08 11:00","1999","06","08","11:00"," ","5,90","","2,00","","76,00","","25,00","","9,00","","19,30","","94,10","","","","","","Averses de pluie"
"1999-06-08 12:00","1999","06","08","12:00"," ","6,80","","2,20","","72,00","","22,00","","7,00","","19,30","","94,10","","","","","","Averses de pluie"
"1999-06-08 13:00","1999","06","08","13:00"," ","7,60","","3,00","","73,00","","20,00","","4,00","","24,10","","94,07","","","","","","Averses de pluie"
"1999-06-08 14:00","1999","06","08","14:00"," ","7,70","","3,50","","75,00","","0,00","","0,00","","24,10","","94,07","","","","","","Averses de pluie"
"1999-06-08 15:00","1999","06","08","15:00"," ","7,40","","3,10","","74,00","","1,00","","7,00","","24,10","","94,10","","","","","","Généralement nuageux"
"1999-06-08 16:00","1999","06","08","16:00"," ","8,00","","3,20","","72,00","","27,00","","13,00","","24,10","","94,14","","","","","","Averses de pluie"
"1999-06-08 17:00","1999","06","08","17:00"," ","8,00","","3,30","","72,00","","36,00","","6,00","","24,10","","94,17","","","","","","Averses de pluie"
"1999-06-08 18:00","1999","06","08","18:00"," ","8,70","","2,60","","65,00","","34,00","","9,00","","24,10","","94,20","","","","","","Généralement nuageux"
"1999-06-08 19:00","1999","06","08","19:00"," ","8,00","","3,00","","71,00","","33,00","","13,00","","24,10","","94,23","","","","","","Généralement nuageux"
"1999-06-08 20:00","1999","06","08","20:00"," ","8,00","","2,90","","70,00","","32,00","","13,00","","24,10","","94,23","","","","","","Généralement nuageux"
"1999-06-08 21:00","1999","06","08","21:00"," ","7,20","","2,70","","73,00","","35,00","","9,00","","24,10","","94,30","","","","","","Généralement nuageux"
"1999-06-08 22:00","1999","06","08","22:00"," ","7,00","","2,70","","74,00","","33,00","","4,00","","24,10","","94,30","","","","","","Généralement nuageux"
"1999-06-08 23:00","1999","06","08","23:00"," ","6,80","","3,10","","77,00","","27,00","","4,00","","24,10","","94,30","","","","","","Généralement nuageux"
"1999-06-09 00:00","1999","06","09","00:00"," ","6,50","","2,80","","77,00","","29,00","","7,00","","24,10","","94,33","","","","","","Averses de pluie"
"1999-06-09 01:00","1999","06","09","01:00"," ","6,20","","1,90","","74,00","","31,00","","19,00","","24,10","","94,26","","","","","","Nuageux"
"1999-06-09 02:00","1999","06","09","02:00"," ","5,70","","1,90","","77,00","","30,00","","19,00","","24,10","","94,30","","","","","","Nuageux"
"1999-06-09 03:00","1999","06","09","03:00"," ","5,50","","2,10","","79,00","","30,00","","15,00","","24,10","","94,30","","","","","","Averses de pluie"
"1999-06-09 04:00","1999","06","09","04:00"," ","5,50","","1,90","","78,00","","30,00","","19,00","","19,30","","94,30","","","","","","Averses de pluie"
"1999-06-09 05:00","1999","06","09","05:00"," ","5,80","","2,30","","78,00","","33,00","","7,00","","24,10","","94,33","","","","","","Nuageux"
"1999-06-09 06:00","1999","06","09","06:00"," ","6,50","","2,90","","78,00","","34,00","","15,00","","24,10","","94,36","","","","","","Nuageux"
"1999-06-09 07:00","1999","06","09","07:00"," ","6,80","","3,10","","77,00","","33,00","","26,00","","19,30","","94,36","","","","","","Averses de pluie"
"1999-06-09 08:00","1999","06","09","08:00"," ","7,70","","3,60","","75,00","","33,00","","19,00","","24,10","","94,42","","","","","","Généralement nuageux"
"1999-06-09 09:00","1999","06","09","09:00"," ","8,00","","3,40","","73,00","","33,00","","20,00","","24,10","","94,42","","","","","","Généralement nuageux"
"1999-06-09 10:00","1999","06","09","10:00"," ","8,90","","3,00","","66,00","","35,00","","19,00","","24,10","","94,49","","","","","","Généralement nuageux"
"1999-06-09 11:00","1999","06","09","11:00"," ","9,40","","1,60","","58,00","","36,00","","19,00","","24,10","","94,52","","","","","","Généralement nuageux"
"1999-06-09 12:00","1999","06","09","12:00"," ","9,40","","2,60","","62,00","","1,00","","28,00","","24,10","","94,52","","","","","","Généralement nuageux"
"1999-06-09 13:00","1999","06","09","13:00"," ","9,20","","2,30","","62,00","","1,00","","22,00","","24,10","","94,49","","","","","","Généralement nuageux"
"1999-06-09 14:00","1999","06","09","14:00"," ","10,20","","3,10","","61,00","","21,00","","30,00","","24,10","","94,55","","","","","","Généralement nuageux"
"1999-06-09 15:00","1999","06","09","15:00"," ","11,10","","3,20","","58,00","","21,00","","17,00","","24,10","","94,62","","","","","","Généralement nuageux"
"1999-06-09 16:00","1999","06","09","16:00"," ","12,20","","3,10","","54,00","","21,00","","22,00","","24,10","","94,62","","","","","","Généralement nuageux"
"1999-06-09 17:00","1999","06","09","17:00"," ","11,90","","1,40","","49,00","","19,00","","20,00","","24,10","","94,62","","","","","","Généralement nuageux"
"1999-06-09 18:00","1999","06","09","18:00"," ","11,30","","3,30","","58,00","","18,00","","17,00","","24,10","","94,65","","","","","","Généralement nuageux"
"1999-06-09 19:00","1999","06","09","19:00"," ","11,40","","2,70","","55,00","","19,00","","6,00","","24,10","","94,65","","","","","","Généralement nuageux"
"1999-06-09 20:00","1999","06","09","20:00"," ","12,20","","2,80","","53,00","","15,00","","9,00","","24,10","","94,68","","","","","","Généralement nuageux"
"1999-06-09 21:00","1999","06","09","21:00"," ","10,80","","2,90","","58,00","","16,00","","6,00","","24,10","","94,74","","","","","","Généralement dégagé"
"1999-06-09 22:00","1999","06","09","22:00"," ","7,90","","2,80","","70,00","","0,00","","0,00","","24,10","","94,81","","","","","","Généralement nuageux"
"1999-06-09 23:00","1999","06","09","23:00"," ","8,70","","3,70","","71,00","","13,00","","4,00","","24,10","","94,84","","","","","","Généralement nuageux"
"1999-06-10 00:00","1999","06","10","00:00"," ","6,90","","3,20","","77,00","","10,00","","9,00","","24,10","","94,81","","","","","","Généralement dégagé"
"1999-06-10 01:00","1999","06","10","01:00"," ","5,10","","2,10","","81,00","","12,00","","7,00","","24,10","","94,81","","","","","","Généralement dégagé"
"1999-06-10 02:00","1999","06","10","02:00"," ","4,90","","1,70","","80,00","","15,00","","9,00","","24,10","","94,81","","","","","","Généralement dégagé"
"1999-06-10 03:00","1999","06","10","03:00"," ","3,70","","0,60","","80,00","","0,00","","0,00","","24,10","","94,81","","","","","","Dégagé"
"1999-06-10 04:00","1999","06","10","04:00"," ","2,70","","-0,60","","79,00","","13,00","","6,00","","24,10","","94,81","","","","","","Dégagé"
"1999-06-10 05:00","1999","06","10","05:00"," ","2,80","","-0,20","","81,00","","0,00","","0,00","","24,10","","94,81","","","","","","Dégagé"
"1999-06-10 06:00","1999","06","10","06:00"," ","4,20","","1,80","","84,00","","2,00","","4,00","","24,10","","94,81","","","","","","Dégagé"
"1999-06-10 07:00","1999","06","10","07:00"," ","6,30","","3,20","","81,00","","1,00","","2,00","","24,10","","94,81","","","","","","Généralement dégagé"
"1999-06-10 08:00","1999","06","10","08:00"," ","8,00","","4,30","","77,00","","36,00","","9,00","","24,10","","94,81","","","","","","Généralement dégagé"
"1999-06-10 09:00","1999","06","10","09:00"," ","9,80","","4,90","","72,00","","35,00","","13,00","","24,10","","94,81","","","","","","Généralement nuageux"
"1999-06-10 10:00","1999","06","10","10:00"," ","11,90","","4,70","","61,00","","4,00","","11,00","","24,10","","94,78","","","","","","Généralement dégagé"
"1999-06-10 11:00","1999","06","10","11:00"," ","13,10","","4,40","","55,00","","4,00","","19,00","","24,10","","94,74","","","","","","Généralement dégagé"
"1999-06-10 12:00","1999","06","10","12:00"," ","14,30","","4,30","","51,00","","2,00","","19,00","","24,10","","94,71","","","","","","Généralement dégagé"
"1999-06-10 13:00","1999","06","10","13:00"," ","15,80","","4,20","","46,00","","6,00","","9,00","","24,10","","94,71","","","","","","Généralement dégagé"
"1999-06-10 14:00","1999","06","10","14:00"," ","16,40","","4,20","","44,00","","6,00","","17,00","","24,10","","94,68","","","","","","Généralement nuageux"
"1999-06-10 15:00","1999","06","10","15:00"," ","17,60","","4,40","","42,00","","10,00","","15,00","","24,10","","94,65","","","","","","Généralement nuageux"
"1999-06-10 16:00","1999","06","10","16:00"," ","16,90","","3,20","","40,00","","9,00","","4,00","","24,10","","94,65","","","","","","Généralement nuageux"
"1999-06-10 17:00","1999","06","10","17:00"," ","17,00","","2,60","","38,00","","12,00","","9,00","","24,10","","94,62","","","","","","Généralement nuageux"
"1999-06-10 18:00","1999","06","10","18:00"," ","16,40","","2,50","","39,00","","6,00","","9,00","","24,10","","94,62","","","","","","Généralement nuageux"
"1999-06-10 19:00","1999","06","10","19:00"," ","15,50","","4,20","","47,00","","6,00","","9,00","","24,10","","94,62","","","","","","Généralement nuageux"
"1999-06-10 20:00","1999","06","10","20:00"," ","15,00","","4,10","","48,00","","6,00","","6,00","","24,10","","94,62","","","","","","Généralement nuageux"
"1999-06-10 21:00","1999","06","10","21:00"," ","14,50","","5,50","","55,00","","10,00","","7,00","","24,10","","94,62","","","","","","Généralement nuageux"
"1999-06-10 22:00","1999","06","10","22:00"," ","15,30","","3,00","","44,00","","0,00","","0,00","","24,10","","94,68","","","","","","Nuageux"
"1999-06-10 23:00","1999","06","10","23:00"," ","13,30","","4,40","","55,00","","16,00","","7,00","","24,10","","94,71","","","","","","Nuageux"
"1999-06-11 00:00","1999","06","11","00:00"," ","12,40","","4,50","","59,00","","16,00","","9,00","","24,10","","94,71","","","","","","Nuageux"
"1999-06-11 01:00","1999","06","11","01:00"," ","11,60","","4,90","","63,00","","0,00","","0,00","","24,10","","94,71","","","","","","Nuageux"
"1999-06-11 02:00","1999","06","11","02:00"," ","12,00","","5,10","","63,00","","12,00","","6,00","","24,10","","94,78","","","","","","Nuageux"
"1999-06-11 03:00","1999","06","11","03:00"," ","11,30","","5,40","","67,00","","0,00","","0,00","","24,10","","94,78","","","","","","Nuageux"
"1999-06-11 04:00","1999","06","11","04:00"," ","11,10","","5,70","","69,00","","0,00","","0,00","","24,10","","94,81","","","","","","Nuageux"
"1999-06-11 05:00","1999","06","11","05:00"," ","10,40","","6,40","","76,00","","15,00","","6,00","","24,10","","94,84","","","","","","Généralement nuageux"
"1999-06-11 06:00","1999","06","11","06:00"," ","10,60","","6,80","","77,00","","16,00","","4,00","","24,10","","94,87","","","","","","Généralement nuageux"
"1999-06-11 07:00","1999","06","11","07:00"," ","10,80","","6,80","","76,00","","15,00","","6,00","","24,10","","94,90","","","","","","Généralement nuageux"
"1999-06-11 08:00","1999","06","11","08:00"," ","11,90","","6,70","","70,00","","18,00","","6,00","","24,10","","94,97","","","","","","Généralement nuageux"
"1999-06-11 09:00","1999","06","11","09:00"," ","12,70","","7,40","","70,00","","16,00","","9,00","","24,10","","95,00","","","","","","Généralement nuageux"
"1999-06-11 10:00","1999","06","11","10:00"," ","13,00","","7,40","","69,00","","20,00","","13,00","","24,10","","95,03","","","","","","Généralement nuageux"
"1999-06-11 11:00","1999","06","11","11:00"," ","14,10","","7,40","","64,00","","18,00","","9,00","","24,10","","95,06","","","","","","Généralement nuageux"
"1999-06-11 12:00","1999","06","11","12:00"," ","14,50","","6,50","","59,00","","17,00","","19,00","","24,10","","95,06","","","","","","Généralement nuageux"
"1999-06-11 13:00","1999","06","11","13:00"," ","15,10","","6,50","","56,00","","19,00","","11,00","","24,10","","95,06","","","","","","Généralement nuageux"
"1999-06-11 14:00","1999","06","11","14:00"," ","16,00","","6,00","","51,00","","20,00","","15,00","","24,10","","95,10","","","","","","Généralement nuageux"
"1999-06-11 15:00","1999","06","11","15:00"," ","16,80","","5,80","","48,00","","22,00","","17,00","","24,10","","95,10","","","","","","Généralement nuageux"
"1999-06-11 16:00","1999","06","11","16:00"," ","16,40","","6,20","","51,00","","23,00","","19,00","","24,10","","95,13","","","","","","Généralement nuageux"
"1999-06-11 17:00","1999","06","11","17:00"," ","16,40","","6,40","","52,00","","22,00","","22,00","","24,10","","95,13","","","","","","Généralement nuageux"
"1999-06-11 18:00","1999","06","11","18:00"," ","16,00","","4,90","","48,00","","18,00","","7,00","","24,10","","95,19","","","","","","Généralement nuageux"
"1999-06-11 19:00","1999","06","11","19:00"," ","15,70","","4,70","","48,00","","22,00","","15,00","","24,10","","95,19","","","","","","Généralement nuageux"
"1999-06-11 20:00","1999","06","11","20:00"," ","14,90","","5,00","","51,00","","21,00","","13,00","","24,10","","95,26","","","","","","Généralement nuageux"
"1999-06-11 21:00","1999","06","11","21:00"," ","13,70","","5,30","","57,00","","19,00","","6,00","","24,10","","95,29","","","","","","Généralement nuageux"
"1999-06-11 22:00","1999","06","11","22:00"," ","12,40","","5,00","","61,00","","18,00","","7,00","","24,10","","95,39","","","","","","Généralement nuageux"
"1999-06-11 23:00","1999","06","11","23:00"," ","11,70","","4,90","","63,00","","17,00","","6,00","","24,10","","95,42","","","","","","Généralement nuageux"
"1999-06-12 00:00","1999","06","12","00:00"," ","11,00","","5,00","","66,00","","18,00","","9,00","","24,10","","95,48","","","","","","Généralement nuageux"
"1999-06-12 01:00","1999","06","12","01:00"," ","10,70","","4,70","","66,00","","21,00","","6,00","","24,10","","95,48","","","","","","Généralement nuageux"
"1999-06-12 02:00","1999","06","12","02:00"," ","10,50","","4,70","","67,00","","16,00","","4,00","","24,10","","95,55","","","","","","Généralement nuageux"
"1999-06-12 03:00","1999","06","12","03:00"," ","10,20","","4,80","","69,00","","17,00","","9,00","","24,10","","95,61","","","","","","Généralement nuageux"
"1999-06-12 04:00","1999","06","12","04:00"," ","9,80","","4,80","","71,00","","16,00","","7,00","","24,10","","95,61","","","","","","Généralement nuageux"
"1999-06-12 05:00","1999","06","12","05:00"," ","9,50","","4,40","","70,00","","15,00","","9,00","","24,10","","95,64","","","","","","Généralement nuageux"
"1999-06-12 06:00","1999","06","12","06:00"," ","9,90","","4,20","","68,00","","18,00","","11,00","","24,10","","95,71","","","","","","Généralement nuageux"
"1999-06-12 07:00","1999","06","12","07:00"," ","10,90","","4,60","","65,00","","18,00","","9,00","","24,10","","95,71","","","","","","Généralement nuageux"
"1999-06-12 08:00","1999","06","12","08:00"," ","13,10","","3,60","","52,00","","19,00","","15,00","","24,10","","95,74","","","","","","Généralement nuageux"
"1999-06-12 09:00","1999","06","12","09:00"," ","14,70","","3,60","","47,00","","24,00","","11,00","","24,10","","95,80","","","","","","Généralement nuageux"
"1999-06-12 10:00","1999","06","12","10:00"," ","15,20","","2,70","","43,00","","19,00","","7,00","","24,10","","95,80","","","","","","Généralement nuageux"
"1999-06-12 11:00","1999","06","12","11:00"," ","16,00","","2,30","","40,00","","26,00","","6,00","","24,10","","95,80","","","","","","Généralement dégagé"
"1999-06-12 12:00","1999","06","12","12:00"," ","17,20","","1,00","","33,00","","31,00","","6,00","","24,10","","95,87","","","","","","Généralement dégagé"
"1999-06-12 13:00","1999","06","12","13:00"," ","17,70","","2,10","","35,00","","30,00","","6,00","","24,10","","95,87","","","","","","Généralement dégagé"
"1999-06-12 14:00","1999","06","12","14:00"," ","18,30","","1,40","","32,00","","29,00","","9,00","","24,10","","95,87","","","","","","Généralement dégagé"
"1999-06-12 15:00","1999","06","12","15:00"," ","18,30","","1,50","","32,00","","0,00","","0,00","","24,10","","95,83","","","","","","Généralement dégagé"
"1999-06-12 16:00","1999","06","12","16:00"," ","19,00","","2,20","","33,00","","7,00","","4,00","","24,10","","95,80","","","","","","Généralement dégagé"
"1999-06-12 17:00","1999","06","12","17:00"," ","19,00","","1,60","","31,00","","28,00","","6,00","","24,10","","95,77","","","","","","Généralement dégagé"
"1999-06-12 18:00","1999","06","12","18:00"," ","20,00","","2,50","","31,00","","30,00","","6,00","","24,10","","95,77","","","","","","Généralement dégagé"
"1999-06-12 19:00","1999","06","12","19:00"," ","19,40","","1,20","","30,00","","0,00","","0,00","","24,10","","95,74","","","","","","Généralement dégagé"
"1999-06-12 20:00","1999","06","12","20:00"," ","19,00","","1,90","","32,00","","0,00","","0,00","","24,10","","95,74","","","","","","Généralement dégagé"
"1999-06-12 21:00","1999","06","12","21:00"," ","17,10","","2,30","","37,00","","0,00","","0,00","","24,10","","95,77","","","","","","Dégagé"
"1999-06-12 22:00","1999","06","12","22:00"," ","15,00","","2,00","","41,00","","0,00","","0,00","","24,10","","95,80","","","","","","Dégagé"
"1999-06-12 23:00","1999","06","12","23:00"," ","12,30","","1,00","","46,00","","15,00","","6,00","","24,10","","95,80","","","","","","Dégagé"
"1999-06-13 00:00","1999","06","13","00:00"," ","13,40","","0,30","","41,00","","24,00","","19,00","","24,10","","95,83","","","","","","Dégagé"
"1999-06-13 01:00","1999","06","13","01:00"," ","11,80","","-0,10","","44,00","","23,00","","9,00","","24,10","","95,87","","","","","","Dégagé"
"1999-06-13 02:00","1999","06","13","02:00"," ","10,60","","-0,60","","46,00","","21,00","","9,00","","24,10","","95,87","","","","","","Dégagé"
"1999-06-13 03:00","1999","06","13","03:00"," ","9,20","","-0,60","","50,00","","22,00","","7,00","","24,10","","95,87","","","","","","Dégagé"
"1999-06-13 04:00","1999","06","13","04:00"," ","8,40","","-0,70","","53,00","","23,00","","7,00","","24,10","","95,87","","","","","","Généralement dégagé"
"1999-06-13 05:00","1999","06","13","05:00"," ","8,00","","-0,50","","55,00","","20,00","","7,00","","24,10","","95,87","","","","","","Généralement dégagé"
"1999-06-13 06:00","1999","06","13","06:00"," ","10,80","","0,90","","50,00","","22,00","","4,00","","24,10","","95,87","","","","","","Généralement dégagé"
"1999-06-13 07:00","1999","06","13","07:00"," ","11,90","","1,60","","49,00","","3,00","","6,00","","24,10","","95,90","","","","","","Généralement dégagé"
"1999-06-13 08:00","1999","06","13","08:00"," ","13,60","","3,30","","50,00","","5,00","","6,00","","24,10","","95,87","","","","","","Généralement dégagé"
"1999-06-13 09:00","1999","06","13","09:00"," ","15,60","","4,30","","47,00","","0,00","","0,00","","24,10","","95,90","","","","","","Généralement dégagé"
"1999-06-13 10:00","1999","06","13","10:00"," ","17,80","","4,90","","43,00","","0,00","","0,00","","24,10","","95,87","","","","","","Généralement dégagé"
"1999-06-13 11:00","1999","06","13","11:00"," ","19,50","","5,30","","39,00","","0,00","","0,00","","24,10","","95,83","","","","","","Généralement dégagé"
"1999-06-13 12:00","1999","06","13","12:00"," ","20,30","","5,10","","37,00","","0,00","","0,00","","24,10","","95,80","","","","","","Généralement dégagé"
"1999-06-13 13:00","1999","06","13","13:00"," ","21,10","","5,40","","36,00","","0,00","","0,00","","24,10","","95,77","","","","","","Généralement nuageux"
"1999-06-13 14:00","1999","06","13","14:00"," ","22,30","","4,70","","32,00","","27,00","","15,00","","24,10","","95,74","","","","","","Généralement nuageux"
"1999-06-13 15:00","1999","06","13","15:00"," ","21,80","","3,30","","30,00","","12,00","","6,00","","24,10","","95,71","","","","","","Généralement nuageux"
"1999-06-13 16:00","1999","06","13","16:00"," ","23,40","","5,30","","31,00","","12,00","","11,00","","24,10","","95,67","","","","","","Généralement nuageux"
"1999-06-13 17:00","1999","06","13","17:00"," ","22,90","","3,60","","28,00","","0,00","","0,00","","24,10","","95,64","","","","","","Généralement nuageux"
"1999-06-13 18:00","1999","06","13","18:00"," ","22,70","","3,20","","28,00","","9,00","","7,00","","24,10","","95,61","","","","","","Généralement nuageux"
"1999-06-13 19:00","1999","06","13","19:00"," ","21,90","","4,20","","31,00","","0,00","","0,00","","24,10","","95,61","","","","","","Généralement nuageux"
"1999-06-13 20:00","1999","06","13","20:00"," ","20,50","","3,90","","33,00","","6,00","","15,00","","24,10","","95,61","","","","","","Généralement nuageux"
"1999-06-13 21:00","1999","06","13","21:00"," ","18,70","","3,60","","37,00","","23,00","","11,00","","24,10","","95,64","","","","","","Généralement nuageux"
"1999-06-13 22:00","1999","06","13","22:00"," ","16,50","","2,70","","40,00","","7,00","","11,00","","24,10","","95,67","","","","","","Généralement nuageux"
"1999-06-13 23:00","1999","06","13","23:00"," ","15,30","","2,60","","42,00","","4,00","","7,00","","24,10","","95,67","","","","","","Généralement nuageux"
"1999-06-14 00:00","1999","06","14","00:00"," ","14,10","","2,30","","45,00","","35,00","","11,00","","24,10","","95,71","","","","","","Généralement dégagé"
"1999-06-14 01:00","1999","06","14","01:00"," ","14,50","","2,20","","43,00","","3,00","","9,00","","24,10","","95,71","","","","","","Généralement dégagé"
"1999-06-14 02:00","1999","06","14","02:00"," ","12,60","","2,10","","49,00","","4,00","","7,00","","24,10","","95,74","","","","","","Généralement dégagé"
"1999-06-14 03:00","1999","06","14","03:00"," ","12,80","","1,60","","46,00","","6,00","","9,00","","24,10","","95,74","","","","","","Généralement dégagé"
"1999-06-14 04:00","1999","06","14","04:00"," ","12,40","","0,70","","45,00","","6,00","","7,00","","24,10","","95,74","","","","","","Généralement dégagé"
"1999-06-14 05:00","1999","06","14","05:00"," ","11,60","","0,90","","48,00","","4,00","","6,00","","24,10","","95,74","","","","","","Généralement nuageux"
"1999-06-14 06:00","1999","06","14","06:00"," ","13,30","","3,00","","50,00","","4,00","","6,00","","24,10","","95,74","","","","","","Généralement nuageux"
"1999-06-14 07:00","1999","06","14","07:00"," ","15,70","","2,70","","42,00","","7,00","","6,00","","24,10","","95,74","","","","","","Généralement nuageux"
"1999-06-14 08:00","1999","06","14","08:00"," ","16,60","","3,90","","43,00","","0,00","","0,00","","24,10","","95,74","","","","","","Généralement dégagé"
"1999-06-14 09:00","1999","06","14","09:00"," ","18,20","","5,40","","43,00","","7,00","","6,00","","24,10","","95,74","","","","","","Généralement dégagé"
"1999-06-14 10:00","1999","06","14","10:00"," ","20,60","","7,50","","43,00","","12,00","","9,00","","24,10","","95,71","","","","","","Généralement dégagé"
"1999-06-14 11:00","1999","06","14","11:00"," ","21,80","","7,90","","41,00","","8,00","","9,00","","24,10","","95,67","","","","","","Généralement dégagé"
"1999-06-14 12:00","1999","06","14","12:00"," ","23,30","","8,90","","40,00","","0,00","","0,00","","24,10","","95,61","","","","","","Généralement dégagé"
"1999-06-14 13:00","1999","06","14","13:00"," ","23,10","","8,00","","38,00","","18,00","","6,00","","24,10","","95,58","","","","","","Généralement dégagé"
"1999-06-14 14:00","1999","06","14","14:00"," ","24,70","","9,10","","37,00","","13,00","","15,00","","24,10","","95,55","","26,00","","","","Généralement dégagé"
"1999-06-14 15:00","1999","06","14","15:00"," ","23,50","","8,10","","37,00","","8,00","","9,00","","24,10","","95,51","","","","","","Généralement dégagé"
"1999-06-14 16:00","1999","06","14","16:00"," ","25,50","","8,00","","33,00","","15,00","","7,00","","24,10","","95,48","","26,00","","","","Généralement dégagé"
"1999-06-14 17:00","1999","06","14","17:00"," ","25,20","","6,90","","31,00","","10,00","","7,00","","24,10","","95,45","","25,00","","","","Généralement dégagé"
"1999-06-14 18:00","1999","06","14","18:00"," ","25,40","","6,70","","30,00","","8,00","","7,00","","24,10","","95,39","","25,00","","","","Généralement dégagé"
"1999-06-14 19:00","1999","06","14","19:00"," ","24,90","","6,90","","32,00","","10,00","","6,00","","24,10","","95,35","","25,00","","","","Généralement dégagé"
"1999-06-14 20:00","1999","06","14","20:00"," ","23,60","","7,30","","35,00","","9,00","","9,00","","24,10","","95,35","","","","","","Généralement dégagé"
"1999-06-14 21:00","1999","06","14","21:00"," ","21,30","","6,40","","38,00","","8,00","","9,00","","24,10","","95,39","","","","","","Généralement dégagé"
"1999-06-14 22:00","1999","06","14","22:00"," ","19,30","","5,20","","40,00","","7,00","","11,00","","24,10","","95,39","","","","","","Généralement dégagé"
"1999-06-14 23:00","1999","06","14","23:00"," ","18,60","","4,10","","38,00","","9,00","","13,00","","24,10","","95,39","","","","","","Généralement dégagé"
"1999-06-15 00:00","1999","06","15","00:00"," ","18,40","","3,30","","37,00","","9,00","","22,00","","24,10","","95,39","","","","","","Généralement dégagé"
"1999-06-15 01:00","1999","06","15","01:00"," ","17,40","","2,70","","37,00","","7,00","","19,00","","24,10","","95,35","","","","","","Généralement dégagé"
"1999-06-15 02:00","1999","06","15","02:00"," ","16,40","","3,20","","41,00","","9,00","","11,00","","24,10","","95,35","","","","","","Généralement dégagé"
"1999-06-15 03:00","1999","06","15","03:00"," ","15,00","","3,30","","45,00","","8,00","","9,00","","24,10","","95,35","","","","","","Généralement dégagé"
"1999-06-15 04:00","1999","06","15","04:00"," ","13,50","","3,50","","51,00","","9,00","","7,00","","24,10","","95,35","","","","","","Généralement dégagé"
"1999-06-15 05:00","1999","06","15","05:00"," ","13,60","","3,80","","51,00","","6,00","","7,00","","24,10","","95,35","","","","","","Généralement nuageux"
"1999-06-15 06:00","1999","06","15","06:00"," ","13,90","","4,90","","55,00","","3,00","","9,00","","24,10","","95,39","","","","","","Généralement nuageux"
"1999-06-15 07:00","1999","06","15","07:00"," ","16,90","","6,90","","52,00","","3,00","","7,00","","24,10","","95,39","","","","","","Généralement nuageux"
"1999-06-15 08:00","1999","06","15","08:00"," ","18,30","","7,20","","48,00","","21,00","","6,00","","24,10","","95,35","","","","","","Généralement nuageux"
"1999-06-15 09:00","1999","06","15","09:00"," ","20,90","","8,80","","46,00","","9,00","","7,00","","24,10","","95,35","","","","","","Généralement dégagé"
"1999-06-15 10:00","1999","06","15","10:00"," ","22,20","","9,80","","45,00","","12,00","","6,00","","24,10","","95,32","","","","","","Généralement dégagé"
"1999-06-15 11:00","1999","06","15","11:00"," ","23,70","","9,20","","40,00","","10,00","","7,00","","24,10","","95,29","","25,00","","","","Généralement dégagé"
"1999-06-15 12:00","1999","06","15","12:00"," ","25,70","","7,80","","32,00","","16,00","","20,00","","24,10","","95,26","","26,00","","","","Généralement dégagé"
"1999-06-15 13:00","1999","06","15","13:00"," ","26,10","","7,40","","30,00","","13,00","","24,00","","24,10","","95,22","","26,00","","","","Généralement dégagé"
"1999-06-15 14:00","1999","06","15","14:00"," ","26,10","","6,10","","28,00","","12,00","","17,00","","24,10","","95,19","","26,00","","","","Généralement dégagé"
"1999-06-15 15:00","1999","06","15","15:00"," ","26,80","","6,80","","28,00","","14,00","","24,00","","24,10","","95,16","","27,00","","","","Généralement dégagé"
"1999-06-15 16:00","1999","06","15","16:00"," ","26,40","","5,50","","26,00","","11,00","","19,00","","24,10","","95,10","","26,00","","","","Généralement dégagé"
"1999-06-15 17:00","1999","06","15","17:00"," ","26,80","","7,10","","29,00","","15,00","","22,00","","24,10","","95,06","","27,00","","","","Généralement dégagé"
"1999-06-15 18:00","1999","06","15","18:00"," ","26,10","","6,80","","29,00","","12,00","","17,00","","24,10","","95,00","","26,00","","","","Généralement dégagé"
"1999-06-15 19:00","1999","06","15","19:00"," ","25,30","","6,10","","29,00","","9,00","","17,00","","24,10","","94,97","","25,00","","","","Généralement dégagé"
"1999-06-15 20:00","1999","06","15","20:00"," ","24,20","","6,40","","32,00","","11,00","","11,00","","24,10","","94,97","","","","","","Généralement dégagé"
"1999-06-15 21:00","1999","06","15","21:00"," ","21,60","","5,80","","36,00","","10,00","","13,00","","24,10","","94,97","","","","","","Généralement dégagé"
"1999-06-15 22:00","1999","06","15","22:00"," ","20,00","","5,30","","38,00","","6,00","","11,00","","24,10","","94,94","","","","","","Généralement dégagé"
"1999-06-15 23:00","1999","06","15","23:00"," ","19,70","","4,90","","38,00","","10,00","","11,00","","24,10","","94,94","","","","","","Généralement dégagé"
"1999-06-16 00:00","1999","06","16","00:00"," ","19,40","","4,90","","38,00","","11,00","","15,00","","24,10","","94,87","","","","","","Généralement dégagé"
"1999-06-16 01:00","1999","06","16","01:00"," ","18,90","","5,20","","41,00","","12,00","","19,00","","24,10","","94,84","","","","","","Généralement dégagé"
"1999-06-16 02:00","1999","06","16","02:00"," ","18,50","","5,40","","42,00","","14,00","","19,00","","24,10","","94,81","","","","","","Généralement dégagé"
"1999-06-16 03:00","1999","06","16","03:00"," ","15,90","","4,80","","48,00","","6,00","","15,00","","24,10","","94,78","","","","","","Généralement dégagé"
"1999-06-16 04:00","1999","06","16","04:00"," ","14,10","","4,90","","54,00","","7,00","","11,00","","24,10","","94,74","","","","","","Généralement dégagé"
"1999-06-16 05:00","1999","06","16","05:00"," ","14,90","","5,40","","53,00","","7,00","","15,00","","24,10","","94,74","","","","","","Généralement dégagé"
"1999-06-16 06:00","1999","06","16","06:00"," ","16,60","","6,20","","50,00","","5,00","","11,00","","24,10","","94,71","","","","","","Généralement dégagé"
"1999-06-16 07:00","1999","06","16","07:00"," ","17,90","","7,10","","49,00","","8,00","","11,00","","24,10","","94,68","","","","","","Généralement dégagé"
"1999-06-16 08:00","1999","06","16","08:00"," ","19,20","","8,00","","48,00","","6,00","","9,00","","24,10","","94,65","","","","","","Généralement dégagé"
"1999-06-16 09:00","1999","06","16","09:00"," ","21,40","","8,50","","44,00","","9,00","","15,00","","24,10","","94,62","","","","","","Dégagé"
"1999-06-16 10:00","1999","06","16","10:00"," ","24,50","","8,80","","37,00","","11,00","","24,00","","24,10","","94,52","","25,00","","","","Dégagé"
"1999-06-16 11:00","1999","06","16","11:00"," ","25,60","","7,90","","32,00","","13,00","","19,00","","24,10","","94,52","","26,00","","","","Dégagé"
"1999-06-16 12:00","1999","06","16","12:00"," ","26,20","","7,70","","31,00","","14,00","","26,00","","24,10","","94,49","","26,00","","","","Dégagé"
"1999-06-16 13:00","1999","06","16","13:00"," ","26,90","","8,00","","30,00","","13,00","","28,00","","24,10","","94,42","","27,00","","","","Généralement dégagé"
"1999-06-16 14:00","1999","06","16","14:00"," ","27,50","","8,50","","30,00","","14,00","","26,00","","24,10","","94,39","","28,00","","","","Généralement dégagé"
"1999-06-16 15:00","1999","06","16","15:00"," ","27,60","","8,00","","29,00","","11,00","","24,00","","24,10","","94,36","","28,00","","","","Généralement dégagé"
"1999-06-16 16:00","1999","06","16","16:00"," ","28,10","","8,60","","29,00","","13,00","","26,00","","24,10","","94,30","","29,00","","","","Généralement dégagé"
"1999-06-16 17:00","1999","06","16","17:00"," ","28,10","","8,90","","30,00","","13,00","","24,00","","24,10","","94,26","","29,00","","","","Généralement dégagé"
"1999-06-16 18:00","1999","06","16","18:00"," ","27,10","","8,90","","32,00","","13,00","","22,00","","24,10","","94,20","","28,00","","","","Généralement nuageux"
"1999-06-16 19:00","1999","06","16","19:00"," ","27,30","","9,70","","33,00","","11,00","","15,00","","24,10","","94,20","","28,00","","","","Généralement nuageux"
"1999-06-16 20:00","1999","06","16","20:00"," ","25,50","","9,60","","37,00","","11,00","","9,00","","24,10","","94,20","","27,00","","","","Généralement nuageux"
"1999-06-16 21:00","1999","06","16","21:00"," ","23,10","","9,40","","42,00","","16,00","","9,00","","24,10","","94,20","","","","","","Généralement nuageux"
"1999-06-16 22:00","1999","06","16","22:00"," ","21,70","","10,50","","49,00","","15,00","","19,00","","24,10","","94,20","","","","","","Généralement nuageux"
"1999-06-16 23:00","1999","06","16","23:00"," ","19,70","","11,20","","58,00","","19,00","","7,00","","24,10","","94,20","","","","","","Généralement nuageux"
"1999-06-17 00:00","1999","06","17","00:00"," ","18,10","","11,00","","63,00","","23,00","","19,00","","24,10","","94,20","","","","","","Généralement nuageux"
"1999-06-17 01:00","1999","06","17","01:00"," ","17,80","","11,60","","67,00","","22,00","","15,00","","24,10","","94,23","","","","","","Généralement nuageux"
"1999-06-17 02:00","1999","06","17","02:00"," ","16,60","","11,60","","72,00","","21,00","","11,00","","24,10","","94,26","","","","","","Généralement nuageux"
"1999-06-17 03:00","1999","06","17","03:00"," ","16,50","","11,60","","73,00","","18,00","","9,00","","24,10","","94,26","","","","","","Nuageux"
"1999-06-17 04:00","1999","06","17","04:00"," ","16,30","","11,30","","72,00","","19,00","","7,00","","24,10","","94,30","","","","","","Nuageux"
"1999-06-17 05:00","1999","06","17","05:00"," ","16,10","","11,40","","74,00","","20,00","","11,00","","24,10","","94,36","","","","","","Généralement nuageux"
"1999-06-17 06:00","1999","06","17","06:00"," ","16,10","","11,60","","75,00","","21,00","","9,00","","24,10","","94,36","","","","","","Généralement nuageux"
"1999-06-17 07:00","1999","06","17","07:00"," ","16,60","","11,70","","73,00","","20,00","","7,00","","24,10","","94,36","","","","","","Généralement nuageux"
"1999-06-17 08:00","1999","06","17","08:00"," ","18,20","","11,50","","65,00","","20,00","","13,00","","24,10","","94,36","","","","","","Nuageux"
"1999-06-17 09:00","1999","06","17","09:00"," ","19,80","","10,80","","56,00","","27,00","","9,00","","24,10","","94,36","","","","","","Nuageux"
"1999-06-17 10:00","1999","06","17","10:00"," ","20,60","","11,40","","56,00","","25,00","","11,00","","24,10","","94,39","","","","","","Généralement nuageux"
"1999-06-17 11:00","1999","06","17","11:00"," ","22,60","","11,60","","50,00","","23,00","","13,00","","24,10","","94,39","","25,00","","","","Généralement dégagé"
"1999-06-17 12:00","1999","06","17","12:00"," ","24,80","","10,10","","39,00","","25,00","","15,00","","24,10","","94,39","","26,00","","","","Généralement dégagé"
"1999-06-17 13:00","1999","06","17","13:00"," ","24,80","","8,60","","36,00","","26,00","","9,00","","24,10","","94,36","","25,00","","","","Généralement dégagé"
"1999-06-17 14:00","1999","06","17","14:00"," ","26,20","","9,20","","34,00","","25,00","","19,00","","24,10","","94,33","","27,00","","","","Généralement dégagé"
"1999-06-17 15:00","1999","06","17","15:00"," ","26,00","","8,30","","33,00","","27,00","","11,00","","24,10","","94,30","","27,00","","","","Généralement dégagé"
"1999-06-17 16:00","1999","06","17","16:00"," ","26,30","","6,40","","28,00","","27,00","","22,00","","24,10","","94,30","","26,00","","","","Généralement dégagé"
"1999-06-17 17:00","1999","06","17","17:00"," ","25,90","","7,70","","31,00","","26,00","","15,00","","24,10","","94,30","","26,00","","","","Généralement dégagé"
"1999-06-17 18:00","1999","06","17","18:00"," ","25,70","","6,60","","30,00","","28,00","","15,00","","24,10","","94,26","","26,00","","","","Généralement dégagé"
"1999-06-17 19:00","1999","06","17","19:00"," ","25,40","","7,20","","31,00","","27,00","","9,00","","24,10","","94,23","","25,00","","","","Généralement dégagé"
"1999-06-17 20:00","1999","06","17","20:00"," ","24,80","","8,50","","35,00","","28,00","","6,00","","24,10","","94,23","","25,00","","","","Généralement dégagé"
"1999-06-17 21:00","1999","06","17","21:00"," ","23,00","","8,10","","38,00","","30,00","","7,00","","24,10","","94,26","","","","","","Généralement dégagé"
"1999-06-17 22:00","1999","06","17","22:00"," ","19,60","","7,90","","47,00","","0,00","","0,00","","24,10","","94,30","","","","","","Généralement dégagé"
"1999-06-17 23:00","1999","06","17","23:00"," ","18,50","","7,20","","48,00","","31,00","","6,00","","24,10","","94,30","","","","","","Généralement dégagé"
"1999-06-18 00:00","1999","06","18","00:00"," ","13,80","","6,80","","63,00","","21,00","","9,00","","24,10","","94,30","","","","","","Généralement dégagé"
"1999-06-18 01:00","1999","06","18","01:00"," ","13,60","","6,50","","62,00","","33,00","","7,00","","24,10","","94,30","","","","","","Généralement dégagé"
"1999-06-18 02:00","1999","06","18","02:00"," ","14,00","","6,20","","59,00","","33,00","","6,00","","24,10","","94,30","","","","","","Généralement dégagé"
"1999-06-18 03:00","1999","06","18","03:00"," ","12,40","","6,30","","66,00","","32,00","","4,00","","24,10","","94,33","","","","","","Généralement dégagé"
"1999-06-18 04:00","1999","06","18","04:00"," ","12,10","","6,30","","68,00","","35,00","","7,00","","24,10","","94,30","","","","","","Généralement dégagé"
"1999-06-18 05:00","1999","06","18","05:00"," ","11,40","","6,40","","71,00","","0,00","","0,00","","24,10","","94,30","","","","","","Généralement nuageux"
"1999-06-18 06:00","1999","06","18","06:00"," ","15,70","","8,70","","63,00","","0,00","","0,00","","24,10","","94,26","","","","","","Généralement dégagé"
"1999-06-18 07:00","1999","06","18","07:00"," ","17,30","","10,90","","66,00","","20,00","","4,00","","24,10","","94,30","","","","","","Généralement dégagé"
"1999-06-18 08:00","1999","06","18","08:00"," ","20,30","","13,00","","63,00","","28,00","","6,00","","24,10","","94,23","","","","","","Généralement dégagé"
"1999-06-18 09:00","1999","06","18","09:00"," ","21,90","","13,40","","58,00","","0,00","","0,00","","24,10","","94,23","","25,00","","","","Généralement dégagé"
"1999-06-18 10:00","1999","06","18","10:00"," ","23,80","","13,30","","52,00","","11,00","","11,00","","24,10","","94,20","","27,00","","","","Généralement dégagé"
"1999-06-18 11:00","1999","06","18","11:00"," ","25,20","","13,10","","47,00","","13,00","","22,00","","24,10","","94,14","","28,00","","","","Généralement dégagé"
"1999-06-18 12:00","1999","06","18","12:00"," ","26,20","","12,30","","42,00","","12,00","","15,00","","24,10","","94,07","","29,00","","","","Généralement nuageux"
"1999-06-18 13:00","1999","06","18","13:00"," ","27,50","","11,50","","37,00","","14,00","","22,00","","24,10","","94,01","","30,00","","","","Généralement nuageux"
"1999-06-18 14:00","1999","06","18","14:00"," ","26,90","","11,50","","38,00","","9,00","","13,00","","24,10","","93,94","","29,00","","","","Généralement nuageux"
"1999-06-18 15:00","1999","06","18","15:00"," ","23,40","","15,50","","61,00","","0,00","","0,00","","24,10","","93,88","","28,00","","","","Orages,Averses de pluie"
"1999-06-18 16:00","1999","06","18","16:00"," ","20,40","","11,60","","57,00","","26,00","","15,00","","24,10","","93,91","","","","","","Généralement nuageux"
"1999-06-18 17:00","1999","06","18","17:00"," ","20,80","","13,50","","63,00","","24,00","","28,00","","24,10","","93,94","","","","","","Généralement nuageux"
"1999-06-18 18:00","1999","06","18","18:00"," ","18,00","","10,60","","62,00","","29,00","","28,00","","24,10","","93,94","","","","","","Nuageux"
"1999-06-18 19:00","1999","06","18","19:00"," ","15,60","","11,50","","77,00","","21,00","","13,00","","24,10","","94,01","","","","","","Orages,Averses de pluie"
"1999-06-18 20:00","1999","06","18","20:00"," ","15,50","","11,50","","77,00","","23,00","","9,00","","24,10","","93,94","","","","","","Nuageux"
"1999-06-18 21:00","1999","06","18","21:00"," ","15,40","","11,80","","79,00","","4,00","","6,00","","24,10","","93,91","","","","","","Nuageux"
"1999-06-18 22:00","1999","06","18","22:00"," ","14,80","","11,90","","83,00","","21,00","","13,00","","24,10","","93,88","","","","","","Nuageux"
"1999-06-18 23:00","1999","06","18","23:00"," ","14,20","","11,50","","84,00","","19,00","","9,00","","24,10","","93,88","","","","","","Averses de pluie"
"1999-06-19 00:00","1999","06","19","00:00"," ","13,60","","11,10","","85,00","","20,00","","9,00","","24,10","","93,91","","","","","","Généralement nuageux"
"1999-06-19 01:00","1999","06","19","01:00"," ","13,50","","10,90","","84,00","","23,00","","17,00","","24,10","","93,91","","","","","","Généralement nuageux"
"1999-06-19 02:00","1999","06","19","02:00"," ","12,90","","10,50","","85,00","","0,00","","0,00","","24,10","","93,88","","","","","","Généralement nuageux"
"1999-06-19 03:00","1999","06","19","03:00"," ","11,50","","9,30","","86,00","","26,00","","6,00","","9,70","","93,81","","","","","","Brouillard"
"1999-06-19 04:00","1999","06","19","04:00"," ","10,10","","8,10","","87,00","","20,00","","4,00","","6,40","","93,81","","","","","","Brouillard"
"1999-06-19 05:00","1999","06","19","05:00"," ","10,50","","8,40","","87,00","","21,00","","6,00","","0,40","","93,81","","","","","","Brouillard"
"1999-06-19 06:00","1999","06","19","06:00"," ","11,50","","9,40","","87,00","","0,00","","0,00","","0,40","","93,81","","","","","","Brouillard"
"1999-06-19 07:00","1999","06","19","07:00"," ","12,10","","10,10","","88,00","","20,00","","13,00","","0,60","","93,81","","","","","","Brouillard"
"1999-06-19 08:00","1999","06","19","08:00"," ","12,40","","10,20","","86,00","","23,00","","6,00","","4,80","","93,78","","","","","","Brouillard"
"1999-06-19 09:00","1999","06","19","09:00"," ","14,20","","11,00","","81,00","","27,00","","9,00","","24,10","","93,75","","","","","","Nuageux"
"1999-06-19 10:00","1999","06","19","10:00"," ","14,80","","10,40","","75,00","","25,00","","13,00","","24,10","","93,78","","","","","","Nuageux"
"1999-06-19 11:00","1999","06","19","11:00"," ","14,90","","8,90","","67,00","","24,00","","15,00","","24,10","","93,81","","","","","","Nuageux"
"1999-06-19 12:00","1999","06","19","12:00"," ","15,40","","9,30","","67,00","","27,00","","19,00","","24,10","","93,85","","","","","","Nuageux"
"1999-06-19 13:00","1999","06","19","13:00"," ","16,00","","8,70","","62,00","","26,00","","26,00","","24,10","","93,88","","","","","","Généralement nuageux"
"1999-06-19 14:00","1999","06","19","14:00"," ","16,50","","8,10","","58,00","","27,00","","22,00","","24,10","","93,88","","","","","","Généralement nuageux"
"1999-06-19 15:00","1999","06","19","15:00"," ","17,70","","8,50","","55,00","","25,00","","19,00","","24,10","","93,88","","","","","","Généralement nuageux"
"1999-06-19 16:00","1999","06","19","16:00"," ","17,70","","7,40","","51,00","","26,00","","15,00","","24,10","","93,88","","","","","","Généralement nuageux"
"1999-06-19 17:00","1999","06","19","17:00"," ","18,10","","7,50","","50,00","","26,00","","13,00","","24,10","","93,85","","","","","","Généralement nuageux"
"1999-06-19 18:00","1999","06","19","18:00"," ","18,80","","7,90","","49,00","","26,00","","9,00","","24,10","","93,85","","","","","","Généralement nuageux"
"1999-06-19 19:00","1999","06","19","19:00"," ","19,20","","4,50","","38,00","","27,00","","26,00","","24,10","","93,85","","","","","","Généralement nuageux"
"1999-06-19 20:00","1999","06","19","20:00"," ","17,50","","2,90","","38,00","","26,00","","22,00","","24,10","","93,85","","","","","","Généralement nuageux"
"1999-06-19 21:00","1999","06","19","21:00"," ","16,10","","2,40","","40,00","","24,00","","19,00","","24,10","","93,88","","","","","","Généralement nuageux"
"1999-06-19 22:00","1999","06","19","22:00"," ","13,80","","2,30","","46,00","","24,00","","15,00","","24,10","","93,88","","","","","","Généralement dégagé"
"1999-06-19 23:00","1999","06","19","23:00"," ","12,70","","2,60","","50,00","","23,00","","19,00","","24,10","","93,88","","","","","","Généralement dégagé"
"1999-06-20 00:00","1999","06","20","00:00"," ","11,80","","1,60","","50,00","","23,00","","19,00","","24,10","","93,88","","","","","","Généralement dégagé"
"1999-06-20 01:00","1999","06","20","01:00"," ","10,60","","1,00","","51,00","","25,00","","19,00","","24,10","","93,88","","","","","","Généralement dégagé"
"1999-06-20 02:00","1999","06","20","02:00"," ","8,60","","0,70","","58,00","","23,00","","15,00","","24,10","","93,88","","","","","","Généralement dégagé"
"1999-06-20 03:00","1999","06","20","03:00"," ","7,30","","0,60","","62,00","","22,00","","13,00","","24,10","","93,91","","","","","","Généralement dégagé"
"1999-06-20 04:00","1999","06","20","04:00"," ","5,60","","0,00","","67,00","","21,00","","11,00","","24,10","","93,91","","","","","","Généralement dégagé"
"1999-06-20 05:00","1999","06","20","05:00"," ","5,20","","0,20","","70,00","","20,00","","13,00","","24,10","","93,91","","","","","","Généralement dégagé"
"1999-06-20 06:00","1999","06","20","06:00"," ","9,50","","2,20","","60,00","","20,00","","13,00","","24,10","","93,94","","","","","","Généralement dégagé"
"1999-06-20 07:00","1999","06","20","07:00"," ","11,90","","3,20","","55,00","","22,00","","13,00","","24,10","","93,94","","","","","","Généralement dégagé"
"1999-06-20 08:00","1999","06","20","08:00"," ","14,10","","3,30","","48,00","","23,00","","15,00","","24,10","","93,94","","","","","","Généralement dégagé"
"1999-06-20 09:00","1999","06","20","09:00"," ","16,00","","4,30","","46,00","","24,00","","22,00","","24,10","","93,91","","","","","","Généralement dégagé"
"1999-06-20 10:00","1999","06","20","10:00"," ","16,90","","4,00","","42,00","","22,00","","26,00","","24,10","","93,88","","","","","","Généralement dégagé"
"1999-06-20 11:00","1999","06","20","11:00"," ","18,20","","4,60","","41,00","","24,00","","28,00","","24,10","","93,88","","","","","","Généralement nuageux"
"1999-06-20 12:00","1999","06","20","12:00"," ","19,60","","5,90","","41,00","","24,00","","32,00","","24,10","","93,81","","","","","","Généralement nuageux"
"1999-06-20 13:00","1999","06","20","13:00"," ","19,20","","5,70","","41,00","","20,00","","32,00","","24,10","","93,78","","","","","","Généralement nuageux"
"1999-06-20 14:00","1999","06","20","14:00"," ","20,00","","6,40","","41,00","","21,00","","19,00","","24,10","","93,78","","","","","","Généralement nuageux"
"1999-06-20 15:00","1999","06","20","15:00"," ","19,50","","5,80","","41,00","","24,00","","20,00","","24,10","","93,75","","","","","","Généralement nuageux"
"1999-06-20 16:00","1999","06","20","16:00"," ","19,00","","6,10","","43,00","","21,00","","24,00","","24,10","","93,72","","","","","","Généralement nuageux"
"1999-06-20 17:00","1999","06","20","17:00"," ","19,20","","6,20","","43,00","","24,00","","19,00","","24,10","","93,72","","","","","","Généralement nuageux"
"1999-06-20 18:00","1999","06","20","18:00"," ","19,50","","6,10","","42,00","","23,00","","24,00","","24,10","","93,69","","","","","","Généralement nuageux"
"1999-06-20 19:00","1999","06","20","19:00"," ","18,90","","6,20","","43,00","","24,00","","22,00","","24,10","","93,69","","","","","","Généralement nuageux"
"1999-06-20 20:00","1999","06","20","20:00"," ","17,40","","4,70","","43,00","","22,00","","19,00","","24,10","","93,65","","","","","","Généralement nuageux"
"1999-06-20 21:00","1999","06","20","21:00"," ","15,30","","4,70","","49,00","","24,00","","7,00","","24,10","","93,65","","","","","","Généralement nuageux"
"1999-06-20 22:00","1999","06","20","22:00"," ","13,00","","4,00","","54,00","","22,00","","6,00","","24,10","","93,65","","","","","","Dégagé"
"1999-06-20 23:00","1999","06","20","23:00"," ","12,60","","3,90","","55,00","","24,00","","6,00","","24,10","","93,62","","","","","","Dégagé"
"1999-06-21 00:00","1999","06","21","00:00"," ","9,10","","2,80","","65,00","","24,00","","13,00","","24,10","","93,62","","","","","","Généralement nuageux"
"1999-06-21 01:00","1999","06","21","01:00"," ","10,40","","3,90","","64,00","","24,00","","7,00","","24,10","","93,62","","","","","","Généralement nuageux"
"1999-06-21 02:00","1999","06","21","02:00"," ","8,70","","3,20","","68,00","","23,00","","11,00","","24,10","","93,65","","","","","","Généralement nuageux"
"1999-06-21 03:00","1999","06","21","03:00"," ","8,80","","3,40","","69,00","","25,00","","9,00","","24,10","","93,62","","","","","","Généralement nuageux"
"1999-06-21 04:00","1999","06","21","04:00"," ","9,20","","3,50","","67,00","","25,00","","6,00","","24,10","","93,62","","","","","","Généralement nuageux"
"1999-06-21 05:00","1999","06","21","05:00"," ","8,20","","3,80","","74,00","","22,00","","9,00","","24,10","","93,65","","","","","","Généralement nuageux"
"1999-06-21 06:00","1999","06","21","06:00"," ","10,20","","4,90","","70,00","","17,00","","4,00","","24,10","","93,69","","","","","","Généralement nuageux"
"1999-06-21 07:00","1999","06","21","07:00"," ","11,60","","5,10","","64,00","","20,00","","15,00","","24,10","","93,69","","","","","","Généralement nuageux"
"1999-06-21 08:00","1999","06","21","08:00"," ","12,50","","5,50","","62,00","","21,00","","11,00","","24,10","","93,65","","","","","","Généralement nuageux"
"1999-06-21 09:00","1999","06","21","09:00"," ","13,70","","5,00","","56,00","","21,00","","11,00","","24,10","","93,62","","","","","","Nuageux"
"1999-06-21 10:00","1999","06","21","10:00"," ","15,00","","4,90","","51,00","","22,00","","11,00","","24,10","","93,62","","","","","","Généralement nuageux"
"1999-06-21 11:00","1999","06","21","11:00"," ","15,20","","5,10","","51,00","","24,00","","19,00","","24,10","","93,59","","","","","","Généralement nuageux"
"1999-06-21 12:00","1999","06","21","12:00"," ","16,80","","5,20","","46,00","","21,00","","22,00","","24,10","","93,53","","","","","","Généralement nuageux"
"1999-06-21 13:00","1999","06","21","13:00"," ","17,80","","5,70","","45,00","","21,00","","28,00","","24,10","","93,49","","","","","","Généralement nuageux"
"1999-06-21 14:00","1999","06","21","14:00"," ","19,30","","5,60","","41,00","","23,00","","22,00","","24,10","","93,46","","","","","","Généralement dégagé"
"1999-06-21 15:00","1999","06","21","15:00"," ","19,50","","5,00","","38,00","","22,00","","22,00","","24,10","","93,43","","","","","","Généralement dégagé"
"1999-06-21 16:00","1999","06","21","16:00"," ","19,30","","4,60","","38,00","","23,00","","22,00","","24,10","","93,40","","","","","","Généralement nuageux"
"1999-06-21 17:00","1999","06","21","17:00"," ","18,70","","3,90","","37,00","","23,00","","15,00","","24,10","","93,43","","","","","","Généralement nuageux"
"1999-06-21 18:00","1999","06","21","18:00"," ","18,40","","2,90","","36,00","","27,00","","19,00","","24,10","","93,43","","","","","","Généralement nuageux"
"1999-06-21 19:00","1999","06","21","19:00"," ","18,30","","2,80","","36,00","","26,00","","22,00","","24,10","","93,43","","","","","","Généralement nuageux"
"1999-06-21 20:00","1999","06","21","20:00"," ","17,20","","2,30","","37,00","","27,00","","19,00","","24,10","","93,46","","","","","","Généralement dégagé"
"1999-06-21 21:00","1999","06","21","21:00"," ","15,80","","2,60","","41,00","","26,00","","15,00","","24,10","","93,49","","","","","","Généralement dégagé"
"1999-06-21 22:00","1999","06","21","22:00"," ","11,40","","2,50","","54,00","","25,00","","11,00","","24,10","","93,49","","","","","","Généralement nuageux"
"1999-06-21 23:00","1999","06","21","23:00"," ","10,50","","2,60","","58,00","","26,00","","9,00","","24,10","","93,49","","","","","","Généralement nuageux"
"1999-06-22 00:00","1999","06","22","00:00"," ","11,10","","3,40","","59,00","","26,00","","7,00","","24,10","","93,53","","","","","","Généralement nuageux"
"1999-06-22 01:00","1999","06","22","01:00"," ","10,80","","3,60","","61,00","","24,00","","7,00","","24,10","","93,56","","","","","","Généralement dégagé"
"1999-06-22 02:00","1999","06","22","02:00"," ","6,90","","2,40","","73,00","","23,00","","9,00","","24,10","","93,59","","","","","","Généralement dégagé"
"1999-06-22 03:00","1999","06","22","03:00"," ","10,30","","3,90","","64,00","","28,00","","15,00","","24,10","","93,59","","","","","","Généralement nuageux"
"1999-06-22 04:00","1999","06","22","04:00"," ","10,40","","3,90","","64,00","","28,00","","11,00","","24,10","","93,56","","","","","","Généralement nuageux"
"1999-06-22 05:00","1999","06","22","05:00"," ","9,70","","4,10","","68,00","","22,00","","9,00","","24,10","","93,56","","","","","","Généralement nuageux"
"1999-06-22 06:00","1999","06","22","06:00"," ","10,60","","4,80","","67,00","","24,00","","13,00","","24,10","","93,56","","","","","","Généralement nuageux"
"1999-06-22 07:00","1999","06","22","07:00"," ","11,70","","5,50","","66,00","","28,00","","22,00","","24,10","","93,56","","","","","","Généralement dégagé"
"1999-06-22 08:00","1999","06","22","08:00"," ","11,30","","5,10","","66,00","","29,00","","28,00","","24,10","","93,53","","","","","","Généralement nuageux"
"1999-06-22 09:00","1999","06","22","09:00"," ","10,70","","6,80","","77,00","","28,00","","26,00","","19,30","","93,56","","","","","","Pluie"
"1999-06-22 10:00","1999","06","22","10:00"," ","12,00","","6,20","","68,00","","28,00","","26,00","","24,10","","93,56","","","","","","Nuageux"
"1999-06-22 11:00","1999","06","22","11:00"," ","12,40","","6,00","","65,00","","29,00","","24,00","","24,10","","93,56","","","","","","Généralement nuageux"
"1999-06-22 12:00","1999","06","22","12:00"," ","13,40","","6,00","","61,00","","27,00","","24,00","","24,10","","93,56","","","","","","Généralement nuageux"
"1999-06-22 13:00","1999","06","22","13:00"," ","13,40","","6,50","","63,00","","29,00","","26,00","","24,10","","93,56","","","","","","Généralement nuageux"
"1999-06-22 14:00","1999","06","22","14:00"," ","14,30","","6,80","","61,00","","28,00","","24,00","","24,10","","93,56","","","","","","Généralement nuageux"
"1999-06-22 15:00","1999","06","22","15:00"," ","15,40","","6,00","","53,00","","29,00","","28,00","","24,10","","93,56","","","","","","Généralement nuageux"
"1999-06-22 16:00","1999","06","22","16:00"," ","14,50","","5,90","","56,00","","29,00","","20,00","","24,10","","93,56","","","","","","Généralement nuageux"
"1999-06-22 17:00","1999","06","22","17:00"," ","14,60","","5,90","","56,00","","31,00","","19,00","","24,10","","93,59","","","","","","Généralement nuageux"
"1999-06-22 18:00","1999","06","22","18:00"," ","14,60","","4,60","","51,00","","31,00","","22,00","","24,10","","93,59","","","","","","Généralement nuageux"
"1999-06-22 19:00","1999","06","22","19:00"," ","14,00","","4,60","","53,00","","32,00","","32,00","","24,10","","93,59","","","","","","Nuageux"
"1999-06-22 20:00","1999","06","22","20:00"," ","12,80","","3,90","","55,00","","31,00","","33,00","","24,10","","93,62","","","","","","Généralement nuageux"
"1999-06-22 21:00","1999","06","22","21:00"," ","11,60","","3,50","","57,00","","30,00","","22,00","","24,10","","93,65","","","","","","Généralement nuageux"
"1999-06-22 22:00","1999","06","22","22:00"," ","10,90","","3,90","","62,00","","31,00","","26,00","","24,10","","93,65","","","","","","Généralement nuageux"
"1999-06-22 23:00","1999","06","22","23:00"," ","9,80","","4,20","","68,00","","30,00","","24,00","","24,10","","93,69","","","","","","Averses de pluie"
"1999-06-23 00:00","1999","06","23","00:00"," ","9,00","","4,50","","73,00","","31,00","","19,00","","24,10","","93,69","","","","","","Averses de pluie"
"1999-06-23 01:00","1999","06","23","01:00"," ","8,70","","4,40","","74,00","","30,00","","19,00","","24,10","","93,69","","","","","","Averses de pluie"
"1999-06-23 02:00","1999","06","23","02:00"," ","8,60","","3,90","","72,00","","30,00","","22,00","","24,10","","93,72","","","","","","Généralement nuageux"
"1999-06-23 03:00","1999","06","23","03:00"," ","8,40","","3,80","","73,00","","31,00","","22,00","","24,10","","93,72","","","","","","Averses de pluie"
"1999-06-23 04:00","1999","06","23","04:00"," ","7,90","","3,70","","75,00","","30,00","","19,00","","24,10","","93,75","","","","","","Pluie"
"1999-06-23 05:00","1999","06","23","05:00"," ","7,50","","3,70","","77,00","","30,00","","17,00","","24,10","","93,81","","","","","","Pluie"
"1999-06-23 06:00","1999","06","23","06:00"," ","7,40","","3,60","","77,00","","30,00","","22,00","","24,10","","93,85","","","","","","Pluie"
"1999-06-23 07:00","1999","06","23","07:00"," ","7,60","","3,60","","76,00","","29,00","","26,00","","24,10","","93,88","","","","","","Pluie"
"1999-06-23 08:00","1999","06","23","08:00"," ","8,00","","4,00","","76,00","","30,00","","28,00","","19,30","","93,91","","","","","","Pluie"
"1999-06-23 09:00","1999","06","23","09:00"," ","8,20","","4,30","","76,00","","29,00","","22,00","","12,90","","93,94","","","","","","Pluie"
"1999-06-23 10:00","1999","06","23","10:00"," ","8,80","","4,60","","75,00","","30,00","","28,00","","19,30","","93,98","","","","","","Pluie"
"1999-06-23 11:00","1999","06","23","11:00"," ","9,60","","4,90","","72,00","","29,00","","24,00","","19,30","","94,04","","","","","","Pluie"
"1999-06-23 12:00","1999","06","23","12:00"," ","10,20","","5,70","","74,00","","30,00","","32,00","","16,10","","94,07","","","","","","Pluie"
"1999-06-23 13:00","1999","06","23","13:00"," ","10,60","","5,60","","71,00","","31,00","","20,00","","24,10","","94,14","","","","","","Pluie"
"1999-06-23 14:00","1999","06","23","14:00"," ","10,20","","5,00","","70,00","","32,00","","24,00","","24,10","","94,20","","","","","","Pluie"
"1999-06-23 15:00","1999","06","23","15:00"," ","11,20","","5,00","","66,00","","31,00","","24,00","","24,10","","94,23","","","","","","Nuageux"
"1999-06-23 16:00","1999","06","23","16:00"," ","10,60","","4,60","","66,00","","32,00","","22,00","","24,10","","94,30","","","","","","Nuageux"
"1999-06-23 17:00","1999","06","23","17:00"," ","10,70","","5,40","","70,00","","32,00","","24,00","","24,10","","94,36","","","","","","Nuageux"
"1999-06-23 18:00","1999","06","23","18:00"," ","10,90","","4,20","","63,00","","32,00","","28,00","","24,10","","94,36","","","","","","Nuageux"
"1999-06-23 19:00","1999","06","23","19:00"," ","10,90","","4,10","","63,00","","33,00","","22,00","","24,10","","94,39","","","","","","Nuageux"
"1999-06-23 20:00","1999","06","23","20:00"," ","10,60","","4,90","","68,00","","31,00","","15,00","","24,10","","94,39","","","","","","Généralement nuageux"
"1999-06-23 21:00","1999","06","23","21:00"," ","9,20","","5,40","","77,00","","33,00","","7,00","","24,10","","94,46","","","","","","Généralement nuageux"
"1999-06-23 22:00","1999","06","23","22:00"," ","8,80","","4,30","","73,00","","30,00","","7,00","","24,10","","94,46","","","","","","Généralement nuageux"
"1999-06-23 23:00","1999","06","23","23:00"," ","8,10","","3,60","","73,00","","33,00","","13,00","","24,10","","94,49","","","","","","Généralement nuageux"
"1999-06-24 00:00","1999","06","24","00:00"," ","7,40","","3,10","","74,00","","34,00","","13,00","","24,10","","94,52","","","","","","Nuageux"
"1999-06-24 01:00","1999","06","24","01:00"," ","6,90","","2,70","","75,00","","33,00","","9,00","","24,10","","94,55","","","","","","Nuageux"
"1999-06-24 02:00","1999","06","24","02:00"," ","6,90","","2,60","","74,00","","33,00","","13,00","","24,10","","94,55","","","","","","Nuageux"
"1999-06-24 03:00","1999","06","24","03:00"," ","7,00","","2,60","","74,00","","33,00","","4,00","","24,10","","94,58","","","","","","Généralement nuageux"
"1999-06-24 04:00","1999","06","24","04:00"," ","7,10","","2,40","","72,00","","33,00","","6,00","","24,10","","94,58","","","","","","Généralement nuageux"
"1999-06-24 05:00","1999","06","24","05:00"," ","7,00","","2,50","","73,00","","34,00","","7,00","","24,10","","94,62","","","","","","Généralement nuageux"
"1999-06-24 06:00","1999","06","24","06:00"," ","7,70","","3,20","","73,00","","36,00","","4,00","","24,10","","94,62","","","","","","Généralement nuageux"
"1999-06-24 07:00","1999","06","24","07:00"," ","8,50","","3,90","","73,00","","36,00","","7,00","","24,10","","94,65","","","","","","Généralement nuageux"
"1999-06-24 08:00","1999","06","24","08:00"," ","9,80","","3,90","","67,00","","36,00","","7,00","","24,10","","94,65","","","","","","Généralement nuageux"
"1999-06-24 09:00","1999","06","24","09:00"," ","11,40","","2,60","","55,00","","5,00","","6,00","","24,10","","94,65","","","","","","Généralement nuageux"
"1999-06-24 10:00","1999","06","24","10:00"," ","11,50","","1,40","","50,00","","4,00","","9,00","","24,10","","94,62","","","","","","Généralement nuageux"
"1999-06-24 11:00","1999","06","24","11:00"," ","12,00","","1,00","","47,00","","8,00","","9,00","","24,10","","94,62","","","","","","Généralement nuageux"
"1999-06-24 12:00","1999","06","24","12:00"," ","12,90","","1,10","","44,00","","5,00","","17,00","","24,10","","94,58","","","","","","Généralement nuageux"
"1999-06-24 13:00","1999","06","24","13:00"," ","13,40","","1,00","","43,00","","7,00","","6,00","","24,10","","94,55","","","","","","Généralement nuageux"
"1999-06-24 14:00","1999","06","24","14:00"," ","","M","","M","","M","9,00","","9,00","","24,10","","94,52","","","","","","Généralement nuageux"
"1999-06-24 15:00","1999","06","24","15:00"," ","15,50","","1,40","","38,00","","5,00","","15,00","","24,10","","94,49","","","","","","Généralement nuageux"
"1999-06-24 16:00","1999","06","24","16:00"," ","15,30","","0,80","","37,00","","6,00","","6,00","","24,10","","94,49","","","","","","Généralement nuageux"
"1999-06-24 17:00","1999","06","24","17:00"," ","15,90","","0,60","","35,00","","6,00","","15,00","","24,10","","94,46","","","","","","Généralement nuageux"
"1999-06-24 18:00","1999","06","24","18:00"," ","15,00","","-0,10","","36,00","","4,00","","9,00","","24,10","","94,42","","","","","","Généralement nuageux"
"1999-06-24 19:00","1999","06","24","19:00"," ","15,00","","0,00","","36,00","","6,00","","15,00","","24,10","","94,42","","","","","","Généralement nuageux"
"1999-06-24 20:00","1999","06","24","20:00"," ","14,00","","0,90","","41,00","","3,00","","11,00","","24,10","","94,46","","","","","","Généralement nuageux"
"1999-06-24 21:00","1999","06","24","21:00"," ","13,30","","1,20","","44,00","","4,00","","13,00","","24,10","","94,46","","","","","","Généralement dégagé"
"1999-06-24 22:00","1999","06","24","22:00"," ","10,80","","0,50","","49,00","","4,00","","9,00","","24,10","","94,46","","","","","","Généralement dégagé"
"1999-06-24 23:00","1999","06","24","23:00"," ","8,30","","0,00","","56,00","","36,00","","9,00","","24,10","","94,46","","","","","","Généralement dégagé"
"1999-06-25 00:00","1999","06","25","00:00"," ","8,80","","0,70","","57,00","","2,00","","7,00","","24,10","","94,46","","","","","","Généralement nuageux"
"1999-06-25 01:00","1999","06","25","01:00"," ","9,00","","0,60","","56,00","","2,00","","7,00","","24,10","","94,46","","","","","","Généralement nuageux"
"1999-06-25 02:00","1999","06","25","02:00"," ","9,80","","1,00","","54,00","","5,00","","7,00","","24,10","","94,46","","","","","","Généralement nuageux"
"1999-06-25 03:00","1999","06","25","03:00"," ","9,70","","1,30","","56,00","","4,00","","7,00","","24,10","","94,46","","","","","","Généralement nuageux"
"1999-06-25 04:00","1999","06","25","04:00"," ","9,80","","1,30","","55,00","","1,00","","7,00","","24,10","","94,46","","","","","","Généralement nuageux"
"1999-06-25 05:00","1999","06","25","05:00"," ","8,40","","1,60","","62,00","","1,00","","6,00","","24,10","","94,46","","","","","","Nuageux"
"1999-06-25 06:00","1999","06","25","06:00"," ","9,00","","2,40","","63,00","","1,00","","6,00","","24,10","","94,49","","","","","","Généralement nuageux"
"1999-06-25 07:00","1999","06","25","07:00"," ","10,10","","3,30","","63,00","","1,00","","7,00","","24,10","","94,49","","","","","","Généralement nuageux"
"1999-06-25 08:00","1999","06","25","08:00"," ","11,00","","2,60","","56,00","","5,00","","7,00","","24,10","","94,49","","","","","","Généralement nuageux"
"1999-06-25 09:00","1999","06","25","09:00"," ","12,20","","3,00","","53,00","","4,00","","6,00","","24,10","","94,42","","","","","","Généralement nuageux"
"1999-06-25 10:00","1999","06","25","10:00"," ","13,40","","3,40","","51,00","","8,00","","6,00","","24,10","","94,49","","","","","","Généralement nuageux"
"1999-06-25 11:00","1999","06","25","11:00"," ","14,60","","2,80","","45,00","","2,00","","7,00","","24,10","","94,49","","","","","","Généralement nuageux"
"1999-06-25 12:00","1999","06","25","12:00"," ","14,80","","2,40","","43,00","","10,00","","13,00","","24,10","","94,46","","","","","","Généralement nuageux"
"1999-06-25 13:00","1999","06","25","13:00"," ","14,80","","1,10","","39,00","","7,00","","13,00","","24,10","","94,49","","","","","","Nuageux"
"1999-06-25 14:00","1999","06","25","14:00"," ","14,50","","1,50","","41,00","","10,00","","24,00","","24,10","","94,52","","","","","","Nuageux"
"1999-06-25 15:00","1999","06","25","15:00"," ","14,00","","2,00","","44,00","","0,00","","0,00","","24,10","","94,52","","","","","","Nuageux"
"1999-06-25 16:00","1999","06","25","16:00"," ","13,20","","3,40","","51,00","","19,00","","15,00","","24,10","","94,52","","","","","","Nuageux"
"1999-06-25 17:00","1999","06","25","17:00"," ","13,40","","3,30","","50,00","","19,00","","13,00","","24,10","","94,52","","","","","","Nuageux"
"1999-06-25 18:00","1999","06","25","18:00"," ","13,70","","4,10","","52,00","","20,00","","11,00","","24,10","","94,52","","","","","","Généralement nuageux"
"1999-06-25 19:00","1999","06","25","19:00"," ","14,00","","4,20","","52,00","","18,00","","9,00","","24,10","","94,49","","","","","","Généralement nuageux"
"1999-06-25 20:00","1999","06","25","20:00"," ","13,30","","4,00","","53,00","","20,00","","9,00","","24,10","","94,49","","","","","","Généralement nuageux"
"1999-06-25 21:00","1999","06","25","21:00"," ","12,50","","4,80","","59,00","","16,00","","6,00","","24,10","","94,49","","","","","","Généralement nuageux"
"1999-06-25 22:00","1999","06","25","22:00"," ","11,90","","4,10","","59,00","","18,00","","6,00","","24,10","","94,52","","","","","","Généralement nuageux"
"1999-06-25 23:00","1999","06","25","23:00"," ","10,80","","4,60","","65,00","","0,00","","0,00","","24,10","","94,49","","","","","","Généralement nuageux"
"1999-06-26 00:00","1999","06","26","00:00"," ","10,30","","4,50","","67,00","","0,00","","0,00","","24,10","","94,49","","","","","","Généralement nuageux"
"1999-06-26 01:00","1999","06","26","01:00"," ","9,70","","4,50","","70,00","","0,00","","0,00","","24,10","","94,49","","","","","","Généralement nuageux"
"1999-06-26 02:00","1999","06","26","02:00"," ","9,10","","4,40","","72,00","","0,00","","0,00","","24,10","","94,46","","","","","","Généralement nuageux"
"1999-06-26 03:00","1999","06","26","03:00"," ","8,70","","4,20","","73,00","","0,00","","0,00","","24,10","","94,42","","","","","","Généralement nuageux"
"1999-06-26 04:00","1999","06","26","04:00"," ","9,00","","4,10","","71,00","","0,00","","0,00","","24,10","","94,42","","","","","","Généralement nuageux"
"1999-06-26 05:00","1999","06","26","05:00"," ","8,40","","4,00","","74,00","","32,00","","4,00","","24,10","","94,42","","","","","","Généralement nuageux"
"1999-06-26 06:00","1999","06","26","06:00"," ","8,90","","0,50","","56,00","","0,00","","0,00","","24,10","","94,42","","","","","","Généralement nuageux"
"1999-06-26 07:00","1999","06","26","07:00"," ","10,30","","6,00","","75,00","","0,00","","0,00","","24,10","","94,42","","","","","","Généralement nuageux"
"1999-06-26 08:00","1999","06","26","08:00"," ","11,70","","6,00","","68,00","","0,00","","0,00","","24,10","","94,46","","","","","","Généralement nuageux"
"1999-06-26 09:00","1999","06","26","09:00"," ","12,40","","6,40","","67,00","","20,00","","6,00","","24,10","","94,42","","","","","","Généralement nuageux"
"1999-06-26 10:00","1999","06","26","10:00"," ","14,60","","5,50","","54,00","","18,00","","4,00","","24,10","","94,42","","","","","","Généralement nuageux"
"1999-06-26 11:00","1999","06","26","11:00"," ","14,90","","5,60","","54,00","","22,00","","6,00","","24,10","","94,39","","","","","","Généralement nuageux"
"1999-06-26 12:00","1999","06","26","12:00"," ","16,00","","4,80","","47,00","","24,00","","9,00","","24,10","","94,36","","","","","","Généralement nuageux"
"1999-06-26 13:00","1999","06","26","13:00"," ","17,90","","5,40","","44,00","","15,00","","7,00","","24,10","","94,33","","","","","","Généralement dégagé"
"1999-06-26 14:00","1999","06","26","14:00"," ","17,80","","4,10","","40,00","","6,00","","13,00","","24,10","","94,26","","","","","","Généralement dégagé"
"1999-06-26 15:00","1999","06","26","15:00"," ","18,10","","2,90","","36,00","","15,00","","13,00","","24,10","","94,23","","","","","","Généralement nuageux"
"1999-06-26 16:00","1999","06","26","16:00"," ","18,80","","4,40","","39,00","","17,00","","9,00","","24,10","","94,23","","","","","","Généralement nuageux"
"1999-06-26 17:00","1999","06","26","17:00"," ","18,20","","3,30","","37,00","","0,00","","0,00","","24,10","","94,20","","","","","","Généralement nuageux"
"1999-06-26 18:00","1999","06","26","18:00"," ","17,80","","3,00","","37,00","","8,00","","7,00","","24,10","","94,17","","","","","","Généralement nuageux"
"1999-06-26 19:00","1999","06","26","19:00"," ","18,10","","3,00","","36,00","","15,00","","9,00","","24,10","","94,14","","","","","","Généralement nuageux"
"1999-06-26 20:00","1999","06","26","20:00"," ","17,50","","4,10","","41,00","","14,00","","11,00","","24,10","","94,17","","","","","","Généralement dégagé"
"1999-06-26 21:00","1999","06","26","21:00"," ","15,90","","4,70","","47,00","","13,00","","9,00","","24,10","","94,20","","","","","","Généralement dégagé"
"1999-06-26 22:00","1999","06","26","22:00"," ","13,10","","3,50","","52,00","","12,00","","11,00","","24,10","","94,20","","","","","","Généralement nuageux"
"1999-06-26 23:00","1999","06","26","23:00"," ","11,90","","4,20","","59,00","","23,00","","9,00","","24,10","","94,20","","","","","","Généralement nuageux"
"1999-06-27 00:00","1999","06","27","00:00"," ","11,20","","4,20","","62,00","","0,00","","0,00","","24,10","","94,23","","","","","","Généralement dégagé"
"1999-06-27 01:00","1999","06","27","01:00"," ","7,90","","2,50","","69,00","","0,00","","0,00","","24,10","","94,20","","","","","","Généralement dégagé"
"1999-06-27 02:00","1999","06","27","02:00"," ","6,00","","1,60","","73,00","","24,00","","6,00","","24,10","","94,20","","","","","","Généralement dégagé"
"1999-06-27 03:00","1999","06","27","03:00"," ","7,80","","3,60","","75,00","","25,00","","9,00","","24,10","","94,20","","","","","","Généralement dégagé"
"1999-06-27 04:00","1999","06","27","04:00"," ","9,10","","4,30","","72,00","","0,00","","0,00","","24,10","","94,20","","","","","","Généralement nuageux"
"1999-06-27 05:00","1999","06","27","05:00"," ","7,70","","3,90","","77,00","","20,00","","6,00","","24,10","","94,20","","","","","","Généralement nuageux"
"1999-06-27 06:00","1999","06","27","06:00"," ","10,70","","6,50","","75,00","","20,00","","7,00","","24,10","","94,23","","","","","","Généralement nuageux"
"1999-06-27 07:00","1999","06","27","07:00"," ","12,00","","7,10","","72,00","","22,00","","7,00","","24,10","","94,23","","","","","","Généralement nuageux"
"1999-06-27 08:00","1999","06","27","08:00"," ","13,10","","5,40","","60,00","","24,00","","9,00","","24,10","","94,23","","","","","","Généralement nuageux"
"1999-06-27 09:00","1999","06","27","09:00"," ","15,00","","5,80","","54,00","","26,00","","11,00","","24,10","","94,23","","","","","","Généralement dégagé"
"1999-06-27 10:00","1999","06","27","10:00"," ","16,60","","5,60","","48,00","","21,00","","24,00","","24,10","","94,23","","","","","","Dégagé"
"1999-06-27 11:00","1999","06","27","11:00"," ","17,60","","4,80","","43,00","","24,00","","19,00","","24,10","","94,23","","","","","","Généralement dégagé"
"1999-06-27 12:00","1999","06","27","12:00"," ","18,90","","4,40","","38,00","","24,00","","22,00","","24,10","","94,23","","","","","","Dégagé"
"1999-06-27 13:00","1999","06","27","13:00"," ","19,00","","3,40","","35,00","","21,00","","26,00","","24,10","","94,20","","","","","","Généralement dégagé"
"1999-06-27 14:00","1999","06","27","14:00"," ","20,50","","3,80","","33,00","","25,00","","26,00","","24,10","","94,14","","","","","","Généralement dégagé"
"1999-06-27 15:00","1999","06","27","15:00"," ","20,70","","3,10","","31,00","","25,00","","20,00","","24,10","","94,14","","","","","","Généralement dégagé"
"1999-06-27 16:00","1999","06","27","16:00"," ","21,00","","3,60","","32,00","","23,00","","22,00","","24,10","","94,07","","","","","","Généralement dégagé"
"1999-06-27 17:00","1999","06","27","17:00"," ","21,00","","2,80","","30,00","","26,00","","24,00","","24,10","","94,07","","","","","","Généralement dégagé"
"1999-06-27 18:00","1999","06","27","18:00"," ","20,50","","2,50","","30,00","","25,00","","26,00","","24,10","","94,07","","","","","","Généralement dégagé"
"1999-06-27 19:00","1999","06","27","19:00"," ","20,00","","3,20","","33,00","","25,00","","24,00","","24,10","","94,07","","","","","","Généralement dégagé"
"1999-06-27 20:00","1999","06","27","20:00"," ","18,70","","2,10","","33,00","","26,00","","19,00","","24,10","","94,07","","","","","","Généralement dégagé"
"1999-06-27 21:00","1999","06","27","21:00"," ","16,80","","2,60","","39,00","","28,00","","15,00","","24,10","","94,10","","","","","","Généralement dégagé"
"1999-06-27 22:00","1999","06","27","22:00"," ","14,20","","2,70","","46,00","","25,00","","11,00","","24,10","","94,17","","","","","","Généralement nuageux"
"1999-06-27 23:00","1999","06","27","23:00"," ","11,60","","2,60","","54,00","","26,00","","15,00","","24,10","","94,17","","","","","","Généralement nuageux"
"1999-06-28 00:00","1999","06","28","00:00"," ","11,20","","1,60","","52,00","","25,00","","15,00","","24,10","","94,20","","","","","","Généralement dégagé"
"1999-06-28 01:00","1999","06","28","01:00"," ","7,90","","0,60","","60,00","","25,00","","11,00","","24,10","","94,20","","","","","","Généralement dégagé"
"1999-06-28 02:00","1999","06","28","02:00"," ","6,70","","0,10","","63,00","","25,00","","13,00","","24,10","","94,17","","","","","","Généralement dégagé"
"1999-06-28 03:00","1999","06","28","03:00"," ","5,00","","-0,70","","67,00","","22,00","","11,00","","24,10","","94,20","","","","","","Généralement dégagé"
"1999-06-28 04:00","1999","06","28","04:00"," ","4,80","","-1,00","","66,00","","23,00","","7,00","","24,10","","94,20","","","","","","Généralement dégagé"
"1999-06-28 05:00","1999","06","28","05:00"," ","4,30","","-0,90","","69,00","","20,00","","11,00","","24,10","","94,20","","","","","","Généralement dégagé"
"1999-06-28 06:00","1999","06","28","06:00"," ","7,50","","1,00","","63,00","","21,00","","9,00","","24,10","","94,17","","","","","","Généralement dégagé"
"1999-06-28 07:00","1999","06","28","07:00"," ","9,80","","1,50","","56,00","","22,00","","13,00","","24,10","","94,17","","","","","","Généralement dégagé"
"1999-06-28 08:00","1999","06","28","08:00"," ","12,80","","2,60","","50,00","","25,00","","22,00","","24,10","","94,17","","","","","","Généralement dégagé"
"1999-06-28 09:00","1999","06","28","09:00"," ","14,00","","2,90","","47,00","","25,00","","22,00","","24,10","","94,14","","","","","","Généralement dégagé"
"1999-06-28 10:00","1999","06","28","10:00"," ","15,90","","3,60","","44,00","","21,00","","13,00","","24,10","","94,10","","","","","","Généralement dégagé"
"1999-06-28 11:00","1999","06","28","11:00"," ","17,90","","4,00","","40,00","","26,00","","28,00","","24,10","","94,07","","","","","","Généralement dégagé"
"1999-06-28 12:00","1999","06","28","12:00"," ","18,40","","4,50","","40,00","","24,00","","26,00","","24,10","","94,07","","","","","","Généralement dégagé"
"1999-06-28 13:00","1999","06","28","13:00"," ","20,10","","4,50","","36,00","","23,00","","15,00","","24,10","","94,04","","","","","","Généralement dégagé"
"1999-06-28 14:00","1999","06","28","14:00"," ","20,40","","3,40","","33,00","","23,00","","24,00","","24,10","","94,01","","","","","","Généralement dégagé"
"1999-06-28 15:00","1999","06","28","15:00"," ","20,40","","3,20","","32,00","","26,00","","20,00","","24,10","","93,98","","","","","","Généralement dégagé"
"1999-06-28 16:00","1999","06","28","16:00"," ","20,20","","2,60","","31,00","","28,00","","22,00","","24,10","","93,94","","","","","","Généralement dégagé"
"1999-06-28 17:00","1999","06","28","17:00"," ","20,60","","2,70","","31,00","","26,00","","17,00","","24,10","","93,91","","","","","","Généralement dégagé"
"1999-06-28 18:00","1999","06","28","18:00"," ","20,80","","3,50","","32,00","","28,00","","22,00","","24,10","","93,91","","","","","","Généralement nuageux"
"1999-06-28 19:00","1999","06","28","19:00"," ","20,10","","3,50","","33,00","","27,00","","26,00","","24,10","","93,91","","","","","","Généralement dégagé"
"1999-06-28 20:00","1999","06","28","20:00"," ","18,90","","3,50","","36,00","","26,00","","15,00","","24,10","","93,94","","","","","","Généralement nuageux"
"1999-06-28 21:00","1999","06","28","21:00"," ","16,50","","4,40","","45,00","","28,00","","11,00","","24,10","","93,94","","","","","","Généralement nuageux"
"1999-06-28 22:00","1999","06","28","22:00"," ","12,60","","4,00","","56,00","","25,00","","9,00","","24,10","","93,98","","","","","","Généralement nuageux"
"1999-06-28 23:00","1999","06","28","23:00"," ","13,00","","4,00","","54,00","","24,00","","15,00","","24,10","","94,01","","","","","","Généralement nuageux"
"1999-06-29 00:00","1999","06","29","00:00"," ","13,20","","","M","","M","28,00","","22,00","","24,10","","94,04","","","","","","Généralement nuageux"
"1999-06-29 01:00","1999","06","29","01:00"," ","9,80","","2,50","","60,00","","23,00","","6,00","","24,10","","94,07","","","","","","Généralement dégagé"
"1999-06-29 02:00","1999","06","29","02:00"," ","7,80","","1,70","","65,00","","19,00","","6,00","","24,10","","94,04","","","","","","Généralement dégagé"
"1999-06-29 03:00","1999","06","29","03:00"," ","6,20","","1,20","","70,00","","24,00","","11,00","","24,10","","94,04","","","","","","Généralement nuageux"
"1999-06-29 04:00","1999","06","29","04:00"," ","4,40","","0,40","","75,00","","24,00","","7,00","","24,10","","94,04","","","","","","Généralement dégagé"
"1999-06-29 05:00","1999","06","29","05:00"," ","5,90","","1,70","","74,00","","23,00","","6,00","","24,10","","94,04","","","","","","Généralement nuageux"
"1999-06-29 06:00","1999","06","29","06:00"," ","8,70","","3,50","","70,00","","24,00","","7,00","","24,10","","94,04","","","","","","Généralement nuageux"
"1999-06-29 07:00","1999","06","29","07:00"," ","10,80","","3,90","","62,00","","23,00","","11,00","","24,10","","94,04","","","","","","Généralement nuageux"
"1999-06-29 08:00","1999","06","29","08:00"," ","13,20","","3,50","","52,00","","25,00","","19,00","","24,10","","94,04","","","","","","Généralement nuageux"
"1999-06-29 09:00","1999","06","29","09:00"," ","15,20","","4,20","","48,00","","27,00","","22,00","","24,10","","94,01","","","","","","Généralement nuageux"
"1999-06-29 10:00","1999","06","29","10:00"," ","15,50","","3,80","","46,00","","27,00","","19,00","","24,10","","94,01","","","","","","Généralement nuageux"
"1999-06-29 11:00","1999","06","29","11:00"," ","17,30","","4,30","","42,00","","26,00","","33,00","","24,10","","94,01","","","","","","Généralement nuageux"
"1999-06-29 12:00","1999","06","29","12:00"," ","19,00","","4,00","","37,00","","24,00","","32,00","","24,10","","93,98","","","","","","Généralement nuageux"
"1999-06-29 13:00","1999","06","29","13:00"," ","18,30","","3,50","","37,00","","27,00","","22,00","","24,10","","93,98","","","","","","Généralement nuageux"
"1999-06-29 14:00","1999","06","29","14:00"," ","21,10","","4,50","","34,00","","24,00","","28,00","","24,10","","93,94","","","","","","Généralement nuageux"
"1999-06-29 15:00","1999","06","29","15:00"," ","20,40","","4,10","","34,00","","25,00","","32,00","","24,10","","93,94","","","","","","Généralement nuageux"
"1999-06-29 16:00","1999","06","29","16:00"," ","18,90","","3,00","","35,00","","30,00","","13,00","","24,10","","93,91","","","","","","Généralement nuageux"
"1999-06-29 17:00","1999","06","29","17:00"," ","19,40","","3,20","","34,00","","22,00","","19,00","","24,10","","93,91","","","","","","Généralement nuageux"
"1999-06-29 18:00","1999","06","29","18:00"," ","18,20","","2,40","","35,00","","25,00","","22,00","","24,10","","93,94","","","","","","Généralement nuageux"
"1999-06-29 19:00","1999","06","29","19:00"," ","17,40","","3,00","","38,00","","24,00","","26,00","","24,10","","93,94","","","","","","Généralement nuageux"
"1999-06-29 20:00","1999","06","29","20:00"," ","16,60","","3,50","","42,00","","22,00","","7,00","","24,10","","93,94","","","","","","Généralement nuageux"
"1999-06-29 21:00","1999","06","29","21:00"," ","16,00","","3,20","","42,00","","21,00","","19,00","","24,10","","93,94","","","","","","Généralement nuageux"
"1999-06-29 22:00","1999","06","29","22:00"," ","12,60","","3,10","","52,00","","23,00","","13,00","","24,10","","93,94","","","","","","Généralement nuageux"
"1999-06-29 23:00","1999","06","29","23:00"," ","10,50","","2,80","","59,00","","23,00","","9,00","","24,10","","93,94","","","","","","Généralement nuageux"
"1999-06-30 00:00","1999","06","30","00:00"," ","8,80","","2,10","","63,00","","20,00","","6,00","","24,10","","93,94","","","","","","Généralement nuageux"
"1999-06-30 01:00","1999","06","30","01:00"," ","7,30","","1,70","","68,00","","23,00","","7,00","","24,10","","93,94","","","","","","Généralement nuageux"
"1999-06-30 02:00","1999","06","30","02:00"," ","8,60","","2,70","","66,00","","25,00","","7,00","","24,10","","93,91","","","","","","Généralement nuageux"
"1999-06-30 03:00","1999","06","30","03:00"," ","10,50","","4,10","","65,00","","21,00","","7,00","","24,10","","93,91","","","","","","Généralement nuageux"
"1999-06-30 04:00","1999","06","30","04:00"," ","10,20","","4,40","","67,00","","23,00","","9,00","","24,10","","93,94","","","","","","Averses de pluie"
"1999-06-30 05:00","1999","06","30","05:00"," ","9,50","","5,10","","74,00","","19,00","","7,00","","24,10","","93,94","","","","","","Généralement nuageux"
"1999-06-30 06:00","1999","06","30","06:00"," ","9,70","","4,30","","69,00","","18,00","","6,00","","24,10","","93,94","","","","","","Généralement nuageux"
"1999-06-30 07:00","1999","06","30","07:00"," ","10,60","","4,50","","66,00","","21,00","","6,00","","24,10","","93,98","","","","","","Généralement nuageux"
"1999-06-30 08:00","1999","06","30","08:00"," ","11,70","","5,20","","64,00","","21,00","","11,00","","24,10","","94,01","","","","","","Généralement nuageux"
"1999-06-30 09:00","1999","06","30","09:00"," ","13,50","","6,20","","61,00","","24,00","","13,00","","24,10","","94,01","","","","","","Généralement nuageux"
"1999-06-30 10:00","1999","06","30","10:00"," ","15,50","","7,80","","60,00","","22,00","","13,00","","24,10","","94,04","","","","","","Généralement nuageux"
"1999-06-30 11:00","1999","06","30","11:00"," ","16,10","","7,30","","56,00","","26,00","","24,00","","24,10","","94,07","","","","","","Généralement nuageux"
"1999-06-30 12:00","1999","06","30","12:00"," ","15,80","","7,00","","56,00","","25,00","","19,00","","24,10","","94,07","","","","","","Généralement nuageux"
"1999-06-30 13:00","1999","06","30","13:00"," ","15,50","","7,00","","57,00","","28,00","","13,00","","24,10","","94,07","","","","","","Généralement nuageux"
"1999-06-30 14:00","1999","06","30","14:00"," ","16,70","","6,90","","52,00","","28,00","","19,00","","24,10","","94,04","","","","","","Généralement nuageux"
"1999-06-30 15:00","1999","06","30","15:00"," ","16,90","","6,60","","51,00","","28,00","","24,00","","24,10","","94,01","","","","","","Généralement nuageux"
"1999-06-30 16:00","1999","06","30","16:00"," ","17,00","","7,30","","53,00","","28,00","","22,00","","24,10","","94,04","","","","","","Généralement nuageux"
"1999-06-30 17:00","1999","06","30","17:00"," ","15,90","","7,40","","57,00","","32,00","","24,00","","24,10","","94,04","","","","","","Généralement nuageux"
"1999-06-30 18:00","1999","06","30","18:00"," ","15,00","","8,50","","65,00","","31,00","","22,00","","24,10","","94,07","","","","","","Averses de pluie"
"1999-06-30 19:00","1999","06","30","19:00"," ","14,20","","9,00","","71,00","","30,00","","7,00","","24,10","","94,07","","","","","","Généralement nuageux"
"1999-06-30 20:00","1999","06","30","20:00"," ","13,60","","8,00","","69,00","","33,00","","19,00","","24,10","","94,04","","","","","","Généralement nuageux"
"1999-06-30 21:00","1999","06","30","21:00"," ","13,50","","7,40","","67,00","","33,00","","9,00","","24,10","","94,07","","","","","","Généralement nuageux"
"1999-06-30 22:00","1999","06","30","22:00"," ","12,00","","7,10","","72,00","","33,00","","13,00","","24,10","","94,07","","","","","","Généralement nuageux"
"1999-06-30 23:00","1999","06","30","23:00"," ","11,40","","6,80","","73,00","","36,00","","11,00","","24,10","","94,10","","","","","","Généralement nuageux"
