"Nom de la Station","CRANBROOK A"
"Province","BRITISH COLUMBIA"
"Latitude","49,61"
"Longitude","-115,78"
"Altitude","940,00"
"Identification Climat","1152102"
"Identification OMM","71880"
"Identification TC","YXC"
"Toutes les heures sont exprimées en heure normale locale (HNL). Pour convertir l'heure locale en heure avancée de l'Est (HAE), ajoutez 1 heure s'il y a lieu."

"Légende"
"M","Données Manquantes"
"E","Valeur Estimée"
"ND","Non Disponible"
"**","Données fournies par un partenaire, non assujetties à un révision par les Archives climatiques nationales du Canada"

"Date/Heure","Année","Mois","Jour","Heure","Qualité des Données","Temp (°C)","Temp Indicateur","Point de rosée (°C)","Point de rosée Indicateur","Hum. rel (%)","Hum. rel. Indicateur","Dir. du vent (10s deg)","Dir. du vent Indicateur","Vit. du vent (km/h)","Vit. du vent Indicateur","Visibilité (km)","Visibilité Indicateur","Pression à la station (kPa)","Pression à la station Indicateur","Hmdx","Hmdx Indicateur","Refroid. éolien","Refroid. éolien Indicateur","Temps"
"2008-02-01 00:00","2008","02","01","00:00"," ","-6,10","","-6,10","","100,00","","0,00","","0,00","","40,20","","89,22","","","","","","Généralement nuageux"
"2008-02-01 01:00","2008","02","01","01:00"," ","-6,20","","-6,50","","98,00","","0,00","","0,00","","24,10","","89,26","","","","","","Généralement nuageux"
"2008-02-01 02:00","2008","02","01","02:00"," ","-7,50","","-8,10","","95,00","","27,00","","6,00","","24,10","","89,30","","","","-11,00","","Généralement nuageux"
"2008-02-01 03:00","2008","02","01","03:00"," ","-5,30","","-5,90","","96,00","","32,00","","6,00","","6,40","","89,35","","","","-8,00","","Averses de neige"
"2008-02-01 04:00","2008","02","01","04:00"," ","-7,00","","-8,00","","93,00","","0,00","","0,00","","24,10","","89,41","","","","","","Averses de neige"
"2008-02-01 05:00","2008","02","01","05:00"," ","-6,90","","-7,60","","95,00","","26,00","","7,00","","24,10","","89,46","","","","-10,00","","Généralement nuageux"
"2008-02-01 06:00","2008","02","01","06:00"," ","-7,20","","-8,20","","93,00","","19,00","","9,00","","40,20","","89,48","","","","-12,00","","Généralement dégagé"
"2008-02-01 07:00","2008","02","01","07:00"," ","-9,00","","-10,30","","90,00","","25,00","","6,00","","40,20","","89,53","","","","-12,00","","Généralement nuageux"
"2008-02-01 08:00","2008","02","01","08:00"," ","-9,30","","-10,00","","95,00","","0,00","","0,00","","40,20","","89,62","","","","","","Généralement nuageux"
"2008-02-01 09:00","2008","02","01","09:00"," ","-7,90","","-8,50","","95,00","","0,00","","0,00","","40,20","","89,67","","","","","","Généralement nuageux"
"2008-02-01 10:00","2008","02","01","10:00"," ","-6,70","","-8,40","","88,00","","5,00","","6,00","","40,20","","89,73","","","","-10,00","","Généralement nuageux"
"2008-02-01 11:00","2008","02","01","11:00"," ","-4,70","","-6,90","","85,00","","0,00","","0,00","","40,20","","89,76","","","","","","Généralement dégagé"
"2008-02-01 12:00","2008","02","01","12:00"," ","-2,90","","-4,90","","86,00","","0,00","","0,00","","40,20","","89,76","","","","","","Généralement dégagé"
"2008-02-01 13:00","2008","02","01","13:00"," ","-0,20","","-4,00","","76,00","","11,00","","9,00","","40,20","","89,74","","","","-3,00","","Généralement dégagé"
"2008-02-01 14:00","2008","02","01","14:00"," ","-0,30","","-4,70","","72,00","","12,00","","17,00","","40,20","","89,75","","","","-5,00","","Généralement nuageux"
"2008-02-01 15:00","2008","02","01","15:00"," ","-0,90","","-5,80","","69,00","","15,00","","9,00","","40,20","","89,77","","","","-4,00","","Généralement nuageux"
"2008-02-01 16:00","2008","02","01","16:00"," ","-1,60","","-5,80","","73,00","","0,00","","0,00","","40,20","","89,81","","","","","","Généralement nuageux"
"2008-02-01 17:00","2008","02","01","17:00"," ","-0,50","","-7,10","","61,00","","18,00","","15,00","","40,20","","89,82","","","","-5,00","","Généralement dégagé"
"2008-02-01 18:00","2008","02","01","18:00"," ","-2,10","","-7,40","","67,00","","20,00","","15,00","","40,20","","89,86","","","","-7,00","","Généralement dégagé"
"2008-02-01 19:00","2008","02","01","19:00"," ","-4,00","","-7,30","","78,00","","19,00","","9,00","","40,20","","89,87","","","","-8,00","","Généralement dégagé"
"2008-02-01 20:00","2008","02","01","20:00"," ","-5,60","","-7,80","","84,00","","17,00","","13,00","","40,20","","89,90","","","","-11,00","","Généralement dégagé"
"2008-02-01 21:00","2008","02","01","21:00"," ","-4,80","","-7,40","","82,00","","15,00","","15,00","","40,20","","89,91","","","","-10,00","","Généralement dégagé"
"2008-02-01 22:00","2008","02","01","22:00"," ","-4,30","","-7,00","","81,00","","15,00","","6,00","","40,20","","89,94","","","","-7,00","","Généralement nuageux"
"2008-02-01 23:00","2008","02","01","23:00"," ","-5,00","","-7,20","","85,00","","15,00","","11,00","","40,20","","89,94","","","","-10,00","","Généralement dégagé"
"2008-02-02 00:00","2008","02","02","00:00"," ","-5,60","","-7,80","","84,00","","18,00","","6,00","","40,20","","89,93","","","","-8,00","","Généralement dégagé"
"2008-02-02 01:00","2008","02","02","01:00"," ","-8,70","","-10,00","","90,00","","0,00","","0,00","","40,20","","89,91","","","","","","Dégagé"
"2008-02-02 02:00","2008","02","02","02:00"," ","-9,70","","-10,50","","94,00","","0,00","","0,00","","40,20","","89,89","","","","","","Dégagé"
"2008-02-02 03:00","2008","02","02","03:00"," ","-10,70","","-11,10","","97,00","","0,00","","0,00","","40,20","","89,90","","","","","","Dégagé"
"2008-02-02 04:00","2008","02","02","04:00"," ","-10,90","","-11,90","","92,00","","0,00","","0,00","","40,20","","89,89","","","","","","Généralement nuageux"
"2008-02-02 05:00","2008","02","02","05:00"," ","-11,60","","-13,10","","89,00","","0,00","","0,00","","40,20","","89,89","","","","","","Généralement dégagé"
"2008-02-02 06:00","2008","02","02","06:00"," ","-12,10","","-13,40","","90,00","","0,00","","0,00","","40,20","","89,88","","","","","","Généralement dégagé"
"2008-02-02 07:00","2008","02","02","07:00"," ","-11,90","","-13,60","","87,00","","0,00","","0,00","","40,20","","89,88","","","","","","Généralement dégagé"
"2008-02-02 08:00","2008","02","02","08:00"," ","-12,30","","-13,80","","89,00","","0,00","","0,00","","40,20","","89,87","","","","","","Généralement dégagé"
"2008-02-02 09:00","2008","02","02","09:00"," ","-11,50","","-12,30","","94,00","","0,00","","0,00","","40,20","","89,88","","","","","","Généralement nuageux"
"2008-02-02 10:00","2008","02","02","10:00"," ","-9,40","","-10,60","","91,00","","27,00","","7,00","","40,20","","89,86","","","","-13,00","","Généralement nuageux"
"2008-02-02 11:00","2008","02","02","11:00"," ","-6,40","","-7,20","","94,00","","0,00","","0,00","","40,20","","89,82","","","","","","Généralement dégagé"
"2008-02-02 12:00","2008","02","02","12:00"," ","-3,60","","-6,00","","83,00","","0,00","","0,00","","40,20","","89,75","","","","","","Généralement nuageux"
"2008-02-02 13:00","2008","02","02","13:00"," ","-2,50","","-6,70","","73,00","","12,00","","13,00","","40,20","","89,64","","","","-7,00","","Généralement nuageux"
"2008-02-02 14:00","2008","02","02","14:00"," ","-1,00","","-5,30","","73,00","","11,00","","19,00","","40,20","","89,55","","","","-6,00","","Généralement nuageux"
"2008-02-02 15:00","2008","02","02","15:00"," ","-1,60","","-5,60","","74,00","","13,00","","9,00","","40,20","","89,50","","","","-5,00","","Généralement nuageux"
"2008-02-02 16:00","2008","02","02","16:00"," ","-1,70","","-6,00","","72,00","","13,00","","13,00","","40,20","","89,47","","","","-6,00","","Généralement nuageux"
"2008-02-02 17:00","2008","02","02","17:00"," ","-2,20","","-5,60","","77,00","","12,00","","15,00","","40,20","","89,42","","","","-7,00","","Généralement nuageux"
"2008-02-02 18:00","2008","02","02","18:00"," ","-2,80","","-5,10","","84,00","","12,00","","13,00","","40,20","","89,39","","","","-7,00","","Généralement nuageux"
"2008-02-02 19:00","2008","02","02","19:00"," ","-2,80","","-4,50","","88,00","","14,00","","17,00","","40,20","","89,35","","","","-8,00","","Nuageux"
"2008-02-02 20:00","2008","02","02","20:00"," ","-4,20","","-5,40","","91,00","","13,00","","11,00","","24,10","","89,32","","","","-9,00","","Averses de neige"
"2008-02-02 21:00","2008","02","02","21:00"," ","-5,80","","-6,60","","94,00","","0,00","","0,00","","32,20","","89,29","","","","","","Averses de neige"
"2008-02-02 22:00","2008","02","02","22:00"," ","-5,50","","-7,20","","88,00","","0,00","","0,00","","16,10","","89,28","","","","","","Averses de neige"
"2008-02-02 23:00","2008","02","02","23:00"," ","-5,90","","-7,50","","88,00","","27,00","","9,00","","16,10","","89,25","","","","-10,00","","Averses de neige"
"2008-02-03 00:00","2008","02","03","00:00"," ","-5,90","","-7,90","","86,00","","28,00","","13,00","","16,10","","89,24","","","","-11,00","","Averses de neige"
"2008-02-03 01:00","2008","02","03","01:00"," ","-5,80","","-7,90","","85,00","","28,00","","7,00","","16,10","","89,19","","","","-9,00","","Averses de neige"
"2008-02-03 02:00","2008","02","03","02:00"," ","-5,90","","-7,70","","87,00","","28,00","","7,00","","12,90","","89,15","","","","-9,00","","Averses de neige"
"2008-02-03 03:00","2008","02","03","03:00"," ","-5,50","","-7,00","","89,00","","31,00","","7,00","","19,30","","89,14","","","","-9,00","","Averses de neige"
"2008-02-03 04:00","2008","02","03","04:00"," ","-5,90","","-7,60","","88,00","","34,00","","6,00","","24,10","","89,12","","","","-9,00","","Averses de neige"
"2008-02-03 05:00","2008","02","03","05:00"," ","-6,10","","-8,40","","84,00","","34,00","","6,00","","24,10","","89,13","","","","-9,00","","Averses de neige"
"2008-02-03 06:00","2008","02","03","06:00"," ","-6,60","","-8,90","","84,00","","35,00","","22,00","","24,10","","89,16","","","","-14,00","","Nuageux"
"2008-02-03 07:00","2008","02","03","07:00"," ","-7,50","","-9,40","","86,00","","36,00","","19,00","","32,20","","89,19","","","","-15,00","","Généralement nuageux"
"2008-02-03 08:00","2008","02","03","08:00"," ","-9,10","","-10,40","","90,00","","35,00","","9,00","","40,20","","89,24","","","","-14,00","","Généralement dégagé"
"2008-02-03 09:00","2008","02","03","09:00"," ","-10,40","","-11,40","","92,00","","30,00","","6,00","","40,20","","89,30","","","","-14,00","","Généralement dégagé"
"2008-02-03 10:00","2008","02","03","10:00"," ","-8,00","","-10,20","","84,00","","28,00","","9,00","","40,20","","89,35","","","","-13,00","","Généralement dégagé"
"2008-02-03 11:00","2008","02","03","11:00"," ","-6,20","","-10,20","","73,00","","24,00","","6,00","","40,20","","89,41","","","","-9,00","","Généralement dégagé"
"2008-02-03 12:00","2008","02","03","12:00"," ","-5,50","","-9,60","","73,00","","27,00","","9,00","","40,20","","89,41","","","","-10,00","","Généralement dégagé"
"2008-02-03 13:00","2008","02","03","13:00"," ","-4,10","","-9,20","","68,00","","27,00","","9,00","","40,20","","89,41","","","","-8,00","","Généralement dégagé"
"2008-02-03 14:00","2008","02","03","14:00"," ","-2,90","","-9,00","","63,00","","28,00","","9,00","","40,20","","89,41","","","","-6,00","","Généralement dégagé"
"2008-02-03 15:00","2008","02","03","15:00"," ","-2,60","","-9,30","","60,00","","36,00","","19,00","","40,20","","89,44","","","","-8,00","","Généralement dégagé"
"2008-02-03 16:00","2008","02","03","16:00"," ","-2,30","","-9,80","","56,00","","35,00","","7,00","","40,20","","89,47","","","","-5,00","","Généralement dégagé"
"2008-02-03 17:00","2008","02","03","17:00"," ","-3,00","","-9,80","","59,00","","1,00","","15,00","","40,20","","89,56","","","","-8,00","","Généralement nuageux"
"2008-02-03 18:00","2008","02","03","18:00"," ","-3,90","","-9,70","","64,00","","35,00","","13,00","","40,20","","89,64","","","","-9,00","","Généralement nuageux"
"2008-02-03 19:00","2008","02","03","19:00"," ","-4,70","","-9,10","","71,00","","36,00","","9,00","","40,20","","89,75","","","","-9,00","","Nuageux"
"2008-02-03 20:00","2008","02","03","20:00"," ","-5,10","","-9,20","","73,00","","36,00","","6,00","","40,20","","89,83","","","","-8,00","","Nuageux"
"2008-02-03 21:00","2008","02","03","21:00"," ","-5,30","","-9,30","","73,00","","0,00","","0,00","","40,20","","89,91","","","","","","Nuageux"
"2008-02-03 22:00","2008","02","03","22:00"," ","-5,80","","-9,40","","76,00","","28,00","","7,00","","40,20","","89,99","","","","-9,00","","Nuageux"
"2008-02-03 23:00","2008","02","03","23:00"," ","-5,60","","-9,30","","75,00","","0,00","","0,00","","40,20","","90,05","","","","","","Nuageux"
"2008-02-04 00:00","2008","02","04","00:00"," ","-6,70","","-9,50","","80,00","","36,00","","4,00","","40,20","","90,10","","","","-9,00","","Nuageux"
"2008-02-04 01:00","2008","02","04","01:00"," ","-6,80","","-9,50","","81,00","","36,00","","4,00","","40,20","","90,15","","","","-9,00","","Nuageux"
"2008-02-04 02:00","2008","02","04","02:00"," ","-8,10","","-10,20","","85,00","","23,00","","4,00","","40,20","","90,21","","","","-10,00","","Nuageux"
"2008-02-04 03:00","2008","02","04","03:00"," ","-8,10","","-10,40","","83,00","","0,00","","0,00","","40,20","","90,27","","","","","","Nuageux"
"2008-02-04 04:00","2008","02","04","04:00"," ","-7,60","","-10,20","","82,00","","34,00","","6,00","","40,20","","90,32","","","","-11,00","","Nuageux"
"2008-02-04 05:00","2008","02","04","05:00"," ","-9,40","","-11,30","","86,00","","35,00","","7,00","","40,20","","90,39","","","","-13,00","","Nuageux"
"2008-02-04 06:00","2008","02","04","06:00"," ","-9,10","","-10,80","","87,00","","35,00","","6,00","","40,20","","90,44","","","","-12,00","","Généralement nuageux"
"2008-02-04 07:00","2008","02","04","07:00"," ","-12,30","","-14,00","","87,00","","31,00","","6,00","","40,20","","90,51","","","","-16,00","","Généralement nuageux"
"2008-02-04 08:00","2008","02","04","08:00"," ","-12,00","","-13,20","","91,00","","20,00","","6,00","","40,20","","90,56","","","","-16,00","","Généralement nuageux"
"2008-02-04 09:00","2008","02","04","09:00"," ","-10,70","","-11,90","","91,00","","17,00","","6,00","","40,20","","90,61","","","","-14,00","","Généralement nuageux"
"2008-02-04 10:00","2008","02","04","10:00"," ","-10,80","","-12,70","","86,00","","28,00","","6,00","","40,20","","90,65","","","","-14,00","","Neige"
"2008-02-04 11:00","2008","02","04","11:00"," ","-7,90","","-11,00","","78,00","","0,00","","0,00","","40,20","","90,70","","","","","","Neige"
"2008-02-04 12:00","2008","02","04","12:00"," ","-6,20","","-11,10","","68,00","","0,00","","0,00","","40,20","","90,66","","","","","","Généralement dégagé"
"2008-02-04 13:00","2008","02","04","13:00"," ","-4,30","","-10,50","","62,00","","0,00","","0,00","","40,20","","90,61","","","","","","Généralement dégagé"
"2008-02-04 14:00","2008","02","04","14:00"," ","-4,40","","-10,80","","61,00","","8,00","","6,00","","40,20","","90,61","","","","-7,00","","Généralement nuageux"
"2008-02-04 15:00","2008","02","04","15:00"," ","-5,50","","-10,50","","68,00","","29,00","","6,00","","40,20","","90,64","","","","-8,00","","Généralement nuageux"
"2008-02-04 16:00","2008","02","04","16:00"," ","-3,20","","-10,00","","59,00","","0,00","","0,00","","40,20","","90,68","","","","","","Généralement dégagé"
"2008-02-04 17:00","2008","02","04","17:00"," ","-4,80","","-9,90","","67,00","","0,00","","0,00","","40,20","","90,73","","","","","","Généralement dégagé"
"2008-02-04 18:00","2008","02","04","18:00"," ","-7,30","","-10,60","","77,00","","0,00","","0,00","","40,20","","90,78","","","","","","Généralement dégagé"
"2008-02-04 19:00","2008","02","04","19:00"," ","-9,40","","-11,70","","83,00","","0,00","","0,00","","40,20","","90,83","","","","","","Généralement dégagé"
"2008-02-04 20:00","2008","02","04","20:00"," ","-10,60","","-12,00","","89,00","","0,00","","0,00","","40,20","","90,89","","","","","","Généralement dégagé"
"2008-02-04 21:00","2008","02","04","21:00"," ","-10,60","","-11,60","","92,00","","0,00","","0,00","","40,20","","90,93","","","","","","Généralement dégagé"
"2008-02-04 22:00","2008","02","04","22:00"," ","-12,50","","-14,20","","87,00","","0,00","","0,00","","40,20","","90,97","","","","","","Généralement dégagé"
"2008-02-04 23:00","2008","02","04","23:00"," ","-11,80","","-13,00","","91,00","","0,00","","0,00","","40,20","","91,00","","","","","","Généralement nuageux"
"2008-02-05 00:00","2008","02","05","00:00"," ","-10,80","","-12,50","","87,00","","0,00","","0,00","","40,20","","91,01","","","","","","Généralement nuageux"
"2008-02-05 01:00","2008","02","05","01:00"," ","-10,80","","-12,80","","85,00","","9,00","","4,00","","40,20","","91,04","","","","-13,00","","Généralement nuageux"
"2008-02-05 02:00","2008","02","05","02:00"," ","-11,80","","-13,90","","84,00","","7,00","","4,00","","40,20","","91,03","","","","-14,00","","Nuageux"
"2008-02-05 03:00","2008","02","05","03:00"," ","-11,10","","-12,80","","87,00","","8,00","","4,00","","40,20","","91,04","","","","-14,00","","Nuageux"
"2008-02-05 04:00","2008","02","05","04:00"," ","-10,90","","-12,50","","88,00","","0,00","","0,00","","32,20","","91,01","","","","","","Nuageux"
"2008-02-05 05:00","2008","02","05","05:00"," ","-11,40","","-13,20","","86,00","","13,00","","4,00","","32,20","","90,97","","","","-14,00","","Nuageux"
"2008-02-05 06:00","2008","02","05","06:00"," ","-11,50","","-13,30","","86,00","","6,00","","4,00","","32,20","","90,99","","","","-14,00","","Nuageux"
"2008-02-05 07:00","2008","02","05","07:00"," ","-11,40","","-13,20","","86,00","","33,00","","4,00","","32,20","","91,02","","","","-14,00","","Nuageux"
"2008-02-05 08:00","2008","02","05","08:00"," ","-11,70","","-13,40","","87,00","","25,00","","4,00","","40,20","","90,97","","","","-14,00","","Généralement nuageux"
"2008-02-05 09:00","2008","02","05","09:00"," ","-10,10","","-11,90","","87,00","","0,00","","0,00","","40,20","","90,95","","","","","","Neige"
"2008-02-05 10:00","2008","02","05","10:00"," ","-8,60","","-10,80","","84,00","","0,00","","0,00","","40,20","","90,89","","","","","","Neige"
"2008-02-05 11:00","2008","02","05","11:00"," ","-5,80","","-9,00","","78,00","","0,00","","0,00","","40,20","","90,88","","","","","","Neige"
"2008-02-05 12:00","2008","02","05","12:00"," ","-4,90","","-8,40","","76,00","","0,00","","0,00","","24,10","","90,80","","","","","","Neige"
"2008-02-05 13:00","2008","02","05","13:00"," ","-2,70","","-5,90","","79,00","","13,00","","19,00","","32,20","","90,63","","","","-8,00","","Nuageux"
"2008-02-05 14:00","2008","02","05","14:00"," ","-2,40","","-5,60","","79,00","","11,00","","19,00","","32,20","","90,48","","","","-8,00","","Nuageux"
"2008-02-05 15:00","2008","02","05","15:00"," ","-2,80","","-5,00","","85,00","","11,00","","28,00","","4,80","","90,33","","","","-10,00","","Neige"
"2008-02-05 16:00","2008","02","05","16:00"," ","-2,80","","-4,40","","89,00","","11,00","","28,00","","2,40","","90,22","","","","-10,00","","Neige"
"2008-02-05 17:00","2008","02","05","17:00"," ","-2,80","","-4,20","","90,00","","11,00","","24,00","","2,40","","90,05","","","","-9,00","","Neige"
"2008-02-05 18:00","2008","02","05","18:00"," ","-2,90","","-4,00","","92,00","","13,00","","28,00","","4,00","","89,90","","","","-10,00","","Neige"
"2008-02-05 19:00","2008","02","05","19:00"," ","-2,90","","-3,90","","93,00","","12,00","","19,00","","2,40","","89,79","","","","-9,00","","Neige"
"2008-02-05 20:00","2008","02","05","20:00"," ","-3,00","","-3,80","","94,00","","13,00","","19,00","","2,40","","89,69","","","","-9,00","","Neige"
"2008-02-05 21:00","2008","02","05","21:00"," ","-2,70","","-4,10","","90,00","","12,00","","11,00","","16,10","","89,60","","","","-7,00","","Neige"
"2008-02-05 22:00","2008","02","05","22:00"," ","-3,80","","-4,60","","94,00","","14,00","","9,00","","24,10","","89,57","","","","-8,00","","Neige"
"2008-02-05 23:00","2008","02","05","23:00"," ","-4,40","","-5,10","","95,00","","28,00","","9,00","","40,20","","89,56","","","","-8,00","","Neige"
"2008-02-06 00:00","2008","02","06","00:00"," ","-6,40","","-6,90","","96,00","","33,00","","6,00","","40,20","","89,45","","","","-9,00","","Neige"
"2008-02-06 01:00","2008","02","06","01:00"," ","-6,10","","-6,60","","96,00","","1,00","","7,00","","32,20","","89,47","","","","-9,00","","Généralement nuageux"
"2008-02-06 02:00","2008","02","06","02:00"," ","-7,10","","-7,70","","95,00","","12,00","","4,00","","32,20","","89,47","","","","-9,00","","Généralement nuageux"
"2008-02-06 03:00","2008","02","06","03:00"," ","-6,80","","-7,20","","97,00","","33,00","","4,00","","32,20","","89,52","","","","-9,00","","Généralement nuageux"
"2008-02-06 04:00","2008","02","06","04:00"," ","-6,40","","-7,90","","89,00","","0,00","","0,00","","40,20","","89,57","","","","","","Généralement nuageux"
"2008-02-06 05:00","2008","02","06","05:00"," ","-2,90","","-8,40","","66,00","","24,00","","15,00","","40,20","","89,66","","","","-8,00","","Généralement dégagé"
"2008-02-06 06:00","2008","02","06","06:00"," ","-0,90","","-10,30","","49,00","","27,00","","13,00","","40,20","","89,69","","","","-5,00","","Généralement dégagé"
"2008-02-06 07:00","2008","02","06","07:00"," ","-2,10","","-10,70","","52,00","","28,00","","9,00","","40,20","","89,79","","","","-6,00","","Généralement dégagé"
"2008-02-06 08:00","2008","02","06","08:00"," ","-2,80","","-10,50","","55,00","","27,00","","7,00","","40,20","","89,91","","","","-6,00","","Généralement dégagé"
"2008-02-06 09:00","2008","02","06","09:00"," ","-3,40","","-10,00","","60,00","","24,00","","13,00","","40,20","","89,98","","","","-8,00","","Généralement dégagé"
"2008-02-06 10:00","2008","02","06","10:00"," ","-2,90","","-5,90","","80,00","","25,00","","13,00","","40,20","","90,09","","","","-8,00","","Généralement nuageux"
"2008-02-06 11:00","2008","02","06","11:00"," ","-2,00","","-6,90","","69,00","","27,00","","9,00","","40,20","","90,16","","","","-5,00","","Généralement nuageux"
"2008-02-06 12:00","2008","02","06","12:00"," ","0,40","","-8,90","","50,00","","22,00","","15,00","","40,20","","90,19","","","","","","Généralement nuageux"
"2008-02-06 13:00","2008","02","06","13:00"," ","0,70","","-11,30","","40,00","","24,00","","15,00","","40,20","","90,17","","","","","","Généralement nuageux"
"2008-02-06 14:00","2008","02","06","14:00"," ","0,50","","-10,70","","43,00","","23,00","","19,00","","40,20","","90,18","","","","","","Généralement nuageux"
"2008-02-06 15:00","2008","02","06","15:00"," ","0,40","","-9,90","","46,00","","23,00","","15,00","","40,20","","90,22","","","","","","Généralement nuageux"
"2008-02-06 16:00","2008","02","06","16:00"," ","-0,70","","-7,90","","58,00","","18,00","","20,00","","40,20","","90,24","","","","-6,00","","Généralement nuageux"
"2008-02-06 17:00","2008","02","06","17:00"," ","-1,00","","-8,20","","58,00","","19,00","","20,00","","40,20","","90,27","","","","-7,00","","Généralement nuageux"
"2008-02-06 18:00","2008","02","06","18:00"," ","-1,90","","-7,50","","65,00","","22,00","","19,00","","40,20","","90,28","","","","-7,00","","Nuageux"
"2008-02-06 19:00","2008","02","06","19:00"," ","-2,10","","-7,30","","68,00","","19,00","","24,00","","40,20","","90,23","","","","-8,00","","Nuageux"
"2008-02-06 20:00","2008","02","06","20:00"," ","-2,10","","-7,40","","67,00","","18,00","","26,00","","40,20","","90,17","","","","-9,00","","Nuageux"
"2008-02-06 21:00","2008","02","06","21:00"," ","-2,10","","-6,90","","70,00","","18,00","","22,00","","40,20","","90,10","","","","-8,00","","Nuageux"
"2008-02-06 22:00","2008","02","06","22:00"," ","-2,30","","-7,20","","69,00","","16,00","","28,00","","40,20","","90,03","","","","-9,00","","Nuageux"
"2008-02-06 23:00","2008","02","06","23:00"," ","-2,70","","-6,60","","74,00","","17,00","","28,00","","40,20","","89,96","","","","-10,00","","Nuageux"
"2008-02-07 00:00","2008","02","07","00:00"," ","-2,90","","-6,10","","79,00","","16,00","","19,00","","19,30","","89,85","","","","-9,00","","Neige"
"2008-02-07 01:00","2008","02","07","01:00"," ","-2,90","","-5,80","","80,00","","15,00","","22,00","","12,90","","89,74","","","","-9,00","","Neige"
"2008-02-07 02:00","2008","02","07","02:00"," ","-3,60","","-5,60","","86,00","","14,00","","19,00","","12,90","","89,57","","","","-10,00","","Neige"
"2008-02-07 03:00","2008","02","07","03:00"," ","-3,90","","-5,60","","88,00","","13,00","","15,00","","16,10","","89,37","","","","-9,00","","Neige"
"2008-02-07 04:00","2008","02","07","04:00"," ","-4,30","","-5,40","","92,00","","13,00","","22,00","","3,20","","89,11","","","","-11,00","","Neige"
"2008-02-07 05:00","2008","02","07","05:00"," ","-4,30","","-5,30","","93,00","","13,00","","19,00","","2,40","","88,97","","","","-10,00","","Neige"
"2008-02-07 06:00","2008","02","07","06:00"," ","-4,10","","-5,30","","91,00","","13,00","","19,00","","2,40","","88,88","","","","-10,00","","Neige"
"2008-02-07 07:00","2008","02","07","07:00"," ","-4,10","","-5,10","","93,00","","14,00","","13,00","","1,60","","88,86","","","","-9,00","","Neige"
"2008-02-07 08:00","2008","02","07","08:00"," ","-4,30","","-5,20","","93,00","","0,00","","0,00","","1,60","","88,86","","","","","","Neige"
"2008-02-07 09:00","2008","02","07","09:00"," ","-4,30","","-5,20","","93,00","","0,00","","0,00","","2,40","","88,87","","","","","","Neige"
"2008-02-07 10:00","2008","02","07","10:00"," ","-4,00","","-4,90","","93,00","","28,00","","6,00","","3,20","","88,96","","","","-7,00","","Neige"
"2008-02-07 11:00","2008","02","07","11:00"," ","-3,50","","-4,40","","93,00","","0,00","","0,00","","12,90","","89,06","","","","","","Neige"
"2008-02-07 12:00","2008","02","07","12:00"," ","-2,60","","-4,50","","87,00","","22,00","","6,00","","24,10","","89,10","","","","-5,00","","Neige"
"2008-02-07 13:00","2008","02","07","13:00"," ","-0,60","","-4,20","","77,00","","0,00","","0,00","","32,20","","89,17","","","","","","Averses de neige"
"2008-02-07 14:00","2008","02","07","14:00"," ","-0,30","","-4,00","","76,00","","0,00","","0,00","","40,20","","89,22","","","","","","Averses de neige"
"2008-02-07 15:00","2008","02","07","15:00"," ","0,40","","-3,40","","76,00","","0,00","","0,00","","40,20","","89,32","","","","","","Généralement nuageux"
"2008-02-07 16:00","2008","02","07","16:00"," ","2,10","","-2,50","","72,00","","0,00","","0,00","","40,20","","89,44","","","","","","Généralement dégagé"
"2008-02-07 17:00","2008","02","07","17:00"," ","-0,60","","-2,90","","84,00","","17,00","","6,00","","40,20","","89,55","","","","-3,00","","Généralement dégagé"
"2008-02-07 18:00","2008","02","07","18:00"," ","-2,20","","-4,20","","86,00","","0,00","","0,00","","40,20","","89,61","","","","","","Généralement nuageux"
"2008-02-07 19:00","2008","02","07","19:00"," ","-3,40","","-5,60","","85,00","","0,00","","0,00","","40,20","","89,65","","","","","","Généralement dégagé"
"2008-02-07 20:00","2008","02","07","20:00"," ","-4,00","","-5,60","","89,00","","16,00","","13,00","","40,20","","89,66","","","","-9,00","","Généralement nuageux"
"2008-02-07 21:00","2008","02","07","21:00"," ","-2,30","","-5,40","","79,00","","0,00","","0,00","","40,20","","89,64","","","","","","Généralement nuageux"
"2008-02-07 22:00","2008","02","07","22:00"," ","-2,20","","-5,10","","80,00","","17,00","","15,00","","40,20","","89,58","","","","-7,00","","Généralement nuageux"
"2008-02-07 23:00","2008","02","07","23:00"," ","-0,30","","-3,40","","80,00","","19,00","","20,00","","40,20","","89,58","","","","-6,00","","Généralement nuageux"
"2008-02-08 00:00","2008","02","08","00:00"," ","-0,60","","-1,80","","92,00","","17,00","","20,00","","16,10","","89,57","","","","-6,00","","Neige"
"2008-02-08 01:00","2008","02","08","01:00"," ","-1,90","","-2,90","","93,00","","15,00","","13,00","","24,10","","89,59","","","","-6,00","","Généralement nuageux"
"2008-02-08 02:00","2008","02","08","02:00"," ","-3,70","","-4,30","","96,00","","19,00","","6,00","","19,30","","89,60","","","","-6,00","","Généralement nuageux"
"2008-02-08 03:00","2008","02","08","03:00"," ","-3,60","","-5,40","","87,00","","0,00","","0,00","","24,10","","89,58","","","","","","Généralement nuageux"
"2008-02-08 04:00","2008","02","08","04:00"," ","-1,80","","-4,80","","80,00","","19,00","","17,00","","32,20","","89,53","","","","-7,00","","Généralement nuageux"
"2008-02-08 05:00","2008","02","08","05:00"," ","-0,70","","-4,70","","74,00","","19,00","","19,00","","32,20","","89,51","","","","-6,00","","Généralement nuageux"
"2008-02-08 06:00","2008","02","08","06:00"," ","-0,60","","-4,90","","73,00","","19,00","","20,00","","24,10","","89,51","","","","-6,00","","Généralement nuageux"
"2008-02-08 07:00","2008","02","08","07:00"," ","-0,60","","-4,50","","75,00","","19,00","","20,00","","24,10","","89,50","","","","-6,00","","Généralement nuageux"
"2008-02-08 08:00","2008","02","08","08:00"," ","-0,70","","-4,10","","78,00","","18,00","","19,00","","16,10","","89,50","","","","-6,00","","Nuageux"
"2008-02-08 09:00","2008","02","08","09:00"," ","-1,00","","-3,70","","82,00","","20,00","","19,00","","24,10","","89,50","","","","-6,00","","Généralement nuageux"
"2008-02-08 10:00","2008","02","08","10:00"," ","0,40","","-3,30","","76,00","","20,00","","19,00","","24,10","","89,50","","","","","","Généralement nuageux"
"2008-02-08 11:00","2008","02","08","11:00"," ","1,50","","-3,40","","70,00","","18,00","","19,00","","24,10","","89,52","","","","","","Généralement nuageux"
"2008-02-08 12:00","2008","02","08","12:00"," ","3,00","","-4,10","","60,00","","23,00","","20,00","","32,20","","89,52","","","","","","Généralement nuageux"
"2008-02-08 13:00","2008","02","08","13:00"," ","3,10","","-3,90","","60,00","","21,00","","7,00","","32,20","","89,52","","","","","","Généralement nuageux"
"2008-02-08 14:00","2008","02","08","14:00"," ","3,70","","-4,50","","55,00","","23,00","","9,00","","32,20","","89,56","","","","","","Généralement nuageux"
"2008-02-08 15:00","2008","02","08","15:00"," ","2,80","","-3,60","","63,00","","21,00","","19,00","","32,20","","89,59","","","","","","Nuageux"
"2008-02-08 16:00","2008","02","08","16:00"," ","2,60","","-4,00","","62,00","","18,00","","15,00","","32,20","","89,69","","","","","","Nuageux"
"2008-02-08 17:00","2008","02","08","17:00"," ","1,40","","-3,60","","69,00","","31,00","","15,00","","24,10","","89,79","","","","","","Averses de neige"
"2008-02-08 18:00","2008","02","08","18:00"," ","0,70","","-2,90","","77,00","","2,00","","6,00","","24,10","","89,88","","","","","","Nuageux"
"2008-02-08 19:00","2008","02","08","19:00"," ","-2,00","","-2,90","","94,00","","36,00","","7,00","","1,20","","89,99","","","","-5,00","","Averses de neige"
"2008-02-08 20:00","2008","02","08","20:00"," ","-2,60","","-3,60","","93,00","","36,00","","7,00","","8,00","","90,07","","","","-5,00","","Averses de neige"
"2008-02-08 21:00","2008","02","08","21:00"," ","-3,00","","-4,30","","91,00","","0,00","","0,00","","16,10","","90,14","","","","","","Averses de neige"
"2008-02-08 22:00","2008","02","08","22:00"," ","-3,60","","-4,80","","91,00","","0,00","","0,00","","16,10","","90,20","","","","","","Averses de neige"
"2008-02-08 23:00","2008","02","08","23:00"," ","-3,40","","-4,60","","91,00","","0,00","","0,00","","24,10","","90,25","","","","","","Averses de neige"
"2008-02-09 00:00","2008","02","09","00:00"," ","-3,70","","-5,20","","89,00","","0,00","","0,00","","24,10","","90,31","","","","","","Averses de neige"
"2008-02-09 01:00","2008","02","09","01:00"," ","-4,90","","-6,40","","89,00","","21,00","","6,00","","24,10","","90,34","","","","-8,00","","Averses de neige"
"2008-02-09 02:00","2008","02","09","02:00"," ","-4,80","","-6,60","","87,00","","0,00","","0,00","","32,20","","90,38","","","","","","Averses de neige"
"2008-02-09 03:00","2008","02","09","03:00"," ","-5,20","","-6,70","","89,00","","0,00","","0,00","","32,20","","90,42","","","","","","Averses de neige"
"2008-02-09 04:00","2008","02","09","04:00"," ","-5,80","","-7,00","","91,00","","26,00","","6,00","","40,20","","90,48","","","","-9,00","","Généralement nuageux"
"2008-02-09 05:00","2008","02","09","05:00"," ","-6,30","","-7,30","","93,00","","0,00","","0,00","","40,20","","90,53","","","","","","Généralement nuageux"
"2008-02-09 06:00","2008","02","09","06:00"," ","-6,00","","-7,30","","90,00","","28,00","","6,00","","40,20","","90,57","","","","-9,00","","Généralement nuageux"
"2008-02-09 07:00","2008","02","09","07:00"," ","-6,10","","-7,20","","92,00","","0,00","","0,00","","40,20","","90,63","","","","","","Généralement nuageux"
"2008-02-09 08:00","2008","02","09","08:00"," ","-6,50","","-7,70","","91,00","","0,00","","0,00","","40,20","","90,69","","","","","","Généralement nuageux"
"2008-02-09 09:00","2008","02","09","09:00"," ","-6,50","","-8,10","","88,00","","0,00","","0,00","","40,20","","90,73","","","","","","Généralement nuageux"
"2008-02-09 10:00","2008","02","09","10:00"," ","-4,70","","-7,40","","81,00","","0,00","","0,00","","40,20","","90,78","","","","","","Généralement nuageux"
"2008-02-09 11:00","2008","02","09","11:00"," ","-3,40","","-7,00","","76,00","","36,00","","7,00","","40,20","","90,84","","","","-6,00","","Généralement nuageux"
"2008-02-09 12:00","2008","02","09","12:00"," ","-2,40","","-7,80","","66,00","","36,00","","7,00","","32,20","","90,86","","","","-5,00","","Nuageux"
"2008-02-09 13:00","2008","02","09","13:00"," ","-0,50","","-7,50","","59,00","","0,00","","0,00","","40,20","","90,82","","","","","","Généralement nuageux"
"2008-02-09 14:00","2008","02","09","14:00"," ","-1,50","","-6,80","","67,00","","27,00","","6,00","","32,20","","90,82","","","","-4,00","","Nuageux"
"2008-02-09 15:00","2008","02","09","15:00"," ","-1,00","","-5,00","","74,00","","28,00","","9,00","","24,10","","90,80","","","","-4,00","","Averses de neige"
"2008-02-09 16:00","2008","02","09","16:00"," ","-1,00","","-4,10","","79,00","","0,00","","0,00","","24,10","","90,82","","","","","","Averses de neige"
"2008-02-09 17:00","2008","02","09","17:00"," ","-0,90","","-3,40","","83,00","","0,00","","0,00","","32,20","","90,84","","","","","","Généralement nuageux"
"2008-02-09 18:00","2008","02","09","18:00"," ","-1,00","","-3,30","","84,00","","0,00","","0,00","","32,20","","90,86","","","","","","Nuageux"
"2008-02-09 19:00","2008","02","09","19:00"," ","-1,30","","-3,80","","83,00","","0,00","","0,00","","32,20","","90,83","","","","","","Nuageux"
"2008-02-09 20:00","2008","02","09","20:00"," ","-1,80","","-4,00","","85,00","","0,00","","0,00","","32,20","","90,81","","","","","","Nuageux"
"2008-02-09 21:00","2008","02","09","21:00"," ","-2,60","","-4,40","","87,00","","2,00","","6,00","","32,20","","90,77","","","","-5,00","","Généralement nuageux"
"2008-02-09 22:00","2008","02","09","22:00"," ","-2,90","","-4,40","","89,00","","0,00","","0,00","","32,20","","90,74","","","","","","Nuageux"
"2008-02-09 23:00","2008","02","09","23:00"," ","-2,80","","-4,40","","89,00","","0,00","","0,00","","32,20","","90,67","","","","","","Nuageux"
"2008-02-10 00:00","2008","02","10","00:00"," ","-3,10","","-4,70","","89,00","","0,00","","0,00","","32,20","","90,60","","","","","","Nuageux"
"2008-02-10 01:00","2008","02","10","01:00"," ","-3,40","","-4,80","","90,00","","0,00","","0,00","","32,20","","90,55","","","","","","Nuageux"
"2008-02-10 02:00","2008","02","10","02:00"," ","-3,20","","-4,40","","91,00","","21,00","","7,00","","32,20","","90,48","","","","-6,00","","Nuageux"
"2008-02-10 03:00","2008","02","10","03:00"," ","-2,30","","-3,20","","94,00","","30,00","","6,00","","40,20","","90,44","","","","-5,00","","Généralement nuageux"
"2008-02-10 04:00","2008","02","10","04:00"," ","-1,80","","-2,60","","94,00","","29,00","","7,00","","40,20","","90,37","","","","-4,00","","Nuageux"
"2008-02-10 05:00","2008","02","10","05:00"," ","-1,70","","-2,60","","94,00","","0,00","","0,00","","40,20","","90,31","","","","","","Nuageux"
"2008-02-10 06:00","2008","02","10","06:00"," ","-1,40","","-2,30","","94,00","","0,00","","0,00","","40,20","","90,26","","","","","","Généralement nuageux"
"2008-02-10 07:00","2008","02","10","07:00"," ","-1,00","","-2,00","","93,00","","13,00","","6,00","","40,20","","90,20","","","","-3,00","","Nuageux"
"2008-02-10 08:00","2008","02","10","08:00"," ","-0,20","","-1,30","","92,00","","0,00","","0,00","","40,20","","90,18","","","","","","Généralement nuageux"
"2008-02-10 09:00","2008","02","10","09:00"," ","3,20","","0,30","","81,00","","12,00","","11,00","","40,20","","90,16","","","","","","Généralement nuageux"
"2008-02-10 10:00","2008","02","10","10:00"," ","3,50","","0,50","","81,00","","12,00","","11,00","","40,20","","90,16","","","","","","Généralement nuageux"
"2008-02-10 11:00","2008","02","10","11:00"," ","4,40","","0,50","","76,00","","13,00","","11,00","","40,20","","90,16","","","","","","Généralement nuageux"
"2008-02-10 12:00","2008","02","10","12:00"," ","5,10","","0,60","","73,00","","17,00","","7,00","","40,20","","90,18","","","","","","Généralement nuageux"
"2008-02-10 13:00","2008","02","10","13:00"," ","5,80","","0,60","","69,00","","17,00","","15,00","","40,20","","90,11","","","","","","Généralement nuageux"
"2008-02-10 14:00","2008","02","10","14:00"," ","6,20","","0,60","","67,00","","19,00","","22,00","","40,20","","90,01","","","","","","Généralement dégagé"
"2008-02-10 15:00","2008","02","10","15:00"," ","5,10","","0,60","","73,00","","0,00","","0,00","","40,20","","89,93","","","","","","Nuageux"
"2008-02-10 16:00","2008","02","10","16:00"," ","5,00","","0,10","","71,00","","19,00","","15,00","","40,20","","89,90","","","","","","Nuageux"
"2008-02-10 17:00","2008","02","10","17:00"," ","2,70","","1,30","","90,00","","34,00","","13,00","","24,10","","89,93","","","","","","Averses de pluie"
"2008-02-10 18:00","2008","02","10","18:00"," ","1,10","","0,40","","95,00","","30,00","","6,00","","3,20","","89,98","","","","","","Averses de pluie,Averses de neige"
"2008-02-10 19:00","2008","02","10","19:00"," ","0,90","","0,50","","97,00","","35,00","","6,00","","16,10","","90,03","","","","","","Averses de pluie"
"2008-02-10 20:00","2008","02","10","20:00"," ","1,40","","0,60","","94,00","","25,00","","9,00","","32,20","","90,05","","","","","","Généralement nuageux"
"2008-02-10 21:00","2008","02","10","21:00"," ","1,60","","-0,20","","88,00","","27,00","","19,00","","40,20","","90,11","","","","","","Généralement nuageux"
"2008-02-10 22:00","2008","02","10","22:00"," ","1,30","","-1,10","","84,00","","0,00","","0,00","","40,20","","90,20","","","","","","Généralement nuageux"
"2008-02-10 23:00","2008","02","10","23:00"," ","0,10","","-0,90","","93,00","","17,00","","6,00","","40,20","","90,27","","","","","","Généralement nuageux"
"2008-02-11 00:00","2008","02","11","00:00"," ","1,10","","-1,80","","81,00","","15,00","","6,00","","40,20","","90,36","","","","","","Généralement nuageux"
"2008-02-11 01:00","2008","02","11","01:00"," ","-0,60","","-1,40","","94,00","","27,00","","7,00","","40,20","","90,49","","","","-3,00","","Généralement nuageux"
"2008-02-11 02:00","2008","02","11","02:00"," ","-0,20","","-1,20","","93,00","","20,00","","9,00","","40,20","","90,60","","","","-3,00","","Nuageux"
"2008-02-11 03:00","2008","02","11","03:00"," ","-1,40","","-2,30","","94,00","","3,00","","6,00","","1,60","","90,72","","","","-4,00","","Brouillard"
"2008-02-11 04:00","2008","02","11","04:00"," ","-2,20","","-2,20","","100,00","","0,00","","0,00","","0,80","","90,78","","","","","","Brouillard verglaçant"
"2008-02-11 05:00","2008","02","11","05:00"," ","-3,00","","-3,50","","96,00","","3,00","","6,00","","24,10","","90,87","","","","-5,00","","Généralement dégagé"
"2008-02-11 06:00","2008","02","11","06:00"," ","-4,60","","-5,30","","95,00","","0,00","","0,00","","6,40","","90,94","","","","","","Brouillard"
"2008-02-11 07:00","2008","02","11","07:00"," ","-6,10","","-6,90","","94,00","","0,00","","0,00","","3,20","","90,99","","","","","","Brouillard"
"2008-02-11 08:00","2008","02","11","08:00"," ","-6,40","","-7,50","","92,00","","0,00","","0,00","","0,80","","91,06","","","","","","Brouillard verglaçant"
"2008-02-11 09:00","2008","02","11","09:00"," ","-5,30","","-6,10","","94,00","","0,00","","0,00","","0,20","","91,13","","","","","","Brouillard verglaçant"
"2008-02-11 10:00","2008","02","11","10:00"," ","-4,70","","-5,50","","94,00","","0,00","","0,00","","40,20","","91,12","","","","","","Nuageux"
"2008-02-11 11:00","2008","02","11","11:00"," ","-3,50","","-4,00","","96,00","","0,00","","0,00","","40,20","","91,12","","","","","","Nuageux"
"2008-02-11 12:00","2008","02","11","12:00"," ","-1,60","","-2,00","","97,00","","0,00","","0,00","","40,20","","91,09","","","","","","Nuageux"
"2008-02-11 13:00","2008","02","11","13:00"," ","0,40","","-4,30","","71,00","","19,00","","19,00","","40,20","","91,04","","","","","","Nuageux"
"2008-02-11 14:00","2008","02","11","14:00"," ","2,80","","-4,80","","57,00","","18,00","","19,00","","40,20","","91,02","","","","","","Généralement nuageux"
"2008-02-11 15:00","2008","02","11","15:00"," ","2,90","","-3,90","","61,00","","21,00","","9,00","","40,20","","91,03","","","","","","Nuageux"
"2008-02-11 16:00","2008","02","11","16:00"," ","2,80","","-3,60","","63,00","","18,00","","19,00","","40,20","","91,03","","","","","","Généralement nuageux"
"2008-02-11 17:00","2008","02","11","17:00"," ","2,70","","-4,00","","61,00","","18,00","","19,00","","40,20","","91,03","","","","","","Généralement nuageux"
"2008-02-11 18:00","2008","02","11","18:00"," ","1,90","","-4,50","","62,00","","17,00","","19,00","","40,20","","91,02","","","","","","Généralement nuageux"
"2008-02-11 19:00","2008","02","11","19:00"," ","1,70","","-4,40","","64,00","","17,00","","19,00","","40,20","","91,02","","","","","","Généralement dégagé"
"2008-02-11 20:00","2008","02","11","20:00"," ","0,60","","-4,50","","69,00","","20,00","","19,00","","40,20","","91,00","","","","","","Généralement nuageux"
"2008-02-11 21:00","2008","02","11","21:00"," ","1,50","","-3,90","","67,00","","19,00","","19,00","","40,20","","90,99","","","","","","Généralement nuageux"
"2008-02-11 22:00","2008","02","11","22:00"," ","1,40","","-3,70","","69,00","","16,00","","13,00","","40,20","","91,04","","","","","","Généralement nuageux"
"2008-02-11 23:00","2008","02","11","23:00"," ","1,50","","-3,40","","70,00","","13,00","","19,00","","40,20","","91,06","","","","","","Généralement nuageux"
"2008-02-12 00:00","2008","02","12","00:00"," ","1,30","","-3,30","","71,00","","13,00","","7,00","","40,20","","91,08","","","","","","Généralement nuageux"
"2008-02-12 01:00","2008","02","12","01:00"," ","0,90","","-3,10","","75,00","","15,00","","22,00","","40,20","","91,13","","","","","","Généralement dégagé"
"2008-02-12 02:00","2008","02","12","02:00"," ","-2,20","","-4,50","","84,00","","31,00","","6,00","","40,20","","91,19","","","","-5,00","","Généralement nuageux"
"2008-02-12 03:00","2008","02","12","03:00"," ","-3,60","","-5,10","","89,00","","0,00","","0,00","","40,20","","91,18","","","","","","Généralement dégagé"
"2008-02-12 04:00","2008","02","12","04:00"," ","-3,50","","-5,40","","87,00","","28,00","","6,00","","40,20","","91,23","","","","-6,00","","Généralement nuageux"
"2008-02-12 05:00","2008","02","12","05:00"," ","-4,30","","-5,80","","89,00","","0,00","","0,00","","40,20","","91,25","","","","","","Généralement nuageux"
"2008-02-12 06:00","2008","02","12","06:00"," ","-4,90","","-6,10","","91,00","","0,00","","0,00","","40,20","","91,23","","","","","","Généralement nuageux"
"2008-02-12 07:00","2008","02","12","07:00"," ","-4,80","","-6,10","","91,00","","0,00","","0,00","","40,20","","91,21","","","","","","Généralement nuageux"
"2008-02-12 08:00","2008","02","12","08:00"," ","-6,10","","-7,40","","90,00","","0,00","","0,00","","40,20","","91,18","","","","","","Généralement nuageux"
"2008-02-12 09:00","2008","02","12","09:00"," ","-5,50","","-5,90","","97,00","","0,00","","0,00","","40,20","","91,15","","","","","","Généralement nuageux"
"2008-02-12 10:00","2008","02","12","10:00"," ","-3,30","","-4,80","","89,00","","0,00","","0,00","","40,20","","91,13","","","","","","Généralement nuageux"
"2008-02-12 11:00","2008","02","12","11:00"," ","-1,50","","-3,90","","84,00","","0,00","","0,00","","40,20","","91,01","","","","","","Généralement nuageux"
"2008-02-12 12:00","2008","02","12","12:00"," ","0,70","","-3,00","","76,00","","0,00","","0,00","","40,20","","90,95","","","","","","Nuageux"
"2008-02-12 13:00","2008","02","12","13:00"," ","1,80","","-1,80","","77,00","","0,00","","0,00","","40,20","","90,85","","","","","","Nuageux"
"2008-02-12 14:00","2008","02","12","14:00"," ","5,00","","-0,40","","68,00","","16,00","","19,00","","40,20","","90,72","","","","","","Nuageux"
"2008-02-12 15:00","2008","02","12","15:00"," ","5,00","","-0,50","","68,00","","15,00","","19,00","","40,20","","90,57","","","","","","Nuageux"
"2008-02-12 16:00","2008","02","12","16:00"," ","4,50","","-0,20","","71,00","","17,00","","22,00","","40,20","","90,49","","","","","","Nuageux"
"2008-02-12 17:00","2008","02","12","17:00"," ","4,20","","0,10","","75,00","","14,00","","22,00","","40,20","","90,30","","","","","","Généralement nuageux"
"2008-02-12 18:00","2008","02","12","18:00"," ","3,90","","-0,30","","74,00","","16,00","","19,00","","40,20","","90,12","","","","","","Nuageux"
"2008-02-12 19:00","2008","02","12","19:00"," ","3,70","","0,00","","77,00","","11,00","","15,00","","40,20","","90,00","","","","","","Nuageux"
"2008-02-12 20:00","2008","02","12","20:00"," ","2,60","","0,60","","87,00","","14,00","","19,00","","32,20","","89,79","","","","","","Pluie"
"2008-02-12 21:00","2008","02","12","21:00"," ","2,60","","0,90","","89,00","","13,00","","19,00","","32,20","","89,63","","","","","","Généralement nuageux"
"2008-02-12 22:00","2008","02","12","22:00"," ","2,30","","0,70","","89,00","","15,00","","15,00","","32,20","","89,52","","","","","","Généralement nuageux"
"2008-02-12 23:00","2008","02","12","23:00"," ","2,10","","0,40","","88,00","","15,00","","9,00","","32,20","","89,42","","","","","","Généralement nuageux"
"2008-02-13 00:00","2008","02","13","00:00"," ","1,10","","0,00","","92,00","","18,00","","13,00","","40,20","","89,35","","","","","","Généralement nuageux"
"2008-02-13 01:00","2008","02","13","01:00"," ","0,60","","-0,60","","92,00","","27,00","","7,00","","40,20","","89,36","","","","","","Nuageux"
"2008-02-13 02:00","2008","02","13","02:00"," ","0,10","","-1,50","","89,00","","20,00","","7,00","","40,20","","89,35","","","","","","Généralement nuageux"
"2008-02-13 03:00","2008","02","13","03:00"," ","0,80","","-2,80","","77,00","","0,00","","0,00","","40,20","","89,40","","","","","","Généralement nuageux"
"2008-02-13 04:00","2008","02","13","04:00"," ","1,90","","-3,70","","66,00","","15,00","","17,00","","40,20","","89,44","","","","","","Généralement nuageux"
"2008-02-13 05:00","2008","02","13","05:00"," ","3,00","","-6,50","","50,00","","26,00","","24,00","","40,20","","89,48","","","","","","Nuageux"
"2008-02-13 06:00","2008","02","13","06:00"," ","2,40","","-6,30","","53,00","","26,00","","19,00","","40,20","","89,58","","","","","","Nuageux"
"2008-02-13 07:00","2008","02","13","07:00"," ","0,80","","-1,70","","83,00","","34,00","","15,00","","32,20","","89,74","","","","","","Averses de neige"
"2008-02-13 08:00","2008","02","13","08:00"," ","0,80","","-2,40","","79,00","","35,00","","17,00","","32,20","","89,85","","","","","","Nuageux"
"2008-02-13 09:00","2008","02","13","09:00"," ","0,80","","-2,70","","77,00","","35,00","","22,00","","40,20","","89,97","","","","","","Généralement nuageux"
"2008-02-13 10:00","2008","02","13","10:00"," ","1,10","","-2,90","","75,00","","35,00","","19,00","","40,20","","90,06","","","","","","Généralement nuageux"
"2008-02-13 11:00","2008","02","13","11:00"," ","1,50","","-2,50","","75,00","","26,00","","9,00","","40,20","","90,15","","","","","","Généralement nuageux"
"2008-02-13 12:00","2008","02","13","12:00"," ","3,00","","-5,10","","55,00","","31,00","","6,00","","40,20","","90,19","","","","","","Généralement nuageux"
"2008-02-13 13:00","2008","02","13","13:00"," ","4,40","","-4,50","","52,00","","1,00","","17,00","","40,20","","90,22","","","","","","Généralement nuageux"
"2008-02-13 14:00","2008","02","13","14:00"," ","4,40","","-5,10","","50,00","","1,00","","13,00","","40,20","","90,24","","","","","","Généralement nuageux"
"2008-02-13 15:00","2008","02","13","15:00"," ","3,60","","-4,60","","55,00","","31,00","","7,00","","40,20","","90,33","","","","","","Généralement nuageux"
"2008-02-13 16:00","2008","02","13","16:00"," ","3,80","","-6,90","","45,00","","34,00","","13,00","","40,20","","90,44","","","","","","Généralement nuageux"
"2008-02-13 17:00","2008","02","13","17:00"," ","2,00","","-4,40","","63,00","","34,00","","9,00","","40,20","","90,57","","","","","","Averses de neige"
"2008-02-13 18:00","2008","02","13","18:00"," ","2,40","","-5,80","","55,00","","30,00","","9,00","","40,20","","90,59","","","","","","Généralement nuageux"
"2008-02-13 19:00","2008","02","13","19:00"," ","1,40","","-4,00","","67,00","","29,00","","9,00","","40,20","","90,69","","","","","","Généralement nuageux"
"2008-02-13 20:00","2008","02","13","20:00"," ","0,80","","-6,70","","57,00","","28,00","","11,00","","40,20","","90,76","","","","","","Généralement dégagé"
"2008-02-13 21:00","2008","02","13","21:00"," ","0,00","","-7,60","","57,00","","26,00","","13,00","","40,20","","90,83","","","","-4,00","","Généralement nuageux"
"2008-02-13 22:00","2008","02","13","22:00"," ","-0,90","","-7,60","","60,00","","29,00","","15,00","","40,20","","90,90","","","","-6,00","","Généralement nuageux"
"2008-02-13 23:00","2008","02","13","23:00"," ","-1,10","","-7,70","","61,00","","29,00","","19,00","","40,20","","90,99","","","","-6,00","","Généralement dégagé"
"2008-02-14 00:00","2008","02","14","00:00"," ","-2,50","","-8,40","","64,00","","27,00","","17,00","","40,20","","90,96","","","","-8,00","","Généralement dégagé"
"2008-02-14 01:00","2008","02","14","01:00"," ","-3,90","","-8,90","","68,00","","0,00","","0,00","","40,20","","91,00","","","","","","Généralement dégagé"
"2008-02-14 02:00","2008","02","14","02:00"," ","-4,30","","-9,10","","69,00","","27,00","","6,00","","40,20","","91,04","","","","-7,00","","Généralement dégagé"
"2008-02-14 03:00","2008","02","14","03:00"," ","-4,90","","-9,60","","70,00","","27,00","","17,00","","40,20","","91,09","","","","-11,00","","Généralement dégagé"
"2008-02-14 04:00","2008","02","14","04:00"," ","-6,10","","-10,10","","73,00","","23,00","","6,00","","40,20","","91,07","","","","-9,00","","Généralement dégagé"
"2008-02-14 05:00","2008","02","14","05:00"," ","-6,00","","-9,90","","74,00","","23,00","","7,00","","40,20","","91,05","","","","-9,00","","Généralement nuageux"
"2008-02-14 06:00","2008","02","14","06:00"," ","-7,40","","-10,40","","79,00","","24,00","","7,00","","40,20","","91,03","","","","-11,00","","Généralement nuageux"
"2008-02-14 07:00","2008","02","14","07:00"," ","-6,70","","-9,40","","81,00","","31,00","","6,00","","40,20","","91,03","","","","-10,00","","Généralement nuageux"
"2008-02-14 08:00","2008","02","14","08:00"," ","-8,10","","-9,90","","87,00","","23,00","","7,00","","40,20","","91,04","","","","-12,00","","Généralement nuageux"
"2008-02-14 09:00","2008","02","14","09:00"," ","-6,80","","-9,30","","82,00","","0,00","","0,00","","40,20","","91,08","","","","","","Généralement nuageux"
"2008-02-14 10:00","2008","02","14","10:00"," ","-4,80","","-8,30","","76,00","","0,00","","0,00","","40,20","","91,02","","","","","","Généralement nuageux"
"2008-02-14 11:00","2008","02","14","11:00"," ","-3,60","","-7,90","","72,00","","34,00","","6,00","","40,20","","91,00","","","","-6,00","","Généralement nuageux"
"2008-02-14 12:00","2008","02","14","12:00"," ","-1,30","","-6,70","","67,00","","9,00","","9,00","","40,20","","91,03","","","","-5,00","","Généralement nuageux"
"2008-02-14 13:00","2008","02","14","13:00"," ","0,00","","-5,80","","65,00","","6,00","","7,00","","40,20","","91,01","","","","-2,00","","Généralement nuageux"
"2008-02-14 14:00","2008","02","14","14:00"," ","0,60","","-6,70","","58,00","","2,00","","6,00","","40,20","","90,99","","","","","","Généralement nuageux"
"2008-02-14 15:00","2008","02","14","15:00"," ","1,50","","-6,90","","54,00","","36,00","","9,00","","40,20","","90,98","","","","","","Généralement nuageux"
"2008-02-14 16:00","2008","02","14","16:00"," ","1,90","","-6,70","","53,00","","35,00","","6,00","","40,20","","91,01","","","","","","Généralement nuageux"
"2008-02-14 17:00","2008","02","14","17:00"," ","2,10","","-6,50","","53,00","","0,00","","0,00","","40,20","","91,03","","","","","","Généralement dégagé"
"2008-02-14 18:00","2008","02","14","18:00"," ","-0,20","","-6,70","","62,00","","0,00","","0,00","","40,20","","91,07","","","","","","Généralement dégagé"
"2008-02-14 19:00","2008","02","14","19:00"," ","-1,80","","-7,70","","64,00","","0,00","","0,00","","40,20","","91,11","","","","","","Généralement dégagé"
"2008-02-14 20:00","2008","02","14","20:00"," ","-2,60","","-7,50","","69,00","","28,00","","6,00","","40,20","","91,11","","","","-5,00","","Dégagé"
"2008-02-14 21:00","2008","02","14","21:00"," ","-5,00","","-8,40","","77,00","","26,00","","9,00","","40,20","","91,12","","","","-9,00","","Dégagé"
"2008-02-14 22:00","2008","02","14","22:00"," ","-3,30","","-8,00","","70,00","","27,00","","9,00","","40,20","","91,21","","","","-7,00","","Généralement dégagé"
"2008-02-14 23:00","2008","02","14","23:00"," ","-5,40","","-8,40","","79,00","","27,00","","6,00","","40,20","","91,24","","","","-8,00","","Généralement dégagé"
"2008-02-15 00:00","2008","02","15","00:00"," ","-5,20","","-8,60","","77,00","","15,00","","6,00","","40,20","","91,27","","","","-8,00","","Généralement dégagé"
"2008-02-15 01:00","2008","02","15","01:00"," ","-6,80","","-9,10","","84,00","","0,00","","0,00","","40,20","","91,32","","","","","","Généralement dégagé"
"2008-02-15 02:00","2008","02","15","02:00"," ","-7,30","","-9,30","","86,00","","0,00","","0,00","","40,20","","91,34","","","","","","Généralement dégagé"
"2008-02-15 03:00","2008","02","15","03:00"," ","-7,00","","-9,40","","83,00","","0,00","","0,00","","40,20","","91,35","","","","","","Généralement nuageux"
"2008-02-15 04:00","2008","02","15","04:00"," ","-7,60","","-9,50","","86,00","","27,00","","6,00","","40,20","","91,39","","","","-11,00","","Généralement dégagé"
"2008-02-15 05:00","2008","02","15","05:00"," ","-7,90","","-9,20","","90,00","","0,00","","0,00","","40,20","","91,42","","","","","","Généralement nuageux"
"2008-02-15 06:00","2008","02","15","06:00"," ","-8,30","","-10,10","","87,00","","0,00","","0,00","","40,20","","91,41","","","","","","Généralement dégagé"
"2008-02-15 07:00","2008","02","15","07:00"," ","-8,00","","-9,90","","86,00","","0,00","","0,00","","40,20","","91,42","","","","","","Généralement dégagé"
"2008-02-15 08:00","2008","02","15","08:00"," ","-7,60","","-9,20","","88,00","","22,00","","7,00","","40,20","","91,38","","","","-11,00","","Généralement nuageux"
"2008-02-15 09:00","2008","02","15","09:00"," ","-5,80","","-7,90","","85,00","","18,00","","7,00","","40,20","","91,37","","","","-9,00","","Généralement nuageux"
"2008-02-15 10:00","2008","02","15","10:00"," ","-5,80","","-8,00","","84,00","","0,00","","0,00","","40,20","","91,34","","","","","","Généralement nuageux"
"2008-02-15 11:00","2008","02","15","11:00"," ","-0,70","","-5,70","","69,00","","12,00","","13,00","","40,20","","91,27","","","","-5,00","","Nuageux"
"2008-02-15 12:00","2008","02","15","12:00"," ","0,20","","-5,20","","67,00","","14,00","","7,00","","40,20","","91,19","","","","","","Généralement nuageux"
"2008-02-15 13:00","2008","02","15","13:00"," ","1,80","","-4,80","","62,00","","13,00","","13,00","","40,20","","91,08","","","","","","Généralement nuageux"
"2008-02-15 14:00","2008","02","15","14:00"," ","2,00","","-4,50","","62,00","","12,00","","15,00","","32,20","","90,98","","","","","","Nuageux"
"2008-02-15 15:00","2008","02","15","15:00"," ","2,10","","-4,40","","62,00","","9,00","","17,00","","32,20","","90,91","","","","","","Nuageux"
"2008-02-15 16:00","2008","02","15","16:00"," ","0,70","","-2,30","","80,00","","11,00","","19,00","","6,40","","90,85","","","","","","Neige"
"2008-02-15 17:00","2008","02","15","17:00"," ","0,20","","-1,70","","87,00","","13,00","","19,00","","3,20","","90,76","","","","","","Neige"
"2008-02-15 18:00","2008","02","15","18:00"," ","0,00","","-1,70","","88,00","","13,00","","19,00","","3,20","","90,69","","","","-5,00","","Neige"
"2008-02-15 19:00","2008","02","15","19:00"," ","0,00","","-1,30","","91,00","","13,00","","15,00","","4,80","","90,62","","","","-4,00","","Neige"
"2008-02-15 20:00","2008","02","15","20:00"," ","-0,40","","-1,00","","96,00","","14,00","","15,00","","1,60","","90,57","","","","-5,00","","Neige"
"2008-02-15 21:00","2008","02","15","21:00"," ","-0,40","","-1,10","","95,00","","14,00","","9,00","","3,20","","90,52","","","","-4,00","","Neige"
"2008-02-15 22:00","2008","02","15","22:00"," ","-0,30","","-0,90","","96,00","","14,00","","9,00","","9,70","","90,47","","","","-3,00","","Neige"
"2008-02-15 23:00","2008","02","15","23:00"," ","-0,60","","-1,40","","94,00","","12,00","","13,00","","24,10","","90,44","","","","-5,00","","Généralement nuageux"
"2008-02-16 00:00","2008","02","16","00:00"," ","-1,20","","-1,90","","95,00","","0,00","","0,00","","40,20","","90,45","","","","","","Généralement nuageux"
"2008-02-16 01:00","2008","02","16","01:00"," ","-2,60","","-3,40","","94,00","","0,00","","0,00","","40,20","","90,48","","","","","","Généralement nuageux"
"2008-02-16 02:00","2008","02","16","02:00"," ","-3,80","","-4,50","","95,00","","0,00","","0,00","","24,10","","90,46","","","","","","Généralement dégagé"
"2008-02-16 03:00","2008","02","16","03:00"," ","-4,70","","-4,80","","99,00","","0,00","","0,00","","40,20","","90,51","","","","","","Généralement dégagé"
"2008-02-16 04:00","2008","02","16","04:00"," ","-6,20","","-6,60","","97,00","","0,00","","0,00","","40,20","","90,55","","","","","","Généralement dégagé"
"2008-02-16 05:00","2008","02","16","05:00"," ","-6,00","","-7,00","","93,00","","0,00","","0,00","","1,60","","90,51","","","","","","Brouillard"
"2008-02-16 06:00","2008","02","16","06:00"," ","-6,80","","-7,50","","95,00","","0,00","","0,00","","0,40","","90,60","","","","","","Brouillard verglaçant"
"2008-02-16 07:00","2008","02","16","07:00"," ","-6,30","","-6,90","","95,00","","0,00","","0,00","","0,40","","90,62","","","","","","Brouillard verglaçant"
"2008-02-16 08:00","2008","02","16","08:00"," ","-5,50","","-6,20","","95,00","","0,00","","0,00","","0,20","","90,67","","","","","","Brouillard verglaçant"
"2008-02-16 09:00","2008","02","16","09:00"," ","-3,90","","-4,40","","96,00","","0,00","","0,00","","0,20","","90,70","","","","","","Brouillard verglaçant"
"2008-02-16 10:00","2008","02","16","10:00"," ","-3,60","","-4,00","","97,00","","0,00","","0,00","","0,20","","90,72","","","","","","Brouillard verglaçant"
"2008-02-16 11:00","2008","02","16","11:00"," ","-2,90","","-3,50","","96,00","","0,00","","0,00","","0,80","","90,72","","","","","","Brouillard verglaçant"
"2008-02-16 12:00","2008","02","16","12:00"," ","-2,20","","-2,40","","99,00","","0,00","","0,00","","3,20","","90,76","","","","","","Brouillard"
"2008-02-16 13:00","2008","02","16","13:00"," ","-0,70","","-1,10","","97,00","","0,00","","0,00","","40,20","","90,74","","","","","","Généralement nuageux"
"2008-02-16 14:00","2008","02","16","14:00"," ","1,50","","-0,20","","88,00","","10,00","","11,00","","40,20","","90,70","","","","","","Généralement dégagé"
"2008-02-16 15:00","2008","02","16","15:00"," ","4,10","","-3,70","","57,00","","22,00","","9,00","","40,20","","90,69","","","","","","Généralement dégagé"
"2008-02-16 16:00","2008","02","16","16:00"," ","4,40","","-7,40","","42,00","","29,00","","15,00","","40,20","","90,71","","","","","","Généralement dégagé"
"2008-02-16 17:00","2008","02","16","17:00"," ","3,70","","-8,70","","40,00","","27,00","","15,00","","40,20","","90,76","","","","","","Généralement dégagé"
"2008-02-16 18:00","2008","02","16","18:00"," ","1,00","","-2,10","","80,00","","30,00","","9,00","","40,20","","90,88","","","","","","Généralement dégagé"
"2008-02-16 19:00","2008","02","16","19:00"," ","0,10","","-4,10","","73,00","","29,00","","6,00","","40,20","","90,98","","","","","","Généralement dégagé"
"2008-02-16 20:00","2008","02","16","20:00"," ","0,50","","-5,90","","62,00","","33,00","","7,00","","40,20","","91,09","","","","","","Généralement dégagé"
"2008-02-16 21:00","2008","02","16","21:00"," ","-1,30","","-8,60","","58,00","","28,00","","6,00","","40,20","","91,17","","","","-4,00","","Généralement dégagé"
"2008-02-16 22:00","2008","02","16","22:00"," ","-2,30","","-9,60","","57,00","","25,00","","6,00","","40,20","","91,24","","","","-5,00","","Généralement dégagé"
"2008-02-16 23:00","2008","02","16","23:00"," ","-3,20","","-9,00","","64,00","","0,00","","0,00","","40,20","","91,34","","","","","","Généralement dégagé"
"2008-02-17 00:00","2008","02","17","00:00"," ","-3,30","","-9,20","","64,00","","27,00","","9,00","","40,20","","91,39","","","","-7,00","","Généralement dégagé"
"2008-02-17 01:00","2008","02","17","01:00"," ","-4,90","","-9,10","","72,00","","0,00","","0,00","","40,20","","91,44","","","","","","Généralement dégagé"
"2008-02-17 02:00","2008","02","17","02:00"," ","-4,30","","-9,10","","69,00","","29,00","","9,00","","40,20","","91,54","","","","-8,00","","Généralement dégagé"
"2008-02-17 03:00","2008","02","17","03:00"," ","-3,60","","-9,90","","62,00","","28,00","","11,00","","40,20","","91,59","","","","-8,00","","Généralement dégagé"
"2008-02-17 04:00","2008","02","17","04:00"," ","-4,70","","-10,40","","64,00","","27,00","","13,00","","40,20","","91,57","","","","-10,00","","Dégagé"
"2008-02-17 05:00","2008","02","17","05:00"," ","-6,50","","-10,90","","71,00","","0,00","","0,00","","40,20","","91,58","","","","","","Dégagé"
"2008-02-17 06:00","2008","02","17","06:00"," ","-8,10","","-11,90","","74,00","","23,00","","7,00","","40,20","","91,60","","","","-12,00","","Dégagé"
"2008-02-17 07:00","2008","02","17","07:00"," ","-10,20","","-12,50","","83,00","","21,00","","7,00","","40,20","","91,61","","","","-14,00","","Généralement dégagé"
"2008-02-17 08:00","2008","02","17","08:00"," ","-10,50","","-12,70","","84,00","","24,00","","6,00","","40,20","","91,65","","","","-14,00","","Généralement dégagé"
"2008-02-17 09:00","2008","02","17","09:00"," ","-7,60","","-11,00","","77,00","","0,00","","0,00","","40,20","","91,68","","","","","","Généralement dégagé"
"2008-02-17 10:00","2008","02","17","10:00"," ","-5,60","","-10,70","","67,00","","0,00","","0,00","","40,20","","91,69","","","","","","Généralement nuageux"
"2008-02-17 11:00","2008","02","17","11:00"," ","-4,70","","-10,80","","62,00","","0,00","","0,00","","40,20","","91,68","","","","","","Généralement nuageux"
"2008-02-17 12:00","2008","02","17","12:00"," ","-2,10","","-9,80","","56,00","","0,00","","0,00","","40,20","","91,60","","","","","","Généralement nuageux"
"2008-02-17 13:00","2008","02","17","13:00"," ","-1,30","","-9,30","","54,00","","0,00","","0,00","","40,20","","91,52","","","","","","Généralement nuageux"
"2008-02-17 14:00","2008","02","17","14:00"," ","-0,80","","-9,00","","54,00","","4,00","","6,00","","40,20","","91,46","","","","-3,00","","Généralement nuageux"
"2008-02-17 15:00","2008","02","17","15:00"," ","-0,10","","-9,10","","51,00","","0,00","","0,00","","40,20","","91,43","","","","","","Généralement nuageux"
"2008-02-17 16:00","2008","02","17","16:00"," ","0,40","","-9,00","","49,00","","2,00","","7,00","","40,20","","91,40","","","","","","Généralement nuageux"
"2008-02-17 17:00","2008","02","17","17:00"," ","-0,40","","-8,80","","53,00","","0,00","","0,00","","40,20","","91,41","","","","","","Généralement nuageux"
"2008-02-17 18:00","2008","02","17","18:00"," ","-2,10","","-9,10","","59,00","","0,00","","0,00","","40,20","","91,43","","","","","","Généralement nuageux"
"2008-02-17 19:00","2008","02","17","19:00"," ","-4,50","","-9,60","","67,00","","0,00","","0,00","","40,20","","91,45","","","","","","Généralement dégagé"
"2008-02-17 20:00","2008","02","17","20:00"," ","-5,70","","-10,20","","71,00","","0,00","","0,00","","40,20","","91,45","","","","","","Généralement dégagé"
"2008-02-17 21:00","2008","02","17","21:00"," ","-6,10","","-10,50","","71,00","","0,00","","0,00","","40,20","","91,47","","","","","","Généralement dégagé"
"2008-02-17 22:00","2008","02","17","22:00"," ","-6,20","","-10,80","","70,00","","18,00","","7,00","","40,20","","91,49","","","","-10,00","","Généralement dégagé"
"2008-02-17 23:00","2008","02","17","23:00"," ","-7,60","","-11,00","","77,00","","21,00","","6,00","","40,20","","91,50","","","","-11,00","","Généralement dégagé"
"2008-02-18 00:00","2008","02","18","00:00"," ","-8,30","","-11,80","","76,00","","20,00","","6,00","","40,20","","91,53","","","","-12,00","","Généralement dégagé"
"2008-02-18 01:00","2008","02","18","01:00"," ","-8,00","","-11,80","","74,00","","22,00","","7,00","","40,20","","91,53","","","","-12,00","","Généralement dégagé"
"2008-02-18 02:00","2008","02","18","02:00"," ","-10,00","","-12,40","","83,00","","0,00","","0,00","","40,20","","91,53","","","","","","Généralement dégagé"
"2008-02-18 03:00","2008","02","18","03:00"," ","-10,20","","-12,50","","83,00","","17,00","","6,00","","40,20","","91,56","","","","-14,00","","Généralement dégagé"
"2008-02-18 04:00","2008","02","18","04:00"," ","-11,10","","-12,80","","87,00","","0,00","","0,00","","40,20","","91,58","","","","","","Généralement dégagé"
"2008-02-18 05:00","2008","02","18","05:00"," ","-12,00","","-13,50","","89,00","","18,00","","6,00","","40,20","","91,60","","","","-16,00","","Généralement dégagé"
"2008-02-18 06:00","2008","02","18","06:00"," ","-12,00","","-13,70","","87,00","","0,00","","0,00","","40,20","","91,60","","","","","","Généralement dégagé"
"2008-02-18 07:00","2008","02","18","07:00"," ","-12,20","","-13,70","","89,00","","0,00","","0,00","","40,20","","91,59","","","","","","Généralement dégagé"
"2008-02-18 08:00","2008","02","18","08:00"," ","-13,30","","-14,60","","90,00","","0,00","","0,00","","40,20","","91,62","","","","","","Généralement nuageux"
"2008-02-18 09:00","2008","02","18","09:00"," ","-10,50","","-12,00","","89,00","","0,00","","0,00","","40,20","","91,65","","","","","","Généralement nuageux"
"2008-02-18 10:00","2008","02","18","10:00"," ","-9,10","","-11,70","","81,00","","0,00","","0,00","","40,20","","91,66","","","","","","Généralement nuageux"
"2008-02-18 11:00","2008","02","18","11:00"," ","-5,70","","-10,20","","71,00","","0,00","","0,00","","40,20","","91,63","","","","","","Généralement nuageux"
"2008-02-18 12:00","2008","02","18","12:00"," ","-2,50","","-8,50","","63,00","","0,00","","0,00","","40,20","","91,58","","","","","","Généralement dégagé"
"2008-02-18 13:00","2008","02","18","13:00"," ","-1,40","","-8,10","","60,00","","11,00","","7,00","","40,20","","91,48","","","","-4,00","","Généralement dégagé"
"2008-02-18 14:00","2008","02","18","14:00"," ","-0,90","","-7,70","","60,00","","36,00","","6,00","","40,20","","91,39","","","","-3,00","","Généralement dégagé"
"2008-02-18 15:00","2008","02","18","15:00"," ","1,40","","-7,30","","52,00","","9,00","","4,00","","40,20","","91,31","","","","","","Généralement dégagé"
"2008-02-18 16:00","2008","02","18","16:00"," ","1,50","","-7,40","","52,00","","7,00","","4,00","","40,20","","91,28","","","","","","Généralement dégagé"
"2008-02-18 17:00","2008","02","18","17:00"," ","0,20","","-7,10","","58,00","","0,00","","0,00","","40,20","","91,26","","","","","","Généralement nuageux"
"2008-02-18 18:00","2008","02","18","18:00"," ","-1,40","","-7,70","","62,00","","28,00","","6,00","","40,20","","91,23","","","","-4,00","","Généralement nuageux"
"2008-02-18 19:00","2008","02","18","19:00"," ","-2,90","","-7,80","","69,00","","0,00","","0,00","","40,20","","91,21","","","","","","Généralement dégagé"
"2008-02-18 20:00","2008","02","18","20:00"," ","-3,90","","-8,50","","70,00","","27,00","","6,00","","40,20","","91,19","","","","-7,00","","Généralement dégagé"
"2008-02-18 21:00","2008","02","18","21:00"," ","-4,70","","-8,70","","74,00","","0,00","","0,00","","40,20","","91,17","","","","","","Généralement dégagé"
"2008-02-18 22:00","2008","02","18","22:00"," ","-5,50","","-9,10","","76,00","","19,00","","6,00","","40,20","","91,18","","","","-8,00","","Généralement dégagé"
"2008-02-18 23:00","2008","02","18","23:00"," ","-5,60","","-9,00","","77,00","","19,00","","9,00","","40,20","","91,18","","","","-10,00","","Généralement nuageux"
"2008-02-19 00:00","2008","02","19","00:00"," ","-5,80","","-9,10","","77,00","","20,00","","7,00","","40,20","","91,18","","","","-9,00","","Généralement nuageux"
"2008-02-19 01:00","2008","02","19","01:00"," ","-6,70","","-9,50","","80,00","","0,00","","0,00","","40,20","","91,20","","","","","","Généralement nuageux"
"2008-02-19 02:00","2008","02","19","02:00"," ","-8,50","","-10,30","","87,00","","0,00","","0,00","","40,20","","91,20","","","","","","Généralement nuageux"
"2008-02-19 03:00","2008","02","19","03:00"," ","-9,60","","-10,70","","92,00","","0,00","","0,00","","40,20","","91,21","","","","","","Généralement dégagé"
"2008-02-19 04:00","2008","02","19","04:00"," ","-9,70","","-10,40","","95,00","","0,00","","0,00","","40,20","","91,19","","","","","","Généralement dégagé"
"2008-02-19 05:00","2008","02","19","05:00"," ","-10,30","","-11,30","","92,00","","0,00","","0,00","","40,20","","91,19","","","","","","Dégagé"
"2008-02-19 06:00","2008","02","19","06:00"," ","-11,10","","-12,30","","91,00","","0,00","","0,00","","40,20","","91,14","","","","","","Dégagé"
"2008-02-19 07:00","2008","02","19","07:00"," ","-11,90","","-13,00","","92,00","","0,00","","0,00","","40,20","","91,12","","","","","","Dégagé"
"2008-02-19 08:00","2008","02","19","08:00"," ","-13,00","","-14,50","","88,00","","17,00","","6,00","","40,20","","91,14","","","","-17,00","","Généralement dégagé"
"2008-02-19 09:00","2008","02","19","09:00"," ","-12,40","","-14,00","","88,00","","21,00","","4,00","","40,20","","91,16","","","","-15,00","","Généralement dégagé"
"2008-02-19 10:00","2008","02","19","10:00"," ","-7,40","","-9,20","","87,00","","0,00","","0,00","","40,20","","91,14","","","","","","Dégagé"
"2008-02-19 11:00","2008","02","19","11:00"," ","-5,90","","-8,80","","80,00","","0,00","","0,00","","40,20","","91,11","","","","","","Dégagé"
"2008-02-19 12:00","2008","02","19","12:00"," ","-3,80","","-8,10","","72,00","","0,00","","0,00","","40,20","","91,08","","","","","","Dégagé"
"2008-02-19 13:00","2008","02","19","13:00"," ","-1,70","","-7,70","","64,00","","0,00","","0,00","","40,20","","90,98","","","","","","Dégagé"
"2008-02-19 14:00","2008","02","19","14:00"," ","-0,30","","-6,90","","61,00","","0,00","","0,00","","40,20","","90,89","","","","","","Dégagé"
"2008-02-19 15:00","2008","02","19","15:00"," ","1,10","","-6,10","","59,00","","0,00","","0,00","","40,20","","90,81","","","","","","Dégagé"
"2008-02-19 16:00","2008","02","19","16:00"," ","1,40","","-6,50","","56,00","","35,00","","9,00","","40,20","","90,77","","","","","","Dégagé"
"2008-02-19 17:00","2008","02","19","17:00"," ","1,70","","-6,10","","56,00","","0,00","","0,00","","40,20","","90,74","","","","","","Dégagé"
"2008-02-19 18:00","2008","02","19","18:00"," ","0,40","","-6,50","","60,00","","0,00","","0,00","","40,20","","90,72","","","","","","Dégagé"
"2008-02-19 19:00","2008","02","19","19:00"," ","-3,40","","-8,00","","70,00","","0,00","","0,00","","40,20","","90,72","","","","","","Dégagé"
"2008-02-19 20:00","2008","02","19","20:00"," ","-3,90","","-7,80","","74,00","","0,00","","0,00","","40,20","","90,73","","","","","","Dégagé"
"2008-02-19 21:00","2008","02","19","21:00"," ","-4,70","","-7,90","","78,00","","0,00","","0,00","","40,20","","90,72","","","","","","Dégagé"
"2008-02-19 22:00","2008","02","19","22:00"," ","-3,90","","-7,30","","77,00","","27,00","","9,00","","40,20","","90,74","","","","-8,00","","Dégagé"
"2008-02-19 23:00","2008","02","19","23:00"," ","-6,50","","-8,80","","84,00","","21,00","","6,00","","40,20","","90,78","","","","-9,00","","Dégagé"
"2008-02-20 00:00","2008","02","20","00:00"," ","-6,80","","-8,90","","85,00","","0,00","","0,00","","40,20","","90,79","","","","","","Dégagé"
"2008-02-20 01:00","2008","02","20","01:00"," ","-8,60","","-9,80","","91,00","","0,00","","0,00","","40,20","","90,81","","","","","","Dégagé"
"2008-02-20 02:00","2008","02","20","02:00"," ","-9,40","","-10,40","","92,00","","0,00","","0,00","","40,20","","90,80","","","","","","Dégagé"
"2008-02-20 03:00","2008","02","20","03:00"," ","-9,90","","-11,20","","90,00","","0,00","","0,00","","40,20","","90,80","","","","","","Dégagé"
"2008-02-20 04:00","2008","02","20","04:00"," ","-10,10","","-10,80","","95,00","","0,00","","0,00","","40,20","","90,78","","","","","","Généralement dégagé"
"2008-02-20 05:00","2008","02","20","05:00"," ","-10,60","","-12,10","","89,00","","0,00","","0,00","","40,20","","90,78","","","","","","Généralement dégagé"
"2008-02-20 06:00","2008","02","20","06:00"," ","-10,90","","-12,40","","89,00","","0,00","","0,00","","40,20","","90,78","","","","","","Généralement dégagé"
"2008-02-20 07:00","2008","02","20","07:00"," ","-11,80","","-13,20","","89,00","","27,00","","6,00","","40,20","","90,78","","","","-16,00","","Généralement dégagé"
"2008-02-20 08:00","2008","02","20","08:00"," ","-11,60","","-12,50","","93,00","","0,00","","0,00","","40,20","","90,80","","","","","","Généralement dégagé"
"2008-02-20 09:00","2008","02","20","09:00"," ","-10,50","","-11,50","","92,00","","0,00","","0,00","","40,20","","90,83","","","","","","Généralement dégagé"
"2008-02-20 10:00","2008","02","20","10:00"," ","-7,20","","-7,90","","95,00","","0,00","","0,00","","40,20","","90,85","","","","","","Dégagé"
"2008-02-20 11:00","2008","02","20","11:00"," ","-3,80","","-7,70","","74,00","","0,00","","0,00","","40,20","","90,84","","","","","","Dégagé"
"2008-02-20 12:00","2008","02","20","12:00"," ","-1,30","","-7,30","","64,00","","0,00","","0,00","","40,20","","90,80","","","","","","Dégagé"
"2008-02-20 13:00","2008","02","20","13:00"," ","0,80","","-6,40","","59,00","","0,00","","0,00","","40,20","","90,72","","","","","","Dégagé"
"2008-02-20 14:00","2008","02","20","14:00"," ","0,90","","-6,40","","58,00","","0,00","","0,00","","40,20","","90,64","","","","","","Généralement dégagé"
"2008-02-20 15:00","2008","02","20","15:00"," ","2,60","","-5,60","","55,00","","0,00","","0,00","","40,20","","90,57","","","","","","Généralement dégagé"
"2008-02-20 16:00","2008","02","20","16:00"," ","4,20","","-5,20","","50,00","","0,00","","0,00","","40,20","","90,54","","","","","","Généralement dégagé"
"2008-02-20 17:00","2008","02","20","17:00"," ","4,30","","-5,20","","50,00","","0,00","","0,00","","40,20","","90,50","","","","","","Généralement dégagé"
"2008-02-20 18:00","2008","02","20","18:00"," ","2,00","","-6,00","","55,00","","0,00","","0,00","","40,20","","90,49","","","","","","Généralement dégagé"
"2008-02-20 19:00","2008","02","20","19:00"," ","-1,90","","-7,10","","68,00","","0,00","","0,00","","40,20","","90,51","","","","","","Généralement dégagé"
"2008-02-20 20:00","2008","02","20","20:00"," ","-3,00","","-7,10","","73,00","","0,00","","0,00","","40,20","","90,53","","","","","","Généralement dégagé"
"2008-02-20 21:00","2008","02","20","21:00"," ","-3,20","","-7,20","","74,00","","18,00","","13,00","","40,20","","90,55","","","","-8,00","","Généralement dégagé"
"2008-02-20 22:00","2008","02","20","22:00"," ","-4,80","","-7,50","","81,00","","20,00","","9,00","","40,20","","90,56","","","","-9,00","","Généralement dégagé"
"2008-02-20 23:00","2008","02","20","23:00"," ","-3,50","","-6,90","","77,00","","19,00","","9,00","","40,20","","90,57","","","","-7,00","","Généralement dégagé"
"2008-02-21 00:00","2008","02","21","00:00"," ","-5,50","","-7,40","","86,00","","25,00","","6,00","","40,20","","90,57","","","","-8,00","","Généralement dégagé"
"2008-02-21 01:00","2008","02","21","01:00"," ","-5,80","","-7,50","","88,00","","0,00","","0,00","","40,20","","90,58","","","","","","Généralement dégagé"
"2008-02-21 02:00","2008","02","21","02:00"," ","-7,20","","-8,10","","93,00","","0,00","","0,00","","40,20","","90,59","","","","","","Généralement dégagé"
"2008-02-21 03:00","2008","02","21","03:00"," ","-8,80","","-9,70","","93,00","","0,00","","0,00","","40,20","","90,58","","","","","","Généralement dégagé"
"2008-02-21 04:00","2008","02","21","04:00"," ","-7,80","","-8,70","","93,00","","0,00","","0,00","","40,20","","90,57","","","","","","Généralement dégagé"
"2008-02-21 05:00","2008","02","21","05:00"," ","-9,40","","-10,40","","92,00","","19,00","","7,00","","40,20","","90,57","","","","-13,00","","Généralement dégagé"
"2008-02-21 06:00","2008","02","21","06:00"," ","-9,90","","-11,10","","91,00","","0,00","","0,00","","40,20","","90,57","","","","","","Généralement dégagé"
"2008-02-21 07:00","2008","02","21","07:00"," ","-10,40","","-11,10","","95,00","","0,00","","0,00","","40,20","","90,56","","","","","","Généralement dégagé"
"2008-02-21 08:00","2008","02","21","08:00"," ","-10,60","","-11,60","","92,00","","0,00","","0,00","","40,20","","90,57","","","","","","Généralement dégagé"
"2008-02-21 09:00","2008","02","21","09:00"," ","-9,00","","-9,80","","94,00","","0,00","","0,00","","40,20","","90,59","","","","","","Généralement dégagé"
"2008-02-21 10:00","2008","02","21","10:00"," ","-6,00","","-7,40","","90,00","","0,00","","0,00","","40,20","","90,58","","","","","","Dégagé"
"2008-02-21 11:00","2008","02","21","11:00"," ","-2,90","","-6,40","","77,00","","0,00","","0,00","","40,20","","90,53","","","","","","Dégagé"
"2008-02-21 12:00","2008","02","21","12:00"," ","-1,90","","-6,50","","71,00","","33,00","","6,00","","40,20","","90,49","","","","-4,00","","Dégagé"
"2008-02-21 13:00","2008","02","21","13:00"," ","0,40","","-5,90","","63,00","","0,00","","0,00","","40,20","","90,41","","","","","","Dégagé"
"2008-02-21 14:00","2008","02","21","14:00"," ","1,90","","-5,60","","57,00","","0,00","","0,00","","40,20","","90,36","","","","","","Dégagé"
"2008-02-21 15:00","2008","02","21","15:00"," ","3,30","","-4,90","","55,00","","0,00","","0,00","","40,20","","90,29","","","","","","Dégagé"
"2008-02-21 16:00","2008","02","21","16:00"," ","3,90","","-4,90","","53,00","","33,00","","6,00","","40,20","","90,24","","","","","","Dégagé"
"2008-02-21 17:00","2008","02","21","17:00"," ","4,00","","-4,70","","53,00","","0,00","","0,00","","40,20","","90,18","","","","","","Dégagé"
"2008-02-21 18:00","2008","02","21","18:00"," ","2,20","","-5,40","","57,00","","0,00","","0,00","","40,20","","90,14","","","","","","Généralement dégagé"
"2008-02-21 19:00","2008","02","21","19:00"," ","-1,20","","-6,30","","68,00","","0,00","","0,00","","40,20","","90,14","","","","","","Dégagé"
"2008-02-21 20:00","2008","02","21","20:00"," ","-1,40","","-6,20","","70,00","","26,00","","6,00","","40,20","","90,13","","","","-4,00","","Dégagé"
"2008-02-21 21:00","2008","02","21","21:00"," ","-3,30","","-6,60","","78,00","","0,00","","0,00","","40,20","","90,14","","","","","","Dégagé"
"2008-02-21 22:00","2008","02","21","22:00"," ","-3,80","","-6,50","","81,00","","22,00","","6,00","","40,20","","90,14","","","","-6,00","","Dégagé"
"2008-02-21 23:00","2008","02","21","23:00"," ","-3,90","","-6,50","","82,00","","25,00","","9,00","","40,20","","90,15","","","","-8,00","","Dégagé"
"2008-02-22 00:00","2008","02","22","00:00"," ","-4,20","","-6,00","","87,00","","27,00","","6,00","","40,20","","90,16","","","","-7,00","","Dégagé"
"2008-02-22 01:00","2008","02","22","01:00"," ","-4,70","","-6,70","","86,00","","22,00","","9,00","","40,20","","90,17","","","","-9,00","","Dégagé"
"2008-02-22 02:00","2008","02","22","02:00"," ","-4,50","","-6,40","","87,00","","24,00","","6,00","","40,20","","90,17","","","","-7,00","","Dégagé"
"2008-02-22 03:00","2008","02","22","03:00"," ","-4,90","","-6,50","","89,00","","0,00","","0,00","","40,20","","90,18","","","","","","Dégagé"
"2008-02-22 04:00","2008","02","22","04:00"," ","-7,20","","-8,70","","89,00","","0,00","","0,00","","40,20","","90,16","","","","","","Dégagé"
"2008-02-22 05:00","2008","02","22","05:00"," ","-7,80","","-8,20","","97,00","","0,00","","0,00","","40,20","","90,17","","","","","","Généralement dégagé"
"2008-02-22 06:00","2008","02","22","06:00"," ","-8,80","","-9,60","","94,00","","0,00","","0,00","","40,20","","90,18","","","","","","Généralement dégagé"
"2008-02-22 07:00","2008","02","22","07:00"," ","-9,20","","-10,20","","92,00","","0,00","","0,00","","40,20","","90,18","","","","","","Généralement dégagé"
"2008-02-22 08:00","2008","02","22","08:00"," ","-10,10","","-11,00","","93,00","","0,00","","0,00","","40,20","","90,22","","","","","","Généralement dégagé"
"2008-02-22 09:00","2008","02","22","09:00"," ","-7,60","","-8,50","","93,00","","18,00","","6,00","","40,20","","90,25","","","","-11,00","","Généralement dégagé"
"2008-02-22 10:00","2008","02","22","10:00"," ","-5,40","","-6,60","","91,00","","0,00","","0,00","","40,20","","90,26","","","","","","Généralement dégagé"
"2008-02-22 11:00","2008","02","22","11:00"," ","-1,00","","-5,50","","71,00","","0,00","","0,00","","40,20","","90,22","","","","","","Généralement dégagé"
"2008-02-22 12:00","2008","02","22","12:00"," ","0,40","","-5,70","","64,00","","0,00","","0,00","","40,20","","90,18","","","","","","Généralement dégagé"
"2008-02-22 13:00","2008","02","22","13:00"," ","1,00","","-5,30","","63,00","","6,00","","6,00","","40,20","","90,10","","","","","","Généralement dégagé"
"2008-02-22 14:00","2008","02","22","14:00"," ","3,50","","-4,70","","55,00","","0,00","","0,00","","40,20","","90,04","","","","","","Généralement dégagé"
"2008-02-22 15:00","2008","02","22","15:00"," ","4,80","","-4,40","","51,00","","0,00","","0,00","","40,20","","90,02","","","","","","Généralement dégagé"
"2008-02-22 16:00","2008","02","22","16:00"," ","4,50","","-4,10","","54,00","","35,00","","6,00","","40,20","","89,98","","","","","","Dégagé"
"2008-02-22 17:00","2008","02","22","17:00"," ","4,70","","-4,10","","53,00","","0,00","","0,00","","40,20","","89,97","","","","","","Dégagé"
"2008-02-22 18:00","2008","02","22","18:00"," ","3,00","","-4,70","","57,00","","0,00","","0,00","","40,20","","89,97","","","","","","Généralement dégagé"
"2008-02-22 19:00","2008","02","22","19:00"," ","-0,30","","-5,70","","67,00","","0,00","","0,00","","40,20","","90,01","","","","","","Dégagé"
"2008-02-22 20:00","2008","02","22","20:00"," ","-2,10","","-6,20","","73,00","","0,00","","0,00","","40,20","","90,03","","","","","","Généralement dégagé"
"2008-02-22 21:00","2008","02","22","21:00"," ","-3,20","","-6,20","","80,00","","0,00","","0,00","","40,20","","90,09","","","","","","Généralement dégagé"
"2008-02-22 22:00","2008","02","22","22:00"," ","-3,20","","-5,90","","82,00","","21,00","","6,00","","40,20","","90,12","","","","-6,00","","Généralement dégagé"
"2008-02-22 23:00","2008","02","22","23:00"," ","-3,50","","-6,30","","81,00","","17,00","","9,00","","40,20","","90,16","","","","-7,00","","Généralement dégagé"
"2008-02-23 00:00","2008","02","23","00:00"," ","-4,60","","-6,60","","86,00","","0,00","","0,00","","40,20","","90,20","","","","","","Généralement dégagé"
"2008-02-23 01:00","2008","02","23","01:00"," ","-6,00","","-7,30","","90,00","","0,00","","0,00","","40,20","","90,24","","","","","","Généralement dégagé"
"2008-02-23 02:00","2008","02","23","02:00"," ","-6,70","","-7,50","","94,00","","19,00","","6,00","","40,20","","90,27","","","","-10,00","","Généralement dégagé"
"2008-02-23 03:00","2008","02","23","03:00"," ","-6,50","","-7,30","","94,00","","0,00","","0,00","","40,20","","90,30","","","","","","Généralement dégagé"
"2008-02-23 04:00","2008","02","23","04:00"," ","-6,50","","-7,40","","93,00","","0,00","","0,00","","40,20","","90,34","","","","","","Généralement nuageux"
"2008-02-23 05:00","2008","02","23","05:00"," ","-6,50","","-7,50","","93,00","","0,00","","0,00","","40,20","","90,40","","","","","","Généralement nuageux"
"2008-02-23 06:00","2008","02","23","06:00"," ","-6,90","","-7,90","","93,00","","0,00","","0,00","","40,20","","90,44","","","","","","Généralement nuageux"
"2008-02-23 07:00","2008","02","23","07:00"," ","-7,70","","-8,40","","95,00","","0,00","","0,00","","40,20","","90,48","","","","","","Généralement dégagé"
"2008-02-23 08:00","2008","02","23","08:00"," ","-7,80","","-8,80","","93,00","","0,00","","0,00","","40,20","","90,54","","","","","","Généralement dégagé"
"2008-02-23 09:00","2008","02","23","09:00"," ","-6,30","","-6,80","","96,00","","0,00","","0,00","","40,20","","90,61","","","","","","Généralement dégagé"
"2008-02-23 10:00","2008","02","23","10:00"," ","-3,40","","-5,80","","83,00","","0,00","","0,00","","40,20","","90,62","","","","","","Généralement dégagé"
"2008-02-23 11:00","2008","02","23","11:00"," ","-0,30","","-4,80","","72,00","","0,00","","0,00","","40,20","","90,65","","","","","","Généralement dégagé"
"2008-02-23 12:00","2008","02","23","12:00"," ","1,70","","-4,00","","66,00","","0,00","","0,00","","40,20","","90,64","","","","","","Généralement dégagé"
"2008-02-23 13:00","2008","02","23","13:00"," ","4,00","","-3,90","","56,00","","0,00","","0,00","","40,20","","90,58","","","","","","Généralement nuageux"
"2008-02-23 14:00","2008","02","23","14:00"," ","4,80","","-3,40","","55,00","","8,00","","7,00","","40,20","","90,55","","","","","","Généralement nuageux"
"2008-02-23 15:00","2008","02","23","15:00"," ","5,40","","-3,00","","55,00","","12,00","","7,00","","40,20","","90,51","","","","","","Généralement nuageux"
"2008-02-23 16:00","2008","02","23","16:00"," ","6,30","","-3,10","","51,00","","8,00","","9,00","","40,20","","90,51","","","","","","Généralement nuageux"
"2008-02-23 17:00","2008","02","23","17:00"," ","5,90","","-2,90","","53,00","","10,00","","9,00","","40,20","","90,52","","","","","","Généralement dégagé"
"2008-02-23 18:00","2008","02","23","18:00"," ","4,30","","-3,20","","58,00","","13,00","","9,00","","40,20","","90,50","","","","","","Généralement dégagé"
"2008-02-23 19:00","2008","02","23","19:00"," ","1,90","","-3,80","","66,00","","31,00","","6,00","","40,20","","90,52","","","","","","Généralement nuageux"
"2008-02-23 20:00","2008","02","23","20:00"," ","1,00","","-4,00","","69,00","","0,00","","0,00","","40,20","","90,54","","","","","","Généralement nuageux"
"2008-02-23 21:00","2008","02","23","21:00"," ","0,40","","-4,00","","72,00","","20,00","","6,00","","40,20","","90,55","","","","","","Généralement dégagé"
"2008-02-23 22:00","2008","02","23","22:00"," ","-1,40","","-4,50","","79,00","","18,00","","9,00","","40,20","","90,54","","","","-5,00","","Généralement dégagé"
"2008-02-23 23:00","2008","02","23","23:00"," ","-2,10","","-4,40","","84,00","","24,00","","9,00","","40,20","","90,54","","","","-6,00","","Généralement nuageux"
"2008-02-24 00:00","2008","02","24","00:00"," ","-1,10","","-4,20","","79,00","","21,00","","4,00","","40,20","","90,51","","","","-2,00","","Généralement nuageux"
"2008-02-24 01:00","2008","02","24","01:00"," ","-1,60","","-4,10","","83,00","","21,00","","6,00","","40,20","","90,49","","","","-4,00","","Généralement nuageux"
"2008-02-24 02:00","2008","02","24","02:00"," ","-1,90","","-4,20","","84,00","","0,00","","0,00","","40,20","","90,42","","","","","","Généralement nuageux"
"2008-02-24 03:00","2008","02","24","03:00"," ","-1,30","","-3,90","","82,00","","27,00","","4,00","","40,20","","90,44","","","","-3,00","","Nuageux"
"2008-02-24 04:00","2008","02","24","04:00"," ","-1,20","","-3,90","","82,00","","0,00","","0,00","","24,10","","90,39","","","","","","Averses de neige"
"2008-02-24 05:00","2008","02","24","05:00"," ","-1,20","","-4,40","","79,00","","34,00","","6,00","","24,10","","90,35","","","","-3,00","","Averses de neige"
"2008-02-24 06:00","2008","02","24","06:00"," ","-2,10","","-4,40","","84,00","","0,00","","0,00","","32,20","","90,32","","","","","","Averses de neige"
"2008-02-24 07:00","2008","02","24","07:00"," ","-0,60","","-4,20","","77,00","","2,00","","6,00","","32,20","","90,30","","","","-3,00","","Nuageux"
"2008-02-24 08:00","2008","02","24","08:00"," ","-2,20","","-5,30","","79,00","","0,00","","0,00","","40,20","","90,27","","","","","","Généralement nuageux"
"2008-02-24 09:00","2008","02","24","09:00"," ","-2,10","","-4,80","","82,00","","0,00","","0,00","","40,20","","90,28","","","","","","Nuageux"
"2008-02-24 10:00","2008","02","24","10:00"," ","-1,10","","-4,30","","79,00","","0,00","","0,00","","40,20","","90,27","","","","","","Nuageux"
"2008-02-24 11:00","2008","02","24","11:00"," ","0,20","","-3,90","","74,00","","0,00","","0,00","","40,20","","90,27","","","","","","Nuageux"
"2008-02-24 12:00","2008","02","24","12:00"," ","1,40","","-4,30","","66,00","","33,00","","20,00","","40,20","","90,26","","","","","","Nuageux"
"2008-02-24 13:00","2008","02","24","13:00"," ","2,00","","-5,00","","60,00","","36,00","","24,00","","40,20","","90,23","","","","","","Nuageux"
"2008-02-24 14:00","2008","02","24","14:00"," ","2,90","","-4,40","","59,00","","1,00","","19,00","","40,20","","90,21","","","","","","Nuageux"
"2008-02-24 15:00","2008","02","24","15:00"," ","3,90","","-3,50","","58,00","","35,00","","6,00","","40,20","","90,23","","","","","","Nuageux"
"2008-02-24 16:00","2008","02","24","16:00"," ","4,20","","-3,80","","56,00","","23,00","","6,00","","40,20","","90,24","","","","","","Nuageux"
"2008-02-24 17:00","2008","02","24","17:00"," ","3,90","","-3,90","","57,00","","31,00","","6,00","","40,20","","90,29","","","","","","Nuageux"
"2008-02-24 18:00","2008","02","24","18:00"," ","3,20","","-3,50","","61,00","","0,00","","0,00","","32,20","","90,33","","","","","","Nuageux"
"2008-02-24 19:00","2008","02","24","19:00"," ","2,60","","-2,00","","72,00","","19,00","","13,00","","32,20","","90,41","","","","","","Nuageux"
"2008-02-24 20:00","2008","02","24","20:00"," ","1,50","","-1,50","","80,00","","23,00","","6,00","","32,20","","90,49","","","","","","Nuageux"
"2008-02-24 21:00","2008","02","24","21:00"," ","1,20","","-1,10","","85,00","","27,00","","6,00","","40,20","","90,54","","","","","","Nuageux"
"2008-02-24 22:00","2008","02","24","22:00"," ","1,20","","-1,60","","82,00","","27,00","","7,00","","32,20","","90,61","","","","","","Averses de neige"
"2008-02-24 23:00","2008","02","24","23:00"," ","0,90","","-2,00","","81,00","","25,00","","4,00","","40,20","","90,69","","","","","","Nuageux"
"2008-02-25 00:00","2008","02","25","00:00"," ","0,40","","-2,40","","81,00","","0,00","","0,00","","32,20","","90,75","","","","","","Nuageux"
"2008-02-25 01:00","2008","02","25","01:00"," ","0,50","","-2,40","","81,00","","27,00","","7,00","","19,30","","90,81","","","","","","Averses de neige"
"2008-02-25 02:00","2008","02","25","02:00"," ","0,00","","-2,40","","84,00","","27,00","","4,00","","32,20","","90,89","","","","-1,00","","Nuageux"
"2008-02-25 03:00","2008","02","25","03:00"," ","0,00","","-2,70","","82,00","","24,00","","6,00","","32,20","","90,93","","","","-2,00","","Nuageux"
"2008-02-25 04:00","2008","02","25","04:00"," ","-0,90","","-2,70","","88,00","","28,00","","4,00","","32,20","","90,99","","","","-2,00","","Nuageux"
"2008-02-25 05:00","2008","02","25","05:00"," ","-1,20","","-3,30","","86,00","","21,00","","4,00","","40,20","","91,06","","","","-3,00","","Généralement nuageux"
"2008-02-25 06:00","2008","02","25","06:00"," ","-2,10","","-3,60","","89,00","","0,00","","0,00","","40,20","","91,13","","","","","","Généralement nuageux"
"2008-02-25 07:00","2008","02","25","07:00"," ","-2,90","","-3,90","","93,00","","0,00","","0,00","","40,20","","91,20","","","","","","Généralement nuageux"
"2008-02-25 08:00","2008","02","25","08:00"," ","-3,20","","-4,30","","92,00","","0,00","","0,00","","40,20","","91,29","","","","","","Généralement nuageux"
"2008-02-25 09:00","2008","02","25","09:00"," ","-1,70","","-4,30","","82,00","","0,00","","0,00","","40,20","","91,36","","","","","","Généralement nuageux"
"2008-02-25 10:00","2008","02","25","10:00"," ","-0,60","","-3,90","","78,00","","0,00","","0,00","","40,20","","91,44","","","","","","Généralement nuageux"
"2008-02-25 11:00","2008","02","25","11:00"," ","1,60","","-1,30","","81,00","","0,00","","0,00","","40,20","","91,53","","","","","","Généralement dégagé"
"2008-02-25 12:00","2008","02","25","12:00"," ","3,70","","-1,70","","68,00","","0,00","","0,00","","40,20","","91,57","","","","","","Généralement dégagé"
"2008-02-25 13:00","2008","02","25","13:00"," ","4,80","","-2,90","","57,00","","0,00","","0,00","","40,20","","91,55","","","","","","Généralement dégagé"
"2008-02-25 14:00","2008","02","25","14:00"," ","5,60","","-3,40","","52,00","","0,00","","0,00","","40,20","","91,54","","","","","","Dégagé"
"2008-02-25 15:00","2008","02","25","15:00"," ","6,60","","-3,80","","47,00","","0,00","","0,00","","40,20","","91,59","","","","","","Dégagé"
"2008-02-25 16:00","2008","02","25","16:00"," ","7,30","","-4,30","","43,00","","0,00","","0,00","","40,20","","91,61","","","","","","Dégagé"
"2008-02-25 17:00","2008","02","25","17:00"," ","6,20","","-4,50","","46,00","","11,00","","7,00","","40,20","","91,62","","","","","","Dégagé"
"2008-02-25 18:00","2008","02","25","18:00"," ","5,30","","-5,50","","46,00","","0,00","","0,00","","40,20","","91,67","","","","","","Généralement dégagé"
"2008-02-25 19:00","2008","02","25","19:00"," ","2,10","","-5,90","","55,00","","15,00","","6,00","","40,20","","91,72","","","","","","Généralement nuageux"
"2008-02-25 20:00","2008","02","25","20:00"," ","-0,20","","-5,70","","66,00","","16,00","","9,00","","40,20","","91,72","","","","-3,00","","Généralement dégagé"
"2008-02-25 21:00","2008","02","25","21:00"," ","-0,60","","-5,30","","70,00","","21,00","","6,00","","40,20","","91,77","","","","-3,00","","Généralement dégagé"
"2008-02-25 22:00","2008","02","25","22:00"," ","-3,20","","-6,30","","79,00","","0,00","","0,00","","40,20","","91,84","","","","","","Généralement dégagé"
"2008-02-25 23:00","2008","02","25","23:00"," ","-3,90","","-6,70","","81,00","","22,00","","4,00","","40,20","","91,88","","","","-6,00","","Généralement dégagé"
"2008-02-26 00:00","2008","02","26","00:00"," ","-3,10","","-5,60","","83,00","","22,00","","4,00","","40,20","","91,91","","","","-5,00","","Généralement dégagé"
"2008-02-26 01:00","2008","02","26","01:00"," ","-4,70","","-6,70","","86,00","","22,00","","4,00","","40,20","","91,95","","","","-6,00","","Généralement dégagé"
"2008-02-26 02:00","2008","02","26","02:00"," ","-3,20","","-5,60","","83,00","","0,00","","0,00","","40,20","","91,98","","","","","","Généralement dégagé"
"2008-02-26 03:00","2008","02","26","03:00"," ","-2,70","","-5,10","","84,00","","0,00","","0,00","","40,20","","91,99","","","","","","Généralement nuageux"
"2008-02-26 04:00","2008","02","26","04:00"," ","-3,60","","-5,90","","84,00","","0,00","","0,00","","40,20","","91,96","","","","","","Généralement nuageux"
"2008-02-26 05:00","2008","02","26","05:00"," ","-3,10","","-5,60","","83,00","","0,00","","0,00","","40,20","","91,95","","","","","","Généralement nuageux"
"2008-02-26 06:00","2008","02","26","06:00"," ","-4,60","","-6,70","","85,00","","0,00","","0,00","","40,20","","91,95","","","","","","Généralement nuageux"
"2008-02-26 07:00","2008","02","26","07:00"," ","-4,10","","-6,10","","86,00","","0,00","","0,00","","40,20","","91,96","","","","","","Généralement nuageux"
"2008-02-26 08:00","2008","02","26","08:00"," ","-4,60","","-6,00","","90,00","","0,00","","0,00","","40,20","","91,97","","","","","","Généralement nuageux"
"2008-02-26 09:00","2008","02","26","09:00"," ","-3,30","","-5,50","","85,00","","0,00","","0,00","","40,20","","92,00","","","","","","Généralement nuageux"
"2008-02-26 10:00","2008","02","26","10:00"," ","-1,30","","-4,70","","78,00","","0,00","","0,00","","40,20","","92,02","","","","","","Généralement nuageux"
"2008-02-26 11:00","2008","02","26","11:00"," ","1,80","","-3,50","","68,00","","0,00","","0,00","","40,20","","92,00","","","","","","Nuageux"
"2008-02-26 12:00","2008","02","26","12:00"," ","2,40","","-3,20","","66,00","","0,00","","0,00","","40,20","","91,95","","","","","","Nuageux"
"2008-02-26 13:00","2008","02","26","13:00"," ","2,20","","-2,80","","69,00","","0,00","","0,00","","40,20","","91,89","","","","","","Nuageux"
"2008-02-26 14:00","2008","02","26","14:00"," ","5,20","","-2,20","","59,00","","16,00","","19,00","","40,20","","91,78","","","","","","Généralement nuageux"
"2008-02-26 15:00","2008","02","26","15:00"," ","5,40","","-2,30","","58,00","","20,00","","15,00","","40,20","","91,70","","","","","","Généralement nuageux"
"2008-02-26 16:00","2008","02","26","16:00"," ","5,30","","-2,50","","57,00","","20,00","","22,00","","40,20","","91,64","","","","","","Nuageux"
"2008-02-26 17:00","2008","02","26","17:00"," ","5,00","","-2,60","","58,00","","19,00","","33,00","","40,20","","91,60","","","","","","Généralement nuageux"
"2008-02-26 18:00","2008","02","26","18:00"," ","4,40","","-2,60","","60,00","","18,00","","22,00","","40,20","","91,59","","","","","","Généralement nuageux"
"2008-02-26 19:00","2008","02","26","19:00"," ","4,30","","-2,60","","61,00","","19,00","","15,00","","40,20","","91,56","","","","","","Généralement nuageux"
"2008-02-26 20:00","2008","02","26","20:00"," ","4,00","","-2,50","","63,00","","18,00","","11,00","","40,20","","91,54","","","","","","Nuageux"
"2008-02-26 21:00","2008","02","26","21:00"," ","4,00","","-2,40","","63,00","","18,00","","22,00","","40,20","","91,51","","","","","","Nuageux"
"2008-02-26 22:00","2008","02","26","22:00"," ","4,10","","-2,10","","64,00","","18,00","","9,00","","40,20","","91,52","","","","","","Nuageux"
"2008-02-26 23:00","2008","02","26","23:00"," ","4,10","","-2,00","","64,00","","18,00","","13,00","","40,20","","91,50","","","","","","Nuageux"
"2008-02-27 00:00","2008","02","27","00:00"," ","3,70","","-2,10","","66,00","","16,00","","15,00","","40,20","","91,45","","","","","","Généralement nuageux"
"2008-02-27 01:00","2008","02","27","01:00"," ","2,90","","-1,80","","71,00","","14,00","","15,00","","40,20","","91,41","","","","","","Généralement nuageux"
"2008-02-27 02:00","2008","02","27","02:00"," ","3,50","","-1,90","","68,00","","14,00","","15,00","","40,20","","91,36","","","","","","Généralement nuageux"
"2008-02-27 03:00","2008","02","27","03:00"," ","3,30","","-1,80","","69,00","","15,00","","19,00","","40,20","","91,32","","","","","","Généralement nuageux"
"2008-02-27 04:00","2008","02","27","04:00"," ","3,00","","-1,80","","71,00","","13,00","","15,00","","40,20","","91,26","","","","","","Généralement nuageux"
"2008-02-27 05:00","2008","02","27","05:00"," ","3,10","","-1,70","","71,00","","16,00","","19,00","","40,20","","91,19","","","","","","Généralement nuageux"
"2008-02-27 06:00","2008","02","27","06:00"," ","3,10","","-1,80","","70,00","","15,00","","19,00","","40,20","","91,15","","","","","","Généralement nuageux"
"2008-02-27 07:00","2008","02","27","07:00"," ","3,30","","-2,00","","68,00","","14,00","","19,00","","40,20","","91,14","","","","","","Généralement nuageux"
"2008-02-27 08:00","2008","02","27","08:00"," ","2,70","","-2,40","","69,00","","13,00","","9,00","","40,20","","91,07","","","","","","Généralement nuageux"
"2008-02-27 09:00","2008","02","27","09:00"," ","3,10","","-2,40","","67,00","","13,00","","13,00","","40,20","","91,04","","","","","","Généralement nuageux"
"2008-02-27 10:00","2008","02","27","10:00"," ","4,70","","-1,80","","63,00","","16,00","","22,00","","40,20","","91,00","","","","","","Généralement nuageux"
"2008-02-27 11:00","2008","02","27","11:00"," ","6,00","","-2,00","","56,00","","17,00","","19,00","","40,20","","90,94","","","","","","Généralement nuageux"
"2008-02-27 12:00","2008","02","27","12:00"," ","7,00","","-1,70","","54,00","","16,00","","20,00","","40,20","","90,86","","","","","","Généralement nuageux"
"2008-02-27 13:00","2008","02","27","13:00"," ","7,10","","-1,70","","53,00","","15,00","","19,00","","40,20","","90,80","","","","","","Nuageux"
"2008-02-27 14:00","2008","02","27","14:00"," ","6,80","","-1,50","","55,00","","14,00","","19,00","","40,20","","90,74","","","","","","Nuageux"
"2008-02-27 15:00","2008","02","27","15:00"," ","7,70","","-1,00","","54,00","","15,00","","22,00","","40,20","","90,71","","","","","","Nuageux"
"2008-02-27 16:00","2008","02","27","16:00"," ","6,60","","0,40","","65,00","","19,00","","19,00","","40,20","","90,63","","","","","","Généralement nuageux"
"2008-02-27 17:00","2008","02","27","17:00"," ","6,60","","-0,30","","61,00","","18,00","","19,00","","40,20","","90,60","","","","","","Généralement nuageux"
"2008-02-27 18:00","2008","02","27","18:00"," ","6,10","","-0,50","","63,00","","18,00","","20,00","","40,20","","90,57","","","","","","Généralement nuageux"
"2008-02-27 19:00","2008","02","27","19:00"," ","5,20","","-0,80","","65,00","","18,00","","13,00","","40,20","","90,52","","","","","","Généralement dégagé"
"2008-02-27 20:00","2008","02","27","20:00"," ","3,30","","-1,20","","72,00","","0,00","","0,00","","40,20","","90,52","","","","","","Généralement dégagé"
"2008-02-27 21:00","2008","02","27","21:00"," ","3,30","","-1,50","","71,00","","24,00","","6,00","","40,20","","90,53","","","","","","Généralement nuageux"
"2008-02-27 22:00","2008","02","27","22:00"," ","4,00","","-1,20","","69,00","","0,00","","0,00","","40,20","","90,57","","","","","","Généralement nuageux"
"2008-02-27 23:00","2008","02","27","23:00"," ","5,10","","-1,10","","64,00","","20,00","","19,00","","40,20","","90,55","","","","","","Généralement nuageux"
"2008-02-28 00:00","2008","02","28","00:00"," ","5,30","","-1,30","","62,00","","21,00","","19,00","","40,20","","90,54","","","","","","Généralement nuageux"
"2008-02-28 01:00","2008","02","28","01:00"," ","5,00","","-1,20","","64,00","","21,00","","22,00","","40,20","","90,52","","","","","","Généralement nuageux"
"2008-02-28 02:00","2008","02","28","02:00"," ","4,90","","-1,30","","64,00","","19,00","","19,00","","40,20","","90,55","","","","","","Nuageux"
"2008-02-28 03:00","2008","02","28","03:00"," ","4,40","","-1,00","","68,00","","19,00","","19,00","","40,20","","90,51","","","","","","Généralement nuageux"
"2008-02-28 04:00","2008","02","28","04:00"," ","4,00","","-0,80","","71,00","","19,00","","19,00","","40,20","","90,51","","","","","","Généralement nuageux"
"2008-02-28 05:00","2008","02","28","05:00"," ","3,80","","-1,10","","70,00","","19,00","","19,00","","40,20","","90,53","","","","","","Généralement nuageux"
"2008-02-28 06:00","2008","02","28","06:00"," ","4,30","","-1,80","","64,00","","18,00","","19,00","","40,20","","90,54","","","","","","Généralement nuageux"
"2008-02-28 07:00","2008","02","28","07:00"," ","4,10","","-1,70","","66,00","","19,00","","19,00","","40,20","","90,56","","","","","","Généralement nuageux"
"2008-02-28 08:00","2008","02","28","08:00"," ","4,40","","-2,10","","63,00","","18,00","","9,00","","40,20","","90,58","","","","","","Généralement nuageux"
"2008-02-28 09:00","2008","02","28","09:00"," ","4,40","","-1,40","","66,00","","8,00","","9,00","","40,20","","90,65","","","","","","Généralement nuageux"
"2008-02-28 10:00","2008","02","28","10:00"," ","6,30","","-1,00","","60,00","","15,00","","11,00","","40,20","","90,68","","","","","","Généralement nuageux"
"2008-02-28 11:00","2008","02","28","11:00"," ","8,40","","-1,30","","50,00","","9,00","","6,00","","40,20","","90,71","","","","","","Généralement nuageux"
"2008-02-28 12:00","2008","02","28","12:00"," ","7,60","","-3,20","","46,00","","27,00","","9,00","","40,20","","90,73","","","","","","Généralement nuageux"
"2008-02-28 13:00","2008","02","28","13:00"," ","8,10","","-3,90","","42,00","","27,00","","19,00","","40,20","","90,74","","","","","","Généralement nuageux"
"2008-02-28 14:00","2008","02","28","14:00"," ","8,40","","-5,10","","38,00","","27,00","","24,00","","40,20","","90,73","","","","","","Généralement dégagé"
"2008-02-28 15:00","2008","02","28","15:00"," ","8,40","","-5,10","","38,00","","26,00","","24,00","","40,20","","90,77","","","","","","Généralement dégagé"
"2008-02-28 16:00","2008","02","28","16:00"," ","8,10","","-5,20","","38,00","","28,00","","24,00","","40,20","","90,79","","","","","","Généralement dégagé"
"2008-02-28 17:00","2008","02","28","17:00"," ","7,60","","-5,30","","39,00","","27,00","","20,00","","40,20","","90,81","","","","","","Généralement dégagé"
"2008-02-28 18:00","2008","02","28","18:00"," ","6,30","","-5,20","","44,00","","27,00","","19,00","","40,20","","90,84","","","","","","Généralement dégagé"
"2008-02-28 19:00","2008","02","28","19:00"," ","5,50","","-5,20","","46,00","","25,00","","9,00","","40,20","","90,88","","","","","","Généralement dégagé"
"2008-02-28 20:00","2008","02","28","20:00"," ","5,00","","-5,20","","48,00","","24,00","","11,00","","40,20","","90,97","","","","","","Généralement dégagé"
"2008-02-28 21:00","2008","02","28","21:00"," ","4,90","","-5,30","","48,00","","14,00","","9,00","","40,20","","91,01","","","","","","Généralement dégagé"
"2008-02-28 22:00","2008","02","28","22:00"," ","2,60","","-5,00","","57,00","","21,00","","4,00","","40,20","","91,07","","","","","","Dégagé"
"2008-02-28 23:00","2008","02","28","23:00"," ","1,50","","-5,20","","61,00","","24,00","","6,00","","40,20","","91,06","","","","","","Dégagé"
"2008-02-29 00:00","2008","02","29","00:00"," ","2,40","","-5,20","","57,00","","24,00","","6,00","","40,20","","91,05","","","","","","Dégagé"
"2008-02-29 01:00","2008","02","29","01:00"," ","1,20","","-5,60","","60,00","","24,00","","6,00","","40,20","","91,06","","","","","","Généralement dégagé"
"2008-02-29 02:00","2008","02","29","02:00"," ","-0,60","","-5,20","","71,00","","23,00","","6,00","","40,20","","91,01","","","","-3,00","","Dégagé"
"2008-02-29 03:00","2008","02","29","03:00"," ","-2,60","","-5,70","","79,00","","21,00","","6,00","","40,20","","90,98","","","","-5,00","","Généralement dégagé"
"2008-02-29 04:00","2008","02","29","04:00"," ","-1,70","","-5,60","","75,00","","18,00","","9,00","","40,20","","90,94","","","","-5,00","","Généralement dégagé"
"2008-02-29 05:00","2008","02","29","05:00"," ","-2,60","","-5,60","","80,00","","22,00","","9,00","","40,20","","90,88","","","","-6,00","","Généralement nuageux"
"2008-02-29 06:00","2008","02","29","06:00"," ","-2,10","","-4,90","","81,00","","23,00","","9,00","","40,20","","90,83","","","","-6,00","","Généralement nuageux"
"2008-02-29 07:00","2008","02","29","07:00"," ","-1,40","","-5,30","","75,00","","28,00","","6,00","","40,20","","90,76","","","","-4,00","","Généralement nuageux"
"2008-02-29 08:00","2008","02","29","08:00"," ","-2,20","","-5,40","","79,00","","24,00","","6,00","","40,20","","90,69","","","","-5,00","","Généralement nuageux"
"2008-02-29 09:00","2008","02","29","09:00"," ","-0,80","","-5,00","","73,00","","24,00","","6,00","","40,20","","90,63","","","","-3,00","","Généralement nuageux"
"2008-02-29 10:00","2008","02","29","10:00"," ","1,70","","-3,80","","67,00","","25,00","","6,00","","40,20","","90,56","","","","","","Généralement nuageux"
"2008-02-29 11:00","2008","02","29","11:00"," ","2,70","","-3,00","","66,00","","0,00","","0,00","","40,20","","90,48","","","","","","Généralement nuageux"
"2008-02-29 12:00","2008","02","29","12:00"," ","6,30","","-1,80","","56,00","","13,00","","6,00","","40,20","","90,39","","","","","","Généralement nuageux"
"2008-02-29 13:00","2008","02","29","13:00"," ","7,00","","-1,80","","53,00","","14,00","","7,00","","40,20","","90,31","","","","","","Généralement nuageux"
"2008-02-29 14:00","2008","02","29","14:00"," ","7,50","","-2,10","","51,00","","12,00","","24,00","","40,20","","90,18","","","","","","Généralement nuageux"
"2008-02-29 15:00","2008","02","29","15:00"," ","8,80","","-2,20","","46,00","","13,00","","24,00","","40,20","","90,07","","","","","","Généralement nuageux"
"2008-02-29 16:00","2008","02","29","16:00"," ","9,90","","-1,70","","44,00","","8,00","","17,00","","40,20","","90,00","","","","","","Généralement nuageux"
"2008-02-29 17:00","2008","02","29","17:00"," ","10,10","","-2,10","","42,00","","17,00","","22,00","","40,20","","89,96","","","","","","Généralement nuageux"
"2008-02-29 18:00","2008","02","29","18:00"," ","9,30","","-3,10","","42,00","","17,00","","22,00","","40,20","","89,92","","","","","","Généralement nuageux"
"2008-02-29 19:00","2008","02","29","19:00"," ","7,80","","-2,80","","47,00","","17,00","","13,00","","40,20","","89,91","","","","","","Généralement nuageux"
"2008-02-29 20:00","2008","02","29","20:00"," ","7,30","","-2,90","","48,00","","17,00","","13,00","","40,20","","89,85","","","","","","Généralement nuageux"
"2008-02-29 21:00","2008","02","29","21:00"," ","6,50","","-2,80","","51,00","","17,00","","15,00","","40,20","","89,80","","","","","","Généralement nuageux"
"2008-02-29 22:00","2008","02","29","22:00"," ","6,40","","-2,70","","52,00","","15,00","","15,00","","40,20","","89,75","","","","","","Généralement nuageux"
"2008-02-29 23:00","2008","02","29","23:00"," ","4,70","","-2,40","","60,00","","15,00","","15,00","","40,20","","89,64","","","","","","Nuageux"
