"Nom de la Station","CRANBROOK A"
"Province","BRITISH COLUMBIA"
"Latitude","49,61"
"Longitude","-115,78"
"Altitude","940,00"
"Identification Climat","1152102"
"Identification OMM","71880"
"Identification TC","YXC"
"Toutes les heures sont exprimées en heure normale locale (HNL). Pour convertir l'heure locale en heure avancée de l'Est (HAE), ajoutez 1 heure s'il y a lieu."

"Légende"
"M","Données Manquantes"
"E","Valeur Estimée"
"ND","Non Disponible"
"**","Données fournies par un partenaire, non assujetties à un révision par les Archives climatiques nationales du Canada"

"Date/Heure","Année","Mois","Jour","Heure","Qualité des Données","Temp (°C)","Temp Indicateur","Point de rosée (°C)","Point de rosée Indicateur","Hum. rel (%)","Hum. rel. Indicateur","Dir. du vent (10s deg)","Dir. du vent Indicateur","Vit. du vent (km/h)","Vit. du vent Indicateur","Visibilité (km)","Visibilité Indicateur","Pression à la station (kPa)","Pression à la station Indicateur","Hmdx","Hmdx Indicateur","Refroid. éolien","Refroid. éolien Indicateur","Temps"
"1973-01-01 00:00","1973","01","01","00:00"," ","-10,60","","-12,80","","84,00","","0,00","","0,00","","32,20","","92,05","","","","","","Nuageux"
"1973-01-01 01:00","1973","01","01","01:00"," ","-11,10","","-12,80","","86,00","","0,00","","0,00","","32,20","","91,99","","","","","","Nuageux"
"1973-01-01 02:00","1973","01","01","02:00"," ","-10,00","","-12,20","","84,00","","0,00","","0,00","","32,20","","91,94","","","","","","Nuageux"
"1973-01-01 03:00","1973","01","01","03:00"," ","-8,90","","-11,10","","83,00","","0,00","","0,00","","32,20","","91,88","","","","","","Nuageux"
"1973-01-01 04:00","1973","01","01","04:00"," ","-8,90","","-11,10","","82,00","","30,00","","11,00","","24,10","","91,84","","","","-14,00","","Neige"
"1973-01-01 05:00","1973","01","01","05:00"," ","-8,90","","-11,10","","85,00","","0,00","","0,00","","24,10","","91,75","","","","","","Neige"
"1973-01-01 06:00","1973","01","01","06:00"," ","-7,80","","-10,00","","84,00","","28,00","","6,00","","32,20","","91,69","","","","-11,00","","Généralement nuageux"
"1973-01-01 07:00","1973","01","01","07:00"," ","-7,80","","-10,00","","85,00","","30,00","","8,00","","32,20","","91,58","","","","-12,00","","Nuageux"
"1973-01-01 08:00","1973","01","01","08:00"," ","-7,80","","-9,40","","86,00","","28,00","","5,00","","32,20","","91,52","","","","-10,00","","Nuageux"
"1973-01-01 09:00","1973","01","01","09:00"," ","-7,80","","-9,40","","85,00","","29,00","","8,00","","32,20","","91,45","","","","-12,00","","Nuageux"
"1973-01-01 10:00","1973","01","01","10:00"," ","-6,70","","-8,90","","84,00","","26,00","","5,00","","24,10","","91,39","","","","-9,00","","Nuageux"
"1973-01-01 11:00","1973","01","01","11:00"," ","-5,60","","-7,80","","83,00","","15,00","","6,00","","24,10","","91,33","","","","-8,00","","Nuageux"
"1973-01-01 12:00","1973","01","01","12:00"," ","-2,80","","-5,60","","80,00","","15,00","","11,00","","24,10","","91,20","","","","-7,00","","Nuageux"
"1973-01-01 13:00","1973","01","01","13:00"," ","-1,10","","-5,00","","74,00","","16,00","","23,00","","24,10","","91,08","","","","-7,00","","Nuageux"
"1973-01-01 14:00","1973","01","01","14:00"," ","-1,70","","-5,00","","78,00","","13,00","","26,00","","24,10","","90,96","","","","-8,00","","Nuageux"
"1973-01-01 15:00","1973","01","01","15:00"," ","-2,20","","-5,00","","78,00","","13,00","","19,00","","32,20","","90,83","","","","-8,00","","Nuageux"
"1973-01-01 16:00","1973","01","01","16:00"," ","-0,60","","-5,00","","72,00","","16,00","","19,00","","32,20","","90,69","","","","-6,00","","Nuageux"
"1973-01-01 17:00","1973","01","01","17:00"," ","-0,60","","-5,00","","71,00","","18,00","","40,00","","32,20","","90,56","","","","-8,00","","Nuageux"
"1973-01-01 18:00","1973","01","01","18:00"," ","-1,70","","-5,00","","76,00","","12,00","","26,00","","32,20","","90,47","","","","-8,00","","Généralement nuageux"
"1973-01-01 19:00","1973","01","01","19:00"," ","-0,60","","-5,60","","67,00","","18,00","","29,00","","32,20","","90,31","","","","-7,00","","Nuageux"
"1973-01-01 20:00","1973","01","01","20:00"," ","-1,70","","-5,60","","73,00","","14,00","","39,00","","32,20","","90,11","","","","-10,00","","Nuageux"
"1973-01-01 21:00","1973","01","01","21:00"," ","-1,70","","-5,60","","75,00","","15,00","","27,00","","16,10","","89,93","","","","-8,00","","Neige"
"1973-01-01 22:00","1973","01","01","22:00"," ","-1,70","","-5,60","","76,00","","13,00","","32,00","","3,20","","89,75","","","","-9,00","","Neige"
"1973-01-01 23:00","1973","01","01","23:00"," ","-2,80","","-4,40","","88,00","","12,00","","32,00","","1,60","","89,63","","","","-10,00","","Neige"
"1973-01-02 00:00","1973","01","02","00:00"," ","-2,20","","-3,90","","89,00","","13,00","","16,00","","1,60","","89,52","","","","-7,00","","Neige"
"1973-01-02 01:00","1973","01","02","01:00"," ","-2,20","","-3,90","","89,00","","14,00","","19,00","","1,60","","89,50","","","","-8,00","","Neige"
"1973-01-02 02:00","1973","01","02","02:00"," ","-2,20","","-3,30","","92,00","","12,00","","8,00","","0,80","","89,54","","","","-5,00","","Neige modérée"
"1973-01-02 03:00","1973","01","02","03:00"," ","-3,90","","-5,00","","91,00","","26,00","","16,00","","32,20","","89,60","","","","-9,00","","Généralement dégagé"
"1973-01-02 04:00","1973","01","02","04:00"," ","-3,90","","-6,10","","83,00","","10,00","","8,00","","32,20","","89,62","","","","-7,00","","Dégagé"
"1973-01-02 05:00","1973","01","02","05:00"," ","-1,10","","-7,80","","61,00","","0,00","","0,00","","32,20","","89,66","","","","","","Généralement dégagé"
"1973-01-02 06:00","1973","01","02","06:00"," ","-4,40","","-8,30","","74,00","","19,00","","11,00","","32,20","","89,72","","","","-9,00","","Généralement dégagé"
"1973-01-02 07:00","1973","01","02","07:00"," ","-3,30","","-8,30","","69,00","","21,00","","23,00","","32,20","","89,73","","","","-10,00","","Généralement dégagé"
"1973-01-02 08:00","1973","01","02","08:00"," ","-4,40","","-9,40","","66,00","","21,00","","8,00","","32,20","","89,80","","","","-8,00","","Généralement nuageux"
"1973-01-02 09:00","1973","01","02","09:00"," ","-3,90","","-9,40","","66,00","","23,00","","6,00","","32,20","","89,92","","","","-7,00","","Généralement nuageux"
"1973-01-02 10:00","1973","01","02","10:00"," ","-3,90","","-9,40","","64,00","","0,00","","0,00","","32,20","","90,00","","","","","","Généralement nuageux"
"1973-01-02 11:00","1973","01","02","11:00"," ","-2,80","","-10,00","","58,00","","0,00","","0,00","","32,20","","90,06","","","","","","Généralement nuageux"
"1973-01-02 12:00","1973","01","02","12:00"," ","-2,80","","-10,00","","59,00","","0,00","","0,00","","32,20","","90,08","","","","","","Nuageux"
"1973-01-02 13:00","1973","01","02","13:00"," ","-2,20","","-9,40","","59,00","","0,00","","0,00","","32,20","","90,10","","","","","","Nuageux"
"1973-01-02 14:00","1973","01","02","14:00"," ","-2,20","","-9,40","","58,00","","0,00","","0,00","","32,20","","90,12","","","","","","Généralement nuageux"
"1973-01-02 15:00","1973","01","02","15:00"," ","-2,80","","-11,10","","52,00","","0,00","","0,00","","40,20","","90,19","","","","","","Généralement nuageux"
"1973-01-02 16:00","1973","01","02","16:00"," ","-2,20","","-9,40","","59,00","","0,00","","0,00","","40,20","","90,23","","","","","","Généralement dégagé"
"1973-01-02 17:00","1973","01","02","17:00"," ","-3,90","","-6,10","","83,00","","2,00","","5,00","","40,20","","90,27","","","","-6,00","","Généralement dégagé"
"1973-01-02 18:00","1973","01","02","18:00"," ","-4,40","","-12,80","","53,00","","26,00","","11,00","","40,20","","90,29","","","","-9,00","","Généralement dégagé"
"1973-01-02 19:00","1973","01","02","19:00"," ","-6,70","","-13,30","","60,00","","28,00","","6,00","","40,20","","90,33","","","","-10,00","","Dégagé"
"1973-01-02 20:00","1973","01","02","20:00"," ","-6,70","","-12,80","","62,00","","24,00","","8,00","","40,20","","90,38","","","","-11,00","","Dégagé"
"1973-01-02 21:00","1973","01","02","21:00"," ","-8,90","","-12,80","","74,00","","0,00","","0,00","","40,20","","90,44","","","","","","Généralement dégagé"
"1973-01-02 22:00","1973","01","02","22:00"," ","-10,60","","-13,30","","80,00","","25,00","","6,00","","40,20","","90,50","","","","-14,00","","Dégagé"
"1973-01-02 23:00","1973","01","02","23:00"," ","-10,00","","-13,90","","72,00","","30,00","","13,00","","40,20","","90,56","","","","-16,00","","Dégagé"
"1973-01-03 00:00","1973","01","03","00:00"," ","-11,10","","-13,90","","78,00","","25,00","","8,00","","40,20","","90,61","","","","-16,00","","Dégagé"
"1973-01-03 01:00","1973","01","03","01:00"," ","-11,10","","-14,40","","76,00","","25,00","","8,00","","40,20","","90,64","","","","-16,00","","Généralement dégagé"
"1973-01-03 02:00","1973","01","03","02:00"," ","-11,10","","-13,90","","78,00","","0,00","","0,00","","40,20","","90,70","","","","","","Généralement nuageux"
"1973-01-03 03:00","1973","01","03","03:00"," ","-12,20","","-14,40","","82,00","","0,00","","0,00","","40,20","","90,78","","","","","","Généralement nuageux"
"1973-01-03 04:00","1973","01","03","04:00"," ","-11,10","","-14,40","","79,00","","2,00","","8,00","","40,20","","90,86","","","","-16,00","","Généralement nuageux"
"1973-01-03 05:00","1973","01","03","05:00"," ","-11,10","","-13,90","","80,00","","2,00","","8,00","","32,20","","90,95","","","","-16,00","","Nuageux"
"1973-01-03 06:00","1973","01","03","06:00"," ","-10,60","","-14,40","","72,00","","8,00","","16,00","","9,70","","91,04","","","","-18,00","","Neige"
"1973-01-03 07:00","1973","01","03","07:00"," ","-11,10","","-13,90","","79,00","","7,00","","8,00","","6,40","","91,13","","","","-16,00","","Neige"
"1973-01-03 08:00","1973","01","03","08:00"," ","-11,70","","-14,40","","78,00","","36,00","","8,00","","16,10","","91,23","","","","-16,00","","Neige"
"1973-01-03 09:00","1973","01","03","09:00"," ","-11,70","","-15,60","","75,00","","9,00","","8,00","","24,10","","91,31","","","","-16,00","","Neige"
"1973-01-03 10:00","1973","01","03","10:00"," ","-12,80","","-16,10","","76,00","","0,00","","0,00","","24,10","","91,42","","","","","","Neige"
"1973-01-03 11:00","1973","01","03","11:00"," ","-11,70","","-15,00","","76,00","","0,00","","0,00","","24,10","","91,47","","","","","","Généralement nuageux"
"1973-01-03 12:00","1973","01","03","12:00"," ","-11,70","","-17,80","","60,00","","12,00","","6,00","","40,20","","91,50","","","","-15,00","","Généralement dégagé"
"1973-01-03 13:00","1973","01","03","13:00"," ","-10,60","","-20,60","","43,00","","14,00","","11,00","","40,20","","91,43","","","","-16,00","","Généralement dégagé"
"1973-01-03 14:00","1973","01","03","14:00"," ","-11,10","","-21,10","","42,00","","13,00","","13,00","","40,20","","91,41","","","","-18,00","","Généralement nuageux"
"1973-01-03 15:00","1973","01","03","15:00"," ","-11,10","","-20,60","","45,00","","13,00","","5,00","","40,20","","91,44","","","","-14,00","","Généralement nuageux"
"1973-01-03 16:00","1973","01","03","16:00"," ","-11,10","","-21,10","","43,00","","0,00","","0,00","","40,20","","91,46","","","","","","Généralement dégagé"
"1973-01-03 17:00","1973","01","03","17:00"," ","-12,80","","-21,10","","50,00","","0,00","","0,00","","40,20","","91,46","","","","","","Généralement dégagé"
"1973-01-03 18:00","1973","01","03","18:00"," ","-15,60","","-21,70","","58,00","","0,00","","0,00","","40,20","","91,46","","","","","","Dégagé"
"1973-01-03 19:00","1973","01","03","19:00"," ","-17,80","","-21,70","","70,00","","29,00","","10,00","","40,20","","91,49","","","","-25,00","","Dégagé"
"1973-01-03 20:00","1973","01","03","20:00"," ","-20,00","","-23,90","","72,00","","21,00","","8,00","","40,20","","91,50","","","","-26,00","","Dégagé"
"1973-01-03 21:00","1973","01","03","21:00"," ","-18,30","","-22,80","","71,00","","21,00","","8,00","","40,20","","91,50","","","","-24,00","","Dégagé"
"1973-01-03 22:00","1973","01","03","22:00"," ","-21,10","","-25,60","","71,00","","21,00","","6,00","","40,20","","91,50","","","","-26,00","","Généralement dégagé"
"1973-01-03 23:00","1973","01","03","23:00"," ","-21,70","","-26,10","","70,00","","20,00","","13,00","","40,20","","91,49","","","","-30,00","","Généralement dégagé"
"1973-01-04 00:00","1973","01","04","00:00"," ","-22,80","","-27,20","","67,00","","22,00","","8,00","","40,20","","91,49","","","","-30,00","","Dégagé"
"1973-01-04 01:00","1973","01","04","01:00"," ","-21,70","","-26,10","","69,00","","0,00","","0,00","","40,20","","91,45","","","","","","Dégagé"
"1973-01-04 02:00","1973","01","04","02:00"," ","-22,80","","-27,20","","68,00","","0,00","","0,00","","40,20","","91,45","","","","","","Généralement dégagé"
"1973-01-04 03:00","1973","01","04","03:00"," ","-22,80","","-26,70","","69,00","","29,00","","6,00","","40,20","","91,45","","","","-28,00","","Dégagé"
"1973-01-04 04:00","1973","01","04","04:00"," ","-21,70","","-26,10","","70,00","","0,00","","0,00","","40,20","","91,45","","","","","","Généralement dégagé"
"1973-01-04 05:00","1973","01","04","05:00"," ","-20,00","","-24,40","","69,00","","0,00","","0,00","","40,20","","91,38","","","","","","Nuageux"
"1973-01-04 06:00","1973","01","04","06:00"," ","-19,40","","-23,90","","70,00","","0,00","","0,00","","24,10","","91,28","","","","","","Nuageux"
"1973-01-04 07:00","1973","01","04","07:00"," ","-19,40","","-23,90","","69,00","","0,00","","0,00","","24,10","","91,24","","","","","","Nuageux"
"1973-01-04 08:00","1973","01","04","08:00"," ","-20,00","","-24,40","","69,00","","0,00","","0,00","","24,10","","91,18","","","","","","Nuageux"
"1973-01-04 09:00","1973","01","04","09:00"," ","-20,00","","-23,90","","70,00","","0,00","","0,00","","24,10","","91,14","","","","","","Nuageux"
"1973-01-04 10:00","1973","01","04","10:00"," ","-20,00","","-23,90","","69,00","","0,00","","0,00","","24,10","","91,10","","","","","","Nuageux"
"1973-01-04 11:00","1973","01","04","11:00"," ","-18,90","","-22,80","","71,00","","0,00","","0,00","","24,10","","91,06","","","","","","Nuageux"
"1973-01-04 12:00","1973","01","04","12:00"," ","-17,80","","-22,20","","70,00","","0,00","","0,00","","32,20","","90,99","","","","","","Nuageux"
"1973-01-04 13:00","1973","01","04","13:00"," ","-17,20","","-21,70","","67,00","","0,00","","0,00","","32,20","","90,93","","","","","","Nuageux"
"1973-01-04 14:00","1973","01","04","14:00"," ","-16,70","","-22,20","","61,00","","0,00","","0,00","","32,20","","90,82","","","","","","Nuageux"
"1973-01-04 15:00","1973","01","04","15:00"," ","-16,10","","-22,20","","60,00","","0,00","","0,00","","32,20","","90,82","","","","","","Nuageux"
"1973-01-04 16:00","1973","01","04","16:00"," ","-16,10","","-21,70","","61,00","","24,00","","13,00","","16,10","","90,76","","","","-24,00","","Neige"
"1973-01-04 17:00","1973","01","04","17:00"," ","-16,10","","-21,10","","65,00","","27,00","","8,00","","16,10","","90,73","","","","-22,00","","Neige"
"1973-01-04 18:00","1973","01","04","18:00"," ","-16,10","","-20,00","","72,00","","29,00","","10,00","","3,20","","90,70","","","","-23,00","","Neige"
"1973-01-04 19:00","1973","01","04","19:00"," ","-16,10","","-20,00","","73,00","","31,00","","6,00","","3,20","","90,70","","","","-21,00","","Neige"
"1973-01-04 20:00","1973","01","04","20:00"," ","-16,10","","-20,00","","74,00","","0,00","","0,00","","11,30","","90,71","","","","","","Neige"
"1973-01-04 21:00","1973","01","04","21:00"," ","-16,70","","-20,60","","74,00","","34,00","","10,00","","19,30","","90,71","","","","-23,00","","Cristaux de glace"
"1973-01-04 22:00","1973","01","04","22:00"," ","-16,70","","-20,60","","73,00","","34,00","","6,00","","12,90","","90,73","","","","-21,00","","Neige"
"1973-01-04 23:00","1973","01","04","23:00"," ","-16,70","","-20,60","","73,00","","33,00","","5,00","","6,40","","90,74","","","","-21,00","","Neige,Brouillard"
"1973-01-05 00:00","1973","01","05","00:00"," ","-16,70","","-20,00","","73,00","","35,00","","5,00","","4,80","","90,74","","","","-21,00","","Neige"
"1973-01-05 01:00","1973","01","05","01:00"," ","-16,70","","-20,60","","72,00","","35,00","","11,00","","4,80","","90,73","","","","-24,00","","Neige"
"1973-01-05 02:00","1973","01","05","02:00"," ","-16,70","","-21,10","","71,00","","35,00","","8,00","","4,80","","90,75","","","","-22,00","","Neige"
"1973-01-05 03:00","1973","01","05","03:00"," ","-16,70","","-21,10","","71,00","","32,00","","5,00","","4,80","","90,80","","","","-21,00","","Neige"
"1973-01-05 04:00","1973","01","05","04:00"," ","-16,70","","-20,60","","71,00","","35,00","","5,00","","4,80","","90,84","","","","-21,00","","Neige"
"1973-01-05 05:00","1973","01","05","05:00"," ","-16,70","","-20,60","","71,00","","1,00","","19,00","","3,20","","90,84","","","","-26,00","","Neige"
"1973-01-05 06:00","1973","01","05","06:00"," ","-16,70","","-20,60","","71,00","","2,00","","11,00","","4,80","","90,87","","","","-24,00","","Neige"
"1973-01-05 07:00","1973","01","05","07:00"," ","-17,20","","-21,10","","70,00","","36,00","","10,00","","4,80","","90,94","","","","-24,00","","Neige"
"1973-01-05 08:00","1973","01","05","08:00"," ","-17,20","","-22,20","","68,00","","2,00","","11,00","","4,80","","91,00","","","","-24,00","","Neige"
"1973-01-05 09:00","1973","01","05","09:00"," ","-17,80","","-22,80","","68,00","","2,00","","6,00","","16,10","","91,09","","","","-22,00","","Nuageux"
"1973-01-05 10:00","1973","01","05","10:00"," ","-17,80","","-22,80","","67,00","","34,00","","10,00","","16,10","","91,14","","","","-25,00","","Généralement dégagé"
"1973-01-05 11:00","1973","01","05","11:00"," ","-17,80","","-22,80","","64,00","","36,00","","8,00","","24,10","","91,19","","","","-24,00","","Généralement dégagé"
"1973-01-05 12:00","1973","01","05","12:00"," ","-17,20","","-23,30","","62,00","","0,00","","0,00","","24,10","","91,22","","","","","","Généralement dégagé"
"1973-01-05 13:00","1973","01","05","13:00"," ","-15,60","","-22,20","","56,00","","0,00","","0,00","","32,20","","91,20","","","","","","Généralement dégagé"
"1973-01-05 14:00","1973","01","05","14:00"," ","-15,60","","-21,70","","59,00","","25,00","","5,00","","32,20","","91,21","","","","-19,00","","Généralement dégagé"
"1973-01-05 15:00","1973","01","05","15:00"," ","-15,00","","-22,80","","51,00","","3,00","","24,00","","32,20","","91,21","","","","-25,00","","Généralement dégagé"
"1973-01-05 16:00","1973","01","05","16:00"," ","-15,60","","-23,30","","51,00","","2,00","","18,00","","32,20","","91,26","","","","-24,00","","Généralement dégagé"
"1973-01-05 17:00","1973","01","05","17:00"," ","-16,70","","-23,90","","53,00","","2,00","","18,00","","40,20","","91,29","","","","-26,00","","Dégagé"
"1973-01-05 18:00","1973","01","05","18:00"," ","-18,30","","-24,40","","58,00","","3,00","","13,00","","40,20","","91,35","","","","-26,00","","Dégagé"
"1973-01-05 19:00","1973","01","05","19:00"," ","-20,00","","-25,00","","64,00","","21,00","","5,00","","40,20","","91,39","","","","-24,00","","Dégagé"
"1973-01-05 20:00","1973","01","05","20:00"," ","-22,80","","-27,20","","68,00","","26,00","","6,00","","40,20","","91,47","","","","-28,00","","Dégagé"
"1973-01-05 21:00","1973","01","05","21:00"," ","-22,80","","-26,70","","69,00","","30,00","","8,00","","40,20","","91,50","","","","-30,00","","Dégagé"
"1973-01-05 22:00","1973","01","05","22:00"," ","-22,20","","-27,20","","65,00","","28,00","","11,00","","40,20","","91,52","","","","-30,00","","Dégagé"
"1973-01-05 23:00","1973","01","05","23:00"," ","-24,40","","-28,90","","68,00","","30,00","","8,00","","40,20","","91,56","","","","-31,00","","Dégagé"
"1973-01-06 00:00","1973","01","06","00:00"," ","-25,60","","-29,40","","71,00","","26,00","","10,00","","40,20","","91,59","","","","-34,00","","Dégagé"
"1973-01-06 01:00","1973","01","06","01:00"," ","-23,90","","-28,30","","66,00","","28,00","","13,00","","40,20","","91,62","","","","-33,00","","Dégagé"
"1973-01-06 02:00","1973","01","06","02:00"," ","-25,00","","-30,00","","63,00","","23,00","","8,00","","40,20","","91,63","","","","-32,00","","Dégagé"
"1973-01-06 03:00","1973","01","06","03:00"," ","-25,00","","-29,40","","65,00","","0,00","","0,00","","40,20","","91,66","","","","","","Dégagé"
"1973-01-06 04:00","1973","01","06","04:00"," ","-27,20","","-32,20","","64,00","","20,00","","6,00","","40,20","","91,68","","","","-33,00","","Dégagé"
"1973-01-06 05:00","1973","01","06","05:00"," ","-25,60","","-30,60","","61,00","","26,00","","8,00","","40,20","","91,68","","","","-33,00","","Dégagé"
"1973-01-06 06:00","1973","01","06","06:00"," ","-25,60","","-30,00","","65,00","","18,00","","10,00","","40,20","","91,69","","","","-34,00","","Dégagé"
"1973-01-06 07:00","1973","01","06","07:00"," ","-28,30","","-32,80","","63,00","","29,00","","6,00","","40,20","","91,75","","","","-35,00","","Dégagé"
"1973-01-06 08:00","1973","01","06","08:00"," ","-28,90","","-33,30","","63,00","","24,00","","6,00","","40,20","","91,81","","","","-35,00","","Dégagé"
"1973-01-06 09:00","1973","01","06","09:00"," ","-29,40","","-34,40","","63,00","","0,00","","0,00","","40,20","","91,88","","","","","","Généralement dégagé"
"1973-01-06 10:00","1973","01","06","10:00"," ","-27,20","","-31,70","","65,00","","24,00","","13,00","","40,20","","91,90","","","","-37,00","","Généralement dégagé"
"1973-01-06 11:00","1973","01","06","11:00"," ","-25,60","","-30,60","","65,00","","0,00","","0,00","","40,20","","91,91","","","","","","Généralement dégagé"
"1973-01-06 12:00","1973","01","06","12:00"," ","-22,20","","-26,10","","70,00","","0,00","","0,00","","40,20","","91,85","","","","","","Dégagé"
"1973-01-06 13:00","1973","01","06","13:00"," ","-20,60","","-25,60","","64,00","","0,00","","0,00","","40,20","","91,80","","","","","","Dégagé"
"1973-01-06 14:00","1973","01","06","14:00"," ","-17,80","","-25,00","","53,00","","0,00","","0,00","","40,20","","91,77","","","","","","Dégagé"
"1973-01-06 15:00","1973","01","06","15:00"," ","-18,90","","-25,60","","54,00","","3,00","","3,00","","40,20","","91,76","","","","-21,00","","Dégagé"
"1973-01-06 16:00","1973","01","06","16:00"," ","-17,80","","-25,00","","53,00","","0,00","","0,00","","40,20","","91,77","","","","","","Dégagé"
"1973-01-06 17:00","1973","01","06","17:00"," ","-21,70","","-26,70","","64,00","","27,00","","6,00","","40,20","","91,75","","","","-27,00","","Dégagé"
"1973-01-06 18:00","1973","01","06","18:00"," ","-22,20","","-27,80","","62,00","","30,00","","8,00","","40,20","","91,77","","","","-29,00","","Dégagé"
"1973-01-06 19:00","1973","01","06","19:00"," ","-24,40","","-28,90","","66,00","","0,00","","0,00","","40,20","","91,77","","","","","","Dégagé"
"1973-01-06 20:00","1973","01","06","20:00"," ","-26,10","","-30,60","","66,00","","26,00","","8,00","","40,20","","91,79","","","","-33,00","","Dégagé"
"1973-01-06 21:00","1973","01","06","21:00"," ","-26,10","","-31,10","","64,00","","26,00","","8,00","","40,20","","91,81","","","","-33,00","","Dégagé"
"1973-01-06 22:00","1973","01","06","22:00"," ","-26,70","","-32,20","","61,00","","25,00","","5,00","","40,20","","91,81","","","","-32,00","","Dégagé"
"1973-01-06 23:00","1973","01","06","23:00"," ","-27,80","","-31,70","","67,00","","22,00","","10,00","","40,20","","91,81","","","","-37,00","","Dégagé"
"1973-01-07 00:00","1973","01","07","00:00"," ","-28,30","","-32,80","","66,00","","27,00","","6,00","","40,20","","91,80","","","","-35,00","","Dégagé"
"1973-01-07 01:00","1973","01","07","01:00"," ","-27,20","","-32,80","","60,00","","0,00","","0,00","","40,20","","91,80","","","","","","Dégagé"
"1973-01-07 02:00","1973","01","07","02:00"," ","-27,80","","-32,80","","64,00","","27,00","","3,00","","40,20","","91,84","","","","-31,00","","Dégagé"
"1973-01-07 03:00","1973","01","07","03:00"," ","-30,60","","-35,60","","61,00","","0,00","","0,00","","40,20","","91,89","","","","","","Dégagé"
"1973-01-07 04:00","1973","01","07","04:00"," ","-29,40","","-34,40","","62,00","","0,00","","0,00","","40,20","","91,91","","","","","","Dégagé"
"1973-01-07 05:00","1973","01","07","05:00"," ","-30,00","","-34,40","","66,00","","27,00","","6,00","","40,20","","91,94","","","","-37,00","","Dégagé"
"1973-01-07 06:00","1973","01","07","06:00"," ","-30,60","","-35,60","","61,00","","0,00","","0,00","","40,20","","91,95","","","","","","Dégagé"
"1973-01-07 07:00","1973","01","07","07:00"," ","-30,60","","-35,00","","65,00","","0,00","","0,00","","40,20","","91,98","","","","","","Dégagé"
"1973-01-07 08:00","1973","01","07","08:00"," ","-30,60","","-35,00","","64,00","","0,00","","0,00","","40,20","","92,04","","","","","","Dégagé"
"1973-01-07 09:00","1973","01","07","09:00"," ","-31,70","","-36,10","","64,00","","28,00","","5,00","","40,20","","92,09","","","","-38,00","","Dégagé"
"1973-01-07 10:00","1973","01","07","10:00"," ","-29,40","","-33,90","","64,00","","28,00","","6,00","","40,20","","92,13","","","","-36,00","","Généralement dégagé"
"1973-01-07 11:00","1973","01","07","11:00"," ","-25,00","","-29,40","","66,00","","14,00","","6,00","","40,20","","92,17","","","","-31,00","","Généralement dégagé"
"1973-01-07 12:00","1973","01","07","12:00"," ","-23,90","","-28,30","","66,00","","0,00","","0,00","","40,20","","92,17","","","","","","Généralement dégagé"
"1973-01-07 13:00","1973","01","07","13:00"," ","-22,20","","-27,80","","59,00","","2,00","","8,00","","40,20","","92,13","","","","-29,00","","Dégagé"
"1973-01-07 14:00","1973","01","07","14:00"," ","-20,60","","-27,20","","55,00","","0,00","","0,00","","40,20","","92,09","","","","","","Dégagé"
"1973-01-07 15:00","1973","01","07","15:00"," ","-18,90","","-26,70","","52,00","","0,00","","0,00","","40,20","","92,06","","","","","","Dégagé"
"1973-01-07 16:00","1973","01","07","16:00"," ","-18,30","","-26,10","","51,00","","0,00","","0,00","","40,20","","92,09","","","","","","Dégagé"
"1973-01-07 17:00","1973","01","07","17:00"," ","-21,70","","-27,20","","59,00","","0,00","","0,00","","40,20","","92,10","","","","","","Dégagé"
"1973-01-07 18:00","1973","01","07","18:00"," ","-23,90","","-27,80","","71,00","","25,00","","6,00","","40,20","","92,14","","","","-30,00","","Dégagé"
"1973-01-07 19:00","1973","01","07","19:00"," ","-24,40","","-29,40","","62,00","","0,00","","0,00","","40,20","","92,18","","","","","","Dégagé"
"1973-01-07 20:00","1973","01","07","20:00"," ","-25,00","","-30,60","","63,00","","0,00","","0,00","","40,20","","92,21","","","","","","Dégagé"
"1973-01-07 21:00","1973","01","07","21:00"," ","-26,10","","-30,60","","66,00","","0,00","","0,00","","40,20","","92,22","","","","","","Dégagé"
"1973-01-07 22:00","1973","01","07","22:00"," ","-28,30","","-33,30","","62,00","","24,00","","10,00","","40,20","","92,25","","","","-37,00","","Dégagé"
"1973-01-07 23:00","1973","01","07","23:00"," ","-27,80","","-32,80","","62,00","","25,00","","6,00","","40,20","","92,28","","","","-34,00","","Dégagé"
"1973-01-08 00:00","1973","01","08","00:00"," ","-26,70","","-31,70","","62,00","","0,00","","0,00","","40,20","","92,30","","","","","","Dégagé"
"1973-01-08 01:00","1973","01","08","01:00"," ","-28,90","","-34,40","","59,00","","20,00","","3,00","","40,20","","92,31","","","","-32,00","","Dégagé"
"1973-01-08 02:00","1973","01","08","02:00"," ","-30,00","","-35,60","","58,00","","24,00","","2,00","","40,20","","92,33","","","","-32,00","","Dégagé"
"1973-01-08 03:00","1973","01","08","03:00"," ","-29,40","","-34,40","","60,00","","0,00","","0,00","","40,20","","92,37","","","","","","Dégagé"
"1973-01-08 04:00","1973","01","08","04:00"," ","-28,90","","-34,40","","60,00","","0,00","","0,00","","40,20","","92,40","","","","","","Dégagé"
"1973-01-08 05:00","1973","01","08","05:00"," ","-30,00","","-34,40","","65,00","","0,00","","0,00","","40,20","","92,40","","","","","","Dégagé"
"1973-01-08 06:00","1973","01","08","06:00"," ","-30,60","","-35,60","","61,00","","0,00","","0,00","","40,20","","92,40","","","","","","Dégagé"
"1973-01-08 07:00","1973","01","08","07:00"," ","-30,60","","-35,60","","60,00","","0,00","","0,00","","40,20","","92,40","","","","","","Dégagé"
"1973-01-08 08:00","1973","01","08","08:00"," ","-31,10","","-35,60","","63,00","","0,00","","0,00","","40,20","","92,42","","","","","","Dégagé"
"1973-01-08 09:00","1973","01","08","09:00"," ","-30,60","","-35,00","","66,00","","0,00","","0,00","","40,20","","92,46","","","","","","Généralement dégagé"
"1973-01-08 10:00","1973","01","08","10:00"," ","-30,00","","-34,40","","65,00","","0,00","","0,00","","40,20","","92,47","","","","","","Généralement dégagé"
"1973-01-08 11:00","1973","01","08","11:00"," ","-25,60","","-30,00","","66,00","","0,00","","0,00","","40,20","","92,50","","","","","","Généralement dégagé"
"1973-01-08 12:00","1973","01","08","12:00"," ","-24,40","","-28,30","","68,00","","0,00","","0,00","","40,20","","92,46","","","","","","Dégagé"
"1973-01-08 13:00","1973","01","08","13:00"," ","-23,30","","-29,40","","59,00","","1,00","","5,00","","40,20","","92,38","","","","-28,00","","Dégagé"
"1973-01-08 14:00","1973","01","08","14:00"," ","-21,10","","-27,80","","54,00","","0,00","","0,00","","40,20","","92,37","","","","","","Dégagé"
"1973-01-08 15:00","1973","01","08","15:00"," ","-20,00","","-27,20","","53,00","","0,00","","0,00","","40,20","","92,29","","","","","","Dégagé"
"1973-01-08 16:00","1973","01","08","16:00"," ","-20,00","","-27,20","","52,00","","0,00","","0,00","","40,20","","92,30","","","","","","Dégagé"
"1973-01-08 17:00","1973","01","08","17:00"," ","-22,80","","-27,80","","62,00","","21,00","","6,00","","40,20","","92,28","","","","-28,00","","Dégagé"
"1973-01-08 18:00","1973","01","08","18:00"," ","-24,40","","-29,40","","62,00","","0,00","","0,00","","40,20","","92,30","","","","","","Dégagé"
"1973-01-08 19:00","1973","01","08","19:00"," ","-25,60","","-30,00","","66,00","","0,00","","0,00","","40,20","","92,29","","","","","","Dégagé"
"1973-01-08 20:00","1973","01","08","20:00"," ","-26,70","","-30,60","","67,00","","21,00","","5,00","","40,20","","92,30","","","","-32,00","","Dégagé"
"1973-01-08 21:00","1973","01","08","21:00"," ","-26,70","","-31,10","","64,00","","0,00","","0,00","","40,20","","92,29","","","","","","Dégagé"
"1973-01-08 22:00","1973","01","08","22:00"," ","-27,20","","-32,20","","64,00","","0,00","","0,00","","40,20","","92,27","","","","","","Dégagé"
"1973-01-08 23:00","1973","01","08","23:00"," ","-28,90","","-33,90","","62,00","","0,00","","0,00","","40,20","","92,26","","","","","","Dégagé"
"1973-01-09 00:00","1973","01","09","00:00"," ","-28,90","","-33,90","","63,00","","0,00","","0,00","","40,20","","92,27","","","","","","Dégagé"
"1973-01-09 01:00","1973","01","09","01:00"," ","-28,30","","-32,80","","65,00","","0,00","","0,00","","40,20","","92,24","","","","","","Dégagé"
"1973-01-09 02:00","1973","01","09","02:00"," ","-30,00","","-34,40","","65,00","","19,00","","2,00","","40,20","","92,23","","","","-32,00","","Dégagé"
"1973-01-09 03:00","1973","01","09","03:00"," ","-30,00","","-34,40","","67,00","","0,00","","0,00","","40,20","","92,24","","","","","","Dégagé"
"1973-01-09 04:00","1973","01","09","04:00"," ","-30,00","","-33,90","","67,00","","0,00","","0,00","","40,20","","92,24","","","","","","Dégagé"
"1973-01-09 05:00","1973","01","09","05:00"," ","-30,60","","-34,40","","66,00","","0,00","","0,00","","40,20","","92,21","","","","","","Dégagé"
"1973-01-09 06:00","1973","01","09","06:00"," ","-31,10","","-35,60","","65,00","","0,00","","0,00","","40,20","","92,15","","","","","","Dégagé"
"1973-01-09 07:00","1973","01","09","07:00"," ","-31,10","","-35,60","","64,00","","0,00","","0,00","","40,20","","92,12","","","","","","Dégagé"
"1973-01-09 08:00","1973","01","09","08:00"," ","-31,10","","-35,00","","66,00","","0,00","","0,00","","40,20","","92,13","","","","","","Dégagé"
"1973-01-09 09:00","1973","01","09","09:00"," ","-30,60","","-35,00","","66,00","","0,00","","0,00","","40,20","","92,15","","","","","","Généralement dégagé"
"1973-01-09 10:00","1973","01","09","10:00"," ","-28,30","","-32,20","","69,00","","0,00","","0,00","","40,20","","92,12","","","","","","Généralement dégagé"
"1973-01-09 11:00","1973","01","09","11:00"," ","-25,60","","-30,00","","65,00","","0,00","","0,00","","40,20","","92,10","","","","","","Généralement dégagé"
"1973-01-09 12:00","1973","01","09","12:00"," ","-23,30","","-28,30","","65,00","","0,00","","0,00","","40,20","","92,03","","","","","","Généralement dégagé"
"1973-01-09 13:00","1973","01","09","13:00"," ","-22,20","","-28,30","","60,00","","0,00","","0,00","","40,20","","91,91","","","","","","Généralement dégagé"
"1973-01-09 14:00","1973","01","09","14:00"," ","-19,40","","-26,10","","56,00","","0,00","","0,00","","40,20","","91,81","","","","","","Dégagé"
"1973-01-09 15:00","1973","01","09","15:00"," ","-19,40","","-26,70","","54,00","","0,00","","0,00","","40,20","","91,75","","","","","","Dégagé"
"1973-01-09 16:00","1973","01","09","16:00"," ","-18,90","","-26,10","","52,00","","0,00","","0,00","","40,20","","91,74","","","","","","Dégagé"
"1973-01-09 17:00","1973","01","09","17:00"," ","-21,10","","-27,20","","59,00","","19,00","","5,00","","40,20","","91,71","","","","-26,00","","Dégagé"
"1973-01-09 18:00","1973","01","09","18:00"," ","-23,90","","-28,30","","67,00","","0,00","","0,00","","40,20","","91,72","","","","","","Dégagé"
"1973-01-09 19:00","1973","01","09","19:00"," ","-24,40","","-28,30","","70,00","","20,00","","13,00","","40,20","","91,72","","","","-34,00","","Dégagé"
"1973-01-09 20:00","1973","01","09","20:00"," ","-25,00","","-29,40","","66,00","","26,00","","8,00","","40,20","","91,75","","","","-32,00","","Dégagé"
"1973-01-09 21:00","1973","01","09","21:00"," ","-26,70","","-31,70","","63,00","","24,00","","6,00","","40,20","","91,73","","","","-33,00","","Dégagé"
"1973-01-09 22:00","1973","01","09","22:00"," ","-26,70","","-31,10","","66,00","","21,00","","5,00","","40,20","","91,72","","","","-32,00","","Dégagé"
"1973-01-09 23:00","1973","01","09","23:00"," ","-26,70","","-31,70","","65,00","","0,00","","0,00","","40,20","","91,74","","","","","","Dégagé"
"1973-01-10 00:00","1973","01","10","00:00"," ","-27,20","","-31,70","","63,00","","23,00","","5,00","","40,20","","91,76","","","","-32,00","","Dégagé"
"1973-01-10 01:00","1973","01","10","01:00"," ","-26,10","","-31,10","","64,00","","19,00","","3,00","","40,20","","91,79","","","","-29,00","","Dégagé"
"1973-01-10 02:00","1973","01","10","02:00"," ","-27,20","","-31,70","","66,00","","0,00","","0,00","","40,20","","91,81","","","","","","Dégagé"
"1973-01-10 03:00","1973","01","10","03:00"," ","-28,30","","-32,80","","64,00","","19,00","","8,00","","40,20","","91,88","","","","-36,00","","Dégagé"
"1973-01-10 04:00","1973","01","10","04:00"," ","-28,30","","-32,80","","66,00","","0,00","","0,00","","40,20","","91,90","","","","","","Dégagé"
"1973-01-10 05:00","1973","01","10","05:00"," ","-27,80","","-31,70","","68,00","","0,00","","0,00","","40,20","","91,89","","","","","","Dégagé"
"1973-01-10 06:00","1973","01","10","06:00"," ","-28,30","","-33,30","","63,00","","0,00","","0,00","","40,20","","91,88","","","","","","Dégagé"
"1973-01-10 07:00","1973","01","10","07:00"," ","-29,40","","-33,90","","62,00","","0,00","","0,00","","40,20","","91,89","","","","","","Dégagé"
"1973-01-10 08:00","1973","01","10","08:00"," ","-28,90","","-32,80","","68,00","","0,00","","0,00","","40,20","","91,90","","","","","","Dégagé"
"1973-01-10 09:00","1973","01","10","09:00"," ","-28,30","","-33,90","","62,00","","0,00","","0,00","","40,20","","91,98","","","","","","Dégagé"
"1973-01-10 10:00","1973","01","10","10:00"," ","-26,70","","-31,10","","65,00","","0,00","","0,00","","24,10","","92,05","","","","","","Dégagé"
"1973-01-10 11:00","1973","01","10","11:00"," ","-24,40","","-29,40","","64,00","","0,00","","0,00","","24,10","","92,07","","","","","","Dégagé"
"1973-01-10 12:00","1973","01","10","12:00"," ","-21,10","","-27,20","","59,00","","0,00","","0,00","","24,10","","92,03","","","","","","Dégagé"
"1973-01-10 13:00","1973","01","10","13:00"," ","-19,40","","-26,10","","57,00","","0,00","","0,00","","24,10","","91,96","","","","","","Dégagé"
"1973-01-10 14:00","1973","01","10","14:00"," ","-18,90","","-25,60","","55,00","","0,00","","0,00","","32,20","","91,92","","","","","","Dégagé"
"1973-01-10 15:00","1973","01","10","15:00"," ","-17,20","","-25,00","","52,00","","0,00","","0,00","","32,20","","91,91","","","","","","Dégagé"
"1973-01-10 16:00","1973","01","10","16:00"," ","-17,20","","-25,00","","51,00","","0,00","","0,00","","32,20","","91,87","","","","","","Dégagé"
"1973-01-10 17:00","1973","01","10","17:00"," ","-18,90","","-25,60","","55,00","","0,00","","0,00","","32,20","","91,89","","","","","","Dégagé"
"1973-01-10 18:00","1973","01","10","18:00"," ","-21,70","","-26,70","","63,00","","0,00","","0,00","","32,20","","91,88","","","","","","Généralement dégagé"
"1973-01-10 19:00","1973","01","10","19:00"," ","-22,20","","-27,20","","65,00","","0,00","","0,00","","32,20","","91,88","","","","","","Généralement dégagé"
"1973-01-10 20:00","1973","01","10","20:00"," ","-22,80","","-26,10","","73,00","","20,00","","13,00","","32,20","","91,95","","","","-32,00","","Généralement dégagé"
"1973-01-10 21:00","1973","01","10","21:00"," ","-24,40","","-28,30","","70,00","","25,00","","8,00","","32,20","","91,92","","","","-31,00","","Dégagé"
"1973-01-10 22:00","1973","01","10","22:00"," ","-21,70","","-27,20","","63,00","","8,00","","8,00","","32,20","","91,89","","","","-28,00","","Généralement dégagé"
"1973-01-10 23:00","1973","01","10","23:00"," ","-25,00","","-29,40","","64,00","","0,00","","0,00","","32,20","","91,87","","","","","","Généralement dégagé"
"1973-01-11 00:00","1973","01","11","00:00"," ","-23,90","","-28,90","","64,00","","0,00","","0,00","","40,20","","91,85","","","","","","Généralement nuageux"
"1973-01-11 01:00","1973","01","11","01:00"," ","-21,70","","-26,70","","65,00","","21,00","","5,00","","40,20","","91,81","","","","-26,00","","Nuageux"
"1973-01-11 02:00","1973","01","11","02:00"," ","-20,60","","-25,60","","67,00","","0,00","","0,00","","40,20","","91,75","","","","","","Nuageux"
"1973-01-11 03:00","1973","01","11","03:00"," ","-18,90","","-23,30","","67,00","","0,00","","0,00","","24,10","","91,72","","","","","","Neige"
"1973-01-11 04:00","1973","01","11","04:00"," ","-18,90","","-23,30","","69,00","","0,00","","0,00","","24,10","","91,66","","","","","","Neige"
"1973-01-11 05:00","1973","01","11","05:00"," ","-18,90","","-23,30","","68,00","","0,00","","0,00","","8,00","","91,59","","","","","","Neige"
"1973-01-11 06:00","1973","01","11","06:00"," ","-18,90","","-22,80","","69,00","","0,00","","0,00","","4,80","","91,50","","","","","","Neige"
"1973-01-11 07:00","1973","01","11","07:00"," ","-18,30","","-22,80","","70,00","","0,00","","0,00","","4,80","","91,46","","","","","","Neige"
"1973-01-11 08:00","1973","01","11","08:00"," ","-18,30","","-22,20","","72,00","","0,00","","0,00","","8,00","","91,39","","","","","","Neige"
"1973-01-11 09:00","1973","01","11","09:00"," ","-17,80","","-21,70","","72,00","","0,00","","0,00","","16,10","","91,38","","","","","","Nuageux"
"1973-01-11 10:00","1973","01","11","10:00"," ","-17,80","","-22,20","","70,00","","0,00","","0,00","","19,30","","91,39","","","","","","Nuageux"
"1973-01-11 11:00","1973","01","11","11:00"," ","-16,70","","-21,10","","69,00","","0,00","","0,00","","16,10","","91,39","","","","","","Nuageux"
"1973-01-11 12:00","1973","01","11","12:00"," ","-16,10","","-21,10","","65,00","","0,00","","0,00","","12,90","","91,33","","","","","","Nuageux"
"1973-01-11 13:00","1973","01","11","13:00"," ","-15,60","","-20,60","","65,00","","0,00","","0,00","","12,90","","91,22","","","","","","Généralement nuageux"
"1973-01-11 14:00","1973","01","11","14:00"," ","-14,40","","-19,40","","67,00","","36,00","","6,00","","16,10","","91,13","","","","-19,00","","Généralement nuageux"
"1973-01-11 15:00","1973","01","11","15:00"," ","-13,90","","-19,40","","64,00","","0,00","","0,00","","16,10","","91,13","","","","","","Généralement nuageux"
"1973-01-11 16:00","1973","01","11","16:00"," ","-13,30","","-18,30","","66,00","","0,00","","0,00","","16,10","","91,13","","","","","","Neige"
"1973-01-11 17:00","1973","01","11","17:00"," ","-13,30","","-18,30","","68,00","","0,00","","0,00","","12,90","","91,09","","","","","","Neige"
"1973-01-11 18:00","1973","01","11","18:00"," ","-13,30","","-17,80","","70,00","","0,00","","0,00","","12,90","","91,09","","","","","","Neige"
"1973-01-11 19:00","1973","01","11","19:00"," ","-13,30","","-17,80","","70,00","","0,00","","0,00","","12,90","","91,00","","","","","","Neige"
"1973-01-11 20:00","1973","01","11","20:00"," ","-13,30","","-17,20","","71,00","","0,00","","0,00","","12,90","","90,98","","","","","","Neige"
"1973-01-11 21:00","1973","01","11","21:00"," ","-12,80","","-17,20","","69,00","","0,00","","0,00","","12,90","","90,94","","","","","","Nuageux"
"1973-01-11 22:00","1973","01","11","22:00"," ","-12,80","","-16,70","","74,00","","0,00","","0,00","","12,90","","90,94","","","","","","Nuageux"
"1973-01-11 23:00","1973","01","11","23:00"," ","-12,80","","-16,10","","76,00","","0,00","","0,00","","12,90","","90,87","","","","","","Nuageux"
"1973-01-12 00:00","1973","01","12","00:00"," ","-12,80","","-16,10","","77,00","","0,00","","0,00","","1,60","","90,84","","","","","","Neige"
"1973-01-12 01:00","1973","01","12","01:00"," ","-12,80","","-15,00","","81,00","","0,00","","0,00","","3,20","","90,76","","","","","","Neige"
"1973-01-12 02:00","1973","01","12","02:00"," ","-12,20","","-15,00","","81,00","","0,00","","0,00","","6,40","","90,68","","","","","","Neige"
"1973-01-12 03:00","1973","01","12","03:00"," ","-12,20","","-14,40","","83,00","","0,00","","0,00","","8,00","","90,65","","","","","","Brouillard"
"1973-01-12 04:00","1973","01","12","04:00"," ","-12,20","","-14,40","","83,00","","0,00","","0,00","","3,20","","90,60","","","","","","Neige"
"1973-01-12 05:00","1973","01","12","05:00"," ","-12,20","","-14,40","","85,00","","0,00","","0,00","","3,20","","90,51","","","","","","Neige,Brouillard"
"1973-01-12 06:00","1973","01","12","06:00"," ","-12,20","","-14,40","","82,00","","0,00","","0,00","","3,20","","90,39","","","","","","Neige,Brouillard"
"1973-01-12 07:00","1973","01","12","07:00"," ","-12,20","","-14,40","","85,00","","0,00","","0,00","","1,60","","90,27","","","","","","Neige,Brouillard"
"1973-01-12 08:00","1973","01","12","08:00"," ","-12,20","","-14,40","","84,00","","0,00","","0,00","","1,20","","90,24","","","","","","Neige"
"1973-01-12 09:00","1973","01","12","09:00"," ","-12,20","","-13,90","","87,00","","0,00","","0,00","","0,40","","90,21","","","","","","Neige forte"
"1973-01-12 10:00","1973","01","12","10:00"," ","-11,10","","-13,30","","85,00","","0,00","","0,00","","3,20","","90,23","","","","","","Neige"
"1973-01-12 11:00","1973","01","12","11:00"," ","-10,00","","-12,20","","84,00","","0,00","","0,00","","8,00","","90,23","","","","","","Neige"
"1973-01-12 12:00","1973","01","12","12:00"," ","-9,40","","-11,70","","83,00","","0,00","","0,00","","9,70","","90,23","","","","","","Neige,Brouillard"
"1973-01-12 13:00","1973","01","12","13:00"," ","-8,90","","-11,10","","82,00","","0,00","","0,00","","12,90","","90,29","","","","","","Nuageux"
"1973-01-12 14:00","1973","01","12","14:00"," ","-8,30","","-10,60","","83,00","","1,00","","13,00","","16,10","","90,36","","","","-14,00","","Généralement nuageux"
"1973-01-12 15:00","1973","01","12","15:00"," ","-8,30","","-10,60","","83,00","","0,00","","0,00","","16,10","","90,39","","","","","","Généralement nuageux"
"1973-01-12 16:00","1973","01","12","16:00"," ","-8,30","","-10,60","","85,00","","0,00","","0,00","","19,30","","90,49","","","","","","Généralement nuageux"
"1973-01-12 17:00","1973","01","12","17:00"," ","-8,90","","-10,60","","84,00","","0,00","","0,00","","19,30","","90,56","","","","","","Nuageux"
"1973-01-12 18:00","1973","01","12","18:00"," ","-8,30","","-10,60","","85,00","","0,00","","0,00","","19,30","","90,57","","","","","","Nuageux"
"1973-01-12 19:00","1973","01","12","19:00"," ","-8,90","","-11,10","","84,00","","0,00","","0,00","","19,30","","90,56","","","","","","Nuageux"
"1973-01-12 20:00","1973","01","12","20:00"," ","-8,30","","-10,60","","84,00","","0,00","","0,00","","19,30","","90,62","","","","","","Nuageux"
"1973-01-12 21:00","1973","01","12","21:00"," ","-8,30","","-10,00","","85,00","","0,00","","0,00","","19,30","","90,63","","","","","","Nuageux"
"1973-01-12 22:00","1973","01","12","22:00"," ","-8,90","","-10,60","","85,00","","0,00","","0,00","","19,30","","90,64","","","","","","Généralement nuageux"
"1973-01-12 23:00","1973","01","12","23:00"," ","-8,90","","-10,00","","88,00","","0,00","","0,00","","19,30","","90,64","","","","","","Généralement nuageux"
"1973-01-13 00:00","1973","01","13","00:00"," ","-6,10","","-7,80","","90,00","","31,00","","8,00","","8,00","","90,65","","","","-10,00","","Brouillard"
"1973-01-13 01:00","1973","01","13","01:00"," ","-5,60","","-6,70","","91,00","","30,00","","6,00","","8,00","","90,65","","","","-8,00","","Brouillard"
"1973-01-13 02:00","1973","01","13","02:00"," ","-5,00","","-6,70","","88,00","","0,00","","0,00","","8,00","","90,69","","","","","","Brouillard"
"1973-01-13 03:00","1973","01","13","03:00"," ","-4,40","","-5,60","","90,00","","0,00","","0,00","","8,00","","90,67","","","","","","Brouillard"
"1973-01-13 04:00","1973","01","13","04:00"," ","-2,80","","-4,40","","88,00","","26,00","","5,00","","8,00","","90,68","","","","-5,00","","Brouillard"
"1973-01-13 05:00","1973","01","13","05:00"," ","-2,80","","-4,40","","89,00","","0,00","","0,00","","8,00","","90,65","","","","","","Brouillard"
"1973-01-13 06:00","1973","01","13","06:00"," ","-2,80","","-3,90","","90,00","","0,00","","0,00","","8,00","","90,52","","","","","","Brouillard"
"1973-01-13 07:00","1973","01","13","07:00"," ","-2,80","","-4,40","","88,00","","26,00","","8,00","","11,30","","90,44","","","","-6,00","","Nuageux"
"1973-01-13 08:00","1973","01","13","08:00"," ","-2,20","","-3,30","","92,00","","0,00","","0,00","","3,20","","90,35","","","","","","Neige"
"1973-01-13 09:00","1973","01","13","09:00"," ","-1,70","","-2,80","","94,00","","0,00","","0,00","","0,80","","90,29","","","","","","Neige modérée"
"1973-01-13 10:00","1973","01","13","10:00"," ","-1,10","","-2,20","","94,00","","0,00","","0,00","","0,80","","90,36","","","","","","Neige modérée"
"1973-01-13 11:00","1973","01","13","11:00"," ","-0,60","","-1,70","","93,00","","0,00","","0,00","","1,20","","90,36","","","","","","Neige"
"1973-01-13 12:00","1973","01","13","12:00"," ","-1,10","","-2,20","","89,00","","25,00","","5,00","","19,30","","90,36","","","","-3,00","","Généralement nuageux"
"1973-01-13 13:00","1973","01","13","13:00"," ","1,10","","-1,10","","85,00","","0,00","","0,00","","32,20","","90,30","","","","","","Généralement dégagé"
"1973-01-13 14:00","1973","01","13","14:00"," ","3,30","","1,10","","85,00","","12,00","","13,00","","32,20","","90,25","","","","","","Généralement nuageux"
"1973-01-13 15:00","1973","01","13","15:00"," ","1,10","","-0,60","","88,00","","0,00","","0,00","","32,20","","90,30","","","","","","Généralement nuageux"
"1973-01-13 16:00","1973","01","13","16:00"," ","1,10","","0,00","","93,00","","0,00","","0,00","","32,20","","90,35","","","","","","Généralement nuageux"
"1973-01-13 17:00","1973","01","13","17:00"," ","1,70","","0,60","","90,00","","0,00","","0,00","","32,20","","90,39","","","","","","Généralement nuageux"
"1973-01-13 18:00","1973","01","13","18:00"," ","-1,10","","-1,70","","96,00","","0,00","","0,00","","32,20","","90,52","","","","","","Nuageux"
"1973-01-13 19:00","1973","01","13","19:00"," ","0,00","","-1,70","","89,00","","0,00","","0,00","","32,20","","90,62","","","","","","Généralement nuageux"
"1973-01-13 20:00","1973","01","13","20:00"," ","0,60","","-1,10","","89,00","","29,00","","16,00","","32,20","","90,69","","","","","","Nuageux"
"1973-01-13 21:00","1973","01","13","21:00"," ","3,30","","-1,10","","73,00","","24,00","","8,00","","32,20","","90,77","","","","","","Nuageux"
"1973-01-13 22:00","1973","01","13","22:00"," ","1,70","","-1,70","","78,00","","30,00","","11,00","","32,20","","90,84","","","","","","Généralement nuageux"
"1973-01-13 23:00","1973","01","13","23:00"," ","2,80","","-2,20","","69,00","","23,00","","13,00","","40,20","","90,91","","","","","","Généralement dégagé"
"1973-01-14 00:00","1973","01","14","00:00"," ","1,70","","-2,20","","74,00","","0,00","","0,00","","40,20","","90,94","","","","","","Généralement nuageux"
"1973-01-14 01:00","1973","01","14","01:00"," ","0,60","","-2,80","","77,00","","7,00","","6,00","","40,20","","90,98","","","","","","Généralement nuageux"
"1973-01-14 02:00","1973","01","14","02:00"," ","3,90","","-1,10","","71,00","","14,00","","13,00","","40,20","","91,04","","","","","","Nuageux"
"1973-01-14 03:00","1973","01","14","03:00"," ","5,60","","-1,10","","63,00","","18,00","","16,00","","40,20","","91,10","","","","","","Nuageux"
"1973-01-14 04:00","1973","01","14","04:00"," ","4,40","","-0,60","","70,00","","19,00","","21,00","","40,20","","91,14","","","","","","Nuageux"
"1973-01-14 05:00","1973","01","14","05:00"," ","4,40","","-0,60","","70,00","","17,00","","19,00","","40,20","","91,07","","","","","","Nuageux"
"1973-01-14 06:00","1973","01","14","06:00"," ","2,80","","1,70","","91,00","","26,00","","10,00","","19,30","","91,06","","","","","","Pluie"
"1973-01-14 07:00","1973","01","14","07:00"," ","1,70","","0,60","","90,00","","26,00","","11,00","","19,30","","90,96","","","","","","Pluie"
"1973-01-14 08:00","1973","01","14","08:00"," ","1,70","","0,60","","92,00","","27,00","","14,00","","19,30","","90,89","","","","","","Pluie"
"1973-01-14 09:00","1973","01","14","09:00"," ","1,70","","0,00","","90,00","","27,00","","13,00","","12,90","","90,84","","","","","","Pluie"
"1973-01-14 10:00","1973","01","14","10:00"," ","1,10","","0,60","","94,00","","22,00","","11,00","","8,00","","90,85","","","","","","Pluie,Brouillard"
"1973-01-14 11:00","1973","01","14","11:00"," ","2,20","","1,10","","93,00","","18,00","","16,00","","16,10","","90,86","","","","","","Pluie"
"1973-01-14 12:00","1973","01","14","12:00"," ","2,20","","1,10","","93,00","","24,00","","11,00","","16,10","","90,80","","","","","","Nuageux"
"1973-01-14 13:00","1973","01","14","13:00"," ","2,80","","1,70","","92,00","","22,00","","10,00","","16,10","","90,72","","","","","","Pluie"
"1973-01-14 14:00","1973","01","14","14:00"," ","2,80","","1,70","","91,00","","20,00","","16,00","","16,10","","90,65","","","","","","Nuageux"
"1973-01-14 15:00","1973","01","14","15:00"," ","5,60","","2,80","","82,00","","18,00","","29,00","","24,10","","90,64","","","","","","Nuageux"
"1973-01-14 16:00","1973","01","14","16:00"," ","6,10","","2,80","","78,00","","15,00","","24,00","","24,10","","90,65","","","","","","Nuageux"
"1973-01-14 17:00","1973","01","14","17:00"," ","6,10","","2,80","","79,00","","17,00","","29,00","","32,20","","90,67","","","","","","Nuageux"
"1973-01-14 18:00","1973","01","14","18:00"," ","5,60","","2,20","","78,00","","18,00","","27,00","","32,20","","90,66","","","","","","Nuageux"
"1973-01-14 19:00","1973","01","14","19:00"," ","5,60","","1,10","","75,00","","17,00","","24,00","","32,20","","90,66","","","","","","Nuageux"
"1973-01-14 20:00","1973","01","14","20:00"," ","5,60","","0,60","","68,00","","16,00","","21,00","","32,20","","90,65","","","","","","Nuageux"
"1973-01-14 21:00","1973","01","14","21:00"," ","4,40","","0,00","","74,00","","19,00","","13,00","","32,20","","90,63","","","","","","Nuageux"
"1973-01-14 22:00","1973","01","14","22:00"," ","3,90","","0,00","","77,00","","17,00","","24,00","","32,20","","90,60","","","","","","Nuageux"
"1973-01-14 23:00","1973","01","14","23:00"," ","2,20","","0,00","","83,00","","17,00","","16,00","","32,20","","90,58","","","","","","Nuageux"
"1973-01-15 00:00","1973","01","15","00:00"," ","2,20","","-0,60","","82,00","","18,00","","16,00","","32,20","","90,51","","","","","","Généralement nuageux"
"1973-01-15 01:00","1973","01","15","01:00"," ","4,40","","-1,10","","67,00","","17,00","","13,00","","40,20","","90,43","","","","","","Généralement nuageux"
"1973-01-15 02:00","1973","01","15","02:00"," ","-0,60","","-2,20","","90,00","","24,00","","10,00","","40,20","","90,40","","","","-4,00","","Généralement nuageux"
"1973-01-15 03:00","1973","01","15","03:00"," ","-0,60","","-1,70","","92,00","","20,00","","11,00","","40,20","","90,36","","","","-4,00","","Généralement nuageux"
"1973-01-15 04:00","1973","01","15","04:00"," ","-2,20","","-3,30","","92,00","","0,00","","0,00","","40,20","","90,28","","","","","","Généralement dégagé"
"1973-01-15 05:00","1973","01","15","05:00"," ","-2,80","","-3,30","","93,00","","26,00","","6,00","","16,10","","90,16","","","","-5,00","","Généralement dégagé"
"1973-01-15 06:00","1973","01","15","06:00"," ","-2,80","","-3,30","","97,00","","22,00","","6,00","","32,20","","90,07","","","","-5,00","","Nuageux"
"1973-01-15 07:00","1973","01","15","07:00"," ","-3,30","","-3,30","","97,00","","21,00","","6,00","","32,20","","89,97","","","","-6,00","","Généralement dégagé"
"1973-01-15 08:00","1973","01","15","08:00"," ","-2,20","","-3,90","","91,00","","21,00","","10,00","","40,20","","89,88","","","","-6,00","","Généralement nuageux"
"1973-01-15 09:00","1973","01","15","09:00"," ","-1,70","","-2,80","","93,00","","27,00","","16,00","","40,20","","89,81","","","","-7,00","","Généralement dégagé"
"1973-01-15 10:00","1973","01","15","10:00"," ","-1,70","","-2,80","","94,00","","26,00","","5,00","","40,20","","89,82","","","","-4,00","","Généralement dégagé"
"1973-01-15 11:00","1973","01","15","11:00"," ","-0,60","","-2,20","","86,00","","24,00","","8,00","","40,20","","89,81","","","","-3,00","","Généralement nuageux"
"1973-01-15 12:00","1973","01","15","12:00"," ","5,00","","-2,20","","58,00","","15,00","","27,00","","40,20","","89,71","","","","","","Nuageux"
"1973-01-15 13:00","1973","01","15","13:00"," ","7,20","","-2,80","","48,00","","14,00","","24,00","","40,20","","89,57","","","","","","Généralement nuageux"
"1973-01-15 14:00","1973","01","15","14:00"," ","8,30","","-2,80","","45,00","","15,00","","23,00","","40,20","","89,45","","","","","","Généralement nuageux"
"1973-01-15 15:00","1973","01","15","15:00"," ","6,10","","-1,10","","59,00","","15,00","","16,00","","40,20","","89,41","","","","","","Nuageux"
"1973-01-15 16:00","1973","01","15","16:00"," ","7,80","","-2,20","","49,00","","15,00","","16,00","","40,20","","89,37","","","","","","Généralement nuageux"
"1973-01-15 17:00","1973","01","15","17:00"," ","7,80","","-2,20","","49,00","","18,00","","19,00","","40,20","","89,29","","","","","","Nuageux"
"1973-01-15 18:00","1973","01","15","18:00"," ","7,20","","-0,60","","56,00","","21,00","","19,00","","24,10","","89,27","","","","","","Nuageux"
"1973-01-15 19:00","1973","01","15","19:00"," ","6,10","","0,60","","67,00","","18,00","","24,00","","24,10","","89,28","","","","","","Nuageux"
"1973-01-15 20:00","1973","01","15","20:00"," ","5,60","","0,60","","72,00","","17,00","","19,00","","24,10","","89,29","","","","","","Généralement nuageux"
"1973-01-15 21:00","1973","01","15","21:00"," ","5,00","","1,10","","76,00","","14,00","","13,00","","32,20","","89,27","","","","","","Nuageux"
"1973-01-15 22:00","1973","01","15","22:00"," ","5,00","","1,10","","76,00","","16,00","","16,00","","32,20","","89,21","","","","","","Nuageux"
"1973-01-15 23:00","1973","01","15","23:00"," ","5,00","","0,60","","73,00","","18,00","","13,00","","32,20","","89,19","","","","","","Nuageux"
"1973-01-16 00:00","1973","01","16","00:00"," ","4,40","","1,10","","79,00","","17,00","","29,00","","24,10","","89,17","","","","","","Pluie"
"1973-01-16 01:00","1973","01","16","01:00"," ","3,90","","1,10","","83,00","","14,00","","19,00","","32,20","","89,11","","","","","","Nuageux"
"1973-01-16 02:00","1973","01","16","02:00"," ","3,90","","1,10","","82,00","","15,00","","26,00","","32,20","","89,07","","","","","","Averses de pluie"
"1973-01-16 03:00","1973","01","16","03:00"," ","3,30","","1,10","","84,00","","16,00","","21,00","","32,20","","89,13","","","","","","Nuageux"
"1973-01-16 04:00","1973","01","16","04:00"," ","3,30","","0,60","","80,00","","17,00","","32,00","","40,20","","89,13","","","","","","Généralement nuageux"
"1973-01-16 05:00","1973","01","16","05:00"," ","3,90","","0,00","","75,00","","18,00","","29,00","","40,20","","89,09","","","","","","Généralement nuageux"
"1973-01-16 06:00","1973","01","16","06:00"," ","3,90","","0,00","","75,00","","17,00","","23,00","","40,20","","89,08","","","","","","Nuageux"
"1973-01-16 07:00","1973","01","16","07:00"," ","3,90","","-0,60","","75,00","","16,00","","19,00","","40,20","","89,06","","","","","","Nuageux"
"1973-01-16 08:00","1973","01","16","08:00"," ","3,90","","-0,60","","73,00","","19,00","","27,00","","40,20","","89,06","","","","","","Nuageux"
"1973-01-16 09:00","1973","01","16","09:00"," ","2,80","","0,00","","83,00","","18,00","","23,00","","24,10","","89,07","","","","","","Pluie"
"1973-01-16 10:00","1973","01","16","10:00"," ","2,20","","0,60","","90,00","","20,00","","6,00","","24,10","","89,08","","","","","","Pluie"
"1973-01-16 11:00","1973","01","16","11:00"," ","2,20","","1,10","","91,00","","0,00","","0,00","","16,10","","89,06","","","","","","Pluie"
"1973-01-16 12:00","1973","01","16","12:00"," ","1,10","","0,00","","91,00","","27,00","","13,00","","12,90","","89,00","","","","","","Pluie"
"1973-01-16 13:00","1973","01","16","13:00"," ","0,60","","0,00","","93,00","","28,00","","11,00","","6,40","","88,88","","","","","","Pluie,Neige"
"1973-01-16 14:00","1973","01","16","14:00"," ","0,60","","0,00","","94,00","","0,00","","0,00","","1,60","","88,78","","","","","","Neige,Brouillard"
"1973-01-16 15:00","1973","01","16","15:00"," ","0,60","","0,00","","93,00","","0,00","","0,00","","3,20","","88,75","","","","","","Pluie,Brouillard"
"1973-01-16 16:00","1973","01","16","16:00"," ","1,10","","0,00","","94,00","","0,00","","0,00","","1,60","","88,72","","","","","","Pluie,Brouillard"
"1973-01-16 17:00","1973","01","16","17:00"," ","1,10","","0,00","","93,00","","0,00","","0,00","","1,60","","88,70","","","","","","Pluie,Brouillard"
"1973-01-16 18:00","1973","01","16","18:00"," ","0,60","","0,00","","93,00","","22,00","","10,00","","1,60","","88,69","","","","","","Pluie,Brouillard"
"1973-01-16 19:00","1973","01","16","19:00"," ","0,60","","0,00","","93,00","","24,00","","6,00","","16,10","","88,66","","","","","","Pluie"
"1973-01-16 20:00","1973","01","16","20:00"," ","2,20","","0,60","","89,00","","16,00","","19,00","","24,10","","88,68","","","","","","Nuageux"
"1973-01-16 21:00","1973","01","16","21:00"," ","1,70","","0,60","","91,00","","21,00","","16,00","","16,10","","88,73","","","","","","Pluie"
"1973-01-16 22:00","1973","01","16","22:00"," ","2,20","","0,60","","89,00","","16,00","","6,00","","24,10","","88,75","","","","","","Généralement nuageux"
"1973-01-16 23:00","1973","01","16","23:00"," ","2,80","","0,60","","85,00","","15,00","","13,00","","24,10","","88,81","","","","","","Généralement nuageux"
"1973-01-17 00:00","1973","01","17","00:00"," ","3,30","","0,00","","80,00","","18,00","","32,00","","32,20","","88,92","","","","","","Généralement dégagé"
"1973-01-17 01:00","1973","01","17","01:00"," ","2,80","","-1,10","","74,00","","17,00","","27,00","","40,20","","89,01","","","","","","Généralement dégagé"
"1973-01-17 02:00","1973","01","17","02:00"," ","2,20","","-1,70","","75,00","","19,00","","26,00","","32,20","","89,09","","","","","","Généralement dégagé"
"1973-01-17 03:00","1973","01","17","03:00"," ","2,20","","-2,20","","72,00","","20,00","","14,00","","40,20","","89,23","","","","","","Généralement dégagé"
"1973-01-17 04:00","1973","01","17","04:00"," ","1,70","","-2,20","","75,00","","19,00","","24,00","","40,20","","89,30","","","","","","Généralement dégagé"
"1973-01-17 05:00","1973","01","17","05:00"," ","1,10","","-3,30","","73,00","","18,00","","23,00","","40,20","","89,45","","","","","","Généralement dégagé"
"1973-01-17 06:00","1973","01","17","06:00"," ","1,70","","-3,30","","69,00","","15,00","","16,00","","40,20","","89,45","","","","","","Généralement nuageux"
"1973-01-17 07:00","1973","01","17","07:00"," ","1,70","","-3,30","","68,00","","18,00","","24,00","","40,20","","89,41","","","","","","Généralement dégagé"
"1973-01-17 08:00","1973","01","17","08:00"," ","1,10","","-3,90","","67,00","","19,00","","13,00","","40,20","","89,49","","","","","","Généralement dégagé"
"1973-01-17 09:00","1973","01","17","09:00"," ","1,70","","-4,40","","65,00","","17,00","","24,00","","40,20","","89,56","","","","","","Généralement dégagé"
"1973-01-17 10:00","1973","01","17","10:00"," ","2,80","","-3,90","","62,00","","15,00","","16,00","","40,20","","89,71","","","","","","Généralement dégagé"
"1973-01-17 11:00","1973","01","17","11:00"," ","2,80","","-3,30","","64,00","","18,00","","23,00","","40,20","","89,80","","","","","","Généralement dégagé"
"1973-01-17 12:00","1973","01","17","12:00"," ","4,40","","-3,30","","58,00","","18,00","","23,00","","40,20","","89,83","","","","","","Généralement nuageux"
"1973-01-17 13:00","1973","01","17","13:00"," ","4,40","","-3,90","","55,00","","22,00","","32,00","","40,20","","89,83","","","","","","Généralement dégagé"
"1973-01-17 14:00","1973","01","17","14:00"," ","5,60","","-4,40","","50,00","","25,00","","10,00","","40,20","","89,84","","","","","","Généralement nuageux"
"1973-01-17 15:00","1973","01","17","15:00"," ","4,40","","-4,40","","53,00","","26,00","","6,00","","40,20","","89,94","","","","","","Généralement nuageux"
"1973-01-17 16:00","1973","01","17","16:00"," ","3,90","","-3,90","","57,00","","22,00","","14,00","","40,20","","89,96","","","","","","Généralement dégagé"
"1973-01-17 17:00","1973","01","17","17:00"," ","3,30","","-3,90","","60,00","","23,00","","18,00","","40,20","","90,03","","","","","","Généralement dégagé"
"1973-01-17 18:00","1973","01","17","18:00"," ","1,10","","-5,00","","63,00","","19,00","","8,00","","40,20","","90,07","","","","","","Généralement dégagé"
"1973-01-17 19:00","1973","01","17","19:00"," ","-1,70","","-5,00","","77,00","","0,00","","0,00","","40,20","","90,13","","","","","","Généralement dégagé"
"1973-01-17 20:00","1973","01","17","20:00"," ","-0,60","","-5,00","","74,00","","22,00","","8,00","","40,20","","90,15","","","","-3,00","","Généralement dégagé"
"1973-01-17 21:00","1973","01","17","21:00"," ","-2,20","","-5,60","","79,00","","15,00","","6,00","","40,20","","90,19","","","","-5,00","","Généralement dégagé"
"1973-01-17 22:00","1973","01","17","22:00"," ","-2,80","","-6,10","","78,00","","0,00","","0,00","","40,20","","90,22","","","","","","Généralement dégagé"
"1973-01-17 23:00","1973","01","17","23:00"," ","-2,20","","-7,20","","69,00","","26,00","","16,00","","40,20","","90,25","","","","-7,00","","Généralement dégagé"
"1973-01-18 00:00","1973","01","18","00:00"," ","-2,80","","-7,20","","71,00","","28,00","","21,00","","40,20","","90,27","","","","-9,00","","Dégagé"
"1973-01-18 01:00","1973","01","18","01:00"," ","-2,80","","-7,20","","70,00","","27,00","","19,00","","40,20","","90,27","","","","-9,00","","Dégagé"
"1973-01-18 02:00","1973","01","18","02:00"," ","-3,90","","-7,80","","73,00","","25,00","","8,00","","40,20","","90,30","","","","-7,00","","Généralement dégagé"
"1973-01-18 03:00","1973","01","18","03:00"," ","-3,90","","-8,30","","73,00","","25,00","","5,00","","40,20","","90,31","","","","-6,00","","Généralement nuageux"
"1973-01-18 04:00","1973","01","18","04:00"," ","-4,40","","-8,30","","73,00","","29,00","","11,00","","40,20","","90,29","","","","-9,00","","Généralement nuageux"
"1973-01-18 05:00","1973","01","18","05:00"," ","-5,00","","-8,90","","74,00","","26,00","","8,00","","40,20","","90,26","","","","-9,00","","Généralement nuageux"
"1973-01-18 06:00","1973","01","18","06:00"," ","-5,60","","-8,90","","78,00","","0,00","","0,00","","40,20","","90,22","","","","","","Généralement dégagé"
"1973-01-18 07:00","1973","01","18","07:00"," ","-6,70","","-9,40","","83,00","","0,00","","0,00","","40,20","","90,18","","","","","","Généralement dégagé"
"1973-01-18 08:00","1973","01","18","08:00"," ","-6,70","","-8,90","","85,00","","0,00","","0,00","","40,20","","90,14","","","","","","Généralement nuageux"
"1973-01-18 09:00","1973","01","18","09:00"," ","-6,70","","-8,90","","85,00","","0,00","","0,00","","40,20","","90,11","","","","","","Généralement nuageux"
"1973-01-18 10:00","1973","01","18","10:00"," ","-4,40","","-8,30","","71,00","","0,00","","0,00","","40,20","","90,10","","","","","","Généralement dégagé"
"1973-01-18 11:00","1973","01","18","11:00"," ","-3,90","","-8,30","","73,00","","0,00","","0,00","","40,20","","90,06","","","","","","Généralement nuageux"
"1973-01-18 12:00","1973","01","18","12:00"," ","-2,20","","-7,80","","65,00","","0,00","","0,00","","40,20","","89,94","","","","","","Généralement nuageux"
"1973-01-18 13:00","1973","01","18","13:00"," ","-1,10","","-7,80","","61,00","","0,00","","0,00","","40,20","","89,86","","","","","","Généralement nuageux"
"1973-01-18 14:00","1973","01","18","14:00"," ","-0,60","","-6,70","","62,00","","0,00","","0,00","","40,20","","89,72","","","","","","Généralement dégagé"
"1973-01-18 15:00","1973","01","18","15:00"," ","-1,10","","-6,70","","65,00","","24,00","","8,00","","40,20","","89,70","","","","-4,00","","Généralement nuageux"
"1973-01-18 16:00","1973","01","18","16:00"," ","-1,10","","-6,70","","65,00","","0,00","","0,00","","40,20","","89,59","","","","","","Généralement nuageux"
"1973-01-18 17:00","1973","01","18","17:00"," ","-1,70","","-6,70","","67,00","","31,00","","8,00","","40,20","","89,52","","","","-5,00","","Généralement nuageux"
"1973-01-18 18:00","1973","01","18","18:00"," ","-1,70","","-6,70","","70,00","","0,00","","0,00","","40,20","","89,46","","","","","","Nuageux"
"1973-01-18 19:00","1973","01","18","19:00"," ","-2,20","","-6,10","","74,00","","0,00","","0,00","","24,10","","89,35","","","","","","Neige"
"1973-01-18 20:00","1973","01","18","20:00"," ","-2,80","","-5,00","","83,00","","26,00","","5,00","","3,20","","89,34","","","","-5,00","","Neige"
"1973-01-18 21:00","1973","01","18","21:00"," ","-2,80","","-4,40","","89,00","","0,00","","0,00","","1,60","","89,33","","","","","","Neige"
"1973-01-18 22:00","1973","01","18","22:00"," ","-2,80","","-4,40","","91,00","","0,00","","0,00","","8,00","","89,33","","","","","","Neige"
"1973-01-18 23:00","1973","01","18","23:00"," ","-2,80","","-3,90","","91,00","","0,00","","0,00","","8,00","","89,34","","","","","","Neige"
"1973-01-19 00:00","1973","01","19","00:00"," ","-2,80","","-3,90","","92,00","","0,00","","0,00","","12,90","","89,33","","","","","","Neige"
"1973-01-19 01:00","1973","01","19","01:00"," ","-3,30","","-4,40","","91,00","","0,00","","0,00","","3,20","","89,33","","","","","","Neige"
"1973-01-19 02:00","1973","01","19","02:00"," ","-2,80","","-3,90","","92,00","","0,00","","0,00","","9,70","","89,33","","","","","","Neige,Brouillard"
"1973-01-19 03:00","1973","01","19","03:00"," ","-2,80","","-3,90","","91,00","","0,00","","0,00","","6,40","","89,38","","","","","","Neige,Brouillard"
"1973-01-19 04:00","1973","01","19","04:00"," ","-3,30","","-5,00","","89,00","","0,00","","0,00","","9,70","","89,44","","","","","","Neige,Brouillard"
"1973-01-19 05:00","1973","01","19","05:00"," ","-3,30","","-4,40","","90,00","","0,00","","0,00","","16,10","","89,54","","","","","","Neige"
"1973-01-19 06:00","1973","01","19","06:00"," ","0,00","","-3,30","","79,00","","12,00","","23,00","","24,10","","89,60","","","","-6,00","","Généralement nuageux"
"1973-01-19 07:00","1973","01","19","07:00"," ","-0,60","","-3,90","","77,00","","18,00","","37,00","","32,20","","89,65","","","","-8,00","","Généralement dégagé"
"1973-01-19 08:00","1973","01","19","08:00"," ","-1,10","","-4,40","","77,00","","17,00","","24,00","","32,20","","89,73","","","","-7,00","","Généralement dégagé"
"1973-01-19 09:00","1973","01","19","09:00"," ","-1,10","","-5,00","","73,00","","18,00","","27,00","","32,20","","89,80","","","","-8,00","","Généralement nuageux"
"1973-01-19 10:00","1973","01","19","10:00"," ","0,00","","-5,60","","67,00","","19,00","","29,00","","40,20","","89,91","","","","-6,00","","Généralement nuageux"
"1973-01-19 11:00","1973","01","19","11:00"," ","0,60","","-5,60","","66,00","","21,00","","27,00","","40,20","","89,98","","","","","","Généralement nuageux"
"1973-01-19 12:00","1973","01","19","12:00"," ","1,10","","-5,00","","65,00","","19,00","","32,00","","40,20","","90,00","","","","","","Généralement nuageux"
"1973-01-19 13:00","1973","01","19","13:00"," ","1,70","","-6,10","","57,00","","21,00","","35,00","","40,20","","90,02","","","","","","Généralement nuageux"
"1973-01-19 14:00","1973","01","19","14:00"," ","2,20","","-6,10","","54,00","","22,00","","24,00","","40,20","","90,03","","","","","","Généralement nuageux"
"1973-01-19 15:00","1973","01","19","15:00"," ","2,80","","-6,10","","52,00","","22,00","","21,00","","40,20","","90,13","","","","","","Généralement nuageux"
"1973-01-19 16:00","1973","01","19","16:00"," ","1,70","","-6,70","","54,00","","24,00","","18,00","","40,20","","90,26","","","","","","Généralement nuageux"
"1973-01-19 17:00","1973","01","19","17:00"," ","1,10","","-6,10","","59,00","","21,00","","23,00","","40,20","","90,39","","","","","","Généralement nuageux"
"1973-01-19 18:00","1973","01","19","18:00"," ","0,00","","-6,70","","60,00","","23,00","","21,00","","40,20","","90,52","","","","-5,00","","Généralement nuageux"
"1973-01-19 19:00","1973","01","19","19:00"," ","-0,60","","-7,20","","61,00","","18,00","","8,00","","40,20","","90,62","","","","-3,00","","Généralement nuageux"
"1973-01-19 20:00","1973","01","19","20:00"," ","-2,80","","-7,80","","67,00","","0,00","","0,00","","40,20","","90,69","","","","","","Généralement nuageux"
"1973-01-19 21:00","1973","01","19","21:00"," ","-2,20","","-7,20","","69,00","","0,00","","0,00","","40,20","","90,75","","","","","","Généralement dégagé"
"1973-01-19 22:00","1973","01","19","22:00"," ","-2,80","","-8,30","","67,00","","17,00","","21,00","","40,20","","90,78","","","","-9,00","","Généralement dégagé"
"1973-01-19 23:00","1973","01","19","23:00"," ","-1,70","","-7,20","","66,00","","21,00","","18,00","","40,20","","90,82","","","","-7,00","","Généralement dégagé"
"1973-01-20 00:00","1973","01","20","00:00"," ","-2,20","","-7,20","","66,00","","18,00","","26,00","","40,20","","90,85","","","","-9,00","","Généralement dégagé"
"1973-01-20 01:00","1973","01","20","01:00"," ","-2,20","","-7,20","","68,00","","19,00","","24,00","","40,20","","90,85","","","","-9,00","","Généralement dégagé"
"1973-01-20 02:00","1973","01","20","02:00"," ","-2,20","","-7,20","","67,00","","19,00","","29,00","","40,20","","90,86","","","","-9,00","","Généralement dégagé"
"1973-01-20 03:00","1973","01","20","03:00"," ","-2,20","","-7,20","","68,00","","19,00","","32,00","","40,20","","90,89","","","","-10,00","","Généralement nuageux"
"1973-01-20 04:00","1973","01","20","04:00"," ","-1,70","","-7,80","","64,00","","18,00","","23,00","","40,20","","90,89","","","","-8,00","","Généralement nuageux"
"1973-01-20 05:00","1973","01","20","05:00"," ","-2,20","","-8,30","","64,00","","19,00","","26,00","","40,20","","90,89","","","","-9,00","","Généralement nuageux"
"1973-01-20 06:00","1973","01","20","06:00"," ","-2,20","","-8,90","","62,00","","18,00","","31,00","","40,20","","90,88","","","","-9,00","","Nuageux"
"1973-01-20 07:00","1973","01","20","07:00"," ","-2,80","","-8,90","","62,00","","15,00","","32,00","","40,20","","90,87","","","","-10,00","","Généralement nuageux"
"1973-01-20 08:00","1973","01","20","08:00"," ","-2,80","","-8,30","","65,00","","17,00","","29,00","","40,20","","90,87","","","","-10,00","","Généralement nuageux"
"1973-01-20 09:00","1973","01","20","09:00"," ","-2,80","","-8,30","","64,00","","16,00","","13,00","","40,20","","90,85","","","","-7,00","","Nuageux"
"1973-01-20 10:00","1973","01","20","10:00"," ","-2,20","","-8,30","","63,00","","16,00","","29,00","","40,20","","90,84","","","","-9,00","","Généralement nuageux"
"1973-01-20 11:00","1973","01","20","11:00"," ","-1,70","","-8,30","","62,00","","17,00","","27,00","","32,20","","90,80","","","","-8,00","","Nuageux"
"1973-01-20 12:00","1973","01","20","12:00"," ","-1,70","","-8,30","","60,00","","17,00","","24,00","","32,20","","90,75","","","","-8,00","","Nuageux"
"1973-01-20 13:00","1973","01","20","13:00"," ","-1,10","","-8,30","","58,00","","16,00","","29,00","","32,20","","90,63","","","","-8,00","","Nuageux"
"1973-01-20 14:00","1973","01","20","14:00"," ","-1,10","","-7,80","","61,00","","17,00","","24,00","","32,20","","90,52","","","","-7,00","","Nuageux"
"1973-01-20 15:00","1973","01","20","15:00"," ","-1,10","","-7,80","","60,00","","12,00","","16,00","","32,20","","90,44","","","","-6,00","","Neige"
"1973-01-20 16:00","1973","01","20","16:00"," ","-1,70","","-7,20","","65,00","","14,00","","14,00","","32,20","","90,37","","","","-6,00","","Neige"
"1973-01-20 17:00","1973","01","20","17:00"," ","-1,70","","-7,80","","64,00","","15,00","","19,00","","40,20","","90,34","","","","-7,00","","Nuageux"
"1973-01-20 18:00","1973","01","20","18:00"," ","-1,70","","-7,20","","65,00","","15,00","","13,00","","40,20","","90,27","","","","-6,00","","Généralement nuageux"
"1973-01-20 19:00","1973","01","20","19:00"," ","-2,20","","-7,20","","69,00","","18,00","","23,00","","40,20","","90,21","","","","-8,00","","Nuageux"
"1973-01-20 20:00","1973","01","20","20:00"," ","-2,20","","-7,80","","65,00","","18,00","","16,00","","40,20","","90,16","","","","-7,00","","Nuageux"
"1973-01-20 21:00","1973","01","20","21:00"," ","-1,70","","-7,80","","65,00","","15,00","","23,00","","40,20","","90,12","","","","-8,00","","Nuageux"
"1973-01-20 22:00","1973","01","20","22:00"," ","-2,20","","-7,20","","67,00","","17,00","","19,00","","40,20","","90,11","","","","-8,00","","Nuageux"
"1973-01-20 23:00","1973","01","20","23:00"," ","-2,20","","-7,20","","68,00","","17,00","","26,00","","40,20","","90,09","","","","-9,00","","Généralement nuageux"
"1973-01-21 00:00","1973","01","21","00:00"," ","-2,20","","-6,70","","71,00","","17,00","","24,00","","40,20","","90,08","","","","-9,00","","Généralement nuageux"
"1973-01-21 01:00","1973","01","21","01:00"," ","-2,20","","-6,70","","72,00","","18,00","","19,00","","40,20","","90,07","","","","-8,00","","Généralement nuageux"
"1973-01-21 02:00","1973","01","21","02:00"," ","-2,80","","-6,70","","75,00","","16,00","","18,00","","40,20","","90,02","","","","-8,00","","Généralement dégagé"
"1973-01-21 03:00","1973","01","21","03:00"," ","-2,80","","-7,20","","73,00","","16,00","","16,00","","40,20","","90,03","","","","-8,00","","Généralement dégagé"
"1973-01-21 04:00","1973","01","21","04:00"," ","-2,80","","-6,70","","73,00","","17,00","","18,00","","40,20","","90,03","","","","-8,00","","Généralement dégagé"
"1973-01-21 05:00","1973","01","21","05:00"," ","-6,70","","-9,40","","80,00","","29,00","","8,00","","40,20","","90,09","","","","-11,00","","Généralement dégagé"
"1973-01-21 06:00","1973","01","21","06:00"," ","-7,80","","-8,90","","89,00","","27,00","","6,00","","40,20","","90,14","","","","-11,00","","Généralement dégagé"
"1973-01-21 07:00","1973","01","21","07:00"," ","-7,20","","-8,90","","89,00","","0,00","","0,00","","40,20","","90,20","","","","","","Généralement dégagé"
"1973-01-21 08:00","1973","01","21","08:00"," ","-9,40","","-11,10","","88,00","","0,00","","0,00","","40,20","","90,30","","","","","","Généralement dégagé"
"1973-01-21 09:00","1973","01","21","09:00"," ","-10,60","","-12,20","","86,00","","28,00","","6,00","","40,20","","90,35","","","","-14,00","","Généralement dégagé"
"1973-01-21 10:00","1973","01","21","10:00"," ","-6,70","","-10,00","","79,00","","27,00","","6,00","","40,20","","90,49","","","","-10,00","","Généralement dégagé"
"1973-01-21 11:00","1973","01","21","11:00"," ","-5,00","","-8,30","","78,00","","1,00","","13,00","","40,20","","90,68","","","","-10,00","","Généralement dégagé"
"1973-01-21 12:00","1973","01","21","12:00"," ","-2,20","","-7,20","","70,00","","2,00","","13,00","","40,20","","90,79","","","","-7,00","","Généralement dégagé"
"1973-01-21 13:00","1973","01","21","13:00"," ","-0,60","","-7,20","","61,00","","2,00","","8,00","","40,20","","90,83","","","","-3,00","","Généralement dégagé"
"1973-01-21 14:00","1973","01","21","14:00"," ","0,60","","-7,20","","57,00","","3,00","","6,00","","40,20","","90,85","","","","","","Généralement dégagé"
"1973-01-21 15:00","1973","01","21","15:00"," ","1,10","","-7,20","","55,00","","0,00","","0,00","","40,20","","90,88","","","","","","Généralement dégagé"
"1973-01-21 16:00","1973","01","21","16:00"," ","1,10","","-7,80","","50,00","","0,00","","0,00","","40,20","","90,92","","","","","","Dégagé"
"1973-01-21 17:00","1973","01","21","17:00"," ","-0,60","","-8,30","","55,00","","0,00","","0,00","","40,20","","91,00","","","","","","Dégagé"
"1973-01-21 18:00","1973","01","21","18:00"," ","-5,60","","-9,40","","73,00","","25,00","","5,00","","40,20","","91,05","","","","-8,00","","Dégagé"
"1973-01-21 19:00","1973","01","21","19:00"," ","-4,40","","-8,90","","69,00","","0,00","","0,00","","40,20","","91,10","","","","","","Dégagé"
"1973-01-21 20:00","1973","01","21","20:00"," ","-2,80","","-8,90","","63,00","","20,00","","14,00","","40,20","","91,17","","","","-8,00","","Dégagé"
"1973-01-21 21:00","1973","01","21","21:00"," ","-5,60","","-10,00","","72,00","","24,00","","6,00","","40,20","","91,26","","","","-8,00","","Dégagé"
"1973-01-21 22:00","1973","01","21","22:00"," ","-5,60","","-10,60","","68,00","","18,00","","8,00","","40,20","","91,28","","","","-9,00","","Dégagé"
"1973-01-21 23:00","1973","01","21","23:00"," ","-6,70","","-11,10","","70,00","","17,00","","5,00","","40,20","","91,32","","","","-9,00","","Dégagé"
"1973-01-22 00:00","1973","01","22","00:00"," ","-6,10","","-10,00","","74,00","","15,00","","11,00","","40,20","","91,32","","","","-11,00","","Dégagé"
"1973-01-22 01:00","1973","01","22","01:00"," ","-7,20","","-10,60","","79,00","","21,00","","14,00","","40,20","","91,34","","","","-13,00","","Généralement dégagé"
"1973-01-22 02:00","1973","01","22","02:00"," ","-7,20","","-10,60","","75,00","","23,00","","13,00","","40,20","","91,35","","","","-13,00","","Généralement nuageux"
"1973-01-22 03:00","1973","01","22","03:00"," ","-8,30","","-11,10","","80,00","","22,00","","11,00","","40,20","","91,36","","","","-14,00","","Généralement nuageux"
"1973-01-22 04:00","1973","01","22","04:00"," ","-9,40","","-11,70","","82,00","","24,00","","5,00","","40,20","","91,35","","","","-12,00","","Généralement dégagé"
"1973-01-22 05:00","1973","01","22","05:00"," ","-10,00","","-12,20","","83,00","","20,00","","5,00","","40,20","","91,35","","","","-13,00","","Généralement dégagé"
"1973-01-22 06:00","1973","01","22","06:00"," ","-8,90","","-11,70","","80,00","","15,00","","13,00","","40,20","","91,32","","","","-15,00","","Généralement nuageux"
"1973-01-22 07:00","1973","01","22","07:00"," ","-4,40","","-8,90","","71,00","","12,00","","19,00","","40,20","","91,32","","","","-11,00","","Généralement nuageux"
"1973-01-22 08:00","1973","01","22","08:00"," ","-8,30","","-11,10","","82,00","","0,00","","0,00","","40,20","","91,35","","","","","","Généralement nuageux"
"1973-01-22 09:00","1973","01","22","09:00"," ","-6,10","","-9,40","","76,00","","12,00","","16,00","","40,20","","91,37","","","","-12,00","","Généralement nuageux"
"1973-01-22 10:00","1973","01","22","10:00"," ","-7,80","","-11,10","","76,00","","14,00","","8,00","","40,20","","91,44","","","","-12,00","","Généralement nuageux"
"1973-01-22 11:00","1973","01","22","11:00"," ","-7,20","","-11,10","","76,00","","28,00","","8,00","","40,20","","91,44","","","","-11,00","","Généralement nuageux"
"1973-01-22 12:00","1973","01","22","12:00"," ","-1,70","","-8,30","","61,00","","13,00","","16,00","","40,20","","91,43","","","","-7,00","","Généralement nuageux"
"1973-01-22 13:00","1973","01","22","13:00"," ","-1,10","","-8,30","","60,00","","15,00","","16,00","","40,20","","91,37","","","","-6,00","","Généralement nuageux"
"1973-01-22 14:00","1973","01","22","14:00"," ","-1,10","","-8,30","","58,00","","15,00","","19,00","","40,20","","91,30","","","","-6,00","","Généralement nuageux"
"1973-01-22 15:00","1973","01","22","15:00"," ","-1,10","","-8,30","","58,00","","14,00","","21,00","","40,20","","91,24","","","","-7,00","","Généralement nuageux"
"1973-01-22 16:00","1973","01","22","16:00"," ","0,00","","-8,30","","54,00","","19,00","","19,00","","40,20","","91,26","","","","-5,00","","Généralement nuageux"
"1973-01-22 17:00","1973","01","22","17:00"," ","0,00","","-7,80","","56,00","","18,00","","24,00","","40,20","","91,29","","","","-6,00","","Généralement nuageux"
"1973-01-22 18:00","1973","01","22","18:00"," ","-0,60","","-7,20","","60,00","","16,00","","26,00","","40,20","","91,32","","","","-7,00","","Nuageux"
"1973-01-22 19:00","1973","01","22","19:00"," ","-0,60","","-7,20","","60,00","","14,00","","31,00","","40,20","","91,30","","","","-7,00","","Nuageux"
"1973-01-22 20:00","1973","01","22","20:00"," ","-0,60","","-7,20","","59,00","","15,00","","19,00","","40,20","","91,30","","","","-6,00","","Nuageux"
"1973-01-22 21:00","1973","01","22","21:00"," ","-0,60","","-7,20","","60,00","","15,00","","26,00","","40,20","","91,29","","","","-7,00","","Nuageux"
"1973-01-22 22:00","1973","01","22","22:00"," ","-0,60","","-7,20","","62,00","","17,00","","29,00","","40,20","","91,26","","","","-7,00","","Nuageux"
"1973-01-22 23:00","1973","01","22","23:00"," ","-0,60","","-7,20","","60,00","","17,00","","29,00","","40,20","","91,27","","","","-7,00","","Généralement nuageux"
"1973-01-23 00:00","1973","01","23","00:00"," ","-0,60","","-7,80","","59,00","","15,00","","13,00","","40,20","","91,27","","","","-5,00","","Généralement nuageux"
"1973-01-23 01:00","1973","01","23","01:00"," ","-2,20","","-8,90","","60,00","","16,00","","11,00","","40,20","","91,29","","","","-6,00","","Généralement dégagé"
"1973-01-23 02:00","1973","01","23","02:00"," ","-1,70","","-8,90","","57,00","","12,00","","11,00","","40,20","","91,31","","","","-6,00","","Généralement dégagé"
"1973-01-23 03:00","1973","01","23","03:00"," ","-1,70","","-8,90","","57,00","","14,00","","8,00","","40,20","","91,33","","","","-5,00","","Généralement nuageux"
"1973-01-23 04:00","1973","01","23","04:00"," ","-5,00","","-9,40","","72,00","","12,00","","5,00","","40,20","","91,34","","","","-7,00","","Généralement nuageux"
"1973-01-23 05:00","1973","01","23","05:00"," ","-7,20","","-10,00","","79,00","","26,00","","8,00","","40,20","","91,34","","","","-11,00","","Généralement nuageux"
"1973-01-23 06:00","1973","01","23","06:00"," ","-7,80","","-10,60","","80,00","","27,00","","8,00","","40,20","","91,34","","","","-12,00","","Généralement nuageux"
"1973-01-23 07:00","1973","01","23","07:00"," ","-7,80","","-10,60","","81,00","","26,00","","6,00","","40,20","","91,36","","","","-11,00","","Généralement nuageux"
"1973-01-23 08:00","1973","01","23","08:00"," ","-7,80","","-10,60","","79,00","","27,00","","8,00","","40,20","","91,39","","","","-12,00","","Généralement nuageux"
"1973-01-23 09:00","1973","01","23","09:00"," ","-8,30","","-10,60","","82,00","","0,00","","0,00","","40,20","","91,45","","","","","","Généralement dégagé"
"1973-01-23 10:00","1973","01","23","10:00"," ","-5,60","","-9,40","","73,00","","24,00","","6,00","","40,20","","91,44","","","","-8,00","","Généralement dégagé"
"1973-01-23 11:00","1973","01","23","11:00"," ","-3,30","","-8,30","","68,00","","0,00","","0,00","","40,20","","91,43","","","","","","Généralement dégagé"
"1973-01-23 12:00","1973","01","23","12:00"," ","-3,30","","-8,30","","67,00","","0,00","","0,00","","40,20","","91,35","","","","","","Généralement nuageux"
"1973-01-23 13:00","1973","01","23","13:00"," ","-0,60","","-7,80","","57,00","","0,00","","0,00","","40,20","","91,23","","","","","","Généralement nuageux"
"1973-01-23 14:00","1973","01","23","14:00"," ","2,20","","-6,70","","51,00","","15,00","","19,00","","40,20","","91,09","","","","","","Généralement nuageux"
"1973-01-23 15:00","1973","01","23","15:00"," ","4,40","","-6,70","","44,00","","16,00","","29,00","","40,20","","91,00","","","","","","Généralement nuageux"
"1973-01-23 16:00","1973","01","23","16:00"," ","5,00","","-7,20","","40,00","","16,00","","24,00","","40,20","","90,92","","","","","","Généralement nuageux"
"1973-01-23 17:00","1973","01","23","17:00"," ","3,90","","-7,80","","43,00","","18,00","","31,00","","40,20","","90,88","","","","","","Généralement nuageux"
"1973-01-23 18:00","1973","01","23","18:00"," ","2,20","","-7,80","","46,00","","18,00","","24,00","","40,20","","90,83","","","","","","Généralement nuageux"
"1973-01-23 19:00","1973","01","23","19:00"," ","2,20","","-7,80","","47,00","","18,00","","32,00","","40,20","","90,78","","","","","","Généralement nuageux"
"1973-01-23 20:00","1973","01","23","20:00"," ","2,20","","-7,20","","49,00","","17,00","","34,00","","40,20","","90,74","","","","","","Généralement dégagé"
"1973-01-23 21:00","1973","01","23","21:00"," ","2,20","","-7,80","","47,00","","16,00","","23,00","","40,20","","90,73","","","","","","Généralement dégagé"
"1973-01-23 22:00","1973","01","23","22:00"," ","1,10","","-7,80","","51,00","","16,00","","24,00","","40,20","","90,70","","","","","","Généralement dégagé"
"1973-01-23 23:00","1973","01","23","23:00"," ","1,10","","-8,30","","50,00","","16,00","","21,00","","40,20","","90,66","","","","","","Généralement dégagé"
"1973-01-24 00:00","1973","01","24","00:00"," ","1,70","","-7,80","","50,00","","15,00","","18,00","","40,20","","90,60","","","","","","Généralement dégagé"
"1973-01-24 01:00","1973","01","24","01:00"," ","1,70","","-7,20","","50,00","","18,00","","14,00","","40,20","","90,58","","","","","","Généralement nuageux"
"1973-01-24 02:00","1973","01","24","02:00"," ","2,80","","-7,20","","48,00","","17,00","","35,00","","40,20","","90,54","","","","","","Généralement nuageux"
"1973-01-24 03:00","1973","01","24","03:00"," ","2,80","","-7,20","","48,00","","17,00","","31,00","","40,20","","90,55","","","","","","Nuageux"
"1973-01-24 04:00","1973","01","24","04:00"," ","2,80","","-6,70","","49,00","","16,00","","14,00","","40,20","","90,55","","","","","","Nuageux"
"1973-01-24 05:00","1973","01","24","05:00"," ","2,80","","-6,70","","50,00","","17,00","","34,00","","40,20","","90,54","","","","","","Nuageux"
"1973-01-24 06:00","1973","01","24","06:00"," ","2,80","","-5,00","","56,00","","18,00","","27,00","","40,20","","90,53","","","","","","Nuageux"
"1973-01-24 07:00","1973","01","24","07:00"," ","1,70","","-3,90","","65,00","","17,00","","24,00","","40,20","","90,49","","","","","","Nuageux"
"1973-01-24 08:00","1973","01","24","08:00"," ","1,70","","-3,90","","68,00","","17,00","","19,00","","32,20","","90,48","","","","","","Nuageux"
"1973-01-24 09:00","1973","01","24","09:00"," ","1,70","","-5,00","","62,00","","16,00","","21,00","","32,20","","90,49","","","","","","Nuageux"
"1973-01-24 10:00","1973","01","24","10:00"," ","2,20","","-3,30","","67,00","","15,00","","23,00","","40,20","","90,51","","","","","","Nuageux"
"1973-01-24 11:00","1973","01","24","11:00"," ","2,20","","-2,80","","68,00","","17,00","","27,00","","40,20","","90,52","","","","","","Nuageux"
"1973-01-24 12:00","1973","01","24","12:00"," ","2,80","","-2,80","","67,00","","17,00","","24,00","","40,20","","90,52","","","","","","Nuageux"
"1973-01-24 13:00","1973","01","24","13:00"," ","2,20","","-3,30","","67,00","","15,00","","24,00","","32,20","","90,42","","","","","","Nuageux"
"1973-01-24 14:00","1973","01","24","14:00"," ","1,10","","-2,20","","78,00","","13,00","","16,00","","12,90","","90,36","","","","","","Neige"
"1973-01-24 15:00","1973","01","24","15:00"," ","0,60","","-1,70","","85,00","","12,00","","21,00","","12,90","","90,33","","","","","","Neige"
"1973-01-24 16:00","1973","01","24","16:00"," ","1,10","","-1,10","","87,00","","12,00","","16,00","","4,80","","90,29","","","","","","Neige"
"1973-01-24 17:00","1973","01","24","17:00"," ","1,10","","-0,60","","89,00","","15,00","","26,00","","9,70","","90,21","","","","","","Neige"
"1973-01-24 18:00","1973","01","24","18:00"," ","1,10","","-0,60","","87,00","","14,00","","13,00","","16,10","","90,22","","","","","","Pluie"
"1973-01-24 19:00","1973","01","24","19:00"," ","1,10","","-0,60","","88,00","","17,00","","11,00","","32,20","","90,17","","","","","","Pluie"
"1973-01-24 20:00","1973","01","24","20:00"," ","1,10","","-0,60","","89,00","","15,00","","16,00","","24,10","","90,17","","","","","","Averses de neige"
"1973-01-24 21:00","1973","01","24","21:00"," ","1,70","","-1,10","","83,00","","15,00","","21,00","","16,10","","90,14","","","","","","Neige"
"1973-01-24 22:00","1973","01","24","22:00"," ","1,70","","-1,10","","84,00","","14,00","","23,00","","24,10","","90,08","","","","","","Pluie"
"1973-01-24 23:00","1973","01","24","23:00"," ","1,70","","-1,10","","82,00","","17,00","","29,00","","16,10","","90,07","","","","","","Neige"
"1973-01-25 00:00","1973","01","25","00:00"," ","1,70","","-1,10","","80,00","","18,00","","31,00","","16,10","","90,05","","","","","","Neige"
"1973-01-25 01:00","1973","01","25","01:00"," ","1,70","","-1,10","","80,00","","18,00","","31,00","","16,10","","90,05","","","","","","Neige"
"1973-01-25 02:00","1973","01","25","02:00"," ","1,70","","-2,20","","75,00","","18,00","","23,00","","32,20","","90,06","","","","","","Généralement nuageux"
"1973-01-25 03:00","1973","01","25","03:00"," ","1,70","","-2,80","","71,00","","18,00","","31,00","","32,20","","90,10","","","","","","Neige"
"1973-01-25 04:00","1973","01","25","04:00"," ","1,10","","-2,80","","75,00","","20,00","","14,00","","32,20","","90,12","","","","","","Généralement dégagé"
"1973-01-25 05:00","1973","01","25","05:00"," ","1,10","","-3,90","","71,00","","18,00","","29,00","","32,20","","90,12","","","","","","Généralement dégagé"
"1973-01-25 06:00","1973","01","25","06:00"," ","0,60","","-5,00","","68,00","","19,00","","29,00","","24,10","","90,19","","","","","","Généralement dégagé"
"1973-01-25 07:00","1973","01","25","07:00"," ","-0,60","","-5,60","","69,00","","22,00","","10,00","","24,10","","90,28","","","","-4,00","","Généralement dégagé"
"1973-01-25 08:00","1973","01","25","08:00"," ","-1,70","","-6,10","","73,00","","5,00","","8,00","","32,20","","90,34","","","","-5,00","","Généralement dégagé"
"1973-01-25 09:00","1973","01","25","09:00"," ","-1,70","","-6,10","","71,00","","17,00","","13,00","","40,20","","90,40","","","","-6,00","","Généralement dégagé"
"1973-01-25 10:00","1973","01","25","10:00"," ","-0,60","","-6,10","","64,00","","21,00","","13,00","","40,20","","90,49","","","","-5,00","","Généralement dégagé"
"1973-01-25 11:00","1973","01","25","11:00"," ","1,70","","-6,10","","57,00","","20,00","","19,00","","40,20","","90,53","","","","","","Généralement dégagé"
"1973-01-25 12:00","1973","01","25","12:00"," ","1,70","","-5,60","","58,00","","18,00","","26,00","","40,20","","90,53","","","","","","Généralement dégagé"
"1973-01-25 13:00","1973","01","25","13:00"," ","2,80","","-11,70","","33,00","","25,00","","19,00","","40,20","","90,53","","","","","","Généralement dégagé"
"1973-01-25 14:00","1973","01","25","14:00"," ","2,20","","-11,70","","35,00","","27,00","","19,00","","40,20","","90,56","","","","","","Généralement dégagé"
"1973-01-25 15:00","1973","01","25","15:00"," ","2,80","","-11,70","","33,00","","27,00","","8,00","","40,20","","90,60","","","","","","Généralement dégagé"
"1973-01-25 16:00","1973","01","25","16:00"," ","0,00","","-11,10","","42,00","","28,00","","13,00","","40,20","","90,66","","","","-4,00","","Généralement dégagé"
"1973-01-25 17:00","1973","01","25","17:00"," ","0,60","","-11,10","","41,00","","27,00","","10,00","","40,20","","90,72","","","","","","Généralement dégagé"
"1973-01-25 18:00","1973","01","25","18:00"," ","-2,80","","-11,10","","54,00","","26,00","","13,00","","40,20","","90,81","","","","-7,00","","Généralement dégagé"
"1973-01-25 19:00","1973","01","25","19:00"," ","-2,80","","-10,60","","55,00","","0,00","","0,00","","40,20","","90,87","","","","","","Généralement dégagé"
"1973-01-25 20:00","1973","01","25","20:00"," ","-4,40","","-11,10","","59,00","","20,00","","5,00","","40,20","","90,95","","","","-7,00","","Dégagé"
"1973-01-25 21:00","1973","01","25","21:00"," ","-4,40","","-11,10","","60,00","","27,00","","8,00","","40,20","","90,99","","","","-8,00","","Dégagé"
"1973-01-25 22:00","1973","01","25","22:00"," ","-5,60","","-11,70","","61,00","","26,00","","5,00","","40,20","","91,03","","","","-8,00","","Dégagé"
"1973-01-25 23:00","1973","01","25","23:00"," ","-6,10","","-11,70","","62,00","","28,00","","26,00","","40,20","","91,08","","","","-14,00","","Dégagé"
"1973-01-26 00:00","1973","01","26","00:00"," ","-7,20","","-12,80","","66,00","","22,00","","13,00","","40,20","","91,13","","","","-13,00","","Dégagé"
"1973-01-26 01:00","1973","01","26","01:00"," ","-7,80","","-13,30","","66,00","","29,00","","23,00","","40,20","","91,17","","","","-16,00","","Dégagé"
"1973-01-26 02:00","1973","01","26","02:00"," ","-8,30","","-13,30","","67,00","","28,00","","10,00","","40,20","","91,21","","","","-13,00","","Dégagé"
"1973-01-26 03:00","1973","01","26","03:00"," ","-8,90","","-13,90","","67,00","","28,00","","16,00","","40,20","","91,28","","","","-16,00","","Dégagé"
"1973-01-26 04:00","1973","01","26","04:00"," ","-9,40","","-14,40","","68,00","","24,00","","13,00","","40,20","","91,32","","","","-15,00","","Généralement dégagé"
"1973-01-26 05:00","1973","01","26","05:00"," ","-10,00","","-14,40","","68,00","","29,00","","11,00","","40,20","","91,39","","","","-16,00","","Généralement dégagé"
"1973-01-26 06:00","1973","01","26","06:00"," ","-11,70","","-15,60","","73,00","","0,00","","0,00","","40,20","","91,44","","","","","","Généralement dégagé"
"1973-01-26 07:00","1973","01","26","07:00"," ","-10,60","","-15,60","","68,00","","27,00","","13,00","","40,20","","91,51","","","","-17,00","","Généralement dégagé"
"1973-01-26 08:00","1973","01","26","08:00"," ","-12,20","","-16,10","","72,00","","27,00","","8,00","","40,20","","91,60","","","","-17,00","","Généralement dégagé"
"1973-01-26 09:00","1973","01","26","09:00"," ","-11,70","","-16,10","","67,00","","26,00","","13,00","","40,20","","91,68","","","","-18,00","","Généralement dégagé"
"1973-01-26 10:00","1973","01","26","10:00"," ","-10,60","","-16,10","","63,00","","28,00","","13,00","","40,20","","91,74","","","","-17,00","","Généralement dégagé"
"1973-01-26 11:00","1973","01","26","11:00"," ","-8,90","","-15,60","","58,00","","28,00","","16,00","","40,20","","91,81","","","","-16,00","","Généralement dégagé"
"1973-01-26 12:00","1973","01","26","12:00"," ","-6,70","","-14,40","","53,00","","0,00","","0,00","","40,20","","91,83","","","","","","Généralement dégagé"
"1973-01-26 13:00","1973","01","26","13:00"," ","-5,60","","-13,30","","56,00","","34,00","","13,00","","40,20","","91,79","","","","-11,00","","Généralement dégagé"
"1973-01-26 14:00","1973","01","26","14:00"," ","-3,90","","-13,90","","46,00","","27,00","","5,00","","40,20","","91,80","","","","-6,00","","Généralement dégagé"
"1973-01-26 15:00","1973","01","26","15:00"," ","-3,90","","-13,30","","47,00","","0,00","","0,00","","40,20","","91,84","","","","","","Généralement dégagé"
"1973-01-26 16:00","1973","01","26","16:00"," ","-3,30","","-13,90","","44,00","","0,00","","0,00","","40,20","","91,89","","","","","","Généralement dégagé"
"1973-01-26 17:00","1973","01","26","17:00"," ","-3,30","","-14,40","","42,00","","0,00","","0,00","","40,20","","91,96","","","","","","Dégagé"
"1973-01-26 18:00","1973","01","26","18:00"," ","-6,10","","-14,40","","53,00","","1,00","","6,00","","40,20","","92,05","","","","-9,00","","Dégagé"
"1973-01-26 19:00","1973","01","26","19:00"," ","-7,80","","-15,00","","56,00","","31,00","","8,00","","40,20","","92,15","","","","-12,00","","Dégagé"
"1973-01-26 20:00","1973","01","26","20:00"," ","-8,90","","-14,40","","64,00","","29,00","","13,00","","40,20","","92,21","","","","-15,00","","Dégagé"
"1973-01-26 21:00","1973","01","26","21:00"," ","-10,00","","-15,60","","64,00","","29,00","","19,00","","40,20","","92,32","","","","-18,00","","Dégagé"
"1973-01-26 22:00","1973","01","26","22:00"," ","-10,00","","-15,60","","65,00","","30,00","","26,00","","40,20","","92,42","","","","-19,00","","Dégagé"
"1973-01-26 23:00","1973","01","26","23:00"," ","-11,70","","-16,10","","70,00","","27,00","","16,00","","40,20","","92,50","","","","-19,00","","Dégagé"
"1973-01-27 00:00","1973","01","27","00:00"," ","-12,20","","-16,70","","69,00","","27,00","","16,00","","40,20","","92,56","","","","-20,00","","Dégagé"
"1973-01-27 01:00","1973","01","27","01:00"," ","-13,30","","-17,20","","71,00","","26,00","","14,00","","40,20","","92,62","","","","-21,00","","Dégagé"
"1973-01-27 02:00","1973","01","27","02:00"," ","-13,30","","-17,20","","70,00","","28,00","","21,00","","40,20","","92,68","","","","-22,00","","Dégagé"
"1973-01-27 03:00","1973","01","27","03:00"," ","-13,30","","-17,80","","71,00","","25,00","","8,00","","40,20","","92,71","","","","-18,00","","Dégagé"
"1973-01-27 04:00","1973","01","27","04:00"," ","-15,00","","-17,80","","77,00","","19,00","","6,00","","40,20","","92,70","","","","-19,00","","Dégagé"
"1973-01-27 05:00","1973","01","27","05:00"," ","-15,00","","-18,30","","76,00","","33,00","","6,00","","40,20","","92,75","","","","-19,00","","Dégagé"
"1973-01-27 06:00","1973","01","27","06:00"," ","-14,40","","-18,30","","73,00","","28,00","","10,00","","40,20","","92,74","","","","-21,00","","Dégagé"
"1973-01-27 07:00","1973","01","27","07:00"," ","-15,00","","-18,30","","76,00","","0,00","","0,00","","40,20","","92,75","","","","","","Dégagé"
"1973-01-27 08:00","1973","01","27","08:00"," ","-15,60","","-18,90","","76,00","","29,00","","6,00","","40,20","","92,77","","","","-20,00","","Généralement nuageux"
"1973-01-27 09:00","1973","01","27","09:00"," ","-15,00","","-18,90","","75,00","","27,00","","5,00","","40,20","","92,77","","","","-19,00","","Généralement nuageux"
"1973-01-27 10:00","1973","01","27","10:00"," ","-14,40","","-18,90","","69,00","","25,00","","3,00","","40,20","","92,76","","","","-17,00","","Généralement nuageux"
"1973-01-27 11:00","1973","01","27","11:00"," ","-12,80","","-17,20","","68,00","","0,00","","0,00","","40,20","","92,75","","","","","","Généralement nuageux"
"1973-01-27 12:00","1973","01","27","12:00"," ","-10,00","","-16,70","","59,00","","0,00","","0,00","","40,20","","92,73","","","","","","Généralement nuageux"
"1973-01-27 13:00","1973","01","27","13:00"," ","-8,30","","-15,60","","56,00","","0,00","","0,00","","40,20","","92,68","","","","","","Généralement nuageux"
"1973-01-27 14:00","1973","01","27","14:00"," ","-7,20","","-15,60","","50,00","","5,00","","6,00","","40,20","","92,53","","","","-10,00","","Généralement nuageux"
"1973-01-27 15:00","1973","01","27","15:00"," ","-7,80","","-15,60","","53,00","","0,00","","0,00","","40,20","","92,49","","","","","","Généralement nuageux"
"1973-01-27 16:00","1973","01","27","16:00"," ","-6,70","","-15,60","","50,00","","0,00","","0,00","","40,20","","92,48","","","","","","Généralement nuageux"
"1973-01-27 17:00","1973","01","27","17:00"," ","-7,80","","-15,00","","56,00","","0,00","","0,00","","40,20","","92,43","","","","","","Généralement nuageux"
"1973-01-27 18:00","1973","01","27","18:00"," ","-9,40","","-16,70","","57,00","","30,00","","3,00","","40,20","","92,41","","","","-11,00","","Généralement dégagé"
"1973-01-27 19:00","1973","01","27","19:00"," ","-11,10","","-16,10","","65,00","","30,00","","6,00","","40,20","","92,41","","","","-15,00","","Dégagé"
"1973-01-27 20:00","1973","01","27","20:00"," ","-12,20","","-16,70","","70,00","","29,00","","5,00","","40,20","","92,44","","","","-15,00","","Dégagé"
"1973-01-27 21:00","1973","01","27","21:00"," ","-13,90","","-17,20","","78,00","","0,00","","0,00","","40,20","","92,42","","","","","","Dégagé"
"1973-01-27 22:00","1973","01","27","22:00"," ","-15,60","","-18,30","","79,00","","20,00","","11,00","","40,20","","92,38","","","","-22,00","","Dégagé"
"1973-01-27 23:00","1973","01","27","23:00"," ","-15,60","","-17,80","","85,00","","0,00","","0,00","","40,20","","92,38","","","","","","Dégagé"
"1973-01-28 00:00","1973","01","28","00:00"," ","-14,40","","-16,70","","82,00","","25,00","","5,00","","40,20","","92,33","","","","-18,00","","Généralement dégagé"
"1973-01-28 01:00","1973","01","28","01:00"," ","-15,60","","-17,80","","84,00","","22,00","","5,00","","40,20","","92,28","","","","-19,00","","Généralement dégagé"
"1973-01-28 02:00","1973","01","28","02:00"," ","-12,80","","-16,10","","77,00","","27,00","","8,00","","40,20","","92,25","","","","-18,00","","Généralement nuageux"
"1973-01-28 03:00","1973","01","28","03:00"," ","-11,70","","-15,60","","74,00","","31,00","","6,00","","40,20","","92,20","","","","-15,00","","Généralement nuageux"
"1973-01-28 04:00","1973","01","28","04:00"," ","-12,20","","-15,00","","76,00","","0,00","","0,00","","40,20","","92,17","","","","","","Généralement nuageux"
"1973-01-28 05:00","1973","01","28","05:00"," ","-12,80","","-15,60","","81,00","","0,00","","0,00","","40,20","","92,08","","","","","","Généralement nuageux"
"1973-01-28 06:00","1973","01","28","06:00"," ","-13,30","","-15,60","","81,00","","0,00","","0,00","","40,20","","92,08","","","","","","Généralement nuageux"
"1973-01-28 07:00","1973","01","28","07:00"," ","-13,90","","-16,10","","82,00","","0,00","","0,00","","40,20","","92,04","","","","","","Généralement nuageux"
"1973-01-28 08:00","1973","01","28","08:00"," ","-13,30","","-15,60","","82,00","","0,00","","0,00","","40,20","","92,01","","","","","","Généralement nuageux"
"1973-01-28 09:00","1973","01","28","09:00"," ","-12,20","","-15,00","","79,00","","0,00","","0,00","","40,20","","92,01","","","","","","Généralement nuageux"
"1973-01-28 10:00","1973","01","28","10:00"," ","-11,10","","-14,40","","76,00","","0,00","","0,00","","40,20","","91,99","","","","","","Généralement nuageux"
"1973-01-28 11:00","1973","01","28","11:00"," ","-10,60","","-15,00","","71,00","","0,00","","0,00","","40,20","","91,98","","","","","","Généralement nuageux"
"1973-01-28 12:00","1973","01","28","12:00"," ","-9,40","","-14,40","","68,00","","0,00","","0,00","","40,20","","91,97","","","","","","Généralement nuageux"
"1973-01-28 13:00","1973","01","28","13:00"," ","-7,80","","-14,40","","60,00","","34,00","","6,00","","40,20","","91,87","","","","-11,00","","Généralement nuageux"
"1973-01-28 14:00","1973","01","28","14:00"," ","-7,20","","-13,30","","61,00","","36,00","","5,00","","40,20","","91,77","","","","-10,00","","Généralement nuageux"
"1973-01-28 15:00","1973","01","28","15:00"," ","-6,70","","-13,30","","58,00","","6,00","","5,00","","40,20","","91,76","","","","-9,00","","Nuageux"
"1973-01-28 16:00","1973","01","28","16:00"," ","-6,10","","-13,30","","57,00","","0,00","","0,00","","40,20","","91,70","","","","","","Nuageux"
"1973-01-28 17:00","1973","01","28","17:00"," ","-7,20","","-13,30","","62,00","","28,00","","5,00","","40,20","","91,65","","","","-10,00","","Généralement nuageux"
"1973-01-28 18:00","1973","01","28","18:00"," ","-9,40","","-13,90","","69,00","","0,00","","0,00","","40,20","","91,62","","","","","","Généralement nuageux"
"1973-01-28 19:00","1973","01","28","19:00"," ","-10,60","","-13,90","","75,00","","0,00","","0,00","","40,20","","91,56","","","","","","Généralement nuageux"
"1973-01-28 20:00","1973","01","28","20:00"," ","-10,60","","-13,90","","74,00","","0,00","","0,00","","40,20","","91,50","","","","","","Généralement dégagé"
"1973-01-28 21:00","1973","01","28","21:00"," ","-12,20","","-14,40","","80,00","","22,00","","8,00","","40,20","","91,44","","","","-17,00","","Généralement nuageux"
"1973-01-28 22:00","1973","01","28","22:00"," ","-12,80","","-15,00","","83,00","","24,00","","6,00","","40,20","","91,39","","","","-17,00","","Généralement dégagé"
"1973-01-28 23:00","1973","01","28","23:00"," ","-13,30","","-15,60","","84,00","","0,00","","0,00","","40,20","","91,36","","","","","","Généralement dégagé"
"1973-01-29 00:00","1973","01","29","00:00"," ","-13,30","","-15,60","","86,00","","0,00","","0,00","","40,20","","91,31","","","","","","Généralement dégagé"
"1973-01-29 01:00","1973","01","29","01:00"," ","-14,40","","-16,70","","84,00","","19,00","","11,00","","40,20","","91,27","","","","-21,00","","Généralement dégagé"
"1973-01-29 02:00","1973","01","29","02:00"," ","-14,40","","-16,10","","86,00","","0,00","","0,00","","40,20","","91,21","","","","","","Généralement dégagé"
"1973-01-29 03:00","1973","01","29","03:00"," ","-14,40","","-16,70","","83,00","","0,00","","0,00","","40,20","","91,19","","","","","","Généralement dégagé"
"1973-01-29 04:00","1973","01","29","04:00"," ","-15,60","","-17,20","","84,00","","26,00","","5,00","","40,20","","91,14","","","","-19,00","","Généralement dégagé"
"1973-01-29 05:00","1973","01","29","05:00"," ","-13,30","","-15,60","","83,00","","0,00","","0,00","","40,20","","91,08","","","","","","Généralement nuageux"
"1973-01-29 06:00","1973","01","29","06:00"," ","-14,40","","-16,70","","83,00","","0,00","","0,00","","40,20","","91,02","","","","","","Généralement nuageux"
"1973-01-29 07:00","1973","01","29","07:00"," ","-15,00","","-17,80","","81,00","","21,00","","6,00","","40,20","","90,98","","","","-19,00","","Nuageux"
"1973-01-29 08:00","1973","01","29","08:00"," ","-15,60","","-17,80","","83,00","","20,00","","3,00","","40,20","","90,90","","","","-18,00","","Généralement nuageux"
"1973-01-29 09:00","1973","01","29","09:00"," ","-14,40","","-16,70","","82,00","","0,00","","0,00","","40,20","","90,83","","","","","","Généralement nuageux"
"1973-01-29 10:00","1973","01","29","10:00"," ","-13,30","","-15,00","","84,00","","21,00","","5,00","","32,20","","90,78","","","","-17,00","","Généralement nuageux"
"1973-01-29 11:00","1973","01","29","11:00"," ","-11,10","","-13,90","","81,00","","0,00","","0,00","","32,20","","90,70","","","","","","Généralement dégagé"
"1973-01-29 12:00","1973","01","29","12:00"," ","-8,30","","-12,80","","71,00","","0,00","","0,00","","40,20","","90,58","","","","","","Généralement dégagé"
"1973-01-29 13:00","1973","01","29","13:00"," ","-7,20","","-12,80","","63,00","","36,00","","5,00","","40,20","","90,44","","","","-10,00","","Généralement nuageux"
"1973-01-29 14:00","1973","01","29","14:00"," ","-5,00","","-12,20","","55,00","","0,00","","0,00","","40,20","","90,29","","","","","","Généralement nuageux"
"1973-01-29 15:00","1973","01","29","15:00"," ","-5,00","","-12,20","","57,00","","0,00","","0,00","","40,20","","90,18","","","","","","Généralement nuageux"
"1973-01-29 16:00","1973","01","29","16:00"," ","-5,00","","-11,70","","58,00","","0,00","","0,00","","40,20","","90,13","","","","","","Généralement nuageux"
"1973-01-29 17:00","1973","01","29","17:00"," ","-5,60","","-11,70","","62,00","","0,00","","0,00","","40,20","","90,04","","","","","","Généralement nuageux"
"1973-01-29 18:00","1973","01","29","18:00"," ","-7,80","","-12,80","","68,00","","0,00","","0,00","","40,20","","89,99","","","","","","Généralement nuageux"
"1973-01-29 19:00","1973","01","29","19:00"," ","-8,90","","-12,80","","72,00","","0,00","","0,00","","40,20","","89,96","","","","","","Nuageux"
"1973-01-29 20:00","1973","01","29","20:00"," ","-8,90","","-12,80","","73,00","","0,00","","0,00","","32,20","","89,88","","","","","","Généralement nuageux"
"1973-01-29 21:00","1973","01","29","21:00"," ","-9,40","","-12,20","","80,00","","27,00","","6,00","","32,20","","89,84","","","","-13,00","","Nuageux"
"1973-01-29 22:00","1973","01","29","22:00"," ","-8,30","","-12,20","","74,00","","0,00","","0,00","","32,20","","89,85","","","","","","Nuageux"
"1973-01-29 23:00","1973","01","29","23:00"," ","-7,80","","-11,10","","76,00","","0,00","","0,00","","32,20","","89,86","","","","","","Nuageux"
"1973-01-30 00:00","1973","01","30","00:00"," ","-7,80","","-11,70","","73,00","","29,00","","11,00","","32,20","","89,78","","","","-13,00","","Nuageux"
"1973-01-30 01:00","1973","01","30","01:00"," ","-7,80","","-11,70","","74,00","","4,00","","6,00","","32,20","","89,70","","","","-11,00","","Nuageux"
"1973-01-30 02:00","1973","01","30","02:00"," ","-8,30","","-11,70","","77,00","","0,00","","0,00","","32,20","","89,66","","","","","","Nuageux"
"1973-01-30 03:00","1973","01","30","03:00"," ","-8,30","","-11,70","","75,00","","0,00","","0,00","","32,20","","89,65","","","","","","Nuageux"
"1973-01-30 04:00","1973","01","30","04:00"," ","-7,80","","-10,60","","79,00","","26,00","","10,00","","4,80","","89,60","","","","-13,00","","Neige"
"1973-01-30 05:00","1973","01","30","05:00"," ","-8,30","","-11,10","","83,00","","16,00","","6,00","","4,80","","89,57","","","","-12,00","","Neige"
"1973-01-30 06:00","1973","01","30","06:00"," ","-8,90","","-10,60","","87,00","","23,00","","5,00","","24,10","","89,55","","","","-12,00","","Généralement nuageux"
"1973-01-30 07:00","1973","01","30","07:00"," ","-8,90","","-11,10","","86,00","","0,00","","0,00","","24,10","","89,57","","","","","","Généralement nuageux"
"1973-01-30 08:00","1973","01","30","08:00"," ","-10,00","","-11,70","","87,00","","0,00","","0,00","","24,10","","89,58","","","","","","Nuageux"
"1973-01-30 09:00","1973","01","30","09:00"," ","-8,90","","-11,10","","84,00","","0,00","","0,00","","24,10","","89,59","","","","","","Généralement nuageux"
"1973-01-30 10:00","1973","01","30","10:00"," ","-8,90","","-11,10","","82,00","","0,00","","0,00","","24,10","","89,62","","","","","","Nuageux"
"1973-01-30 11:00","1973","01","30","11:00"," ","-7,20","","-10,00","","80,00","","0,00","","0,00","","16,10","","89,63","","","","","","Nuageux"
"1973-01-30 12:00","1973","01","30","12:00"," ","-5,60","","-9,40","","74,00","","0,00","","0,00","","16,10","","89,63","","","","","","Nuageux"
"1973-01-30 13:00","1973","01","30","13:00"," ","-4,40","","-8,90","","72,00","","36,00","","6,00","","24,10","","89,57","","","","-7,00","","Généralement nuageux"
"1973-01-30 14:00","1973","01","30","14:00"," ","-3,30","","-7,80","","70,00","","34,00","","6,00","","24,10","","89,54","","","","-6,00","","Généralement nuageux"
"1973-01-30 15:00","1973","01","30","15:00"," ","-1,10","","-6,10","","70,00","","9,00","","6,00","","32,20","","89,54","","","","-3,00","","Généralement nuageux"
"1973-01-30 16:00","1973","01","30","16:00"," ","-2,20","","-6,70","","70,00","","28,00","","8,00","","32,20","","89,55","","","","-5,00","","Généralement nuageux"
"1973-01-30 17:00","1973","01","30","17:00"," ","-1,70","","-6,70","","71,00","","0,00","","0,00","","32,20","","89,57","","","","","","Généralement nuageux"
"1973-01-30 18:00","1973","01","30","18:00"," ","-2,20","","-6,70","","72,00","","0,00","","0,00","","32,20","","89,57","","","","","","Généralement nuageux"
"1973-01-30 19:00","1973","01","30","19:00"," ","-3,30","","-6,70","","77,00","","19,00","","5,00","","32,20","","89,57","","","","-5,00","","Généralement nuageux"
"1973-01-30 20:00","1973","01","30","20:00"," ","-0,60","","-5,00","","73,00","","15,00","","19,00","","32,20","","89,58","","","","-6,00","","Nuageux"
"1973-01-30 21:00","1973","01","30","21:00"," ","-3,30","","-6,70","","77,00","","0,00","","0,00","","32,20","","89,59","","","","","","Généralement nuageux"
"1973-01-30 22:00","1973","01","30","22:00"," ","-2,80","","-6,10","","77,00","","15,00","","8,00","","32,20","","89,59","","","","-6,00","","Nuageux"
"1973-01-30 23:00","1973","01","30","23:00"," ","-1,10","","-5,00","","76,00","","15,00","","8,00","","32,20","","89,60","","","","-4,00","","Nuageux"
"1973-01-31 00:00","1973","01","31","00:00"," ","-3,90","","-6,70","","80,00","","0,00","","0,00","","32,20","","89,61","","","","","","Nuageux"
"1973-01-31 01:00","1973","01","31","01:00"," ","-3,30","","-6,10","","80,00","","14,00","","14,00","","32,20","","89,64","","","","-8,00","","Nuageux"
"1973-01-31 02:00","1973","01","31","02:00"," ","-4,40","","-7,20","","82,00","","0,00","","0,00","","32,20","","89,68","","","","","","Généralement nuageux"
"1973-01-31 03:00","1973","01","31","03:00"," ","-5,60","","-7,20","","86,00","","0,00","","0,00","","32,20","","89,75","","","","","","Généralement nuageux"
"1973-01-31 04:00","1973","01","31","04:00"," ","-6,10","","-7,80","","86,00","","0,00","","0,00","","16,10","","89,78","","","","","","Nuageux"
"1973-01-31 05:00","1973","01","31","05:00"," ","-5,60","","-7,20","","87,00","","0,00","","0,00","","24,10","","89,81","","","","","","Nuageux"
"1973-01-31 06:00","1973","01","31","06:00"," ","-6,10","","-7,80","","88,00","","0,00","","0,00","","24,10","","89,87","","","","","","Nuageux"
"1973-01-31 07:00","1973","01","31","07:00"," ","-6,70","","-7,80","","89,00","","0,00","","0,00","","24,10","","89,92","","","","","","Nuageux"
"1973-01-31 08:00","1973","01","31","08:00"," ","-7,20","","-8,90","","87,00","","0,00","","0,00","","32,20","","90,03","","","","","","Généralement dégagé"
"1973-01-31 09:00","1973","01","31","09:00"," ","-7,80","","-9,40","","90,00","","0,00","","0,00","","32,20","","90,07","","","","","","Généralement dégagé"
"1973-01-31 10:00","1973","01","31","10:00"," ","-6,70","","-8,90","","84,00","","0,00","","0,00","","24,10","","90,15","","","","","","Généralement dégagé"
"1973-01-31 11:00","1973","01","31","11:00"," ","-3,90","","-7,20","","78,00","","0,00","","0,00","","24,10","","90,23","","","","","","Généralement dégagé"
"1973-01-31 12:00","1973","01","31","12:00"," ","-1,70","","-6,10","","72,00","","0,00","","0,00","","24,10","","90,26","","","","","","Généralement nuageux"
"1973-01-31 13:00","1973","01","31","13:00"," ","-1,70","","-6,10","","71,00","","1,00","","6,00","","32,20","","90,28","","","","-4,00","","Généralement nuageux"
"1973-01-31 14:00","1973","01","31","14:00"," ","0,60","","-5,00","","65,00","","2,00","","8,00","","40,20","","90,29","","","","","","Généralement dégagé"
"1973-01-31 15:00","1973","01","31","15:00"," ","1,70","","-4,40","","64,00","","9,00","","11,00","","40,20","","90,31","","","","","","Généralement dégagé"
"1973-01-31 16:00","1973","01","31","16:00"," ","0,60","","-4,40","","69,00","","11,00","","6,00","","40,20","","90,36","","","","","","Généralement dégagé"
"1973-01-31 17:00","1973","01","31","17:00"," ","-0,60","","-5,00","","71,00","","19,00","","5,00","","40,20","","90,43","","","","-2,00","","Généralement dégagé"
"1973-01-31 18:00","1973","01","31","18:00"," ","-1,70","","-6,10","","74,00","","26,00","","8,00","","40,20","","90,50","","","","-5,00","","Généralement dégagé"
"1973-01-31 19:00","1973","01","31","19:00"," ","-0,60","","-6,10","","65,00","","22,00","","13,00","","40,20","","90,58","","","","-5,00","","Généralement dégagé"
"1973-01-31 20:00","1973","01","31","20:00"," ","-0,60","","-6,70","","64,00","","21,00","","19,00","","40,20","","90,62","","","","-6,00","","Généralement dégagé"
"1973-01-31 21:00","1973","01","31","21:00"," ","-1,10","","-6,10","","68,00","","19,00","","23,00","","40,20","","90,69","","","","-7,00","","Généralement dégagé"
"1973-01-31 22:00","1973","01","31","22:00"," ","-0,60","","-6,10","","67,00","","20,00","","23,00","","40,20","","90,72","","","","-6,00","","Dégagé"
"1973-01-31 23:00","1973","01","31","23:00"," ","-0,60","","-5,60","","68,00","","18,00","","29,00","","40,20","","90,80","","","","-7,00","","Dégagé"
