"Nom de la Station","CHURCHILL FALLS"
"Province","NEWFOUNDLAND"
"Latitude","53,56"
"Longitude","-64,09"
"Altitude","439,50"
"Identification Climat","8501130"
"Identification OMM",""
"Identification TC","AFL"
"Toutes les heures sont exprimées en heure normale locale (HNL). Pour convertir l'heure locale en heure avancée de l'Est (HAE), ajoutez 1 heure s'il y a lieu."

"Légende"
"M","Données Manquantes"
"E","Valeur Estimée"
"ND","Non Disponible"
"**","Données fournies par un partenaire, non assujetties à un révision par les Archives climatiques nationales du Canada"

"Date/Heure","Année","Mois","Jour","Heure","Qualité des Données","Temp (°C)","Temp Indicateur","Point de rosée (°C)","Point de rosée Indicateur","Hum. rel (%)","Hum. rel. Indicateur","Dir. du vent (10s deg)","Dir. du vent Indicateur","Vit. du vent (km/h)","Vit. du vent Indicateur","Visibilité (km)","Visibilité Indicateur","Pression à la station (kPa)","Pression à la station Indicateur","Hmdx","Hmdx Indicateur","Refroid. éolien","Refroid. éolien Indicateur","Temps"
"2005-08-01 00:00","2005","08","01","00:00"," ","9,80","","5,60","","75,00","","0,00","","0,00","","15,00","","96,63","","","","","",""
"2005-08-01 01:00","2005","08","01","01:00"," ","11,30","","6,30","","71,00","","23,00","","11,00","","15,00","","96,58","","","","","",""
"2005-08-01 02:00","2005","08","01","02:00"," ","11,50","","6,30","","70,00","","22,00","","13,00","","15,00","","96,53","","","","","",""
"2005-08-01 03:00","2005","08","01","03:00"," ","11,90","","6,20","","68,00","","23,00","","13,00","","15,00","","96,50","","","","","",""
"2005-08-01 04:00","2005","08","01","04:00"," ","11,10","","5,90","","70,00","","22,00","","17,00","","15,00","","96,45","","","","","",""
"2005-08-01 05:00","2005","08","01","05:00"," ","11,20","","6,40","","72,00","","25,00","","7,00","","15,00","","96,47","","","","","",""
"2005-08-01 06:00","2005","08","01","06:00"," ","11,40","","6,40","","71,00","","23,00","","4,00","","15,00","","96,47","","","","","",""
"2005-08-01 07:00","2005","08","01","07:00"," ","12,50","","7,20","","70,00","","23,00","","6,00","","15,00","","96,47","","","","","",""
"2005-08-01 08:00","2005","08","01","08:00"," ","14,70","","8,00","","64,00","","22,00","","9,00","","15,00","","96,44","","","","","",""
"2005-08-01 09:00","2005","08","01","09:00"," ","17,30","","8,80","","57,00","","22,00","","9,00","","15,00","","96,39","","","","","",""
"2005-08-01 10:00","2005","08","01","10:00"," ","19,10","","8,20","","49,00","","25,00","","15,00","","15,00","","96,33","","","","","",""
"2005-08-01 11:00","2005","08","01","11:00"," ","","","","","","","","","","","","","","","","","","",""
"2005-08-01 12:00","2005","08","01","12:00"," ","18,50","","8,40","","52,00","","25,00","","13,00","","15,00","","96,26","","","","","",""
"2005-08-01 13:00","2005","08","01","13:00"," ","19,80","","7,60","","45,00","","20,00","","13,00","","15,00","","96,16","","","","","",""
"2005-08-01 14:00","2005","08","01","14:00"," ","20,00","","6,70","","42,00","","26,00","","15,00","","15,00","","96,13","","","","","",""
"2005-08-01 15:00","2005","08","01","15:00"," ","19,50","","7,40","","45,00","","26,00","","13,00","","15,00","","96,09","","","","","",""
"2005-08-01 16:00","2005","08","01","16:00"," ","19,00","","8,60","","51,00","","28,00","","11,00","","15,00","","96,07","","","","","",""
"2005-08-01 17:00","2005","08","01","17:00"," ","18,50","","8,50","","52,00","","27,00","","11,00","","15,00","","96,07","","","","","",""
"2005-08-01 18:00","2005","08","01","18:00"," ","18,50","","8,70","","53,00","","25,00","","6,00","","15,00","","96,08","","","","","",""
"2005-08-01 19:00","2005","08","01","19:00"," ","17,60","","9,50","","59,00","","27,00","","15,00","","15,00","","96,08","","","","","","Pluie"
"2005-08-01 20:00","2005","08","01","20:00"," ","16,80","","8,70","","59,00","","24,00","","7,00","","15,00","","96,05","","","","","",""
"2005-08-01 21:00","2005","08","01","21:00"," ","14,80","","11,00","","78,00","","0,00","","0,00","","15,00","","96,07","","","","","",""
"2005-08-01 22:00","2005","08","01","22:00"," ","14,90","","9,30","","69,00","","23,00","","6,00","","15,00","","96,03","","","","","",""
"2005-08-01 23:00","2005","08","01","23:00"," ","13,70","","9,60","","76,00","","23,00","","4,00","","15,00","","95,99","","","","","",""
"2005-08-02 00:00","2005","08","02","00:00"," ","13,00","","9,80","","81,00","","29,00","","11,00","","8,00","","95,97","","","","","","Pluie"
"2005-08-02 01:00","2005","08","02","01:00"," ","11,70","","9,40","","86,00","","0,00","","0,00","","15,00","","95,91","","","","","",""
"2005-08-02 02:00","2005","08","02","02:00"," ","10,00","","8,20","","89,00","","0,00","","0,00","","15,00","","95,88","","","","","",""
"2005-08-02 03:00","2005","08","02","03:00"," ","10,80","","9,30","","90,00","","0,00","","0,00","","15,00","","95,89","","","","","",""
"2005-08-02 04:00","2005","08","02","04:00"," ","12,10","","9,40","","84,00","","21,00","","6,00","","15,00","","95,85","","","","","",""
"2005-08-02 05:00","2005","08","02","05:00"," ","11,70","","9,80","","88,00","","0,00","","0,00","","15,00","","95,83","","","","","",""
"2005-08-02 06:00","2005","08","02","06:00"," ","12,10","","9,70","","85,00","","0,00","","0,00","","15,00","","95,83","","","","","",""
"2005-08-02 07:00","2005","08","02","07:00"," ","12,60","","10,00","","84,00","","0,00","","0,00","","15,00","","95,86","","","","","",""
"2005-08-02 08:00","2005","08","02","08:00"," ","13,40","","10,40","","82,00","","0,00","","0,00","","15,00","","95,84","","","","","",""
"2005-08-02 09:00","2005","08","02","09:00"," ","15,90","","10,60","","71,00","","21,00","","6,00","","15,00","","95,81","","","","","",""
"2005-08-02 10:00","2005","08","02","10:00"," ","16,90","","10,50","","66,00","","29,00","","7,00","","15,00","","95,81","","","","","",""
"2005-08-02 11:00","2005","08","02","11:00"," ","18,10","","10,40","","61,00","","4,00","","9,00","","15,00","","95,76","","","","","",""
"2005-08-02 12:00","2005","08","02","12:00"," ","18,40","","10,20","","59,00","","4,00","","9,00","","15,00","","95,70","","","","","",""
"2005-08-02 13:00","2005","08","02","13:00"," ","18,90","","10,00","","56,00","","5,00","","9,00","","15,00","","95,63","","","","","",""
"2005-08-02 14:00","2005","08","02","14:00"," ","19,80","","10,10","","54,00","","5,00","","9,00","","15,00","","95,59","","","","","",""
"2005-08-02 15:00","2005","08","02","15:00"," ","19,60","","9,70","","53,00","","32,00","","11,00","","15,00","","95,58","","","","","",""
"2005-08-02 16:00","2005","08","02","16:00"," ","19,60","","9,60","","52,00","","0,00","","0,00","","11,30","","95,60","","","","","",""
"2005-08-02 17:00","2005","08","02","17:00"," ","15,00","","10,60","","75,00","","13,00","","6,00","","9,70","","95,67","","","","","","Pluie"
"2005-08-02 18:00","2005","08","02","18:00"," ","14,20","","10,90","","81,00","","1,00","","15,00","","11,30","","95,70","","","","","","Pluie"
"2005-08-02 19:00","2005","08","02","19:00"," ","13,50","","11,40","","87,00","","1,00","","15,00","","15,00","","95,74","","","","","","Pluie"
"2005-08-02 20:00","2005","08","02","20:00"," ","13,00","","10,40","","84,00","","1,00","","17,00","","15,00","","95,73","","","","","",""
"2005-08-02 21:00","2005","08","02","21:00"," ","13,30","","10,10","","81,00","","3,00","","13,00","","15,00","","95,76","","","","","",""
"2005-08-02 22:00","2005","08","02","22:00"," ","13,50","","10,70","","83,00","","5,00","","7,00","","15,00","","95,78","","","","","","Pluie"
"2005-08-02 23:00","2005","08","02","23:00"," ","13,30","","10,50","","83,00","","7,00","","7,00","","15,00","","95,77","","","","","",""
"2005-08-03 00:00","2005","08","03","00:00"," ","12,70","","10,60","","87,00","","8,00","","7,00","","15,00","","95,77","","","","","",""
"2005-08-03 01:00","2005","08","03","01:00"," ","13,50","","10,90","","84,00","","8,00","","9,00","","15,00","","95,78","","","","","",""
"2005-08-03 02:00","2005","08","03","02:00"," ","13,40","","10,90","","85,00","","5,00","","11,00","","15,00","","95,80","","","","","",""
"2005-08-03 03:00","2005","08","03","03:00"," ","13,20","","10,90","","86,00","","5,00","","13,00","","15,00","","95,83","","","","","",""
"2005-08-03 04:00","2005","08","03","04:00"," ","12,50","","10,10","","85,00","","6,00","","17,00","","15,00","","95,90","","","","","",""
"2005-08-03 05:00","2005","08","03","05:00"," ","12,00","","9,80","","86,00","","4,00","","15,00","","15,00","","95,95","","","","","",""
"2005-08-03 06:00","2005","08","03","06:00"," ","11,60","","9,00","","84,00","","5,00","","13,00","","15,00","","96,02","","","","","",""
"2005-08-03 07:00","2005","08","03","07:00"," ","10,80","","8,80","","87,00","","4,00","","13,00","","12,90","","96,08","","","","","","Pluie"
"2005-08-03 08:00","2005","08","03","08:00"," ","10,20","","8,60","","90,00","","3,00","","15,00","","15,00","","96,15","","","","","","Pluie"
"2005-08-03 09:00","2005","08","03","09:00"," ","10,70","","8,70","","87,00","","6,00","","15,00","","15,00","","96,20","","","","","",""
"2005-08-03 10:00","2005","08","03","10:00"," ","11,10","","8,40","","83,00","","6,00","","15,00","","15,00","","96,27","","","","","",""
"2005-08-03 11:00","2005","08","03","11:00"," ","11,80","","8,70","","81,00","","3,00","","13,00","","15,00","","96,30","","","","","",""
"2005-08-03 12:00","2005","08","03","12:00"," ","12,00","","8,20","","78,00","","2,00","","11,00","","15,00","","96,32","","","","","",""
"2005-08-03 13:00","2005","08","03","13:00"," ","13,20","","8,30","","72,00","","36,00","","11,00","","15,00","","96,35","","","","","",""
"2005-08-03 14:00","2005","08","03","14:00"," ","14,20","","8,40","","68,00","","36,00","","13,00","","15,00","","96,37","","","","","",""
"2005-08-03 15:00","2005","08","03","15:00"," ","13,90","","7,90","","67,00","","36,00","","17,00","","15,00","","96,41","","","","","",""
"2005-08-03 16:00","2005","08","03","16:00"," ","13,40","","7,80","","69,00","","35,00","","17,00","","15,00","","96,45","","","","","",""
"2005-08-03 17:00","2005","08","03","17:00"," ","12,80","","7,00","","68,00","","1,00","","19,00","","15,00","","96,49","","","","","",""
"2005-08-03 18:00","2005","08","03","18:00"," ","12,40","","7,90","","74,00","","36,00","","19,00","","15,00","","96,53","","","","","","Bruine"
"2005-08-03 19:00","2005","08","03","19:00"," ","12,90","","7,30","","69,00","","1,00","","11,00","","15,00","","96,57","","","","","",""
"2005-08-03 20:00","2005","08","03","20:00"," ","12,80","","7,10","","68,00","","36,00","","11,00","","15,00","","96,61","","","","","",""
"2005-08-03 21:00","2005","08","03","21:00"," ","12,20","","7,50","","73,00","","34,00","","7,00","","15,00","","96,65","","","","","",""
"2005-08-03 22:00","2005","08","03","22:00"," ","10,40","","7,20","","81,00","","35,00","","6,00","","15,00","","96,64","","","","","",""
"2005-08-03 23:00","2005","08","03","23:00"," ","9,00","","6,20","","83,00","","36,00","","6,00","","15,00","","96,65","","","","","",""
"2005-08-04 00:00","2005","08","04","00:00"," ","8,20","","5,90","","85,00","","1,00","","7,00","","15,00","","96,68","","","","","",""
"2005-08-04 01:00","2005","08","04","01:00"," ","7,50","","4,90","","84,00","","2,00","","7,00","","15,00","","96,69","","","","","",""
"2005-08-04 02:00","2005","08","04","02:00"," ","5,90","","4,10","","88,00","","31,00","","4,00","","15,00","","96,70","","","","","",""
"2005-08-04 03:00","2005","08","04","03:00"," ","5,20","","2,70","","84,00","","0,00","","0,00","","15,00","","96,72","","","","","",""
"2005-08-04 04:00","2005","08","04","04:00"," ","5,20","","3,10","","86,00","","0,00","","0,00","","15,00","","96,75","","","","","",""
"2005-08-04 05:00","2005","08","04","05:00"," ","4,60","","2,70","","87,00","","0,00","","0,00","","12,90","","96,76","","","","","",""
"2005-08-04 06:00","2005","08","04","06:00"," ","6,80","","5,50","","91,00","","0,00","","0,00","","0,30","","96,77","","","","","",""
"2005-08-04 07:00","2005","08","04","07:00"," ","10,00","","8,70","","92,00","","26,00","","4,00","","15,00","","96,79","","","","","",""
"2005-08-04 08:00","2005","08","04","08:00"," ","12,50","","9,30","","81,00","","22,00","","4,00","","15,00","","96,79","","","","","",""
"2005-08-04 09:00","2005","08","04","09:00"," ","14,80","","8,80","","67,00","","31,00","","7,00","","15,00","","96,78","","","","","",""
"2005-08-04 10:00","2005","08","04","10:00"," ","16,70","","6,80","","52,00","","35,00","","11,00","","15,00","","96,73","","","","","",""
"2005-08-04 11:00","2005","08","04","11:00"," ","17,40","","3,90","","41,00","","1,00","","9,00","","15,00","","96,70","","","","","",""
"2005-08-04 12:00","2005","08","04","12:00"," ","17,60","","3,30","","38,00","","1,00","","4,00","","15,00","","96,64","","","","","",""
"2005-08-04 13:00","2005","08","04","13:00"," ","18,40","","2,70","","35,00","","4,00","","9,00","","15,00","","96,60","","","","","",""
"2005-08-04 14:00","2005","08","04","14:00"," ","19,00","","3,60","","36,00","","4,00","","7,00","","15,00","","96,55","","","","","",""
"2005-08-04 15:00","2005","08","04","15:00"," ","19,30","","3,10","","34,00","","8,00","","9,00","","12,90","","96,50","","","","","",""
"2005-08-04 16:00","2005","08","04","16:00"," ","19,20","","3,20","","35,00","","6,00","","9,00","","15,00","","96,43","","","","","",""
"2005-08-04 17:00","2005","08","04","17:00"," ","19,10","","2,10","","32,00","","6,00","","6,00","","15,00","","96,40","","","","","",""
"2005-08-04 18:00","2005","08","04","18:00"," ","19,00","","3,50","","36,00","","7,00","","7,00","","15,00","","96,36","","","","","",""
"2005-08-04 19:00","2005","08","04","19:00"," ","18,30","","4,60","","40,00","","4,00","","6,00","","15,00","","96,35","","","","","",""
"2005-08-04 20:00","2005","08","04","20:00"," ","14,80","","7,10","","60,00","","5,00","","6,00","","15,00","","96,31","","","","","",""
"2005-08-04 21:00","2005","08","04","21:00"," ","13,20","","7,80","","70,00","","9,00","","7,00","","15,00","","96,26","","","","","",""
"2005-08-04 22:00","2005","08","04","22:00"," ","","","","","","","","","","","","","","","","","","",""
"2005-08-04 23:00","2005","08","04","23:00"," ","13,00","","4,30","","55,00","","11,00","","7,00","","15,00","","96,10","","","","","",""
"2005-08-05 00:00","2005","08","05","00:00"," ","12,90","","4,50","","57,00","","11,00","","9,00","","15,00","","96,04","","","","","",""
"2005-08-05 01:00","2005","08","05","01:00"," ","11,70","","4,10","","60,00","","11,00","","15,00","","15,00","","95,99","","","","","",""
"2005-08-05 02:00","2005","08","05","02:00"," ","11,10","","4,40","","63,00","","12,00","","19,00","","15,00","","95,92","","","","","",""
"2005-08-05 03:00","2005","08","05","03:00"," ","10,40","","4,30","","66,00","","11,00","","17,00","","15,00","","95,83","","","","","",""
"2005-08-05 04:00","2005","08","05","04:00"," ","10,20","","4,00","","65,00","","12,00","","13,00","","15,00","","95,75","","","","","",""
"2005-08-05 05:00","2005","08","05","05:00"," ","10,40","","3,80","","64,00","","12,00","","22,00","","15,00","","95,66","","","","","",""
"2005-08-05 06:00","2005","08","05","06:00"," ","10,00","","4,20","","67,00","","12,00","","20,00","","15,00","","95,59","","","","","",""
"2005-08-05 07:00","2005","08","05","07:00"," ","8,90","","6,10","","83,00","","12,00","","19,00","","15,00","","95,51","","","","","","Pluie"
"2005-08-05 08:00","2005","08","05","08:00"," ","9,00","","7,10","","88,00","","11,00","","17,00","","4,80","","95,43","","","","","","Pluie modérée"
"2005-08-05 09:00","2005","08","05","09:00"," ","9,50","","8,10","","91,00","","12,00","","19,00","","2,30","","95,30","","","","","","Pluie"
"2005-08-05 10:00","2005","08","05","10:00"," ","10,20","","8,80","","91,00","","11,00","","17,00","","4,80","","95,22","","","","","","Pluie"
"2005-08-05 11:00","2005","08","05","11:00"," ","10,70","","9,40","","92,00","","12,00","","17,00","","2,40","","95,14","","","","","","Pluie"
"2005-08-05 12:00","2005","08","05","12:00"," ","11,70","","10,40","","92,00","","13,00","","19,00","","4,80","","95,03","","","","","","Pluie"
"2005-08-05 13:00","2005","08","05","13:00"," ","13,00","","11,70","","92,00","","15,00","","11,00","","4,00","","94,95","","","","","","Pluie"
"2005-08-05 14:00","2005","08","05","14:00"," ","13,30","","11,90","","91,00","","16,00","","13,00","","6,40","","94,90","","","","","","Pluie"
"2005-08-05 15:00","2005","08","05","15:00"," ","13,60","","12,20","","91,00","","18,00","","13,00","","15,00","","94,84","","","","","","Pluie"
"2005-08-05 16:00","2005","08","05","16:00"," ","13,90","","12,60","","92,00","","18,00","","9,00","","12,90","","94,83","","","","","","Pluie"
"2005-08-05 17:00","2005","08","05","17:00"," ","14,40","","13,20","","92,00","","19,00","","6,00","","15,00","","94,80","","","","","",""
"2005-08-05 18:00","2005","08","05","18:00"," ","15,30","","13,90","","91,00","","22,00","","6,00","","15,00","","94,79","","","","","","Bruine"
"2005-08-05 19:00","2005","08","05","19:00"," ","15,80","","14,40","","91,00","","24,00","","6,00","","15,00","","94,79","","","","","",""
"2005-08-05 20:00","2005","08","05","20:00"," ","15,50","","14,00","","91,00","","0,00","","0,00","","15,00","","94,82","","","","","",""
"2005-08-05 21:00","2005","08","05","21:00"," ","15,70","","14,20","","91,00","","25,00","","6,00","","15,00","","94,86","","","","","",""
"2005-08-05 22:00","2005","08","05","22:00"," ","15,30","","13,50","","89,00","","27,00","","11,00","","15,00","","94,92","","","","","",""
"2005-08-05 23:00","2005","08","05","23:00"," ","14,20","","12,10","","87,00","","26,00","","9,00","","15,00","","94,94","","","","","",""
"2005-08-06 00:00","2005","08","06","00:00"," ","13,40","","11,50","","88,00","","27,00","","9,00","","15,00","","94,96","","","","","",""
"2005-08-06 01:00","2005","08","06","01:00"," ","13,20","","11,50","","89,00","","26,00","","9,00","","15,00","","94,99","","","","","",""
"2005-08-06 02:00","2005","08","06","02:00"," ","13,20","","10,90","","86,00","","26,00","","13,00","","15,00","","95,03","","","","","","Pluie"
"2005-08-06 03:00","2005","08","06","03:00"," ","12,90","","11,10","","89,00","","26,00","","11,00","","14,50","","95,08","","","","","","Pluie"
"2005-08-06 04:00","2005","08","06","04:00"," ","12,40","","10,70","","89,00","","27,00","","17,00","","1,60","","95,13","","","","","","Pluie modérée"
"2005-08-06 05:00","2005","08","06","05:00"," ","11,90","","10,00","","88,00","","28,00","","19,00","","15,00","","95,21","","","","","","Pluie"
"2005-08-06 06:00","2005","08","06","06:00"," ","11,60","","9,70","","88,00","","27,00","","20,00","","15,00","","95,28","","","","","",""
"2005-08-06 07:00","2005","08","06","07:00"," ","12,10","","9,60","","85,00","","27,00","","19,00","","15,00","","95,38","","","","","",""
"2005-08-06 08:00","2005","08","06","08:00"," ","12,30","","9,10","","81,00","","28,00","","22,00","","15,00","","95,47","","","","","",""
"2005-08-06 09:00","2005","08","06","09:00"," ","13,30","","8,60","","73,00","","28,00","","20,00","","15,00","","95,51","","","","","",""
"2005-08-06 10:00","2005","08","06","10:00"," ","14,60","","9,20","","70,00","","28,00","","20,00","","15,00","","95,53","","","","","",""
"2005-08-06 11:00","2005","08","06","11:00"," ","14,20","","8,00","","66,00","","27,00","","20,00","","15,00","","95,57","","","","","",""
"2005-08-06 12:00","2005","08","06","12:00"," ","15,40","","9,20","","67,00","","28,00","","24,00","","15,00","","95,59","","","","","","Pluie"
"2005-08-06 13:00","2005","08","06","13:00"," ","15,50","","7,50","","59,00","","28,00","","22,00","","15,00","","95,60","","","","","",""
"2005-08-06 14:00","2005","08","06","14:00"," ","15,60","","7,80","","60,00","","28,00","","26,00","","15,00","","95,61","","","","","",""
"2005-08-06 15:00","2005","08","06","15:00"," ","14,90","","8,60","","66,00","","30,00","","26,00","","15,00","","95,67","","","","","",""
"2005-08-06 16:00","2005","08","06","16:00"," ","16,20","","8,00","","58,00","","28,00","","24,00","","15,00","","95,72","","","","","",""
"2005-08-06 17:00","2005","08","06","17:00"," ","14,60","","9,10","","70,00","","29,00","","19,00","","15,00","","95,76","","","","","",""
"2005-08-06 18:00","2005","08","06","18:00"," ","15,70","","7,80","","59,00","","27,00","","24,00","","15,00","","95,81","","","","","",""
"2005-08-06 19:00","2005","08","06","19:00"," ","14,60","","7,40","","62,00","","28,00","","17,00","","15,00","","95,88","","","","","",""
"2005-08-06 20:00","2005","08","06","20:00"," ","13,50","","7,00","","65,00","","28,00","","9,00","","15,00","","95,91","","","","","",""
"2005-08-06 21:00","2005","08","06","21:00"," ","11,70","","6,60","","71,00","","28,00","","6,00","","15,00","","95,93","","","","","",""
"2005-08-06 22:00","2005","08","06","22:00"," ","8,60","","5,10","","79,00","","0,00","","0,00","","15,00","","95,95","","","","","",""
"2005-08-06 23:00","2005","08","06","23:00"," ","8,20","","4,70","","79,00","","0,00","","0,00","","15,00","","95,93","","","","","",""
"2005-08-07 00:00","2005","08","07","00:00"," ","9,70","","6,40","","80,00","","0,00","","0,00","","15,00","","95,93","","","","","",""
"2005-08-07 01:00","2005","08","07","01:00"," ","10,70","","6,60","","76,00","","19,00","","6,00","","15,00","","95,91","","","","","",""
"2005-08-07 02:00","2005","08","07","02:00"," ","8,80","","6,20","","84,00","","0,00","","0,00","","15,00","","95,92","","","","","",""
"2005-08-07 03:00","2005","08","07","03:00"," ","9,00","","6,50","","84,00","","19,00","","6,00","","15,00","","95,93","","","","","",""
"2005-08-07 04:00","2005","08","07","04:00"," ","10,30","","7,20","","81,00","","21,00","","6,00","","15,00","","95,92","","","","","",""
"2005-08-07 05:00","2005","08","07","05:00"," ","11,40","","8,60","","83,00","","23,00","","7,00","","15,00","","95,97","","","","","","Pluie"
"2005-08-07 06:00","2005","08","07","06:00"," ","11,10","","8,90","","86,00","","0,00","","0,00","","15,00","","95,94","","","","","",""
"2005-08-07 07:00","2005","08","07","07:00"," ","12,90","","10,10","","83,00","","12,00","","6,00","","15,00","","95,85","","","","","",""
"2005-08-07 08:00","2005","08","07","08:00"," ","15,00","","10,60","","75,00","","17,00","","11,00","","15,00","","95,84","","","","","",""
"2005-08-07 09:00","2005","08","07","09:00"," ","17,90","","11,60","","67,00","","18,00","","11,00","","15,00","","95,76","","","","","",""
"2005-08-07 10:00","2005","08","07","10:00"," ","20,20","","12,20","","60,00","","21,00","","9,00","","15,00","","95,71","","","","","",""
"2005-08-07 11:00","2005","08","07","11:00"," ","22,80","","11,80","","50,00","","19,00","","22,00","","9,70","","95,61","","25,00","","","",""
"2005-08-07 12:00","2005","08","07","12:00"," ","24,30","","11,30","","44,00","","23,00","","26,00","","12,90","","95,53","","26,00","","","",""
"2005-08-07 13:00","2005","08","07","13:00"," ","24,50","","10,80","","42,00","","22,00","","15,00","","15,00","","95,48","","26,00","","","",""
"2005-08-07 14:00","2005","08","07","14:00"," ","24,80","","10,10","","39,00","","22,00","","30,00","","15,00","","95,43","","26,00","","","",""
"2005-08-07 15:00","2005","08","07","15:00"," ","24,40","","10,00","","40,00","","21,00","","26,00","","15,00","","95,37","","26,00","","","",""
"2005-08-07 16:00","2005","08","07","16:00"," ","17,10","","13,50","","79,00","","26,00","","11,00","","4,00","","95,54","","","","","","Pluie modérée"
"2005-08-07 17:00","2005","08","07","17:00"," ","15,90","","13,60","","86,00","","20,00","","7,00","","8,00","","95,57","","","","","","Pluie"
"2005-08-07 18:00","2005","08","07","18:00"," ","16,40","","14,40","","88,00","","20,00","","6,00","","15,00","","95,51","","","","","","Pluie"
"2005-08-07 19:00","2005","08","07","19:00"," ","16,20","","13,40","","83,00","","21,00","","11,00","","15,00","","95,45","","","","","",""
"2005-08-07 20:00","2005","08","07","20:00"," ","16,20","","13,00","","81,00","","22,00","","9,00","","15,00","","95,43","","","","","",""
"2005-08-07 21:00","2005","08","07","21:00"," ","15,70","","12,60","","82,00","","21,00","","9,00","","15,00","","95,43","","","","","",""
"2005-08-07 22:00","2005","08","07","22:00"," ","15,70","","12,60","","82,00","","20,00","","7,00","","15,00","","95,42","","","","","",""
"2005-08-07 23:00","2005","08","07","23:00"," ","15,70","","12,70","","82,00","","23,00","","9,00","","15,00","","95,41","","","","","",""
"2005-08-08 00:00","2005","08","08","00:00"," ","15,90","","12,70","","81,00","","26,00","","11,00","","15,00","","95,42","","","","","","Pluie"
"2005-08-08 01:00","2005","08","08","01:00"," ","14,20","","12,40","","89,00","","28,00","","13,00","","6,40","","95,45","","","","","","Pluie"
"2005-08-08 02:00","2005","08","08","02:00"," ","11,50","","8,50","","82,00","","32,00","","30,00","","12,90","","95,60","","","","","","Pluie"
"2005-08-08 03:00","2005","08","08","03:00"," ","11,60","","9,30","","86,00","","31,00","","24,00","","15,00","","95,68","","","","","",""
"2005-08-08 04:00","2005","08","08","04:00"," ","11,10","","9,10","","87,00","","29,00","","13,00","","15,00","","95,76","","","","","","Bruine"
"2005-08-08 05:00","2005","08","08","05:00"," ","10,90","","8,30","","84,00","","30,00","","22,00","","15,00","","95,87","","","","","","Bruine"
"2005-08-08 06:00","2005","08","08","06:00"," ","10,00","","7,80","","86,00","","28,00","","19,00","","15,00","","95,97","","","","","",""
"2005-08-08 07:00","2005","08","08","07:00"," ","9,40","","6,70","","83,00","","28,00","","17,00","","15,00","","96,07","","","","","",""
"2005-08-08 08:00","2005","08","08","08:00"," ","10,20","","4,90","","70,00","","28,00","","20,00","","15,00","","96,11","","","","","",""
"2005-08-08 09:00","2005","08","08","09:00"," ","10,70","","4,90","","67,00","","29,00","","26,00","","15,00","","96,19","","","","","",""
"2005-08-08 10:00","2005","08","08","10:00"," ","12,00","","4,60","","60,00","","28,00","","24,00","","15,00","","96,25","","","","","","Bruine"
"2005-08-08 11:00","2005","08","08","11:00"," ","12,60","","4,80","","59,00","","30,00","","22,00","","15,00","","96,28","","","","","",""
"2005-08-08 12:00","2005","08","08","12:00"," ","12,00","","4,30","","59,00","","30,00","","20,00","","14,50","","96,26","","","","","",""
"2005-08-08 13:00","2005","08","08","13:00"," ","13,20","","4,80","","57,00","","29,00","","22,00","","15,00","","96,28","","","","","",""
"2005-08-08 14:00","2005","08","08","14:00"," ","14,70","","5,80","","55,00","","28,00","","22,00","","6,40","","96,30","","","","","",""
"2005-08-08 15:00","2005","08","08","15:00"," ","15,40","","5,80","","53,00","","30,00","","19,00","","8,00","","96,28","","","","","",""
"2005-08-08 16:00","2005","08","08","16:00"," ","14,90","","4,60","","50,00","","28,00","","22,00","","15,00","","96,30","","","","","",""
"2005-08-08 17:00","2005","08","08","17:00"," ","15,20","","6,00","","54,00","","27,00","","13,00","","15,00","","96,33","","","","","",""
"2005-08-08 18:00","2005","08","08","18:00"," ","14,40","","5,60","","55,00","","28,00","","13,00","","15,00","","96,30","","","","","",""
"2005-08-08 19:00","2005","08","08","19:00"," ","13,60","","5,30","","57,00","","28,00","","9,00","","15,00","","96,27","","","","","",""
"2005-08-08 20:00","2005","08","08","20:00"," ","12,90","","5,60","","61,00","","29,00","","6,00","","15,00","","96,28","","","","","",""
"2005-08-08 21:00","2005","08","08","21:00"," ","12,40","","5,80","","64,00","","0,00","","0,00","","15,00","","96,27","","","","","",""
"2005-08-08 22:00","2005","08","08","22:00"," ","11,00","","6,90","","76,00","","0,00","","0,00","","15,00","","96,27","","","","","",""
"2005-08-08 23:00","2005","08","08","23:00"," ","10,40","","6,20","","75,00","","14,00","","7,00","","15,00","","96,19","","","","","",""
"2005-08-09 00:00","2005","08","09","00:00"," ","10,70","","6,20","","74,00","","14,00","","6,00","","15,00","","96,17","","","","","",""
"2005-08-09 01:00","2005","08","09","01:00"," ","10,20","","6,00","","75,00","","12,00","","11,00","","15,00","","96,09","","","","","",""
"2005-08-09 02:00","2005","08","09","02:00"," ","10,70","","6,30","","74,00","","11,00","","9,00","","15,00","","95,97","","","","","",""
"2005-08-09 03:00","2005","08","09","03:00"," ","11,10","","6,60","","74,00","","16,00","","7,00","","15,00","","95,89","","","","","",""
"2005-08-09 04:00","2005","08","09","04:00"," ","11,10","","6,70","","74,00","","15,00","","7,00","","15,00","","95,85","","","","","",""
"2005-08-09 05:00","2005","08","09","05:00"," ","11,50","","6,50","","71,00","","16,00","","9,00","","15,00","","95,77","","","","","",""
"2005-08-09 06:00","2005","08","09","06:00"," ","12,20","","6,80","","70,00","","14,00","","9,00","","15,00","","95,57","","","","","",""
"2005-08-09 07:00","2005","08","09","07:00"," ","13,70","","7,20","","65,00","","16,00","","13,00","","15,00","","95,44","","","","","",""
"2005-08-09 08:00","2005","08","09","08:00"," ","16,20","","9,10","","63,00","","18,00","","15,00","","15,00","","95,22","","","","","",""
"2005-08-09 09:00","2005","08","09","09:00"," ","","","","","","","","","","","","","","","","","","",""
"2005-08-09 10:00","2005","08","09","10:00"," ","16,30","","12,50","","78,00","","20,00","","17,00","","15,00","","95,09","","","","","",""
"2005-08-09 11:00","2005","08","09","11:00"," ","19,00","","13,60","","71,00","","23,00","","15,00","","15,00","","95,04","","","","","",""
"2005-08-09 12:00","2005","08","09","12:00"," ","19,20","","13,80","","71,00","","24,00","","19,00","","15,00","","95,03","","","","","","Pluie"
"2005-08-09 13:00","2005","08","09","13:00"," ","19,90","","13,60","","67,00","","24,00","","15,00","","15,00","","95,00","","","","","",""
"2005-08-09 14:00","2005","08","09","14:00"," ","18,20","","14,70","","80,00","","24,00","","13,00","","14,50","","95,02","","","","","","Pluie"
"2005-08-09 15:00","2005","08","09","15:00"," ","19,30","","15,10","","77,00","","25,00","","13,00","","15,00","","94,95","","","","","",""
"2005-08-09 16:00","2005","08","09","16:00"," ","19,90","","14,80","","72,00","","23,00","","13,00","","15,00","","94,97","","","","","",""
"2005-08-09 17:00","2005","08","09","17:00"," ","19,80","","14,30","","71,00","","23,00","","22,00","","15,00","","94,87","","","","","",""
"2005-08-09 18:00","2005","08","09","18:00"," ","19,50","","13,70","","69,00","","22,00","","20,00","","15,00","","94,90","","","","","",""
"2005-08-09 19:00","2005","08","09","19:00"," ","19,10","","14,30","","74,00","","23,00","","15,00","","15,00","","94,88","","","","","",""
"2005-08-09 20:00","2005","08","09","20:00"," ","19,10","","14,30","","74,00","","25,00","","17,00","","15,00","","94,92","","","","","",""
"2005-08-09 21:00","2005","08","09","21:00"," ","18,70","","14,00","","74,00","","27,00","","7,00","","15,00","","94,99","","","","","",""
"2005-08-09 22:00","2005","08","09","22:00"," ","18,20","","14,10","","77,00","","28,00","","9,00","","15,00","","95,03","","","","","",""
"2005-08-09 23:00","2005","08","09","23:00"," ","16,70","","13,40","","81,00","","30,00","","7,00","","15,00","","95,09","","","","","",""
"2005-08-10 00:00","2005","08","10","00:00"," ","16,00","","10,90","","72,00","","31,00","","19,00","","15,00","","95,14","","","","","",""
"2005-08-10 01:00","2005","08","10","01:00"," ","14,60","","8,60","","67,00","","30,00","","19,00","","15,00","","95,20","","","","","",""
"2005-08-10 02:00","2005","08","10","02:00"," ","13,90","","8,40","","69,00","","27,00","","13,00","","15,00","","95,23","","","","","",""
"2005-08-10 03:00","2005","08","10","03:00"," ","13,50","","8,00","","69,00","","28,00","","13,00","","15,00","","95,25","","","","","",""
"2005-08-10 04:00","2005","08","10","04:00"," ","13,00","","8,40","","74,00","","26,00","","11,00","","15,00","","95,34","","","","","",""
"2005-08-10 05:00","2005","08","10","05:00"," ","13,10","","8,60","","74,00","","28,00","","13,00","","15,00","","95,38","","","","","",""
"2005-08-10 06:00","2005","08","10","06:00"," ","13,20","","9,10","","76,00","","28,00","","9,00","","15,00","","95,46","","","","","",""
"2005-08-10 07:00","2005","08","10","07:00"," ","14,00","","9,70","","75,00","","27,00","","11,00","","15,00","","95,50","","","","","",""
"2005-08-10 08:00","2005","08","10","08:00"," ","14,30","","9,30","","72,00","","28,00","","22,00","","15,00","","95,56","","","","","",""
"2005-08-10 09:00","2005","08","10","09:00"," ","13,20","","10,20","","82,00","","29,00","","19,00","","9,70","","95,62","","","","","",""
"2005-08-10 10:00","2005","08","10","10:00"," ","16,30","","9,00","","62,00","","30,00","","19,00","","15,00","","95,64","","","","","",""
"2005-08-10 11:00","2005","08","10","11:00"," ","16,60","","8,70","","60,00","","31,00","","17,00","","15,00","","95,65","","","","","",""
"2005-08-10 12:00","2005","08","10","12:00"," ","17,10","","8,50","","57,00","","31,00","","22,00","","15,00","","95,66","","","","","",""
"2005-08-10 13:00","2005","08","10","13:00"," ","17,20","","8,20","","55,00","","32,00","","15,00","","15,00","","95,68","","","","","",""
"2005-08-10 14:00","2005","08","10","14:00"," ","17,20","","7,00","","51,00","","32,00","","20,00","","15,00","","95,73","","","","","",""
"2005-08-10 15:00","2005","08","10","15:00"," ","17,70","","7,70","","52,00","","32,00","","22,00","","15,00","","95,74","","","","","",""
"2005-08-10 16:00","2005","08","10","16:00"," ","17,50","","6,60","","49,00","","32,00","","17,00","","15,00","","95,74","","","","","",""
"2005-08-10 17:00","2005","08","10","17:00"," ","17,10","","6,80","","51,00","","32,00","","7,00","","15,00","","95,76","","","","","",""
"2005-08-10 18:00","2005","08","10","18:00"," ","17,40","","7,70","","53,00","","31,00","","9,00","","15,00","","95,79","","","","","",""
"2005-08-10 19:00","2005","08","10","19:00"," ","17,20","","7,30","","52,00","","36,00","","4,00","","15,00","","95,80","","","","","",""
"2005-08-10 20:00","2005","08","10","20:00"," ","16,30","","8,20","","59,00","","5,00","","6,00","","15,00","","95,80","","","","","",""
"2005-08-10 21:00","2005","08","10","21:00"," ","13,10","","8,60","","74,00","","7,00","","6,00","","15,00","","95,82","","","","","",""
"2005-08-10 22:00","2005","08","10","22:00"," ","12,90","","7,30","","69,00","","10,00","","6,00","","15,00","","95,80","","","","","",""
"2005-08-10 23:00","2005","08","10","23:00"," ","11,80","","6,20","","69,00","","10,00","","4,00","","15,00","","95,77","","","","","",""
"2005-08-11 00:00","2005","08","11","00:00"," ","12,00","","6,10","","67,00","","12,00","","7,00","","15,00","","95,75","","","","","",""
"2005-08-11 01:00","2005","08","11","01:00"," ","10,70","","6,00","","73,00","","13,00","","11,00","","15,00","","95,68","","","","","",""
"2005-08-11 02:00","2005","08","11","02:00"," ","10,30","","6,20","","76,00","","13,00","","4,00","","15,00","","95,65","","","","","",""
"2005-08-11 03:00","2005","08","11","03:00"," ","10,00","","5,90","","76,00","","13,00","","7,00","","15,00","","95,63","","","","","",""
"2005-08-11 04:00","2005","08","11","04:00"," ","7,30","","4,60","","83,00","","9,00","","4,00","","15,00","","95,59","","","","","",""
"2005-08-11 05:00","2005","08","11","05:00"," ","8,40","","4,90","","79,00","","8,00","","6,00","","15,00","","95,52","","","","","",""
"2005-08-11 06:00","2005","08","11","06:00"," ","11,70","","6,90","","72,00","","9,00","","6,00","","15,00","","95,49","","","","","",""
"2005-08-11 07:00","2005","08","11","07:00"," ","12,30","","6,90","","70,00","","12,00","","13,00","","11,30","","95,42","","","","","",""
"2005-08-11 08:00","2005","08","11","08:00"," ","13,40","","7,10","","66,00","","12,00","","9,00","","15,00","","95,34","","","","","",""
"2005-08-11 09:00","2005","08","11","09:00"," ","13,30","","7,50","","68,00","","10,00","","15,00","","15,00","","95,24","","","","","",""
"2005-08-11 10:00","2005","08","11","10:00"," ","13,00","","8,90","","76,00","","10,00","","11,00","","6,40","","95,16","","","","","","Pluie"
"2005-08-11 11:00","2005","08","11","11:00"," ","13,10","","9,70","","80,00","","10,00","","7,00","","12,90","","95,10","","","","","","Pluie"
"2005-08-11 12:00","2005","08","11","12:00"," ","12,80","","10,60","","86,00","","12,00","","7,00","","8,00","","95,09","","","","","","Pluie"
"2005-08-11 13:00","2005","08","11","13:00"," ","12,90","","10,90","","88,00","","11,00","","6,00","","8,00","","95,04","","","","","","Pluie"
"2005-08-11 14:00","2005","08","11","14:00"," ","13,20","","11,10","","87,00","","12,00","","6,00","","9,70","","94,96","","","","","","Pluie"
"2005-08-11 15:00","2005","08","11","15:00"," ","13,30","","11,50","","89,00","","20,00","","6,00","","15,00","","94,90","","","","","","Pluie"
"2005-08-11 16:00","2005","08","11","16:00"," ","13,50","","11,40","","87,00","","21,00","","4,00","","15,00","","94,89","","","","","",""
"2005-08-11 17:00","2005","08","11","17:00"," ","11,20","","9,40","","89,00","","28,00","","22,00","","3,40","","94,95","","","","","","Pluie forte"
"2005-08-11 18:00","2005","08","11","18:00"," ","10,90","","8,60","","86,00","","29,00","","33,00","","15,00","","95,05","","","","","","Pluie"
"2005-08-11 19:00","2005","08","11","19:00"," ","10,50","","8,20","","86,00","","28,00","","22,00","","15,00","","95,14","","","","","","Pluie"
"2005-08-11 20:00","2005","08","11","20:00"," ","10,50","","8,20","","86,00","","27,00","","13,00","","15,00","","95,21","","","","","",""
"2005-08-11 21:00","2005","08","11","21:00"," ","10,40","","8,20","","86,00","","29,00","","19,00","","5,60","","95,27","","","","","","Pluie"
"2005-08-11 22:00","2005","08","11","22:00"," ","10,40","","7,90","","84,00","","28,00","","20,00","","15,00","","95,29","","","","","",""
"2005-08-11 23:00","2005","08","11","23:00"," ","10,00","","7,80","","86,00","","29,00","","26,00","","6,40","","95,32","","","","","","Bruine"
"2005-08-12 00:00","2005","08","12","00:00"," ","10,00","","7,40","","84,00","","29,00","","35,00","","15,00","","95,37","","","","","",""
"2005-08-12 01:00","2005","08","12","01:00"," ","9,80","","6,10","","78,00","","31,00","","33,00","","15,00","","95,45","","","","","","Bruine"
"2005-08-12 02:00","2005","08","12","02:00"," ","9,50","","5,30","","75,00","","32,00","","33,00","","15,00","","95,53","","","","","",""
"2005-08-12 03:00","2005","08","12","03:00"," ","9,00","","5,10","","77,00","","31,00","","28,00","","15,00","","95,62","","","","","",""
"2005-08-12 04:00","2005","08","12","04:00"," ","8,50","","4,30","","75,00","","31,00","","22,00","","15,00","","95,66","","","","","",""
"2005-08-12 05:00","2005","08","12","05:00"," ","8,30","","4,80","","79,00","","32,00","","11,00","","15,00","","95,70","","","","","",""
"2005-08-12 06:00","2005","08","12","06:00"," ","8,80","","5,00","","77,00","","30,00","","15,00","","15,00","","95,78","","","","","",""
"2005-08-12 07:00","2005","08","12","07:00"," ","9,40","","4,90","","73,00","","33,00","","17,00","","15,00","","95,84","","","","","",""
"2005-08-12 08:00","2005","08","12","08:00"," ","10,70","","5,80","","72,00","","29,00","","19,00","","15,00","","95,87","","","","","",""
"2005-08-12 09:00","2005","08","12","09:00"," ","11,20","","5,80","","69,00","","29,00","","17,00","","15,00","","95,90","","","","","",""
"2005-08-12 10:00","2005","08","12","10:00"," ","12,20","","5,80","","65,00","","30,00","","17,00","","15,00","","95,89","","","","","",""
"2005-08-12 11:00","2005","08","12","11:00"," ","12,60","","5,30","","61,00","","31,00","","19,00","","15,00","","95,90","","","","","","Pluie"
"2005-08-12 12:00","2005","08","12","12:00"," ","10,70","","7,00","","78,00","","28,00","","22,00","","15,00","","95,93","","","","","","Pluie"
"2005-08-12 13:00","2005","08","12","13:00"," ","11,70","","6,50","","70,00","","31,00","","17,00","","15,00","","95,88","","","","","",""
"2005-08-12 14:00","2005","08","12","14:00"," ","13,60","","7,90","","68,00","","27,00","","13,00","","15,00","","95,85","","","","","","Bruine"
"2005-08-12 15:00","2005","08","12","15:00"," ","14,20","","5,10","","54,00","","29,00","","19,00","","15,00","","95,85","","","","","",""
"2005-08-12 16:00","2005","08","12","16:00"," ","15,40","","4,60","","48,00","","26,00","","15,00","","15,00","","95,82","","","","","",""
"2005-08-12 17:00","2005","08","12","17:00"," ","14,50","","4,90","","52,00","","26,00","","15,00","","15,00","","95,85","","","","","",""
"2005-08-12 18:00","2005","08","12","18:00"," ","13,20","","4,40","","55,00","","29,00","","22,00","","15,00","","95,86","","","","","",""
"2005-08-12 19:00","2005","08","12","19:00"," ","11,70","","5,60","","66,00","","28,00","","13,00","","15,00","","95,87","","","","","","Pluie"
"2005-08-12 20:00","2005","08","12","20:00"," ","10,80","","5,00","","67,00","","26,00","","7,00","","15,00","","95,89","","","","","",""
"2005-08-12 21:00","2005","08","12","21:00"," ","9,40","","5,10","","74,00","","27,00","","6,00","","15,00","","95,88","","","","","",""
"2005-08-12 22:00","2005","08","12","22:00"," ","7,90","","4,50","","79,00","","30,00","","4,00","","15,00","","95,85","","","","","",""
"2005-08-12 23:00","2005","08","12","23:00"," ","6,90","","3,80","","81,00","","28,00","","4,00","","15,00","","95,81","","","","","",""
"2005-08-13 00:00","2005","08","13","00:00"," ","6,90","","4,00","","82,00","","21,00","","4,00","","15,00","","95,77","","","","","",""
"2005-08-13 01:00","2005","08","13","01:00"," ","6,90","","3,90","","81,00","","19,00","","4,00","","15,00","","95,78","","","","","",""
"2005-08-13 02:00","2005","08","13","02:00"," ","6,00","","3,30","","83,00","","0,00","","0,00","","15,00","","95,71","","","","","",""
"2005-08-13 03:00","2005","08","13","03:00"," ","7,60","","4,60","","81,00","","21,00","","4,00","","15,00","","95,71","","","","","",""
"2005-08-13 04:00","2005","08","13","04:00"," ","7,50","","5,50","","87,00","","0,00","","0,00","","15,00","","95,66","","","","","",""
"2005-08-13 05:00","2005","08","13","05:00"," ","8,20","","5,20","","81,00","","15,00","","6,00","","15,00","","95,60","","","","","",""
"2005-08-13 06:00","2005","08","13","06:00"," ","7,60","","4,70","","82,00","","12,00","","9,00","","15,00","","95,56","","","","","",""
"2005-08-13 07:00","2005","08","13","07:00"," ","8,10","","5,10","","81,00","","13,00","","7,00","","15,00","","95,54","","","","","",""
"2005-08-13 08:00","2005","08","13","08:00"," ","9,40","","6,40","","82,00","","11,00","","9,00","","15,00","","95,44","","","","","","Pluie"
"2005-08-13 09:00","2005","08","13","09:00"," ","10,40","","6,80","","78,00","","12,00","","11,00","","15,00","","95,35","","","","","","Pluie"
"2005-08-13 10:00","2005","08","13","10:00"," ","9,80","","7,20","","84,00","","12,00","","9,00","","12,90","","95,25","","","","","","Pluie"
"2005-08-13 11:00","2005","08","13","11:00"," ","10,80","","8,20","","84,00","","13,00","","7,00","","12,90","","95,15","","","","","","Pluie"
"2005-08-13 12:00","2005","08","13","12:00"," ","11,60","","8,90","","83,00","","11,00","","17,00","","15,00","","94,96","","","","","","Pluie"
"2005-08-13 13:00","2005","08","13","13:00"," ","13,00","","9,20","","78,00","","12,00","","19,00","","15,00","","94,74","","","","","","Pluie"
"2005-08-13 14:00","2005","08","13","14:00"," ","10,70","","8,60","","87,00","","12,00","","19,00","","3,20","","94,62","","","","","","Pluie"
"2005-08-13 15:00","2005","08","13","15:00"," ","10,50","","9,00","","90,00","","14,00","","11,00","","2,10","","94,54","","","","","","Pluie"
"2005-08-13 16:00","2005","08","13","16:00"," ","11,10","","9,60","","90,00","","18,00","","6,00","","9,70","","94,47","","","","","","Pluie"
"2005-08-13 17:00","2005","08","13","17:00"," ","12,00","","10,40","","90,00","","21,00","","11,00","","6,40","","94,43","","","","","","Pluie"
"2005-08-13 18:00","2005","08","13","18:00"," ","13,20","","10,80","","85,00","","22,00","","11,00","","15,00","","94,36","","","","","",""
"2005-08-13 19:00","2005","08","13","19:00"," ","13,00","","10,90","","87,00","","22,00","","9,00","","15,00","","94,37","","","","","",""
"2005-08-13 20:00","2005","08","13","20:00"," ","12,90","","10,90","","88,00","","21,00","","6,00","","15,00","","94,36","","","","","",""
"2005-08-13 21:00","2005","08","13","21:00"," ","12,80","","11,00","","89,00","","22,00","","9,00","","1,30","","94,34","","","","","","Pluie modérée"
"2005-08-13 22:00","2005","08","13","22:00"," ","12,50","","10,80","","89,00","","24,00","","13,00","","3,50","","94,37","","","","","","Pluie"
"2005-08-13 23:00","2005","08","13","23:00"," ","12,50","","10,60","","88,00","","25,00","","17,00","","15,00","","94,39","","","","","","Bruine"
"2005-08-14 00:00","2005","08","14","00:00"," ","12,20","","10,30","","88,00","","24,00","","15,00","","15,00","","94,40","","","","","",""
"2005-08-14 01:00","2005","08","14","01:00"," ","11,70","","9,30","","85,00","","27,00","","20,00","","15,00","","94,45","","","","","",""
"2005-08-14 02:00","2005","08","14","02:00"," ","11,30","","8,30","","82,00","","27,00","","20,00","","15,00","","94,49","","","","","",""
"2005-08-14 03:00","2005","08","14","03:00"," ","10,50","","8,70","","89,00","","28,00","","22,00","","5,60","","94,57","","","","","","Bruine"
"2005-08-14 04:00","2005","08","14","04:00"," ","10,20","","7,90","","86,00","","29,00","","37,00","","12,90","","94,74","","","","","","Bruine"
"2005-08-14 05:00","2005","08","14","05:00"," ","9,60","","7,40","","86,00","","31,00","","32,00","","4,80","","94,92","","","","","","Bruine"
"2005-08-14 06:00","2005","08","14","06:00"," ","9,40","","6,70","","83,00","","31,00","","28,00","","15,00","","95,13","","","","","",""
"2005-08-14 07:00","2005","08","14","07:00"," ","8,70","","6,40","","85,00","","32,00","","20,00","","2,70","","95,30","","","","","","Bruine"
"2005-08-14 08:00","2005","08","14","08:00"," ","9,00","","6,40","","84,00","","34,00","","17,00","","15,00","","95,44","","","","","",""
"2005-08-14 09:00","2005","08","14","09:00"," ","9,00","","6,00","","81,00","","33,00","","13,00","","15,00","","95,56","","","","","",""
"2005-08-14 10:00","2005","08","14","10:00"," ","9,00","","6,10","","82,00","","34,00","","17,00","","9,70","","95,64","","","","","","Bruine"
"2005-08-14 11:00","2005","08","14","11:00"," ","9,70","","6,10","","78,00","","33,00","","17,00","","15,00","","95,70","","","","","",""
"2005-08-14 12:00","2005","08","14","12:00"," ","10,00","","6,00","","76,00","","32,00","","22,00","","15,00","","95,78","","","","","","Bruine"
"2005-08-14 13:00","2005","08","14","13:00"," ","11,80","","5,50","","65,00","","34,00","","19,00","","15,00","","95,82","","","","","",""
"2005-08-14 14:00","2005","08","14","14:00"," ","12,00","","4,90","","62,00","","31,00","","17,00","","15,00","","95,87","","","","","",""
"2005-08-14 15:00","2005","08","14","15:00"," ","12,80","","5,10","","59,00","","32,00","","7,00","","15,00","","95,89","","","","","",""
"2005-08-14 16:00","2005","08","14","16:00"," ","14,00","","4,40","","52,00","","29,00","","15,00","","15,00","","95,91","","","","","",""
"2005-08-14 17:00","2005","08","14","17:00"," ","14,20","","3,40","","48,00","","28,00","","17,00","","15,00","","95,96","","","","","",""
"2005-08-14 18:00","2005","08","14","18:00"," ","14,00","","3,90","","51,00","","29,00","","17,00","","15,00","","95,99","","","","","",""
"2005-08-14 19:00","2005","08","14","19:00"," ","12,80","","4,60","","57,00","","29,00","","9,00","","15,00","","96,04","","","","","",""
"2005-08-14 20:00","2005","08","14","20:00"," ","11,70","","5,60","","66,00","","31,00","","24,00","","15,00","","96,12","","","","","",""
"2005-08-14 21:00","2005","08","14","21:00"," ","10,10","","6,90","","80,00","","29,00","","11,00","","15,00","","96,17","","","","","",""
"2005-08-14 22:00","2005","08","14","22:00"," ","9,90","","6,70","","80,00","","28,00","","9,00","","15,00","","96,19","","","","","",""
"2005-08-14 23:00","2005","08","14","23:00"," ","9,20","","6,50","","83,00","","","M","","M","15,00","","96,20","","","","","",""
"2005-08-15 00:00","2005","08","15","00:00"," ","8,90","","6,40","","84,00","","27,00","","7,00","","15,00","","96,21","","","","","",""
"2005-08-15 01:00","2005","08","15","01:00"," ","8,20","","6,10","","87,00","","27,00","","9,00","","15,00","","96,22","","","","","",""
"2005-08-15 02:00","2005","08","15","02:00"," ","7,60","","5,60","","87,00","","28,00","","11,00","","15,00","","96,25","","","","","",""
"2005-08-15 03:00","2005","08","15","03:00"," ","7,60","","5,50","","87,00","","28,00","","11,00","","15,00","","96,29","","","","","",""
"2005-08-15 04:00","2005","08","15","04:00"," ","7,50","","5,40","","87,00","","28,00","","9,00","","15,00","","96,31","","","","","",""
"2005-08-15 05:00","2005","08","15","05:00"," ","6,90","","5,20","","89,00","","30,00","","6,00","","15,00","","96,38","","","","","",""
"2005-08-15 06:00","2005","08","15","06:00"," ","9,10","","6,20","","82,00","","32,00","","13,00","","15,00","","96,44","","","","","",""
"2005-08-15 07:00","2005","08","15","07:00"," ","9,80","","5,70","","76,00","","31,00","","19,00","","15,00","","96,51","","","","","",""
"2005-08-15 08:00","2005","08","15","08:00"," ","10,40","","6,00","","74,00","","31,00","","17,00","","15,00","","96,55","","","","","",""
"2005-08-15 09:00","2005","08","15","09:00"," ","11,40","","5,40","","67,00","","32,00","","9,00","","15,00","","96,56","","","","","",""
"2005-08-15 10:00","2005","08","15","10:00"," ","9,50","","6,70","","83,00","","28,00","","15,00","","9,70","","96,60","","","","","","Pluie"
"2005-08-15 11:00","2005","08","15","11:00"," ","12,40","","3,90","","56,00","","34,00","","15,00","","15,00","","96,59","","","","","",""
"2005-08-15 12:00","2005","08","15","12:00"," ","11,80","","6,60","","70,00","","27,00","","9,00","","12,90","","96,57","","","","","","Pluie"
"2005-08-15 13:00","2005","08","15","13:00"," ","13,20","","4,70","","56,00","","27,00","","9,00","","15,00","","96,53","","","","","",""
"2005-08-15 14:00","2005","08","15","14:00"," ","14,10","","5,20","","55,00","","30,00","","9,00","","15,00","","96,51","","","","","","Pluie"
"2005-08-15 15:00","2005","08","15","15:00"," ","13,50","","5,60","","59,00","","31,00","","19,00","","15,00","","96,51","","","","","",""
"2005-08-15 16:00","2005","08","15","16:00"," ","13,80","","4,90","","55,00","","28,00","","17,00","","15,00","","96,51","","","","","",""
"2005-08-15 17:00","2005","08","15","17:00"," ","14,00","","4,90","","54,00","","26,00","","17,00","","15,00","","96,52","","","","","",""
"2005-08-15 18:00","2005","08","15","18:00"," ","13,90","","3,90","","51,00","","27,00","","13,00","","15,00","","96,51","","","","","",""
"2005-08-15 19:00","2005","08","15","19:00"," ","13,20","","4,20","","54,00","","25,00","","6,00","","15,00","","96,49","","","","","",""
"2005-08-15 20:00","2005","08","15","20:00"," ","9,50","","4,90","","73,00","","0,00","","0,00","","15,00","","96,50","","","","","",""
"2005-08-15 21:00","2005","08","15","21:00"," ","10,00","","4,90","","71,00","","12,00","","4,00","","15,00","","96,46","","","","","",""
"2005-08-15 22:00","2005","08","15","22:00"," ","8,60","","3,80","","72,00","","12,00","","4,00","","15,00","","96,41","","","","","",""
"2005-08-15 23:00","2005","08","15","23:00"," ","8,40","","4,30","","75,00","","13,00","","4,00","","15,00","","96,34","","","","","",""
"2005-08-16 00:00","2005","08","16","00:00"," ","8,20","","3,90","","74,00","","18,00","","6,00","","15,00","","96,29","","","","","",""
"2005-08-16 01:00","2005","08","16","01:00"," ","8,60","","4,40","","75,00","","17,00","","9,00","","15,00","","96,25","","","","","",""
"2005-08-16 02:00","2005","08","16","02:00"," ","9,30","","5,80","","79,00","","7,00","","4,00","","15,00","","96,15","","","","","","Pluie"
"2005-08-16 03:00","2005","08","16","03:00"," ","9,40","","5,80","","78,00","","14,00","","9,00","","15,00","","96,10","","","","","",""
"2005-08-16 04:00","2005","08","16","04:00"," ","9,40","","5,60","","77,00","","14,00","","7,00","","15,00","","96,03","","","","","",""
"2005-08-16 05:00","2005","08","16","05:00"," ","10,30","","5,30","","71,00","","19,00","","11,00","","15,00","","95,95","","","","","",""
"2005-08-16 06:00","2005","08","16","06:00"," ","10,80","","5,90","","72,00","","22,00","","9,00","","15,00","","95,92","","","","","","Pluie"
"2005-08-16 07:00","2005","08","16","07:00"," ","10,00","","7,60","","85,00","","20,00","","11,00","","6,40","","95,93","","","","","",""
"2005-08-16 08:00","2005","08","16","08:00"," ","10,40","","8,40","","87,00","","21,00","","11,00","","15,00","","95,90","","","","","",""
"2005-08-16 09:00","2005","08","16","09:00"," ","11,90","","10,00","","88,00","","22,00","","11,00","","15,00","","95,86","","","","","","Pluie"
"2005-08-16 10:00","2005","08","16","10:00"," ","13,70","","10,90","","83,00","","23,00","","11,00","","15,00","","95,81","","","","","",""
"2005-08-16 11:00","2005","08","16","11:00"," ","15,70","","10,80","","73,00","","24,00","","19,00","","15,00","","95,78","","","","","",""
"2005-08-16 12:00","2005","08","16","12:00"," ","17,50","","10,60","","64,00","","25,00","","20,00","","15,00","","95,72","","","","","",""
"2005-08-16 13:00","2005","08","16","13:00"," ","18,60","","10,20","","58,00","","23,00","","15,00","","15,00","","95,66","","","","","",""
"2005-08-16 14:00","2005","08","16","14:00"," ","18,60","","10,00","","57,00","","22,00","","19,00","","15,00","","95,59","","","","","",""
"2005-08-16 15:00","2005","08","16","15:00"," ","18,60","","10,10","","58,00","","20,00","","24,00","","14,50","","95,51","","","","","",""
"2005-08-16 16:00","2005","08","16","16:00"," ","17,80","","10,60","","63,00","","20,00","","9,00","","15,00","","95,45","","","","","",""
"2005-08-16 17:00","2005","08","16","17:00"," ","13,70","","11,00","","84,00","","26,00","","4,00","","2,10","","95,45","","","","","","Pluie modérée"
"2005-08-16 18:00","2005","08","16","18:00"," ","13,20","","11,10","","87,00","","27,00","","9,00","","4,80","","95,45","","","","","","Pluie modérée"
"2005-08-16 19:00","2005","08","16","19:00"," ","12,60","","10,90","","89,00","","22,00","","13,00","","3,50","","95,44","","","","","","Pluie modérée"
"2005-08-16 20:00","2005","08","16","20:00"," ","12,50","","10,80","","89,00","","20,00","","9,00","","4,00","","95,38","","","","","","Pluie modérée"
"2005-08-16 21:00","2005","08","16","21:00"," ","12,50","","10,60","","88,00","","19,00","","9,00","","15,00","","95,31","","","","","","Pluie"
"2005-08-16 22:00","2005","08","16","22:00"," ","12,80","","10,80","","88,00","","22,00","","11,00","","8,00","","95,25","","","","","","Pluie"
"2005-08-16 23:00","2005","08","16","23:00"," ","12,20","","10,60","","90,00","","20,00","","6,00","","15,00","","95,13","","","","","",""
"2005-08-17 00:00","2005","08","17","00:00"," ","12,40","","10,80","","90,00","","18,00","","7,00","","15,00","","95,08","","","","","","Pluie"
"2005-08-17 01:00","2005","08","17","01:00"," ","12,60","","10,90","","89,00","","22,00","","11,00","","2,60","","95,04","","","","","","Pluie modérée"
"2005-08-17 02:00","2005","08","17","02:00"," ","12,30","","10,60","","89,00","","21,00","","7,00","","15,00","","94,95","","","","","","Pluie"
"2005-08-17 03:00","2005","08","17","03:00"," ","12,20","","10,60","","90,00","","21,00","","7,00","","6,40","","94,90","","","","","","Pluie"
"2005-08-17 04:00","2005","08","17","04:00"," ","12,10","","10,60","","91,00","","21,00","","4,00","","6,40","","94,85","","","","","","Pluie"
"2005-08-17 05:00","2005","08","17","05:00"," ","12,10","","10,50","","90,00","","17,00","","4,00","","6,40","","94,77","","","","","","Pluie"
"2005-08-17 06:00","2005","08","17","06:00"," ","12,10","","10,50","","90,00","","15,00","","6,00","","6,40","","94,71","","","","","","Pluie"
"2005-08-17 07:00","2005","08","17","07:00"," ","12,10","","10,50","","90,00","","24,00","","7,00","","4,00","","94,67","","","","","","Pluie"
"2005-08-17 08:00","2005","08","17","08:00"," ","12,10","","10,50","","90,00","","23,00","","9,00","","3,90","","94,67","","","","","","Pluie"
"2005-08-17 09:00","2005","08","17","09:00"," ","12,90","","10,40","","85,00","","26,00","","9,00","","15,00","","94,66","","","","","",""
"2005-08-17 10:00","2005","08","17","10:00"," ","12,80","","9,10","","78,00","","23,00","","13,00","","15,00","","94,67","","","","","",""
"2005-08-17 11:00","2005","08","17","11:00"," ","13,40","","10,00","","80,00","","23,00","","9,00","","15,00","","94,65","","","","","",""
"2005-08-17 12:00","2005","08","17","12:00"," ","14,30","","8,90","","70,00","","27,00","","7,00","","15,00","","94,64","","","","","",""
"2005-08-17 13:00","2005","08","17","13:00"," ","12,10","","9,50","","84,00","","34,00","","11,00","","6,40","","94,70","","","","","","Pluie"
"2005-08-17 14:00","2005","08","17","14:00"," ","12,20","","9,00","","81,00","","1,00","","20,00","","15,00","","94,76","","","","","","Pluie"
"2005-08-17 15:00","2005","08","17","15:00"," ","10,90","","7,80","","81,00","","1,00","","20,00","","15,00","","94,87","","","","","","Pluie"
"2005-08-17 16:00","2005","08","17","16:00"," ","9,20","","6,60","","84,00","","35,00","","22,00","","8,00","","94,98","","","","","",""
"2005-08-17 17:00","2005","08","17","17:00"," ","8,60","","4,60","","76,00","","36,00","","22,00","","15,00","","95,12","","","","","",""
"2005-08-17 18:00","2005","08","17","18:00"," ","7,90","","4,20","","77,00","","36,00","","24,00","","15,00","","95,24","","","","","","Pluie"
"2005-08-17 19:00","2005","08","17","19:00"," ","8,20","","3,80","","74,00","","1,00","","19,00","","15,00","","95,35","","","","","",""
"2005-08-17 20:00","2005","08","17","20:00"," ","7,90","","3,60","","74,00","","36,00","","11,00","","15,00","","95,44","","","","","",""
"2005-08-17 21:00","2005","08","17","21:00"," ","7,20","","3,70","","78,00","","35,00","","6,00","","15,00","","95,49","","","","","",""
"2005-08-17 22:00","2005","08","17","22:00"," ","6,80","","3,70","","81,00","","32,00","","9,00","","15,00","","95,51","","","","","",""
"2005-08-17 23:00","2005","08","17","23:00"," ","5,50","","2,80","","83,00","","0,00","","0,00","","15,00","","95,51","","","","","",""
"2005-08-18 00:00","2005","08","18","00:00"," ","4,50","","2,40","","86,00","","29,00","","7,00","","15,00","","95,49","","","","","",""
"2005-08-18 01:00","2005","08","18","01:00"," ","5,20","","3,20","","87,00","","27,00","","7,00","","15,00","","95,49","","","","","","Bruine"
"2005-08-18 02:00","2005","08","18","02:00"," ","4,90","","2,70","","86,00","","28,00","","7,00","","15,00","","95,48","","","","","","Bruine"
"2005-08-18 03:00","2005","08","18","03:00"," ","5,70","","3,70","","87,00","","28,00","","6,00","","15,00","","95,50","","","","","",""
"2005-08-18 04:00","2005","08","18","04:00"," ","8,30","","4,90","","79,00","","30,00","","17,00","","15,00","","95,51","","","","","",""
"2005-08-18 05:00","2005","08","18","05:00"," ","8,30","","5,30","","81,00","","29,00","","13,00","","15,00","","95,55","","","","","","Pluie"
"2005-08-18 06:00","2005","08","18","06:00"," ","8,70","","5,30","","79,00","","30,00","","13,00","","15,00","","95,60","","","","","",""
"2005-08-18 07:00","2005","08","18","07:00"," ","8,30","","4,80","","79,00","","30,00","","19,00","","12,90","","95,61","","","","","","Pluie"
"2005-08-18 08:00","2005","08","18","08:00"," ","9,00","","4,50","","73,00","","31,00","","24,00","","15,00","","95,62","","","","","",""
"2005-08-18 09:00","2005","08","18","09:00"," ","7,40","","4,40","","81,00","","30,00","","28,00","","8,00","","95,66","","","","","","Pluie"
"2005-08-18 10:00","2005","08","18","10:00"," ","9,60","","4,90","","72,00","","32,00","","15,00","","15,00","","95,64","","","","","",""
"2005-08-18 11:00","2005","08","18","11:00"," ","10,10","","3,80","","65,00","","31,00","","24,00","","15,00","","95,65","","","","","",""
"2005-08-18 12:00","2005","08","18","12:00"," ","10,70","","2,10","","55,00","","30,00","","26,00","","15,00","","95,63","","","","","","Pluie"
"2005-08-18 13:00","2005","08","18","13:00"," ","10,80","","3,90","","62,00","","30,00","","24,00","","15,00","","95,61","","","","","","Pluie"
"2005-08-18 14:00","2005","08","18","14:00"," ","10,70","","2,80","","58,00","","29,00","","33,00","","15,00","","95,63","","","","","",""
"2005-08-18 15:00","2005","08","18","15:00"," ","11,00","","2,70","","57,00","","30,00","","32,00","","15,00","","95,64","","","","","",""
"2005-08-18 16:00","2005","08","18","16:00"," ","11,60","","0,30","","46,00","","28,00","","26,00","","15,00","","95,64","","","","","",""
"2005-08-18 17:00","2005","08","18","17:00"," ","10,80","","2,30","","56,00","","30,00","","22,00","","15,00","","95,67","","","","","",""
"2005-08-18 18:00","2005","08","18","18:00"," ","10,20","","0,70","","52,00","","29,00","","24,00","","15,00","","95,71","","","","","",""
"2005-08-18 19:00","2005","08","18","19:00"," ","9,20","","0,80","","56,00","","28,00","","28,00","","15,00","","95,75","","","","","",""
"2005-08-18 20:00","2005","08","18","20:00"," ","7,90","","0,80","","61,00","","27,00","","11,00","","15,00","","95,79","","","","","",""
"2005-08-18 21:00","2005","08","18","21:00"," ","7,20","","0,80","","64,00","","27,00","","11,00","","15,00","","95,82","","","","","",""
"2005-08-18 22:00","2005","08","18","22:00"," ","6,30","","1,00","","69,00","","28,00","","13,00","","15,00","","95,83","","","","","",""
"2005-08-18 23:00","2005","08","18","23:00"," ","6,40","","2,70","","77,00","","27,00","","9,00","","15,00","","95,83","","","","","",""
"2005-08-19 00:00","2005","08","19","00:00"," ","6,20","","2,70","","78,00","","30,00","","9,00","","15,00","","95,85","","","","","",""
"2005-08-19 01:00","2005","08","19","01:00"," ","5,40","","2,10","","79,00","","27,00","","9,00","","15,00","","95,87","","","","","","Pluie"
"2005-08-19 02:00","2005","08","19","02:00"," ","4,80","","1,70","","80,00","","28,00","","13,00","","15,00","","95,88","","","","","",""
"2005-08-19 03:00","2005","08","19","03:00"," ","4,80","","2,00","","82,00","","27,00","","13,00","","15,00","","95,91","","","","","",""
"2005-08-19 04:00","2005","08","19","04:00"," ","4,70","","2,00","","83,00","","28,00","","11,00","","15,00","","95,96","","","","","",""
"2005-08-19 05:00","2005","08","19","05:00"," ","4,70","","1,80","","81,00","","28,00","","13,00","","15,00","","96,01","","","","","",""
"2005-08-19 06:00","2005","08","19","06:00"," ","5,50","","2,70","","82,00","","27,00","","13,00","","15,00","","96,06","","","","","",""
"2005-08-19 07:00","2005","08","19","07:00"," ","6,30","","3,20","","81,00","","27,00","","13,00","","15,00","","96,11","","","","","","Bruine"
"2005-08-19 08:00","2005","08","19","08:00"," ","8,30","","2,80","","68,00","","30,00","","17,00","","15,00","","96,15","","","","","",""
"2005-08-19 09:00","2005","08","19","09:00"," ","8,60","","1,20","","60,00","","29,00","","22,00","","15,00","","96,17","","","","","",""
"2005-08-19 10:00","2005","08","19","10:00"," ","10,40","","2,30","","57,00","","29,00","","20,00","","15,00","","96,17","","","","","",""
"2005-08-19 11:00","2005","08","19","11:00"," ","8,90","","3,60","","69,00","","27,00","","17,00","","15,00","","96,23","","","","","",""
"2005-08-19 12:00","2005","08","19","12:00"," ","8,50","","3,10","","69,00","","30,00","","30,00","","15,00","","96,24","","","","","","Pluie"
"2005-08-19 13:00","2005","08","19","13:00"," ","9,80","","1,80","","57,00","","32,00","","17,00","","15,00","","96,28","","","","","",""
"2005-08-19 14:00","2005","08","19","14:00"," ","8,70","","5,00","","78,00","","28,00","","9,00","","15,00","","96,31","","","","","","Pluie"
"2005-08-19 15:00","2005","08","19","15:00"," ","10,70","","3,20","","60,00","","27,00","","20,00","","15,00","","96,34","","","","","","Pluie"
"2005-08-19 16:00","2005","08","19","16:00"," ","11,50","","1,80","","51,00","","30,00","","24,00","","15,00","","96,34","","","","","",""
"2005-08-19 17:00","2005","08","19","17:00"," ","12,30","","1,60","","48,00","","29,00","","22,00","","15,00","","96,37","","","","","",""
"2005-08-19 18:00","2005","08","19","18:00"," ","11,90","","1,80","","50,00","","29,00","","11,00","","15,00","","96,39","","","","","",""
"2005-08-19 19:00","2005","08","19","19:00"," ","10,20","","1,80","","56,00","","29,00","","9,00","","15,00","","96,44","","","","","",""
"2005-08-19 20:00","2005","08","19","20:00"," ","8,80","","1,90","","62,00","","28,00","","9,00","","15,00","","96,50","","","","","",""
"2005-08-19 21:00","2005","08","19","21:00"," ","7,70","","1,80","","66,00","","27,00","","7,00","","15,00","","96,56","","","","","",""
"2005-08-19 22:00","2005","08","19","22:00"," ","7,10","","1,70","","68,00","","32,00","","13,00","","15,00","","96,61","","","","","",""
"2005-08-19 23:00","2005","08","19","23:00"," ","7,00","","2,00","","70,00","","31,00","","6,00","","15,00","","96,61","","","","","",""
"2005-08-20 00:00","2005","08","20","00:00"," ","4,90","","1,60","","79,00","","27,00","","4,00","","15,00","","96,63","","","","","",""
"2005-08-20 01:00","2005","08","20","01:00"," ","4,30","","0,80","","78,00","","28,00","","6,00","","15,00","","96,63","","","","","",""
"2005-08-20 02:00","2005","08","20","02:00"," ","3,50","","0,60","","81,00","","28,00","","4,00","","15,00","","96,64","","","","","",""
"2005-08-20 03:00","2005","08","20","03:00"," ","3,00","","0,10","","81,00","","24,00","","4,00","","15,00","","96,67","","","","","",""
"2005-08-20 04:00","2005","08","20","04:00"," ","3,40","","0,50","","81,00","","30,00","","4,00","","15,00","","96,69","","","","","",""
"2005-08-20 05:00","2005","08","20","05:00"," ","2,70","","0,10","","83,00","","28,00","","7,00","","15,00","","96,70","","","","","",""
"2005-08-20 06:00","2005","08","20","06:00"," ","4,10","","1,60","","84,00","","31,00","","7,00","","15,00","","96,73","","","","","",""
"2005-08-20 07:00","2005","08","20","07:00"," ","6,60","","3,20","","79,00","","31,00","","6,00","","15,00","","96,73","","","","","",""
"2005-08-20 08:00","2005","08","20","08:00"," ","8,90","","4,10","","72,00","","24,00","","6,00","","15,00","","96,72","","","","","",""
"2005-08-20 09:00","2005","08","20","09:00"," ","11,40","","3,90","","60,00","","28,00","","9,00","","15,00","","96,71","","","","","",""
"2005-08-20 10:00","2005","08","20","10:00"," ","11,20","","2,40","","55,00","","28,00","","7,00","","11,30","","96,68","","","","","",""
"2005-08-20 11:00","2005","08","20","11:00"," ","12,70","","2,40","","49,00","","29,00","","11,00","","9,70","","96,64","","","","","",""
"2005-08-20 12:00","2005","08","20","12:00"," ","14,80","","2,40","","43,00","","24,00","","9,00","","14,50","","96,58","","","","","",""
"2005-08-20 13:00","2005","08","20","13:00"," ","15,50","","2,70","","42,00","","25,00","","11,00","","15,00","","96,53","","","","","",""
"2005-08-20 14:00","2005","08","20","14:00"," ","16,00","","3,10","","42,00","","26,00","","9,00","","15,00","","96,47","","","","","",""
"2005-08-20 15:00","2005","08","20","15:00"," ","16,20","","1,80","","38,00","","22,00","","11,00","","15,00","","96,44","","","","","",""
"2005-08-20 16:00","2005","08","20","16:00"," ","17,00","","2,20","","37,00","","27,00","","7,00","","3,50","","96,38","","","","","",""
"2005-08-20 17:00","2005","08","20","17:00"," ","16,90","","2,60","","38,00","","27,00","","9,00","","15,00","","96,34","","","","","",""
"2005-08-20 18:00","2005","08","20","18:00"," ","15,50","","3,50","","45,00","","28,00","","9,00","","15,00","","96,29","","","","","",""
"2005-08-20 19:00","2005","08","20","19:00"," ","14,70","","4,60","","51,00","","0,00","","0,00","","15,00","","96,27","","","","","",""
"2005-08-20 20:00","2005","08","20","20:00"," ","10,40","","5,80","","73,00","","6,00","","6,00","","15,00","","96,25","","","","","",""
"2005-08-20 21:00","2005","08","20","21:00"," ","11,70","","6,50","","70,00","","8,00","","6,00","","15,00","","96,25","","","","","",""
"2005-08-20 22:00","2005","08","20","22:00"," ","12,30","","7,90","","74,00","","5,00","","9,00","","15,00","","96,19","","","","","",""
"2005-08-20 23:00","2005","08","20","23:00"," ","12,40","","7,40","","72,00","","12,00","","4,00","","15,00","","96,12","","","","","",""
"2005-08-21 00:00","2005","08","21","00:00"," ","12,40","","4,40","","58,00","","8,00","","4,00","","15,00","","96,10","","","","","",""
"2005-08-21 01:00","2005","08","21","01:00"," ","11,70","","4,40","","61,00","","11,00","","6,00","","15,00","","96,04","","","","","",""
"2005-08-21 02:00","2005","08","21","02:00"," ","11,10","","5,70","","69,00","","12,00","","6,00","","15,00","","95,98","","","","","",""
"2005-08-21 03:00","2005","08","21","03:00"," ","10,60","","6,30","","75,00","","9,00","","4,00","","15,00","","95,96","","","","","",""
"2005-08-21 04:00","2005","08","21","04:00"," ","10,00","","6,10","","77,00","","12,00","","6,00","","15,00","","95,91","","","","","",""
"2005-08-21 05:00","2005","08","21","05:00"," ","9,80","","6,00","","77,00","","10,00","","6,00","","15,00","","95,86","","","","","",""
"2005-08-21 06:00","2005","08","21","06:00"," ","11,20","","7,70","","79,00","","8,00","","7,00","","15,00","","95,81","","","","","",""
"2005-08-21 07:00","2005","08","21","07:00"," ","12,20","","7,70","","74,00","","5,00","","9,00","","15,00","","95,73","","","","","",""
"2005-08-21 08:00","2005","08","21","08:00"," ","12,50","","8,30","","76,00","","9,00","","11,00","","15,00","","95,67","","","","","",""
"2005-08-21 09:00","2005","08","21","09:00"," ","13,20","","8,40","","73,00","","9,00","","9,00","","15,00","","95,65","","","","","",""
"2005-08-21 10:00","2005","08","21","10:00"," ","14,00","","9,20","","73,00","","9,00","","13,00","","15,00","","95,63","","","","","",""
"2005-08-21 11:00","2005","08","21","11:00"," ","14,10","","8,80","","70,00","","8,00","","15,00","","15,00","","95,62","","","","","",""
"2005-08-21 12:00","2005","08","21","12:00"," ","14,60","","8,90","","69,00","","7,00","","15,00","","15,00","","95,60","","","","","",""
"2005-08-21 13:00","2005","08","21","13:00"," ","14,60","","7,80","","64,00","","7,00","","20,00","","15,00","","95,60","","","","","",""
"2005-08-21 14:00","2005","08","21","14:00"," ","14,10","","6,60","","61,00","","8,00","","20,00","","15,00","","95,60","","","","","",""
"2005-08-21 15:00","2005","08","21","15:00"," ","14,40","","6,50","","59,00","","8,00","","22,00","","15,00","","95,58","","","","","",""
"2005-08-21 16:00","2005","08","21","16:00"," ","14,00","","6,50","","61,00","","8,00","","20,00","","15,00","","95,56","","","","","","Pluie"
"2005-08-21 17:00","2005","08","21","17:00"," ","13,60","","6,50","","62,00","","9,00","","17,00","","15,00","","95,61","","","","","",""
"2005-08-21 18:00","2005","08","21","18:00"," ","12,20","","6,80","","70,00","","8,00","","15,00","","12,90","","95,64","","","","","","Pluie"
"2005-08-21 19:00","2005","08","21","19:00"," ","11,40","","7,80","","79,00","","6,00","","15,00","","8,00","","95,70","","","","","","Pluie"
"2005-08-21 20:00","2005","08","21","20:00"," ","11,20","","7,20","","76,00","","8,00","","26,00","","15,00","","95,67","","","","","","Pluie"
"2005-08-21 21:00","2005","08","21","21:00"," ","11,10","","7,30","","77,00","","6,00","","17,00","","15,00","","95,67","","","","","","Bruine"
"2005-08-21 22:00","2005","08","21","22:00"," ","10,70","","6,10","","73,00","","5,00","","20,00","","15,00","","95,60","","","","","",""
"2005-08-21 23:00","2005","08","21","23:00"," ","9,70","","4,80","","71,00","","6,00","","32,00","","15,00","","95,56","","","","","",""
"2005-08-22 00:00","2005","08","22","00:00"," ","9,30","","3,70","","68,00","","7,00","","26,00","","15,00","","95,56","","","","","",""
"2005-08-22 01:00","2005","08","22","01:00"," ","8,90","","3,40","","68,00","","6,00","","26,00","","15,00","","95,54","","","","","",""
"2005-08-22 02:00","2005","08","22","02:00"," ","8,50","","2,70","","67,00","","6,00","","28,00","","15,00","","95,52","","","","","",""
"2005-08-22 03:00","2005","08","22","03:00"," ","7,00","","3,70","","79,00","","4,00","","22,00","","3,90","","95,57","","","","","","Pluie"
"2005-08-22 04:00","2005","08","22","04:00"," ","6,50","","3,70","","82,00","","5,00","","26,00","","6,40","","95,59","","","","","","Pluie modérée"
"2005-08-22 05:00","2005","08","22","05:00"," ","5,80","","2,90","","82,00","","4,00","","22,00","","3,20","","95,61","","","","","","Pluie modérée"
"2005-08-22 06:00","2005","08","22","06:00"," ","5,80","","3,00","","82,00","","4,00","","30,00","","3,50","","95,63","","","","","","Pluie modérée"
"2005-08-22 07:00","2005","08","22","07:00"," ","5,50","","2,30","","80,00","","5,00","","28,00","","9,70","","95,68","","","","","","Pluie"
"2005-08-22 08:00","2005","08","22","08:00"," ","5,50","","2,80","","83,00","","4,00","","22,00","","4,80","","95,76","","","","","","Pluie"
"2005-08-22 09:00","2005","08","22","09:00"," ","5,40","","2,40","","81,00","","6,00","","20,00","","3,50","","95,83","","","","","","Pluie modérée"
"2005-08-22 10:00","2005","08","22","10:00"," ","6,20","","3,50","","83,00","","5,00","","24,00","","8,00","","95,87","","","","","","Pluie"
"2005-08-22 11:00","2005","08","22","11:00"," ","6,20","","2,80","","79,00","","5,00","","26,00","","15,00","","95,94","","","","","","Bruine"
"2005-08-22 12:00","2005","08","22","12:00"," ","6,60","","3,20","","79,00","","5,00","","26,00","","9,70","","95,98","","","","","","Pluie"
"2005-08-22 13:00","2005","08","22","13:00"," ","6,90","","3,80","","81,00","","5,00","","26,00","","5,60","","96,04","","","","","","Bruine"
"2005-08-22 14:00","2005","08","22","14:00"," ","7,20","","4,00","","80,00","","5,00","","22,00","","11,30","","96,09","","","","","","Bruine"
"2005-08-22 15:00","2005","08","22","15:00"," ","7,20","","4,00","","80,00","","5,00","","22,00","","8,00","","96,17","","","","","","Bruine"
"2005-08-22 16:00","2005","08","22","16:00"," ","7,20","","4,00","","80,00","","5,00","","20,00","","6,40","","96,21","","","","","","Bruine"
"2005-08-22 17:00","2005","08","22","17:00"," ","7,40","","3,50","","76,00","","7,00","","20,00","","15,00","","96,29","","","","","",""
"2005-08-22 18:00","2005","08","22","18:00"," ","7,10","","3,80","","80,00","","7,00","","19,00","","4,80","","96,37","","","","","","Bruine"
"2005-08-22 19:00","2005","08","22","19:00"," ","6,70","","4,20","","84,00","","5,00","","17,00","","2,40","","96,43","","","","","","Bruine"
"2005-08-22 20:00","2005","08","22","20:00"," ","6,40","","3,70","","83,00","","6,00","","19,00","","2,60","","96,46","","","","","","Bruine"
"2005-08-22 21:00","2005","08","22","21:00"," ","6,40","","3,70","","83,00","","6,00","","19,00","","2,40","","96,51","","","","","","Bruine"
"2005-08-22 22:00","2005","08","22","22:00"," ","6,40","","3,50","","82,00","","6,00","","17,00","","15,00","","96,53","","","","","",""
"2005-08-22 23:00","2005","08","22","23:00"," ","6,50","","3,80","","83,00","","7,00","","13,00","","6,40","","96,55","","","","","","Bruine"
"2005-08-23 00:00","2005","08","23","00:00"," ","6,90","","3,70","","80,00","","9,00","","15,00","","15,00","","96,58","","","","","",""
"2005-08-23 01:00","2005","08","23","01:00"," ","6,90","","3,50","","79,00","","9,00","","17,00","","15,00","","96,59","","","","","",""
"2005-08-23 02:00","2005","08","23","02:00"," ","6,60","","3,80","","82,00","","9,00","","4,00","","15,00","","96,60","","","","","",""
"2005-08-23 03:00","2005","08","23","03:00"," ","6,90","","3,80","","81,00","","7,00","","11,00","","15,00","","96,62","","","","","",""
"2005-08-23 04:00","2005","08","23","04:00"," ","6,90","","3,90","","81,00","","9,00","","13,00","","15,00","","96,66","","","","","",""
"2005-08-23 05:00","2005","08","23","05:00"," ","7,10","","3,40","","77,00","","11,00","","11,00","","15,00","","96,73","","","","","",""
"2005-08-23 06:00","2005","08","23","06:00"," ","7,00","","3,60","","79,00","","9,00","","11,00","","15,00","","96,78","","","","","",""
"2005-08-23 07:00","2005","08","23","07:00"," ","7,20","","3,50","","77,00","","10,00","","11,00","","15,00","","96,80","","","","","",""
"2005-08-23 08:00","2005","08","23","08:00"," ","8,10","","4,10","","76,00","","8,00","","13,00","","15,00","","96,82","","","","","",""
"2005-08-23 09:00","2005","08","23","09:00"," ","8,40","","4,60","","77,00","","7,00","","9,00","","15,00","","96,86","","","","","",""
"2005-08-23 10:00","2005","08","23","10:00"," ","8,80","","4,70","","75,00","","8,00","","13,00","","15,00","","96,85","","","","","",""
"2005-08-23 11:00","2005","08","23","11:00"," ","9,60","","5,40","","75,00","","6,00","","9,00","","15,00","","96,86","","","","","",""
"2005-08-23 12:00","2005","08","23","12:00"," ","11,10","","6,20","","72,00","","9,00","","7,00","","15,00","","96,86","","","","","",""
"2005-08-23 13:00","2005","08","23","13:00"," ","12,90","","6,80","","66,00","","10,00","","11,00","","15,00","","96,83","","","","","",""
"2005-08-23 14:00","2005","08","23","14:00"," ","13,00","","7,40","","69,00","","16,00","","7,00","","15,00","","96,85","","","","","",""
"2005-08-23 15:00","2005","08","23","15:00"," ","13,30","","7,30","","67,00","","13,00","","7,00","","9,70","","96,87","","","","","",""
"2005-08-23 16:00","2005","08","23","16:00"," ","13,60","","7,20","","65,00","","12,00","","7,00","","15,00","","96,89","","","","","",""
"2005-08-23 17:00","2005","08","23","17:00"," ","14,40","","7,40","","63,00","","5,00","","9,00","","15,00","","96,89","","","","","",""
"2005-08-23 18:00","2005","08","23","18:00"," ","13,90","","7,70","","66,00","","1,00","","4,00","","15,00","","96,90","","","","","",""
"2005-08-23 19:00","2005","08","23","19:00"," ","13,20","","8,10","","71,00","","0,00","","0,00","","15,00","","96,91","","","","","",""
"2005-08-23 20:00","2005","08","23","20:00"," ","12,30","","9,00","","80,00","","0,00","","0,00","","15,00","","96,95","","","","","",""
"2005-08-23 21:00","2005","08","23","21:00"," ","11,80","","8,20","","79,00","","13,00","","4,00","","15,00","","96,96","","","","","",""
"2005-08-23 22:00","2005","08","23","22:00"," ","11,60","","7,80","","77,00","","8,00","","4,00","","15,00","","96,97","","","","","",""
"2005-08-23 23:00","2005","08","23","23:00"," ","11,00","","7,20","","77,00","","11,00","","9,00","","15,00","","96,97","","","","","",""
"2005-08-24 00:00","2005","08","24","00:00"," ","10,10","","6,80","","80,00","","12,00","","7,00","","15,00","","96,97","","","","","",""
"2005-08-24 01:00","2005","08","24","01:00"," ","9,20","","6,30","","82,00","","10,00","","6,00","","15,00","","96,98","","","","","",""
"2005-08-24 02:00","2005","08","24","02:00"," ","","","","","","","","","","","","","","","","","","",""
"2005-08-24 03:00","2005","08","24","03:00"," ","6,90","","4,20","","83,00","","0,00","","0,00","","15,00","","97,01","","","","","",""
"2005-08-24 04:00","2005","08","24","04:00"," ","5,30","","2,70","","83,00","","3,00","","6,00","","15,00","","97,00","","","","","",""
"2005-08-24 05:00","2005","08","24","05:00"," ","5,70","","4,60","","93,00","","13,00","","4,00","","0,30","","97,03","","","","","",""
"2005-08-24 06:00","2005","08","24","06:00"," ","5,70","","3,80","","88,00","","0,00","","0,00","","0,50","","97,07","","","","","",""
"2005-08-24 07:00","2005","08","24","07:00"," ","9,50","","7,20","","86,00","","0,00","","0,00","","15,00","","97,10","","","","","",""
"2005-08-24 08:00","2005","08","24","08:00"," ","12,50","","8,40","","76,00","","0,00","","0,00","","15,00","","97,07","","","","","",""
"2005-08-24 09:00","2005","08","24","09:00"," ","12,90","","8,30","","74,00","","0,00","","0,00","","14,50","","97,07","","","","","",""
"2005-08-24 10:00","2005","08","24","10:00"," ","15,60","","8,70","","63,00","","6,00","","6,00","","15,00","","97,05","","","","","",""
"2005-08-24 11:00","2005","08","24","11:00"," ","16,20","","7,60","","57,00","","4,00","","6,00","","15,00","","97,01","","","","","",""
"2005-08-24 12:00","2005","08","24","12:00"," ","18,10","","8,20","","52,00","","10,00","","7,00","","15,00","","96,97","","","","","",""
"2005-08-24 13:00","2005","08","24","13:00"," ","18,50","","7,20","","48,00","","36,00","","7,00","","15,00","","96,94","","","","","",""
"2005-08-24 14:00","2005","08","24","14:00"," ","19,30","","6,30","","43,00","","1,00","","7,00","","15,00","","96,92","","","","","",""
"2005-08-24 15:00","2005","08","24","15:00"," ","19,80","","5,00","","38,00","","7,00","","9,00","","15,00","","96,88","","","","","",""
"2005-08-24 16:00","2005","08","24","16:00"," ","19,20","","4,50","","38,00","","3,00","","7,00","","15,00","","96,85","","","","","",""
"2005-08-24 17:00","2005","08","24","17:00"," ","19,10","","4,80","","39,00","","10,00","","7,00","","15,00","","96,83","","","","","",""
"2005-08-24 18:00","2005","08","24","18:00"," ","19,10","","5,70","","41,00","","6,00","","6,00","","15,00","","96,82","","","","","",""
"2005-08-24 19:00","2005","08","24","19:00"," ","17,40","","2,70","","37,00","","1,00","","6,00","","15,00","","96,83","","","","","",""
"2005-08-24 20:00","2005","08","24","20:00"," ","11,40","","4,60","","63,00","","36,00","","6,00","","15,00","","96,85","","","","","",""
"2005-08-24 21:00","2005","08","24","21:00"," ","10,20","","4,40","","67,00","","26,00","","4,00","","15,00","","96,85","","","","","",""
"2005-08-24 22:00","2005","08","24","22:00"," ","8,70","","2,20","","64,00","","30,00","","4,00","","15,00","","96,81","","","","","",""
"2005-08-24 23:00","2005","08","24","23:00"," ","7,60","","1,60","","66,00","","30,00","","6,00","","15,00","","96,79","","","","","",""
"2005-08-25 00:00","2005","08","25","00:00"," ","7,80","","2,20","","68,00","","29,00","","6,00","","15,00","","96,77","","","","","",""
"2005-08-25 01:00","2005","08","25","01:00"," ","7,10","","2,70","","74,00","","26,00","","4,00","","15,00","","96,75","","","","","",""
"2005-08-25 02:00","2005","08","25","02:00"," ","5,80","","1,20","","72,00","","0,00","","0,00","","15,00","","96,74","","","","","",""
"2005-08-25 03:00","2005","08","25","03:00"," ","5,40","","1,30","","75,00","","31,00","","4,00","","15,00","","96,72","","","","","",""
"2005-08-25 04:00","2005","08","25","04:00"," ","6,20","","2,70","","78,00","","25,00","","4,00","","15,00","","96,68","","","","","",""
"2005-08-25 05:00","2005","08","25","05:00"," ","6,80","","2,60","","75,00","","0,00","","0,00","","15,00","","96,68","","","","","",""
"2005-08-25 06:00","2005","08","25","06:00"," ","8,00","","5,50","","84,00","","28,00","","6,00","","15,00","","96,69","","","","","",""
"2005-08-25 07:00","2005","08","25","07:00"," ","10,80","","7,50","","80,00","","27,00","","9,00","","15,00","","96,65","","","","","",""
"2005-08-25 08:00","2005","08","25","08:00"," ","13,10","","7,60","","69,00","","27,00","","13,00","","15,00","","96,63","","","","","",""
"2005-08-25 09:00","2005","08","25","09:00"," ","16,10","","8,20","","59,00","","26,00","","9,00","","8,00","","96,59","","","","","",""
"2005-08-25 10:00","2005","08","25","10:00"," ","18,50","","7,80","","50,00","","28,00","","11,00","","8,00","","96,56","","","","","",""
"2005-08-25 11:00","2005","08","25","11:00"," ","20,00","","6,90","","43,00","","31,00","","15,00","","15,00","","96,48","","","","","",""
"2005-08-25 12:00","2005","08","25","12:00"," ","21,60","","6,30","","37,00","","31,00","","19,00","","15,00","","96,44","","","","","",""
"2005-08-25 13:00","2005","08","25","13:00"," ","22,10","","4,20","","31,00","","29,00","","17,00","","8,00","","96,40","","","","","",""
"2005-08-25 14:00","2005","08","25","14:00"," ","22,20","","6,10","","35,00","","30,00","","17,00","","15,00","","96,36","","","","","",""
"2005-08-25 15:00","2005","08","25","15:00"," ","22,50","","7,00","","37,00","","30,00","","17,00","","15,00","","96,33","","","","","",""
"2005-08-25 16:00","2005","08","25","16:00"," ","21,90","","6,20","","36,00","","30,00","","28,00","","15,00","","96,32","","","","","",""
"2005-08-25 17:00","2005","08","25","17:00"," ","21,80","","6,20","","36,00","","31,00","","19,00","","15,00","","96,28","","","","","",""
"2005-08-25 18:00","2005","08","25","18:00"," ","20,80","","6,10","","38,00","","31,00","","19,00","","15,00","","96,26","","","","","",""
"2005-08-25 19:00","2005","08","25","19:00"," ","18,20","","6,00","","45,00","","30,00","","9,00","","15,00","","96,26","","","","","",""
"2005-08-25 20:00","2005","08","25","20:00"," ","16,70","","6,50","","51,00","","31,00","","11,00","","15,00","","96,27","","","","","",""
"2005-08-25 21:00","2005","08","25","21:00"," ","15,70","","6,50","","54,00","","32,00","","11,00","","15,00","","96,27","","","","","",""
"2005-08-25 22:00","2005","08","25","22:00"," ","14,10","","7,70","","65,00","","33,00","","11,00","","15,00","","96,27","","","","","",""
"2005-08-25 23:00","2005","08","25","23:00"," ","14,60","","6,70","","59,00","","1,00","","9,00","","15,00","","96,27","","","","","",""
"2005-08-26 00:00","2005","08","26","00:00"," ","10,40","","6,30","","76,00","","4,00","","4,00","","15,00","","96,25","","","","","",""
"2005-08-26 01:00","2005","08","26","01:00"," ","9,50","","6,00","","79,00","","35,00","","4,00","","15,00","","96,26","","","","","",""
"2005-08-26 02:00","2005","08","26","02:00"," ","9,30","","5,50","","77,00","","0,00","","0,00","","15,00","","96,21","","","","","",""
"2005-08-26 03:00","2005","08","26","03:00"," ","10,00","","6,50","","79,00","","0,00","","0,00","","15,00","","96,18","","","","","",""
"2005-08-26 04:00","2005","08","26","04:00"," ","10,60","","7,40","","81,00","","0,00","","0,00","","15,00","","96,14","","","","","",""
"2005-08-26 05:00","2005","08","26","05:00"," ","10,70","","7,70","","82,00","","0,00","","0,00","","15,00","","96,15","","","","","",""
"2005-08-26 06:00","2005","08","26","06:00"," ","10,90","","8,20","","83,00","","24,00","","4,00","","15,00","","96,18","","","","","",""
"2005-08-26 07:00","2005","08","26","07:00"," ","12,80","","9,40","","80,00","","8,00","","4,00","","15,00","","96,19","","","","","",""
"2005-08-26 08:00","2005","08","26","08:00"," ","14,20","","9,80","","75,00","","5,00","","6,00","","15,00","","96,16","","","","","",""
"2005-08-26 09:00","2005","08","26","09:00"," ","14,60","","9,10","","70,00","","7,00","","9,00","","15,00","","96,16","","","","","",""
"2005-08-26 10:00","2005","08","26","10:00"," ","14,60","","9,60","","72,00","","36,00","","4,00","","15,00","","96,17","","","","","",""
"2005-08-26 11:00","2005","08","26","11:00"," ","13,90","","10,60","","80,00","","18,00","","7,00","","15,00","","96,17","","","","","","Pluie"
"2005-08-26 12:00","2005","08","26","12:00"," ","17,00","","11,70","","71,00","","19,00","","11,00","","15,00","","96,12","","","","","",""
"2005-08-26 13:00","2005","08","26","13:00"," ","17,60","","10,00","","61,00","","0,00","","0,00","","6,40","","96,13","","","","","",""
"2005-08-26 14:00","2005","08","26","14:00"," ","19,10","","10,50","","57,00","","36,00","","6,00","","15,00","","96,10","","","","","",""
"2005-08-26 15:00","2005","08","26","15:00"," ","18,80","","9,80","","56,00","","27,00","","4,00","","12,90","","96,08","","","","","",""
"2005-08-26 16:00","2005","08","26","16:00"," ","18,20","","9,60","","57,00","","4,00","","6,00","","15,00","","96,08","","","","","",""
"2005-08-26 17:00","2005","08","26","17:00"," ","18,20","","10,50","","61,00","","7,00","","4,00","","15,00","","96,11","","","","","",""
"2005-08-26 18:00","2005","08","26","18:00"," ","18,10","","9,20","","56,00","","11,00","","4,00","","15,00","","96,13","","","","","",""
"2005-08-26 19:00","2005","08","26","19:00"," ","16,70","","9,60","","63,00","","22,00","","4,00","","15,00","","96,15","","","","","",""
"2005-08-26 20:00","2005","08","26","20:00"," ","12,90","","8,30","","74,00","","0,00","","0,00","","15,00","","96,19","","","","","",""
"2005-08-26 21:00","2005","08","26","21:00"," ","11,10","","7,10","","76,00","","0,00","","0,00","","15,00","","96,20","","","","","",""
"2005-08-26 22:00","2005","08","26","22:00"," ","9,60","","6,40","","80,00","","5,00","","9,00","","15,00","","96,21","","","","","",""
"2005-08-26 23:00","2005","08","26","23:00"," ","11,70","","8,70","","82,00","","7,00","","6,00","","15,00","","96,23","","","","","",""
"2005-08-27 00:00","2005","08","27","00:00"," ","11,60","","8,00","","79,00","","8,00","","9,00","","11,30","","96,23","","","","","",""
"2005-08-27 01:00","2005","08","27","01:00"," ","10,30","","6,40","","77,00","","7,00","","7,00","","11,30","","96,24","","","","","",""
"2005-08-27 02:00","2005","08","27","02:00"," ","8,30","","4,70","","78,00","","0,00","","0,00","","11,30","","96,24","","","","","",""
"2005-08-27 03:00","2005","08","27","03:00"," ","9,20","","5,90","","80,00","","11,00","","6,00","","11,30","","96,22","","","","","",""
"2005-08-27 04:00","2005","08","27","04:00"," ","9,00","","5,70","","80,00","","12,00","","7,00","","11,30","","96,21","","","","","",""
"2005-08-27 05:00","2005","08","27","05:00"," ","7,20","","4,40","","82,00","","11,00","","4,00","","9,70","","96,21","","","","","",""
"2005-08-27 06:00","2005","08","27","06:00"," ","6,40","","4,20","","86,00","","14,00","","4,00","","9,70","","96,24","","","","","",""
"2005-08-27 07:00","2005","08","27","07:00"," ","9,00","","6,10","","82,00","","14,00","","4,00","","11,30","","96,23","","","","","",""
"2005-08-27 08:00","2005","08","27","08:00"," ","11,10","","7,90","","81,00","","13,00","","4,00","","12,90","","96,24","","","","","",""
"2005-08-27 09:00","2005","08","27","09:00"," ","13,90","","9,60","","75,00","","23,00","","6,00","","15,00","","96,24","","","","","",""
"2005-08-27 10:00","2005","08","27","10:00"," ","16,60","","10,80","","69,00","","23,00","","4,00","","15,00","","96,21","","","","","",""
"2005-08-27 11:00","2005","08","27","11:00"," ","19,10","","10,90","","59,00","","25,00","","6,00","","15,00","","96,17","","","","","",""
"2005-08-27 12:00","2005","08","27","12:00"," ","21,20","","10,70","","51,00","","27,00","","6,00","","15,00","","96,11","","","","","",""
"2005-08-27 13:00","2005","08","27","13:00"," ","21,80","","10,60","","49,00","","22,00","","11,00","","14,50","","96,06","","","","","",""
"2005-08-27 14:00","2005","08","27","14:00"," ","22,20","","9,50","","44,00","","27,00","","15,00","","15,00","","96,02","","","","","",""
"2005-08-27 15:00","2005","08","27","15:00"," ","23,10","","9,70","","43,00","","25,00","","13,00","","15,00","","95,96","","","","","",""
"2005-08-27 16:00","2005","08","27","16:00"," ","23,30","","9,70","","42,00","","24,00","","13,00","","15,00","","95,94","","","","","",""
"2005-08-27 17:00","2005","08","27","17:00"," ","23,00","","9,30","","42,00","","23,00","","11,00","","15,00","","95,90","","","","","",""
"2005-08-27 18:00","2005","08","27","18:00"," ","21,20","","9,80","","48,00","","24,00","","9,00","","15,00","","95,89","","","","","",""
"2005-08-27 19:00","2005","08","27","19:00"," ","20,40","","9,80","","51,00","","23,00","","4,00","","11,30","","95,87","","","","","",""
"2005-08-27 20:00","2005","08","27","20:00"," ","19,30","","10,10","","55,00","","23,00","","7,00","","15,00","","95,90","","","","","",""
"2005-08-27 21:00","2005","08","27","21:00"," ","19,90","","10,50","","55,00","","26,00","","9,00","","15,00","","95,89","","","","","",""
"2005-08-27 22:00","2005","08","27","22:00"," ","19,50","","10,50","","56,00","","24,00","","7,00","","15,00","","95,87","","","","","",""
"2005-08-27 23:00","2005","08","27","23:00"," ","19,40","","10,60","","57,00","","26,00","","9,00","","15,00","","95,86","","","","","",""
"2005-08-28 00:00","2005","08","28","00:00"," ","18,10","","10,80","","62,00","","26,00","","7,00","","15,00","","95,83","","","","","",""
"2005-08-28 01:00","2005","08","28","01:00"," ","16,90","","10,00","","64,00","","25,00","","6,00","","15,00","","95,82","","","","","",""
"2005-08-28 02:00","2005","08","28","02:00"," ","16,10","","9,40","","64,00","","25,00","","6,00","","15,00","","95,79","","","","","",""
"2005-08-28 03:00","2005","08","28","03:00"," ","15,00","","9,50","","70,00","","24,00","","9,00","","15,00","","95,80","","","","","",""
"2005-08-28 04:00","2005","08","28","04:00"," ","14,90","","9,60","","71,00","","25,00","","7,00","","15,00","","95,79","","","","","",""
"2005-08-28 05:00","2005","08","28","05:00"," ","14,20","","9,30","","72,00","","25,00","","9,00","","15,00","","95,76","","","","","",""
"2005-08-28 06:00","2005","08","28","06:00"," ","14,00","","8,80","","71,00","","0,00","","0,00","","15,00","","95,79","","","","","",""
"2005-08-28 07:00","2005","08","28","07:00"," ","15,60","","9,40","","67,00","","27,00","","6,00","","15,00","","95,83","","","","","",""
"2005-08-28 08:00","2005","08","28","08:00"," ","17,90","","10,30","","61,00","","26,00","","6,00","","15,00","","95,85","","","","","",""
"2005-08-28 09:00","2005","08","28","09:00"," ","20,20","","10,70","","54,00","","25,00","","11,00","","15,00","","95,87","","","","","",""
"2005-08-28 10:00","2005","08","28","10:00"," ","21,60","","10,40","","49,00","","28,00","","15,00","","15,00","","95,90","","","","","",""
"2005-08-28 11:00","2005","08","28","11:00"," ","22,10","","10,50","","48,00","","33,00","","20,00","","15,00","","95,90","","","","","",""
"2005-08-28 12:00","2005","08","28","12:00"," ","22,40","","10,50","","47,00","","32,00","","17,00","","15,00","","95,92","","","","","",""
"2005-08-28 13:00","2005","08","28","13:00"," ","21,60","","12,10","","55,00","","36,00","","15,00","","15,00","","95,96","","","","","",""
"2005-08-28 14:00","2005","08","28","14:00"," ","19,80","","10,70","","56,00","","3,00","","20,00","","15,00","","95,98","","","","","",""
"2005-08-28 15:00","2005","08","28","15:00"," ","18,00","","9,50","","58,00","","4,00","","19,00","","15,00","","96,02","","","","","",""
"2005-08-28 16:00","2005","08","28","16:00"," ","18,10","","8,70","","54,00","","5,00","","19,00","","15,00","","96,07","","","","","",""
"2005-08-28 17:00","2005","08","28","17:00"," ","16,30","","7,80","","57,00","","3,00","","22,00","","15,00","","96,12","","","","","",""
"2005-08-28 18:00","2005","08","28","18:00"," ","15,60","","7,80","","60,00","","3,00","","13,00","","15,00","","96,17","","","","","",""
"2005-08-28 19:00","2005","08","28","19:00"," ","15,20","","5,20","","51,00","","5,00","","7,00","","15,00","","96,27","","","","","",""
"2005-08-28 20:00","2005","08","28","20:00"," ","14,50","","4,80","","52,00","","6,00","","11,00","","15,00","","96,34","","","","","",""
"2005-08-28 21:00","2005","08","28","21:00"," ","13,90","","5,10","","55,00","","6,00","","11,00","","15,00","","96,37","","","","","",""
"2005-08-28 22:00","2005","08","28","22:00"," ","13,80","","5,90","","59,00","","9,00","","7,00","","15,00","","96,41","","","","","",""
"2005-08-28 23:00","2005","08","28","23:00"," ","13,40","","4,90","","56,00","","9,00","","13,00","","15,00","","96,47","","","","","",""
"2005-08-29 00:00","2005","08","29","00:00"," ","11,90","","5,20","","63,00","","9,00","","19,00","","15,00","","96,56","","","","","",""
"2005-08-29 01:00","2005","08","29","01:00"," ","10,70","","5,40","","70,00","","9,00","","20,00","","15,00","","96,62","","","","","",""
"2005-08-29 02:00","2005","08","29","02:00"," ","10,40","","5,30","","71,00","","11,00","","19,00","","15,00","","96,67","","","","","",""
"2005-08-29 03:00","2005","08","29","03:00"," ","9,70","","5,30","","74,00","","9,00","","20,00","","15,00","","96,74","","","","","",""
"2005-08-29 04:00","2005","08","29","04:00"," ","8,50","","4,20","","74,00","","10,00","","20,00","","15,00","","96,81","","","","","",""
"2005-08-29 05:00","2005","08","29","05:00"," ","8,20","","3,30","","71,00","","10,00","","19,00","","15,00","","96,85","","","","","",""
"2005-08-29 06:00","2005","08","29","06:00"," ","7,80","","3,10","","72,00","","10,00","","17,00","","15,00","","96,88","","","","","",""
"2005-08-29 07:00","2005","08","29","07:00"," ","8,10","","2,70","","69,00","","10,00","","17,00","","15,00","","96,91","","","","","",""
"2005-08-29 08:00","2005","08","29","08:00"," ","8,50","","2,30","","65,00","","13,00","","19,00","","8,00","","96,96","","","","","",""
"2005-08-29 09:00","2005","08","29","09:00"," ","10,00","","2,20","","58,00","","9,00","","20,00","","11,30","","96,98","","","","","",""
"2005-08-29 10:00","2005","08","29","10:00"," ","10,70","","1,50","","53,00","","11,00","","20,00","","8,00","","96,97","","","","","",""
"2005-08-29 11:00","2005","08","29","11:00"," ","11,50","","1,70","","51,00","","10,00","","22,00","","15,00","","96,94","","","","","",""
"2005-08-29 12:00","2005","08","29","12:00"," ","12,80","","2,90","","51,00","","11,00","","15,00","","11,30","","96,90","","","","","",""
"2005-08-29 13:00","2005","08","29","13:00"," ","13,30","","3,50","","51,00","","12,00","","24,00","","11,30","","96,86","","","","","",""
"2005-08-29 14:00","2005","08","29","14:00"," ","13,20","","4,00","","54,00","","11,00","","17,00","","4,80","","96,85","","","","","",""
"2005-08-29 15:00","2005","08","29","15:00"," ","11,10","","5,60","","69,00","","12,00","","13,00","","4,80","","96,87","","","","","","Pluie"
"2005-08-29 16:00","2005","08","29","16:00"," ","10,80","","6,30","","74,00","","10,00","","13,00","","15,00","","96,85","","","","","","Pluie"
"2005-08-29 17:00","2005","08","29","17:00"," ","11,50","","6,60","","72,00","","11,00","","13,00","","15,00","","96,81","","","","","",""
"2005-08-29 18:00","2005","08","29","18:00"," ","11,10","","6,10","","71,00","","10,00","","9,00","","15,00","","96,78","","","","","",""
"2005-08-29 19:00","2005","08","29","19:00"," ","11,10","","6,00","","71,00","","10,00","","9,00","","15,00","","96,80","","","","","",""
"2005-08-29 20:00","2005","08","29","20:00"," ","10,90","","5,70","","70,00","","10,00","","13,00","","15,00","","96,79","","","","","",""
"2005-08-29 21:00","2005","08","29","21:00"," ","11,10","","5,80","","70,00","","10,00","","7,00","","15,00","","96,80","","","","","",""
"2005-08-29 22:00","2005","08","29","22:00"," ","11,10","","6,10","","71,00","","12,00","","11,00","","15,00","","96,75","","","","","",""
"2005-08-29 23:00","2005","08","29","23:00"," ","11,20","","6,60","","73,00","","12,00","","7,00","","15,00","","96,71","","","","","",""
"2005-08-30 00:00","2005","08","30","00:00"," ","11,90","","7,20","","73,00","","11,00","","9,00","","15,00","","96,71","","","","","",""
"2005-08-30 01:00","2005","08","30","01:00"," ","11,80","","7,60","","75,00","","12,00","","9,00","","15,00","","96,71","","","","","",""
"2005-08-30 02:00","2005","08","30","02:00"," ","11,40","","8,20","","81,00","","12,00","","7,00","","8,00","","96,72","","","","","",""
"2005-08-30 03:00","2005","08","30","03:00"," ","11,60","","8,40","","81,00","","14,00","","9,00","","15,00","","96,68","","","","","",""
"2005-08-30 04:00","2005","08","30","04:00"," ","11,80","","8,40","","80,00","","11,00","","7,00","","15,00","","96,67","","","","","",""
"2005-08-30 05:00","2005","08","30","05:00"," ","12,00","","8,90","","81,00","","7,00","","6,00","","15,00","","96,64","","","","","",""
"2005-08-30 06:00","2005","08","30","06:00"," ","12,10","","9,20","","82,00","","12,00","","9,00","","9,70","","96,68","","","","","",""
"2005-08-30 07:00","2005","08","30","07:00"," ","12,10","","9,60","","85,00","","10,00","","7,00","","5,60","","96,69","","","","","",""
"2005-08-30 08:00","2005","08","30","08:00"," ","12,60","","10,00","","84,00","","12,00","","7,00","","6,40","","96,73","","","","","",""
"2005-08-30 09:00","2005","08","30","09:00"," ","13,60","","10,90","","84,00","","10,00","","6,00","","5,60","","96,71","","","","","",""
"2005-08-30 10:00","2005","08","30","10:00"," ","14,60","","11,20","","80,00","","8,00","","7,00","","12,90","","96,68","","","","","",""
"2005-08-30 11:00","2005","08","30","11:00"," ","16,30","","11,80","","75,00","","5,00","","7,00","","15,00","","96,67","","","","","",""
"2005-08-30 12:00","2005","08","30","12:00"," ","16,80","","12,10","","74,00","","12,00","","6,00","","11,30","","96,64","","","","","",""
"2005-08-30 13:00","2005","08","30","13:00"," ","17,20","","12,00","","71,00","","6,00","","11,00","","15,00","","96,60","","","","","",""
"2005-08-30 14:00","2005","08","30","14:00"," ","17,70","","12,40","","71,00","","8,00","","7,00","","15,00","","96,59","","","","","",""
"2005-08-30 15:00","2005","08","30","15:00"," ","17,90","","12,40","","70,00","","7,00","","7,00","","15,00","","96,58","","","","","",""
"2005-08-30 16:00","2005","08","30","16:00"," ","18,50","","12,50","","68,00","","8,00","","6,00","","15,00","","96,57","","","","","",""
"2005-08-30 17:00","2005","08","30","17:00"," ","17,80","","12,30","","70,00","","4,00","","6,00","","15,00","","96,55","","","","","",""
"2005-08-30 18:00","2005","08","30","18:00"," ","17,00","","12,20","","73,00","","3,00","","6,00","","15,00","","96,55","","","","","",""
"2005-08-30 19:00","2005","08","30","19:00"," ","15,50","","11,50","","77,00","","5,00","","6,00","","15,00","","96,56","","","","","",""
"2005-08-30 20:00","2005","08","30","20:00"," ","14,20","","11,00","","81,00","","5,00","","7,00","","15,00","","96,58","","","","","",""
"2005-08-30 21:00","2005","08","30","21:00"," ","13,70","","10,70","","82,00","","6,00","","9,00","","15,00","","96,58","","","","","",""
"2005-08-30 22:00","2005","08","30","22:00"," ","12,50","","9,10","","80,00","","0,00","","0,00","","15,00","","96,58","","","","","",""
"2005-08-30 23:00","2005","08","30","23:00"," ","12,60","","10,10","","85,00","","4,00","","6,00","","15,00","","96,56","","","","","",""
"2005-08-31 00:00","2005","08","31","00:00"," ","11,90","","9,30","","84,00","","4,00","","6,00","","15,00","","96,54","","","","","",""
"2005-08-31 01:00","2005","08","31","01:00"," ","11,70","","9,10","","84,00","","5,00","","6,00","","12,90","","96,54","","","","","",""
"2005-08-31 02:00","2005","08","31","02:00"," ","12,30","","10,00","","86,00","","6,00","","7,00","","11,30","","96,55","","","","","",""
"2005-08-31 03:00","2005","08","31","03:00"," ","11,60","","9,20","","85,00","","4,00","","6,00","","14,50","","96,53","","","","","",""
"2005-08-31 04:00","2005","08","31","04:00"," ","12,90","","10,40","","85,00","","5,00","","9,00","","15,00","","96,53","","","","","",""
"2005-08-31 05:00","2005","08","31","05:00"," ","11,70","","9,30","","85,00","","31,00","","4,00","","4,80","","96,52","","","","","",""
"2005-08-31 06:00","2005","08","31","06:00"," ","11,40","","8,90","","85,00","","7,00","","4,00","","2,10","","96,56","","","","","",""
"2005-08-31 07:00","2005","08","31","07:00"," ","12,10","","9,90","","86,00","","0,00","","0,00","","11,30","","96,57","","","","","",""
"2005-08-31 08:00","2005","08","31","08:00"," ","15,20","","11,50","","79,00","","6,00","","6,00","","15,00","","96,57","","","","","",""
"2005-08-31 09:00","2005","08","31","09:00"," ","16,30","","11,90","","75,00","","0,00","","0,00","","15,00","","96,59","","","","","",""
"2005-08-31 10:00","2005","08","31","10:00"," ","17,40","","11,30","","67,00","","11,00","","4,00","","15,00","","96,55","","","","","",""
"2005-08-31 11:00","2005","08","31","11:00"," ","17,40","","11,50","","68,00","","9,00","","6,00","","15,00","","96,54","","","","","",""
"2005-08-31 12:00","2005","08","31","12:00"," ","18,90","","11,60","","63,00","","2,00","","4,00","","15,00","","96,49","","","","","",""
"2005-08-31 13:00","2005","08","31","13:00"," ","19,40","","11,40","","60,00","","3,00","","9,00","","15,00","","96,45","","","","","",""
"2005-08-31 14:00","2005","08","31","14:00"," ","20,50","","11,10","","55,00","","6,00","","6,00","","15,00","","96,41","","","","","",""
"2005-08-31 15:00","2005","08","31","15:00"," ","","","","","","","","","","","","","","","","","","",""
"2005-08-31 16:00","2005","08","31","16:00"," ","","","","","","","","","","","","","","","","","","",""
"2005-08-31 17:00","2005","08","31","17:00"," ","","","","","","","","","","","","","","","","","","",""
"2005-08-31 18:00","2005","08","31","18:00"," ","20,90","","11,70","","56,00","","4,00","","6,00","","15,00","","96,24","","","","","",""
"2005-08-31 19:00","2005","08","31","19:00"," ","18,50","","11,90","","65,00","","6,00","","9,00","","15,00","","96,25","","","","","",""
"2005-08-31 20:00","2005","08","31","20:00"," ","16,90","","11,70","","71,00","","6,00","","9,00","","15,00","","96,24","","","","","",""
"2005-08-31 21:00","2005","08","31","21:00"," ","15,90","","11,70","","76,00","","4,00","","9,00","","15,00","","96,22","","","","","",""
"2005-08-31 22:00","2005","08","31","22:00"," ","16,20","","11,60","","74,00","","6,00","","13,00","","15,00","","96,19","","","","","",""
"2005-08-31 23:00","2005","08","31","23:00"," ","16,40","","10,90","","70,00","","9,00","","11,00","","15,00","","96,14","","","","","",""
